#0001-d210 @A: 34 22 35 14 | 04
#0002-d210 @A: 31 34 24 20 | 10
#0003-d210 @A: 20 04 33 34 | 08
#0004-d210 @A: 16 35 24 34 | 02
#0005-d210 @A: 27 34 03 02 | 09
#0006-d210 @A: 34 23 10 26 | 06
#0007-d210 @A: 34 10 07 11 | 11
#0008-d210 @A: 34 13 07 04 | 03
#0009-d210 @A: 07 30 14 34 | 12
#0010-d210 @A: 34 02 33 18 | 01
#0011-d210 @A: 34 16 10 33 | 07
#0012-d210 @A: 18 32 34 25 | 05
#0013-d210 @A: 14 28 34 18 | 04
#0014-d210 @A: 19 31 34 10 | 10
#0015-d210 @A: 34 21 16 12 | 08
#0016-d210 @A: 15 34 05 04 | 02
#0017-d210 @A: 34 16 08 14 | 09
#0018-d210 @A: 30 34 16 26 | 06
#0019-d210 @A: 24 01 09 22 | 11
#0020-d210 @A: 16 17 10 22 | 03
#0021-d210 @A: 35 22 06 08 | 12
#0022-d210 @A: 01 29 22 32 | 01
#0023-d210 @A: 14 11 06 22 | 07
#0024-d210 @A: 06 22 21 28 | 05
#0025-d210 @A: 30 28 22 12 | 04
#0026-d210 @A: 30 22 31 04 | 10
#0027-d210 @A: 22 09 25 31 | 08
#0028-d210 @A: 22 26 31 05 | 02
#0029-d210 @A: 28 22 15 04 | 09
#0030-d210 @A: 16 15 22 21 | 06
#0031-d210 @A: 20 24 23 13 | 11
#0032-d210 @A: 33 20 02 24 | 03
#0033-d210 @A: 21 24 20 18 | 12
#0034-d210 @A: 09 17 20 33 | 01
#0035-d210 @A: 11 20 12 17 | 07
#0036-d210 @A: 23 06 19 20 | 05
#0037-d210 @A: 23 25 11 20 | 04
#0038-d210 @A: 10 20 33 12 | 10
#0039-d210 @A: 10 25 18 20 | 08
#0040-d210 @A: 12 19 14 20 | 02
#0041-d210 @A: 05 20 32 10 | 09
#0042-d210 @A: 20 11 15 32 | 06
#0043-d210 @A: 20 06 01 14 | 11
#0044-d210 @A: 30 16 29 20 | 03
#0045-d210 @A: 30 20 25 08 | 12
#0046-d210 @A: 24 03 18 12 | 01
#0047-d210 @A: 24 17 02 28 | 07
#0048-d210 @A: 33 24 27 09 | 05
#0049-d210 @A: 27 19 24 21 | 04
#0050-d210 @A: 08 27 24 02 | 10
#0051-d210 @A: 11 14 24 27 | 08
#0052-d210 @A: 04 18 23 24 | 02
#0053-d210 @A: 24 35 07 18 | 09
#0054-d210 @A: 10 01 24 05 | 06
#0055-d210 @A: 24 31 25 28 | 11
#0056-d210 @A: 13 29 30 24 | 03
#0057-d210 @A: 15 13 26 24 | 12
#0058-d210 @A: 23 03 08 27 | 01
#0059-d210 @A: 01 08 27 03 | 07
#0060-d210 @A: 03 23 14 10 | 05
#0061-d210 @A: 01 33 32 03 | 04
#0062-d210 @A: 05 03 25 33 | 10
#0063-d210 @A: 06 18 21 03 | 08
#0064-d210 @A: 11 03 21 19 | 02
#0065-d210 @A: 26 09 03 32 | 09
#0066-d210 @A: 03 32 15 05 | 06
#0067-d210 @A: 14 03 11 04 | 11
#0068-d210 @A: 33 17 16 27 | 03
#0069-d210 @A: 11 02 17 30 | 12
#0070-d210 @A: 01 13 17 02 | 01
#0071-d210 @A: 04 06 17 28 | 07
#0072-d210 @A: 30 14 17 12 | 05
#0073-d210 @A: 31 04 25 17 | 04
#0074-d210 @A: 17 31 08 26 | 10
#0075-d210 @A: 08 17 04 14 | 08
#0076-d210 @A: 17 14 09 13 | 02
#0077-d210 @A: 17 08 21 13 | 09
#0078-d210 @A: 33 23 21 27 | 06
#0079-d210 @A: 23 27 02 16 | 11
#0080-d210 @A: 23 12 27 04 | 03
#0081-d210 @A: 07 29 27 13 | 12
#0082-d210 @A: 27 31 10 08 | 01
#0083-d210 @A: 21 08 29 27 | 07
#0084-d210 @A: 16 27 01 14 | 05
#0085-d210 @A: 33 23 25 07 | 04
#0086-d210 @A: 23 35 30 07 | 10
#0087-d210 @A: 07 23 32 12 | 08
#0088-d210 @A: 31 18 11 23 | 02
#0089-d210 @A: 02 23 05 28 | 09
#0090-d210 @A: 31 08 23 30 | 06
#0091-d210 @A: 26 23 05 30 | 11
#0092-d210 @A: 07 31 11 33 | 03
#0093-d210 @A: 07 05 21 35 | 12
#0094-d210 @A: 06 07 12 10 | 01
#0095-d210 @A: 11 07 15 25 | 07
#0096-d210 @A: 21 16 25 07 | 05
#0097-d210 @A: 06 18 33 09 | 04
#0098-d210 @A: 35 25 33 19 | 10
#0099-d210 @A: 33 21 35 09 | 08
#0100-d210 @A: 33 30 32 02 | 02
#0101-d210 @A: 32 10 08 33 | 09
#0102-d210 @A: 33 13 01 06 | 06
#0103-d210 @A: 21 12 08 33 | 11
#0104-d210 @A: 25 14 31 33 | 03
#0105-d210 @A: 18 35 06 15 | 12
#0106-d210 @A: 11 18 32 12 | 01
#0107-d210 @A: 09 02 11 18 | 07
#0108-d210 @A: 29 18 30 09 | 05
#0109-d210 @A: 29 13 15 18 | 04
#0110-d210 @A: 18 13 21 25 | 10
#0111-d210 @A: 11 05 19 35 | 08
#0112-d210 @A: 10 12 02 19 | 02
#0113-d210 @A: 06 19 29 11 | 09
#0114-d210 @A: 04 15 30 19 | 06
#0115-d210 @A: 16 14 15 19 | 11
#0116-d210 @A: 29 32 09 35 | 03
#0117-d210 @A: 35 16 04 13 | 12
#0118-d210 @A: 21 12 09 32 | 01
#0119-d210 @A: 32 21 31 15 | 07
#0120-d210 @A: 32 04 28 26 | 05
#0121-d210 @A: 14 32 26 05 | 04
#0122-d210 @A: 12 02 21 25 | 10
#0123-d210 @A: 29 04 28 02 | 08
#0124-d210 @A: 25 13 26 02 | 02
#0125-d210 @A: 05 26 10 06 | 09
#0126-d210 @A: 15 26 06 08 | 06
#0127-d210 @A: 25 11 12 10 | 11
#0128-d210 @A: 10 01 26 15 | 03
#0129-d210 @A: 10 14 26 21 | 12
#0130-d210 @A: 11 04 09 16 | 01
#0131-d210 @A: 16 31 01 26 | 07
#0132-d210 @A: 01 29 13 25 | 05
#0133-d210 @A: 14 15 04 01 | 04
#0134-d210 @A: 09 13 01 30 | 10
#0135-d210 @A: 16 22 34 03 | 08
#0136-d210 @A: 06 20 34 09 | 02
#0137-d210 @A: 34 15 20 13 | 09
#0138-d210 @A: 34 26 03 24 | 06
#0139-d210 @A: 34 28 23 24 | 11
#0140-d210 @A: 33 24 34 05 | 03
#0141-d210 @A: 24 06 14 34 | 12
#0142-d210 @A: 24 25 34 01 | 01
#0143-d210 @A: 21 34 03 23 | 07
#0144-d210 @A: 17 27 34 06 | 05
#0145-d210 @A: 17 31 34 33 | 04
#0146-d210 @A: 34 09 17 18 | 10
#0147-d210 @A: 27 11 34 16 | 08
#0148-d210 @A: 09 10 34 35 | 02
#0149-d210 @A: 10 04 34 02 | 09
#0150-d210 @A: 12 29 34 28 | 06
#0151-d210 @A: 34 28 30 31 | 11
#0152-d210 @A: 31 15 08 34 | 03
#0153-d210 @A: 05 34 26 01 | 12
#0154-d210 @A: 20 22 07 28 | 01
#0155-d210 @A: 24 22 25 13 | 07
#0156-d210 @A: 09 22 27 03 | 05
#0157-d210 @A: 27 22 23 15 | 04
#0158-d210 @A: 07 19 27 22 | 10
#0159-d210 @A: 22 25 27 04 | 08
#0160-d210 @A: 35 22 23 16 | 02
#0161-d210 @A: 02 07 13 22 | 09
#0162-d210 @A: 22 07 25 06 | 06
#0163-d210 @A: 07 16 05 22 | 11
#0164-d210 @A: 30 18 22 33 | 03
#0165-d210 @A: 28 22 33 19 | 12
#0166-d210 @A: 35 21 25 22 | 01
#0167-d210 @A: 02 01 22 21 | 07
#0168-d210 @A: 10 06 22 04 | 05
#0169-d210 @A: 13 12 09 22 | 04
#0170-d210 @A: 08 04 29 22 | 10
#0171-d210 @A: 16 08 22 25 | 08
#0172-d210 @A: 24 19 25 20 | 02
#0173-d210 @A: 20 29 24 28 | 09
#0174-d210 @A: 20 14 17 03 | 06
#0175-d210 @A: 23 03 20 04 | 11
#0176-d210 @A: 15 20 03 19 | 03
#0177-d210 @A: 08 20 03 13 | 12
#0178-d210 @A: 12 06 27 20 | 01
#0179-d210 @A: 31 20 26 23 | 07
#0180-d210 @A: 29 18 33 20 | 05
#0181-d210 @A: 18 13 20 11 | 04
#0182-d210 @A: 01 20 12 18 | 10
#0183-d210 @A: 19 13 20 10 | 08
#0184-d210 @A: 20 19 09 11 | 02
#0185-d210 @A: 20 29 06 32 | 09
#0186-d210 @A: 01 11 20 32 | 06
#0187-d210 @A: 29 12 20 15 | 11
#0188-d210 @A: 15 20 01 09 | 03
#0189-d210 @A: 20 08 21 15 | 12
#0190-d210 @A: 25 20 26 01 | 01
#0191-d210 @A: 03 29 02 24 | 07
#0192-d210 @A: 25 03 24 10 | 05
#0193-d210 @A: 31 17 19 24 | 04
#0194-d210 @A: 04 01 24 17 | 10
#0195-d210 @A: 02 24 21 23 | 08
#0196-d210 @A: 12 24 07 33 | 02
#0197-d210 @A: 33 18 08 24 | 09
#0198-d210 @A: 18 24 30 11 | 06
#0199-d210 @A: 19 16 24 11 | 11
#0200-d210 @A: 24 32 13 05 | 03
#0201-d210 @A: 31 11 02 24 | 12
#0202-d210 @A: 24 06 10 16 | 01
#0203-d210 @A: 06 24 08 30 | 07
#0204-d210 @A: 12 24 31 21 | 05
#0205-d210 @A: 31 24 29 15 | 04
#0206-d210 @A: 29 01 24 31 | 10
#0207-d210 @A: 02 03 17 19 | 08
#0208-d210 @A: 03 11 30 23 | 02
#0209-d210 @A: 13 03 07 33 | 09
#0210-d210 @A: 03 18 19 25 | 06
#0211-d210 @A: 35 13 19 03 | 11
#0212-d210 @A: 08 03 06 10 | 03
#0213-d210 @A: 01 03 12 06 | 12
#0214-d210 @A: 14 28 12 03 | 01
#0215-d210 @A: 03 15 04 31 | 07
#0216-d210 @A: 31 03 09 21 | 05
#0217-d210 @A: 28 21 29 03 | 04
#0218-d210 @A: 17 32 23 09 | 10
#0219-d210 @A: 17 32 07 15 | 08
#0220-d210 @A: 11 17 07 29 | 02
#0221-d210 @A: 01 17 29 18 | 09
#0222-d210 @A: 15 21 17 35 | 06
#0223-d210 @A: 17 10 32 29 | 11
#0224-d210 @A: 11 26 17 32 | 03
#0225-d210 @A: 17 29 28 05 | 12
#0226-d210 @A: 16 17 04 15 | 01
#0227-d210 @A: 35 23 09 27 | 07
#0228-d210 @A: 13 23 27 06 | 05
#0229-d210 @A: 25 10 27 23 | 04
#0230-d210 @A: 07 14 21 27 | 10
#0231-d210 @A: 19 06 08 27 | 08
#0232-d210 @A: 35 10 27 21 | 02
#0233-d210 @A: 02 28 32 27 | 09
#0234-d210 @A: 27 11 26 06 | 06
#0235-d210 @A: 09 27 04 14 | 11
#0236-d210 @A: 13 19 23 07 | 03
#0237-d210 @A: 02 25 18 23 | 12
#0238-d210 @A: 19 12 16 23 | 01
#0239-d210 @A: 32 05 06 23 | 07
#0240-d210 @A: 23 15 11 06 | 05
#0241-d210 @A: 31 13 23 12 | 04
#0242-d210 @A: 23 13 29 04 | 10
#0243-d210 @A: 23 13 09 05 | 08
#0244-d210 @A: 16 30 23 25 | 02
#0245-d210 @A: 29 10 07 33 | 09
#0246-d210 @A: 33 26 07 01 | 06
#0247-d210 @A: 01 19 06 07 | 11
#0248-d210 @A: 09 07 25 10 | 03
#0249-d210 @A: 30 07 08 28 | 12
#0250-d210 @A: 18 10 21 33 | 01
#0251-d210 @A: 18 12 33 14 | 07
#0252-d210 @A: 26 02 12 33 | 05
#0253-d210 @A: 28 33 09 14 | 04
#0254-d210 @A: 09 26 33 29 | 10
#0255-d210 @A: 33 15 13 09 | 08
#0256-d210 @A: 13 14 33 21 | 02
#0257-d210 @A: 31 12 26 18 | 09
#0258-d210 @A: 18 05 31 29 | 06
#0259-d210 @A: 35 15 19 32 | 11
#0260-d210 @A: 02 13 19 32 | 03
#0261-d210 @A: 19 09 10 32 | 12
#0262-d210 @A: 19 29 32 12 | 01
#0263-d210 @A: 19 28 02 11 | 07
#0264-d210 @A: 04 19 16 06 | 05
#0265-d210 @A: 10 01 19 28 | 04
#0266-d210 @A: 09 14 29 19 | 10
#0267-d210 @A: 19 26 05 08 | 08
#0268-d210 @A: 16 35 10 02 | 02
#0269-d210 @A: 16 14 35 11 | 09
#0270-d210 @A: 35 04 25 28 | 06
#0271-d210 @A: 02 32 21 16 | 11
#0272-d210 @A: 09 32 31 28 | 03
#0273-d210 @A: 30 04 32 21 | 12
#0274-d210 @A: 13 16 30 32 | 01
#0275-d210 @A: 08 06 11 02 | 07
#0276-d210 @A: 12 05 02 13 | 05
#0277-d210 @A: 28 26 09 02 | 04
#0278-d210 @A: 29 30 02 08 | 10
#0279-d210 @A: 04 02 08 25 | 08
#0280-d210 @A: 31 05 06 08 | 02
#0281-d210 @A: 09 28 06 29 | 09
#0282-d210 @A: 30 14 31 10 | 06
#0283-d210 @A: 08 25 14 10 | 11
#0284-d210 @A: 25 05 13 10 | 03
#0285-d210 @A: 30 15 10 05 | 12
#0286-d210 @A: 28 11 12 09 | 01
#0287-d210 @A: 05 31 11 28 | 07
#0288-d210 @A: 08 14 11 29 | 05
#0289-d210 @A: 25 11 29 05 | 04
#0290-d210 @A: 05 29 01 11 | 10
#0291-d210 @A: 11 34 30 22 | 08
#0292-d210 @A: 34 03 14 33 | 02
#0293-d210 @A: 01 35 34 03 | 09
#0294-d210 @A: 17 34 05 11 | 06
#0295-d210 @A: 27 34 33 26 | 11
#0296-d210 @A: 07 32 34 28 | 03
#0297-d210 @A: 35 34 33 28 | 12
#0298-d210 @A: 35 11 34 21 | 01
#0299-d210 @A: 16 04 31 34 | 07
#0300-d210 @A: 15 09 34 25 | 05
#0301-d210 @A: 08 30 34 05 | 04
#0302-d210 @A: 24 17 35 22 | 10
#0303-d210 @A: 24 07 22 29 | 08
#0304-d210 @A: 24 33 22 31 | 02
#0305-d210 @A: 30 09 24 22 | 09
#0306-d210 @A: 03 04 22 18 | 06
#0307-d210 @A: 22 29 10 27 | 11
#0308-d210 @A: 18 21 22 23 | 03
#0309-d210 @A: 28 18 01 22 | 12
#0310-d210 @A: 09 22 14 18 | 01
#0311-d210 @A: 19 26 02 22 | 07
#0312-d210 @A: 22 19 31 15 | 05
#0313-d210 @A: 35 22 01 13 | 04
#0314-d210 @A: 11 22 02 04 | 10
#0315-d210 @A: 29 22 13 06 | 08
#0316-d210 @A: 22 08 31 11 | 02
#0317-d210 @A: 29 31 22 28 | 09
#0318-d210 @A: 31 21 22 13 | 06
#0319-d210 @A: 22 08 30 13 | 11
#0320-d210 @A: 14 30 25 22 | 03
#0321-d210 @A: 32 20 03 24 | 12
#0322-d210 @A: 35 28 20 23 | 01
#0323-d210 @A: 20 07 30 06 | 07
#0324-d210 @A: 18 08 20 19 | 05
#0325-d210 @A: 32 35 20 16 | 04
#0326-d210 @A: 35 20 26 12 | 10
#0327-d210 @A: 04 01 20 35 | 08
#0328-d210 @A: 20 06 10 14 | 02
#0329-d210 @A: 31 14 20 08 | 09
#0330-d210 @A: 04 20 29 21 | 06
#0331-d210 @A: 30 20 21 09 | 11
#0332-d210 @A: 09 17 24 03 | 03
#0333-d210 @A: 07 24 05 17 | 12
#0334-d210 @A: 19 07 24 09 | 01
#0335-d210 @A: 07 25 24 32 | 07
#0336-d210 @A: 24 02 07 04 | 05
#0337-d210 @A: 24 13 11 07 | 04
#0338-d210 @A: 16 08 24 07 | 10
#0339-d210 @A: 24 32 33 29 | 08
#0340-d210 @A: 24 04 10 33 | 02
#0341-d210 @A: 24 29 19 01 | 09
#0342-d210 @A: 06 15 02 24 | 06
#0343-d210 @A: 11 24 06 25 | 11
#0344-d210 @A: 29 18 17 03 | 03
#0345-d210 @A: 03 27 35 29 | 12
#0346-d210 @A: 03 23 02 35 | 01
#0347-d210 @A: 01 16 03 07 | 07
#0348-d210 @A: 03 09 28 19 | 05
#0349-d210 @A: 13 06 11 03 | 04
#0350-d210 @A: 13 28 03 30 | 10
#0351-d210 @A: 29 03 14 30 | 08
#0352-d210 @A: 30 03 08 15 | 02
#0353-d210 @A: 21 26 03 05 | 09
#0354-d210 @A: 31 17 23 27 | 06
#0355-d210 @A: 23 17 12 10 | 11
#0356-d210 @A: 32 17 33 13 | 03
#0357-d210 @A: 17 05 10 18 | 12
#0358-d210 @A: 17 19 30 10 | 01
#0359-d210 @A: 06 16 35 17 | 07
#0360-d210 @A: 25 17 02 32 | 05
#0361-d210 @A: 17 16 09 21 | 04
#0362-d210 @A: 13 33 27 18 | 10
#0363-d210 @A: 27 30 10 01 | 08
#0364-d210 @A: 27 26 31 09 | 02
#0365-d210 @A: 04 27 05 28 | 09
#0366-d210 @A: 27 25 09 05 | 06
#0367-d210 @A: 14 08 13 27 | 11
#0368-d210 @A: 25 15 08 27 | 03
#0369-d210 @A: 05 27 26 15 | 12
#0370-d210 @A: 33 35 23 32 | 01
#0371-d210 @A: 13 02 33 23 | 07
#0372-d210 @A: 23 26 16 33 | 05
#0373-d210 @A: 23 05 18 35 | 04
#0374-d210 @A: 23 15 02 19 | 10
#0375-d210 @A: 35 15 12 23 | 08
#0376-d210 @A: 32 18 33 07 | 02
#0377-d210 @A: 33 06 07 26 | 09
#0378-d210 @A: 18 19 07 15 | 06
#0379-d210 @A: 35 06 07 04 | 11
#0380-d210 @A: 01 32 07 10 | 03
#0381-d210 @A: 10 02 07 31 | 12
#0382-d210 @A: 26 08 07 12 | 01
#0383-d210 @A: 13 07 16 31 | 07
#0384-d210 @A: 09 13 07 28 | 05
#0385-d210 @A: 04 15 29 07 | 04
#0386-d210 @A: 05 26 25 07 | 10
#0387-d210 @A: 30 15 07 21 | 08
#0388-d210 @A: 18 10 33 01 | 02
#0389-d210 @A: 14 10 33 19 | 09
#0390-d210 @A: 31 35 29 33 | 06
#0391-d210 @A: 25 12 04 33 | 11
#0392-d210 @A: 01 33 12 08 | 03
#0393-d210 @A: 14 33 01 30 | 12
#0394-d210 @A: 05 33 16 15 | 01
#0395-d210 @A: 06 19 18 26 | 07
#0396-d210 @A: 08 35 02 18 | 05
#0397-d210 @A: 32 01 18 13 | 04
#0398-d210 @A: 10 18 15 26 | 10
#0399-d210 @A: 18 09 31 08 | 08
#0400-d210 @A: 26 16 28 18 | 02
#0401-d210 @A: 01 18 04 09 | 09
#0402-d210 @A: 16 18 01 05 | 06
#0403-d210 @A: 31 13 14 19 | 11
#0404-d210 @A: 16 19 09 26 | 03
#0405-d210 @A: 14 05 19 25 | 12
#0406-d210 @A: 30 05 32 35 | 01
#0407-d210 @A: 05 35 02 06 | 07
#0408-d210 @A: 35 31 01 02 | 05
#0409-d210 @A: 11 35 06 01 | 04
#0410-d210 @A: 14 35 31 12 | 10
#0411-d210 @A: 13 35 28 29 | 08
#0412-d210 @A: 08 29 35 25 | 02
#0413-d210 @A: 02 06 32 12 | 09
#0414-d210 @A: 31 32 29 14 | 06
#0415-d210 @A: 01 31 09 32 | 11
#0416-d210 @A: 13 31 32 25 | 03
#0417-d210 @A: 32 21 26 08 | 12
#0418-d210 @A: 26 15 32 16 | 01
#0419-d210 @A: 06 26 31 28 | 07
#0420-d210 @A: 31 09 06 15 | 05
#0421-d210 @A: 06 29 05 04 | 04
#0422-d210 @A: 16 06 29 08 | 10
#0423-d210 @A: 06 25 05 15 | 08
#0424-d210 @A: 26 13 10 12 | 02
#0425-d210 @A: 26 25 28 10 | 09
#0426-d210 @A: 08 16 10 13 | 06
#0427-d210 @A: 16 11 26 12 | 11
#0428-d210 @A: 11 31 25 30 | 03
#0429-d210 @A: 28 08 11 04 | 12
#0430-d210 @A: 26 11 25 04 | 01
#0431-d210 @A: 20 34 08 10 | 07
#0432-d210 @A: 35 13 17 34 | 05
#0433-d210 @A: 27 14 34 10 | 04
#0434-d210 @A: 25 23 34 06 | 10
#0435-d210 @A: 06 07 19 34 | 08
#0436-d210 @A: 34 31 07 35 | 02
#0437-d210 @A: 30 34 06 33 | 09
#0438-d210 @A: 11 08 33 34 | 06
#0439-d210 @A: 05 06 18 34 | 11
#0440-d210 @A: 18 01 11 34 | 03
#0441-d210 @A: 34 14 19 32 | 12
#0442-d210 @A: 35 15 30 34 | 01
#0443-d210 @A: 05 21 34 13 | 07
#0444-d210 @A: 24 22 12 20 | 05
#0445-d210 @A: 22 35 04 20 | 04
#0446-d210 @A: 32 12 17 22 | 10
#0447-d210 @A: 22 10 17 01 | 08
#0448-d210 @A: 04 22 17 13 | 02
#0449-d210 @A: 11 13 22 27 | 09
#0450-d210 @A: 01 22 15 27 | 06
#0451-d210 @A: 33 22 07 04 | 11
#0452-d210 @A: 12 14 26 22 | 03
#0453-d210 @A: 28 22 05 13 | 12
#0454-d210 @A: 22 21 04 09 | 01
#0455-d210 @A: 20 09 18 27 | 07
#0456-d210 @A: 20 01 31 27 | 05
#0457-d210 @A: 30 20 23 33 | 04
#0458-d210 @A: 20 14 32 07 | 10
#0459-d210 @A: 19 20 21 32 | 08
#0460-d210 @A: 02 19 31 20 | 02
#0461-d210 @A: 35 13 06 20 | 09
#0462-d210 @A: 15 20 02 04 | 06
#0463-d210 @A: 10 16 20 28 | 11
#0464-d210 @A: 09 20 31 16 | 03
#0465-d210 @A: 09 20 13 25 | 12
#0466-d210 @A: 04 03 24 35 | 01
#0467-d210 @A: 24 17 21 33 | 07
#0468-d210 @A: 18 24 05 27 | 05
#0469-d210 @A: 11 33 24 28 | 04
#0470-d210 @A: 24 26 18 02 | 10
#0471-d210 @A: 28 32 24 10 | 08
#0472-d210 @A: 09 10 24 02 | 02
#0473-d210 @A: 24 30 16 28 | 09
#0474-d210 @A: 13 21 24 16 | 06
#0475-d210 @A: 30 05 25 24 | 11
#0476-d210 @A: 03 17 23 25 | 03
#0477-d210 @A: 03 07 18 08 | 12
#0478-d210 @A: 11 10 03 33 | 01
#0479-d210 @A: 18 16 35 03 | 07
#0480-d210 @A: 18 03 26 01 | 05
#0481-d210 @A: 10 05 19 03 | 04
#0482-d210 @A: 03 08 32 25 | 10
#0483-d210 @A: 09 15 02 03 | 08
#0484-d210 @A: 25 28 06 03 | 02
#0485-d210 @A: 31 30 03 26 | 09
#0486-d210 @A: 25 03 15 29 | 06
#0487-d210 @A: 21 04 13 03 | 11
#0488-d210 @A: 16 03 14 13 | 03
#0489-d210 @A: 18 27 17 19 | 12
#0490-d210 @A: 17 32 30 27 | 01
#0491-d210 @A: 27 04 17 10 | 07
#0492-d210 @A: 23 17 15 33 | 05
#0493-d210 @A: 17 02 23 29 | 04
#0494-d210 @A: 06 17 18 07 | 10
#0495-d210 @A: 31 07 21 17 | 08
#0496-d210 @A: 11 17 08 18 | 02
#0497-d210 @A: 31 17 18 30 | 09
#0498-d210 @A: 17 35 04 32 | 06
#0499-d210 @A: 31 12 09 17 | 11
#0500-d210 @A: 30 17 09 28 | 03
#0501-d210 @A: 18 27 04 35 | 12
#0502-d210 @A: 26 27 08 18 | 01
#0503-d210 @A: 27 19 10 26 | 07
#0504-d210 @A: 32 06 27 21 | 05
#0505-d210 @A: 31 27 15 12 | 04
#0506-d210 @A: 27 15 28 09 | 10
#0507-d210 @A: 13 21 27 01 | 08
#0508-d210 @A: 27 14 30 26 | 02
#0509-d210 @A: 26 16 21 27 | 09
#0510-d210 @A: 23 12 01 07 | 06
#0511-d210 @A: 19 33 23 09 | 11
#0512-d210 @A: 23 11 05 33 | 03
#0513-d210 @A: 35 11 10 23 | 12
#0514-d210 @A: 29 23 32 25 | 01
#0515-d210 @A: 23 08 04 32 | 07
#0516-d210 @A: 16 31 23 06 | 05
#0517-d210 @A: 29 09 23 31 | 04
#0518-d210 @A: 29 21 23 16 | 10
#0519-d210 @A: 23 21 09 08 | 08
#0520-d210 @A: 21 33 07 19 | 02
#0521-d210 @A: 16 07 35 33 | 09
#0522-d210 @A: 07 05 33 14 | 06
#0523-d210 @A: 18 10 07 13 | 11
#0524-d210 @A: 04 18 07 28 | 03
#0525-d210 @A: 07 10 16 19 | 12
#0526-d210 @A: 07 19 29 08 | 01
#0527-d210 @A: 15 07 35 02 | 07
#0528-d210 @A: 29 32 26 07 | 05
#0529-d210 @A: 05 07 32 04 | 04
#0530-d210 @A: 07 02 21 06 | 10
#0531-d210 @A: 02 11 14 07 | 08
#0532-d210 @A: 09 31 07 30 | 02
#0533-d210 @A: 05 01 25 07 | 09
#0534-d210 @A: 11 06 33 21 | 06
#0535-d210 @A: 21 28 05 33 | 11
#0536-d210 @A: 15 04 08 33 | 03
#0537-d210 @A: 33 04 01 25 | 12
#0538-d210 @A: 04 33 16 21 | 01
#0539-d210 @A: 28 18 10 19 | 07
#0540-d210 @A: 28 18 29 08 | 05
#0541-d210 @A: 35 01 30 19 | 04
#0542-d210 @A: 19 28 13 06 | 10
#0543-d210 @A: 15 25 10 19 | 08
#0544-d210 @A: 15 19 21 13 | 02
#0545-d210 @A: 35 10 06 25 | 09
#0546-d210 @A: 35 30 16 31 | 06
#0547-d210 @A: 28 01 25 35 | 11
#0548-d210 @A: 29 35 21 14 | 03
#0549-d210 @A: 30 21 35 13 | 12
#0550-d210 @A: 16 05 26 35 | 01
#0551-d210 @A: 15 32 08 02 | 07
#0552-d210 @A: 06 32 10 31 | 05
#0553-d210 @A: 28 08 32 13 | 04
#0554-d210 @A: 04 32 16 29 | 10
#0555-d210 @A: 09 30 08 32 | 08
#0556-d210 @A: 25 21 32 05 | 02
#0557-d210 @A: 29 02 16 01 | 09
#0558-d210 @A: 16 26 08 02 | 06
#0559-d210 @A: 02 30 13 14 | 11
#0560-d210 @A: 10 01 09 06 | 03
#0561-d210 @A: 08 06 04 12 | 12
#0562-d210 @A: 01 06 05 04 | 01
#0563-d210 @A: 09 08 25 06 | 07
#0564-d210 @A: 08 26 11 10 | 05
#0565-d210 @A: 31 28 13 10 | 04
#0566-d210 @A: 11 13 31 09 | 10
#0567-d210 @A: 30 01 21 12 | 08
#0568-d210 @A: 21 34 10 22 | 02
#0569-d210 @A: 10 25 17 34 | 09
#0570-d210 @A: 16 01 34 17 | 06
#0571-d210 @A: 34 32 23 31 | 11
#0572-d210 @A: 16 34 09 23 | 03
#0573-d210 @A: 29 35 06 34 | 12
#0574-d210 @A: 32 11 34 13 | 01
#0575-d210 @A: 34 02 10 01 | 07
#0576-d210 @A: 04 14 12 34 | 05
#0577-d210 @A: 15 12 26 34 | 04
#0578-d210 @A: 13 34 29 08 | 10
#0579-d210 @A: 16 29 34 25 | 08
#0580-d210 @A: 13 20 33 22 | 02
#0581-d210 @A: 27 24 22 26 | 09
#0582-d210 @A: 24 32 22 15 | 06
#0583-d210 @A: 25 22 03 11 | 11
#0584-d210 @A: 22 14 17 29 | 03
#0585-d210 @A: 21 30 17 22 | 12
#0586-d210 @A: 22 12 33 27 | 01
#0587-d210 @A: 22 23 14 33 | 07
#0588-d210 @A: 32 30 23 22 | 05
#0589-d210 @A: 21 22 07 32 | 04
#0590-d210 @A: 35 15 22 33 | 10
#0591-d210 @A: 19 35 12 22 | 08
#0592-d210 @A: 32 35 31 22 | 02
#0593-d210 @A: 32 29 11 22 | 09
#0594-d210 @A: 02 22 06 09 | 06
#0595-d210 @A: 28 25 02 22 | 11
#0596-d210 @A: 22 16 06 30 | 03
#0597-d210 @A: 10 22 31 12 | 12
#0598-d210 @A: 11 01 14 22 | 01
#0599-d210 @A: 28 14 22 08 | 07
#0600-d210 @A: 22 26 16 29 | 05
#0601-d210 @A: 05 22 09 15 | 04
#0602-d210 @A: 04 06 20 24 | 10
#0603-d210 @A: 03 20 12 21 | 08
#0604-d210 @A: 28 01 20 03 | 02
#0605-d210 @A: 20 17 28 27 | 09
#0606-d210 @A: 05 02 20 17 | 06
#0607-d210 @A: 02 20 14 09 | 11
#0608-d210 @A: 31 11 06 20 | 03
#0609-d210 @A: 20 06 25 21 | 12
#0610-d210 @A: 20 30 28 11 | 01
#0611-d210 @A: 04 20 12 09 | 07
#0612-d210 @A: 14 13 20 29 | 05
#0613-d210 @A: 13 16 20 26 | 04
#0614-d210 @A: 26 20 30 15 | 10
#0615-d210 @A: 13 03 24 31 | 08
#0616-d210 @A: 08 25 23 24 | 02
#0617-d210 @A: 24 07 26 10 | 09
#0618-d210 @A: 24 01 07 14 | 06
#0619-d210 @A: 33 13 24 06 | 11
#0620-d210 @A: 06 19 24 12 | 03
#0621-d210 @A: 14 24 25 02 | 12
#0622-d210 @A: 14 24 12 05 | 01
#0623-d210 @A: 16 14 24 29 | 07
#0624-d210 @A: 04 25 24 15 | 05
#0625-d210 @A: 01 24 21 26 | 04
#0626-d210 @A: 24 15 21 05 | 10
#0627-d210 @A: 06 27 03 30 | 08
#0628-d210 @A: 03 05 23 16 | 02
#0629-d210 @A: 07 03 19 12 | 09
#0630-d210 @A: 03 28 31 07 | 06
#0631-d210 @A: 16 32 33 03 | 11
#0632-d210 @A: 02 11 03 05 | 03
#0633-d210 @A: 04 05 03 12 | 12
#0634-d210 @A: 02 26 27 17 | 01
#0635-d210 @A: 26 19 23 17 | 07
#0636-d210 @A: 17 23 21 06 | 05
#0637-d210 @A: 17 35 12 07 | 04
#0638-d210 @A: 33 05 17 35 | 10
#0639-d210 @A: 14 02 17 31 | 08
#0640-d210 @A: 04 05 17 30 | 02
#0641-d210 @A: 30 17 13 15 | 09
#0642-d210 @A: 26 25 17 30 | 06
#0643-d210 @A: 05 14 17 21 | 11
#0644-d210 @A: 27 33 14 32 | 03
#0645-d210 @A: 35 12 27 32 | 12
#0646-d210 @A: 14 07 06 23 | 01
#0647-d210 @A: 08 23 11 19 | 07
#0648-d210 @A: 23 13 35 14 | 05
#0649-d210 @A: 11 14 32 23 | 04
#0650-d210 @A: 23 12 02 11 | 10
#0651-d210 @A: 08 28 23 06 | 08
#0652-d210 @A: 28 23 14 29 | 02
#0653-d210 @A: 28 01 23 30 | 09
#0654-d210 @A: 15 09 30 23 | 06
#0655-d210 @A: 23 26 08 13 | 11
#0656-d210 @A: 26 21 25 23 | 03
#0657-d210 @A: 07 29 14 18 | 12
#0658-d210 @A: 07 30 02 19 | 01
#0659-d210 @A: 10 35 07 08 | 07
#0660-d210 @A: 29 07 12 16 | 05
#0661-d210 @A: 07 12 30 04 | 04
#0662-d210 @A: 07 29 04 01 | 10
#0663-d210 @A: 18 26 35 33 | 08
#0664-d210 @A: 33 19 06 31 | 02
#0665-d210 @A: 04 11 35 33 | 09
#0666-d210 @A: 33 10 15 06 | 06
#0667-d210 @A: 33 14 29 04 | 11
#0668-d210 @A: 05 33 04 09 | 03
#0669-d210 @A: 12 18 19 30 | 12
#0670-d210 @A: 01 18 08 35 | 01
#0671-d210 @A: 02 10 18 14 | 07
#0672-d210 @A: 08 12 18 25 | 05
#0673-d210 @A: 16 15 18 12 | 04
#0674-d210 @A: 18 25 31 15 | 10
#0675-d210 @A: 21 14 31 18 | 08
#0676-d210 @A: 30 04 26 18 | 02
#0677-d210 @A: 19 11 32 30 | 09
#0678-d210 @A: 06 02 25 19 | 06
#0679-d210 @A: 19 15 05 12 | 11
#0680-d210 @A: 16 31 21 19 | 03
#0681-d210 @A: 19 30 05 16 | 12
#0682-d210 @A: 14 19 01 05 | 01
#0683-d210 @A: 26 35 02 30 | 07
#0684-d210 @A: 14 35 10 04 | 05
#0685-d210 @A: 08 35 28 31 | 04
#0686-d210 @A: 35 14 30 28 | 10
#0687-d210 @A: 25 35 15 14 | 08
#0688-d210 @A: 32 01 04 28 | 02
#0689-d210 @A: 32 21 14 28 | 09
#0690-d210 @A: 14 32 25 09 | 06
#0691-d210 @A: 29 31 12 02 | 11
#0692-d210 @A: 02 08 21 31 | 03
#0693-d210 @A: 02 30 04 16 | 12
#0694-d210 @A: 04 14 02 21 | 01
#0695-d210 @A: 06 30 01 26 | 07
#0696-d210 @A: 14 26 16 06 | 05
#0697-d210 @A: 16 21 05 06 | 04
#0698-d210 @A: 09 28 21 10 | 10
#0699-d210 @A: 14 28 10 05 | 08
#0700-d210 @A: 30 09 14 11 | 02
#0701-d210 @A: 16 11 15 30 | 09
#0702-d210 @A: 17 07 34 22 | 06
#0703-d210 @A: 01 22 34 31 | 11
#0704-d210 @A: 07 34 20 16 | 03
#0705-d210 @A: 20 18 34 35 | 12
#0706-d210 @A: 14 11 34 20 | 01
#0707-d210 @A: 29 24 34 19 | 07
#0708-d210 @A: 03 04 06 34 | 05
#0709-d210 @A: 34 01 19 27 | 04
#0710-d210 @A: 35 34 27 05 | 10
#0711-d210 @A: 34 32 27 09 | 08
#0712-d210 @A: 34 23 12 33 | 02
#0713-d210 @A: 04 35 34 23 | 09
#0714-d210 @A: 02 29 07 34 | 06
#0715-d210 @A: 06 32 26 34 | 11
#0716-d210 @A: 12 01 32 34 | 03
#0717-d210 @A: 34 09 02 30 | 12
#0718-d210 @A: 11 34 28 06 | 01
#0719-d210 @A: 16 34 06 15 | 07
#0720-d210 @A: 34 05 12 10 | 05
#0721-d210 @A: 34 12 11 31 | 04
#0722-d210 @A: 12 34 09 08 | 10
#0723-d210 @A: 28 34 01 14 | 08
#0724-d210 @A: 30 34 29 01 | 02
#0725-d210 @A: 34 25 04 30 | 09
#0726-d210 @A: 21 15 34 14 | 06
#0727-d210 @A: 24 23 22 06 | 11
#0728-d210 @A: 14 22 24 10 | 03
#0729-d210 @A: 22 17 05 23 | 12
#0730-d210 @A: 17 19 09 22 | 01
#0731-d210 @A: 31 17 22 06 | 07
#0732-d210 @A: 05 22 32 18 | 05
#0733-d210 @A: 15 22 11 18 | 04
#0734-d210 @A: 19 21 14 22 | 10
#0735-d210 @A: 14 16 22 31 | 08
#0736-d210 @A: 01 24 33 20 | 02
#0737-d210 @A: 24 35 20 14 | 09
#0738-d210 @A: 18 03 20 05 | 06
#0739-d210 @A: 02 28 20 03 | 11
#0740-d210 @A: 16 20 03 06 | 03
#0741-d210 @A: 23 20 17 16 | 12
#0742-d210 @A: 20 33 07 08 | 01
#0743-d210 @A: 16 01 19 20 | 07
#0744-d210 @A: 20 10 29 02 | 05
#0745-d210 @A: 20 10 01 11 | 04
#0746-d210 @A: 12 31 20 30 | 10
#0747-d210 @A: 28 20 15 31 | 08
#0748-d210 @A: 09 05 20 29 | 02
#0749-d210 @A: 21 14 16 20 | 09
#0750-d210 @A: 28 03 27 24 | 06
#0751-d210 @A: 24 17 27 29 | 11
#0752-d210 @A: 24 35 13 27 | 03
#0753-d210 @A: 23 31 05 24 | 12
#0754-d210 @A: 06 24 07 28 | 01
#0755-d210 @A: 16 25 24 33 | 07
#0756-d210 @A: 18 24 06 29 | 05
#0757-d210 @A: 02 19 05 24 | 04
#0758-d210 @A: 09 35 31 24 | 10
#0759-d210 @A: 21 10 24 29 | 08
#0760-d210 @A: 25 24 29 12 | 02
#0761-d210 @A: 04 28 24 21 | 09
#0762-d210 @A: 30 17 35 03 | 06
#0763-d210 @A: 03 07 10 21 | 11
#0764-d210 @A: 18 30 03 32 | 03
#0765-d210 @A: 18 11 03 28 | 12
#0766-d210 @A: 06 03 35 31 | 01
#0767-d210 @A: 03 35 08 21 | 07
#0768-d210 @A: 10 13 03 01 | 05
#0769-d210 @A: 05 08 03 28 | 04
#0770-d210 @A: 21 16 30 03 | 10
#0771-d210 @A: 33 30 17 07 | 08
#0772-d210 @A: 29 30 06 17 | 02
#0773-d210 @A: 25 17 09 11 | 09
#0774-d210 @A: 11 17 09 01 | 06
#0775-d210 @A: 31 05 17 15 | 11
#0776-d210 @A: 09 26 17 15 | 03
#0777-d210 @A: 18 23 27 30 | 12
#0778-d210 @A: 07 27 02 12 | 01
#0779-d210 @A: 07 27 28 10 | 07
#0780-d210 @A: 06 28 27 33 | 05
#0781-d210 @A: 32 29 27 15 | 04
#0782-d210 @A: 08 05 27 12 | 10
#0783-d210 @A: 12 30 27 21 | 08
#0784-d210 @A: 05 16 31 27 | 02
#0785-d210 @A: 15 32 18 23 | 09
#0786-d210 @A: 19 35 21 23 | 06
#0787-d210 @A: 23 09 01 05 | 11
#0788-d210 @A: 01 21 23 08 | 03
#0789-d210 @A: 07 19 11 04 | 12
#0790-d210 @A: 07 32 35 13 | 01
#0791-d210 @A: 11 07 35 28 | 07
#0792-d210 @A: 35 01 07 09 | 05
#0793-d210 @A: 07 11 06 09 | 04
#0794-d210 @A: 08 05 09 07 | 10
#0795-d210 @A: 19 29 02 33 | 08
#0796-d210 @A: 35 02 14 33 | 02
#0797-d210 @A: 10 13 35 33 | 09
#0798-d210 @A: 32 33 31 05 | 06
#0799-d210 @A: 02 25 33 10 | 11
#0800-d210 @A: 13 16 12 33 | 03
#0801-d210 @A: 30 33 12 05 | 12
#0802-d210 @A: 33 13 31 08 | 01
#0803-d210 @A: 29 33 13 25 | 07
#0804-d210 @A: 16 33 09 08 | 05
#0805-d210 @A: 25 21 33 15 | 04
#0806-d210 @A: 30 18 25 35 | 10
#0807-d210 @A: 18 06 08 32 | 08
#0808-d210 @A: 13 32 18 09 | 02
#0809-d210 @A: 06 01 02 18 | 09
#0810-d210 @A: 06 11 16 18 | 06
#0811-d210 @A: 30 18 14 08 | 11
#0812-d210 @A: 05 18 13 30 | 03
#0813-d210 @A: 05 18 14 16 | 12
#0814-d210 @A: 30 08 35 19 | 01
#0815-d210 @A: 32 19 01 15 | 07
#0816-d210 @A: 02 08 14 19 | 05
#0817-d210 @A: 19 30 14 06 | 04
#0818-d210 @A: 31 30 19 29 | 10
#0819-d210 @A: 35 32 10 26 | 08
#0820-d210 @A: 21 04 12 35 | 02
#0821-d210 @A: 35 04 31 05 | 09
#0822-d210 @A: 13 15 35 31 | 06
#0823-d210 @A: 32 01 02 08 | 11
#0824-d210 @A: 09 04 15 32 | 03
#0825-d210 @A: 06 10 28 02 | 12
#0826-d210 @A: 02 31 16 15 | 01
#0827-d210 @A: 25 15 02 30 | 07
#0828-d210 @A: 02 05 16 25 | 05
#0829-d210 @A: 05 11 12 06 | 04
#0830-d210 @A: 12 06 28 16 | 10
#0831-d210 @A: 08 06 01 28 | 08
#0832-d210 @A: 04 26 21 06 | 02
#0833-d210 @A: 06 14 21 09 | 09
#0834-d210 @A: 01 10 31 12 | 06
#0835-d210 @A: 31 16 25 10 | 11
#0836-d210 @A: 13 04 15 10 | 03
#0837-d210 @A: 08 30 10 21 | 12
#0838-d210 @A: 31 14 26 11 | 01
#0839-d210 @A: 21 11 26 09 | 07
#0840-d210 @A: 25 11 08 21 | 05
#0841-d210 @A: 13 04 08 01 | 04
#0842-d210 @A: 32 22 34 04 | 10
#0843-d210 @A: 34 22 29 09 | 08
#0844-d210 @A: 34 20 23 27 | 02
#0845-d210 @A: 19 34 28 20 | 09
#0846-d210 @A: 01 21 20 34 | 06
#0847-d210 @A: 34 24 17 04 | 11
#0848-d210 @A: 34 10 30 24 | 03
#0849-d210 @A: 34 15 11 03 | 12
#0850-d210 @A: 27 07 08 34 | 01
#0851-d210 @A: 33 07 34 09 | 07
#0852-d210 @A: 34 16 13 18 | 05
#0853-d210 @A: 02 19 16 34 | 04
#0854-d210 @A: 26 34 11 02 | 10
#0855-d210 @A: 34 09 31 14 | 08
#0856-d210 @A: 29 26 34 04 | 02
#0857-d210 @A: 18 20 16 22 | 09
#0858-d210 @A: 24 22 03 21 | 06
#0859-d210 @A: 22 03 29 19 | 11
#0860-d210 @A: 03 22 28 32 | 03
#0861-d210 @A: 06 18 27 22 | 12
#0862-d210 @A: 21 27 22 02 | 01
#0863-d210 @A: 01 19 23 22 | 07
#0864-d210 @A: 02 22 12 18 | 05
#0865-d210 @A: 35 29 22 02 | 04
#0866-d210 @A: 22 25 10 32 | 10
#0867-d210 @A: 22 29 21 12 | 08
#0868-d210 @A: 08 26 22 09 | 02
#0869-d210 @A: 14 13 15 22 | 09
#0870-d210 @A: 09 24 20 26 | 06
#0871-d210 @A: 20 07 03 09 | 11
#0872-d210 @A: 20 10 30 03 | 03
#0873-d210 @A: 20 26 17 04 | 12
#0874-d210 @A: 01 07 20 02 | 01
#0875-d210 @A: 20 04 10 07 | 07
#0876-d210 @A: 20 26 33 11 | 05
#0877-d210 @A: 20 02 21 35 | 04
#0878-d210 @A: 35 10 20 31 | 10
#0879-d210 @A: 32 12 13 20 | 08
#0880-d210 @A: 02 26 06 20 | 02
#0881-d210 @A: 28 14 20 04 | 09
#0882-d210 @A: 20 13 04 30 | 06
#0883-d210 @A: 24 01 02 03 | 11
#0884-d210 @A: 24 17 32 08 | 03
#0885-d210 @A: 23 12 09 24 | 12
#0886-d210 @A: 24 18 09 16 | 01
#0887-d210 @A: 35 08 15 24 | 07
#0888-d210 @A: 35 24 26 25 | 05
#0889-d210 @A: 32 30 24 01 | 04
#0890-d210 @A: 05 24 09 28 | 10
#0891-d210 @A: 30 24 26 21 | 08
#0892-d210 @A: 32 03 21 17 | 02
#0893-d210 @A: 03 07 02 16 | 09
#0894-d210 @A: 18 03 15 33 | 06
#0895-d210 @A: 29 03 33 06 | 11
#0896-d210 @A: 35 03 15 10 | 03
#0897-d210 @A: 02 25 03 31 | 12
#0898-d210 @A: 12 25 30 03 | 01
#0899-d210 @A: 31 01 03 13 | 07
#0900-d210 @A: 03 04 25 09 | 05
#0901-d210 @A: 16 25 03 26 | 04
#0902-d210 @A: 25 03 21 14 | 10
#0903-d210 @A: 27 21 17 11 | 08
#0904-d210 @A: 23 07 17 28 | 02
#0905-d210 @A: 23 17 18 13 | 09
#0906-d210 @A: 01 21 17 07 | 06
#0907-d210 @A: 17 33 06 25 | 11
#0908-d210 @A: 05 17 32 19 | 03
#0909-d210 @A: 19 29 16 17 | 12
#0910-d210 @A: 01 17 35 14 | 01
#0911-d210 @A: 14 32 17 06 | 07
#0912-d210 @A: 09 06 17 05 | 05
#0913-d210 @A: 28 08 17 12 | 04
#0914-d210 @A: 05 17 08 25 | 10
#0915-d210 @A: 27 15 07 33 | 08
#0916-d210 @A: 27 33 01 35 | 02
#0917-d210 @A: 02 15 27 18 | 09
#0918-d210 @A: 04 18 01 27 | 06
#0919-d210 @A: 19 16 27 35 | 11
#0920-d210 @A: 27 19 31 11 | 03
#0921-d210 @A: 02 05 27 14 | 12
#0922-d210 @A: 09 27 08 11 | 01
#0923-d210 @A: 25 01 27 28 | 07
#0924-d210 @A: 09 27 30 16 | 05
#0925-d210 @A: 26 23 07 02 | 04
#0926-d210 @A: 31 23 33 10 | 10
#0927-d210 @A: 23 33 15 01 | 08
#0928-d210 @A: 23 19 28 32 | 02
#0929-d210 @A: 10 01 35 23 | 09
#0930-d210 @A: 29 10 06 23 | 06
#0931-d210 @A: 30 13 23 10 | 11
#0932-d210 @A: 28 12 26 23 | 03
#0933-d210 @A: 23 12 30 29 | 12
#0934-d210 @A: 14 12 23 25 | 01
#0935-d210 @A: 12 05 23 21 | 07
#0936-d210 @A: 28 23 25 09 | 05
#0937-d210 @A: 14 23 05 08 | 04
#0938-d210 @A: 15 23 13 25 | 10
#0939-d210 @A: 14 01 13 23 | 08
#0940-d210 @A: 30 23 14 21 | 02
#0941-d210 @A: 18 21 11 07 | 09
#0942-d210 @A: 02 07 09 32 | 06
#0943-d210 @A: 12 31 07 05 | 11
#0944-d210 @A: 31 08 07 25 | 03
#0945-d210 @A: 14 07 25 04 | 12
#0946-d210 @A: 15 32 33 12 | 01
#0947-d210 @A: 05 02 33 08 | 07
#0948-d210 @A: 15 05 33 01 | 05
#0949-d210 @A: 35 21 32 18 | 04
#0950-d210 @A: 28 02 31 18 | 10
#0951-d210 @A: 18 05 26 11 | 08
#0952-d210 @A: 18 30 31 01 | 02
#0953-d210 @A: 09 21 18 15 | 09
#0954-d210 @A: 21 12 26 19 | 06
#0955-d210 @A: 21 05 19 29 | 11
#0956-d210 @A: 06 32 28 35 | 03
#0957-d210 @A: 02 28 35 12 | 12
#0958-d210 @A: 35 13 25 12 | 01
#0959-d210 @A: 15 05 28 35 | 07
#0960-d210 @A: 08 09 35 04 | 05
#0961-d210 @A: 12 14 08 32 | 04
#0962-d210 @A: 12 26 30 32 | 10
#0963-d210 @A: 25 28 15 32 | 08
#0964-d210 @A: 01 14 09 32 | 02
#0965-d210 @A: 04 31 02 13 | 09
#0966-d210 @A: 13 28 15 02 | 06
#0967-d210 @A: 15 06 12 30 | 11
#0968-d210 @A: 14 31 04 06 | 03
#0969-d210 @A: 29 06 26 25 | 12
#0970-d210 @A: 29 10 11 28 | 01
#0971-d210 @A: 10 29 05 16 | 07
#0972-d210 @A: 26 09 10 30 | 05
#0973-d210 @A: 15 10 16 09 | 04
#0974-d210 @A: 21 14 12 11 | 10
#0975-d210 @A: 08 11 15 13 | 08
#0976-d210 @A: 01 12 13 28 | 02
#0977-d210 @A: 13 22 23 34 | 09
#0978-d210 @A: 32 34 30 20 | 06
#0979-d210 @A: 27 25 34 24 | 11
#0980-d210 @A: 34 09 24 11 | 03
#0981-d210 @A: 03 17 34 08 | 12
#0982-d210 @A: 03 12 34 35 | 01
#0983-d210 @A: 34 32 05 02 | 07
#0984-d210 @A: 34 31 02 06 | 05
#0985-d210 @A: 34 28 08 02 | 04
#0986-d210 @A: 08 21 34 06 | 10
#0987-d210 @A: 05 16 28 34 | 08
#0988-d210 @A: 20 14 27 22 | 02
#0989-d210 @A: 23 29 22 20 | 09
#0990-d210 @A: 20 08 22 02 | 06
#0991-d210 @A: 10 20 22 26 | 11
#0992-d210 @A: 02 24 22 16 | 03
#0993-d210 @A: 17 27 22 08 | 12
#0994-d210 @A: 22 16 11 33 | 01
#0995-d210 @A: 19 08 22 32 | 07
#0996-d210 @A: 22 19 11 10 | 05
#0997-d210 @A: 15 12 22 08 | 04
#0998-d210 @A: 30 29 15 22 | 10
#0999-d210 @A: 04 26 01 22 | 08
#1000-d210 @A: 18 17 15 20 | 02
#1001-d210 @A: 31 32 17 20 | 09
#1002-d210 @A: 08 32 20 27 | 06
#1003-d210 @A: 09 20 23 10 | 11
#1004-d210 @A: 20 12 18 07 | 03
#1005-d210 @A: 16 19 20 33 | 12
#1006-d210 @A: 33 20 15 14 | 01
#1007-d210 @A: 31 04 18 20 | 07
#1008-d210 @A: 11 16 02 20 | 05
#1009-d210 @A: 08 09 28 20 | 04
#1010-d210 @A: 20 29 26 08 | 10
#1011-d210 @A: 20 04 16 08 | 08
#1012-d210 @A: 03 24 14 19 | 02
#1013-d210 @A: 24 32 27 04 | 09
#1014-d210 @A: 29 24 35 23 | 06
#1015-d210 @A: 23 15 24 10 | 11
#1016-d210 @A: 19 26 32 24 | 03
#1017-d210 @A: 24 02 35 32 | 12
#1018-d210 @A: 11 24 28 01 | 01
#1019-d210 @A: 29 24 04 11 | 07
#1020-d210 @A: 24 04 05 16 | 05
#1021-d210 @A: 15 08 24 01 | 04
#1022-d210 @A: 17 19 01 03 | 10
#1023-d210 @A: 31 03 17 10 | 08
#1024-d210 @A: 27 32 07 03 | 02
#1025-d210 @A: 03 04 19 27 | 09
#1026-d210 @A: 27 16 10 03 | 06
#1027-d210 @A: 23 03 07 29 | 11
#1028-d210 @A: 19 03 31 23 | 03
#1029-d210 @A: 15 03 28 23 | 12
#1030-d210 @A: 33 30 04 03 | 01
#1031-d210 @A: 16 03 08 19 | 07
#1032-d210 @A: 03 02 12 08 | 05
#1033-d210 @A: 13 03 12 15 | 04
#1034-d210 @A: 05 14 03 31 | 10
#1035-d210 @A: 14 26 03 15 | 08
#1036-d210 @A: 17 09 27 07 | 02
#1037-d210 @A: 17 13 27 12 | 09
#1038-d210 @A: 13 17 11 19 | 06
#1039-d210 @A: 02 09 17 35 | 11
#1040-d210 @A: 31 11 17 35 | 03
#1041-d210 @A: 32 01 17 06 | 12
#1042-d210 @A: 13 29 31 17 | 01
#1043-d210 @A: 28 21 26 17 | 07
#1044-d210 @A: 19 14 27 23 | 05
#1045-d210 @A: 07 27 11 30 | 04
#1046-d210 @A: 27 33 02 04 | 10
#1047-d210 @A: 19 27 25 32 | 08
#1048-d210 @A: 12 28 19 27 | 02
#1049-d210 @A: 19 13 05 27 | 09
#1050-d210 @A: 35 15 11 27 | 06
#1051-d210 @A: 27 02 10 30 | 11
#1052-d210 @A: 04 27 31 29 | 03
#1053-d210 @A: 14 25 29 27 | 12
#1054-d210 @A: 27 16 13 15 | 01
#1055-d210 @A: 18 09 07 23 | 07
#1056-d210 @A: 23 06 33 04 | 05
#1057-d210 @A: 18 23 29 19 | 04
#1058-d210 @A: 16 18 10 23 | 10
#1059-d210 @A: 21 32 23 10 | 08
#1060-d210 @A: 21 31 23 28 | 02
#1061-d210 @A: 26 14 09 23 | 09
#1062-d210 @A: 08 15 16 23 | 06
#1063-d210 @A: 01 18 07 15 | 11
#1064-d210 @A: 16 07 32 06 | 03
#1065-d210 @A: 07 13 12 14 | 12
#1066-d210 @A: 05 29 30 07 | 01
#1067-d210 @A: 04 21 08 07 | 07
#1068-d210 @A: 21 13 07 26 | 05
#1069-d210 @A: 18 25 11 33 | 04
#1070-d210 @A: 31 33 16 18 | 10
#1071-d210 @A: 33 19 04 32 | 08
#1072-d210 @A: 13 28 33 04 | 02
#1073-d210 @A: 08 33 25 28 | 09
#1074-d210 @A: 33 14 16 30 | 06
#1075-d210 @A: 18 11 14 19 | 11
#1076-d210 @A: 18 11 29 35 | 03
#1077-d210 @A: 35 09 28 18 | 12
#1078-d210 @A: 16 25 18 04 | 01
#1079-d210 @A: 15 18 14 04 | 07
#1080-d210 @A: 21 08 18 16 | 05
#1081-d210 @A: 12 08 19 31 | 04
#1082-d210 @A: 19 04 12 13 | 10
#1083-d210 @A: 31 19 09 05 | 08
#1084-d210 @A: 15 28 29 19 | 02
#1085-d210 @A: 19 29 04 25 | 09
#1086-d210 @A: 19 13 09 30 | 06
#1087-d210 @A: 13 26 19 01 | 11
#1088-d210 @A: 13 02 11 35 | 03
#1089-d210 @A: 05 12 35 29 | 12
#1090-d210 @A: 12 35 30 09 | 01
#1091-d210 @A: 21 35 01 05 | 07
#1092-d210 @A: 10 16 14 32 | 05
#1093-d210 @A: 16 32 25 12 | 04
#1094-d210 @A: 16 31 08 32 | 10
#1095-d210 @A: 29 08 32 05 | 08
#1096-d210 @A: 21 01 25 32 | 02
#1097-d210 @A: 02 05 31 30 | 09
#1098-d210 @A: 16 28 14 02 | 06
#1099-d210 @A: 02 01 26 09 | 11
#1100-d210 @A: 12 25 06 31 | 03
#1101-d210 @A: 21 06 29 01 | 12
#1102-d210 @A: 04 11 30 10 | 01
#1103-d210 @A: 10 16 11 21 | 07
#1104-d210 @A: 10 21 15 12 | 05
#1105-d210 @A: 04 09 10 31 | 04
#1106-d210 @A: 01 14 21 10 | 10
#1107-d210 @A: 13 11 12 29 | 08
#1108-d210 @A: 11 28 26 13 | 02
#1109-d210 @A: 21 05 30 11 | 09
#1110-d210 @A: 29 01 15 12 | 06
#1111-d210 @A: 30 25 16 01 | 11
#1112-d210 @A: 34 22 20 05 | 03
#1113-d210 @A: 31 27 34 22 | 12
#1114-d210 @A: 22 34 28 26 | 01
#1115-d210 @A: 34 20 12 02 | 07
#1116-d210 @A: 18 15 24 34 | 05
#1117-d210 @A: 18 34 12 27 | 04
#1118-d210 @A: 15 27 34 19 | 10
#1119-d210 @A: 23 14 02 34 | 08
#1120-d210 @A: 12 07 34 25 | 02
#1121-d210 @A: 29 33 15 34 | 09
#1122-d210 @A: 21 19 34 09 | 06
#1123-d210 @A: 34 32 10 15 | 11
#1124-d210 @A: 21 34 31 29 | 03
#1125-d210 @A: 34 25 26 08 | 12
#1126-d210 @A: 22 04 24 19 | 01
#1127-d210 @A: 15 22 17 03 | 07
#1128-d210 @A: 12 23 22 03 | 05
#1129-d210 @A: 07 14 22 03 | 04
#1130-d210 @A: 22 02 03 30 | 10
#1131-d210 @A: 17 18 22 26 | 08
#1132-d210 @A: 23 22 19 25 | 02
#1133-d210 @A: 10 23 28 22 | 09
#1134-d210 @A: 04 22 23 26 | 06
#1135-d210 @A: 31 22 07 18 | 11
#1136-d210 @A: 07 22 09 35 | 03
#1137-d210 @A: 07 12 11 22 | 12
#1138-d210 @A: 22 32 33 06 | 01
#1139-d210 @A: 05 22 29 33 | 07
#1140-d210 @A: 35 18 13 22 | 05
#1141-d210 @A: 29 18 25 22 | 04
#1142-d210 @A: 22 11 35 26 | 10
#1143-d210 @A: 26 13 32 22 | 08
#1144-d210 @A: 05 22 02 10 | 02
#1145-d210 @A: 25 01 06 22 | 09
#1146-d210 @A: 27 20 03 26 | 06
#1147-d210 @A: 33 27 25 20 | 11
#1148-d210 @A: 02 27 13 20 | 03
#1149-d210 @A: 20 07 21 23 | 12
#1150-d210 @A: 14 20 18 23 | 01
#1151-d210 @A: 05 20 07 11 | 07
#1152-d210 @A: 05 06 33 20 | 05
#1153-d210 @A: 05 04 20 19 | 04
#1154-d210 @A: 05 31 13 20 | 10
#1155-d210 @A: 13 21 28 20 | 08
#1156-d210 @A: 03 33 24 23 | 02
#1157-d210 @A: 03 08 24 11 | 09
#1158-d210 @A: 17 24 23 14 | 06
#1159-d210 @A: 10 13 24 17 | 11
#1160-d210 @A: 17 24 11 15 | 03
#1161-d210 @A: 10 27 12 24 | 12
#1162-d210 @A: 24 19 30 23 | 01
#1163-d210 @A: 07 14 24 31 | 07
#1164-d210 @A: 14 24 26 33 | 05
#1165-d210 @A: 13 24 18 19 | 04
#1166-d210 @A: 24 21 32 11 | 10
#1167-d210 @A: 31 30 32 24 | 08
#1168-d210 @A: 30 24 12 02 | 02
#1169-d210 @A: 31 08 24 04 | 09
#1170-d210 @A: 16 24 31 26 | 06
#1171-d210 @A: 04 24 09 13 | 11
#1172-d210 @A: 21 09 24 25 | 03
#1173-d210 @A: 13 03 27 25 | 12
#1174-d210 @A: 03 06 07 15 | 01
#1175-d210 @A: 07 11 26 03 | 07
#1176-d210 @A: 03 33 21 02 | 05
#1177-d210 @A: 35 32 03 14 | 04
#1178-d210 @A: 28 26 03 35 | 10
#1179-d210 @A: 03 11 32 31 | 08
#1180-d210 @A: 30 09 05 03 | 02
#1181-d210 @A: 14 01 03 30 | 09
#1182-d210 @A: 14 15 17 27 | 06
#1183-d210 @A: 18 17 33 04 | 11
#1184-d210 @A: 01 17 31 33 | 03
#1185-d210 @A: 18 17 12 21 | 12
#1186-d210 @A: 15 17 19 06 | 01
#1187-d210 @A: 28 35 17 10 | 07
#1188-d210 @A: 10 08 17 09 | 05
#1189-d210 @A: 17 16 14 25 | 04
#1190-d210 @A: 23 26 27 32 | 10
#1191-d210 @A: 11 28 27 23 | 08
#1192-d210 @A: 05 33 10 27 | 02
#1193-d210 @A: 14 27 06 35 | 09
#1194-d210 @A: 01 02 11 27 | 06
#1195-d210 @A: 06 16 25 27 | 11
#1196-d210 @A: 21 27 31 25 | 03
#1197-d210 @A: 28 30 27 25 | 12
#1198-d210 @A: 23 16 11 07 | 01
#1199-d210 @A: 10 02 08 23 | 07
#1200-d210 @A: 23 16 13 28 | 05
#1201-d210 @A: 23 15 21 04 | 04
#1202-d210 @A: 08 07 32 11 | 10
#1203-d210 @A: 07 06 13 08 | 08
#1204-d210 @A: 29 21 07 09 | 02
#1205-d210 @A: 26 09 04 07 | 09
#1206-d210 @A: 14 08 15 07 | 06
#1207-d210 @A: 05 19 33 18 | 11
#1208-d210 @A: 33 25 32 26 | 03
#1209-d210 @A: 31 04 33 26 | 12
#1210-d210 @A: 33 30 29 21 | 01
#1211-d210 @A: 16 18 32 19 | 07
#1212-d210 @A: 30 06 18 10 | 05
#1213-d210 @A: 18 12 04 29 | 04
#1214-d210 @A: 12 05 09 18 | 10
#1215-d210 @A: 19 09 35 06 | 08
#1216-d210 @A: 19 10 06 21 | 02
#1217-d210 @A: 01 11 19 08 | 09
#1218-d210 @A: 19 08 21 28 | 06
#1219-d210 @A: 28 26 30 19 | 11
#1220-d210 @A: 15 19 09 08 | 03
#1221-d210 @A: 31 21 35 26 | 12
#1222-d210 @A: 25 35 09 16 | 01
#1223-d210 @A: 35 13 08 05 | 07
#1224-d210 @A: 11 06 32 04 | 05
#1225-d210 @A: 06 32 15 13 | 04
#1226-d210 @A: 21 10 13 02 | 10
#1227-d210 @A: 02 30 04 01 | 08
#1228-d210 @A: 04 02 26 05 | 02
#1229-d210 @A: 14 06 29 12 | 09
#1230-d210 @A: 15 29 06 21 | 06
#1231-d210 @A: 31 10 15 11 | 11
#1232-d210 @A: 12 28 10 04 | 03
#1233-d210 @A: 16 04 10 01 | 12
#1234-d210 @A: 08 11 30 12 | 01
#1235-d210 @A: 29 31 11 16 | 07
#1236-d210 @A: 11 25 16 13 | 05
#1237-d210 @A: 15 31 21 01 | 04
#1238-d210 @A: 01 26 28 29 | 10
#1239-d210 @A: 01 28 16 21 | 08
#1240-d210 @A: 08 30 01 05 | 02
#1241-d210 @A: 20 29 34 17 | 09
#1242-d210 @A: 34 21 20 26 | 06
#1243-d210 @A: 02 13 24 34 | 11
#1244-d210 @A: 03 10 34 28 | 03
#1245-d210 @A: 09 34 03 13 | 12
#1246-d210 @A: 17 19 12 34 | 01
#1247-d210 @A: 34 21 17 02 | 07
#1248-d210 @A: 27 13 28 34 | 05
#1249-d210 @A: 34 07 15 23 | 04
#1250-d210 @A: 19 05 23 34 | 10
#1251-d210 @A: 07 01 13 34 | 08
#1252-d210 @A: 19 13 34 33 | 02
#1253-d210 @A: 29 01 34 33 | 09
#1254-d210 @A: 25 34 19 11 | 06
#1255-d210 @A: 34 08 32 35 | 11
#1256-d210 @A: 01 09 08 34 | 03
#1257-d210 @A: 05 26 34 09 | 12
#1258-d210 @A: 34 13 14 25 | 01
#1259-d210 @A: 03 31 20 22 | 07
#1260-d210 @A: 17 22 20 25 | 05
#1261-d210 @A: 22 20 19 30 | 04
#1262-d210 @A: 18 28 22 24 | 10
#1263-d210 @A: 22 03 08 33 | 08
#1264-d210 @A: 03 22 35 05 | 02
#1265-d210 @A: 27 22 28 35 | 09
#1266-d210 @A: 16 32 27 22 | 06
#1267-d210 @A: 08 07 22 23 | 11
#1268-d210 @A: 07 15 10 22 | 03
#1269-d210 @A: 01 33 22 16 | 12
#1270-d210 @A: 08 18 22 10 | 01
#1271-d210 @A: 06 22 05 19 | 07
#1272-d210 @A: 30 22 10 35 | 05
#1273-d210 @A: 16 12 04 22 | 04
#1274-d210 @A: 09 22 16 28 | 10
#1275-d210 @A: 22 21 05 08 | 08
#1276-d210 @A: 24 05 08 20 | 02
#1277-d210 @A: 03 29 11 20 | 09
#1278-d210 @A: 17 20 19 35 | 06
#1279-d210 @A: 27 20 10 15 | 11
#1280-d210 @A: 20 21 05 27 | 03
#1281-d210 @A: 08 20 12 23 | 12
#1282-d210 @A: 18 26 20 32 | 01
#1283-d210 @A: 05 25 20 35 | 07
#1284-d210 @A: 25 04 32 20 | 05
#1285-d210 @A: 05 13 01 20 | 04
#1286-d210 @A: 15 25 20 16 | 10
#1287-d210 @A: 03 30 24 07 | 08
#1288-d210 @A: 27 06 24 31 | 02
#1289-d210 @A: 06 27 01 24 | 09
#1290-d210 @A: 27 15 24 30 | 06
#1291-d210 @A: 24 32 18 14 | 11
#1292-d210 @A: 28 19 24 35 | 03
#1293-d210 @A: 10 19 08 24 | 12
#1294-d210 @A: 24 21 35 06 | 01
#1295-d210 @A: 24 28 15 12 | 07
#1296-d210 @A: 09 08 29 24 | 05
#1297-d210 @A: 03 27 05 17 | 04
#1298-d210 @A: 28 03 33 17 | 10
#1299-d210 @A: 13 03 26 17 | 08
#1300-d210 @A: 03 21 15 27 | 02
#1301-d210 @A: 33 12 09 03 | 09
#1302-d210 @A: 18 02 03 13 | 06
#1303-d210 @A: 02 04 03 32 | 11
#1304-d210 @A: 31 12 16 03 | 03
#1305-d210 @A: 08 03 31 29 | 12
#1306-d210 @A: 04 03 16 28 | 01
#1307-d210 @A: 03 09 01 21 | 07
#1308-d210 @A: 25 19 17 07 | 05
#1309-d210 @A: 07 02 08 17 | 04
#1310-d210 @A: 33 29 12 17 | 10
#1311-d210 @A: 35 14 17 18 | 08
#1312-d210 @A: 17 32 28 18 | 02
#1313-d210 @A: 17 19 28 14 | 09
#1314-d210 @A: 12 25 01 17 | 06
#1315-d210 @A: 26 05 17 12 | 11
#1316-d210 @A: 17 08 15 29 | 03
#1317-d210 @A: 15 30 17 01 | 12
#1318-d210 @A: 23 27 05 29 | 01
#1319-d210 @A: 26 01 27 23 | 07
#1320-d210 @A: 27 25 18 07 | 05
#1321-d210 @A: 07 27 16 04 | 04
#1322-d210 @A: 33 11 29 27 | 10
#1323-d210 @A: 31 32 18 27 | 08
#1324-d210 @A: 10 18 11 27 | 02
#1325-d210 @A: 10 32 27 13 | 09
#1326-d210 @A: 06 02 27 29 | 06
#1327-d210 @A: 29 27 09 12 | 11
#1328-d210 @A: 28 08 16 27 | 03
#1329-d210 @A: 29 09 01 27 | 12
#1330-d210 @A: 26 04 13 27 | 01
#1331-d210 @A: 27 13 21 09 | 07
#1332-d210 @A: 13 21 23 11 | 05
#1333-d210 @A: 29 23 26 15 | 04
#1334-d210 @A: 23 25 05 04 | 10
#1335-d210 @A: 04 16 14 23 | 08
#1336-d210 @A: 30 07 18 16 | 02
#1337-d210 @A: 31 19 32 07 | 09
#1338-d210 @A: 28 07 05 19 | 06
#1339-d210 @A: 12 21 07 28 | 11
#1340-d210 @A: 15 09 12 07 | 03
#1341-d210 @A: 07 01 28 31 | 12
#1342-d210 @A: 35 33 12 06 | 01
#1343-d210 @A: 33 11 02 15 | 07
#1344-d210 @A: 33 30 09 25 | 05
#1345-d210 @A: 26 05 33 13 | 04
#1346-d210 @A: 35 19 31 18 | 10
#1347-d210 @A: 29 32 02 18 | 08
#1348-d210 @A: 10 32 18 04 | 02
#1349-d210 @A: 18 28 30 15 | 09
#1350-d210 @A: 18 29 26 21 | 06
#1351-d210 @A: 18 04 08 13 | 11
#1352-d210 @A: 09 25 18 26 | 03
#1353-d210 @A: 19 04 02 35 | 12
#1354-d210 @A: 19 26 15 11 | 01
#1355-d210 @A: 19 25 12 09 | 07
#1356-d210 @A: 19 31 04 01 | 05
#1357-d210 @A: 19 30 21 25 | 04
#1358-d210 @A: 32 01 35 26 | 10
#1359-d210 @A: 06 35 30 11 | 08
#1360-d210 @A: 10 29 01 35 | 02
#1361-d210 @A: 21 35 28 16 | 09
#1362-d210 @A: 35 09 13 26 | 06
#1363-d210 @A: 26 31 32 02 | 11
#1364-d210 @A: 16 28 11 32 | 03
#1365-d210 @A: 04 32 31 12 | 12
#1366-d210 @A: 32 12 28 05 | 01
#1367-d210 @A: 29 13 21 32 | 07
#1368-d210 @A: 13 32 14 04 | 05
#1369-d210 @A: 01 28 02 15 | 04
#1370-d210 @A: 09 29 25 02 | 10
#1371-d210 @A: 16 13 02 29 | 08
#1372-d210 @A: 15 02 05 29 | 02
#1373-d210 @A: 21 02 09 05 | 09
#1374-d210 @A: 02 15 21 26 | 06
#1375-d210 @A: 26 09 12 06 | 11
#1376-d210 @A: 09 06 16 13 | 03
#1377-d210 @A: 30 26 13 06 | 12
#1378-d210 @A: 09 10 11 05 | 01
#1379-d210 @A: 12 09 10 14 | 07
#1380-d210 @A: 12 30 16 10 | 05
#1381-d210 @A: 05 21 31 10 | 04
#1382-d210 @A: 13 09 10 29 | 10
#1383-d210 @A: 26 12 11 01 | 08
#1384-d210 @A: 31 11 04 21 | 02
#1385-d210 @A: 15 28 21 11 | 09
#1386-d210 @A: 15 11 29 09 | 06
#1387-d210 @A: 29 30 11 26 | 11
#1388-d210 @A: 05 13 11 04 | 03
#1389-d210 @A: 01 08 31 14 | 12
#1390-d210 @A: 01 26 29 14 | 01
#1391-d210 @A: 24 22 08 34 | 07
#1392-d210 @A: 33 34 25 22 | 05
#1393-d210 @A: 22 34 15 02 | 04
#1394-d210 @A: 06 12 34 22 | 10
#1395-d210 @A: 24 12 34 32 | 08
#1396-d210 @A: 34 03 07 05 | 02
#1397-d210 @A: 03 19 30 34 | 09
#1398-d210 @A: 34 16 32 17 | 06
#1399-d210 @A: 34 15 28 17 | 11
#1400-d210 @A: 14 17 34 26 | 03
#1401-d210 @A: 34 29 30 27 | 12
#1402-d210 @A: 34 23 08 18 | 01
#1403-d210 @A: 11 29 34 23 | 07
#1404-d210 @A: 34 33 21 32 | 05
#1405-d210 @A: 18 34 10 29 | 04
#1406-d210 @A: 30 34 21 18 | 10
#1407-d210 @A: 08 04 19 34 | 08
#1408-d210 @A: 25 35 34 02 | 02
#1409-d210 @A: 06 15 01 34 | 09
#1410-d210 @A: 34 12 13 30 | 06
#1411-d210 @A: 14 34 05 29 | 11
#1412-d210 @A: 09 32 20 22 | 03
#1413-d210 @A: 15 06 22 20 | 12
#1414-d210 @A: 22 06 26 03 | 01
#1415-d210 @A: 12 22 01 27 | 07
#1416-d210 @A: 22 31 02 23 | 05
#1417-d210 @A: 22 33 09 10 | 04
#1418-d210 @A: 22 14 02 32 | 10
#1419-d210 @A: 17 24 20 30 | 08
#1420-d210 @A: 20 27 24 16 | 02
#1421-d210 @A: 15 07 24 20 | 09
#1422-d210 @A: 11 24 10 20 | 06
#1423-d210 @A: 07 31 20 27 | 11
#1424-d210 @A: 27 29 19 20 | 03
#1425-d210 @A: 32 02 20 23 | 12
#1426-d210 @A: 26 07 19 20 | 01
#1427-d210 @A: 29 07 35 20 | 07
#1428-d210 @A: 32 28 33 20 | 05
#1429-d210 @A: 21 31 20 33 | 04
#1430-d210 @A: 30 20 02 18 | 10
#1431-d210 @A: 28 20 06 18 | 08
#1432-d210 @A: 11 35 20 08 | 02
#1433-d210 @A: 28 25 20 12 | 09
#1434-d210 @A: 25 31 29 20 | 06
#1435-d210 @A: 25 20 26 14 | 11
#1436-d210 @A: 06 17 24 26 | 03
#1437-d210 @A: 27 24 07 23 | 12
#1438-d210 @A: 32 24 23 16 | 01
#1439-d210 @A: 33 24 19 15 | 07
#1440-d210 @A: 33 35 30 24 | 05
#1441-d210 @A: 32 09 24 06 | 04
#1442-d210 @A: 04 26 24 12 | 10
#1443-d210 @A: 08 24 13 12 | 08
#1444-d210 @A: 14 13 28 24 | 02
#1445-d210 @A: 05 24 26 29 | 09
#1446-d210 @A: 09 24 15 14 | 06
#1447-d210 @A: 13 01 24 16 | 11
#1448-d210 @A: 07 03 04 17 | 03
#1449-d210 @A: 06 12 03 17 | 12
#1450-d210 @A: 16 17 03 11 | 01
#1451-d210 @A: 03 31 33 27 | 07
#1452-d210 @A: 12 27 03 11 | 05
#1453-d210 @A: 23 32 03 13 | 04
#1454-d210 @A: 09 03 10 18 | 10
#1455-d210 @A: 12 10 32 03 | 08
#1456-d210 @A: 06 03 14 02 | 02
#1457-d210 @A: 04 01 11 03 | 09
#1458-d210 @A: 29 03 09 16 | 06
#1459-d210 @A: 26 04 03 08 | 11
#1460-d210 @A: 15 01 25 03 | 03
#1461-d210 @A: 01 27 17 07 | 12
#1462-d210 @A: 11 17 04 23 | 01
#1463-d210 @A: 16 07 17 26 | 07
#1464-d210 @A: 17 33 26 10 | 05
#1465-d210 @A: 17 11 33 14 | 04
#1466-d210 @A: 21 17 19 04 | 10
#1467-d210 @A: 26 17 35 29 | 08
#1468-d210 @A: 06 02 17 13 | 02
#1469-d210 @A: 02 12 04 17 | 09
#1470-d210 @A: 06 17 11 10 | 06
#1471-d210 @A: 09 04 17 29 | 11
#1472-d210 @A: 16 30 08 17 | 03
#1473-d210 @A: 17 08 26 01 | 12
#1474-d210 @A: 35 26 07 27 | 01
#1475-d210 @A: 33 30 19 27 | 07
#1476-d210 @A: 27 18 21 28 | 05
#1477-d210 @A: 16 27 29 18 | 04
#1478-d210 @A: 02 19 27 09 | 10
#1479-d210 @A: 11 27 05 32 | 08
#1480-d210 @A: 32 27 05 01 | 02
#1481-d210 @A: 27 04 15 06 | 09
#1482-d210 @A: 26 12 27 25 | 06
#1483-d210 @A: 16 27 14 12 | 11
#1484-d210 @A: 14 27 31 28 | 03
#1485-d210 @A: 30 04 27 08 | 12
#1486-d210 @A: 18 33 23 28 | 01
#1487-d210 @A: 33 08 23 29 | 07
#1488-d210 @A: 12 23 06 18 | 05
#1489-d210 @A: 35 26 23 06 | 04
#1490-d210 @A: 31 25 35 23 | 10
#1491-d210 @A: 01 23 32 16 | 08
#1492-d210 @A: 23 16 01 11 | 02
#1493-d210 @A: 15 14 31 23 | 09
#1494-d210 @A: 23 04 30 28 | 06
#1495-d210 @A: 18 07 05 02 | 11
#1496-d210 @A: 07 14 35 19 | 03
#1497-d210 @A: 07 01 30 11 | 12
#1498-d210 @A: 29 28 25 07 | 01
#1499-d210 @A: 26 28 14 07 | 07
#1500-d210 @A: 07 09 16 14 | 05
#1501-d210 @A: 13 07 30 25 | 04
#1502-d210 @A: 13 15 07 05 | 10
#1503-d210 @A: 33 01 19 02 | 08
#1504-d210 @A: 19 11 33 12 | 02
#1505-d210 @A: 09 32 33 11 | 09
#1506-d210 @A: 33 16 06 02 | 06
#1507-d210 @A: 33 06 14 08 | 11
#1508-d210 @A: 33 21 01 11 | 03
#1509-d210 @A: 28 33 31 12 | 12
#1510-d210 @A: 16 33 29 28 | 01
#1511-d210 @A: 28 01 33 09 | 07
#1512-d210 @A: 18 01 21 19 | 05
#1513-d210 @A: 12 18 10 35 | 04
#1514-d210 @A: 04 02 18 06 | 10
#1515-d210 @A: 06 13 31 18 | 08
#1516-d210 @A: 25 14 18 06 | 02
#1517-d210 @A: 18 21 04 05 | 09
#1518-d210 @A: 05 15 08 18 | 06
#1519-d210 @A: 14 13 18 26 | 11
#1520-d210 @A: 29 10 35 19 | 03
#1521-d210 @A: 01 19 05 12 | 12
#1522-d210 @A: 01 09 25 19 | 01
#1523-d210 @A: 13 19 25 08 | 07
#1524-d210 @A: 08 12 35 16 | 05
#1525-d210 @A: 29 35 30 04 | 04
#1526-d210 @A: 16 29 35 15 | 10
#1527-d210 @A: 16 01 15 35 | 08
#1528-d210 @A: 21 02 11 29 | 02
#1529-d210 @A: 09 12 16 02 | 09
#1530-d210 @A: 14 02 15 12 | 06
#1531-d210 @A: 02 31 01 05 | 11
#1532-d210 @A: 21 28 02 30 | 03
#1533-d210 @A: 21 30 06 31 | 12
#1534-d210 @A: 16 08 01 06 | 01
#1535-d210 @A: 05 14 06 13 | 07
#1536-d210 @A: 10 11 14 13 | 05
#1537-d210 @A: 08 15 10 28 | 04
#1538-d210 @A: 10 05 08 04 | 10
#1539-d210 @A: 16 26 04 10 | 08
#1540-d210 @A: 01 08 25 10 | 02
#1541-d210 @A: 12 15 04 11 | 09
#1542-d210 @A: 14 25 11 28 | 06
#1543-d210 @A: 16 05 08 11 | 11
#1544-d210 @A: 11 05 15 14 | 03
#1545-d210 @A: 04 21 01 12 | 12
#1546-d210 @A: 19 22 34 18 | 01
#1547-d210 @A: 34 25 03 20 | 07
#1548-d210 @A: 21 34 24 07 | 05
#1549-d210 @A: 34 18 31 03 | 04
#1550-d210 @A: 32 34 03 29 | 10
#1551-d210 @A: 23 34 17 30 | 08
#1552-d210 @A: 27 21 04 34 | 02
#1553-d210 @A: 34 23 01 04 | 09
#1554-d210 @A: 26 34 07 18 | 06
#1555-d210 @A: 34 18 11 04 | 11
#1556-d210 @A: 34 19 26 35 | 03
#1557-d210 @A: 06 13 10 34 | 12
#1558-d210 @A: 26 31 13 34 | 01
#1559-d210 @A: 31 34 25 05 | 07
#1560-d210 @A: 04 28 09 34 | 05
#1561-d210 @A: 21 34 25 28 | 04
#1562-d210 @A: 22 20 21 11 | 10
#1563-d210 @A: 30 22 20 01 | 08
#1564-d210 @A: 22 24 05 11 | 02
#1565-d210 @A: 10 13 03 22 | 09
#1566-d210 @A: 22 03 05 01 | 06
#1567-d210 @A: 02 33 22 17 | 11
#1568-d210 @A: 17 11 22 28 | 03
#1569-d210 @A: 05 22 30 27 | 12
#1570-d210 @A: 09 11 23 22 | 01
#1571-d210 @A: 08 01 22 07 | 07
#1572-d210 @A: 22 07 30 26 | 05
#1573-d210 @A: 33 26 21 22 | 04
#1574-d210 @A: 13 16 22 19 | 10
#1575-d210 @A: 25 12 05 22 | 08
#1576-d210 @A: 05 04 14 22 | 02
#1577-d210 @A: 26 25 22 15 | 09
#1578-d210 @A: 33 20 35 03 | 06
#1579-d210 @A: 17 20 23 01 | 11
#1580-d210 @A: 07 20 17 13 | 03
#1581-d210 @A: 06 17 08 20 | 12
#1582-d210 @A: 20 10 21 17 | 01
#1583-d210 @A: 30 35 20 27 | 07
#1584-d210 @A: 04 27 11 20 | 05
#1585-d210 @A: 15 23 05 20 | 04
#1586-d210 @A: 02 25 07 20 | 10
#1587-d210 @A: 35 15 20 09 | 08
#1588-d210 @A: 12 05 16 20 | 02
#1589-d210 @A: 28 26 20 05 | 09
#1590-d210 @A: 20 29 08 01 | 06
#1591-d210 @A: 30 05 20 14 | 11
#1592-d210 @A: 03 05 06 24 | 03
#1593-d210 @A: 16 24 15 03 | 12
#1594-d210 @A: 24 18 25 17 | 01
#1595-d210 @A: 17 12 24 16 | 07
#1596-d210 @A: 18 24 01 23 | 05
#1597-d210 @A: 11 23 24 26 | 04
#1598-d210 @A: 18 31 24 10 | 10
#1599-d210 @A: 05 10 35 24 | 08
#1600-d210 @A: 11 35 12 24 | 02
#1601-d210 @A: 12 24 01 35 | 09
#1602-d210 @A: 08 24 28 26 | 06
#1603-d210 @A: 14 04 24 30 | 11
#1604-d210 @A: 08 14 24 21 | 03
#1605-d210 @A: 03 18 14 27 | 12
#1606-d210 @A: 03 23 18 26 | 01
#1607-d210 @A: 23 09 06 03 | 07
#1608-d210 @A: 23 01 03 29 | 05
#1609-d210 @A: 25 07 03 35 | 04
#1610-d210 @A: 33 19 26 03 | 10
#1611-d210 @A: 03 06 32 19 | 08
#1612-d210 @A: 09 11 35 03 | 02
#1613-d210 @A: 26 10 02 03 | 09
#1614-d210 @A: 10 04 29 03 | 06
#1615-d210 @A: 12 03 26 29 | 11
#1616-d210 @A: 13 03 05 29 | 03
#1617-d210 @A: 03 09 08 14 | 12
#1618-d210 @A: 17 27 25 35 | 01
#1619-d210 @A: 17 23 35 08 | 07
#1620-d210 @A: 10 07 14 17 | 05
#1621-d210 @A: 08 17 33 19 | 04
#1622-d210 @A: 17 16 18 02 | 10
#1623-d210 @A: 02 10 15 17 | 08
#1624-d210 @A: 15 17 12 25 | 02
#1625-d210 @A: 28 31 16 17 | 09
#1626-d210 @A: 13 25 17 28 | 06
#1627-d210 @A: 05 28 17 01 | 11
#1628-d210 @A: 29 17 25 21 | 03
#1629-d210 @A: 05 16 13 17 | 12
#1630-d210 @A: 05 27 06 07 | 01
#1631-d210 @A: 27 35 08 33 | 07
#1632-d210 @A: 35 27 02 31 | 05
#1633-d210 @A: 11 27 02 25 | 04
#1634-d210 @A: 27 06 09 10 | 10
#1635-d210 @A: 27 30 31 13 | 08
#1636-d210 @A: 26 27 29 28 | 02
#1637-d210 @A: 05 07 23 10 | 09
#1638-d210 @A: 07 31 23 04 | 06
#1639-d210 @A: 23 10 04 19 | 11
#1640-d210 @A: 06 02 30 23 | 03
#1641-d210 @A: 23 02 04 09 | 12
#1642-d210 @A: 02 23 25 01 | 01
#1643-d210 @A: 23 06 01 31 | 07
#1644-d210 @A: 02 33 28 07 | 05
#1645-d210 @A: 32 30 07 10 | 04
#1646-d210 @A: 07 29 06 31 | 10
#1647-d210 @A: 31 15 07 26 | 08
#1648-d210 @A: 07 15 28 16 | 02
#1649-d210 @A: 33 09 31 02 | 09
#1650-d210 @A: 10 33 28 30 | 06
#1651-d210 @A: 33 11 30 13 | 11
#1652-d210 @A: 33 31 15 30 | 03
#1653-d210 @A: 26 28 33 15 | 12
#1654-d210 @A: 33 26 30 08 | 01
#1655-d210 @A: 18 21 19 02 | 07
#1656-d210 @A: 19 04 09 18 | 05
#1657-d210 @A: 13 18 12 28 | 04
#1658-d210 @A: 28 05 18 25 | 10
#1659-d210 @A: 18 14 01 25 | 08
#1660-d210 @A: 04 28 19 31 | 02
#1661-d210 @A: 26 25 19 31 | 09
#1662-d210 @A: 25 16 19 28 | 06
#1663-d210 @A: 29 13 26 19 | 11
#1664-d210 @A: 19 14 26 04 | 03
#1665-d210 @A: 11 25 32 35 | 12
#1666-d210 @A: 35 04 26 15 | 01
#1667-d210 @A: 35 09 05 14 | 07
#1668-d210 @A: 35 14 26 08 | 05
#1669-d210 @A: 10 02 11 32 | 04
#1670-d210 @A: 30 06 25 32 | 10
#1671-d210 @A: 29 30 28 32 | 08
#1672-d210 @A: 09 32 05 16 | 02
#1673-d210 @A: 30 15 14 32 | 09
#1674-d210 @A: 14 01 12 02 | 06
#1675-d210 @A: 14 29 26 02 | 11
#1676-d210 @A: 13 09 02 08 | 03
#1677-d210 @A: 12 06 13 21 | 12
#1678-d210 @A: 28 06 05 30 | 01
#1679-d210 @A: 06 28 14 15 | 07
#1680-d210 @A: 04 09 30 06 | 05
#1681-d210 @A: 04 13 06 25 | 04
#1682-d210 @A: 10 08 29 12 | 10
#1683-d210 @A: 31 29 26 10 | 08
#1684-d210 @A: 25 10 30 29 | 02
#1685-d210 @A: 10 15 29 14 | 09
#1686-d210 @A: 10 25 21 04 | 06
#1687-d210 @A: 25 11 01 31 | 11
#1688-d210 @A: 15 13 11 01 | 03
#1689-d210 @A: 12 01 16 09 | 12
