#0001-d220 @A: 20 12 31 11 | 02
#0002-d220 @A: 25 31 16 11 | 01
#0003-d220 @A: 21 11 22 31 | 09
#0004-d220 @A: 11 28 18 21 | 07
#0005-d220 @A: 17 21 11 07 | 10
#0006-d220 @A: 20 14 11 17 | 06
#0007-d220 @A: 21 11 09 19 | 05
#0008-d220 @A: 28 27 11 01 | 08
#0009-d220 @A: 02 20 11 28 | 11
#0010-d220 @A: 35 06 30 11 | 04
#0011-d220 @A: 30 05 02 11 | 12
#0012-d220 @A: 06 11 34 07 | 03
#0013-d220 @A: 11 20 34 13 | 02
#0014-d220 @A: 11 19 20 04 | 01
#0015-d220 @A: 20 11 10 06 | 09
#0016-d220 @A: 16 33 11 05 | 07
#0017-d220 @A: 33 12 02 11 | 10
#0018-d220 @A: 27 31 07 18 | 06
#0019-d220 @A: 32 17 26 31 | 05
#0020-d220 @A: 22 27 17 31 | 08
#0021-d220 @A: 31 28 09 12 | 11
#0022-d220 @A: 05 28 14 31 | 04
#0023-d220 @A: 31 03 01 33 | 12
#0024-d220 @A: 03 31 06 35 | 03
#0025-d220 @A: 31 23 14 13 | 02
#0026-d220 @A: 31 29 34 19 | 01
#0027-d220 @A: 21 19 23 31 | 09
#0028-d220 @A: 25 31 33 06 | 07
#0029-d220 @A: 31 29 16 08 | 10
#0030-d220 @A: 16 14 31 22 | 06
#0031-d220 @A: 12 31 26 05 | 05
#0032-d220 @A: 35 26 22 31 | 08
#0033-d220 @A: 27 31 21 12 | 11
#0034-d220 @A: 17 18 27 28 | 04
#0035-d220 @A: 02 29 18 28 | 12
#0036-d220 @A: 30 02 04 18 | 03
#0037-d220 @A: 18 34 01 06 | 02
#0038-d220 @A: 16 23 32 18 | 01
#0039-d220 @A: 05 32 08 18 | 09
#0040-d220 @A: 06 18 13 24 | 07
#0041-d220 @A: 06 18 25 08 | 10
#0042-d220 @A: 14 08 09 17 | 06
#0043-d220 @A: 28 15 04 17 | 05
#0044-d220 @A: 28 17 26 20 | 08
#0045-d220 @A: 30 07 17 02 | 11
#0046-d220 @A: 30 16 29 17 | 04
#0047-d220 @A: 08 04 01 17 | 12
#0048-d220 @A: 34 17 24 01 | 03
#0049-d220 @A: 17 06 15 14 | 02
#0050-d220 @A: 17 32 24 03 | 01
#0051-d220 @A: 03 07 12 17 | 09
#0052-d220 @A: 06 17 27 32 | 07
#0053-d220 @A: 24 29 07 17 | 10
#0054-d220 @A: 16 02 17 08 | 06
#0055-d220 @A: 05 17 10 16 | 05
#0056-d220 @A: 04 17 33 16 | 08
#0057-d220 @A: 05 02 26 17 | 11
#0058-d220 @A: 23 12 17 24 | 04
#0059-d220 @A: 02 17 23 10 | 12
#0060-d220 @A: 08 29 28 09 | 03
#0061-d220 @A: 06 35 28 09 | 02
#0062-d220 @A: 07 05 09 30 | 01
#0063-d220 @A: 25 27 30 09 | 09
#0064-d220 @A: 09 03 32 12 | 07
#0065-d220 @A: 09 05 03 27 | 10
#0066-d220 @A: 03 34 09 04 | 06
#0067-d220 @A: 33 09 25 20 | 05
#0068-d220 @A: 33 08 04 09 | 08
#0069-d220 @A: 09 02 21 26 | 11
#0070-d220 @A: 04 22 27 09 | 04
#0071-d220 @A: 10 20 28 30 | 12
#0072-d220 @A: 28 20 21 01 | 03
#0073-d220 @A: 28 03 27 15 | 02
#0074-d220 @A: 28 33 15 29 | 01
#0075-d220 @A: 28 33 13 32 | 09
#0076-d220 @A: 33 28 08 20 | 07
#0077-d220 @A: 12 04 28 08 | 10
#0078-d220 @A: 34 21 02 28 | 06
#0079-d220 @A: 24 28 02 14 | 05
#0080-d220 @A: 28 24 34 04 | 08
#0081-d220 @A: 10 28 24 23 | 11
#0082-d220 @A: 15 30 13 10 | 04
#0083-d220 @A: 15 14 30 21 | 12
#0084-d220 @A: 14 30 04 07 | 03
#0085-d220 @A: 30 12 13 06 | 02
#0086-d220 @A: 27 34 30 26 | 01
#0087-d220 @A: 05 30 33 22 | 09
#0088-d220 @A: 33 24 14 30 | 07
#0089-d220 @A: 10 30 27 33 | 10
#0090-d220 @A: 19 01 15 16 | 06
#0091-d220 @A: 15 06 01 35 | 05
#0092-d220 @A: 01 08 05 15 | 08
#0093-d220 @A: 03 01 12 23 | 11
#0094-d220 @A: 01 07 32 21 | 04
#0095-d220 @A: 20 01 32 34 | 12
#0096-d220 @A: 13 10 25 01 | 03
#0097-d220 @A: 01 14 21 05 | 02
#0098-d220 @A: 23 04 22 01 | 01
#0099-d220 @A: 23 02 24 01 | 09
#0100-d220 @A: 23 10 15 03 | 07
#0101-d220 @A: 29 15 07 35 | 10
#0102-d220 @A: 19 15 13 14 | 06
#0103-d220 @A: 15 13 05 25 | 05
#0104-d220 @A: 15 05 16 27 | 08
#0105-d220 @A: 24 34 08 15 | 11
#0106-d220 @A: 03 32 35 08 | 04
#0107-d220 @A: 20 03 25 35 | 12
#0108-d220 @A: 06 03 23 02 | 03
#0109-d220 @A: 34 03 05 16 | 02
#0110-d220 @A: 14 03 16 35 | 01
#0111-d220 @A: 22 03 27 34 | 09
#0112-d220 @A: 08 13 07 32 | 07
#0113-d220 @A: 07 29 32 26 | 10
#0114-d220 @A: 02 07 32 23 | 06
#0115-d220 @A: 32 20 29 33 | 05
#0116-d220 @A: 10 16 08 32 | 08
#0117-d220 @A: 34 32 04 26 | 11
#0118-d220 @A: 24 12 04 32 | 04
#0119-d220 @A: 20 07 13 05 | 12
#0120-d220 @A: 27 06 19 07 | 03
#0121-d220 @A: 16 34 22 07 | 02
#0122-d220 @A: 05 04 08 13 | 01
#0123-d220 @A: 35 13 26 02 | 09
#0124-d220 @A: 24 21 34 13 | 07
#0125-d220 @A: 12 35 21 13 | 10
#0126-d220 @A: 34 35 13 22 | 06
#0127-d220 @A: 33 19 24 16 | 05
#0128-d220 @A: 19 08 33 21 | 08
#0129-d220 @A: 08 19 23 22 | 11
#0130-d220 @A: 24 14 19 26 | 04
#0131-d220 @A: 14 21 02 19 | 12
#0132-d220 @A: 14 35 20 21 | 03
#0133-d220 @A: 21 33 20 10 | 02
#0134-d220 @A: 12 20 04 21 | 01
#0135-d220 @A: 20 27 35 05 | 09
#0136-d220 @A: 16 26 35 25 | 07
#0137-d220 @A: 25 16 24 05 | 10
#0138-d220 @A: 25 22 10 16 | 06
#0139-d220 @A: 33 25 05 08 | 05
#0140-d220 @A: 25 24 35 23 | 08
#0141-d220 @A: 33 10 25 35 | 11
#0142-d220 @A: 16 29 34 06 | 04
#0143-d220 @A: 23 35 05 29 | 12
#0144-d220 @A: 24 29 34 23 | 03
#0145-d220 @A: 06 14 21 16 | 02
#0146-d220 @A: 16 05 06 12 | 01
#0147-d220 @A: 08 04 26 06 | 09
#0148-d220 @A: 06 10 14 26 | 07
#0149-d220 @A: 24 21 33 06 | 10
#0150-d220 @A: 06 27 33 22 | 06
#0151-d220 @A: 27 02 16 23 | 05
#0152-d220 @A: 26 23 02 35 | 08
#0153-d220 @A: 11 32 31 07 | 11
#0154-d220 @A: 11 19 05 31 | 04
#0155-d220 @A: 24 11 28 09 | 12
#0156-d220 @A: 11 15 25 07 | 03
#0157-d220 @A: 26 15 19 11 | 02
#0158-d220 @A: 05 11 15 14 | 01
#0159-d220 @A: 26 32 33 11 | 09
#0160-d220 @A: 24 13 19 11 | 07
#0161-d220 @A: 08 11 26 27 | 10
#0162-d220 @A: 26 11 35 04 | 06
#0163-d220 @A: 21 34 11 35 | 05
#0164-d220 @A: 23 11 22 24 | 08
#0165-d220 @A: 22 12 34 11 | 11
#0166-d220 @A: 31 02 18 06 | 04
#0167-d220 @A: 22 09 31 30 | 12
#0168-d220 @A: 21 09 31 07 | 03
#0169-d220 @A: 23 09 04 31 | 02
#0170-d220 @A: 30 19 35 31 | 01
#0171-d220 @A: 14 06 30 31 | 09
#0172-d220 @A: 24 01 31 15 | 07
#0173-d220 @A: 01 31 26 29 | 10
#0174-d220 @A: 31 15 22 13 | 06
#0175-d220 @A: 31 03 13 12 | 05
#0176-d220 @A: 23 35 03 31 | 08
#0177-d220 @A: 20 32 16 31 | 11
#0178-d220 @A: 13 07 31 16 | 04
#0179-d220 @A: 31 06 13 10 | 12
#0180-d220 @A: 21 06 31 19 | 03
#0181-d220 @A: 19 14 31 10 | 02
#0182-d220 @A: 02 31 25 26 | 01
#0183-d220 @A: 31 16 34 04 | 09
#0184-d220 @A: 31 14 02 08 | 07
#0185-d220 @A: 26 31 24 33 | 10
#0186-d220 @A: 01 05 09 18 | 06
#0187-d220 @A: 32 04 18 09 | 05
#0188-d220 @A: 28 30 18 26 | 08
#0189-d220 @A: 19 01 20 18 | 11
#0190-d220 @A: 15 06 18 04 | 04
#0191-d220 @A: 07 19 02 18 | 12
#0192-d220 @A: 29 04 19 18 | 03
#0193-d220 @A: 25 10 18 20 | 02
#0194-d220 @A: 20 18 29 21 | 01
#0195-d220 @A: 18 33 25 29 | 09
#0196-d220 @A: 14 18 02 26 | 07
#0197-d220 @A: 34 17 09 29 | 10
#0198-d220 @A: 14 17 30 13 | 06
#0199-d220 @A: 23 17 32 01 | 05
#0200-d220 @A: 17 20 02 01 | 08
#0201-d220 @A: 17 06 01 10 | 11
#0202-d220 @A: 33 15 17 23 | 04
#0203-d220 @A: 03 34 17 35 | 12
#0204-d220 @A: 08 19 27 17 | 03
#0205-d220 @A: 25 17 20 12 | 02
#0206-d220 @A: 17 08 10 35 | 01
#0207-d220 @A: 05 12 17 34 | 09
#0208-d220 @A: 10 12 17 14 | 07
#0209-d220 @A: 27 04 17 34 | 10
#0210-d220 @A: 01 07 08 09 | 06
#0211-d220 @A: 16 09 15 07 | 05
#0212-d220 @A: 20 09 15 35 | 08
#0213-d220 @A: 06 09 22 13 | 11
#0214-d220 @A: 19 20 09 05 | 04
#0215-d220 @A: 05 09 08 12 | 12
#0216-d220 @A: 23 08 09 14 | 03
#0217-d220 @A: 24 12 27 09 | 02
#0218-d220 @A: 10 35 34 09 | 01
#0219-d220 @A: 24 28 15 20 | 09
#0220-d220 @A: 16 21 03 28 | 07
#0221-d220 @A: 04 28 32 29 | 10
#0222-d220 @A: 13 22 20 28 | 06
#0223-d220 @A: 14 08 28 21 | 05
#0224-d220 @A: 05 22 21 28 | 08
#0225-d220 @A: 33 35 34 28 | 11
#0226-d220 @A: 30 33 01 07 | 04
#0227-d220 @A: 30 04 01 21 | 12
#0228-d220 @A: 25 26 30 03 | 03
#0229-d220 @A: 21 03 30 06 | 02
#0230-d220 @A: 05 13 30 32 | 01
#0231-d220 @A: 19 13 16 30 | 09
#0232-d220 @A: 33 13 30 25 | 07
#0233-d220 @A: 02 30 34 08 | 10
#0234-d220 @A: 30 22 26 12 | 06
#0235-d220 @A: 10 30 04 12 | 05
#0236-d220 @A: 10 30 35 02 | 08
#0237-d220 @A: 01 24 03 21 | 11
#0238-d220 @A: 32 01 29 35 | 04
#0239-d220 @A: 24 01 06 07 | 12
#0240-d220 @A: 33 14 13 01 | 03
#0241-d220 @A: 29 21 25 01 | 02
#0242-d220 @A: 23 08 25 01 | 01
#0243-d220 @A: 29 27 14 01 | 09
#0244-d220 @A: 01 34 16 33 | 07
#0245-d220 @A: 21 02 01 35 | 10
#0246-d220 @A: 35 24 12 01 | 06
#0247-d220 @A: 05 15 06 07 | 05
#0248-d220 @A: 05 04 19 15 | 08
#0249-d220 @A: 25 06 15 22 | 11
#0250-d220 @A: 22 15 29 34 | 04
#0251-d220 @A: 21 15 35 16 | 12
#0252-d220 @A: 16 14 15 33 | 03
#0253-d220 @A: 22 27 08 15 | 02
#0254-d220 @A: 14 15 26 22 | 01
#0255-d220 @A: 15 14 10 02 | 09
#0256-d220 @A: 02 12 27 15 | 07
#0257-d220 @A: 25 03 08 07 | 10
#0258-d220 @A: 13 03 33 20 | 06
#0259-d220 @A: 22 02 03 13 | 05
#0260-d220 @A: 03 08 20 22 | 08
#0261-d220 @A: 23 03 22 26 | 11
#0262-d220 @A: 05 23 34 03 | 04
#0263-d220 @A: 14 33 02 03 | 12
#0264-d220 @A: 03 35 33 27 | 03
#0265-d220 @A: 10 07 25 32 | 02
#0266-d220 @A: 20 23 32 25 | 01
#0267-d220 @A: 21 32 05 16 | 09
#0268-d220 @A: 32 35 26 10 | 07
#0269-d220 @A: 12 07 16 04 | 10
#0270-d220 @A: 23 04 07 16 | 06
#0271-d220 @A: 07 27 21 08 | 05
#0272-d220 @A: 07 35 34 26 | 08
#0273-d220 @A: 12 05 27 07 | 11
#0274-d220 @A: 06 13 33 35 | 04
#0275-d220 @A: 16 13 21 04 | 12
#0276-d220 @A: 14 13 02 27 | 03
#0277-d220 @A: 25 19 14 12 | 02
#0278-d220 @A: 21 24 04 19 | 01
#0279-d220 @A: 22 19 24 27 | 09
#0280-d220 @A: 33 02 05 20 | 07
#0281-d220 @A: 20 34 04 35 | 10
#0282-d220 @A: 25 23 29 22 | 06
#0283-d220 @A: 04 25 16 06 | 05
#0284-d220 @A: 25 02 16 14 | 08
#0285-d220 @A: 25 24 08 04 | 11
#0286-d220 @A: 34 21 25 10 | 04
#0287-d220 @A: 22 34 24 25 | 12
#0288-d220 @A: 06 12 08 29 | 03
#0289-d220 @A: 23 16 29 08 | 02
#0290-d220 @A: 24 35 14 29 | 01
#0291-d220 @A: 06 22 14 08 | 09
#0292-d220 @A: 14 04 05 06 | 07
#0293-d220 @A: 11 31 24 17 | 10
#0294-d220 @A: 31 35 09 11 | 06
#0295-d220 @A: 15 35 18 11 | 05
#0296-d220 @A: 06 17 22 11 | 08
#0297-d220 @A: 15 11 09 04 | 11
#0298-d220 @A: 23 09 13 11 | 04
#0299-d220 @A: 11 01 22 35 | 12
#0300-d220 @A: 11 08 15 13 | 03
#0301-d220 @A: 14 15 23 11 | 02
#0302-d220 @A: 12 03 21 11 | 01
#0303-d220 @A: 11 05 06 32 | 09
#0304-d220 @A: 11 33 07 19 | 07
#0305-d220 @A: 25 11 21 13 | 10
#0306-d220 @A: 10 11 25 19 | 06
#0307-d220 @A: 14 27 11 16 | 05
#0308-d220 @A: 08 10 11 14 | 08
#0309-d220 @A: 31 18 10 29 | 11
#0310-d220 @A: 10 31 17 30 | 04
#0311-d220 @A: 29 33 17 31 | 12
#0312-d220 @A: 23 22 31 17 | 03
#0313-d220 @A: 31 16 01 09 | 02
#0314-d220 @A: 28 31 07 22 | 01
#0315-d220 @A: 32 31 30 25 | 09
#0316-d220 @A: 29 12 31 15 | 07
#0317-d220 @A: 24 31 15 23 | 10
#0318-d220 @A: 31 15 27 10 | 06
#0319-d220 @A: 21 03 31 04 | 05
#0320-d220 @A: 21 34 32 31 | 08
#0321-d220 @A: 31 07 06 29 | 11
#0322-d220 @A: 31 25 13 24 | 04
#0323-d220 @A: 27 26 31 16 | 12
#0324-d220 @A: 21 08 31 26 | 03
#0325-d220 @A: 33 35 31 08 | 02
#0326-d220 @A: 21 09 18 06 | 01
#0327-d220 @A: 14 09 18 24 | 09
#0328-d220 @A: 30 18 19 24 | 07
#0329-d220 @A: 30 18 23 08 | 10
#0330-d220 @A: 01 13 26 18 | 06
#0331-d220 @A: 18 06 10 03 | 05
#0332-d220 @A: 08 18 20 07 | 08
#0333-d220 @A: 14 29 07 18 | 11
#0334-d220 @A: 19 05 34 18 | 04
#0335-d220 @A: 18 23 21 24 | 12
#0336-d220 @A: 27 05 18 14 | 03
#0337-d220 @A: 35 34 18 12 | 02
#0338-d220 @A: 28 17 33 01 | 01
#0339-d220 @A: 16 28 35 17 | 09
#0340-d220 @A: 17 01 05 32 | 07
#0341-d220 @A: 24 35 17 15 | 10
#0342-d220 @A: 13 17 07 26 | 06
#0343-d220 @A: 13 17 02 25 | 05
#0344-d220 @A: 29 17 13 04 | 08
#0345-d220 @A: 06 08 20 17 | 11
#0346-d220 @A: 16 17 14 24 | 04
#0347-d220 @A: 08 23 17 21 | 12
#0348-d220 @A: 04 17 26 22 | 03
#0349-d220 @A: 33 17 26 14 | 02
#0350-d220 @A: 14 17 02 35 | 01
#0351-d220 @A: 26 03 09 28 | 09
#0352-d220 @A: 28 09 13 27 | 07
#0353-d220 @A: 19 28 02 09 | 10
#0354-d220 @A: 35 09 29 30 | 06
#0355-d220 @A: 30 24 23 09 | 05
#0356-d220 @A: 24 15 32 09 | 08
#0357-d220 @A: 21 03 09 25 | 11
#0358-d220 @A: 19 27 32 09 | 04
#0359-d220 @A: 09 22 32 29 | 12
#0360-d220 @A: 20 10 09 29 | 03
#0361-d220 @A: 09 05 04 16 | 02
#0362-d220 @A: 13 34 30 28 | 01
#0363-d220 @A: 28 32 25 15 | 09
#0364-d220 @A: 16 15 28 13 | 07
#0365-d220 @A: 06 28 24 32 | 10
#0366-d220 @A: 28 14 07 06 | 06
#0367-d220 @A: 28 07 26 33 | 05
#0368-d220 @A: 28 23 13 33 | 08
#0369-d220 @A: 06 28 23 22 | 11
#0370-d220 @A: 28 34 14 26 | 04
#0371-d220 @A: 22 02 35 28 | 12
#0372-d220 @A: 27 28 24 35 | 03
#0373-d220 @A: 03 01 02 30 | 02
#0374-d220 @A: 30 15 06 27 | 01
#0375-d220 @A: 30 19 02 25 | 09
#0376-d220 @A: 30 20 33 04 | 07
#0377-d220 @A: 30 06 10 25 | 10
#0378-d220 @A: 21 30 05 08 | 06
#0379-d220 @A: 30 21 26 10 | 05
#0380-d220 @A: 23 34 26 30 | 08
#0381-d220 @A: 14 05 10 30 | 11
#0382-d220 @A: 20 10 01 15 | 04
#0383-d220 @A: 03 01 14 20 | 12
#0384-d220 @A: 07 19 01 26 | 03
#0385-d220 @A: 01 12 25 06 | 02
#0386-d220 @A: 02 15 07 03 | 01
#0387-d220 @A: 25 10 03 15 | 09
#0388-d220 @A: 20 15 25 02 | 07
#0389-d220 @A: 15 06 33 20 | 10
#0390-d220 @A: 12 34 06 15 | 06
#0391-d220 @A: 15 08 04 16 | 05
#0392-d220 @A: 08 35 15 14 | 08
#0393-d220 @A: 15 24 04 22 | 11
#0394-d220 @A: 03 32 13 10 | 04
#0395-d220 @A: 03 07 05 19 | 12
#0396-d220 @A: 13 29 03 14 | 03
#0397-d220 @A: 29 03 27 26 | 02
#0398-d220 @A: 03 08 05 10 | 01
#0399-d220 @A: 12 08 27 03 | 09
#0400-d220 @A: 05 02 35 03 | 07
#0401-d220 @A: 10 32 12 29 | 10
#0402-d220 @A: 32 34 08 12 | 06
#0403-d220 @A: 32 08 23 27 | 05
#0404-d220 @A: 10 21 02 32 | 08
#0405-d220 @A: 22 05 23 32 | 11
#0406-d220 @A: 12 02 22 32 | 04
#0407-d220 @A: 07 16 05 14 | 12
#0408-d220 @A: 22 08 04 07 | 03
#0409-d220 @A: 10 24 07 04 | 02
#0410-d220 @A: 19 26 25 13 | 01
#0411-d220 @A: 06 27 13 25 | 09
#0412-d220 @A: 06 23 25 13 | 07
#0413-d220 @A: 13 14 34 16 | 10
#0414-d220 @A: 24 26 13 08 | 06
#0415-d220 @A: 05 14 13 35 | 05
#0416-d220 @A: 10 19 27 16 | 08
#0417-d220 @A: 19 08 12 02 | 11
#0418-d220 @A: 19 02 27 05 | 04
#0419-d220 @A: 04 14 20 16 | 12
#0420-d220 @A: 26 14 12 20 | 03
#0421-d220 @A: 25 33 21 16 | 02
#0422-d220 @A: 25 21 26 22 | 01
#0423-d220 @A: 14 27 10 25 | 09
#0424-d220 @A: 29 26 05 16 | 07
#0425-d220 @A: 29 21 35 04 | 10
#0426-d220 @A: 04 29 05 24 | 06
#0427-d220 @A: 29 12 35 22 | 05
#0428-d220 @A: 05 35 06 22 | 08
#0429-d220 @A: 27 04 06 02 | 11
#0430-d220 @A: 33 06 12 04 | 04
#0431-d220 @A: 31 34 03 11 | 12
#0432-d220 @A: 25 05 09 11 | 03
#0433-d220 @A: 16 11 28 07 | 02
#0434-d220 @A: 28 23 35 11 | 01
#0435-d220 @A: 01 11 20 33 | 09
#0436-d220 @A: 15 11 10 32 | 07
#0437-d220 @A: 11 29 06 15 | 10
#0438-d220 @A: 21 11 29 32 | 06
#0439-d220 @A: 02 11 27 32 | 05
#0440-d220 @A: 22 11 13 29 | 08
#0441-d220 @A: 29 04 11 16 | 11
#0442-d220 @A: 35 02 11 16 | 04
#0443-d220 @A: 05 22 26 11 | 12
#0444-d220 @A: 21 11 05 10 | 03
#0445-d220 @A: 24 27 04 11 | 02
#0446-d220 @A: 34 11 14 33 | 01
#0447-d220 @A: 31 09 18 08 | 09
#0448-d220 @A: 18 33 31 30 | 07
#0449-d220 @A: 23 28 29 31 | 10
#0450-d220 @A: 06 28 26 31 | 06
#0451-d220 @A: 31 30 23 12 | 05
#0452-d220 @A: 01 07 31 23 | 08
#0453-d220 @A: 32 31 08 15 | 11
#0454-d220 @A: 31 16 06 15 | 04
#0455-d220 @A: 29 03 22 31 | 12
#0456-d220 @A: 31 22 33 32 | 03
#0457-d220 @A: 19 08 13 31 | 02
#0458-d220 @A: 29 20 31 04 | 01
#0459-d220 @A: 06 08 24 31 | 09
#0460-d220 @A: 10 16 33 31 | 07
#0461-d220 @A: 31 22 10 24 | 10
#0462-d220 @A: 31 34 10 12 | 06
#0463-d220 @A: 09 18 28 33 | 05
#0464-d220 @A: 07 12 18 09 | 08
#0465-d220 @A: 02 16 09 18 | 11
#0466-d220 @A: 18 12 28 32 | 04
#0467-d220 @A: 19 08 18 28 | 12
#0468-d220 @A: 18 25 16 30 | 03
#0469-d220 @A: 01 18 02 15 | 02
#0470-d220 @A: 18 21 15 13 | 01
#0471-d220 @A: 18 35 07 03 | 09
#0472-d220 @A: 18 19 26 03 | 07
#0473-d220 @A: 20 32 18 27 | 10
#0474-d220 @A: 04 18 35 16 | 06
#0475-d220 @A: 32 09 17 16 | 05
#0476-d220 @A: 09 17 20 21 | 08
#0477-d220 @A: 02 03 28 17 | 11
#0478-d220 @A: 17 12 06 28 | 04
#0479-d220 @A: 30 17 32 04 | 12
#0480-d220 @A: 19 17 35 01 | 03
#0481-d220 @A: 17 16 22 01 | 02
#0482-d220 @A: 17 19 33 32 | 01
#0483-d220 @A: 17 19 02 06 | 09
#0484-d220 @A: 22 24 21 17 | 07
#0485-d220 @A: 22 17 05 14 | 10
#0486-d220 @A: 23 14 17 35 | 06
#0487-d220 @A: 17 04 12 02 | 05
#0488-d220 @A: 32 09 28 21 | 08
#0489-d220 @A: 09 26 01 12 | 11
#0490-d220 @A: 03 35 19 09 | 04
#0491-d220 @A: 32 02 25 09 | 12
#0492-d220 @A: 23 16 09 25 | 03
#0493-d220 @A: 06 05 09 23 | 02
#0494-d220 @A: 09 33 35 14 | 01
#0495-d220 @A: 28 12 19 15 | 09
#0496-d220 @A: 15 23 02 28 | 07
#0497-d220 @A: 28 06 08 13 | 10
#0498-d220 @A: 13 28 10 21 | 06
#0499-d220 @A: 29 20 12 28 | 05
#0500-d220 @A: 29 25 06 28 | 08
#0501-d220 @A: 22 25 04 28 | 11
#0502-d220 @A: 28 29 22 24 | 04
#0503-d220 @A: 34 23 16 28 | 12
#0504-d220 @A: 28 12 27 14 | 03
#0505-d220 @A: 30 19 10 01 | 02
#0506-d220 @A: 15 12 30 03 | 01
#0507-d220 @A: 19 30 33 03 | 09
#0508-d220 @A: 30 02 32 26 | 07
#0509-d220 @A: 30 07 13 35 | 10
#0510-d220 @A: 25 05 01 03 | 06
#0511-d220 @A: 03 06 04 01 | 05
#0512-d220 @A: 08 06 01 32 | 08
#0513-d220 @A: 29 06 01 13 | 11
#0514-d220 @A: 23 01 29 13 | 04
#0515-d220 @A: 19 04 01 25 | 12
#0516-d220 @A: 05 24 19 01 | 03
#0517-d220 @A: 21 01 16 27 | 02
#0518-d220 @A: 33 08 12 01 | 01
#0519-d220 @A: 34 26 22 01 | 09
#0520-d220 @A: 14 34 01 12 | 07
#0521-d220 @A: 14 01 33 23 | 10
#0522-d220 @A: 02 01 33 27 | 06
#0523-d220 @A: 32 12 07 15 | 05
#0524-d220 @A: 05 26 15 32 | 08
#0525-d220 @A: 07 15 20 27 | 11
#0526-d220 @A: 15 20 22 19 | 04
#0527-d220 @A: 33 15 34 05 | 12
#0528-d220 @A: 25 32 22 03 | 03
#0529-d220 @A: 13 16 25 03 | 02
#0530-d220 @A: 08 03 19 04 | 01
#0531-d220 @A: 03 16 20 10 | 09
#0532-d220 @A: 06 27 03 14 | 07
#0533-d220 @A: 08 03 26 16 | 10
#0534-d220 @A: 05 03 33 21 | 06
#0535-d220 @A: 13 25 12 32 | 05
#0536-d220 @A: 25 08 14 32 | 08
#0537-d220 @A: 32 26 12 27 | 11
#0538-d220 @A: 05 32 10 27 | 04
#0539-d220 @A: 35 32 04 33 | 12
#0540-d220 @A: 22 13 25 07 | 03
#0541-d220 @A: 29 07 20 16 | 02
#0542-d220 @A: 29 34 12 07 | 01
#0543-d220 @A: 07 24 06 23 | 09
#0544-d220 @A: 10 22 35 07 | 07
#0545-d220 @A: 23 10 07 14 | 10
#0546-d220 @A: 34 07 02 27 | 06
#0547-d220 @A: 33 04 07 34 | 05
#0548-d220 @A: 19 34 13 06 | 08
#0549-d220 @A: 19 13 27 04 | 11
#0550-d220 @A: 13 05 29 33 | 04
#0551-d220 @A: 13 14 12 08 | 12
#0552-d220 @A: 13 26 14 21 | 03
#0553-d220 @A: 14 10 22 13 | 02
#0554-d220 @A: 12 34 13 33 | 01
#0555-d220 @A: 29 33 19 35 | 09
#0556-d220 @A: 16 08 19 05 | 07
#0557-d220 @A: 26 19 23 05 | 10
#0558-d220 @A: 26 27 20 02 | 06
#0559-d220 @A: 20 35 26 33 | 05
#0560-d220 @A: 27 20 24 21 | 08
#0561-d220 @A: 20 14 10 34 | 11
#0562-d220 @A: 02 20 12 10 | 04
#0563-d220 @A: 26 25 33 12 | 12
#0564-d220 @A: 04 25 21 05 | 03
#0565-d220 @A: 35 25 22 14 | 02
#0566-d220 @A: 12 24 25 10 | 01
#0567-d220 @A: 35 16 29 27 | 09
#0568-d220 @A: 27 33 08 29 | 07
#0569-d220 @A: 04 29 26 33 | 10
#0570-d220 @A: 10 06 23 16 | 06
#0571-d220 @A: 26 24 05 06 | 05
#0572-d220 @A: 26 34 06 33 | 08
#0573-d220 @A: 06 26 02 12 | 11
#0574-d220 @A: 12 02 23 08 | 04
#0575-d220 @A: 34 21 23 14 | 12
#0576-d220 @A: 05 23 12 33 | 03
#0577-d220 @A: 11 08 23 31 | 02
#0578-d220 @A: 11 34 18 09 | 01
#0579-d220 @A: 11 19 27 18 | 09
#0580-d220 @A: 11 16 20 18 | 07
#0581-d220 @A: 34 17 11 30 | 10
#0582-d220 @A: 17 35 13 11 | 06
#0583-d220 @A: 11 09 01 02 | 05
#0584-d220 @A: 11 03 09 33 | 08
#0585-d220 @A: 09 32 08 11 | 11
#0586-d220 @A: 19 11 35 28 | 04
#0587-d220 @A: 11 13 04 30 | 12
#0588-d220 @A: 23 21 11 03 | 03
#0589-d220 @A: 11 20 08 25 | 02
#0590-d220 @A: 29 11 14 25 | 01
#0591-d220 @A: 12 35 11 25 | 09
#0592-d220 @A: 17 31 09 02 | 07
#0593-d220 @A: 31 26 09 19 | 10
#0594-d220 @A: 09 31 20 27 | 06
#0595-d220 @A: 31 28 08 25 | 05
#0596-d220 @A: 30 20 02 31 | 08
#0597-d220 @A: 16 30 31 23 | 11
#0598-d220 @A: 30 05 31 34 | 04
#0599-d220 @A: 35 13 31 01 | 12
#0600-d220 @A: 08 20 01 31 | 03
#0601-d220 @A: 03 31 05 15 | 02
#0602-d220 @A: 15 25 31 34 | 01
#0603-d220 @A: 03 25 19 31 | 09
#0604-d220 @A: 31 07 24 19 | 07
#0605-d220 @A: 26 20 34 31 | 10
#0606-d220 @A: 21 14 31 25 | 06
#0607-d220 @A: 23 34 31 25 | 05
#0608-d220 @A: 34 22 08 31 | 08
#0609-d220 @A: 17 03 23 18 | 11
#0610-d220 @A: 17 22 18 10 | 04
#0611-d220 @A: 09 30 18 10 | 12
#0612-d220 @A: 18 01 28 35 | 03
#0613-d220 @A: 05 10 18 28 | 02
#0614-d220 @A: 20 18 30 14 | 01
#0615-d220 @A: 10 07 15 18 | 09
#0616-d220 @A: 15 34 18 20 | 07
#0617-d220 @A: 22 18 33 20 | 10
#0618-d220 @A: 29 06 18 23 | 06
#0619-d220 @A: 35 18 22 08 | 05
#0620-d220 @A: 04 14 18 08 | 08
#0621-d220 @A: 24 27 34 18 | 11
#0622-d220 @A: 22 28 17 09 | 04
#0623-d220 @A: 17 09 26 30 | 12
#0624-d220 @A: 04 25 17 09 | 03
#0625-d220 @A: 05 19 17 30 | 02
#0626-d220 @A: 30 20 24 17 | 01
#0627-d220 @A: 17 25 08 30 | 09
#0628-d220 @A: 17 23 30 25 | 07
#0629-d220 @A: 07 01 27 17 | 10
#0630-d220 @A: 15 19 34 17 | 06
#0631-d220 @A: 15 17 20 05 | 05
#0632-d220 @A: 07 32 14 17 | 08
#0633-d220 @A: 07 17 06 35 | 11
#0634-d220 @A: 17 22 25 19 | 04
#0635-d220 @A: 35 25 29 17 | 12
#0636-d220 @A: 24 27 25 17 | 03
#0637-d220 @A: 23 26 17 06 | 02
#0638-d220 @A: 27 17 26 35 | 01
#0639-d220 @A: 17 14 21 27 | 09
#0640-d220 @A: 04 09 28 30 | 07
#0641-d220 @A: 28 23 07 09 | 10
#0642-d220 @A: 25 16 09 28 | 06
#0643-d220 @A: 09 15 19 30 | 05
#0644-d220 @A: 09 30 06 16 | 08
#0645-d220 @A: 20 01 09 13 | 11
#0646-d220 @A: 13 09 08 25 | 04
#0647-d220 @A: 05 29 09 21 | 12
#0648-d220 @A: 23 09 29 14 | 03
#0649-d220 @A: 09 12 16 14 | 02
#0650-d220 @A: 35 22 09 21 | 01
#0651-d220 @A: 10 33 12 09 | 09
#0652-d220 @A: 29 28 05 30 | 07
#0653-d220 @A: 12 01 03 28 | 10
#0654-d220 @A: 16 01 29 28 | 06
#0655-d220 @A: 24 28 03 07 | 05
#0656-d220 @A: 28 03 23 08 | 08
#0657-d220 @A: 07 35 21 28 | 11
#0658-d220 @A: 26 29 13 28 | 04
#0659-d220 @A: 28 34 05 08 | 12
#0660-d220 @A: 33 05 24 28 | 03
#0661-d220 @A: 27 30 32 01 | 02
#0662-d220 @A: 25 30 15 04 | 01
#0663-d220 @A: 15 26 30 29 | 09
#0664-d220 @A: 32 14 03 30 | 07
#0665-d220 @A: 08 19 32 30 | 10
#0666-d220 @A: 30 20 22 07 | 06
#0667-d220 @A: 30 07 08 06 | 05
#0668-d220 @A: 19 30 04 23 | 08
#0669-d220 @A: 06 20 23 30 | 11
#0670-d220 @A: 23 29 27 30 | 04
#0671-d220 @A: 06 22 30 24 | 12
#0672-d220 @A: 02 16 27 30 | 03
#0673-d220 @A: 22 14 30 02 | 02
#0674-d220 @A: 15 16 23 01 | 01
#0675-d220 @A: 07 01 29 05 | 09
#0676-d220 @A: 35 01 23 19 | 07
#0677-d220 @A: 20 01 27 25 | 10
#0678-d220 @A: 10 01 21 12 | 06
#0679-d220 @A: 27 22 01 12 | 05
#0680-d220 @A: 01 27 10 04 | 08
#0681-d220 @A: 15 33 07 13 | 11
#0682-d220 @A: 23 29 15 19 | 04
#0683-d220 @A: 15 25 08 21 | 12
#0684-d220 @A: 16 24 15 10 | 03
#0685-d220 @A: 02 24 05 15 | 02
#0686-d220 @A: 32 03 29 23 | 01
#0687-d220 @A: 19 22 06 03 | 09
#0688-d220 @A: 34 03 20 29 | 07
#0689-d220 @A: 20 06 03 12 | 10
#0690-d220 @A: 04 24 20 03 | 06
#0691-d220 @A: 16 24 03 02 | 05
#0692-d220 @A: 03 16 23 24 | 08
#0693-d220 @A: 03 33 22 26 | 11
#0694-d220 @A: 24 26 03 34 | 04
#0695-d220 @A: 07 32 05 22 | 12
#0696-d220 @A: 13 32 19 02 | 03
#0697-d220 @A: 26 32 13 22 | 02
#0698-d220 @A: 19 32 21 20 | 01
#0699-d220 @A: 26 32 20 08 | 09
#0700-d220 @A: 35 06 32 25 | 07
#0701-d220 @A: 10 04 06 32 | 10
#0702-d220 @A: 14 12 32 21 | 06
#0703-d220 @A: 10 14 33 32 | 05
#0704-d220 @A: 04 35 32 23 | 08
#0705-d220 @A: 20 07 25 34 | 11
#0706-d220 @A: 07 02 29 25 | 04
#0707-d220 @A: 08 07 35 02 | 12
#0708-d220 @A: 07 12 33 35 | 03
#0709-d220 @A: 35 13 20 29 | 02
#0710-d220 @A: 23 20 13 08 | 01
#0711-d220 @A: 35 24 16 13 | 09
#0712-d220 @A: 35 19 06 26 | 07
#0713-d220 @A: 08 26 22 19 | 10
#0714-d220 @A: 05 19 14 33 | 06
#0715-d220 @A: 12 27 19 33 | 05
#0716-d220 @A: 16 12 20 33 | 08
#0717-d220 @A: 26 20 10 22 | 11
#0718-d220 @A: 04 22 20 02 | 04
#0719-d220 @A: 25 29 04 10 | 12
#0720-d220 @A: 34 08 25 16 | 03
#0721-d220 @A: 25 12 08 22 | 02
#0722-d220 @A: 25 27 08 02 | 01
#0723-d220 @A: 25 35 21 24 | 09
#0724-d220 @A: 23 25 05 04 | 07
#0725-d220 @A: 29 06 05 27 | 10
#0726-d220 @A: 22 06 29 04 | 06
#0727-d220 @A: 33 29 14 06 | 05
#0728-d220 @A: 26 29 34 10 | 08
#0729-d220 @A: 29 21 12 33 | 11
#0730-d220 @A: 12 14 05 29 | 04
#0731-d220 @A: 29 12 23 10 | 12
#0732-d220 @A: 06 21 22 12 | 03
#0733-d220 @A: 10 27 06 21 | 02
#0734-d220 @A: 22 23 16 35 | 01
#0735-d220 @A: 08 10 23 35 | 09
#0736-d220 @A: 08 17 18 11 | 07
#0737-d220 @A: 11 18 05 03 | 10
#0738-d220 @A: 17 11 32 12 | 06
#0739-d220 @A: 11 34 23 17 | 05
#0740-d220 @A: 13 16 09 11 | 08
#0741-d220 @A: 33 28 11 10 | 11
#0742-d220 @A: 11 16 01 03 | 04
#0743-d220 @A: 10 01 11 29 | 12
#0744-d220 @A: 32 19 34 11 | 03
#0745-d220 @A: 27 12 11 13 | 02
#0746-d220 @A: 06 26 11 25 | 01
#0747-d220 @A: 26 11 02 34 | 09
#0748-d220 @A: 10 04 11 22 | 07
#0749-d220 @A: 31 02 27 28 | 10
#0750-d220 @A: 31 07 30 15 | 06
#0751-d220 @A: 16 03 30 31 | 05
#0752-d220 @A: 03 31 02 10 | 08
#0753-d220 @A: 14 32 13 31 | 11
#0754-d220 @A: 23 31 26 32 | 04
#0755-d220 @A: 25 31 27 35 | 12
#0756-d220 @A: 23 31 06 33 | 03
#0757-d220 @A: 05 31 16 35 | 02
#0758-d220 @A: 12 31 24 16 | 01
#0759-d220 @A: 31 24 34 35 | 09
#0760-d220 @A: 31 12 35 02 | 07
#0761-d220 @A: 04 24 18 17 | 10
#0762-d220 @A: 18 16 28 06 | 06
#0763-d220 @A: 13 18 27 30 | 05
#0764-d220 @A: 18 25 15 27 | 08
#0765-d220 @A: 18 15 05 29 | 11
#0766-d220 @A: 12 03 33 18 | 04
#0767-d220 @A: 04 18 05 07 | 12
#0768-d220 @A: 16 18 13 10 | 03
#0769-d220 @A: 13 18 12 22 | 02
#0770-d220 @A: 26 18 27 06 | 01
#0771-d220 @A: 35 27 21 18 | 09
#0772-d220 @A: 25 28 10 17 | 07
#0773-d220 @A: 21 17 01 13 | 10
#0774-d220 @A: 25 26 17 15 | 06
#0775-d220 @A: 20 13 19 17 | 05
#0776-d220 @A: 08 21 17 12 | 08
#0777-d220 @A: 17 21 33 35 | 11
#0778-d220 @A: 09 28 05 15 | 04
#0779-d220 @A: 02 12 30 09 | 12
#0780-d220 @A: 01 22 09 25 | 03
#0781-d220 @A: 34 15 13 09 | 02
#0782-d220 @A: 09 03 22 16 | 01
#0783-d220 @A: 06 32 26 09 | 09
#0784-d220 @A: 09 10 32 23 | 07
#0785-d220 @A: 04 29 07 09 | 10
#0786-d220 @A: 07 35 09 24 | 06
#0787-d220 @A: 29 19 09 16 | 05
#0788-d220 @A: 09 19 22 10 | 08
#0789-d220 @A: 09 25 14 06 | 11
#0790-d220 @A: 05 09 33 06 | 04
#0791-d220 @A: 09 08 24 21 | 12
#0792-d220 @A: 28 01 02 25 | 03
#0793-d220 @A: 08 28 02 15 | 02
#0794-d220 @A: 28 10 35 15 | 01
#0795-d220 @A: 04 13 03 28 | 09
#0796-d220 @A: 35 20 28 32 | 07
#0797-d220 @A: 19 20 34 28 | 10
#0798-d220 @A: 19 28 10 06 | 06
#0799-d220 @A: 06 27 28 20 | 05
#0800-d220 @A: 25 26 05 28 | 08
#0801-d220 @A: 28 33 04 02 | 11
#0802-d220 @A: 30 14 25 01 | 04
#0803-d220 @A: 16 30 01 05 | 12
#0804-d220 @A: 23 30 13 03 | 03
#0805-d220 @A: 19 06 30 04 | 02
#0806-d220 @A: 16 08 12 30 | 01
#0807-d220 @A: 30 24 26 35 | 09
#0808-d220 @A: 27 35 30 22 | 07
#0809-d220 @A: 30 12 14 35 | 10
#0810-d220 @A: 02 14 23 30 | 06
#0811-d220 @A: 35 33 30 23 | 05
#0812-d220 @A: 01 15 04 29 | 08
#0813-d220 @A: 01 35 07 16 | 11
#0814-d220 @A: 13 01 34 08 | 04
#0815-d220 @A: 33 19 01 06 | 12
#0816-d220 @A: 01 04 20 26 | 03
#0817-d220 @A: 20 22 05 01 | 02
#0818-d220 @A: 34 23 01 20 | 01
#0819-d220 @A: 14 06 01 02 | 09
#0820-d220 @A: 21 01 08 22 | 07
#0821-d220 @A: 33 01 22 10 | 10
#0822-d220 @A: 03 15 29 21 | 06
#0823-d220 @A: 35 15 27 32 | 05
#0824-d220 @A: 24 15 26 27 | 08
#0825-d220 @A: 15 26 35 12 | 11
#0826-d220 @A: 02 22 21 15 | 04
#0827-d220 @A: 20 19 03 27 | 12
#0828-d220 @A: 03 08 33 34 | 03
#0829-d220 @A: 03 12 26 10 | 02
#0830-d220 @A: 04 03 14 10 | 01
#0831-d220 @A: 27 23 03 33 | 09
#0832-d220 @A: 07 32 27 16 | 07
#0833-d220 @A: 19 25 32 24 | 10
#0834-d220 @A: 14 19 32 23 | 06
#0835-d220 @A: 32 16 26 14 | 05
#0836-d220 @A: 26 21 32 24 | 08
#0837-d220 @A: 05 35 32 34 | 11
#0838-d220 @A: 33 27 32 24 | 04
#0839-d220 @A: 32 24 35 02 | 12
#0840-d220 @A: 32 14 04 27 | 03
#0841-d220 @A: 19 12 13 07 | 02
#0842-d220 @A: 19 14 20 07 | 01
#0843-d220 @A: 33 25 27 07 | 09
#0844-d220 @A: 29 07 23 26 | 07
#0845-d220 @A: 05 26 08 07 | 10
#0846-d220 @A: 05 10 07 33 | 06
#0847-d220 @A: 22 21 19 13 | 05
#0848-d220 @A: 34 13 29 25 | 08
#0849-d220 @A: 29 23 21 13 | 11
#0850-d220 @A: 16 08 13 33 | 04
#0851-d220 @A: 13 02 16 05 | 12
#0852-d220 @A: 27 16 13 22 | 03
#0853-d220 @A: 05 21 13 27 | 02
#0854-d220 @A: 14 24 13 04 | 01
#0855-d220 @A: 23 02 13 04 | 09
#0856-d220 @A: 27 25 34 19 | 07
#0857-d220 @A: 21 26 19 27 | 10
#0858-d220 @A: 22 19 05 12 | 06
#0859-d220 @A: 19 10 35 12 | 05
#0860-d220 @A: 04 10 19 33 | 08
#0861-d220 @A: 08 16 21 20 | 11
#0862-d220 @A: 20 26 23 12 | 04
#0863-d220 @A: 05 20 34 24 | 12
#0864-d220 @A: 12 34 20 27 | 03
#0865-d220 @A: 26 25 10 08 | 02
#0866-d220 @A: 22 25 02 33 | 01
#0867-d220 @A: 24 29 10 06 | 09
#0868-d220 @A: 02 35 29 06 | 07
#0869-d220 @A: 21 16 24 29 | 10
#0870-d220 @A: 06 21 08 35 | 06
#0871-d220 @A: 08 05 02 06 | 05
#0872-d220 @A: 21 06 23 04 | 08
#0873-d220 @A: 34 35 14 06 | 11
#0874-d220 @A: 06 14 23 12 | 04
#0875-d220 @A: 31 06 27 11 | 12
#0876-d220 @A: 11 18 26 07 | 03
#0877-d220 @A: 18 11 24 29 | 02
#0878-d220 @A: 23 02 11 18 | 01
#0879-d220 @A: 29 11 17 27 | 09
#0880-d220 @A: 09 22 11 14 | 07
#0881-d220 @A: 28 13 14 11 | 10
#0882-d220 @A: 24 15 11 30 | 06
#0883-d220 @A: 33 11 29 30 | 05
#0884-d220 @A: 26 14 30 11 | 08
#0885-d220 @A: 27 21 11 30 | 11
#0886-d220 @A: 11 07 01 04 | 04
#0887-d220 @A: 13 07 10 11 | 12
#0888-d220 @A: 35 07 20 11 | 03
#0889-d220 @A: 22 11 07 02 | 02
#0890-d220 @A: 02 11 06 13 | 01
#0891-d220 @A: 29 12 19 11 | 09
#0892-d220 @A: 23 11 19 16 | 07
#0893-d220 @A: 11 20 05 29 | 10
#0894-d220 @A: 12 10 11 16 | 06
#0895-d220 @A: 28 13 31 17 | 05
#0896-d220 @A: 31 03 28 20 | 08
#0897-d220 @A: 03 26 07 31 | 11
#0898-d220 @A: 19 31 32 04 | 04
#0899-d220 @A: 31 20 22 25 | 12
#0900-d220 @A: 05 25 31 29 | 03
#0901-d220 @A: 21 24 05 31 | 02
#0902-d220 @A: 31 02 22 05 | 01
#0903-d220 @A: 34 18 17 07 | 09
#0904-d220 @A: 13 03 09 18 | 07
#0905-d220 @A: 35 18 25 09 | 10
#0906-d220 @A: 09 26 23 18 | 06
#0907-d220 @A: 22 32 18 30 | 05
#0908-d220 @A: 01 03 27 18 | 08
#0909-d220 @A: 18 24 01 16 | 11
#0910-d220 @A: 07 23 35 18 | 04
#0911-d220 @A: 14 25 18 13 | 12
#0912-d220 @A: 18 16 27 08 | 03
#0913-d220 @A: 35 05 24 18 | 02
#0914-d220 @A: 02 18 12 24 | 01
#0915-d220 @A: 27 18 04 33 | 09
#0916-d220 @A: 17 30 06 33 | 07
#0917-d220 @A: 01 12 29 17 | 10
#0918-d220 @A: 15 16 03 17 | 06
#0919-d220 @A: 15 10 17 29 | 05
#0920-d220 @A: 29 17 32 08 | 08
#0921-d220 @A: 07 17 23 21 | 11
#0922-d220 @A: 19 29 17 26 | 04
#0923-d220 @A: 17 04 23 29 | 12
#0924-d220 @A: 10 24 26 17 | 03
#0925-d220 @A: 27 17 10 02 | 02
#0926-d220 @A: 21 13 30 09 | 01
#0927-d220 @A: 15 26 09 08 | 09
#0928-d220 @A: 07 03 09 10 | 07
#0929-d220 @A: 09 07 25 19 | 10
#0930-d220 @A: 09 06 02 07 | 06
#0931-d220 @A: 21 10 16 09 | 05
#0932-d220 @A: 27 09 26 14 | 08
#0933-d220 @A: 21 09 33 27 | 11
#0934-d220 @A: 09 05 10 24 | 04
#0935-d220 @A: 09 02 35 27 | 12
#0936-d220 @A: 30 22 28 15 | 03
#0937-d220 @A: 30 35 03 28 | 02
#0938-d220 @A: 28 30 07 32 | 01
#0939-d220 @A: 28 19 27 30 | 09
#0940-d220 @A: 28 26 01 15 | 07
#0941-d220 @A: 06 28 05 01 | 10
#0942-d220 @A: 06 15 21 28 | 06
#0943-d220 @A: 28 29 10 03 | 05
#0944-d220 @A: 33 06 03 28 | 08
#0945-d220 @A: 28 16 32 02 | 11
#0946-d220 @A: 27 28 29 07 | 04
#0947-d220 @A: 13 05 28 19 | 12
#0948-d220 @A: 28 21 29 19 | 03
#0949-d220 @A: 28 20 23 14 | 02
#0950-d220 @A: 28 06 34 22 | 01
#0951-d220 @A: 28 16 33 27 | 09
#0952-d220 @A: 12 22 28 10 | 07
#0953-d220 @A: 04 35 28 14 | 10
#0954-d220 @A: 30 01 34 29 | 06
#0955-d220 @A: 32 15 30 34 | 05
#0956-d220 @A: 15 20 16 30 | 08
#0957-d220 @A: 07 25 30 24 | 11
#0958-d220 @A: 30 20 26 19 | 04
#0959-d220 @A: 30 16 33 35 | 12
#0960-d220 @A: 05 26 30 04 | 03
#0961-d220 @A: 02 07 01 13 | 02
#0962-d220 @A: 01 06 16 20 | 01
#0963-d220 @A: 08 25 01 35 | 09
#0964-d220 @A: 01 25 24 26 | 07
#0965-d220 @A: 05 35 01 33 | 10
#0966-d220 @A: 02 34 10 01 | 06
#0967-d220 @A: 15 03 13 35 | 05
#0968-d220 @A: 32 33 15 21 | 08
#0969-d220 @A: 15 02 13 04 | 11
#0970-d220 @A: 26 02 15 16 | 04
#0971-d220 @A: 15 34 04 23 | 12
#0972-d220 @A: 07 03 04 32 | 03
#0973-d220 @A: 16 12 19 03 | 02
#0974-d220 @A: 25 06 03 02 | 01
#0975-d220 @A: 03 14 25 23 | 09
#0976-d220 @A: 02 03 04 26 | 07
#0977-d220 @A: 03 04 05 22 | 10
#0978-d220 @A: 12 24 05 03 | 06
#0979-d220 @A: 29 16 32 13 | 05
#0980-d220 @A: 32 25 29 27 | 08
#0981-d220 @A: 04 21 32 08 | 11
#0982-d220 @A: 05 12 32 33 | 04
#0983-d220 @A: 34 32 14 02 | 12
#0984-d220 @A: 27 23 07 13 | 03
#0985-d220 @A: 21 19 16 07 | 02
#0986-d220 @A: 20 24 33 07 | 01
#0987-d220 @A: 05 07 25 35 | 09
#0988-d220 @A: 08 07 34 10 | 07
#0989-d220 @A: 22 33 21 07 | 10
#0990-d220 @A: 22 12 24 07 | 06
#0991-d220 @A: 04 07 23 33 | 05
#0992-d220 @A: 06 20 14 13 | 08
#0993-d220 @A: 13 33 21 02 | 11
#0994-d220 @A: 12 10 05 13 | 04
#0995-d220 @A: 10 04 13 35 | 12
#0996-d220 @A: 35 23 13 12 | 03
#0997-d220 @A: 19 10 20 08 | 02
#0998-d220 @A: 22 19 02 16 | 01
#0999-d220 @A: 10 26 05 19 | 09
#1000-d220 @A: 26 19 12 34 | 07
#1001-d220 @A: 26 33 02 19 | 10
#1002-d220 @A: 19 33 22 23 | 06
#1003-d220 @A: 20 22 34 21 | 05
#1004-d220 @A: 35 20 24 10 | 08
#1005-d220 @A: 12 16 25 27 | 11
#1006-d220 @A: 26 25 24 23 | 04
#1007-d220 @A: 27 05 22 25 | 12
#1008-d220 @A: 05 10 02 25 | 03
#1009-d220 @A: 14 21 29 22 | 02
#1010-d220 @A: 22 29 27 10 | 01
#1011-d220 @A: 29 02 27 24 | 09
#1012-d220 @A: 06 26 16 22 | 07
#1013-d220 @A: 08 33 10 06 | 10
#1014-d220 @A: 21 06 34 04 | 06
#1015-d220 @A: 34 27 35 23 | 05
#1016-d220 @A: 11 28 31 15 | 08
#1017-d220 @A: 13 11 33 31 | 11
#1018-d220 @A: 11 18 30 01 | 04
#1019-d220 @A: 18 14 11 12 | 12
#1020-d220 @A: 30 09 11 20 | 03
#1021-d220 @A: 27 15 33 11 | 02
#1022-d220 @A: 25 32 04 11 | 01
#1023-d220 @A: 29 11 23 20 | 09
#1024-d220 @A: 24 26 20 11 | 07
#1025-d220 @A: 02 11 24 25 | 10
#1026-d220 @A: 26 21 16 11 | 06
#1027-d220 @A: 11 05 08 35 | 05
#1028-d220 @A: 11 08 24 12 | 08
#1029-d220 @A: 23 11 33 26 | 11
#1030-d220 @A: 33 21 11 04 | 04
#1031-d220 @A: 31 18 28 34 | 12
#1032-d220 @A: 31 18 35 32 | 03
#1033-d220 @A: 18 05 13 31 | 02
#1034-d220 @A: 09 13 04 31 | 01
#1035-d220 @A: 10 31 09 25 | 09
#1036-d220 @A: 29 14 31 09 | 07
#1037-d220 @A: 31 29 35 28 | 10
#1038-d220 @A: 19 27 01 31 | 06
#1039-d220 @A: 02 15 19 31 | 05
#1040-d220 @A: 31 03 27 32 | 08
#1041-d220 @A: 31 04 25 07 | 11
#1042-d220 @A: 07 31 35 14 | 04
#1043-d220 @A: 31 16 21 02 | 12
#1044-d220 @A: 24 14 31 27 | 03
#1045-d220 @A: 02 24 04 31 | 02
#1046-d220 @A: 18 33 13 17 | 01
#1047-d220 @A: 06 18 17 29 | 09
#1048-d220 @A: 09 26 18 20 | 07
#1049-d220 @A: 25 24 18 28 | 10
#1050-d220 @A: 34 18 03 30 | 06
#1051-d220 @A: 21 07 18 30 | 05
#1052-d220 @A: 05 06 30 18 | 08
#1053-d220 @A: 15 18 33 19 | 11
#1054-d220 @A: 32 26 18 25 | 04
#1055-d220 @A: 32 29 18 34 | 12
#1056-d220 @A: 18 07 22 06 | 03
#1057-d220 @A: 16 26 34 18 | 02
#1058-d220 @A: 05 18 02 21 | 01
#1059-d220 @A: 18 34 22 14 | 09
#1060-d220 @A: 04 23 14 18 | 07
#1061-d220 @A: 34 18 10 33 | 10
#1062-d220 @A: 02 18 33 35 | 06
#1063-d220 @A: 01 17 03 09 | 05
#1064-d220 @A: 17 15 27 09 | 08
#1065-d220 @A: 05 13 09 17 | 11
#1066-d220 @A: 09 20 23 17 | 04
#1067-d220 @A: 06 24 17 09 | 12
#1068-d220 @A: 28 17 14 29 | 03
#1069-d220 @A: 17 27 12 30 | 02
#1070-d220 @A: 17 22 07 15 | 01
#1071-d220 @A: 33 15 08 17 | 09
#1072-d220 @A: 17 19 21 03 | 07
#1073-d220 @A: 03 26 06 17 | 10
#1074-d220 @A: 22 08 13 17 | 06
#1075-d220 @A: 23 17 19 27 | 05
#1076-d220 @A: 20 17 33 34 | 08
#1077-d220 @A: 21 05 17 06 | 11
#1078-d220 @A: 17 34 26 08 | 04
#1079-d220 @A: 17 24 08 05 | 12
#1080-d220 @A: 33 05 27 17 | 03
#1081-d220 @A: 17 02 24 33 | 02
#1082-d220 @A: 32 01 09 10 | 01
#1083-d220 @A: 27 09 06 01 | 09
#1084-d220 @A: 01 09 35 04 | 07
#1085-d220 @A: 14 32 09 20 | 10
#1086-d220 @A: 13 09 07 14 | 06
#1087-d220 @A: 12 29 13 09 | 05
#1088-d220 @A: 26 09 16 33 | 08
#1089-d220 @A: 09 22 33 24 | 11
#1090-d220 @A: 09 34 33 02 | 04
#1091-d220 @A: 27 33 09 23 | 12
#1092-d220 @A: 02 09 04 10 | 03
#1093-d220 @A: 15 34 28 07 | 02
#1094-d220 @A: 14 19 03 28 | 01
#1095-d220 @A: 19 07 28 04 | 09
#1096-d220 @A: 12 02 13 28 | 07
#1097-d220 @A: 08 16 28 22 | 10
#1098-d220 @A: 26 28 24 16 | 06
#1099-d220 @A: 16 12 34 28 | 05
#1100-d220 @A: 10 24 08 28 | 08
#1101-d220 @A: 27 26 28 22 | 11
#1102-d220 @A: 02 26 28 10 | 04
#1103-d220 @A: 04 27 05 28 | 12
#1104-d220 @A: 10 34 28 27 | 03
#1105-d220 @A: 01 20 30 35 | 02
#1106-d220 @A: 05 30 35 15 | 01
#1107-d220 @A: 32 21 30 35 | 09
#1108-d220 @A: 07 30 29 10 | 07
#1109-d220 @A: 29 20 30 27 | 10
#1110-d220 @A: 30 05 25 12 | 06
#1111-d220 @A: 30 29 24 08 | 05
#1112-d220 @A: 35 30 08 04 | 08
#1113-d220 @A: 14 07 15 01 | 11
#1114-d220 @A: 01 33 25 15 | 04
#1115-d220 @A: 32 26 03 01 | 12
#1116-d220 @A: 07 01 12 20 | 03
#1117-d220 @A: 02 29 01 19 | 02
#1118-d220 @A: 01 14 16 08 | 01
#1119-d220 @A: 22 02 01 24 | 09
#1120-d220 @A: 27 01 35 34 | 07
#1121-d220 @A: 15 20 03 26 | 10
#1122-d220 @A: 15 04 33 03 | 06
#1123-d220 @A: 32 29 14 15 | 05
#1124-d220 @A: 12 32 23 15 | 08
#1125-d220 @A: 19 08 15 07 | 11
#1126-d220 @A: 15 12 20 13 | 04
#1127-d220 @A: 15 23 22 13 | 12
#1128-d220 @A: 19 35 25 15 | 03
#1129-d220 @A: 15 19 24 06 | 02
#1130-d220 @A: 34 02 15 35 | 01
#1131-d220 @A: 03 07 13 34 | 09
#1132-d220 @A: 14 05 03 26 | 07
#1133-d220 @A: 07 32 35 19 | 10
#1134-d220 @A: 13 20 24 32 | 06
#1135-d220 @A: 34 32 13 27 | 05
#1136-d220 @A: 05 29 19 32 | 08
#1137-d220 @A: 06 19 16 32 | 11
#1138-d220 @A: 20 25 32 05 | 04
#1139-d220 @A: 07 13 21 29 | 12
#1140-d220 @A: 23 12 07 19 | 03
#1141-d220 @A: 16 02 10 07 | 02
#1142-d220 @A: 13 10 23 19 | 01
#1143-d220 @A: 20 04 25 13 | 09
#1144-d220 @A: 12 26 04 13 | 07
#1145-d220 @A: 29 06 19 20 | 10
#1146-d220 @A: 35 19 02 20 | 06
#1147-d220 @A: 26 19 16 04 | 05
#1148-d220 @A: 08 34 14 19 | 08
#1149-d220 @A: 10 02 19 24 | 11
#1150-d220 @A: 06 24 20 25 | 04
#1151-d220 @A: 14 24 20 22 | 12
#1152-d220 @A: 02 21 25 23 | 03
#1153-d220 @A: 27 21 34 29 | 02
#1154-d220 @A: 05 35 10 29 | 01
#1155-d220 @A: 24 33 34 29 | 09
#1156-d220 @A: 06 34 23 08 | 07
#1157-d220 @A: 02 06 22 10 | 10
#1158-d220 @A: 12 24 14 06 | 06
#1159-d220 @A: 04 06 35 24 | 05
#1160-d220 @A: 24 33 08 23 | 08
#1161-d220 @A: 10 26 21 23 | 11
#1162-d220 @A: 18 04 31 11 | 04
#1163-d220 @A: 08 11 30 31 | 12
#1164-d220 @A: 10 11 26 31 | 03
#1165-d220 @A: 11 32 13 18 | 02
#1166-d220 @A: 18 11 33 06 | 01
#1167-d220 @A: 15 11 17 02 | 09
#1168-d220 @A: 33 25 17 11 | 07
#1169-d220 @A: 28 12 26 11 | 10
#1170-d220 @A: 01 11 15 12 | 06
#1171-d220 @A: 01 32 11 24 | 05
#1172-d220 @A: 11 03 13 26 | 08
#1173-d220 @A: 06 03 24 11 | 11
#1174-d220 @A: 11 14 32 35 | 04
#1175-d220 @A: 20 22 27 11 | 12
#1176-d220 @A: 16 24 22 11 | 03
#1177-d220 @A: 21 11 02 08 | 02
#1178-d220 @A: 21 14 11 24 | 01
#1179-d220 @A: 11 24 35 33 | 09
#1180-d220 @A: 35 27 11 10 | 07
#1181-d220 @A: 26 15 18 31 | 10
#1182-d220 @A: 03 14 18 31 | 06
#1183-d220 @A: 24 20 31 18 | 05
#1184-d220 @A: 15 17 21 31 | 08
#1185-d220 @A: 31 17 14 34 | 11
#1186-d220 @A: 15 31 33 09 | 04
#1187-d220 @A: 31 34 09 06 | 12
#1188-d220 @A: 28 16 31 19 | 03
#1189-d220 @A: 30 12 01 31 | 02
#1190-d220 @A: 01 02 31 32 | 01
#1191-d220 @A: 01 31 22 06 | 09
#1192-d220 @A: 14 31 15 20 | 07
#1193-d220 @A: 10 20 07 31 | 10
#1194-d220 @A: 19 20 31 33 | 06
#1195-d220 @A: 02 20 23 31 | 05
#1196-d220 @A: 04 22 31 12 | 08
#1197-d220 @A: 18 20 17 03 | 11
#1198-d220 @A: 25 18 17 05 | 04
#1199-d220 @A: 18 08 15 30 | 12
#1200-d220 @A: 29 18 12 30 | 03
#1201-d220 @A: 33 18 32 01 | 02
#1202-d220 @A: 07 01 25 18 | 01
#1203-d220 @A: 04 01 18 12 | 09
#1204-d220 @A: 32 21 03 18 | 07
#1205-d220 @A: 32 24 07 18 | 10
#1206-d220 @A: 18 16 33 07 | 06
#1207-d220 @A: 08 18 29 13 | 05
#1208-d220 @A: 23 05 18 13 | 08
#1209-d220 @A: 18 04 34 13 | 11
#1210-d220 @A: 19 18 16 14 | 04
#1211-d220 @A: 06 18 35 20 | 12
#1212-d220 @A: 35 18 29 26 | 03
#1213-d220 @A: 26 18 05 33 | 02
#1214-d220 @A: 21 14 18 33 | 01
#1215-d220 @A: 18 12 27 10 | 09
#1216-d220 @A: 32 28 17 34 | 07
#1217-d220 @A: 07 17 28 08 | 10
#1218-d220 @A: 15 13 17 32 | 06
#1219-d220 @A: 20 17 32 10 | 05
#1220-d220 @A: 32 35 22 17 | 08
#1221-d220 @A: 17 04 20 07 | 11
#1222-d220 @A: 16 17 06 13 | 04
#1223-d220 @A: 24 17 13 12 | 12
#1224-d220 @A: 17 14 19 04 | 03
#1225-d220 @A: 16 27 20 17 | 02
#1226-d220 @A: 29 17 21 02 | 01
#1227-d220 @A: 16 26 17 12 | 09
#1228-d220 @A: 09 01 21 15 | 07
#1229-d220 @A: 14 03 15 09 | 10
#1230-d220 @A: 03 20 02 09 | 06
#1231-d220 @A: 29 03 09 06 | 05
#1232-d220 @A: 32 34 09 07 | 08
#1233-d220 @A: 26 09 22 07 | 11
#1234-d220 @A: 02 09 24 13 | 04
#1235-d220 @A: 24 34 09 19 | 12
#1236-d220 @A: 04 20 09 06 | 03
#1237-d220 @A: 25 34 26 09 | 02
#1238-d220 @A: 09 16 27 34 | 01
#1239-d220 @A: 04 26 09 24 | 09
#1240-d220 @A: 23 34 09 12 | 07
#1241-d220 @A: 26 28 32 19 | 10
#1242-d220 @A: 32 27 08 28 | 06
#1243-d220 @A: 02 05 07 28 | 05
#1244-d220 @A: 05 12 35 28 | 08
#1245-d220 @A: 23 28 12 27 | 11
#1246-d220 @A: 13 22 01 30 | 04
#1247-d220 @A: 30 27 07 03 | 12
#1248-d220 @A: 20 12 30 32 | 03
#1249-d220 @A: 32 10 24 30 | 02
#1250-d220 @A: 19 07 30 34 | 01
#1251-d220 @A: 20 06 30 34 | 09
#1252-d220 @A: 24 05 30 27 | 07
#1253-d220 @A: 13 01 27 15 | 10
#1254-d220 @A: 16 26 10 01 | 06
#1255-d220 @A: 24 01 08 27 | 05
#1256-d220 @A: 07 21 15 24 | 08
#1257-d220 @A: 15 25 29 16 | 11
#1258-d220 @A: 22 12 15 16 | 04
#1259-d220 @A: 08 15 10 12 | 12
#1260-d220 @A: 04 15 10 34 | 03
#1261-d220 @A: 06 05 03 13 | 02
#1262-d220 @A: 03 29 12 25 | 01
#1263-d220 @A: 16 03 04 27 | 09
#1264-d220 @A: 03 14 24 08 | 07
#1265-d220 @A: 10 03 21 22 | 10
#1266-d220 @A: 02 34 12 03 | 06
#1267-d220 @A: 07 02 20 32 | 05
#1268-d220 @A: 25 33 32 34 | 08
#1269-d220 @A: 02 32 05 04 | 11
#1270-d220 @A: 10 32 34 22 | 04
#1271-d220 @A: 32 34 23 33 | 12
#1272-d220 @A: 10 07 06 12 | 03
#1273-d220 @A: 16 08 07 24 | 02
#1274-d220 @A: 07 24 14 34 | 01
#1275-d220 @A: 27 20 10 13 | 09
#1276-d220 @A: 35 08 13 27 | 07
#1277-d220 @A: 13 33 26 27 | 10
#1278-d220 @A: 05 19 06 25 | 06
#1279-d220 @A: 29 26 20 25 | 05
#1280-d220 @A: 08 20 04 27 | 08
#1281-d220 @A: 08 20 12 35 | 11
#1282-d220 @A: 05 21 20 26 | 04
#1283-d220 @A: 04 25 14 33 | 12
#1284-d220 @A: 29 16 33 22 | 03
#1285-d220 @A: 12 16 02 29 | 02
#1286-d220 @A: 08 35 34 29 | 01
#1287-d220 @A: 02 33 29 10 | 09
#1288-d220 @A: 24 06 16 27 | 07
#1289-d220 @A: 10 35 06 16 | 10
#1290-d220 @A: 27 06 08 34 | 06
#1291-d220 @A: 24 34 06 02 | 05
#1292-d220 @A: 27 06 12 35 | 08
#1293-d220 @A: 22 23 14 27 | 11
#1294-d220 @A: 24 23 27 04 | 04
#1295-d220 @A: 22 25 18 11 | 12
#1296-d220 @A: 11 01 26 17 | 03
#1297-d220 @A: 09 29 11 26 | 02
#1298-d220 @A: 30 11 32 16 | 01
#1299-d220 @A: 11 07 30 12 | 09
#1300-d220 @A: 11 22 19 30 | 07
#1301-d220 @A: 19 11 08 01 | 10
#1302-d220 @A: 22 03 11 15 | 06
#1303-d220 @A: 11 20 15 21 | 05
#1304-d220 @A: 14 07 11 03 | 08
#1305-d220 @A: 11 03 27 25 | 11
#1306-d220 @A: 11 06 23 32 | 04
#1307-d220 @A: 08 11 07 29 | 12
#1308-d220 @A: 16 11 08 06 | 03
#1309-d220 @A: 05 04 11 12 | 02
#1310-d220 @A: 31 25 12 18 | 01
#1311-d220 @A: 31 01 04 28 | 09
#1312-d220 @A: 10 32 31 28 | 07
#1313-d220 @A: 26 30 31 13 | 10
#1314-d220 @A: 07 34 01 31 | 06
#1315-d220 @A: 31 01 10 05 | 05
#1316-d220 @A: 31 06 12 32 | 08
#1317-d220 @A: 20 31 21 13 | 11
#1318-d220 @A: 13 31 02 34 | 04
#1319-d220 @A: 27 05 31 08 | 12
#1320-d220 @A: 33 31 14 12 | 03
#1321-d220 @A: 18 35 30 17 | 02
#1322-d220 @A: 32 02 18 17 | 01
#1323-d220 @A: 23 28 01 18 | 09
#1324-d220 @A: 07 18 13 28 | 07
#1325-d220 @A: 01 29 22 18 | 10
#1326-d220 @A: 16 15 18 32 | 06
#1327-d220 @A: 23 20 15 18 | 05
#1328-d220 @A: 35 13 18 19 | 08
#1329-d220 @A: 23 18 06 19 | 11
#1330-d220 @A: 18 05 12 20 | 04
#1331-d220 @A: 21 16 18 12 | 12
#1332-d220 @A: 18 21 34 08 | 03
#1333-d220 @A: 26 22 24 18 | 02
#1334-d220 @A: 21 24 18 10 | 01
#1335-d220 @A: 12 22 18 23 | 09
#1336-d220 @A: 35 10 18 14 | 07
#1337-d220 @A: 17 09 33 07 | 10
#1338-d220 @A: 28 19 17 24 | 06
#1339-d220 @A: 14 17 03 25 | 05
#1340-d220 @A: 29 05 17 03 | 08
#1341-d220 @A: 10 03 17 33 | 11
#1342-d220 @A: 25 17 16 07 | 04
#1343-d220 @A: 29 20 17 22 | 12
#1344-d220 @A: 33 32 09 30 | 03
#1345-d220 @A: 14 01 19 09 | 02
#1346-d220 @A: 33 09 29 01 | 01
#1347-d220 @A: 15 29 02 09 | 09
#1348-d220 @A: 13 35 32 09 | 07
#1349-d220 @A: 13 19 33 09 | 10
#1350-d220 @A: 04 19 12 09 | 06
#1351-d220 @A: 22 09 12 20 | 05
#1352-d220 @A: 09 25 24 29 | 08
#1353-d220 @A: 10 09 08 27 | 11
#1354-d220 @A: 21 34 12 09 | 04
#1355-d220 @A: 28 30 08 01 | 12
#1356-d220 @A: 30 33 28 12 | 03
#1357-d220 @A: 01 32 14 28 | 02
#1358-d220 @A: 28 03 34 25 | 01
#1359-d220 @A: 21 28 27 25 | 09
#1360-d220 @A: 10 16 04 28 | 07
#1361-d220 @A: 23 28 26 04 | 10
#1362-d220 @A: 28 12 21 24 | 06
#1363-d220 @A: 22 28 33 14 | 05
#1364-d220 @A: 29 30 06 32 | 08
#1365-d220 @A: 05 32 30 23 | 11
#1366-d220 @A: 30 25 29 22 | 04
#1367-d220 @A: 24 04 16 30 | 12
#1368-d220 @A: 26 33 30 08 | 03
#1369-d220 @A: 08 30 14 27 | 02
#1370-d220 @A: 21 30 24 02 | 01
#1371-d220 @A: 30 24 12 34 | 09
#1372-d220 @A: 13 01 03 19 | 07
#1373-d220 @A: 35 01 10 03 | 10
#1374-d220 @A: 01 06 23 35 | 06
#1375-d220 @A: 16 02 04 01 | 05
#1376-d220 @A: 05 01 27 26 | 08
#1377-d220 @A: 27 26 23 01 | 11
#1378-d220 @A: 04 14 22 01 | 04
#1379-d220 @A: 14 01 10 24 | 12
#1380-d220 @A: 15 32 20 04 | 03
#1381-d220 @A: 02 15 32 06 | 02
#1382-d220 @A: 24 13 15 29 | 01
#1383-d220 @A: 26 15 13 06 | 09
#1384-d220 @A: 27 15 06 23 | 07
#1385-d220 @A: 15 23 21 05 | 10
#1386-d220 @A: 15 10 22 05 | 06
#1387-d220 @A: 27 34 14 15 | 05
#1388-d220 @A: 03 32 29 02 | 08
#1389-d220 @A: 03 08 21 13 | 11
#1390-d220 @A: 03 24 35 22 | 04
#1391-d220 @A: 24 10 03 27 | 12
#1392-d220 @A: 12 35 04 03 | 03
#1393-d220 @A: 32 33 07 06 | 02
#1394-d220 @A: 13 23 32 24 | 01
#1395-d220 @A: 20 06 32 22 | 09
#1396-d220 @A: 35 12 32 16 | 07
#1397-d220 @A: 04 06 07 13 | 10
#1398-d220 @A: 29 07 22 19 | 06
#1399-d220 @A: 26 07 25 14 | 05
#1400-d220 @A: 05 07 23 08 | 08
#1401-d220 @A: 26 07 24 02 | 11
#1402-d220 @A: 21 14 07 10 | 04
#1403-d220 @A: 07 22 27 14 | 12
#1404-d220 @A: 29 19 10 13 | 03
#1405-d220 @A: 08 13 02 10 | 02
#1406-d220 @A: 20 24 19 12 | 01
#1407-d220 @A: 20 19 23 24 | 09
#1408-d220 @A: 19 35 21 05 | 07
#1409-d220 @A: 19 22 04 35 | 10
#1410-d220 @A: 35 14 19 27 | 06
#1411-d220 @A: 20 35 16 22 | 05
#1412-d220 @A: 04 23 08 20 | 08
#1413-d220 @A: 21 20 35 23 | 11
#1414-d220 @A: 22 20 23 10 | 04
#1415-d220 @A: 25 26 04 27 | 12
#1416-d220 @A: 14 34 05 25 | 03
#1417-d220 @A: 25 27 10 23 | 02
#1418-d220 @A: 25 04 02 35 | 01
#1419-d220 @A: 02 08 04 29 | 09
#1420-d220 @A: 16 26 23 14 | 07
#1421-d220 @A: 05 02 23 16 | 10
#1422-d220 @A: 11 31 02 29 | 06
#1423-d220 @A: 02 18 10 11 | 05
#1424-d220 @A: 17 28 05 11 | 08
#1425-d220 @A: 17 03 04 11 | 11
#1426-d220 @A: 19 11 16 17 | 04
#1427-d220 @A: 11 06 12 09 | 12
#1428-d220 @A: 28 22 32 11 | 03
#1429-d220 @A: 06 11 04 28 | 02
#1430-d220 @A: 30 11 03 10 | 01
#1431-d220 @A: 30 23 07 11 | 09
#1432-d220 @A: 11 34 25 01 | 07
#1433-d220 @A: 21 11 06 01 | 10
#1434-d220 @A: 05 23 11 01 | 06
#1435-d220 @A: 16 15 34 11 | 05
#1436-d220 @A: 03 11 20 32 | 08
#1437-d220 @A: 19 11 02 03 | 11
#1438-d220 @A: 35 29 11 03 | 04
#1439-d220 @A: 19 14 11 06 | 12
#1440-d220 @A: 27 34 11 05 | 03
#1441-d220 @A: 34 11 24 10 | 02
#1442-d220 @A: 02 14 11 04 | 01
#1443-d220 @A: 04 23 11 10 | 09
#1444-d220 @A: 17 16 31 18 | 07
#1445-d220 @A: 01 18 21 31 | 10
#1446-d220 @A: 18 31 27 23 | 06
#1447-d220 @A: 17 01 31 25 | 05
#1448-d220 @A: 17 03 08 31 | 08
#1449-d220 @A: 07 17 05 31 | 11
#1450-d220 @A: 19 31 12 17 | 04
#1451-d220 @A: 03 24 31 09 | 12
#1452-d220 @A: 31 32 05 09 | 03
#1453-d220 @A: 30 31 24 28 | 02
#1454-d220 @A: 29 21 30 31 | 01
#1455-d220 @A: 30 27 31 04 | 09
#1456-d220 @A: 31 15 35 04 | 07
#1457-d220 @A: 31 02 33 07 | 10
#1458-d220 @A: 31 05 06 20 | 06
#1459-d220 @A: 31 08 04 10 | 05
#1460-d220 @A: 31 04 33 05 | 08
#1461-d220 @A: 27 34 33 31 | 11
#1462-d220 @A: 17 18 09 19 | 04
#1463-d220 @A: 14 01 17 18 | 12
#1464-d220 @A: 08 18 10 01 | 03
#1465-d220 @A: 18 03 24 15 | 02
#1466-d220 @A: 25 04 18 03 | 01
#1467-d220 @A: 16 03 29 18 | 09
#1468-d220 @A: 14 06 32 18 | 07
#1469-d220 @A: 18 21 19 25 | 10
#1470-d220 @A: 06 19 18 12 | 06
#1471-d220 @A: 18 02 25 34 | 05
#1472-d220 @A: 16 22 05 18 | 08
#1473-d220 @A: 18 12 26 08 | 11
#1474-d220 @A: 33 18 08 24 | 04
#1475-d220 @A: 22 21 04 18 | 12
#1476-d220 @A: 23 10 18 34 | 03
#1477-d220 @A: 09 17 35 12 | 02
#1478-d220 @A: 03 22 30 17 | 01
#1479-d220 @A: 13 17 03 27 | 09
#1480-d220 @A: 32 25 21 17 | 07
#1481-d220 @A: 23 13 17 16 | 10
#1482-d220 @A: 21 16 34 17 | 06
#1483-d220 @A: 17 35 05 04 | 05
#1484-d220 @A: 02 17 34 22 | 08
#1485-d220 @A: 28 09 14 10 | 11
#1486-d220 @A: 01 30 09 24 | 04
#1487-d220 @A: 23 01 09 21 | 12
#1488-d220 @A: 09 15 06 10 | 03
#1489-d220 @A: 26 13 10 09 | 02
#1490-d220 @A: 09 08 19 06 | 01
#1491-d220 @A: 09 20 24 16 | 09
#1492-d220 @A: 34 20 08 09 | 07
#1493-d220 @A: 09 08 35 16 | 10
#1494-d220 @A: 08 02 22 09 | 06
#1495-d220 @A: 21 14 09 04 | 05
#1496-d220 @A: 05 09 34 22 | 08
#1497-d220 @A: 09 02 23 22 | 11
#1498-d220 @A: 30 28 16 14 | 04
#1499-d220 @A: 10 28 07 01 | 12
#1500-d220 @A: 01 13 28 24 | 03
#1501-d220 @A: 05 03 32 28 | 02
#1502-d220 @A: 28 35 25 13 | 01
#1503-d220 @A: 28 04 26 21 | 09
#1504-d220 @A: 20 03 30 05 | 07
#1505-d220 @A: 08 20 30 13 | 10
#1506-d220 @A: 30 29 13 02 | 06
#1507-d220 @A: 30 14 29 19 | 05
#1508-d220 @A: 30 21 12 19 | 08
#1509-d220 @A: 22 30 23 21 | 11
#1510-d220 @A: 01 34 15 03 | 04
#1511-d220 @A: 22 01 32 15 | 12
#1512-d220 @A: 16 01 32 25 | 03
#1513-d220 @A: 12 13 01 16 | 02
#1514-d220 @A: 19 01 34 21 | 01
#1515-d220 @A: 01 20 29 24 | 09
#1516-d220 @A: 26 02 08 01 | 07
#1517-d220 @A: 26 33 01 21 | 10
#1518-d220 @A: 01 05 04 34 | 06
#1519-d220 @A: 07 04 15 26 | 05
#1520-d220 @A: 19 10 21 15 | 08
#1521-d220 @A: 08 29 15 20 | 11
#1522-d220 @A: 14 15 25 24 | 04
#1523-d220 @A: 15 23 26 08 | 12
#1524-d220 @A: 12 15 33 24 | 03
#1525-d220 @A: 12 15 14 04 | 02
#1526-d220 @A: 06 32 34 03 | 01
#1527-d220 @A: 20 03 07 21 | 09
#1528-d220 @A: 20 03 07 23 | 07
#1529-d220 @A: 06 07 16 03 | 10
#1530-d220 @A: 26 03 35 21 | 06
#1531-d220 @A: 12 22 03 14 | 05
#1532-d220 @A: 19 22 14 32 | 08
#1533-d220 @A: 16 22 04 32 | 11
#1534-d220 @A: 34 32 16 24 | 04
#1535-d220 @A: 06 25 07 21 | 12
#1536-d220 @A: 07 08 33 14 | 03
#1537-d220 @A: 07 21 12 26 | 02
#1538-d220 @A: 27 10 26 07 | 01
#1539-d220 @A: 27 35 04 07 | 09
#1540-d220 @A: 05 13 34 26 | 07
#1541-d220 @A: 22 24 05 13 | 10
#1542-d220 @A: 13 22 04 33 | 06
#1543-d220 @A: 33 10 13 24 | 05
#1544-d220 @A: 19 08 29 25 | 08
#1545-d220 @A: 19 35 08 24 | 11
#1546-d220 @A: 04 19 34 02 | 04
#1547-d220 @A: 34 23 02 19 | 12
#1548-d220 @A: 14 29 20 02 | 03
#1549-d220 @A: 21 06 20 02 | 02
#1550-d220 @A: 14 20 05 08 | 01
#1551-d220 @A: 20 27 05 23 | 09
#1552-d220 @A: 25 12 04 34 | 07
#1553-d220 @A: 29 16 10 14 | 10
#1554-d220 @A: 21 29 08 10 | 06
#1555-d220 @A: 29 26 22 02 | 05
#1556-d220 @A: 26 12 24 29 | 08
#1557-d220 @A: 02 29 05 34 | 11
#1558-d220 @A: 14 29 04 34 | 04
#1559-d220 @A: 29 33 23 02 | 12
#1560-d220 @A: 12 21 16 23 | 03
#1561-d220 @A: 10 33 21 23 | 02
#1562-d220 @A: 24 14 23 05 | 01
#1563-d220 @A: 31 14 11 01 | 09
#1564-d220 @A: 11 17 09 10 | 07
#1565-d220 @A: 09 11 07 27 | 10
#1566-d220 @A: 30 25 28 11 | 06
#1567-d220 @A: 03 28 11 08 | 05
#1568-d220 @A: 28 11 29 34 | 08
#1569-d220 @A: 01 05 13 11 | 11
#1570-d220 @A: 05 07 24 11 | 04
#1571-d220 @A: 23 11 25 12 | 12
#1572-d220 @A: 11 08 33 22 | 03
#1573-d220 @A: 34 11 04 08 | 02
#1574-d220 @A: 11 21 27 23 | 01
#1575-d220 @A: 31 19 18 22 | 09
#1576-d220 @A: 20 17 31 35 | 07
#1577-d220 @A: 31 17 06 04 | 10
#1578-d220 @A: 31 28 33 21 | 06
#1579-d220 @A: 29 31 32 24 | 05
#1580-d220 @A: 07 31 12 08 | 08
#1581-d220 @A: 13 29 27 31 | 11
#1582-d220 @A: 26 04 31 14 | 04
#1583-d220 @A: 31 35 10 21 | 12
#1584-d220 @A: 05 31 10 23 | 03
#1585-d220 @A: 15 18 12 17 | 02
#1586-d220 @A: 17 26 18 21 | 01
#1587-d220 @A: 22 15 18 09 | 09
#1588-d220 @A: 18 09 27 29 | 07
#1589-d220 @A: 28 18 15 14 | 10
#1590-d220 @A: 22 28 18 03 | 06
#1591-d220 @A: 28 04 20 18 | 05
#1592-d220 @A: 02 03 08 18 | 08
#1593-d220 @A: 19 32 18 10 | 11
#1594-d220 @A: 18 13 20 02 | 04
#1595-d220 @A: 25 18 33 23 | 12
#1596-d220 @A: 10 26 04 18 | 03
#1597-d220 @A: 02 18 22 27 | 02
#1598-d220 @A: 21 30 28 17 | 01
#1599-d220 @A: 05 17 28 23 | 09
#1600-d220 @A: 01 30 15 17 | 07
#1601-d220 @A: 10 17 07 19 | 10
#1602-d220 @A: 10 13 34 17 | 06
#1603-d220 @A: 17 06 25 34 | 05
#1604-d220 @A: 04 10 21 17 | 08
#1605-d220 @A: 12 22 17 33 | 11
#1606-d220 @A: 01 28 09 34 | 04
#1607-d220 @A: 28 20 09 07 | 12
#1608-d220 @A: 09 03 08 30 | 03
#1609-d220 @A: 30 14 09 34 | 02
#1610-d220 @A: 25 12 15 09 | 01
#1611-d220 @A: 09 15 35 23 | 09
#1612-d220 @A: 09 19 23 03 | 07
#1613-d220 @A: 35 26 05 09 | 10
#1614-d220 @A: 09 05 14 02 | 06
#1615-d220 @A: 23 15 28 30 | 05
#1616-d220 @A: 28 02 06 30 | 08
#1617-d220 @A: 01 22 19 28 | 11
#1618-d220 @A: 21 28 23 32 | 04
#1619-d220 @A: 12 25 28 07 | 12
#1620-d220 @A: 25 19 28 33 | 03
#1621-d220 @A: 19 23 28 25 | 02
#1622-d220 @A: 25 20 28 14 | 01
#1623-d220 @A: 05 16 20 28 | 09
#1624-d220 @A: 26 28 08 35 | 07
#1625-d220 @A: 26 30 01 06 | 10
#1626-d220 @A: 01 23 10 30 | 06
#1627-d220 @A: 15 33 30 02 | 05
#1628-d220 @A: 30 03 24 13 | 08
#1629-d220 @A: 03 29 04 30 | 11
#1630-d220 @A: 07 30 16 26 | 04
#1631-d220 @A: 21 30 20 25 | 12
#1632-d220 @A: 35 30 25 34 | 03
#1633-d220 @A: 21 30 16 22 | 02
#1634-d220 @A: 34 10 16 30 | 01
#1635-d220 @A: 10 22 30 08 | 09
#1636-d220 @A: 21 30 34 33 | 07
#1637-d220 @A: 04 22 34 30 | 10
#1638-d220 @A: 03 22 07 01 | 06
#1639-d220 @A: 29 03 01 08 | 05
#1640-d220 @A: 04 01 32 13 | 08
#1641-d220 @A: 32 01 12 19 | 11
#1642-d220 @A: 14 26 35 01 | 04
#1643-d220 @A: 05 02 01 12 | 12
#1644-d220 @A: 01 33 24 04 | 03
#1645-d220 @A: 32 19 03 15 | 02
#1646-d220 @A: 06 08 03 15 | 01
#1647-d220 @A: 25 15 07 23 | 09
#1648-d220 @A: 15 19 29 27 | 07
#1649-d220 @A: 34 21 26 15 | 10
#1650-d220 @A: 10 33 15 26 | 06
#1651-d220 @A: 21 05 15 12 | 05
#1652-d220 @A: 27 21 04 15 | 08
#1653-d220 @A: 22 33 35 15 | 11
#1654-d220 @A: 33 16 32 03 | 04
#1655-d220 @A: 07 33 29 03 | 12
#1656-d220 @A: 29 03 19 24 | 03
#1657-d220 @A: 10 19 03 34 | 02
#1658-d220 @A: 33 03 24 25 | 01
#1659-d220 @A: 21 14 03 34 | 09
#1660-d220 @A: 02 21 03 27 | 07
#1661-d220 @A: 12 04 03 23 | 10
#1662-d220 @A: 21 06 13 32 | 06
#1663-d220 @A: 32 08 24 22 | 05
#1664-d220 @A: 32 08 33 02 | 08
#1665-d220 @A: 21 22 27 32 | 11
#1666-d220 @A: 32 05 24 14 | 04
#1667-d220 @A: 27 13 07 24 | 12
#1668-d220 @A: 26 07 20 06 | 03
#1669-d220 @A: 07 05 21 34 | 02
#1670-d220 @A: 07 02 04 21 | 01
#1671-d220 @A: 22 23 07 34 | 09
#1672-d220 @A: 07 14 02 12 | 07
#1673-d220 @A: 20 16 13 26 | 10
#1674-d220 @A: 34 13 26 23 | 06
#1675-d220 @A: 19 25 20 16 | 05
#1676-d220 @A: 35 34 16 19 | 08
#1677-d220 @A: 22 19 33 34 | 11
#1678-d220 @A: 20 16 02 34 | 04
#1679-d220 @A: 16 33 20 23 | 12
#1680-d220 @A: 02 20 24 08 | 03
#1681-d220 @A: 04 10 05 20 | 02
#1682-d220 @A: 20 14 33 27 | 01
#1683-d220 @A: 25 21 12 02 | 09
#1684-d220 @A: 21 06 29 26 | 07
#1685-d220 @A: 08 26 29 14 | 10
#1686-d220 @A: 08 29 22 05 | 06
#1687-d220 @A: 27 12 04 29 | 05
#1688-d220 @A: 33 16 06 02 | 08
#1689-d220 @A: 10 05 34 06 | 11
