#0001-d247 @A: 12 09 18 01 | 02
#0002-d247 @A: 23 27 18 16 | 09
#0003-d247 @A: 18 02 19 27 | 03
#0004-d247 @A: 17 32 18 24 | 05
#0005-d247 @A: 29 33 26 18 | 10
#0006-d247 @A: 34 22 18 25 | 07
#0007-d247 @A: 19 16 01 18 | 12
#0008-d247 @A: 30 18 16 05 | 11
#0009-d247 @A: 18 33 19 34 | 01
#0010-d247 @A: 28 07 22 18 | 06
#0011-d247 @A: 18 04 01 07 | 08
#0012-d247 @A: 07 18 35 17 | 04
#0013-d247 @A: 13 30 31 18 | 02
#0014-d247 @A: 21 23 33 18 | 09
#0015-d247 @A: 22 21 18 08 | 03
#0016-d247 @A: 16 20 12 04 | 05
#0017-d247 @A: 32 27 04 20 | 10
#0018-d247 @A: 20 27 14 15 | 07
#0019-d247 @A: 30 16 20 24 | 12
#0020-d247 @A: 21 24 20 29 | 11
#0021-d247 @A: 25 20 06 11 | 01
#0022-d247 @A: 03 14 05 20 | 06
#0023-d247 @A: 20 16 14 23 | 08
#0024-d247 @A: 04 20 19 34 | 04
#0025-d247 @A: 34 20 10 09 | 02
#0026-d247 @A: 21 20 32 14 | 09
#0027-d247 @A: 06 02 20 32 | 03
#0028-d247 @A: 20 29 35 19 | 05
#0029-d247 @A: 20 19 17 15 | 10
#0030-d247 @A: 20 02 29 28 | 07
#0031-d247 @A: 20 30 21 11 | 12
#0032-d247 @A: 31 20 09 22 | 11
#0033-d247 @A: 19 27 12 06 | 01
#0034-d247 @A: 12 25 28 33 | 06
#0035-d247 @A: 03 34 05 12 | 08
#0036-d247 @A: 28 03 12 14 | 04
#0037-d247 @A: 16 29 02 12 | 02
#0038-d247 @A: 01 29 33 12 | 09
#0039-d247 @A: 10 29 12 17 | 03
#0040-d247 @A: 11 15 12 28 | 05
#0041-d247 @A: 09 28 30 12 | 10
#0042-d247 @A: 12 01 07 17 | 07
#0043-d247 @A: 23 11 02 12 | 12
#0044-d247 @A: 22 05 15 12 | 11
#0045-d247 @A: 34 31 32 27 | 01
#0046-d247 @A: 33 19 32 27 | 06
#0047-d247 @A: 27 15 04 35 | 08
#0048-d247 @A: 27 05 13 04 | 04
#0049-d247 @A: 30 03 24 10 | 02
#0050-d247 @A: 24 34 32 15 | 09
#0051-d247 @A: 06 21 24 34 | 03
#0052-d247 @A: 01 14 19 24 | 05
#0053-d247 @A: 24 28 10 22 | 10
#0054-d247 @A: 24 08 33 10 | 07
#0055-d247 @A: 02 24 09 13 | 12
#0056-d247 @A: 11 24 33 23 | 11
#0057-d247 @A: 24 09 31 30 | 01
#0058-d247 @A: 21 05 09 24 | 06
#0059-d247 @A: 05 24 30 08 | 08
#0060-d247 @A: 19 32 26 25 | 04
#0061-d247 @A: 16 31 28 26 | 02
#0062-d247 @A: 06 01 26 34 | 09
#0063-d247 @A: 19 21 26 14 | 03
#0064-d247 @A: 08 07 26 09 | 05
#0065-d247 @A: 26 15 06 35 | 10
#0066-d247 @A: 05 33 26 15 | 07
#0067-d247 @A: 34 15 25 16 | 12
#0068-d247 @A: 25 10 04 16 | 11
#0069-d247 @A: 16 02 25 33 | 01
#0070-d247 @A: 14 30 34 25 | 06
#0071-d247 @A: 02 13 25 32 | 08
#0072-d247 @A: 32 25 31 22 | 04
#0073-d247 @A: 25 06 19 14 | 02
#0074-d247 @A: 14 25 07 21 | 09
#0075-d247 @A: 02 28 01 25 | 03
#0076-d247 @A: 28 25 05 10 | 05
#0077-d247 @A: 10 05 25 08 | 10
#0078-d247 @A: 25 17 06 23 | 07
#0079-d247 @A: 15 25 04 09 | 12
#0080-d247 @A: 25 23 33 08 | 11
#0081-d247 @A: 03 34 19 09 | 01
#0082-d247 @A: 29 34 14 03 | 06
#0083-d247 @A: 03 02 32 19 | 08
#0084-d247 @A: 14 19 03 04 | 04
#0085-d247 @A: 29 08 10 03 | 02
#0086-d247 @A: 07 13 08 03 | 09
#0087-d247 @A: 02 11 33 03 | 03
#0088-d247 @A: 21 06 03 11 | 05
#0089-d247 @A: 16 23 19 34 | 10
#0090-d247 @A: 29 04 07 16 | 07
#0091-d247 @A: 09 07 01 16 | 12
#0092-d247 @A: 06 15 07 16 | 11
#0093-d247 @A: 04 02 06 16 | 01
#0094-d247 @A: 04 05 31 16 | 06
#0095-d247 @A: 16 04 22 30 | 08
#0096-d247 @A: 16 08 21 06 | 04
#0097-d247 @A: 06 29 34 19 | 02
#0098-d247 @A: 34 17 22 11 | 09
#0099-d247 @A: 33 15 34 09 | 03
#0100-d247 @A: 32 29 31 08 | 05
#0101-d247 @A: 30 28 10 32 | 10
#0102-d247 @A: 33 32 01 17 | 07
#0103-d247 @A: 22 15 10 32 | 12
#0104-d247 @A: 19 11 28 29 | 11
#0105-d247 @A: 17 19 04 11 | 01
#0106-d247 @A: 17 30 33 19 | 06
#0107-d247 @A: 19 02 21 23 | 08
#0108-d247 @A: 15 11 19 05 | 04
#0109-d247 @A: 30 08 19 21 | 02
#0110-d247 @A: 14 10 22 29 | 09
#0111-d247 @A: 13 07 29 30 | 03
#0112-d247 @A: 14 17 13 31 | 05
#0113-d247 @A: 04 14 15 06 | 10
#0114-d247 @A: 04 14 30 23 | 07
#0115-d247 @A: 30 11 14 33 | 12
#0116-d247 @A: 23 28 17 31 | 11
#0117-d247 @A: 33 31 09 28 | 01
#0118-d247 @A: 15 06 05 28 | 06
#0119-d247 @A: 35 06 17 01 | 08
#0120-d247 @A: 30 01 17 11 | 04
#0121-d247 @A: 05 23 17 01 | 02
#0122-d247 @A: 15 01 22 31 | 09
#0123-d247 @A: 31 08 13 01 | 03
#0124-d247 @A: 10 09 21 07 | 05
#0125-d247 @A: 02 30 15 10 | 10
#0126-d247 @A: 15 33 10 11 | 07
#0127-d247 @A: 31 08 10 06 | 12
#0128-d247 @A: 07 02 17 13 | 11
#0129-d247 @A: 07 09 33 17 | 01
#0130-d247 @A: 07 05 06 17 | 06
#0131-d247 @A: 05 22 02 07 | 08
#0132-d247 @A: 04 23 08 13 | 04
#0133-d247 @A: 20 33 18 03 | 02
#0134-d247 @A: 21 27 18 34 | 09
#0135-d247 @A: 10 18 24 04 | 03
#0136-d247 @A: 16 25 31 18 | 05
#0137-d247 @A: 30 18 25 10 | 10
#0138-d247 @A: 25 23 11 18 | 07
#0139-d247 @A: 21 19 03 18 | 12
#0140-d247 @A: 18 11 29 03 | 11
#0141-d247 @A: 22 15 18 35 | 01
#0142-d247 @A: 08 18 30 04 | 06
#0143-d247 @A: 18 30 02 21 | 08
#0144-d247 @A: 18 21 22 09 | 04
#0145-d247 @A: 05 12 20 19 | 02
#0146-d247 @A: 27 01 03 20 | 09
#0147-d247 @A: 27 10 30 20 | 03
#0148-d247 @A: 06 20 27 33 | 05
#0149-d247 @A: 24 20 26 15 | 10
#0150-d247 @A: 20 31 34 24 | 07
#0151-d247 @A: 26 05 20 23 | 12
#0152-d247 @A: 25 20 08 35 | 11
#0153-d247 @A: 20 32 23 03 | 01
#0154-d247 @A: 07 09 03 20 | 06
#0155-d247 @A: 23 22 34 20 | 08
#0156-d247 @A: 20 22 33 14 | 04
#0157-d247 @A: 31 17 20 07 | 02
#0158-d247 @A: 04 11 20 15 | 09
#0159-d247 @A: 20 30 31 04 | 03
#0160-d247 @A: 31 21 23 20 | 05
#0161-d247 @A: 06 15 20 22 | 10
#0162-d247 @A: 13 12 26 03 | 07
#0163-d247 @A: 15 26 12 32 | 12
#0164-d247 @A: 22 11 12 26 | 11
#0165-d247 @A: 17 12 25 08 | 01
#0166-d247 @A: 12 03 10 09 | 06
#0167-d247 @A: 12 03 35 31 | 08
#0168-d247 @A: 19 13 34 12 | 04
#0169-d247 @A: 23 17 12 34 | 02
#0170-d247 @A: 19 12 32 31 | 09
#0171-d247 @A: 12 10 19 33 | 03
#0172-d247 @A: 12 01 23 06 | 05
#0173-d247 @A: 04 17 12 15 | 10
#0174-d247 @A: 23 09 12 05 | 07
#0175-d247 @A: 27 04 25 24 | 12
#0176-d247 @A: 23 28 03 27 | 11
#0177-d247 @A: 19 34 15 27 | 01
#0178-d247 @A: 11 10 34 27 | 06
#0179-d247 @A: 32 10 27 17 | 08
#0180-d247 @A: 27 01 35 19 | 04
#0181-d247 @A: 08 07 27 04 | 02
#0182-d247 @A: 17 35 23 27 | 09
#0183-d247 @A: 27 22 31 04 | 03
#0184-d247 @A: 27 23 06 09 | 05
#0185-d247 @A: 06 21 05 27 | 10
#0186-d247 @A: 03 24 25 31 | 07
#0187-d247 @A: 34 17 25 24 | 12
#0188-d247 @A: 25 29 02 24 | 11
#0189-d247 @A: 25 06 33 24 | 01
#0190-d247 @A: 23 16 24 10 | 06
#0191-d247 @A: 24 32 13 29 | 08
#0192-d247 @A: 32 05 24 14 | 04
#0193-d247 @A: 24 07 19 23 | 02
#0194-d247 @A: 28 24 35 31 | 09
#0195-d247 @A: 05 35 06 24 | 03
#0196-d247 @A: 17 24 08 33 | 05
#0197-d247 @A: 24 11 04 13 | 10
#0198-d247 @A: 08 15 24 06 | 07
#0199-d247 @A: 26 25 30 15 | 12
#0200-d247 @A: 16 26 04 03 | 11
#0201-d247 @A: 29 13 01 26 | 01
#0202-d247 @A: 29 15 23 26 | 06
#0203-d247 @A: 07 22 14 26 | 08
#0204-d247 @A: 17 28 30 26 | 04
#0205-d247 @A: 26 09 11 02 | 02
#0206-d247 @A: 23 02 06 26 | 09
#0207-d247 @A: 09 15 22 26 | 03
#0208-d247 @A: 06 21 31 26 | 05
#0209-d247 @A: 26 05 13 31 | 10
#0210-d247 @A: 06 13 26 30 | 07
#0211-d247 @A: 25 06 10 03 | 12
#0212-d247 @A: 25 06 16 32 | 11
#0213-d247 @A: 05 19 34 25 | 01
#0214-d247 @A: 25 32 17 14 | 06
#0215-d247 @A: 10 22 19 25 | 08
#0216-d247 @A: 28 06 07 25 | 04
#0217-d247 @A: 25 22 35 06 | 02
#0218-d247 @A: 05 25 06 04 | 09
#0219-d247 @A: 16 32 03 09 | 03
#0220-d247 @A: 21 29 03 32 | 05
#0221-d247 @A: 03 15 35 29 | 10
#0222-d247 @A: 03 14 10 23 | 07
#0223-d247 @A: 02 01 10 03 | 12
#0224-d247 @A: 03 33 17 35 | 11
#0225-d247 @A: 03 30 04 02 | 01
#0226-d247 @A: 05 08 03 04 | 06
#0227-d247 @A: 19 16 14 17 | 08
#0228-d247 @A: 11 16 19 07 | 04
#0229-d247 @A: 14 05 16 10 | 02
#0230-d247 @A: 16 22 31 35 | 09
#0231-d247 @A: 23 11 16 31 | 03
#0232-d247 @A: 30 06 16 11 | 05
#0233-d247 @A: 15 30 31 16 | 10
#0234-d247 @A: 23 13 16 06 | 07
#0235-d247 @A: 29 34 22 32 | 12
#0236-d247 @A: 09 32 34 01 | 11
#0237-d247 @A: 10 34 14 31 | 01
#0238-d247 @A: 28 07 15 34 | 06
#0239-d247 @A: 34 01 30 31 | 08
#0240-d247 @A: 35 34 31 08 | 04
#0241-d247 @A: 34 09 22 02 | 02
#0242-d247 @A: 23 05 34 02 | 09
#0243-d247 @A: 34 31 13 09 | 03
#0244-d247 @A: 21 34 22 33 | 05
#0245-d247 @A: 32 14 07 35 | 10
#0246-d247 @A: 32 31 04 02 | 07
#0247-d247 @A: 06 32 11 13 | 12
#0248-d247 @A: 19 14 33 28 | 11
#0249-d247 @A: 19 09 10 14 | 01
#0250-d247 @A: 08 04 10 19 | 06
#0251-d247 @A: 19 07 31 08 | 08
#0252-d247 @A: 17 02 05 19 | 04
#0253-d247 @A: 22 29 08 14 | 02
#0254-d247 @A: 10 13 29 28 | 09
#0255-d247 @A: 29 10 06 01 | 03
#0256-d247 @A: 01 07 29 08 | 05
#0257-d247 @A: 31 04 29 17 | 10
#0258-d247 @A: 23 05 33 29 | 07
#0259-d247 @A: 28 14 17 22 | 12
#0260-d247 @A: 02 14 17 30 | 11
#0261-d247 @A: 31 04 14 33 | 01
#0262-d247 @A: 11 14 15 09 | 06
#0263-d247 @A: 14 30 06 09 | 08
#0264-d247 @A: 01 31 28 07 | 04
#0265-d247 @A: 07 02 23 28 | 02
#0266-d247 @A: 11 17 33 28 | 09
#0267-d247 @A: 21 28 08 17 | 03
#0268-d247 @A: 13 35 04 01 | 05
#0269-d247 @A: 33 23 35 01 | 10
#0270-d247 @A: 31 01 17 21 | 07
#0271-d247 @A: 01 23 22 11 | 12
#0272-d247 @A: 01 21 11 08 | 11
#0273-d247 @A: 22 07 31 10 | 01
#0274-d247 @A: 04 06 10 22 | 06
#0275-d247 @A: 13 10 21 02 | 08
#0276-d247 @A: 31 07 05 35 | 04
#0277-d247 @A: 13 11 09 07 | 02
#0278-d247 @A: 22 23 07 09 | 09
#0279-d247 @A: 13 07 21 31 | 03
#0280-d247 @A: 23 08 15 17 | 05
#0281-d247 @A: 04 08 02 22 | 10
#0282-d247 @A: 09 08 33 05 | 07
#0283-d247 @A: 11 20 18 14 | 12
#0284-d247 @A: 32 12 29 18 | 11
#0285-d247 @A: 28 25 24 18 | 01
#0286-d247 @A: 26 05 18 03 | 06
#0287-d247 @A: 18 28 23 26 | 08
#0288-d247 @A: 04 18 15 26 | 04
#0289-d247 @A: 18 14 25 09 | 02
#0290-d247 @A: 18 33 04 25 | 09
#0291-d247 @A: 03 18 11 08 | 03
#0292-d247 @A: 34 09 16 18 | 05
#0293-d247 @A: 11 33 18 16 | 10
#0294-d247 @A: 32 33 13 18 | 07
#0295-d247 @A: 17 30 18 09 | 12
#0296-d247 @A: 09 14 20 12 | 11
#0297-d247 @A: 27 25 22 20 | 01
#0298-d247 @A: 28 13 27 20 | 06
#0299-d247 @A: 20 01 22 24 | 08
#0300-d247 @A: 19 09 26 20 | 04
#0301-d247 @A: 20 26 35 14 | 02
#0302-d247 @A: 20 04 26 07 | 09
#0303-d247 @A: 20 03 16 31 | 03
#0304-d247 @A: 16 21 13 20 | 05
#0305-d247 @A: 31 14 20 19 | 10
#0306-d247 @A: 02 07 20 14 | 07
#0307-d247 @A: 05 35 04 20 | 12
#0308-d247 @A: 02 05 15 20 | 11
#0309-d247 @A: 22 11 08 20 | 01
#0310-d247 @A: 05 33 20 31 | 06
#0311-d247 @A: 15 23 13 20 | 08
#0312-d247 @A: 25 13 27 12 | 04
#0313-d247 @A: 34 29 12 24 | 02
#0314-d247 @A: 23 26 10 12 | 09
#0315-d247 @A: 25 15 12 10 | 03
#0316-d247 @A: 32 12 35 16 | 05
#0317-d247 @A: 22 32 12 14 | 10
#0318-d247 @A: 32 12 28 05 | 07
#0319-d247 @A: 12 01 32 04 | 12
#0320-d247 @A: 07 15 14 12 | 11
#0321-d247 @A: 30 11 04 12 | 01
#0322-d247 @A: 21 12 02 09 | 06
#0323-d247 @A: 12 08 31 02 | 08
#0324-d247 @A: 13 12 33 22 | 04
#0325-d247 @A: 24 27 10 06 | 02
#0326-d247 @A: 34 26 27 23 | 09
#0327-d247 @A: 26 14 27 31 | 03
#0328-d247 @A: 27 07 15 26 | 05
#0329-d247 @A: 34 25 27 09 | 10
#0330-d247 @A: 16 27 32 29 | 07
#0331-d247 @A: 29 27 28 14 | 12
#0332-d247 @A: 14 23 27 07 | 11
#0333-d247 @A: 10 28 09 27 | 01
#0334-d247 @A: 22 02 27 21 | 06
#0335-d247 @A: 09 27 15 30 | 08
#0336-d247 @A: 31 23 30 27 | 04
#0337-d247 @A: 33 27 22 15 | 02
#0338-d247 @A: 27 23 33 13 | 09
#0339-d247 @A: 03 24 26 06 | 03
#0340-d247 @A: 26 01 24 35 | 05
#0341-d247 @A: 24 33 14 03 | 10
#0342-d247 @A: 15 16 01 24 | 07
#0343-d247 @A: 22 24 19 34 | 12
#0344-d247 @A: 32 24 22 08 | 11
#0345-d247 @A: 10 15 29 24 | 01
#0346-d247 @A: 08 24 01 35 | 06
#0347-d247 @A: 13 35 17 24 | 08
#0348-d247 @A: 02 22 35 24 | 04
#0349-d247 @A: 35 21 24 11 | 02
#0350-d247 @A: 24 33 15 35 | 09
#0351-d247 @A: 26 06 25 29 | 03
#0352-d247 @A: 33 03 26 32 | 05
#0353-d247 @A: 16 26 14 15 | 10
#0354-d247 @A: 26 16 17 23 | 07
#0355-d247 @A: 34 31 26 19 | 12
#0356-d247 @A: 28 26 32 13 | 11
#0357-d247 @A: 26 05 07 28 | 01
#0358-d247 @A: 02 05 26 01 | 06
#0359-d247 @A: 08 14 25 21 | 08
#0360-d247 @A: 25 08 07 28 | 04
#0361-d247 @A: 25 23 05 35 | 02
#0362-d247 @A: 02 25 09 08 | 09
#0363-d247 @A: 13 16 07 03 | 03
#0364-d247 @A: 32 04 34 03 | 05
#0365-d247 @A: 02 31 03 34 | 10
#0366-d247 @A: 34 15 08 03 | 07
#0367-d247 @A: 05 01 03 28 | 12
#0368-d247 @A: 13 11 03 30 | 11
#0369-d247 @A: 03 30 22 09 | 01
#0370-d247 @A: 22 23 03 06 | 06
#0371-d247 @A: 16 07 32 23 | 08
#0372-d247 @A: 09 16 04 33 | 04
#0373-d247 @A: 16 09 11 22 | 02
#0374-d247 @A: 33 06 05 16 | 09
#0375-d247 @A: 23 15 05 16 | 03
#0376-d247 @A: 29 17 34 02 | 05
#0377-d247 @A: 34 21 28 31 | 10
#0378-d247 @A: 15 34 01 10 | 07
#0379-d247 @A: 35 31 34 23 | 12
#0380-d247 @A: 06 34 15 23 | 11
#0381-d247 @A: 30 05 13 34 | 01
#0382-d247 @A: 33 14 09 32 | 06
#0383-d247 @A: 05 01 10 32 | 08
#0384-d247 @A: 32 33 04 35 | 04
#0385-d247 @A: 02 21 32 17 | 02
#0386-d247 @A: 01 29 19 09 | 09
#0387-d247 @A: 31 19 05 29 | 03
#0388-d247 @A: 19 14 35 02 | 05
#0389-d247 @A: 06 04 19 13 | 10
#0390-d247 @A: 06 19 02 11 | 07
#0391-d247 @A: 19 13 09 22 | 12
#0392-d247 @A: 08 33 22 19 | 11
#0393-d247 @A: 13 21 05 19 | 01
#0394-d247 @A: 13 30 19 15 | 06
#0395-d247 @A: 08 28 17 29 | 08
#0396-d247 @A: 29 35 06 33 | 04
#0397-d247 @A: 29 11 21 17 | 02
#0398-d247 @A: 17 23 22 29 | 09
#0399-d247 @A: 23 13 29 04 | 03
#0400-d247 @A: 14 07 28 10 | 05
#0401-d247 @A: 08 31 14 28 | 10
#0402-d247 @A: 21 31 02 14 | 07
#0403-d247 @A: 21 09 13 14 | 12
#0404-d247 @A: 08 14 06 23 | 11
#0405-d247 @A: 04 02 11 28 | 01
#0406-d247 @A: 13 02 28 33 | 06
#0407-d247 @A: 22 31 13 28 | 08
#0408-d247 @A: 35 22 01 09 | 04
#0409-d247 @A: 09 31 06 01 | 02
#0410-d247 @A: 05 33 22 01 | 09
#0411-d247 @A: 01 30 13 22 | 03
#0412-d247 @A: 02 17 22 10 | 05
#0413-d247 @A: 09 10 17 11 | 10
#0414-d247 @A: 10 23 09 04 | 07
#0415-d247 @A: 06 21 10 33 | 12
#0416-d247 @A: 07 17 23 11 | 11
#0417-d247 @A: 17 07 08 06 | 01
#0418-d247 @A: 13 05 15 07 | 06
#0419-d247 @A: 08 09 35 13 | 08
#0420-d247 @A: 33 06 02 08 | 04
#0421-d247 @A: 20 34 18 06 | 02
#0422-d247 @A: 18 05 20 07 | 09
#0423-d247 @A: 18 30 01 27 | 03
#0424-d247 @A: 27 18 05 10 | 05
#0425-d247 @A: 23 18 24 03 | 10
#0426-d247 @A: 02 24 14 18 | 07
#0427-d247 @A: 26 18 35 19 | 12
#0428-d247 @A: 15 25 18 19 | 11
#0429-d247 @A: 28 16 18 02 | 01
#0430-d247 @A: 34 15 18 02 | 06
#0431-d247 @A: 18 32 07 08 | 08
#0432-d247 @A: 31 14 18 29 | 04
#0433-d247 @A: 18 10 29 09 | 02
#0434-d247 @A: 15 14 18 10 | 09
#0435-d247 @A: 08 14 18 35 | 03
#0436-d247 @A: 18 04 02 35 | 05
#0437-d247 @A: 13 18 11 17 | 10
#0438-d247 @A: 09 06 15 18 | 07
#0439-d247 @A: 20 26 27 29 | 12
#0440-d247 @A: 27 17 20 34 | 11
#0441-d247 @A: 27 08 09 20 | 01
#0442-d247 @A: 24 04 14 20 | 06
#0443-d247 @A: 05 21 25 20 | 08
#0444-d247 @A: 34 30 03 20 | 04
#0445-d247 @A: 19 20 03 06 | 02
#0446-d247 @A: 34 15 20 29 | 09
#0447-d247 @A: 34 14 20 01 | 03
#0448-d247 @A: 07 32 20 15 | 05
#0449-d247 @A: 19 20 22 28 | 10
#0450-d247 @A: 13 20 19 33 | 07
#0451-d247 @A: 30 23 20 19 | 12
#0452-d247 @A: 02 20 35 23 | 11
#0453-d247 @A: 21 20 09 15 | 01
#0454-d247 @A: 30 20 05 06 | 06
#0455-d247 @A: 24 12 14 27 | 08
#0456-d247 @A: 27 12 30 29 | 04
#0457-d247 @A: 19 12 16 22 | 02
#0458-d247 @A: 16 12 28 08 | 09
#0459-d247 @A: 04 12 14 34 | 03
#0460-d247 @A: 08 12 19 13 | 05
#0461-d247 @A: 29 13 12 14 | 10
#0462-d247 @A: 10 12 07 08 | 07
#0463-d247 @A: 02 12 30 33 | 12
#0464-d247 @A: 06 22 30 12 | 11
#0465-d247 @A: 02 27 24 28 | 01
#0466-d247 @A: 24 08 27 28 | 06
#0467-d247 @A: 24 01 21 27 | 08
#0468-d247 @A: 26 27 13 35 | 04
#0469-d247 @A: 05 27 15 25 | 02
#0470-d247 @A: 19 27 05 03 | 09
#0471-d247 @A: 22 27 07 03 | 03
#0472-d247 @A: 16 27 30 08 | 05
#0473-d247 @A: 02 32 01 27 | 10
#0474-d247 @A: 07 19 27 13 | 07
#0475-d247 @A: 31 15 29 27 | 12
#0476-d247 @A: 05 27 28 35 | 11
#0477-d247 @A: 09 11 33 27 | 01
#0478-d247 @A: 23 22 08 27 | 06
#0479-d247 @A: 33 24 34 16 | 08
#0480-d247 @A: 17 16 24 04 | 04
#0481-d247 @A: 16 13 24 08 | 02
#0482-d247 @A: 09 10 32 24 | 09
#0483-d247 @A: 22 24 09 14 | 03
#0484-d247 @A: 23 24 17 09 | 05
#0485-d247 @A: 30 24 02 05 | 10
#0486-d247 @A: 24 06 23 30 | 07
#0487-d247 @A: 35 10 26 03 | 12
#0488-d247 @A: 34 05 26 16 | 11
#0489-d247 @A: 14 32 04 26 | 01
#0490-d247 @A: 01 26 10 07 | 06
#0491-d247 @A: 26 06 09 07 | 08
#0492-d247 @A: 31 26 04 35 | 04
#0493-d247 @A: 08 05 15 26 | 02
#0494-d247 @A: 03 25 29 09 | 09
#0495-d247 @A: 33 01 25 03 | 03
#0496-d247 @A: 16 21 01 25 | 05
#0497-d247 @A: 32 07 10 25 | 10
#0498-d247 @A: 19 29 13 25 | 07
#0499-d247 @A: 31 09 07 25 | 12
#0500-d247 @A: 35 25 21 31 | 11
#0501-d247 @A: 17 22 09 25 | 01
#0502-d247 @A: 08 25 04 06 | 06
#0503-d247 @A: 31 11 05 25 | 08
#0504-d247 @A: 33 11 25 22 | 04
#0505-d247 @A: 29 16 05 03 | 02
#0506-d247 @A: 17 10 34 03 | 09
#0507-d247 @A: 13 19 35 03 | 03
#0508-d247 @A: 22 01 29 03 | 05
#0509-d247 @A: 28 03 07 35 | 10
#0510-d247 @A: 28 21 03 04 | 07
#0511-d247 @A: 03 35 05 02 | 12
#0512-d247 @A: 17 04 03 23 | 11
#0513-d247 @A: 30 15 03 17 | 01
#0514-d247 @A: 23 03 31 08 | 06
#0515-d247 @A: 32 16 10 33 | 08
#0516-d247 @A: 16 29 28 15 | 04
#0517-d247 @A: 16 07 14 31 | 02
#0518-d247 @A: 28 16 23 01 | 09
#0519-d247 @A: 35 23 16 04 | 03
#0520-d247 @A: 15 16 02 11 | 05
#0521-d247 @A: 19 08 34 28 | 10
#0522-d247 @A: 17 14 34 21 | 07
#0523-d247 @A: 34 10 06 28 | 12
#0524-d247 @A: 01 33 08 34 | 11
#0525-d247 @A: 04 10 19 32 | 01
#0526-d247 @A: 02 29 32 07 | 06
#0527-d247 @A: 29 06 32 05 | 08
#0528-d247 @A: 28 32 09 07 | 04
#0529-d247 @A: 15 17 32 06 | 02
#0530-d247 @A: 22 05 32 11 | 09
#0531-d247 @A: 10 28 35 19 | 03
#0532-d247 @A: 07 28 04 19 | 05
#0533-d247 @A: 04 02 19 15 | 10
#0534-d247 @A: 29 13 35 31 | 07
#0535-d247 @A: 13 17 05 29 | 12
#0536-d247 @A: 29 02 06 31 | 11
#0537-d247 @A: 29 13 02 15 | 01
#0538-d247 @A: 02 30 23 29 | 06
#0539-d247 @A: 29 21 13 22 | 08
#0540-d247 @A: 13 07 14 04 | 04
#0541-d247 @A: 35 11 17 14 | 02
#0542-d247 @A: 11 14 08 04 | 09
#0543-d247 @A: 15 28 13 17 | 03
#0544-d247 @A: 21 22 28 11 | 05
#0545-d247 @A: 35 05 01 15 | 10
#0546-d247 @A: 21 04 01 05 | 07
#0547-d247 @A: 15 01 04 30 | 12
#0548-d247 @A: 09 11 05 01 | 11
#0549-d247 @A: 23 09 30 01 | 01
#0550-d247 @A: 10 08 15 22 | 06
#0551-d247 @A: 22 30 17 07 | 08
#0552-d247 @A: 02 21 06 07 | 04
#0553-d247 @A: 20 13 24 18 | 02
#0554-d247 @A: 15 28 18 20 | 09
#0555-d247 @A: 18 20 04 22 | 03
#0556-d247 @A: 16 13 18 12 | 05
#0557-d247 @A: 35 18 28 12 | 10
#0558-d247 @A: 18 31 12 10 | 07
#0559-d247 @A: 07 30 12 18 | 12
#0560-d247 @A: 27 06 18 08 | 11
#0561-d247 @A: 21 18 16 24 | 01
#0562-d247 @A: 05 24 19 18 | 06
#0563-d247 @A: 18 14 26 13 | 08
#0564-d247 @A: 07 26 21 18 | 04
#0565-d247 @A: 25 18 13 07 | 02
#0566-d247 @A: 16 18 33 08 | 09
#0567-d247 @A: 34 14 23 18 | 03
#0568-d247 @A: 18 32 01 21 | 05
#0569-d247 @A: 06 18 07 19 | 10
#0570-d247 @A: 18 11 31 19 | 07
#0571-d247 @A: 18 15 01 08 | 12
#0572-d247 @A: 06 18 02 13 | 11
#0573-d247 @A: 09 31 08 18 | 01
#0574-d247 @A: 27 12 35 20 | 06
#0575-d247 @A: 29 12 20 11 | 08
#0576-d247 @A: 05 12 08 20 | 04
#0577-d247 @A: 23 20 24 27 | 02
#0578-d247 @A: 20 24 21 08 | 09
#0579-d247 @A: 20 26 32 22 | 03
#0580-d247 @A: 03 15 25 20 | 05
#0581-d247 @A: 25 19 16 20 | 10
#0582-d247 @A: 20 28 17 03 | 07
#0583-d247 @A: 22 20 03 11 | 12
#0584-d247 @A: 16 10 15 20 | 11
#0585-d247 @A: 11 31 02 20 | 01
#0586-d247 @A: 20 15 33 30 | 06
#0587-d247 @A: 21 27 12 31 | 08
#0588-d247 @A: 34 26 12 09 | 04
#0589-d247 @A: 14 17 12 26 | 02
#0590-d247 @A: 23 03 12 16 | 09
#0591-d247 @A: 10 32 06 12 | 03
#0592-d247 @A: 17 32 12 11 | 05
#0593-d247 @A: 19 12 07 09 | 10
#0594-d247 @A: 12 35 22 29 | 07
#0595-d247 @A: 35 12 09 11 | 12
#0596-d247 @A: 21 13 12 35 | 11
#0597-d247 @A: 04 23 33 12 | 01
#0598-d247 @A: 06 05 12 31 | 06
#0599-d247 @A: 31 15 23 12 | 08
#0600-d247 @A: 12 21 08 33 | 04
#0601-d247 @A: 21 32 25 27 | 02
#0602-d247 @A: 19 23 25 27 | 09
#0603-d247 @A: 03 27 08 32 | 03
#0604-d247 @A: 29 02 27 03 | 05
#0605-d247 @A: 04 01 27 16 | 10
#0606-d247 @A: 27 22 32 28 | 07
#0607-d247 @A: 05 32 27 07 | 12
#0608-d247 @A: 33 21 14 27 | 11
#0609-d247 @A: 10 01 27 13 | 01
#0610-d247 @A: 10 27 21 08 | 06
#0611-d247 @A: 02 35 27 06 | 08
#0612-d247 @A: 11 04 23 27 | 04
#0613-d247 @A: 04 27 30 33 | 02
#0614-d247 @A: 26 24 28 19 | 09
#0615-d247 @A: 19 08 24 26 | 03
#0616-d247 @A: 24 32 25 30 | 05
#0617-d247 @A: 25 08 31 24 | 10
#0618-d247 @A: 32 16 24 31 | 07
#0619-d247 @A: 35 19 24 16 | 12
#0620-d247 @A: 07 24 34 10 | 11
#0621-d247 @A: 24 34 35 09 | 01
#0622-d247 @A: 19 24 09 04 | 06
#0623-d247 @A: 17 02 24 31 | 08
#0624-d247 @A: 06 24 22 13 | 04
#0625-d247 @A: 15 24 22 30 | 02
#0626-d247 @A: 26 11 25 10 | 09
#0627-d247 @A: 26 29 03 31 | 03
#0628-d247 @A: 06 16 26 19 | 05
#0629-d247 @A: 26 21 34 29 | 10
#0630-d247 @A: 04 26 30 19 | 07
#0631-d247 @A: 13 19 26 02 | 12
#0632-d247 @A: 09 31 10 26 | 11
#0633-d247 @A: 04 21 02 26 | 01
#0634-d247 @A: 23 31 33 26 | 06
#0635-d247 @A: 30 19 25 03 | 08
#0636-d247 @A: 13 25 16 11 | 04
#0637-d247 @A: 28 32 25 15 | 02
#0638-d247 @A: 19 07 17 25 | 09
#0639-d247 @A: 15 07 25 29 | 03
#0640-d247 @A: 21 25 28 30 | 05
#0641-d247 @A: 25 10 01 09 | 10
#0642-d247 @A: 15 11 01 25 | 07
#0643-d247 @A: 05 17 25 33 | 12
#0644-d247 @A: 15 33 13 25 | 11
#0645-d247 @A: 32 03 06 28 | 01
#0646-d247 @A: 13 10 03 32 | 06
#0647-d247 @A: 01 21 03 14 | 08
#0648-d247 @A: 08 03 28 06 | 04
#0649-d247 @A: 03 05 33 10 | 02
#0650-d247 @A: 35 23 03 21 | 09
#0651-d247 @A: 09 33 21 03 | 03
#0652-d247 @A: 29 16 13 34 | 05
#0653-d247 @A: 23 16 21 29 | 10
#0654-d247 @A: 16 15 22 17 | 07
#0655-d247 @A: 16 21 02 05 | 12
#0656-d247 @A: 31 09 21 16 | 11
#0657-d247 @A: 19 34 21 32 | 01
#0658-d247 @A: 14 34 06 22 | 06
#0659-d247 @A: 33 34 05 07 | 08
#0660-d247 @A: 35 05 19 32 | 04
#0661-d247 @A: 29 32 35 10 | 02
#0662-d247 @A: 32 35 31 06 | 09
#0663-d247 @A: 09 17 32 31 | 03
#0664-d247 @A: 32 21 11 23 | 05
#0665-d247 @A: 15 21 32 31 | 10
#0666-d247 @A: 19 14 15 08 | 07
#0667-d247 @A: 35 22 23 19 | 12
#0668-d247 @A: 17 22 06 19 | 11
#0669-d247 @A: 02 19 22 33 | 01
#0670-d247 @A: 02 11 05 29 | 06
#0671-d247 @A: 09 22 33 29 | 08
#0672-d247 @A: 22 29 30 31 | 04
#0673-d247 @A: 06 05 14 01 | 02
#0674-d247 @A: 14 23 33 02 | 09
#0675-d247 @A: 14 05 23 11 | 03
#0676-d247 @A: 30 08 14 09 | 05
#0677-d247 @A: 22 14 31 23 | 10
#0678-d247 @A: 14 06 23 21 | 07
#0679-d247 @A: 22 15 13 14 | 12
#0680-d247 @A: 02 35 28 17 | 11
#0681-d247 @A: 23 28 04 05 | 01
#0682-d247 @A: 21 28 02 15 | 06
#0683-d247 @A: 21 28 09 23 | 08
#0684-d247 @A: 23 28 22 15 | 04
#0685-d247 @A: 01 22 10 21 | 02
#0686-d247 @A: 35 01 21 07 | 09
#0687-d247 @A: 30 35 02 01 | 03
#0688-d247 @A: 23 01 02 15 | 05
#0689-d247 @A: 35 15 10 23 | 10
#0690-d247 @A: 10 17 13 06 | 07
#0691-d247 @A: 21 31 11 10 | 12
#0692-d247 @A: 10 13 31 33 | 11
#0693-d247 @A: 05 31 10 23 | 01
#0694-d247 @A: 22 23 10 30 | 06
#0695-d247 @A: 07 21 04 17 | 08
#0696-d247 @A: 07 31 11 04 | 04
#0697-d247 @A: 09 15 02 07 | 02
#0698-d247 @A: 07 33 15 08 | 09
#0699-d247 @A: 23 35 08 05 | 03
#0700-d247 @A: 30 02 22 08 | 05
#0701-d247 @A: 20 16 18 26 | 10
#0702-d247 @A: 19 18 32 20 | 07
#0703-d247 @A: 03 12 25 18 | 12
#0704-d247 @A: 11 34 18 12 | 11
#0705-d247 @A: 12 08 18 23 | 01
#0706-d247 @A: 18 11 27 26 | 06
#0707-d247 @A: 25 18 27 06 | 08
#0708-d247 @A: 15 18 27 32 | 04
#0709-d247 @A: 33 18 27 28 | 02
#0710-d247 @A: 25 18 05 02 | 09
#0711-d247 @A: 34 29 18 04 | 03
#0712-d247 @A: 32 14 06 18 | 05
#0713-d247 @A: 05 32 23 18 | 10
#0714-d247 @A: 13 19 18 28 | 07
#0715-d247 @A: 01 18 02 29 | 12
#0716-d247 @A: 05 04 17 18 | 11
#0717-d247 @A: 31 17 15 18 | 01
#0718-d247 @A: 18 33 31 02 | 06
#0719-d247 @A: 20 24 12 17 | 08
#0720-d247 @A: 30 12 25 20 | 04
#0721-d247 @A: 20 03 02 12 | 02
#0722-d247 @A: 20 32 13 12 | 09
#0723-d247 @A: 20 22 10 12 | 03
#0724-d247 @A: 20 23 12 07 | 05
#0725-d247 @A: 26 13 10 20 | 10
#0726-d247 @A: 20 10 26 08 | 07
#0727-d247 @A: 35 34 25 20 | 12
#0728-d247 @A: 20 25 33 07 | 11
#0729-d247 @A: 20 13 07 34 | 01
#0730-d247 @A: 17 20 14 29 | 06
#0731-d247 @A: 31 20 29 01 | 08
#0732-d247 @A: 15 31 35 20 | 04
#0733-d247 @A: 12 27 05 26 | 02
#0734-d247 @A: 27 28 12 34 | 09
#0735-d247 @A: 08 12 27 34 | 03
#0736-d247 @A: 02 12 27 04 | 05
#0737-d247 @A: 24 35 23 12 | 10
#0738-d247 @A: 12 03 26 08 | 07
#0739-d247 @A: 01 31 26 12 | 12
#0740-d247 @A: 07 12 03 06 | 11
#0741-d247 @A: 28 16 12 06 | 01
#0742-d247 @A: 12 16 01 05 | 06
#0743-d247 @A: 11 08 12 29 | 08
#0744-d247 @A: 17 12 35 05 | 04
#0745-d247 @A: 35 12 02 15 | 02
#0746-d247 @A: 02 13 05 12 | 09
#0747-d247 @A: 12 11 05 33 | 03
#0748-d247 @A: 16 05 24 27 | 05
#0749-d247 @A: 31 07 24 27 | 10
#0750-d247 @A: 27 02 26 25 | 07
#0751-d247 @A: 19 17 26 27 | 12
#0752-d247 @A: 26 33 10 27 | 11
#0753-d247 @A: 11 27 08 26 | 01
#0754-d247 @A: 25 28 27 31 | 06
#0755-d247 @A: 01 25 08 27 | 08
#0756-d247 @A: 27 29 05 34 | 04
#0757-d247 @A: 02 27 14 34 | 02
#0758-d247 @A: 22 34 30 27 | 09
#0759-d247 @A: 19 10 27 31 | 03
#0760-d247 @A: 27 23 29 01 | 05
#0761-d247 @A: 07 35 29 27 | 10
#0762-d247 @A: 14 08 27 05 | 07
#0763-d247 @A: 07 17 27 28 | 12
#0764-d247 @A: 07 11 02 27 | 11
#0765-d247 @A: 30 27 21 35 | 01
#0766-d247 @A: 15 02 27 17 | 06
#0767-d247 @A: 11 25 19 24 | 08
#0768-d247 @A: 25 35 24 07 | 04
#0769-d247 @A: 16 24 06 29 | 02
#0770-d247 @A: 22 16 24 07 | 09
#0771-d247 @A: 34 28 24 23 | 03
#0772-d247 @A: 24 28 09 15 | 05
#0773-d247 @A: 24 06 01 04 | 10
#0774-d247 @A: 24 33 21 02 | 07
#0775-d247 @A: 31 05 24 15 | 12
#0776-d247 @A: 08 26 23 16 | 11
#0777-d247 @A: 04 10 26 29 | 01
#0778-d247 @A: 14 30 01 26 | 06
#0779-d247 @A: 01 14 26 08 | 08
#0780-d247 @A: 01 21 09 26 | 04
#0781-d247 @A: 31 26 15 02 | 02
#0782-d247 @A: 22 08 31 26 | 09
#0783-d247 @A: 21 30 26 23 | 03
#0784-d247 @A: 03 05 32 25 | 05
#0785-d247 @A: 03 28 13 25 | 10
#0786-d247 @A: 04 30 17 25 | 07
#0787-d247 @A: 30 25 09 11 | 12
#0788-d247 @A: 05 25 30 22 | 11
#0789-d247 @A: 14 35 16 03 | 01
#0790-d247 @A: 01 32 35 03 | 06
#0791-d247 @A: 07 03 31 19 | 08
#0792-d247 @A: 28 03 09 11 | 04
#0793-d247 @A: 03 31 01 04 | 02
#0794-d247 @A: 22 03 35 04 | 09
#0795-d247 @A: 03 15 02 22 | 03
#0796-d247 @A: 31 03 09 23 | 05
#0797-d247 @A: 08 16 34 22 | 10
#0798-d247 @A: 16 32 11 04 | 07
#0799-d247 @A: 04 19 21 16 | 12
#0800-d247 @A: 16 29 14 33 | 11
#0801-d247 @A: 16 21 14 11 | 01
#0802-d247 @A: 28 16 17 10 | 06
#0803-d247 @A: 21 35 16 17 | 08
#0804-d247 @A: 16 35 15 09 | 04
#0805-d247 @A: 15 13 16 04 | 02
#0806-d247 @A: 30 28 29 34 | 09
#0807-d247 @A: 29 09 23 34 | 03
#0808-d247 @A: 14 34 28 05 | 05
#0809-d247 @A: 34 14 15 35 | 10
#0810-d247 @A: 04 09 30 34 | 07
#0811-d247 @A: 34 30 11 02 | 12
#0812-d247 @A: 11 23 13 34 | 11
#0813-d247 @A: 05 34 06 09 | 01
#0814-d247 @A: 30 07 32 19 | 06
#0815-d247 @A: 32 31 01 14 | 08
#0816-d247 @A: 11 31 32 33 | 04
#0817-d247 @A: 22 32 09 06 | 02
#0818-d247 @A: 32 21 08 13 | 09
#0819-d247 @A: 29 19 14 15 | 03
#0820-d247 @A: 19 02 10 29 | 05
#0821-d247 @A: 29 05 19 08 | 10
#0822-d247 @A: 04 19 31 23 | 07
#0823-d247 @A: 30 11 19 22 | 12
#0824-d247 @A: 06 05 19 23 | 11
#0825-d247 @A: 09 14 29 02 | 01
#0826-d247 @A: 02 29 10 08 | 06
#0827-d247 @A: 22 15 11 29 | 08
#0828-d247 @A: 06 09 13 29 | 04
#0829-d247 @A: 21 31 33 29 | 02
#0830-d247 @A: 10 01 17 14 | 09
#0831-d247 @A: 21 14 04 35 | 03
#0832-d247 @A: 09 35 23 14 | 05
#0833-d247 @A: 14 31 35 30 | 10
#0834-d247 @A: 08 09 17 14 | 07
#0835-d247 @A: 33 13 14 05 | 12
#0836-d247 @A: 28 09 35 13 | 11
#0837-d247 @A: 21 35 28 33 | 01
#0838-d247 @A: 35 23 28 06 | 06
#0839-d247 @A: 21 17 28 05 | 08
#0840-d247 @A: 28 09 04 22 | 04
#0841-d247 @A: 30 22 28 02 | 02
#0842-d247 @A: 30 28 33 05 | 09
#0843-d247 @A: 33 06 11 01 | 03
#0844-d247 @A: 11 05 07 10 | 05
#0845-d247 @A: 05 35 13 10 | 10
#0846-d247 @A: 04 21 10 30 | 07
#0847-d247 @A: 22 13 11 10 | 12
#0848-d247 @A: 22 05 10 09 | 11
#0849-d247 @A: 31 30 10 06 | 01
#0850-d247 @A: 07 04 06 30 | 06
#0851-d247 @A: 09 05 30 07 | 08
#0852-d247 @A: 31 07 06 23 | 04
#0853-d247 @A: 07 21 15 30 | 02
#0854-d247 @A: 30 31 17 08 | 09
#0855-d247 @A: 23 10 20 18 | 03
#0856-d247 @A: 18 17 20 08 | 05
#0857-d247 @A: 12 18 04 19 | 10
#0858-d247 @A: 23 22 12 18 | 07
#0859-d247 @A: 18 08 26 13 | 12
#0860-d247 @A: 08 18 19 25 | 11
#0861-d247 @A: 18 21 29 25 | 01
#0862-d247 @A: 18 35 34 03 | 06
#0863-d247 @A: 01 03 18 06 | 08
#0864-d247 @A: 03 22 10 18 | 04
#0865-d247 @A: 18 07 03 02 | 02
#0866-d247 @A: 05 18 01 34 | 09
#0867-d247 @A: 18 32 11 07 | 03
#0868-d247 @A: 07 29 23 18 | 05
#0869-d247 @A: 14 07 18 33 | 10
#0870-d247 @A: 10 18 11 28 | 07
#0871-d247 @A: 28 09 05 18 | 12
#0872-d247 @A: 18 10 33 01 | 11
#0873-d247 @A: 31 35 18 09 | 01
#0874-d247 @A: 13 23 35 18 | 06
#0875-d247 @A: 31 06 22 18 | 08
#0876-d247 @A: 12 20 26 06 | 04
#0877-d247 @A: 20 12 28 31 | 02
#0878-d247 @A: 20 01 12 15 | 09
#0879-d247 @A: 32 11 20 24 | 03
#0880-d247 @A: 16 32 17 20 | 05
#0881-d247 @A: 29 10 20 05 | 10
#0882-d247 @A: 23 20 17 33 | 07
#0883-d247 @A: 33 04 20 21 | 12
#0884-d247 @A: 16 15 27 12 | 11
#0885-d247 @A: 24 21 12 32 | 01
#0886-d247 @A: 29 26 12 19 | 06
#0887-d247 @A: 35 07 12 26 | 08
#0888-d247 @A: 29 03 12 04 | 04
#0889-d247 @A: 34 21 12 01 | 02
#0890-d247 @A: 07 12 08 14 | 09
#0891-d247 @A: 30 10 12 01 | 03
#0892-d247 @A: 17 09 13 12 | 05
#0893-d247 @A: 17 21 12 33 | 10
#0894-d247 @A: 21 04 12 22 | 07
#0895-d247 @A: 12 08 15 09 | 12
#0896-d247 @A: 27 09 26 24 | 11
#0897-d247 @A: 03 27 24 34 | 01
#0898-d247 @A: 26 27 28 04 | 06
#0899-d247 @A: 31 03 06 27 | 08
#0900-d247 @A: 09 16 27 19 | 04
#0901-d247 @A: 17 27 16 30 | 02
#0902-d247 @A: 34 06 27 13 | 09
#0903-d247 @A: 32 30 27 14 | 03
#0904-d247 @A: 27 09 13 32 | 05
#0905-d247 @A: 29 19 27 04 | 10
#0906-d247 @A: 02 27 19 08 | 07
#0907-d247 @A: 17 29 09 27 | 12
#0908-d247 @A: 01 15 28 27 | 11
#0909-d247 @A: 27 35 11 22 | 01
#0910-d247 @A: 27 33 35 31 | 06
#0911-d247 @A: 05 33 27 02 | 08
#0912-d247 @A: 27 11 30 05 | 04
#0913-d247 @A: 34 04 26 24 | 02
#0914-d247 @A: 06 24 19 32 | 09
#0915-d247 @A: 24 07 04 32 | 03
#0916-d247 @A: 19 21 10 24 | 05
#0917-d247 @A: 01 17 29 24 | 10
#0918-d247 @A: 24 28 01 30 | 07
#0919-d247 @A: 21 07 24 28 | 12
#0920-d247 @A: 24 21 31 04 | 11
#0921-d247 @A: 09 16 26 25 | 01
#0922-d247 @A: 07 26 03 11 | 06
#0923-d247 @A: 26 16 29 35 | 08
#0924-d247 @A: 26 30 32 29 | 04
#0925-d247 @A: 26 19 10 05 | 02
#0926-d247 @A: 26 14 29 11 | 09
#0927-d247 @A: 28 35 26 11 | 03
#0928-d247 @A: 26 08 28 33 | 05
#0929-d247 @A: 13 04 26 17 | 10
#0930-d247 @A: 33 06 04 26 | 07
#0931-d247 @A: 26 06 22 05 | 12
#0932-d247 @A: 25 03 07 04 | 11
#0933-d247 @A: 08 03 25 22 | 01
#0934-d247 @A: 22 16 25 29 | 06
#0935-d247 @A: 19 09 28 25 | 08
#0936-d247 @A: 29 23 25 10 | 04
#0937-d247 @A: 17 25 02 11 | 02
#0938-d247 @A: 09 21 06 25 | 09
#0939-d247 @A: 25 06 15 31 | 03
#0940-d247 @A: 25 23 13 22 | 05
#0941-d247 @A: 06 14 03 02 | 10
#0942-d247 @A: 03 11 15 23 | 07
#0943-d247 @A: 15 31 13 03 | 12
#0944-d247 @A: 34 16 14 32 | 11
#0945-d247 @A: 16 10 34 02 | 01
#0946-d247 @A: 16 19 32 15 | 06
#0947-d247 @A: 13 05 32 16 | 08
#0948-d247 @A: 19 16 28 05 | 04
#0949-d247 @A: 28 14 16 09 | 02
#0950-d247 @A: 16 02 22 14 | 09
#0951-d247 @A: 28 07 30 16 | 03
#0952-d247 @A: 02 16 17 01 | 05
#0953-d247 @A: 05 16 08 07 | 10
#0954-d247 @A: 33 16 35 30 | 07
#0955-d247 @A: 16 02 09 23 | 12
#0956-d247 @A: 10 30 19 34 | 11
#0957-d247 @A: 07 34 35 19 | 01
#0958-d247 @A: 35 28 34 22 | 06
#0959-d247 @A: 31 17 33 34 | 08
#0960-d247 @A: 08 09 34 04 | 04
#0961-d247 @A: 15 31 11 34 | 02
#0962-d247 @A: 06 08 11 34 | 09
#0963-d247 @A: 19 29 17 32 | 03
#0964-d247 @A: 08 32 14 33 | 05
#0965-d247 @A: 08 32 01 28 | 10
#0966-d247 @A: 17 32 28 04 | 07
#0967-d247 @A: 30 01 06 32 | 12
#0968-d247 @A: 32 35 02 11 | 11
#0969-d247 @A: 35 09 32 21 | 01
#0970-d247 @A: 32 05 08 17 | 06
#0971-d247 @A: 06 32 04 21 | 08
#0972-d247 @A: 31 05 30 32 | 04
#0973-d247 @A: 15 10 19 06 | 02
#0974-d247 @A: 35 31 19 17 | 09
#0975-d247 @A: 15 19 35 21 | 03
#0976-d247 @A: 08 11 17 19 | 05
#0977-d247 @A: 09 15 19 31 | 10
#0978-d247 @A: 14 29 07 06 | 07
#0979-d247 @A: 28 22 29 05 | 12
#0980-d247 @A: 33 11 29 13 | 11
#0981-d247 @A: 14 28 31 15 | 01
#0982-d247 @A: 05 14 22 35 | 06
#0983-d247 @A: 17 14 09 04 | 08
#0984-d247 @A: 14 05 02 04 | 04
#0985-d247 @A: 30 15 14 05 | 02
#0986-d247 @A: 28 30 35 15 | 09
#0987-d247 @A: 06 22 28 33 | 03
#0988-d247 @A: 04 01 31 08 | 05
#0989-d247 @A: 11 21 02 01 | 10
#0990-d247 @A: 30 21 33 01 | 07
#0991-d247 @A: 01 05 08 22 | 12
#0992-d247 @A: 07 23 13 10 | 11
#0993-d247 @A: 10 35 17 08 | 01
#0994-d247 @A: 33 22 10 35 | 06
#0995-d247 @A: 07 02 33 35 | 08
#0996-d247 @A: 30 29 20 18 | 04
#0997-d247 @A: 18 17 27 12 | 02
#0998-d247 @A: 18 14 05 12 | 09
#0999-d247 @A: 15 33 12 18 | 03
#1000-d247 @A: 26 24 18 31 | 05
#1001-d247 @A: 25 26 01 18 | 10
#1002-d247 @A: 06 26 10 18 | 07
#1003-d247 @A: 05 18 29 15 | 12
#1004-d247 @A: 28 17 18 01 | 11
#1005-d247 @A: 10 18 21 35 | 01
#1006-d247 @A: 23 18 17 02 | 06
#1007-d247 @A: 33 17 18 22 | 08
#1008-d247 @A: 09 11 04 18 | 04
#1009-d247 @A: 02 11 22 18 | 02
#1010-d247 @A: 05 18 08 02 | 09
#1011-d247 @A: 18 05 11 06 | 03
#1012-d247 @A: 05 22 13 18 | 05
#1013-d247 @A: 16 27 20 02 | 10
#1014-d247 @A: 24 20 25 09 | 07
#1015-d247 @A: 20 19 24 02 | 12
#1016-d247 @A: 05 24 28 20 | 11
#1017-d247 @A: 20 10 33 24 | 01
#1018-d247 @A: 25 26 31 20 | 06
#1019-d247 @A: 32 25 01 20 | 08
#1020-d247 @A: 29 03 13 20 | 04
#1021-d247 @A: 10 04 20 03 | 02
#1022-d247 @A: 20 29 09 16 | 09
#1023-d247 @A: 22 05 20 16 | 03
#1024-d247 @A: 20 32 08 04 | 05
#1025-d247 @A: 01 19 20 21 | 10
#1026-d247 @A: 33 29 20 08 | 07
#1027-d247 @A: 20 01 09 28 | 12
#1028-d247 @A: 17 10 35 20 | 11
#1029-d247 @A: 20 06 35 21 | 01
#1030-d247 @A: 20 17 04 02 | 06
#1031-d247 @A: 20 13 17 30 | 08
#1032-d247 @A: 10 07 27 12 | 04
#1033-d247 @A: 26 12 24 30 | 02
#1034-d247 @A: 12 25 04 26 | 09
#1035-d247 @A: 12 32 09 25 | 03
#1036-d247 @A: 19 12 25 02 | 05
#1037-d247 @A: 30 12 32 03 | 10
#1038-d247 @A: 12 15 03 21 | 07
#1039-d247 @A: 12 16 31 34 | 12
#1040-d247 @A: 22 07 12 34 | 11
#1041-d247 @A: 23 12 19 14 | 01
#1042-d247 @A: 09 15 29 12 | 06
#1043-d247 @A: 28 10 12 02 | 08
#1044-d247 @A: 06 02 17 12 | 04
#1045-d247 @A: 06 13 12 15 | 02
#1046-d247 @A: 23 30 12 13 | 09
#1047-d247 @A: 01 25 17 27 | 03
#1048-d247 @A: 06 29 22 27 | 05
#1049-d247 @A: 28 27 06 30 | 10
#1050-d247 @A: 31 15 08 27 | 07
#1051-d247 @A: 27 08 13 33 | 12
#1052-d247 @A: 21 24 26 25 | 11
#1053-d247 @A: 02 24 32 26 | 01
#1054-d247 @A: 26 24 14 23 | 06
#1055-d247 @A: 24 16 14 25 | 08
#1056-d247 @A: 24 13 25 10 | 04
#1057-d247 @A: 03 24 32 22 | 02
#1058-d247 @A: 17 19 03 24 | 09
#1059-d247 @A: 03 24 09 01 | 03
#1060-d247 @A: 01 34 02 24 | 05
#1061-d247 @A: 34 11 05 24 | 10
#1062-d247 @A: 01 23 24 32 | 07
#1063-d247 @A: 01 31 10 24 | 12
#1064-d247 @A: 24 11 30 07 | 11
#1065-d247 @A: 04 30 24 35 | 01
#1066-d247 @A: 02 23 24 04 | 06
#1067-d247 @A: 06 24 11 09 | 08
#1068-d247 @A: 24 22 11 31 | 04
#1069-d247 @A: 22 23 21 24 | 02
#1070-d247 @A: 25 26 08 16 | 09
#1071-d247 @A: 35 26 25 33 | 03
#1072-d247 @A: 15 26 34 03 | 05
#1073-d247 @A: 03 26 09 14 | 10
#1074-d247 @A: 26 02 07 16 | 07
#1075-d247 @A: 32 11 26 34 | 12
#1076-d247 @A: 08 02 26 32 | 11
#1077-d247 @A: 29 02 26 22 | 01
#1078-d247 @A: 14 28 26 06 | 06
#1079-d247 @A: 11 26 04 01 | 08
#1080-d247 @A: 35 06 26 08 | 04
#1081-d247 @A: 22 21 26 35 | 02
#1082-d247 @A: 34 25 29 31 | 09
#1083-d247 @A: 34 25 07 02 | 03
#1084-d247 @A: 10 25 33 14 | 05
#1085-d247 @A: 06 25 01 13 | 10
#1086-d247 @A: 25 17 15 35 | 07
#1087-d247 @A: 25 35 30 13 | 12
#1088-d247 @A: 13 05 09 25 | 11
#1089-d247 @A: 25 30 33 31 | 01
#1090-d247 @A: 16 28 22 03 | 06
#1091-d247 @A: 22 34 03 13 | 08
#1092-d247 @A: 03 11 10 19 | 04
#1093-d247 @A: 07 29 10 03 | 02
#1094-d247 @A: 06 17 03 29 | 09
#1095-d247 @A: 14 11 31 03 | 03
#1096-d247 @A: 03 01 08 17 | 05
#1097-d247 @A: 03 06 35 30 | 10
#1098-d247 @A: 17 31 05 03 | 07
#1099-d247 @A: 04 03 09 06 | 12
#1100-d247 @A: 21 30 03 31 | 11
#1101-d247 @A: 06 05 13 03 | 01
#1102-d247 @A: 01 22 34 16 | 06
#1103-d247 @A: 16 29 19 30 | 08
#1104-d247 @A: 10 31 29 16 | 04
#1105-d247 @A: 02 08 11 16 | 02
#1106-d247 @A: 09 16 30 13 | 09
#1107-d247 @A: 32 06 07 34 | 03
#1108-d247 @A: 01 35 34 29 | 05
#1109-d247 @A: 33 10 34 29 | 10
#1110-d247 @A: 34 07 14 09 | 07
#1111-d247 @A: 35 34 17 04 | 12
#1112-d247 @A: 35 34 11 06 | 11
#1113-d247 @A: 31 06 34 04 | 01
#1114-d247 @A: 05 34 31 22 | 06
#1115-d247 @A: 34 30 08 05 | 08
#1116-d247 @A: 15 13 21 34 | 04
#1117-d247 @A: 14 32 13 19 | 02
#1118-d247 @A: 09 19 32 11 | 09
#1119-d247 @A: 28 11 01 32 | 03
#1120-d247 @A: 15 13 35 32 | 05
#1121-d247 @A: 05 15 04 32 | 10
#1122-d247 @A: 22 13 32 04 | 07
#1123-d247 @A: 32 30 11 15 | 12
#1124-d247 @A: 13 32 31 23 | 11
#1125-d247 @A: 33 21 32 05 | 01
#1126-d247 @A: 21 07 29 19 | 06
#1127-d247 @A: 06 28 19 01 | 08
#1128-d247 @A: 04 33 19 01 | 04
#1129-d247 @A: 19 33 35 11 | 02
#1130-d247 @A: 19 09 17 21 | 09
#1131-d247 @A: 06 19 31 33 | 03
#1132-d247 @A: 07 05 01 29 | 05
#1133-d247 @A: 10 29 30 11 | 10
#1134-d247 @A: 01 07 11 14 | 07
#1135-d247 @A: 35 14 06 13 | 12
#1136-d247 @A: 14 17 15 23 | 11
#1137-d247 @A: 08 30 28 35 | 01
#1138-d247 @A: 15 28 33 04 | 06
#1139-d247 @A: 11 23 28 30 | 08
#1140-d247 @A: 09 02 01 04 | 04
#1141-d247 @A: 17 07 15 10 | 02
#1142-d247 @A: 10 09 35 30 | 09
#1143-d247 @A: 17 04 33 10 | 03
#1144-d247 @A: 10 31 04 15 | 05
#1145-d247 @A: 35 07 13 22 | 10
#1146-d247 @A: 35 08 07 22 | 07
#1147-d247 @A: 23 15 07 04 | 12
#1148-d247 @A: 07 33 11 21 | 11
#1149-d247 @A: 07 06 11 22 | 01
#1150-d247 @A: 08 15 11 30 | 06
#1151-d247 @A: 18 31 20 27 | 08
#1152-d247 @A: 06 12 24 18 | 04
#1153-d247 @A: 22 18 27 24 | 02
#1154-d247 @A: 18 34 24 30 | 09
#1155-d247 @A: 18 29 35 24 | 03
#1156-d247 @A: 01 24 18 11 | 05
#1157-d247 @A: 09 18 33 24 | 10
#1158-d247 @A: 15 18 16 03 | 07
#1159-d247 @A: 06 16 35 18 | 12
#1160-d247 @A: 19 30 14 18 | 11
#1161-d247 @A: 06 29 18 28 | 01
#1162-d247 @A: 33 05 35 18 | 06
#1163-d247 @A: 06 17 18 21 | 08
#1164-d247 @A: 04 13 18 21 | 04
#1165-d247 @A: 20 34 26 28 | 02
#1166-d247 @A: 20 17 26 01 | 09
#1167-d247 @A: 26 20 33 11 | 03
#1168-d247 @A: 25 20 14 13 | 05
#1169-d247 @A: 20 08 19 03 | 10
#1170-d247 @A: 11 16 34 20 | 07
#1171-d247 @A: 05 34 20 32 | 12
#1172-d247 @A: 20 09 30 32 | 11
#1173-d247 @A: 20 06 29 23 | 01
#1174-d247 @A: 07 11 20 28 | 06
#1175-d247 @A: 06 20 28 04 | 08
#1176-d247 @A: 13 35 20 11 | 04
#1177-d247 @A: 22 20 02 13 | 02
#1178-d247 @A: 20 11 09 23 | 09
#1179-d247 @A: 12 15 24 19 | 03
#1180-d247 @A: 25 17 16 12 | 05
#1181-d247 @A: 23 12 21 25 | 10
#1182-d247 @A: 02 12 32 34 | 07
#1183-d247 @A: 19 17 28 12 | 12
#1184-d247 @A: 12 19 30 35 | 11
#1185-d247 @A: 29 12 07 31 | 01
#1186-d247 @A: 12 21 29 06 | 06
#1187-d247 @A: 12 14 02 01 | 08
#1188-d247 @A: 12 06 14 11 | 04
#1189-d247 @A: 22 12 01 28 | 02
#1190-d247 @A: 01 08 12 30 | 09
#1191-d247 @A: 04 13 12 10 | 03
#1192-d247 @A: 04 35 06 12 | 05
#1193-d247 @A: 24 27 17 33 | 10
#1194-d247 @A: 13 15 24 27 | 07
#1195-d247 @A: 03 26 27 30 | 12
#1196-d247 @A: 03 25 27 16 | 11
#1197-d247 @A: 27 35 25 10 | 01
#1198-d247 @A: 27 21 17 03 | 06
#1199-d247 @A: 27 13 16 31 | 08
#1200-d247 @A: 33 27 01 34 | 04
#1201-d247 @A: 27 19 22 14 | 02
#1202-d247 @A: 21 19 28 27 | 09
#1203-d247 @A: 09 01 27 14 | 03
#1204-d247 @A: 27 07 01 06 | 05
#1205-d247 @A: 27 17 02 08 | 10
#1206-d247 @A: 22 17 27 13 | 07
#1207-d247 @A: 03 28 29 24 | 12
#1208-d247 @A: 24 03 07 05 | 11
#1209-d247 @A: 15 03 24 04 | 01
#1210-d247 @A: 34 24 14 08 | 06
#1211-d247 @A: 24 28 33 32 | 08
#1212-d247 @A: 24 05 22 17 | 04
#1213-d247 @A: 30 24 13 33 | 02
#1214-d247 @A: 23 05 13 24 | 09
#1215-d247 @A: 25 23 26 07 | 03
#1216-d247 @A: 22 19 03 26 | 05
#1217-d247 @A: 14 33 34 26 | 10
#1218-d247 @A: 17 08 26 34 | 07
#1219-d247 @A: 32 26 35 23 | 12
#1220-d247 @A: 26 33 19 07 | 11
#1221-d247 @A: 23 11 26 19 | 01
#1222-d247 @A: 30 35 05 26 | 06
#1223-d247 @A: 31 26 22 17 | 08
#1224-d247 @A: 23 22 26 04 | 04
#1225-d247 @A: 13 33 26 21 | 02
#1226-d247 @A: 34 32 33 25 | 09
#1227-d247 @A: 25 34 28 11 | 03
#1228-d247 @A: 13 04 31 25 | 05
#1229-d247 @A: 25 02 30 06 | 10
#1230-d247 @A: 16 33 03 19 | 07
#1231-d247 @A: 17 03 16 11 | 12
#1232-d247 @A: 17 32 07 03 | 11
#1233-d247 @A: 33 29 30 03 | 01
#1234-d247 @A: 03 07 30 14 | 06
#1235-d247 @A: 13 14 03 08 | 08
#1236-d247 @A: 01 15 07 03 | 04
#1237-d247 @A: 03 17 09 02 | 02
#1238-d247 @A: 02 03 13 23 | 09
#1239-d247 @A: 03 33 22 31 | 03
#1240-d247 @A: 15 33 03 06 | 05
#1241-d247 @A: 13 16 19 10 | 10
#1242-d247 @A: 29 11 01 16 | 07
#1243-d247 @A: 01 13 14 16 | 12
#1244-d247 @A: 05 09 17 16 | 11
#1245-d247 @A: 22 33 16 23 | 01
#1246-d247 @A: 16 21 15 33 | 06
#1247-d247 @A: 34 32 23 10 | 08
#1248-d247 @A: 32 30 34 35 | 04
#1249-d247 @A: 34 02 19 28 | 02
#1250-d247 @A: 21 05 34 35 | 09
#1251-d247 @A: 15 05 17 34 | 03
#1252-d247 @A: 11 04 34 33 | 05
#1253-d247 @A: 21 04 34 23 | 10
#1254-d247 @A: 21 34 11 09 | 07
#1255-d247 @A: 21 08 15 34 | 12
#1256-d247 @A: 01 22 19 32 | 11
#1257-d247 @A: 28 31 32 29 | 01
#1258-d247 @A: 32 04 09 29 | 06
#1259-d247 @A: 10 32 11 14 | 08
#1260-d247 @A: 07 22 21 32 | 04
#1261-d247 @A: 23 22 02 32 | 02
#1262-d247 @A: 01 23 10 19 | 09
#1263-d247 @A: 19 01 05 30 | 03
#1264-d247 @A: 08 21 35 19 | 05
#1265-d247 @A: 05 04 19 22 | 10
#1266-d247 @A: 02 30 19 09 | 07
#1267-d247 @A: 19 06 21 30 | 12
#1268-d247 @A: 01 28 21 29 | 11
#1269-d247 @A: 02 33 29 04 | 01
#1270-d247 @A: 04 21 29 15 | 06
#1271-d247 @A: 21 30 09 29 | 08
#1272-d247 @A: 15 14 01 33 | 04
#1273-d247 @A: 17 14 06 33 | 02
#1274-d247 @A: 02 13 11 14 | 09
#1275-d247 @A: 28 13 02 08 | 03
#1276-d247 @A: 28 05 11 13 | 05
#1277-d247 @A: 05 28 08 11 | 10
#1278-d247 @A: 08 22 09 28 | 07
#1279-d247 @A: 10 09 01 08 | 12
#1280-d247 @A: 04 17 01 22 | 11
#1281-d247 @A: 01 15 09 17 | 01
#1282-d247 @A: 01 13 02 31 | 06
#1283-d247 @A: 05 17 10 30 | 08
#1284-d247 @A: 23 08 30 10 | 04
#1285-d247 @A: 07 22 04 33 | 02
#1286-d247 @A: 02 21 08 07 | 09
#1287-d247 @A: 06 33 13 07 | 03
#1288-d247 @A: 23 08 11 35 | 05
#1289-d247 @A: 13 22 08 17 | 10
#1290-d247 @A: 20 12 18 21 | 07
#1291-d247 @A: 18 20 09 02 | 12
#1292-d247 @A: 27 14 18 35 | 11
#1293-d247 @A: 18 24 08 29 | 01
#1294-d247 @A: 26 18 34 17 | 06
#1295-d247 @A: 26 30 22 18 | 08
#1296-d247 @A: 25 18 35 32 | 04
#1297-d247 @A: 03 18 14 17 | 02
#1298-d247 @A: 18 16 29 17 | 09
#1299-d247 @A: 18 07 34 31 | 03
#1300-d247 @A: 02 18 08 34 | 05
#1301-d247 @A: 32 18 10 02 | 10
#1302-d247 @A: 32 04 18 30 | 07
#1303-d247 @A: 09 19 18 23 | 12
#1304-d247 @A: 22 14 18 01 | 11
#1305-d247 @A: 10 08 28 18 | 01
#1306-d247 @A: 15 11 18 21 | 06
#1307-d247 @A: 18 21 05 31 | 08
#1308-d247 @A: 33 30 18 06 | 04
#1309-d247 @A: 20 07 21 27 | 02
#1310-d247 @A: 35 24 03 20 | 09
#1311-d247 @A: 28 20 23 25 | 03
#1312-d247 @A: 08 31 20 16 | 05
#1313-d247 @A: 13 20 34 08 | 10
#1314-d247 @A: 20 28 10 21 | 07
#1315-d247 @A: 35 09 33 20 | 12
#1316-d247 @A: 12 03 11 24 | 11
#1317-d247 @A: 12 24 16 09 | 01
#1318-d247 @A: 24 31 12 33 | 06
#1319-d247 @A: 25 05 29 12 | 08
#1320-d247 @A: 19 12 03 01 | 04
#1321-d247 @A: 12 22 17 03 | 02
#1322-d247 @A: 16 10 12 11 | 09
#1323-d247 @A: 32 33 07 12 | 03
#1324-d247 @A: 12 28 23 29 | 05
#1325-d247 @A: 10 21 14 12 | 10
#1326-d247 @A: 14 12 33 35 | 07
#1327-d247 @A: 31 13 11 12 | 12
#1328-d247 @A: 35 24 27 32 | 11
#1329-d247 @A: 27 14 11 25 | 01
#1330-d247 @A: 14 03 13 27 | 06
#1331-d247 @A: 33 16 27 07 | 08
#1332-d247 @A: 10 14 27 04 | 04
#1333-d247 @A: 27 13 21 11 | 02
#1334-d247 @A: 24 26 16 11 | 09
#1335-d247 @A: 05 26 24 29 | 03
#1336-d247 @A: 25 01 24 05 | 05
#1337-d247 @A: 24 23 25 15 | 10
#1338-d247 @A: 24 03 02 16 | 07
#1339-d247 @A: 14 24 13 34 | 12
#1340-d247 @A: 24 14 17 07 | 11
#1341-d247 @A: 07 01 24 33 | 01
#1342-d247 @A: 30 24 21 17 | 06
#1343-d247 @A: 26 14 05 25 | 08
#1344-d247 @A: 32 26 01 16 | 04
#1345-d247 @A: 26 10 30 16 | 02
#1346-d247 @A: 26 16 22 13 | 09
#1347-d247 @A: 28 33 01 26 | 03
#1348-d247 @A: 11 26 17 06 | 05
#1349-d247 @A: 11 21 26 05 | 10
#1350-d247 @A: 11 26 15 13 | 07
#1351-d247 @A: 33 09 26 30 | 12
#1352-d247 @A: 03 25 23 34 | 11
#1353-d247 @A: 22 14 03 25 | 01
#1354-d247 @A: 25 35 11 03 | 06
#1355-d247 @A: 25 30 23 16 | 08
#1356-d247 @A: 25 34 04 01 | 04
#1357-d247 @A: 11 32 25 29 | 02
#1358-d247 @A: 25 01 31 19 | 09
#1359-d247 @A: 01 30 29 25 | 03
#1360-d247 @A: 14 25 04 28 | 05
#1361-d247 @A: 14 25 15 02 | 10
#1362-d247 @A: 25 01 07 22 | 07
#1363-d247 @A: 17 25 31 10 | 12
#1364-d247 @A: 21 22 15 25 | 11
#1365-d247 @A: 01 34 11 03 | 01
#1366-d247 @A: 34 07 21 03 | 06
#1367-d247 @A: 28 03 10 31 | 08
#1368-d247 @A: 04 33 13 03 | 04
#1369-d247 @A: 03 15 05 09 | 02
#1370-d247 @A: 08 21 09 03 | 09
#1371-d247 @A: 28 21 16 32 | 03
#1372-d247 @A: 19 02 16 31 | 05
#1373-d247 @A: 29 08 16 09 | 10
#1374-d247 @A: 06 09 10 16 | 07
#1375-d247 @A: 35 13 16 02 | 12
#1376-d247 @A: 16 06 22 21 | 11
#1377-d247 @A: 34 32 17 13 | 01
#1378-d247 @A: 13 28 34 01 | 06
#1379-d247 @A: 28 09 17 34 | 08
#1380-d247 @A: 05 34 10 04 | 04
#1381-d247 @A: 07 23 34 08 | 02
#1382-d247 @A: 30 06 17 34 | 09
#1383-d247 @A: 34 33 30 23 | 03
#1384-d247 @A: 32 15 01 29 | 05
#1385-d247 @A: 23 32 30 17 | 10
#1386-d247 @A: 14 07 19 05 | 07
#1387-d247 @A: 13 19 01 11 | 12
#1388-d247 @A: 15 22 19 07 | 11
#1389-d247 @A: 15 19 33 23 | 01
#1390-d247 @A: 17 30 35 29 | 06
#1391-d247 @A: 29 17 15 33 | 08
#1392-d247 @A: 11 29 06 04 | 04
#1393-d247 @A: 08 29 06 04 | 02
#1394-d247 @A: 06 15 30 29 | 09
#1395-d247 @A: 21 08 29 23 | 03
#1396-d247 @A: 22 04 14 11 | 05
#1397-d247 @A: 05 09 14 31 | 10
#1398-d247 @A: 30 04 28 13 | 07
#1399-d247 @A: 28 02 09 06 | 12
#1400-d247 @A: 02 05 31 28 | 11
#1401-d247 @A: 28 13 21 06 | 01
#1402-d247 @A: 22 06 01 02 | 06
#1403-d247 @A: 01 15 21 06 | 08
#1404-d247 @A: 35 31 02 10 | 04
#1405-d247 @A: 10 15 09 13 | 02
#1406-d247 @A: 15 21 10 05 | 09
#1407-d247 @A: 11 07 15 35 | 03
#1408-d247 @A: 08 35 33 04 | 05
#1409-d247 @A: 11 31 08 33 | 10
#1410-d247 @A: 31 05 08 21 | 07
#1411-d247 @A: 18 25 17 20 | 12
#1412-d247 @A: 01 35 18 20 | 11
#1413-d247 @A: 04 03 27 18 | 01
#1414-d247 @A: 27 18 29 13 | 06
#1415-d247 @A: 18 31 03 32 | 08
#1416-d247 @A: 09 18 03 13 | 04
#1417-d247 @A: 32 34 18 28 | 02
#1418-d247 @A: 18 17 10 19 | 09
#1419-d247 @A: 14 21 18 28 | 03
#1420-d247 @A: 18 31 28 04 | 05
#1421-d247 @A: 13 01 18 15 | 10
#1422-d247 @A: 06 23 04 18 | 07
#1423-d247 @A: 12 34 20 33 | 12
#1424-d247 @A: 20 27 05 09 | 11
#1425-d247 @A: 26 03 20 21 | 01
#1426-d247 @A: 25 02 10 20 | 06
#1427-d247 @A: 28 16 33 20 | 08
#1428-d247 @A: 21 20 34 02 | 04
#1429-d247 @A: 29 32 20 33 | 02
#1430-d247 @A: 30 28 14 20 | 09
#1431-d247 @A: 20 14 02 08 | 03
#1432-d247 @A: 10 20 11 01 | 05
#1433-d247 @A: 30 20 07 01 | 10
#1434-d247 @A: 06 20 08 01 | 07
#1435-d247 @A: 17 11 20 05 | 12
#1436-d247 @A: 06 09 17 20 | 11
#1437-d247 @A: 22 21 17 20 | 01
#1438-d247 @A: 20 13 09 04 | 06
#1439-d247 @A: 32 27 23 12 | 08
#1440-d247 @A: 22 27 12 09 | 04
#1441-d247 @A: 24 12 13 01 | 02
#1442-d247 @A: 05 24 12 10 | 09
#1443-d247 @A: 12 28 26 21 | 03
#1444-d247 @A: 12 06 34 25 | 05
#1445-d247 @A: 07 11 12 25 | 10
#1446-d247 @A: 12 34 30 15 | 07
#1447-d247 @A: 12 08 35 32 | 12
#1448-d247 @A: 19 11 12 21 | 11
#1449-d247 @A: 05 07 04 12 | 01
#1450-d247 @A: 30 31 12 17 | 06
#1451-d247 @A: 02 22 31 12 | 08
#1452-d247 @A: 27 30 19 24 | 04
#1453-d247 @A: 27 29 11 24 | 02
#1454-d247 @A: 26 06 27 32 | 09
#1455-d247 @A: 29 27 33 25 | 03
#1456-d247 @A: 27 25 30 07 | 05
#1457-d247 @A: 27 03 32 11 | 10
#1458-d247 @A: 27 03 10 15 | 07
#1459-d247 @A: 27 14 06 16 | 12
#1460-d247 @A: 27 11 28 16 | 11
#1461-d247 @A: 04 34 27 07 | 01
#1462-d247 @A: 27 29 08 35 | 06
#1463-d247 @A: 14 05 17 27 | 08
#1464-d247 @A: 05 31 27 01 | 04
#1465-d247 @A: 23 02 27 10 | 02
#1466-d247 @A: 31 09 27 02 | 09
#1467-d247 @A: 13 02 30 27 | 03
#1468-d247 @A: 11 06 27 15 | 05
#1469-d247 @A: 10 24 17 26 | 10
#1470-d247 @A: 07 26 24 13 | 07
#1471-d247 @A: 24 22 26 33 | 12
#1472-d247 @A: 13 24 03 21 | 11
#1473-d247 @A: 24 16 28 13 | 01
#1474-d247 @A: 33 24 19 29 | 06
#1475-d247 @A: 31 24 13 19 | 08
#1476-d247 @A: 29 14 24 30 | 04
#1477-d247 @A: 07 24 29 09 | 02
#1478-d247 @A: 04 24 29 22 | 09
#1479-d247 @A: 24 29 23 31 | 03
#1480-d247 @A: 35 24 14 10 | 05
#1481-d247 @A: 31 06 24 14 | 10
#1482-d247 @A: 15 02 24 06 | 07
#1483-d247 @A: 23 24 09 08 | 12
#1484-d247 @A: 03 17 26 25 | 11
#1485-d247 @A: 34 13 26 25 | 01
#1486-d247 @A: 01 26 03 23 | 06
#1487-d247 @A: 34 10 22 26 | 08
#1488-d247 @A: 15 26 01 19 | 04
#1489-d247 @A: 29 28 26 09 | 02
#1490-d247 @A: 26 15 28 10 | 09
#1491-d247 @A: 02 26 33 17 | 03
#1492-d247 @A: 26 09 04 05 | 05
#1493-d247 @A: 26 11 31 30 | 10
#1494-d247 @A: 13 09 26 23 | 07
#1495-d247 @A: 25 21 03 02 | 12
#1496-d247 @A: 05 07 25 16 | 11
#1497-d247 @A: 21 10 34 25 | 01
#1498-d247 @A: 32 25 23 04 | 06
#1499-d247 @A: 25 33 21 19 | 08
#1500-d247 @A: 17 25 29 28 | 04
#1501-d247 @A: 14 01 25 23 | 02
#1502-d247 @A: 21 25 17 13 | 09
#1503-d247 @A: 25 02 22 04 | 03
#1504-d247 @A: 21 04 25 11 | 05
#1505-d247 @A: 02 25 31 23 | 10
#1506-d247 @A: 33 25 23 09 | 07
#1507-d247 @A: 30 08 25 13 | 12
#1508-d247 @A: 34 16 03 06 | 11
#1509-d247 @A: 28 34 33 03 | 01
#1510-d247 @A: 03 29 23 19 | 06
#1511-d247 @A: 05 03 11 04 | 08
#1512-d247 @A: 08 03 33 30 | 04
#1513-d247 @A: 05 23 03 30 | 02
#1514-d247 @A: 16 04 34 28 | 09
#1515-d247 @A: 16 21 34 30 | 03
#1516-d247 @A: 17 08 16 04 | 05
#1517-d247 @A: 17 31 06 16 | 10
#1518-d247 @A: 08 32 10 34 | 07
#1519-d247 @A: 14 11 19 34 | 12
#1520-d247 @A: 29 07 34 11 | 11
#1521-d247 @A: 02 34 04 13 | 01
#1522-d247 @A: 04 15 34 22 | 06
#1523-d247 @A: 19 23 32 08 | 08
#1524-d247 @A: 14 23 32 29 | 04
#1525-d247 @A: 07 32 13 01 | 02
#1526-d247 @A: 22 32 35 17 | 09
#1527-d247 @A: 32 02 15 33 | 03
#1528-d247 @A: 23 09 15 32 | 05
#1529-d247 @A: 23 32 33 06 | 10
#1530-d247 @A: 30 06 32 08 | 07
#1531-d247 @A: 21 32 13 30 | 12
#1532-d247 @A: 28 30 19 31 | 11
#1533-d247 @A: 02 07 01 19 | 01
#1534-d247 @A: 35 19 06 09 | 06
#1535-d247 @A: 06 19 08 09 | 08
#1536-d247 @A: 01 04 29 14 | 04
#1537-d247 @A: 05 21 14 29 | 02
#1538-d247 @A: 33 28 29 07 | 09
#1539-d247 @A: 29 35 04 28 | 03
#1540-d247 @A: 09 11 31 29 | 05
#1541-d247 @A: 15 29 08 13 | 10
#1542-d247 @A: 13 14 10 30 | 07
#1543-d247 @A: 28 04 08 15 | 12
#1544-d247 @A: 11 01 35 31 | 11
#1545-d247 @A: 09 33 01 13 | 01
#1546-d247 @A: 07 10 35 06 | 06
#1547-d247 @A: 33 30 07 10 | 08
#1548-d247 @A: 10 35 11 04 | 04
#1549-d247 @A: 33 09 10 02 | 02
#1550-d247 @A: 06 10 02 05 | 09
#1551-d247 @A: 10 13 08 11 | 03
#1552-d247 @A: 09 07 04 35 | 05
#1553-d247 @A: 35 30 07 23 | 10
#1554-d247 @A: 30 31 02 07 | 07
#1555-d247 @A: 13 08 06 05 | 12
#1556-d247 @A: 18 02 12 26 | 11
#1557-d247 @A: 07 18 09 27 | 01
#1558-d247 @A: 15 18 07 24 | 06
#1559-d247 @A: 26 32 18 09 | 08
#1560-d247 @A: 03 28 18 30 | 04
#1561-d247 @A: 16 32 18 22 | 02
#1562-d247 @A: 18 14 16 04 | 09
#1563-d247 @A: 18 16 10 07 | 03
#1564-d247 @A: 18 34 10 13 | 05
#1565-d247 @A: 19 22 18 29 | 10
#1566-d247 @A: 31 18 23 01 | 07
#1567-d247 @A: 11 35 30 18 | 12
#1568-d247 @A: 18 15 23 30 | 11
#1569-d247 @A: 11 19 27 20 | 01
#1570-d247 @A: 06 07 24 20 | 06
#1571-d247 @A: 26 02 30 20 | 08
#1572-d247 @A: 20 04 29 25 | 04
#1573-d247 @A: 25 20 08 15 | 02
#1574-d247 @A: 01 06 20 16 | 09
#1575-d247 @A: 35 16 07 20 | 03
#1576-d247 @A: 28 20 32 35 | 05
#1577-d247 @A: 32 31 20 10 | 10
#1578-d247 @A: 19 10 20 07 | 07
#1579-d247 @A: 20 22 29 07 | 12
#1580-d247 @A: 06 20 14 10 | 11
#1581-d247 @A: 08 23 20 28 | 01
#1582-d247 @A: 20 01 23 04 | 06
#1583-d247 @A: 20 33 01 02 | 08
#1584-d247 @A: 01 20 05 13 | 04
#1585-d247 @A: 08 30 07 20 | 02
#1586-d247 @A: 20 35 22 30 | 09
#1587-d247 @A: 31 13 20 06 | 03
#1588-d247 @A: 12 03 27 33 | 05
#1589-d247 @A: 27 12 11 01 | 10
#1590-d247 @A: 24 25 22 12 | 07
#1591-d247 @A: 28 04 24 12 | 12
#1592-d247 @A: 02 07 12 24 | 11
#1593-d247 @A: 12 24 08 04 | 01
#1594-d247 @A: 26 16 33 12 | 06
#1595-d247 @A: 25 12 31 14 | 08
#1596-d247 @A: 12 35 01 25 | 04
#1597-d247 @A: 12 14 16 30 | 02
#1598-d247 @A: 12 21 16 07 | 09
#1599-d247 @A: 10 12 35 34 | 03
#1600-d247 @A: 07 28 12 13 | 05
#1601-d247 @A: 09 12 04 31 | 10
#1602-d247 @A: 06 09 33 12 | 07
#1603-d247 @A: 08 06 12 22 | 12
#1604-d247 @A: 05 12 30 21 | 11
#1605-d247 @A: 16 26 21 27 | 01
#1606-d247 @A: 01 26 22 27 | 06
#1607-d247 @A: 35 27 09 03 | 08
#1608-d247 @A: 34 16 27 35 | 04
#1609-d247 @A: 22 16 10 27 | 02
#1610-d247 @A: 29 21 27 10 | 09
#1611-d247 @A: 04 06 27 17 | 03
#1612-d247 @A: 17 27 31 11 | 05
#1613-d247 @A: 27 21 04 09 | 10
#1614-d247 @A: 23 22 27 05 | 07
#1615-d247 @A: 21 15 23 27 | 12
#1616-d247 @A: 08 02 03 24 | 11
#1617-d247 @A: 11 24 14 28 | 01
#1618-d247 @A: 14 21 15 24 | 06
#1619-d247 @A: 17 24 28 06 | 08
#1620-d247 @A: 10 02 11 24 | 04
#1621-d247 @A: 07 08 24 11 | 02
#1622-d247 @A: 17 15 24 11 | 09
#1623-d247 @A: 04 05 24 33 | 03
#1624-d247 @A: 25 26 22 28 | 05
#1625-d247 @A: 26 28 02 03 | 10
#1626-d247 @A: 07 30 26 34 | 07
#1627-d247 @A: 26 35 34 02 | 12
#1628-d247 @A: 32 10 26 21 | 11
#1629-d247 @A: 07 31 26 32 | 01
#1630-d247 @A: 05 32 17 26 | 06
#1631-d247 @A: 17 29 07 26 | 08
#1632-d247 @A: 30 26 08 29 | 04
#1633-d247 @A: 10 26 02 14 | 02
#1634-d247 @A: 35 09 17 26 | 09
#1635-d247 @A: 17 21 26 15 | 03
#1636-d247 @A: 04 08 26 21 | 05
#1637-d247 @A: 16 25 35 28 | 10
#1638-d247 @A: 25 34 29 08 | 07
#1639-d247 @A: 32 11 08 25 | 12
#1640-d247 @A: 19 04 35 25 | 11
#1641-d247 @A: 35 14 25 29 | 01
#1642-d247 @A: 09 25 35 02 | 06
#1643-d247 @A: 16 03 01 30 | 08
#1644-d247 @A: 03 21 16 10 | 04
#1645-d247 @A: 35 16 03 08 | 02
#1646-d247 @A: 14 15 03 32 | 09
#1647-d247 @A: 28 15 03 19 | 03
#1648-d247 @A: 01 03 17 13 | 05
#1649-d247 @A: 33 07 23 03 | 10
#1650-d247 @A: 03 22 05 21 | 07
#1651-d247 @A: 34 07 17 16 | 12
#1652-d247 @A: 32 30 02 16 | 11
#1653-d247 @A: 15 16 32 08 | 01
#1654-d247 @A: 19 08 16 01 | 06
#1655-d247 @A: 10 16 14 08 | 08
#1656-d247 @A: 35 01 10 16 | 04
#1657-d247 @A: 16 31 01 33 | 02
#1658-d247 @A: 35 05 11 16 | 09
#1659-d247 @A: 17 16 13 33 | 03
#1660-d247 @A: 01 19 17 34 | 05
#1661-d247 @A: 23 07 01 34 | 10
#1662-d247 @A: 34 13 33 35 | 07
#1663-d247 @A: 34 02 33 06 | 12
#1664-d247 @A: 28 23 32 19 | 11
#1665-d247 @A: 02 14 28 32 | 01
#1666-d247 @A: 32 02 09 05 | 06
#1667-d247 @A: 32 09 08 11 | 08
#1668-d247 @A: 33 30 32 22 | 04
#1669-d247 @A: 17 13 19 23 | 02
#1670-d247 @A: 19 05 09 33 | 09
#1671-d247 @A: 21 22 19 31 | 03
#1672-d247 @A: 21 35 02 29 | 05
#1673-d247 @A: 29 23 11 35 | 10
#1674-d247 @A: 35 05 29 09 | 07
#1675-d247 @A: 05 30 29 04 | 12
#1676-d247 @A: 35 28 01 14 | 11
#1677-d247 @A: 14 13 23 28 | 01
#1678-d247 @A: 22 21 14 30 | 06
#1679-d247 @A: 01 28 04 10 | 08
#1680-d247 @A: 10 28 33 23 | 04
#1681-d247 @A: 06 28 11 31 | 02
#1682-d247 @A: 02 01 23 08 | 09
#1683-d247 @A: 23 21 13 01 | 03
#1684-d247 @A: 04 02 10 07 | 05
#1685-d247 @A: 10 21 23 17 | 10
#1686-d247 @A: 10 23 11 06 | 07
#1687-d247 @A: 31 15 07 33 | 12
#1688-d247 @A: 23 21 07 05 | 11
#1689-d247 @A: 15 02 35 08 | 01
