#0001-d254 @A: 33 20 35 14 | 11
#0002-d254 @A: 20 35 18 11 | 04
#0003-d254 @A: 17 09 20 35 | 03
#0004-d254 @A: 04 33 15 20 | 10
#0005-d254 @A: 31 33 20 18 | 01
#0006-d254 @A: 28 19 04 20 | 02
#0007-d254 @A: 28 20 16 24 | 12
#0008-d254 @A: 26 21 20 04 | 07
#0009-d254 @A: 20 31 22 34 | 05
#0010-d254 @A: 22 14 21 20 | 09
#0011-d254 @A: 31 19 13 20 | 06
#0012-d254 @A: 03 20 21 07 | 08
#0013-d254 @A: 07 20 26 18 | 11
#0014-d254 @A: 16 18 20 15 | 04
#0015-d254 @A: 27 24 20 09 | 03
#0016-d254 @A: 16 20 12 09 | 10
#0017-d254 @A: 34 20 16 19 | 01
#0018-d254 @A: 31 35 10 29 | 02
#0019-d254 @A: 35 10 19 24 | 12
#0020-d254 @A: 03 04 01 10 | 07
#0021-d254 @A: 29 22 01 10 | 05
#0022-d254 @A: 06 28 10 34 | 09
#0023-d254 @A: 10 05 04 12 | 06
#0024-d254 @A: 08 15 10 30 | 08
#0025-d254 @A: 19 10 06 05 | 11
#0026-d254 @A: 10 07 22 05 | 04
#0027-d254 @A: 10 05 15 34 | 03
#0028-d254 @A: 10 11 14 07 | 10
#0029-d254 @A: 19 16 10 03 | 01
#0030-d254 @A: 17 10 32 18 | 02
#0031-d254 @A: 10 32 15 02 | 12
#0032-d254 @A: 26 13 10 19 | 07
#0033-d254 @A: 21 35 17 01 | 05
#0034-d254 @A: 12 28 33 35 | 09
#0035-d254 @A: 18 35 21 28 | 06
#0036-d254 @A: 35 22 30 34 | 08
#0037-d254 @A: 34 35 06 08 | 11
#0038-d254 @A: 06 19 35 11 | 04
#0039-d254 @A: 06 35 18 24 | 03
#0040-d254 @A: 08 22 15 35 | 10
#0041-d254 @A: 02 22 35 17 | 01
#0042-d254 @A: 27 21 22 35 | 02
#0043-d254 @A: 35 29 24 31 | 12
#0044-d254 @A: 35 02 32 23 | 07
#0045-d254 @A: 33 19 30 01 | 05
#0046-d254 @A: 33 01 22 12 | 09
#0047-d254 @A: 21 09 01 33 | 06
#0048-d254 @A: 27 05 25 01 | 08
#0049-d254 @A: 25 01 19 13 | 11
#0050-d254 @A: 04 34 21 01 | 04
#0051-d254 @A: 01 07 22 31 | 03
#0052-d254 @A: 01 22 24 26 | 10
#0053-d254 @A: 15 31 01 03 | 01
#0054-d254 @A: 31 01 34 14 | 02
#0055-d254 @A: 01 29 02 27 | 12
#0056-d254 @A: 01 19 34 15 | 07
#0057-d254 @A: 18 05 33 27 | 05
#0058-d254 @A: 22 09 16 33 | 09
#0059-d254 @A: 13 31 33 17 | 06
#0060-d254 @A: 07 34 33 31 | 08
#0061-d254 @A: 08 34 33 27 | 11
#0062-d254 @A: 13 11 27 33 | 04
#0063-d254 @A: 26 32 33 09 | 03
#0064-d254 @A: 07 02 33 19 | 10
#0065-d254 @A: 29 27 14 33 | 01
#0066-d254 @A: 09 34 33 29 | 02
#0067-d254 @A: 34 15 33 23 | 12
#0068-d254 @A: 30 07 04 28 | 07
#0069-d254 @A: 19 05 28 30 | 05
#0070-d254 @A: 03 14 28 05 | 09
#0071-d254 @A: 05 12 21 28 | 06
#0072-d254 @A: 28 09 21 06 | 08
#0073-d254 @A: 32 06 28 19 | 11
#0074-d254 @A: 28 34 09 32 | 04
#0075-d254 @A: 23 32 13 28 | 03
#0076-d254 @A: 34 28 14 19 | 10
#0077-d254 @A: 25 03 30 23 | 01
#0078-d254 @A: 25 05 02 06 | 02
#0079-d254 @A: 25 26 05 21 | 12
#0080-d254 @A: 31 25 32 11 | 07
#0081-d254 @A: 17 25 24 19 | 05
#0082-d254 @A: 25 32 12 07 | 09
#0083-d254 @A: 13 02 25 16 | 06
#0084-d254 @A: 06 07 04 05 | 08
#0085-d254 @A: 14 06 11 04 | 11
#0086-d254 @A: 06 17 16 04 | 04
#0087-d254 @A: 04 18 31 13 | 03
#0088-d254 @A: 32 04 03 16 | 10
#0089-d254 @A: 04 14 12 18 | 01
#0090-d254 @A: 29 02 04 26 | 02
#0091-d254 @A: 12 09 04 23 | 12
#0092-d254 @A: 04 16 14 19 | 07
#0093-d254 @A: 17 05 26 30 | 05
#0094-d254 @A: 03 29 31 30 | 09
#0095-d254 @A: 12 11 21 30 | 06
#0096-d254 @A: 18 17 30 03 | 08
#0097-d254 @A: 14 27 30 17 | 11
#0098-d254 @A: 34 12 30 07 | 04
#0099-d254 @A: 27 26 30 15 | 03
#0100-d254 @A: 30 15 29 09 | 10
#0101-d254 @A: 22 11 05 24 | 01
#0102-d254 @A: 32 31 05 26 | 02
#0103-d254 @A: 09 05 03 12 | 12
#0104-d254 @A: 05 02 19 21 | 07
#0105-d254 @A: 18 29 05 14 | 05
#0106-d254 @A: 05 15 18 09 | 09
#0107-d254 @A: 13 05 19 32 | 06
#0108-d254 @A: 09 07 14 05 | 08
#0109-d254 @A: 22 06 12 21 | 11
#0110-d254 @A: 18 06 19 22 | 04
#0111-d254 @A: 14 06 19 31 | 03
#0112-d254 @A: 08 11 06 26 | 10
#0113-d254 @A: 03 11 24 06 | 01
#0114-d254 @A: 06 21 34 23 | 02
#0115-d254 @A: 29 06 19 34 | 12
#0116-d254 @A: 12 13 06 29 | 07
#0117-d254 @A: 29 23 06 15 | 05
#0118-d254 @A: 12 09 06 19 | 09
#0119-d254 @A: 31 22 29 11 | 06
#0120-d254 @A: 31 03 27 22 | 08
#0121-d254 @A: 13 24 22 08 | 11
#0122-d254 @A: 21 03 22 26 | 04
#0123-d254 @A: 24 22 23 18 | 03
#0124-d254 @A: 27 23 32 22 | 10
#0125-d254 @A: 07 26 22 13 | 01
#0126-d254 @A: 15 22 07 09 | 02
#0127-d254 @A: 27 22 26 12 | 12
#0128-d254 @A: 19 02 27 22 | 07
#0129-d254 @A: 14 22 27 24 | 05
#0130-d254 @A: 29 07 14 31 | 09
#0131-d254 @A: 18 34 08 19 | 06
#0132-d254 @A: 07 15 08 12 | 08
#0133-d254 @A: 19 27 09 08 | 11
#0134-d254 @A: 12 24 08 27 | 04
#0135-d254 @A: 14 15 23 08 | 03
#0136-d254 @A: 11 19 29 16 | 10
#0137-d254 @A: 34 23 29 11 | 01
#0138-d254 @A: 29 14 02 03 | 02
#0139-d254 @A: 24 16 03 09 | 12
#0140-d254 @A: 14 13 23 03 | 07
#0141-d254 @A: 21 07 17 26 | 05
#0142-d254 @A: 19 21 29 17 | 09
#0143-d254 @A: 17 32 15 23 | 06
#0144-d254 @A: 17 23 29 09 | 08
#0145-d254 @A: 12 15 24 17 | 11
#0146-d254 @A: 26 02 18 21 | 04
#0147-d254 @A: 19 09 21 18 | 03
#0148-d254 @A: 02 21 27 32 | 10
#0149-d254 @A: 26 21 27 13 | 01
#0150-d254 @A: 19 26 34 21 | 02
#0151-d254 @A: 34 15 21 27 | 12
#0152-d254 @A: 21 13 12 23 | 07
#0153-d254 @A: 18 24 19 15 | 05
#0154-d254 @A: 20 23 10 35 | 09
#0155-d254 @A: 10 09 20 01 | 06
#0156-d254 @A: 04 10 20 02 | 08
#0157-d254 @A: 30 15 20 01 | 11
#0158-d254 @A: 13 20 25 22 | 04
#0159-d254 @A: 20 29 31 04 | 03
#0160-d254 @A: 23 06 20 03 | 10
#0161-d254 @A: 06 17 20 26 | 01
#0162-d254 @A: 20 09 31 08 | 02
#0163-d254 @A: 20 26 03 31 | 12
#0164-d254 @A: 29 16 20 32 | 07
#0165-d254 @A: 32 20 34 02 | 05
#0166-d254 @A: 27 13 20 14 | 09
#0167-d254 @A: 23 20 34 24 | 06
#0168-d254 @A: 25 12 35 10 | 08
#0169-d254 @A: 13 10 03 35 | 11
#0170-d254 @A: 10 01 34 25 | 04
#0171-d254 @A: 10 02 17 33 | 03
#0172-d254 @A: 21 10 33 14 | 10
#0173-d254 @A: 10 33 23 24 | 01
#0174-d254 @A: 25 11 15 10 | 02
#0175-d254 @A: 30 04 10 09 | 12
#0176-d254 @A: 07 17 04 10 | 07
#0177-d254 @A: 10 21 05 16 | 05
#0178-d254 @A: 10 06 26 14 | 09
#0179-d254 @A: 15 03 10 07 | 06
#0180-d254 @A: 18 07 19 10 | 08
#0181-d254 @A: 16 12 32 10 | 11
#0182-d254 @A: 01 35 05 24 | 04
#0183-d254 @A: 33 31 35 05 | 03
#0184-d254 @A: 35 28 05 27 | 10
#0185-d254 @A: 09 28 03 35 | 01
#0186-d254 @A: 11 24 30 35 | 02
#0187-d254 @A: 35 05 08 07 | 12
#0188-d254 @A: 31 35 08 16 | 07
#0189-d254 @A: 18 02 35 08 | 05
#0190-d254 @A: 26 17 35 11 | 09
#0191-d254 @A: 14 35 07 18 | 06
#0192-d254 @A: 35 12 23 19 | 08
#0193-d254 @A: 35 12 15 16 | 11
#0194-d254 @A: 04 01 15 11 | 04
#0195-d254 @A: 01 14 04 09 | 03
#0196-d254 @A: 05 18 01 30 | 10
#0197-d254 @A: 31 06 01 30 | 01
#0198-d254 @A: 06 19 21 01 | 02
#0199-d254 @A: 08 03 27 01 | 12
#0200-d254 @A: 08 17 07 01 | 07
#0201-d254 @A: 23 02 01 08 | 05
#0202-d254 @A: 24 01 17 23 | 09
#0203-d254 @A: 01 26 24 32 | 06
#0204-d254 @A: 01 16 26 12 | 08
#0205-d254 @A: 34 02 13 01 | 11
#0206-d254 @A: 32 17 28 33 | 04
#0207-d254 @A: 09 24 25 33 | 03
#0208-d254 @A: 04 24 33 26 | 10
#0209-d254 @A: 16 05 08 33 | 01
#0210-d254 @A: 06 16 31 33 | 02
#0211-d254 @A: 33 31 32 03 | 12
#0212-d254 @A: 21 02 03 33 | 07
#0213-d254 @A: 12 23 33 32 | 05
#0214-d254 @A: 29 33 15 02 | 09
#0215-d254 @A: 12 15 14 33 | 06
#0216-d254 @A: 31 14 25 28 | 08
#0217-d254 @A: 28 25 29 17 | 11
#0218-d254 @A: 05 28 13 04 | 04
#0219-d254 @A: 26 28 16 22 | 03
#0220-d254 @A: 17 26 08 28 | 10
#0221-d254 @A: 07 16 32 28 | 01
#0222-d254 @A: 09 28 12 29 | 02
#0223-d254 @A: 14 04 25 17 | 12
#0224-d254 @A: 06 25 14 30 | 07
#0225-d254 @A: 24 31 25 05 | 05
#0226-d254 @A: 23 25 05 17 | 09
#0227-d254 @A: 25 18 07 22 | 06
#0228-d254 @A: 17 25 27 03 | 08
#0229-d254 @A: 25 07 27 13 | 11
#0230-d254 @A: 07 09 16 25 | 04
#0231-d254 @A: 23 04 06 31 | 03
#0232-d254 @A: 22 04 21 09 | 10
#0233-d254 @A: 03 17 26 04 | 01
#0234-d254 @A: 24 07 19 04 | 02
#0235-d254 @A: 23 27 04 24 | 12
#0236-d254 @A: 15 22 30 05 | 07
#0237-d254 @A: 03 34 05 30 | 05
#0238-d254 @A: 30 05 21 32 | 09
#0239-d254 @A: 30 05 12 23 | 06
#0240-d254 @A: 30 26 12 06 | 08
#0241-d254 @A: 30 22 24 03 | 11
#0242-d254 @A: 22 17 30 16 | 04
#0243-d254 @A: 30 24 17 08 | 03
#0244-d254 @A: 03 32 26 30 | 10
#0245-d254 @A: 27 16 12 30 | 01
#0246-d254 @A: 30 16 15 14 | 02
#0247-d254 @A: 05 18 06 12 | 12
#0248-d254 @A: 11 05 34 18 | 07
#0249-d254 @A: 32 05 11 27 | 05
#0250-d254 @A: 18 05 19 23 | 09
#0251-d254 @A: 14 02 26 05 | 06
#0252-d254 @A: 16 05 09 27 | 08
#0253-d254 @A: 27 31 06 07 | 11
#0254-d254 @A: 06 23 32 26 | 04
#0255-d254 @A: 26 13 06 02 | 03
#0256-d254 @A: 06 09 23 13 | 10
#0257-d254 @A: 27 14 22 18 | 01
#0258-d254 @A: 18 15 34 22 | 02
#0259-d254 @A: 32 07 22 29 | 12
#0260-d254 @A: 13 19 22 29 | 07
#0261-d254 @A: 18 07 11 31 | 05
#0262-d254 @A: 16 29 31 02 | 09
#0263-d254 @A: 24 29 07 08 | 06
#0264-d254 @A: 11 27 18 16 | 08
#0265-d254 @A: 13 11 15 34 | 11
#0266-d254 @A: 03 07 13 12 | 04
#0267-d254 @A: 24 29 03 23 | 03
#0268-d254 @A: 24 34 19 03 | 10
#0269-d254 @A: 13 09 17 07 | 01
#0270-d254 @A: 26 14 17 19 | 02
#0271-d254 @A: 16 29 27 21 | 12
#0272-d254 @A: 09 21 15 14 | 07
#0273-d254 @A: 24 12 29 13 | 05
#0274-d254 @A: 10 19 20 21 | 09
#0275-d254 @A: 34 20 35 15 | 06
#0276-d254 @A: 25 23 20 31 | 08
#0277-d254 @A: 26 25 20 19 | 11
#0278-d254 @A: 20 27 04 16 | 04
#0279-d254 @A: 20 06 30 34 | 03
#0280-d254 @A: 20 06 08 14 | 10
#0281-d254 @A: 07 12 06 20 | 01
#0282-d254 @A: 20 17 24 11 | 02
#0283-d254 @A: 03 20 15 09 | 12
#0284-d254 @A: 20 07 15 14 | 07
#0285-d254 @A: 23 21 10 01 | 05
#0286-d254 @A: 33 22 26 10 | 09
#0287-d254 @A: 10 28 12 26 | 06
#0288-d254 @A: 10 24 18 25 | 08
#0289-d254 @A: 11 10 32 04 | 11
#0290-d254 @A: 10 34 04 29 | 04
#0291-d254 @A: 05 30 29 10 | 03
#0292-d254 @A: 30 03 10 14 | 10
#0293-d254 @A: 08 22 10 09 | 01
#0294-d254 @A: 24 31 02 10 | 02
#0295-d254 @A: 10 26 21 08 | 12
#0296-d254 @A: 10 15 24 11 | 07
#0297-d254 @A: 29 17 10 03 | 05
#0298-d254 @A: 32 09 21 10 | 09
#0299-d254 @A: 14 10 27 32 | 06
#0300-d254 @A: 07 02 23 10 | 08
#0301-d254 @A: 12 14 19 10 | 11
#0302-d254 @A: 15 10 16 13 | 04
#0303-d254 @A: 23 01 09 35 | 03
#0304-d254 @A: 29 35 04 33 | 10
#0305-d254 @A: 35 27 33 30 | 01
#0306-d254 @A: 04 16 35 28 | 02
#0307-d254 @A: 28 35 22 31 | 12
#0308-d254 @A: 06 18 30 35 | 07
#0309-d254 @A: 35 30 26 31 | 05
#0310-d254 @A: 03 35 06 07 | 09
#0311-d254 @A: 03 35 02 31 | 06
#0312-d254 @A: 26 08 35 03 | 08
#0313-d254 @A: 35 27 02 14 | 11
#0314-d254 @A: 23 33 01 03 | 04
#0315-d254 @A: 25 23 06 01 | 03
#0316-d254 @A: 19 01 22 04 | 10
#0317-d254 @A: 23 32 01 04 | 01
#0318-d254 @A: 26 05 08 01 | 02
#0319-d254 @A: 07 01 21 05 | 12
#0320-d254 @A: 01 31 13 09 | 07
#0321-d254 @A: 29 21 01 26 | 05
#0322-d254 @A: 27 23 01 07 | 09
#0323-d254 @A: 16 07 19 01 | 06
#0324-d254 @A: 02 01 26 19 | 08
#0325-d254 @A: 19 29 12 01 | 11
#0326-d254 @A: 33 18 28 03 | 04
#0327-d254 @A: 19 03 25 33 | 03
#0328-d254 @A: 33 06 14 22 | 10
#0329-d254 @A: 33 14 32 11 | 01
#0330-d254 @A: 12 21 33 29 | 02
#0331-d254 @A: 33 12 18 07 | 12
#0332-d254 @A: 26 33 34 18 | 07
#0333-d254 @A: 29 33 13 32 | 05
#0334-d254 @A: 26 07 33 15 | 09
#0335-d254 @A: 12 26 19 33 | 06
#0336-d254 @A: 33 19 27 23 | 08
#0337-d254 @A: 33 19 16 15 | 11
#0338-d254 @A: 25 18 28 02 | 04
#0339-d254 @A: 09 28 30 11 | 03
#0340-d254 @A: 30 15 28 32 | 10
#0341-d254 @A: 28 29 06 05 | 01
#0342-d254 @A: 23 28 05 31 | 02
#0343-d254 @A: 05 08 02 28 | 12
#0344-d254 @A: 28 18 15 06 | 07
#0345-d254 @A: 12 24 31 28 | 05
#0346-d254 @A: 08 24 03 28 | 09
#0347-d254 @A: 11 29 18 28 | 06
#0348-d254 @A: 12 18 28 19 | 08
#0349-d254 @A: 25 12 22 04 | 11
#0350-d254 @A: 17 25 07 30 | 04
#0351-d254 @A: 25 06 09 34 | 03
#0352-d254 @A: 27 11 22 25 | 10
#0353-d254 @A: 24 25 08 23 | 01
#0354-d254 @A: 32 02 19 25 | 02
#0355-d254 @A: 27 26 25 24 | 12
#0356-d254 @A: 14 05 30 04 | 07
#0357-d254 @A: 30 04 19 31 | 05
#0358-d254 @A: 04 12 30 03 | 09
#0359-d254 @A: 04 06 32 21 | 06
#0360-d254 @A: 21 17 04 31 | 08
#0361-d254 @A: 14 07 04 27 | 11
#0362-d254 @A: 02 27 23 04 | 04
#0363-d254 @A: 15 24 09 04 | 03
#0364-d254 @A: 30 24 34 05 | 10
#0365-d254 @A: 11 30 13 31 | 01
#0366-d254 @A: 30 15 11 03 | 02
#0367-d254 @A: 18 02 12 30 | 12
#0368-d254 @A: 26 14 07 30 | 07
#0369-d254 @A: 14 30 24 23 | 05
#0370-d254 @A: 06 27 03 05 | 09
#0371-d254 @A: 14 05 31 22 | 06
#0372-d254 @A: 08 14 05 34 | 08
#0373-d254 @A: 13 05 11 21 | 11
#0374-d254 @A: 29 09 05 13 | 04
#0375-d254 @A: 29 14 05 24 | 03
#0376-d254 @A: 14 13 15 05 | 10
#0377-d254 @A: 32 06 22 31 | 01
#0378-d254 @A: 15 22 06 11 | 02
#0379-d254 @A: 14 06 12 03 | 12
#0380-d254 @A: 06 32 19 24 | 07
#0381-d254 @A: 15 06 12 32 | 05
#0382-d254 @A: 23 06 02 19 | 09
#0383-d254 @A: 22 21 23 31 | 06
#0384-d254 @A: 15 17 03 22 | 08
#0385-d254 @A: 13 17 22 14 | 11
#0386-d254 @A: 08 31 27 26 | 04
#0387-d254 @A: 31 24 17 26 | 03
#0388-d254 @A: 19 12 31 07 | 10
#0389-d254 @A: 13 07 31 23 | 01
#0390-d254 @A: 14 31 09 26 | 02
#0391-d254 @A: 27 23 12 31 | 12
#0392-d254 @A: 02 31 23 09 | 07
#0393-d254 @A: 23 31 15 24 | 05
#0394-d254 @A: 07 32 27 08 | 09
#0395-d254 @A: 07 29 08 34 | 06
#0396-d254 @A: 08 26 02 15 | 08
#0397-d254 @A: 29 08 27 13 | 11
#0398-d254 @A: 08 13 12 19 | 04
#0399-d254 @A: 13 12 18 11 | 03
#0400-d254 @A: 15 07 19 11 | 10
#0401-d254 @A: 02 26 11 16 | 01
#0402-d254 @A: 14 34 02 11 | 02
#0403-d254 @A: 27 03 17 24 | 12
#0404-d254 @A: 14 18 03 32 | 07
#0405-d254 @A: 07 03 09 24 | 05
#0406-d254 @A: 23 03 26 29 | 09
#0407-d254 @A: 03 23 02 12 | 06
#0408-d254 @A: 34 16 03 12 | 08
#0409-d254 @A: 18 34 17 02 | 11
#0410-d254 @A: 27 32 29 17 | 04
#0411-d254 @A: 16 34 17 29 | 03
#0412-d254 @A: 13 24 34 17 | 10
#0413-d254 @A: 16 18 34 21 | 01
#0414-d254 @A: 23 32 21 07 | 02
#0415-d254 @A: 07 21 09 29 | 12
#0416-d254 @A: 02 21 34 07 | 07
#0417-d254 @A: 26 12 21 09 | 05
#0418-d254 @A: 24 21 26 23 | 09
#0419-d254 @A: 12 19 27 21 | 06
#0420-d254 @A: 24 13 02 21 | 08
#0421-d254 @A: 20 22 10 06 | 11
#0422-d254 @A: 28 20 35 26 | 04
#0423-d254 @A: 20 35 05 29 | 03
#0424-d254 @A: 35 20 08 19 | 10
#0425-d254 @A: 24 20 35 15 | 01
#0426-d254 @A: 01 26 20 22 | 02
#0427-d254 @A: 30 20 33 23 | 12
#0428-d254 @A: 03 28 20 25 | 07
#0429-d254 @A: 28 20 22 18 | 05
#0430-d254 @A: 28 15 20 11 | 09
#0431-d254 @A: 20 34 04 17 | 06
#0432-d254 @A: 30 17 20 21 | 08
#0433-d254 @A: 20 09 21 05 | 11
#0434-d254 @A: 20 12 22 08 | 04
#0435-d254 @A: 09 20 22 29 | 03
#0436-d254 @A: 20 08 02 21 | 10
#0437-d254 @A: 18 34 13 20 | 01
#0438-d254 @A: 20 12 27 32 | 02
#0439-d254 @A: 14 20 23 32 | 12
#0440-d254 @A: 20 09 14 34 | 07
#0441-d254 @A: 23 02 15 20 | 05
#0442-d254 @A: 35 10 19 22 | 09
#0443-d254 @A: 01 15 33 10 | 06
#0444-d254 @A: 28 25 09 10 | 08
#0445-d254 @A: 24 25 10 13 | 11
#0446-d254 @A: 30 10 13 17 | 04
#0447-d254 @A: 22 10 16 02 | 03
#0448-d254 @A: 10 31 15 14 | 10
#0449-d254 @A: 08 10 11 12 | 01
#0450-d254 @A: 08 24 10 26 | 02
#0451-d254 @A: 26 10 03 02 | 12
#0452-d254 @A: 10 12 24 21 | 07
#0453-d254 @A: 18 13 09 10 | 05
#0454-d254 @A: 34 32 10 23 | 09
#0455-d254 @A: 10 07 09 12 | 06
#0456-d254 @A: 19 17 35 33 | 08
#0457-d254 @A: 33 02 09 35 | 11
#0458-d254 @A: 30 28 35 02 | 04
#0459-d254 @A: 11 23 28 35 | 03
#0460-d254 @A: 08 12 35 30 | 10
#0461-d254 @A: 35 29 17 30 | 01
#0462-d254 @A: 18 35 05 17 | 02
#0463-d254 @A: 05 15 32 35 | 12
#0464-d254 @A: 17 32 35 31 | 07
#0465-d254 @A: 14 31 23 35 | 05
#0466-d254 @A: 17 08 23 35 | 09
#0467-d254 @A: 21 07 19 35 | 06
#0468-d254 @A: 27 29 18 35 | 08
#0469-d254 @A: 23 35 26 27 | 11
#0470-d254 @A: 12 28 04 01 | 04
#0471-d254 @A: 09 28 08 01 | 03
#0472-d254 @A: 07 11 28 01 | 10
#0473-d254 @A: 17 25 01 18 | 01
#0474-d254 @A: 01 30 32 12 | 02
#0475-d254 @A: 27 01 16 06 | 12
#0476-d254 @A: 01 18 24 31 | 07
#0477-d254 @A: 01 11 27 17 | 05
#0478-d254 @A: 18 11 01 19 | 09
#0479-d254 @A: 16 03 17 01 | 06
#0480-d254 @A: 26 13 32 01 | 08
#0481-d254 @A: 07 02 12 01 | 11
#0482-d254 @A: 01 09 15 12 | 04
#0483-d254 @A: 28 33 05 07 | 03
#0484-d254 @A: 28 33 21 16 | 10
#0485-d254 @A: 33 30 11 16 | 01
#0486-d254 @A: 13 05 06 33 | 02
#0487-d254 @A: 34 22 33 05 | 12
#0488-d254 @A: 33 05 15 11 | 07
#0489-d254 @A: 24 34 06 33 | 05
#0490-d254 @A: 02 33 16 12 | 09
#0491-d254 @A: 33 13 24 14 | 06
#0492-d254 @A: 25 22 06 28 | 08
#0493-d254 @A: 21 15 25 28 | 11
#0494-d254 @A: 04 28 31 09 | 04
#0495-d254 @A: 29 04 28 21 | 03
#0496-d254 @A: 06 28 03 30 | 10
#0497-d254 @A: 31 18 28 30 | 01
#0498-d254 @A: 13 30 08 28 | 02
#0499-d254 @A: 31 28 08 29 | 12
#0500-d254 @A: 28 11 08 14 | 07
#0501-d254 @A: 21 28 08 34 | 05
#0502-d254 @A: 28 29 03 07 | 09
#0503-d254 @A: 34 23 18 28 | 06
#0504-d254 @A: 32 02 28 26 | 08
#0505-d254 @A: 29 28 23 19 | 11
#0506-d254 @A: 21 07 25 04 | 04
#0507-d254 @A: 25 26 30 02 | 03
#0508-d254 @A: 12 05 25 08 | 10
#0509-d254 @A: 07 03 05 25 | 01
#0510-d254 @A: 31 29 06 25 | 02
#0511-d254 @A: 16 34 25 15 | 12
#0512-d254 @A: 24 16 12 25 | 07
#0513-d254 @A: 30 08 04 18 | 05
#0514-d254 @A: 08 04 13 06 | 09
#0515-d254 @A: 31 04 03 34 | 06
#0516-d254 @A: 11 24 14 04 | 08
#0517-d254 @A: 15 02 04 21 | 11
#0518-d254 @A: 23 15 18 04 | 04
#0519-d254 @A: 16 07 04 02 | 03
#0520-d254 @A: 22 30 06 13 | 10
#0521-d254 @A: 12 09 30 13 | 01
#0522-d254 @A: 06 05 21 14 | 02
#0523-d254 @A: 19 08 05 11 | 12
#0524-d254 @A: 05 18 07 32 | 07
#0525-d254 @A: 05 09 18 24 | 05
#0526-d254 @A: 02 12 15 05 | 09
#0527-d254 @A: 16 08 22 06 | 06
#0528-d254 @A: 17 22 07 06 | 08
#0529-d254 @A: 15 22 24 06 | 11
#0530-d254 @A: 08 02 27 06 | 04
#0531-d254 @A: 06 14 18 09 | 03
#0532-d254 @A: 18 26 08 22 | 10
#0533-d254 @A: 11 03 22 14 | 01
#0534-d254 @A: 11 09 22 12 | 02
#0535-d254 @A: 17 22 07 24 | 12
#0536-d254 @A: 32 14 22 34 | 07
#0537-d254 @A: 32 16 15 22 | 05
#0538-d254 @A: 02 34 22 26 | 09
#0539-d254 @A: 22 13 02 15 | 06
#0540-d254 @A: 31 19 34 11 | 08
#0541-d254 @A: 31 12 29 17 | 11
#0542-d254 @A: 31 32 18 12 | 04
#0543-d254 @A: 19 31 18 27 | 03
#0544-d254 @A: 13 14 31 12 | 10
#0545-d254 @A: 31 16 13 24 | 01
#0546-d254 @A: 32 08 03 17 | 02
#0547-d254 @A: 16 08 09 32 | 12
#0548-d254 @A: 15 24 14 08 | 07
#0549-d254 @A: 29 11 32 02 | 05
#0550-d254 @A: 13 11 16 32 | 09
#0551-d254 @A: 21 23 18 03 | 06
#0552-d254 @A: 03 32 15 19 | 08
#0553-d254 @A: 23 17 27 21 | 11
#0554-d254 @A: 13 18 15 17 | 04
#0555-d254 @A: 15 17 14 29 | 03
#0556-d254 @A: 14 12 17 09 | 10
#0557-d254 @A: 34 21 32 12 | 01
#0558-d254 @A: 23 26 21 14 | 02
#0559-d254 @A: 02 26 14 24 | 12
#0560-d254 @A: 24 09 23 19 | 07
#0561-d254 @A: 20 13 02 35 | 05
#0562-d254 @A: 01 34 33 20 | 09
#0563-d254 @A: 25 20 33 11 | 06
#0564-d254 @A: 03 33 29 20 | 08
#0565-d254 @A: 33 27 20 02 | 11
#0566-d254 @A: 18 20 25 06 | 04
#0567-d254 @A: 27 08 25 20 | 03
#0568-d254 @A: 30 32 20 31 | 10
#0569-d254 @A: 17 27 20 31 | 01
#0570-d254 @A: 17 11 29 20 | 02
#0571-d254 @A: 20 11 07 09 | 12
#0572-d254 @A: 13 32 09 20 | 07
#0573-d254 @A: 19 29 14 20 | 05
#0574-d254 @A: 30 07 35 10 | 09
#0575-d254 @A: 31 10 28 01 | 06
#0576-d254 @A: 01 19 10 27 | 08
#0577-d254 @A: 10 04 18 33 | 11
#0578-d254 @A: 22 28 27 10 | 04
#0579-d254 @A: 08 18 28 10 | 03
#0580-d254 @A: 06 10 32 30 | 10
#0581-d254 @A: 24 10 05 16 | 01
#0582-d254 @A: 10 17 09 06 | 02
#0583-d254 @A: 23 22 03 10 | 12
#0584-d254 @A: 21 10 17 22 | 07
#0585-d254 @A: 12 22 10 15 | 05
#0586-d254 @A: 13 10 27 23 | 09
#0587-d254 @A: 10 14 09 16 | 06
#0588-d254 @A: 34 14 13 10 | 08
#0589-d254 @A: 08 33 01 35 | 11
#0590-d254 @A: 35 01 19 28 | 04
#0591-d254 @A: 16 35 01 25 | 03
#0592-d254 @A: 11 35 05 01 | 10
#0593-d254 @A: 35 33 15 18 | 01
#0594-d254 @A: 15 35 17 28 | 02
#0595-d254 @A: 35 25 05 14 | 12
#0596-d254 @A: 31 07 04 35 | 07
#0597-d254 @A: 04 21 35 14 | 05
#0598-d254 @A: 13 04 23 35 | 09
#0599-d254 @A: 35 19 30 03 | 06
#0600-d254 @A: 06 26 05 35 | 08
#0601-d254 @A: 18 35 31 34 | 11
#0602-d254 @A: 08 21 24 35 | 04
#0603-d254 @A: 11 21 16 35 | 03
#0604-d254 @A: 35 07 17 16 | 10
#0605-d254 @A: 19 18 35 32 | 01
#0606-d254 @A: 26 15 35 29 | 02
#0607-d254 @A: 15 35 27 19 | 12
#0608-d254 @A: 35 24 13 27 | 07
#0609-d254 @A: 29 01 33 31 | 05
#0610-d254 @A: 02 33 32 01 | 09
#0611-d254 @A: 01 28 26 25 | 06
#0612-d254 @A: 23 01 28 30 | 08
#0613-d254 @A: 01 03 28 34 | 11
#0614-d254 @A: 21 13 28 01 | 04
#0615-d254 @A: 02 01 25 31 | 03
#0616-d254 @A: 01 25 09 11 | 10
#0617-d254 @A: 08 01 16 04 | 01
#0618-d254 @A: 31 01 08 11 | 02
#0619-d254 @A: 32 15 18 01 | 12
#0620-d254 @A: 01 18 26 14 | 07
#0621-d254 @A: 07 14 32 01 | 05
#0622-d254 @A: 29 32 09 01 | 09
#0623-d254 @A: 07 01 09 34 | 06
#0624-d254 @A: 08 33 28 15 | 08
#0625-d254 @A: 06 25 12 33 | 11
#0626-d254 @A: 33 04 08 02 | 04
#0627-d254 @A: 16 23 04 33 | 03
#0628-d254 @A: 03 13 33 30 | 10
#0629-d254 @A: 17 05 33 21 | 01
#0630-d254 @A: 02 11 33 06 | 02
#0631-d254 @A: 08 22 33 03 | 12
#0632-d254 @A: 08 33 09 14 | 07
#0633-d254 @A: 13 23 08 33 | 05
#0634-d254 @A: 03 12 33 11 | 09
#0635-d254 @A: 34 16 33 14 | 06
#0636-d254 @A: 13 34 33 12 | 08
#0637-d254 @A: 28 32 25 04 | 11
#0638-d254 @A: 28 24 25 30 | 04
#0639-d254 @A: 17 04 18 28 | 03
#0640-d254 @A: 06 07 08 28 | 10
#0641-d254 @A: 28 26 06 24 | 01
#0642-d254 @A: 28 17 07 31 | 02
#0643-d254 @A: 02 03 11 28 | 12
#0644-d254 @A: 19 28 11 21 | 07
#0645-d254 @A: 28 03 19 26 | 05
#0646-d254 @A: 29 28 14 32 | 09
#0647-d254 @A: 14 28 15 26 | 06
#0648-d254 @A: 28 13 29 16 | 08
#0649-d254 @A: 09 24 34 28 | 11
#0650-d254 @A: 28 24 13 19 | 04
#0651-d254 @A: 13 30 25 05 | 03
#0652-d254 @A: 21 17 06 25 | 10
#0653-d254 @A: 25 13 21 31 | 01
#0654-d254 @A: 14 11 25 21 | 02
#0655-d254 @A: 23 25 09 18 | 12
#0656-d254 @A: 34 14 25 18 | 07
#0657-d254 @A: 25 34 27 32 | 05
#0658-d254 @A: 14 25 07 19 | 09
#0659-d254 @A: 25 26 09 15 | 06
#0660-d254 @A: 27 02 15 25 | 08
#0661-d254 @A: 05 22 27 04 | 11
#0662-d254 @A: 09 26 05 04 | 04
#0663-d254 @A: 04 08 26 14 | 03
#0664-d254 @A: 17 09 04 11 | 10
#0665-d254 @A: 04 11 29 27 | 01
#0666-d254 @A: 32 04 24 03 | 02
#0667-d254 @A: 26 18 19 04 | 12
#0668-d254 @A: 26 32 04 27 | 07
#0669-d254 @A: 04 09 19 32 | 05
#0670-d254 @A: 04 16 15 26 | 09
#0671-d254 @A: 04 13 29 15 | 06
#0672-d254 @A: 04 12 27 34 | 08
#0673-d254 @A: 09 04 34 02 | 11
#0674-d254 @A: 16 19 30 06 | 04
#0675-d254 @A: 30 08 32 22 | 03
#0676-d254 @A: 31 07 30 21 | 10
#0677-d254 @A: 14 09 32 30 | 01
#0678-d254 @A: 13 07 30 16 | 02
#0679-d254 @A: 18 13 05 08 | 12
#0680-d254 @A: 05 17 14 11 | 07
#0681-d254 @A: 13 17 03 05 | 05
#0682-d254 @A: 16 18 02 05 | 09
#0683-d254 @A: 05 32 02 09 | 06
#0684-d254 @A: 24 27 07 05 | 08
#0685-d254 @A: 03 34 06 22 | 11
#0686-d254 @A: 29 06 27 22 | 04
#0687-d254 @A: 17 29 08 06 | 03
#0688-d254 @A: 17 06 11 12 | 10
#0689-d254 @A: 34 14 06 27 | 01
#0690-d254 @A: 13 27 15 06 | 02
#0691-d254 @A: 24 31 22 19 | 12
#0692-d254 @A: 02 08 11 22 | 07
#0693-d254 @A: 03 22 12 19 | 05
#0694-d254 @A: 14 16 07 22 | 09
#0695-d254 @A: 07 31 03 08 | 06
#0696-d254 @A: 21 31 24 03 | 08
#0697-d254 @A: 21 31 12 16 | 11
#0698-d254 @A: 23 32 31 29 | 04
#0699-d254 @A: 26 31 15 12 | 03
#0700-d254 @A: 23 07 18 08 | 10
#0701-d254 @A: 12 08 09 18 | 01
#0702-d254 @A: 18 11 32 26 | 02
#0703-d254 @A: 07 11 34 27 | 12
#0704-d254 @A: 03 34 23 17 | 07
#0705-d254 @A: 03 02 15 18 | 05
#0706-d254 @A: 13 03 32 27 | 09
#0707-d254 @A: 14 09 27 03 | 06
#0708-d254 @A: 07 12 17 23 | 08
#0709-d254 @A: 32 16 21 26 | 11
#0710-d254 @A: 21 15 13 07 | 04
#0711-d254 @A: 29 23 21 02 | 03
#0712-d254 @A: 34 21 14 29 | 10
#0713-d254 @A: 02 21 13 09 | 01
#0714-d254 @A: 02 18 07 24 | 02
#0715-d254 @A: 16 24 18 27 | 12
#0716-d254 @A: 10 05 14 20 | 07
#0717-d254 @A: 35 20 04 25 | 05
#0718-d254 @A: 20 35 22 07 | 09
#0719-d254 @A: 20 25 01 14 | 06
#0720-d254 @A: 20 01 07 04 | 08
#0721-d254 @A: 20 17 01 19 | 11
#0722-d254 @A: 28 33 20 09 | 04
#0723-d254 @A: 21 33 13 20 | 03
#0724-d254 @A: 28 32 20 05 | 10
#0725-d254 @A: 25 07 02 20 | 01
#0726-d254 @A: 20 13 30 04 | 02
#0727-d254 @A: 20 09 06 04 | 12
#0728-d254 @A: 08 20 30 07 | 07
#0729-d254 @A: 26 20 11 30 | 05
#0730-d254 @A: 16 20 11 22 | 09
#0731-d254 @A: 32 11 20 03 | 06
#0732-d254 @A: 03 16 20 13 | 08
#0733-d254 @A: 12 24 07 20 | 11
#0734-d254 @A: 09 20 02 26 | 04
#0735-d254 @A: 10 32 33 35 | 03
#0736-d254 @A: 10 28 35 14 | 10
#0737-d254 @A: 21 35 15 10 | 01
#0738-d254 @A: 24 01 27 10 | 02
#0739-d254 @A: 04 25 13 10 | 12
#0740-d254 @A: 16 25 08 10 | 07
#0741-d254 @A: 26 25 17 10 | 05
#0742-d254 @A: 23 25 10 19 | 09
#0743-d254 @A: 10 04 14 22 | 06
#0744-d254 @A: 10 08 19 04 | 08
#0745-d254 @A: 31 27 10 30 | 11
#0746-d254 @A: 10 30 16 23 | 04
#0747-d254 @A: 23 10 05 26 | 03
#0748-d254 @A: 10 06 12 27 | 10
#0749-d254 @A: 34 10 21 31 | 01
#0750-d254 @A: 26 10 18 15 | 02
#0751-d254 @A: 16 10 26 34 | 12
#0752-d254 @A: 12 29 10 23 | 07
#0753-d254 @A: 13 35 01 30 | 05
#0754-d254 @A: 01 15 06 35 | 09
#0755-d254 @A: 22 26 25 35 | 06
#0756-d254 @A: 09 25 08 35 | 08
#0757-d254 @A: 04 30 15 35 | 11
#0758-d254 @A: 05 35 30 09 | 04
#0759-d254 @A: 14 06 17 35 | 03
#0760-d254 @A: 32 29 35 06 | 10
#0761-d254 @A: 08 35 29 14 | 01
#0762-d254 @A: 32 21 35 03 | 02
#0763-d254 @A: 09 12 32 35 | 12
#0764-d254 @A: 09 27 07 35 | 07
#0765-d254 @A: 34 16 02 35 | 05
#0766-d254 @A: 11 01 33 26 | 09
#0767-d254 @A: 01 33 14 17 | 06
#0768-d254 @A: 24 25 03 01 | 08
#0769-d254 @A: 05 19 01 31 | 11
#0770-d254 @A: 19 08 32 01 | 04
#0771-d254 @A: 29 15 07 01 | 03
#0772-d254 @A: 13 24 01 09 | 10
#0773-d254 @A: 24 16 01 02 | 01
#0774-d254 @A: 24 34 15 01 | 02
#0775-d254 @A: 23 01 15 13 | 12
#0776-d254 @A: 02 34 33 28 | 07
#0777-d254 @A: 04 26 30 33 | 05
#0778-d254 @A: 04 33 03 27 | 09
#0779-d254 @A: 07 32 33 30 | 06
#0780-d254 @A: 03 26 05 33 | 08
#0781-d254 @A: 33 23 14 05 | 11
#0782-d254 @A: 08 06 33 19 | 04
#0783-d254 @A: 03 33 15 06 | 03
#0784-d254 @A: 09 11 33 18 | 10
#0785-d254 @A: 16 33 18 32 | 01
#0786-d254 @A: 02 33 13 18 | 02
#0787-d254 @A: 33 23 07 09 | 12
#0788-d254 @A: 15 27 33 24 | 07
#0789-d254 @A: 11 28 26 04 | 05
#0790-d254 @A: 12 28 30 17 | 09
#0791-d254 @A: 19 17 28 22 | 06
#0792-d254 @A: 29 15 22 28 | 08
#0793-d254 @A: 15 31 13 28 | 11
#0794-d254 @A: 28 26 29 27 | 04
#0795-d254 @A: 12 27 02 28 | 03
#0796-d254 @A: 32 06 08 25 | 10
#0797-d254 @A: 17 22 34 25 | 01
#0798-d254 @A: 11 25 08 07 | 02
#0799-d254 @A: 09 25 27 21 | 12
#0800-d254 @A: 25 26 18 27 | 07
#0801-d254 @A: 22 30 04 02 | 05
#0802-d254 @A: 32 05 17 04 | 09
#0803-d254 @A: 22 31 04 15 | 06
#0804-d254 @A: 24 31 17 04 | 08
#0805-d254 @A: 09 08 29 04 | 11
#0806-d254 @A: 13 03 04 21 | 04
#0807-d254 @A: 18 02 04 32 | 03
#0808-d254 @A: 12 32 13 04 | 10
#0809-d254 @A: 30 05 16 31 | 01
#0810-d254 @A: 06 11 23 30 | 02
#0811-d254 @A: 30 21 15 06 | 12
#0812-d254 @A: 09 30 17 31 | 07
#0813-d254 @A: 08 30 11 27 | 05
#0814-d254 @A: 09 02 30 03 | 09
#0815-d254 @A: 32 30 18 23 | 06
#0816-d254 @A: 05 06 31 34 | 08
#0817-d254 @A: 17 19 07 05 | 11
#0818-d254 @A: 24 21 05 15 | 04
#0819-d254 @A: 29 07 02 05 | 03
#0820-d254 @A: 26 05 12 29 | 10
#0821-d254 @A: 34 02 23 05 | 01
#0822-d254 @A: 06 21 31 26 | 02
#0823-d254 @A: 29 03 06 11 | 12
#0824-d254 @A: 07 06 11 32 | 07
#0825-d254 @A: 13 17 34 06 | 05
#0826-d254 @A: 02 18 07 06 | 09
#0827-d254 @A: 21 19 08 22 | 06
#0828-d254 @A: 02 18 22 29 | 08
#0829-d254 @A: 07 22 34 19 | 11
#0830-d254 @A: 22 14 29 26 | 04
#0831-d254 @A: 23 22 09 34 | 03
#0832-d254 @A: 14 22 19 15 | 10
#0833-d254 @A: 12 22 23 14 | 01
#0834-d254 @A: 08 24 34 31 | 02
#0835-d254 @A: 31 23 26 18 | 12
#0836-d254 @A: 18 09 31 16 | 07
#0837-d254 @A: 02 32 13 31 | 05
#0838-d254 @A: 31 16 26 13 | 09
#0839-d254 @A: 31 23 34 16 | 06
#0840-d254 @A: 29 08 03 21 | 08
#0841-d254 @A: 27 15 18 08 | 11
#0842-d254 @A: 12 08 29 02 | 04
#0843-d254 @A: 34 09 15 08 | 03
#0844-d254 @A: 34 08 12 23 | 10
#0845-d254 @A: 11 18 15 14 | 01
#0846-d254 @A: 02 12 11 19 | 02
#0847-d254 @A: 26 18 12 03 | 12
#0848-d254 @A: 32 03 23 09 | 07
#0849-d254 @A: 23 19 07 03 | 05
#0850-d254 @A: 16 03 09 26 | 09
#0851-d254 @A: 21 13 32 17 | 06
#0852-d254 @A: 32 18 17 24 | 08
#0853-d254 @A: 09 17 14 24 | 11
#0854-d254 @A: 17 23 14 02 | 04
#0855-d254 @A: 23 13 19 17 | 03
#0856-d254 @A: 21 18 29 13 | 10
#0857-d254 @A: 21 24 18 34 | 01
#0858-d254 @A: 23 21 09 16 | 02
#0859-d254 @A: 32 16 34 24 | 12
#0860-d254 @A: 07 15 16 24 | 07
#0861-d254 @A: 16 20 35 30 | 05
#0862-d254 @A: 06 20 13 01 | 09
#0863-d254 @A: 06 20 28 27 | 06
#0864-d254 @A: 08 28 16 20 | 08
#0865-d254 @A: 34 28 20 12 | 11
#0866-d254 @A: 18 20 14 30 | 04
#0867-d254 @A: 20 22 05 02 | 03
#0868-d254 @A: 05 26 20 13 | 10
#0869-d254 @A: 20 18 21 32 | 01
#0870-d254 @A: 12 15 13 20 | 02
#0871-d254 @A: 35 10 09 11 | 12
#0872-d254 @A: 10 05 32 01 | 07
#0873-d254 @A: 30 33 12 10 | 05
#0874-d254 @A: 10 19 33 11 | 09
#0875-d254 @A: 28 10 19 15 | 06
#0876-d254 @A: 10 18 25 05 | 08
#0877-d254 @A: 10 04 22 24 | 11
#0878-d254 @A: 32 08 10 31 | 04
#0879-d254 @A: 27 02 10 18 | 03
#0880-d254 @A: 07 32 10 26 | 10
#0881-d254 @A: 29 10 13 07 | 01
#0882-d254 @A: 29 03 01 35 | 02
#0883-d254 @A: 35 01 27 34 | 12
#0884-d254 @A: 34 33 35 25 | 07
#0885-d254 @A: 33 24 07 35 | 05
#0886-d254 @A: 35 27 06 25 | 09
#0887-d254 @A: 35 02 11 25 | 06
#0888-d254 @A: 35 03 25 18 | 08
#0889-d254 @A: 35 11 08 04 | 11
#0890-d254 @A: 04 34 32 35 | 04
#0891-d254 @A: 35 16 22 05 | 03
#0892-d254 @A: 35 12 22 18 | 10
#0893-d254 @A: 22 24 16 35 | 01
#0894-d254 @A: 29 11 13 35 | 02
#0895-d254 @A: 26 13 35 18 | 12
#0896-d254 @A: 35 09 29 16 | 07
#0897-d254 @A: 09 19 14 35 | 05
#0898-d254 @A: 13 15 35 09 | 09
#0899-d254 @A: 29 01 24 28 | 06
#0900-d254 @A: 01 04 17 13 | 08
#0901-d254 @A: 02 21 01 30 | 11
#0902-d254 @A: 23 01 22 11 | 04
#0903-d254 @A: 32 31 27 01 | 03
#0904-d254 @A: 23 01 16 29 | 10
#0905-d254 @A: 27 12 13 01 | 01
#0906-d254 @A: 19 33 31 28 | 02
#0907-d254 @A: 09 33 04 25 | 12
#0908-d254 @A: 22 25 33 29 | 07
#0909-d254 @A: 31 33 04 11 | 05
#0910-d254 @A: 04 21 33 19 | 09
#0911-d254 @A: 07 33 13 04 | 06
#0912-d254 @A: 33 30 34 21 | 08
#0913-d254 @A: 33 06 21 07 | 11
#0914-d254 @A: 02 24 17 33 | 04
#0915-d254 @A: 29 16 07 33 | 03
#0916-d254 @A: 14 26 13 33 | 10
#0917-d254 @A: 05 18 28 26 | 01
#0918-d254 @A: 11 16 06 28 | 02
#0919-d254 @A: 27 11 28 31 | 12
#0920-d254 @A: 21 17 28 03 | 07
#0921-d254 @A: 07 19 28 27 | 05
#0922-d254 @A: 13 28 09 26 | 09
#0923-d254 @A: 15 12 23 28 | 06
#0924-d254 @A: 04 19 25 06 | 08
#0925-d254 @A: 25 04 03 02 | 11
#0926-d254 @A: 25 21 30 19 | 04
#0927-d254 @A: 25 29 11 05 | 03
#0928-d254 @A: 22 02 23 25 | 10
#0929-d254 @A: 18 08 31 25 | 01
#0930-d254 @A: 26 11 03 25 | 02
#0931-d254 @A: 25 17 19 11 | 12
#0932-d254 @A: 29 03 25 13 | 07
#0933-d254 @A: 17 09 32 25 | 05
#0934-d254 @A: 23 16 25 32 | 09
#0935-d254 @A: 05 04 23 21 | 06
#0936-d254 @A: 19 04 11 03 | 08
#0937-d254 @A: 18 34 04 07 | 11
#0938-d254 @A: 12 16 04 29 | 04
#0939-d254 @A: 19 04 13 27 | 03
#0940-d254 @A: 14 13 02 04 | 10
#0941-d254 @A: 12 24 04 02 | 01
#0942-d254 @A: 05 07 11 30 | 02
#0943-d254 @A: 21 30 09 08 | 12
#0944-d254 @A: 32 17 11 30 | 07
#0945-d254 @A: 26 18 30 16 | 05
#0946-d254 @A: 19 29 30 18 | 09
#0947-d254 @A: 23 19 30 26 | 06
#0948-d254 @A: 09 08 17 05 | 08
#0949-d254 @A: 16 05 11 03 | 11
#0950-d254 @A: 19 05 26 15 | 04
#0951-d254 @A: 15 06 31 08 | 03
#0952-d254 @A: 06 16 21 03 | 10
#0953-d254 @A: 02 29 09 06 | 01
#0954-d254 @A: 16 06 29 14 | 02
#0955-d254 @A: 22 08 13 31 | 12
#0956-d254 @A: 03 22 16 29 | 07
#0957-d254 @A: 02 22 32 12 | 05
#0958-d254 @A: 31 16 17 11 | 09
#0959-d254 @A: 19 03 21 31 | 06
#0960-d254 @A: 15 16 31 07 | 08
#0961-d254 @A: 27 29 09 31 | 11
#0962-d254 @A: 13 29 31 34 | 04
#0963-d254 @A: 15 19 02 31 | 03
#0964-d254 @A: 08 11 09 24 | 10
#0965-d254 @A: 08 19 03 14 | 01
#0966-d254 @A: 07 09 08 02 | 02
#0967-d254 @A: 16 09 11 34 | 12
#0968-d254 @A: 18 29 03 09 | 07
#0969-d254 @A: 34 03 26 14 | 05
#0970-d254 @A: 34 03 09 13 | 09
#0971-d254 @A: 12 21 02 17 | 06
#0972-d254 @A: 17 15 16 21 | 08
#0973-d254 @A: 18 17 19 16 | 11
#0974-d254 @A: 27 17 16 13 | 04
#0975-d254 @A: 02 09 17 16 | 03
#0976-d254 @A: 07 18 21 27 | 10
#0977-d254 @A: 02 14 16 21 | 01
#0978-d254 @A: 20 31 12 10 | 02
#0979-d254 @A: 31 20 35 06 | 12
#0980-d254 @A: 35 03 27 20 | 07
#0981-d254 @A: 12 21 35 20 | 05
#0982-d254 @A: 01 05 20 23 | 09
#0983-d254 @A: 20 12 03 01 | 06
#0984-d254 @A: 34 25 05 20 | 08
#0985-d254 @A: 25 20 17 12 | 11
#0986-d254 @A: 20 22 23 04 | 04
#0987-d254 @A: 04 20 24 29 | 03
#0988-d254 @A: 20 02 30 29 | 10
#0989-d254 @A: 24 30 20 02 | 01
#0990-d254 @A: 20 19 30 12 | 02
#0991-d254 @A: 03 05 19 20 | 12
#0992-d254 @A: 17 32 22 20 | 07
#0993-d254 @A: 20 27 22 15 | 05
#0994-d254 @A: 20 18 08 24 | 09
#0995-d254 @A: 19 07 20 32 | 06
#0996-d254 @A: 26 24 20 19 | 08
#0997-d254 @A: 20 19 23 09 | 11
#0998-d254 @A: 35 10 02 05 | 04
#0999-d254 @A: 10 35 06 16 | 03
#1000-d254 @A: 34 17 10 35 | 10
#1001-d254 @A: 23 28 04 10 | 01
#1002-d254 @A: 07 28 10 21 | 02
#1003-d254 @A: 04 10 15 06 | 12
#1004-d254 @A: 30 18 21 10 | 07
#1005-d254 @A: 05 10 13 31 | 05
#1006-d254 @A: 31 22 18 10 | 09
#1007-d254 @A: 32 10 13 22 | 06
#1008-d254 @A: 10 12 03 21 | 08
#1009-d254 @A: 03 10 24 14 | 11
#1010-d254 @A: 14 23 18 10 | 04
#1011-d254 @A: 29 09 26 10 | 03
#1012-d254 @A: 06 35 23 33 | 10
#1013-d254 @A: 22 35 33 13 | 01
#1014-d254 @A: 33 26 35 21 | 02
#1015-d254 @A: 32 28 35 08 | 12
#1016-d254 @A: 04 19 35 05 | 07
#1017-d254 @A: 04 03 35 22 | 05
#1018-d254 @A: 06 21 35 02 | 09
#1019-d254 @A: 35 32 11 22 | 06
#1020-d254 @A: 35 22 23 29 | 08
#1021-d254 @A: 31 15 35 11 | 11
#1022-d254 @A: 34 35 03 11 | 04
#1023-d254 @A: 35 16 23 18 | 03
#1024-d254 @A: 26 35 24 09 | 10
#1025-d254 @A: 02 12 26 35 | 01
#1026-d254 @A: 35 34 24 14 | 02
#1027-d254 @A: 25 01 07 33 | 12
#1028-d254 @A: 04 01 33 05 | 07
#1029-d254 @A: 05 01 28 15 | 05
#1030-d254 @A: 28 14 06 01 | 09
#1031-d254 @A: 28 01 22 32 | 06
#1032-d254 @A: 02 01 28 17 | 08
#1033-d254 @A: 18 01 16 28 | 11
#1034-d254 @A: 08 14 01 30 | 04
#1035-d254 @A: 06 12 01 08 | 03
#1036-d254 @A: 21 16 22 01 | 10
#1037-d254 @A: 14 03 21 01 | 01
#1038-d254 @A: 12 18 01 23 | 02
#1039-d254 @A: 01 14 15 27 | 12
#1040-d254 @A: 28 04 14 33 | 07
#1041-d254 @A: 33 06 28 26 | 05
#1042-d254 @A: 18 25 33 21 | 09
#1043-d254 @A: 33 14 25 02 | 06
#1044-d254 @A: 22 17 33 23 | 08
#1045-d254 @A: 02 26 23 33 | 11
#1046-d254 @A: 25 28 05 16 | 04
#1047-d254 @A: 12 25 13 28 | 03
#1048-d254 @A: 03 28 04 15 | 10
#1049-d254 @A: 28 24 05 32 | 01
#1050-d254 @A: 28 17 06 23 | 02
#1051-d254 @A: 22 03 13 28 | 12
#1052-d254 @A: 21 28 32 31 | 07
#1053-d254 @A: 26 28 34 31 | 05
#1054-d254 @A: 28 27 21 24 | 09
#1055-d254 @A: 27 16 15 28 | 06
#1056-d254 @A: 27 25 31 04 | 08
#1057-d254 @A: 04 25 34 08 | 11
#1058-d254 @A: 11 16 04 25 | 04
#1059-d254 @A: 23 26 25 04 | 03
#1060-d254 @A: 11 30 18 25 | 10
#1061-d254 @A: 25 07 06 15 | 01
#1062-d254 @A: 08 14 22 25 | 02
#1063-d254 @A: 03 25 09 22 | 12
#1064-d254 @A: 25 12 31 03 | 07
#1065-d254 @A: 15 25 17 31 | 05
#1066-d254 @A: 03 15 25 08 | 09
#1067-d254 @A: 08 25 23 21 | 06
#1068-d254 @A: 16 14 03 25 | 08
#1069-d254 @A: 16 18 12 25 | 11
#1070-d254 @A: 29 32 25 26 | 04
#1071-d254 @A: 29 25 12 27 | 03
#1072-d254 @A: 08 15 17 04 | 10
#1073-d254 @A: 02 19 04 17 | 01
#1074-d254 @A: 26 04 07 12 | 02
#1075-d254 @A: 23 04 14 29 | 12
#1076-d254 @A: 23 15 30 31 | 07
#1077-d254 @A: 30 13 21 14 | 05
#1078-d254 @A: 18 34 30 09 | 09
#1079-d254 @A: 32 34 30 13 | 06
#1080-d254 @A: 30 07 19 09 | 08
#1081-d254 @A: 06 05 22 23 | 11
#1082-d254 @A: 17 05 06 15 | 04
#1083-d254 @A: 22 21 18 05 | 03
#1084-d254 @A: 05 21 27 08 | 10
#1085-d254 @A: 09 23 05 11 | 01
#1086-d254 @A: 32 29 05 34 | 02
#1087-d254 @A: 12 32 14 05 | 12
#1088-d254 @A: 15 05 07 23 | 07
#1089-d254 @A: 05 09 34 19 | 05
#1090-d254 @A: 09 31 24 06 | 09
#1091-d254 @A: 16 18 06 13 | 06
#1092-d254 @A: 06 27 09 32 | 08
#1093-d254 @A: 15 34 26 06 | 11
#1094-d254 @A: 06 14 02 15 | 04
#1095-d254 @A: 23 16 24 06 | 03
#1096-d254 @A: 21 09 22 24 | 10
#1097-d254 @A: 19 22 32 26 | 01
#1098-d254 @A: 29 34 22 12 | 02
#1099-d254 @A: 13 09 27 22 | 12
#1100-d254 @A: 22 24 02 34 | 07
#1101-d254 @A: 23 22 24 12 | 05
#1102-d254 @A: 08 23 31 19 | 09
#1103-d254 @A: 03 17 14 31 | 06
#1104-d254 @A: 15 34 32 31 | 08
#1105-d254 @A: 02 07 26 31 | 11
#1106-d254 @A: 08 32 34 11 | 04
#1107-d254 @A: 08 02 03 13 | 03
#1108-d254 @A: 08 17 16 12 | 10
#1109-d254 @A: 16 07 21 08 | 01
#1110-d254 @A: 18 08 16 14 | 02
#1111-d254 @A: 32 14 08 02 | 12
#1112-d254 @A: 29 26 16 08 | 07
#1113-d254 @A: 16 08 19 02 | 05
#1114-d254 @A: 11 24 18 12 | 09
#1115-d254 @A: 29 26 11 07 | 06
#1116-d254 @A: 11 07 13 24 | 08
#1117-d254 @A: 13 26 11 23 | 11
#1118-d254 @A: 11 23 27 15 | 04
#1119-d254 @A: 16 14 11 23 | 03
#1120-d254 @A: 07 03 18 16 | 10
#1121-d254 @A: 13 15 03 26 | 01
#1122-d254 @A: 21 17 34 09 | 02
#1123-d254 @A: 29 18 07 17 | 12
#1124-d254 @A: 09 26 18 17 | 07
#1125-d254 @A: 27 15 17 07 | 05
#1126-d254 @A: 17 07 34 14 | 09
#1127-d254 @A: 13 29 17 02 | 06
#1128-d254 @A: 19 34 27 17 | 08
#1129-d254 @A: 12 14 21 07 | 11
#1130-d254 @A: 24 13 18 26 | 04
#1131-d254 @A: 15 18 24 29 | 03
#1132-d254 @A: 24 15 13 32 | 10
#1133-d254 @A: 14 19 24 16 | 01
#1134-d254 @A: 10 20 28 30 | 02
#1135-d254 @A: 24 20 01 14 | 12
#1136-d254 @A: 05 20 12 33 | 07
#1137-d254 @A: 19 22 20 33 | 05
#1138-d254 @A: 17 20 28 14 | 09
#1139-d254 @A: 20 21 23 28 | 06
#1140-d254 @A: 28 13 07 20 | 08
#1141-d254 @A: 25 16 21 20 | 11
#1142-d254 @A: 20 15 29 25 | 04
#1143-d254 @A: 27 05 30 20 | 03
#1144-d254 @A: 20 30 03 22 | 10
#1145-d254 @A: 24 06 20 21 | 01
#1146-d254 @A: 27 18 09 20 | 02
#1147-d254 @A: 26 20 16 14 | 12
#1148-d254 @A: 01 16 10 11 | 07
#1149-d254 @A: 02 01 10 14 | 05
#1150-d254 @A: 10 27 25 33 | 09
#1151-d254 @A: 06 33 10 29 | 06
#1152-d254 @A: 03 10 32 28 | 08
#1153-d254 @A: 17 10 28 24 | 11
#1154-d254 @A: 10 30 22 25 | 04
#1155-d254 @A: 04 16 31 10 | 03
#1156-d254 @A: 04 27 21 10 | 10
#1157-d254 @A: 05 10 27 17 | 01
#1158-d254 @A: 06 31 10 02 | 02
#1159-d254 @A: 06 10 21 13 | 12
#1160-d254 @A: 10 24 06 07 | 07
#1161-d254 @A: 03 31 09 10 | 05
#1162-d254 @A: 17 10 23 11 | 09
#1163-d254 @A: 09 10 15 23 | 06
#1164-d254 @A: 02 10 12 13 | 08
#1165-d254 @A: 04 35 24 28 | 11
#1166-d254 @A: 25 17 35 13 | 04
#1167-d254 @A: 12 06 35 04 | 03
#1168-d254 @A: 35 18 09 04 | 10
#1169-d254 @A: 35 05 23 03 | 01
#1170-d254 @A: 05 21 35 34 | 02
#1171-d254 @A: 05 35 12 13 | 12
#1172-d254 @A: 27 13 31 35 | 07
#1173-d254 @A: 21 17 35 24 | 05
#1174-d254 @A: 02 07 15 35 | 09
#1175-d254 @A: 19 26 35 16 | 06
#1176-d254 @A: 27 33 28 01 | 08
#1177-d254 @A: 24 06 01 04 | 11
#1178-d254 @A: 07 03 01 30 | 04
#1179-d254 @A: 01 09 30 16 | 03
#1180-d254 @A: 22 13 05 01 | 10
#1181-d254 @A: 03 01 02 05 | 01
#1182-d254 @A: 01 06 17 32 | 02
#1183-d254 @A: 23 17 31 01 | 12
#1184-d254 @A: 01 08 15 21 | 07
#1185-d254 @A: 12 11 01 14 | 05
#1186-d254 @A: 03 09 19 01 | 09
#1187-d254 @A: 17 26 15 01 | 06
#1188-d254 @A: 21 01 24 07 | 08
#1189-d254 @A: 26 23 01 34 | 11
#1190-d254 @A: 01 13 14 29 | 04
#1191-d254 @A: 13 33 25 15 | 03
#1192-d254 @A: 04 34 06 33 | 10
#1193-d254 @A: 12 17 04 33 | 01
#1194-d254 @A: 06 09 30 33 | 02
#1195-d254 @A: 14 30 31 33 | 12
#1196-d254 @A: 15 30 33 17 | 07
#1197-d254 @A: 29 33 19 05 | 05
#1198-d254 @A: 33 27 17 06 | 09
#1199-d254 @A: 27 07 22 33 | 06
#1200-d254 @A: 33 17 11 34 | 08
#1201-d254 @A: 33 21 23 11 | 11
#1202-d254 @A: 26 17 33 29 | 04
#1203-d254 @A: 25 11 34 28 | 03
#1204-d254 @A: 31 28 03 16 | 10
#1205-d254 @A: 32 28 11 12 | 01
#1206-d254 @A: 27 17 28 09 | 02
#1207-d254 @A: 14 24 28 18 | 12
#1208-d254 @A: 28 09 23 14 | 07
#1209-d254 @A: 25 04 29 18 | 05
#1210-d254 @A: 34 25 24 04 | 09
#1211-d254 @A: 05 19 25 22 | 06
#1212-d254 @A: 29 06 25 24 | 08
#1213-d254 @A: 25 13 08 26 | 11
#1214-d254 @A: 25 03 21 34 | 04
#1215-d254 @A: 26 25 34 07 | 03
#1216-d254 @A: 25 23 07 29 | 10
#1217-d254 @A: 07 24 25 14 | 01
#1218-d254 @A: 19 09 25 29 | 02
#1219-d254 @A: 25 23 27 14 | 12
#1220-d254 @A: 12 25 09 02 | 07
#1221-d254 @A: 23 04 30 17 | 05
#1222-d254 @A: 21 30 04 16 | 09
#1223-d254 @A: 32 30 29 04 | 06
#1224-d254 @A: 13 05 24 04 | 08
#1225-d254 @A: 03 18 06 04 | 11
#1226-d254 @A: 22 11 13 04 | 04
#1227-d254 @A: 17 29 22 04 | 03
#1228-d254 @A: 16 04 22 18 | 10
#1229-d254 @A: 31 04 32 14 | 01
#1230-d254 @A: 04 31 02 12 | 02
#1231-d254 @A: 21 04 12 08 | 12
#1232-d254 @A: 11 23 07 04 | 07
#1233-d254 @A: 30 19 22 11 | 05
#1234-d254 @A: 09 22 30 26 | 09
#1235-d254 @A: 19 30 08 17 | 06
#1236-d254 @A: 07 32 30 24 | 08
#1237-d254 @A: 23 30 27 09 | 11
#1238-d254 @A: 02 14 19 30 | 04
#1239-d254 @A: 02 34 15 30 | 03
#1240-d254 @A: 23 30 02 13 | 10
#1241-d254 @A: 06 16 32 05 | 01
#1242-d254 @A: 31 11 05 12 | 02
#1243-d254 @A: 05 21 29 31 | 12
#1244-d254 @A: 05 15 31 27 | 07
#1245-d254 @A: 07 27 05 12 | 05
#1246-d254 @A: 26 27 05 34 | 09
#1247-d254 @A: 27 13 05 02 | 06
#1248-d254 @A: 06 03 17 19 | 08
#1249-d254 @A: 32 02 03 06 | 11
#1250-d254 @A: 18 06 32 34 | 04
#1251-d254 @A: 13 06 14 32 | 03
#1252-d254 @A: 07 06 26 09 | 10
#1253-d254 @A: 12 06 23 16 | 01
#1254-d254 @A: 22 23 18 13 | 02
#1255-d254 @A: 22 16 19 23 | 12
#1256-d254 @A: 02 21 11 31 | 07
#1257-d254 @A: 07 31 32 09 | 05
#1258-d254 @A: 34 09 12 31 | 09
#1259-d254 @A: 03 18 08 11 | 06
#1260-d254 @A: 08 15 11 16 | 08
#1261-d254 @A: 26 12 08 32 | 11
#1262-d254 @A: 07 26 08 19 | 04
#1263-d254 @A: 18 02 11 23 | 03
#1264-d254 @A: 02 11 13 07 | 10
#1265-d254 @A: 12 11 26 34 | 01
#1266-d254 @A: 09 29 14 11 | 02
#1267-d254 @A: 09 02 11 27 | 12
#1268-d254 @A: 03 18 13 19 | 07
#1269-d254 @A: 14 32 17 16 | 05
#1270-d254 @A: 15 29 32 21 | 09
#1271-d254 @A: 19 23 15 21 | 06
#1272-d254 @A: 17 15 10 20 | 08
#1273-d254 @A: 26 20 10 27 | 11
#1274-d254 @A: 08 26 20 33 | 04
#1275-d254 @A: 20 18 04 05 | 03
#1276-d254 @A: 20 03 04 14 | 10
#1277-d254 @A: 05 20 08 15 | 01
#1278-d254 @A: 05 24 20 26 | 02
#1279-d254 @A: 20 16 02 06 | 12
#1280-d254 @A: 15 19 06 20 | 07
#1281-d254 @A: 03 20 08 34 | 05
#1282-d254 @A: 11 21 20 34 | 09
#1283-d254 @A: 12 20 18 29 | 06
#1284-d254 @A: 26 15 32 20 | 08
#1285-d254 @A: 12 14 02 20 | 11
#1286-d254 @A: 10 33 28 13 | 04
#1287-d254 @A: 03 34 33 10 | 03
#1288-d254 @A: 25 07 10 31 | 10
#1289-d254 @A: 10 30 02 11 | 01
#1290-d254 @A: 14 08 10 17 | 02
#1291-d254 @A: 18 34 12 10 | 12
#1292-d254 @A: 27 09 10 34 | 07
#1293-d254 @A: 09 10 02 19 | 05
#1294-d254 @A: 28 13 35 06 | 09
#1295-d254 @A: 31 35 25 19 | 06
#1296-d254 @A: 25 24 35 32 | 08
#1297-d254 @A: 15 35 23 25 | 11
#1298-d254 @A: 27 04 35 17 | 04
#1299-d254 @A: 23 21 35 30 | 03
#1300-d254 @A: 08 21 13 35 | 10
#1301-d254 @A: 35 17 12 03 | 01
#1302-d254 @A: 35 07 13 32 | 02
#1303-d254 @A: 07 34 23 35 | 12
#1304-d254 @A: 33 06 18 01 | 07
#1305-d254 @A: 11 01 33 24 | 05
#1306-d254 @A: 04 01 25 30 | 09
#1307-d254 @A: 12 21 01 25 | 06
#1308-d254 @A: 30 27 22 01 | 08
#1309-d254 @A: 17 01 30 34 | 11
#1310-d254 @A: 16 14 01 05 | 04
#1311-d254 @A: 22 01 03 18 | 03
#1312-d254 @A: 01 31 21 18 | 10
#1313-d254 @A: 08 19 24 01 | 01
#1314-d254 @A: 11 32 01 21 | 02
#1315-d254 @A: 18 01 09 02 | 12
#1316-d254 @A: 26 01 09 27 | 07
#1317-d254 @A: 02 16 15 01 | 05
#1318-d254 @A: 25 28 23 33 | 09
#1319-d254 @A: 30 28 33 29 | 06
#1320-d254 @A: 33 28 24 22 | 08
#1321-d254 @A: 25 33 32 05 | 11
#1322-d254 @A: 33 18 30 22 | 04
#1323-d254 @A: 24 33 05 08 | 03
#1324-d254 @A: 15 22 21 33 | 10
#1325-d254 @A: 09 33 31 15 | 01
#1326-d254 @A: 21 08 32 33 | 02
#1327-d254 @A: 33 29 21 24 | 12
#1328-d254 @A: 33 15 27 32 | 07
#1329-d254 @A: 33 24 02 32 | 05
#1330-d254 @A: 33 19 32 34 | 09
#1331-d254 @A: 33 19 24 12 | 06
#1332-d254 @A: 27 28 30 25 | 08
#1333-d254 @A: 28 04 06 02 | 11
#1334-d254 @A: 28 34 22 04 | 04
#1335-d254 @A: 14 28 22 30 | 03
#1336-d254 @A: 30 21 28 26 | 10
#1337-d254 @A: 30 28 34 16 | 01
#1338-d254 @A: 34 17 05 28 | 02
#1339-d254 @A: 12 28 06 31 | 12
#1340-d254 @A: 28 12 22 07 | 07
#1341-d254 @A: 08 03 12 28 | 05
#1342-d254 @A: 28 27 21 14 | 09
#1343-d254 @A: 28 07 02 14 | 06
#1344-d254 @A: 28 24 07 23 | 08
#1345-d254 @A: 19 02 28 13 | 11
#1346-d254 @A: 28 14 16 12 | 04
#1347-d254 @A: 31 34 25 30 | 03
#1348-d254 @A: 25 30 29 16 | 10
#1349-d254 @A: 09 25 31 05 | 01
#1350-d254 @A: 06 26 25 16 | 02
#1351-d254 @A: 31 16 22 25 | 12
#1352-d254 @A: 11 24 21 25 | 07
#1353-d254 @A: 25 15 14 32 | 05
#1354-d254 @A: 29 34 25 02 | 09
#1355-d254 @A: 25 27 19 16 | 06
#1356-d254 @A: 14 25 13 09 | 08
#1357-d254 @A: 12 34 19 25 | 11
#1358-d254 @A: 27 04 30 06 | 04
#1359-d254 @A: 04 34 30 11 | 03
#1360-d254 @A: 18 24 04 30 | 10
#1361-d254 @A: 07 22 08 04 | 01
#1362-d254 @A: 24 04 08 16 | 02
#1363-d254 @A: 11 18 21 04 | 12
#1364-d254 @A: 13 26 04 34 | 07
#1365-d254 @A: 04 16 13 09 | 05
#1366-d254 @A: 34 14 15 04 | 09
#1367-d254 @A: 15 04 12 19 | 06
#1368-d254 @A: 06 30 08 05 | 08
#1369-d254 @A: 24 31 27 30 | 11
#1370-d254 @A: 23 30 29 08 | 04
#1371-d254 @A: 27 18 13 30 | 03
#1372-d254 @A: 29 13 26 30 | 10
#1373-d254 @A: 34 27 30 29 | 01
#1374-d254 @A: 03 05 22 32 | 02
#1375-d254 @A: 22 12 17 05 | 12
#1376-d254 @A: 05 02 31 17 | 07
#1377-d254 @A: 26 16 07 05 | 05
#1378-d254 @A: 23 27 29 05 | 09
#1379-d254 @A: 16 05 13 23 | 06
#1380-d254 @A: 13 24 23 05 | 08
#1381-d254 @A: 06 11 31 09 | 11
#1382-d254 @A: 13 03 06 31 | 04
#1383-d254 @A: 31 18 17 06 | 03
#1384-d254 @A: 21 08 06 18 | 10
#1385-d254 @A: 11 27 21 06 | 01
#1386-d254 @A: 26 18 29 06 | 02
#1387-d254 @A: 16 34 06 07 | 12
#1388-d254 @A: 19 27 26 06 | 07
#1389-d254 @A: 06 24 29 27 | 05
#1390-d254 @A: 17 26 31 22 | 09
#1391-d254 @A: 22 19 09 31 | 06
#1392-d254 @A: 22 27 17 08 | 08
#1393-d254 @A: 22 34 21 13 | 11
#1394-d254 @A: 09 18 32 22 | 04
#1395-d254 @A: 24 22 32 29 | 03
#1396-d254 @A: 26 15 23 22 | 10
#1397-d254 @A: 08 17 31 34 | 01
#1398-d254 @A: 31 08 21 14 | 02
#1399-d254 @A: 31 03 23 11 | 12
#1400-d254 @A: 02 14 31 18 | 07
#1401-d254 @A: 34 27 31 02 | 05
#1402-d254 @A: 31 27 14 16 | 09
#1403-d254 @A: 08 17 21 11 | 06
#1404-d254 @A: 26 23 08 09 | 08
#1405-d254 @A: 12 27 08 14 | 11
#1406-d254 @A: 11 17 07 03 | 04
#1407-d254 @A: 11 09 15 32 | 03
#1408-d254 @A: 11 16 12 07 | 10
#1409-d254 @A: 14 26 11 27 | 01
#1410-d254 @A: 26 09 11 19 | 02
#1411-d254 @A: 13 19 11 14 | 12
#1412-d254 @A: 03 34 18 27 | 07
#1413-d254 @A: 15 03 26 24 | 05
#1414-d254 @A: 16 03 27 02 | 09
#1415-d254 @A: 12 15 03 27 | 06
#1416-d254 @A: 15 23 03 16 | 08
#1417-d254 @A: 17 32 02 07 | 11
#1418-d254 @A: 32 26 17 34 | 04
#1419-d254 @A: 12 19 17 32 | 03
#1420-d254 @A: 17 27 26 02 | 10
#1421-d254 @A: 13 12 26 17 | 01
#1422-d254 @A: 17 26 16 23 | 02
#1423-d254 @A: 16 29 17 24 | 12
#1424-d254 @A: 17 34 12 15 | 07
#1425-d254 @A: 32 14 19 21 | 05
#1426-d254 @A: 21 13 16 19 | 09
#1427-d254 @A: 24 09 32 12 | 06
#1428-d254 @A: 24 09 29 02 | 08
#1429-d254 @A: 16 20 10 33 | 11
#1430-d254 @A: 29 20 08 10 | 04
#1431-d254 @A: 20 13 10 11 | 03
#1432-d254 @A: 20 32 24 10 | 10
#1433-d254 @A: 35 32 20 01 | 01
#1434-d254 @A: 20 29 28 01 | 02
#1435-d254 @A: 31 24 33 20 | 12
#1436-d254 @A: 07 17 20 33 | 07
#1437-d254 @A: 30 25 09 20 | 05
#1438-d254 @A: 20 11 06 05 | 09
#1439-d254 @A: 29 21 20 06 | 06
#1440-d254 @A: 20 31 14 11 | 08
#1441-d254 @A: 23 11 20 08 | 11
#1442-d254 @A: 02 20 17 03 | 04
#1443-d254 @A: 03 24 20 13 | 03
#1444-d254 @A: 18 17 23 20 | 10
#1445-d254 @A: 07 20 27 29 | 01
#1446-d254 @A: 07 23 20 16 | 02
#1447-d254 @A: 10 01 35 18 | 12
#1448-d254 @A: 26 04 10 35 | 07
#1449-d254 @A: 10 27 08 35 | 05
#1450-d254 @A: 10 13 01 08 | 09
#1451-d254 @A: 01 12 17 10 | 06
#1452-d254 @A: 10 33 05 09 | 08
#1453-d254 @A: 31 33 10 23 | 11
#1454-d254 @A: 16 10 17 28 | 04
#1455-d254 @A: 28 10 29 02 | 03
#1456-d254 @A: 10 06 25 03 | 10
#1457-d254 @A: 21 02 25 10 | 01
#1458-d254 @A: 30 09 10 24 | 02
#1459-d254 @A: 34 19 10 30 | 12
#1460-d254 @A: 08 03 10 05 | 07
#1461-d254 @A: 06 23 10 08 | 05
#1462-d254 @A: 10 11 06 18 | 09
#1463-d254 @A: 11 10 26 31 | 06
#1464-d254 @A: 17 31 19 10 | 08
#1465-d254 @A: 11 03 27 10 | 11
#1466-d254 @A: 27 10 16 07 | 04
#1467-d254 @A: 02 01 35 04 | 03
#1468-d254 @A: 14 01 35 22 | 10
#1469-d254 @A: 07 33 11 35 | 01
#1470-d254 @A: 03 35 33 16 | 02
#1471-d254 @A: 29 28 34 35 | 12
#1472-d254 @A: 30 35 25 32 | 07
#1473-d254 @A: 29 25 35 21 | 05
#1474-d254 @A: 35 14 11 30 | 09
#1475-d254 @A: 35 22 06 09 | 06
#1476-d254 @A: 15 03 14 35 | 08
#1477-d254 @A: 02 24 35 23 | 11
#1478-d254 @A: 12 34 35 14 | 04
#1479-d254 @A: 19 34 13 35 | 03
#1480-d254 @A: 33 16 13 01 | 10
#1481-d254 @A: 29 01 25 08 | 01
#1482-d254 @A: 06 01 29 04 | 02
#1483-d254 @A: 29 30 11 01 | 12
#1484-d254 @A: 01 12 30 24 | 07
#1485-d254 @A: 09 01 06 05 | 05
#1486-d254 @A: 01 29 05 17 | 09
#1487-d254 @A: 22 01 02 06 | 06
#1488-d254 @A: 06 34 01 11 | 08
#1489-d254 @A: 22 17 09 01 | 11
#1490-d254 @A: 11 03 13 01 | 04
#1491-d254 @A: 01 29 34 18 | 03
#1492-d254 @A: 33 30 08 25 | 10
#1493-d254 @A: 22 04 33 32 | 01
#1494-d254 @A: 05 02 33 30 | 02
#1495-d254 @A: 33 31 27 21 | 12
#1496-d254 @A: 08 11 33 29 | 07
#1497-d254 @A: 17 08 33 18 | 05
#1498-d254 @A: 33 14 07 03 | 09
#1499-d254 @A: 19 33 18 14 | 06
#1500-d254 @A: 09 12 33 27 | 08
#1501-d254 @A: 13 09 33 19 | 11
#1502-d254 @A: 27 28 08 04 | 04
#1503-d254 @A: 28 05 22 09 | 03
#1504-d254 @A: 22 02 28 21 | 10
#1505-d254 @A: 02 24 28 11 | 01
#1506-d254 @A: 28 27 23 03 | 02
#1507-d254 @A: 28 07 18 09 | 12
#1508-d254 @A: 28 18 13 14 | 07
#1509-d254 @A: 27 34 28 13 | 05
#1510-d254 @A: 02 28 23 16 | 09
#1511-d254 @A: 13 06 25 11 | 06
#1512-d254 @A: 08 02 25 17 | 08
#1513-d254 @A: 12 23 11 25 | 11
#1514-d254 @A: 15 02 25 24 | 04
#1515-d254 @A: 13 23 34 25 | 03
#1516-d254 @A: 34 05 16 04 | 10
#1517-d254 @A: 08 23 03 04 | 01
#1518-d254 @A: 04 15 07 32 | 02
#1519-d254 @A: 06 02 17 30 | 12
#1520-d254 @A: 29 06 30 07 | 07
#1521-d254 @A: 12 31 22 30 | 05
#1522-d254 @A: 03 08 30 16 | 09
#1523-d254 @A: 26 30 34 08 | 06
#1524-d254 @A: 07 15 30 18 | 08
#1525-d254 @A: 27 32 30 19 | 11
#1526-d254 @A: 07 27 30 02 | 04
#1527-d254 @A: 29 24 26 30 | 03
#1528-d254 @A: 29 12 14 30 | 10
#1529-d254 @A: 23 30 34 14 | 01
#1530-d254 @A: 19 13 30 15 | 02
#1531-d254 @A: 06 24 05 17 | 12
#1532-d254 @A: 08 22 05 29 | 07
#1533-d254 @A: 08 23 05 32 | 05
#1534-d254 @A: 34 13 05 07 | 09
#1535-d254 @A: 06 19 07 13 | 06
#1536-d254 @A: 06 09 16 15 | 08
#1537-d254 @A: 06 14 12 24 | 11
#1538-d254 @A: 22 17 18 11 | 04
#1539-d254 @A: 31 32 11 24 | 03
#1540-d254 @A: 15 18 31 29 | 10
#1541-d254 @A: 24 31 07 14 | 01
#1542-d254 @A: 09 11 08 13 | 02
#1543-d254 @A: 32 08 24 27 | 12
#1544-d254 @A: 13 08 32 15 | 07
#1545-d254 @A: 08 14 07 13 | 05
#1546-d254 @A: 13 16 34 08 | 09
#1547-d254 @A: 21 11 03 09 | 06
#1548-d254 @A: 15 26 21 11 | 08
#1549-d254 @A: 29 19 24 11 | 11
#1550-d254 @A: 15 29 11 12 | 04
#1551-d254 @A: 24 34 11 27 | 03
#1552-d254 @A: 32 07 03 34 | 10
#1553-d254 @A: 32 29 03 12 | 01
#1554-d254 @A: 29 34 03 15 | 02
#1555-d254 @A: 34 19 03 02 | 12
#1556-d254 @A: 18 12 17 27 | 07
#1557-d254 @A: 02 24 19 27 | 05
#1558-d254 @A: 20 25 10 32 | 09
#1559-d254 @A: 18 20 10 03 | 06
#1560-d254 @A: 07 20 10 34 | 08
#1561-d254 @A: 01 31 16 20 | 11
#1562-d254 @A: 20 08 18 01 | 04
#1563-d254 @A: 20 11 02 01 | 03
#1564-d254 @A: 21 27 01 20 | 10
#1565-d254 @A: 20 32 06 33 | 01
#1566-d254 @A: 31 20 28 02 | 02
#1567-d254 @A: 20 25 24 22 | 12
#1568-d254 @A: 08 04 20 32 | 07
#1569-d254 @A: 04 11 20 12 | 05
#1570-d254 @A: 05 07 31 20 | 09
#1571-d254 @A: 17 05 20 16 | 06
#1572-d254 @A: 20 15 31 21 | 08
#1573-d254 @A: 20 17 08 13 | 11
#1574-d254 @A: 11 19 27 20 | 04
#1575-d254 @A: 20 18 02 19 | 03
#1576-d254 @A: 26 20 29 34 | 10
#1577-d254 @A: 26 23 20 12 | 01
#1578-d254 @A: 23 20 29 13 | 02
#1579-d254 @A: 23 27 34 20 | 12
#1580-d254 @A: 01 30 26 10 | 07
#1581-d254 @A: 01 07 06 10 | 05
#1582-d254 @A: 10 07 33 08 | 09
#1583-d254 @A: 11 28 05 10 | 06
#1584-d254 @A: 10 29 14 25 | 08
#1585-d254 @A: 11 34 10 22 | 11
#1586-d254 @A: 02 34 08 10 | 04
#1587-d254 @A: 29 11 21 10 | 03
#1588-d254 @A: 16 10 18 29 | 10
#1589-d254 @A: 32 29 19 10 | 01
#1590-d254 @A: 27 29 15 10 | 02
#1591-d254 @A: 34 10 29 24 | 12
#1592-d254 @A: 01 12 31 35 | 07
#1593-d254 @A: 26 35 07 01 | 05
#1594-d254 @A: 28 25 35 07 | 09
#1595-d254 @A: 31 09 35 21 | 06
#1596-d254 @A: 12 35 11 27 | 08
#1597-d254 @A: 03 12 24 35 | 11
#1598-d254 @A: 26 35 32 14 | 04
#1599-d254 @A: 16 27 35 32 | 03
#1600-d254 @A: 07 35 12 29 | 10
#1601-d254 @A: 26 34 09 35 | 01
#1602-d254 @A: 02 19 35 29 | 02
#1603-d254 @A: 14 13 16 35 | 12
#1604-d254 @A: 01 15 25 22 | 07
#1605-d254 @A: 01 25 03 32 | 05
#1606-d254 @A: 01 26 04 31 | 09
#1607-d254 @A: 27 18 04 01 | 06
#1608-d254 @A: 12 01 05 34 | 08
#1609-d254 @A: 06 03 01 26 | 11
#1610-d254 @A: 34 08 22 01 | 04
#1611-d254 @A: 01 07 18 13 | 03
#1612-d254 @A: 16 32 34 01 | 10
#1613-d254 @A: 23 19 01 14 | 01
#1614-d254 @A: 28 22 33 11 | 02
#1615-d254 @A: 26 25 31 33 | 12
#1616-d254 @A: 25 16 17 33 | 07
#1617-d254 @A: 16 30 24 33 | 05
#1618-d254 @A: 02 31 22 33 | 09
#1619-d254 @A: 12 31 33 08 | 06
#1620-d254 @A: 09 03 17 33 | 08
#1621-d254 @A: 03 18 33 24 | 11
#1622-d254 @A: 29 23 33 18 | 04
#1623-d254 @A: 16 26 27 33 | 03
#1624-d254 @A: 19 25 08 28 | 10
#1625-d254 @A: 28 30 15 24 | 01
#1626-d254 @A: 08 23 22 28 | 02
#1627-d254 @A: 13 28 17 11 | 12
#1628-d254 @A: 32 18 28 27 | 07
#1629-d254 @A: 07 26 23 28 | 05
#1630-d254 @A: 07 34 15 28 | 09
#1631-d254 @A: 09 28 02 15 | 06
#1632-d254 @A: 28 16 09 19 | 08
#1633-d254 @A: 05 25 04 15 | 11
#1634-d254 @A: 30 12 15 25 | 04
#1635-d254 @A: 22 25 32 21 | 03
#1636-d254 @A: 13 18 32 25 | 10
#1637-d254 @A: 15 18 25 19 | 01
#1638-d254 @A: 14 26 25 12 | 02
#1639-d254 @A: 31 05 04 08 | 12
#1640-d254 @A: 04 02 11 05 | 07
#1641-d254 @A: 29 03 04 05 | 05
#1642-d254 @A: 06 22 26 04 | 09
#1643-d254 @A: 07 04 03 09 | 06
#1644-d254 @A: 04 24 21 16 | 08
#1645-d254 @A: 29 19 04 07 | 11
#1646-d254 @A: 09 15 04 27 | 04
#1647-d254 @A: 34 19 04 23 | 03
#1648-d254 @A: 06 13 30 24 | 10
#1649-d254 @A: 30 22 29 21 | 01
#1650-d254 @A: 07 30 22 23 | 02
#1651-d254 @A: 31 02 30 08 | 12
#1652-d254 @A: 30 27 03 21 | 07
#1653-d254 @A: 21 24 30 19 | 05
#1654-d254 @A: 32 16 30 02 | 09
#1655-d254 @A: 11 26 22 05 | 06
#1656-d254 @A: 31 03 05 18 | 08
#1657-d254 @A: 05 15 03 21 | 11
#1658-d254 @A: 24 02 03 05 | 04
#1659-d254 @A: 16 15 05 29 | 03
#1660-d254 @A: 05 19 14 27 | 10
#1661-d254 @A: 16 12 05 19 | 01
#1662-d254 @A: 19 05 12 24 | 02
#1663-d254 @A: 09 03 08 06 | 12
#1664-d254 @A: 08 06 24 02 | 07
#1665-d254 @A: 06 18 23 27 | 05
#1666-d254 @A: 23 06 14 07 | 09
#1667-d254 @A: 34 06 02 12 | 06
#1668-d254 @A: 22 11 21 07 | 08
#1669-d254 @A: 03 02 07 22 | 11
#1670-d254 @A: 27 16 22 34 | 04
#1671-d254 @A: 09 14 02 22 | 03
#1672-d254 @A: 13 22 12 16 | 10
#1673-d254 @A: 31 19 16 32 | 01
#1674-d254 @A: 31 19 29 26 | 02
#1675-d254 @A: 18 32 29 08 | 12
#1676-d254 @A: 29 19 08 15 | 07
#1677-d254 @A: 16 08 23 27 | 05
#1678-d254 @A: 15 11 02 17 | 09
#1679-d254 @A: 11 32 19 23 | 06
#1680-d254 @A: 11 24 32 23 | 08
#1681-d254 @A: 11 24 16 26 | 11
#1682-d254 @A: 07 03 27 26 | 04
#1683-d254 @A: 29 27 19 03 | 03
#1684-d254 @A: 17 14 21 18 | 10
#1685-d254 @A: 09 17 19 15 | 01
#1686-d254 @A: 15 21 18 12 | 02
#1687-d254 @A: 24 21 14 32 | 12
#1688-d254 @A: 34 26 24 07 | 07
#1689-d254 @A: 26 12 34 24 | 05
