#0001-d229 @A: 20 14 33 01 | 10
#0002-d229 @A: 23 33 13 01 | 06
#0003-d229 @A: 16 01 30 33 | 05
#0004-d229 @A: 01 11 02 10 | 02
#0005-d229 @A: 09 27 02 01 | 11
#0006-d229 @A: 26 11 01 24 | 08
#0007-d229 @A: 28 15 01 17 | 07
#0008-d229 @A: 29 21 10 01 | 12
#0009-d229 @A: 01 10 09 32 | 04
#0010-d229 @A: 11 01 04 03 | 03
#0011-d229 @A: 26 05 01 09 | 09
#0012-d229 @A: 01 27 30 05 | 01
#0013-d229 @A: 01 14 28 08 | 10
#0014-d229 @A: 04 08 18 01 | 06
#0015-d229 @A: 35 29 18 01 | 05
#0016-d229 @A: 12 30 04 01 | 02
#0017-d229 @A: 30 29 01 26 | 11
#0018-d229 @A: 32 35 01 08 | 08
#0019-d229 @A: 34 01 22 31 | 07
#0020-d229 @A: 25 32 01 34 | 12
#0021-d229 @A: 33 15 07 13 | 04
#0022-d229 @A: 06 32 07 33 | 03
#0023-d229 @A: 32 24 10 33 | 09
#0024-d229 @A: 10 29 15 33 | 01
#0025-d229 @A: 33 18 15 05 | 10
#0026-d229 @A: 26 18 33 10 | 06
#0027-d229 @A: 08 03 11 33 | 05
#0028-d229 @A: 05 26 33 03 | 02
#0029-d229 @A: 33 20 16 13 | 11
#0030-d229 @A: 27 23 34 33 | 08
#0031-d229 @A: 07 27 15 02 | 07
#0032-d229 @A: 12 07 02 11 | 12
#0033-d229 @A: 24 25 20 02 | 04
#0034-d229 @A: 02 14 15 25 | 03
#0035-d229 @A: 02 29 09 10 | 09
#0036-d229 @A: 28 02 08 10 | 01
#0037-d229 @A: 10 19 02 06 | 10
#0038-d229 @A: 02 09 35 05 | 06
#0039-d229 @A: 02 30 04 23 | 05
#0040-d229 @A: 02 06 04 28 | 02
#0041-d229 @A: 02 23 34 03 | 11
#0042-d229 @A: 31 02 25 34 | 08
#0043-d229 @A: 32 15 07 24 | 07
#0044-d229 @A: 27 07 24 21 | 12
#0045-d229 @A: 29 09 15 07 | 04
#0046-d229 @A: 17 07 14 10 | 03
#0047-d229 @A: 20 10 07 26 | 09
#0048-d229 @A: 19 11 17 07 | 01
#0049-d229 @A: 23 07 21 19 | 10
#0050-d229 @A: 07 34 31 05 | 06
#0051-d229 @A: 03 05 07 23 | 05
#0052-d229 @A: 07 09 14 23 | 02
#0053-d229 @A: 22 26 04 07 | 11
#0054-d229 @A: 19 03 31 07 | 08
#0055-d229 @A: 07 35 12 23 | 07
#0056-d229 @A: 07 31 35 27 | 12
#0057-d229 @A: 18 15 24 20 | 04
#0058-d229 @A: 28 15 24 31 | 03
#0059-d229 @A: 14 24 29 21 | 09
#0060-d229 @A: 09 27 24 14 | 01
#0061-d229 @A: 04 32 24 14 | 10
#0062-d229 @A: 24 14 28 35 | 06
#0063-d229 @A: 24 32 35 20 | 05
#0064-d229 @A: 24 12 30 28 | 02
#0065-d229 @A: 12 06 04 24 | 11
#0066-d229 @A: 08 28 24 23 | 08
#0067-d229 @A: 25 12 24 16 | 07
#0068-d229 @A: 27 23 22 24 | 12
#0069-d229 @A: 25 24 27 29 | 04
#0070-d229 @A: 10 15 34 13 | 03
#0071-d229 @A: 03 10 15 18 | 09
#0072-d229 @A: 30 15 21 14 | 01
#0073-d229 @A: 29 15 21 18 | 10
#0074-d229 @A: 15 29 14 28 | 06
#0075-d229 @A: 15 20 09 17 | 05
#0076-d229 @A: 32 30 15 17 | 02
#0077-d229 @A: 16 06 34 15 | 11
#0078-d229 @A: 35 27 15 32 | 08
#0079-d229 @A: 26 34 15 22 | 07
#0080-d229 @A: 25 15 27 12 | 12
#0081-d229 @A: 10 31 18 11 | 04
#0082-d229 @A: 10 11 06 03 | 03
#0083-d229 @A: 10 05 27 20 | 09
#0084-d229 @A: 10 18 05 08 | 01
#0085-d229 @A: 17 05 10 04 | 10
#0086-d229 @A: 04 20 10 03 | 06
#0087-d229 @A: 09 13 16 10 | 05
#0088-d229 @A: 27 10 04 18 | 02
#0089-d229 @A: 10 17 16 29 | 11
#0090-d229 @A: 29 10 22 26 | 08
#0091-d229 @A: 32 17 10 34 | 07
#0092-d229 @A: 10 25 12 31 | 12
#0093-d229 @A: 10 06 23 31 | 04
#0094-d229 @A: 05 11 34 21 | 03
#0095-d229 @A: 14 11 19 28 | 09
#0096-d229 @A: 19 13 34 11 | 01
#0097-d229 @A: 09 17 30 11 | 10
#0098-d229 @A: 28 12 26 11 | 06
#0099-d229 @A: 31 12 35 11 | 05
#0100-d229 @A: 35 18 21 05 | 02
#0101-d229 @A: 14 12 04 21 | 11
#0102-d229 @A: 35 21 08 14 | 08
#0103-d229 @A: 20 19 09 21 | 07
#0104-d229 @A: 20 04 21 31 | 12
#0105-d229 @A: 21 25 13 18 | 04
#0106-d229 @A: 08 21 30 13 | 03
#0107-d229 @A: 21 09 30 31 | 09
#0108-d229 @A: 29 21 30 12 | 01
#0109-d229 @A: 32 19 21 27 | 10
#0110-d229 @A: 21 12 27 34 | 06
#0111-d229 @A: 25 21 26 27 | 05
#0112-d229 @A: 06 18 05 20 | 02
#0113-d229 @A: 05 19 22 13 | 11
#0114-d229 @A: 05 09 25 16 | 08
#0115-d229 @A: 18 05 17 29 | 07
#0116-d229 @A: 12 16 05 31 | 12
#0117-d229 @A: 34 26 05 25 | 04
#0118-d229 @A: 23 06 05 27 | 03
#0119-d229 @A: 20 14 19 13 | 09
#0120-d229 @A: 34 14 30 23 | 01
#0121-d229 @A: 04 25 14 03 | 10
#0122-d229 @A: 17 14 19 22 | 06
#0123-d229 @A: 32 22 27 14 | 05
#0124-d229 @A: 30 20 32 13 | 02
#0125-d229 @A: 06 27 20 13 | 11
#0126-d229 @A: 20 22 09 16 | 08
#0127-d229 @A: 35 20 27 03 | 07
#0128-d229 @A: 22 20 32 23 | 12
#0129-d229 @A: 09 13 35 30 | 04
#0130-d229 @A: 13 03 12 32 | 03
#0131-d229 @A: 13 27 12 26 | 09
#0132-d229 @A: 03 31 13 17 | 01
#0133-d229 @A: 18 28 09 04 | 10
#0134-d229 @A: 12 25 09 30 | 06
#0135-d229 @A: 09 22 31 08 | 05
#0136-d229 @A: 03 17 23 09 | 02
#0137-d229 @A: 23 16 18 06 | 11
#0138-d229 @A: 19 18 08 12 | 08
#0139-d229 @A: 29 27 18 22 | 07
#0140-d229 @A: 27 25 30 16 | 12
#0141-d229 @A: 32 22 30 35 | 04
#0142-d229 @A: 22 30 34 03 | 03
#0143-d229 @A: 30 34 29 32 | 09
#0144-d229 @A: 30 31 32 12 | 01
#0145-d229 @A: 04 17 32 28 | 10
#0146-d229 @A: 35 03 12 28 | 06
#0147-d229 @A: 28 22 29 23 | 05
#0148-d229 @A: 17 28 29 31 | 02
#0149-d229 @A: 31 28 34 12 | 11
#0150-d229 @A: 06 23 29 19 | 08
#0151-d229 @A: 34 06 12 22 | 07
#0152-d229 @A: 31 24 01 33 | 12
#0153-d229 @A: 11 33 12 01 | 04
#0154-d229 @A: 08 09 01 33 | 03
#0155-d229 @A: 19 06 33 01 | 09
#0156-d229 @A: 22 32 33 01 | 01
#0157-d229 @A: 08 02 05 01 | 10
#0158-d229 @A: 01 07 26 21 | 06
#0159-d229 @A: 05 07 17 01 | 05
#0160-d229 @A: 10 03 05 01 | 02
#0161-d229 @A: 01 04 21 28 | 11
#0162-d229 @A: 17 14 30 01 | 08
#0163-d229 @A: 18 27 01 32 | 07
#0164-d229 @A: 12 01 03 19 | 12
#0165-d229 @A: 33 15 34 02 | 04
#0166-d229 @A: 33 02 27 06 | 03
#0167-d229 @A: 10 06 33 16 | 09
#0168-d229 @A: 23 11 33 05 | 01
#0169-d229 @A: 30 09 05 33 | 10
#0170-d229 @A: 23 14 33 32 | 06
#0171-d229 @A: 29 13 30 33 | 05
#0172-d229 @A: 33 06 34 30 | 02
#0173-d229 @A: 16 33 25 29 | 11
#0174-d229 @A: 24 03 10 02 | 08
#0175-d229 @A: 28 02 24 22 | 07
#0176-d229 @A: 10 26 02 17 | 12
#0177-d229 @A: 11 26 02 21 | 04
#0178-d229 @A: 14 02 21 16 | 03
#0179-d229 @A: 28 02 21 17 | 09
#0180-d229 @A: 05 02 16 04 | 01
#0181-d229 @A: 19 05 26 02 | 10
#0182-d229 @A: 02 26 09 20 | 06
#0183-d229 @A: 19 18 20 02 | 05
#0184-d229 @A: 20 17 02 08 | 02
#0185-d229 @A: 03 25 02 27 | 11
#0186-d229 @A: 05 07 11 24 | 08
#0187-d229 @A: 30 07 24 17 | 07
#0188-d229 @A: 15 22 07 10 | 12
#0189-d229 @A: 09 07 10 08 | 04
#0190-d229 @A: 18 10 29 07 | 03
#0191-d229 @A: 09 31 07 11 | 09
#0192-d229 @A: 21 07 14 13 | 01
#0193-d229 @A: 21 07 08 18 | 10
#0194-d229 @A: 07 03 18 14 | 06
#0195-d229 @A: 07 32 09 30 | 05
#0196-d229 @A: 18 19 07 28 | 02
#0197-d229 @A: 31 07 04 30 | 11
#0198-d229 @A: 07 28 35 06 | 08
#0199-d229 @A: 19 16 26 07 | 07
#0200-d229 @A: 25 32 23 07 | 12
#0201-d229 @A: 31 12 07 26 | 04
#0202-d229 @A: 24 10 15 17 | 03
#0203-d229 @A: 06 20 15 24 | 09
#0204-d229 @A: 10 23 24 14 | 01
#0205-d229 @A: 24 19 20 11 | 10
#0206-d229 @A: 22 06 11 24 | 06
#0207-d229 @A: 03 13 24 35 | 05
#0208-d229 @A: 04 09 24 16 | 02
#0209-d229 @A: 24 17 18 28 | 11
#0210-d229 @A: 23 24 29 32 | 08
#0211-d229 @A: 32 11 15 09 | 07
#0212-d229 @A: 21 09 15 25 | 12
#0213-d229 @A: 05 08 15 14 | 04
#0214-d229 @A: 15 17 13 05 | 03
#0215-d229 @A: 05 16 15 22 | 09
#0216-d229 @A: 19 05 06 15 | 01
#0217-d229 @A: 15 14 17 04 | 10
#0218-d229 @A: 15 26 16 14 | 06
#0219-d229 @A: 15 35 04 13 | 05
#0220-d229 @A: 15 18 12 30 | 02
#0221-d229 @A: 08 15 35 30 | 11
#0222-d229 @A: 15 23 16 27 | 08
#0223-d229 @A: 15 03 29 19 | 07
#0224-d229 @A: 15 29 17 34 | 12
#0225-d229 @A: 09 11 10 03 | 04
#0226-d229 @A: 12 30 10 11 | 03
#0227-d229 @A: 26 21 10 23 | 09
#0228-d229 @A: 10 22 28 05 | 01
#0229-d229 @A: 22 09 25 10 | 10
#0230-d229 @A: 08 10 25 30 | 06
#0231-d229 @A: 31 10 30 34 | 05
#0232-d229 @A: 27 04 10 06 | 02
#0233-d229 @A: 10 22 32 16 | 11
#0234-d229 @A: 32 10 19 03 | 08
#0235-d229 @A: 11 34 09 22 | 07
#0236-d229 @A: 18 27 30 11 | 12
#0237-d229 @A: 11 30 25 28 | 04
#0238-d229 @A: 16 11 12 19 | 03
#0239-d229 @A: 22 08 11 12 | 09
#0240-d229 @A: 29 23 17 11 | 01
#0241-d229 @A: 34 12 25 11 | 10
#0242-d229 @A: 28 25 34 21 | 06
#0243-d229 @A: 35 26 21 16 | 05
#0244-d229 @A: 06 34 17 21 | 02
#0245-d229 @A: 16 14 05 23 | 11
#0246-d229 @A: 34 18 05 04 | 08
#0247-d229 @A: 05 32 08 17 | 07
#0248-d229 @A: 23 05 31 27 | 12
#0249-d229 @A: 25 05 06 17 | 04
#0250-d229 @A: 14 09 20 31 | 03
#0251-d229 @A: 20 14 26 18 | 09
#0252-d229 @A: 25 13 14 30 | 01
#0253-d229 @A: 30 31 14 28 | 10
#0254-d229 @A: 06 14 27 19 | 06
#0255-d229 @A: 35 31 14 03 | 05
#0256-d229 @A: 06 14 34 23 | 02
#0257-d229 @A: 31 14 23 17 | 11
#0258-d229 @A: 20 13 29 27 | 08
#0259-d229 @A: 28 09 20 27 | 07
#0260-d229 @A: 08 12 16 20 | 12
#0261-d229 @A: 20 03 17 29 | 04
#0262-d229 @A: 17 18 30 13 | 03
#0263-d229 @A: 27 32 13 16 | 09
#0264-d229 @A: 12 34 16 13 | 01
#0265-d229 @A: 13 06 25 31 | 10
#0266-d229 @A: 09 12 35 29 | 06
#0267-d229 @A: 26 35 09 23 | 05
#0268-d229 @A: 26 27 09 08 | 02
#0269-d229 @A: 23 09 32 06 | 11
#0270-d229 @A: 34 06 09 26 | 08
#0271-d229 @A: 16 22 19 18 | 07
#0272-d229 @A: 12 35 25 18 | 12
#0273-d229 @A: 22 03 23 18 | 04
#0274-d229 @A: 08 18 23 26 | 03
#0275-d229 @A: 18 12 34 03 | 09
#0276-d229 @A: 17 04 03 30 | 01
#0277-d229 @A: 30 29 25 03 | 10
#0278-d229 @A: 27 30 03 06 | 06
#0279-d229 @A: 23 03 30 31 | 05
#0280-d229 @A: 34 04 16 28 | 02
#0281-d229 @A: 19 25 04 28 | 11
#0282-d229 @A: 31 19 34 04 | 08
#0283-d229 @A: 04 34 26 08 | 07
#0284-d229 @A: 28 03 27 22 | 12
#0285-d229 @A: 33 17 02 01 | 04
#0286-d229 @A: 34 02 24 01 | 03
#0287-d229 @A: 01 24 03 07 | 09
#0288-d229 @A: 01 12 07 18 | 01
#0289-d229 @A: 07 04 27 01 | 10
#0290-d229 @A: 17 24 01 21 | 06
#0291-d229 @A: 01 24 19 14 | 05
#0292-d229 @A: 27 01 20 24 | 02
#0293-d229 @A: 01 15 13 12 | 11
#0294-d229 @A: 28 31 01 10 | 08
#0295-d229 @A: 08 13 11 01 | 07
#0296-d229 @A: 01 22 28 11 | 12
#0297-d229 @A: 21 19 13 01 | 04
#0298-d229 @A: 30 01 22 13 | 03
#0299-d229 @A: 12 01 16 27 | 09
#0300-d229 @A: 03 01 25 16 | 01
#0301-d229 @A: 17 19 34 01 | 10
#0302-d229 @A: 25 01 26 23 | 06
#0303-d229 @A: 13 02 08 33 | 05
#0304-d229 @A: 25 33 02 30 | 02
#0305-d229 @A: 33 07 31 18 | 11
#0306-d229 @A: 20 22 33 24 | 08
#0307-d229 @A: 24 35 09 33 | 07
#0308-d229 @A: 08 12 15 33 | 12
#0309-d229 @A: 33 14 11 26 | 04
#0310-d229 @A: 11 34 20 33 | 03
#0311-d229 @A: 21 33 06 29 | 09
#0312-d229 @A: 31 21 33 17 | 01
#0313-d229 @A: 33 28 09 22 | 10
#0314-d229 @A: 18 33 04 17 | 06
#0315-d229 @A: 35 33 30 26 | 05
#0316-d229 @A: 30 12 33 22 | 02
#0317-d229 @A: 31 33 08 16 | 11
#0318-d229 @A: 33 16 32 12 | 08
#0319-d229 @A: 33 31 35 32 | 07
#0320-d229 @A: 08 33 29 22 | 12
#0321-d229 @A: 33 26 08 32 | 04
#0322-d229 @A: 35 24 02 18 | 03
#0323-d229 @A: 24 16 26 02 | 09
#0324-d229 @A: 13 02 20 15 | 01
#0325-d229 @A: 15 19 09 02 | 10
#0326-d229 @A: 30 15 29 02 | 06
#0327-d229 @A: 05 02 10 34 | 05
#0328-d229 @A: 30 02 10 16 | 02
#0329-d229 @A: 29 05 21 02 | 11
#0330-d229 @A: 02 12 30 13 | 08
#0331-d229 @A: 16 03 13 02 | 07
#0332-d229 @A: 04 18 22 02 | 12
#0333-d229 @A: 26 34 02 30 | 04
#0334-d229 @A: 25 02 32 06 | 03
#0335-d229 @A: 02 12 06 17 | 09
#0336-d229 @A: 30 03 15 07 | 01
#0337-d229 @A: 30 10 07 06 | 10
#0338-d229 @A: 20 11 27 07 | 06
#0339-d229 @A: 07 21 34 09 | 05
#0340-d229 @A: 29 07 21 31 | 02
#0341-d229 @A: 14 29 07 05 | 11
#0342-d229 @A: 07 14 04 19 | 08
#0343-d229 @A: 16 18 07 27 | 07
#0344-d229 @A: 29 19 08 07 | 12
#0345-d229 @A: 07 17 34 27 | 04
#0346-d229 @A: 15 24 13 27 | 03
#0347-d229 @A: 04 24 15 19 | 09
#0348-d229 @A: 10 16 28 24 | 01
#0349-d229 @A: 24 05 20 03 | 10
#0350-d229 @A: 05 24 04 28 | 06
#0351-d229 @A: 29 09 24 34 | 05
#0352-d229 @A: 24 03 04 18 | 02
#0353-d229 @A: 25 32 18 24 | 11
#0354-d229 @A: 35 24 30 34 | 08
#0355-d229 @A: 35 26 24 22 | 07
#0356-d229 @A: 29 24 35 17 | 12
#0357-d229 @A: 26 06 24 32 | 04
#0358-d229 @A: 08 10 15 04 | 03
#0359-d229 @A: 14 15 27 19 | 09
#0360-d229 @A: 19 16 15 32 | 01
#0361-d229 @A: 25 16 15 34 | 10
#0362-d229 @A: 15 35 31 19 | 06
#0363-d229 @A: 27 34 15 03 | 05
#0364-d229 @A: 11 10 26 05 | 02
#0365-d229 @A: 10 21 14 34 | 11
#0366-d229 @A: 19 14 10 09 | 08
#0367-d229 @A: 23 10 12 29 | 07
#0368-d229 @A: 17 10 03 25 | 12
#0369-d229 @A: 04 21 17 11 | 04
#0370-d229 @A: 16 21 06 11 | 03
#0371-d229 @A: 11 05 18 12 | 09
#0372-d229 @A: 11 22 05 29 | 01
#0373-d229 @A: 11 05 06 25 | 10
#0374-d229 @A: 31 11 04 14 | 06
#0375-d229 @A: 26 13 11 20 | 05
#0376-d229 @A: 16 13 25 11 | 02
#0377-d229 @A: 28 09 11 23 | 11
#0378-d229 @A: 16 35 03 11 | 08
#0379-d229 @A: 31 11 23 08 | 07
#0380-d229 @A: 11 34 27 31 | 12
#0381-d229 @A: 21 13 20 23 | 04
#0382-d229 @A: 21 09 08 17 | 03
#0383-d229 @A: 22 21 34 35 | 09
#0384-d229 @A: 21 22 17 27 | 01
#0385-d229 @A: 21 31 34 26 | 10
#0386-d229 @A: 05 23 18 13 | 06
#0387-d229 @A: 30 26 05 28 | 05
#0388-d229 @A: 17 16 27 05 | 02
#0389-d229 @A: 05 03 32 22 | 11
#0390-d229 @A: 06 34 05 08 | 08
#0391-d229 @A: 26 08 05 31 | 07
#0392-d229 @A: 05 26 23 12 | 12
#0393-d229 @A: 14 32 08 20 | 04
#0394-d229 @A: 09 30 29 14 | 03
#0395-d229 @A: 04 27 14 30 | 09
#0396-d229 @A: 19 26 14 23 | 01
#0397-d229 @A: 32 14 26 25 | 10
#0398-d229 @A: 14 29 26 31 | 06
#0399-d229 @A: 18 13 20 08 | 05
#0400-d229 @A: 23 18 29 20 | 02
#0401-d229 @A: 04 34 20 25 | 11
#0402-d229 @A: 20 25 16 17 | 08
#0403-d229 @A: 35 08 19 20 | 07
#0404-d229 @A: 26 29 20 35 | 12
#0405-d229 @A: 12 03 20 22 | 04
#0406-d229 @A: 25 20 29 32 | 03
#0407-d229 @A: 20 34 06 32 | 09
#0408-d229 @A: 34 28 09 13 | 01
#0409-d229 @A: 18 35 16 13 | 10
#0410-d229 @A: 13 30 28 06 | 06
#0411-d229 @A: 13 31 16 29 | 05
#0412-d229 @A: 08 28 30 09 | 02
#0413-d229 @A: 09 27 34 30 | 11
#0414-d229 @A: 31 34 16 09 | 08
#0415-d229 @A: 06 19 09 32 | 07
#0416-d229 @A: 03 26 29 09 | 12
#0417-d229 @A: 32 06 18 03 | 04
#0418-d229 @A: 30 04 32 06 | 03
#0419-d229 @A: 08 16 30 29 | 09
#0420-d229 @A: 30 25 22 26 | 01
#0421-d229 @A: 19 35 12 04 | 10
#0422-d229 @A: 25 06 28 12 | 06
#0423-d229 @A: 26 28 17 27 | 05
#0424-d229 @A: 26 16 06 08 | 02
#0425-d229 @A: 26 16 27 06 | 11
#0426-d229 @A: 06 29 08 12 | 08
#0427-d229 @A: 21 01 33 15 | 07
#0428-d229 @A: 01 26 02 06 | 12
#0429-d229 @A: 34 07 10 01 | 04
#0430-d229 @A: 35 07 11 01 | 03
#0431-d229 @A: 13 24 01 06 | 09
#0432-d229 @A: 30 01 10 15 | 01
#0433-d229 @A: 15 14 32 01 | 10
#0434-d229 @A: 17 11 20 01 | 06
#0435-d229 @A: 01 05 21 32 | 05
#0436-d229 @A: 13 05 01 35 | 02
#0437-d229 @A: 13 27 01 25 | 11
#0438-d229 @A: 03 01 09 30 | 08
#0439-d229 @A: 01 28 30 35 | 07
#0440-d229 @A: 23 01 19 32 | 12
#0441-d229 @A: 25 01 08 17 | 04
#0442-d229 @A: 32 01 06 29 | 03
#0443-d229 @A: 07 22 33 21 | 09
#0444-d229 @A: 33 25 07 09 | 01
#0445-d229 @A: 24 33 06 17 | 10
#0446-d229 @A: 33 15 20 32 | 06
#0447-d229 @A: 35 28 33 15 | 05
#0448-d229 @A: 10 33 27 17 | 02
#0449-d229 @A: 12 18 21 33 | 11
#0450-d229 @A: 14 18 16 33 | 08
#0451-d229 @A: 33 31 20 12 | 07
#0452-d229 @A: 03 13 33 28 | 12
#0453-d229 @A: 33 23 09 18 | 04
#0454-d229 @A: 33 26 06 18 | 03
#0455-d229 @A: 28 06 23 33 | 09
#0456-d229 @A: 07 02 31 10 | 01
#0457-d229 @A: 14 02 10 32 | 10
#0458-d229 @A: 21 13 22 02 | 06
#0459-d229 @A: 02 05 14 22 | 05
#0460-d229 @A: 02 03 28 05 | 02
#0461-d229 @A: 31 09 02 13 | 11
#0462-d229 @A: 13 19 02 04 | 08
#0463-d229 @A: 02 06 08 13 | 07
#0464-d229 @A: 02 31 35 04 | 12
#0465-d229 @A: 02 19 16 27 | 04
#0466-d229 @A: 08 02 16 32 | 03
#0467-d229 @A: 31 02 19 32 | 09
#0468-d229 @A: 12 17 02 19 | 01
#0469-d229 @A: 02 35 12 26 | 10
#0470-d229 @A: 12 27 08 02 | 06
#0471-d229 @A: 16 24 14 07 | 05
#0472-d229 @A: 10 19 30 07 | 02
#0473-d229 @A: 07 25 04 11 | 11
#0474-d229 @A: 03 07 21 04 | 08
#0475-d229 @A: 20 07 14 12 | 07
#0476-d229 @A: 07 14 27 28 | 12
#0477-d229 @A: 07 13 29 25 | 04
#0478-d229 @A: 19 07 06 22 | 03
#0479-d229 @A: 12 08 32 07 | 09
#0480-d229 @A: 20 10 24 08 | 01
#0481-d229 @A: 27 24 30 10 | 10
#0482-d229 @A: 16 20 24 21 | 06
#0483-d229 @A: 24 31 06 21 | 05
#0484-d229 @A: 09 24 06 05 | 02
#0485-d229 @A: 24 18 08 09 | 11
#0486-d229 @A: 29 04 24 30 | 08
#0487-d229 @A: 30 16 24 06 | 07
#0488-d229 @A: 24 06 19 12 | 12
#0489-d229 @A: 19 27 03 24 | 04
#0490-d229 @A: 10 25 23 15 | 03
#0491-d229 @A: 31 03 21 15 | 09
#0492-d229 @A: 21 15 06 26 | 01
#0493-d229 @A: 20 15 22 31 | 10
#0494-d229 @A: 08 20 26 15 | 06
#0495-d229 @A: 30 06 15 09 | 05
#0496-d229 @A: 09 15 03 28 | 02
#0497-d229 @A: 35 15 17 22 | 11
#0498-d229 @A: 15 31 08 25 | 08
#0499-d229 @A: 29 15 12 26 | 07
#0500-d229 @A: 34 10 04 11 | 12
#0501-d229 @A: 10 21 05 25 | 04
#0502-d229 @A: 20 32 10 18 | 03
#0503-d229 @A: 35 16 10 20 | 09
#0504-d229 @A: 22 08 19 10 | 01
#0505-d229 @A: 31 19 17 10 | 10
#0506-d229 @A: 22 10 32 06 | 06
#0507-d229 @A: 11 20 32 05 | 05
#0508-d229 @A: 11 05 13 09 | 02
#0509-d229 @A: 11 03 05 31 | 11
#0510-d229 @A: 25 14 09 11 | 08
#0511-d229 @A: 11 30 13 03 | 07
#0512-d229 @A: 13 11 04 28 | 12
#0513-d229 @A: 13 06 04 11 | 04
#0514-d229 @A: 13 11 23 12 | 03
#0515-d229 @A: 19 11 06 30 | 09
#0516-d229 @A: 16 34 23 11 | 01
#0517-d229 @A: 26 03 11 34 | 10
#0518-d229 @A: 22 05 21 04 | 06
#0519-d229 @A: 23 21 17 05 | 05
#0520-d229 @A: 26 28 14 21 | 02
#0521-d229 @A: 20 18 27 21 | 11
#0522-d229 @A: 16 12 23 21 | 08
#0523-d229 @A: 35 19 06 21 | 07
#0524-d229 @A: 06 21 08 22 | 12
#0525-d229 @A: 08 21 23 34 | 04
#0526-d229 @A: 17 29 32 21 | 03
#0527-d229 @A: 18 09 27 05 | 09
#0528-d229 @A: 26 29 16 05 | 01
#0529-d229 @A: 08 22 23 05 | 10
#0530-d229 @A: 20 04 35 14 | 06
#0531-d229 @A: 14 25 31 16 | 05
#0532-d229 @A: 09 32 04 20 | 02
#0533-d229 @A: 22 20 30 28 | 11
#0534-d229 @A: 20 06 29 28 | 08
#0535-d229 @A: 19 20 16 29 | 07
#0536-d229 @A: 34 20 31 35 | 12
#0537-d229 @A: 34 20 08 22 | 04
#0538-d229 @A: 17 34 20 23 | 03
#0539-d229 @A: 27 13 03 18 | 09
#0540-d229 @A: 13 08 23 04 | 01
#0541-d229 @A: 35 13 29 19 | 10
#0542-d229 @A: 25 31 22 13 | 06
#0543-d229 @A: 09 19 03 18 | 05
#0544-d229 @A: 17 22 29 09 | 02
#0545-d229 @A: 32 09 08 25 | 11
#0546-d229 @A: 25 18 16 23 | 08
#0547-d229 @A: 17 03 08 18 | 07
#0548-d229 @A: 31 34 18 17 | 12
#0549-d229 @A: 31 30 35 16 | 04
#0550-d229 @A: 29 22 30 31 | 03
#0551-d229 @A: 30 34 12 08 | 09
#0552-d229 @A: 03 30 12 27 | 01
#0553-d229 @A: 28 04 35 22 | 10
#0554-d229 @A: 04 26 16 25 | 06
#0555-d229 @A: 25 29 04 35 | 05
#0556-d229 @A: 34 04 35 03 | 02
#0557-d229 @A: 34 23 29 04 | 11
#0558-d229 @A: 16 28 06 03 | 08
#0559-d229 @A: 17 35 19 28 | 07
#0560-d229 @A: 32 12 28 19 | 12
#0561-d229 @A: 28 26 25 35 | 04
#0562-d229 @A: 03 34 28 08 | 03
#0563-d229 @A: 28 26 32 03 | 09
#0564-d229 @A: 06 34 31 27 | 01
#0565-d229 @A: 33 28 27 01 | 10
#0566-d229 @A: 03 33 35 01 | 06
#0567-d229 @A: 29 01 04 02 | 05
#0568-d229 @A: 07 16 01 09 | 02
#0569-d229 @A: 01 15 11 27 | 11
#0570-d229 @A: 15 01 20 16 | 08
#0571-d229 @A: 25 20 01 10 | 07
#0572-d229 @A: 08 26 01 10 | 12
#0573-d229 @A: 11 25 01 21 | 04
#0574-d229 @A: 21 01 35 09 | 03
#0575-d229 @A: 22 05 06 01 | 09
#0576-d229 @A: 01 14 04 22 | 01
#0577-d229 @A: 06 01 14 28 | 10
#0578-d229 @A: 18 31 20 01 | 06
#0579-d229 @A: 01 20 29 08 | 05
#0580-d229 @A: 01 20 32 26 | 02
#0581-d229 @A: 31 25 01 30 | 11
#0582-d229 @A: 25 29 19 01 | 08
#0583-d229 @A: 17 06 01 03 | 07
#0584-d229 @A: 31 02 14 33 | 12
#0585-d229 @A: 03 33 02 04 | 04
#0586-d229 @A: 07 05 33 19 | 03
#0587-d229 @A: 23 24 21 33 | 09
#0588-d229 @A: 34 33 28 24 | 01
#0589-d229 @A: 06 15 04 33 | 10
#0590-d229 @A: 33 16 21 28 | 06
#0591-d229 @A: 13 33 12 14 | 05
#0592-d229 @A: 29 33 14 04 | 02
#0593-d229 @A: 34 33 04 09 | 11
#0594-d229 @A: 04 33 08 30 | 08
#0595-d229 @A: 33 29 12 27 | 07
#0596-d229 @A: 07 05 02 18 | 12
#0597-d229 @A: 02 06 07 05 | 04
#0598-d229 @A: 07 02 13 23 | 03
#0599-d229 @A: 30 07 08 02 | 09
#0600-d229 @A: 04 07 02 28 | 01
#0601-d229 @A: 02 32 03 07 | 10
#0602-d229 @A: 02 06 11 15 | 06
#0603-d229 @A: 02 12 10 18 | 05
#0604-d229 @A: 29 02 16 11 | 02
#0605-d229 @A: 18 02 34 21 | 11
#0606-d229 @A: 13 02 26 18 | 08
#0607-d229 @A: 02 29 28 13 | 07
#0608-d229 @A: 30 09 02 22 | 12
#0609-d229 @A: 16 02 31 17 | 04
#0610-d229 @A: 08 26 22 02 | 03
#0611-d229 @A: 02 32 27 26 | 09
#0612-d229 @A: 11 07 15 23 | 01
#0613-d229 @A: 07 14 15 34 | 10
#0614-d229 @A: 18 15 35 07 | 06
#0615-d229 @A: 10 07 11 21 | 05
#0616-d229 @A: 03 28 07 11 | 02
#0617-d229 @A: 28 07 31 20 | 11
#0618-d229 @A: 28 07 13 16 | 08
#0619-d229 @A: 30 18 25 07 | 07
#0620-d229 @A: 07 22 28 08 | 12
#0621-d229 @A: 16 17 23 07 | 04
#0622-d229 @A: 22 27 12 07 | 03
#0623-d229 @A: 22 07 23 31 | 09
#0624-d229 @A: 06 29 25 07 | 01
#0625-d229 @A: 03 12 07 25 | 10
#0626-d229 @A: 25 14 24 05 | 06
#0627-d229 @A: 22 24 05 30 | 05
#0628-d229 @A: 09 20 30 24 | 02
#0629-d229 @A: 13 09 24 23 | 11
#0630-d229 @A: 13 24 30 19 | 08
#0631-d229 @A: 18 24 29 16 | 07
#0632-d229 @A: 04 24 08 22 | 12
#0633-d229 @A: 24 31 08 35 | 04
#0634-d229 @A: 22 31 32 24 | 03
#0635-d229 @A: 32 24 27 17 | 09
#0636-d229 @A: 15 22 18 11 | 01
#0637-d229 @A: 15 35 14 09 | 10
#0638-d229 @A: 18 09 15 34 | 06
#0639-d229 @A: 09 04 15 22 | 05
#0640-d229 @A: 08 15 16 18 | 02
#0641-d229 @A: 22 19 12 15 | 11
#0642-d229 @A: 25 22 15 29 | 08
#0643-d229 @A: 10 11 14 27 | 07
#0644-d229 @A: 12 22 10 21 | 12
#0645-d229 @A: 31 08 10 21 | 04
#0646-d229 @A: 12 10 05 14 | 03
#0647-d229 @A: 05 13 06 10 | 09
#0648-d229 @A: 22 10 31 14 | 01
#0649-d229 @A: 04 10 32 30 | 10
#0650-d229 @A: 34 16 03 10 | 06
#0651-d229 @A: 16 31 23 10 | 05
#0652-d229 @A: 17 10 08 35 | 02
#0653-d229 @A: 14 05 11 35 | 11
#0654-d229 @A: 14 11 30 16 | 08
#0655-d229 @A: 26 35 11 19 | 07
#0656-d229 @A: 35 06 27 11 | 12
#0657-d229 @A: 11 32 12 17 | 04
#0658-d229 @A: 25 31 11 29 | 03
#0659-d229 @A: 21 32 09 18 | 09
#0660-d229 @A: 29 09 21 28 | 01
#0661-d229 @A: 16 21 30 04 | 10
#0662-d229 @A: 32 34 21 04 | 06
#0663-d229 @A: 03 12 26 21 | 05
#0664-d229 @A: 28 08 05 13 | 02
#0665-d229 @A: 05 09 19 17 | 11
#0666-d229 @A: 31 18 30 05 | 08
#0667-d229 @A: 35 05 27 04 | 07
#0668-d229 @A: 06 29 05 16 | 12
#0669-d229 @A: 05 23 32 35 | 04
#0670-d229 @A: 03 20 14 30 | 03
#0671-d229 @A: 14 16 27 20 | 09
#0672-d229 @A: 13 14 22 28 | 01
#0673-d229 @A: 18 14 30 06 | 10
#0674-d229 @A: 14 22 25 12 | 06
#0675-d229 @A: 22 03 26 14 | 05
#0676-d229 @A: 34 08 31 14 | 02
#0677-d229 @A: 14 08 25 23 | 11
#0678-d229 @A: 17 14 29 25 | 08
#0679-d229 @A: 22 20 04 13 | 07
#0680-d229 @A: 06 25 20 09 | 12
#0681-d229 @A: 30 34 18 20 | 04
#0682-d229 @A: 30 31 08 20 | 03
#0683-d229 @A: 19 23 12 20 | 09
#0684-d229 @A: 25 31 23 20 | 01
#0685-d229 @A: 04 31 13 18 | 10
#0686-d229 @A: 26 08 16 13 | 06
#0687-d229 @A: 22 35 13 12 | 05
#0688-d229 @A: 35 09 28 31 | 02
#0689-d229 @A: 35 19 09 32 | 11
#0690-d229 @A: 12 34 19 09 | 08
#0691-d229 @A: 12 23 09 08 | 07
#0692-d229 @A: 17 18 19 27 | 12
#0693-d229 @A: 08 35 18 22 | 04
#0694-d229 @A: 18 25 06 35 | 03
#0695-d229 @A: 22 30 16 23 | 09
#0696-d229 @A: 27 35 30 17 | 01
#0697-d229 @A: 17 30 06 08 | 10
#0698-d229 @A: 12 30 23 17 | 06
#0699-d229 @A: 28 31 26 04 | 05
#0700-d229 @A: 25 03 06 04 | 02
#0701-d229 @A: 23 03 04 26 | 11
#0702-d229 @A: 22 19 31 28 | 08
#0703-d229 @A: 22 25 32 28 | 07
#0704-d229 @A: 17 34 28 22 | 12
#0705-d229 @A: 17 06 22 28 | 04
#0706-d229 @A: 06 03 31 19 | 03
#0707-d229 @A: 30 02 32 01 | 09
#0708-d229 @A: 01 15 24 29 | 01
#0709-d229 @A: 28 01 24 25 | 10
#0710-d229 @A: 16 14 10 01 | 06
#0711-d229 @A: 20 10 06 01 | 05
#0712-d229 @A: 23 04 01 10 | 02
#0713-d229 @A: 01 29 14 11 | 11
#0714-d229 @A: 01 28 05 29 | 08
#0715-d229 @A: 01 17 09 18 | 07
#0716-d229 @A: 04 01 06 18 | 12
#0717-d229 @A: 35 06 01 23 | 04
#0718-d229 @A: 17 35 31 01 | 03
#0719-d229 @A: 22 29 01 12 | 09
#0720-d229 @A: 32 01 17 03 | 01
#0721-d229 @A: 33 14 08 24 | 10
#0722-d229 @A: 25 33 10 06 | 06
#0723-d229 @A: 29 33 11 21 | 05
#0724-d229 @A: 31 33 13 11 | 02
#0725-d229 @A: 35 11 04 33 | 11
#0726-d229 @A: 21 08 33 05 | 08
#0727-d229 @A: 33 26 21 09 | 07
#0728-d229 @A: 18 20 33 03 | 12
#0729-d229 @A: 30 20 17 33 | 04
#0730-d229 @A: 20 28 04 33 | 03
#0731-d229 @A: 34 26 33 13 | 09
#0732-d229 @A: 06 22 33 09 | 01
#0733-d229 @A: 27 35 16 33 | 10
#0734-d229 @A: 19 26 12 33 | 06
#0735-d229 @A: 17 25 32 33 | 05
#0736-d229 @A: 12 25 33 23 | 02
#0737-d229 @A: 14 26 07 02 | 11
#0738-d229 @A: 24 02 32 21 | 08
#0739-d229 @A: 02 35 15 10 | 07
#0740-d229 @A: 15 31 02 11 | 12
#0741-d229 @A: 21 15 12 02 | 04
#0742-d229 @A: 08 15 02 03 | 03
#0743-d229 @A: 04 02 10 25 | 09
#0744-d229 @A: 11 05 27 02 | 01
#0745-d229 @A: 34 11 02 28 | 10
#0746-d229 @A: 02 19 08 14 | 06
#0747-d229 @A: 25 13 02 32 | 05
#0748-d229 @A: 06 02 09 28 | 02
#0749-d229 @A: 31 02 18 28 | 11
#0750-d229 @A: 30 02 28 19 | 08
#0751-d229 @A: 27 02 28 35 | 07
#0752-d229 @A: 08 35 02 23 | 12
#0753-d229 @A: 03 29 02 22 | 04
#0754-d229 @A: 02 22 12 23 | 03
#0755-d229 @A: 02 26 23 31 | 09
#0756-d229 @A: 08 13 07 24 | 01
#0757-d229 @A: 07 22 18 24 | 10
#0758-d229 @A: 05 26 15 07 | 06
#0759-d229 @A: 15 07 19 20 | 05
#0760-d229 @A: 08 07 15 06 | 02
#0761-d229 @A: 07 13 12 10 | 11
#0762-d229 @A: 10 07 16 04 | 08
#0763-d229 @A: 07 11 16 32 | 07
#0764-d229 @A: 14 31 07 32 | 12
#0765-d229 @A: 20 07 04 29 | 04
#0766-d229 @A: 09 07 18 13 | 03
#0767-d229 @A: 07 34 28 30 | 09
#0768-d229 @A: 29 30 27 07 | 01
#0769-d229 @A: 16 22 07 34 | 10
#0770-d229 @A: 25 08 34 07 | 06
#0771-d229 @A: 29 26 23 07 | 05
#0772-d229 @A: 07 26 03 06 | 02
#0773-d229 @A: 24 21 09 10 | 11
#0774-d229 @A: 24 34 12 10 | 08
#0775-d229 @A: 31 11 24 17 | 07
#0776-d229 @A: 05 27 24 08 | 12
#0777-d229 @A: 12 13 20 24 | 04
#0778-d229 @A: 24 31 20 29 | 03
#0779-d229 @A: 10 15 19 11 | 09
#0780-d229 @A: 05 12 09 15 | 01
#0781-d229 @A: 22 15 14 06 | 10
#0782-d229 @A: 13 03 22 15 | 06
#0783-d229 @A: 04 25 18 15 | 05
#0784-d229 @A: 15 17 25 19 | 02
#0785-d229 @A: 03 35 15 26 | 11
#0786-d229 @A: 12 31 15 17 | 08
#0787-d229 @A: 14 13 08 10 | 07
#0788-d229 @A: 10 18 23 17 | 12
#0789-d229 @A: 10 29 19 04 | 04
#0790-d229 @A: 10 26 34 19 | 03
#0791-d229 @A: 10 08 32 23 | 09
#0792-d229 @A: 32 10 27 31 | 01
#0793-d229 @A: 11 28 05 17 | 10
#0794-d229 @A: 18 11 34 14 | 06
#0795-d229 @A: 16 18 11 28 | 05
#0796-d229 @A: 34 06 11 18 | 02
#0797-d229 @A: 11 19 31 30 | 11
#0798-d229 @A: 23 32 11 03 | 08
#0799-d229 @A: 06 21 25 14 | 07
#0800-d229 @A: 20 21 08 28 | 12
#0801-d229 @A: 22 29 21 20 | 04
#0802-d229 @A: 30 21 26 18 | 03
#0803-d229 @A: 21 27 08 16 | 09
#0804-d229 @A: 26 29 21 08 | 01
#0805-d229 @A: 13 05 14 03 | 10
#0806-d229 @A: 19 05 14 31 | 06
#0807-d229 @A: 19 05 18 32 | 05
#0808-d229 @A: 06 30 12 05 | 02
#0809-d229 @A: 19 12 14 30 | 11
#0810-d229 @A: 03 14 17 28 | 08
#0811-d229 @A: 34 26 14 12 | 07
#0812-d229 @A: 18 28 20 35 | 12
#0813-d229 @A: 03 28 20 25 | 04
#0814-d229 @A: 32 16 34 20 | 03
#0815-d229 @A: 26 20 03 16 | 09
#0816-d229 @A: 12 20 27 32 | 01
#0817-d229 @A: 17 27 13 09 | 10
#0818-d229 @A: 19 18 06 13 | 06
#0819-d229 @A: 31 26 09 18 | 05
#0820-d229 @A: 29 09 19 31 | 02
#0821-d229 @A: 35 09 27 22 | 11
#0822-d229 @A: 09 27 32 29 | 08
#0823-d229 @A: 34 09 17 26 | 07
#0824-d229 @A: 12 04 18 26 | 12
#0825-d229 @A: 18 26 32 17 | 04
#0826-d229 @A: 18 34 27 25 | 03
#0827-d229 @A: 30 19 03 35 | 09
#0828-d229 @A: 03 08 26 30 | 01
#0829-d229 @A: 04 27 28 08 | 10
#0830-d229 @A: 04 03 29 28 | 06
#0831-d229 @A: 26 19 08 28 | 05
#0832-d229 @A: 06 34 28 19 | 02
#0833-d229 @A: 08 29 35 28 | 11
#0834-d229 @A: 23 28 35 34 | 08
#0835-d229 @A: 32 27 28 23 | 07
#0836-d229 @A: 23 06 25 08 | 12
#0837-d229 @A: 01 14 02 13 | 04
#0838-d229 @A: 26 02 03 01 | 03
#0839-d229 @A: 23 07 30 01 | 09
#0840-d229 @A: 24 10 01 18 | 01
#0841-d229 @A: 32 12 24 01 | 10
#0842-d229 @A: 15 09 31 01 | 06
#0843-d229 @A: 19 09 11 01 | 05
#0844-d229 @A: 34 01 11 30 | 02
#0845-d229 @A: 01 16 09 06 | 11
#0846-d229 @A: 01 27 19 35 | 08
#0847-d229 @A: 22 08 03 01 | 07
#0848-d229 @A: 23 01 22 17 | 12
#0849-d229 @A: 33 23 10 02 | 04
#0850-d229 @A: 32 02 09 33 | 03
#0851-d229 @A: 28 02 33 26 | 09
#0852-d229 @A: 33 24 07 26 | 01
#0853-d229 @A: 04 23 07 33 | 10
#0854-d229 @A: 25 33 24 15 | 06
#0855-d229 @A: 33 04 24 12 | 05
#0856-d229 @A: 30 19 33 15 | 02
#0857-d229 @A: 14 30 10 33 | 11
#0858-d229 @A: 35 33 10 13 | 08
#0859-d229 @A: 25 05 33 13 | 07
#0860-d229 @A: 16 22 26 33 | 12
#0861-d229 @A: 08 25 35 33 | 04
#0862-d229 @A: 29 35 33 23 | 03
#0863-d229 @A: 17 26 33 29 | 09
#0864-d229 @A: 02 25 07 21 | 01
#0865-d229 @A: 24 23 15 02 | 10
#0866-d229 @A: 04 15 02 26 | 06
#0867-d229 @A: 14 34 04 02 | 05
#0868-d229 @A: 02 28 25 09 | 02
#0869-d229 @A: 08 02 09 34 | 11
#0870-d229 @A: 02 18 03 30 | 08
#0871-d229 @A: 29 06 02 22 | 07
#0872-d229 @A: 26 25 29 02 | 12
#0873-d229 @A: 25 28 15 07 | 04
#0874-d229 @A: 07 25 27 10 | 03
#0875-d229 @A: 14 06 11 07 | 09
#0876-d229 @A: 07 12 30 05 | 01
#0877-d229 @A: 14 07 22 30 | 10
#0878-d229 @A: 22 06 07 20 | 06
#0879-d229 @A: 32 07 13 19 | 05
#0880-d229 @A: 03 34 07 13 | 02
#0881-d229 @A: 28 09 26 07 | 11
#0882-d229 @A: 25 16 07 35 | 08
#0883-d229 @A: 25 07 19 22 | 07
#0884-d229 @A: 29 22 32 07 | 12
#0885-d229 @A: 23 08 07 27 | 04
#0886-d229 @A: 27 26 03 07 | 03
#0887-d229 @A: 24 11 21 22 | 09
#0888-d229 @A: 28 11 27 24 | 01
#0889-d229 @A: 30 25 24 21 | 10
#0890-d229 @A: 04 24 13 25 | 06
#0891-d229 @A: 34 24 27 16 | 05
#0892-d229 @A: 32 19 26 24 | 02
#0893-d229 @A: 24 32 08 34 | 11
#0894-d229 @A: 15 09 10 27 | 08
#0895-d229 @A: 15 05 25 11 | 07
#0896-d229 @A: 29 11 15 13 | 12
#0897-d229 @A: 08 15 11 28 | 04
#0898-d229 @A: 20 21 34 15 | 03
#0899-d229 @A: 21 13 15 16 | 09
#0900-d229 @A: 05 15 28 23 | 01
#0901-d229 @A: 14 15 13 23 | 10
#0902-d229 @A: 30 15 27 22 | 06
#0903-d229 @A: 34 31 23 15 | 05
#0904-d229 @A: 28 10 11 35 | 02
#0905-d229 @A: 28 19 20 10 | 11
#0906-d229 @A: 10 20 17 12 | 08
#0907-d229 @A: 10 30 03 28 | 07
#0908-d229 @A: 11 14 32 21 | 12
#0909-d229 @A: 20 22 11 14 | 04
#0910-d229 @A: 11 28 29 20 | 03
#0911-d229 @A: 11 29 18 04 | 09
#0912-d229 @A: 23 22 35 11 | 01
#0913-d229 @A: 27 11 26 23 | 10
#0914-d229 @A: 06 21 13 32 | 06
#0915-d229 @A: 21 09 03 22 | 05
#0916-d229 @A: 28 30 21 32 | 02
#0917-d229 @A: 05 18 22 20 | 11
#0918-d229 @A: 05 12 04 13 | 08
#0919-d229 @A: 12 05 27 28 | 07
#0920-d229 @A: 19 16 35 05 | 12
#0921-d229 @A: 05 08 34 16 | 04
#0922-d229 @A: 19 34 05 23 | 03
#0923-d229 @A: 22 05 26 27 | 09
#0924-d229 @A: 03 12 17 05 | 01
#0925-d229 @A: 29 18 14 13 | 10
#0926-d229 @A: 14 12 32 09 | 06
#0927-d229 @A: 16 35 14 12 | 05
#0928-d229 @A: 14 08 16 22 | 02
#0929-d229 @A: 08 03 27 14 | 11
#0930-d229 @A: 34 14 03 32 | 08
#0931-d229 @A: 28 17 20 13 | 07
#0932-d229 @A: 35 04 20 06 | 12
#0933-d229 @A: 22 20 35 25 | 04
#0934-d229 @A: 20 17 22 26 | 03
#0935-d229 @A: 04 03 13 09 | 09
#0936-d229 @A: 28 13 18 12 | 01
#0937-d229 @A: 19 25 12 13 | 10
#0938-d229 @A: 13 22 08 27 | 06
#0939-d229 @A: 25 09 18 29 | 05
#0940-d229 @A: 31 23 04 09 | 02
#0941-d229 @A: 32 35 18 03 | 11
#0942-d229 @A: 06 08 18 27 | 08
#0943-d229 @A: 29 30 19 17 | 07
#0944-d229 @A: 30 26 19 27 | 12
#0945-d229 @A: 30 25 35 23 | 04
#0946-d229 @A: 26 30 32 23 | 03
#0947-d229 @A: 12 04 28 23 | 09
#0948-d229 @A: 12 04 16 03 | 01
#0949-d229 @A: 29 08 17 04 | 10
#0950-d229 @A: 12 04 25 08 | 06
#0951-d229 @A: 28 16 29 27 | 05
#0952-d229 @A: 12 16 35 06 | 02
#0953-d229 @A: 06 25 22 16 | 11
#0954-d229 @A: 31 06 35 26 | 08
#0955-d229 @A: 29 01 07 33 | 07
#0956-d229 @A: 01 25 18 33 | 12
#0957-d229 @A: 01 16 18 02 | 04
#0958-d229 @A: 25 02 12 01 | 03
#0959-d229 @A: 13 01 16 24 | 09
#0960-d229 @A: 04 15 34 01 | 01
#0961-d229 @A: 06 15 01 31 | 10
#0962-d229 @A: 01 05 11 16 | 06
#0963-d229 @A: 09 20 01 23 | 05
#0964-d229 @A: 01 28 20 34 | 02
#0965-d229 @A: 04 32 01 13 | 11
#0966-d229 @A: 13 28 26 01 | 08
#0967-d229 @A: 18 01 03 28 | 07
#0968-d229 @A: 29 33 02 18 | 12
#0969-d229 @A: 33 11 24 16 | 04
#0970-d229 @A: 33 11 15 17 | 03
#0971-d229 @A: 15 33 04 31 | 09
#0972-d229 @A: 31 05 28 33 | 01
#0973-d229 @A: 29 20 33 09 | 10
#0974-d229 @A: 33 12 09 03 | 06
#0975-d229 @A: 18 30 33 32 | 05
#0976-d229 @A: 08 18 28 33 | 02
#0977-d229 @A: 03 16 23 33 | 11
#0978-d229 @A: 19 33 17 03 | 08
#0979-d229 @A: 31 23 33 19 | 07
#0980-d229 @A: 33 03 31 22 | 12
#0981-d229 @A: 08 23 33 17 | 04
#0982-d229 @A: 02 07 22 35 | 03
#0983-d229 @A: 24 17 14 02 | 09
#0984-d229 @A: 27 13 02 10 | 01
#0985-d229 @A: 18 11 09 02 | 10
#0986-d229 @A: 11 17 25 02 | 06
#0987-d229 @A: 02 05 17 30 | 05
#0988-d229 @A: 03 02 14 09 | 02
#0989-d229 @A: 18 27 14 02 | 11
#0990-d229 @A: 18 08 25 02 | 08
#0991-d229 @A: 02 16 22 25 | 07
#0992-d229 @A: 02 35 25 19 | 12
#0993-d229 @A: 29 35 32 02 | 04
#0994-d229 @A: 32 12 02 34 | 03
#0995-d229 @A: 12 07 19 24 | 09
#0996-d229 @A: 31 16 15 07 | 01
#0997-d229 @A: 21 20 32 07 | 10
#0998-d229 @A: 22 09 05 07 | 06
#0999-d229 @A: 07 20 03 09 | 05
#1000-d229 @A: 26 13 07 30 | 02
#1001-d229 @A: 09 35 04 07 | 11
#1002-d229 @A: 07 35 08 26 | 08
#1003-d229 @A: 07 32 35 17 | 07
#1004-d229 @A: 31 07 12 06 | 12
#1005-d229 @A: 03 12 15 24 | 04
#1006-d229 @A: 24 22 13 10 | 03
#1007-d229 @A: 31 04 10 24 | 09
#1008-d229 @A: 09 24 05 31 | 01
#1009-d229 @A: 05 16 32 24 | 10
#1010-d229 @A: 17 34 24 05 | 06
#1011-d229 @A: 24 04 20 17 | 05
#1012-d229 @A: 09 28 19 24 | 02
#1013-d229 @A: 23 30 24 18 | 11
#1014-d229 @A: 24 19 34 18 | 08
#1015-d229 @A: 24 22 29 19 | 07
#1016-d229 @A: 08 24 25 19 | 12
#1017-d229 @A: 17 12 24 22 | 04
#1018-d229 @A: 24 25 34 22 | 03
#1019-d229 @A: 34 31 03 24 | 09
#1020-d229 @A: 25 03 23 24 | 01
#1021-d229 @A: 15 10 31 05 | 10
#1022-d229 @A: 15 16 10 12 | 06
#1023-d229 @A: 20 03 15 11 | 05
#1024-d229 @A: 19 28 15 13 | 02
#1025-d229 @A: 09 15 23 30 | 11
#1026-d229 @A: 23 19 18 15 | 08
#1027-d229 @A: 29 15 16 35 | 07
#1028-d229 @A: 15 08 34 19 | 12
#1029-d229 @A: 15 12 32 23 | 04
#1030-d229 @A: 27 25 15 06 | 03
#1031-d229 @A: 17 10 11 22 | 09
#1032-d229 @A: 10 04 28 14 | 01
#1033-d229 @A: 18 09 10 35 | 10
#1034-d229 @A: 18 22 10 30 | 06
#1035-d229 @A: 18 34 10 28 | 05
#1036-d229 @A: 23 19 35 10 | 02
#1037-d229 @A: 34 27 35 10 | 11
#1038-d229 @A: 10 26 03 31 | 08
#1039-d229 @A: 11 21 28 31 | 07
#1040-d229 @A: 19 08 11 21 | 12
#1041-d229 @A: 17 11 14 13 | 04
#1042-d229 @A: 08 11 29 09 | 03
#1043-d229 @A: 31 09 11 06 | 09
#1044-d229 @A: 11 08 26 25 | 01
#1045-d229 @A: 06 12 11 23 | 10
#1046-d229 @A: 21 26 05 20 | 06
#1047-d229 @A: 05 21 13 31 | 05
#1048-d229 @A: 14 21 17 18 | 02
#1049-d229 @A: 19 18 04 21 | 11
#1050-d229 @A: 21 17 16 19 | 08
#1051-d229 @A: 22 16 21 31 | 07
#1052-d229 @A: 12 19 31 21 | 12
#1053-d229 @A: 03 21 35 23 | 04
#1054-d229 @A: 35 31 21 25 | 03
#1055-d229 @A: 31 23 21 32 | 09
#1056-d229 @A: 21 17 25 12 | 01
#1057-d229 @A: 05 30 32 14 | 10
#1058-d229 @A: 05 16 03 18 | 06
#1059-d229 @A: 23 30 29 05 | 05
#1060-d229 @A: 05 28 06 26 | 02
#1061-d229 @A: 35 08 05 12 | 11
#1062-d229 @A: 03 05 25 35 | 08
#1063-d229 @A: 13 35 14 32 | 07
#1064-d229 @A: 14 13 29 06 | 12
#1065-d229 @A: 06 12 09 14 | 04
#1066-d229 @A: 14 29 35 22 | 03
#1067-d229 @A: 04 20 18 16 | 09
#1068-d229 @A: 26 20 04 30 | 01
#1069-d229 @A: 23 27 20 30 | 10
#1070-d229 @A: 22 27 19 20 | 06
#1071-d229 @A: 20 08 06 19 | 05
#1072-d229 @A: 20 25 27 08 | 02
#1073-d229 @A: 12 34 20 29 | 11
#1074-d229 @A: 32 09 13 22 | 08
#1075-d229 @A: 13 04 06 22 | 07
#1076-d229 @A: 19 13 27 31 | 12
#1077-d229 @A: 35 08 34 13 | 04
#1078-d229 @A: 22 26 23 13 | 03
#1079-d229 @A: 29 32 13 08 | 09
#1080-d229 @A: 25 03 13 08 | 01
#1081-d229 @A: 16 09 23 29 | 10
#1082-d229 @A: 35 06 08 09 | 06
#1083-d229 @A: 30 29 28 18 | 05
#1084-d229 @A: 12 17 18 16 | 02
#1085-d229 @A: 18 34 16 26 | 11
#1086-d229 @A: 18 17 06 19 | 08
#1087-d229 @A: 23 35 31 18 | 07
#1088-d229 @A: 29 08 18 34 | 12
#1089-d229 @A: 12 16 30 26 | 04
#1090-d229 @A: 25 32 30 19 | 03
#1091-d229 @A: 16 35 04 08 | 09
#1092-d229 @A: 03 19 04 22 | 01
#1093-d229 @A: 17 26 19 04 | 10
#1094-d229 @A: 22 27 04 34 | 06
#1095-d229 @A: 08 06 31 04 | 05
#1096-d229 @A: 28 08 31 32 | 02
#1097-d229 @A: 08 12 28 17 | 11
#1098-d229 @A: 29 34 28 26 | 08
#1099-d229 @A: 06 03 35 22 | 07
#1100-d229 @A: 02 20 01 35 | 12
#1101-d229 @A: 08 07 15 01 | 04
#1102-d229 @A: 01 07 34 06 | 03
#1103-d229 @A: 01 23 05 24 | 09
#1104-d229 @A: 01 24 22 09 | 01
#1105-d229 @A: 01 15 18 26 | 10
#1106-d229 @A: 01 13 17 10 | 06
#1107-d229 @A: 14 01 03 21 | 05
#1108-d229 @A: 01 34 21 16 | 02
#1109-d229 @A: 23 01 27 21 | 11
#1110-d229 @A: 18 01 14 05 | 08
#1111-d229 @A: 20 19 04 01 | 07
#1112-d229 @A: 34 18 13 01 | 12
#1113-d229 @A: 16 08 23 01 | 04
#1114-d229 @A: 01 34 29 03 | 03
#1115-d229 @A: 33 16 07 02 | 09
#1116-d229 @A: 11 02 22 33 | 01
#1117-d229 @A: 27 33 07 32 | 10
#1118-d229 @A: 13 24 33 17 | 06
#1119-d229 @A: 15 14 03 33 | 05
#1120-d229 @A: 26 15 33 27 | 02
#1121-d229 @A: 20 21 10 33 | 11
#1122-d229 @A: 31 10 33 09 | 08
#1123-d229 @A: 33 27 09 11 | 07
#1124-d229 @A: 14 33 21 19 | 12
#1125-d229 @A: 35 20 33 05 | 04
#1126-d229 @A: 32 04 33 05 | 03
#1127-d229 @A: 13 33 27 04 | 09
#1128-d229 @A: 30 33 31 27 | 01
#1129-d229 @A: 16 19 33 04 | 10
#1130-d229 @A: 29 19 28 33 | 06
#1131-d229 @A: 19 32 33 34 | 05
#1132-d229 @A: 32 29 03 33 | 02
#1133-d229 @A: 25 31 33 26 | 11
#1134-d229 @A: 02 05 15 32 | 08
#1135-d229 @A: 28 16 02 15 | 07
#1136-d229 @A: 02 20 10 22 | 12
#1137-d229 @A: 02 20 11 30 | 04
#1138-d229 @A: 03 20 21 02 | 03
#1139-d229 @A: 02 06 18 21 | 09
#1140-d229 @A: 25 05 02 23 | 01
#1141-d229 @A: 29 02 20 14 | 10
#1142-d229 @A: 04 02 17 09 | 06
#1143-d229 @A: 12 02 16 09 | 05
#1144-d229 @A: 19 29 02 23 | 02
#1145-d229 @A: 31 02 08 29 | 11
#1146-d229 @A: 24 20 07 23 | 08
#1147-d229 @A: 29 28 24 07 | 07
#1148-d229 @A: 07 28 10 23 | 12
#1149-d229 @A: 08 07 11 14 | 04
#1150-d229 @A: 07 13 11 22 | 03
#1151-d229 @A: 07 26 11 18 | 09
#1152-d229 @A: 05 07 21 16 | 01
#1153-d229 @A: 12 07 28 21 | 10
#1154-d229 @A: 07 35 13 20 | 06
#1155-d229 @A: 04 13 17 07 | 05
#1156-d229 @A: 06 16 13 07 | 02
#1157-d229 @A: 07 09 17 12 | 11
#1158-d229 @A: 07 16 08 03 | 08
#1159-d229 @A: 07 19 35 34 | 07
#1160-d229 @A: 24 34 11 15 | 12
#1161-d229 @A: 14 24 15 22 | 04
#1162-d229 @A: 24 15 30 16 | 03
#1163-d229 @A: 10 24 25 26 | 09
#1164-d229 @A: 04 11 23 24 | 01
#1165-d229 @A: 05 24 12 21 | 10
#1166-d229 @A: 24 21 31 18 | 06
#1167-d229 @A: 24 21 26 04 | 05
#1168-d229 @A: 31 24 14 13 | 02
#1169-d229 @A: 24 14 18 12 | 11
#1170-d229 @A: 14 24 30 26 | 08
#1171-d229 @A: 03 24 06 14 | 07
#1172-d229 @A: 19 16 24 31 | 12
#1173-d229 @A: 23 16 35 24 | 04
#1174-d229 @A: 17 19 23 24 | 03
#1175-d229 @A: 24 26 34 23 | 09
#1176-d229 @A: 14 20 15 10 | 01
#1177-d229 @A: 35 21 11 15 | 10
#1178-d229 @A: 14 12 11 15 | 06
#1179-d229 @A: 04 15 23 21 | 05
#1180-d229 @A: 34 30 15 05 | 02
#1181-d229 @A: 20 04 15 27 | 11
#1182-d229 @A: 12 15 20 28 | 08
#1183-d229 @A: 23 20 35 15 | 07
#1184-d229 @A: 06 13 15 23 | 12
#1185-d229 @A: 29 27 15 31 | 04
#1186-d229 @A: 11 13 32 10 | 03
#1187-d229 @A: 21 30 17 10 | 09
#1188-d229 @A: 29 10 30 20 | 01
#1189-d229 @A: 18 13 10 19 | 10
#1190-d229 @A: 06 10 18 28 | 06
#1191-d229 @A: 10 32 29 28 | 05
#1192-d229 @A: 10 27 12 19 | 02
#1193-d229 @A: 10 23 03 27 | 11
#1194-d229 @A: 11 16 20 31 | 08
#1195-d229 @A: 04 09 11 26 | 07
#1196-d229 @A: 06 28 31 11 | 12
#1197-d229 @A: 27 29 19 11 | 04
#1198-d229 @A: 25 22 11 03 | 03
#1199-d229 @A: 27 11 25 32 | 09
#1200-d229 @A: 12 11 03 29 | 01
#1201-d229 @A: 28 19 21 05 | 10
#1202-d229 @A: 20 06 30 21 | 06
#1203-d229 @A: 20 17 35 21 | 05
#1204-d229 @A: 35 28 13 21 | 02
#1205-d229 @A: 21 09 04 06 | 11
#1206-d229 @A: 27 21 28 06 | 08
#1207-d229 @A: 16 25 32 21 | 07
#1208-d229 @A: 29 03 21 16 | 12
#1209-d229 @A: 29 19 34 21 | 04
#1210-d229 @A: 35 32 21 12 | 03
#1211-d229 @A: 21 27 35 29 | 09
#1212-d229 @A: 32 21 26 22 | 01
#1213-d229 @A: 21 17 03 34 | 10
#1214-d229 @A: 28 05 14 34 | 06
#1215-d229 @A: 20 16 28 05 | 05
#1216-d229 @A: 16 13 05 30 | 02
#1217-d229 @A: 04 25 30 05 | 11
#1218-d229 @A: 05 03 08 19 | 08
#1219-d229 @A: 31 22 35 05 | 07
#1220-d229 @A: 32 35 06 05 | 12
#1221-d229 @A: 25 05 31 17 | 04
#1222-d229 @A: 14 26 09 13 | 03
#1223-d229 @A: 28 16 14 09 | 09
#1224-d229 @A: 18 14 30 08 | 01
#1225-d229 @A: 14 35 19 18 | 10
#1226-d229 @A: 29 23 27 14 | 06
#1227-d229 @A: 14 31 17 06 | 05
#1228-d229 @A: 13 09 25 20 | 02
#1229-d229 @A: 18 09 20 12 | 11
#1230-d229 @A: 08 23 03 20 | 08
#1231-d229 @A: 32 03 31 20 | 07
#1232-d229 @A: 27 34 26 20 | 12
#1233-d229 @A: 23 17 20 06 | 04
#1234-d229 @A: 08 13 19 17 | 03
#1235-d229 @A: 19 26 03 13 | 09
#1236-d229 @A: 13 35 27 23 | 01
#1237-d229 @A: 22 34 29 13 | 10
#1238-d229 @A: 09 16 17 35 | 06
#1239-d229 @A: 03 27 09 16 | 05
#1240-d229 @A: 22 26 09 12 | 02
#1241-d229 @A: 23 32 34 09 | 11
#1242-d229 @A: 29 19 18 26 | 08
#1243-d229 @A: 06 18 22 31 | 07
#1244-d229 @A: 12 18 27 23 | 12
#1245-d229 @A: 17 30 08 22 | 04
#1246-d229 @A: 22 26 06 30 | 03
#1247-d229 @A: 32 30 27 08 | 09
#1248-d229 @A: 26 17 30 31 | 01
#1249-d229 @A: 32 04 16 23 | 10
#1250-d229 @A: 12 04 29 31 | 06
#1251-d229 @A: 26 04 27 29 | 05
#1252-d229 @A: 16 12 28 22 | 02
#1253-d229 @A: 16 08 28 25 | 11
#1254-d229 @A: 28 29 25 12 | 08
#1255-d229 @A: 33 01 05 34 | 07
#1256-d229 @A: 01 21 02 31 | 12
#1257-d229 @A: 01 28 32 07 | 04
#1258-d229 @A: 30 01 08 24 | 03
#1259-d229 @A: 01 35 04 24 | 09
#1260-d229 @A: 01 15 05 19 | 01
#1261-d229 @A: 15 03 01 23 | 10
#1262-d229 @A: 01 32 11 31 | 06
#1263-d229 @A: 14 01 09 34 | 05
#1264-d229 @A: 01 26 27 14 | 02
#1265-d229 @A: 09 01 13 29 | 11
#1266-d229 @A: 01 25 09 04 | 08
#1267-d229 @A: 18 01 19 30 | 07
#1268-d229 @A: 01 25 06 30 | 12
#1269-d229 @A: 01 28 19 16 | 04
#1270-d229 @A: 01 29 32 16 | 03
#1271-d229 @A: 06 27 01 22 | 09
#1272-d229 @A: 23 12 01 34 | 01
#1273-d229 @A: 33 14 07 35 | 10
#1274-d229 @A: 15 23 22 33 | 06
#1275-d229 @A: 33 25 10 11 | 05
#1276-d229 @A: 33 06 11 20 | 02
#1277-d229 @A: 11 33 28 32 | 11
#1278-d229 @A: 05 22 17 33 | 08
#1279-d229 @A: 33 31 05 06 | 07
#1280-d229 @A: 14 17 09 33 | 12
#1281-d229 @A: 14 28 25 33 | 04
#1282-d229 @A: 06 33 14 35 | 03
#1283-d229 @A: 19 25 20 33 | 09
#1284-d229 @A: 26 20 33 23 | 01
#1285-d229 @A: 25 27 22 33 | 10
#1286-d229 @A: 02 31 30 24 | 06
#1287-d229 @A: 02 29 24 12 | 05
#1288-d229 @A: 19 02 10 21 | 02
#1289-d229 @A: 11 23 02 14 | 11
#1290-d229 @A: 08 02 04 21 | 08
#1291-d229 @A: 20 31 05 02 | 07
#1292-d229 @A: 14 02 06 16 | 12
#1293-d229 @A: 06 23 02 30 | 04
#1294-d229 @A: 34 16 35 02 | 03
#1295-d229 @A: 22 34 19 02 | 09
#1296-d229 @A: 03 02 31 12 | 01
#1297-d229 @A: 02 27 17 23 | 10
#1298-d229 @A: 29 07 34 11 | 06
#1299-d229 @A: 07 05 27 13 | 05
#1300-d229 @A: 05 28 07 35 | 02
#1301-d229 @A: 27 09 07 06 | 11
#1302-d229 @A: 32 04 07 18 | 08
#1303-d229 @A: 03 29 07 35 | 07
#1304-d229 @A: 26 17 25 07 | 12
#1305-d229 @A: 15 09 26 24 | 04
#1306-d229 @A: 10 06 24 29 | 03
#1307-d229 @A: 11 14 03 24 | 09
#1308-d229 @A: 32 30 24 11 | 01
#1309-d229 @A: 21 13 24 34 | 10
#1310-d229 @A: 28 24 03 21 | 06
#1311-d229 @A: 35 19 21 24 | 05
#1312-d229 @A: 13 32 28 24 | 02
#1313-d229 @A: 24 26 29 13 | 11
#1314-d229 @A: 08 28 06 24 | 08
#1315-d229 @A: 35 12 27 24 | 07
#1316-d229 @A: 25 06 24 34 | 12
#1317-d229 @A: 23 27 24 06 | 04
#1318-d229 @A: 17 24 03 26 | 03
#1319-d229 @A: 21 10 32 15 | 09
#1320-d229 @A: 29 20 15 05 | 01
#1321-d229 @A: 04 15 05 03 | 10
#1322-d229 @A: 32 13 18 15 | 06
#1323-d229 @A: 30 31 13 15 | 05
#1324-d229 @A: 15 27 18 28 | 02
#1325-d229 @A: 04 32 29 15 | 11
#1326-d229 @A: 28 15 32 34 | 08
#1327-d229 @A: 35 17 06 15 | 07
#1328-d229 @A: 29 08 15 23 | 12
#1329-d229 @A: 32 15 03 25 | 04
#1330-d229 @A: 13 03 10 21 | 03
#1331-d229 @A: 21 16 18 10 | 09
#1332-d229 @A: 10 21 35 04 | 01
#1333-d229 @A: 29 10 13 05 | 10
#1334-d229 @A: 10 23 09 05 | 06
#1335-d229 @A: 10 18 14 25 | 05
#1336-d229 @A: 31 10 20 13 | 02
#1337-d229 @A: 19 16 25 10 | 11
#1338-d229 @A: 34 22 10 23 | 08
#1339-d229 @A: 10 27 08 29 | 07
#1340-d229 @A: 12 08 10 03 | 12
#1341-d229 @A: 12 10 26 32 | 04
#1342-d229 @A: 34 29 25 10 | 03
#1343-d229 @A: 21 12 11 20 | 09
#1344-d229 @A: 21 18 03 11 | 01
#1345-d229 @A: 23 11 30 21 | 10
#1346-d229 @A: 25 18 20 11 | 06
#1347-d229 @A: 22 30 04 11 | 05
#1348-d229 @A: 16 26 17 11 | 02
#1349-d229 @A: 19 23 25 11 | 11
#1350-d229 @A: 08 35 27 11 | 08
#1351-d229 @A: 25 14 20 21 | 07
#1352-d229 @A: 14 27 21 31 | 12
#1353-d229 @A: 21 17 13 26 | 04
#1354-d229 @A: 21 27 09 04 | 03
#1355-d229 @A: 17 20 14 05 | 09
#1356-d229 @A: 06 14 05 04 | 01
#1357-d229 @A: 05 34 13 20 | 10
#1358-d229 @A: 09 04 29 05 | 06
#1359-d229 @A: 03 34 09 05 | 05
#1360-d229 @A: 17 26 05 35 | 02
#1361-d229 @A: 29 32 31 05 | 11
#1362-d229 @A: 32 05 12 25 | 08
#1363-d229 @A: 14 27 34 13 | 07
#1364-d229 @A: 18 28 14 32 | 12
#1365-d229 @A: 14 35 27 25 | 04
#1366-d229 @A: 27 14 17 12 | 03
#1367-d229 @A: 30 12 20 35 | 09
#1368-d229 @A: 19 32 20 17 | 01
#1369-d229 @A: 03 34 19 20 | 10
#1370-d229 @A: 20 31 26 19 | 06
#1371-d229 @A: 09 06 03 13 | 05
#1372-d229 @A: 28 13 27 30 | 02
#1373-d229 @A: 31 08 13 12 | 11
#1374-d229 @A: 13 17 23 32 | 08
#1375-d229 @A: 29 13 23 03 | 07
#1376-d229 @A: 23 13 34 25 | 12
#1377-d229 @A: 29 18 09 06 | 04
#1378-d229 @A: 09 16 19 08 | 03
#1379-d229 @A: 22 09 19 23 | 09
#1380-d229 @A: 08 35 09 03 | 01
#1381-d229 @A: 09 31 32 17 | 10
#1382-d229 @A: 27 18 26 35 | 06
#1383-d229 @A: 34 32 22 18 | 05
#1384-d229 @A: 31 18 08 27 | 02
#1385-d229 @A: 18 32 29 12 | 11
#1386-d229 @A: 29 18 31 03 | 08
#1387-d229 @A: 30 34 16 19 | 07
#1388-d229 @A: 16 32 30 03 | 12
#1389-d229 @A: 04 06 19 16 | 04
#1390-d229 @A: 04 23 27 19 | 03
#1391-d229 @A: 23 17 04 35 | 09
#1392-d229 @A: 22 32 12 04 | 01
#1393-d229 @A: 22 31 17 04 | 10
#1394-d229 @A: 17 23 28 25 | 06
#1395-d229 @A: 12 06 32 27 | 05
#1396-d229 @A: 33 01 19 10 | 02
#1397-d229 @A: 01 02 23 28 | 11
#1398-d229 @A: 25 01 14 07 | 08
#1399-d229 @A: 35 01 25 15 | 07
#1400-d229 @A: 01 10 35 12 | 12
#1401-d229 @A: 23 11 18 01 | 04
#1402-d229 @A: 11 08 01 06 | 03
#1403-d229 @A: 01 12 20 05 | 09
#1404-d229 @A: 31 05 01 04 | 01
#1405-d229 @A: 12 31 01 14 | 10
#1406-d229 @A: 12 28 09 01 | 06
#1407-d229 @A: 16 01 22 35 | 05
#1408-d229 @A: 19 26 22 01 | 02
#1409-d229 @A: 08 19 01 31 | 11
#1410-d229 @A: 34 01 08 27 | 08
#1411-d229 @A: 03 31 01 27 | 07
#1412-d229 @A: 02 33 19 24 | 12
#1413-d229 @A: 05 02 33 12 | 04
#1414-d229 @A: 27 20 33 02 | 03
#1415-d229 @A: 07 10 03 33 | 09
#1416-d229 @A: 08 33 07 20 | 01
#1417-d229 @A: 29 33 05 24 | 10
#1418-d229 @A: 16 10 05 33 | 06
#1419-d229 @A: 10 28 12 33 | 05
#1420-d229 @A: 21 33 32 13 | 02
#1421-d229 @A: 21 04 33 25 | 11
#1422-d229 @A: 21 33 03 27 | 08
#1423-d229 @A: 14 34 22 33 | 07
#1424-d229 @A: 19 33 09 13 | 12
#1425-d229 @A: 33 13 18 22 | 04
#1426-d229 @A: 33 06 12 13 | 03
#1427-d229 @A: 34 18 35 33 | 09
#1428-d229 @A: 30 28 33 23 | 01
#1429-d229 @A: 17 33 16 34 | 10
#1430-d229 @A: 33 27 08 19 | 06
#1431-d229 @A: 33 08 03 06 | 05
#1432-d229 @A: 07 29 17 02 | 02
#1433-d229 @A: 24 11 08 02 | 11
#1434-d229 @A: 04 27 24 02 | 08
#1435-d229 @A: 24 06 35 02 | 07
#1436-d229 @A: 02 11 13 35 | 12
#1437-d229 @A: 32 11 02 04 | 04
#1438-d229 @A: 19 11 03 02 | 03
#1439-d229 @A: 23 21 09 02 | 09
#1440-d229 @A: 30 35 14 02 | 01
#1441-d229 @A: 28 12 14 02 | 10
#1442-d229 @A: 02 34 17 13 | 06
#1443-d229 @A: 02 32 23 18 | 05
#1444-d229 @A: 03 02 34 06 | 02
#1445-d229 @A: 06 07 18 24 | 11
#1446-d229 @A: 07 31 25 24 | 08
#1447-d229 @A: 15 07 21 17 | 07
#1448-d229 @A: 12 04 07 15 | 12
#1449-d229 @A: 07 10 05 32 | 04
#1450-d229 @A: 30 35 07 21 | 03
#1451-d229 @A: 06 21 23 07 | 09
#1452-d229 @A: 07 08 04 05 | 01
#1453-d229 @A: 18 20 07 17 | 10
#1454-d229 @A: 16 07 20 30 | 06
#1455-d229 @A: 23 18 34 07 | 05
#1456-d229 @A: 07 06 17 04 | 02
#1457-d229 @A: 16 07 29 12 | 11
#1458-d229 @A: 24 08 15 21 | 08
#1459-d229 @A: 29 11 10 24 | 07
#1460-d229 @A: 12 09 24 11 | 12
#1461-d229 @A: 14 34 24 20 | 04
#1462-d229 @A: 08 24 03 29 | 03
#1463-d229 @A: 12 08 24 26 | 09
#1464-d229 @A: 15 30 26 11 | 01
#1465-d229 @A: 15 04 16 11 | 10
#1466-d229 @A: 27 15 21 05 | 06
#1467-d229 @A: 21 15 28 22 | 05
#1468-d229 @A: 15 06 32 28 | 02
#1469-d229 @A: 12 34 15 35 | 11
#1470-d229 @A: 08 27 17 15 | 08
#1471-d229 @A: 21 10 27 28 | 07
#1472-d229 @A: 10 34 09 20 | 12
#1473-d229 @A: 23 13 30 10 | 04
#1474-d229 @A: 26 10 04 13 | 03
#1475-d229 @A: 12 10 04 09 | 09
#1476-d229 @A: 17 09 10 28 | 01
#1477-d229 @A: 10 26 27 16 | 10
#1478-d229 @A: 03 22 35 10 | 06
#1479-d229 @A: 29 31 10 35 | 05
#1480-d229 @A: 35 34 10 06 | 02
#1481-d229 @A: 26 06 12 10 | 11
#1482-d229 @A: 16 09 21 11 | 08
#1483-d229 @A: 11 20 08 04 | 07
#1484-d229 @A: 11 29 35 30 | 12
#1485-d229 @A: 27 11 22 16 | 04
#1486-d229 @A: 08 34 11 17 | 03
#1487-d229 @A: 32 06 11 17 | 09
#1488-d229 @A: 11 29 06 26 | 01
#1489-d229 @A: 27 17 11 03 | 10
#1490-d229 @A: 14 09 21 05 | 06
#1491-d229 @A: 03 21 30 05 | 05
#1492-d229 @A: 21 06 03 05 | 02
#1493-d229 @A: 21 14 23 22 | 11
#1494-d229 @A: 12 09 21 13 | 08
#1495-d229 @A: 28 23 21 18 | 07
#1496-d229 @A: 21 23 29 25 | 12
#1497-d229 @A: 05 04 26 14 | 04
#1498-d229 @A: 20 09 08 05 | 03
#1499-d229 @A: 25 27 19 05 | 09
#1500-d229 @A: 05 29 35 34 | 01
#1501-d229 @A: 08 05 29 25 | 10
#1502-d229 @A: 14 16 13 04 | 06
#1503-d229 @A: 22 09 18 14 | 05
#1504-d229 @A: 17 14 32 16 | 02
#1505-d229 @A: 14 29 34 16 | 11
#1506-d229 @A: 35 34 17 14 | 08
#1507-d229 @A: 32 06 14 08 | 07
#1508-d229 @A: 23 14 03 12 | 12
#1509-d229 @A: 06 20 12 03 | 04
#1510-d229 @A: 12 26 25 20 | 03
#1511-d229 @A: 30 04 34 13 | 09
#1512-d229 @A: 16 13 23 19 | 01
#1513-d229 @A: 17 25 13 35 | 10
#1514-d229 @A: 13 06 26 17 | 06
#1515-d229 @A: 09 16 32 26 | 05
#1516-d229 @A: 35 25 34 09 | 02
#1517-d229 @A: 25 27 09 23 | 11
#1518-d229 @A: 03 25 09 31 | 08
#1519-d229 @A: 18 04 30 35 | 07
#1520-d229 @A: 26 18 28 22 | 12
#1521-d229 @A: 16 32 18 31 | 04
#1522-d229 @A: 12 18 31 22 | 03
#1523-d229 @A: 18 25 26 03 | 09
#1524-d229 @A: 16 17 30 28 | 01
#1525-d229 @A: 29 35 30 06 | 10
#1526-d229 @A: 25 30 34 17 | 06
#1527-d229 @A: 22 04 16 29 | 05
#1528-d229 @A: 32 04 26 35 | 02
#1529-d229 @A: 04 27 32 03 | 11
#1530-d229 @A: 31 04 32 25 | 08
#1531-d229 @A: 12 34 04 17 | 07
#1532-d229 @A: 17 25 04 27 | 12
#1533-d229 @A: 06 23 04 26 | 04
#1534-d229 @A: 35 32 16 28 | 03
#1535-d229 @A: 16 28 23 26 | 09
#1536-d229 @A: 25 27 31 28 | 01
#1537-d229 @A: 06 31 16 32 | 10
#1538-d229 @A: 33 04 26 01 | 06
#1539-d229 @A: 07 19 01 02 | 05
#1540-d229 @A: 01 02 22 15 | 02
#1541-d229 @A: 20 22 01 07 | 11
#1542-d229 @A: 07 13 01 31 | 08
#1543-d229 @A: 27 01 10 22 | 07
#1544-d229 @A: 20 01 30 21 | 12
#1545-d229 @A: 18 22 01 21 | 04
#1546-d229 @A: 08 12 21 01 | 03
#1547-d229 @A: 21 12 01 06 | 09
#1548-d229 @A: 05 25 22 01 | 01
#1549-d229 @A: 35 14 23 01 | 10
#1550-d229 @A: 13 20 01 03 | 06
#1551-d229 @A: 04 17 01 16 | 05
#1552-d229 @A: 26 16 01 31 | 02
#1553-d229 @A: 35 34 01 26 | 11
#1554-d229 @A: 27 29 01 17 | 08
#1555-d229 @A: 31 29 23 01 | 07
#1556-d229 @A: 17 01 12 26 | 12
#1557-d229 @A: 02 33 21 35 | 04
#1558-d229 @A: 11 30 07 33 | 03
#1559-d229 @A: 28 33 17 07 | 09
#1560-d229 @A: 07 33 12 34 | 01
#1561-d229 @A: 18 33 24 27 | 10
#1562-d229 @A: 33 24 30 03 | 06
#1563-d229 @A: 33 16 15 09 | 05
#1564-d229 @A: 22 33 04 10 | 02
#1565-d229 @A: 10 33 08 34 | 11
#1566-d229 @A: 33 18 19 11 | 08
#1567-d229 @A: 21 34 33 30 | 07
#1568-d229 @A: 14 05 27 33 | 12
#1569-d229 @A: 19 22 35 33 | 04
#1570-d229 @A: 12 17 35 33 | 03
#1571-d229 @A: 33 29 34 31 | 09
#1572-d229 @A: 25 03 34 33 | 01
#1573-d229 @A: 24 09 02 07 | 10
#1574-d229 @A: 02 07 34 20 | 06
#1575-d229 @A: 24 05 02 13 | 05
#1576-d229 @A: 15 02 17 18 | 02
#1577-d229 @A: 30 27 21 02 | 11
#1578-d229 @A: 12 04 20 02 | 08
#1579-d229 @A: 20 28 32 02 | 07
#1580-d229 @A: 02 23 20 16 | 12
#1581-d229 @A: 02 20 06 31 | 04
#1582-d229 @A: 17 02 35 03 | 03
#1583-d229 @A: 22 32 02 17 | 09
#1584-d229 @A: 02 31 22 27 | 01
#1585-d229 @A: 27 34 02 29 | 10
#1586-d229 @A: 07 35 10 24 | 06
#1587-d229 @A: 34 07 24 04 | 05
#1588-d229 @A: 07 05 20 25 | 02
#1589-d229 @A: 27 19 09 07 | 11
#1590-d229 @A: 17 22 07 03 | 08
#1591-d229 @A: 31 07 17 08 | 07
#1592-d229 @A: 07 26 32 34 | 12
#1593-d229 @A: 24 35 15 05 | 04
#1594-d229 @A: 19 10 24 05 | 03
#1595-d229 @A: 18 11 24 13 | 09
#1596-d229 @A: 24 35 11 25 | 01
#1597-d229 @A: 05 18 24 26 | 10
#1598-d229 @A: 24 28 26 20 | 06
#1599-d229 @A: 03 09 32 24 | 05
#1600-d229 @A: 09 25 17 24 | 02
#1601-d229 @A: 16 22 03 24 | 11
#1602-d229 @A: 08 16 24 17 | 08
#1603-d229 @A: 23 12 24 31 | 07
#1604-d229 @A: 24 26 31 27 | 12
#1605-d229 @A: 06 15 10 21 | 04
#1606-d229 @A: 10 26 15 28 | 03
#1607-d229 @A: 26 21 19 15 | 09
#1608-d229 @A: 18 14 15 31 | 01
#1609-d229 @A: 25 20 15 30 | 10
#1610-d229 @A: 15 09 13 08 | 06
#1611-d229 @A: 13 15 26 25 | 05
#1612-d229 @A: 12 15 18 06 | 02
#1613-d229 @A: 30 28 04 15 | 11
#1614-d229 @A: 16 15 17 03 | 08
#1615-d229 @A: 15 08 22 32 | 07
#1616-d229 @A: 31 15 26 32 | 12
#1617-d229 @A: 03 15 06 29 | 04
#1618-d229 @A: 15 23 17 26 | 03
#1619-d229 @A: 11 20 23 10 | 09
#1620-d229 @A: 10 08 11 16 | 01
#1621-d229 @A: 05 10 35 30 | 10
#1622-d229 @A: 26 14 35 10 | 06
#1623-d229 @A: 06 08 10 14 | 05
#1624-d229 @A: 10 14 03 29 | 02
#1625-d229 @A: 25 28 10 13 | 11
#1626-d229 @A: 09 26 10 30 | 08
#1627-d229 @A: 09 17 10 06 | 07
#1628-d229 @A: 35 10 32 25 | 12
#1629-d229 @A: 11 21 13 27 | 04
#1630-d229 @A: 05 30 08 11 | 03
#1631-d229 @A: 05 19 04 11 | 09
#1632-d229 @A: 35 11 09 20 | 01
#1633-d229 @A: 17 35 11 18 | 10
#1634-d229 @A: 32 08 11 18 | 06
#1635-d229 @A: 11 12 27 04 | 05
#1636-d229 @A: 11 19 32 22 | 02
#1637-d229 @A: 11 32 35 34 | 11
#1638-d229 @A: 22 31 26 11 | 08
#1639-d229 @A: 32 26 11 29 | 07
#1640-d229 @A: 13 04 29 21 | 12
#1641-d229 @A: 30 19 21 22 | 04
#1642-d229 @A: 19 21 25 03 | 03
#1643-d229 @A: 22 21 08 25 | 09
#1644-d229 @A: 03 32 21 08 | 01
#1645-d229 @A: 30 20 05 19 | 10
#1646-d229 @A: 05 20 04 23 | 06
#1647-d229 @A: 32 13 05 26 | 05
#1648-d229 @A: 05 09 32 28 | 02
#1649-d229 @A: 28 18 25 05 | 11
#1650-d229 @A: 05 29 12 19 | 08
#1651-d229 @A: 34 05 22 12 | 07
#1652-d229 @A: 34 32 05 27 | 12
#1653-d229 @A: 05 27 29 03 | 04
#1654-d229 @A: 28 20 23 14 | 03
#1655-d229 @A: 14 26 20 06 | 09
#1656-d229 @A: 14 04 08 09 | 01
#1657-d229 @A: 14 18 04 23 | 10
#1658-d229 @A: 19 03 14 16 | 06
#1659-d229 @A: 29 19 14 32 | 05
#1660-d229 @A: 14 25 19 34 | 02
#1661-d229 @A: 14 12 08 29 | 11
#1662-d229 @A: 17 08 14 26 | 08
#1663-d229 @A: 20 06 17 16 | 07
#1664-d229 @A: 27 20 31 17 | 12
#1665-d229 @A: 13 23 28 31 | 04
#1666-d229 @A: 22 13 17 16 | 03
#1667-d229 @A: 35 13 06 34 | 09
#1668-d229 @A: 35 26 31 13 | 01
#1669-d229 @A: 31 13 32 34 | 10
#1670-d229 @A: 17 12 13 29 | 06
#1671-d229 @A: 16 18 09 30 | 05
#1672-d229 @A: 09 30 04 19 | 02
#1673-d229 @A: 25 19 09 26 | 11
#1674-d229 @A: 31 09 27 12 | 08
#1675-d229 @A: 19 31 25 18 | 07
#1676-d229 @A: 25 22 17 18 | 12
#1677-d229 @A: 19 08 23 30 | 04
#1678-d229 @A: 30 29 06 31 | 03
#1679-d229 @A: 04 31 16 27 | 09
#1680-d229 @A: 04 19 32 08 | 01
#1681-d229 @A: 04 23 22 25 | 10
#1682-d229 @A: 04 03 31 08 | 06
#1683-d229 @A: 34 29 06 04 | 05
#1684-d229 @A: 16 03 31 28 | 02
#1685-d229 @A: 19 28 34 27 | 11
#1686-d229 @A: 19 28 23 03 | 08
#1687-d229 @A: 25 19 06 26 | 07
#1688-d229 @A: 23 22 06 03 | 12
#1689-d229 @A: 27 06 29 17 | 04
