#0001-d294 @A: 26 14 28 12 | 12
#0002-d294 @A: 14 17 12 07 | 10
#0003-d294 @A: 12 09 14 32 | 07
#0004-d294 @A: 05 35 12 24 | 05
#0005-d294 @A: 33 35 26 12 | 06
#0006-d294 @A: 35 20 12 34 | 09
#0007-d294 @A: 35 15 12 27 | 02
#0008-d294 @A: 22 20 12 04 | 04
#0009-d294 @A: 01 14 12 34 | 08
#0010-d294 @A: 27 12 25 16 | 01
#0011-d294 @A: 32 15 12 22 | 03
#0012-d294 @A: 03 21 32 12 | 11
#0013-d294 @A: 06 15 29 12 | 12
#0014-d294 @A: 12 17 19 11 | 10
#0015-d294 @A: 35 34 28 07 | 07
#0016-d294 @A: 20 28 17 07 | 05
#0017-d294 @A: 28 21 07 14 | 06
#0018-d294 @A: 28 31 18 27 | 09
#0019-d294 @A: 28 09 14 24 | 02
#0020-d294 @A: 13 28 06 33 | 04
#0021-d294 @A: 30 28 13 26 | 08
#0022-d294 @A: 13 22 14 28 | 01
#0023-d294 @A: 28 14 04 29 | 03
#0024-d294 @A: 01 19 05 28 | 11
#0025-d294 @A: 28 23 17 01 | 12
#0026-d294 @A: 28 25 32 16 | 10
#0027-d294 @A: 24 22 28 31 | 07
#0028-d294 @A: 15 26 28 11 | 05
#0029-d294 @A: 28 17 15 10 | 06
#0030-d294 @A: 15 03 28 24 | 09
#0031-d294 @A: 15 23 18 07 | 02
#0032-d294 @A: 23 08 07 09 | 04
#0033-d294 @A: 09 15 07 04 | 08
#0034-d294 @A: 07 13 17 22 | 01
#0035-d294 @A: 07 20 08 10 | 03
#0036-d294 @A: 35 03 07 24 | 11
#0037-d294 @A: 07 23 04 05 | 12
#0038-d294 @A: 01 19 33 07 | 10
#0039-d294 @A: 07 33 10 11 | 07
#0040-d294 @A: 06 11 07 19 | 05
#0041-d294 @A: 07 21 29 11 | 06
#0042-d294 @A: 21 02 07 24 | 09
#0043-d294 @A: 35 27 18 33 | 02
#0044-d294 @A: 35 06 18 15 | 04
#0045-d294 @A: 31 10 18 04 | 08
#0046-d294 @A: 21 16 20 18 | 01
#0047-d294 @A: 20 18 11 30 | 03
#0048-d294 @A: 34 11 18 06 | 11
#0049-d294 @A: 19 10 18 17 | 12
#0050-d294 @A: 19 27 21 18 | 10
#0051-d294 @A: 03 17 18 24 | 07
#0052-d294 @A: 09 13 16 34 | 05
#0053-d294 @A: 29 35 08 09 | 06
#0054-d294 @A: 09 01 26 08 | 09
#0055-d294 @A: 04 26 09 19 | 02
#0056-d294 @A: 01 09 23 05 | 04
#0057-d294 @A: 16 09 30 17 | 08
#0058-d294 @A: 20 09 15 32 | 01
#0059-d294 @A: 09 29 32 17 | 03
#0060-d294 @A: 09 31 23 22 | 11
#0061-d294 @A: 09 34 29 26 | 12
#0062-d294 @A: 19 09 24 29 | 10
#0063-d294 @A: 09 11 34 03 | 07
#0064-d294 @A: 11 09 27 23 | 05
#0065-d294 @A: 13 03 01 35 | 06
#0066-d294 @A: 04 34 20 13 | 09
#0067-d294 @A: 29 13 20 16 | 02
#0068-d294 @A: 34 13 11 17 | 04
#0069-d294 @A: 15 13 17 27 | 08
#0070-d294 @A: 04 08 31 06 | 01
#0071-d294 @A: 04 08 20 21 | 03
#0072-d294 @A: 16 10 14 08 | 11
#0073-d294 @A: 29 08 23 16 | 12
#0074-d294 @A: 08 33 05 11 | 10
#0075-d294 @A: 08 25 05 24 | 07
#0076-d294 @A: 32 31 08 26 | 05
#0077-d294 @A: 20 08 31 11 | 06
#0078-d294 @A: 22 14 08 21 | 09
#0079-d294 @A: 08 26 03 06 | 02
#0080-d294 @A: 11 04 35 01 | 04
#0081-d294 @A: 02 35 30 04 | 08
#0082-d294 @A: 29 35 20 05 | 01
#0083-d294 @A: 30 24 35 33 | 03
#0084-d294 @A: 30 35 26 27 | 11
#0085-d294 @A: 35 22 25 21 | 12
#0086-d294 @A: 26 35 34 15 | 10
#0087-d294 @A: 04 14 30 05 | 07
#0088-d294 @A: 32 04 03 31 | 05
#0089-d294 @A: 04 15 14 32 | 06
#0090-d294 @A: 32 04 17 24 | 09
#0091-d294 @A: 22 21 04 33 | 02
#0092-d294 @A: 04 26 25 27 | 04
#0093-d294 @A: 02 01 06 16 | 08
#0094-d294 @A: 01 06 26 19 | 01
#0095-d294 @A: 15 01 23 34 | 03
#0096-d294 @A: 11 10 14 01 | 11
#0097-d294 @A: 01 24 25 23 | 12
#0098-d294 @A: 16 10 15 05 | 10
#0099-d294 @A: 32 17 33 16 | 07
#0100-d294 @A: 32 29 31 16 | 05
#0101-d294 @A: 20 16 06 33 | 06
#0102-d294 @A: 31 22 02 16 | 09
#0103-d294 @A: 26 24 16 34 | 02
#0104-d294 @A: 11 10 16 27 | 04
#0105-d294 @A: 10 16 02 03 | 08
#0106-d294 @A: 03 32 33 05 | 01
#0107-d294 @A: 21 05 29 32 | 03
#0108-d294 @A: 22 15 33 05 | 11
#0109-d294 @A: 30 02 05 21 | 12
#0110-d294 @A: 06 05 10 25 | 10
#0111-d294 @A: 05 03 10 21 | 07
#0112-d294 @A: 21 24 05 27 | 05
#0113-d294 @A: 19 32 33 30 | 06
#0114-d294 @A: 02 20 32 27 | 09
#0115-d294 @A: 26 03 25 32 | 02
#0116-d294 @A: 19 24 06 33 | 04
#0117-d294 @A: 34 33 02 26 | 08
#0118-d294 @A: 26 25 11 33 | 01
#0119-d294 @A: 33 25 29 19 | 03
#0120-d294 @A: 33 02 19 17 | 11
#0121-d294 @A: 29 34 33 24 | 12
#0122-d294 @A: 14 02 15 33 | 10
#0123-d294 @A: 31 15 27 06 | 07
#0124-d294 @A: 25 19 31 03 | 05
#0125-d294 @A: 17 31 21 19 | 06
#0126-d294 @A: 27 31 02 19 | 09
#0127-d294 @A: 31 23 25 11 | 02
#0128-d294 @A: 24 11 31 27 | 04
#0129-d294 @A: 06 10 30 29 | 08
#0130-d294 @A: 26 11 22 27 | 01
#0131-d294 @A: 20 27 06 23 | 03
#0132-d294 @A: 11 27 20 25 | 11
#0133-d294 @A: 20 25 14 03 | 12
#0134-d294 @A: 14 26 02 29 | 10
#0135-d294 @A: 19 23 34 14 | 07
#0136-d294 @A: 02 28 32 12 | 05
#0137-d294 @A: 31 07 12 06 | 06
#0138-d294 @A: 23 17 07 12 | 09
#0139-d294 @A: 35 19 12 18 | 02
#0140-d294 @A: 18 15 20 12 | 04
#0141-d294 @A: 33 09 12 34 | 08
#0142-d294 @A: 05 12 25 01 | 01
#0143-d294 @A: 12 26 05 22 | 03
#0144-d294 @A: 30 32 34 12 | 11
#0145-d294 @A: 12 19 26 21 | 12
#0146-d294 @A: 29 03 12 26 | 10
#0147-d294 @A: 28 13 35 24 | 07
#0148-d294 @A: 08 16 28 30 | 05
#0149-d294 @A: 28 11 30 04 | 06
#0150-d294 @A: 04 23 28 21 | 09
#0151-d294 @A: 34 23 27 28 | 02
#0152-d294 @A: 28 24 17 29 | 04
#0153-d294 @A: 09 19 14 07 | 08
#0154-d294 @A: 07 13 04 25 | 01
#0155-d294 @A: 13 07 20 06 | 03
#0156-d294 @A: 11 20 35 07 | 11
#0157-d294 @A: 29 04 07 01 | 12
#0158-d294 @A: 01 07 30 24 | 10
#0159-d294 @A: 16 23 33 07 | 07
#0160-d294 @A: 31 07 26 05 | 05
#0161-d294 @A: 05 07 22 25 | 06
#0162-d294 @A: 14 10 32 07 | 09
#0163-d294 @A: 30 33 07 34 | 02
#0164-d294 @A: 26 07 20 30 | 04
#0165-d294 @A: 26 15 27 07 | 08
#0166-d294 @A: 26 07 25 24 | 01
#0167-d294 @A: 07 02 34 25 | 03
#0168-d294 @A: 21 10 25 07 | 11
#0169-d294 @A: 11 07 02 23 | 12
#0170-d294 @A: 07 03 23 21 | 10
#0171-d294 @A: 05 02 09 18 | 07
#0172-d294 @A: 29 13 33 18 | 05
#0173-d294 @A: 13 25 18 22 | 06
#0174-d294 @A: 18 13 14 10 | 09
#0175-d294 @A: 31 08 29 18 | 02
#0176-d294 @A: 16 35 14 18 | 04
#0177-d294 @A: 18 35 03 22 | 08
#0178-d294 @A: 18 06 31 21 | 01
#0179-d294 @A: 34 10 20 18 | 03
#0180-d294 @A: 26 14 34 18 | 11
#0181-d294 @A: 24 23 34 18 | 12
#0182-d294 @A: 03 29 14 18 | 10
#0183-d294 @A: 13 09 24 08 | 07
#0184-d294 @A: 27 22 08 09 | 05
#0185-d294 @A: 09 11 01 24 | 06
#0186-d294 @A: 05 09 17 20 | 09
#0187-d294 @A: 29 05 27 09 | 02
#0188-d294 @A: 09 19 02 06 | 04
#0189-d294 @A: 11 06 21 09 | 08
#0190-d294 @A: 24 09 26 02 | 01
#0191-d294 @A: 10 15 09 11 | 03
#0192-d294 @A: 24 09 21 15 | 11
#0193-d294 @A: 27 02 09 25 | 12
#0194-d294 @A: 13 08 31 23 | 10
#0195-d294 @A: 10 35 13 20 | 07
#0196-d294 @A: 13 14 01 26 | 05
#0197-d294 @A: 17 13 06 16 | 06
#0198-d294 @A: 11 13 14 06 | 09
#0199-d294 @A: 21 13 25 03 | 02
#0200-d294 @A: 08 35 05 02 | 04
#0201-d294 @A: 35 11 08 22 | 08
#0202-d294 @A: 08 01 03 04 | 01
#0203-d294 @A: 04 23 08 32 | 03
#0204-d294 @A: 04 19 22 08 | 11
#0205-d294 @A: 30 08 19 01 | 12
#0206-d294 @A: 22 05 08 23 | 10
#0207-d294 @A: 08 17 30 33 | 07
#0208-d294 @A: 02 08 31 24 | 05
#0209-d294 @A: 10 03 08 30 | 06
#0210-d294 @A: 06 08 15 34 | 09
#0211-d294 @A: 29 08 24 06 | 02
#0212-d294 @A: 19 02 08 26 | 04
#0213-d294 @A: 08 15 26 23 | 08
#0214-d294 @A: 26 27 24 08 | 01
#0215-d294 @A: 08 19 10 24 | 03
#0216-d294 @A: 24 08 11 15 | 11
#0217-d294 @A: 17 14 25 08 | 12
#0218-d294 @A: 25 35 31 01 | 10
#0219-d294 @A: 32 35 23 30 | 07
#0220-d294 @A: 06 32 03 35 | 05
#0221-d294 @A: 03 27 35 29 | 06
#0222-d294 @A: 01 14 04 23 | 09
#0223-d294 @A: 04 03 16 05 | 02
#0224-d294 @A: 04 33 23 34 | 04
#0225-d294 @A: 06 26 24 04 | 08
#0226-d294 @A: 17 19 04 06 | 01
#0227-d294 @A: 26 14 04 19 | 03
#0228-d294 @A: 15 19 25 04 | 11
#0229-d294 @A: 14 04 34 10 | 12
#0230-d294 @A: 02 04 15 27 | 10
#0231-d294 @A: 21 01 19 22 | 07
#0232-d294 @A: 24 01 21 06 | 05
#0233-d294 @A: 01 19 25 10 | 06
#0234-d294 @A: 34 11 25 01 | 09
#0235-d294 @A: 03 29 01 10 | 02
#0236-d294 @A: 02 21 27 01 | 04
#0237-d294 @A: 05 21 06 16 | 08
#0238-d294 @A: 22 06 16 32 | 01
#0239-d294 @A: 31 16 19 26 | 03
#0240-d294 @A: 30 26 25 16 | 11
#0241-d294 @A: 29 11 16 06 | 12
#0242-d294 @A: 21 16 26 14 | 10
#0243-d294 @A: 34 29 19 16 | 07
#0244-d294 @A: 03 34 16 25 | 05
#0245-d294 @A: 21 14 05 32 | 06
#0246-d294 @A: 29 20 14 05 | 09
#0247-d294 @A: 05 26 10 14 | 02
#0248-d294 @A: 15 05 26 24 | 04
#0249-d294 @A: 29 05 23 24 | 08
#0250-d294 @A: 20 11 32 33 | 01
#0251-d294 @A: 30 14 32 20 | 03
#0252-d294 @A: 26 10 24 32 | 11
#0253-d294 @A: 32 34 19 25 | 12
#0254-d294 @A: 10 11 32 19 | 10
#0255-d294 @A: 32 29 25 24 | 07
#0256-d294 @A: 20 22 33 31 | 05
#0257-d294 @A: 33 02 27 22 | 06
#0258-d294 @A: 19 10 33 23 | 09
#0259-d294 @A: 34 10 27 33 | 02
#0260-d294 @A: 15 21 29 33 | 04
#0261-d294 @A: 30 20 29 31 | 08
#0262-d294 @A: 24 26 31 21 | 01
#0263-d294 @A: 23 31 15 19 | 03
#0264-d294 @A: 15 31 29 25 | 11
#0265-d294 @A: 11 03 21 31 | 12
#0266-d294 @A: 03 17 31 23 | 10
#0267-d294 @A: 19 30 02 03 | 07
#0268-d294 @A: 30 34 23 11 | 05
#0269-d294 @A: 29 23 30 03 | 06
#0270-d294 @A: 24 15 20 22 | 09
#0271-d294 @A: 06 22 19 10 | 02
#0272-d294 @A: 03 27 22 15 | 04
#0273-d294 @A: 25 06 34 20 | 08
#0274-d294 @A: 20 26 27 34 | 01
#0275-d294 @A: 20 15 21 02 | 03
#0276-d294 @A: 10 03 02 14 | 11
#0277-d294 @A: 34 28 15 12 | 12
#0278-d294 @A: 12 35 07 08 | 10
#0279-d294 @A: 07 01 10 12 | 07
#0280-d294 @A: 18 03 12 16 | 05
#0281-d294 @A: 12 18 02 30 | 06
#0282-d294 @A: 12 06 13 05 | 09
#0283-d294 @A: 04 33 19 12 | 02
#0284-d294 @A: 20 10 16 12 | 04
#0285-d294 @A: 20 16 14 12 | 08
#0286-d294 @A: 33 23 30 12 | 01
#0287-d294 @A: 12 30 17 29 | 03
#0288-d294 @A: 02 24 12 34 | 11
#0289-d294 @A: 24 21 29 12 | 12
#0290-d294 @A: 18 34 04 28 | 10
#0291-d294 @A: 05 28 18 10 | 07
#0292-d294 @A: 33 03 18 28 | 05
#0293-d294 @A: 04 28 08 05 | 06
#0294-d294 @A: 32 35 27 28 | 09
#0295-d294 @A: 28 35 31 26 | 02
#0296-d294 @A: 04 28 31 25 | 04
#0297-d294 @A: 28 27 20 01 | 08
#0298-d294 @A: 28 03 26 05 | 01
#0299-d294 @A: 05 02 17 28 | 03
#0300-d294 @A: 27 21 30 28 | 11
#0301-d294 @A: 14 20 28 02 | 12
#0302-d294 @A: 21 06 28 19 | 10
#0303-d294 @A: 26 17 25 28 | 07
#0304-d294 @A: 07 18 05 11 | 05
#0305-d294 @A: 29 07 24 18 | 06
#0306-d294 @A: 07 09 34 20 | 09
#0307-d294 @A: 07 16 03 13 | 02
#0308-d294 @A: 07 10 13 23 | 04
#0309-d294 @A: 24 08 07 17 | 08
#0310-d294 @A: 02 33 04 07 | 01
#0311-d294 @A: 06 22 01 07 | 03
#0312-d294 @A: 15 07 20 05 | 11
#0313-d294 @A: 32 23 06 07 | 12
#0314-d294 @A: 24 33 07 22 | 10
#0315-d294 @A: 31 15 07 02 | 07
#0316-d294 @A: 10 06 15 07 | 05
#0317-d294 @A: 26 34 07 11 | 06
#0318-d294 @A: 25 17 19 07 | 09
#0319-d294 @A: 15 09 18 13 | 02
#0320-d294 @A: 02 26 18 04 | 04
#0321-d294 @A: 34 18 01 33 | 08
#0322-d294 @A: 22 18 01 10 | 01
#0323-d294 @A: 30 18 34 16 | 03
#0324-d294 @A: 18 05 32 19 | 11
#0325-d294 @A: 27 30 22 18 | 12
#0326-d294 @A: 34 18 22 17 | 10
#0327-d294 @A: 18 03 26 34 | 07
#0328-d294 @A: 25 02 18 19 | 05
#0329-d294 @A: 25 09 11 08 | 06
#0330-d294 @A: 09 16 35 23 | 09
#0331-d294 @A: 35 09 22 02 | 02
#0332-d294 @A: 20 21 35 09 | 04
#0333-d294 @A: 04 30 03 09 | 08
#0334-d294 @A: 20 04 23 09 | 01
#0335-d294 @A: 01 30 09 34 | 03
#0336-d294 @A: 24 05 22 09 | 11
#0337-d294 @A: 30 14 09 06 | 12
#0338-d294 @A: 17 15 26 09 | 10
#0339-d294 @A: 09 19 27 10 | 07
#0340-d294 @A: 09 02 03 23 | 05
#0341-d294 @A: 23 24 17 09 | 06
#0342-d294 @A: 08 13 04 14 | 09
#0343-d294 @A: 08 13 06 25 | 02
#0344-d294 @A: 31 29 13 04 | 04
#0345-d294 @A: 01 02 20 13 | 08
#0346-d294 @A: 16 19 13 33 | 01
#0347-d294 @A: 13 32 27 30 | 03
#0348-d294 @A: 06 13 26 15 | 11
#0349-d294 @A: 24 14 19 13 | 12
#0350-d294 @A: 13 21 11 23 | 10
#0351-d294 @A: 17 01 08 35 | 07
#0352-d294 @A: 35 08 15 32 | 05
#0353-d294 @A: 34 35 08 24 | 06
#0354-d294 @A: 25 01 08 16 | 09
#0355-d294 @A: 26 25 21 08 | 02
#0356-d294 @A: 11 08 34 02 | 04
#0357-d294 @A: 11 03 08 29 | 08
#0358-d294 @A: 22 27 35 16 | 01
#0359-d294 @A: 03 05 35 31 | 03
#0360-d294 @A: 33 22 17 35 | 11
#0361-d294 @A: 33 27 14 35 | 12
#0362-d294 @A: 10 35 31 15 | 10
#0363-d294 @A: 25 35 20 17 | 07
#0364-d294 @A: 34 19 35 02 | 05
#0365-d294 @A: 03 17 10 35 | 06
#0366-d294 @A: 35 25 11 03 | 09
#0367-d294 @A: 22 01 04 34 | 02
#0368-d294 @A: 22 16 04 25 | 04
#0369-d294 @A: 04 33 24 10 | 08
#0370-d294 @A: 27 34 04 06 | 01
#0371-d294 @A: 21 04 34 24 | 03
#0372-d294 @A: 11 17 04 27 | 11
#0373-d294 @A: 26 01 05 30 | 12
#0374-d294 @A: 22 02 01 05 | 10
#0375-d294 @A: 33 22 01 29 | 07
#0376-d294 @A: 20 15 33 01 | 05
#0377-d294 @A: 31 01 03 20 | 06
#0378-d294 @A: 29 31 01 24 | 09
#0379-d294 @A: 25 20 21 01 | 02
#0380-d294 @A: 01 29 06 17 | 04
#0381-d294 @A: 27 01 15 29 | 08
#0382-d294 @A: 31 16 05 17 | 01
#0383-d294 @A: 06 03 16 27 | 03
#0384-d294 @A: 16 26 15 29 | 11
#0385-d294 @A: 02 17 26 16 | 12
#0386-d294 @A: 16 25 24 21 | 10
#0387-d294 @A: 31 11 05 30 | 07
#0388-d294 @A: 26 06 29 05 | 05
#0389-d294 @A: 32 15 34 33 | 06
#0390-d294 @A: 19 32 17 27 | 09
#0391-d294 @A: 32 29 11 34 | 02
#0392-d294 @A: 14 33 31 29 | 04
#0393-d294 @A: 23 33 02 24 | 08
#0394-d294 @A: 17 34 31 20 | 01
#0395-d294 @A: 06 31 26 34 | 03
#0396-d294 @A: 11 31 06 17 | 11
#0397-d294 @A: 34 11 31 15 | 12
#0398-d294 @A: 19 26 23 30 | 10
#0399-d294 @A: 26 10 30 02 | 07
#0400-d294 @A: 24 19 30 21 | 05
#0401-d294 @A: 03 34 17 30 | 06
#0402-d294 @A: 24 30 10 14 | 09
#0403-d294 @A: 22 03 06 17 | 02
#0404-d294 @A: 10 22 03 25 | 04
#0405-d294 @A: 21 03 22 24 | 08
#0406-d294 @A: 11 02 19 20 | 01
#0407-d294 @A: 20 34 14 24 | 03
#0408-d294 @A: 28 27 09 12 | 11
#0409-d294 @A: 13 28 12 04 | 12
#0410-d294 @A: 13 31 17 12 | 10
#0411-d294 @A: 03 12 05 08 | 07
#0412-d294 @A: 05 12 14 08 | 05
#0413-d294 @A: 02 08 22 12 | 06
#0414-d294 @A: 21 34 12 08 | 09
#0415-d294 @A: 01 12 06 35 | 02
#0416-d294 @A: 10 32 35 12 | 04
#0417-d294 @A: 15 04 12 01 | 08
#0418-d294 @A: 12 04 25 10 | 01
#0419-d294 @A: 12 16 21 17 | 03
#0420-d294 @A: 33 12 06 14 | 11
#0421-d294 @A: 20 30 19 12 | 12
#0422-d294 @A: 22 06 24 12 | 10
#0423-d294 @A: 06 12 02 10 | 07
#0424-d294 @A: 23 12 03 06 | 05
#0425-d294 @A: 12 10 24 03 | 06
#0426-d294 @A: 12 29 14 15 | 09
#0427-d294 @A: 13 07 28 11 | 02
#0428-d294 @A: 02 28 07 08 | 04
#0429-d294 @A: 28 07 21 05 | 08
#0430-d294 @A: 28 19 20 13 | 01
#0431-d294 @A: 25 28 10 13 | 03
#0432-d294 @A: 31 08 17 28 | 11
#0433-d294 @A: 28 15 32 04 | 12
#0434-d294 @A: 28 06 32 05 | 10
#0435-d294 @A: 26 28 32 33 | 07
#0436-d294 @A: 28 22 21 32 | 05
#0437-d294 @A: 23 32 20 28 | 06
#0438-d294 @A: 20 02 28 30 | 09
#0439-d294 @A: 20 26 28 29 | 02
#0440-d294 @A: 24 06 11 28 | 04
#0441-d294 @A: 28 15 19 27 | 08
#0442-d294 @A: 31 01 07 18 | 01
#0443-d294 @A: 01 09 32 07 | 03
#0444-d294 @A: 22 21 07 09 | 11
#0445-d294 @A: 14 35 07 13 | 12
#0446-d294 @A: 32 05 07 13 | 10
#0447-d294 @A: 22 07 10 04 | 07
#0448-d294 @A: 04 24 20 07 | 05
#0449-d294 @A: 07 17 31 32 | 06
#0450-d294 @A: 03 10 07 31 | 09
#0451-d294 @A: 26 21 07 06 | 02
#0452-d294 @A: 07 10 29 27 | 04
#0453-d294 @A: 27 25 07 23 | 08
#0454-d294 @A: 35 18 01 09 | 01
#0455-d294 @A: 18 04 09 21 | 03
#0456-d294 @A: 18 09 30 24 | 11
#0457-d294 @A: 23 13 18 30 | 12
#0458-d294 @A: 18 16 24 08 | 10
#0459-d294 @A: 18 32 34 35 | 07
#0460-d294 @A: 11 18 35 29 | 05
#0461-d294 @A: 32 18 01 21 | 06
#0462-d294 @A: 24 31 05 18 | 09
#0463-d294 @A: 03 18 29 32 | 02
#0464-d294 @A: 15 30 33 18 | 04
#0465-d294 @A: 14 22 18 24 | 08
#0466-d294 @A: 23 18 26 27 | 01
#0467-d294 @A: 25 18 21 34 | 03
#0468-d294 @A: 15 18 10 25 | 11
#0469-d294 @A: 02 21 10 18 | 12
#0470-d294 @A: 24 27 18 10 | 10
#0471-d294 @A: 13 35 11 09 | 07
#0472-d294 @A: 08 09 10 05 | 05
#0473-d294 @A: 08 17 03 09 | 06
#0474-d294 @A: 04 27 31 09 | 09
#0475-d294 @A: 20 09 19 16 | 02
#0476-d294 @A: 09 10 22 34 | 04
#0477-d294 @A: 06 09 24 10 | 08
#0478-d294 @A: 17 13 08 20 | 01
#0479-d294 @A: 30 17 35 13 | 03
#0480-d294 @A: 16 13 30 04 | 11
#0481-d294 @A: 13 04 22 02 | 12
#0482-d294 @A: 13 16 31 27 | 10
#0483-d294 @A: 24 33 05 13 | 07
#0484-d294 @A: 22 30 20 13 | 05
#0485-d294 @A: 29 22 13 15 | 06
#0486-d294 @A: 13 02 10 29 | 09
#0487-d294 @A: 29 13 24 11 | 02
#0488-d294 @A: 35 08 33 23 | 04
#0489-d294 @A: 08 34 01 20 | 08
#0490-d294 @A: 06 33 32 08 | 01
#0491-d294 @A: 30 08 27 11 | 03
#0492-d294 @A: 20 15 08 29 | 11
#0493-d294 @A: 08 03 15 19 | 12
#0494-d294 @A: 08 15 34 14 | 10
#0495-d294 @A: 35 04 32 21 | 07
#0496-d294 @A: 32 33 01 35 | 05
#0497-d294 @A: 35 05 17 32 | 06
#0498-d294 @A: 30 35 21 31 | 09
#0499-d294 @A: 35 30 22 34 | 02
#0500-d294 @A: 35 27 17 34 | 04
#0501-d294 @A: 11 24 10 35 | 08
#0502-d294 @A: 29 35 15 17 | 01
#0503-d294 @A: 35 17 14 29 | 03
#0504-d294 @A: 35 11 27 21 | 11
#0505-d294 @A: 31 21 05 04 | 12
#0506-d294 @A: 22 14 33 04 | 10
#0507-d294 @A: 17 30 31 04 | 07
#0508-d294 @A: 26 04 31 22 | 05
#0509-d294 @A: 30 04 26 34 | 06
#0510-d294 @A: 30 29 04 25 | 09
#0511-d294 @A: 04 15 06 03 | 02
#0512-d294 @A: 23 06 04 29 | 04
#0513-d294 @A: 29 11 04 26 | 08
#0514-d294 @A: 21 04 29 19 | 01
#0515-d294 @A: 17 10 04 29 | 03
#0516-d294 @A: 11 24 23 04 | 11
#0517-d294 @A: 17 01 16 22 | 12
#0518-d294 @A: 20 05 06 01 | 10
#0519-d294 @A: 33 31 21 01 | 07
#0520-d294 @A: 23 33 01 11 | 05
#0521-d294 @A: 14 01 20 17 | 06
#0522-d294 @A: 06 01 27 25 | 09
#0523-d294 @A: 26 02 01 11 | 02
#0524-d294 @A: 01 27 19 34 | 04
#0525-d294 @A: 01 11 19 29 | 08
#0526-d294 @A: 01 17 27 10 | 01
#0527-d294 @A: 15 03 25 01 | 03
#0528-d294 @A: 19 22 16 05 | 11
#0529-d294 @A: 14 16 17 05 | 12
#0530-d294 @A: 25 15 33 16 | 10
#0531-d294 @A: 16 27 30 20 | 07
#0532-d294 @A: 11 30 02 16 | 05
#0533-d294 @A: 20 16 24 23 | 06
#0534-d294 @A: 16 10 24 17 | 09
#0535-d294 @A: 19 25 05 30 | 02
#0536-d294 @A: 14 05 11 15 | 04
#0537-d294 @A: 21 11 05 17 | 08
#0538-d294 @A: 02 27 03 05 | 01
#0539-d294 @A: 24 05 02 14 | 03
#0540-d294 @A: 21 15 32 06 | 11
#0541-d294 @A: 33 22 30 26 | 12
#0542-d294 @A: 27 33 20 19 | 10
#0543-d294 @A: 14 33 11 17 | 07
#0544-d294 @A: 22 25 31 17 | 05
#0545-d294 @A: 31 14 10 21 | 06
#0546-d294 @A: 30 15 02 17 | 09
#0547-d294 @A: 25 02 24 30 | 02
#0548-d294 @A: 22 34 20 19 | 04
#0549-d294 @A: 26 23 34 22 | 08
#0550-d294 @A: 15 10 22 26 | 01
#0551-d294 @A: 22 29 19 03 | 03
#0552-d294 @A: 11 34 21 22 | 11
#0553-d294 @A: 25 15 26 20 | 12
#0554-d294 @A: 14 25 15 21 | 10
#0555-d294 @A: 25 28 12 35 | 07
#0556-d294 @A: 12 11 28 01 | 05
#0557-d294 @A: 12 09 11 07 | 06
#0558-d294 @A: 17 18 12 04 | 09
#0559-d294 @A: 08 30 12 13 | 02
#0560-d294 @A: 16 06 12 08 | 04
#0561-d294 @A: 12 04 02 21 | 08
#0562-d294 @A: 01 27 22 12 | 01
#0563-d294 @A: 16 12 33 11 | 03
#0564-d294 @A: 05 29 12 10 | 11
#0565-d294 @A: 17 15 12 05 | 12
#0566-d294 @A: 20 25 33 12 | 10
#0567-d294 @A: 31 10 22 12 | 07
#0568-d294 @A: 12 27 06 17 | 05
#0569-d294 @A: 12 26 17 34 | 06
#0570-d294 @A: 19 12 27 24 | 09
#0571-d294 @A: 34 21 12 14 | 02
#0572-d294 @A: 15 24 12 23 | 04
#0573-d294 @A: 12 29 02 27 | 08
#0574-d294 @A: 26 07 28 09 | 01
#0575-d294 @A: 28 07 25 01 | 03
#0576-d294 @A: 02 22 18 28 | 11
#0577-d294 @A: 06 01 08 28 | 12
#0578-d294 @A: 27 33 28 08 | 10
#0579-d294 @A: 08 28 34 22 | 07
#0580-d294 @A: 04 17 33 28 | 05
#0581-d294 @A: 32 03 01 28 | 06
#0582-d294 @A: 28 29 22 16 | 09
#0583-d294 @A: 32 30 28 29 | 02
#0584-d294 @A: 28 11 22 33 | 04
#0585-d294 @A: 19 30 17 28 | 08
#0586-d294 @A: 14 11 30 28 | 01
#0587-d294 @A: 22 26 06 28 | 03
#0588-d294 @A: 28 27 10 06 | 11
#0589-d294 @A: 06 28 03 29 | 12
#0590-d294 @A: 28 02 06 23 | 10
#0591-d294 @A: 21 28 10 26 | 07
#0592-d294 @A: 28 29 19 02 | 05
#0593-d294 @A: 18 14 01 07 | 06
#0594-d294 @A: 07 18 16 17 | 09
#0595-d294 @A: 09 07 03 05 | 02
#0596-d294 @A: 24 13 07 31 | 04
#0597-d294 @A: 05 08 34 07 | 08
#0598-d294 @A: 08 07 21 32 | 01
#0599-d294 @A: 35 07 17 04 | 03
#0600-d294 @A: 07 14 06 16 | 11
#0601-d294 @A: 07 32 11 24 | 12
#0602-d294 @A: 03 07 20 33 | 10
#0603-d294 @A: 02 14 07 30 | 07
#0604-d294 @A: 26 03 19 07 | 05
#0605-d294 @A: 14 07 34 29 | 06
#0606-d294 @A: 09 06 18 16 | 09
#0607-d294 @A: 01 18 17 13 | 02
#0608-d294 @A: 20 08 02 18 | 04
#0609-d294 @A: 05 04 18 15 | 08
#0610-d294 @A: 11 33 18 04 | 01
#0611-d294 @A: 04 30 19 18 | 03
#0612-d294 @A: 18 01 25 30 | 11
#0613-d294 @A: 05 18 22 29 | 12
#0614-d294 @A: 30 18 31 03 | 10
#0615-d294 @A: 11 02 18 31 | 07
#0616-d294 @A: 14 20 18 19 | 05
#0617-d294 @A: 15 02 18 03 | 06
#0618-d294 @A: 19 01 09 13 | 09
#0619-d294 @A: 26 13 22 09 | 02
#0620-d294 @A: 04 09 33 08 | 04
#0621-d294 @A: 09 26 35 05 | 08
#0622-d294 @A: 09 25 04 01 | 01
#0623-d294 @A: 09 03 24 33 | 03
#0624-d294 @A: 09 31 24 20 | 11
#0625-d294 @A: 03 15 09 31 | 12
#0626-d294 @A: 25 14 22 09 | 10
#0627-d294 @A: 09 10 02 20 | 07
#0628-d294 @A: 09 10 20 14 | 05
#0629-d294 @A: 09 02 34 21 | 06
#0630-d294 @A: 08 13 22 10 | 09
#0631-d294 @A: 31 34 35 13 | 02
#0632-d294 @A: 04 32 06 13 | 04
#0633-d294 @A: 13 16 02 32 | 08
#0634-d294 @A: 13 26 32 20 | 01
#0635-d294 @A: 33 13 31 11 | 03
#0636-d294 @A: 13 29 19 06 | 11
#0637-d294 @A: 29 34 13 03 | 12
#0638-d294 @A: 31 08 27 35 | 10
#0639-d294 @A: 08 01 14 32 | 07
#0640-d294 @A: 08 10 16 32 | 05
#0641-d294 @A: 32 22 08 17 | 06
#0642-d294 @A: 24 20 08 33 | 09
#0643-d294 @A: 08 30 31 34 | 02
#0644-d294 @A: 08 21 06 17 | 04
#0645-d294 @A: 27 08 15 21 | 08
#0646-d294 @A: 15 05 01 35 | 01
#0647-d294 @A: 01 35 23 27 | 03
#0648-d294 @A: 34 05 35 16 | 11
#0649-d294 @A: 03 16 35 33 | 12
#0650-d294 @A: 35 32 11 26 | 10
#0651-d294 @A: 19 35 23 06 | 07
#0652-d294 @A: 23 15 02 35 | 05
#0653-d294 @A: 24 14 15 35 | 06
#0654-d294 @A: 04 01 17 05 | 09
#0655-d294 @A: 20 32 04 19 | 02
#0656-d294 @A: 33 04 29 20 | 04
#0657-d294 @A: 04 21 06 10 | 08
#0658-d294 @A: 04 27 03 19 | 01
#0659-d294 @A: 16 20 01 11 | 03
#0660-d294 @A: 32 01 02 31 | 11
#0661-d294 @A: 06 30 32 01 | 12
#0662-d294 @A: 25 30 14 01 | 10
#0663-d294 @A: 01 10 26 23 | 07
#0664-d294 @A: 29 25 01 26 | 05
#0665-d294 @A: 01 14 19 15 | 06
#0666-d294 @A: 25 02 17 01 | 09
#0667-d294 @A: 27 03 24 01 | 02
#0668-d294 @A: 16 33 14 25 | 04
#0669-d294 @A: 16 19 23 27 | 08
#0670-d294 @A: 16 27 17 29 | 01
#0671-d294 @A: 05 25 33 31 | 03
#0672-d294 @A: 05 06 22 31 | 11
#0673-d294 @A: 25 05 26 02 | 12
#0674-d294 @A: 11 23 26 05 | 10
#0675-d294 @A: 15 03 29 05 | 07
#0676-d294 @A: 27 05 23 15 | 05
#0677-d294 @A: 27 03 34 32 | 06
#0678-d294 @A: 10 03 32 23 | 09
#0679-d294 @A: 33 17 06 15 | 02
#0680-d294 @A: 03 33 26 17 | 04
#0681-d294 @A: 33 34 19 21 | 08
#0682-d294 @A: 30 31 19 22 | 01
#0683-d294 @A: 25 31 10 26 | 03
#0684-d294 @A: 27 31 26 03 | 11
#0685-d294 @A: 03 34 24 31 | 12
#0686-d294 @A: 31 02 25 21 | 10
#0687-d294 @A: 30 34 17 14 | 07
#0688-d294 @A: 30 03 11 24 | 05
#0689-d294 @A: 22 11 10 17 | 06
#0690-d294 @A: 22 27 23 10 | 09
#0691-d294 @A: 22 29 21 17 | 02
#0692-d294 @A: 06 14 20 23 | 04
#0693-d294 @A: 19 26 20 24 | 08
#0694-d294 @A: 20 21 17 24 | 01
#0695-d294 @A: 12 31 03 28 | 03
#0696-d294 @A: 12 30 28 06 | 11
#0697-d294 @A: 12 18 08 11 | 12
#0698-d294 @A: 08 31 12 09 | 10
#0699-d294 @A: 12 24 09 04 | 07
#0700-d294 @A: 30 09 12 10 | 05
#0701-d294 @A: 12 03 09 20 | 06
#0702-d294 @A: 13 12 16 15 | 09
#0703-d294 @A: 11 12 22 13 | 02
#0704-d294 @A: 04 29 12 08 | 04
#0705-d294 @A: 08 01 12 23 | 08
#0706-d294 @A: 12 08 32 24 | 01
#0707-d294 @A: 29 16 35 12 | 03
#0708-d294 @A: 04 12 31 34 | 11
#0709-d294 @A: 32 05 12 23 | 12
#0710-d294 @A: 32 20 17 12 | 10
#0711-d294 @A: 31 22 14 12 | 07
#0712-d294 @A: 31 15 12 21 | 05
#0713-d294 @A: 10 19 15 12 | 06
#0714-d294 @A: 01 28 13 31 | 09
#0715-d294 @A: 02 28 13 34 | 02
#0716-d294 @A: 08 03 14 28 | 04
#0717-d294 @A: 35 17 16 28 | 08
#0718-d294 @A: 14 35 28 05 | 01
#0719-d294 @A: 10 28 01 04 | 03
#0720-d294 @A: 34 28 32 31 | 11
#0721-d294 @A: 32 25 14 28 | 12
#0722-d294 @A: 28 29 23 15 | 10
#0723-d294 @A: 18 27 07 08 | 07
#0724-d294 @A: 19 34 18 07 | 05
#0725-d294 @A: 24 09 07 16 | 06
#0726-d294 @A: 25 09 29 07 | 09
#0727-d294 @A: 35 27 13 07 | 02
#0728-d294 @A: 07 21 35 01 | 04
#0729-d294 @A: 22 15 07 35 | 08
#0730-d294 @A: 07 32 04 34 | 01
#0731-d294 @A: 07 02 03 01 | 03
#0732-d294 @A: 07 21 31 16 | 11
#0733-d294 @A: 07 24 05 10 | 12
#0734-d294 @A: 07 22 02 30 | 10
#0735-d294 @A: 03 07 11 27 | 07
#0736-d294 @A: 09 18 22 11 | 05
#0737-d294 @A: 18 27 13 06 | 06
#0738-d294 @A: 17 05 18 08 | 09
#0739-d294 @A: 08 30 26 18 | 02
#0740-d294 @A: 18 22 06 08 | 04
#0741-d294 @A: 23 22 18 04 | 08
#0742-d294 @A: 18 19 03 06 | 01
#0743-d294 @A: 09 05 13 31 | 03
#0744-d294 @A: 13 09 30 06 | 11
#0745-d294 @A: 35 14 09 34 | 12
#0746-d294 @A: 01 22 09 20 | 10
#0747-d294 @A: 11 09 05 16 | 07
#0748-d294 @A: 16 09 27 32 | 05
#0749-d294 @A: 22 09 15 16 | 06
#0750-d294 @A: 31 02 30 09 | 09
#0751-d294 @A: 19 09 21 25 | 02
#0752-d294 @A: 09 29 03 21 | 04
#0753-d294 @A: 16 35 13 25 | 08
#0754-d294 @A: 01 13 04 21 | 01
#0755-d294 @A: 04 11 05 13 | 03
#0756-d294 @A: 13 17 04 26 | 11
#0757-d294 @A: 05 20 13 25 | 12
#0758-d294 @A: 05 34 27 13 | 10
#0759-d294 @A: 13 02 14 32 | 07
#0760-d294 @A: 21 20 31 13 | 05
#0761-d294 @A: 10 30 19 13 | 06
#0762-d294 @A: 30 21 34 13 | 09
#0763-d294 @A: 13 15 24 30 | 02
#0764-d294 @A: 14 15 13 20 | 04
#0765-d294 @A: 11 06 03 13 | 08
#0766-d294 @A: 25 13 34 26 | 01
#0767-d294 @A: 13 21 15 19 | 03
#0768-d294 @A: 13 27 10 03 | 11
#0769-d294 @A: 13 14 03 21 | 12
#0770-d294 @A: 20 19 35 08 | 10
#0771-d294 @A: 35 10 08 06 | 07
#0772-d294 @A: 08 21 01 05 | 05
#0773-d294 @A: 22 20 08 16 | 06
#0774-d294 @A: 26 29 22 08 | 09
#0775-d294 @A: 27 02 08 06 | 02
#0776-d294 @A: 08 26 17 11 | 04
#0777-d294 @A: 02 08 10 15 | 08
#0778-d294 @A: 10 25 08 23 | 01
#0779-d294 @A: 01 19 35 16 | 03
#0780-d294 @A: 16 26 20 35 | 11
#0781-d294 @A: 35 32 25 02 | 12
#0782-d294 @A: 17 06 35 24 | 10
#0783-d294 @A: 21 35 29 26 | 07
#0784-d294 @A: 10 25 35 34 | 05
#0785-d294 @A: 03 35 15 21 | 06
#0786-d294 @A: 04 33 25 32 | 09
#0787-d294 @A: 33 30 04 27 | 02
#0788-d294 @A: 02 20 31 04 | 04
#0789-d294 @A: 06 30 22 04 | 08
#0790-d294 @A: 04 20 21 14 | 01
#0791-d294 @A: 15 04 26 21 | 03
#0792-d294 @A: 26 03 04 23 | 11
#0793-d294 @A: 04 11 02 10 | 12
#0794-d294 @A: 11 01 32 05 | 10
#0795-d294 @A: 24 26 01 33 | 07
#0796-d294 @A: 31 01 06 23 | 05
#0797-d294 @A: 01 03 26 21 | 06
#0798-d294 @A: 10 34 02 01 | 09
#0799-d294 @A: 05 27 33 16 | 02
#0800-d294 @A: 16 19 15 32 | 04
#0801-d294 @A: 19 25 16 06 | 08
#0802-d294 @A: 23 16 21 10 | 01
#0803-d294 @A: 24 27 02 16 | 03
#0804-d294 @A: 11 15 06 05 | 11
#0805-d294 @A: 19 10 26 05 | 12
#0806-d294 @A: 32 21 24 33 | 10
#0807-d294 @A: 31 24 30 32 | 07
#0808-d294 @A: 23 32 31 21 | 05
#0809-d294 @A: 32 14 22 34 | 06
#0810-d294 @A: 02 10 22 32 | 09
#0811-d294 @A: 32 19 14 11 | 02
#0812-d294 @A: 02 32 17 34 | 04
#0813-d294 @A: 14 32 17 24 | 08
#0814-d294 @A: 31 06 33 30 | 01
#0815-d294 @A: 33 26 06 10 | 03
#0816-d294 @A: 26 27 29 33 | 11
#0817-d294 @A: 19 33 11 03 | 12
#0818-d294 @A: 31 06 02 03 | 10
#0819-d294 @A: 34 31 25 27 | 07
#0820-d294 @A: 27 10 21 31 | 05
#0821-d294 @A: 30 22 24 23 | 06
#0822-d294 @A: 06 20 30 24 | 09
#0823-d294 @A: 30 06 11 26 | 02
#0824-d294 @A: 17 06 25 30 | 04
#0825-d294 @A: 21 26 30 17 | 08
#0826-d294 @A: 15 34 30 19 | 01
#0827-d294 @A: 30 29 27 34 | 03
#0828-d294 @A: 02 21 22 26 | 11
#0829-d294 @A: 02 29 34 20 | 12
#0830-d294 @A: 21 20 34 23 | 10
#0831-d294 @A: 20 15 10 27 | 07
#0832-d294 @A: 10 23 20 11 | 05
#0833-d294 @A: 03 17 26 14 | 06
#0834-d294 @A: 11 14 34 25 | 09
#0835-d294 @A: 29 14 25 10 | 02
#0836-d294 @A: 23 12 28 19 | 04
#0837-d294 @A: 04 27 07 12 | 08
#0838-d294 @A: 32 12 16 07 | 01
#0839-d294 @A: 12 07 19 05 | 03
#0840-d294 @A: 26 12 01 13 | 11
#0841-d294 @A: 32 13 25 12 | 12
#0842-d294 @A: 19 12 25 08 | 10
#0843-d294 @A: 35 04 12 03 | 07
#0844-d294 @A: 23 04 12 16 | 05
#0845-d294 @A: 04 12 11 06 | 06
#0846-d294 @A: 01 16 12 31 | 09
#0847-d294 @A: 20 12 11 05 | 02
#0848-d294 @A: 33 12 32 29 | 04
#0849-d294 @A: 32 31 12 11 | 08
#0850-d294 @A: 25 12 22 30 | 01
#0851-d294 @A: 26 10 27 12 | 03
#0852-d294 @A: 26 12 02 15 | 11
#0853-d294 @A: 11 24 12 26 | 12
#0854-d294 @A: 29 34 25 12 | 10
#0855-d294 @A: 15 03 12 11 | 07
#0856-d294 @A: 29 28 31 07 | 05
#0857-d294 @A: 18 28 13 32 | 06
#0858-d294 @A: 28 19 16 18 | 09
#0859-d294 @A: 28 05 34 09 | 02
#0860-d294 @A: 09 23 28 30 | 04
#0861-d294 @A: 09 11 28 20 | 08
#0862-d294 @A: 22 35 28 19 | 01
#0863-d294 @A: 04 06 28 20 | 03
#0864-d294 @A: 01 28 15 22 | 11
#0865-d294 @A: 28 27 14 01 | 12
#0866-d294 @A: 24 28 16 33 | 10
#0867-d294 @A: 28 34 16 11 | 07
#0868-d294 @A: 05 33 29 28 | 05
#0869-d294 @A: 23 05 28 31 | 06
#0870-d294 @A: 02 31 28 33 | 09
#0871-d294 @A: 34 28 14 33 | 02
#0872-d294 @A: 28 20 31 10 | 04
#0873-d294 @A: 25 28 24 19 | 08
#0874-d294 @A: 10 23 28 14 | 01
#0875-d294 @A: 13 02 09 07 | 03
#0876-d294 @A: 09 19 31 07 | 11
#0877-d294 @A: 13 07 29 30 | 12
#0878-d294 @A: 35 07 23 26 | 10
#0879-d294 @A: 34 01 07 16 | 07
#0880-d294 @A: 01 26 07 17 | 05
#0881-d294 @A: 26 10 16 07 | 06
#0882-d294 @A: 15 07 03 32 | 09
#0883-d294 @A: 21 07 19 20 | 02
#0884-d294 @A: 23 19 24 07 | 04
#0885-d294 @A: 24 15 07 34 | 08
#0886-d294 @A: 25 15 07 11 | 01
#0887-d294 @A: 32 09 10 18 | 03
#0888-d294 @A: 29 09 20 18 | 11
#0889-d294 @A: 24 18 13 04 | 12
#0890-d294 @A: 03 18 08 21 | 10
#0891-d294 @A: 35 20 23 18 | 07
#0892-d294 @A: 29 04 27 18 | 05
#0893-d294 @A: 18 23 05 33 | 06
#0894-d294 @A: 23 11 18 32 | 09
#0895-d294 @A: 20 17 33 18 | 02
#0896-d294 @A: 33 14 21 18 | 04
#0897-d294 @A: 06 25 18 29 | 08
#0898-d294 @A: 06 18 24 02 | 01
#0899-d294 @A: 24 15 18 19 | 03
#0900-d294 @A: 18 19 29 23 | 11
#0901-d294 @A: 10 11 03 18 | 12
#0902-d294 @A: 27 14 25 18 | 10
#0903-d294 @A: 32 21 13 09 | 07
#0904-d294 @A: 09 06 08 20 | 05
#0905-d294 @A: 35 15 30 09 | 06
#0906-d294 @A: 03 35 19 09 | 09
#0907-d294 @A: 09 29 04 16 | 02
#0908-d294 @A: 04 09 22 17 | 04
#0909-d294 @A: 31 33 09 10 | 08
#0910-d294 @A: 06 29 31 09 | 01
#0911-d294 @A: 09 21 14 02 | 03
#0912-d294 @A: 26 13 35 08 | 11
#0913-d294 @A: 27 04 23 13 | 12
#0914-d294 @A: 01 13 10 16 | 10
#0915-d294 @A: 22 13 01 23 | 07
#0916-d294 @A: 10 13 05 17 | 05
#0917-d294 @A: 10 13 33 32 | 06
#0918-d294 @A: 15 31 13 32 | 09
#0919-d294 @A: 13 11 15 20 | 02
#0920-d294 @A: 24 13 26 03 | 04
#0921-d294 @A: 13 19 34 24 | 08
#0922-d294 @A: 14 29 13 23 | 01
#0923-d294 @A: 13 02 17 24 | 03
#0924-d294 @A: 01 08 33 02 | 11
#0925-d294 @A: 32 27 08 05 | 12
#0926-d294 @A: 31 19 33 08 | 10
#0927-d294 @A: 20 31 14 08 | 07
#0928-d294 @A: 11 08 19 21 | 05
#0929-d294 @A: 10 08 29 21 | 06
#0930-d294 @A: 27 08 03 25 | 09
#0931-d294 @A: 27 17 23 08 | 02
#0932-d294 @A: 27 02 14 08 | 04
#0933-d294 @A: 15 04 35 16 | 08
#0934-d294 @A: 05 04 25 35 | 01
#0935-d294 @A: 23 04 35 31 | 03
#0936-d294 @A: 35 19 33 05 | 11
#0937-d294 @A: 22 35 05 10 | 12
#0938-d294 @A: 29 31 22 35 | 10
#0939-d294 @A: 30 14 26 35 | 07
#0940-d294 @A: 35 30 19 29 | 05
#0941-d294 @A: 34 35 21 06 | 06
#0942-d294 @A: 11 15 19 35 | 09
#0943-d294 @A: 25 35 24 15 | 02
#0944-d294 @A: 33 04 01 16 | 04
#0945-d294 @A: 23 04 30 01 | 08
#0946-d294 @A: 10 16 19 04 | 01
#0947-d294 @A: 22 04 32 29 | 03
#0948-d294 @A: 06 04 25 02 | 11
#0949-d294 @A: 32 16 23 01 | 12
#0950-d294 @A: 10 01 33 05 | 10
#0951-d294 @A: 14 01 29 06 | 07
#0952-d294 @A: 02 15 19 01 | 05
#0953-d294 @A: 01 23 19 03 | 06
#0954-d294 @A: 32 16 34 20 | 09
#0955-d294 @A: 30 16 29 33 | 02
#0956-d294 @A: 10 22 16 33 | 04
#0957-d294 @A: 06 23 26 16 | 08
#0958-d294 @A: 29 16 21 02 | 01
#0959-d294 @A: 16 03 24 29 | 03
#0960-d294 @A: 20 21 33 05 | 11
#0961-d294 @A: 05 20 03 23 | 12
#0962-d294 @A: 05 06 14 24 | 10
#0963-d294 @A: 05 15 02 34 | 07
#0964-d294 @A: 02 10 05 23 | 05
#0965-d294 @A: 14 25 05 23 | 06
#0966-d294 @A: 23 33 32 14 | 09
#0967-d294 @A: 31 22 27 32 | 02
#0968-d294 @A: 17 32 06 10 | 04
#0969-d294 @A: 32 21 27 26 | 08
#0970-d294 @A: 32 02 03 11 | 01
#0971-d294 @A: 24 32 23 27 | 03
#0972-d294 @A: 30 11 21 33 | 11
#0973-d294 @A: 29 06 33 02 | 12
#0974-d294 @A: 33 27 11 06 | 10
#0975-d294 @A: 14 15 31 23 | 07
#0976-d294 @A: 14 19 29 30 | 05
#0977-d294 @A: 14 27 29 30 | 06
#0978-d294 @A: 19 22 17 15 | 09
#0979-d294 @A: 24 22 25 11 | 02
#0980-d294 @A: 23 03 22 14 | 04
#0981-d294 @A: 11 21 26 20 | 08
#0982-d294 @A: 11 14 20 26 | 01
#0983-d294 @A: 20 19 17 03 | 03
#0984-d294 @A: 29 20 11 17 | 11
#0985-d294 @A: 27 21 20 03 | 12
#0986-d294 @A: 14 17 21 06 | 10
#0987-d294 @A: 07 12 15 30 | 07
#0988-d294 @A: 18 12 32 27 | 05
#0989-d294 @A: 16 26 12 09 | 06
#0990-d294 @A: 12 09 21 05 | 09
#0991-d294 @A: 09 12 19 22 | 02
#0992-d294 @A: 12 24 20 13 | 04
#0993-d294 @A: 12 23 13 02 | 08
#0994-d294 @A: 15 12 08 33 | 01
#0995-d294 @A: 10 08 12 17 | 03
#0996-d294 @A: 35 30 12 11 | 11
#0997-d294 @A: 26 12 32 04 | 12
#0998-d294 @A: 30 21 01 12 | 10
#0999-d294 @A: 12 19 02 16 | 07
#1000-d294 @A: 31 24 12 33 | 05
#1001-d294 @A: 27 34 11 12 | 06
#1002-d294 @A: 10 21 11 12 | 09
#1003-d294 @A: 12 24 25 17 | 02
#1004-d294 @A: 27 21 23 12 | 04
#1005-d294 @A: 07 10 28 32 | 08
#1006-d294 @A: 28 24 20 18 | 01
#1007-d294 @A: 28 15 18 21 | 03
#1008-d294 @A: 18 25 11 28 | 11
#1009-d294 @A: 01 09 29 28 | 12
#1010-d294 @A: 24 32 28 09 | 10
#1011-d294 @A: 28 09 25 22 | 07
#1012-d294 @A: 05 28 13 15 | 05
#1013-d294 @A: 20 28 25 08 | 06
#1014-d294 @A: 27 24 28 04 | 09
#1015-d294 @A: 20 16 28 03 | 02
#1016-d294 @A: 05 22 28 20 | 04
#1017-d294 @A: 17 11 32 28 | 08
#1018-d294 @A: 28 30 31 15 | 01
#1019-d294 @A: 31 28 11 19 | 03
#1020-d294 @A: 31 14 17 28 | 11
#1021-d294 @A: 19 10 28 03 | 12
#1022-d294 @A: 29 34 10 28 | 10
#1023-d294 @A: 34 03 28 21 | 07
#1024-d294 @A: 25 28 03 02 | 05
#1025-d294 @A: 03 04 07 18 | 06
#1026-d294 @A: 22 20 18 07 | 09
#1027-d294 @A: 10 07 09 35 | 02
#1028-d294 @A: 07 04 26 08 | 04
#1029-d294 @A: 08 07 31 25 | 08
#1030-d294 @A: 30 08 07 06 | 01
#1031-d294 @A: 08 03 07 22 | 03
#1032-d294 @A: 07 02 35 16 | 11
#1033-d294 @A: 32 07 19 35 | 12
#1034-d294 @A: 31 33 07 35 | 10
#1035-d294 @A: 06 16 04 07 | 07
#1036-d294 @A: 20 16 25 07 | 05
#1037-d294 @A: 18 13 26 05 | 06
#1038-d294 @A: 18 25 08 32 | 09
#1039-d294 @A: 05 18 21 35 | 02
#1040-d294 @A: 31 17 18 35 | 04
#1041-d294 @A: 35 18 26 24 | 08
#1042-d294 @A: 02 14 18 04 | 01
#1043-d294 @A: 23 02 18 01 | 03
#1044-d294 @A: 18 17 32 30 | 11
#1045-d294 @A: 18 22 19 33 | 12
#1046-d294 @A: 19 26 11 18 | 10
#1047-d294 @A: 02 27 18 34 | 07
#1048-d294 @A: 03 25 18 23 | 05
#1049-d294 @A: 21 09 08 30 | 06
#1050-d294 @A: 35 24 09 27 | 09
#1051-d294 @A: 14 04 09 27 | 02
#1052-d294 @A: 05 09 33 30 | 04
#1053-d294 @A: 03 09 32 22 | 08
#1054-d294 @A: 33 26 09 20 | 01
#1055-d294 @A: 26 11 09 31 | 03
#1056-d294 @A: 26 09 27 06 | 11
#1057-d294 @A: 06 23 34 09 | 12
#1058-d294 @A: 10 23 09 29 | 10
#1059-d294 @A: 09 29 15 02 | 07
#1060-d294 @A: 03 14 09 11 | 05
#1061-d294 @A: 27 17 09 21 | 06
#1062-d294 @A: 13 29 32 35 | 09
#1063-d294 @A: 01 29 05 13 | 02
#1064-d294 @A: 24 13 32 01 | 04
#1065-d294 @A: 13 32 23 34 | 08
#1066-d294 @A: 13 33 34 22 | 01
#1067-d294 @A: 13 31 30 25 | 03
#1068-d294 @A: 26 19 13 27 | 11
#1069-d294 @A: 13 19 11 25 | 12
#1070-d294 @A: 22 24 01 08 | 10
#1071-d294 @A: 32 08 02 30 | 07
#1072-d294 @A: 19 27 29 08 | 05
#1073-d294 @A: 03 24 08 23 | 06
#1074-d294 @A: 35 01 29 34 | 09
#1075-d294 @A: 32 20 22 35 | 02
#1076-d294 @A: 29 10 33 35 | 04
#1077-d294 @A: 35 06 31 20 | 08
#1078-d294 @A: 24 35 31 19 | 01
#1079-d294 @A: 30 35 20 03 | 03
#1080-d294 @A: 35 02 26 03 | 11
#1081-d294 @A: 19 10 21 35 | 12
#1082-d294 @A: 35 14 19 21 | 10
#1083-d294 @A: 35 25 14 02 | 07
#1084-d294 @A: 11 23 35 17 | 05
#1085-d294 @A: 17 35 02 21 | 06
#1086-d294 @A: 20 04 01 26 | 09
#1087-d294 @A: 05 27 22 04 | 02
#1088-d294 @A: 15 04 11 22 | 04
#1089-d294 @A: 04 17 25 23 | 08
#1090-d294 @A: 04 25 24 03 | 01
#1091-d294 @A: 16 22 01 14 | 03
#1092-d294 @A: 01 26 16 27 | 11
#1093-d294 @A: 10 32 20 01 | 12
#1094-d294 @A: 15 26 01 31 | 10
#1095-d294 @A: 22 03 30 01 | 07
#1096-d294 @A: 17 01 21 34 | 05
#1097-d294 @A: 01 21 29 23 | 06
#1098-d294 @A: 14 24 03 01 | 09
#1099-d294 @A: 16 05 32 26 | 02
#1100-d294 @A: 05 16 02 20 | 04
#1101-d294 @A: 30 16 31 10 | 08
#1102-d294 @A: 06 16 34 10 | 01
#1103-d294 @A: 11 19 16 24 | 03
#1104-d294 @A: 15 34 21 16 | 11
#1105-d294 @A: 05 10 27 30 | 12
#1106-d294 @A: 03 06 24 05 | 10
#1107-d294 @A: 21 05 19 23 | 07
#1108-d294 @A: 05 34 25 23 | 05
#1109-d294 @A: 31 20 32 25 | 06
#1110-d294 @A: 32 06 29 27 | 09
#1111-d294 @A: 32 25 11 06 | 02
#1112-d294 @A: 32 21 19 02 | 04
#1113-d294 @A: 32 21 34 10 | 08
#1114-d294 @A: 02 32 24 15 | 01
#1115-d294 @A: 33 31 29 03 | 03
#1116-d294 @A: 21 06 23 33 | 11
#1117-d294 @A: 14 33 10 19 | 12
#1118-d294 @A: 02 25 33 10 | 10
#1119-d294 @A: 15 11 02 33 | 07
#1120-d294 @A: 23 17 33 29 | 05
#1121-d294 @A: 06 14 02 31 | 06
#1122-d294 @A: 29 11 31 10 | 09
#1123-d294 @A: 31 29 23 27 | 02
#1124-d294 @A: 24 30 29 26 | 04
#1125-d294 @A: 30 15 21 10 | 08
#1126-d294 @A: 25 21 30 23 | 01
#1127-d294 @A: 23 30 27 02 | 03
#1128-d294 @A: 20 22 21 10 | 11
#1129-d294 @A: 21 22 27 06 | 12
#1130-d294 @A: 25 19 22 26 | 10
#1131-d294 @A: 06 15 19 20 | 07
#1132-d294 @A: 23 20 02 26 | 05
#1133-d294 @A: 10 20 29 19 | 06
#1134-d294 @A: 11 20 24 34 | 09
#1135-d294 @A: 27 26 14 23 | 02
#1136-d294 @A: 05 16 12 28 | 04
#1137-d294 @A: 12 22 17 28 | 08
#1138-d294 @A: 12 18 26 07 | 01
#1139-d294 @A: 09 12 18 23 | 03
#1140-d294 @A: 18 12 10 13 | 11
#1141-d294 @A: 32 06 12 09 | 12
#1142-d294 @A: 12 08 27 20 | 10
#1143-d294 @A: 23 12 35 22 | 07
#1144-d294 @A: 12 35 10 14 | 05
#1145-d294 @A: 29 01 12 20 | 06
#1146-d294 @A: 33 12 03 22 | 09
#1147-d294 @A: 31 23 20 12 | 02
#1148-d294 @A: 06 25 12 21 | 04
#1149-d294 @A: 03 02 12 17 | 08
#1150-d294 @A: 06 18 07 28 | 01
#1151-d294 @A: 07 28 22 23 | 03
#1152-d294 @A: 02 04 28 09 | 11
#1153-d294 @A: 19 09 33 28 | 12
#1154-d294 @A: 03 35 08 28 | 10
#1155-d294 @A: 06 14 28 08 | 07
#1156-d294 @A: 05 35 28 11 | 05
#1157-d294 @A: 21 28 35 33 | 06
#1158-d294 @A: 23 35 28 10 | 09
#1159-d294 @A: 04 16 28 26 | 02
#1160-d294 @A: 22 28 03 04 | 04
#1161-d294 @A: 20 34 28 33 | 08
#1162-d294 @A: 25 06 28 15 | 01
#1163-d294 @A: 19 26 28 34 | 03
#1164-d294 @A: 07 13 18 21 | 11
#1165-d294 @A: 07 35 18 25 | 12
#1166-d294 @A: 09 07 17 06 | 10
#1167-d294 @A: 15 08 16 07 | 07
#1168-d294 @A: 31 11 07 04 | 05
#1169-d294 @A: 31 23 30 07 | 06
#1170-d294 @A: 07 22 34 31 | 09
#1171-d294 @A: 02 19 07 10 | 02
#1172-d294 @A: 07 03 14 15 | 04
#1173-d294 @A: 14 07 25 24 | 08
#1174-d294 @A: 07 11 14 23 | 01
#1175-d294 @A: 14 18 31 09 | 03
#1176-d294 @A: 18 26 25 09 | 11
#1177-d294 @A: 34 18 08 13 | 12
#1178-d294 @A: 15 08 01 18 | 10
#1179-d294 @A: 04 16 32 18 | 07
#1180-d294 @A: 25 20 18 04 | 05
#1181-d294 @A: 05 01 03 18 | 06
#1182-d294 @A: 05 16 18 25 | 09
#1183-d294 @A: 26 21 33 18 | 02
#1184-d294 @A: 05 09 13 14 | 04
#1185-d294 @A: 23 15 09 33 | 08
#1186-d294 @A: 11 19 30 09 | 01
#1187-d294 @A: 10 26 09 03 | 03
#1188-d294 @A: 19 09 34 17 | 11
#1189-d294 @A: 11 09 02 17 | 12
#1190-d294 @A: 05 13 23 35 | 10
#1191-d294 @A: 06 35 22 13 | 07
#1192-d294 @A: 13 24 16 22 | 05
#1193-d294 @A: 14 16 13 34 | 06
#1194-d294 @A: 03 05 13 30 | 09
#1195-d294 @A: 02 05 13 19 | 02
#1196-d294 @A: 02 30 33 13 | 04
#1197-d294 @A: 19 23 17 13 | 08
#1198-d294 @A: 34 15 13 10 | 01
#1199-d294 @A: 24 04 08 30 | 03
#1200-d294 @A: 24 14 08 33 | 11
#1201-d294 @A: 31 21 22 08 | 12
#1202-d294 @A: 20 04 35 27 | 10
#1203-d294 @A: 06 04 35 14 | 07
#1204-d294 @A: 35 26 01 22 | 05
#1205-d294 @A: 35 27 05 06 | 06
#1206-d294 @A: 27 10 35 02 | 09
#1207-d294 @A: 21 24 35 23 | 02
#1208-d294 @A: 16 03 14 04 | 04
#1209-d294 @A: 19 04 24 05 | 08
#1210-d294 @A: 30 20 15 04 | 01
#1211-d294 @A: 04 10 23 15 | 03
#1212-d294 @A: 24 01 16 05 | 11
#1213-d294 @A: 16 15 01 30 | 12
#1214-d294 @A: 14 01 05 31 | 10
#1215-d294 @A: 06 03 33 01 | 07
#1216-d294 @A: 22 11 01 31 | 05
#1217-d294 @A: 01 20 30 17 | 06
#1218-d294 @A: 11 01 15 21 | 09
#1219-d294 @A: 14 02 21 01 | 02
#1220-d294 @A: 16 23 15 11 | 04
#1221-d294 @A: 16 03 17 15 | 08
#1222-d294 @A: 17 25 11 16 | 01
#1223-d294 @A: 16 14 11 02 | 03
#1224-d294 @A: 24 16 27 14 | 11
#1225-d294 @A: 05 32 31 10 | 12
#1226-d294 @A: 30 17 22 05 | 10
#1227-d294 @A: 05 25 17 03 | 07
#1228-d294 @A: 05 02 24 11 | 05
#1229-d294 @A: 31 06 32 19 | 06
#1230-d294 @A: 25 32 10 27 | 09
#1231-d294 @A: 32 15 25 23 | 02
#1232-d294 @A: 31 33 26 23 | 04
#1233-d294 @A: 33 25 30 03 | 08
#1234-d294 @A: 14 15 33 26 | 01
#1235-d294 @A: 21 33 10 17 | 03
#1236-d294 @A: 21 34 31 29 | 11
#1237-d294 @A: 23 34 31 02 | 12
#1238-d294 @A: 14 27 31 34 | 10
#1239-d294 @A: 02 34 06 30 | 07
#1240-d294 @A: 21 30 03 06 | 05
#1241-d294 @A: 06 15 22 02 | 06
#1242-d294 @A: 34 22 15 25 | 09
#1243-d294 @A: 22 24 27 34 | 02
#1244-d294 @A: 02 11 29 22 | 04
#1245-d294 @A: 17 26 10 20 | 08
#1246-d294 @A: 15 20 03 34 | 01
#1247-d294 @A: 27 15 14 06 | 03
#1248-d294 @A: 17 14 19 27 | 11
#1249-d294 @A: 29 14 21 24 | 12
#1250-d294 @A: 14 11 21 27 | 10
#1251-d294 @A: 12 07 24 28 | 07
#1252-d294 @A: 18 12 29 28 | 05
#1253-d294 @A: 12 10 33 28 | 06
#1254-d294 @A: 21 28 20 12 | 09
#1255-d294 @A: 21 07 12 33 | 02
#1256-d294 @A: 03 12 07 25 | 04
#1257-d294 @A: 09 13 29 12 | 08
#1258-d294 @A: 25 09 12 15 | 01
#1259-d294 @A: 03 19 12 13 | 03
#1260-d294 @A: 12 14 13 27 | 11
#1261-d294 @A: 31 12 02 35 | 12
#1262-d294 @A: 01 32 12 19 | 10
#1263-d294 @A: 12 01 03 34 | 07
#1264-d294 @A: 02 12 33 05 | 05
#1265-d294 @A: 12 05 27 31 | 06
#1266-d294 @A: 06 34 19 12 | 09
#1267-d294 @A: 14 12 23 24 | 02
#1268-d294 @A: 07 27 16 28 | 04
#1269-d294 @A: 03 30 28 07 | 08
#1270-d294 @A: 09 18 28 17 | 01
#1271-d294 @A: 09 28 03 13 | 03
#1272-d294 @A: 23 16 13 28 | 11
#1273-d294 @A: 27 22 13 28 | 12
#1274-d294 @A: 08 24 21 28 | 10
#1275-d294 @A: 35 28 01 02 | 07
#1276-d294 @A: 31 06 16 28 | 05
#1277-d294 @A: 14 28 16 19 | 06
#1278-d294 @A: 02 16 15 28 | 09
#1279-d294 @A: 28 26 23 24 | 02
#1280-d294 @A: 10 24 02 28 | 04
#1281-d294 @A: 07 18 09 33 | 08
#1282-d294 @A: 02 18 07 32 | 01
#1283-d294 @A: 07 13 08 19 | 03
#1284-d294 @A: 30 05 35 07 | 11
#1285-d294 @A: 07 21 04 30 | 12
#1286-d294 @A: 01 23 20 07 | 10
#1287-d294 @A: 07 32 30 25 | 07
#1288-d294 @A: 29 07 20 32 | 05
#1289-d294 @A: 14 33 07 20 | 06
#1290-d294 @A: 25 06 07 33 | 09
#1291-d294 @A: 27 34 21 07 | 02
#1292-d294 @A: 17 07 15 21 | 04
#1293-d294 @A: 07 17 02 27 | 08
#1294-d294 @A: 16 13 18 11 | 01
#1295-d294 @A: 19 31 18 13 | 03
#1296-d294 @A: 10 08 33 18 | 11
#1297-d294 @A: 01 18 04 06 | 12
#1298-d294 @A: 18 01 29 16 | 10
#1299-d294 @A: 18 01 20 19 | 07
#1300-d294 @A: 01 18 11 27 | 05
#1301-d294 @A: 33 18 16 02 | 06
#1302-d294 @A: 26 16 18 22 | 09
#1303-d294 @A: 05 18 14 34 | 02
#1304-d294 @A: 31 20 26 18 | 04
#1305-d294 @A: 18 10 29 26 | 08
#1306-d294 @A: 17 02 18 29 | 01
#1307-d294 @A: 18 21 11 24 | 03
#1308-d294 @A: 23 21 18 17 | 11
#1309-d294 @A: 09 08 32 34 | 12
#1310-d294 @A: 29 14 08 09 | 10
#1311-d294 @A: 21 01 09 10 | 07
#1312-d294 @A: 09 23 16 14 | 05
#1313-d294 @A: 09 25 32 05 | 06
#1314-d294 @A: 14 26 09 25 | 09
#1315-d294 @A: 34 09 27 15 | 02
#1316-d294 @A: 17 09 10 25 | 04
#1317-d294 @A: 08 16 13 05 | 08
#1318-d294 @A: 11 13 08 32 | 01
#1319-d294 @A: 08 02 13 03 | 03
#1320-d294 @A: 35 19 13 04 | 11
#1321-d294 @A: 11 30 13 01 | 12
#1322-d294 @A: 32 13 22 19 | 10
#1323-d294 @A: 23 33 13 20 | 07
#1324-d294 @A: 13 25 14 31 | 05
#1325-d294 @A: 10 26 13 11 | 06
#1326-d294 @A: 23 13 26 29 | 09
#1327-d294 @A: 25 15 02 13 | 02
#1328-d294 @A: 23 03 13 15 | 04
#1329-d294 @A: 27 24 13 25 | 08
#1330-d294 @A: 21 08 16 35 | 01
#1331-d294 @A: 35 25 30 08 | 03
#1332-d294 @A: 14 23 35 08 | 11
#1333-d294 @A: 34 08 25 04 | 12
#1334-d294 @A: 10 27 08 04 | 10
#1335-d294 @A: 01 29 08 32 | 07
#1336-d294 @A: 31 01 10 08 | 05
#1337-d294 @A: 16 08 31 03 | 06
#1338-d294 @A: 30 08 05 29 | 09
#1339-d294 @A: 08 21 02 23 | 02
#1340-d294 @A: 35 10 30 01 | 04
#1341-d294 @A: 03 01 14 35 | 08
#1342-d294 @A: 35 33 20 02 | 01
#1343-d294 @A: 35 20 14 27 | 03
#1344-d294 @A: 35 29 02 24 | 11
#1345-d294 @A: 17 04 20 16 | 12
#1346-d294 @A: 32 04 05 02 | 10
#1347-d294 @A: 10 20 04 05 | 07
#1348-d294 @A: 05 34 29 04 | 05
#1349-d294 @A: 10 30 32 04 | 06
#1350-d294 @A: 04 34 19 11 | 09
#1351-d294 @A: 23 02 04 19 | 02
#1352-d294 @A: 03 10 04 34 | 04
#1353-d294 @A: 17 15 04 34 | 08
#1354-d294 @A: 24 29 15 04 | 01
#1355-d294 @A: 04 29 03 02 | 03
#1356-d294 @A: 17 21 04 03 | 11
#1357-d294 @A: 01 31 27 30 | 12
#1358-d294 @A: 10 01 11 06 | 10
#1359-d294 @A: 01 24 19 17 | 07
#1360-d294 @A: 16 30 03 32 | 05
#1361-d294 @A: 16 32 29 14 | 06
#1362-d294 @A: 31 15 16 20 | 09
#1363-d294 @A: 15 16 24 06 | 02
#1364-d294 @A: 16 25 10 29 | 04
#1365-d294 @A: 05 32 30 15 | 08
#1366-d294 @A: 33 05 14 03 | 01
#1367-d294 @A: 17 05 06 23 | 03
#1368-d294 @A: 17 29 19 05 | 11
#1369-d294 @A: 05 27 11 19 | 12
#1370-d294 @A: 10 34 11 05 | 10
#1371-d294 @A: 26 06 02 32 | 07
#1372-d294 @A: 32 06 24 34 | 05
#1373-d294 @A: 32 11 27 15 | 06
#1374-d294 @A: 03 10 15 33 | 09
#1375-d294 @A: 31 14 19 03 | 02
#1376-d294 @A: 17 10 30 23 | 04
#1377-d294 @A: 30 27 25 15 | 08
#1378-d294 @A: 21 23 30 14 | 01
#1379-d294 @A: 27 17 24 30 | 03
#1380-d294 @A: 20 26 22 03 | 11
#1381-d294 @A: 02 22 24 19 | 12
#1382-d294 @A: 22 11 14 29 | 10
#1383-d294 @A: 22 17 14 02 | 07
#1384-d294 @A: 29 20 06 21 | 05
#1385-d294 @A: 06 20 17 02 | 06
#1386-d294 @A: 23 20 25 19 | 09
#1387-d294 @A: 14 34 03 06 | 02
#1388-d294 @A: 10 17 14 06 | 04
#1389-d294 @A: 08 12 28 26 | 08
#1390-d294 @A: 07 22 29 12 | 01
#1391-d294 @A: 18 12 06 33 | 03
#1392-d294 @A: 25 31 18 12 | 11
#1393-d294 @A: 17 35 12 09 | 12
#1394-d294 @A: 01 02 12 09 | 10
#1395-d294 @A: 13 12 33 27 | 07
#1396-d294 @A: 33 01 17 12 | 05
#1397-d294 @A: 12 16 24 30 | 06
#1398-d294 @A: 30 03 14 12 | 09
#1399-d294 @A: 26 12 25 23 | 02
#1400-d294 @A: 11 12 29 23 | 04
#1401-d294 @A: 25 11 12 02 | 08
#1402-d294 @A: 28 19 04 07 | 01
#1403-d294 @A: 18 30 35 28 | 03
#1404-d294 @A: 28 26 01 18 | 11
#1405-d294 @A: 15 28 14 18 | 12
#1406-d294 @A: 15 28 09 08 | 10
#1407-d294 @A: 10 09 16 28 | 07
#1408-d294 @A: 21 31 28 09 | 05
#1409-d294 @A: 13 28 08 29 | 06
#1410-d294 @A: 28 13 17 21 | 09
#1411-d294 @A: 19 32 08 28 | 02
#1412-d294 @A: 08 28 10 11 | 04
#1413-d294 @A: 28 04 35 29 | 08
#1414-d294 @A: 28 20 35 15 | 01
#1415-d294 @A: 16 21 01 28 | 03
#1416-d294 @A: 28 33 01 30 | 11
#1417-d294 @A: 28 30 05 24 | 12
#1418-d294 @A: 30 28 25 34 | 10
#1419-d294 @A: 06 28 17 34 | 07
#1420-d294 @A: 17 28 27 03 | 05
#1421-d294 @A: 10 07 30 18 | 06
#1422-d294 @A: 07 11 01 08 | 09
#1423-d294 @A: 07 26 08 14 | 02
#1424-d294 @A: 29 35 06 07 | 04
#1425-d294 @A: 27 01 05 07 | 08
#1426-d294 @A: 29 05 07 16 | 01
#1427-d294 @A: 19 07 30 16 | 03
#1428-d294 @A: 16 11 22 07 | 11
#1429-d294 @A: 07 17 05 33 | 12
#1430-d294 @A: 07 06 02 05 | 10
#1431-d294 @A: 33 32 07 27 | 07
#1432-d294 @A: 19 27 22 07 | 05
#1433-d294 @A: 34 07 06 03 | 06
#1434-d294 @A: 07 29 26 02 | 09
#1435-d294 @A: 17 10 34 07 | 02
#1436-d294 @A: 03 07 17 29 | 04
#1437-d294 @A: 34 31 09 18 | 08
#1438-d294 @A: 27 18 09 03 | 01
#1439-d294 @A: 20 18 13 03 | 03
#1440-d294 @A: 18 30 14 08 | 11
#1441-d294 @A: 35 16 18 10 | 12
#1442-d294 @A: 16 31 23 18 | 10
#1443-d294 @A: 05 30 18 06 | 07
#1444-d294 @A: 18 05 27 20 | 05
#1445-d294 @A: 18 22 24 32 | 06
#1446-d294 @A: 06 32 20 18 | 09
#1447-d294 @A: 21 18 30 29 | 02
#1448-d294 @A: 18 06 10 23 | 04
#1449-d294 @A: 18 29 15 34 | 08
#1450-d294 @A: 17 18 11 15 | 01
#1451-d294 @A: 17 25 27 18 | 03
#1452-d294 @A: 18 23 14 17 | 11
#1453-d294 @A: 10 13 04 09 | 12
#1454-d294 @A: 13 09 17 33 | 10
#1455-d294 @A: 33 25 35 09 | 07
#1456-d294 @A: 11 09 32 04 | 05
#1457-d294 @A: 09 01 16 03 | 06
#1458-d294 @A: 33 01 09 27 | 09
#1459-d294 @A: 15 06 01 09 | 02
#1460-d294 @A: 15 05 19 09 | 04
#1461-d294 @A: 02 33 32 09 | 08
#1462-d294 @A: 26 30 09 32 | 01
#1463-d294 @A: 11 09 29 33 | 03
#1464-d294 @A: 20 30 25 09 | 11
#1465-d294 @A: 25 09 34 24 | 12
#1466-d294 @A: 17 14 15 09 | 10
#1467-d294 @A: 08 04 15 13 | 07
#1468-d294 @A: 08 01 27 13 | 05
#1469-d294 @A: 13 33 15 35 | 06
#1470-d294 @A: 03 33 13 04 | 09
#1471-d294 @A: 13 05 21 22 | 02
#1472-d294 @A: 13 31 03 22 | 04
#1473-d294 @A: 26 13 31 02 | 08
#1474-d294 @A: 21 06 02 13 | 01
#1475-d294 @A: 24 23 06 13 | 03
#1476-d294 @A: 25 13 17 29 | 11
#1477-d294 @A: 04 11 16 08 | 12
#1478-d294 @A: 02 08 17 04 | 10
#1479-d294 @A: 16 26 08 33 | 07
#1480-d294 @A: 34 27 16 08 | 05
#1481-d294 @A: 31 05 15 08 | 06
#1482-d294 @A: 08 05 19 06 | 09
#1483-d294 @A: 20 32 08 03 | 02
#1484-d294 @A: 08 22 33 25 | 04
#1485-d294 @A: 30 08 22 15 | 08
#1486-d294 @A: 08 34 19 23 | 01
#1487-d294 @A: 34 08 17 29 | 03
#1488-d294 @A: 15 25 08 17 | 11
#1489-d294 @A: 29 25 08 02 | 12
#1490-d294 @A: 33 06 35 04 | 10
#1491-d294 @A: 04 24 35 22 | 07
#1492-d294 @A: 35 24 01 20 | 05
#1493-d294 @A: 16 11 35 31 | 06
#1494-d294 @A: 16 06 35 30 | 09
#1495-d294 @A: 35 34 23 03 | 02
#1496-d294 @A: 23 25 35 29 | 04
#1497-d294 @A: 04 01 31 19 | 08
#1498-d294 @A: 31 24 16 04 | 01
#1499-d294 @A: 26 33 05 04 | 03
#1500-d294 @A: 04 11 25 21 | 11
#1501-d294 @A: 22 01 32 25 | 12
#1502-d294 @A: 23 30 16 05 | 10
#1503-d294 @A: 34 16 33 31 | 07
#1504-d294 @A: 16 03 26 11 | 05
#1505-d294 @A: 03 19 21 16 | 06
#1506-d294 @A: 25 23 16 02 | 09
#1507-d294 @A: 22 05 19 14 | 02
#1508-d294 @A: 27 26 05 17 | 04
#1509-d294 @A: 05 34 19 03 | 08
#1510-d294 @A: 05 25 21 15 | 01
#1511-d294 @A: 30 20 32 21 | 03
#1512-d294 @A: 19 15 33 26 | 11
#1513-d294 @A: 25 33 17 34 | 12
#1514-d294 @A: 24 15 33 27 | 10
#1515-d294 @A: 21 25 33 27 | 07
#1516-d294 @A: 33 03 21 02 | 05
#1517-d294 @A: 27 33 03 23 | 06
#1518-d294 @A: 06 25 24 31 | 09
#1519-d294 @A: 19 10 31 34 | 02
#1520-d294 @A: 24 15 31 17 | 04
#1521-d294 @A: 06 30 19 27 | 08
#1522-d294 @A: 06 15 30 23 | 01
#1523-d294 @A: 15 26 30 03 | 03
#1524-d294 @A: 10 24 34 30 | 11
#1525-d294 @A: 15 30 29 11 | 12
#1526-d294 @A: 11 20 22 06 | 10
#1527-d294 @A: 23 20 22 29 | 07
#1528-d294 @A: 22 02 20 25 | 05
#1529-d294 @A: 22 23 25 06 | 06
#1530-d294 @A: 24 17 26 22 | 09
#1531-d294 @A: 03 34 02 22 | 02
#1532-d294 @A: 22 24 10 29 | 04
#1533-d294 @A: 14 22 10 27 | 08
#1534-d294 @A: 29 27 22 25 | 01
#1535-d294 @A: 02 23 17 22 | 03
#1536-d294 @A: 03 06 20 10 | 11
#1537-d294 @A: 10 24 20 25 | 12
#1538-d294 @A: 23 17 20 15 | 10
#1539-d294 @A: 27 29 20 24 | 07
#1540-d294 @A: 06 14 25 19 | 05
#1541-d294 @A: 13 34 07 12 | 06
#1542-d294 @A: 07 12 02 20 | 09
#1543-d294 @A: 24 01 12 18 | 02
#1544-d294 @A: 12 05 34 18 | 04
#1545-d294 @A: 18 22 12 21 | 08
#1546-d294 @A: 12 14 18 11 | 01
#1547-d294 @A: 35 21 12 13 | 03
#1548-d294 @A: 05 30 12 04 | 11
#1549-d294 @A: 25 12 14 04 | 12
#1550-d294 @A: 22 34 12 16 | 10
#1551-d294 @A: 26 31 12 30 | 07
#1552-d294 @A: 29 19 12 31 | 05
#1553-d294 @A: 30 27 03 12 | 06
#1554-d294 @A: 20 26 06 12 | 09
#1555-d294 @A: 19 14 12 02 | 02
#1556-d294 @A: 23 10 12 34 | 04
#1557-d294 @A: 07 28 15 33 | 08
#1558-d294 @A: 18 23 08 28 | 01
#1559-d294 @A: 28 35 09 06 | 03
#1560-d294 @A: 01 28 24 34 | 11
#1561-d294 @A: 05 28 25 27 | 12
#1562-d294 @A: 33 25 28 23 | 10
#1563-d294 @A: 30 28 22 10 | 07
#1564-d294 @A: 27 28 02 26 | 05
#1565-d294 @A: 25 28 21 29 | 06
#1566-d294 @A: 29 27 28 11 | 09
#1567-d294 @A: 02 28 21 11 | 02
#1568-d294 @A: 11 03 23 28 | 04
#1569-d294 @A: 07 09 30 27 | 08
#1570-d294 @A: 01 07 15 13 | 01
#1571-d294 @A: 26 07 33 13 | 03
#1572-d294 @A: 08 07 33 29 | 11
#1573-d294 @A: 31 14 04 07 | 12
#1574-d294 @A: 05 07 27 14 | 10
#1575-d294 @A: 32 22 07 26 | 07
#1576-d294 @A: 20 07 27 31 | 05
#1577-d294 @A: 30 17 11 07 | 06
#1578-d294 @A: 20 14 22 07 | 09
#1579-d294 @A: 07 24 27 06 | 02
#1580-d294 @A: 07 29 19 15 | 04
#1581-d294 @A: 07 29 23 34 | 08
#1582-d294 @A: 18 08 19 09 | 01
#1583-d294 @A: 18 35 02 13 | 03
#1584-d294 @A: 04 35 08 18 | 11
#1585-d294 @A: 16 27 15 18 | 12
#1586-d294 @A: 18 33 31 32 | 10
#1587-d294 @A: 32 14 18 06 | 07
#1588-d294 @A: 18 15 26 32 | 05
#1589-d294 @A: 33 25 24 18 | 06
#1590-d294 @A: 22 31 18 15 | 09
#1591-d294 @A: 26 06 18 17 | 02
#1592-d294 @A: 09 13 20 27 | 04
#1593-d294 @A: 23 25 13 09 | 08
#1594-d294 @A: 09 08 16 02 | 01
#1595-d294 @A: 34 04 35 09 | 03
#1596-d294 @A: 31 35 09 32 | 11
#1597-d294 @A: 04 05 06 09 | 12
#1598-d294 @A: 09 33 14 01 | 10
#1599-d294 @A: 01 09 31 17 | 07
#1600-d294 @A: 09 33 16 21 | 05
#1601-d294 @A: 16 25 09 31 | 06
#1602-d294 @A: 09 19 32 23 | 09
#1603-d294 @A: 09 06 22 33 | 02
#1604-d294 @A: 09 22 30 29 | 04
#1605-d294 @A: 03 09 06 25 | 08
#1606-d294 @A: 09 23 21 26 | 01
#1607-d294 @A: 33 21 13 08 | 03
#1608-d294 @A: 14 04 13 17 | 11
#1609-d294 @A: 25 13 01 33 | 12
#1610-d294 @A: 34 06 13 01 | 10
#1611-d294 @A: 13 16 26 21 | 07
#1612-d294 @A: 13 17 32 03 | 05
#1613-d294 @A: 33 30 13 14 | 06
#1614-d294 @A: 13 10 31 06 | 09
#1615-d294 @A: 13 10 21 24 | 02
#1616-d294 @A: 27 13 21 29 | 04
#1617-d294 @A: 02 13 11 27 | 08
#1618-d294 @A: 08 17 16 19 | 01
#1619-d294 @A: 08 20 26 05 | 03
#1620-d294 @A: 08 03 33 34 | 11
#1621-d294 @A: 08 20 30 23 | 12
#1622-d294 @A: 11 08 23 06 | 10
#1623-d294 @A: 08 10 26 34 | 07
#1624-d294 @A: 11 14 08 19 | 05
#1625-d294 @A: 26 35 04 10 | 06
#1626-d294 @A: 16 32 24 35 | 09
#1627-d294 @A: 22 35 32 14 | 02
#1628-d294 @A: 35 11 34 33 | 04
#1629-d294 @A: 11 31 14 35 | 08
#1630-d294 @A: 06 35 25 26 | 01
#1631-d294 @A: 06 35 02 11 | 03
#1632-d294 @A: 35 19 17 26 | 11
#1633-d294 @A: 25 35 19 27 | 12
#1634-d294 @A: 32 01 04 27 | 10
#1635-d294 @A: 02 04 24 01 | 07
#1636-d294 @A: 02 04 34 16 | 05
#1637-d294 @A: 04 16 27 21 | 06
#1638-d294 @A: 15 33 31 04 | 09
#1639-d294 @A: 20 04 03 11 | 02
#1640-d294 @A: 11 04 24 14 | 04
#1641-d294 @A: 34 01 05 31 | 08
#1642-d294 @A: 26 32 34 01 | 01
#1643-d294 @A: 17 15 01 32 | 03
#1644-d294 @A: 01 30 29 02 | 11
#1645-d294 @A: 24 15 01 10 | 12
#1646-d294 @A: 03 11 01 17 | 10
#1647-d294 @A: 32 16 11 21 | 07
#1648-d294 @A: 14 16 31 30 | 05
#1649-d294 @A: 30 21 22 16 | 06
#1650-d294 @A: 03 23 16 22 | 09
#1651-d294 @A: 34 16 23 17 | 02
#1652-d294 @A: 16 15 10 14 | 04
#1653-d294 @A: 22 32 34 05 | 08
#1654-d294 @A: 32 20 24 05 | 01
#1655-d294 @A: 06 34 33 05 | 03
#1656-d294 @A: 31 05 19 20 | 11
#1657-d294 @A: 05 29 02 31 | 12
#1658-d294 @A: 34 05 20 30 | 10
#1659-d294 @A: 11 05 03 22 | 07
#1660-d294 @A: 05 26 21 34 | 05
#1661-d294 @A: 24 17 05 34 | 06
#1662-d294 @A: 25 05 11 29 | 09
#1663-d294 @A: 33 22 32 23 | 02
#1664-d294 @A: 31 26 32 14 | 04
#1665-d294 @A: 11 22 30 32 | 08
#1666-d294 @A: 32 19 29 26 | 01
#1667-d294 @A: 32 23 17 26 | 03
#1668-d294 @A: 32 19 24 03 | 11
#1669-d294 @A: 15 10 29 32 | 12
#1670-d294 @A: 29 02 23 32 | 10
#1671-d294 @A: 21 25 17 32 | 07
#1672-d294 @A: 14 32 03 27 | 05
#1673-d294 @A: 31 27 17 33 | 06
#1674-d294 @A: 33 10 30 20 | 09
#1675-d294 @A: 17 33 24 11 | 02
#1676-d294 @A: 31 29 17 26 | 04
#1677-d294 @A: 24 14 26 31 | 08
#1678-d294 @A: 24 23 10 31 | 01
#1679-d294 @A: 02 31 10 17 | 03
#1680-d294 @A: 14 22 30 15 | 11
#1681-d294 @A: 10 25 11 30 | 12
#1682-d294 @A: 20 17 27 22 | 10
#1683-d294 @A: 26 22 14 06 | 07
#1684-d294 @A: 22 06 34 29 | 05
#1685-d294 @A: 11 22 23 19 | 06
#1686-d294 @A: 21 23 22 15 | 09
#1687-d294 @A: 25 20 03 29 | 02
#1688-d294 @A: 24 20 03 02 | 04
#1689-d294 @A: 23 02 34 14 | 08
