#0001-d281 @A: 23 16 24 01 | 06
#0002-d281 @A: 16 22 03 02 | 03
#0003-d281 @A: 16 06 17 22 | 12
#0004-d281 @A: 06 21 14 16 | 09
#0005-d281 @A: 16 29 09 06 | 10
#0006-d281 @A: 28 18 16 26 | 04
#0007-d281 @A: 26 16 05 22 | 08
#0008-d281 @A: 31 24 22 16 | 02
#0009-d281 @A: 16 29 24 32 | 11
#0010-d281 @A: 31 16 30 23 | 05
#0011-d281 @A: 22 08 04 16 | 01
#0012-d281 @A: 04 15 16 13 | 07
#0013-d281 @A: 03 14 16 08 | 06
#0014-d281 @A: 16 17 31 03 | 03
#0015-d281 @A: 27 17 16 11 | 12
#0016-d281 @A: 16 29 11 07 | 09
#0017-d281 @A: 22 21 13 16 | 10
#0018-d281 @A: 16 31 05 09 | 04
#0019-d281 @A: 30 07 16 17 | 08
#0020-d281 @A: 14 16 08 35 | 02
#0021-d281 @A: 30 20 15 16 | 11
#0022-d281 @A: 14 31 16 32 | 05
#0023-d281 @A: 09 02 01 35 | 01
#0024-d281 @A: 01 13 11 26 | 07
#0025-d281 @A: 24 18 09 01 | 06
#0026-d281 @A: 10 08 22 01 | 03
#0027-d281 @A: 19 01 22 23 | 12
#0028-d281 @A: 03 04 09 01 | 09
#0029-d281 @A: 33 21 04 01 | 10
#0030-d281 @A: 04 01 20 13 | 04
#0031-d281 @A: 03 27 05 01 | 08
#0032-d281 @A: 33 14 01 27 | 02
#0033-d281 @A: 27 29 20 01 | 11
#0034-d281 @A: 01 25 27 30 | 05
#0035-d281 @A: 01 21 09 17 | 01
#0036-d281 @A: 32 01 05 20 | 07
#0037-d281 @A: 18 31 01 07 | 06
#0038-d281 @A: 01 17 18 15 | 03
#0039-d281 @A: 02 20 06 12 | 12
#0040-d281 @A: 02 26 08 27 | 09
#0041-d281 @A: 02 26 35 08 | 10
#0042-d281 @A: 22 02 11 24 | 04
#0043-d281 @A: 29 18 02 24 | 08
#0044-d281 @A: 34 02 30 24 | 02
#0045-d281 @A: 19 03 10 02 | 11
#0046-d281 @A: 22 02 10 09 | 05
#0047-d281 @A: 25 10 02 30 | 01
#0048-d281 @A: 17 04 11 02 | 07
#0049-d281 @A: 33 02 08 04 | 06
#0050-d281 @A: 21 31 22 02 | 03
#0051-d281 @A: 02 12 22 25 | 12
#0052-d281 @A: 02 14 21 29 | 09
#0053-d281 @A: 12 14 02 07 | 10
#0054-d281 @A: 30 02 31 09 | 04
#0055-d281 @A: 06 30 22 26 | 08
#0056-d281 @A: 06 17 26 15 | 02
#0057-d281 @A: 06 05 24 17 | 11
#0058-d281 @A: 10 04 06 19 | 05
#0059-d281 @A: 03 10 20 06 | 01
#0060-d281 @A: 06 33 30 10 | 07
#0061-d281 @A: 06 25 14 10 | 06
#0062-d281 @A: 12 06 28 32 | 03
#0063-d281 @A: 11 19 23 06 | 12
#0064-d281 @A: 08 06 23 21 | 09
#0065-d281 @A: 25 23 06 31 | 10
#0066-d281 @A: 06 35 13 11 | 04
#0067-d281 @A: 22 06 19 07 | 08
#0068-d281 @A: 35 09 06 33 | 02
#0069-d281 @A: 12 06 13 19 | 11
#0070-d281 @A: 24 31 34 26 | 05
#0071-d281 @A: 13 23 26 28 | 01
#0072-d281 @A: 28 25 26 09 | 07
#0073-d281 @A: 26 03 23 12 | 06
#0074-d281 @A: 19 29 03 26 | 03
#0075-d281 @A: 22 33 14 26 | 12
#0076-d281 @A: 27 26 14 21 | 09
#0077-d281 @A: 26 07 30 15 | 10
#0078-d281 @A: 26 13 08 18 | 04
#0079-d281 @A: 20 26 08 12 | 08
#0080-d281 @A: 23 19 24 10 | 02
#0081-d281 @A: 04 24 22 20 | 11
#0082-d281 @A: 18 24 05 03 | 05
#0083-d281 @A: 18 11 30 24 | 01
#0084-d281 @A: 21 24 09 13 | 07
#0085-d281 @A: 31 13 24 07 | 06
#0086-d281 @A: 20 35 24 08 | 03
#0087-d281 @A: 10 23 34 22 | 12
#0088-d281 @A: 11 09 04 10 | 09
#0089-d281 @A: 03 25 10 29 | 10
#0090-d281 @A: 33 10 13 15 | 04
#0091-d281 @A: 25 21 10 34 | 08
#0092-d281 @A: 05 13 10 19 | 02
#0093-d281 @A: 10 08 15 19 | 11
#0094-d281 @A: 08 09 32 10 | 05
#0095-d281 @A: 10 08 32 35 | 01
#0096-d281 @A: 14 13 32 10 | 07
#0097-d281 @A: 09 17 19 10 | 06
#0098-d281 @A: 28 22 23 09 | 03
#0099-d281 @A: 28 07 29 04 | 12
#0100-d281 @A: 34 17 28 04 | 09
#0101-d281 @A: 28 22 14 31 | 10
#0102-d281 @A: 29 28 13 21 | 04
#0103-d281 @A: 32 28 18 34 | 08
#0104-d281 @A: 14 09 18 28 | 02
#0105-d281 @A: 23 35 03 15 | 11
#0106-d281 @A: 19 29 32 23 | 05
#0107-d281 @A: 15 08 17 23 | 01
#0108-d281 @A: 18 04 29 03 | 07
#0109-d281 @A: 35 04 11 27 | 06
#0110-d281 @A: 08 03 11 29 | 03
#0111-d281 @A: 13 03 22 25 | 12
#0112-d281 @A: 05 07 03 34 | 09
#0113-d281 @A: 03 30 31 12 | 10
#0114-d281 @A: 03 14 30 15 | 04
#0115-d281 @A: 32 03 14 35 | 08
#0116-d281 @A: 07 11 05 12 | 02
#0117-d281 @A: 20 18 11 13 | 11
#0118-d281 @A: 22 21 08 33 | 05
#0119-d281 @A: 35 22 25 21 | 01
#0120-d281 @A: 22 05 14 07 | 07
#0121-d281 @A: 09 22 17 07 | 06
#0122-d281 @A: 13 12 22 32 | 03
#0123-d281 @A: 32 19 22 17 | 12
#0124-d281 @A: 22 14 34 12 | 09
#0125-d281 @A: 05 33 27 21 | 10
#0126-d281 @A: 27 33 12 15 | 04
#0127-d281 @A: 33 17 25 08 | 08
#0128-d281 @A: 08 07 33 19 | 02
#0129-d281 @A: 18 32 35 33 | 11
#0130-d281 @A: 27 05 14 35 | 05
#0131-d281 @A: 20 35 07 27 | 01
#0132-d281 @A: 09 30 17 27 | 07
#0133-d281 @A: 30 34 27 20 | 06
#0134-d281 @A: 08 29 05 30 | 03
#0135-d281 @A: 29 30 34 17 | 12
#0136-d281 @A: 14 29 35 18 | 09
#0137-d281 @A: 34 17 25 05 | 10
#0138-d281 @A: 30 25 07 18 | 04
#0139-d281 @A: 34 32 25 30 | 08
#0140-d281 @A: 17 16 23 02 | 02
#0141-d281 @A: 16 02 09 33 | 11
#0142-d281 @A: 11 13 16 06 | 05
#0143-d281 @A: 12 28 03 16 | 01
#0144-d281 @A: 16 21 23 11 | 07
#0145-d281 @A: 04 13 35 16 | 06
#0146-d281 @A: 21 03 16 20 | 03
#0147-d281 @A: 29 15 33 16 | 12
#0148-d281 @A: 05 16 33 35 | 09
#0149-d281 @A: 29 27 35 16 | 10
#0150-d281 @A: 16 29 31 21 | 04
#0151-d281 @A: 25 08 16 21 | 08
#0152-d281 @A: 20 16 07 32 | 02
#0153-d281 @A: 16 30 19 08 | 11
#0154-d281 @A: 16 30 13 34 | 05
#0155-d281 @A: 22 02 30 01 | 01
#0156-d281 @A: 06 17 27 01 | 07
#0157-d281 @A: 26 14 23 01 | 06
#0158-d281 @A: 01 21 34 26 | 03
#0159-d281 @A: 20 26 35 01 | 12
#0160-d281 @A: 24 13 14 01 | 09
#0161-d281 @A: 01 24 30 31 | 10
#0162-d281 @A: 13 10 29 01 | 04
#0163-d281 @A: 05 10 01 35 | 08
#0164-d281 @A: 28 01 08 29 | 02
#0165-d281 @A: 27 23 31 01 | 11
#0166-d281 @A: 25 01 23 05 | 05
#0167-d281 @A: 04 01 25 17 | 01
#0168-d281 @A: 17 04 35 01 | 07
#0169-d281 @A: 13 03 01 32 | 06
#0170-d281 @A: 11 01 31 17 | 03
#0171-d281 @A: 07 01 08 13 | 12
#0172-d281 @A: 13 01 15 09 | 09
#0173-d281 @A: 01 20 12 18 | 10
#0174-d281 @A: 34 10 26 02 | 04
#0175-d281 @A: 28 02 24 17 | 08
#0176-d281 @A: 27 33 02 28 | 02
#0177-d281 @A: 11 34 02 23 | 11
#0178-d281 @A: 04 02 21 20 | 05
#0179-d281 @A: 27 02 09 03 | 01
#0180-d281 @A: 07 02 30 03 | 07
#0181-d281 @A: 18 11 33 02 | 06
#0182-d281 @A: 02 22 15 19 | 03
#0183-d281 @A: 33 25 35 02 | 12
#0184-d281 @A: 33 31 02 05 | 09
#0185-d281 @A: 17 25 02 27 | 10
#0186-d281 @A: 02 05 08 32 | 04
#0187-d281 @A: 34 02 20 08 | 08
#0188-d281 @A: 15 18 02 12 | 02
#0189-d281 @A: 06 03 26 05 | 11
#0190-d281 @A: 24 14 28 06 | 05
#0191-d281 @A: 21 34 06 24 | 01
#0192-d281 @A: 27 06 12 10 | 07
#0193-d281 @A: 29 05 06 10 | 06
#0194-d281 @A: 06 03 35 28 | 03
#0195-d281 @A: 06 23 12 17 | 12
#0196-d281 @A: 06 13 04 33 | 09
#0197-d281 @A: 30 13 06 25 | 10
#0198-d281 @A: 07 13 15 06 | 04
#0199-d281 @A: 12 07 30 06 | 08
#0200-d281 @A: 20 34 13 06 | 02
#0201-d281 @A: 35 12 06 15 | 11
#0202-d281 @A: 26 09 22 24 | 05
#0203-d281 @A: 10 26 17 29 | 01
#0204-d281 @A: 05 25 26 10 | 07
#0205-d281 @A: 29 26 28 14 | 06
#0206-d281 @A: 19 04 05 26 | 03
#0207-d281 @A: 03 11 26 32 | 12
#0208-d281 @A: 11 20 29 26 | 09
#0209-d281 @A: 19 08 11 26 | 10
#0210-d281 @A: 26 29 31 35 | 04
#0211-d281 @A: 34 13 26 05 | 08
#0212-d281 @A: 26 05 20 30 | 02
#0213-d281 @A: 05 09 32 26 | 11
#0214-d281 @A: 26 34 09 07 | 05
#0215-d281 @A: 11 28 24 34 | 01
#0216-d281 @A: 32 11 23 24 | 07
#0217-d281 @A: 24 23 33 15 | 06
#0218-d281 @A: 23 27 24 12 | 03
#0219-d281 @A: 24 35 18 23 | 12
#0220-d281 @A: 08 24 03 33 | 09
#0221-d281 @A: 13 22 34 24 | 10
#0222-d281 @A: 21 27 24 31 | 04
#0223-d281 @A: 21 08 30 24 | 08
#0224-d281 @A: 19 25 24 32 | 02
#0225-d281 @A: 07 24 19 05 | 11
#0226-d281 @A: 24 34 15 19 | 05
#0227-d281 @A: 34 28 10 33 | 01
#0228-d281 @A: 17 27 28 10 | 07
#0229-d281 @A: 28 10 31 21 | 06
#0230-d281 @A: 03 10 22 30 | 03
#0231-d281 @A: 10 03 08 18 | 12
#0232-d281 @A: 27 10 19 11 | 09
#0233-d281 @A: 08 27 33 10 | 10
#0234-d281 @A: 27 14 20 10 | 04
#0235-d281 @A: 15 30 10 21 | 08
#0236-d281 @A: 12 14 31 10 | 02
#0237-d281 @A: 09 34 10 14 | 11
#0238-d281 @A: 08 03 04 28 | 05
#0239-d281 @A: 28 04 12 13 | 01
#0240-d281 @A: 28 13 11 03 | 07
#0241-d281 @A: 33 15 28 03 | 06
#0242-d281 @A: 25 12 28 11 | 03
#0243-d281 @A: 34 28 22 21 | 12
#0244-d281 @A: 07 28 09 12 | 09
#0245-d281 @A: 18 17 13 28 | 10
#0246-d281 @A: 27 23 20 03 | 04
#0247-d281 @A: 03 23 13 14 | 08
#0248-d281 @A: 20 18 23 22 | 02
#0249-d281 @A: 27 14 23 25 | 11
#0250-d281 @A: 13 07 21 23 | 05
#0251-d281 @A: 31 09 32 23 | 01
#0252-d281 @A: 29 03 04 35 | 07
#0253-d281 @A: 30 33 04 11 | 06
#0254-d281 @A: 04 07 15 09 | 03
#0255-d281 @A: 35 19 08 04 | 12
#0256-d281 @A: 04 17 30 18 | 09
#0257-d281 @A: 32 04 19 09 | 10
#0258-d281 @A: 15 04 35 20 | 04
#0259-d281 @A: 33 03 29 30 | 08
#0260-d281 @A: 03 21 27 35 | 02
#0261-d281 @A: 09 03 07 35 | 11
#0262-d281 @A: 19 32 34 03 | 05
#0263-d281 @A: 31 32 03 18 | 01
#0264-d281 @A: 11 22 21 19 | 07
#0265-d281 @A: 11 09 22 35 | 06
#0266-d281 @A: 11 15 35 33 | 03
#0267-d281 @A: 25 27 08 11 | 12
#0268-d281 @A: 32 34 11 07 | 09
#0269-d281 @A: 19 11 31 09 | 10
#0270-d281 @A: 32 11 14 20 | 04
#0271-d281 @A: 22 34 33 29 | 08
#0272-d281 @A: 22 33 32 25 | 02
#0273-d281 @A: 27 22 31 25 | 11
#0274-d281 @A: 14 22 29 30 | 05
#0275-d281 @A: 17 12 22 05 | 01
#0276-d281 @A: 12 08 07 22 | 07
#0277-d281 @A: 33 14 13 07 | 06
#0278-d281 @A: 31 33 14 30 | 03
#0279-d281 @A: 14 13 27 34 | 12
#0280-d281 @A: 31 12 19 27 | 09
#0281-d281 @A: 08 17 05 21 | 10
#0282-d281 @A: 29 25 31 14 | 04
#0283-d281 @A: 05 29 19 14 | 08
#0284-d281 @A: 29 08 19 18 | 02
#0285-d281 @A: 30 29 20 12 | 11
#0286-d281 @A: 35 29 30 17 | 05
#0287-d281 @A: 12 35 29 32 | 01
#0288-d281 @A: 08 25 12 30 | 07
#0289-d281 @A: 14 13 25 12 | 06
#0290-d281 @A: 25 31 20 30 | 03
#0291-d281 @A: 12 25 20 17 | 12
#0292-d281 @A: 25 09 15 17 | 09
#0293-d281 @A: 01 20 16 02 | 10
#0294-d281 @A: 17 26 01 16 | 04
#0295-d281 @A: 16 31 28 01 | 08
#0296-d281 @A: 06 26 34 16 | 02
#0297-d281 @A: 24 16 15 08 | 11
#0298-d281 @A: 25 10 17 16 | 05
#0299-d281 @A: 12 04 16 25 | 01
#0300-d281 @A: 16 03 35 25 | 07
#0301-d281 @A: 09 16 18 03 | 06
#0302-d281 @A: 17 15 21 16 | 03
#0303-d281 @A: 16 12 13 31 | 12
#0304-d281 @A: 14 20 13 16 | 09
#0305-d281 @A: 17 12 16 14 | 10
#0306-d281 @A: 01 02 28 13 | 04
#0307-d281 @A: 06 24 01 22 | 08
#0308-d281 @A: 01 03 06 08 | 02
#0309-d281 @A: 32 06 01 31 | 11
#0310-d281 @A: 01 28 05 26 | 05
#0311-d281 @A: 26 31 01 29 | 01
#0312-d281 @A: 29 24 35 01 | 07
#0313-d281 @A: 35 15 01 10 | 06
#0314-d281 @A: 28 33 01 09 | 03
#0315-d281 @A: 28 27 07 01 | 12
#0316-d281 @A: 08 01 11 04 | 09
#0317-d281 @A: 11 15 01 07 | 10
#0318-d281 @A: 29 09 22 01 | 04
#0319-d281 @A: 32 01 35 21 | 08
#0320-d281 @A: 01 30 19 18 | 02
#0321-d281 @A: 33 06 02 26 | 11
#0322-d281 @A: 18 06 02 03 | 05
#0323-d281 @A: 24 07 33 02 | 01
#0324-d281 @A: 07 02 23 10 | 07
#0325-d281 @A: 12 28 05 02 | 06
#0326-d281 @A: 23 13 22 02 | 03
#0327-d281 @A: 20 02 23 25 | 12
#0328-d281 @A: 29 02 04 05 | 09
#0329-d281 @A: 25 11 19 02 | 10
#0330-d281 @A: 02 11 35 17 | 04
#0331-d281 @A: 33 15 25 02 | 08
#0332-d281 @A: 18 21 32 02 | 02
#0333-d281 @A: 17 34 02 31 | 11
#0334-d281 @A: 14 02 20 09 | 05
#0335-d281 @A: 06 24 19 26 | 01
#0336-d281 @A: 26 06 23 09 | 07
#0337-d281 @A: 26 25 12 06 | 06
#0338-d281 @A: 24 08 27 06 | 03
#0339-d281 @A: 06 30 35 24 | 12
#0340-d281 @A: 27 06 18 28 | 09
#0341-d281 @A: 08 25 06 04 | 10
#0342-d281 @A: 06 09 03 25 | 04
#0343-d281 @A: 22 27 06 33 | 08
#0344-d281 @A: 21 12 09 06 | 02
#0345-d281 @A: 06 08 35 25 | 11
#0346-d281 @A: 06 08 05 15 | 05
#0347-d281 @A: 05 34 06 30 | 01
#0348-d281 @A: 06 07 35 13 | 07
#0349-d281 @A: 28 12 26 10 | 06
#0350-d281 @A: 26 33 04 35 | 03
#0351-d281 @A: 26 04 25 29 | 12
#0352-d281 @A: 33 03 09 26 | 09
#0353-d281 @A: 27 31 03 26 | 10
#0354-d281 @A: 35 03 26 34 | 04
#0355-d281 @A: 26 22 21 07 | 08
#0356-d281 @A: 31 26 35 07 | 02
#0357-d281 @A: 24 07 10 28 | 11
#0358-d281 @A: 24 27 34 10 | 05
#0359-d281 @A: 04 15 28 24 | 01
#0360-d281 @A: 24 22 12 28 | 07
#0361-d281 @A: 28 24 05 29 | 06
#0362-d281 @A: 03 24 23 21 | 03
#0363-d281 @A: 23 24 18 07 | 12
#0364-d281 @A: 24 23 34 17 | 09
#0365-d281 @A: 14 24 22 35 | 10
#0366-d281 @A: 29 24 19 12 | 04
#0367-d281 @A: 30 07 24 32 | 08
#0368-d281 @A: 31 24 08 32 | 02
#0369-d281 @A: 12 32 24 20 | 11
#0370-d281 @A: 32 34 09 24 | 05
#0371-d281 @A: 15 09 35 24 | 01
#0372-d281 @A: 10 28 05 30 | 07
#0373-d281 @A: 18 10 14 23 | 06
#0374-d281 @A: 35 10 03 30 | 03
#0375-d281 @A: 34 11 10 29 | 12
#0376-d281 @A: 22 18 29 10 | 09
#0377-d281 @A: 15 05 07 10 | 10
#0378-d281 @A: 18 32 07 10 | 04
#0379-d281 @A: 34 30 31 10 | 08
#0380-d281 @A: 10 31 15 17 | 02
#0381-d281 @A: 23 14 21 28 | 11
#0382-d281 @A: 30 23 07 28 | 05
#0383-d281 @A: 20 04 25 28 | 01
#0384-d281 @A: 20 22 03 28 | 07
#0385-d281 @A: 08 28 33 11 | 06
#0386-d281 @A: 09 28 27 21 | 03
#0387-d281 @A: 28 21 15 25 | 12
#0388-d281 @A: 28 09 30 08 | 09
#0389-d281 @A: 19 14 34 28 | 10
#0390-d281 @A: 08 27 04 23 | 04
#0391-d281 @A: 34 23 04 35 | 08
#0392-d281 @A: 15 27 23 22 | 02
#0393-d281 @A: 23 35 09 25 | 11
#0394-d281 @A: 05 31 23 14 | 05
#0395-d281 @A: 07 19 09 23 | 01
#0396-d281 @A: 17 31 07 23 | 07
#0397-d281 @A: 34 08 23 14 | 06
#0398-d281 @A: 13 19 18 23 | 03
#0399-d281 @A: 22 04 34 03 | 12
#0400-d281 @A: 21 04 27 17 | 09
#0401-d281 @A: 04 08 05 07 | 10
#0402-d281 @A: 09 20 04 05 | 04
#0403-d281 @A: 17 04 08 13 | 08
#0404-d281 @A: 13 14 04 30 | 02
#0405-d281 @A: 11 03 19 30 | 11
#0406-d281 @A: 11 03 18 35 | 05
#0407-d281 @A: 08 22 03 19 | 01
#0408-d281 @A: 33 21 03 12 | 07
#0409-d281 @A: 19 20 05 03 | 06
#0410-d281 @A: 11 33 25 09 | 03
#0411-d281 @A: 05 34 11 18 | 12
#0412-d281 @A: 07 14 31 11 | 09
#0413-d281 @A: 08 11 18 12 | 10
#0414-d281 @A: 34 35 33 22 | 04
#0415-d281 @A: 20 22 21 27 | 08
#0416-d281 @A: 07 27 35 22 | 02
#0417-d281 @A: 22 13 20 05 | 11
#0418-d281 @A: 22 05 30 18 | 05
#0419-d281 @A: 07 18 34 22 | 01
#0420-d281 @A: 22 15 08 20 | 07
#0421-d281 @A: 20 33 08 05 | 06
#0422-d281 @A: 14 05 33 12 | 03
#0423-d281 @A: 17 33 05 32 | 12
#0424-d281 @A: 33 30 15 19 | 09
#0425-d281 @A: 32 20 33 18 | 10
#0426-d281 @A: 09 33 14 15 | 04
#0427-d281 @A: 30 07 31 27 | 08
#0428-d281 @A: 13 27 15 20 | 02
#0429-d281 @A: 35 17 27 13 | 11
#0430-d281 @A: 35 27 30 09 | 05
#0431-d281 @A: 20 27 18 19 | 01
#0432-d281 @A: 34 12 17 27 | 07
#0433-d281 @A: 20 12 21 07 | 06
#0434-d281 @A: 21 20 30 13 | 03
#0435-d281 @A: 19 20 25 29 | 12
#0436-d281 @A: 31 29 05 34 | 09
#0437-d281 @A: 08 31 07 29 | 10
#0438-d281 @A: 13 07 29 34 | 04
#0439-d281 @A: 07 14 25 34 | 08
#0440-d281 @A: 19 13 15 25 | 02
#0441-d281 @A: 25 09 18 20 | 11
#0442-d281 @A: 35 05 09 18 | 05
#0443-d281 @A: 13 32 35 31 | 01
#0444-d281 @A: 22 16 01 14 | 07
#0445-d281 @A: 15 16 03 06 | 06
#0446-d281 @A: 35 16 22 26 | 03
#0447-d281 @A: 24 07 16 04 | 12
#0448-d281 @A: 16 25 24 20 | 09
#0449-d281 @A: 10 16 19 33 | 10
#0450-d281 @A: 13 25 16 28 | 04
#0451-d281 @A: 19 18 16 11 | 08
#0452-d281 @A: 07 16 27 21 | 02
#0453-d281 @A: 30 29 16 27 | 11
#0454-d281 @A: 16 15 07 12 | 05
#0455-d281 @A: 19 15 16 32 | 01
#0456-d281 @A: 19 16 34 20 | 07
#0457-d281 @A: 32 12 16 34 | 06
#0458-d281 @A: 24 02 32 01 | 03
#0459-d281 @A: 01 06 13 23 | 12
#0460-d281 @A: 01 03 28 18 | 09
#0461-d281 @A: 28 17 01 22 | 10
#0462-d281 @A: 30 34 01 28 | 04
#0463-d281 @A: 01 04 18 34 | 08
#0464-d281 @A: 01 12 29 03 | 02
#0465-d281 @A: 01 20 11 21 | 11
#0466-d281 @A: 11 01 25 29 | 05
#0467-d281 @A: 31 01 22 35 | 01
#0468-d281 @A: 18 27 01 35 | 07
#0469-d281 @A: 01 30 07 09 | 06
#0470-d281 @A: 13 30 12 01 | 03
#0471-d281 @A: 34 35 30 01 | 12
#0472-d281 @A: 06 10 17 02 | 09
#0473-d281 @A: 14 26 02 24 | 10
#0474-d281 @A: 02 18 26 05 | 04
#0475-d281 @A: 31 02 24 23 | 08
#0476-d281 @A: 02 04 10 32 | 02
#0477-d281 @A: 02 10 33 12 | 11
#0478-d281 @A: 21 11 02 28 | 05
#0479-d281 @A: 08 03 21 02 | 01
#0480-d281 @A: 22 18 27 02 | 07
#0481-d281 @A: 22 07 29 02 | 06
#0482-d281 @A: 02 08 25 09 | 03
#0483-d281 @A: 19 35 02 15 | 12
#0484-d281 @A: 26 27 13 06 | 09
#0485-d281 @A: 24 13 06 10 | 10
#0486-d281 @A: 10 06 09 15 | 04
#0487-d281 @A: 28 13 22 06 | 08
#0488-d281 @A: 23 03 22 06 | 02
#0489-d281 @A: 06 15 04 11 | 11
#0490-d281 @A: 06 27 20 11 | 05
#0491-d281 @A: 29 06 22 20 | 01
#0492-d281 @A: 12 06 05 31 | 07
#0493-d281 @A: 07 06 08 32 | 06
#0494-d281 @A: 06 18 30 08 | 03
#0495-d281 @A: 19 06 15 14 | 12
#0496-d281 @A: 15 31 06 34 | 09
#0497-d281 @A: 20 06 15 18 | 10
#0498-d281 @A: 24 27 11 26 | 04
#0499-d281 @A: 28 11 07 26 | 08
#0500-d281 @A: 26 11 05 23 | 02
#0501-d281 @A: 23 26 17 35 | 11
#0502-d281 @A: 26 29 12 21 | 05
#0503-d281 @A: 35 21 05 26 | 01
#0504-d281 @A: 26 05 17 07 | 07
#0505-d281 @A: 35 26 19 18 | 06
#0506-d281 @A: 26 15 34 14 | 03
#0507-d281 @A: 24 28 31 03 | 12
#0508-d281 @A: 24 03 27 17 | 09
#0509-d281 @A: 24 03 13 35 | 10
#0510-d281 @A: 24 21 11 15 | 04
#0511-d281 @A: 24 35 33 21 | 08
#0512-d281 @A: 27 24 15 29 | 02
#0513-d281 @A: 24 08 05 12 | 11
#0514-d281 @A: 32 05 35 24 | 05
#0515-d281 @A: 20 13 08 24 | 01
#0516-d281 @A: 18 24 19 17 | 07
#0517-d281 @A: 24 17 20 31 | 06
#0518-d281 @A: 22 10 12 04 | 03
#0519-d281 @A: 25 13 10 04 | 12
#0520-d281 @A: 15 27 03 10 | 09
#0521-d281 @A: 11 10 22 17 | 10
#0522-d281 @A: 13 10 27 21 | 04
#0523-d281 @A: 29 19 10 21 | 08
#0524-d281 @A: 07 17 10 20 | 02
#0525-d281 @A: 09 10 12 30 | 11
#0526-d281 @A: 05 28 33 23 | 05
#0527-d281 @A: 28 23 29 20 | 01
#0528-d281 @A: 28 33 22 04 | 07
#0529-d281 @A: 20 27 28 08 | 06
#0530-d281 @A: 28 17 35 25 | 03
#0531-d281 @A: 05 28 34 08 | 12
#0532-d281 @A: 14 28 07 15 | 09
#0533-d281 @A: 15 13 34 28 | 10
#0534-d281 @A: 20 19 31 28 | 04
#0535-d281 @A: 15 17 12 28 | 08
#0536-d281 @A: 23 03 04 33 | 02
#0537-d281 @A: 27 11 09 23 | 11
#0538-d281 @A: 12 29 22 23 | 05
#0539-d281 @A: 34 12 05 23 | 01
#0540-d281 @A: 23 19 31 08 | 07
#0541-d281 @A: 22 04 21 05 | 06
#0542-d281 @A: 14 32 07 04 | 03
#0543-d281 @A: 09 35 04 14 | 12
#0544-d281 @A: 18 22 33 03 | 09
#0545-d281 @A: 35 12 03 22 | 10
#0546-d281 @A: 27 07 03 08 | 04
#0547-d281 @A: 21 03 14 32 | 08
#0548-d281 @A: 12 32 05 03 | 02
#0549-d281 @A: 14 07 18 03 | 11
#0550-d281 @A: 08 03 09 15 | 05
#0551-d281 @A: 21 29 18 11 | 01
#0552-d281 @A: 08 35 11 29 | 07
#0553-d281 @A: 15 09 30 11 | 06
#0554-d281 @A: 11 35 19 32 | 03
#0555-d281 @A: 20 22 07 30 | 12
#0556-d281 @A: 29 27 33 25 | 09
#0557-d281 @A: 33 21 32 09 | 10
#0558-d281 @A: 19 33 18 05 | 04
#0559-d281 @A: 08 33 15 32 | 08
#0560-d281 @A: 33 17 20 19 | 02
#0561-d281 @A: 27 18 05 32 | 11
#0562-d281 @A: 05 27 15 14 | 05
#0563-d281 @A: 21 20 25 05 | 01
#0564-d281 @A: 07 21 18 09 | 07
#0565-d281 @A: 35 21 17 12 | 06
#0566-d281 @A: 25 29 30 09 | 03
#0567-d281 @A: 34 12 29 25 | 12
#0568-d281 @A: 19 34 09 29 | 09
#0569-d281 @A: 09 25 13 34 | 10
#0570-d281 @A: 14 13 35 34 | 04
#0571-d281 @A: 35 31 12 30 | 08
#0572-d281 @A: 06 16 01 12 | 02
#0573-d281 @A: 16 29 01 18 | 11
#0574-d281 @A: 16 01 19 13 | 05
#0575-d281 @A: 35 16 18 02 | 01
#0576-d281 @A: 06 19 16 25 | 07
#0577-d281 @A: 11 10 15 16 | 06
#0578-d281 @A: 16 28 27 14 | 03
#0579-d281 @A: 16 25 29 23 | 12
#0580-d281 @A: 04 11 31 16 | 09
#0581-d281 @A: 33 16 03 32 | 10
#0582-d281 @A: 16 33 14 11 | 04
#0583-d281 @A: 32 25 11 16 | 08
#0584-d281 @A: 27 16 22 32 | 02
#0585-d281 @A: 12 27 08 16 | 11
#0586-d281 @A: 07 05 25 16 | 05
#0587-d281 @A: 16 17 08 20 | 01
#0588-d281 @A: 20 16 12 09 | 07
#0589-d281 @A: 18 20 16 31 | 06
#0590-d281 @A: 18 14 15 16 | 03
#0591-d281 @A: 02 21 01 15 | 12
#0592-d281 @A: 19 26 10 01 | 09
#0593-d281 @A: 26 22 01 20 | 10
#0594-d281 @A: 01 28 20 24 | 04
#0595-d281 @A: 27 24 01 04 | 08
#0596-d281 @A: 10 03 01 21 | 02
#0597-d281 @A: 01 28 35 11 | 11
#0598-d281 @A: 03 01 07 23 | 05
#0599-d281 @A: 29 15 23 01 | 01
#0600-d281 @A: 13 22 01 27 | 07
#0601-d281 @A: 01 09 05 08 | 06
#0602-d281 @A: 01 05 17 30 | 03
#0603-d281 @A: 01 12 08 14 | 12
#0604-d281 @A: 31 01 15 14 | 09
#0605-d281 @A: 06 02 32 11 | 10
#0606-d281 @A: 06 02 13 08 | 04
#0607-d281 @A: 02 24 10 08 | 08
#0608-d281 @A: 24 04 02 19 | 02
#0609-d281 @A: 03 02 24 15 | 11
#0610-d281 @A: 20 27 24 02 | 05
#0611-d281 @A: 02 24 21 12 | 01
#0612-d281 @A: 10 02 27 31 | 07
#0613-d281 @A: 02 07 10 35 | 06
#0614-d281 @A: 23 14 33 02 | 03
#0615-d281 @A: 03 02 29 32 | 12
#0616-d281 @A: 02 09 05 07 | 09
#0617-d281 @A: 13 02 34 12 | 10
#0618-d281 @A: 32 02 09 12 | 04
#0619-d281 @A: 26 11 14 06 | 08
#0620-d281 @A: 06 29 32 26 | 02
#0621-d281 @A: 06 18 24 04 | 11
#0622-d281 @A: 24 32 06 03 | 05
#0623-d281 @A: 24 06 29 31 | 01
#0624-d281 @A: 06 28 20 07 | 07
#0625-d281 @A: 04 06 05 23 | 06
#0626-d281 @A: 33 23 32 06 | 03
#0627-d281 @A: 06 27 03 34 | 12
#0628-d281 @A: 05 06 25 22 | 09
#0629-d281 @A: 08 06 33 29 | 10
#0630-d281 @A: 06 21 29 17 | 04
#0631-d281 @A: 20 29 35 06 | 08
#0632-d281 @A: 06 31 19 30 | 02
#0633-d281 @A: 12 14 06 18 | 11
#0634-d281 @A: 06 18 34 09 | 05
#0635-d281 @A: 26 20 24 10 | 01
#0636-d281 @A: 24 26 25 17 | 07
#0637-d281 @A: 26 30 11 10 | 06
#0638-d281 @A: 26 18 23 29 | 03
#0639-d281 @A: 08 07 23 26 | 12
#0640-d281 @A: 04 09 26 30 | 09
#0641-d281 @A: 26 22 03 17 | 10
#0642-d281 @A: 25 18 11 26 | 04
#0643-d281 @A: 12 26 32 33 | 08
#0644-d281 @A: 26 30 13 29 | 02
#0645-d281 @A: 26 09 13 14 | 11
#0646-d281 @A: 30 26 12 34 | 05
#0647-d281 @A: 18 31 26 30 | 01
#0648-d281 @A: 32 15 35 26 | 07
#0649-d281 @A: 04 10 24 17 | 06
#0650-d281 @A: 28 27 13 24 | 03
#0651-d281 @A: 21 28 24 18 | 12
#0652-d281 @A: 28 25 24 30 | 09
#0653-d281 @A: 12 04 11 24 | 10
#0654-d281 @A: 14 03 24 22 | 04
#0655-d281 @A: 24 33 11 20 | 08
#0656-d281 @A: 24 15 22 18 | 02
#0657-d281 @A: 24 33 27 32 | 11
#0658-d281 @A: 15 32 05 24 | 05
#0659-d281 @A: 24 34 08 18 | 01
#0660-d281 @A: 28 03 09 10 | 07
#0661-d281 @A: 04 10 31 03 | 06
#0662-d281 @A: 12 34 10 03 | 03
#0663-d281 @A: 10 29 33 31 | 12
#0664-d281 @A: 18 12 10 13 | 09
#0665-d281 @A: 10 18 35 31 | 10
#0666-d281 @A: 29 25 28 22 | 04
#0667-d281 @A: 28 25 27 05 | 08
#0668-d281 @A: 28 35 27 32 | 02
#0669-d281 @A: 08 09 28 35 | 11
#0670-d281 @A: 14 28 17 30 | 05
#0671-d281 @A: 12 14 28 20 | 01
#0672-d281 @A: 03 18 23 25 | 07
#0673-d281 @A: 23 21 35 11 | 06
#0674-d281 @A: 23 29 33 09 | 03
#0675-d281 @A: 18 05 23 08 | 12
#0676-d281 @A: 30 05 23 09 | 09
#0677-d281 @A: 23 19 34 30 | 10
#0678-d281 @A: 20 15 31 23 | 04
#0679-d281 @A: 35 31 04 21 | 08
#0680-d281 @A: 04 29 09 08 | 02
#0681-d281 @A: 12 18 04 05 | 11
#0682-d281 @A: 30 34 04 07 | 05
#0683-d281 @A: 08 31 04 30 | 01
#0684-d281 @A: 18 31 14 04 | 07
#0685-d281 @A: 04 32 15 18 | 06
#0686-d281 @A: 29 03 22 05 | 03
#0687-d281 @A: 21 31 07 03 | 12
#0688-d281 @A: 25 11 20 22 | 09
#0689-d281 @A: 33 27 11 31 | 10
#0690-d281 @A: 17 30 21 11 | 04
#0691-d281 @A: 29 32 15 11 | 08
#0692-d281 @A: 05 11 30 31 | 02
#0693-d281 @A: 07 13 09 11 | 11
#0694-d281 @A: 11 17 07 18 | 05
#0695-d281 @A: 11 15 08 13 | 01
#0696-d281 @A: 15 31 18 11 | 07
#0697-d281 @A: 17 20 09 11 | 06
#0698-d281 @A: 05 32 31 22 | 03
#0699-d281 @A: 22 35 17 15 | 12
#0700-d281 @A: 35 12 33 27 | 09
#0701-d281 @A: 27 17 18 33 | 10
#0702-d281 @A: 31 07 33 32 | 04
#0703-d281 @A: 08 14 33 18 | 08
#0704-d281 @A: 14 34 33 20 | 02
#0705-d281 @A: 21 12 25 27 | 11
#0706-d281 @A: 17 05 27 19 | 05
#0707-d281 @A: 27 19 34 08 | 01
#0708-d281 @A: 12 27 30 32 | 07
#0709-d281 @A: 30 14 18 27 | 06
#0710-d281 @A: 34 21 19 05 | 03
#0711-d281 @A: 35 21 12 08 | 12
#0712-d281 @A: 30 19 09 21 | 09
#0713-d281 @A: 20 35 30 21 | 10
#0714-d281 @A: 17 21 19 31 | 04
#0715-d281 @A: 05 13 12 29 | 08
#0716-d281 @A: 09 05 17 29 | 02
#0717-d281 @A: 30 19 07 29 | 11
#0718-d281 @A: 13 32 29 09 | 05
#0719-d281 @A: 18 25 05 14 | 01
#0720-d281 @A: 35 09 20 12 | 07
#0721-d281 @A: 16 07 01 10 | 06
#0722-d281 @A: 16 27 15 01 | 03
#0723-d281 @A: 16 35 01 07 | 12
#0724-d281 @A: 16 27 05 02 | 09
#0725-d281 @A: 21 16 02 19 | 10
#0726-d281 @A: 24 16 26 12 | 04
#0727-d281 @A: 29 26 16 08 | 08
#0728-d281 @A: 17 24 33 16 | 02
#0729-d281 @A: 18 16 10 30 | 11
#0730-d281 @A: 16 28 07 33 | 05
#0731-d281 @A: 35 28 30 16 | 01
#0732-d281 @A: 03 16 27 04 | 07
#0733-d281 @A: 16 27 09 19 | 06
#0734-d281 @A: 08 13 05 16 | 03
#0735-d281 @A: 05 14 16 30 | 12
#0736-d281 @A: 05 17 18 16 | 09
#0737-d281 @A: 09 16 08 07 | 10
#0738-d281 @A: 17 09 34 16 | 04
#0739-d281 @A: 01 27 12 02 | 08
#0740-d281 @A: 20 25 01 06 | 02
#0741-d281 @A: 26 12 04 01 | 11
#0742-d281 @A: 24 33 01 05 | 05
#0743-d281 @A: 10 01 11 23 | 01
#0744-d281 @A: 18 10 27 01 | 07
#0745-d281 @A: 20 09 01 10 | 06
#0746-d281 @A: 01 30 04 23 | 03
#0747-d281 @A: 14 03 01 19 | 12
#0748-d281 @A: 29 01 32 33 | 09
#0749-d281 @A: 33 01 13 25 | 10
#0750-d281 @A: 32 01 14 09 | 04
#0751-d281 @A: 04 02 06 35 | 08
#0752-d281 @A: 06 30 02 21 | 02
#0753-d281 @A: 26 30 02 28 | 11
#0754-d281 @A: 02 23 18 28 | 05
#0755-d281 @A: 02 28 19 29 | 01
#0756-d281 @A: 23 27 02 35 | 07
#0757-d281 @A: 02 07 04 18 | 06
#0758-d281 @A: 02 31 25 03 | 03
#0759-d281 @A: 11 02 29 31 | 12
#0760-d281 @A: 30 22 35 02 | 09
#0761-d281 @A: 02 35 29 25 | 10
#0762-d281 @A: 20 07 31 02 | 04
#0763-d281 @A: 02 08 12 19 | 08
#0764-d281 @A: 08 18 02 31 | 02
#0765-d281 @A: 13 09 02 17 | 11
#0766-d281 @A: 19 02 32 31 | 05
#0767-d281 @A: 06 35 26 27 | 01
#0768-d281 @A: 11 24 07 06 | 07
#0769-d281 @A: 10 11 06 18 | 06
#0770-d281 @A: 28 06 30 03 | 03
#0771-d281 @A: 35 23 14 06 | 12
#0772-d281 @A: 27 29 06 19 | 09
#0773-d281 @A: 18 07 05 06 | 10
#0774-d281 @A: 19 20 08 06 | 04
#0775-d281 @A: 31 06 13 09 | 08
#0776-d281 @A: 06 32 19 18 | 02
#0777-d281 @A: 04 07 10 26 | 11
#0778-d281 @A: 22 34 08 26 | 05
#0779-d281 @A: 15 26 33 20 | 01
#0780-d281 @A: 20 26 25 27 | 07
#0781-d281 @A: 27 26 12 05 | 06
#0782-d281 @A: 26 19 32 30 | 03
#0783-d281 @A: 10 32 24 22 | 12
#0784-d281 @A: 09 10 33 24 | 09
#0785-d281 @A: 10 30 24 29 | 10
#0786-d281 @A: 14 29 23 24 | 04
#0787-d281 @A: 30 24 03 04 | 08
#0788-d281 @A: 03 24 25 12 | 02
#0789-d281 @A: 11 29 24 09 | 11
#0790-d281 @A: 22 30 33 24 | 05
#0791-d281 @A: 21 17 24 22 | 01
#0792-d281 @A: 30 12 14 24 | 07
#0793-d281 @A: 20 30 09 24 | 06
#0794-d281 @A: 18 04 28 10 | 03
#0795-d281 @A: 19 22 10 28 | 12
#0796-d281 @A: 35 04 10 22 | 09
#0797-d281 @A: 10 11 21 12 | 10
#0798-d281 @A: 20 31 11 10 | 04
#0799-d281 @A: 07 13 30 10 | 08
#0800-d281 @A: 09 10 07 31 | 02
#0801-d281 @A: 12 17 10 08 | 11
#0802-d281 @A: 30 14 19 10 | 05
#0803-d281 @A: 28 34 23 27 | 01
#0804-d281 @A: 29 30 28 11 | 07
#0805-d281 @A: 17 11 28 05 | 06
#0806-d281 @A: 28 12 27 29 | 03
#0807-d281 @A: 28 05 07 31 | 12
#0808-d281 @A: 18 30 28 15 | 09
#0809-d281 @A: 19 12 18 28 | 10
#0810-d281 @A: 04 11 18 23 | 04
#0811-d281 @A: 23 20 07 05 | 08
#0812-d281 @A: 07 23 12 32 | 02
#0813-d281 @A: 07 34 15 23 | 11
#0814-d281 @A: 20 12 23 19 | 05
#0815-d281 @A: 23 18 09 15 | 01
#0816-d281 @A: 04 22 29 31 | 07
#0817-d281 @A: 19 22 18 04 | 06
#0818-d281 @A: 32 29 04 27 | 03
#0819-d281 @A: 35 12 04 05 | 12
#0820-d281 @A: 15 04 12 30 | 09
#0821-d281 @A: 34 03 21 11 | 10
#0822-d281 @A: 03 12 27 22 | 04
#0823-d281 @A: 25 03 17 21 | 08
#0824-d281 @A: 07 03 13 20 | 02
#0825-d281 @A: 08 12 13 03 | 11
#0826-d281 @A: 03 30 20 18 | 05
#0827-d281 @A: 22 13 11 29 | 01
#0828-d281 @A: 07 11 30 35 | 07
#0829-d281 @A: 11 19 34 17 | 06
#0830-d281 @A: 12 11 34 20 | 03
#0831-d281 @A: 22 19 13 33 | 12
#0832-d281 @A: 09 33 22 20 | 09
#0833-d281 @A: 14 22 25 17 | 10
#0834-d281 @A: 07 27 34 33 | 04
#0835-d281 @A: 33 09 13 08 | 08
#0836-d281 @A: 27 13 32 19 | 02
#0837-d281 @A: 13 31 17 27 | 11
#0838-d281 @A: 32 20 27 17 | 05
#0839-d281 @A: 19 18 21 14 | 01
#0840-d281 @A: 29 17 15 19 | 07
#0841-d281 @A: 29 12 18 09 | 06
#0842-d281 @A: 31 29 32 20 | 03
#0843-d281 @A: 25 09 12 05 | 12
#0844-d281 @A: 35 07 25 32 | 09
#0845-d281 @A: 17 32 31 25 | 10
#0846-d281 @A: 14 20 15 25 | 04
#0847-d281 @A: 35 19 17 05 | 08
#0848-d281 @A: 35 08 34 13 | 02
#0849-d281 @A: 35 18 17 08 | 11
#0850-d281 @A: 31 09 19 35 | 05
#0851-d281 @A: 16 01 32 04 | 01
#0852-d281 @A: 30 04 02 16 | 07
#0853-d281 @A: 02 11 08 16 | 06
#0854-d281 @A: 18 34 16 02 | 03
#0855-d281 @A: 30 06 24 16 | 12
#0856-d281 @A: 16 06 33 05 | 09
#0857-d281 @A: 16 26 10 27 | 10
#0858-d281 @A: 26 23 16 20 | 04
#0859-d281 @A: 25 15 26 16 | 08
#0860-d281 @A: 16 19 26 31 | 02
#0861-d281 @A: 03 16 24 19 | 11
#0862-d281 @A: 16 33 23 08 | 05
#0863-d281 @A: 13 16 27 23 | 01
#0864-d281 @A: 09 23 14 16 | 07
#0865-d281 @A: 22 16 15 09 | 06
#0866-d281 @A: 25 31 16 33 | 03
#0867-d281 @A: 16 34 15 05 | 12
#0868-d281 @A: 13 32 17 16 | 09
#0869-d281 @A: 16 12 19 35 | 10
#0870-d281 @A: 01 29 02 34 | 04
#0871-d281 @A: 25 02 01 18 | 08
#0872-d281 @A: 18 06 26 01 | 02
#0873-d281 @A: 24 26 15 01 | 11
#0874-d281 @A: 01 26 32 25 | 05
#0875-d281 @A: 31 01 25 10 | 01
#0876-d281 @A: 03 22 31 01 | 07
#0877-d281 @A: 03 01 08 35 | 06
#0878-d281 @A: 34 01 11 27 | 03
#0879-d281 @A: 33 01 07 22 | 12
#0880-d281 @A: 01 32 08 27 | 09
#0881-d281 @A: 30 08 15 01 | 10
#0882-d281 @A: 09 06 02 24 | 04
#0883-d281 @A: 27 02 04 06 | 08
#0884-d281 @A: 15 10 29 02 | 02
#0885-d281 @A: 22 05 02 34 | 11
#0886-d281 @A: 27 19 02 14 | 05
#0887-d281 @A: 20 02 05 17 | 01
#0888-d281 @A: 15 02 08 07 | 07
#0889-d281 @A: 31 14 13 02 | 06
#0890-d281 @A: 02 17 15 32 | 03
#0891-d281 @A: 34 09 15 02 | 12
#0892-d281 @A: 26 06 21 20 | 09
#0893-d281 @A: 20 23 06 24 | 10
#0894-d281 @A: 27 06 23 30 | 04
#0895-d281 @A: 06 03 12 04 | 08
#0896-d281 @A: 21 03 13 06 | 02
#0897-d281 @A: 06 17 11 25 | 11
#0898-d281 @A: 07 09 33 06 | 05
#0899-d281 @A: 27 06 15 21 | 01
#0900-d281 @A: 06 13 17 14 | 07
#0901-d281 @A: 17 31 06 35 | 06
#0902-d281 @A: 26 10 22 13 | 03
#0903-d281 @A: 34 26 25 23 | 12
#0904-d281 @A: 26 15 22 29 | 09
#0905-d281 @A: 26 22 25 19 | 10
#0906-d281 @A: 12 26 22 18 | 04
#0907-d281 @A: 25 33 07 26 | 08
#0908-d281 @A: 07 12 26 13 | 02
#0909-d281 @A: 26 30 08 17 | 11
#0910-d281 @A: 12 19 26 14 | 05
#0911-d281 @A: 23 35 24 10 | 01
#0912-d281 @A: 11 10 24 03 | 07
#0913-d281 @A: 25 10 24 18 | 06
#0914-d281 @A: 04 23 09 24 | 03
#0915-d281 @A: 24 23 13 25 | 12
#0916-d281 @A: 07 09 03 24 | 09
#0917-d281 @A: 24 25 34 33 | 10
#0918-d281 @A: 24 25 21 29 | 04
#0919-d281 @A: 18 13 24 32 | 08
#0920-d281 @A: 20 18 24 14 | 02
#0921-d281 @A: 05 10 27 23 | 11
#0922-d281 @A: 10 33 04 14 | 05
#0923-d281 @A: 10 04 27 30 | 01
#0924-d281 @A: 04 10 21 08 | 07
#0925-d281 @A: 25 22 15 10 | 06
#0926-d281 @A: 33 20 35 10 | 03
#0927-d281 @A: 27 29 10 09 | 12
#0928-d281 @A: 17 10 21 32 | 09
#0929-d281 @A: 27 04 31 28 | 10
#0930-d281 @A: 35 15 04 28 | 04
#0931-d281 @A: 30 27 28 19 | 08
#0932-d281 @A: 28 08 14 13 | 02
#0933-d281 @A: 19 08 32 28 | 11
#0934-d281 @A: 17 09 28 32 | 05
#0935-d281 @A: 08 03 30 23 | 01
#0936-d281 @A: 23 14 22 11 | 07
#0937-d281 @A: 25 30 11 23 | 06
#0938-d281 @A: 22 23 08 25 | 03
#0939-d281 @A: 25 12 23 33 | 12
#0940-d281 @A: 25 23 19 21 | 09
#0941-d281 @A: 20 23 13 09 | 10
#0942-d281 @A: 20 23 32 35 | 04
#0943-d281 @A: 13 27 11 04 | 08
#0944-d281 @A: 30 22 04 25 | 02
#0945-d281 @A: 15 05 33 04 | 11
#0946-d281 @A: 32 33 34 04 | 05
#0947-d281 @A: 07 04 27 19 | 01
#0948-d281 @A: 18 08 20 04 | 07
#0949-d281 @A: 35 30 32 04 | 06
#0950-d281 @A: 14 03 25 11 | 03
#0951-d281 @A: 27 03 33 13 | 12
#0952-d281 @A: 21 27 30 03 | 09
#0953-d281 @A: 03 30 13 05 | 10
#0954-d281 @A: 15 03 17 05 | 04
#0955-d281 @A: 20 03 17 35 | 08
#0956-d281 @A: 11 14 12 27 | 02
#0957-d281 @A: 08 21 31 11 | 11
#0958-d281 @A: 34 15 25 11 | 05
#0959-d281 @A: 11 05 19 32 | 01
#0960-d281 @A: 31 34 35 11 | 07
#0961-d281 @A: 11 18 09 32 | 06
#0962-d281 @A: 13 22 29 35 | 03
#0963-d281 @A: 18 22 09 31 | 12
#0964-d281 @A: 14 22 15 32 | 09
#0965-d281 @A: 25 33 21 30 | 10
#0966-d281 @A: 09 34 33 05 | 04
#0967-d281 @A: 33 08 30 34 | 08
#0968-d281 @A: 20 33 12 13 | 02
#0969-d281 @A: 33 09 19 12 | 11
#0970-d281 @A: 31 18 27 29 | 05
#0971-d281 @A: 15 31 08 27 | 01
#0972-d281 @A: 17 08 14 27 | 07
#0973-d281 @A: 32 31 34 27 | 06
#0974-d281 @A: 34 21 08 07 | 03
#0975-d281 @A: 07 15 21 19 | 12
#0976-d281 @A: 08 09 20 21 | 09
#0977-d281 @A: 13 15 18 21 | 10
#0978-d281 @A: 21 35 18 13 | 04
#0979-d281 @A: 21 17 34 14 | 08
#0980-d281 @A: 32 07 29 17 | 02
#0981-d281 @A: 07 14 29 09 | 11
#0982-d281 @A: 15 29 30 31 | 05
#0983-d281 @A: 32 30 29 18 | 01
#0984-d281 @A: 31 29 12 17 | 07
#0985-d281 @A: 32 29 14 12 | 06
#0986-d281 @A: 13 25 31 05 | 03
#0987-d281 @A: 05 25 34 35 | 12
#0988-d281 @A: 13 07 25 17 | 09
#0989-d281 @A: 25 30 19 17 | 10
#0990-d281 @A: 25 15 31 12 | 04
#0991-d281 @A: 05 18 30 35 | 08
#0992-d281 @A: 14 35 30 15 | 02
#0993-d281 @A: 05 21 16 01 | 11
#0994-d281 @A: 26 16 02 32 | 05
#0995-d281 @A: 10 06 16 32 | 01
#0996-d281 @A: 35 32 16 06 | 07
#0997-d281 @A: 16 14 26 04 | 06
#0998-d281 @A: 26 16 03 07 | 03
#0999-d281 @A: 11 26 09 16 | 12
#1000-d281 @A: 26 21 16 30 | 09
#1001-d281 @A: 16 35 10 11 | 10
#1002-d281 @A: 04 28 05 16 | 04
#1003-d281 @A: 16 28 30 22 | 08
#1004-d281 @A: 32 16 23 05 | 02
#1005-d281 @A: 04 16 18 33 | 11
#1006-d281 @A: 30 25 16 03 | 05
#1007-d281 @A: 21 12 16 18 | 01
#1008-d281 @A: 16 21 15 35 | 07
#1009-d281 @A: 05 12 19 16 | 06
#1010-d281 @A: 16 32 30 09 | 03
#1011-d281 @A: 23 01 08 02 | 12
#1012-d281 @A: 01 34 06 10 | 09
#1013-d281 @A: 06 33 15 01 | 10
#1014-d281 @A: 12 10 24 01 | 04
#1015-d281 @A: 24 08 25 01 | 08
#1016-d281 @A: 01 23 28 12 | 02
#1017-d281 @A: 04 01 28 14 | 11
#1018-d281 @A: 03 15 25 01 | 05
#1019-d281 @A: 34 14 01 05 | 01
#1020-d281 @A: 31 01 09 12 | 07
#1021-d281 @A: 19 06 34 02 | 06
#1022-d281 @A: 20 26 02 03 | 03
#1023-d281 @A: 20 02 18 10 | 12
#1024-d281 @A: 09 28 04 02 | 09
#1025-d281 @A: 02 04 14 15 | 10
#1026-d281 @A: 32 22 20 02 | 04
#1027-d281 @A: 21 02 13 33 | 08
#1028-d281 @A: 15 02 30 27 | 02
#1029-d281 @A: 07 02 19 17 | 11
#1030-d281 @A: 20 19 13 02 | 05
#1031-d281 @A: 31 02 20 35 | 01
#1032-d281 @A: 32 02 35 34 | 07
#1033-d281 @A: 28 06 15 29 | 06
#1034-d281 @A: 25 28 06 34 | 03
#1035-d281 @A: 07 23 06 14 | 12
#1036-d281 @A: 14 06 34 04 | 09
#1037-d281 @A: 11 06 31 03 | 10
#1038-d281 @A: 22 32 06 34 | 04
#1039-d281 @A: 05 06 13 32 | 08
#1040-d281 @A: 17 06 07 34 | 02
#1041-d281 @A: 34 06 12 08 | 11
#1042-d281 @A: 06 18 31 17 | 05
#1043-d281 @A: 35 24 26 11 | 01
#1044-d281 @A: 21 05 26 24 | 07
#1045-d281 @A: 13 28 26 35 | 06
#1046-d281 @A: 17 26 11 12 | 03
#1047-d281 @A: 07 27 26 32 | 12
#1048-d281 @A: 13 31 20 26 | 09
#1049-d281 @A: 15 12 09 26 | 10
#1050-d281 @A: 32 21 04 24 | 04
#1051-d281 @A: 13 04 05 24 | 08
#1052-d281 @A: 08 22 29 24 | 02
#1053-d281 @A: 24 27 35 31 | 11
#1054-d281 @A: 34 24 07 12 | 05
#1055-d281 @A: 20 15 07 24 | 01
#1056-d281 @A: 24 19 31 14 | 07
#1057-d281 @A: 14 24 32 17 | 06
#1058-d281 @A: 13 23 10 31 | 03
#1059-d281 @A: 10 29 20 04 | 12
#1060-d281 @A: 10 22 14 21 | 09
#1061-d281 @A: 33 18 10 21 | 10
#1062-d281 @A: 07 10 12 29 | 04
#1063-d281 @A: 05 18 09 10 | 08
#1064-d281 @A: 13 10 34 08 | 02
#1065-d281 @A: 05 28 23 35 | 11
#1066-d281 @A: 03 28 32 27 | 05
#1067-d281 @A: 11 28 27 15 | 01
#1068-d281 @A: 13 09 05 28 | 07
#1069-d281 @A: 08 18 07 28 | 06
#1070-d281 @A: 19 28 07 13 | 03
#1071-d281 @A: 29 13 04 23 | 12
#1072-d281 @A: 11 15 23 03 | 09
#1073-d281 @A: 07 33 11 23 | 10
#1074-d281 @A: 30 21 22 23 | 04
#1075-d281 @A: 27 19 23 33 | 08
#1076-d281 @A: 23 20 30 33 | 02
#1077-d281 @A: 29 07 27 23 | 11
#1078-d281 @A: 23 32 25 15 | 05
#1079-d281 @A: 11 20 04 03 | 01
#1080-d281 @A: 21 03 19 04 | 07
#1081-d281 @A: 11 04 22 32 | 06
#1082-d281 @A: 22 04 07 13 | 03
#1083-d281 @A: 27 20 12 04 | 12
#1084-d281 @A: 04 14 19 08 | 09
#1085-d281 @A: 15 31 04 19 | 10
#1086-d281 @A: 31 20 04 34 | 04
#1087-d281 @A: 05 11 09 03 | 08
#1088-d281 @A: 21 03 15 22 | 02
#1089-d281 @A: 03 07 19 12 | 11
#1090-d281 @A: 19 35 30 03 | 05
#1091-d281 @A: 15 20 03 12 | 01
#1092-d281 @A: 03 17 14 20 | 07
#1093-d281 @A: 21 32 27 11 | 06
#1094-d281 @A: 11 14 09 21 | 03
#1095-d281 @A: 25 12 35 11 | 12
#1096-d281 @A: 11 05 15 20 | 09
#1097-d281 @A: 08 11 32 17 | 10
#1098-d281 @A: 14 19 13 11 | 04
#1099-d281 @A: 08 05 27 22 | 08
#1100-d281 @A: 15 17 13 22 | 02
#1101-d281 @A: 22 19 30 12 | 11
#1102-d281 @A: 18 22 35 20 | 05
#1103-d281 @A: 14 29 17 33 | 01
#1104-d281 @A: 13 33 30 17 | 07
#1105-d281 @A: 08 21 27 29 | 06
#1106-d281 @A: 13 25 27 18 | 03
#1107-d281 @A: 27 05 20 31 | 12
#1108-d281 @A: 08 27 18 09 | 09
#1109-d281 @A: 29 19 35 21 | 10
#1110-d281 @A: 32 05 21 07 | 04
#1111-d281 @A: 21 14 13 05 | 08
#1112-d281 @A: 35 34 21 09 | 02
#1113-d281 @A: 20 18 21 17 | 11
#1114-d281 @A: 13 31 29 19 | 05
#1115-d281 @A: 29 15 14 13 | 01
#1116-d281 @A: 17 13 20 29 | 07
#1117-d281 @A: 15 31 02 16 | 06
#1118-d281 @A: 06 18 23 16 | 03
#1119-d281 @A: 27 16 06 31 | 12
#1120-d281 @A: 10 04 34 16 | 09
#1121-d281 @A: 05 10 03 16 | 10
#1122-d281 @A: 23 16 28 15 | 04
#1123-d281 @A: 32 28 16 21 | 08
#1124-d281 @A: 03 34 23 16 | 02
#1125-d281 @A: 29 16 17 04 | 11
#1126-d281 @A: 16 03 29 13 | 05
#1127-d281 @A: 19 29 22 16 | 01
#1128-d281 @A: 20 33 27 16 | 07
#1129-d281 @A: 02 10 14 01 | 06
#1130-d281 @A: 09 01 02 11 | 03
#1131-d281 @A: 01 06 11 30 | 12
#1132-d281 @A: 14 06 01 29 | 09
#1133-d281 @A: 01 24 34 03 | 10
#1134-d281 @A: 01 11 19 24 | 04
#1135-d281 @A: 10 05 01 04 | 08
#1136-d281 @A: 01 17 10 33 | 02
#1137-d281 @A: 01 23 21 32 | 11
#1138-d281 @A: 03 20 33 01 | 05
#1139-d281 @A: 01 11 14 18 | 01
#1140-d281 @A: 34 22 01 25 | 07
#1141-d281 @A: 21 01 18 08 | 06
#1142-d281 @A: 05 01 18 13 | 03
#1143-d281 @A: 20 01 34 07 | 12
#1144-d281 @A: 07 17 01 14 | 09
#1145-d281 @A: 34 01 12 19 | 10
#1146-d281 @A: 29 06 02 25 | 04
#1147-d281 @A: 26 22 04 02 | 08
#1148-d281 @A: 02 35 24 28 | 02
#1149-d281 @A: 07 02 28 34 | 11
#1150-d281 @A: 02 33 03 34 | 05
#1151-d281 @A: 02 35 03 05 | 01
#1152-d281 @A: 02 20 33 29 | 07
#1153-d281 @A: 30 02 33 32 | 06
#1154-d281 @A: 02 34 21 27 | 03
#1155-d281 @A: 02 19 30 05 | 12
#1156-d281 @A: 02 30 18 13 | 09
#1157-d281 @A: 02 14 34 32 | 10
#1158-d281 @A: 07 31 26 06 | 04
#1159-d281 @A: 06 15 25 24 | 08
#1160-d281 @A: 21 35 06 10 | 02
#1161-d281 @A: 04 22 06 09 | 11
#1162-d281 @A: 14 03 33 06 | 05
#1163-d281 @A: 06 08 11 22 | 01
#1164-d281 @A: 05 06 11 21 | 07
#1165-d281 @A: 06 29 11 12 | 06
#1166-d281 @A: 21 18 22 06 | 03
#1167-d281 @A: 22 06 35 05 | 12
#1168-d281 @A: 22 15 12 06 | 09
#1169-d281 @A: 32 21 25 06 | 10
#1170-d281 @A: 06 17 30 20 | 04
#1171-d281 @A: 23 30 24 26 | 08
#1172-d281 @A: 28 26 31 33 | 02
#1173-d281 @A: 23 17 27 26 | 11
#1174-d281 @A: 04 11 26 34 | 05
#1175-d281 @A: 18 26 27 04 | 01
#1176-d281 @A: 13 26 21 04 | 07
#1177-d281 @A: 26 25 03 08 | 06
#1178-d281 @A: 26 22 11 31 | 03
#1179-d281 @A: 11 21 33 26 | 12
#1180-d281 @A: 33 30 27 26 | 09
#1181-d281 @A: 26 15 19 27 | 10
#1182-d281 @A: 08 21 26 32 | 04
#1183-d281 @A: 30 26 35 25 | 08
#1184-d281 @A: 07 14 20 26 | 02
#1185-d281 @A: 20 19 09 26 | 11
#1186-d281 @A: 26 32 34 17 | 05
#1187-d281 @A: 26 32 18 14 | 01
#1188-d281 @A: 26 09 35 14 | 07
#1189-d281 @A: 26 20 18 34 | 06
#1190-d281 @A: 05 22 23 24 | 03
#1191-d281 @A: 08 24 14 11 | 12
#1192-d281 @A: 14 33 21 24 | 09
#1193-d281 @A: 09 19 08 24 | 10
#1194-d281 @A: 12 18 24 31 | 04
#1195-d281 @A: 09 12 17 24 | 08
#1196-d281 @A: 10 29 32 28 | 02
#1197-d281 @A: 25 28 10 08 | 11
#1198-d281 @A: 28 20 13 10 | 05
#1199-d281 @A: 32 10 11 33 | 01
#1200-d281 @A: 22 10 07 27 | 07
#1201-d281 @A: 35 10 29 09 | 06
#1202-d281 @A: 13 10 35 19 | 03
#1203-d281 @A: 12 10 32 15 | 12
#1204-d281 @A: 35 17 10 14 | 09
#1205-d281 @A: 31 28 11 23 | 10
#1206-d281 @A: 28 21 30 04 | 04
#1207-d281 @A: 03 28 29 17 | 08
#1208-d281 @A: 28 11 22 18 | 02
#1209-d281 @A: 22 05 28 15 | 11
#1210-d281 @A: 33 30 28 12 | 05
#1211-d281 @A: 07 21 35 28 | 01
#1212-d281 @A: 28 08 21 12 | 07
#1213-d281 @A: 20 18 05 28 | 06
#1214-d281 @A: 28 08 17 31 | 03
#1215-d281 @A: 30 28 31 13 | 12
#1216-d281 @A: 23 22 19 35 | 09
#1217-d281 @A: 18 23 27 21 | 10
#1218-d281 @A: 21 05 23 29 | 04
#1219-d281 @A: 17 13 23 05 | 08
#1220-d281 @A: 23 32 13 08 | 02
#1221-d281 @A: 23 13 30 15 | 11
#1222-d281 @A: 30 35 13 23 | 05
#1223-d281 @A: 34 31 23 18 | 01
#1224-d281 @A: 22 14 27 04 | 07
#1225-d281 @A: 04 33 27 09 | 06
#1226-d281 @A: 33 07 20 04 | 03
#1227-d281 @A: 12 21 14 04 | 12
#1228-d281 @A: 07 04 31 12 | 09
#1229-d281 @A: 12 04 32 08 | 10
#1230-d281 @A: 08 34 04 15 | 04
#1231-d281 @A: 32 04 31 13 | 08
#1232-d281 @A: 14 17 09 04 | 02
#1233-d281 @A: 20 15 17 04 | 11
#1234-d281 @A: 03 11 33 17 | 05
#1235-d281 @A: 21 29 03 09 | 01
#1236-d281 @A: 03 34 25 20 | 07
#1237-d281 @A: 07 32 15 03 | 06
#1238-d281 @A: 03 08 17 34 | 03
#1239-d281 @A: 03 14 09 12 | 12
#1240-d281 @A: 31 34 03 14 | 09
#1241-d281 @A: 11 12 22 09 | 10
#1242-d281 @A: 33 11 05 13 | 04
#1243-d281 @A: 05 11 27 29 | 08
#1244-d281 @A: 11 13 25 21 | 02
#1245-d281 @A: 08 30 07 11 | 11
#1246-d281 @A: 11 19 07 20 | 05
#1247-d281 @A: 32 31 12 11 | 01
#1248-d281 @A: 21 09 22 25 | 07
#1249-d281 @A: 32 08 22 30 | 06
#1250-d281 @A: 14 13 18 22 | 03
#1251-d281 @A: 20 12 22 31 | 12
#1252-d281 @A: 07 05 33 30 | 09
#1253-d281 @A: 19 07 35 33 | 10
#1254-d281 @A: 31 33 12 08 | 04
#1255-d281 @A: 30 09 18 33 | 08
#1256-d281 @A: 14 33 19 35 | 02
#1257-d281 @A: 05 13 27 07 | 11
#1258-d281 @A: 27 07 12 18 | 05
#1259-d281 @A: 07 27 09 20 | 01
#1260-d281 @A: 07 17 15 27 | 07
#1261-d281 @A: 27 15 08 35 | 06
#1262-d281 @A: 09 32 15 27 | 03
#1263-d281 @A: 15 05 09 21 | 12
#1264-d281 @A: 12 17 21 13 | 09
#1265-d281 @A: 21 18 30 34 | 10
#1266-d281 @A: 12 32 21 19 | 04
#1267-d281 @A: 15 12 21 34 | 08
#1268-d281 @A: 05 18 15 29 | 02
#1269-d281 @A: 07 29 20 18 | 11
#1270-d281 @A: 15 34 35 29 | 05
#1271-d281 @A: 08 25 05 19 | 01
#1272-d281 @A: 31 25 08 34 | 07
#1273-d281 @A: 18 15 08 25 | 06
#1274-d281 @A: 13 25 20 32 | 03
#1275-d281 @A: 35 31 05 08 | 12
#1276-d281 @A: 35 07 17 34 | 09
#1277-d281 @A: 02 29 12 16 | 10
#1278-d281 @A: 10 21 16 24 | 04
#1279-d281 @A: 28 24 09 16 | 08
#1280-d281 @A: 11 16 05 24 | 02
#1281-d281 @A: 14 24 16 34 | 11
#1282-d281 @A: 10 16 12 23 | 05
#1283-d281 @A: 10 16 14 29 | 01
#1284-d281 @A: 20 11 28 16 | 07
#1285-d281 @A: 16 19 04 23 | 06
#1286-d281 @A: 04 21 16 09 | 03
#1287-d281 @A: 11 30 16 12 | 12
#1288-d281 @A: 22 16 18 25 | 09
#1289-d281 @A: 16 29 05 20 | 10
#1290-d281 @A: 16 07 14 19 | 04
#1291-d281 @A: 31 34 16 07 | 08
#1292-d281 @A: 04 01 02 31 | 02
#1293-d281 @A: 02 03 01 17 | 11
#1294-d281 @A: 21 06 28 01 | 05
#1295-d281 @A: 19 35 06 01 | 01
#1296-d281 @A: 03 01 30 26 | 07
#1297-d281 @A: 01 32 10 30 | 06
#1298-d281 @A: 23 01 34 09 | 03
#1299-d281 @A: 17 01 23 20 | 12
#1300-d281 @A: 01 12 11 33 | 09
#1301-d281 @A: 22 21 12 01 | 10
#1302-d281 @A: 27 01 19 21 | 04
#1303-d281 @A: 01 21 14 25 | 08
#1304-d281 @A: 31 13 21 01 | 02
#1305-d281 @A: 05 01 29 07 | 11
#1306-d281 @A: 07 01 12 25 | 05
#1307-d281 @A: 05 19 01 31 | 01
#1308-d281 @A: 30 20 14 01 | 07
#1309-d281 @A: 15 01 32 34 | 06
#1310-d281 @A: 31 26 02 12 | 03
#1311-d281 @A: 13 02 10 11 | 12
#1312-d281 @A: 02 32 28 25 | 09
#1313-d281 @A: 03 11 12 02 | 10
#1314-d281 @A: 17 33 02 22 | 04
#1315-d281 @A: 29 02 27 13 | 08
#1316-d281 @A: 21 02 07 25 | 02
#1317-d281 @A: 14 35 21 02 | 11
#1318-d281 @A: 05 13 02 15 | 05
#1319-d281 @A: 14 02 30 08 | 01
#1320-d281 @A: 33 24 12 06 | 07
#1321-d281 @A: 10 28 23 06 | 06
#1322-d281 @A: 21 06 10 07 | 03
#1323-d281 @A: 11 28 06 09 | 12
#1324-d281 @A: 04 29 06 30 | 09
#1325-d281 @A: 06 34 33 11 | 10
#1326-d281 @A: 19 06 21 33 | 04
#1327-d281 @A: 33 25 06 18 | 08
#1328-d281 @A: 33 06 20 31 | 02
#1329-d281 @A: 27 07 06 25 | 11
#1330-d281 @A: 09 05 06 27 | 05
#1331-d281 @A: 32 14 27 06 | 01
#1332-d281 @A: 08 09 17 06 | 07
#1333-d281 @A: 26 08 24 04 | 06
#1334-d281 @A: 24 26 13 03 | 03
#1335-d281 @A: 18 26 24 33 | 12
#1336-d281 @A: 33 10 26 23 | 09
#1337-d281 @A: 21 10 26 09 | 10
#1338-d281 @A: 34 26 03 28 | 04
#1339-d281 @A: 26 27 22 28 | 08
#1340-d281 @A: 28 15 26 08 | 02
#1341-d281 @A: 23 04 26 31 | 11
#1342-d281 @A: 26 23 21 15 | 05
#1343-d281 @A: 26 04 03 15 | 01
#1344-d281 @A: 34 33 19 26 | 07
#1345-d281 @A: 29 26 34 27 | 06
#1346-d281 @A: 26 08 14 05 | 03
#1347-d281 @A: 26 31 05 15 | 12
#1348-d281 @A: 24 33 28 19 | 09
#1349-d281 @A: 24 31 33 04 | 10
#1350-d281 @A: 04 25 24 14 | 04
#1351-d281 @A: 24 11 13 17 | 08
#1352-d281 @A: 09 25 24 27 | 02
#1353-d281 @A: 24 14 07 27 | 11
#1354-d281 @A: 21 24 20 19 | 05
#1355-d281 @A: 25 35 24 19 | 01
#1356-d281 @A: 24 34 20 05 | 07
#1357-d281 @A: 13 30 19 24 | 06
#1358-d281 @A: 15 12 24 13 | 03
#1359-d281 @A: 09 31 24 15 | 12
#1360-d281 @A: 28 34 10 35 | 09
#1361-d281 @A: 10 23 15 04 | 10
#1362-d281 @A: 32 03 10 23 | 04
#1363-d281 @A: 10 23 29 08 | 08
#1364-d281 @A: 17 23 10 30 | 02
#1365-d281 @A: 07 25 11 10 | 11
#1366-d281 @A: 33 20 25 10 | 05
#1367-d281 @A: 27 10 25 35 | 01
#1368-d281 @A: 10 17 14 05 | 07
#1369-d281 @A: 10 32 19 20 | 06
#1370-d281 @A: 15 34 20 10 | 03
#1371-d281 @A: 19 11 04 28 | 12
#1372-d281 @A: 21 03 05 28 | 09
#1373-d281 @A: 28 03 25 07 | 10
#1374-d281 @A: 20 21 28 33 | 04
#1375-d281 @A: 33 28 29 18 | 08
#1376-d281 @A: 28 09 31 29 | 02
#1377-d281 @A: 35 28 20 19 | 11
#1378-d281 @A: 28 31 32 15 | 05
#1379-d281 @A: 31 14 28 35 | 01
#1380-d281 @A: 17 23 22 04 | 07
#1381-d281 @A: 04 23 34 21 | 06
#1382-d281 @A: 29 03 23 31 | 03
#1383-d281 @A: 23 20 11 08 | 12
#1384-d281 @A: 33 23 22 31 | 09
#1385-d281 @A: 21 31 23 12 | 10
#1386-d281 @A: 23 18 30 12 | 04
#1387-d281 @A: 19 23 14 17 | 08
#1388-d281 @A: 14 23 15 12 | 02
#1389-d281 @A: 17 18 32 23 | 11
#1390-d281 @A: 04 11 21 07 | 05
#1391-d281 @A: 25 19 04 33 | 01
#1392-d281 @A: 25 31 09 04 | 07
#1393-d281 @A: 17 31 05 04 | 06
#1394-d281 @A: 03 07 22 11 | 03
#1395-d281 @A: 19 03 33 31 | 12
#1396-d281 @A: 19 03 13 09 | 09
#1397-d281 @A: 03 15 18 19 | 10
#1398-d281 @A: 31 03 20 09 | 04
#1399-d281 @A: 33 11 22 15 | 08
#1400-d281 @A: 11 22 30 27 | 02
#1401-d281 @A: 33 19 29 11 | 11
#1402-d281 @A: 34 11 08 09 | 05
#1403-d281 @A: 11 30 32 13 | 01
#1404-d281 @A: 19 15 11 12 | 07
#1405-d281 @A: 14 35 11 20 | 06
#1406-d281 @A: 27 29 22 17 | 03
#1407-d281 @A: 22 09 27 34 | 12
#1408-d281 @A: 09 22 19 05 | 09
#1409-d281 @A: 09 14 08 22 | 10
#1410-d281 @A: 30 09 13 22 | 04
#1411-d281 @A: 22 34 19 31 | 08
#1412-d281 @A: 17 34 20 22 | 02
#1413-d281 @A: 21 07 33 29 | 11
#1414-d281 @A: 17 12 33 07 | 05
#1415-d281 @A: 30 33 08 35 | 01
#1416-d281 @A: 27 35 19 34 | 07
#1417-d281 @A: 21 31 05 18 | 06
#1418-d281 @A: 19 13 08 21 | 03
#1419-d281 @A: 13 32 21 34 | 12
#1420-d281 @A: 25 32 29 05 | 09
#1421-d281 @A: 18 17 29 25 | 10
#1422-d281 @A: 12 29 08 15 | 04
#1423-d281 @A: 08 29 14 20 | 08
#1424-d281 @A: 20 25 07 08 | 02
#1425-d281 @A: 25 09 14 19 | 11
#1426-d281 @A: 35 15 25 31 | 05
#1427-d281 @A: 15 05 35 13 | 01
#1428-d281 @A: 18 15 35 07 | 07
#1429-d281 @A: 17 32 09 35 | 06
#1430-d281 @A: 16 11 01 03 | 03
#1431-d281 @A: 25 16 01 09 | 12
#1432-d281 @A: 08 34 16 01 | 09
#1433-d281 @A: 16 07 06 02 | 10
#1434-d281 @A: 10 28 16 02 | 04
#1435-d281 @A: 16 08 28 06 | 08
#1436-d281 @A: 08 10 16 31 | 02
#1437-d281 @A: 34 29 16 28 | 11
#1438-d281 @A: 28 19 17 16 | 05
#1439-d281 @A: 23 22 16 07 | 01
#1440-d281 @A: 31 35 23 16 | 07
#1441-d281 @A: 33 16 22 12 | 06
#1442-d281 @A: 01 33 19 02 | 03
#1443-d281 @A: 01 33 26 08 | 12
#1444-d281 @A: 10 01 28 15 | 09
#1445-d281 @A: 01 19 25 28 | 10
#1446-d281 @A: 01 35 23 12 | 04
#1447-d281 @A: 04 01 29 19 | 08
#1448-d281 @A: 11 01 05 22 | 02
#1449-d281 @A: 18 22 01 32 | 11
#1450-d281 @A: 33 35 01 13 | 05
#1451-d281 @A: 01 29 30 21 | 01
#1452-d281 @A: 25 35 01 14 | 07
#1453-d281 @A: 19 32 01 07 | 06
#1454-d281 @A: 13 01 17 34 | 03
#1455-d281 @A: 19 15 20 01 | 12
#1456-d281 @A: 17 12 32 01 | 09
#1457-d281 @A: 15 02 23 06 | 10
#1458-d281 @A: 26 02 11 15 | 04
#1459-d281 @A: 21 05 02 10 | 08
#1460-d281 @A: 14 02 28 03 | 02
#1461-d281 @A: 02 28 20 15 | 11
#1462-d281 @A: 23 29 02 30 | 05
#1463-d281 @A: 04 02 25 34 | 01
#1464-d281 @A: 07 32 13 02 | 07
#1465-d281 @A: 17 02 30 12 | 06
#1466-d281 @A: 19 09 18 02 | 03
#1467-d281 @A: 14 02 18 17 | 12
#1468-d281 @A: 08 06 26 10 | 09
#1469-d281 @A: 06 28 17 33 | 10
#1470-d281 @A: 05 28 19 06 | 04
#1471-d281 @A: 23 06 29 34 | 08
#1472-d281 @A: 06 31 04 21 | 02
#1473-d281 @A: 17 06 32 04 | 11
#1474-d281 @A: 29 06 03 07 | 05
#1475-d281 @A: 29 18 06 13 | 01
#1476-d281 @A: 14 05 06 20 | 07
#1477-d281 @A: 06 30 32 15 | 06
#1478-d281 @A: 06 20 32 09 | 03
#1479-d281 @A: 10 14 03 26 | 12
#1480-d281 @A: 35 26 12 10 | 09
#1481-d281 @A: 32 10 31 26 | 10
#1482-d281 @A: 18 10 26 15 | 04
#1483-d281 @A: 26 28 20 17 | 08
#1484-d281 @A: 22 23 32 26 | 02
#1485-d281 @A: 33 05 29 26 | 11
#1486-d281 @A: 07 26 18 19 | 05
#1487-d281 @A: 32 13 15 26 | 01
#1488-d281 @A: 17 26 09 18 | 07
#1489-d281 @A: 24 15 14 10 | 06
#1490-d281 @A: 24 23 28 08 | 03
#1491-d281 @A: 04 24 35 07 | 12
#1492-d281 @A: 33 29 13 24 | 09
#1493-d281 @A: 17 15 30 24 | 10
#1494-d281 @A: 10 09 25 23 | 04
#1495-d281 @A: 32 27 25 10 | 08
#1496-d281 @A: 10 12 25 19 | 02
#1497-d281 @A: 10 05 20 12 | 11
#1498-d281 @A: 34 32 10 05 | 05
#1499-d281 @A: 10 14 08 07 | 01
#1500-d281 @A: 07 10 34 19 | 07
#1501-d281 @A: 18 10 31 19 | 06
#1502-d281 @A: 25 28 23 17 | 03
#1503-d281 @A: 35 22 29 28 | 12
#1504-d281 @A: 28 07 32 22 | 09
#1505-d281 @A: 14 28 33 25 | 10
#1506-d281 @A: 32 28 14 05 | 04
#1507-d281 @A: 32 20 30 28 | 08
#1508-d281 @A: 34 31 12 28 | 02
#1509-d281 @A: 18 35 28 12 | 11
#1510-d281 @A: 09 34 28 20 | 05
#1511-d281 @A: 17 03 23 09 | 01
#1512-d281 @A: 17 11 29 23 | 07
#1513-d281 @A: 21 23 17 33 | 06
#1514-d281 @A: 29 23 35 33 | 03
#1515-d281 @A: 05 15 23 19 | 12
#1516-d281 @A: 32 04 25 03 | 09
#1517-d281 @A: 07 17 03 04 | 10
#1518-d281 @A: 04 14 11 29 | 04
#1519-d281 @A: 15 04 21 29 | 08
#1520-d281 @A: 21 04 25 18 | 02
#1521-d281 @A: 04 32 05 30 | 11
#1522-d281 @A: 04 13 34 19 | 05
#1523-d281 @A: 12 17 19 04 | 01
#1524-d281 @A: 04 09 34 12 | 07
#1525-d281 @A: 11 27 18 03 | 06
#1526-d281 @A: 09 22 32 03 | 03
#1527-d281 @A: 25 03 05 33 | 12
#1528-d281 @A: 33 03 31 35 | 09
#1529-d281 @A: 19 25 27 03 | 10
#1530-d281 @A: 29 03 34 15 | 04
#1531-d281 @A: 08 32 03 20 | 08
#1532-d281 @A: 13 18 03 34 | 02
#1533-d281 @A: 11 20 05 35 | 11
#1534-d281 @A: 34 31 11 13 | 05
#1535-d281 @A: 11 34 14 30 | 01
#1536-d281 @A: 07 15 31 22 | 07
#1537-d281 @A: 08 32 22 35 | 06
#1538-d281 @A: 31 22 30 17 | 03
#1539-d281 @A: 30 34 15 22 | 12
#1540-d281 @A: 15 21 33 31 | 09
#1541-d281 @A: 33 34 12 18 | 10
#1542-d281 @A: 14 27 09 31 | 04
#1543-d281 @A: 34 15 18 27 | 08
#1544-d281 @A: 12 05 30 21 | 02
#1545-d281 @A: 14 30 07 21 | 11
#1546-d281 @A: 30 31 32 21 | 05
#1547-d281 @A: 31 21 14 20 | 01
#1548-d281 @A: 20 32 21 15 | 07
#1549-d281 @A: 29 15 25 07 | 06
#1550-d281 @A: 25 29 08 13 | 03
#1551-d281 @A: 15 29 09 20 | 12
#1552-d281 @A: 29 18 14 34 | 09
#1553-d281 @A: 30 25 05 15 | 10
#1554-d281 @A: 25 32 08 14 | 04
#1555-d281 @A: 33 30 16 01 | 08
#1556-d281 @A: 16 02 13 24 | 02
#1557-d281 @A: 02 16 14 25 | 11
#1558-d281 @A: 06 16 04 20 | 05
#1559-d281 @A: 26 33 16 13 | 01
#1560-d281 @A: 16 24 18 27 | 07
#1561-d281 @A: 16 35 17 24 | 06
#1562-d281 @A: 22 16 20 10 | 03
#1563-d281 @A: 16 13 10 09 | 12
#1564-d281 @A: 22 34 11 16 | 09
#1565-d281 @A: 21 33 16 34 | 10
#1566-d281 @A: 34 25 27 16 | 04
#1567-d281 @A: 07 18 16 13 | 08
#1568-d281 @A: 16 08 18 32 | 02
#1569-d281 @A: 09 13 35 16 | 11
#1570-d281 @A: 16 20 35 34 | 05
#1571-d281 @A: 05 01 06 02 | 01
#1572-d281 @A: 02 01 26 07 | 07
#1573-d281 @A: 07 06 01 04 | 06
#1574-d281 @A: 01 06 19 09 | 03
#1575-d281 @A: 27 09 01 26 | 12
#1576-d281 @A: 07 01 21 24 | 09
#1577-d281 @A: 29 24 17 01 | 10
#1578-d281 @A: 28 11 32 01 | 04
#1579-d281 @A: 18 23 33 01 | 08
#1580-d281 @A: 01 22 15 04 | 02
#1581-d281 @A: 01 33 31 34 | 11
#1582-d281 @A: 12 01 15 05 | 05
#1583-d281 @A: 17 19 01 08 | 01
#1584-d281 @A: 01 31 08 20 | 07
#1585-d281 @A: 06 31 02 28 | 06
#1586-d281 @A: 02 22 06 14 | 03
#1587-d281 @A: 26 19 23 02 | 12
#1588-d281 @A: 17 02 21 26 | 09
#1589-d281 @A: 29 26 09 02 | 10
#1590-d281 @A: 25 26 13 02 | 04
#1591-d281 @A: 25 02 24 05 | 08
#1592-d281 @A: 02 08 22 28 | 02
#1593-d281 @A: 12 23 04 02 | 11
#1594-d281 @A: 05 03 23 02 | 05
#1595-d281 @A: 27 02 32 23 | 01
#1596-d281 @A: 09 23 02 21 | 07
#1597-d281 @A: 02 03 04 13 | 06
#1598-d281 @A: 07 27 11 02 | 03
#1599-d281 @A: 02 05 14 11 | 12
#1600-d281 @A: 02 30 11 20 | 09
#1601-d281 @A: 08 17 02 29 | 10
#1602-d281 @A: 02 12 35 13 | 04
#1603-d281 @A: 06 04 26 28 | 08
#1604-d281 @A: 06 10 31 22 | 02
#1605-d281 @A: 03 17 06 19 | 11
#1606-d281 @A: 06 14 08 31 | 05
#1607-d281 @A: 30 14 09 06 | 01
#1608-d281 @A: 34 06 18 35 | 07
#1609-d281 @A: 28 26 24 32 | 06
#1610-d281 @A: 29 24 26 07 | 03
#1611-d281 @A: 19 21 28 26 | 12
#1612-d281 @A: 17 26 33 04 | 09
#1613-d281 @A: 32 26 04 20 | 10
#1614-d281 @A: 21 18 26 03 | 04
#1615-d281 @A: 25 21 26 31 | 08
#1616-d281 @A: 26 14 25 30 | 02
#1617-d281 @A: 08 26 09 31 | 11
#1618-d281 @A: 13 19 17 26 | 05
#1619-d281 @A: 17 26 31 14 | 01
#1620-d281 @A: 10 05 24 31 | 07
#1621-d281 @A: 04 24 34 29 | 06
#1622-d281 @A: 24 20 29 03 | 03
#1623-d281 @A: 11 24 25 31 | 12
#1624-d281 @A: 22 24 19 27 | 09
#1625-d281 @A: 24 25 07 22 | 10
#1626-d281 @A: 05 27 24 30 | 04
#1627-d281 @A: 09 24 14 05 | 08
#1628-d281 @A: 24 07 17 08 | 02
#1629-d281 @A: 12 34 24 35 | 11
#1630-d281 @A: 10 28 11 14 | 05
#1631-d281 @A: 20 23 10 21 | 01
#1632-d281 @A: 33 07 03 10 | 07
#1633-d281 @A: 10 17 03 13 | 06
#1634-d281 @A: 11 05 08 10 | 03
#1635-d281 @A: 10 22 33 05 | 12
#1636-d281 @A: 08 10 30 20 | 09
#1637-d281 @A: 10 17 34 18 | 10
#1638-d281 @A: 23 32 28 04 | 04
#1639-d281 @A: 28 19 03 23 | 08
#1640-d281 @A: 28 13 33 32 | 02
#1641-d281 @A: 35 17 28 33 | 11
#1642-d281 @A: 17 21 28 07 | 05
#1643-d281 @A: 28 25 18 31 | 01
#1644-d281 @A: 09 28 19 15 | 07
#1645-d281 @A: 25 23 04 07 | 06
#1646-d281 @A: 14 20 04 23 | 03
#1647-d281 @A: 23 12 11 13 | 12
#1648-d281 @A: 13 23 34 33 | 09
#1649-d281 @A: 35 08 23 07 | 10
#1650-d281 @A: 08 23 09 12 | 04
#1651-d281 @A: 32 14 30 23 | 08
#1652-d281 @A: 34 32 20 23 | 02
#1653-d281 @A: 04 05 14 03 | 11
#1654-d281 @A: 25 05 11 04 | 05
#1655-d281 @A: 12 33 29 04 | 01
#1656-d281 @A: 27 04 15 25 | 07
#1657-d281 @A: 05 27 04 34 | 06
#1658-d281 @A: 35 04 18 25 | 03
#1659-d281 @A: 13 09 04 18 | 12
#1660-d281 @A: 04 20 19 30 | 09
#1661-d281 @A: 27 14 03 29 | 10
#1662-d281 @A: 08 03 05 31 | 04
#1663-d281 @A: 31 03 15 13 | 08
#1664-d281 @A: 30 17 32 03 | 02
#1665-d281 @A: 03 09 30 34 | 11
#1666-d281 @A: 18 03 17 12 | 05
#1667-d281 @A: 17 14 11 15 | 01
#1668-d281 @A: 32 22 29 21 | 07
#1669-d281 @A: 13 08 22 31 | 06
#1670-d281 @A: 18 08 17 22 | 03
#1671-d281 @A: 19 20 14 22 | 12
#1672-d281 @A: 15 33 07 18 | 09
#1673-d281 @A: 31 18 13 33 | 10
#1674-d281 @A: 33 14 32 19 | 04
#1675-d281 @A: 17 33 31 09 | 08
#1676-d281 @A: 34 33 15 17 | 02
#1677-d281 @A: 13 08 27 30 | 11
#1678-d281 @A: 13 12 09 27 | 05
#1679-d281 @A: 20 34 21 29 | 01
#1680-d281 @A: 08 15 21 14 | 07
#1681-d281 @A: 09 31 21 34 | 06
#1682-d281 @A: 07 05 35 29 | 03
#1683-d281 @A: 34 32 29 08 | 12
#1684-d281 @A: 19 07 31 25 | 09
#1685-d281 @A: 07 25 32 09 | 10
#1686-d281 @A: 20 35 25 13 | 04
#1687-d281 @A: 25 19 18 34 | 08
#1688-d281 @A: 32 25 18 12 | 02
#1689-d281 @A: 14 07 35 12 | 11
