#0001-d155 @A: 27 15 31 09 | 06
#0002-d155 @A: 31 34 15 12 | 01
#0003-d155 @A: 31 15 33 35 | 03
#0004-d155 @A: 03 31 04 18 | 04
#0005-d155 @A: 31 35 19 18 | 08
#0006-d155 @A: 33 28 11 31 | 12
#0007-d155 @A: 31 20 09 29 | 07
#0008-d155 @A: 34 31 09 02 | 05
#0009-d155 @A: 03 24 08 31 | 11
#0010-d155 @A: 32 03 31 10 | 09
#0011-d155 @A: 31 14 07 20 | 10
#0012-d155 @A: 07 31 35 21 | 02
#0013-d155 @A: 21 29 31 28 | 06
#0014-d155 @A: 28 31 32 02 | 01
#0015-d155 @A: 35 31 27 17 | 03
#0016-d155 @A: 31 35 29 13 | 04
#0017-d155 @A: 31 29 03 06 | 08
#0018-d155 @A: 31 34 14 21 | 12
#0019-d155 @A: 34 03 16 31 | 07
#0020-d155 @A: 19 26 12 31 | 05
#0021-d155 @A: 31 27 02 20 | 11
#0022-d155 @A: 03 27 23 31 | 09
#0023-d155 @A: 31 19 13 32 | 10
#0024-d155 @A: 02 15 05 18 | 02
#0025-d155 @A: 22 19 18 15 | 06
#0026-d155 @A: 15 09 28 06 | 01
#0027-d155 @A: 13 06 15 24 | 03
#0028-d155 @A: 24 25 33 15 | 04
#0029-d155 @A: 15 10 05 03 | 08
#0030-d155 @A: 15 01 28 19 | 12
#0031-d155 @A: 21 28 25 15 | 07
#0032-d155 @A: 27 16 15 17 | 05
#0033-d155 @A: 29 32 15 05 | 11
#0034-d155 @A: 15 22 23 35 | 09
#0035-d155 @A: 15 23 20 21 | 10
#0036-d155 @A: 32 03 15 23 | 02
#0037-d155 @A: 15 23 02 06 | 06
#0038-d155 @A: 04 18 30 11 | 01
#0039-d155 @A: 02 18 07 09 | 03
#0040-d155 @A: 18 28 24 32 | 04
#0041-d155 @A: 18 24 34 19 | 08
#0042-d155 @A: 18 12 16 24 | 12
#0043-d155 @A: 35 10 08 18 | 07
#0044-d155 @A: 33 07 28 18 | 05
#0045-d155 @A: 19 12 18 07 | 11
#0046-d155 @A: 35 02 28 18 | 09
#0047-d155 @A: 18 16 04 26 | 10
#0048-d155 @A: 27 14 18 05 | 02
#0049-d155 @A: 27 12 23 18 | 06
#0050-d155 @A: 08 20 18 03 | 01
#0051-d155 @A: 01 18 21 30 | 03
#0052-d155 @A: 06 18 27 33 | 04
#0053-d155 @A: 11 17 07 09 | 08
#0054-d155 @A: 11 08 27 09 | 12
#0055-d155 @A: 06 16 10 11 | 07
#0056-d155 @A: 01 11 29 07 | 05
#0057-d155 @A: 07 04 25 11 | 11
#0058-d155 @A: 19 07 11 30 | 09
#0059-d155 @A: 11 19 29 17 | 10
#0060-d155 @A: 11 34 32 17 | 02
#0061-d155 @A: 04 21 14 11 | 06
#0062-d155 @A: 11 05 20 26 | 01
#0063-d155 @A: 11 14 25 01 | 03
#0064-d155 @A: 11 02 20 19 | 04
#0065-d155 @A: 11 06 03 32 | 08
#0066-d155 @A: 11 26 19 13 | 12
#0067-d155 @A: 33 11 25 21 | 07
#0068-d155 @A: 25 09 05 24 | 05
#0069-d155 @A: 14 09 24 33 | 11
#0070-d155 @A: 09 12 16 10 | 09
#0071-d155 @A: 07 09 26 34 | 10
#0072-d155 @A: 29 14 25 09 | 02
#0073-d155 @A: 32 09 29 22 | 06
#0074-d155 @A: 12 30 09 25 | 01
#0075-d155 @A: 13 20 09 19 | 03
#0076-d155 @A: 25 13 06 09 | 04
#0077-d155 @A: 23 09 33 21 | 08
#0078-d155 @A: 27 17 10 24 | 12
#0079-d155 @A: 24 35 07 12 | 07
#0080-d155 @A: 24 14 28 08 | 05
#0081-d155 @A: 19 28 24 22 | 11
#0082-d155 @A: 28 33 24 01 | 09
#0083-d155 @A: 06 05 29 24 | 10
#0084-d155 @A: 24 29 03 14 | 02
#0085-d155 @A: 35 24 29 23 | 06
#0086-d155 @A: 24 33 29 12 | 01
#0087-d155 @A: 14 21 24 16 | 03
#0088-d155 @A: 25 22 16 24 | 04
#0089-d155 @A: 06 22 20 24 | 08
#0090-d155 @A: 24 03 12 19 | 12
#0091-d155 @A: 21 20 19 24 | 07
#0092-d155 @A: 03 25 24 26 | 05
#0093-d155 @A: 10 07 32 34 | 11
#0094-d155 @A: 05 10 28 21 | 09
#0095-d155 @A: 16 10 25 28 | 10
#0096-d155 @A: 17 10 25 04 | 02
#0097-d155 @A: 08 22 29 10 | 06
#0098-d155 @A: 27 05 10 04 | 01
#0099-d155 @A: 16 10 22 01 | 03
#0100-d155 @A: 34 27 30 10 | 04
#0101-d155 @A: 20 19 10 35 | 08
#0102-d155 @A: 33 19 10 13 | 12
#0103-d155 @A: 19 10 02 25 | 07
#0104-d155 @A: 10 06 21 25 | 05
#0105-d155 @A: 28 29 07 26 | 11
#0106-d155 @A: 07 28 35 23 | 09
#0107-d155 @A: 17 07 22 32 | 10
#0108-d155 @A: 20 16 29 07 | 02
#0109-d155 @A: 19 02 07 14 | 06
#0110-d155 @A: 19 07 22 35 | 01
#0111-d155 @A: 19 07 20 25 | 03
#0112-d155 @A: 07 19 06 23 | 04
#0113-d155 @A: 25 28 29 27 | 08
#0114-d155 @A: 01 08 29 28 | 12
#0115-d155 @A: 28 05 14 32 | 07
#0116-d155 @A: 28 32 19 34 | 05
#0117-d155 @A: 28 20 01 03 | 11
#0118-d155 @A: 25 19 03 28 | 09
#0119-d155 @A: 28 08 13 02 | 10
#0120-d155 @A: 28 02 26 21 | 02
#0121-d155 @A: 28 33 30 27 | 06
#0122-d155 @A: 17 16 29 30 | 01
#0123-d155 @A: 35 06 17 04 | 03
#0124-d155 @A: 20 17 21 02 | 04
#0125-d155 @A: 03 33 23 17 | 08
#0126-d155 @A: 17 25 01 06 | 12
#0127-d155 @A: 35 12 29 05 | 07
#0128-d155 @A: 14 12 29 16 | 05
#0129-d155 @A: 08 21 35 29 | 11
#0130-d155 @A: 23 16 21 29 | 09
#0131-d155 @A: 21 33 13 29 | 10
#0132-d155 @A: 04 32 14 22 | 02
#0133-d155 @A: 12 23 04 01 | 06
#0134-d155 @A: 04 06 02 21 | 01
#0135-d155 @A: 20 21 22 14 | 03
#0136-d155 @A: 12 26 33 14 | 04
#0137-d155 @A: 27 19 20 14 | 08
#0138-d155 @A: 22 08 01 03 | 12
#0139-d155 @A: 27 25 02 22 | 07
#0140-d155 @A: 19 12 34 02 | 05
#0141-d155 @A: 21 03 20 34 | 11
#0142-d155 @A: 27 33 34 23 | 09
#0143-d155 @A: 20 35 13 21 | 10
#0144-d155 @A: 25 30 35 13 | 02
#0145-d155 @A: 12 13 32 16 | 06
#0146-d155 @A: 32 01 02 19 | 01
#0147-d155 @A: 23 15 31 18 | 03
#0148-d155 @A: 09 18 30 31 | 04
#0149-d155 @A: 28 27 31 18 | 08
#0150-d155 @A: 14 25 31 18 | 12
#0151-d155 @A: 33 07 09 31 | 07
#0152-d155 @A: 14 13 09 31 | 05
#0153-d155 @A: 22 31 28 13 | 11
#0154-d155 @A: 28 31 01 32 | 09
#0155-d155 @A: 29 16 31 02 | 10
#0156-d155 @A: 29 31 33 25 | 02
#0157-d155 @A: 33 26 31 04 | 06
#0158-d155 @A: 01 12 31 14 | 01
#0159-d155 @A: 22 31 35 02 | 03
#0160-d155 @A: 34 31 33 19 | 04
#0161-d155 @A: 13 20 31 33 | 08
#0162-d155 @A: 15 12 18 11 | 12
#0163-d155 @A: 11 15 07 34 | 07
#0164-d155 @A: 15 09 10 26 | 05
#0165-d155 @A: 16 15 30 09 | 11
#0166-d155 @A: 25 07 15 14 | 09
#0167-d155 @A: 15 12 28 16 | 10
#0168-d155 @A: 25 17 29 15 | 02
#0169-d155 @A: 15 04 03 17 | 06
#0170-d155 @A: 03 01 29 15 | 01
#0171-d155 @A: 15 13 29 30 | 03
#0172-d155 @A: 16 04 35 15 | 04
#0173-d155 @A: 14 32 15 21 | 08
#0174-d155 @A: 30 15 22 03 | 12
#0175-d155 @A: 16 01 15 06 | 07
#0176-d155 @A: 15 25 02 20 | 05
#0177-d155 @A: 06 19 03 15 | 11
#0178-d155 @A: 15 06 30 25 | 09
#0179-d155 @A: 24 03 18 10 | 10
#0180-d155 @A: 18 06 28 14 | 02
#0181-d155 @A: 22 18 28 01 | 06
#0182-d155 @A: 03 34 18 29 | 01
#0183-d155 @A: 18 14 33 04 | 03
#0184-d155 @A: 26 22 06 18 | 04
#0185-d155 @A: 18 20 12 25 | 08
#0186-d155 @A: 18 20 26 27 | 12
#0187-d155 @A: 22 01 11 09 | 07
#0188-d155 @A: 20 32 09 11 | 05
#0189-d155 @A: 19 11 24 14 | 11
#0190-d155 @A: 16 11 24 08 | 09
#0191-d155 @A: 10 14 02 11 | 10
#0192-d155 @A: 25 08 11 10 | 02
#0193-d155 @A: 21 06 11 17 | 06
#0194-d155 @A: 21 11 29 22 | 01
#0195-d155 @A: 01 35 11 23 | 03
#0196-d155 @A: 11 13 02 16 | 04
#0197-d155 @A: 12 08 03 11 | 08
#0198-d155 @A: 11 12 21 02 | 12
#0199-d155 @A: 21 20 27 11 | 07
#0200-d155 @A: 30 33 26 11 | 05
#0201-d155 @A: 28 09 02 24 | 11
#0202-d155 @A: 24 01 04 09 | 09
#0203-d155 @A: 01 09 07 13 | 10
#0204-d155 @A: 02 14 22 09 | 02
#0205-d155 @A: 34 09 22 06 | 06
#0206-d155 @A: 32 01 09 35 | 01
#0207-d155 @A: 09 12 13 21 | 03
#0208-d155 @A: 03 09 33 13 | 04
#0209-d155 @A: 24 10 14 25 | 08
#0210-d155 @A: 07 24 29 32 | 12
#0211-d155 @A: 29 13 24 01 | 07
#0212-d155 @A: 24 06 12 25 | 05
#0213-d155 @A: 08 21 26 24 | 11
#0214-d155 @A: 24 25 08 01 | 09
#0215-d155 @A: 04 07 06 10 | 10
#0216-d155 @A: 19 05 10 17 | 02
#0217-d155 @A: 14 10 30 04 | 06
#0218-d155 @A: 10 27 12 06 | 01
#0219-d155 @A: 10 23 02 03 | 03
#0220-d155 @A: 10 25 03 30 | 04
#0221-d155 @A: 05 07 28 25 | 08
#0222-d155 @A: 05 14 07 17 | 12
#0223-d155 @A: 13 07 19 17 | 07
#0224-d155 @A: 04 13 07 29 | 05
#0225-d155 @A: 14 35 33 07 | 11
#0226-d155 @A: 22 23 03 07 | 09
#0227-d155 @A: 35 25 07 32 | 10
#0228-d155 @A: 03 07 25 01 | 02
#0229-d155 @A: 13 07 21 08 | 06
#0230-d155 @A: 07 19 21 32 | 01
#0231-d155 @A: 23 07 21 25 | 03
#0232-d155 @A: 35 04 28 27 | 04
#0233-d155 @A: 14 26 28 22 | 08
#0234-d155 @A: 35 25 28 14 | 12
#0235-d155 @A: 16 28 14 19 | 07
#0236-d155 @A: 26 28 34 16 | 05
#0237-d155 @A: 03 33 12 28 | 11
#0238-d155 @A: 28 20 27 32 | 09
#0239-d155 @A: 28 08 20 21 | 10
#0240-d155 @A: 30 28 13 03 | 02
#0241-d155 @A: 32 23 28 08 | 06
#0242-d155 @A: 29 17 35 01 | 01
#0243-d155 @A: 20 17 13 05 | 03
#0244-d155 @A: 08 25 17 20 | 04
#0245-d155 @A: 23 21 17 32 | 08
#0246-d155 @A: 33 32 17 06 | 12
#0247-d155 @A: 08 30 20 29 | 07
#0248-d155 @A: 20 06 33 29 | 05
#0249-d155 @A: 29 01 02 26 | 11
#0250-d155 @A: 19 08 23 29 | 09
#0251-d155 @A: 13 04 35 05 | 10
#0252-d155 @A: 16 04 08 21 | 02
#0253-d155 @A: 20 25 04 13 | 06
#0254-d155 @A: 03 05 34 14 | 01
#0255-d155 @A: 23 13 12 05 | 03
#0256-d155 @A: 05 20 27 25 | 04
#0257-d155 @A: 32 03 13 05 | 08
#0258-d155 @A: 05 02 21 08 | 12
#0259-d155 @A: 33 05 25 32 | 07
#0260-d155 @A: 05 21 23 27 | 05
#0261-d155 @A: 08 01 05 27 | 11
#0262-d155 @A: 12 14 20 02 | 09
#0263-d155 @A: 21 25 12 14 | 10
#0264-d155 @A: 08 27 21 14 | 02
#0265-d155 @A: 32 22 33 35 | 06
#0266-d155 @A: 12 13 22 20 | 01
#0267-d155 @A: 12 22 06 08 | 03
#0268-d155 @A: 33 34 32 12 | 04
#0269-d155 @A: 25 12 34 08 | 08
#0270-d155 @A: 34 13 19 27 | 12
#0271-d155 @A: 08 34 33 13 | 07
#0272-d155 @A: 02 35 12 03 | 05
#0273-d155 @A: 27 12 35 25 | 11
#0274-d155 @A: 13 26 32 35 | 09
#0275-d155 @A: 26 25 35 21 | 10
#0276-d155 @A: 27 26 08 35 | 02
#0277-d155 @A: 35 33 25 19 | 06
#0278-d155 @A: 16 21 01 12 | 01
#0279-d155 @A: 16 06 20 21 | 03
#0280-d155 @A: 33 03 08 16 | 04
#0281-d155 @A: 13 16 08 26 | 08
#0282-d155 @A: 19 06 20 01 | 12
#0283-d155 @A: 10 31 20 15 | 07
#0284-d155 @A: 32 07 31 15 | 05
#0285-d155 @A: 31 26 15 13 | 11
#0286-d155 @A: 31 07 11 03 | 09
#0287-d155 @A: 04 31 11 13 | 10
#0288-d155 @A: 06 17 09 31 | 02
#0289-d155 @A: 29 26 31 24 | 06
#0290-d155 @A: 10 31 05 23 | 01
#0291-d155 @A: 07 31 28 08 | 03
#0292-d155 @A: 31 07 12 17 | 04
#0293-d155 @A: 04 31 23 07 | 08
#0294-d155 @A: 30 31 05 22 | 12
#0295-d155 @A: 19 31 20 08 | 07
#0296-d155 @A: 02 26 31 03 | 05
#0297-d155 @A: 32 18 17 15 | 11
#0298-d155 @A: 24 03 16 15 | 09
#0299-d155 @A: 15 02 24 32 | 10
#0300-d155 @A: 10 04 28 15 | 02
#0301-d155 @A: 12 15 17 10 | 06
#0302-d155 @A: 15 10 27 14 | 01
#0303-d155 @A: 15 04 07 30 | 03
#0304-d155 @A: 15 22 07 20 | 04
#0305-d155 @A: 21 02 15 07 | 08
#0306-d155 @A: 04 15 32 27 | 12
#0307-d155 @A: 14 22 06 15 | 07
#0308-d155 @A: 02 12 15 27 | 05
#0309-d155 @A: 30 15 12 23 | 11
#0310-d155 @A: 06 21 12 15 | 09
#0311-d155 @A: 09 22 03 18 | 10
#0312-d155 @A: 18 17 21 16 | 02
#0313-d155 @A: 18 17 06 08 | 06
#0314-d155 @A: 05 18 01 02 | 01
#0315-d155 @A: 32 18 14 12 | 03
#0316-d155 @A: 27 03 35 18 | 04
#0317-d155 @A: 13 18 08 12 | 08
#0318-d155 @A: 32 13 18 06 | 12
#0319-d155 @A: 19 02 27 18 | 07
#0320-d155 @A: 18 30 25 19 | 05
#0321-d155 @A: 30 18 06 21 | 11
#0322-d155 @A: 28 24 11 23 | 09
#0323-d155 @A: 11 02 24 01 | 10
#0324-d155 @A: 10 07 28 11 | 02
#0325-d155 @A: 20 34 11 10 | 06
#0326-d155 @A: 32 16 28 11 | 01
#0327-d155 @A: 04 01 11 13 | 03
#0328-d155 @A: 22 05 11 14 | 04
#0329-d155 @A: 12 05 11 01 | 08
#0330-d155 @A: 08 11 34 22 | 12
#0331-d155 @A: 16 03 11 01 | 07
#0332-d155 @A: 11 13 20 08 | 05
#0333-d155 @A: 08 30 02 11 | 11
#0334-d155 @A: 11 02 25 06 | 09
#0335-d155 @A: 04 22 09 24 | 10
#0336-d155 @A: 13 05 10 09 | 02
#0337-d155 @A: 35 27 10 09 | 06
#0338-d155 @A: 10 09 33 08 | 01
#0339-d155 @A: 09 27 28 22 | 03
#0340-d155 @A: 21 09 14 26 | 04
#0341-d155 @A: 20 32 09 01 | 08
#0342-d155 @A: 13 23 09 32 | 12
#0343-d155 @A: 09 19 02 21 | 07
#0344-d155 @A: 26 25 23 09 | 05
#0345-d155 @A: 01 06 25 09 | 11
#0346-d155 @A: 21 24 17 35 | 09
#0347-d155 @A: 01 24 17 20 | 10
#0348-d155 @A: 16 19 29 24 | 02
#0349-d155 @A: 24 14 23 04 | 06
#0350-d155 @A: 04 24 02 33 | 01
#0351-d155 @A: 32 19 24 33 | 03
#0352-d155 @A: 30 21 24 25 | 04
#0353-d155 @A: 10 26 05 07 | 08
#0354-d155 @A: 34 03 10 17 | 12
#0355-d155 @A: 29 21 19 10 | 07
#0356-d155 @A: 16 14 23 10 | 05
#0357-d155 @A: 22 10 13 34 | 11
#0358-d155 @A: 10 22 23 06 | 09
#0359-d155 @A: 10 12 33 25 | 10
#0360-d155 @A: 25 20 10 32 | 02
#0361-d155 @A: 32 10 01 33 | 06
#0362-d155 @A: 05 32 07 06 | 01
#0363-d155 @A: 16 34 08 07 | 03
#0364-d155 @A: 20 07 33 03 | 04
#0365-d155 @A: 06 08 07 20 | 08
#0366-d155 @A: 33 19 07 01 | 12
#0367-d155 @A: 28 04 17 33 | 07
#0368-d155 @A: 28 03 02 29 | 05
#0369-d155 @A: 20 35 28 22 | 11
#0370-d155 @A: 30 35 26 28 | 09
#0371-d155 @A: 20 12 28 23 | 10
#0372-d155 @A: 05 17 04 30 | 02
#0373-d155 @A: 17 05 06 22 | 06
#0374-d155 @A: 34 12 05 17 | 01
#0375-d155 @A: 34 17 06 19 | 03
#0376-d155 @A: 23 17 25 12 | 04
#0377-d155 @A: 26 02 17 23 | 08
#0378-d155 @A: 26 32 08 17 | 12
#0379-d155 @A: 23 08 17 01 | 07
#0380-d155 @A: 04 29 14 27 | 05
#0381-d155 @A: 29 03 04 35 | 11
#0382-d155 @A: 34 22 01 29 | 09
#0383-d155 @A: 22 06 29 35 | 10
#0384-d155 @A: 20 26 19 29 | 02
#0385-d155 @A: 08 29 32 13 | 06
#0386-d155 @A: 29 33 32 30 | 01
#0387-d155 @A: 34 13 04 16 | 03
#0388-d155 @A: 26 12 30 04 | 04
#0389-d155 @A: 06 04 32 20 | 08
#0390-d155 @A: 20 30 04 21 | 12
#0391-d155 @A: 13 04 02 30 | 07
#0392-d155 @A: 04 26 19 08 | 05
#0393-d155 @A: 25 32 04 26 | 11
#0394-d155 @A: 04 32 30 19 | 09
#0395-d155 @A: 05 22 16 32 | 10
#0396-d155 @A: 05 35 02 06 | 02
#0397-d155 @A: 34 12 22 14 | 06
#0398-d155 @A: 08 32 14 34 | 01
#0399-d155 @A: 30 20 32 14 | 03
#0400-d155 @A: 14 02 32 06 | 04
#0401-d155 @A: 14 26 19 25 | 08
#0402-d155 @A: 26 27 12 22 | 12
#0403-d155 @A: 32 02 20 22 | 07
#0404-d155 @A: 21 22 08 33 | 05
#0405-d155 @A: 13 01 33 34 | 11
#0406-d155 @A: 26 19 30 34 | 09
#0407-d155 @A: 16 35 12 30 | 10
#0408-d155 @A: 35 20 08 16 | 02
#0409-d155 @A: 20 35 12 01 | 06
#0410-d155 @A: 08 35 13 06 | 01
#0411-d155 @A: 13 35 23 27 | 03
#0412-d155 @A: 13 23 30 16 | 04
#0413-d155 @A: 16 27 32 30 | 08
#0414-d155 @A: 21 27 20 01 | 12
#0415-d155 @A: 01 23 19 25 | 07
#0416-d155 @A: 07 18 31 10 | 05
#0417-d155 @A: 31 18 22 12 | 11
#0418-d155 @A: 31 18 33 21 | 09
#0419-d155 @A: 10 24 34 31 | 10
#0420-d155 @A: 31 24 07 25 | 02
#0421-d155 @A: 24 31 23 16 | 06
#0422-d155 @A: 27 10 31 16 | 01
#0423-d155 @A: 10 33 02 31 | 03
#0424-d155 @A: 31 16 07 13 | 04
#0425-d155 @A: 28 25 31 06 | 08
#0426-d155 @A: 03 31 05 17 | 12
#0427-d155 @A: 30 14 31 29 | 07
#0428-d155 @A: 14 32 16 31 | 05
#0429-d155 @A: 33 27 31 12 | 11
#0430-d155 @A: 31 20 25 03 | 09
#0431-d155 @A: 26 31 06 20 | 10
#0432-d155 @A: 31 01 03 06 | 02
#0433-d155 @A: 30 25 31 02 | 06
#0434-d155 @A: 23 21 31 01 | 01
#0435-d155 @A: 15 18 27 29 | 03
#0436-d155 @A: 15 13 11 28 | 04
#0437-d155 @A: 15 27 11 22 | 08
#0438-d155 @A: 09 08 15 24 | 12
#0439-d155 @A: 02 09 15 29 | 07
#0440-d155 @A: 15 05 09 23 | 05
#0441-d155 @A: 24 10 15 19 | 11
#0442-d155 @A: 35 10 13 15 | 09
#0443-d155 @A: 07 16 26 15 | 10
#0444-d155 @A: 33 28 14 15 | 02
#0445-d155 @A: 28 32 15 22 | 06
#0446-d155 @A: 34 15 28 30 | 01
#0447-d155 @A: 35 17 26 15 | 03
#0448-d155 @A: 08 29 16 15 | 04
#0449-d155 @A: 05 15 16 21 | 08
#0450-d155 @A: 14 30 15 35 | 12
#0451-d155 @A: 32 26 15 12 | 07
#0452-d155 @A: 06 15 27 20 | 05
#0453-d155 @A: 15 08 02 03 | 11
#0454-d155 @A: 26 21 15 19 | 09
#0455-d155 @A: 27 08 15 33 | 10
#0456-d155 @A: 18 11 23 19 | 02
#0457-d155 @A: 23 09 18 29 | 06
#0458-d155 @A: 18 12 33 09 | 01
#0459-d155 @A: 07 17 18 25 | 03
#0460-d155 @A: 07 08 23 18 | 04
#0461-d155 @A: 28 18 17 19 | 08
#0462-d155 @A: 18 28 05 13 | 12
#0463-d155 @A: 04 17 18 27 | 07
#0464-d155 @A: 18 25 29 22 | 05
#0465-d155 @A: 04 32 18 35 | 11
#0466-d155 @A: 06 04 12 18 | 09
#0467-d155 @A: 22 16 18 27 | 10
#0468-d155 @A: 30 33 18 34 | 02
#0469-d155 @A: 02 26 12 18 | 06
#0470-d155 @A: 19 20 18 06 | 01
#0471-d155 @A: 32 33 18 03 | 03
#0472-d155 @A: 18 19 21 13 | 04
#0473-d155 @A: 25 33 18 26 | 08
#0474-d155 @A: 08 21 25 18 | 12
#0475-d155 @A: 11 02 09 05 | 07
#0476-d155 @A: 09 11 16 19 | 05
#0477-d155 @A: 03 11 24 22 | 11
#0478-d155 @A: 11 07 02 29 | 09
#0479-d155 @A: 28 14 30 11 | 10
#0480-d155 @A: 27 19 28 11 | 02
#0481-d155 @A: 16 11 17 03 | 06
#0482-d155 @A: 11 17 30 27 | 01
#0483-d155 @A: 14 29 06 11 | 03
#0484-d155 @A: 05 11 04 03 | 04
#0485-d155 @A: 35 19 04 11 | 08
#0486-d155 @A: 13 01 11 20 | 12
#0487-d155 @A: 30 23 25 11 | 07
#0488-d155 @A: 24 09 23 10 | 05
#0489-d155 @A: 07 22 05 09 | 11
#0490-d155 @A: 03 09 08 07 | 09
#0491-d155 @A: 27 07 23 09 | 10
#0492-d155 @A: 17 09 08 29 | 02
#0493-d155 @A: 09 04 17 21 | 06
#0494-d155 @A: 04 29 30 09 | 01
#0495-d155 @A: 34 09 33 29 | 03
#0496-d155 @A: 08 09 05 35 | 04
#0497-d155 @A: 20 09 14 16 | 08
#0498-d155 @A: 20 25 09 21 | 12
#0499-d155 @A: 33 09 01 26 | 07
#0500-d155 @A: 30 10 05 24 | 05
#0501-d155 @A: 08 10 06 24 | 11
#0502-d155 @A: 19 24 05 07 | 09
#0503-d155 @A: 30 24 04 28 | 10
#0504-d155 @A: 24 12 17 13 | 02
#0505-d155 @A: 34 27 24 05 | 06
#0506-d155 @A: 24 05 35 03 | 01
#0507-d155 @A: 13 21 24 05 | 03
#0508-d155 @A: 24 08 35 22 | 04
#0509-d155 @A: 26 19 24 35 | 08
#0510-d155 @A: 32 24 13 20 | 12
#0511-d155 @A: 24 32 30 03 | 07
#0512-d155 @A: 24 13 02 26 | 05
#0513-d155 @A: 21 07 01 10 | 11
#0514-d155 @A: 17 08 28 10 | 09
#0515-d155 @A: 14 10 06 17 | 10
#0516-d155 @A: 10 26 22 04 | 02
#0517-d155 @A: 19 06 10 32 | 06
#0518-d155 @A: 32 10 27 08 | 01
#0519-d155 @A: 34 29 12 07 | 03
#0520-d155 @A: 07 33 04 05 | 04
#0521-d155 @A: 07 04 22 08 | 08
#0522-d155 @A: 07 04 27 12 | 12
#0523-d155 @A: 16 07 06 14 | 07
#0524-d155 @A: 01 20 07 34 | 05
#0525-d155 @A: 03 06 07 13 | 11
#0526-d155 @A: 07 27 33 13 | 09
#0527-d155 @A: 28 17 29 14 | 10
#0528-d155 @A: 28 30 20 19 | 02
#0529-d155 @A: 23 28 30 21 | 06
#0530-d155 @A: 33 17 35 29 | 01
#0531-d155 @A: 06 17 29 12 | 03
#0532-d155 @A: 17 33 13 25 | 04
#0533-d155 @A: 14 13 29 22 | 08
#0534-d155 @A: 14 02 35 29 | 12
#0535-d155 @A: 22 29 02 34 | 07
#0536-d155 @A: 27 03 21 29 | 05
#0537-d155 @A: 32 19 02 29 | 11
#0538-d155 @A: 23 32 25 29 | 09
#0539-d155 @A: 30 06 01 29 | 10
#0540-d155 @A: 27 23 29 01 | 02
#0541-d155 @A: 23 04 16 05 | 06
#0542-d155 @A: 26 35 14 04 | 01
#0543-d155 @A: 04 34 02 27 | 03
#0544-d155 @A: 08 30 35 04 | 04
#0545-d155 @A: 20 12 04 19 | 08
#0546-d155 @A: 32 04 01 21 | 12
#0547-d155 @A: 23 05 14 25 | 07
#0548-d155 @A: 12 20 06 05 | 05
#0549-d155 @A: 08 06 30 05 | 11
#0550-d155 @A: 14 03 19 32 | 09
#0551-d155 @A: 14 33 06 03 | 10
#0552-d155 @A: 14 33 23 30 | 02
#0553-d155 @A: 12 01 22 06 | 06
#0554-d155 @A: 20 25 22 23 | 01
#0555-d155 @A: 08 22 03 32 | 03
#0556-d155 @A: 21 13 22 06 | 04
#0557-d155 @A: 25 02 22 01 | 08
#0558-d155 @A: 22 33 06 02 | 12
#0559-d155 @A: 22 33 23 26 | 07
#0560-d155 @A: 30 08 25 22 | 05
#0561-d155 @A: 26 13 03 34 | 11
#0562-d155 @A: 02 34 23 13 | 09
#0563-d155 @A: 33 21 34 02 | 10
#0564-d155 @A: 06 34 32 23 | 02
#0565-d155 @A: 25 19 16 12 | 06
#0566-d155 @A: 16 20 30 01 | 01
#0567-d155 @A: 26 06 25 16 | 03
#0568-d155 @A: 19 33 16 30 | 04
#0569-d155 @A: 01 12 08 13 | 08
#0570-d155 @A: 15 01 31 20 | 12
#0571-d155 @A: 31 21 09 11 | 07
#0572-d155 @A: 11 31 08 29 | 05
#0573-d155 @A: 09 31 05 12 | 11
#0574-d155 @A: 16 08 31 09 | 09
#0575-d155 @A: 31 12 24 04 | 10
#0576-d155 @A: 10 25 13 31 | 02
#0577-d155 @A: 13 08 17 31 | 06
#0578-d155 @A: 08 31 25 05 | 01
#0579-d155 @A: 20 31 34 22 | 03
#0580-d155 @A: 01 22 35 31 | 04
#0581-d155 @A: 32 21 20 31 | 08
#0582-d155 @A: 21 31 13 02 | 12
#0583-d155 @A: 31 23 02 08 | 07
#0584-d155 @A: 26 01 19 31 | 05
#0585-d155 @A: 23 31 21 26 | 11
#0586-d155 @A: 18 15 30 24 | 09
#0587-d155 @A: 15 18 03 28 | 10
#0588-d155 @A: 35 15 11 06 | 02
#0589-d155 @A: 08 10 07 15 | 06
#0590-d155 @A: 17 06 07 15 | 01
#0591-d155 @A: 07 35 03 15 | 03
#0592-d155 @A: 26 28 15 05 | 04
#0593-d155 @A: 23 17 13 15 | 08
#0594-d155 @A: 04 22 15 21 | 12
#0595-d155 @A: 33 22 01 15 | 07
#0596-d155 @A: 23 15 08 26 | 05
#0597-d155 @A: 09 26 28 18 | 11
#0598-d155 @A: 17 10 18 30 | 09
#0599-d155 @A: 29 18 26 10 | 10
#0600-d155 @A: 10 13 04 18 | 02
#0601-d155 @A: 12 29 18 28 | 06
#0602-d155 @A: 18 25 28 34 | 01
#0603-d155 @A: 17 20 18 33 | 03
#0604-d155 @A: 29 04 19 18 | 04
#0605-d155 @A: 18 02 29 20 | 08
#0606-d155 @A: 18 05 30 23 | 12
#0607-d155 @A: 14 35 23 18 | 07
#0608-d155 @A: 32 20 18 23 | 05
#0609-d155 @A: 08 01 26 18 | 11
#0610-d155 @A: 11 35 12 10 | 09
#0611-d155 @A: 11 35 28 21 | 10
#0612-d155 @A: 11 02 17 35 | 02
#0613-d155 @A: 11 20 29 35 | 06
#0614-d155 @A: 22 11 23 04 | 01
#0615-d155 @A: 11 05 23 35 | 03
#0616-d155 @A: 05 19 08 11 | 04
#0617-d155 @A: 23 11 32 14 | 08
#0618-d155 @A: 22 11 16 20 | 12
#0619-d155 @A: 34 16 30 11 | 07
#0620-d155 @A: 11 33 35 13 | 05
#0621-d155 @A: 12 20 33 11 | 11
#0622-d155 @A: 13 30 12 11 | 09
#0623-d155 @A: 03 02 11 33 | 10
#0624-d155 @A: 03 26 23 11 | 02
#0625-d155 @A: 11 21 13 23 | 06
#0626-d155 @A: 33 27 32 11 | 01
#0627-d155 @A: 13 24 09 29 | 03
#0628-d155 @A: 01 09 19 10 | 04
#0629-d155 @A: 09 07 29 21 | 08
#0630-d155 @A: 04 12 28 09 | 12
#0631-d155 @A: 09 20 28 03 | 07
#0632-d155 @A: 09 33 17 22 | 05
#0633-d155 @A: 09 16 03 29 | 11
#0634-d155 @A: 04 16 33 09 | 09
#0635-d155 @A: 33 09 19 05 | 10
#0636-d155 @A: 16 34 32 09 | 02
#0637-d155 @A: 12 23 09 02 | 06
#0638-d155 @A: 17 07 08 24 | 01
#0639-d155 @A: 16 13 24 28 | 03
#0640-d155 @A: 21 24 27 28 | 04
#0641-d155 @A: 24 17 06 16 | 08
#0642-d155 @A: 24 13 04 27 | 12
#0643-d155 @A: 05 16 20 24 | 07
#0644-d155 @A: 14 35 13 24 | 05
#0645-d155 @A: 30 08 12 24 | 11
#0646-d155 @A: 24 20 03 27 | 09
#0647-d155 @A: 08 32 24 25 | 10
#0648-d155 @A: 29 10 35 16 | 02
#0649-d155 @A: 10 13 29 27 | 06
#0650-d155 @A: 35 32 10 14 | 01
#0651-d155 @A: 10 32 21 02 | 03
#0652-d155 @A: 19 10 08 30 | 04
#0653-d155 @A: 20 07 17 35 | 08
#0654-d155 @A: 07 04 19 16 | 12
#0655-d155 @A: 21 34 05 07 | 07
#0656-d155 @A: 35 01 07 05 | 05
#0657-d155 @A: 07 34 14 23 | 11
#0658-d155 @A: 07 30 01 22 | 09
#0659-d155 @A: 16 27 01 07 | 10
#0660-d155 @A: 21 03 07 12 | 02
#0661-d155 @A: 13 20 26 07 | 06
#0662-d155 @A: 28 29 23 22 | 01
#0663-d155 @A: 04 22 28 25 | 03
#0664-d155 @A: 28 04 02 16 | 04
#0665-d155 @A: 08 12 28 26 | 08
#0666-d155 @A: 28 19 21 12 | 12
#0667-d155 @A: 28 06 21 03 | 07
#0668-d155 @A: 08 28 03 27 | 05
#0669-d155 @A: 02 04 14 17 | 11
#0670-d155 @A: 02 16 05 17 | 09
#0671-d155 @A: 14 17 25 22 | 10
#0672-d155 @A: 08 17 34 35 | 02
#0673-d155 @A: 17 13 27 03 | 06
#0674-d155 @A: 17 19 30 03 | 01
#0675-d155 @A: 30 13 32 17 | 03
#0676-d155 @A: 33 08 30 17 | 04
#0677-d155 @A: 19 05 29 22 | 08
#0678-d155 @A: 19 14 34 29 | 12
#0679-d155 @A: 32 29 01 14 | 07
#0680-d155 @A: 20 34 32 29 | 05
#0681-d155 @A: 26 29 12 23 | 11
#0682-d155 @A: 29 30 03 23 | 09
#0683-d155 @A: 05 25 04 19 | 10
#0684-d155 @A: 19 22 06 04 | 02
#0685-d155 @A: 01 20 02 04 | 06
#0686-d155 @A: 33 04 27 20 | 01
#0687-d155 @A: 27 30 04 03 | 03
#0688-d155 @A: 33 04 08 32 | 04
#0689-d155 @A: 23 04 01 06 | 08
#0690-d155 @A: 22 34 23 05 | 12
#0691-d155 @A: 12 22 05 03 | 07
#0692-d155 @A: 02 05 27 32 | 05
#0693-d155 @A: 08 22 14 19 | 11
#0694-d155 @A: 14 16 03 27 | 09
#0695-d155 @A: 14 26 01 20 | 10
#0696-d155 @A: 08 25 14 06 | 02
#0697-d155 @A: 34 35 03 22 | 06
#0698-d155 @A: 12 33 30 22 | 01
#0699-d155 @A: 26 34 25 02 | 03
#0700-d155 @A: 35 02 33 30 | 04
#0701-d155 @A: 32 19 27 35 | 08
#0702-d155 @A: 23 08 35 25 | 12
#0703-d155 @A: 03 12 26 16 | 07
#0704-d155 @A: 06 33 16 12 | 05
#0705-d155 @A: 20 16 26 32 | 11
#0706-d155 @A: 13 06 19 16 | 09
#0707-d155 @A: 23 16 32 02 | 10
#0708-d155 @A: 16 21 26 33 | 02
#0709-d155 @A: 32 08 16 19 | 06
#0710-d155 @A: 23 16 08 06 | 01
#0711-d155 @A: 32 12 03 01 | 03
#0712-d155 @A: 21 06 01 13 | 04
#0713-d155 @A: 01 08 06 02 | 08
#0714-d155 @A: 05 15 06 31 | 12
#0715-d155 @A: 05 27 11 31 | 07
#0716-d155 @A: 16 11 26 31 | 05
#0717-d155 @A: 31 19 09 24 | 11
#0718-d155 @A: 17 31 21 10 | 09
#0719-d155 @A: 07 31 02 05 | 10
#0720-d155 @A: 32 04 31 17 | 02
#0721-d155 @A: 34 25 17 31 | 06
#0722-d155 @A: 17 31 13 01 | 01
#0723-d155 @A: 19 31 05 14 | 03
#0724-d155 @A: 12 31 06 02 | 04
#0725-d155 @A: 32 25 12 31 | 08
#0726-d155 @A: 23 13 31 06 | 12
#0727-d155 @A: 32 31 30 06 | 07
#0728-d155 @A: 25 27 31 21 | 05
#0729-d155 @A: 18 15 14 26 | 11
#0730-d155 @A: 11 15 10 21 | 09
#0731-d155 @A: 20 15 17 11 | 10
#0732-d155 @A: 07 12 15 09 | 02
#0733-d155 @A: 15 26 04 24 | 06
#0734-d155 @A: 15 29 07 33 | 01
#0735-d155 @A: 01 15 17 27 | 03
#0736-d155 @A: 12 22 29 15 | 04
#0737-d155 @A: 26 29 15 06 | 08
#0738-d155 @A: 15 04 20 08 | 12
#0739-d155 @A: 12 33 15 13 | 07
#0740-d155 @A: 25 32 15 19 | 05
#0741-d155 @A: 18 17 09 05 | 11
#0742-d155 @A: 25 35 09 18 | 09
#0743-d155 @A: 18 08 24 29 | 10
#0744-d155 @A: 23 22 24 18 | 02
#0745-d155 @A: 33 18 10 23 | 06
#0746-d155 @A: 04 34 07 18 | 01
#0747-d155 @A: 23 18 17 34 | 03
#0748-d155 @A: 12 05 18 21 | 04
#0749-d155 @A: 34 16 18 20 | 08
#0750-d155 @A: 11 03 10 09 | 12
#0751-d155 @A: 11 09 30 35 | 07
#0752-d155 @A: 11 29 10 23 | 05
#0753-d155 @A: 10 32 05 11 | 11
#0754-d155 @A: 07 22 11 33 | 09
#0755-d155 @A: 03 28 11 34 | 10
#0756-d155 @A: 11 29 04 32 | 02
#0757-d155 @A: 11 20 14 25 | 06
#0758-d155 @A: 11 35 26 22 | 01
#0759-d155 @A: 11 03 19 21 | 03
#0760-d155 @A: 21 11 32 08 | 04
#0761-d155 @A: 09 35 24 20 | 08
#0762-d155 @A: 14 10 28 09 | 12
#0763-d155 @A: 07 09 14 32 | 07
#0764-d155 @A: 14 17 09 27 | 05
#0765-d155 @A: 20 09 05 34 | 11
#0766-d155 @A: 05 03 21 09 | 09
#0767-d155 @A: 08 26 09 22 | 10
#0768-d155 @A: 12 34 09 01 | 02
#0769-d155 @A: 09 13 02 35 | 06
#0770-d155 @A: 32 09 33 02 | 01
#0771-d155 @A: 26 19 09 06 | 03
#0772-d155 @A: 24 26 07 14 | 04
#0773-d155 @A: 32 24 14 17 | 08
#0774-d155 @A: 25 29 24 20 | 12
#0775-d155 @A: 33 05 24 08 | 07
#0776-d155 @A: 01 24 06 05 | 05
#0777-d155 @A: 06 14 24 34 | 11
#0778-d155 @A: 12 30 01 24 | 09
#0779-d155 @A: 03 24 33 21 | 10
#0780-d155 @A: 23 27 24 32 | 02
#0781-d155 @A: 21 14 10 07 | 06
#0782-d155 @A: 07 03 16 10 | 01
#0783-d155 @A: 06 33 28 10 | 03
#0784-d155 @A: 01 02 29 10 | 04
#0785-d155 @A: 03 12 04 10 | 08
#0786-d155 @A: 03 22 10 14 | 12
#0787-d155 @A: 35 25 10 22 | 07
#0788-d155 @A: 10 22 30 16 | 05
#0789-d155 @A: 10 35 25 01 | 11
#0790-d155 @A: 10 21 26 20 | 09
#0791-d155 @A: 26 10 33 32 | 10
#0792-d155 @A: 28 07 21 22 | 02
#0793-d155 @A: 07 26 04 17 | 06
#0794-d155 @A: 07 03 14 04 | 01
#0795-d155 @A: 13 14 07 30 | 03
#0796-d155 @A: 35 07 13 34 | 04
#0797-d155 @A: 07 12 33 23 | 08
#0798-d155 @A: 13 32 07 02 | 12
#0799-d155 @A: 07 26 33 19 | 07
#0800-d155 @A: 06 07 01 32 | 05
#0801-d155 @A: 32 35 29 28 | 11
#0802-d155 @A: 35 19 28 05 | 09
#0803-d155 @A: 33 34 22 28 | 10
#0804-d155 @A: 28 32 26 03 | 02
#0805-d155 @A: 26 23 28 19 | 06
#0806-d155 @A: 27 06 26 28 | 01
#0807-d155 @A: 28 01 23 30 | 03
#0808-d155 @A: 26 34 29 17 | 04
#0809-d155 @A: 26 05 17 33 | 08
#0810-d155 @A: 08 12 14 17 | 12
#0811-d155 @A: 23 20 17 14 | 07
#0812-d155 @A: 17 22 19 23 | 05
#0813-d155 @A: 03 35 17 25 | 11
#0814-d155 @A: 17 01 33 16 | 09
#0815-d155 @A: 20 17 03 12 | 10
#0816-d155 @A: 01 02 17 30 | 02
#0817-d155 @A: 23 27 17 08 | 06
#0818-d155 @A: 29 20 04 05 | 01
#0819-d155 @A: 33 29 01 04 | 03
#0820-d155 @A: 26 03 05 29 | 04
#0821-d155 @A: 29 06 27 23 | 08
#0822-d155 @A: 01 04 25 05 | 12
#0823-d155 @A: 32 02 04 12 | 07
#0824-d155 @A: 03 02 04 20 | 05
#0825-d155 @A: 04 08 25 02 | 11
#0826-d155 @A: 04 23 21 19 | 09
#0827-d155 @A: 08 06 04 27 | 10
#0828-d155 @A: 05 13 14 26 | 02
#0829-d155 @A: 05 25 34 16 | 06
#0830-d155 @A: 26 05 30 27 | 01
#0831-d155 @A: 14 13 06 20 | 03
#0832-d155 @A: 02 27 14 13 | 04
#0833-d155 @A: 13 19 23 14 | 08
#0834-d155 @A: 02 14 33 25 | 12
#0835-d155 @A: 33 19 21 14 | 07
#0836-d155 @A: 22 19 33 20 | 05
#0837-d155 @A: 08 27 20 22 | 11
#0838-d155 @A: 26 21 22 03 | 09
#0839-d155 @A: 22 06 27 03 | 10
#0840-d155 @A: 25 19 13 22 | 02
#0841-d155 @A: 23 13 22 08 | 06
#0842-d155 @A: 13 12 34 06 | 01
#0843-d155 @A: 34 21 26 12 | 03
#0844-d155 @A: 34 26 27 32 | 04
#0845-d155 @A: 12 35 19 13 | 08
#0846-d155 @A: 02 23 19 35 | 12
#0847-d155 @A: 35 21 08 01 | 07
#0848-d155 @A: 16 02 12 08 | 05
#0849-d155 @A: 33 20 08 01 | 11
#0850-d155 @A: 13 01 03 21 | 09
#0851-d155 @A: 27 01 33 03 | 10
#0852-d155 @A: 32 13 01 30 | 02
#0853-d155 @A: 08 31 18 32 | 06
#0854-d155 @A: 23 31 17 11 | 01
#0855-d155 @A: 35 11 31 25 | 03
#0856-d155 @A: 27 24 31 14 | 04
#0857-d155 @A: 14 26 10 31 | 08
#0858-d155 @A: 34 31 04 28 | 12
#0859-d155 @A: 28 03 31 14 | 07
#0860-d155 @A: 12 28 30 31 | 05
#0861-d155 @A: 16 17 31 19 | 11
#0862-d155 @A: 04 31 19 02 | 09
#0863-d155 @A: 22 25 31 26 | 10
#0864-d155 @A: 03 31 12 13 | 02
#0865-d155 @A: 31 21 12 08 | 06
#0866-d155 @A: 27 30 13 31 | 01
#0867-d155 @A: 30 32 15 11 | 03
#0868-d155 @A: 09 19 17 15 | 04
#0869-d155 @A: 09 03 14 15 | 08
#0870-d155 @A: 10 16 15 32 | 12
#0871-d155 @A: 15 08 01 10 | 07
#0872-d155 @A: 15 14 19 04 | 05
#0873-d155 @A: 15 16 14 13 | 11
#0874-d155 @A: 15 26 30 20 | 09
#0875-d155 @A: 27 03 26 15 | 10
#0876-d155 @A: 19 27 30 15 | 02
#0877-d155 @A: 15 08 21 30 | 06
#0878-d155 @A: 28 08 11 18 | 01
#0879-d155 @A: 24 14 18 20 | 03
#0880-d155 @A: 07 22 14 18 | 04
#0881-d155 @A: 28 18 21 04 | 08
#0882-d155 @A: 18 12 01 29 | 12
#0883-d155 @A: 30 02 14 18 | 07
#0884-d155 @A: 22 21 34 18 | 05
#0885-d155 @A: 18 13 02 33 | 11
#0886-d155 @A: 19 18 01 13 | 09
#0887-d155 @A: 29 09 11 12 | 10
#0888-d155 @A: 13 05 11 07 | 02
#0889-d155 @A: 29 28 11 05 | 06
#0890-d155 @A: 04 26 11 28 | 01
#0891-d155 @A: 34 13 29 11 | 03
#0892-d155 @A: 29 11 27 26 | 04
#0893-d155 @A: 11 14 03 35 | 08
#0894-d155 @A: 26 02 11 32 | 12
#0895-d155 @A: 10 07 19 09 | 07
#0896-d155 @A: 25 02 17 09 | 05
#0897-d155 @A: 04 19 09 27 | 11
#0898-d155 @A: 19 34 35 09 | 09
#0899-d155 @A: 20 02 08 09 | 10
#0900-d155 @A: 09 20 33 26 | 02
#0901-d155 @A: 09 25 03 32 | 06
#0902-d155 @A: 27 09 26 13 | 01
#0903-d155 @A: 32 27 09 06 | 03
#0904-d155 @A: 09 06 08 21 | 04
#0905-d155 @A: 33 16 24 10 | 08
#0906-d155 @A: 05 28 24 12 | 12
#0907-d155 @A: 22 30 14 24 | 07
#0908-d155 @A: 01 14 34 24 | 05
#0909-d155 @A: 32 34 22 24 | 11
#0910-d155 @A: 02 22 24 12 | 09
#0911-d155 @A: 21 24 23 12 | 10
#0912-d155 @A: 27 26 33 24 | 02
#0913-d155 @A: 24 01 21 19 | 06
#0914-d155 @A: 02 27 10 28 | 01
#0915-d155 @A: 23 17 10 35 | 03
#0916-d155 @A: 10 23 04 32 | 04
#0917-d155 @A: 01 10 23 14 | 08
#0918-d155 @A: 12 19 10 23 | 12
#0919-d155 @A: 07 04 28 32 | 07
#0920-d155 @A: 27 16 28 07 | 05
#0921-d155 @A: 01 07 28 12 | 11
#0922-d155 @A: 07 29 03 17 | 09
#0923-d155 @A: 17 07 21 27 | 10
#0924-d155 @A: 01 08 17 07 | 02
#0925-d155 @A: 30 29 22 07 | 06
#0926-d155 @A: 22 07 26 02 | 01
#0927-d155 @A: 13 25 12 07 | 03
#0928-d155 @A: 21 17 28 34 | 04
#0929-d155 @A: 04 03 28 23 | 08
#0930-d155 @A: 28 05 01 26 | 12
#0931-d155 @A: 33 23 28 05 | 07
#0932-d155 @A: 33 13 28 26 | 05
#0933-d155 @A: 06 02 30 28 | 11
#0934-d155 @A: 08 06 19 28 | 09
#0935-d155 @A: 17 04 29 23 | 10
#0936-d155 @A: 22 13 17 04 | 02
#0937-d155 @A: 27 34 17 22 | 06
#0938-d155 @A: 17 21 12 22 | 01
#0939-d155 @A: 32 01 17 34 | 03
#0940-d155 @A: 26 17 01 03 | 04
#0941-d155 @A: 17 21 08 03 | 08
#0942-d155 @A: 17 19 26 27 | 12
#0943-d155 @A: 29 33 22 04 | 07
#0944-d155 @A: 29 13 05 16 | 05
#0945-d155 @A: 13 12 29 02 | 11
#0946-d155 @A: 19 29 30 12 | 09
#0947-d155 @A: 12 08 29 27 | 10
#0948-d155 @A: 19 13 29 03 | 02
#0949-d155 @A: 29 21 25 02 | 06
#0950-d155 @A: 29 08 33 26 | 01
#0951-d155 @A: 13 04 14 12 | 03
#0952-d155 @A: 12 22 35 04 | 04
#0953-d155 @A: 04 23 12 08 | 08
#0954-d155 @A: 26 01 30 04 | 12
#0955-d155 @A: 23 04 06 30 | 07
#0956-d155 @A: 01 14 05 21 | 05
#0957-d155 @A: 05 27 35 22 | 11
#0958-d155 @A: 26 12 25 05 | 09
#0959-d155 @A: 05 03 08 23 | 10
#0960-d155 @A: 06 13 33 05 | 02
#0961-d155 @A: 06 19 05 21 | 06
#0962-d155 @A: 14 16 22 35 | 01
#0963-d155 @A: 20 34 14 35 | 03
#0964-d155 @A: 03 14 13 25 | 04
#0965-d155 @A: 03 21 02 14 | 08
#0966-d155 @A: 08 26 14 02 | 12
#0967-d155 @A: 22 01 20 23 | 07
#0968-d155 @A: 25 33 03 22 | 05
#0969-d155 @A: 27 19 22 21 | 11
#0970-d155 @A: 34 13 21 30 | 09
#0971-d155 @A: 27 35 16 33 | 10
#0972-d155 @A: 32 03 20 35 | 02
#0973-d155 @A: 23 06 35 03 | 06
#0974-d155 @A: 35 33 06 01 | 01
#0975-d155 @A: 02 16 33 20 | 03
#0976-d155 @A: 02 03 16 19 | 04
#0977-d155 @A: 13 16 21 25 | 08
#0978-d155 @A: 12 33 02 01 | 12
#0979-d155 @A: 26 12 27 01 | 07
#0980-d155 @A: 30 01 27 25 | 05
#0981-d155 @A: 08 22 31 15 | 11
#0982-d155 @A: 15 16 25 31 | 09
#0983-d155 @A: 33 31 18 01 | 10
#0984-d155 @A: 31 14 11 12 | 02
#0985-d155 @A: 32 31 22 11 | 06
#0986-d155 @A: 09 25 31 04 | 01
#0987-d155 @A: 10 19 28 31 | 03
#0988-d155 @A: 12 10 31 29 | 04
#0989-d155 @A: 22 31 07 06 | 08
#0990-d155 @A: 30 23 31 20 | 12
#0991-d155 @A: 06 08 31 33 | 07
#0992-d155 @A: 09 20 18 15 | 05
#0993-d155 @A: 13 18 15 07 | 11
#0994-d155 @A: 18 16 15 33 | 09
#0995-d155 @A: 11 08 14 15 | 10
#0996-d155 @A: 30 15 10 02 | 02
#0997-d155 @A: 07 04 15 01 | 06
#0998-d155 @A: 29 28 15 20 | 01
#0999-d155 @A: 08 17 05 15 | 03
#1000-d155 @A: 23 15 14 29 | 04
#1001-d155 @A: 29 35 15 19 | 08
#1002-d155 @A: 04 15 05 12 | 12
#1003-d155 @A: 13 32 34 15 | 07
#1004-d155 @A: 34 15 30 01 | 05
#1005-d155 @A: 15 25 27 34 | 11
#1006-d155 @A: 33 26 15 02 | 09
#1007-d155 @A: 33 11 18 29 | 10
#1008-d155 @A: 18 27 09 34 | 02
#1009-d155 @A: 17 18 26 24 | 06
#1010-d155 @A: 24 35 33 18 | 01
#1011-d155 @A: 19 10 18 14 | 03
#1012-d155 @A: 07 35 18 26 | 04
#1013-d155 @A: 18 29 21 14 | 08
#1014-d155 @A: 29 18 32 16 | 12
#1015-d155 @A: 20 18 35 05 | 07
#1016-d155 @A: 05 18 19 16 | 05
#1017-d155 @A: 16 03 25 18 | 11
#1018-d155 @A: 18 20 30 13 | 09
#1019-d155 @A: 32 30 18 26 | 10
#1020-d155 @A: 11 04 06 09 | 02
#1021-d155 @A: 24 17 33 11 | 06
#1022-d155 @A: 17 26 10 11 | 01
#1023-d155 @A: 26 07 12 11 | 03
#1024-d155 @A: 20 23 11 07 | 04
#1025-d155 @A: 11 16 25 29 | 08
#1026-d155 @A: 34 12 11 04 | 12
#1027-d155 @A: 33 05 11 34 | 07
#1028-d155 @A: 11 05 30 21 | 05
#1029-d155 @A: 11 06 30 22 | 11
#1030-d155 @A: 30 20 11 03 | 09
#1031-d155 @A: 23 02 11 27 | 10
#1032-d155 @A: 11 01 32 27 | 02
#1033-d155 @A: 24 09 21 32 | 06
#1034-d155 @A: 19 28 09 29 | 01
#1035-d155 @A: 09 30 05 28 | 03
#1036-d155 @A: 17 12 26 09 | 04
#1037-d155 @A: 09 05 32 04 | 08
#1038-d155 @A: 09 23 04 35 | 12
#1039-d155 @A: 08 09 14 23 | 07
#1040-d155 @A: 09 02 03 27 | 05
#1041-d155 @A: 30 02 26 09 | 11
#1042-d155 @A: 06 30 33 09 | 09
#1043-d155 @A: 28 10 24 01 | 10
#1044-d155 @A: 12 10 32 24 | 02
#1045-d155 @A: 17 25 24 28 | 06
#1046-d155 @A: 28 33 20 24 | 01
#1047-d155 @A: 04 19 17 24 | 03
#1048-d155 @A: 04 34 08 24 | 04
#1049-d155 @A: 06 04 03 24 | 08
#1050-d155 @A: 34 24 13 25 | 12
#1051-d155 @A: 24 01 16 26 | 07
#1052-d155 @A: 02 20 30 24 | 05
#1053-d155 @A: 03 13 24 23 | 11
#1054-d155 @A: 30 27 06 24 | 09
#1055-d155 @A: 24 23 06 33 | 10
#1056-d155 @A: 25 10 29 07 | 02
#1057-d155 @A: 03 28 35 10 | 06
#1058-d155 @A: 05 10 01 17 | 01
#1059-d155 @A: 05 29 10 02 | 03
#1060-d155 @A: 05 14 10 12 | 04
#1061-d155 @A: 35 10 05 33 | 08
#1062-d155 @A: 08 10 13 14 | 12
#1063-d155 @A: 02 34 08 10 | 07
#1064-d155 @A: 13 10 20 02 | 05
#1065-d155 @A: 10 26 23 30 | 11
#1066-d155 @A: 01 10 27 06 | 09
#1067-d155 @A: 02 34 17 07 | 10
#1068-d155 @A: 27 20 07 34 | 02
#1069-d155 @A: 16 32 07 33 | 06
#1070-d155 @A: 26 30 03 07 | 01
#1071-d155 @A: 26 07 06 21 | 03
#1072-d155 @A: 08 30 32 07 | 04
#1073-d155 @A: 07 33 21 30 | 08
#1074-d155 @A: 28 03 17 22 | 12
#1075-d155 @A: 20 16 17 28 | 07
#1076-d155 @A: 05 03 16 28 | 05
#1077-d155 @A: 28 20 26 25 | 11
#1078-d155 @A: 28 32 30 25 | 09
#1079-d155 @A: 32 35 17 05 | 10
#1080-d155 @A: 22 08 17 16 | 02
#1081-d155 @A: 17 12 19 33 | 06
#1082-d155 @A: 17 02 06 13 | 01
#1083-d155 @A: 30 26 25 17 | 03
#1084-d155 @A: 06 25 27 17 | 04
#1085-d155 @A: 21 34 04 29 | 08
#1086-d155 @A: 16 06 04 29 | 12
#1087-d155 @A: 22 29 26 16 | 07
#1088-d155 @A: 29 16 27 34 | 05
#1089-d155 @A: 03 12 32 29 | 11
#1090-d155 @A: 26 30 29 21 | 09
#1091-d155 @A: 25 29 06 19 | 10
#1092-d155 @A: 19 29 27 33 | 02
#1093-d155 @A: 21 32 29 06 | 06
#1094-d155 @A: 14 21 05 35 | 01
#1095-d155 @A: 20 05 22 01 | 03
#1096-d155 @A: 13 05 19 30 | 04
#1097-d155 @A: 03 14 26 20 | 08
#1098-d155 @A: 21 23 14 06 | 12
#1099-d155 @A: 22 12 32 23 | 07
#1100-d155 @A: 22 27 13 32 | 05
#1101-d155 @A: 25 22 32 06 | 11
#1102-d155 @A: 08 26 34 20 | 09
#1103-d155 @A: 01 19 03 34 | 10
#1104-d155 @A: 03 34 25 23 | 02
#1105-d155 @A: 03 06 08 34 | 06
#1106-d155 @A: 01 23 34 02 | 01
#1107-d155 @A: 25 02 16 35 | 03
#1108-d155 @A: 06 35 26 12 | 04
#1109-d155 @A: 21 02 30 16 | 08
#1110-d155 @A: 33 16 25 23 | 12
#1111-d155 @A: 31 18 16 06 | 07
#1112-d155 @A: 31 30 11 01 | 05
#1113-d155 @A: 09 05 31 01 | 11
#1114-d155 @A: 09 32 31 26 | 09
#1115-d155 @A: 31 24 20 17 | 10
#1116-d155 @A: 24 22 31 33 | 02
#1117-d155 @A: 19 31 07 29 | 06
#1118-d155 @A: 07 31 34 30 | 01
#1119-d155 @A: 29 22 17 31 | 03
#1120-d155 @A: 16 01 31 29 | 04
#1121-d155 @A: 29 31 27 32 | 08
#1122-d155 @A: 27 22 31 04 | 12
#1123-d155 @A: 35 31 05 26 | 07
#1124-d155 @A: 16 31 22 21 | 05
#1125-d155 @A: 33 30 31 03 | 11
#1126-d155 @A: 15 06 18 10 | 09
#1127-d155 @A: 04 15 11 02 | 10
#1128-d155 @A: 14 24 15 12 | 02
#1129-d155 @A: 20 24 34 15 | 06
#1130-d155 @A: 22 10 15 33 | 01
#1131-d155 @A: 02 15 17 28 | 03
#1132-d155 @A: 15 06 04 33 | 04
#1133-d155 @A: 03 15 20 13 | 08
#1134-d155 @A: 13 15 21 27 | 12
#1135-d155 @A: 18 14 09 11 | 07
#1136-d155 @A: 11 18 17 22 | 05
#1137-d155 @A: 02 18 11 34 | 11
#1138-d155 @A: 10 18 25 05 | 09
#1139-d155 @A: 07 18 20 21 | 10
#1140-d155 @A: 18 14 03 17 | 02
#1141-d155 @A: 22 04 20 18 | 06
#1142-d155 @A: 18 05 34 32 | 01
#1143-d155 @A: 18 13 34 14 | 03
#1144-d155 @A: 08 22 02 18 | 04
#1145-d155 @A: 34 01 06 18 | 08
#1146-d155 @A: 23 18 03 21 | 12
#1147-d155 @A: 24 11 07 06 | 07
#1148-d155 @A: 11 35 24 32 | 05
#1149-d155 @A: 11 10 19 22 | 11
#1150-d155 @A: 01 11 10 34 | 09
#1151-d155 @A: 07 27 11 14 | 10
#1152-d155 @A: 07 11 21 16 | 02
#1153-d155 @A: 12 11 28 17 | 06
#1154-d155 @A: 11 17 13 14 | 01
#1155-d155 @A: 04 16 27 11 | 03
#1156-d155 @A: 11 33 16 14 | 04
#1157-d155 @A: 11 27 35 34 | 08
#1158-d155 @A: 11 23 12 06 | 12
#1159-d155 @A: 07 09 30 24 | 07
#1160-d155 @A: 17 20 09 10 | 05
#1161-d155 @A: 02 10 04 09 | 11
#1162-d155 @A: 30 09 32 10 | 09
#1163-d155 @A: 09 13 17 34 | 10
#1164-d155 @A: 01 09 21 29 | 02
#1165-d155 @A: 03 26 04 09 | 06
#1166-d155 @A: 14 12 35 09 | 01
#1167-d155 @A: 19 14 30 09 | 03
#1168-d155 @A: 35 22 21 09 | 04
#1169-d155 @A: 16 02 09 01 | 08
#1170-d155 @A: 03 09 23 19 | 12
#1171-d155 @A: 10 28 24 26 | 07
#1172-d155 @A: 24 07 33 34 | 05
#1173-d155 @A: 07 02 24 16 | 11
#1174-d155 @A: 22 24 27 29 | 09
#1175-d155 @A: 22 24 32 01 | 10
#1176-d155 @A: 03 24 23 01 | 02
#1177-d155 @A: 27 24 02 08 | 06
#1178-d155 @A: 17 10 07 33 | 01
#1179-d155 @A: 07 10 35 30 | 03
#1180-d155 @A: 32 28 13 10 | 04
#1181-d155 @A: 29 10 17 32 | 08
#1182-d155 @A: 02 10 17 22 | 12
#1183-d155 @A: 21 10 35 04 | 07
#1184-d155 @A: 05 08 10 16 | 05
#1185-d155 @A: 33 14 10 34 | 11
#1186-d155 @A: 16 19 26 10 | 09
#1187-d155 @A: 12 20 10 08 | 10
#1188-d155 @A: 13 10 26 12 | 02
#1189-d155 @A: 21 12 10 30 | 06
#1190-d155 @A: 03 10 13 21 | 01
#1191-d155 @A: 01 30 10 03 | 03
#1192-d155 @A: 10 27 25 26 | 04
#1193-d155 @A: 21 27 10 33 | 08
#1194-d155 @A: 07 17 28 30 | 12
#1195-d155 @A: 06 07 28 34 | 07
#1196-d155 @A: 05 16 35 07 | 05
#1197-d155 @A: 16 22 12 07 | 11
#1198-d155 @A: 32 20 12 07 | 09
#1199-d155 @A: 27 03 07 32 | 10
#1200-d155 @A: 23 07 01 26 | 02
#1201-d155 @A: 27 08 19 07 | 06
#1202-d155 @A: 17 05 28 27 | 01
#1203-d155 @A: 17 13 35 28 | 03
#1204-d155 @A: 29 28 04 08 | 04
#1205-d155 @A: 34 28 01 04 | 08
#1206-d155 @A: 28 27 34 14 | 12
#1207-d155 @A: 13 28 34 20 | 07
#1208-d155 @A: 28 01 25 16 | 05
#1209-d155 @A: 25 02 28 12 | 11
#1210-d155 @A: 17 16 12 04 | 09
#1211-d155 @A: 14 16 26 17 | 10
#1212-d155 @A: 34 16 33 17 | 02
#1213-d155 @A: 27 17 12 32 | 06
#1214-d155 @A: 17 02 03 32 | 01
#1215-d155 @A: 25 12 29 04 | 03
#1216-d155 @A: 29 25 05 30 | 04
#1217-d155 @A: 14 29 32 26 | 08
#1218-d155 @A: 20 03 22 29 | 12
#1219-d155 @A: 30 29 34 06 | 07
#1220-d155 @A: 26 29 25 13 | 05
#1221-d155 @A: 08 02 29 06 | 11
#1222-d155 @A: 29 33 02 23 | 09
#1223-d155 @A: 14 08 05 04 | 10
#1224-d155 @A: 23 20 26 04 | 02
#1225-d155 @A: 03 33 19 04 | 06
#1226-d155 @A: 25 21 22 05 | 01
#1227-d155 @A: 05 35 13 01 | 03
#1228-d155 @A: 03 02 30 05 | 04
#1229-d155 @A: 13 02 25 05 | 08
#1230-d155 @A: 14 34 02 16 | 12
#1231-d155 @A: 19 06 14 12 | 07
#1232-d155 @A: 20 33 14 08 | 05
#1233-d155 @A: 14 02 03 01 | 11
#1234-d155 @A: 06 14 30 26 | 09
#1235-d155 @A: 30 33 01 14 | 10
#1236-d155 @A: 16 34 22 19 | 02
#1237-d155 @A: 22 30 26 13 | 06
#1238-d155 @A: 19 22 26 32 | 01
#1239-d155 @A: 22 30 23 27 | 03
#1240-d155 @A: 34 35 01 26 | 04
#1241-d155 @A: 20 30 34 12 | 08
#1242-d155 @A: 34 12 03 27 | 12
#1243-d155 @A: 08 19 21 34 | 07
#1244-d155 @A: 08 12 35 33 | 05
#1245-d155 @A: 26 35 03 33 | 11
#1246-d155 @A: 08 19 03 35 | 09
#1247-d155 @A: 35 33 21 06 | 10
#1248-d155 @A: 16 12 21 27 | 02
#1249-d155 @A: 23 03 16 20 | 06
#1250-d155 @A: 16 13 20 27 | 01
#1251-d155 @A: 06 03 16 30 | 03
#1252-d155 @A: 13 01 23 16 | 04
#1253-d155 @A: 16 02 27 26 | 08
#1254-d155 @A: 23 27 19 16 | 12
#1255-d155 @A: 26 01 25 32 | 07
#1256-d155 @A: 15 28 24 31 | 05
#1257-d155 @A: 02 15 31 14 | 11
#1258-d155 @A: 31 03 15 21 | 09
#1259-d155 @A: 06 35 10 31 | 10
#1260-d155 @A: 01 07 02 31 | 02
#1261-d155 @A: 31 28 16 35 | 06
#1262-d155 @A: 23 34 29 31 | 01
#1263-d155 @A: 14 04 06 31 | 03
#1264-d155 @A: 04 30 31 16 | 04
#1265-d155 @A: 14 08 31 35 | 08
#1266-d155 @A: 03 31 22 19 | 12
#1267-d155 @A: 32 31 34 35 | 07
#1268-d155 @A: 12 31 23 35 | 05
#1269-d155 @A: 01 31 25 13 | 11
#1270-d155 @A: 09 15 33 11 | 09
#1271-d155 @A: 09 15 04 13 | 10
#1272-d155 @A: 22 15 09 25 | 02
#1273-d155 @A: 21 15 09 34 | 06
#1274-d155 @A: 07 23 15 24 | 01
#1275-d155 @A: 24 22 15 17 | 03
#1276-d155 @A: 35 01 15 24 | 04
#1277-d155 @A: 10 25 15 23 | 08
#1278-d155 @A: 05 15 07 27 | 12
#1279-d155 @A: 28 27 15 23 | 07
#1280-d155 @A: 15 17 14 34 | 05
#1281-d155 @A: 05 15 13 22 | 11
#1282-d155 @A: 15 26 22 34 | 09
#1283-d155 @A: 08 15 12 19 | 10
#1284-d155 @A: 17 01 18 11 | 02
#1285-d155 @A: 16 18 11 35 | 06
#1286-d155 @A: 06 24 18 09 | 01
#1287-d155 @A: 09 21 18 10 | 03
#1288-d155 @A: 09 04 08 18 | 04
#1289-d155 @A: 18 27 07 24 | 08
#1290-d155 @A: 18 01 07 24 | 12
#1291-d155 @A: 21 24 18 02 | 07
#1292-d155 @A: 20 10 18 28 | 05
#1293-d155 @A: 04 18 02 23 | 11
#1294-d155 @A: 18 04 27 01 | 09
#1295-d155 @A: 22 33 18 05 | 10
#1296-d155 @A: 14 01 18 16 | 02
#1297-d155 @A: 13 35 18 22 | 06
#1298-d155 @A: 18 01 35 16 | 01
#1299-d155 @A: 03 02 18 06 | 03
#1300-d155 @A: 13 23 18 26 | 04
#1301-d155 @A: 30 27 18 08 | 08
#1302-d155 @A: 34 09 11 23 | 12
#1303-d155 @A: 11 29 24 30 | 07
#1304-d155 @A: 34 21 24 11 | 05
#1305-d155 @A: 08 04 17 11 | 11
#1306-d155 @A: 14 11 26 34 | 09
#1307-d155 @A: 12 19 11 32 | 10
#1308-d155 @A: 27 25 11 03 | 02
#1309-d155 @A: 13 11 25 32 | 06
#1310-d155 @A: 27 13 06 11 | 01
#1311-d155 @A: 26 06 08 11 | 03
#1312-d155 @A: 01 19 11 08 | 04
#1313-d155 @A: 11 23 33 08 | 08
#1314-d155 @A: 09 24 03 17 | 12
#1315-d155 @A: 28 07 13 09 | 07
#1316-d155 @A: 09 04 07 20 | 05
#1317-d155 @A: 07 35 09 06 | 11
#1318-d155 @A: 17 28 09 32 | 09
#1319-d155 @A: 33 09 35 28 | 10
#1320-d155 @A: 17 14 09 01 | 02
#1321-d155 @A: 16 35 17 09 | 06
#1322-d155 @A: 29 05 27 09 | 01
#1323-d155 @A: 09 14 05 06 | 03
#1324-d155 @A: 09 22 16 23 | 04
#1325-d155 @A: 02 16 09 06 | 08
#1326-d155 @A: 12 09 20 27 | 12
#1327-d155 @A: 23 20 06 09 | 07
#1328-d155 @A: 30 08 09 13 | 05
#1329-d155 @A: 30 08 01 09 | 11
#1330-d155 @A: 27 09 25 33 | 09
#1331-d155 @A: 29 10 24 04 | 10
#1332-d155 @A: 21 22 24 10 | 02
#1333-d155 @A: 35 10 24 02 | 06
#1334-d155 @A: 22 24 13 07 | 01
#1335-d155 @A: 24 29 28 34 | 03
#1336-d155 @A: 29 02 24 17 | 04
#1337-d155 @A: 23 17 24 05 | 08
#1338-d155 @A: 34 24 17 30 | 12
#1339-d155 @A: 24 25 04 35 | 07
#1340-d155 @A: 34 03 24 02 | 05
#1341-d155 @A: 24 23 26 34 | 11
#1342-d155 @A: 26 24 20 12 | 09
#1343-d155 @A: 33 24 13 30 | 10
#1344-d155 @A: 27 25 19 24 | 02
#1345-d155 @A: 10 02 12 07 | 06
#1346-d155 @A: 28 12 22 10 | 01
#1347-d155 @A: 20 29 10 14 | 03
#1348-d155 @A: 26 35 34 10 | 04
#1349-d155 @A: 20 30 33 10 | 08
#1350-d155 @A: 03 26 10 08 | 12
#1351-d155 @A: 28 07 12 14 | 07
#1352-d155 @A: 05 20 07 30 | 05
#1353-d155 @A: 07 06 02 27 | 11
#1354-d155 @A: 26 32 23 07 | 09
#1355-d155 @A: 25 26 08 07 | 10
#1356-d155 @A: 27 30 25 07 | 02
#1357-d155 @A: 01 28 17 21 | 06
#1358-d155 @A: 23 06 28 17 | 01
#1359-d155 @A: 04 28 06 05 | 03
#1360-d155 @A: 14 20 04 28 | 04
#1361-d155 @A: 13 28 19 04 | 08
#1362-d155 @A: 34 02 05 28 | 12
#1363-d155 @A: 14 21 28 13 | 07
#1364-d155 @A: 28 34 12 35 | 05
#1365-d155 @A: 12 28 27 13 | 11
#1366-d155 @A: 33 25 28 08 | 09
#1367-d155 @A: 27 17 20 29 | 10
#1368-d155 @A: 04 22 17 01 | 02
#1369-d155 @A: 14 35 17 19 | 06
#1370-d155 @A: 20 26 22 17 | 01
#1371-d155 @A: 20 19 17 32 | 03
#1372-d155 @A: 17 03 06 26 | 04
#1373-d155 @A: 33 02 27 17 | 08
#1374-d155 @A: 05 14 29 33 | 12
#1375-d155 @A: 29 05 19 01 | 07
#1376-d155 @A: 14 04 25 16 | 05
#1377-d155 @A: 22 16 04 03 | 11
#1378-d155 @A: 03 04 35 01 | 09
#1379-d155 @A: 21 03 04 25 | 10
#1380-d155 @A: 13 32 21 04 | 02
#1381-d155 @A: 04 25 27 23 | 06
#1382-d155 @A: 16 01 05 34 | 01
#1383-d155 @A: 32 20 08 05 | 03
#1384-d155 @A: 33 20 05 21 | 04
#1385-d155 @A: 05 25 06 03 | 08
#1386-d155 @A: 13 08 27 05 | 12
#1387-d155 @A: 26 32 05 21 | 07
#1388-d155 @A: 06 26 23 05 | 05
#1389-d155 @A: 05 19 32 23 | 11
#1390-d155 @A: 03 14 23 12 | 09
#1391-d155 @A: 14 06 01 26 | 10
#1392-d155 @A: 26 27 23 14 | 02
#1393-d155 @A: 22 27 13 01 | 06
#1394-d155 @A: 21 22 32 30 | 01
#1395-d155 @A: 16 12 34 23 | 03
#1396-d155 @A: 34 20 33 25 | 04
#1397-d155 @A: 06 21 27 34 | 08
#1398-d155 @A: 35 20 30 27 | 12
#1399-d155 @A: 35 06 25 20 | 07
#1400-d155 @A: 20 23 35 33 | 05
#1401-d155 @A: 35 08 32 02 | 11
#1402-d155 @A: 35 27 02 21 | 09
#1403-d155 @A: 01 27 35 02 | 10
#1404-d155 @A: 35 30 06 19 | 02
#1405-d155 @A: 16 32 03 21 | 06
#1406-d155 @A: 29 31 15 04 | 01
#1407-d155 @A: 18 11 20 31 | 03
#1408-d155 @A: 18 31 29 05 | 04
#1409-d155 @A: 26 31 18 34 | 08
#1410-d155 @A: 31 02 11 24 | 12
#1411-d155 @A: 11 34 06 31 | 07
#1412-d155 @A: 09 31 23 28 | 05
#1413-d155 @A: 24 05 32 31 | 11
#1414-d155 @A: 31 30 35 24 | 09
#1415-d155 @A: 21 24 06 31 | 10
#1416-d155 @A: 04 31 01 10 | 02
#1417-d155 @A: 31 35 04 20 | 06
#1418-d155 @A: 31 13 05 34 | 01
#1419-d155 @A: 05 31 16 33 | 03
#1420-d155 @A: 22 31 23 14 | 04
#1421-d155 @A: 08 01 34 31 | 08
#1422-d155 @A: 16 31 12 20 | 12
#1423-d155 @A: 19 31 21 30 | 07
#1424-d155 @A: 25 31 19 23 | 05
#1425-d155 @A: 31 06 19 27 | 11
#1426-d155 @A: 33 23 31 32 | 09
#1427-d155 @A: 18 04 25 15 | 10
#1428-d155 @A: 18 15 34 08 | 02
#1429-d155 @A: 18 21 15 35 | 06
#1430-d155 @A: 25 18 01 15 | 01
#1431-d155 @A: 23 16 11 15 | 03
#1432-d155 @A: 11 26 15 01 | 04
#1433-d155 @A: 23 15 09 01 | 08
#1434-d155 @A: 21 29 24 15 | 12
#1435-d155 @A: 27 24 35 15 | 07
#1436-d155 @A: 01 10 12 15 | 05
#1437-d155 @A: 35 28 08 15 | 11
#1438-d155 @A: 33 21 17 15 | 09
#1439-d155 @A: 34 19 15 05 | 10
#1440-d155 @A: 15 32 05 01 | 02
#1441-d155 @A: 33 15 30 05 | 06
#1442-d155 @A: 01 15 14 13 | 01
#1443-d155 @A: 02 35 34 15 | 03
#1444-d155 @A: 15 06 34 16 | 04
#1445-d155 @A: 12 15 20 35 | 08
#1446-d155 @A: 15 20 19 16 | 12
#1447-d155 @A: 12 03 25 15 | 07
#1448-d155 @A: 32 15 20 33 | 05
#1449-d155 @A: 13 15 02 19 | 11
#1450-d155 @A: 15 25 08 13 | 09
#1451-d155 @A: 06 15 32 08 | 10
#1452-d155 @A: 18 27 10 11 | 02
#1453-d155 @A: 18 32 07 11 | 06
#1454-d155 @A: 06 05 11 18 | 01
#1455-d155 @A: 13 11 18 03 | 03
#1456-d155 @A: 09 03 18 01 | 04
#1457-d155 @A: 19 09 32 18 | 08
#1458-d155 @A: 24 04 05 18 | 12
#1459-d155 @A: 32 18 10 22 | 07
#1460-d155 @A: 16 02 18 10 | 05
#1461-d155 @A: 07 30 18 16 | 11
#1462-d155 @A: 18 23 16 28 | 09
#1463-d155 @A: 14 08 16 18 | 10
#1464-d155 @A: 18 35 34 06 | 02
#1465-d155 @A: 25 13 27 18 | 06
#1466-d155 @A: 32 21 27 18 | 01
#1467-d155 @A: 18 06 25 23 | 03
#1468-d155 @A: 11 09 26 24 | 04
#1469-d155 @A: 09 13 11 22 | 08
#1470-d155 @A: 04 24 20 11 | 12
#1471-d155 @A: 12 11 24 27 | 07
#1472-d155 @A: 08 35 07 11 | 05
#1473-d155 @A: 20 11 28 06 | 11
#1474-d155 @A: 28 06 01 11 | 09
#1475-d155 @A: 25 17 05 11 | 10
#1476-d155 @A: 25 11 19 34 | 02
#1477-d155 @A: 09 24 27 16 | 06
#1478-d155 @A: 09 21 28 16 | 01
#1479-d155 @A: 09 27 01 28 | 03
#1480-d155 @A: 30 23 17 09 | 04
#1481-d155 @A: 35 09 29 26 | 08
#1482-d155 @A: 16 05 26 09 | 12
#1483-d155 @A: 19 22 12 09 | 07
#1484-d155 @A: 09 20 30 22 | 05
#1485-d155 @A: 34 03 30 09 | 11
#1486-d155 @A: 08 32 09 12 | 09
#1487-d155 @A: 24 07 10 20 | 10
#1488-d155 @A: 07 28 03 24 | 02
#1489-d155 @A: 24 21 07 04 | 06
#1490-d155 @A: 24 16 32 04 | 01
#1491-d155 @A: 02 14 24 05 | 03
#1492-d155 @A: 25 24 02 23 | 04
#1493-d155 @A: 10 07 23 13 | 08
#1494-d155 @A: 28 10 30 29 | 12
#1495-d155 @A: 34 28 23 10 | 07
#1496-d155 @A: 10 13 17 16 | 05
#1497-d155 @A: 10 04 34 19 | 11
#1498-d155 @A: 22 20 10 05 | 09
#1499-d155 @A: 10 34 06 05 | 10
#1500-d155 @A: 10 16 34 21 | 02
#1501-d155 @A: 10 06 30 13 | 06
#1502-d155 @A: 10 26 06 02 | 01
#1503-d155 @A: 23 07 17 16 | 03
#1504-d155 @A: 29 07 35 27 | 04
#1505-d155 @A: 02 07 35 04 | 08
#1506-d155 @A: 12 08 07 05 | 12
#1507-d155 @A: 25 02 07 03 | 07
#1508-d155 @A: 33 08 02 07 | 05
#1509-d155 @A: 07 33 25 06 | 11
#1510-d155 @A: 06 29 28 13 | 09
#1511-d155 @A: 22 05 28 08 | 10
#1512-d155 @A: 14 01 35 28 | 02
#1513-d155 @A: 14 23 02 28 | 06
#1514-d155 @A: 16 08 30 28 | 01
#1515-d155 @A: 06 12 32 28 | 03
#1516-d155 @A: 28 02 13 01 | 04
#1517-d155 @A: 25 28 13 23 | 08
#1518-d155 @A: 21 32 28 33 | 12
#1519-d155 @A: 17 14 21 30 | 07
#1520-d155 @A: 25 16 32 17 | 05
#1521-d155 @A: 02 30 12 17 | 11
#1522-d155 @A: 01 12 19 17 | 09
#1523-d155 @A: 17 20 30 06 | 10
#1524-d155 @A: 02 08 19 17 | 02
#1525-d155 @A: 19 25 21 17 | 06
#1526-d155 @A: 08 29 34 05 | 01
#1527-d155 @A: 25 01 20 29 | 03
#1528-d155 @A: 26 04 05 34 | 04
#1529-d155 @A: 33 34 35 04 | 08
#1530-d155 @A: 32 03 34 04 | 12
#1531-d155 @A: 06 26 04 13 | 07
#1532-d155 @A: 13 23 04 33 | 05
#1533-d155 @A: 25 30 04 33 | 11
#1534-d155 @A: 30 16 05 14 | 09
#1535-d155 @A: 05 35 30 34 | 10
#1536-d155 @A: 05 12 27 19 | 02
#1537-d155 @A: 05 30 12 32 | 06
#1538-d155 @A: 20 05 19 03 | 01
#1539-d155 @A: 27 33 03 05 | 03
#1540-d155 @A: 02 05 26 19 | 04
#1541-d155 @A: 30 34 14 25 | 08
#1542-d155 @A: 14 27 06 35 | 12
#1543-d155 @A: 30 12 14 27 | 07
#1544-d155 @A: 08 03 30 14 | 05
#1545-d155 @A: 14 33 13 32 | 11
#1546-d155 @A: 21 22 26 01 | 09
#1547-d155 @A: 35 34 21 23 | 10
#1548-d155 @A: 06 34 20 02 | 02
#1549-d155 @A: 34 26 33 06 | 06
#1550-d155 @A: 27 34 01 19 | 01
#1551-d155 @A: 25 34 21 32 | 03
#1552-d155 @A: 16 13 03 35 | 04
#1553-d155 @A: 35 21 16 19 | 08
#1554-d155 @A: 32 35 06 16 | 12
#1555-d155 @A: 35 32 21 12 | 07
#1556-d155 @A: 32 23 30 35 | 05
#1557-d155 @A: 08 25 16 27 | 11
#1558-d155 @A: 15 19 11 31 | 09
#1559-d155 @A: 30 31 17 15 | 10
#1560-d155 @A: 13 24 18 31 | 02
#1561-d155 @A: 02 31 17 18 | 06
#1562-d155 @A: 31 11 30 10 | 01
#1563-d155 @A: 31 22 10 09 | 03
#1564-d155 @A: 31 35 03 09 | 04
#1565-d155 @A: 24 27 01 31 | 08
#1566-d155 @A: 31 08 10 04 | 12
#1567-d155 @A: 07 31 27 26 | 07
#1568-d155 @A: 26 17 28 31 | 05
#1569-d155 @A: 05 20 31 28 | 11
#1570-d155 @A: 14 17 33 31 | 09
#1571-d155 @A: 21 04 31 05 | 10
#1572-d155 @A: 27 08 34 31 | 02
#1573-d155 @A: 31 30 08 26 | 06
#1574-d155 @A: 05 11 24 15 | 01
#1575-d155 @A: 29 11 03 15 | 03
#1576-d155 @A: 15 11 25 26 | 04
#1577-d155 @A: 35 32 15 09 | 08
#1578-d155 @A: 29 15 34 10 | 12
#1579-d155 @A: 15 19 28 07 | 07
#1580-d155 @A: 04 34 23 15 | 05
#1581-d155 @A: 05 15 14 20 | 11
#1582-d155 @A: 25 05 35 15 | 09
#1583-d155 @A: 16 22 02 15 | 10
#1584-d155 @A: 03 34 15 33 | 02
#1585-d155 @A: 02 21 01 15 | 06
#1586-d155 @A: 15 33 19 23 | 01
#1587-d155 @A: 25 18 24 11 | 03
#1588-d155 @A: 18 11 21 26 | 04
#1589-d155 @A: 18 16 13 09 | 08
#1590-d155 @A: 18 34 12 10 | 12
#1591-d155 @A: 20 01 18 10 | 07
#1592-d155 @A: 06 07 18 29 | 05
#1593-d155 @A: 07 18 05 03 | 11
#1594-d155 @A: 28 22 30 18 | 09
#1595-d155 @A: 18 13 29 17 | 10
#1596-d155 @A: 17 35 12 18 | 02
#1597-d155 @A: 18 29 30 35 | 06
#1598-d155 @A: 08 26 18 05 | 01
#1599-d155 @A: 03 12 30 18 | 03
#1600-d155 @A: 03 26 18 19 | 04
#1601-d155 @A: 18 25 02 32 | 08
#1602-d155 @A: 08 18 33 19 | 12
#1603-d155 @A: 18 01 23 32 | 07
#1604-d155 @A: 09 11 28 25 | 05
#1605-d155 @A: 10 13 11 24 | 11
#1606-d155 @A: 04 11 10 33 | 09
#1607-d155 @A: 28 22 11 02 | 10
#1608-d155 @A: 12 05 11 16 | 02
#1609-d155 @A: 22 12 11 25 | 06
#1610-d155 @A: 33 11 19 06 | 01
#1611-d155 @A: 01 11 33 21 | 03
#1612-d155 @A: 12 24 34 09 | 04
#1613-d155 @A: 29 10 06 09 | 08
#1614-d155 @A: 25 10 34 09 | 12
#1615-d155 @A: 09 07 16 25 | 07
#1616-d155 @A: 28 08 09 34 | 05
#1617-d155 @A: 04 14 09 34 | 11
#1618-d155 @A: 03 09 06 12 | 09
#1619-d155 @A: 09 19 25 08 | 10
#1620-d155 @A: 21 09 27 30 | 02
#1621-d155 @A: 06 24 35 28 | 06
#1622-d155 @A: 24 22 26 05 | 01
#1623-d155 @A: 16 24 34 35 | 03
#1624-d155 @A: 24 26 16 30 | 04
#1625-d155 @A: 23 24 08 20 | 08
#1626-d155 @A: 08 19 13 24 | 12
#1627-d155 @A: 06 24 19 02 | 07
#1628-d155 @A: 32 06 26 24 | 05
#1629-d155 @A: 19 24 23 30 | 11
#1630-d155 @A: 07 27 10 22 | 09
#1631-d155 @A: 10 33 03 29 | 10
#1632-d155 @A: 20 10 04 16 | 02
#1633-d155 @A: 06 20 03 10 | 06
#1634-d155 @A: 27 10 20 23 | 01
#1635-d155 @A: 10 19 27 03 | 03
#1636-d155 @A: 01 10 26 13 | 04
#1637-d155 @A: 08 10 23 21 | 08
#1638-d155 @A: 07 28 20 02 | 12
#1639-d155 @A: 29 07 05 23 | 07
#1640-d155 @A: 08 07 29 14 | 05
#1641-d155 @A: 27 01 07 14 | 11
#1642-d155 @A: 22 25 34 07 | 09
#1643-d155 @A: 19 07 03 34 | 10
#1644-d155 @A: 06 30 12 07 | 02
#1645-d155 @A: 30 23 02 07 | 06
#1646-d155 @A: 28 29 16 33 | 01
#1647-d155 @A: 28 16 06 22 | 03
#1648-d155 @A: 02 19 33 28 | 04
#1649-d155 @A: 29 17 21 05 | 08
#1650-d155 @A: 04 34 17 20 | 12
#1651-d155 @A: 35 17 30 22 | 07
#1652-d155 @A: 26 21 13 17 | 05
#1653-d155 @A: 04 26 29 02 | 11
#1654-d155 @A: 35 29 34 25 | 09
#1655-d155 @A: 20 29 21 12 | 10
#1656-d155 @A: 29 13 20 23 | 02
#1657-d155 @A: 08 25 03 29 | 06
#1658-d155 @A: 30 02 27 29 | 01
#1659-d155 @A: 05 04 02 22 | 03
#1660-d155 @A: 01 08 04 14 | 04
#1661-d155 @A: 30 22 04 34 | 08
#1662-d155 @A: 25 04 06 34 | 12
#1663-d155 @A: 19 01 16 04 | 07
#1664-d155 @A: 21 12 33 04 | 05
#1665-d155 @A: 03 04 08 13 | 11
#1666-d155 @A: 27 04 26 21 | 09
#1667-d155 @A: 27 06 05 16 | 10
#1668-d155 @A: 33 05 12 02 | 02
#1669-d155 @A: 05 02 20 23 | 06
#1670-d155 @A: 05 01 03 30 | 01
#1671-d155 @A: 05 23 01 33 | 03
#1672-d155 @A: 14 22 01 19 | 04
#1673-d155 @A: 27 22 14 33 | 08
#1674-d155 @A: 32 14 27 25 | 12
#1675-d155 @A: 16 33 22 13 | 07
#1676-d155 @A: 22 13 02 03 | 05
#1677-d155 @A: 19 02 22 30 | 11
#1678-d155 @A: 22 21 02 23 | 09
#1679-d155 @A: 19 34 20 23 | 10
#1680-d155 @A: 02 32 34 30 | 02
#1681-d155 @A: 08 30 23 34 | 06
#1682-d155 @A: 21 01 34 25 | 01
#1683-d155 @A: 35 26 23 16 | 03
#1684-d155 @A: 20 02 35 26 | 04
#1685-d155 @A: 03 30 35 21 | 08
#1686-d155 @A: 19 35 30 01 | 12
#1687-d155 @A: 25 20 16 30 | 07
#1688-d155 @A: 32 16 08 01 | 05
#1689-d155 @A: 25 01 33 12 | 11
