#0001-d201 @A: 26 16 27 02 | 08
#0002-d201 @A: 22 27 16 13 | 12
#0003-d201 @A: 16 09 23 27 | 10
#0004-d201 @A: 04 27 14 16 | 04
#0005-d201 @A: 27 31 17 16 | 11
#0006-d201 @A: 30 27 22 29 | 03
#0007-d201 @A: 33 27 06 30 | 05
#0008-d201 @A: 35 27 23 06 | 01
#0009-d201 @A: 06 12 07 27 | 07
#0010-d201 @A: 32 06 27 17 | 06
#0011-d201 @A: 35 21 03 27 | 02
#0012-d201 @A: 01 27 33 08 | 09
#0013-d201 @A: 08 27 29 15 | 08
#0014-d201 @A: 27 29 34 12 | 12
#0015-d201 @A: 31 30 27 10 | 10
#0016-d201 @A: 27 30 26 23 | 04
#0017-d201 @A: 35 31 05 27 | 11
#0018-d201 @A: 16 35 02 06 | 03
#0019-d201 @A: 25 01 02 12 | 05
#0020-d201 @A: 15 25 02 32 | 01
#0021-d201 @A: 35 25 02 23 | 07
#0022-d201 @A: 02 11 06 22 | 06
#0023-d201 @A: 26 22 02 31 | 02
#0024-d201 @A: 01 19 02 26 | 09
#0025-d201 @A: 33 24 07 02 | 08
#0026-d201 @A: 24 12 26 02 | 12
#0027-d201 @A: 03 02 08 15 | 10
#0028-d201 @A: 08 28 29 02 | 04
#0029-d201 @A: 34 11 03 02 | 11
#0030-d201 @A: 05 02 34 17 | 03
#0031-d201 @A: 05 32 14 02 | 05
#0032-d201 @A: 14 07 02 12 | 01
#0033-d201 @A: 31 32 08 02 | 07
#0034-d201 @A: 02 09 13 19 | 06
#0035-d201 @A: 02 35 04 14 | 02
#0036-d201 @A: 28 12 16 22 | 09
#0037-d201 @A: 18 34 09 16 | 08
#0038-d201 @A: 15 21 34 16 | 12
#0039-d201 @A: 08 33 10 16 | 10
#0040-d201 @A: 03 16 07 33 | 04
#0041-d201 @A: 03 16 20 15 | 11
#0042-d201 @A: 17 03 16 29 | 03
#0043-d201 @A: 32 14 03 16 | 05
#0044-d201 @A: 17 04 16 05 | 01
#0045-d201 @A: 31 14 16 11 | 07
#0046-d201 @A: 25 11 22 18 | 06
#0047-d201 @A: 25 18 01 26 | 02
#0048-d201 @A: 25 15 17 06 | 09
#0049-d201 @A: 33 21 32 25 | 08
#0050-d201 @A: 17 25 21 03 | 12
#0051-d201 @A: 09 13 21 25 | 10
#0052-d201 @A: 10 12 24 25 | 04
#0053-d201 @A: 25 33 20 23 | 11
#0054-d201 @A: 23 09 25 15 | 03
#0055-d201 @A: 10 34 11 25 | 05
#0056-d201 @A: 13 25 32 14 | 01
#0057-d201 @A: 17 09 35 25 | 07
#0058-d201 @A: 17 07 08 25 | 06
#0059-d201 @A: 08 25 31 17 | 02
#0060-d201 @A: 13 22 21 18 | 09
#0061-d201 @A: 01 22 10 06 | 08
#0062-d201 @A: 06 04 13 22 | 12
#0063-d201 @A: 08 22 28 01 | 10
#0064-d201 @A: 15 13 33 22 | 04
#0065-d201 @A: 22 04 03 33 | 11
#0066-d201 @A: 10 34 22 15 | 03
#0067-d201 @A: 22 05 15 11 | 05
#0068-d201 @A: 35 22 10 29 | 01
#0069-d201 @A: 17 09 22 29 | 07
#0070-d201 @A: 03 22 23 08 | 06
#0071-d201 @A: 22 30 31 34 | 02
#0072-d201 @A: 34 13 22 05 | 09
#0073-d201 @A: 35 22 32 28 | 08
#0074-d201 @A: 22 35 05 30 | 12
#0075-d201 @A: 13 30 07 22 | 10
#0076-d201 @A: 32 22 14 20 | 04
#0077-d201 @A: 22 04 32 17 | 11
#0078-d201 @A: 22 13 08 19 | 03
#0079-d201 @A: 22 35 08 14 | 05
#0080-d201 @A: 18 14 35 06 | 01
#0081-d201 @A: 18 32 28 21 | 07
#0082-d201 @A: 09 18 03 01 | 06
#0083-d201 @A: 23 18 33 26 | 02
#0084-d201 @A: 20 33 07 18 | 09
#0085-d201 @A: 23 15 18 07 | 08
#0086-d201 @A: 11 29 18 03 | 12
#0087-d201 @A: 11 20 30 18 | 10
#0088-d201 @A: 18 08 05 17 | 04
#0089-d201 @A: 07 18 14 31 | 11
#0090-d201 @A: 29 06 11 21 | 03
#0091-d201 @A: 06 03 01 30 | 05
#0092-d201 @A: 06 29 24 31 | 01
#0093-d201 @A: 29 06 32 33 | 07
#0094-d201 @A: 06 10 33 20 | 06
#0095-d201 @A: 06 05 17 33 | 02
#0096-d201 @A: 13 06 28 03 | 09
#0097-d201 @A: 06 13 35 12 | 08
#0098-d201 @A: 31 06 17 04 | 12
#0099-d201 @A: 17 08 19 06 | 10
#0100-d201 @A: 21 04 15 01 | 04
#0101-d201 @A: 21 10 01 30 | 11
#0102-d201 @A: 32 23 15 21 | 03
#0103-d201 @A: 21 19 15 30 | 05
#0104-d201 @A: 07 03 21 34 | 01
#0105-d201 @A: 21 23 03 09 | 07
#0106-d201 @A: 12 23 34 21 | 06
#0107-d201 @A: 21 19 28 31 | 02
#0108-d201 @A: 21 20 35 14 | 09
#0109-d201 @A: 21 05 11 13 | 08
#0110-d201 @A: 21 13 26 32 | 12
#0111-d201 @A: 14 09 19 21 | 10
#0112-d201 @A: 19 24 01 29 | 04
#0113-d201 @A: 01 19 20 04 | 11
#0114-d201 @A: 01 07 17 14 | 03
#0115-d201 @A: 28 15 24 30 | 05
#0116-d201 @A: 23 24 04 29 | 01
#0117-d201 @A: 24 14 05 08 | 07
#0118-d201 @A: 33 31 03 34 | 06
#0119-d201 @A: 30 15 26 14 | 02
#0120-d201 @A: 32 12 15 13 | 09
#0121-d201 @A: 14 17 15 04 | 08
#0122-d201 @A: 10 07 26 29 | 12
#0123-d201 @A: 19 10 17 03 | 10
#0124-d201 @A: 19 10 28 05 | 04
#0125-d201 @A: 05 12 10 07 | 11
#0126-d201 @A: 12 26 09 10 | 03
#0127-d201 @A: 26 13 17 10 | 05
#0128-d201 @A: 11 03 30 19 | 01
#0129-d201 @A: 03 05 17 07 | 07
#0130-d201 @A: 14 03 05 31 | 06
#0131-d201 @A: 04 35 03 07 | 02
#0132-d201 @A: 03 26 13 19 | 09
#0133-d201 @A: 14 17 08 03 | 08
#0134-d201 @A: 20 30 13 34 | 12
#0135-d201 @A: 09 31 34 05 | 10
#0136-d201 @A: 08 32 34 17 | 04
#0137-d201 @A: 34 31 32 26 | 11
#0138-d201 @A: 34 13 09 11 | 03
#0139-d201 @A: 35 34 11 17 | 05
#0140-d201 @A: 08 07 34 04 | 01
#0141-d201 @A: 20 08 12 23 | 07
#0142-d201 @A: 20 23 35 07 | 06
#0143-d201 @A: 23 32 19 31 | 02
#0144-d201 @A: 11 28 35 07 | 09
#0145-d201 @A: 05 17 31 19 | 08
#0146-d201 @A: 32 04 09 31 | 12
#0147-d201 @A: 21 02 27 04 | 10
#0148-d201 @A: 02 27 30 34 | 04
#0149-d201 @A: 18 16 27 12 | 11
#0150-d201 @A: 05 25 27 21 | 03
#0151-d201 @A: 27 24 25 26 | 05
#0152-d201 @A: 27 25 10 30 | 01
#0153-d201 @A: 25 31 27 13 | 07
#0154-d201 @A: 18 22 09 27 | 06
#0155-d201 @A: 27 24 35 22 | 02
#0156-d201 @A: 22 27 28 14 | 09
#0157-d201 @A: 30 18 27 15 | 08
#0158-d201 @A: 09 24 28 27 | 12
#0159-d201 @A: 23 27 33 12 | 10
#0160-d201 @A: 35 15 27 10 | 04
#0161-d201 @A: 03 15 19 27 | 11
#0162-d201 @A: 27 15 32 09 | 03
#0163-d201 @A: 10 27 09 29 | 05
#0164-d201 @A: 28 17 27 29 | 01
#0165-d201 @A: 27 17 34 09 | 07
#0166-d201 @A: 30 05 27 12 | 06
#0167-d201 @A: 13 05 27 17 | 02
#0168-d201 @A: 27 12 32 08 | 09
#0169-d201 @A: 12 09 04 27 | 08
#0170-d201 @A: 12 07 31 27 | 12
#0171-d201 @A: 18 02 25 29 | 10
#0172-d201 @A: 15 02 22 12 | 04
#0173-d201 @A: 02 24 03 18 | 11
#0174-d201 @A: 32 08 21 02 | 03
#0175-d201 @A: 17 01 10 02 | 05
#0176-d201 @A: 02 30 01 28 | 01
#0177-d201 @A: 12 33 02 13 | 07
#0178-d201 @A: 09 02 15 10 | 06
#0179-d201 @A: 29 02 12 03 | 02
#0180-d201 @A: 17 02 20 04 | 09
#0181-d201 @A: 17 14 19 02 | 08
#0182-d201 @A: 16 30 17 22 | 12
#0183-d201 @A: 18 16 33 14 | 10
#0184-d201 @A: 32 18 08 16 | 04
#0185-d201 @A: 12 15 06 16 | 11
#0186-d201 @A: 06 07 16 29 | 03
#0187-d201 @A: 29 05 21 16 | 05
#0188-d201 @A: 21 28 13 16 | 01
#0189-d201 @A: 16 01 24 09 | 07
#0190-d201 @A: 13 03 16 01 | 06
#0191-d201 @A: 03 31 01 16 | 02
#0192-d201 @A: 34 01 16 07 | 09
#0193-d201 @A: 24 16 17 20 | 08
#0194-d201 @A: 15 10 17 16 | 12
#0195-d201 @A: 04 30 10 16 | 10
#0196-d201 @A: 08 16 03 34 | 04
#0197-d201 @A: 35 23 16 34 | 11
#0198-d201 @A: 16 20 35 09 | 03
#0199-d201 @A: 16 12 35 04 | 05
#0200-d201 @A: 13 16 11 04 | 01
#0201-d201 @A: 25 20 04 22 | 07
#0202-d201 @A: 32 18 25 31 | 06
#0203-d201 @A: 06 28 25 35 | 02
#0204-d201 @A: 14 23 25 21 | 09
#0205-d201 @A: 34 05 25 01 | 08
#0206-d201 @A: 25 05 24 28 | 12
#0207-d201 @A: 13 19 24 25 | 10
#0208-d201 @A: 11 19 33 25 | 04
#0209-d201 @A: 25 05 15 29 | 11
#0210-d201 @A: 03 07 25 30 | 03
#0211-d201 @A: 32 25 28 12 | 05
#0212-d201 @A: 25 17 20 30 | 01
#0213-d201 @A: 04 09 30 25 | 07
#0214-d201 @A: 25 31 20 12 | 06
#0215-d201 @A: 09 12 11 25 | 02
#0216-d201 @A: 35 12 19 25 | 09
#0217-d201 @A: 14 08 25 04 | 08
#0218-d201 @A: 17 26 25 14 | 12
#0219-d201 @A: 22 23 06 19 | 10
#0220-d201 @A: 13 22 01 29 | 04
#0221-d201 @A: 17 22 34 33 | 11
#0222-d201 @A: 18 23 21 30 | 03
#0223-d201 @A: 24 18 33 32 | 05
#0224-d201 @A: 03 18 04 34 | 01
#0225-d201 @A: 18 30 26 08 | 07
#0226-d201 @A: 19 20 05 18 | 06
#0227-d201 @A: 31 09 08 18 | 02
#0228-d201 @A: 18 19 26 04 | 09
#0229-d201 @A: 26 17 35 18 | 08
#0230-d201 @A: 01 06 08 29 | 12
#0231-d201 @A: 29 06 10 30 | 10
#0232-d201 @A: 10 03 06 05 | 04
#0233-d201 @A: 03 26 35 06 | 11
#0234-d201 @A: 34 08 28 06 | 03
#0235-d201 @A: 09 28 06 11 | 05
#0236-d201 @A: 06 11 14 05 | 01
#0237-d201 @A: 04 17 06 11 | 07
#0238-d201 @A: 09 04 06 35 | 06
#0239-d201 @A: 24 09 12 21 | 02
#0240-d201 @A: 34 29 21 08 | 09
#0241-d201 @A: 23 17 21 10 | 08
#0242-d201 @A: 21 13 31 03 | 12
#0243-d201 @A: 33 15 14 01 | 10
#0244-d201 @A: 01 33 04 23 | 04
#0245-d201 @A: 33 12 01 35 | 11
#0246-d201 @A: 33 31 14 01 | 03
#0247-d201 @A: 01 26 05 15 | 05
#0248-d201 @A: 17 01 29 26 | 01
#0249-d201 @A: 31 01 10 23 | 07
#0250-d201 @A: 08 01 10 12 | 06
#0251-d201 @A: 13 01 23 11 | 02
#0252-d201 @A: 17 01 13 19 | 09
#0253-d201 @A: 26 33 15 24 | 08
#0254-d201 @A: 17 23 33 24 | 12
#0255-d201 @A: 33 31 24 23 | 10
#0256-d201 @A: 19 20 33 24 | 04
#0257-d201 @A: 30 07 26 24 | 11
#0258-d201 @A: 07 05 33 14 | 03
#0259-d201 @A: 35 07 09 33 | 05
#0260-d201 @A: 04 07 26 33 | 01
#0261-d201 @A: 33 13 31 35 | 07
#0262-d201 @A: 26 28 29 15 | 06
#0263-d201 @A: 34 35 07 15 | 02
#0264-d201 @A: 05 31 23 15 | 09
#0265-d201 @A: 20 15 31 32 | 08
#0266-d201 @A: 04 15 35 20 | 12
#0267-d201 @A: 29 34 13 23 | 10
#0268-d201 @A: 30 32 29 17 | 04
#0269-d201 @A: 29 11 30 07 | 11
#0270-d201 @A: 30 09 19 29 | 03
#0271-d201 @A: 10 35 20 12 | 05
#0272-d201 @A: 05 35 17 10 | 01
#0273-d201 @A: 32 04 35 10 | 07
#0274-d201 @A: 10 11 31 35 | 06
#0275-d201 @A: 26 04 30 03 | 02
#0276-d201 @A: 14 12 03 26 | 09
#0277-d201 @A: 32 13 09 03 | 08
#0278-d201 @A: 32 35 03 17 | 12
#0279-d201 @A: 30 09 32 34 | 10
#0280-d201 @A: 34 05 08 20 | 04
#0281-d201 @A: 23 30 11 35 | 11
#0282-d201 @A: 19 14 23 11 | 03
#0283-d201 @A: 05 30 28 11 | 05
#0284-d201 @A: 31 12 28 26 | 01
#0285-d201 @A: 32 28 19 11 | 07
#0286-d201 @A: 30 16 27 03 | 06
#0287-d201 @A: 01 27 17 25 | 02
#0288-d201 @A: 03 22 06 27 | 09
#0289-d201 @A: 22 15 27 07 | 08
#0290-d201 @A: 24 30 21 27 | 12
#0291-d201 @A: 10 27 21 20 | 10
#0292-d201 @A: 27 08 21 23 | 04
#0293-d201 @A: 11 27 21 19 | 11
#0294-d201 @A: 24 27 01 11 | 03
#0295-d201 @A: 15 34 27 01 | 05
#0296-d201 @A: 01 27 32 04 | 01
#0297-d201 @A: 29 27 24 05 | 07
#0298-d201 @A: 33 04 27 19 | 06
#0299-d201 @A: 10 08 27 34 | 02
#0300-d201 @A: 27 20 30 28 | 09
#0301-d201 @A: 09 13 27 08 | 08
#0302-d201 @A: 19 02 25 03 | 12
#0303-d201 @A: 18 02 08 33 | 10
#0304-d201 @A: 10 30 02 18 | 04
#0305-d201 @A: 31 02 23 18 | 11
#0306-d201 @A: 02 05 28 18 | 03
#0307-d201 @A: 07 18 02 17 | 05
#0308-d201 @A: 02 06 30 31 | 01
#0309-d201 @A: 28 11 02 21 | 07
#0310-d201 @A: 01 29 02 11 | 06
#0311-d201 @A: 02 08 01 07 | 02
#0312-d201 @A: 24 19 31 02 | 09
#0313-d201 @A: 33 26 02 10 | 08
#0314-d201 @A: 23 29 02 07 | 12
#0315-d201 @A: 31 29 04 02 | 10
#0316-d201 @A: 05 02 13 03 | 04
#0317-d201 @A: 31 34 02 13 | 11
#0318-d201 @A: 30 05 07 02 | 03
#0319-d201 @A: 20 02 35 19 | 05
#0320-d201 @A: 02 26 17 09 | 01
#0321-d201 @A: 31 24 16 25 | 07
#0322-d201 @A: 25 16 05 12 | 06
#0323-d201 @A: 24 22 29 16 | 02
#0324-d201 @A: 16 01 32 23 | 09
#0325-d201 @A: 29 30 16 08 | 08
#0326-d201 @A: 32 13 16 10 | 12
#0327-d201 @A: 07 05 16 28 | 10
#0328-d201 @A: 30 05 13 16 | 04
#0329-d201 @A: 20 13 16 12 | 11
#0330-d201 @A: 09 16 32 19 | 03
#0331-d201 @A: 35 16 26 07 | 05
#0332-d201 @A: 07 22 25 01 | 01
#0333-d201 @A: 21 35 18 25 | 07
#0334-d201 @A: 26 06 33 25 | 06
#0335-d201 @A: 12 25 21 29 | 02
#0336-d201 @A: 30 01 25 24 | 09
#0337-d201 @A: 35 33 25 10 | 08
#0338-d201 @A: 25 08 33 03 | 12
#0339-d201 @A: 15 25 28 19 | 10
#0340-d201 @A: 25 08 13 29 | 04
#0341-d201 @A: 30 32 25 08 | 11
#0342-d201 @A: 14 20 12 25 | 03
#0343-d201 @A: 05 25 04 35 | 05
#0344-d201 @A: 25 12 07 04 | 01
#0345-d201 @A: 04 10 22 21 | 07
#0346-d201 @A: 19 22 01 31 | 06
#0347-d201 @A: 03 28 22 26 | 02
#0348-d201 @A: 03 09 30 22 | 09
#0349-d201 @A: 34 22 23 09 | 08
#0350-d201 @A: 22 23 12 32 | 12
#0351-d201 @A: 23 04 22 31 | 10
#0352-d201 @A: 32 22 28 31 | 04
#0353-d201 @A: 22 30 19 20 | 11
#0354-d201 @A: 22 07 09 14 | 03
#0355-d201 @A: 31 22 14 13 | 05
#0356-d201 @A: 20 18 21 06 | 01
#0357-d201 @A: 18 06 15 33 | 07
#0358-d201 @A: 18 23 35 01 | 06
#0359-d201 @A: 18 20 29 28 | 02
#0360-d201 @A: 34 18 10 35 | 09
#0361-d201 @A: 18 04 03 31 | 08
#0362-d201 @A: 11 31 28 18 | 12
#0363-d201 @A: 30 31 18 13 | 10
#0364-d201 @A: 21 15 35 06 | 04
#0365-d201 @A: 06 09 08 33 | 11
#0366-d201 @A: 30 15 06 05 | 03
#0367-d201 @A: 12 06 10 14 | 05
#0368-d201 @A: 12 11 06 30 | 01
#0369-d201 @A: 06 35 30 19 | 07
#0370-d201 @A: 07 20 04 06 | 06
#0371-d201 @A: 15 12 33 21 | 02
#0372-d201 @A: 21 28 20 33 | 09
#0373-d201 @A: 15 05 10 21 | 08
#0374-d201 @A: 26 05 03 21 | 12
#0375-d201 @A: 32 11 03 21 | 10
#0376-d201 @A: 32 21 35 19 | 04
#0377-d201 @A: 15 01 09 12 | 11
#0378-d201 @A: 10 11 01 03 | 03
#0379-d201 @A: 35 03 28 01 | 05
#0380-d201 @A: 01 19 05 14 | 01
#0381-d201 @A: 13 01 08 26 | 07
#0382-d201 @A: 34 24 11 33 | 06
#0383-d201 @A: 30 24 33 35 | 02
#0384-d201 @A: 11 24 10 28 | 09
#0385-d201 @A: 05 23 24 07 | 08
#0386-d201 @A: 05 30 24 20 | 12
#0387-d201 @A: 35 11 05 24 | 10
#0388-d201 @A: 13 09 24 05 | 04
#0389-d201 @A: 14 09 32 24 | 11
#0390-d201 @A: 08 24 07 09 | 03
#0391-d201 @A: 29 20 15 33 | 05
#0392-d201 @A: 05 33 23 15 | 01
#0393-d201 @A: 13 33 07 29 | 07
#0394-d201 @A: 08 33 23 14 | 06
#0395-d201 @A: 08 28 26 33 | 02
#0396-d201 @A: 05 33 04 30 | 09
#0397-d201 @A: 33 09 20 11 | 08
#0398-d201 @A: 04 32 09 33 | 12
#0399-d201 @A: 33 32 35 14 | 10
#0400-d201 @A: 31 19 33 26 | 04
#0401-d201 @A: 10 29 14 15 | 11
#0402-d201 @A: 15 30 10 12 | 03
#0403-d201 @A: 15 04 07 11 | 05
#0404-d201 @A: 08 15 04 31 | 01
#0405-d201 @A: 15 13 26 35 | 07
#0406-d201 @A: 14 04 20 29 | 06
#0407-d201 @A: 14 29 12 19 | 02
#0408-d201 @A: 35 29 11 26 | 09
#0409-d201 @A: 32 34 28 10 | 08
#0410-d201 @A: 20 31 26 03 | 12
#0411-d201 @A: 12 34 26 32 | 10
#0412-d201 @A: 04 32 34 13 | 04
#0413-d201 @A: 08 09 34 14 | 11
#0414-d201 @A: 31 34 08 07 | 03
#0415-d201 @A: 11 26 23 28 | 05
#0416-d201 @A: 20 30 31 23 | 01
#0417-d201 @A: 32 20 28 17 | 07
#0418-d201 @A: 26 09 28 19 | 06
#0419-d201 @A: 07 14 28 19 | 02
#0420-d201 @A: 31 19 08 20 | 09
#0421-d201 @A: 13 31 12 04 | 08
#0422-d201 @A: 32 14 35 31 | 12
#0423-d201 @A: 19 27 02 22 | 10
#0424-d201 @A: 27 24 02 13 | 04
#0425-d201 @A: 08 05 27 02 | 11
#0426-d201 @A: 16 27 20 25 | 03
#0427-d201 @A: 34 25 35 27 | 05
#0428-d201 @A: 01 27 22 26 | 01
#0429-d201 @A: 33 22 27 20 | 07
#0430-d201 @A: 34 27 32 22 | 06
#0431-d201 @A: 27 31 18 19 | 02
#0432-d201 @A: 29 01 20 27 | 09
#0433-d201 @A: 24 17 27 10 | 08
#0434-d201 @A: 27 24 34 07 | 12
#0435-d201 @A: 26 27 33 34 | 10
#0436-d201 @A: 23 20 15 27 | 04
#0437-d201 @A: 10 27 03 26 | 11
#0438-d201 @A: 23 03 27 32 | 03
#0439-d201 @A: 04 07 27 30 | 05
#0440-d201 @A: 20 05 07 27 | 01
#0441-d201 @A: 32 14 26 27 | 07
#0442-d201 @A: 27 07 09 26 | 06
#0443-d201 @A: 14 27 35 17 | 02
#0444-d201 @A: 32 29 02 16 | 09
#0445-d201 @A: 09 16 02 03 | 08
#0446-d201 @A: 31 02 07 16 | 12
#0447-d201 @A: 30 21 22 02 | 10
#0448-d201 @A: 01 35 22 02 | 04
#0449-d201 @A: 02 22 26 29 | 11
#0450-d201 @A: 02 19 18 23 | 03
#0451-d201 @A: 17 06 03 02 | 05
#0452-d201 @A: 01 02 21 09 | 01
#0453-d201 @A: 33 29 02 04 | 07
#0454-d201 @A: 30 29 02 15 | 06
#0455-d201 @A: 29 02 09 34 | 02
#0456-d201 @A: 10 02 28 12 | 09
#0457-d201 @A: 17 02 12 30 | 08
#0458-d201 @A: 14 11 26 02 | 12
#0459-d201 @A: 16 25 32 34 | 10
#0460-d201 @A: 09 16 26 25 | 04
#0461-d201 @A: 34 19 16 22 | 11
#0462-d201 @A: 16 33 06 11 | 03
#0463-d201 @A: 06 16 30 34 | 05
#0464-d201 @A: 07 21 24 16 | 01
#0465-d201 @A: 01 16 10 35 | 07
#0466-d201 @A: 24 16 26 34 | 06
#0467-d201 @A: 16 12 14 30 | 02
#0468-d201 @A: 13 16 08 31 | 09
#0469-d201 @A: 22 32 25 29 | 08
#0470-d201 @A: 23 25 18 04 | 12
#0471-d201 @A: 25 29 06 04 | 10
#0472-d201 @A: 15 21 25 07 | 04
#0473-d201 @A: 11 25 01 15 | 11
#0474-d201 @A: 01 23 25 08 | 03
#0475-d201 @A: 25 08 15 10 | 05
#0476-d201 @A: 13 25 28 34 | 01
#0477-d201 @A: 05 08 25 09 | 07
#0478-d201 @A: 26 25 19 32 | 06
#0479-d201 @A: 25 13 26 07 | 02
#0480-d201 @A: 18 17 22 10 | 09
#0481-d201 @A: 22 12 29 06 | 08
#0482-d201 @A: 01 15 30 22 | 12
#0483-d201 @A: 24 31 10 22 | 10
#0484-d201 @A: 24 28 23 22 | 04
#0485-d201 @A: 26 24 13 22 | 11
#0486-d201 @A: 29 19 22 33 | 03
#0487-d201 @A: 32 26 30 22 | 05
#0488-d201 @A: 22 04 07 05 | 01
#0489-d201 @A: 13 22 12 14 | 07
#0490-d201 @A: 08 32 22 09 | 06
#0491-d201 @A: 26 07 22 11 | 02
#0492-d201 @A: 08 06 03 18 | 09
#0493-d201 @A: 17 01 18 20 | 08
#0494-d201 @A: 01 18 31 17 | 12
#0495-d201 @A: 24 09 18 15 | 10
#0496-d201 @A: 10 18 04 24 | 04
#0497-d201 @A: 28 04 15 18 | 11
#0498-d201 @A: 17 32 15 18 | 03
#0499-d201 @A: 34 12 07 18 | 05
#0500-d201 @A: 23 11 09 18 | 01
#0501-d201 @A: 09 18 05 30 | 07
#0502-d201 @A: 30 35 07 18 | 06
#0503-d201 @A: 32 18 13 20 | 02
#0504-d201 @A: 18 05 11 07 | 09
#0505-d201 @A: 18 17 13 12 | 08
#0506-d201 @A: 18 11 35 04 | 12
#0507-d201 @A: 17 18 19 11 | 10
#0508-d201 @A: 21 06 33 07 | 04
#0509-d201 @A: 07 01 06 28 | 11
#0510-d201 @A: 35 24 06 10 | 03
#0511-d201 @A: 23 33 28 06 | 05
#0512-d201 @A: 15 09 06 34 | 01
#0513-d201 @A: 35 06 05 20 | 07
#0514-d201 @A: 17 06 20 13 | 06
#0515-d201 @A: 23 21 19 33 | 02
#0516-d201 @A: 20 29 21 13 | 09
#0517-d201 @A: 29 04 21 35 | 08
#0518-d201 @A: 35 21 30 13 | 12
#0519-d201 @A: 21 20 12 11 | 10
#0520-d201 @A: 21 32 04 12 | 04
#0521-d201 @A: 17 07 35 21 | 11
#0522-d201 @A: 03 01 24 05 | 03
#0523-d201 @A: 29 04 01 10 | 05
#0524-d201 @A: 01 10 07 23 | 01
#0525-d201 @A: 01 05 17 30 | 07
#0526-d201 @A: 01 19 30 12 | 06
#0527-d201 @A: 07 04 13 01 | 02
#0528-d201 @A: 29 33 24 08 | 09
#0529-d201 @A: 23 24 35 15 | 08
#0530-d201 @A: 29 03 35 24 | 12
#0531-d201 @A: 03 24 28 14 | 10
#0532-d201 @A: 12 24 04 13 | 04
#0533-d201 @A: 19 17 32 24 | 11
#0534-d201 @A: 08 04 26 24 | 03
#0535-d201 @A: 09 29 03 33 | 05
#0536-d201 @A: 29 12 28 33 | 01
#0537-d201 @A: 33 29 09 31 | 07
#0538-d201 @A: 08 33 11 13 | 06
#0539-d201 @A: 29 15 12 23 | 02
#0540-d201 @A: 14 12 15 05 | 09
#0541-d201 @A: 31 11 15 13 | 08
#0542-d201 @A: 28 29 13 10 | 12
#0543-d201 @A: 04 29 03 28 | 10
#0544-d201 @A: 29 31 34 28 | 04
#0545-d201 @A: 35 29 20 30 | 11
#0546-d201 @A: 29 05 04 12 | 03
#0547-d201 @A: 29 05 13 32 | 05
#0548-d201 @A: 29 35 14 13 | 01
#0549-d201 @A: 23 20 34 10 | 07
#0550-d201 @A: 11 10 17 30 | 06
#0551-d201 @A: 17 20 14 10 | 02
#0552-d201 @A: 08 19 10 14 | 09
#0553-d201 @A: 20 03 30 12 | 08
#0554-d201 @A: 03 30 13 17 | 12
#0555-d201 @A: 30 31 03 35 | 10
#0556-d201 @A: 12 05 32 03 | 04
#0557-d201 @A: 19 04 12 03 | 11
#0558-d201 @A: 12 35 08 03 | 03
#0559-d201 @A: 20 35 32 34 | 05
#0560-d201 @A: 34 13 26 14 | 01
#0561-d201 @A: 28 23 07 32 | 07
#0562-d201 @A: 08 35 23 17 | 06
#0563-d201 @A: 30 28 35 17 | 02
#0564-d201 @A: 08 28 17 11 | 09
#0565-d201 @A: 28 14 09 04 | 08
#0566-d201 @A: 17 30 31 07 | 12
#0567-d201 @A: 31 05 12 08 | 10
#0568-d201 @A: 16 27 01 19 | 04
#0569-d201 @A: 16 29 27 33 | 11
#0570-d201 @A: 25 14 33 27 | 03
#0571-d201 @A: 34 27 06 18 | 05
#0572-d201 @A: 20 27 18 24 | 01
#0573-d201 @A: 18 29 04 27 | 07
#0574-d201 @A: 27 08 35 18 | 06
#0575-d201 @A: 27 10 11 06 | 02
#0576-d201 @A: 15 26 21 27 | 09
#0577-d201 @A: 04 01 27 31 | 08
#0578-d201 @A: 23 29 27 11 | 12
#0579-d201 @A: 04 27 28 10 | 10
#0580-d201 @A: 05 27 34 28 | 04
#0581-d201 @A: 27 17 12 20 | 11
#0582-d201 @A: 26 27 19 05 | 03
#0583-d201 @A: 27 26 08 11 | 05
#0584-d201 @A: 27 04 13 35 | 01
#0585-d201 @A: 16 22 02 20 | 07
#0586-d201 @A: 04 02 24 16 | 06
#0587-d201 @A: 11 25 02 31 | 02
#0588-d201 @A: 29 06 05 02 | 09
#0589-d201 @A: 06 14 02 31 | 08
#0590-d201 @A: 32 01 02 24 | 12
#0591-d201 @A: 08 24 02 17 | 10
#0592-d201 @A: 28 32 03 02 | 04
#0593-d201 @A: 34 19 02 07 | 11
#0594-d201 @A: 02 32 19 30 | 03
#0595-d201 @A: 30 26 02 13 | 05
#0596-d201 @A: 16 15 13 25 | 01
#0597-d201 @A: 01 16 22 11 | 07
#0598-d201 @A: 06 05 16 18 | 06
#0599-d201 @A: 26 16 18 03 | 02
#0600-d201 @A: 13 16 06 24 | 09
#0601-d201 @A: 13 33 16 23 | 08
#0602-d201 @A: 15 16 19 31 | 12
#0603-d201 @A: 16 23 20 29 | 10
#0604-d201 @A: 32 16 31 29 | 04
#0605-d201 @A: 16 11 20 19 | 11
#0606-d201 @A: 12 11 26 16 | 03
#0607-d201 @A: 07 17 16 11 | 05
#0608-d201 @A: 19 08 04 16 | 01
#0609-d201 @A: 16 04 31 26 | 07
#0610-d201 @A: 25 34 26 22 | 06
#0611-d201 @A: 18 30 25 19 | 02
#0612-d201 @A: 11 06 24 25 | 09
#0613-d201 @A: 06 10 25 32 | 08
#0614-d201 @A: 25 20 34 06 | 12
#0615-d201 @A: 10 01 13 25 | 10
#0616-d201 @A: 04 34 24 25 | 04
#0617-d201 @A: 25 03 26 15 | 11
#0618-d201 @A: 29 23 25 26 | 03
#0619-d201 @A: 34 23 25 19 | 05
#0620-d201 @A: 06 22 26 18 | 01
#0621-d201 @A: 09 21 22 06 | 07
#0622-d201 @A: 23 35 22 21 | 06
#0623-d201 @A: 21 12 22 31 | 02
#0624-d201 @A: 01 23 22 17 | 09
#0625-d201 @A: 11 24 22 30 | 08
#0626-d201 @A: 26 22 23 15 | 12
#0627-d201 @A: 08 22 05 29 | 10
#0628-d201 @A: 04 22 34 28 | 04
#0629-d201 @A: 17 11 22 20 | 11
#0630-d201 @A: 04 22 31 20 | 03
#0631-d201 @A: 19 22 35 04 | 05
#0632-d201 @A: 06 28 17 18 | 01
#0633-d201 @A: 05 18 01 21 | 07
#0634-d201 @A: 01 29 30 18 | 06
#0635-d201 @A: 31 20 24 18 | 02
#0636-d201 @A: 18 33 28 09 | 09
#0637-d201 @A: 18 34 15 14 | 08
#0638-d201 @A: 18 05 15 35 | 12
#0639-d201 @A: 18 10 29 32 | 10
#0640-d201 @A: 18 19 29 34 | 04
#0641-d201 @A: 23 18 10 12 | 11
#0642-d201 @A: 18 07 03 28 | 03
#0643-d201 @A: 13 14 18 30 | 05
#0644-d201 @A: 08 18 07 13 | 01
#0645-d201 @A: 33 03 06 14 | 07
#0646-d201 @A: 08 07 06 35 | 06
#0647-d201 @A: 01 26 21 23 | 02
#0648-d201 @A: 24 14 31 21 | 09
#0649-d201 @A: 10 21 35 28 | 08
#0650-d201 @A: 34 31 20 21 | 12
#0651-d201 @A: 09 34 21 05 | 10
#0652-d201 @A: 17 13 08 21 | 04
#0653-d201 @A: 29 01 15 35 | 11
#0654-d201 @A: 05 01 29 28 | 03
#0655-d201 @A: 19 34 01 10 | 05
#0656-d201 @A: 28 01 10 09 | 01
#0657-d201 @A: 01 23 03 20 | 07
#0658-d201 @A: 20 30 01 26 | 06
#0659-d201 @A: 30 32 01 07 | 02
#0660-d201 @A: 35 01 04 30 | 09
#0661-d201 @A: 08 14 20 01 | 08
#0662-d201 @A: 24 32 15 10 | 12
#0663-d201 @A: 17 24 31 28 | 10
#0664-d201 @A: 24 12 05 19 | 04
#0665-d201 @A: 07 15 33 30 | 11
#0666-d201 @A: 33 05 20 03 | 03
#0667-d201 @A: 33 20 31 07 | 05
#0668-d201 @A: 31 33 11 32 | 01
#0669-d201 @A: 19 26 33 35 | 07
#0670-d201 @A: 03 15 09 35 | 06
#0671-d201 @A: 12 15 34 28 | 02
#0672-d201 @A: 04 08 12 15 | 09
#0673-d201 @A: 14 11 15 09 | 08
#0674-d201 @A: 07 08 29 03 | 12
#0675-d201 @A: 29 19 35 28 | 10
#0676-d201 @A: 29 05 19 17 | 04
#0677-d201 @A: 12 07 32 29 | 11
#0678-d201 @A: 09 04 29 26 | 03
#0679-d201 @A: 35 29 08 09 | 05
#0680-d201 @A: 03 34 30 10 | 01
#0681-d201 @A: 13 34 07 10 | 07
#0682-d201 @A: 23 35 10 19 | 06
#0683-d201 @A: 10 30 05 26 | 02
#0684-d201 @A: 17 32 10 07 | 09
#0685-d201 @A: 07 11 09 10 | 08
#0686-d201 @A: 31 03 19 12 | 12
#0687-d201 @A: 08 13 04 03 | 10
#0688-d201 @A: 34 11 23 31 | 04
#0689-d201 @A: 34 14 07 30 | 11
#0690-d201 @A: 12 30 23 09 | 03
#0691-d201 @A: 23 26 14 07 | 05
#0692-d201 @A: 04 12 28 30 | 01
#0693-d201 @A: 08 30 19 28 | 07
#0694-d201 @A: 20 28 08 35 | 06
#0695-d201 @A: 14 28 05 17 | 02
#0696-d201 @A: 13 28 17 09 | 09
#0697-d201 @A: 28 31 04 14 | 08
#0698-d201 @A: 12 31 30 14 | 12
#0699-d201 @A: 11 31 07 04 | 10
#0700-d201 @A: 27 02 20 06 | 04
#0701-d201 @A: 23 02 17 27 | 11
#0702-d201 @A: 24 16 32 27 | 03
#0703-d201 @A: 07 23 27 25 | 05
#0704-d201 @A: 13 27 23 18 | 01
#0705-d201 @A: 14 05 18 27 | 07
#0706-d201 @A: 15 06 31 27 | 06
#0707-d201 @A: 29 27 32 21 | 02
#0708-d201 @A: 13 21 27 34 | 09
#0709-d201 @A: 32 21 27 31 | 08
#0710-d201 @A: 31 27 24 12 | 12
#0711-d201 @A: 33 27 17 07 | 10
#0712-d201 @A: 28 15 13 27 | 04
#0713-d201 @A: 03 29 27 13 | 11
#0714-d201 @A: 03 09 05 27 | 03
#0715-d201 @A: 07 27 13 32 | 05
#0716-d201 @A: 08 07 19 27 | 01
#0717-d201 @A: 16 02 01 05 | 07
#0718-d201 @A: 14 34 16 02 | 06
#0719-d201 @A: 07 22 02 03 | 02
#0720-d201 @A: 28 02 22 13 | 09
#0721-d201 @A: 26 18 02 21 | 08
#0722-d201 @A: 06 28 04 02 | 12
#0723-d201 @A: 07 26 02 06 | 10
#0724-d201 @A: 24 29 14 02 | 04
#0725-d201 @A: 33 09 02 23 | 11
#0726-d201 @A: 31 05 33 02 | 03
#0727-d201 @A: 23 13 10 02 | 05
#0728-d201 @A: 03 23 26 02 | 01
#0729-d201 @A: 34 28 02 35 | 07
#0730-d201 @A: 04 12 02 34 | 06
#0731-d201 @A: 32 07 20 02 | 02
#0732-d201 @A: 02 09 35 05 | 09
#0733-d201 @A: 26 35 02 32 | 08
#0734-d201 @A: 08 13 02 14 | 12
#0735-d201 @A: 07 16 18 25 | 10
#0736-d201 @A: 04 21 25 16 | 04
#0737-d201 @A: 16 25 14 01 | 11
#0738-d201 @A: 16 03 22 05 | 03
#0739-d201 @A: 01 18 16 04 | 05
#0740-d201 @A: 18 24 11 16 | 01
#0741-d201 @A: 23 18 17 16 | 07
#0742-d201 @A: 16 20 01 06 | 06
#0743-d201 @A: 21 16 33 35 | 02
#0744-d201 @A: 20 16 21 08 | 09
#0745-d201 @A: 32 16 15 26 | 08
#0746-d201 @A: 09 29 16 28 | 12
#0747-d201 @A: 23 16 10 26 | 10
#0748-d201 @A: 12 03 16 23 | 04
#0749-d201 @A: 31 16 23 28 | 11
#0750-d201 @A: 30 07 20 16 | 03
#0751-d201 @A: 19 16 26 30 | 05
#0752-d201 @A: 09 16 08 12 | 01
#0753-d201 @A: 14 19 13 16 | 07
#0754-d201 @A: 03 25 22 31 | 06
#0755-d201 @A: 08 25 18 34 | 02
#0756-d201 @A: 06 09 03 25 | 09
#0757-d201 @A: 01 25 03 32 | 08
#0758-d201 @A: 07 31 25 10 | 12
#0759-d201 @A: 12 08 25 26 | 10
#0760-d201 @A: 17 13 25 11 | 04
#0761-d201 @A: 06 32 22 15 | 11
#0762-d201 @A: 20 05 22 01 | 03
#0763-d201 @A: 07 22 24 32 | 05
#0764-d201 @A: 22 28 05 33 | 01
#0765-d201 @A: 19 15 09 22 | 07
#0766-d201 @A: 10 08 22 11 | 06
#0767-d201 @A: 03 22 11 14 | 02
#0768-d201 @A: 20 22 12 09 | 09
#0769-d201 @A: 08 20 07 22 | 08
#0770-d201 @A: 26 22 35 20 | 12
#0771-d201 @A: 22 17 12 05 | 10
#0772-d201 @A: 31 35 07 22 | 04
#0773-d201 @A: 33 31 12 18 | 11
#0774-d201 @A: 18 29 17 14 | 03
#0775-d201 @A: 18 03 13 10 | 05
#0776-d201 @A: 10 34 31 18 | 01
#0777-d201 @A: 05 18 32 34 | 07
#0778-d201 @A: 12 32 11 18 | 06
#0779-d201 @A: 07 26 32 18 | 02
#0780-d201 @A: 14 19 18 32 | 09
#0781-d201 @A: 19 18 09 07 | 08
#0782-d201 @A: 07 04 18 14 | 12
#0783-d201 @A: 06 24 21 17 | 10
#0784-d201 @A: 01 06 24 14 | 04
#0785-d201 @A: 06 28 12 24 | 11
#0786-d201 @A: 04 26 06 15 | 03
#0787-d201 @A: 28 26 06 10 | 05
#0788-d201 @A: 06 20 23 09 | 01
#0789-d201 @A: 07 31 23 06 | 07
#0790-d201 @A: 06 20 30 14 | 06
#0791-d201 @A: 11 06 31 12 | 02
#0792-d201 @A: 19 06 07 11 | 09
#0793-d201 @A: 06 19 04 14 | 08
#0794-d201 @A: 14 06 26 08 | 12
#0795-d201 @A: 26 29 21 33 | 10
#0796-d201 @A: 21 03 14 15 | 04
#0797-d201 @A: 21 23 29 28 | 11
#0798-d201 @A: 21 31 19 10 | 03
#0799-d201 @A: 14 28 34 21 | 05
#0800-d201 @A: 20 21 19 34 | 01
#0801-d201 @A: 19 21 17 12 | 07
#0802-d201 @A: 26 11 21 04 | 06
#0803-d201 @A: 21 35 08 11 | 02
#0804-d201 @A: 09 21 08 04 | 09
#0805-d201 @A: 17 15 24 01 | 08
#0806-d201 @A: 24 01 08 34 | 12
#0807-d201 @A: 19 01 07 33 | 10
#0808-d201 @A: 15 32 28 01 | 04
#0809-d201 @A: 14 01 03 29 | 11
#0810-d201 @A: 01 11 28 34 | 03
#0811-d201 @A: 28 14 13 01 | 05
#0812-d201 @A: 01 28 07 31 | 01
#0813-d201 @A: 01 26 09 11 | 07
#0814-d201 @A: 08 01 17 04 | 06
#0815-d201 @A: 33 28 13 24 | 02
#0816-d201 @A: 10 14 24 30 | 09
#0817-d201 @A: 24 26 20 10 | 08
#0818-d201 @A: 34 28 17 24 | 12
#0819-d201 @A: 32 24 08 20 | 10
#0820-d201 @A: 20 07 14 24 | 04
#0821-d201 @A: 31 05 24 11 | 11
#0822-d201 @A: 07 12 24 17 | 03
#0823-d201 @A: 35 07 24 31 | 05
#0824-d201 @A: 19 14 24 26 | 01
#0825-d201 @A: 10 33 34 09 | 07
#0826-d201 @A: 03 34 33 32 | 06
#0827-d201 @A: 33 28 19 34 | 02
#0828-d201 @A: 05 08 19 33 | 09
#0829-d201 @A: 04 14 33 12 | 08
#0830-d201 @A: 19 13 33 32 | 12
#0831-d201 @A: 19 17 09 33 | 10
#0832-d201 @A: 04 33 17 13 | 04
#0833-d201 @A: 07 15 29 09 | 11
#0834-d201 @A: 03 04 15 10 | 03
#0835-d201 @A: 23 11 15 10 | 05
#0836-d201 @A: 15 04 34 05 | 01
#0837-d201 @A: 08 35 15 32 | 07
#0838-d201 @A: 15 09 13 04 | 06
#0839-d201 @A: 15 09 26 08 | 02
#0840-d201 @A: 35 29 23 32 | 09
#0841-d201 @A: 29 19 20 07 | 08
#0842-d201 @A: 29 11 32 09 | 12
#0843-d201 @A: 30 13 19 10 | 10
#0844-d201 @A: 31 10 11 20 | 04
#0845-d201 @A: 04 10 09 05 | 11
#0846-d201 @A: 10 19 12 32 | 03
#0847-d201 @A: 17 12 10 04 | 05
#0848-d201 @A: 20 03 17 09 | 01
#0849-d201 @A: 32 19 07 03 | 07
#0850-d201 @A: 11 03 08 31 | 06
#0851-d201 @A: 30 08 34 11 | 02
#0852-d201 @A: 30 17 14 23 | 09
#0853-d201 @A: 05 14 09 23 | 08
#0854-d201 @A: 26 35 23 05 | 12
#0855-d201 @A: 35 12 23 14 | 10
#0856-d201 @A: 26 23 32 09 | 04
#0857-d201 @A: 20 26 05 28 | 11
#0858-d201 @A: 28 20 12 19 | 03
#0859-d201 @A: 28 05 35 13 | 05
#0860-d201 @A: 04 26 28 32 | 01
#0861-d201 @A: 08 13 32 28 | 07
#0862-d201 @A: 09 27 25 02 | 06
#0863-d201 @A: 02 27 35 29 | 02
#0864-d201 @A: 02 31 20 27 | 09
#0865-d201 @A: 27 17 16 08 | 08
#0866-d201 @A: 25 27 19 29 | 12
#0867-d201 @A: 27 28 25 11 | 10
#0868-d201 @A: 22 31 29 27 | 04
#0869-d201 @A: 22 05 23 27 | 11
#0870-d201 @A: 11 27 18 33 | 03
#0871-d201 @A: 27 14 06 15 | 05
#0872-d201 @A: 27 23 28 01 | 01
#0873-d201 @A: 32 33 28 27 | 07
#0874-d201 @A: 05 33 35 27 | 06
#0875-d201 @A: 34 03 27 20 | 02
#0876-d201 @A: 27 31 34 14 | 09
#0877-d201 @A: 26 12 27 35 | 08
#0878-d201 @A: 27 11 13 14 | 12
#0879-d201 @A: 35 09 19 27 | 10
#0880-d201 @A: 02 25 06 08 | 04
#0881-d201 @A: 25 20 24 02 | 11
#0882-d201 @A: 14 10 02 25 | 03
#0883-d201 @A: 22 02 14 18 | 05
#0884-d201 @A: 18 04 32 02 | 01
#0885-d201 @A: 14 02 01 23 | 07
#0886-d201 @A: 33 28 02 14 | 06
#0887-d201 @A: 29 02 13 17 | 02
#0888-d201 @A: 31 02 12 10 | 09
#0889-d201 @A: 25 19 16 06 | 08
#0890-d201 @A: 06 16 08 22 | 12
#0891-d201 @A: 31 18 21 16 | 10
#0892-d201 @A: 21 01 17 16 | 04
#0893-d201 @A: 16 21 14 26 | 11
#0894-d201 @A: 16 11 15 28 | 03
#0895-d201 @A: 26 13 29 16 | 05
#0896-d201 @A: 34 10 16 12 | 01
#0897-d201 @A: 16 34 31 35 | 07
#0898-d201 @A: 14 16 20 05 | 06
#0899-d201 @A: 26 04 16 20 | 02
#0900-d201 @A: 12 16 32 17 | 09
#0901-d201 @A: 09 13 07 16 | 08
#0902-d201 @A: 17 09 16 14 | 12
#0903-d201 @A: 25 18 05 03 | 10
#0904-d201 @A: 29 01 25 33 | 04
#0905-d201 @A: 28 17 25 10 | 11
#0906-d201 @A: 03 35 25 13 | 03
#0907-d201 @A: 19 25 08 20 | 05
#0908-d201 @A: 04 19 31 25 | 01
#0909-d201 @A: 22 32 01 18 | 07
#0910-d201 @A: 05 22 24 18 | 06
#0911-d201 @A: 18 31 22 15 | 02
#0912-d201 @A: 22 21 33 08 | 09
#0913-d201 @A: 28 07 22 21 | 08
#0914-d201 @A: 01 19 03 22 | 12
#0915-d201 @A: 22 19 10 24 | 10
#0916-d201 @A: 10 22 07 33 | 04
#0917-d201 @A: 09 10 22 13 | 11
#0918-d201 @A: 14 22 10 26 | 03
#0919-d201 @A: 09 05 22 26 | 05
#0920-d201 @A: 22 11 35 09 | 01
#0921-d201 @A: 01 06 31 18 | 07
#0922-d201 @A: 15 21 08 18 | 06
#0923-d201 @A: 12 03 18 21 | 02
#0924-d201 @A: 01 18 28 12 | 09
#0925-d201 @A: 29 26 24 18 | 08
#0926-d201 @A: 24 18 30 12 | 12
#0927-d201 @A: 18 33 10 05 | 10
#0928-d201 @A: 23 18 28 34 | 04
#0929-d201 @A: 11 08 18 14 | 11
#0930-d201 @A: 26 13 09 18 | 03
#0931-d201 @A: 28 06 21 05 | 05
#0932-d201 @A: 32 06 30 21 | 01
#0933-d201 @A: 12 06 26 21 | 07
#0934-d201 @A: 06 01 26 34 | 06
#0935-d201 @A: 07 06 24 15 | 02
#0936-d201 @A: 29 06 20 03 | 09
#0937-d201 @A: 26 31 06 10 | 08
#0938-d201 @A: 06 28 03 31 | 12
#0939-d201 @A: 32 06 14 34 | 10
#0940-d201 @A: 34 19 06 13 | 04
#0941-d201 @A: 17 30 07 06 | 11
#0942-d201 @A: 06 19 20 26 | 03
#0943-d201 @A: 08 12 06 05 | 05
#0944-d201 @A: 29 07 01 21 | 01
#0945-d201 @A: 21 15 24 11 | 07
#0946-d201 @A: 21 24 29 10 | 06
#0947-d201 @A: 04 03 24 21 | 02
#0948-d201 @A: 29 21 30 14 | 09
#0949-d201 @A: 21 17 20 05 | 08
#0950-d201 @A: 19 04 21 05 | 12
#0951-d201 @A: 21 09 31 17 | 10
#0952-d201 @A: 13 14 21 04 | 04
#0953-d201 @A: 01 28 24 20 | 11
#0954-d201 @A: 32 01 34 29 | 03
#0955-d201 @A: 26 01 10 32 | 05
#0956-d201 @A: 01 20 12 34 | 01
#0957-d201 @A: 01 14 30 11 | 07
#0958-d201 @A: 30 08 09 01 | 06
#0959-d201 @A: 05 01 12 13 | 02
#0960-d201 @A: 08 11 32 01 | 09
#0961-d201 @A: 15 24 13 29 | 08
#0962-d201 @A: 03 15 24 31 | 12
#0963-d201 @A: 20 24 12 29 | 10
#0964-d201 @A: 10 19 15 33 | 04
#0965-d201 @A: 10 33 03 12 | 11
#0966-d201 @A: 11 33 28 03 | 03
#0967-d201 @A: 30 14 19 33 | 05
#0968-d201 @A: 26 33 05 13 | 01
#0969-d201 @A: 33 07 32 08 | 07
#0970-d201 @A: 33 11 14 17 | 06
#0971-d201 @A: 15 32 03 29 | 02
#0972-d201 @A: 28 09 15 31 | 09
#0973-d201 @A: 30 26 31 15 | 08
#0974-d201 @A: 34 29 28 07 | 12
#0975-d201 @A: 05 07 35 29 | 10
#0976-d201 @A: 04 07 17 29 | 04
#0977-d201 @A: 14 19 29 31 | 11
#0978-d201 @A: 10 30 08 07 | 03
#0979-d201 @A: 13 10 20 04 | 05
#0980-d201 @A: 14 05 13 10 | 01
#0981-d201 @A: 10 13 35 11 | 07
#0982-d201 @A: 03 04 17 23 | 06
#0983-d201 @A: 26 20 07 03 | 02
#0984-d201 @A: 20 19 03 14 | 09
#0985-d201 @A: 34 26 23 08 | 08
#0986-d201 @A: 28 30 34 26 | 12
#0987-d201 @A: 12 30 34 35 | 10
#0988-d201 @A: 11 05 34 12 | 04
#0989-d201 @A: 19 34 11 04 | 11
#0990-d201 @A: 28 23 35 04 | 03
#0991-d201 @A: 13 19 20 23 | 05
#0992-d201 @A: 07 23 13 12 | 01
#0993-d201 @A: 09 23 19 04 | 07
#0994-d201 @A: 17 09 07 23 | 06
#0995-d201 @A: 14 08 23 31 | 02
#0996-d201 @A: 28 20 13 07 | 09
#0997-d201 @A: 08 05 28 04 | 08
#0998-d201 @A: 28 27 02 07 | 12
#0999-d201 @A: 16 34 11 27 | 10
#1000-d201 @A: 22 21 17 27 | 04
#1001-d201 @A: 21 27 07 18 | 11
#1002-d201 @A: 06 29 26 27 | 03
#1003-d201 @A: 01 21 27 14 | 05
#1004-d201 @A: 27 05 10 01 | 01
#1005-d201 @A: 03 24 27 33 | 07
#1006-d201 @A: 33 27 13 10 | 06
#1007-d201 @A: 33 27 28 31 | 02
#1008-d201 @A: 14 27 07 29 | 09
#1009-d201 @A: 03 08 28 27 | 08
#1010-d201 @A: 23 34 27 04 | 12
#1011-d201 @A: 32 05 27 11 | 10
#1012-d201 @A: 08 31 26 27 | 04
#1013-d201 @A: 16 33 19 02 | 11
#1014-d201 @A: 15 07 16 02 | 03
#1015-d201 @A: 11 10 16 02 | 05
#1016-d201 @A: 02 22 25 17 | 01
#1017-d201 @A: 21 02 34 25 | 07
#1018-d201 @A: 05 25 33 02 | 06
#1019-d201 @A: 18 15 02 11 | 02
#1020-d201 @A: 34 02 06 33 | 09
#1021-d201 @A: 21 15 31 02 | 08
#1022-d201 @A: 20 21 02 03 | 12
#1023-d201 @A: 33 01 20 02 | 10
#1024-d201 @A: 15 19 04 02 | 04
#1025-d201 @A: 02 15 17 35 | 11
#1026-d201 @A: 10 08 04 02 | 03
#1027-d201 @A: 14 02 09 30 | 05
#1028-d201 @A: 08 02 35 30 | 01
#1029-d201 @A: 23 16 28 25 | 07
#1030-d201 @A: 25 16 11 08 | 06
#1031-d201 @A: 06 03 04 16 | 02
#1032-d201 @A: 16 01 33 30 | 09
#1033-d201 @A: 15 01 08 16 | 08
#1034-d201 @A: 12 16 01 29 | 12
#1035-d201 @A: 16 28 01 26 | 10
#1036-d201 @A: 24 16 28 08 | 04
#1037-d201 @A: 19 16 29 10 | 11
#1038-d201 @A: 14 16 11 29 | 03
#1039-d201 @A: 10 14 16 28 | 05
#1040-d201 @A: 16 03 11 35 | 01
#1041-d201 @A: 34 13 17 16 | 07
#1042-d201 @A: 07 14 16 08 | 06
#1043-d201 @A: 25 22 24 21 | 02
#1044-d201 @A: 22 15 35 25 | 09
#1045-d201 @A: 03 22 12 25 | 08
#1046-d201 @A: 22 25 14 19 | 12
#1047-d201 @A: 01 21 06 25 | 10
#1048-d201 @A: 01 35 20 25 | 04
#1049-d201 @A: 33 25 12 34 | 11
#1050-d201 @A: 33 25 07 28 | 03
#1051-d201 @A: 25 11 20 29 | 05
#1052-d201 @A: 23 25 31 26 | 01
#1053-d201 @A: 05 14 30 25 | 07
#1054-d201 @A: 35 30 25 26 | 06
#1055-d201 @A: 25 11 04 32 | 02
#1056-d201 @A: 32 25 35 07 | 09
#1057-d201 @A: 06 22 34 07 | 08
#1058-d201 @A: 09 22 01 33 | 12
#1059-d201 @A: 17 24 22 03 | 10
#1060-d201 @A: 08 33 22 31 | 04
#1061-d201 @A: 34 22 20 29 | 11
#1062-d201 @A: 14 22 23 29 | 03
#1063-d201 @A: 03 32 10 22 | 05
#1064-d201 @A: 22 20 28 10 | 01
#1065-d201 @A: 04 22 14 30 | 07
#1066-d201 @A: 11 22 31 17 | 06
#1067-d201 @A: 07 22 19 17 | 02
#1068-d201 @A: 15 13 01 18 | 09
#1069-d201 @A: 18 23 08 24 | 08
#1070-d201 @A: 19 33 03 18 | 12
#1071-d201 @A: 26 18 14 20 | 10
#1072-d201 @A: 08 10 21 06 | 04
#1073-d201 @A: 01 12 04 06 | 11
#1074-d201 @A: 32 01 06 19 | 03
#1075-d201 @A: 24 03 06 32 | 05
#1076-d201 @A: 12 06 19 33 | 01
#1077-d201 @A: 15 03 11 06 | 07
#1078-d201 @A: 08 23 15 06 | 06
#1079-d201 @A: 09 19 06 05 | 02
#1080-d201 @A: 35 06 32 11 | 09
#1081-d201 @A: 03 01 08 21 | 08
#1082-d201 @A: 31 01 21 30 | 12
#1083-d201 @A: 24 21 19 08 | 10
#1084-d201 @A: 21 33 34 30 | 04
#1085-d201 @A: 17 29 15 21 | 11
#1086-d201 @A: 13 12 10 21 | 03
#1087-d201 @A: 17 32 21 14 | 05
#1088-d201 @A: 17 09 11 21 | 01
#1089-d201 @A: 11 21 31 26 | 07
#1090-d201 @A: 21 35 31 04 | 06
#1091-d201 @A: 26 35 01 24 | 02
#1092-d201 @A: 01 11 07 20 | 09
#1093-d201 @A: 07 26 12 01 | 08
#1094-d201 @A: 20 24 15 34 | 12
#1095-d201 @A: 24 07 28 04 | 10
#1096-d201 @A: 24 13 30 32 | 04
#1097-d201 @A: 04 09 24 20 | 11
#1098-d201 @A: 24 35 17 04 | 03
#1099-d201 @A: 14 13 24 17 | 05
#1100-d201 @A: 29 33 14 34 | 01
#1101-d201 @A: 32 23 33 10 | 07
#1102-d201 @A: 10 30 33 28 | 06
#1103-d201 @A: 04 11 10 33 | 02
#1104-d201 @A: 03 35 33 23 | 09
#1105-d201 @A: 07 23 33 34 | 08
#1106-d201 @A: 08 30 33 20 | 12
#1107-d201 @A: 17 08 12 33 | 10
#1108-d201 @A: 09 33 26 14 | 04
#1109-d201 @A: 23 03 30 15 | 11
#1110-d201 @A: 30 09 20 15 | 03
#1111-d201 @A: 30 17 15 08 | 05
#1112-d201 @A: 20 15 12 07 | 01
#1113-d201 @A: 20 15 26 11 | 07
#1114-d201 @A: 15 35 31 26 | 06
#1115-d201 @A: 34 29 10 05 | 02
#1116-d201 @A: 11 10 12 29 | 09
#1117-d201 @A: 10 31 08 29 | 08
#1118-d201 @A: 05 20 29 09 | 12
#1119-d201 @A: 29 26 20 32 | 10
#1120-d201 @A: 17 08 29 20 | 04
#1121-d201 @A: 13 29 05 31 | 11
#1122-d201 @A: 29 19 32 04 | 03
#1123-d201 @A: 32 29 08 14 | 05
#1124-d201 @A: 11 29 19 13 | 01
#1125-d201 @A: 14 09 10 03 | 07
#1126-d201 @A: 19 09 20 10 | 06
#1127-d201 @A: 08 32 10 05 | 02
#1128-d201 @A: 11 32 14 10 | 09
#1129-d201 @A: 17 20 34 07 | 08
#1130-d201 @A: 17 12 14 34 | 12
#1131-d201 @A: 09 19 31 34 | 10
#1132-d201 @A: 28 23 13 30 | 04
#1133-d201 @A: 14 23 28 20 | 11
#1134-d201 @A: 07 19 23 30 | 03
#1135-d201 @A: 23 20 04 05 | 05
#1136-d201 @A: 17 23 20 26 | 01
#1137-d201 @A: 05 17 11 23 | 07
#1138-d201 @A: 13 23 26 04 | 06
#1139-d201 @A: 17 23 31 35 | 02
#1140-d201 @A: 28 13 12 26 | 09
#1141-d201 @A: 31 14 20 17 | 08
#1142-d201 @A: 09 07 31 26 | 12
#1143-d201 @A: 27 02 33 15 | 10
#1144-d201 @A: 10 32 02 27 | 04
#1145-d201 @A: 27 12 15 25 | 11
#1146-d201 @A: 27 08 06 24 | 03
#1147-d201 @A: 28 27 19 06 | 05
#1148-d201 @A: 11 27 15 17 | 01
#1149-d201 @A: 11 09 27 30 | 07
#1150-d201 @A: 02 25 16 30 | 06
#1151-d201 @A: 02 18 13 16 | 02
#1152-d201 @A: 02 16 28 17 | 09
#1153-d201 @A: 09 02 24 22 | 08
#1154-d201 @A: 02 34 08 22 | 12
#1155-d201 @A: 02 09 18 06 | 10
#1156-d201 @A: 02 23 12 06 | 04
#1157-d201 @A: 02 07 21 10 | 11
#1158-d201 @A: 02 34 13 01 | 03
#1159-d201 @A: 02 10 34 24 | 05
#1160-d201 @A: 24 28 02 19 | 01
#1161-d201 @A: 02 28 15 23 | 07
#1162-d201 @A: 10 02 35 03 | 06
#1163-d201 @A: 02 05 12 20 | 02
#1164-d201 @A: 02 11 13 20 | 09
#1165-d201 @A: 02 19 05 11 | 08
#1166-d201 @A: 17 11 32 02 | 12
#1167-d201 @A: 09 08 11 02 | 10
#1168-d201 @A: 09 07 04 02 | 04
#1169-d201 @A: 35 18 22 16 | 11
#1170-d201 @A: 16 22 33 26 | 03
#1171-d201 @A: 15 29 16 18 | 05
#1172-d201 @A: 16 11 21 23 | 01
#1173-d201 @A: 16 09 30 21 | 07
#1174-d201 @A: 10 16 28 31 | 06
#1175-d201 @A: 16 32 35 05 | 02
#1176-d201 @A: 12 19 16 07 | 09
#1177-d201 @A: 35 16 08 13 | 08
#1178-d201 @A: 25 18 13 33 | 12
#1179-d201 @A: 15 18 25 20 | 10
#1180-d201 @A: 25 18 10 09 | 04
#1181-d201 @A: 24 14 15 25 | 11
#1182-d201 @A: 17 25 29 34 | 03
#1183-d201 @A: 25 14 29 09 | 05
#1184-d201 @A: 03 20 25 28 | 01
#1185-d201 @A: 25 13 12 30 | 07
#1186-d201 @A: 11 25 26 05 | 06
#1187-d201 @A: 19 25 17 04 | 02
#1188-d201 @A: 22 07 29 18 | 09
#1189-d201 @A: 30 22 18 34 | 08
#1190-d201 @A: 06 14 17 22 | 12
#1191-d201 @A: 01 22 21 12 | 10
#1192-d201 @A: 03 29 21 22 | 04
#1193-d201 @A: 17 22 15 28 | 11
#1194-d201 @A: 03 13 20 22 | 03
#1195-d201 @A: 05 19 22 32 | 05
#1196-d201 @A: 11 19 22 12 | 01
#1197-d201 @A: 22 26 12 04 | 07
#1198-d201 @A: 18 11 06 01 | 06
#1199-d201 @A: 19 06 18 24 | 02
#1200-d201 @A: 21 18 17 34 | 09
#1201-d201 @A: 34 18 33 01 | 08
#1202-d201 @A: 15 10 26 18 | 12
#1203-d201 @A: 12 08 29 18 | 10
#1204-d201 @A: 23 18 03 14 | 04
#1205-d201 @A: 26 18 05 12 | 11
#1206-d201 @A: 13 05 18 04 | 03
#1207-d201 @A: 05 26 31 18 | 05
#1208-d201 @A: 18 09 14 12 | 01
#1209-d201 @A: 32 09 35 18 | 07
#1210-d201 @A: 21 19 06 03 | 06
#1211-d201 @A: 06 13 23 21 | 02
#1212-d201 @A: 28 06 20 15 | 09
#1213-d201 @A: 23 17 06 29 | 08
#1214-d201 @A: 07 05 06 13 | 12
#1215-d201 @A: 13 11 26 06 | 10
#1216-d201 @A: 13 09 06 14 | 04
#1217-d201 @A: 06 31 35 19 | 11
#1218-d201 @A: 13 01 21 24 | 03
#1219-d201 @A: 21 20 32 01 | 05
#1220-d201 @A: 24 33 21 05 | 01
#1221-d201 @A: 32 21 34 24 | 07
#1222-d201 @A: 21 33 10 14 | 06
#1223-d201 @A: 28 21 15 09 | 02
#1224-d201 @A: 29 23 31 21 | 09
#1225-d201 @A: 04 23 21 07 | 08
#1226-d201 @A: 28 17 21 04 | 12
#1227-d201 @A: 20 30 21 04 | 10
#1228-d201 @A: 07 05 32 21 | 04
#1229-d201 @A: 21 05 31 07 | 11
#1230-d201 @A: 13 21 07 19 | 03
#1231-d201 @A: 34 01 31 15 | 05
#1232-d201 @A: 19 23 15 01 | 01
#1233-d201 @A: 29 09 23 01 | 07
#1234-d201 @A: 01 23 34 30 | 06
#1235-d201 @A: 05 11 01 04 | 02
#1236-d201 @A: 01 32 31 12 | 09
#1237-d201 @A: 11 17 12 01 | 08
#1238-d201 @A: 01 13 32 35 | 12
#1239-d201 @A: 03 34 19 24 | 10
#1240-d201 @A: 20 24 03 11 | 04
#1241-d201 @A: 09 24 26 03 | 11
#1242-d201 @A: 31 24 09 30 | 03
#1243-d201 @A: 11 24 26 32 | 05
#1244-d201 @A: 04 11 24 14 | 01
#1245-d201 @A: 11 24 07 13 | 07
#1246-d201 @A: 24 26 14 31 | 06
#1247-d201 @A: 33 32 15 11 | 02
#1248-d201 @A: 29 23 30 33 | 09
#1249-d201 @A: 28 07 10 15 | 08
#1250-d201 @A: 15 04 30 32 | 12
#1251-d201 @A: 15 12 17 26 | 10
#1252-d201 @A: 23 12 31 29 | 04
#1253-d201 @A: 19 08 29 26 | 11
#1254-d201 @A: 10 20 08 03 | 03
#1255-d201 @A: 31 05 10 32 | 05
#1256-d201 @A: 04 10 07 19 | 01
#1257-d201 @A: 08 26 35 10 | 07
#1258-d201 @A: 34 03 05 23 | 06
#1259-d201 @A: 03 28 12 17 | 02
#1260-d201 @A: 03 05 04 14 | 09
#1261-d201 @A: 31 07 03 32 | 08
#1262-d201 @A: 03 26 11 17 | 12
#1263-d201 @A: 31 12 17 34 | 10
#1264-d201 @A: 17 26 34 19 | 04
#1265-d201 @A: 09 08 23 28 | 11
#1266-d201 @A: 04 30 23 08 | 03
#1267-d201 @A: 20 11 23 32 | 05
#1268-d201 @A: 13 23 17 32 | 01
#1269-d201 @A: 08 32 23 19 | 07
#1270-d201 @A: 07 11 23 08 | 06
#1271-d201 @A: 13 31 09 23 | 02
#1272-d201 @A: 30 28 08 31 | 09
#1273-d201 @A: 28 09 05 32 | 08
#1274-d201 @A: 09 28 12 35 | 12
#1275-d201 @A: 28 26 07 17 | 10
#1276-d201 @A: 35 14 26 28 | 04
#1277-d201 @A: 02 27 03 14 | 11
#1278-d201 @A: 02 12 11 27 | 03
#1279-d201 @A: 27 16 05 15 | 05
#1280-d201 @A: 13 25 06 27 | 01
#1281-d201 @A: 03 25 04 27 | 07
#1282-d201 @A: 04 22 11 27 | 06
#1283-d201 @A: 01 09 06 27 | 02
#1284-d201 @A: 06 04 27 05 | 09
#1285-d201 @A: 07 27 01 35 | 08
#1286-d201 @A: 04 27 24 15 | 12
#1287-d201 @A: 03 27 11 07 | 10
#1288-d201 @A: 27 14 19 34 | 04
#1289-d201 @A: 19 30 17 27 | 11
#1290-d201 @A: 20 04 08 27 | 03
#1291-d201 @A: 26 27 20 13 | 05
#1292-d201 @A: 16 02 12 21 | 01
#1293-d201 @A: 08 16 02 23 | 07
#1294-d201 @A: 26 25 28 02 | 06
#1295-d201 @A: 32 33 22 02 | 02
#1296-d201 @A: 18 02 34 20 | 09
#1297-d201 @A: 02 21 06 14 | 08
#1298-d201 @A: 13 02 32 06 | 12
#1299-d201 @A: 02 01 04 03 | 10
#1300-d201 @A: 02 15 05 24 | 04
#1301-d201 @A: 34 32 23 02 | 11
#1302-d201 @A: 35 02 28 31 | 03
#1303-d201 @A: 02 12 09 32 | 05
#1304-d201 @A: 35 07 13 02 | 01
#1305-d201 @A: 16 10 20 18 | 07
#1306-d201 @A: 18 16 28 30 | 06
#1307-d201 @A: 14 16 06 23 | 02
#1308-d201 @A: 26 17 16 06 | 09
#1309-d201 @A: 16 15 30 35 | 08
#1310-d201 @A: 34 29 04 16 | 12
#1311-d201 @A: 23 05 16 19 | 10
#1312-d201 @A: 05 16 11 09 | 04
#1313-d201 @A: 08 16 26 05 | 11
#1314-d201 @A: 12 31 09 16 | 03
#1315-d201 @A: 28 09 25 22 | 05
#1316-d201 @A: 18 06 12 25 | 01
#1317-d201 @A: 18 25 24 17 | 07
#1318-d201 @A: 18 25 14 28 | 06
#1319-d201 @A: 31 06 34 25 | 02
#1320-d201 @A: 28 25 21 08 | 09
#1321-d201 @A: 21 26 25 20 | 08
#1322-d201 @A: 33 09 25 24 | 12
#1323-d201 @A: 25 32 23 24 | 10
#1324-d201 @A: 08 25 24 35 | 04
#1325-d201 @A: 04 33 25 15 | 11
#1326-d201 @A: 10 03 25 29 | 03
#1327-d201 @A: 30 29 25 28 | 05
#1328-d201 @A: 31 05 25 28 | 01
#1329-d201 @A: 35 14 11 25 | 07
#1330-d201 @A: 25 09 14 31 | 06
#1331-d201 @A: 23 20 22 18 | 02
#1332-d201 @A: 21 22 34 11 | 09
#1333-d201 @A: 34 14 22 01 | 08
#1334-d201 @A: 28 29 22 11 | 12
#1335-d201 @A: 03 34 22 35 | 10
#1336-d201 @A: 35 07 22 12 | 04
#1337-d201 @A: 22 17 26 08 | 11
#1338-d201 @A: 32 18 06 23 | 03
#1339-d201 @A: 18 21 09 29 | 05
#1340-d201 @A: 21 11 18 10 | 01
#1341-d201 @A: 18 05 23 29 | 07
#1342-d201 @A: 34 26 18 11 | 06
#1343-d201 @A: 20 12 04 18 | 02
#1344-d201 @A: 20 18 08 09 | 09
#1345-d201 @A: 24 06 29 09 | 08
#1346-d201 @A: 34 06 24 05 | 12
#1347-d201 @A: 24 26 06 23 | 10
#1348-d201 @A: 06 23 10 04 | 04
#1349-d201 @A: 06 07 23 03 | 11
#1350-d201 @A: 06 30 26 09 | 03
#1351-d201 @A: 30 06 08 13 | 05
#1352-d201 @A: 06 20 12 32 | 01
#1353-d201 @A: 09 07 06 32 | 07
#1354-d201 @A: 21 28 19 01 | 06
#1355-d201 @A: 21 33 13 03 | 02
#1356-d201 @A: 28 30 21 03 | 09
#1357-d201 @A: 07 21 09 20 | 08
#1358-d201 @A: 21 05 35 12 | 12
#1359-d201 @A: 01 33 28 17 | 10
#1360-d201 @A: 05 32 01 33 | 04
#1361-d201 @A: 10 20 15 01 | 11
#1362-d201 @A: 31 01 11 29 | 03
#1363-d201 @A: 03 17 34 01 | 05
#1364-d201 @A: 05 20 01 31 | 01
#1365-d201 @A: 01 20 13 09 | 07
#1366-d201 @A: 35 11 19 01 | 06
#1367-d201 @A: 14 01 04 26 | 02
#1368-d201 @A: 12 24 15 03 | 09
#1369-d201 @A: 11 29 17 24 | 08
#1370-d201 @A: 07 24 10 03 | 12
#1371-d201 @A: 13 10 08 24 | 10
#1372-d201 @A: 24 03 08 30 | 04
#1373-d201 @A: 34 04 31 24 | 11
#1374-d201 @A: 09 17 24 30 | 03
#1375-d201 @A: 24 11 12 08 | 05
#1376-d201 @A: 11 09 24 19 | 01
#1377-d201 @A: 35 24 19 07 | 07
#1378-d201 @A: 15 17 33 03 | 06
#1379-d201 @A: 33 08 15 34 | 02
#1380-d201 @A: 17 33 29 10 | 09
#1381-d201 @A: 05 29 33 11 | 08
#1382-d201 @A: 31 04 10 33 | 12
#1383-d201 @A: 34 33 20 04 | 10
#1384-d201 @A: 35 33 13 34 | 04
#1385-d201 @A: 11 33 12 07 | 11
#1386-d201 @A: 33 08 35 04 | 03
#1387-d201 @A: 23 34 15 17 | 05
#1388-d201 @A: 19 34 32 15 | 01
#1389-d201 @A: 13 14 23 15 | 07
#1390-d201 @A: 08 15 28 14 | 06
#1391-d201 @A: 15 13 11 30 | 02
#1392-d201 @A: 20 32 15 05 | 09
#1393-d201 @A: 08 15 07 05 | 08
#1394-d201 @A: 07 13 17 15 | 12
#1395-d201 @A: 15 07 26 19 | 10
#1396-d201 @A: 29 03 23 19 | 04
#1397-d201 @A: 03 05 29 30 | 11
#1398-d201 @A: 31 03 29 20 | 03
#1399-d201 @A: 29 09 13 12 | 05
#1400-d201 @A: 12 17 35 29 | 01
#1401-d201 @A: 28 10 23 03 | 07
#1402-d201 @A: 32 30 10 20 | 06
#1403-d201 @A: 05 11 20 10 | 02
#1404-d201 @A: 34 28 03 09 | 09
#1405-d201 @A: 14 35 03 30 | 08
#1406-d201 @A: 19 35 05 03 | 12
#1407-d201 @A: 11 03 12 13 | 10
#1408-d201 @A: 19 34 30 05 | 04
#1409-d201 @A: 14 34 05 35 | 11
#1410-d201 @A: 34 07 11 32 | 03
#1411-d201 @A: 26 35 04 34 | 05
#1412-d201 @A: 05 32 23 30 | 01
#1413-d201 @A: 14 04 32 23 | 07
#1414-d201 @A: 23 13 35 09 | 06
#1415-d201 @A: 30 31 17 32 | 02
#1416-d201 @A: 19 31 11 30 | 09
#1417-d201 @A: 31 35 08 12 | 08
#1418-d201 @A: 18 02 01 27 | 12
#1419-d201 @A: 07 16 10 27 | 10
#1420-d201 @A: 27 35 28 16 | 04
#1421-d201 @A: 22 08 27 25 | 11
#1422-d201 @A: 26 28 18 27 | 03
#1423-d201 @A: 09 33 21 27 | 05
#1424-d201 @A: 27 30 01 13 | 01
#1425-d201 @A: 27 12 14 24 | 07
#1426-d201 @A: 27 10 14 23 | 06
#1427-d201 @A: 27 19 32 20 | 02
#1428-d201 @A: 19 13 27 12 | 09
#1429-d201 @A: 05 10 02 22 | 08
#1430-d201 @A: 23 22 02 04 | 12
#1431-d201 @A: 30 24 02 06 | 10
#1432-d201 @A: 17 33 21 02 | 04
#1433-d201 @A: 21 15 13 02 | 11
#1434-d201 @A: 19 29 21 02 | 03
#1435-d201 @A: 09 02 31 01 | 05
#1436-d201 @A: 02 03 30 33 | 01
#1437-d201 @A: 34 26 02 15 | 07
#1438-d201 @A: 20 15 14 02 | 06
#1439-d201 @A: 26 20 08 02 | 02
#1440-d201 @A: 05 26 04 02 | 09
#1441-d201 @A: 19 08 12 02 | 08
#1442-d201 @A: 03 25 24 16 | 12
#1443-d201 @A: 16 33 25 17 | 10
#1444-d201 @A: 25 16 35 29 | 04
#1445-d201 @A: 16 21 22 32 | 11
#1446-d201 @A: 05 31 22 16 | 03
#1447-d201 @A: 09 06 16 10 | 05
#1448-d201 @A: 20 06 16 31 | 01
#1449-d201 @A: 16 24 12 33 | 07
#1450-d201 @A: 19 24 15 16 | 06
#1451-d201 @A: 05 16 24 10 | 02
#1452-d201 @A: 24 30 16 23 | 09
#1453-d201 @A: 28 33 04 16 | 08
#1454-d201 @A: 15 04 16 23 | 12
#1455-d201 @A: 19 16 28 03 | 10
#1456-d201 @A: 28 20 34 16 | 04
#1457-d201 @A: 30 11 32 16 | 11
#1458-d201 @A: 32 04 07 16 | 03
#1459-d201 @A: 35 17 16 19 | 05
#1460-d201 @A: 30 22 33 25 | 01
#1461-d201 @A: 06 30 25 23 | 07
#1462-d201 @A: 04 25 01 28 | 06
#1463-d201 @A: 25 01 31 35 | 02
#1464-d201 @A: 15 31 25 12 | 09
#1465-d201 @A: 25 03 34 14 | 08
#1466-d201 @A: 25 11 23 03 | 12
#1467-d201 @A: 17 12 25 23 | 10
#1468-d201 @A: 13 05 25 20 | 04
#1469-d201 @A: 05 25 17 32 | 11
#1470-d201 @A: 12 33 22 18 | 03
#1471-d201 @A: 19 18 22 28 | 05
#1472-d201 @A: 08 22 04 18 | 01
#1473-d201 @A: 22 20 24 06 | 07
#1474-d201 @A: 30 22 06 28 | 06
#1475-d201 @A: 31 22 06 09 | 02
#1476-d201 @A: 21 15 20 22 | 09
#1477-d201 @A: 05 21 22 14 | 08
#1478-d201 @A: 19 22 26 21 | 12
#1479-d201 @A: 15 22 08 24 | 10
#1480-d201 @A: 34 24 22 12 | 04
#1481-d201 @A: 30 10 23 22 | 11
#1482-d201 @A: 22 08 30 12 | 03
#1483-d201 @A: 22 35 17 13 | 05
#1484-d201 @A: 06 13 29 18 | 01
#1485-d201 @A: 18 06 10 07 | 07
#1486-d201 @A: 14 24 18 21 | 06
#1487-d201 @A: 33 04 18 21 | 02
#1488-d201 @A: 07 24 01 18 | 09
#1489-d201 @A: 35 33 29 18 | 08
#1490-d201 @A: 30 18 33 17 | 12
#1491-d201 @A: 08 18 28 10 | 10
#1492-d201 @A: 32 30 03 18 | 04
#1493-d201 @A: 18 03 35 20 | 11
#1494-d201 @A: 13 11 28 18 | 03
#1495-d201 @A: 18 17 09 04 | 05
#1496-d201 @A: 13 18 35 19 | 01
#1497-d201 @A: 06 04 34 21 | 07
#1498-d201 @A: 33 24 06 04 | 06
#1499-d201 @A: 32 33 31 06 | 02
#1500-d201 @A: 06 10 15 13 | 09
#1501-d201 @A: 29 06 35 34 | 08
#1502-d201 @A: 17 34 10 06 | 12
#1503-d201 @A: 34 06 23 11 | 10
#1504-d201 @A: 11 06 20 08 | 04
#1505-d201 @A: 05 26 32 06 | 11
#1506-d201 @A: 35 34 21 01 | 03
#1507-d201 @A: 24 20 23 21 | 05
#1508-d201 @A: 30 21 05 08 | 01
#1509-d201 @A: 12 30 21 07 | 07
#1510-d201 @A: 17 30 26 21 | 06
#1511-d201 @A: 14 08 21 12 | 02
#1512-d201 @A: 11 07 21 14 | 09
#1513-d201 @A: 10 24 01 33 | 08
#1514-d201 @A: 12 01 24 23 | 12
#1515-d201 @A: 01 03 33 26 | 10
#1516-d201 @A: 35 05 08 01 | 04
#1517-d201 @A: 17 32 01 09 | 11
#1518-d201 @A: 24 30 29 34 | 03
#1519-d201 @A: 10 09 23 24 | 05
#1520-d201 @A: 24 14 34 23 | 01
#1521-d201 @A: 13 35 20 24 | 07
#1522-d201 @A: 04 05 32 24 | 06
#1523-d201 @A: 24 32 35 12 | 02
#1524-d201 @A: 15 28 35 33 | 09
#1525-d201 @A: 17 33 31 15 | 08
#1526-d201 @A: 30 32 33 12 | 12
#1527-d201 @A: 30 11 26 33 | 10
#1528-d201 @A: 30 09 13 33 | 04
#1529-d201 @A: 20 26 33 12 | 11
#1530-d201 @A: 20 13 33 14 | 03
#1531-d201 @A: 09 33 05 12 | 05
#1532-d201 @A: 26 32 17 33 | 01
#1533-d201 @A: 15 29 07 31 | 07
#1534-d201 @A: 34 15 03 13 | 06
#1535-d201 @A: 03 28 05 15 | 02
#1536-d201 @A: 15 17 20 19 | 09
#1537-d201 @A: 12 29 26 30 | 08
#1538-d201 @A: 30 13 29 04 | 12
#1539-d201 @A: 10 31 03 09 | 10
#1540-d201 @A: 04 10 34 14 | 04
#1541-d201 @A: 30 35 09 10 | 11
#1542-d201 @A: 04 20 03 32 | 03
#1543-d201 @A: 12 03 07 09 | 05
#1544-d201 @A: 04 03 11 09 | 01
#1545-d201 @A: 08 19 03 09 | 07
#1546-d201 @A: 20 26 34 09 | 06
#1547-d201 @A: 34 26 05 07 | 02
#1548-d201 @A: 12 34 19 09 | 09
#1549-d201 @A: 35 19 34 08 | 08
#1550-d201 @A: 13 23 05 08 | 12
#1551-d201 @A: 11 23 04 12 | 10
#1552-d201 @A: 23 19 12 26 | 04
#1553-d201 @A: 32 30 14 28 | 11
#1554-d201 @A: 14 28 11 12 | 03
#1555-d201 @A: 28 19 13 04 | 05
#1556-d201 @A: 21 06 16 27 | 01
#1557-d201 @A: 18 27 25 32 | 07
#1558-d201 @A: 12 22 10 27 | 06
#1559-d201 @A: 19 27 18 10 | 02
#1560-d201 @A: 03 18 17 27 | 09
#1561-d201 @A: 12 28 21 27 | 08
#1562-d201 @A: 27 03 12 01 | 12
#1563-d201 @A: 27 24 23 19 | 10
#1564-d201 @A: 27 31 03 23 | 04
#1565-d201 @A: 30 32 27 35 | 11
#1566-d201 @A: 30 14 27 08 | 03
#1567-d201 @A: 11 35 27 20 | 05
#1568-d201 @A: 14 09 20 27 | 01
#1569-d201 @A: 09 11 31 27 | 07
#1570-d201 @A: 04 17 27 26 | 06
#1571-d201 @A: 11 02 25 07 | 02
#1572-d201 @A: 04 02 25 13 | 09
#1573-d201 @A: 35 18 02 12 | 08
#1574-d201 @A: 01 02 15 06 | 12
#1575-d201 @A: 19 06 02 10 | 10
#1576-d201 @A: 21 02 24 35 | 04
#1577-d201 @A: 23 21 05 02 | 11
#1578-d201 @A: 23 11 24 02 | 03
#1579-d201 @A: 11 33 35 02 | 05
#1580-d201 @A: 02 29 20 10 | 01
#1581-d201 @A: 02 17 03 31 | 07
#1582-d201 @A: 23 02 30 20 | 06
#1583-d201 @A: 20 28 02 09 | 02
#1584-d201 @A: 02 30 04 11 | 09
#1585-d201 @A: 16 25 10 22 | 08
#1586-d201 @A: 14 22 15 16 | 12
#1587-d201 @A: 23 16 22 07 | 10
#1588-d201 @A: 09 04 16 22 | 04
#1589-d201 @A: 21 19 18 16 | 11
#1590-d201 @A: 28 32 16 06 | 03
#1591-d201 @A: 21 03 16 10 | 05
#1592-d201 @A: 14 16 24 35 | 01
#1593-d201 @A: 16 33 15 09 | 07
#1594-d201 @A: 33 16 34 05 | 06
#1595-d201 @A: 31 16 33 30 | 02
#1596-d201 @A: 20 33 16 32 | 09
#1597-d201 @A: 05 06 22 25 | 08
#1598-d201 @A: 22 25 23 13 | 12
#1599-d201 @A: 06 07 25 14 | 10
#1600-d201 @A: 21 33 25 31 | 04
#1601-d201 @A: 19 21 10 25 | 11
#1602-d201 @A: 11 21 30 25 | 03
#1603-d201 @A: 09 01 19 25 | 05
#1604-d201 @A: 07 24 29 25 | 01
#1605-d201 @A: 15 30 25 34 | 07
#1606-d201 @A: 25 30 29 31 | 06
#1607-d201 @A: 25 23 10 05 | 02
#1608-d201 @A: 20 07 10 25 | 09
#1609-d201 @A: 25 10 04 26 | 08
#1610-d201 @A: 34 09 25 07 | 12
#1611-d201 @A: 09 20 32 25 | 10
#1612-d201 @A: 07 19 25 05 | 04
#1613-d201 @A: 22 18 03 15 | 11
#1614-d201 @A: 33 22 35 06 | 03
#1615-d201 @A: 04 01 22 24 | 05
#1616-d201 @A: 24 14 22 33 | 01
#1617-d201 @A: 11 23 22 33 | 07
#1618-d201 @A: 04 22 15 29 | 06
#1619-d201 @A: 13 22 32 11 | 02
#1620-d201 @A: 06 04 18 30 | 09
#1621-d201 @A: 01 10 18 14 | 08
#1622-d201 @A: 18 08 19 01 | 12
#1623-d201 @A: 13 18 24 34 | 10
#1624-d201 @A: 24 28 18 35 | 04
#1625-d201 @A: 18 19 12 15 | 11
#1626-d201 @A: 18 31 29 35 | 03
#1627-d201 @A: 08 31 21 06 | 05
#1628-d201 @A: 33 01 13 06 | 01
#1629-d201 @A: 01 06 05 23 | 07
#1630-d201 @A: 01 35 06 17 | 06
#1631-d201 @A: 15 29 06 19 | 02
#1632-d201 @A: 29 14 06 28 | 09
#1633-d201 @A: 06 34 03 12 | 08
#1634-d201 @A: 31 05 06 13 | 12
#1635-d201 @A: 09 12 17 06 | 10
#1636-d201 @A: 04 06 32 08 | 04
#1637-d201 @A: 01 11 33 21 | 11
#1638-d201 @A: 24 28 26 21 | 03
#1639-d201 @A: 34 21 10 26 | 05
#1640-d201 @A: 10 09 32 21 | 01
#1641-d201 @A: 35 09 21 26 | 07
#1642-d201 @A: 08 21 26 07 | 06
#1643-d201 @A: 24 08 01 31 | 02
#1644-d201 @A: 01 15 07 03 | 09
#1645-d201 @A: 34 09 01 04 | 08
#1646-d201 @A: 05 07 01 09 | 12
#1647-d201 @A: 32 12 01 14 | 10
#1648-d201 @A: 01 09 35 14 | 04
#1649-d201 @A: 31 13 26 01 | 11
#1650-d201 @A: 24 32 28 29 | 03
#1651-d201 @A: 24 03 23 13 | 05
#1652-d201 @A: 35 34 09 24 | 01
#1653-d201 @A: 19 24 30 04 | 07
#1654-d201 @A: 26 17 24 05 | 06
#1655-d201 @A: 24 32 31 13 | 02
#1656-d201 @A: 35 17 20 33 | 09
#1657-d201 @A: 15 29 11 34 | 08
#1658-d201 @A: 31 10 14 15 | 12
#1659-d201 @A: 15 13 08 20 | 10
#1660-d201 @A: 05 15 09 17 | 04
#1661-d201 @A: 15 13 05 19 | 11
#1662-d201 @A: 15 11 12 35 | 03
#1663-d201 @A: 32 07 15 14 | 05
#1664-d201 @A: 15 11 19 08 | 01
#1665-d201 @A: 14 15 19 35 | 07
#1666-d201 @A: 29 08 23 10 | 06
#1667-d201 @A: 34 26 03 29 | 02
#1668-d201 @A: 29 14 26 05 | 09
#1669-d201 @A: 08 04 11 29 | 08
#1670-d201 @A: 29 17 26 31 | 12
#1671-d201 @A: 11 19 10 26 | 10
#1672-d201 @A: 09 17 08 10 | 04
#1673-d201 @A: 17 13 10 31 | 11
#1674-d201 @A: 35 07 14 10 | 03
#1675-d201 @A: 05 11 08 03 | 05
#1676-d201 @A: 32 26 03 08 | 01
#1677-d201 @A: 07 03 13 14 | 07
#1678-d201 @A: 30 17 04 34 | 06
#1679-d201 @A: 11 34 14 20 | 02
#1680-d201 @A: 08 13 34 12 | 09
#1681-d201 @A: 05 23 12 28 | 08
#1682-d201 @A: 19 17 28 23 | 12
#1683-d201 @A: 30 28 09 07 | 10
#1684-d201 @A: 11 04 28 20 | 04
#1685-d201 @A: 13 28 31 20 | 11
#1686-d201 @A: 08 28 12 07 | 03
#1687-d201 @A: 30 05 04 31 | 05
#1688-d201 @A: 35 31 20 09 | 01
#1689-d201 @A: 19 07 31 13 | 07
