#0001-d236 @A: 27 11 35 02 | 01
#0002-d236 @A: 27 33 11 09 | 07
#0003-d236 @A: 17 02 22 27 | 03
#0004-d236 @A: 22 30 26 27 | 10
#0005-d236 @A: 27 34 03 02 | 09
#0006-d236 @A: 34 17 15 27 | 04
#0007-d236 @A: 34 21 07 27 | 02
#0008-d236 @A: 28 27 23 09 | 12
#0009-d236 @A: 15 27 18 32 | 08
#0010-d236 @A: 27 04 16 12 | 06
#0011-d236 @A: 31 21 11 29 | 11
#0012-d236 @A: 01 22 26 11 | 05
#0013-d236 @A: 11 22 23 17 | 01
#0014-d236 @A: 11 34 35 03 | 07
#0015-d236 @A: 35 16 15 11 | 03
#0016-d236 @A: 32 35 28 11 | 10
#0017-d236 @A: 35 14 04 11 | 09
#0018-d236 @A: 06 11 01 02 | 04
#0019-d236 @A: 14 06 09 11 | 02
#0020-d236 @A: 12 26 11 34 | 12
#0021-d236 @A: 34 17 08 11 | 08
#0022-d236 @A: 11 24 13 34 | 06
#0023-d236 @A: 14 11 03 23 | 11
#0024-d236 @A: 11 15 14 30 | 05
#0025-d236 @A: 21 16 11 10 | 01
#0026-d236 @A: 11 05 33 01 | 07
#0027-d236 @A: 15 07 19 22 | 03
#0028-d236 @A: 19 22 28 12 | 10
#0029-d236 @A: 22 21 19 01 | 09
#0030-d236 @A: 17 13 35 19 | 04
#0031-d236 @A: 19 32 20 16 | 02
#0032-d236 @A: 19 06 02 10 | 12
#0033-d236 @A: 19 29 14 06 | 08
#0034-d236 @A: 02 12 15 19 | 06
#0035-d236 @A: 01 23 14 19 | 11
#0036-d236 @A: 32 08 14 19 | 05
#0037-d236 @A: 14 19 04 12 | 01
#0038-d236 @A: 12 19 24 16 | 07
#0039-d236 @A: 09 35 22 31 | 03
#0040-d236 @A: 02 22 12 31 | 10
#0041-d236 @A: 22 30 31 25 | 09
#0042-d236 @A: 33 20 31 35 | 04
#0043-d236 @A: 31 20 09 26 | 02
#0044-d236 @A: 31 06 13 10 | 12
#0045-d236 @A: 31 08 29 02 | 08
#0046-d236 @A: 31 05 28 26 | 06
#0047-d236 @A: 31 13 03 34 | 11
#0048-d236 @A: 31 24 25 15 | 05
#0049-d236 @A: 31 13 16 14 | 01
#0050-d236 @A: 13 31 24 12 | 07
#0051-d236 @A: 01 09 31 33 | 03
#0052-d236 @A: 05 09 21 31 | 10
#0053-d236 @A: 23 35 12 22 | 09
#0054-d236 @A: 22 07 35 14 | 04
#0055-d236 @A: 20 33 22 23 | 02
#0056-d236 @A: 02 23 29 22 | 12
#0057-d236 @A: 10 02 28 22 | 08
#0058-d236 @A: 23 07 22 34 | 06
#0059-d236 @A: 08 23 30 22 | 11
#0060-d236 @A: 05 22 13 08 | 05
#0061-d236 @A: 03 33 24 22 | 01
#0062-d236 @A: 17 05 22 24 | 07
#0063-d236 @A: 21 22 24 18 | 03
#0064-d236 @A: 07 03 29 22 | 10
#0065-d236 @A: 12 10 07 22 | 09
#0066-d236 @A: 02 35 16 10 | 04
#0067-d236 @A: 35 17 26 23 | 02
#0068-d236 @A: 35 29 24 32 | 12
#0069-d236 @A: 09 04 12 35 | 08
#0070-d236 @A: 01 29 35 17 | 06
#0071-d236 @A: 03 06 08 20 | 11
#0072-d236 @A: 20 06 14 04 | 05
#0073-d236 @A: 28 02 20 04 | 01
#0074-d236 @A: 15 26 04 20 | 07
#0075-d236 @A: 16 25 14 20 | 03
#0076-d236 @A: 33 20 08 18 | 10
#0077-d236 @A: 20 09 28 15 | 09
#0078-d236 @A: 20 05 04 17 | 04
#0079-d236 @A: 30 33 20 29 | 02
#0080-d236 @A: 12 09 20 07 | 12
#0081-d236 @A: 01 30 21 20 | 08
#0082-d236 @A: 18 20 17 03 | 06
#0083-d236 @A: 06 02 29 26 | 11
#0084-d236 @A: 26 33 01 06 | 05
#0085-d236 @A: 23 06 15 03 | 01
#0086-d236 @A: 18 24 23 06 | 07
#0087-d236 @A: 06 23 29 16 | 03
#0088-d236 @A: 28 08 06 10 | 10
#0089-d236 @A: 06 29 13 32 | 09
#0090-d236 @A: 33 06 15 28 | 04
#0091-d236 @A: 21 16 06 24 | 02
#0092-d236 @A: 04 09 06 29 | 12
#0093-d236 @A: 06 05 17 29 | 08
#0094-d236 @A: 05 06 30 07 | 06
#0095-d236 @A: 13 02 14 30 | 11
#0096-d236 @A: 05 03 09 02 | 05
#0097-d236 @A: 07 26 34 16 | 01
#0098-d236 @A: 28 08 26 01 | 07
#0099-d236 @A: 16 13 26 09 | 03
#0100-d236 @A: 26 16 24 04 | 10
#0101-d236 @A: 10 07 05 26 | 09
#0102-d236 @A: 32 26 17 18 | 04
#0103-d236 @A: 25 23 16 34 | 02
#0104-d236 @A: 13 01 23 34 | 12
#0105-d236 @A: 28 34 03 18 | 08
#0106-d236 @A: 03 29 34 09 | 06
#0107-d236 @A: 12 01 30 34 | 11
#0108-d236 @A: 32 30 34 29 | 05
#0109-d236 @A: 28 08 09 25 | 01
#0110-d236 @A: 12 08 14 25 | 07
#0111-d236 @A: 15 10 25 28 | 03
#0112-d236 @A: 10 24 03 25 | 10
#0113-d236 @A: 05 25 32 16 | 09
#0114-d236 @A: 01 04 25 10 | 04
#0115-d236 @A: 17 07 12 25 | 02
#0116-d236 @A: 04 16 01 23 | 12
#0117-d236 @A: 23 21 03 09 | 08
#0118-d236 @A: 23 18 07 32 | 06
#0119-d236 @A: 28 13 14 08 | 11
#0120-d236 @A: 29 04 18 08 | 05
#0121-d236 @A: 08 12 09 01 | 01
#0122-d236 @A: 08 07 12 21 | 07
#0123-d236 @A: 28 13 15 04 | 03
#0124-d236 @A: 24 13 29 10 | 10
#0125-d236 @A: 03 13 09 04 | 09
#0126-d236 @A: 07 13 01 03 | 04
#0127-d236 @A: 32 07 15 01 | 02
#0128-d236 @A: 07 05 32 28 | 12
#0129-d236 @A: 10 28 32 30 | 08
#0130-d236 @A: 24 14 21 33 | 06
#0131-d236 @A: 17 33 14 29 | 11
#0132-d236 @A: 03 29 05 14 | 05
#0133-d236 @A: 10 32 07 04 | 01
#0134-d236 @A: 04 11 03 27 | 07
#0135-d236 @A: 19 24 27 13 | 03
#0136-d236 @A: 18 21 27 19 | 10
#0137-d236 @A: 28 22 27 04 | 09
#0138-d236 @A: 35 34 09 27 | 04
#0139-d236 @A: 35 27 14 17 | 02
#0140-d236 @A: 27 24 34 20 | 12
#0141-d236 @A: 27 05 06 32 | 08
#0142-d236 @A: 15 25 27 02 | 06
#0143-d236 @A: 16 27 02 23 | 11
#0144-d236 @A: 24 27 29 02 | 05
#0145-d236 @A: 02 21 32 27 | 01
#0146-d236 @A: 27 04 23 26 | 07
#0147-d236 @A: 26 08 27 10 | 03
#0148-d236 @A: 09 10 25 27 | 10
#0149-d236 @A: 27 23 33 15 | 09
#0150-d236 @A: 08 21 27 14 | 04
#0151-d236 @A: 27 03 16 21 | 02
#0152-d236 @A: 27 05 03 33 | 12
#0153-d236 @A: 09 27 17 03 | 08
#0154-d236 @A: 03 27 01 29 | 06
#0155-d236 @A: 20 19 30 11 | 11
#0156-d236 @A: 11 19 34 07 | 05
#0157-d236 @A: 31 16 26 11 | 01
#0158-d236 @A: 03 11 22 15 | 07
#0159-d236 @A: 11 17 35 06 | 03
#0160-d236 @A: 35 11 28 07 | 10
#0161-d236 @A: 06 11 25 29 | 09
#0162-d236 @A: 32 11 34 04 | 04
#0163-d236 @A: 11 30 09 34 | 02
#0164-d236 @A: 25 10 11 30 | 12
#0165-d236 @A: 23 12 28 11 | 08
#0166-d236 @A: 33 08 14 11 | 06
#0167-d236 @A: 16 11 28 24 | 11
#0168-d236 @A: 31 26 32 19 | 05
#0169-d236 @A: 30 23 19 31 | 01
#0170-d236 @A: 09 02 22 19 | 07
#0171-d236 @A: 19 04 22 32 | 03
#0172-d236 @A: 21 02 35 19 | 10
#0173-d236 @A: 06 34 19 30 | 09
#0174-d236 @A: 26 08 19 04 | 04
#0175-d236 @A: 28 19 25 21 | 02
#0176-d236 @A: 08 23 07 19 | 12
#0177-d236 @A: 19 32 05 23 | 08
#0178-d236 @A: 14 08 19 18 | 06
#0179-d236 @A: 29 09 21 19 | 11
#0180-d236 @A: 31 14 35 18 | 05
#0181-d236 @A: 31 20 32 15 | 01
#0182-d236 @A: 02 31 24 26 | 07
#0183-d236 @A: 26 23 31 12 | 03
#0184-d236 @A: 33 32 25 31 | 10
#0185-d236 @A: 12 16 08 31 | 09
#0186-d236 @A: 08 17 21 31 | 04
#0187-d236 @A: 31 01 16 05 | 02
#0188-d236 @A: 17 31 04 09 | 12
#0189-d236 @A: 30 05 31 12 | 08
#0190-d236 @A: 20 06 22 01 | 06
#0191-d236 @A: 04 22 02 16 | 11
#0192-d236 @A: 26 09 24 22 | 05
#0193-d236 @A: 34 10 15 22 | 01
#0194-d236 @A: 15 08 25 22 | 07
#0195-d236 @A: 07 24 16 22 | 03
#0196-d236 @A: 21 22 17 33 | 10
#0197-d236 @A: 22 10 05 21 | 09
#0198-d236 @A: 25 34 35 20 | 04
#0199-d236 @A: 20 13 35 03 | 02
#0200-d236 @A: 26 35 18 06 | 12
#0201-d236 @A: 35 26 24 33 | 08
#0202-d236 @A: 35 01 14 34 | 06
#0203-d236 @A: 14 23 16 35 | 11
#0204-d236 @A: 04 15 35 05 | 05
#0205-d236 @A: 35 09 28 01 | 01
#0206-d236 @A: 24 09 16 35 | 07
#0207-d236 @A: 01 03 32 35 | 03
#0208-d236 @A: 12 18 35 32 | 10
#0209-d236 @A: 20 02 03 23 | 09
#0210-d236 @A: 20 21 26 34 | 04
#0211-d236 @A: 30 20 26 08 | 02
#0212-d236 @A: 23 07 20 25 | 12
#0213-d236 @A: 09 13 25 20 | 08
#0214-d236 @A: 24 25 20 04 | 06
#0215-d236 @A: 13 20 15 33 | 11
#0216-d236 @A: 32 13 14 20 | 05
#0217-d236 @A: 15 14 20 03 | 01
#0218-d236 @A: 17 24 20 01 | 07
#0219-d236 @A: 18 20 04 09 | 03
#0220-d236 @A: 20 21 10 32 | 10
#0221-d236 @A: 06 13 26 21 | 09
#0222-d236 @A: 06 29 13 34 | 04
#0223-d236 @A: 07 06 34 28 | 02
#0224-d236 @A: 06 29 08 33 | 12
#0225-d236 @A: 10 21 14 06 | 08
#0226-d236 @A: 17 30 01 06 | 06
#0227-d236 @A: 32 21 06 30 | 11
#0228-d236 @A: 05 15 23 02 | 05
#0229-d236 @A: 15 01 21 02 | 01
#0230-d236 @A: 02 07 24 33 | 07
#0231-d236 @A: 24 02 21 30 | 03
#0232-d236 @A: 18 02 07 04 | 10
#0233-d236 @A: 02 12 18 10 | 09
#0234-d236 @A: 34 26 29 14 | 04
#0235-d236 @A: 08 26 05 25 | 02
#0236-d236 @A: 10 23 26 09 | 12
#0237-d236 @A: 03 29 08 26 | 08
#0238-d236 @A: 30 05 26 33 | 06
#0239-d236 @A: 26 01 05 18 | 11
#0240-d236 @A: 30 26 21 10 | 05
#0241-d236 @A: 29 18 26 10 | 01
#0242-d236 @A: 18 17 26 07 | 07
#0243-d236 @A: 34 30 25 14 | 03
#0244-d236 @A: 23 34 24 28 | 10
#0245-d236 @A: 33 23 14 34 | 09
#0246-d236 @A: 34 33 10 03 | 04
#0247-d236 @A: 05 34 18 30 | 02
#0248-d236 @A: 18 08 25 23 | 12
#0249-d236 @A: 25 09 15 23 | 08
#0250-d236 @A: 13 01 25 30 | 06
#0251-d236 @A: 25 12 30 15 | 11
#0252-d236 @A: 16 04 05 25 | 05
#0253-d236 @A: 12 25 03 04 | 01
#0254-d236 @A: 03 05 30 25 | 07
#0255-d236 @A: 23 17 12 08 | 03
#0256-d236 @A: 03 08 32 23 | 10
#0257-d236 @A: 23 13 17 15 | 09
#0258-d236 @A: 23 05 30 28 | 04
#0259-d236 @A: 24 08 09 10 | 02
#0260-d236 @A: 01 08 24 30 | 12
#0261-d236 @A: 16 08 10 18 | 08
#0262-d236 @A: 04 08 21 01 | 06
#0263-d236 @A: 08 33 05 07 | 11
#0264-d236 @A: 05 12 10 08 | 05
#0265-d236 @A: 07 04 13 30 | 01
#0266-d236 @A: 07 13 33 21 | 07
#0267-d236 @A: 15 17 07 10 | 03
#0268-d236 @A: 28 30 21 14 | 10
#0269-d236 @A: 30 28 33 18 | 09
#0270-d236 @A: 28 01 10 12 | 04
#0271-d236 @A: 01 14 05 04 | 02
#0272-d236 @A: 04 18 14 10 | 12
#0273-d236 @A: 14 03 33 12 | 08
#0274-d236 @A: 05 07 09 14 | 06
#0275-d236 @A: 17 14 21 05 | 11
#0276-d236 @A: 14 12 07 18 | 05
#0277-d236 @A: 35 33 27 19 | 01
#0278-d236 @A: 25 27 04 19 | 07
#0279-d236 @A: 19 14 27 30 | 03
#0280-d236 @A: 31 02 10 27 | 10
#0281-d236 @A: 26 27 17 31 | 09
#0282-d236 @A: 22 10 27 06 | 04
#0283-d236 @A: 24 35 27 25 | 02
#0284-d236 @A: 30 20 28 27 | 12
#0285-d236 @A: 27 20 10 05 | 08
#0286-d236 @A: 30 25 27 08 | 06
#0287-d236 @A: 10 27 14 23 | 11
#0288-d236 @A: 03 14 13 27 | 05
#0289-d236 @A: 13 04 27 01 | 01
#0290-d236 @A: 10 27 01 15 | 07
#0291-d236 @A: 05 27 16 07 | 03
#0292-d236 @A: 30 09 16 27 | 10
#0293-d236 @A: 16 29 27 17 | 09
#0294-d236 @A: 17 27 04 07 | 04
#0295-d236 @A: 21 33 27 01 | 02
#0296-d236 @A: 09 27 29 18 | 12
#0297-d236 @A: 30 27 18 10 | 08
#0298-d236 @A: 35 11 29 19 | 06
#0299-d236 @A: 11 06 15 31 | 11
#0300-d236 @A: 14 11 29 22 | 05
#0301-d236 @A: 11 20 35 01 | 01
#0302-d236 @A: 15 02 29 11 | 07
#0303-d236 @A: 32 08 11 33 | 03
#0304-d236 @A: 11 15 09 13 | 10
#0305-d236 @A: 29 04 13 11 | 09
#0306-d236 @A: 10 11 32 13 | 04
#0307-d236 @A: 11 28 05 15 | 02
#0308-d236 @A: 01 11 18 24 | 12
#0309-d236 @A: 18 11 09 17 | 08
#0310-d236 @A: 03 29 11 18 | 06
#0311-d236 @A: 19 31 06 21 | 11
#0312-d236 @A: 19 18 31 02 | 05
#0313-d236 @A: 22 19 05 06 | 01
#0314-d236 @A: 22 33 14 19 | 07
#0315-d236 @A: 35 19 07 06 | 03
#0316-d236 @A: 13 06 19 08 | 10
#0317-d236 @A: 19 24 01 06 | 09
#0318-d236 @A: 33 19 23 02 | 04
#0319-d236 @A: 23 16 28 19 | 02
#0320-d236 @A: 13 33 28 19 | 12
#0321-d236 @A: 32 19 15 30 | 08
#0322-d236 @A: 30 19 04 05 | 06
#0323-d236 @A: 18 12 19 03 | 11
#0324-d236 @A: 22 13 32 31 | 05
#0325-d236 @A: 34 35 31 29 | 01
#0326-d236 @A: 31 09 24 06 | 07
#0327-d236 @A: 04 02 15 31 | 03
#0328-d236 @A: 31 02 03 28 | 10
#0329-d236 @A: 31 25 26 18 | 09
#0330-d236 @A: 08 26 33 31 | 04
#0331-d236 @A: 31 14 26 04 | 02
#0332-d236 @A: 24 31 32 23 | 12
#0333-d236 @A: 16 31 09 23 | 08
#0334-d236 @A: 28 04 31 08 | 06
#0335-d236 @A: 13 30 29 31 | 11
#0336-d236 @A: 31 04 29 16 | 05
#0337-d236 @A: 31 04 03 01 | 01
#0338-d236 @A: 22 20 35 17 | 07
#0339-d236 @A: 06 29 35 22 | 03
#0340-d236 @A: 34 22 33 35 | 10
#0341-d236 @A: 20 22 08 02 | 09
#0342-d236 @A: 22 30 20 34 | 04
#0343-d236 @A: 16 22 06 25 | 02
#0344-d236 @A: 26 22 21 02 | 12
#0345-d236 @A: 03 08 22 09 | 08
#0346-d236 @A: 16 22 13 29 | 06
#0347-d236 @A: 05 30 14 22 | 11
#0348-d236 @A: 04 12 22 21 | 05
#0349-d236 @A: 35 20 32 02 | 01
#0350-d236 @A: 20 26 07 35 | 07
#0351-d236 @A: 33 06 13 35 | 03
#0352-d236 @A: 35 02 23 24 | 10
#0353-d236 @A: 32 35 16 26 | 09
#0354-d236 @A: 35 05 08 23 | 04
#0355-d236 @A: 35 33 17 04 | 02
#0356-d236 @A: 33 29 35 10 | 12
#0357-d236 @A: 20 06 12 34 | 08
#0358-d236 @A: 17 20 33 06 | 06
#0359-d236 @A: 05 13 26 20 | 11
#0360-d236 @A: 20 16 08 34 | 05
#0361-d236 @A: 20 10 04 34 | 01
#0362-d236 @A: 08 24 23 20 | 07
#0363-d236 @A: 20 23 18 14 | 03
#0364-d236 @A: 20 16 28 01 | 10
#0365-d236 @A: 03 16 09 20 | 09
#0366-d236 @A: 20 07 04 01 | 04
#0367-d236 @A: 20 05 09 30 | 02
#0368-d236 @A: 20 10 09 21 | 12
#0369-d236 @A: 02 25 21 06 | 08
#0370-d236 @A: 12 23 02 06 | 06
#0371-d236 @A: 05 02 16 06 | 11
#0372-d236 @A: 09 25 06 26 | 05
#0373-d236 @A: 23 06 10 25 | 01
#0374-d236 @A: 15 12 06 13 | 07
#0375-d236 @A: 13 06 05 09 | 03
#0376-d236 @A: 10 06 16 04 | 10
#0377-d236 @A: 30 03 06 09 | 09
#0378-d236 @A: 26 30 02 17 | 04
#0379-d236 @A: 34 13 17 02 | 02
#0380-d236 @A: 02 28 07 25 | 12
#0381-d236 @A: 24 02 15 28 | 08
#0382-d236 @A: 29 14 02 18 | 06
#0383-d236 @A: 16 02 17 24 | 11
#0384-d236 @A: 09 12 02 16 | 05
#0385-d236 @A: 01 04 12 02 | 01
#0386-d236 @A: 02 30 09 07 | 07
#0387-d236 @A: 34 26 10 28 | 03
#0388-d236 @A: 32 28 34 26 | 10
#0389-d236 @A: 25 13 32 26 | 09
#0390-d236 @A: 24 26 14 25 | 04
#0391-d236 @A: 26 24 05 29 | 02
#0392-d236 @A: 12 26 24 17 | 12
#0393-d236 @A: 07 33 04 26 | 08
#0394-d236 @A: 03 26 21 17 | 06
#0395-d236 @A: 10 32 25 34 | 11
#0396-d236 @A: 21 34 08 32 | 05
#0397-d236 @A: 34 04 24 21 | 01
#0398-d236 @A: 03 07 04 34 | 07
#0399-d236 @A: 10 07 34 01 | 03
#0400-d236 @A: 23 01 25 12 | 10
#0401-d236 @A: 13 28 24 25 | 09
#0402-d236 @A: 14 25 04 13 | 04
#0403-d236 @A: 25 07 10 16 | 02
#0404-d236 @A: 07 09 03 25 | 12
#0405-d236 @A: 03 01 17 25 | 08
#0406-d236 @A: 09 08 23 33 | 06
#0407-d236 @A: 13 28 07 23 | 11
#0408-d236 @A: 33 32 23 28 | 05
#0409-d236 @A: 23 24 07 01 | 01
#0410-d236 @A: 16 23 17 05 | 07
#0411-d236 @A: 05 23 07 21 | 03
#0412-d236 @A: 09 23 30 17 | 10
#0413-d236 @A: 08 13 24 15 | 09
#0414-d236 @A: 13 32 08 01 | 04
#0415-d236 @A: 01 17 08 33 | 02
#0416-d236 @A: 08 21 33 10 | 12
#0417-d236 @A: 33 13 14 10 | 08
#0418-d236 @A: 12 04 13 10 | 06
#0419-d236 @A: 12 13 30 21 | 11
#0420-d236 @A: 33 09 04 15 | 05
#0421-d236 @A: 29 33 15 03 | 01
#0422-d236 @A: 12 05 15 09 | 07
#0423-d236 @A: 05 15 03 10 | 03
#0424-d236 @A: 32 15 03 12 | 10
#0425-d236 @A: 21 16 28 04 | 09
#0426-d236 @A: 12 33 28 29 | 04
#0427-d236 @A: 17 01 28 05 | 02
#0428-d236 @A: 03 30 10 28 | 12
#0429-d236 @A: 32 14 24 03 | 08
#0430-d236 @A: 30 14 24 10 | 06
#0431-d236 @A: 16 33 07 14 | 11
#0432-d236 @A: 32 14 16 29 | 05
#0433-d236 @A: 32 24 33 18 | 01
#0434-d236 @A: 32 30 33 03 | 07
#0435-d236 @A: 07 12 29 32 | 03
#0436-d236 @A: 27 11 01 31 | 10
#0437-d236 @A: 16 27 11 20 | 09
#0438-d236 @A: 19 06 20 27 | 04
#0439-d236 @A: 25 27 31 33 | 02
#0440-d236 @A: 27 07 23 31 | 12
#0441-d236 @A: 31 09 14 27 | 08
#0442-d236 @A: 27 14 18 22 | 06
#0443-d236 @A: 06 27 35 12 | 11
#0444-d236 @A: 27 25 18 20 | 05
#0445-d236 @A: 20 27 08 09 | 01
#0446-d236 @A: 28 03 06 27 | 07
#0447-d236 @A: 27 07 09 06 | 03
#0448-d236 @A: 02 27 08 04 | 10
#0449-d236 @A: 02 05 21 27 | 09
#0450-d236 @A: 02 27 12 30 | 04
#0451-d236 @A: 27 26 15 12 | 02
#0452-d236 @A: 05 14 34 27 | 12
#0453-d236 @A: 34 30 04 27 | 08
#0454-d236 @A: 28 27 05 13 | 06
#0455-d236 @A: 24 14 16 27 | 11
#0456-d236 @A: 16 10 33 27 | 05
#0457-d236 @A: 17 01 12 27 | 01
#0458-d236 @A: 11 09 19 08 | 07
#0459-d236 @A: 10 11 22 31 | 03
#0460-d236 @A: 04 11 23 20 | 10
#0461-d236 @A: 29 11 05 20 | 09
#0462-d236 @A: 26 30 06 11 | 04
#0463-d236 @A: 06 08 11 12 | 02
#0464-d236 @A: 02 13 21 11 | 12
#0465-d236 @A: 10 23 11 29 | 08
#0466-d236 @A: 11 07 12 15 | 06
#0467-d236 @A: 24 03 11 30 | 11
#0468-d236 @A: 11 12 05 16 | 05
#0469-d236 @A: 03 33 07 11 | 01
#0470-d236 @A: 10 11 09 05 | 07
#0471-d236 @A: 12 21 11 01 | 03
#0472-d236 @A: 10 11 17 01 | 10
#0473-d236 @A: 19 25 18 22 | 09
#0474-d236 @A: 08 19 35 16 | 04
#0475-d236 @A: 34 19 29 28 | 02
#0476-d236 @A: 07 17 19 24 | 12
#0477-d236 @A: 01 19 33 32 | 08
#0478-d236 @A: 07 05 01 19 | 06
#0479-d236 @A: 22 21 31 16 | 11
#0480-d236 @A: 20 16 31 15 | 05
#0481-d236 @A: 08 07 31 06 | 01
#0482-d236 @A: 06 18 31 28 | 07
#0483-d236 @A: 31 34 21 25 | 03
#0484-d236 @A: 31 34 14 12 | 10
#0485-d236 @A: 31 28 01 25 | 09
#0486-d236 @A: 31 10 28 33 | 04
#0487-d236 @A: 33 31 32 16 | 02
#0488-d236 @A: 31 04 12 07 | 12
#0489-d236 @A: 10 31 07 21 | 08
#0490-d236 @A: 03 31 12 10 | 06
#0491-d236 @A: 32 03 31 10 | 11
#0492-d236 @A: 22 20 16 26 | 05
#0493-d236 @A: 20 07 22 28 | 01
#0494-d236 @A: 10 20 22 18 | 07
#0495-d236 @A: 22 04 18 06 | 03
#0496-d236 @A: 07 22 02 32 | 10
#0497-d236 @A: 34 08 12 22 | 09
#0498-d236 @A: 13 22 09 18 | 04
#0499-d236 @A: 22 15 14 21 | 02
#0500-d236 @A: 22 16 05 18 | 12
#0501-d236 @A: 09 22 07 33 | 08
#0502-d236 @A: 17 22 09 12 | 06
#0503-d236 @A: 22 12 01 18 | 11
#0504-d236 @A: 35 08 20 12 | 05
#0505-d236 @A: 35 28 20 05 | 01
#0506-d236 @A: 13 02 35 01 | 07
#0507-d236 @A: 30 34 35 23 | 03
#0508-d236 @A: 25 08 35 17 | 10
#0509-d236 @A: 33 03 23 35 | 09
#0510-d236 @A: 35 24 01 04 | 04
#0511-d236 @A: 17 35 24 03 | 02
#0512-d236 @A: 32 17 04 35 | 12
#0513-d236 @A: 35 18 01 33 | 08
#0514-d236 @A: 18 03 35 09 | 06
#0515-d236 @A: 20 09 06 23 | 11
#0516-d236 @A: 12 20 14 02 | 05
#0517-d236 @A: 25 08 20 29 | 01
#0518-d236 @A: 28 20 25 03 | 07
#0519-d236 @A: 28 23 20 10 | 03
#0520-d236 @A: 20 29 07 15 | 10
#0521-d236 @A: 04 03 33 20 | 09
#0522-d236 @A: 20 09 33 32 | 04
#0523-d236 @A: 21 05 03 20 | 02
#0524-d236 @A: 03 20 12 30 | 12
#0525-d236 @A: 06 14 16 34 | 08
#0526-d236 @A: 06 18 25 13 | 06
#0527-d236 @A: 25 06 28 05 | 11
#0528-d236 @A: 14 25 06 01 | 05
#0529-d236 @A: 08 15 17 06 | 01
#0530-d236 @A: 17 06 32 09 | 07
#0531-d236 @A: 01 06 21 03 | 03
#0532-d236 @A: 18 29 06 21 | 10
#0533-d236 @A: 03 02 26 15 | 09
#0534-d236 @A: 18 02 34 32 | 04
#0535-d236 @A: 09 18 02 24 | 02
#0536-d236 @A: 15 07 13 26 | 12
#0537-d236 @A: 29 26 13 28 | 08
#0538-d236 @A: 15 32 21 26 | 06
#0539-d236 @A: 26 03 01 12 | 11
#0540-d236 @A: 26 12 30 07 | 05
#0541-d236 @A: 34 04 28 25 | 01
#0542-d236 @A: 16 34 13 04 | 07
#0543-d236 @A: 14 34 03 17 | 03
#0544-d236 @A: 24 33 34 05 | 10
#0545-d236 @A: 34 17 09 24 | 09
#0546-d236 @A: 34 17 04 29 | 04
#0547-d236 @A: 17 05 10 34 | 02
#0548-d236 @A: 25 33 15 14 | 12
#0549-d236 @A: 29 25 33 05 | 08
#0550-d236 @A: 21 03 25 32 | 06
#0551-d236 @A: 25 29 12 10 | 11
#0552-d236 @A: 17 32 25 30 | 05
#0553-d236 @A: 23 07 33 18 | 01
#0554-d236 @A: 01 23 17 21 | 07
#0555-d236 @A: 08 13 03 16 | 03
#0556-d236 @A: 18 15 21 08 | 10
#0557-d236 @A: 24 08 17 04 | 09
#0558-d236 @A: 24 29 08 07 | 04
#0559-d236 @A: 05 30 08 21 | 02
#0560-d236 @A: 13 05 12 07 | 12
#0561-d236 @A: 15 07 04 24 | 08
#0562-d236 @A: 09 18 16 15 | 06
#0563-d236 @A: 17 15 32 05 | 11
#0564-d236 @A: 15 29 18 17 | 05
#0565-d236 @A: 28 24 05 04 | 01
#0566-d236 @A: 18 21 28 05 | 07
#0567-d236 @A: 32 03 28 18 | 03
#0568-d236 @A: 14 21 01 18 | 10
#0569-d236 @A: 03 16 07 32 | 09
#0570-d236 @A: 11 06 27 21 | 04
#0571-d236 @A: 34 27 11 25 | 02
#0572-d236 @A: 15 27 11 24 | 12
#0573-d236 @A: 22 31 03 27 | 08
#0574-d236 @A: 27 13 31 21 | 06
#0575-d236 @A: 31 27 28 12 | 11
#0576-d236 @A: 08 27 22 33 | 05
#0577-d236 @A: 13 10 27 35 | 01
#0578-d236 @A: 13 30 27 06 | 07
#0579-d236 @A: 06 27 29 15 | 03
#0580-d236 @A: 06 14 33 27 | 10
#0581-d236 @A: 27 14 01 26 | 09
#0582-d236 @A: 27 28 25 16 | 04
#0583-d236 @A: 27 24 07 10 | 02
#0584-d236 @A: 27 05 12 29 | 12
#0585-d236 @A: 15 19 11 18 | 08
#0586-d236 @A: 11 10 19 14 | 06
#0587-d236 @A: 11 20 03 31 | 11
#0588-d236 @A: 33 31 11 02 | 05
#0589-d236 @A: 28 30 11 31 | 01
#0590-d236 @A: 22 09 11 20 | 07
#0591-d236 @A: 11 24 06 22 | 03
#0592-d236 @A: 22 34 11 05 | 10
#0593-d236 @A: 33 25 11 22 | 09
#0594-d236 @A: 11 22 12 13 | 04
#0595-d236 @A: 28 22 11 21 | 02
#0596-d236 @A: 20 11 02 25 | 12
#0597-d236 @A: 02 11 23 09 | 08
#0598-d236 @A: 18 11 23 26 | 06
#0599-d236 @A: 34 14 18 11 | 11
#0600-d236 @A: 08 11 01 25 | 05
#0601-d236 @A: 11 25 16 18 | 01
#0602-d236 @A: 01 11 15 23 | 07
#0603-d236 @A: 01 14 11 16 | 03
#0604-d236 @A: 30 07 16 11 | 10
#0605-d236 @A: 05 04 18 11 | 09
#0606-d236 @A: 19 12 35 31 | 04
#0607-d236 @A: 10 34 31 19 | 02
#0608-d236 @A: 31 15 05 19 | 12
#0609-d236 @A: 09 03 31 19 | 08
#0610-d236 @A: 23 35 25 19 | 06
#0611-d236 @A: 10 26 19 16 | 11
#0612-d236 @A: 19 18 26 30 | 05
#0613-d236 @A: 03 08 19 34 | 01
#0614-d236 @A: 19 15 34 04 | 07
#0615-d236 @A: 13 10 19 23 | 03
#0616-d236 @A: 08 28 17 19 | 10
#0617-d236 @A: 19 10 29 15 | 09
#0618-d236 @A: 28 04 07 19 | 04
#0619-d236 @A: 33 03 19 01 | 02
#0620-d236 @A: 12 19 30 17 | 12
#0621-d236 @A: 20 30 31 14 | 08
#0622-d236 @A: 17 31 16 06 | 06
#0623-d236 @A: 16 02 30 31 | 11
#0624-d236 @A: 10 31 23 15 | 05
#0625-d236 @A: 03 24 05 31 | 01
#0626-d236 @A: 31 24 30 17 | 07
#0627-d236 @A: 17 31 03 33 | 03
#0628-d236 @A: 10 17 31 18 | 10
#0629-d236 @A: 07 06 22 17 | 09
#0630-d236 @A: 18 26 34 22 | 04
#0631-d236 @A: 22 23 28 18 | 02
#0632-d236 @A: 03 28 13 22 | 12
#0633-d236 @A: 22 28 05 33 | 08
#0634-d236 @A: 01 22 33 16 | 06
#0635-d236 @A: 22 10 16 09 | 11
#0636-d236 @A: 21 32 22 16 | 05
#0637-d236 @A: 30 33 22 12 | 01
#0638-d236 @A: 22 05 09 29 | 07
#0639-d236 @A: 10 03 17 22 | 03
#0640-d236 @A: 10 14 20 35 | 10
#0641-d236 @A: 35 15 06 10 | 09
#0642-d236 @A: 14 06 05 35 | 04
#0643-d236 @A: 02 08 18 35 | 02
#0644-d236 @A: 03 35 02 07 | 12
#0645-d236 @A: 35 08 28 33 | 08
#0646-d236 @A: 14 13 12 35 | 06
#0647-d236 @A: 09 35 15 17 | 11
#0648-d236 @A: 18 16 35 17 | 05
#0649-d236 @A: 01 05 35 30 | 01
#0650-d236 @A: 35 21 01 10 | 07
#0651-d236 @A: 12 35 29 03 | 03
#0652-d236 @A: 30 29 07 35 | 10
#0653-d236 @A: 20 02 13 24 | 09
#0654-d236 @A: 20 05 34 23 | 04
#0655-d236 @A: 28 32 12 20 | 02
#0656-d236 @A: 24 16 20 18 | 12
#0657-d236 @A: 05 33 16 20 | 08
#0658-d236 @A: 16 21 12 20 | 06
#0659-d236 @A: 20 29 09 17 | 11
#0660-d236 @A: 34 02 06 09 | 05
#0661-d236 @A: 08 18 34 06 | 01
#0662-d236 @A: 24 33 12 06 | 07
#0663-d236 @A: 01 06 16 12 | 03
#0664-d236 @A: 33 07 06 10 | 10
#0665-d236 @A: 06 09 21 17 | 09
#0666-d236 @A: 29 06 10 03 | 04
#0667-d236 @A: 34 18 25 02 | 02
#0668-d236 @A: 15 32 02 25 | 12
#0669-d236 @A: 02 05 14 25 | 08
#0670-d236 @A: 02 09 08 13 | 06
#0671-d236 @A: 02 07 15 08 | 11
#0672-d236 @A: 02 03 08 33 | 05
#0673-d236 @A: 13 10 15 02 | 01
#0674-d236 @A: 15 16 33 02 | 07
#0675-d236 @A: 16 01 29 02 | 03
#0676-d236 @A: 10 01 05 02 | 10
#0677-d236 @A: 05 02 30 29 | 09
#0678-d236 @A: 15 09 34 26 | 04
#0679-d236 @A: 26 25 15 16 | 02
#0680-d236 @A: 25 30 28 26 | 12
#0681-d236 @A: 24 26 08 18 | 08
#0682-d236 @A: 17 26 08 16 | 06
#0683-d236 @A: 15 30 01 26 | 11
#0684-d236 @A: 26 28 12 04 | 05
#0685-d236 @A: 01 29 04 26 | 01
#0686-d236 @A: 33 03 26 09 | 07
#0687-d236 @A: 30 32 26 12 | 03
#0688-d236 @A: 34 05 09 25 | 10
#0689-d236 @A: 34 09 04 23 | 09
#0690-d236 @A: 13 34 14 09 | 04
#0691-d236 @A: 15 34 14 07 | 02
#0692-d236 @A: 16 18 29 34 | 12
#0693-d236 @A: 05 34 07 29 | 08
#0694-d236 @A: 21 30 03 34 | 06
#0695-d236 @A: 24 33 08 25 | 11
#0696-d236 @A: 15 29 25 13 | 05
#0697-d236 @A: 28 29 18 25 | 01
#0698-d236 @A: 09 25 17 16 | 07
#0699-d236 @A: 25 30 18 07 | 03
#0700-d236 @A: 23 07 16 12 | 10
#0701-d236 @A: 30 10 23 33 | 09
#0702-d236 @A: 23 18 30 29 | 04
#0703-d236 @A: 03 07 23 17 | 02
#0704-d236 @A: 08 28 16 15 | 12
#0705-d236 @A: 08 05 14 15 | 08
#0706-d236 @A: 09 07 24 13 | 06
#0707-d236 @A: 17 16 32 13 | 11
#0708-d236 @A: 03 05 13 17 | 05
#0709-d236 @A: 30 05 10 13 | 01
#0710-d236 @A: 21 13 09 01 | 07
#0711-d236 @A: 24 17 15 14 | 03
#0712-d236 @A: 16 04 03 15 | 10
#0713-d236 @A: 14 29 28 24 | 09
#0714-d236 @A: 03 28 16 33 | 04
#0715-d236 @A: 17 28 21 29 | 02
#0716-d236 @A: 14 09 16 21 | 12
#0717-d236 @A: 30 14 04 29 | 08
#0718-d236 @A: 21 32 24 04 | 06
#0719-d236 @A: 30 32 01 16 | 11
#0720-d236 @A: 33 21 32 29 | 05
#0721-d236 @A: 32 18 05 30 | 01
#0722-d236 @A: 27 28 11 10 | 07
#0723-d236 @A: 14 27 11 12 | 03
#0724-d236 @A: 27 29 22 19 | 10
#0725-d236 @A: 35 27 05 31 | 09
#0726-d236 @A: 27 23 35 21 | 04
#0727-d236 @A: 27 26 20 03 | 02
#0728-d236 @A: 20 21 27 04 | 12
#0729-d236 @A: 27 14 02 28 | 08
#0730-d236 @A: 23 25 03 27 | 06
#0731-d236 @A: 28 18 27 08 | 11
#0732-d236 @A: 17 27 28 24 | 05
#0733-d236 @A: 24 33 04 27 | 01
#0734-d236 @A: 24 27 05 30 | 07
#0735-d236 @A: 03 11 19 28 | 03
#0736-d236 @A: 05 25 31 11 | 10
#0737-d236 @A: 22 30 11 02 | 09
#0738-d236 @A: 11 07 20 08 | 04
#0739-d236 @A: 11 33 28 20 | 02
#0740-d236 @A: 24 32 11 20 | 12
#0741-d236 @A: 11 06 05 03 | 08
#0742-d236 @A: 26 32 07 11 | 06
#0743-d236 @A: 21 11 23 34 | 11
#0744-d236 @A: 17 15 25 11 | 05
#0745-d236 @A: 29 11 08 28 | 01
#0746-d236 @A: 11 28 13 17 | 07
#0747-d236 @A: 30 14 11 32 | 03
#0748-d236 @A: 11 04 12 24 | 10
#0749-d236 @A: 24 09 11 21 | 09
#0750-d236 @A: 29 09 16 11 | 04
#0751-d236 @A: 12 11 18 33 | 02
#0752-d236 @A: 19 31 07 20 | 12
#0753-d236 @A: 17 31 01 19 | 08
#0754-d236 @A: 19 30 22 35 | 06
#0755-d236 @A: 02 19 16 20 | 11
#0756-d236 @A: 19 25 07 32 | 05
#0757-d236 @A: 14 16 15 19 | 01
#0758-d236 @A: 05 24 19 09 | 07
#0759-d236 @A: 16 04 18 19 | 03
#0760-d236 @A: 21 19 32 17 | 10
#0761-d236 @A: 22 34 31 24 | 09
#0762-d236 @A: 23 21 31 20 | 04
#0763-d236 @A: 15 21 26 31 | 02
#0764-d236 @A: 08 25 03 31 | 12
#0765-d236 @A: 25 14 07 31 | 08
#0766-d236 @A: 13 08 31 23 | 06
#0767-d236 @A: 03 31 07 16 | 11
#0768-d236 @A: 10 31 05 04 | 05
#0769-d236 @A: 21 30 04 31 | 01
#0770-d236 @A: 22 13 23 06 | 07
#0771-d236 @A: 30 28 22 06 | 03
#0772-d236 @A: 26 32 08 22 | 10
#0773-d236 @A: 26 22 05 12 | 09
#0774-d236 @A: 28 32 22 21 | 04
#0775-d236 @A: 30 16 22 17 | 02
#0776-d236 @A: 18 33 29 22 | 12
#0777-d236 @A: 03 18 22 30 | 08
#0778-d236 @A: 26 35 05 34 | 06
#0779-d236 @A: 07 34 35 13 | 11
#0780-d236 @A: 32 34 33 35 | 05
#0781-d236 @A: 35 28 25 12 | 01
#0782-d236 @A: 21 14 35 25 | 07
#0783-d236 @A: 04 35 30 25 | 03
#0784-d236 @A: 04 23 35 28 | 10
#0785-d236 @A: 09 35 14 32 | 09
#0786-d236 @A: 04 35 07 16 | 04
#0787-d236 @A: 35 29 05 16 | 02
#0788-d236 @A: 05 17 35 12 | 12
#0789-d236 @A: 21 35 30 09 | 08
#0790-d236 @A: 07 10 35 09 | 06
#0791-d236 @A: 18 12 35 21 | 11
#0792-d236 @A: 26 06 10 20 | 05
#0793-d236 @A: 15 20 02 17 | 01
#0794-d236 @A: 23 01 26 20 | 07
#0795-d236 @A: 14 20 13 29 | 03
#0796-d236 @A: 30 13 17 20 | 10
#0797-d236 @A: 01 09 20 14 | 09
#0798-d236 @A: 24 33 20 09 | 04
#0799-d236 @A: 04 20 29 12 | 02
#0800-d236 @A: 10 20 01 33 | 12
#0801-d236 @A: 30 32 20 07 | 08
#0802-d236 @A: 26 08 23 06 | 06
#0803-d236 @A: 08 25 04 06 | 11
#0804-d236 @A: 28 32 23 06 | 05
#0805-d236 @A: 18 16 30 06 | 01
#0806-d236 @A: 21 05 06 33 | 07
#0807-d236 @A: 07 01 06 18 | 03
#0808-d236 @A: 14 26 16 02 | 10
#0809-d236 @A: 28 02 21 34 | 09
#0810-d236 @A: 02 04 17 25 | 04
#0811-d236 @A: 24 03 02 01 | 02
#0812-d236 @A: 02 17 12 33 | 12
#0813-d236 @A: 01 30 02 18 | 08
#0814-d236 @A: 17 02 29 03 | 06
#0815-d236 @A: 32 26 10 14 | 11
#0816-d236 @A: 01 10 24 26 | 05
#0817-d236 @A: 26 32 24 01 | 01
#0818-d236 @A: 26 18 12 16 | 07
#0819-d236 @A: 32 26 04 09 | 03
#0820-d236 @A: 25 07 08 34 | 10
#0821-d236 @A: 34 08 33 13 | 09
#0822-d236 @A: 08 09 34 21 | 04
#0823-d236 @A: 34 13 15 32 | 02
#0824-d236 @A: 24 01 29 34 | 12
#0825-d236 @A: 18 24 34 07 | 08
#0826-d236 @A: 01 34 21 05 | 06
#0827-d236 @A: 28 25 23 33 | 11
#0828-d236 @A: 14 17 23 25 | 05
#0829-d236 @A: 01 24 25 16 | 01
#0830-d236 @A: 16 03 29 25 | 07
#0831-d236 @A: 24 23 17 33 | 03
#0832-d236 @A: 09 24 23 12 | 10
#0833-d236 @A: 04 29 32 23 | 09
#0834-d236 @A: 04 12 30 23 | 04
#0835-d236 @A: 23 05 09 01 | 02
#0836-d236 @A: 12 04 33 08 | 12
#0837-d236 @A: 08 32 10 29 | 08
#0838-d236 @A: 21 13 16 05 | 06
#0839-d236 @A: 24 16 29 15 | 11
#0840-d236 @A: 33 07 01 15 | 05
#0841-d236 @A: 29 09 15 01 | 01
#0842-d236 @A: 21 17 30 15 | 07
#0843-d236 @A: 28 12 24 07 | 03
#0844-d236 @A: 30 04 17 28 | 10
#0845-d236 @A: 01 28 21 07 | 09
#0846-d236 @A: 03 14 07 24 | 04
#0847-d236 @A: 29 16 14 12 | 02
#0848-d236 @A: 33 09 18 14 | 12
#0849-d236 @A: 30 14 12 09 | 08
#0850-d236 @A: 24 05 10 32 | 06
#0851-d236 @A: 24 10 32 12 | 11
#0852-d236 @A: 33 04 03 32 | 05
#0853-d236 @A: 16 27 19 31 | 01
#0854-d236 @A: 19 27 07 02 | 07
#0855-d236 @A: 27 05 26 19 | 03
#0856-d236 @A: 27 22 35 01 | 10
#0857-d236 @A: 23 24 22 27 | 09
#0858-d236 @A: 27 22 05 15 | 04
#0859-d236 @A: 27 16 35 26 | 02
#0860-d236 @A: 17 20 23 27 | 12
#0861-d236 @A: 06 17 27 25 | 08
#0862-d236 @A: 26 28 27 07 | 06
#0863-d236 @A: 18 26 33 27 | 11
#0864-d236 @A: 10 34 12 27 | 05
#0865-d236 @A: 27 25 13 07 | 01
#0866-d236 @A: 25 27 14 29 | 07
#0867-d236 @A: 24 27 09 01 | 03
#0868-d236 @A: 05 27 18 17 | 10
#0869-d236 @A: 17 10 21 27 | 09
#0870-d236 @A: 03 12 07 27 | 04
#0871-d236 @A: 22 16 11 19 | 02
#0872-d236 @A: 19 11 33 06 | 12
#0873-d236 @A: 19 32 12 11 | 08
#0874-d236 @A: 09 12 31 11 | 06
#0875-d236 @A: 35 05 21 11 | 11
#0876-d236 @A: 18 20 32 11 | 05
#0877-d236 @A: 07 06 11 23 | 01
#0878-d236 @A: 12 02 03 11 | 07
#0879-d236 @A: 26 04 11 25 | 03
#0880-d236 @A: 03 26 10 11 | 10
#0881-d236 @A: 25 11 13 03 | 09
#0882-d236 @A: 21 11 07 25 | 04
#0883-d236 @A: 21 03 08 11 | 02
#0884-d236 @A: 21 15 33 11 | 12
#0885-d236 @A: 24 11 10 33 | 08
#0886-d236 @A: 30 11 01 04 | 06
#0887-d236 @A: 18 07 10 11 | 11
#0888-d236 @A: 33 04 31 19 | 05
#0889-d236 @A: 22 19 13 04 | 01
#0890-d236 @A: 04 20 19 35 | 07
#0891-d236 @A: 34 24 32 19 | 03
#0892-d236 @A: 23 15 21 19 | 10
#0893-d236 @A: 19 21 08 24 | 09
#0894-d236 @A: 19 01 16 30 | 04
#0895-d236 @A: 19 01 29 12 | 02
#0896-d236 @A: 31 05 23 22 | 12
#0897-d236 @A: 13 31 22 33 | 08
#0898-d236 @A: 18 22 31 07 | 06
#0899-d236 @A: 35 10 26 31 | 11
#0900-d236 @A: 17 20 34 31 | 05
#0901-d236 @A: 13 20 01 31 | 01
#0902-d236 @A: 34 16 31 28 | 07
#0903-d236 @A: 31 28 13 09 | 03
#0904-d236 @A: 29 14 15 31 | 10
#0905-d236 @A: 32 28 31 17 | 09
#0906-d236 @A: 13 35 25 22 | 04
#0907-d236 @A: 22 26 03 25 | 02
#0908-d236 @A: 15 22 33 26 | 12
#0909-d236 @A: 23 25 21 22 | 08
#0910-d236 @A: 01 22 25 07 | 06
#0911-d236 @A: 16 23 22 15 | 11
#0912-d236 @A: 18 17 22 08 | 05
#0913-d236 @A: 30 04 24 22 | 01
#0914-d236 @A: 04 07 05 22 | 07
#0915-d236 @A: 05 03 01 22 | 03
#0916-d236 @A: 21 22 07 30 | 10
#0917-d236 @A: 01 06 35 23 | 09
#0918-d236 @A: 24 28 06 35 | 04
#0919-d236 @A: 14 02 33 35 | 02
#0920-d236 @A: 32 10 35 02 | 12
#0921-d236 @A: 01 25 35 26 | 08
#0922-d236 @A: 08 35 04 34 | 06
#0923-d236 @A: 16 12 34 35 | 11
#0924-d236 @A: 07 23 35 15 | 05
#0925-d236 @A: 35 30 15 08 | 01
#0926-d236 @A: 32 21 35 13 | 07
#0927-d236 @A: 30 35 24 12 | 03
#0928-d236 @A: 09 05 33 35 | 10
#0929-d236 @A: 17 07 35 21 | 09
#0930-d236 @A: 20 07 06 13 | 04
#0931-d236 @A: 26 20 25 12 | 02
#0932-d236 @A: 33 14 26 20 | 12
#0933-d236 @A: 18 13 34 20 | 08
#0934-d236 @A: 20 08 21 28 | 06
#0935-d236 @A: 20 07 30 24 | 11
#0936-d236 @A: 21 18 20 07 | 05
#0937-d236 @A: 15 30 02 06 | 01
#0938-d236 @A: 16 26 06 28 | 07
#0939-d236 @A: 33 06 25 34 | 03
#0940-d236 @A: 28 23 06 14 | 10
#0941-d236 @A: 13 17 06 04 | 09
#0942-d236 @A: 06 10 17 24 | 04
#0943-d236 @A: 07 21 06 04 | 02
#0944-d236 @A: 18 06 05 10 | 12
#0945-d236 @A: 05 04 34 02 | 08
#0946-d236 @A: 23 25 30 02 | 06
#0947-d236 @A: 13 02 23 18 | 11
#0948-d236 @A: 23 02 28 01 | 05
#0949-d236 @A: 29 09 28 02 | 01
#0950-d236 @A: 12 02 24 05 | 07
#0951-d236 @A: 16 02 32 04 | 03
#0952-d236 @A: 05 18 33 02 | 10
#0953-d236 @A: 24 34 30 26 | 09
#0954-d236 @A: 26 13 33 25 | 04
#0955-d236 @A: 26 13 23 30 | 02
#0956-d236 @A: 08 14 09 26 | 12
#0957-d236 @A: 01 17 26 13 | 08
#0958-d236 @A: 28 18 26 15 | 06
#0959-d236 @A: 14 10 15 26 | 11
#0960-d236 @A: 12 26 33 10 | 05
#0961-d236 @A: 15 25 03 34 | 01
#0962-d236 @A: 01 08 15 34 | 07
#0963-d236 @A: 13 15 05 34 | 03
#0964-d236 @A: 15 30 29 34 | 10
#0965-d236 @A: 05 34 03 12 | 09
#0966-d236 @A: 17 34 18 01 | 04
#0967-d236 @A: 24 05 21 25 | 02
#0968-d236 @A: 25 29 09 24 | 12
#0969-d236 @A: 33 09 30 25 | 08
#0970-d236 @A: 33 03 21 25 | 06
#0971-d236 @A: 16 32 13 23 | 11
#0972-d236 @A: 23 07 14 30 | 05
#0973-d236 @A: 10 07 23 04 | 01
#0974-d236 @A: 33 23 12 05 | 07
#0975-d236 @A: 08 12 29 15 | 03
#0976-d236 @A: 05 08 16 24 | 10
#0977-d236 @A: 03 04 05 08 | 09
#0978-d236 @A: 08 10 03 01 | 04
#0979-d236 @A: 24 16 33 13 | 02
#0980-d236 @A: 33 03 30 13 | 12
#0981-d236 @A: 15 30 33 24 | 08
#0982-d236 @A: 12 15 18 24 | 06
#0983-d236 @A: 29 21 15 05 | 11
#0984-d236 @A: 30 15 09 10 | 05
#0985-d236 @A: 28 18 16 14 | 01
#0986-d236 @A: 14 17 28 09 | 07
#0987-d236 @A: 12 16 28 30 | 03
#0988-d236 @A: 16 10 28 17 | 10
#0989-d236 @A: 10 14 09 03 | 09
#0990-d236 @A: 21 14 29 07 | 04
#0991-d236 @A: 01 05 21 32 | 02
#0992-d236 @A: 11 27 19 17 | 12
#0993-d236 @A: 23 30 27 11 | 08
#0994-d236 @A: 11 08 05 27 | 06
#0995-d236 @A: 13 11 18 27 | 11
#0996-d236 @A: 27 19 12 08 | 05
#0997-d236 @A: 27 19 32 10 | 01
#0998-d236 @A: 31 29 20 27 | 07
#0999-d236 @A: 06 31 04 27 | 03
#1000-d236 @A: 31 27 18 34 | 10
#1001-d236 @A: 31 32 27 29 | 09
#1002-d236 @A: 07 35 08 27 | 04
#1003-d236 @A: 27 29 35 28 | 02
#1004-d236 @A: 35 18 27 04 | 12
#1005-d236 @A: 07 27 32 35 | 08
#1006-d236 @A: 33 27 13 02 | 06
#1007-d236 @A: 28 15 21 27 | 11
#1008-d236 @A: 16 18 01 27 | 05
#1009-d236 @A: 17 27 33 30 | 01
#1010-d236 @A: 17 32 27 03 | 07
#1011-d236 @A: 31 07 13 11 | 03
#1012-d236 @A: 09 32 11 31 | 10
#1013-d236 @A: 30 35 33 11 | 09
#1014-d236 @A: 11 10 15 04 | 04
#1015-d236 @A: 09 03 11 01 | 02
#1016-d236 @A: 01 11 29 07 | 12
#1017-d236 @A: 14 02 19 17 | 08
#1018-d236 @A: 24 26 28 19 | 06
#1019-d236 @A: 25 19 13 16 | 11
#1020-d236 @A: 33 16 19 29 | 05
#1021-d236 @A: 16 09 19 07 | 01
#1022-d236 @A: 17 19 03 04 | 07
#1023-d236 @A: 19 09 12 10 | 03
#1024-d236 @A: 19 21 07 03 | 10
#1025-d236 @A: 07 18 19 29 | 09
#1026-d236 @A: 35 31 08 01 | 04
#1027-d236 @A: 31 04 13 35 | 02
#1028-d236 @A: 12 06 31 25 | 12
#1029-d236 @A: 06 03 31 14 | 08
#1030-d236 @A: 31 29 06 01 | 06
#1031-d236 @A: 07 01 02 31 | 11
#1032-d236 @A: 30 02 32 31 | 05
#1033-d236 @A: 31 08 30 34 | 01
#1034-d236 @A: 23 24 14 31 | 07
#1035-d236 @A: 12 31 01 15 | 03
#1036-d236 @A: 31 14 33 05 | 10
#1037-d236 @A: 29 18 31 05 | 09
#1038-d236 @A: 10 30 01 31 | 04
#1039-d236 @A: 15 22 24 35 | 02
#1040-d236 @A: 22 05 20 25 | 12
#1041-d236 @A: 22 06 21 08 | 08
#1042-d236 @A: 06 14 22 12 | 06
#1043-d236 @A: 26 13 22 10 | 11
#1044-d236 @A: 22 14 28 26 | 05
#1045-d236 @A: 17 25 22 28 | 01
#1046-d236 @A: 22 25 10 14 | 07
#1047-d236 @A: 13 17 14 22 | 03
#1048-d236 @A: 12 29 22 24 | 10
#1049-d236 @A: 30 22 12 32 | 09
#1050-d236 @A: 35 15 02 34 | 04
#1051-d236 @A: 28 06 20 29 | 02
#1052-d236 @A: 02 18 26 20 | 12
#1053-d236 @A: 02 20 34 29 | 08
#1054-d236 @A: 28 26 17 20 | 06
#1055-d236 @A: 28 20 14 34 | 11
#1056-d236 @A: 33 20 34 07 | 05
#1057-d236 @A: 01 20 25 15 | 01
#1058-d236 @A: 10 15 08 20 | 07
#1059-d236 @A: 16 29 20 10 | 03
#1060-d236 @A: 04 32 20 29 | 10
#1061-d236 @A: 24 06 02 08 | 09
#1062-d236 @A: 02 06 24 32 | 04
#1063-d236 @A: 05 26 06 15 | 02
#1064-d236 @A: 07 06 26 03 | 12
#1065-d236 @A: 06 15 07 16 | 08
#1066-d236 @A: 04 30 33 06 | 06
#1067-d236 @A: 01 32 10 06 | 11
#1068-d236 @A: 12 10 06 30 | 05
#1069-d236 @A: 03 26 02 32 | 01
#1070-d236 @A: 14 34 02 10 | 07
#1071-d236 @A: 34 07 02 12 | 03
#1072-d236 @A: 08 16 25 02 | 10
#1073-d236 @A: 02 25 12 13 | 09
#1074-d236 @A: 33 01 02 25 | 04
#1075-d236 @A: 23 02 09 32 | 02
#1076-d236 @A: 05 02 08 17 | 12
#1077-d236 @A: 33 02 29 04 | 08
#1078-d236 @A: 07 29 10 02 | 06
#1079-d236 @A: 29 32 17 02 | 11
#1080-d236 @A: 34 03 26 23 | 05
#1081-d236 @A: 23 21 26 28 | 01
#1082-d236 @A: 26 03 04 18 | 07
#1083-d236 @A: 26 17 10 04 | 03
#1084-d236 @A: 12 25 34 24 | 10
#1085-d236 @A: 12 34 04 18 | 09
#1086-d236 @A: 21 17 12 34 | 04
#1087-d236 @A: 17 34 30 07 | 02
#1088-d236 @A: 21 08 13 25 | 12
#1089-d236 @A: 05 07 25 15 | 08
#1090-d236 @A: 21 30 25 16 | 06
#1091-d236 @A: 18 25 05 12 | 11
#1092-d236 @A: 03 23 08 28 | 05
#1093-d236 @A: 14 23 21 13 | 01
#1094-d236 @A: 21 23 04 33 | 07
#1095-d236 @A: 18 05 23 03 | 03
#1096-d236 @A: 05 04 08 32 | 10
#1097-d236 @A: 08 09 30 29 | 09
#1098-d236 @A: 17 30 08 03 | 04
#1099-d236 @A: 13 01 15 14 | 02
#1100-d236 @A: 18 24 13 30 | 12
#1101-d236 @A: 16 13 18 07 | 08
#1102-d236 @A: 09 29 33 13 | 06
#1103-d236 @A: 01 13 12 33 | 11
#1104-d236 @A: 03 29 21 13 | 05
#1105-d236 @A: 01 05 15 24 | 01
#1106-d236 @A: 04 18 30 15 | 07
#1107-d236 @A: 28 04 14 33 | 03
#1108-d236 @A: 16 32 28 24 | 10
#1109-d236 @A: 28 01 33 24 | 09
#1110-d236 @A: 28 03 24 21 | 04
#1111-d236 @A: 29 28 16 07 | 02
#1112-d236 @A: 28 10 09 04 | 12
#1113-d236 @A: 18 04 28 01 | 08
#1114-d236 @A: 04 17 16 14 | 06
#1115-d236 @A: 33 30 14 01 | 11
#1116-d236 @A: 17 14 32 33 | 05
#1117-d236 @A: 12 17 10 14 | 01
#1118-d236 @A: 11 27 29 26 | 07
#1119-d236 @A: 27 23 19 34 | 03
#1120-d236 @A: 19 01 28 27 | 10
#1121-d236 @A: 24 27 08 31 | 09
#1122-d236 @A: 27 22 34 16 | 04
#1123-d236 @A: 32 27 22 23 | 02
#1124-d236 @A: 03 35 30 27 | 12
#1125-d236 @A: 27 02 20 01 | 08
#1126-d236 @A: 26 02 27 09 | 06
#1127-d236 @A: 27 33 32 26 | 11
#1128-d236 @A: 15 27 18 07 | 05
#1129-d236 @A: 21 24 27 12 | 01
#1130-d236 @A: 09 04 05 27 | 07
#1131-d236 @A: 04 10 27 29 | 03
#1132-d236 @A: 27 07 01 30 | 10
#1133-d236 @A: 21 29 30 27 | 09
#1134-d236 @A: 11 14 17 31 | 04
#1135-d236 @A: 35 22 11 18 | 02
#1136-d236 @A: 11 22 17 32 | 12
#1137-d236 @A: 11 26 13 35 | 08
#1138-d236 @A: 11 24 35 08 | 06
#1139-d236 @A: 10 11 12 35 | 11
#1140-d236 @A: 16 11 06 13 | 05
#1141-d236 @A: 34 02 16 11 | 01
#1142-d236 @A: 11 02 24 14 | 07
#1143-d236 @A: 11 02 17 07 | 03
#1144-d236 @A: 11 26 07 14 | 10
#1145-d236 @A: 25 11 23 24 | 09
#1146-d236 @A: 14 11 05 13 | 04
#1147-d236 @A: 11 09 07 04 | 02
#1148-d236 @A: 05 30 11 17 | 12
#1149-d236 @A: 12 11 29 30 | 08
#1150-d236 @A: 08 22 19 31 | 06
#1151-d236 @A: 19 31 25 29 | 11
#1152-d236 @A: 14 19 31 28 | 05
#1153-d236 @A: 19 03 22 20 | 01
#1154-d236 @A: 19 33 20 25 | 07
#1155-d236 @A: 13 20 21 19 | 03
#1156-d236 @A: 04 23 19 06 | 10
#1157-d236 @A: 01 02 26 19 | 09
#1158-d236 @A: 19 26 25 07 | 04
#1159-d236 @A: 15 17 26 19 | 02
#1160-d236 @A: 21 34 14 19 | 12
#1161-d236 @A: 05 25 17 19 | 08
#1162-d236 @A: 19 09 23 18 | 06
#1163-d236 @A: 17 19 23 29 | 11
#1164-d236 @A: 08 15 19 33 | 05
#1165-d236 @A: 09 30 13 19 | 01
#1166-d236 @A: 30 21 33 19 | 07
#1167-d236 @A: 31 28 35 21 | 03
#1168-d236 @A: 35 31 24 07 | 10
#1169-d236 @A: 33 23 31 06 | 09
#1170-d236 @A: 02 09 31 25 | 04
#1171-d236 @A: 03 31 26 30 | 02
#1172-d236 @A: 17 13 25 31 | 12
#1173-d236 @A: 09 08 31 15 | 08
#1174-d236 @A: 08 12 31 32 | 06
#1175-d236 @A: 10 29 31 09 | 11
#1176-d236 @A: 05 35 22 02 | 05
#1177-d236 @A: 35 32 22 25 | 01
#1178-d236 @A: 22 06 02 33 | 07
#1179-d236 @A: 06 22 33 32 | 03
#1180-d236 @A: 26 22 08 07 | 10
#1181-d236 @A: 26 17 22 29 | 09
#1182-d236 @A: 04 14 22 34 | 04
#1183-d236 @A: 22 09 25 04 | 02
#1184-d236 @A: 01 15 22 28 | 12
#1185-d236 @A: 22 09 01 30 | 08
#1186-d236 @A: 21 24 35 20 | 06
#1187-d236 @A: 34 35 21 06 | 11
#1188-d236 @A: 25 03 35 06 | 05
#1189-d236 @A: 26 21 08 35 | 01
#1190-d236 @A: 15 26 29 35 | 07
#1191-d236 @A: 10 35 34 24 | 03
#1192-d236 @A: 08 35 13 29 | 10
#1193-d236 @A: 21 33 16 35 | 09
#1194-d236 @A: 01 03 16 35 | 04
#1195-d236 @A: 05 07 18 35 | 02
#1196-d236 @A: 10 30 35 17 | 12
#1197-d236 @A: 25 30 20 06 | 08
#1198-d236 @A: 30 20 10 02 | 06
#1199-d236 @A: 18 05 15 20 | 11
#1200-d236 @A: 20 16 04 30 | 05
#1201-d236 @A: 20 05 12 01 | 01
#1202-d236 @A: 03 02 13 06 | 07
#1203-d236 @A: 06 04 34 26 | 03
#1204-d236 @A: 26 17 06 14 | 10
#1205-d236 @A: 30 14 06 08 | 09
#1206-d236 @A: 21 12 28 06 | 04
#1207-d236 @A: 03 06 24 04 | 02
#1208-d236 @A: 30 06 29 24 | 12
#1209-d236 @A: 16 06 33 09 | 08
#1210-d236 @A: 26 23 07 02 | 06
#1211-d236 @A: 02 30 34 33 | 11
#1212-d236 @A: 23 02 21 08 | 05
#1213-d236 @A: 14 04 02 23 | 01
#1214-d236 @A: 17 02 10 23 | 07
#1215-d236 @A: 18 17 21 02 | 03
#1216-d236 @A: 24 23 15 26 | 10
#1217-d236 @A: 08 13 26 12 | 09
#1218-d236 @A: 14 13 18 26 | 04
#1219-d236 @A: 21 14 26 12 | 02
#1220-d236 @A: 29 30 26 16 | 12
#1221-d236 @A: 23 15 34 18 | 08
#1222-d236 @A: 32 34 01 23 | 06
#1223-d236 @A: 34 28 08 05 | 11
#1224-d236 @A: 24 14 34 08 | 05
#1225-d236 @A: 13 34 30 28 | 01
#1226-d236 @A: 34 16 21 15 | 07
#1227-d236 @A: 21 34 33 18 | 03
#1228-d236 @A: 21 10 34 29 | 10
#1229-d236 @A: 25 12 32 23 | 09
#1230-d236 @A: 18 32 08 25 | 04
#1231-d236 @A: 33 04 25 18 | 02
#1232-d236 @A: 29 32 25 09 | 12
#1233-d236 @A: 23 12 13 03 | 08
#1234-d236 @A: 14 15 32 23 | 06
#1235-d236 @A: 23 29 04 05 | 11
#1236-d236 @A: 07 29 23 09 | 05
#1237-d236 @A: 08 30 10 04 | 01
#1238-d236 @A: 08 10 17 29 | 07
#1239-d236 @A: 13 24 17 21 | 03
#1240-d236 @A: 13 16 01 10 | 10
#1241-d236 @A: 13 16 17 12 | 09
#1242-d236 @A: 33 13 07 32 | 04
#1243-d236 @A: 05 12 13 32 | 02
#1244-d236 @A: 09 15 32 28 | 12
#1245-d236 @A: 04 32 01 15 | 08
#1246-d236 @A: 15 18 10 33 | 06
#1247-d236 @A: 30 15 07 03 | 11
#1248-d236 @A: 24 09 28 30 | 05
#1249-d236 @A: 28 05 09 16 | 01
#1250-d236 @A: 05 03 07 28 | 07
#1251-d236 @A: 09 03 12 28 | 03
#1252-d236 @A: 17 12 28 18 | 10
#1253-d236 @A: 12 01 24 14 | 09
#1254-d236 @A: 16 30 14 03 | 04
#1255-d236 @A: 18 14 17 30 | 02
#1256-d236 @A: 07 24 09 32 | 12
#1257-d236 @A: 09 21 32 12 | 08
#1258-d236 @A: 33 12 20 27 | 06
#1259-d236 @A: 06 27 24 26 | 11
#1260-d236 @A: 01 27 06 34 | 05
#1261-d236 @A: 16 08 06 27 | 01
#1262-d236 @A: 14 34 27 32 | 07
#1263-d236 @A: 15 03 08 27 | 03
#1264-d236 @A: 13 28 32 27 | 10
#1265-d236 @A: 12 09 13 27 | 09
#1266-d236 @A: 04 27 15 14 | 04
#1267-d236 @A: 27 04 30 32 | 02
#1268-d236 @A: 12 32 27 33 | 12
#1269-d236 @A: 11 25 19 12 | 08
#1270-d236 @A: 01 13 19 11 | 06
#1271-d236 @A: 11 31 08 18 | 11
#1272-d236 @A: 20 15 11 34 | 05
#1273-d236 @A: 18 11 02 28 | 01
#1274-d236 @A: 09 26 11 28 | 07
#1275-d236 @A: 33 26 11 17 | 03
#1276-d236 @A: 34 11 29 33 | 10
#1277-d236 @A: 04 33 11 16 | 09
#1278-d236 @A: 03 16 11 17 | 04
#1279-d236 @A: 30 21 11 18 | 02
#1280-d236 @A: 22 23 19 26 | 12
#1281-d236 @A: 10 22 19 24 | 08
#1282-d236 @A: 06 32 19 35 | 06
#1283-d236 @A: 03 19 05 35 | 11
#1284-d236 @A: 20 09 34 19 | 05
#1285-d236 @A: 08 19 01 20 | 01
#1286-d236 @A: 18 28 20 19 | 07
#1287-d236 @A: 06 26 19 12 | 03
#1288-d236 @A: 19 06 15 25 | 10
#1289-d236 @A: 19 34 02 24 | 09
#1290-d236 @A: 19 02 13 32 | 04
#1291-d236 @A: 19 28 05 02 | 02
#1292-d236 @A: 33 19 26 34 | 12
#1293-d236 @A: 16 19 05 34 | 08
#1294-d236 @A: 19 14 25 09 | 06
#1295-d236 @A: 14 19 13 07 | 11
#1296-d236 @A: 19 15 30 28 | 05
#1297-d236 @A: 01 19 04 09 | 01
#1298-d236 @A: 19 05 21 12 | 07
#1299-d236 @A: 10 01 19 18 | 03
#1300-d236 @A: 07 19 10 30 | 10
#1301-d236 @A: 35 31 17 02 | 09
#1302-d236 @A: 35 16 25 31 | 04
#1303-d236 @A: 05 20 08 31 | 02
#1304-d236 @A: 34 23 31 02 | 12
#1305-d236 @A: 26 07 31 29 | 08
#1306-d236 @A: 18 01 23 31 | 06
#1307-d236 @A: 15 18 13 31 | 11
#1308-d236 @A: 33 31 29 24 | 05
#1309-d236 @A: 07 05 17 31 | 01
#1310-d236 @A: 31 30 09 18 | 07
#1311-d236 @A: 32 01 18 31 | 03
#1312-d236 @A: 03 31 21 18 | 10
#1313-d236 @A: 17 29 31 12 | 09
#1314-d236 @A: 21 35 03 22 | 04
#1315-d236 @A: 34 01 22 02 | 02
#1316-d236 @A: 24 02 22 25 | 12
#1317-d236 @A: 15 22 18 02 | 08
#1318-d236 @A: 25 29 22 34 | 06
#1319-d236 @A: 32 03 34 22 | 11
#1320-d236 @A: 23 22 10 01 | 05
#1321-d236 @A: 14 22 16 08 | 01
#1322-d236 @A: 29 04 22 15 | 07
#1323-d236 @A: 22 33 04 10 | 03
#1324-d236 @A: 10 29 22 30 | 10
#1325-d236 @A: 02 35 06 04 | 09
#1326-d236 @A: 12 02 26 35 | 04
#1327-d236 @A: 35 30 02 28 | 02
#1328-d236 @A: 35 17 28 34 | 12
#1329-d236 @A: 35 18 15 25 | 08
#1330-d236 @A: 33 07 25 35 | 06
#1331-d236 @A: 35 10 25 05 | 11
#1332-d236 @A: 13 23 35 09 | 05
#1333-d236 @A: 35 15 21 13 | 01
#1334-d236 @A: 28 35 18 13 | 07
#1335-d236 @A: 18 29 24 35 | 03
#1336-d236 @A: 35 01 12 07 | 10
#1337-d236 @A: 26 23 32 20 | 09
#1338-d236 @A: 25 20 17 21 | 04
#1339-d236 @A: 14 17 08 20 | 02
#1340-d236 @A: 28 13 20 12 | 12
#1341-d236 @A: 20 03 24 29 | 08
#1342-d236 @A: 28 17 06 02 | 06
#1343-d236 @A: 25 07 06 24 | 11
#1344-d236 @A: 30 23 06 21 | 05
#1345-d236 @A: 16 06 32 15 | 01
#1346-d236 @A: 32 07 14 06 | 07
#1347-d236 @A: 06 12 04 05 | 03
#1348-d236 @A: 06 32 12 04 | 10
#1349-d236 @A: 06 18 33 03 | 09
#1350-d236 @A: 06 18 12 09 | 04
#1351-d236 @A: 28 02 08 12 | 02
#1352-d236 @A: 02 28 08 32 | 12
#1353-d236 @A: 14 09 02 15 | 08
#1354-d236 @A: 16 21 07 02 | 06
#1355-d236 @A: 16 18 03 02 | 11
#1356-d236 @A: 04 30 03 02 | 05
#1357-d236 @A: 02 33 05 32 | 01
#1358-d236 @A: 23 05 26 14 | 07
#1359-d236 @A: 03 26 24 13 | 03
#1360-d236 @A: 16 21 01 26 | 10
#1361-d236 @A: 05 26 21 04 | 09
#1362-d236 @A: 26 05 09 17 | 04
#1363-d236 @A: 10 23 34 08 | 02
#1364-d236 @A: 15 28 12 34 | 12
#1365-d236 @A: 03 34 24 16 | 08
#1366-d236 @A: 34 17 33 16 | 06
#1367-d236 @A: 32 07 17 34 | 11
#1368-d236 @A: 13 25 23 05 | 05
#1369-d236 @A: 04 32 25 28 | 01
#1370-d236 @A: 18 25 24 17 | 07
#1371-d236 @A: 18 09 01 25 | 03
#1372-d236 @A: 21 10 18 25 | 10
#1373-d236 @A: 23 04 15 08 | 09
#1374-d236 @A: 21 23 24 29 | 04
#1375-d236 @A: 30 03 23 01 | 02
#1376-d236 @A: 08 01 18 13 | 12
#1377-d236 @A: 30 28 08 07 | 08
#1378-d236 @A: 08 09 16 04 | 06
#1379-d236 @A: 30 08 09 32 | 11
#1380-d236 @A: 07 18 08 03 | 05
#1381-d236 @A: 13 18 33 17 | 01
#1382-d236 @A: 13 01 05 29 | 07
#1383-d236 @A: 32 13 09 03 | 03
#1384-d236 @A: 17 10 09 13 | 10
#1385-d236 @A: 13 29 18 12 | 09
#1386-d236 @A: 13 10 18 03 | 04
#1387-d236 @A: 17 28 03 15 | 02
#1388-d236 @A: 15 30 16 05 | 12
#1389-d236 @A: 10 12 16 15 | 08
#1390-d236 @A: 04 15 17 12 | 06
#1391-d236 @A: 32 15 10 33 | 11
#1392-d236 @A: 15 21 09 07 | 05
#1393-d236 @A: 14 28 03 01 | 01
#1394-d236 @A: 10 18 28 24 | 07
#1395-d236 @A: 04 03 29 28 | 03
#1396-d236 @A: 33 09 28 21 | 10
#1397-d236 @A: 01 28 29 30 | 09
#1398-d236 @A: 16 05 14 10 | 04
#1399-d236 @A: 17 01 14 07 | 02
#1400-d236 @A: 03 10 27 19 | 12
#1401-d236 @A: 32 25 27 20 | 08
#1402-d236 @A: 34 27 13 26 | 06
#1403-d236 @A: 08 17 27 13 | 11
#1404-d236 @A: 32 27 08 24 | 05
#1405-d236 @A: 27 33 07 29 | 01
#1406-d236 @A: 27 32 09 01 | 07
#1407-d236 @A: 04 02 11 19 | 03
#1408-d236 @A: 19 26 21 11 | 10
#1409-d236 @A: 20 24 11 26 | 09
#1410-d236 @A: 20 10 11 13 | 04
#1411-d236 @A: 12 20 11 17 | 02
#1412-d236 @A: 06 34 10 11 | 12
#1413-d236 @A: 08 02 11 10 | 08
#1414-d236 @A: 11 02 32 01 | 06
#1415-d236 @A: 11 15 08 26 | 11
#1416-d236 @A: 14 28 11 25 | 05
#1417-d236 @A: 16 23 08 11 | 01
#1418-d236 @A: 23 13 11 33 | 07
#1419-d236 @A: 11 23 21 32 | 03
#1420-d236 @A: 15 32 29 11 | 10
#1421-d236 @A: 07 05 24 11 | 09
#1422-d236 @A: 17 29 11 24 | 04
#1423-d236 @A: 04 21 11 17 | 02
#1424-d236 @A: 22 34 17 19 | 12
#1425-d236 @A: 35 09 19 26 | 08
#1426-d236 @A: 35 01 15 19 | 06
#1427-d236 @A: 24 14 35 19 | 11
#1428-d236 @A: 20 19 24 15 | 05
#1429-d236 @A: 14 19 05 20 | 01
#1430-d236 @A: 19 16 03 06 | 07
#1431-d236 @A: 25 19 02 03 | 03
#1432-d236 @A: 14 26 19 03 | 10
#1433-d236 @A: 34 19 13 12 | 09
#1434-d236 @A: 10 25 19 08 | 04
#1435-d236 @A: 19 08 29 05 | 02
#1436-d236 @A: 03 13 15 19 | 12
#1437-d236 @A: 19 18 05 13 | 08
#1438-d236 @A: 33 24 19 18 | 06
#1439-d236 @A: 21 19 10 04 | 11
#1440-d236 @A: 19 33 10 05 | 05
#1441-d236 @A: 33 12 19 07 | 01
#1442-d236 @A: 03 30 29 19 | 07
#1443-d236 @A: 04 31 22 20 | 03
#1444-d236 @A: 22 06 31 26 | 10
#1445-d236 @A: 22 28 29 31 | 09
#1446-d236 @A: 03 35 31 15 | 04
#1447-d236 @A: 31 05 35 32 | 02
#1448-d236 @A: 20 02 06 31 | 12
#1449-d236 @A: 20 25 10 31 | 08
#1450-d236 @A: 20 31 12 18 | 06
#1451-d236 @A: 05 31 34 06 | 11
#1452-d236 @A: 32 34 06 31 | 05
#1453-d236 @A: 21 31 02 14 | 01
#1454-d236 @A: 31 15 33 34 | 07
#1455-d236 @A: 31 09 34 07 | 03
#1456-d236 @A: 25 23 31 04 | 10
#1457-d236 @A: 14 08 31 10 | 09
#1458-d236 @A: 31 07 15 28 | 04
#1459-d236 @A: 32 14 04 31 | 02
#1460-d236 @A: 24 10 31 16 | 12
#1461-d236 @A: 16 33 31 18 | 08
#1462-d236 @A: 22 28 16 35 | 06
#1463-d236 @A: 20 01 22 32 | 11
#1464-d236 @A: 06 34 22 03 | 05
#1465-d236 @A: 15 06 22 09 | 01
#1466-d236 @A: 34 22 28 09 | 07
#1467-d236 @A: 22 08 28 24 | 03
#1468-d236 @A: 08 01 29 22 | 10
#1469-d236 @A: 13 22 15 30 | 09
#1470-d236 @A: 15 32 24 22 | 04
#1471-d236 @A: 14 05 22 32 | 02
#1472-d236 @A: 12 22 03 16 | 12
#1473-d236 @A: 17 04 22 01 | 08
#1474-d236 @A: 32 10 09 22 | 06
#1475-d236 @A: 32 29 18 22 | 11
#1476-d236 @A: 29 20 23 35 | 05
#1477-d236 @A: 18 30 35 20 | 01
#1478-d236 @A: 06 09 35 08 | 07
#1479-d236 @A: 26 30 14 35 | 03
#1480-d236 @A: 35 14 08 03 | 10
#1481-d236 @A: 35 05 24 13 | 09
#1482-d236 @A: 30 13 35 16 | 04
#1483-d236 @A: 28 35 15 14 | 02
#1484-d236 @A: 12 15 35 33 | 12
#1485-d236 @A: 35 09 29 14 | 08
#1486-d236 @A: 06 21 15 20 | 06
#1487-d236 @A: 24 05 06 20 | 11
#1488-d236 @A: 05 20 02 07 | 05
#1489-d236 @A: 23 20 16 13 | 01
#1490-d236 @A: 23 20 30 15 | 07
#1491-d236 @A: 04 13 20 08 | 03
#1492-d236 @A: 14 07 02 06 | 10
#1493-d236 @A: 18 06 32 26 | 09
#1494-d236 @A: 05 01 08 06 | 04
#1495-d236 @A: 28 13 06 01 | 02
#1496-d236 @A: 06 13 24 14 | 12
#1497-d236 @A: 14 06 18 15 | 08
#1498-d236 @A: 29 12 07 06 | 06
#1499-d236 @A: 26 34 08 02 | 11
#1500-d236 @A: 02 04 26 13 | 05
#1501-d236 @A: 26 02 33 28 | 01
#1502-d236 @A: 14 32 12 02 | 07
#1503-d236 @A: 33 02 10 09 | 03
#1504-d236 @A: 09 01 17 02 | 10
#1505-d236 @A: 02 21 29 12 | 09
#1506-d236 @A: 21 10 03 02 | 04
#1507-d236 @A: 34 17 26 25 | 02
#1508-d236 @A: 26 24 07 21 | 12
#1509-d236 @A: 09 30 26 04 | 08
#1510-d236 @A: 05 32 29 26 | 06
#1511-d236 @A: 21 09 26 18 | 11
#1512-d236 @A: 12 09 29 26 | 05
#1513-d236 @A: 23 29 12 34 | 01
#1514-d236 @A: 16 12 34 32 | 07
#1515-d236 @A: 10 16 34 30 | 03
#1516-d236 @A: 34 04 33 01 | 10
#1517-d236 @A: 18 34 09 10 | 09
#1518-d236 @A: 01 25 14 32 | 04
#1519-d236 @A: 17 10 25 33 | 02
#1520-d236 @A: 25 01 29 21 | 12
#1521-d236 @A: 04 24 13 23 | 08
#1522-d236 @A: 15 23 29 28 | 06
#1523-d236 @A: 14 15 23 12 | 11
#1524-d236 @A: 16 23 30 24 | 05
#1525-d236 @A: 23 33 29 01 | 01
#1526-d236 @A: 17 23 32 10 | 07
#1527-d236 @A: 08 04 07 14 | 03
#1528-d236 @A: 16 08 09 32 | 10
#1529-d236 @A: 07 08 16 01 | 09
#1530-d236 @A: 21 08 29 16 | 04
#1531-d236 @A: 08 18 05 09 | 02
#1532-d236 @A: 08 09 07 17 | 12
#1533-d236 @A: 13 18 04 21 | 08
#1534-d236 @A: 29 17 07 13 | 06
#1535-d236 @A: 03 24 09 15 | 11
#1536-d236 @A: 10 15 24 21 | 05
#1537-d236 @A: 01 16 15 17 | 01
#1538-d236 @A: 33 15 17 05 | 07
#1539-d236 @A: 15 18 01 03 | 03
#1540-d236 @A: 03 12 21 15 | 10
#1541-d236 @A: 14 28 05 12 | 09
#1542-d236 @A: 17 28 07 33 | 04
#1543-d236 @A: 28 07 09 18 | 02
#1544-d236 @A: 28 01 32 29 | 12
#1545-d236 @A: 04 21 03 14 | 08
#1546-d236 @A: 18 21 32 14 | 06
#1547-d236 @A: 27 22 07 11 | 11
#1548-d236 @A: 16 32 27 11 | 05
#1549-d236 @A: 27 15 19 09 | 01
#1550-d236 @A: 30 31 15 27 | 07
#1551-d236 @A: 20 27 13 22 | 03
#1552-d236 @A: 25 22 12 27 | 10
#1553-d236 @A: 27 22 09 21 | 09
#1554-d236 @A: 27 35 15 20 | 04
#1555-d236 @A: 27 20 14 07 | 02
#1556-d236 @A: 18 02 06 27 | 12
#1557-d236 @A: 05 23 06 27 | 08
#1558-d236 @A: 25 26 21 27 | 06
#1559-d236 @A: 29 34 27 08 | 11
#1560-d236 @A: 27 33 28 34 | 05
#1561-d236 @A: 01 27 05 25 | 01
#1562-d236 @A: 27 08 23 01 | 07
#1563-d236 @A: 29 27 23 13 | 03
#1564-d236 @A: 23 27 12 18 | 10
#1565-d236 @A: 15 16 13 27 | 09
#1566-d236 @A: 27 18 24 03 | 04
#1567-d236 @A: 11 31 24 19 | 02
#1568-d236 @A: 11 05 19 23 | 12
#1569-d236 @A: 11 23 35 31 | 08
#1570-d236 @A: 04 11 34 31 | 06
#1571-d236 @A: 11 04 22 08 | 11
#1572-d236 @A: 11 09 35 25 | 05
#1573-d236 @A: 20 18 06 11 | 01
#1574-d236 @A: 11 14 21 20 | 07
#1575-d236 @A: 32 11 06 25 | 03
#1576-d236 @A: 06 04 11 28 | 10
#1577-d236 @A: 26 11 05 02 | 09
#1578-d236 @A: 28 11 34 01 | 04
#1579-d236 @A: 11 13 30 08 | 02
#1580-d236 @A: 03 32 11 05 | 12
#1581-d236 @A: 13 26 19 31 | 08
#1582-d236 @A: 34 18 35 19 | 06
#1583-d236 @A: 28 35 10 19 | 11
#1584-d236 @A: 19 29 20 26 | 05
#1585-d236 @A: 19 23 12 20 | 01
#1586-d236 @A: 10 20 17 19 | 07
#1587-d236 @A: 28 09 19 06 | 03
#1588-d236 @A: 17 06 18 19 | 10
#1589-d236 @A: 30 19 08 02 | 09
#1590-d236 @A: 19 29 13 02 | 04
#1591-d236 @A: 34 01 25 19 | 02
#1592-d236 @A: 19 24 25 30 | 12
#1593-d236 @A: 23 24 19 03 | 08
#1594-d236 @A: 28 19 32 14 | 06
#1595-d236 @A: 24 04 29 19 | 11
#1596-d236 @A: 17 21 16 19 | 05
#1597-d236 @A: 09 17 19 33 | 01
#1598-d236 @A: 18 32 19 09 | 07
#1599-d236 @A: 03 19 32 29 | 03
#1600-d236 @A: 15 31 17 22 | 10
#1601-d236 @A: 14 22 01 31 | 09
#1602-d236 @A: 06 30 35 31 | 04
#1603-d236 @A: 24 20 28 31 | 02
#1604-d236 @A: 02 05 31 13 | 12
#1605-d236 @A: 01 31 26 34 | 08
#1606-d236 @A: 17 28 23 31 | 06
#1607-d236 @A: 31 29 23 03 | 11
#1608-d236 @A: 24 04 18 31 | 05
#1609-d236 @A: 24 21 01 31 | 01
#1610-d236 @A: 33 21 31 12 | 07
#1611-d236 @A: 07 30 33 31 | 03
#1612-d236 @A: 21 31 32 07 | 10
#1613-d236 @A: 35 26 04 22 | 09
#1614-d236 @A: 22 10 35 08 | 04
#1615-d236 @A: 15 12 20 22 | 02
#1616-d236 @A: 22 14 20 24 | 12
#1617-d236 @A: 20 22 21 29 | 08
#1618-d236 @A: 02 13 07 22 | 06
#1619-d236 @A: 03 14 22 02 | 11
#1620-d236 @A: 21 13 22 34 | 05
#1621-d236 @A: 09 14 23 22 | 01
#1622-d236 @A: 22 04 23 03 | 07
#1623-d236 @A: 01 13 22 24 | 03
#1624-d236 @A: 16 20 06 35 | 10
#1625-d236 @A: 20 35 02 09 | 09
#1626-d236 @A: 02 29 25 35 | 04
#1627-d236 @A: 26 35 28 03 | 02
#1628-d236 @A: 35 10 23 18 | 12
#1629-d236 @A: 23 32 30 35 | 08
#1630-d236 @A: 08 35 15 32 | 06
#1631-d236 @A: 21 35 04 29 | 11
#1632-d236 @A: 35 04 03 10 | 05
#1633-d236 @A: 06 32 03 20 | 01
#1634-d236 @A: 33 02 20 21 | 07
#1635-d236 @A: 20 32 34 05 | 03
#1636-d236 @A: 01 03 34 20 | 10
#1637-d236 @A: 08 17 32 20 | 09
#1638-d236 @A: 12 24 20 10 | 04
#1639-d236 @A: 20 16 07 17 | 02
#1640-d236 @A: 18 01 29 20 | 12
#1641-d236 @A: 20 03 07 10 | 08
#1642-d236 @A: 17 23 34 06 | 06
#1643-d236 @A: 24 15 06 34 | 11
#1644-d236 @A: 06 32 08 07 | 05
#1645-d236 @A: 15 06 01 04 | 01
#1646-d236 @A: 06 09 01 10 | 07
#1647-d236 @A: 17 06 03 12 | 03
#1648-d236 @A: 02 10 26 25 | 10
#1649-d236 @A: 14 02 08 01 | 09
#1650-d236 @A: 02 28 13 16 | 04
#1651-d236 @A: 24 02 10 04 | 02
#1652-d236 @A: 21 09 02 04 | 12
#1653-d236 @A: 25 26 29 23 | 08
#1654-d236 @A: 33 23 26 16 | 06
#1655-d236 @A: 05 26 16 03 | 11
#1656-d236 @A: 33 21 26 29 | 05
#1657-d236 @A: 07 09 01 26 | 01
#1658-d236 @A: 34 10 13 25 | 07
#1659-d236 @A: 16 09 01 34 | 03
#1660-d236 @A: 09 33 12 34 | 10
#1661-d236 @A: 32 09 05 34 | 09
#1662-d236 @A: 21 04 15 25 | 04
#1663-d236 @A: 25 03 18 14 | 02
#1664-d236 @A: 25 24 32 17 | 12
#1665-d236 @A: 12 16 25 33 | 08
#1666-d236 @A: 29 04 25 07 | 06
#1667-d236 @A: 25 12 09 21 | 11
#1668-d236 @A: 30 25 29 17 | 05
#1669-d236 @A: 14 08 23 29 | 01
#1670-d236 @A: 23 05 10 24 | 07
#1671-d236 @A: 18 21 16 23 | 03
#1672-d236 @A: 10 23 03 16 | 10
#1673-d236 @A: 18 17 04 23 | 09
#1674-d236 @A: 23 10 21 12 | 04
#1675-d236 @A: 08 13 10 07 | 02
#1676-d236 @A: 24 12 03 08 | 12
#1677-d236 @A: 16 08 30 33 | 08
#1678-d236 @A: 18 12 08 30 | 06
#1679-d236 @A: 10 28 13 21 | 11
#1680-d236 @A: 13 30 32 24 | 05
#1681-d236 @A: 04 13 05 33 | 01
#1682-d236 @A: 13 04 32 18 | 07
#1683-d236 @A: 28 14 10 07 | 03
#1684-d236 @A: 10 05 29 28 | 10
#1685-d236 @A: 04 14 24 09 | 09
#1686-d236 @A: 14 24 18 05 | 04
#1687-d236 @A: 14 10 01 29 | 02
#1688-d236 @A: 32 18 16 10 | 12
#1689-d236 @A: 17 01 32 12 | 08
