#0001-d217 @A: 10 06 13 02 | 09
#0002-d217 @A: 21 33 13 10 | 08
#0003-d217 @A: 13 10 16 32 | 06
#0004-d217 @A: 10 27 13 23 | 02
#0005-d217 @A: 13 30 10 01 | 10
#0006-d217 @A: 29 13 10 17 | 01
#0007-d217 @A: 25 13 10 22 | 11
#0008-d217 @A: 15 13 11 10 | 12
#0009-d217 @A: 10 13 12 35 | 03
#0010-d217 @A: 28 10 19 13 | 04
#0011-d217 @A: 13 09 05 10 | 05
#0012-d217 @A: 10 20 26 13 | 07
#0013-d217 @A: 10 18 31 13 | 09
#0014-d217 @A: 07 10 13 04 | 08
#0015-d217 @A: 13 10 08 01 | 06
#0016-d217 @A: 24 34 13 10 | 02
#0017-d217 @A: 14 13 03 10 | 10
#0018-d217 @A: 10 21 01 06 | 01
#0019-d217 @A: 32 06 10 22 | 11
#0020-d217 @A: 10 14 06 23 | 12
#0021-d217 @A: 30 17 06 10 | 03
#0022-d217 @A: 06 16 10 27 | 04
#0023-d217 @A: 19 10 06 25 | 05
#0024-d217 @A: 06 12 10 15 | 07
#0025-d217 @A: 34 11 10 06 | 09
#0026-d217 @A: 10 06 28 04 | 08
#0027-d217 @A: 09 06 10 26 | 06
#0028-d217 @A: 06 10 20 03 | 02
#0029-d217 @A: 33 31 10 06 | 10
#0030-d217 @A: 07 06 35 10 | 01
#0031-d217 @A: 06 29 10 05 | 11
#0032-d217 @A: 24 10 06 18 | 12
#0033-d217 @A: 10 18 08 06 | 03
#0034-d217 @A: 10 21 24 32 | 04
#0035-d217 @A: 10 23 19 21 | 05
#0036-d217 @A: 30 10 21 22 | 07
#0037-d217 @A: 21 34 10 17 | 09
#0038-d217 @A: 10 21 27 18 | 08
#0039-d217 @A: 02 25 10 21 | 06
#0040-d217 @A: 05 15 10 21 | 02
#0041-d217 @A: 10 14 21 11 | 10
#0042-d217 @A: 16 10 12 21 | 01
#0043-d217 @A: 28 21 10 26 | 11
#0044-d217 @A: 29 09 21 10 | 12
#0045-d217 @A: 35 20 21 10 | 03
#0046-d217 @A: 31 04 21 10 | 04
#0047-d217 @A: 10 07 03 21 | 05
#0048-d217 @A: 22 10 21 08 | 07
#0049-d217 @A: 33 10 32 23 | 09
#0050-d217 @A: 10 32 30 09 | 08
#0051-d217 @A: 10 17 18 32 | 06
#0052-d217 @A: 02 10 27 32 | 02
#0053-d217 @A: 32 35 10 25 | 10
#0054-d217 @A: 15 01 32 10 | 01
#0055-d217 @A: 04 32 10 11 | 11
#0056-d217 @A: 10 26 32 12 | 12
#0057-d217 @A: 10 08 32 12 | 03
#0058-d217 @A: 28 10 14 32 | 04
#0059-d217 @A: 10 20 32 19 | 05
#0060-d217 @A: 10 34 32 31 | 07
#0061-d217 @A: 05 32 10 07 | 09
#0062-d217 @A: 10 03 29 32 | 08
#0063-d217 @A: 20 23 30 10 | 06
#0064-d217 @A: 10 04 23 17 | 02
#0065-d217 @A: 23 10 01 25 | 10
#0066-d217 @A: 03 23 15 10 | 01
#0067-d217 @A: 26 10 23 11 | 11
#0068-d217 @A: 29 12 10 23 | 12
#0069-d217 @A: 16 10 23 28 | 03
#0070-d217 @A: 09 18 23 10 | 04
#0071-d217 @A: 10 22 23 31 | 05
#0072-d217 @A: 23 07 10 02 | 07
#0073-d217 @A: 34 05 23 10 | 09
#0074-d217 @A: 23 35 10 24 | 08
#0075-d217 @A: 10 23 08 16 | 06
#0076-d217 @A: 33 30 10 27 | 02
#0077-d217 @A: 25 10 30 24 | 10
#0078-d217 @A: 30 15 10 26 | 01
#0079-d217 @A: 11 30 05 10 | 11
#0080-d217 @A: 11 10 30 08 | 12
#0081-d217 @A: 02 30 12 10 | 03
#0082-d217 @A: 28 30 10 03 | 04
#0083-d217 @A: 30 10 35 31 | 05
#0084-d217 @A: 16 30 07 10 | 07
#0085-d217 @A: 34 29 30 10 | 09
#0086-d217 @A: 10 30 14 04 | 08
#0087-d217 @A: 10 19 30 18 | 06
#0088-d217 @A: 27 10 05 17 | 02
#0089-d217 @A: 10 25 17 26 | 10
#0090-d217 @A: 33 10 15 17 | 01
#0091-d217 @A: 11 10 02 17 | 11
#0092-d217 @A: 10 17 12 19 | 12
#0093-d217 @A: 10 01 17 28 | 03
#0094-d217 @A: 09 10 35 17 | 04
#0095-d217 @A: 17 10 20 22 | 05
#0096-d217 @A: 24 17 31 10 | 07
#0097-d217 @A: 07 14 17 10 | 09
#0098-d217 @A: 19 10 17 08 | 08
#0099-d217 @A: 16 10 17 03 | 06
#0100-d217 @A: 27 10 25 03 | 02
#0101-d217 @A: 24 15 10 27 | 10
#0102-d217 @A: 27 20 10 11 | 01
#0103-d217 @A: 12 10 01 27 | 11
#0104-d217 @A: 27 10 28 34 | 12
#0105-d217 @A: 14 27 09 10 | 03
#0106-d217 @A: 07 27 31 10 | 04
#0107-d217 @A: 22 10 26 27 | 05
#0108-d217 @A: 27 19 29 10 | 07
#0109-d217 @A: 29 08 10 27 | 09
#0110-d217 @A: 10 04 27 35 | 08
#0111-d217 @A: 10 09 15 25 | 06
#0112-d217 @A: 11 25 10 29 | 02
#0113-d217 @A: 10 25 34 12 | 10
#0114-d217 @A: 10 18 28 25 | 01
#0115-d217 @A: 20 04 10 25 | 11
#0116-d217 @A: 16 25 10 31 | 12
#0117-d217 @A: 33 25 07 10 | 03
#0118-d217 @A: 14 10 05 25 | 04
#0119-d217 @A: 25 10 14 08 | 05
#0120-d217 @A: 28 10 22 15 | 07
#0121-d217 @A: 10 20 15 02 | 09
#0122-d217 @A: 14 10 15 31 | 08
#0123-d217 @A: 19 10 15 07 | 06
#0124-d217 @A: 10 08 15 07 | 02
#0125-d217 @A: 10 35 34 15 | 10
#0126-d217 @A: 16 29 10 15 | 01
#0127-d217 @A: 18 10 15 04 | 11
#0128-d217 @A: 11 10 24 12 | 12
#0129-d217 @A: 10 11 35 28 | 03
#0130-d217 @A: 11 09 10 16 | 04
#0131-d217 @A: 10 31 01 11 | 05
#0132-d217 @A: 07 22 10 11 | 07
#0133-d217 @A: 19 33 11 10 | 09
#0134-d217 @A: 10 11 03 18 | 08
#0135-d217 @A: 12 28 33 10 | 06
#0136-d217 @A: 09 12 22 10 | 02
#0137-d217 @A: 20 12 14 10 | 10
#0138-d217 @A: 31 12 03 10 | 01
#0139-d217 @A: 18 12 07 10 | 11
#0140-d217 @A: 10 05 12 04 | 12
#0141-d217 @A: 10 02 09 28 | 03
#0142-d217 @A: 20 24 28 10 | 04
#0143-d217 @A: 10 31 05 28 | 05
#0144-d217 @A: 10 28 29 07 | 07
#0145-d217 @A: 08 10 28 26 | 09
#0146-d217 @A: 20 01 09 10 | 08
#0147-d217 @A: 19 09 31 10 | 06
#0148-d217 @A: 08 09 10 31 | 02
#0149-d217 @A: 10 09 24 07 | 10
#0150-d217 @A: 09 33 34 10 | 01
#0151-d217 @A: 10 03 04 09 | 11
#0152-d217 @A: 29 20 10 31 | 12
#0153-d217 @A: 10 34 20 07 | 03
#0154-d217 @A: 18 20 10 33 | 04
#0155-d217 @A: 16 10 20 05 | 05
#0156-d217 @A: 08 10 20 05 | 07
#0157-d217 @A: 31 10 26 02 | 09
#0158-d217 @A: 01 07 26 10 | 08
#0159-d217 @A: 14 26 34 10 | 06
#0160-d217 @A: 35 19 26 10 | 02
#0161-d217 @A: 03 10 26 33 | 10
#0162-d217 @A: 26 10 29 04 | 01
#0163-d217 @A: 10 24 05 26 | 11
#0164-d217 @A: 18 10 16 26 | 12
#0165-d217 @A: 10 04 34 01 | 03
#0166-d217 @A: 18 01 14 10 | 04
#0167-d217 @A: 10 01 19 16 | 05
#0168-d217 @A: 10 03 35 01 | 07
#0169-d217 @A: 10 05 01 33 | 09
#0170-d217 @A: 10 01 29 24 | 08
#0171-d217 @A: 02 01 10 22 | 06
#0172-d217 @A: 19 03 34 10 | 02
#0173-d217 @A: 10 34 18 22 | 10
#0174-d217 @A: 35 10 34 08 | 01
#0175-d217 @A: 34 02 16 10 | 11
#0176-d217 @A: 14 24 10 19 | 12
#0177-d217 @A: 14 33 10 29 | 03
#0178-d217 @A: 14 10 22 16 | 04
#0179-d217 @A: 14 04 10 08 | 05
#0180-d217 @A: 14 02 35 10 | 07
#0181-d217 @A: 19 10 22 04 | 09
#0182-d217 @A: 02 19 05 10 | 08
#0183-d217 @A: 10 08 33 03 | 06
#0184-d217 @A: 22 10 03 05 | 02
#0185-d217 @A: 03 10 02 24 | 10
#0186-d217 @A: 10 22 24 33 | 01
#0187-d217 @A: 33 02 10 04 | 11
#0188-d217 @A: 33 35 10 16 | 12
#0189-d217 @A: 29 10 35 22 | 03
#0190-d217 @A: 18 10 29 02 | 04
#0191-d217 @A: 10 24 04 16 | 05
#0192-d217 @A: 24 02 10 08 | 07
#0193-d217 @A: 35 05 10 18 | 09
#0194-d217 @A: 13 06 26 21 | 08
#0195-d217 @A: 01 32 06 13 | 06
#0196-d217 @A: 13 22 06 23 | 02
#0197-d217 @A: 35 13 06 30 | 10
#0198-d217 @A: 13 14 17 06 | 01
#0199-d217 @A: 27 13 34 06 | 11
#0200-d217 @A: 25 29 13 06 | 12
#0201-d217 @A: 16 13 06 15 | 03
#0202-d217 @A: 13 04 06 11 | 04
#0203-d217 @A: 06 13 12 19 | 05
#0204-d217 @A: 03 13 28 06 | 07
#0205-d217 @A: 33 09 13 06 | 09
#0206-d217 @A: 13 05 06 20 | 08
#0207-d217 @A: 06 13 24 31 | 06
#0208-d217 @A: 06 07 18 13 | 02
#0209-d217 @A: 08 04 06 13 | 10
#0210-d217 @A: 13 18 21 32 | 01
#0211-d217 @A: 23 13 21 12 | 11
#0212-d217 @A: 24 13 21 30 | 12
#0213-d217 @A: 13 17 21 20 | 03
#0214-d217 @A: 21 27 14 13 | 04
#0215-d217 @A: 01 21 13 25 | 05
#0216-d217 @A: 34 13 15 21 | 07
#0217-d217 @A: 19 13 21 11 | 09
#0218-d217 @A: 13 28 21 05 | 08
#0219-d217 @A: 16 21 09 13 | 06
#0220-d217 @A: 21 31 13 35 | 02
#0221-d217 @A: 02 07 21 13 | 10
#0222-d217 @A: 03 13 04 21 | 01
#0223-d217 @A: 08 03 21 13 | 11
#0224-d217 @A: 13 22 21 29 | 12
#0225-d217 @A: 13 32 23 05 | 03
#0226-d217 @A: 30 32 03 13 | 04
#0227-d217 @A: 32 17 13 26 | 05
#0228-d217 @A: 27 32 35 13 | 07
#0229-d217 @A: 32 13 33 25 | 09
#0230-d217 @A: 13 15 19 32 | 08
#0231-d217 @A: 14 11 13 32 | 06
#0232-d217 @A: 32 02 13 12 | 02
#0233-d217 @A: 13 32 34 28 | 10
#0234-d217 @A: 32 09 13 04 | 01
#0235-d217 @A: 20 32 13 24 | 11
#0236-d217 @A: 29 31 32 13 | 12
#0237-d217 @A: 07 32 13 22 | 03
#0238-d217 @A: 13 02 08 32 | 04
#0239-d217 @A: 33 13 23 30 | 05
#0240-d217 @A: 23 17 13 02 | 07
#0241-d217 @A: 25 13 23 09 | 09
#0242-d217 @A: 23 15 24 13 | 08
#0243-d217 @A: 23 13 11 03 | 06
#0244-d217 @A: 13 28 23 26 | 02
#0245-d217 @A: 20 13 01 23 | 10
#0246-d217 @A: 31 23 16 13 | 01
#0247-d217 @A: 08 31 13 23 | 11
#0248-d217 @A: 13 07 34 23 | 12
#0249-d217 @A: 35 13 14 23 | 03
#0250-d217 @A: 19 13 23 29 | 04
#0251-d217 @A: 18 04 23 13 | 05
#0252-d217 @A: 17 05 13 30 | 07
#0253-d217 @A: 27 30 11 13 | 09
#0254-d217 @A: 13 25 30 26 | 08
#0255-d217 @A: 30 20 15 13 | 06
#0256-d217 @A: 12 13 34 30 | 02
#0257-d217 @A: 30 13 28 16 | 10
#0258-d217 @A: 13 09 30 18 | 01
#0259-d217 @A: 31 13 14 30 | 11
#0260-d217 @A: 07 13 29 30 | 12
#0261-d217 @A: 26 08 13 30 | 03
#0262-d217 @A: 19 22 30 13 | 04
#0263-d217 @A: 13 30 02 04 | 05
#0264-d217 @A: 05 30 13 08 | 07
#0265-d217 @A: 17 13 27 33 | 09
#0266-d217 @A: 13 17 35 25 | 08
#0267-d217 @A: 17 18 13 15 | 06
#0268-d217 @A: 17 22 13 11 | 02
#0269-d217 @A: 13 11 17 08 | 10
#0270-d217 @A: 17 12 13 16 | 01
#0271-d217 @A: 04 28 17 13 | 11
#0272-d217 @A: 01 17 13 09 | 12
#0273-d217 @A: 31 13 34 17 | 03
#0274-d217 @A: 03 07 13 17 | 04
#0275-d217 @A: 19 17 24 13 | 05
#0276-d217 @A: 25 19 13 27 | 07
#0277-d217 @A: 27 15 13 01 | 09
#0278-d217 @A: 13 27 03 12 | 08
#0279-d217 @A: 18 13 27 28 | 06
#0280-d217 @A: 29 09 13 27 | 02
#0281-d217 @A: 20 22 13 27 | 10
#0282-d217 @A: 27 13 31 05 | 01
#0283-d217 @A: 07 27 26 13 | 11
#0284-d217 @A: 33 08 27 13 | 12
#0285-d217 @A: 27 24 13 04 | 03
#0286-d217 @A: 27 13 16 02 | 04
#0287-d217 @A: 04 25 13 15 | 05
#0288-d217 @A: 11 25 13 34 | 07
#0289-d217 @A: 13 12 25 05 | 09
#0290-d217 @A: 20 28 13 25 | 08
#0291-d217 @A: 03 31 25 13 | 06
#0292-d217 @A: 25 07 13 16 | 02
#0293-d217 @A: 02 25 14 13 | 10
#0294-d217 @A: 24 25 13 18 | 01
#0295-d217 @A: 13 25 16 08 | 11
#0296-d217 @A: 12 15 29 13 | 12
#0297-d217 @A: 28 15 13 02 | 03
#0298-d217 @A: 26 09 15 13 | 04
#0299-d217 @A: 15 13 31 33 | 05
#0300-d217 @A: 07 05 15 13 | 07
#0301-d217 @A: 13 15 34 08 | 09
#0302-d217 @A: 15 13 22 14 | 08
#0303-d217 @A: 15 03 13 35 | 06
#0304-d217 @A: 12 26 11 13 | 02
#0305-d217 @A: 33 11 28 13 | 10
#0306-d217 @A: 09 11 24 13 | 01
#0307-d217 @A: 11 20 02 13 | 11
#0308-d217 @A: 07 11 13 31 | 12
#0309-d217 @A: 13 05 01 11 | 03
#0310-d217 @A: 11 29 13 16 | 04
#0311-d217 @A: 13 35 11 18 | 05
#0312-d217 @A: 13 12 28 01 | 07
#0313-d217 @A: 14 13 09 12 | 09
#0314-d217 @A: 20 33 12 13 | 08
#0315-d217 @A: 31 13 12 04 | 06
#0316-d217 @A: 13 07 24 12 | 02
#0317-d217 @A: 13 29 08 12 | 10
#0318-d217 @A: 22 13 18 12 | 01
#0319-d217 @A: 28 09 35 13 | 11
#0320-d217 @A: 13 31 28 22 | 12
#0321-d217 @A: 28 13 07 14 | 03
#0322-d217 @A: 28 14 08 13 | 04
#0323-d217 @A: 28 24 29 13 | 05
#0324-d217 @A: 09 03 20 13 | 07
#0325-d217 @A: 13 31 09 02 | 09
#0326-d217 @A: 19 09 13 07 | 08
#0327-d217 @A: 13 09 22 34 | 06
#0328-d217 @A: 18 08 09 13 | 02
#0329-d217 @A: 31 19 20 13 | 10
#0330-d217 @A: 07 13 35 20 | 01
#0331-d217 @A: 34 18 20 13 | 11
#0332-d217 @A: 14 20 29 13 | 12
#0333-d217 @A: 13 22 08 20 | 03
#0334-d217 @A: 16 04 20 13 | 04
#0335-d217 @A: 01 26 13 31 | 05
#0336-d217 @A: 33 01 13 07 | 07
#0337-d217 @A: 35 13 08 07 | 09
#0338-d217 @A: 26 13 34 04 | 08
#0339-d217 @A: 13 18 26 14 | 06
#0340-d217 @A: 19 13 16 26 | 02
#0341-d217 @A: 26 29 13 03 | 10
#0342-d217 @A: 13 26 05 33 | 01
#0343-d217 @A: 13 22 02 26 | 11
#0344-d217 @A: 35 26 24 13 | 12
#0345-d217 @A: 01 13 34 14 | 03
#0346-d217 @A: 04 13 01 19 | 04
#0347-d217 @A: 01 22 03 13 | 05
#0348-d217 @A: 01 13 29 18 | 07
#0349-d217 @A: 24 02 13 01 | 09
#0350-d217 @A: 13 16 01 35 | 08
#0351-d217 @A: 19 05 13 34 | 06
#0352-d217 @A: 34 03 13 16 | 02
#0353-d217 @A: 34 35 13 33 | 10
#0354-d217 @A: 34 02 13 29 | 01
#0355-d217 @A: 33 19 14 13 | 11
#0356-d217 @A: 13 05 14 04 | 12
#0357-d217 @A: 16 13 14 24 | 03
#0358-d217 @A: 13 18 19 03 | 04
#0359-d217 @A: 08 13 24 19 | 05
#0360-d217 @A: 19 13 02 35 | 07
#0361-d217 @A: 24 13 03 33 | 09
#0362-d217 @A: 02 13 05 03 | 08
#0363-d217 @A: 29 33 13 04 | 06
#0364-d217 @A: 22 16 33 13 | 02
#0365-d217 @A: 02 18 13 33 | 10
#0366-d217 @A: 35 29 13 05 | 01
#0367-d217 @A: 22 04 13 35 | 11
#0368-d217 @A: 22 13 05 24 | 12
#0369-d217 @A: 05 18 16 13 | 03
#0370-d217 @A: 28 32 06 21 | 04
#0371-d217 @A: 06 04 23 21 | 05
#0372-d217 @A: 16 21 06 30 | 07
#0373-d217 @A: 21 06 17 29 | 09
#0374-d217 @A: 27 06 05 21 | 08
#0375-d217 @A: 25 09 06 21 | 06
#0376-d217 @A: 21 08 25 06 | 02
#0377-d217 @A: 21 06 15 18 | 10
#0378-d217 @A: 21 22 06 11 | 01
#0379-d217 @A: 35 12 21 06 | 11
#0380-d217 @A: 06 21 19 20 | 12
#0381-d217 @A: 21 06 07 31 | 03
#0382-d217 @A: 34 14 06 21 | 04
#0383-d217 @A: 06 03 21 24 | 05
#0384-d217 @A: 06 21 02 33 | 07
#0385-d217 @A: 06 32 35 23 | 09
#0386-d217 @A: 06 32 30 24 | 08
#0387-d217 @A: 32 17 06 19 | 06
#0388-d217 @A: 27 06 32 03 | 02
#0389-d217 @A: 12 06 32 25 | 10
#0390-d217 @A: 06 32 02 15 | 01
#0391-d217 @A: 11 06 05 32 | 11
#0392-d217 @A: 06 34 32 09 | 12
#0393-d217 @A: 16 32 06 20 | 03
#0394-d217 @A: 04 32 31 06 | 04
#0395-d217 @A: 06 14 07 32 | 05
#0396-d217 @A: 18 32 06 26 | 07
#0397-d217 @A: 34 06 32 08 | 09
#0398-d217 @A: 06 32 29 33 | 08
#0399-d217 @A: 30 23 34 06 | 06
#0400-d217 @A: 17 06 23 16 | 02
#0401-d217 @A: 06 23 08 17 | 10
#0402-d217 @A: 27 29 06 23 | 01
#0403-d217 @A: 25 03 06 23 | 11
#0404-d217 @A: 06 15 05 23 | 12
#0405-d217 @A: 11 06 12 23 | 03
#0406-d217 @A: 06 01 23 28 | 04
#0407-d217 @A: 06 23 02 09 | 05
#0408-d217 @A: 33 23 06 20 | 07
#0409-d217 @A: 23 31 18 06 | 09
#0410-d217 @A: 07 26 23 06 | 08
#0411-d217 @A: 06 24 19 23 | 06
#0412-d217 @A: 01 27 30 06 | 02
#0413-d217 @A: 06 22 30 25 | 10
#0414-d217 @A: 15 30 06 03 | 01
#0415-d217 @A: 06 14 11 30 | 11
#0416-d217 @A: 04 12 30 06 | 12
#0417-d217 @A: 33 28 30 06 | 03
#0418-d217 @A: 29 06 30 09 | 04
#0419-d217 @A: 06 20 30 26 | 05
#0420-d217 @A: 31 06 05 30 | 07
#0421-d217 @A: 19 30 07 06 | 09
#0422-d217 @A: 08 01 30 06 | 08
#0423-d217 @A: 06 30 02 18 | 06
#0424-d217 @A: 27 18 06 17 | 02
#0425-d217 @A: 17 06 25 04 | 10
#0426-d217 @A: 06 35 15 17 | 01
#0427-d217 @A: 17 06 20 11 | 11
#0428-d217 @A: 06 34 12 17 | 12
#0429-d217 @A: 28 09 17 06 | 03
#0430-d217 @A: 31 06 17 03 | 04
#0431-d217 @A: 17 22 06 07 | 05
#0432-d217 @A: 33 06 17 26 | 07
#0433-d217 @A: 17 06 24 01 | 09
#0434-d217 @A: 06 05 17 02 | 08
#0435-d217 @A: 06 25 27 33 | 06
#0436-d217 @A: 26 15 06 27 | 02
#0437-d217 @A: 11 27 06 24 | 10
#0438-d217 @A: 12 06 14 27 | 01
#0439-d217 @A: 06 27 28 35 | 11
#0440-d217 @A: 22 06 09 27 | 12
#0441-d217 @A: 27 06 08 09 | 03
#0442-d217 @A: 27 04 06 20 | 04
#0443-d217 @A: 06 27 31 19 | 05
#0444-d217 @A: 27 07 02 06 | 07
#0445-d217 @A: 15 25 06 14 | 09
#0446-d217 @A: 25 06 11 16 | 08
#0447-d217 @A: 34 25 28 06 | 06
#0448-d217 @A: 02 25 20 06 | 02
#0449-d217 @A: 06 25 26 31 | 10
#0450-d217 @A: 06 24 07 25 | 01
#0451-d217 @A: 25 18 06 01 | 11
#0452-d217 @A: 05 06 35 25 | 12
#0453-d217 @A: 33 15 06 11 | 03
#0454-d217 @A: 28 24 06 15 | 04
#0455-d217 @A: 09 04 06 15 | 05
#0456-d217 @A: 15 06 34 20 | 07
#0457-d217 @A: 22 06 15 31 | 09
#0458-d217 @A: 15 07 29 06 | 08
#0459-d217 @A: 06 08 15 26 | 06
#0460-d217 @A: 01 06 19 15 | 02
#0461-d217 @A: 28 11 06 18 | 10
#0462-d217 @A: 09 11 01 06 | 01
#0463-d217 @A: 06 11 29 31 | 11
#0464-d217 @A: 03 07 11 06 | 12
#0465-d217 @A: 06 26 11 35 | 03
#0466-d217 @A: 06 02 11 19 | 04
#0467-d217 @A: 11 06 08 16 | 05
#0468-d217 @A: 12 16 06 28 | 07
#0469-d217 @A: 06 18 09 12 | 09
#0470-d217 @A: 20 29 12 06 | 08
#0471-d217 @A: 12 31 06 01 | 06
#0472-d217 @A: 07 12 33 06 | 02
#0473-d217 @A: 12 26 06 24 | 10
#0474-d217 @A: 06 12 19 08 | 01
#0475-d217 @A: 12 03 06 05 | 11
#0476-d217 @A: 02 06 12 22 | 12
#0477-d217 @A: 06 14 28 20 | 03
#0478-d217 @A: 28 06 02 31 | 04
#0479-d217 @A: 07 06 28 05 | 05
#0480-d217 @A: 08 07 28 06 | 07
#0481-d217 @A: 28 26 29 06 | 09
#0482-d217 @A: 06 19 28 22 | 08
#0483-d217 @A: 20 24 06 09 | 06
#0484-d217 @A: 14 31 09 06 | 02
#0485-d217 @A: 16 09 06 07 | 10
#0486-d217 @A: 09 05 06 19 | 01
#0487-d217 @A: 35 06 09 03 | 11
#0488-d217 @A: 35 06 31 20 | 12
#0489-d217 @A: 06 20 01 07 | 03
#0490-d217 @A: 06 22 20 18 | 04
#0491-d217 @A: 35 06 20 08 | 05
#0492-d217 @A: 08 07 06 31 | 07
#0493-d217 @A: 16 06 31 34 | 09
#0494-d217 @A: 04 07 34 06 | 08
#0495-d217 @A: 26 01 06 04 | 06
#0496-d217 @A: 22 26 06 34 | 02
#0497-d217 @A: 26 05 06 14 | 10
#0498-d217 @A: 06 26 03 19 | 01
#0499-d217 @A: 26 06 02 16 | 11
#0500-d217 @A: 34 05 01 06 | 12
#0501-d217 @A: 06 14 01 22 | 03
#0502-d217 @A: 06 16 01 03 | 04
#0503-d217 @A: 35 06 01 33 | 05
#0504-d217 @A: 29 01 06 02 | 07
#0505-d217 @A: 35 34 19 06 | 09
#0506-d217 @A: 33 06 34 03 | 08
#0507-d217 @A: 18 29 34 06 | 06
#0508-d217 @A: 24 02 34 06 | 02
#0509-d217 @A: 18 06 14 19 | 10
#0510-d217 @A: 14 06 02 03 | 01
#0511-d217 @A: 14 33 24 06 | 11
#0512-d217 @A: 14 08 06 33 | 12
#0513-d217 @A: 35 14 06 29 | 03
#0514-d217 @A: 14 04 16 06 | 04
#0515-d217 @A: 19 16 06 33 | 05
#0516-d217 @A: 06 29 19 04 | 07
#0517-d217 @A: 22 03 06 29 | 09
#0518-d217 @A: 18 04 06 03 | 08
#0519-d217 @A: 08 06 05 03 | 06
#0520-d217 @A: 22 33 04 06 | 02
#0521-d217 @A: 06 05 33 18 | 10
#0522-d217 @A: 16 06 29 24 | 01
#0523-d217 @A: 29 06 02 08 | 11
#0524-d217 @A: 06 24 22 35 | 12
#0525-d217 @A: 06 08 22 24 | 03
#0526-d217 @A: 05 16 22 06 | 04
#0527-d217 @A: 06 05 24 04 | 05
#0528-d217 @A: 06 35 04 02 | 07
#0529-d217 @A: 16 18 35 06 | 09
#0530-d217 @A: 23 03 32 21 | 08
#0531-d217 @A: 21 32 34 30 | 06
#0532-d217 @A: 21 32 17 25 | 02
#0533-d217 @A: 21 04 32 27 | 10
#0534-d217 @A: 21 15 32 26 | 01
#0535-d217 @A: 21 32 11 35 | 11
#0536-d217 @A: 21 12 19 32 | 12
#0537-d217 @A: 32 14 09 21 | 03
#0538-d217 @A: 08 32 09 21 | 04
#0539-d217 @A: 32 20 02 21 | 05
#0540-d217 @A: 31 22 32 21 | 07
#0541-d217 @A: 33 07 32 21 | 09
#0542-d217 @A: 29 32 21 01 | 08
#0543-d217 @A: 16 32 05 21 | 06
#0544-d217 @A: 21 23 30 14 | 02
#0545-d217 @A: 35 21 17 23 | 10
#0546-d217 @A: 27 21 02 23 | 01
#0547-d217 @A: 23 18 21 25 | 11
#0548-d217 @A: 22 23 21 15 | 12
#0549-d217 @A: 21 11 23 01 | 03
#0550-d217 @A: 23 21 28 33 | 04
#0551-d217 @A: 23 34 21 09 | 05
#0552-d217 @A: 20 24 21 23 | 07
#0553-d217 @A: 29 21 31 23 | 09
#0554-d217 @A: 05 23 07 21 | 08
#0555-d217 @A: 21 23 16 26 | 06
#0556-d217 @A: 21 19 23 08 | 02
#0557-d217 @A: 30 21 27 17 | 10
#0558-d217 @A: 25 30 21 03 | 01
#0559-d217 @A: 02 30 15 21 | 11
#0560-d217 @A: 30 11 21 18 | 12
#0561-d217 @A: 29 21 12 30 | 03
#0562-d217 @A: 19 30 28 21 | 04
#0563-d217 @A: 30 21 33 09 | 05
#0564-d217 @A: 01 30 21 20 | 07
#0565-d217 @A: 30 21 20 08 | 09
#0566-d217 @A: 26 30 31 21 | 08
#0567-d217 @A: 35 07 30 21 | 06
#0568-d217 @A: 05 30 04 21 | 02
#0569-d217 @A: 15 19 17 21 | 10
#0570-d217 @A: 15 08 21 17 | 01
#0571-d217 @A: 21 17 04 11 | 11
#0572-d217 @A: 14 21 12 17 | 12
#0573-d217 @A: 17 28 16 21 | 03
#0574-d217 @A: 18 09 21 17 | 04
#0575-d217 @A: 31 17 21 05 | 05
#0576-d217 @A: 07 21 17 24 | 07
#0577-d217 @A: 17 03 21 26 | 09
#0578-d217 @A: 02 21 17 01 | 08
#0579-d217 @A: 17 22 33 21 | 06
#0580-d217 @A: 21 25 27 26 | 02
#0581-d217 @A: 27 15 12 21 | 10
#0582-d217 @A: 21 27 11 03 | 01
#0583-d217 @A: 28 27 21 22 | 11
#0584-d217 @A: 21 09 19 27 | 12
#0585-d217 @A: 21 34 20 27 | 03
#0586-d217 @A: 24 21 31 27 | 04
#0587-d217 @A: 21 27 07 29 | 05
#0588-d217 @A: 35 27 21 01 | 07
#0589-d217 @A: 21 27 16 33 | 09
#0590-d217 @A: 35 08 21 27 | 08
#0591-d217 @A: 21 33 15 25 | 06
#0592-d217 @A: 21 25 11 05 | 02
#0593-d217 @A: 25 21 04 12 | 10
#0594-d217 @A: 14 28 21 25 | 01
#0595-d217 @A: 29 25 20 21 | 11
#0596-d217 @A: 25 21 19 31 | 12
#0597-d217 @A: 07 25 34 21 | 03
#0598-d217 @A: 21 16 22 25 | 04
#0599-d217 @A: 35 24 25 21 | 05
#0600-d217 @A: 15 21 11 29 | 07
#0601-d217 @A: 15 35 21 28 | 09
#0602-d217 @A: 09 15 21 24 | 08
#0603-d217 @A: 14 20 15 21 | 06
#0604-d217 @A: 31 01 21 15 | 02
#0605-d217 @A: 07 04 21 15 | 10
#0606-d217 @A: 15 03 21 16 | 01
#0607-d217 @A: 11 34 21 12 | 11
#0608-d217 @A: 28 21 11 24 | 12
#0609-d217 @A: 09 02 21 11 | 03
#0610-d217 @A: 20 26 21 11 | 04
#0611-d217 @A: 11 33 31 21 | 05
#0612-d217 @A: 11 07 16 21 | 07
#0613-d217 @A: 08 11 14 21 | 09
#0614-d217 @A: 21 12 28 09 | 08
#0615-d217 @A: 18 12 20 21 | 06
#0616-d217 @A: 02 31 12 21 | 02
#0617-d217 @A: 21 07 26 12 | 10
#0618-d217 @A: 26 08 12 21 | 01
#0619-d217 @A: 21 03 12 01 | 11
#0620-d217 @A: 05 21 33 12 | 12
#0621-d217 @A: 21 22 24 12 | 03
#0622-d217 @A: 21 28 20 03 | 04
#0623-d217 @A: 28 21 31 34 | 05
#0624-d217 @A: 07 28 21 18 | 07
#0625-d217 @A: 01 21 04 28 | 09
#0626-d217 @A: 29 21 28 02 | 08
#0627-d217 @A: 08 21 04 28 | 06
#0628-d217 @A: 05 09 21 20 | 02
#0629-d217 @A: 09 03 31 21 | 10
#0630-d217 @A: 01 09 21 07 | 01
#0631-d217 @A: 09 21 26 04 | 11
#0632-d217 @A: 09 35 21 22 | 12
#0633-d217 @A: 20 21 16 31 | 03
#0634-d217 @A: 07 21 22 20 | 04
#0635-d217 @A: 33 20 21 04 | 05
#0636-d217 @A: 18 31 21 14 | 07
#0637-d217 @A: 21 31 08 02 | 09
#0638-d217 @A: 21 07 08 34 | 08
#0639-d217 @A: 14 07 19 21 | 06
#0640-d217 @A: 01 18 21 26 | 02
#0641-d217 @A: 34 26 05 21 | 10
#0642-d217 @A: 22 21 14 26 | 01
#0643-d217 @A: 19 21 24 26 | 11
#0644-d217 @A: 26 33 21 29 | 12
#0645-d217 @A: 35 02 21 26 | 03
#0646-d217 @A: 22 21 01 34 | 04
#0647-d217 @A: 01 21 05 14 | 05
#0648-d217 @A: 14 01 21 08 | 07
#0649-d217 @A: 01 19 33 21 | 09
#0650-d217 @A: 24 21 01 16 | 08
#0651-d217 @A: 19 34 21 18 | 06
#0652-d217 @A: 21 03 02 34 | 02
#0653-d217 @A: 33 21 24 34 | 10
#0654-d217 @A: 29 21 35 34 | 01
#0655-d217 @A: 21 34 04 16 | 11
#0656-d217 @A: 33 03 21 14 | 12
#0657-d217 @A: 04 29 14 21 | 03
#0658-d217 @A: 14 24 02 21 | 04
#0659-d217 @A: 21 35 14 16 | 05
#0660-d217 @A: 29 03 19 21 | 07
#0661-d217 @A: 19 21 22 05 | 09
#0662-d217 @A: 21 35 19 04 | 08
#0663-d217 @A: 02 16 21 19 | 06
#0664-d217 @A: 22 18 03 21 | 02
#0665-d217 @A: 03 05 35 21 | 10
#0666-d217 @A: 33 08 21 05 | 01
#0667-d217 @A: 35 21 33 18 | 11
#0668-d217 @A: 21 29 05 24 | 12
#0669-d217 @A: 16 18 21 29 | 03
#0670-d217 @A: 08 21 16 29 | 04
#0671-d217 @A: 02 04 22 21 | 05
#0672-d217 @A: 04 18 21 24 | 07
#0673-d217 @A: 21 18 24 08 | 09
#0674-d217 @A: 05 18 21 02 | 08
#0675-d217 @A: 30 02 32 23 | 06
#0676-d217 @A: 32 17 23 22 | 02
#0677-d217 @A: 23 19 32 27 | 10
#0678-d217 @A: 25 23 34 32 | 01
#0679-d217 @A: 32 23 14 15 | 11
#0680-d217 @A: 09 32 23 11 | 12
#0681-d217 @A: 23 32 08 11 | 03
#0682-d217 @A: 23 32 04 12 | 04
#0683-d217 @A: 23 32 18 28 | 05
#0684-d217 @A: 26 32 23 20 | 07
#0685-d217 @A: 01 32 23 31 | 09
#0686-d217 @A: 32 07 23 16 | 08
#0687-d217 @A: 29 32 24 23 | 06
#0688-d217 @A: 33 17 30 32 | 02
#0689-d217 @A: 32 28 27 30 | 10
#0690-d217 @A: 25 32 30 01 | 01
#0691-d217 @A: 32 35 30 15 | 11
#0692-d217 @A: 11 19 30 32 | 12
#0693-d217 @A: 12 32 14 30 | 03
#0694-d217 @A: 20 30 04 32 | 04
#0695-d217 @A: 30 32 16 31 | 05
#0696-d217 @A: 26 32 30 07 | 07
#0697-d217 @A: 32 33 08 30 | 09
#0698-d217 @A: 22 32 30 29 | 08
#0699-d217 @A: 30 32 18 05 | 06
#0700-d217 @A: 32 14 27 17 | 02
#0701-d217 @A: 24 15 17 32 | 10
#0702-d217 @A: 11 01 32 17 | 01
#0703-d217 @A: 09 12 32 17 | 11
#0704-d217 @A: 17 32 29 28 | 12
#0705-d217 @A: 17 03 20 32 | 03
#0706-d217 @A: 31 17 35 32 | 04
#0707-d217 @A: 17 07 32 04 | 05
#0708-d217 @A: 05 17 32 34 | 07
#0709-d217 @A: 32 08 14 17 | 09
#0710-d217 @A: 32 17 16 02 | 08
#0711-d217 @A: 32 29 27 25 | 06
#0712-d217 @A: 33 27 15 32 | 02
#0713-d217 @A: 11 32 27 26 | 10
#0714-d217 @A: 12 27 22 32 | 01
#0715-d217 @A: 09 27 16 32 | 11
#0716-d217 @A: 20 05 27 32 | 12
#0717-d217 @A: 32 27 18 31 | 03
#0718-d217 @A: 24 32 27 07 | 04
#0719-d217 @A: 32 34 01 27 | 05
#0720-d217 @A: 32 08 27 16 | 07
#0721-d217 @A: 32 15 05 25 | 09
#0722-d217 @A: 25 32 24 11 | 08
#0723-d217 @A: 28 32 16 25 | 06
#0724-d217 @A: 28 32 25 08 | 02
#0725-d217 @A: 32 18 09 25 | 10
#0726-d217 @A: 25 20 32 14 | 01
#0727-d217 @A: 32 31 25 07 | 11
#0728-d217 @A: 25 26 32 03 | 12
#0729-d217 @A: 25 19 04 32 | 03
#0730-d217 @A: 22 25 02 32 | 04
#0731-d217 @A: 32 15 22 11 | 05
#0732-d217 @A: 12 16 32 15 | 07
#0733-d217 @A: 15 32 04 28 | 09
#0734-d217 @A: 15 29 09 32 | 08
#0735-d217 @A: 15 18 20 32 | 06
#0736-d217 @A: 03 31 32 15 | 02
#0737-d217 @A: 32 34 15 07 | 10
#0738-d217 @A: 24 08 32 15 | 01
#0739-d217 @A: 11 32 29 12 | 11
#0740-d217 @A: 28 32 11 20 | 12
#0741-d217 @A: 32 31 11 02 | 03
#0742-d217 @A: 18 32 07 11 | 04
#0743-d217 @A: 11 03 32 34 | 05
#0744-d217 @A: 32 16 33 11 | 07
#0745-d217 @A: 35 28 12 32 | 09
#0746-d217 @A: 01 32 12 20 | 08
#0747-d217 @A: 31 12 05 32 | 06
#0748-d217 @A: 07 03 12 32 | 02
#0749-d217 @A: 34 12 24 32 | 10
#0750-d217 @A: 33 12 32 18 | 01
#0751-d217 @A: 19 09 28 32 | 11
#0752-d217 @A: 28 32 26 31 | 12
#0753-d217 @A: 07 32 01 28 | 03
#0754-d217 @A: 03 28 24 32 | 04
#0755-d217 @A: 22 32 28 33 | 05
#0756-d217 @A: 05 28 02 32 | 07
#0757-d217 @A: 09 32 20 35 | 09
#0758-d217 @A: 09 32 31 24 | 08
#0759-d217 @A: 07 02 09 32 | 06
#0760-d217 @A: 32 26 33 09 | 02
#0761-d217 @A: 01 32 22 09 | 10
#0762-d217 @A: 09 05 32 03 | 01
#0763-d217 @A: 20 31 32 33 | 11
#0764-d217 @A: 20 29 07 32 | 12
#0765-d217 @A: 26 20 08 32 | 03
#0766-d217 @A: 22 20 34 32 | 04
#0767-d217 @A: 14 32 19 31 | 05
#0768-d217 @A: 31 32 29 08 | 07
#0769-d217 @A: 19 32 07 35 | 09
#0770-d217 @A: 19 08 32 07 | 08
#0771-d217 @A: 32 26 16 01 | 06
#0772-d217 @A: 34 35 26 32 | 02
#0773-d217 @A: 32 26 14 24 | 10
#0774-d217 @A: 26 32 19 02 | 01
#0775-d217 @A: 32 05 29 26 | 11
#0776-d217 @A: 04 32 26 22 | 12
#0777-d217 @A: 01 14 32 33 | 03
#0778-d217 @A: 05 32 01 19 | 04
#0779-d217 @A: 01 18 32 03 | 05
#0780-d217 @A: 01 29 08 32 | 07
#0781-d217 @A: 32 24 04 01 | 09
#0782-d217 @A: 02 01 35 32 | 08
#0783-d217 @A: 14 34 32 18 | 06
#0784-d217 @A: 16 19 34 32 | 02
#0785-d217 @A: 02 34 32 33 | 10
#0786-d217 @A: 04 34 29 32 | 01
#0787-d217 @A: 32 16 03 14 | 11
#0788-d217 @A: 02 29 32 14 | 12
#0789-d217 @A: 14 32 22 05 | 03
#0790-d217 @A: 04 32 35 14 | 04
#0791-d217 @A: 19 03 32 22 | 05
#0792-d217 @A: 33 19 24 32 | 07
#0793-d217 @A: 19 32 18 29 | 09
#0794-d217 @A: 33 03 35 32 | 08
#0795-d217 @A: 03 04 02 32 | 06
#0796-d217 @A: 32 03 08 18 | 02
#0797-d217 @A: 04 05 33 32 | 10
#0798-d217 @A: 32 35 29 16 | 01
#0799-d217 @A: 16 24 32 22 | 11
#0800-d217 @A: 08 22 05 32 | 12
#0801-d217 @A: 32 35 22 18 | 03
#0802-d217 @A: 35 08 32 04 | 04
#0803-d217 @A: 18 32 04 16 | 05
#0804-d217 @A: 32 35 24 05 | 07
#0805-d217 @A: 24 18 32 02 | 09
#0806-d217 @A: 23 01 17 30 | 08
#0807-d217 @A: 27 03 23 30 | 06
#0808-d217 @A: 23 30 27 08 | 02
#0809-d217 @A: 25 16 23 30 | 10
#0810-d217 @A: 11 15 23 30 | 01
#0811-d217 @A: 30 23 22 12 | 11
#0812-d217 @A: 04 28 23 30 | 12
#0813-d217 @A: 09 30 23 24 | 03
#0814-d217 @A: 30 19 31 23 | 04
#0815-d217 @A: 30 23 07 18 | 05
#0816-d217 @A: 23 26 29 30 | 07
#0817-d217 @A: 30 35 23 05 | 09
#0818-d217 @A: 34 27 17 23 | 08
#0819-d217 @A: 25 23 05 17 | 06
#0820-d217 @A: 23 15 17 29 | 02
#0821-d217 @A: 24 11 23 17 | 10
#0822-d217 @A: 12 17 33 23 | 01
#0823-d217 @A: 28 03 17 23 | 11
#0824-d217 @A: 14 09 17 23 | 12
#0825-d217 @A: 18 20 23 17 | 03
#0826-d217 @A: 17 31 26 23 | 04
#0827-d217 @A: 19 17 07 23 | 05
#0828-d217 @A: 04 23 25 27 | 07
#0829-d217 @A: 15 23 27 20 | 09
#0830-d217 @A: 22 11 27 23 | 08
#0831-d217 @A: 26 23 12 27 | 06
#0832-d217 @A: 05 28 27 23 | 02
#0833-d217 @A: 09 27 33 23 | 10
#0834-d217 @A: 23 27 35 31 | 01
#0835-d217 @A: 27 14 23 07 | 11
#0836-d217 @A: 23 01 27 18 | 12
#0837-d217 @A: 16 27 23 24 | 03
#0838-d217 @A: 27 18 23 08 | 04
#0839-d217 @A: 23 19 25 15 | 05
#0840-d217 @A: 33 23 11 25 | 07
#0841-d217 @A: 25 12 23 02 | 09
#0842-d217 @A: 28 25 29 23 | 08
#0843-d217 @A: 25 22 23 20 | 06
#0844-d217 @A: 31 23 24 25 | 02
#0845-d217 @A: 07 35 25 23 | 10
#0846-d217 @A: 14 25 23 26 | 01
#0847-d217 @A: 25 23 08 01 | 11
#0848-d217 @A: 35 12 23 15 | 12
#0849-d217 @A: 34 28 23 15 | 03
#0850-d217 @A: 16 09 15 23 | 04
#0851-d217 @A: 23 02 31 15 | 05
#0852-d217 @A: 33 15 07 23 | 07
#0853-d217 @A: 15 23 18 26 | 09
#0854-d217 @A: 15 23 04 01 | 08
#0855-d217 @A: 23 08 15 14 | 06
#0856-d217 @A: 23 11 28 02 | 02
#0857-d217 @A: 11 20 05 23 | 10
#0858-d217 @A: 31 23 04 11 | 01
#0859-d217 @A: 23 07 29 11 | 11
#0860-d217 @A: 11 23 34 35 | 12
#0861-d217 @A: 11 14 23 16 | 03
#0862-d217 @A: 18 23 19 11 | 04
#0863-d217 @A: 12 19 28 23 | 05
#0864-d217 @A: 03 23 09 12 | 07
#0865-d217 @A: 23 20 16 12 | 09
#0866-d217 @A: 23 31 12 34 | 08
#0867-d217 @A: 12 23 07 01 | 06
#0868-d217 @A: 12 24 23 14 | 02
#0869-d217 @A: 12 05 18 23 | 10
#0870-d217 @A: 08 23 12 35 | 01
#0871-d217 @A: 28 22 09 23 | 11
#0872-d217 @A: 28 23 35 20 | 12
#0873-d217 @A: 23 28 20 08 | 03
#0874-d217 @A: 14 28 31 23 | 04
#0875-d217 @A: 28 07 24 23 | 05
#0876-d217 @A: 20 23 29 09 | 07
#0877-d217 @A: 09 05 23 31 | 09
#0878-d217 @A: 23 04 07 09 | 08
#0879-d217 @A: 26 09 19 23 | 06
#0880-d217 @A: 01 35 09 23 | 02
#0881-d217 @A: 29 09 23 08 | 10
#0882-d217 @A: 23 20 07 31 | 01
#0883-d217 @A: 34 19 20 23 | 11
#0884-d217 @A: 20 14 23 04 | 12
#0885-d217 @A: 20 03 02 23 | 03
#0886-d217 @A: 33 31 03 23 | 04
#0887-d217 @A: 23 03 07 22 | 05
#0888-d217 @A: 23 03 08 07 | 07
#0889-d217 @A: 26 23 03 01 | 09
#0890-d217 @A: 23 33 26 34 | 08
#0891-d217 @A: 26 22 23 05 | 06
#0892-d217 @A: 26 08 23 22 | 02
#0893-d217 @A: 23 26 04 35 | 10
#0894-d217 @A: 24 02 23 26 | 01
#0895-d217 @A: 23 01 34 16 | 11
#0896-d217 @A: 29 01 23 14 | 12
#0897-d217 @A: 01 22 19 23 | 03
#0898-d217 @A: 23 24 33 01 | 04
#0899-d217 @A: 23 01 02 05 | 05
#0900-d217 @A: 02 14 34 23 | 07
#0901-d217 @A: 04 23 03 34 | 09
#0902-d217 @A: 34 22 29 23 | 08
#0903-d217 @A: 34 24 23 18 | 06
#0904-d217 @A: 23 02 08 34 | 02
#0905-d217 @A: 23 14 19 03 | 10
#0906-d217 @A: 05 33 23 14 | 01
#0907-d217 @A: 18 23 14 22 | 11
#0908-d217 @A: 19 23 35 33 | 12
#0909-d217 @A: 19 23 02 04 | 03
#0910-d217 @A: 05 19 23 16 | 04
#0911-d217 @A: 23 35 29 03 | 05
#0912-d217 @A: 23 05 24 03 | 07
#0913-d217 @A: 23 03 18 16 | 09
#0914-d217 @A: 18 29 23 33 | 08
#0915-d217 @A: 23 22 02 33 | 06
#0916-d217 @A: 16 23 04 33 | 02
#0917-d217 @A: 08 23 33 24 | 10
#0918-d217 @A: 05 23 04 29 | 01
#0919-d217 @A: 16 02 23 29 | 11
#0920-d217 @A: 23 22 24 04 | 12
#0921-d217 @A: 16 22 35 23 | 03
#0922-d217 @A: 05 23 04 08 | 04
#0923-d217 @A: 18 02 23 35 | 05
#0924-d217 @A: 17 25 30 18 | 07
#0925-d217 @A: 30 17 15 04 | 09
#0926-d217 @A: 30 17 35 11 | 08
#0927-d217 @A: 17 30 12 03 | 06
#0928-d217 @A: 24 17 28 30 | 02
#0929-d217 @A: 16 09 30 17 | 10
#0930-d217 @A: 30 20 17 29 | 01
#0931-d217 @A: 31 22 30 17 | 11
#0932-d217 @A: 34 07 30 17 | 12
#0933-d217 @A: 19 17 30 26 | 03
#0934-d217 @A: 14 02 17 30 | 04
#0935-d217 @A: 17 08 30 24 | 05
#0936-d217 @A: 30 25 27 05 | 07
#0937-d217 @A: 27 30 15 22 | 09
#0938-d217 @A: 24 27 12 30 | 08
#0939-d217 @A: 27 09 26 30 | 06
#0940-d217 @A: 30 27 02 20 | 02
#0941-d217 @A: 31 34 30 27 | 10
#0942-d217 @A: 04 07 27 30 | 01
#0943-d217 @A: 29 30 27 14 | 11
#0944-d217 @A: 30 19 16 27 | 12
#0945-d217 @A: 30 27 35 18 | 03
#0946-d217 @A: 25 29 30 15 | 04
#0947-d217 @A: 11 04 30 25 | 05
#0948-d217 @A: 30 25 33 12 | 07
#0949-d217 @A: 30 12 25 08 | 09
#0950-d217 @A: 30 25 35 28 | 08
#0951-d217 @A: 25 09 30 19 | 06
#0952-d217 @A: 25 30 34 20 | 02
#0953-d217 @A: 02 31 30 25 | 10
#0954-d217 @A: 25 07 30 14 | 01
#0955-d217 @A: 19 12 15 30 | 11
#0956-d217 @A: 01 28 15 30 | 12
#0957-d217 @A: 05 15 30 09 | 03
#0958-d217 @A: 31 15 30 07 | 04
#0959-d217 @A: 18 15 30 34 | 05
#0960-d217 @A: 15 16 30 14 | 07
#0961-d217 @A: 15 19 08 30 | 09
#0962-d217 @A: 15 24 30 33 | 08
#0963-d217 @A: 12 16 11 30 | 06
#0964-d217 @A: 11 28 22 30 | 02
#0965-d217 @A: 09 30 03 11 | 10
#0966-d217 @A: 20 33 30 11 | 01
#0967-d217 @A: 30 11 24 31 | 11
#0968-d217 @A: 11 30 01 07 | 12
#0969-d217 @A: 34 11 30 26 | 03
#0970-d217 @A: 30 02 11 29 | 04
#0971-d217 @A: 26 30 12 28 | 05
#0972-d217 @A: 12 01 09 30 | 07
#0973-d217 @A: 30 20 35 12 | 09
#0974-d217 @A: 31 30 18 12 | 08
#0975-d217 @A: 05 07 30 12 | 06
#0976-d217 @A: 09 28 30 34 | 02
#0977-d217 @A: 18 20 28 30 | 10
#0978-d217 @A: 30 31 29 28 | 01
#0979-d217 @A: 28 07 30 02 | 11
#0980-d217 @A: 30 05 28 14 | 12
#0981-d217 @A: 02 28 30 08 | 03
#0982-d217 @A: 09 14 20 30 | 04
#0983-d217 @A: 31 30 09 04 | 05
#0984-d217 @A: 30 22 07 09 | 07
#0985-d217 @A: 30 09 08 07 | 09
#0986-d217 @A: 09 30 35 02 | 08
#0987-d217 @A: 03 20 30 31 | 06
#0988-d217 @A: 20 07 30 24 | 02
#0989-d217 @A: 20 30 19 05 | 10
#0990-d217 @A: 22 20 30 16 | 01
#0991-d217 @A: 01 30 31 33 | 11
#0992-d217 @A: 04 31 30 08 | 12
#0993-d217 @A: 07 33 30 03 | 03
#0994-d217 @A: 26 05 01 30 | 04
#0995-d217 @A: 14 03 26 30 | 05
#0996-d217 @A: 33 30 26 02 | 07
#0997-d217 @A: 26 24 30 22 | 09
#0998-d217 @A: 30 26 04 18 | 08
#0999-d217 @A: 26 35 16 30 | 06
#1000-d217 @A: 34 30 01 35 | 02
#1001-d217 @A: 19 30 01 14 | 10
#1002-d217 @A: 01 30 03 24 | 01
#1003-d217 @A: 01 29 30 04 | 11
#1004-d217 @A: 30 18 22 01 | 12
#1005-d217 @A: 01 02 16 30 | 03
#1006-d217 @A: 34 30 24 14 | 04
#1007-d217 @A: 34 02 19 30 | 05
#1008-d217 @A: 05 30 03 34 | 07
#1009-d217 @A: 16 30 34 33 | 09
#1010-d217 @A: 22 34 30 04 | 08
#1011-d217 @A: 34 08 30 22 | 06
#1012-d217 @A: 03 30 08 14 | 02
#1013-d217 @A: 18 33 30 14 | 10
#1014-d217 @A: 30 22 35 14 | 01
#1015-d217 @A: 30 19 35 03 | 11
#1016-d217 @A: 04 30 33 19 | 12
#1017-d217 @A: 24 19 30 29 | 03
#1018-d217 @A: 18 29 30 03 | 04
#1019-d217 @A: 30 22 02 03 | 05
#1020-d217 @A: 30 03 04 16 | 07
#1021-d217 @A: 33 30 35 29 | 09
#1022-d217 @A: 30 33 05 22 | 08
#1023-d217 @A: 30 05 29 16 | 06
#1024-d217 @A: 29 30 18 08 | 02
#1025-d217 @A: 04 24 30 35 | 10
#1026-d217 @A: 30 24 05 02 | 01
#1027-d217 @A: 24 16 18 30 | 11
#1028-d217 @A: 16 08 35 30 | 12
#1029-d217 @A: 22 17 27 25 | 03
#1030-d217 @A: 27 17 15 03 | 04
#1031-d217 @A: 27 11 17 29 | 05
#1032-d217 @A: 12 04 27 17 | 07
#1033-d217 @A: 27 17 26 28 | 09
#1034-d217 @A: 17 24 09 27 | 08
#1035-d217 @A: 20 35 17 27 | 06
#1036-d217 @A: 27 17 31 02 | 02
#1037-d217 @A: 17 16 27 07 | 10
#1038-d217 @A: 17 26 08 27 | 01
#1039-d217 @A: 01 17 19 27 | 11
#1040-d217 @A: 25 15 17 34 | 12
#1041-d217 @A: 25 03 17 11 | 03
#1042-d217 @A: 12 25 28 17 | 04
#1043-d217 @A: 29 17 25 09 | 05
#1044-d217 @A: 19 17 25 20 | 07
#1045-d217 @A: 01 25 17 31 | 09
#1046-d217 @A: 17 25 02 07 | 08
#1047-d217 @A: 14 25 17 33 | 06
#1048-d217 @A: 16 25 17 24 | 02
#1049-d217 @A: 17 08 05 25 | 10
#1050-d217 @A: 17 14 11 15 | 01
#1051-d217 @A: 15 02 12 17 | 11
#1052-d217 @A: 05 15 28 17 | 12
#1053-d217 @A: 09 15 22 17 | 03
#1054-d217 @A: 26 20 15 17 | 04
#1055-d217 @A: 17 16 15 31 | 05
#1056-d217 @A: 15 07 17 01 | 07
#1057-d217 @A: 11 17 18 12 | 09
#1058-d217 @A: 17 28 11 34 | 08
#1059-d217 @A: 09 17 11 05 | 06
#1060-d217 @A: 11 31 17 19 | 02
#1061-d217 @A: 33 11 07 17 | 10
#1062-d217 @A: 11 16 17 26 | 01
#1063-d217 @A: 12 24 17 20 | 11
#1064-d217 @A: 17 12 31 07 | 12
#1065-d217 @A: 08 17 12 31 | 03
#1066-d217 @A: 05 17 26 12 | 04
#1067-d217 @A: 01 22 17 12 | 05
#1068-d217 @A: 29 17 12 35 | 07
#1069-d217 @A: 17 20 02 28 | 09
#1070-d217 @A: 28 31 17 18 | 08
#1071-d217 @A: 35 17 07 28 | 06
#1072-d217 @A: 17 22 28 14 | 02
#1073-d217 @A: 17 33 19 28 | 10
#1074-d217 @A: 28 08 16 17 | 01
#1075-d217 @A: 17 04 09 20 | 11
#1076-d217 @A: 17 09 31 33 | 12
#1077-d217 @A: 26 07 17 09 | 03
#1078-d217 @A: 09 34 17 02 | 04
#1079-d217 @A: 17 19 09 03 | 05
#1080-d217 @A: 22 08 17 09 | 07
#1081-d217 @A: 17 14 20 31 | 09
#1082-d217 @A: 20 05 07 17 | 08
#1083-d217 @A: 20 17 16 01 | 06
#1084-d217 @A: 01 17 20 08 | 02
#1085-d217 @A: 20 34 17 33 | 10
#1086-d217 @A: 29 17 04 31 | 01
#1087-d217 @A: 17 29 18 07 | 11
#1088-d217 @A: 16 07 08 17 | 12
#1089-d217 @A: 01 17 29 26 | 03
#1090-d217 @A: 24 34 26 17 | 04
#1091-d217 @A: 17 26 04 14 | 05
#1092-d217 @A: 17 26 22 35 | 07
#1093-d217 @A: 17 26 18 02 | 09
#1094-d217 @A: 17 18 01 34 | 08
#1095-d217 @A: 14 03 17 01 | 06
#1096-d217 @A: 04 01 17 33 | 02
#1097-d217 @A: 01 05 35 17 | 10
#1098-d217 @A: 34 35 17 14 | 01
#1099-d217 @A: 17 04 34 19 | 11
#1100-d217 @A: 17 22 03 34 | 12
#1101-d217 @A: 29 17 34 16 | 03
#1102-d217 @A: 04 17 34 08 | 04
#1103-d217 @A: 14 19 17 29 | 05
#1104-d217 @A: 05 24 17 14 | 07
#1105-d217 @A: 14 16 17 18 | 09
#1106-d217 @A: 02 19 22 17 | 08
#1107-d217 @A: 18 05 17 19 | 06
#1108-d217 @A: 16 35 19 17 | 02
#1109-d217 @A: 18 03 33 17 | 10
#1110-d217 @A: 29 02 17 03 | 01
#1111-d217 @A: 17 05 04 03 | 11
#1112-d217 @A: 35 24 17 03 | 12
#1113-d217 @A: 08 03 17 02 | 03
#1114-d217 @A: 17 33 29 24 | 04
#1115-d217 @A: 33 17 16 05 | 05
#1116-d217 @A: 17 02 33 35 | 07
#1117-d217 @A: 17 33 08 18 | 09
#1118-d217 @A: 05 22 29 17 | 08
#1119-d217 @A: 29 17 08 35 | 06
#1120-d217 @A: 16 04 22 17 | 02
#1121-d217 @A: 18 22 17 24 | 10
#1122-d217 @A: 17 04 24 02 | 01
#1123-d217 @A: 35 18 04 17 | 11
#1124-d217 @A: 15 28 27 25 | 12
#1125-d217 @A: 27 18 25 11 | 03
#1126-d217 @A: 25 12 27 16 | 04
#1127-d217 @A: 25 34 27 09 | 05
#1128-d217 @A: 24 27 25 20 | 07
#1129-d217 @A: 25 27 31 14 | 09
#1130-d217 @A: 25 01 07 27 | 08
#1131-d217 @A: 08 24 25 27 | 06
#1132-d217 @A: 27 25 02 35 | 02
#1133-d217 @A: 05 15 27 11 | 10
#1134-d217 @A: 02 09 15 27 | 01
#1135-d217 @A: 31 29 15 27 | 11
#1136-d217 @A: 07 18 15 27 | 12
#1137-d217 @A: 15 27 19 34 | 03
#1138-d217 @A: 15 27 35 14 | 04
#1139-d217 @A: 04 15 16 27 | 05
#1140-d217 @A: 27 08 05 15 | 07
#1141-d217 @A: 35 11 27 12 | 09
#1142-d217 @A: 11 01 28 27 | 08
#1143-d217 @A: 11 04 27 09 | 06
#1144-d217 @A: 11 27 08 20 | 02
#1145-d217 @A: 31 11 16 27 | 10
#1146-d217 @A: 27 11 07 19 | 01
#1147-d217 @A: 34 27 11 02 | 11
#1148-d217 @A: 11 33 14 27 | 12
#1149-d217 @A: 27 12 28 29 | 03
#1150-d217 @A: 05 12 09 27 | 04
#1151-d217 @A: 12 27 19 20 | 05
#1152-d217 @A: 12 27 33 31 | 07
#1153-d217 @A: 12 07 34 27 | 09
#1154-d217 @A: 03 27 08 12 | 08
#1155-d217 @A: 02 18 27 12 | 06
#1156-d217 @A: 03 28 27 09 | 02
#1157-d217 @A: 16 20 28 27 | 10
#1158-d217 @A: 27 31 28 04 | 01
#1159-d217 @A: 08 27 31 28 | 11
#1160-d217 @A: 28 33 07 27 | 12
#1161-d217 @A: 14 28 24 27 | 03
#1162-d217 @A: 27 02 28 19 | 04
#1163-d217 @A: 09 18 20 27 | 05
#1164-d217 @A: 01 09 27 31 | 07
#1165-d217 @A: 07 35 09 27 | 09
#1166-d217 @A: 27 26 31 20 | 08
#1167-d217 @A: 20 07 27 03 | 06
#1168-d217 @A: 27 20 14 01 | 02
#1169-d217 @A: 33 27 29 20 | 10
#1170-d217 @A: 03 22 31 27 | 01
#1171-d217 @A: 05 27 07 22 | 11
#1172-d217 @A: 07 04 08 27 | 12
#1173-d217 @A: 02 01 27 26 | 03
#1174-d217 @A: 18 26 27 34 | 04
#1175-d217 @A: 16 26 27 14 | 05
#1176-d217 @A: 19 27 26 04 | 07
#1177-d217 @A: 27 26 03 05 | 09
#1178-d217 @A: 27 26 24 33 | 08
#1179-d217 @A: 26 27 35 29 | 06
#1180-d217 @A: 34 27 08 01 | 02
#1181-d217 @A: 04 01 03 27 | 10
#1182-d217 @A: 01 22 27 33 | 01
#1183-d217 @A: 27 16 29 01 | 11
#1184-d217 @A: 01 05 24 27 | 12
#1185-d217 @A: 27 22 14 34 | 03
#1186-d217 @A: 27 29 34 03 | 04
#1187-d217 @A: 33 34 27 04 | 05
#1188-d217 @A: 34 24 35 27 | 07
#1189-d217 @A: 27 16 05 34 | 09
#1190-d217 @A: 05 14 19 27 | 08
#1191-d217 @A: 08 27 19 14 | 06
#1192-d217 @A: 03 27 14 18 | 02
#1193-d217 @A: 04 14 02 27 | 10
#1194-d217 @A: 03 19 24 27 | 01
#1195-d217 @A: 18 19 27 33 | 11
#1196-d217 @A: 19 27 35 22 | 12
#1197-d217 @A: 27 33 03 02 | 03
#1198-d217 @A: 35 27 16 03 | 04
#1199-d217 @A: 33 05 27 35 | 05
#1200-d217 @A: 27 22 04 29 | 07
#1201-d217 @A: 29 24 27 18 | 09
#1202-d217 @A: 05 02 29 27 | 08
#1203-d217 @A: 22 02 27 24 | 06
#1204-d217 @A: 27 22 16 18 | 02
#1205-d217 @A: 27 22 02 08 | 10
#1206-d217 @A: 18 05 27 04 | 01
#1207-d217 @A: 02 15 25 11 | 11
#1208-d217 @A: 25 12 24 15 | 12
#1209-d217 @A: 20 03 25 15 | 03
#1210-d217 @A: 31 25 18 15 | 04
#1211-d217 @A: 08 15 31 25 | 05
#1212-d217 @A: 25 07 22 15 | 07
#1213-d217 @A: 26 25 15 35 | 09
#1214-d217 @A: 16 01 15 25 | 08
#1215-d217 @A: 22 12 25 11 | 06
#1216-d217 @A: 25 19 11 28 | 02
#1217-d217 @A: 09 14 25 11 | 10
#1218-d217 @A: 09 08 11 25 | 01
#1219-d217 @A: 20 11 25 01 | 11
#1220-d217 @A: 31 35 25 11 | 12
#1221-d217 @A: 25 07 26 11 | 03
#1222-d217 @A: 25 35 09 12 | 04
#1223-d217 @A: 26 25 20 12 | 05
#1224-d217 @A: 29 25 31 12 | 07
#1225-d217 @A: 07 25 19 12 | 09
#1226-d217 @A: 25 12 14 01 | 08
#1227-d217 @A: 12 25 18 03 | 06
#1228-d217 @A: 09 04 28 25 | 02
#1229-d217 @A: 31 25 33 28 | 10
#1230-d217 @A: 07 28 03 25 | 01
#1231-d217 @A: 28 05 26 25 | 11
#1232-d217 @A: 25 28 02 01 | 12
#1233-d217 @A: 28 24 25 22 | 03
#1234-d217 @A: 09 16 25 20 | 04
#1235-d217 @A: 25 31 09 22 | 05
#1236-d217 @A: 05 25 09 07 | 07
#1237-d217 @A: 24 26 25 09 | 09
#1238-d217 @A: 01 03 09 25 | 08
#1239-d217 @A: 02 33 09 25 | 06
#1240-d217 @A: 25 31 05 20 | 02
#1241-d217 @A: 18 20 25 07 | 10
#1242-d217 @A: 35 25 20 33 | 01
#1243-d217 @A: 08 20 25 29 | 11
#1244-d217 @A: 04 25 34 31 | 12
#1245-d217 @A: 07 29 04 25 | 03
#1246-d217 @A: 08 18 07 25 | 04
#1247-d217 @A: 34 26 25 01 | 05
#1248-d217 @A: 22 19 25 26 | 07
#1249-d217 @A: 33 18 25 26 | 09
#1250-d217 @A: 25 08 26 33 | 08
#1251-d217 @A: 25 16 26 29 | 06
#1252-d217 @A: 04 02 26 25 | 02
#1253-d217 @A: 19 01 25 24 | 10
#1254-d217 @A: 29 33 25 01 | 01
#1255-d217 @A: 25 01 22 35 | 11
#1256-d217 @A: 01 05 04 25 | 12
#1257-d217 @A: 14 25 34 16 | 03
#1258-d217 @A: 34 19 25 29 | 04
#1259-d217 @A: 03 35 25 34 | 05
#1260-d217 @A: 03 25 08 34 | 07
#1261-d217 @A: 33 25 22 34 | 09
#1262-d217 @A: 05 34 24 25 | 08
#1263-d217 @A: 25 02 18 34 | 06
#1264-d217 @A: 14 25 35 19 | 02
#1265-d217 @A: 14 03 24 25 | 10
#1266-d217 @A: 14 29 25 22 | 01
#1267-d217 @A: 14 04 18 25 | 11
#1268-d217 @A: 02 19 03 25 | 12
#1269-d217 @A: 05 33 25 19 | 03
#1270-d217 @A: 08 22 25 19 | 04
#1271-d217 @A: 18 25 16 19 | 05
#1272-d217 @A: 25 16 03 33 | 07
#1273-d217 @A: 25 05 03 29 | 09
#1274-d217 @A: 03 22 04 25 | 08
#1275-d217 @A: 33 25 04 24 | 06
#1276-d217 @A: 29 02 24 25 | 02
#1277-d217 @A: 18 35 25 29 | 10
#1278-d217 @A: 05 22 18 25 | 01
#1279-d217 @A: 35 25 04 16 | 11
#1280-d217 @A: 08 25 04 35 | 12
#1281-d217 @A: 02 16 05 25 | 03
#1282-d217 @A: 02 08 05 25 | 04
#1283-d217 @A: 01 12 11 15 | 05
#1284-d217 @A: 16 11 28 15 | 07
#1285-d217 @A: 11 15 09 18 | 09
#1286-d217 @A: 11 24 20 15 | 08
#1287-d217 @A: 11 34 31 15 | 06
#1288-d217 @A: 15 07 11 35 | 02
#1289-d217 @A: 11 26 04 15 | 10
#1290-d217 @A: 15 03 11 19 | 01
#1291-d217 @A: 15 18 11 08 | 11
#1292-d217 @A: 18 12 15 28 | 12
#1293-d217 @A: 12 15 09 33 | 03
#1294-d217 @A: 15 12 20 05 | 04
#1295-d217 @A: 26 31 15 12 | 05
#1296-d217 @A: 12 07 15 14 | 07
#1297-d217 @A: 03 34 12 15 | 09
#1298-d217 @A: 15 08 33 12 | 08
#1299-d217 @A: 12 04 22 15 | 06
#1300-d217 @A: 09 15 14 28 | 02
#1301-d217 @A: 33 28 20 15 | 10
#1302-d217 @A: 31 15 19 28 | 01
#1303-d217 @A: 07 26 15 28 | 11
#1304-d217 @A: 29 15 28 03 | 12
#1305-d217 @A: 15 08 29 28 | 03
#1306-d217 @A: 15 09 19 20 | 04
#1307-d217 @A: 09 15 08 20 | 05
#1308-d217 @A: 35 31 15 09 | 07
#1309-d217 @A: 07 03 09 15 | 09
#1310-d217 @A: 34 15 01 09 | 08
#1311-d217 @A: 31 04 15 20 | 06
#1312-d217 @A: 07 20 16 15 | 02
#1313-d217 @A: 15 20 29 01 | 10
#1314-d217 @A: 20 35 15 22 | 01
#1315-d217 @A: 31 05 24 15 | 11
#1316-d217 @A: 15 02 07 24 | 12
#1317-d217 @A: 15 26 24 01 | 03
#1318-d217 @A: 26 29 15 34 | 04
#1319-d217 @A: 19 14 26 15 | 05
#1320-d217 @A: 26 15 03 02 | 07
#1321-d217 @A: 22 33 26 15 | 09
#1322-d217 @A: 26 05 16 15 | 08
#1323-d217 @A: 14 15 01 02 | 06
#1324-d217 @A: 01 15 03 33 | 02
#1325-d217 @A: 01 22 15 05 | 10
#1326-d217 @A: 04 01 08 15 | 01
#1327-d217 @A: 35 18 01 15 | 11
#1328-d217 @A: 34 14 15 33 | 12
#1329-d217 @A: 34 15 02 22 | 03
#1330-d217 @A: 15 04 05 34 | 04
#1331-d217 @A: 34 16 24 15 | 05
#1332-d217 @A: 04 14 15 03 | 07
#1333-d217 @A: 29 14 15 05 | 09
#1334-d217 @A: 18 24 15 14 | 08
#1335-d217 @A: 03 15 08 19 | 06
#1336-d217 @A: 33 15 29 19 | 02
#1337-d217 @A: 19 16 22 15 | 10
#1338-d217 @A: 24 15 04 19 | 01
#1339-d217 @A: 15 19 05 35 | 11
#1340-d217 @A: 19 15 18 02 | 12
#1341-d217 @A: 15 03 22 24 | 03
#1342-d217 @A: 18 15 05 03 | 04
#1343-d217 @A: 35 15 04 33 | 05
#1344-d217 @A: 33 15 02 05 | 07
#1345-d217 @A: 18 15 33 16 | 09
#1346-d217 @A: 29 18 22 15 | 08
#1347-d217 @A: 15 29 02 04 | 06
#1348-d217 @A: 24 35 29 15 | 02
#1349-d217 @A: 15 22 35 08 | 10
#1350-d217 @A: 02 35 16 15 | 01
#1351-d217 @A: 16 02 08 15 | 11
#1352-d217 @A: 05 12 11 28 | 12
#1353-d217 @A: 12 11 09 19 | 03
#1354-d217 @A: 12 20 11 03 | 04
#1355-d217 @A: 14 31 12 11 | 05
#1356-d217 @A: 11 12 07 02 | 07
#1357-d217 @A: 04 33 11 12 | 09
#1358-d217 @A: 11 04 12 08 | 08
#1359-d217 @A: 09 29 28 11 | 06
#1360-d217 @A: 11 28 03 31 | 02
#1361-d217 @A: 07 28 11 04 | 10
#1362-d217 @A: 28 11 14 26 | 01
#1363-d217 @A: 08 11 28 05 | 11
#1364-d217 @A: 11 20 09 22 | 12
#1365-d217 @A: 09 31 26 11 | 03
#1366-d217 @A: 34 09 11 07 | 04
#1367-d217 @A: 33 09 11 35 | 05
#1368-d217 @A: 18 31 20 11 | 07
#1369-d217 @A: 07 20 11 14 | 09
#1370-d217 @A: 20 34 29 11 | 08
#1371-d217 @A: 19 16 11 20 | 06
#1372-d217 @A: 20 04 11 35 | 02
#1373-d217 @A: 34 08 31 11 | 10
#1374-d217 @A: 05 11 22 31 | 01
#1375-d217 @A: 33 08 11 07 | 11
#1376-d217 @A: 07 05 24 11 | 12
#1377-d217 @A: 33 26 11 01 | 03
#1378-d217 @A: 19 26 29 11 | 04
#1379-d217 @A: 22 03 11 26 | 05
#1380-d217 @A: 18 26 24 11 | 07
#1381-d217 @A: 02 11 26 05 | 09
#1382-d217 @A: 11 02 08 26 | 08
#1383-d217 @A: 34 19 11 01 | 06
#1384-d217 @A: 14 04 01 11 | 02
#1385-d217 @A: 08 19 11 01 | 10
#1386-d217 @A: 03 02 11 01 | 01
#1387-d217 @A: 29 35 01 11 | 11
#1388-d217 @A: 11 24 22 01 | 12
#1389-d217 @A: 01 11 18 16 | 03
#1390-d217 @A: 05 14 34 11 | 04
#1391-d217 @A: 33 18 11 34 | 05
#1392-d217 @A: 22 34 16 11 | 07
#1393-d217 @A: 24 34 11 04 | 09
#1394-d217 @A: 11 14 22 19 | 08
#1395-d217 @A: 11 03 35 14 | 06
#1396-d217 @A: 29 11 24 14 | 02
#1397-d217 @A: 02 11 14 18 | 10
#1398-d217 @A: 19 04 11 05 | 01
#1399-d217 @A: 35 11 24 19 | 11
#1400-d217 @A: 03 05 33 11 | 12
#1401-d217 @A: 29 04 11 03 | 03
#1402-d217 @A: 22 11 03 08 | 04
#1403-d217 @A: 03 16 24 11 | 05
#1404-d217 @A: 33 29 11 22 | 07
#1405-d217 @A: 11 33 02 24 | 09
#1406-d217 @A: 24 29 11 08 | 08
#1407-d217 @A: 11 05 18 29 | 06
#1408-d217 @A: 11 22 18 04 | 02
#1409-d217 @A: 11 22 02 35 | 10
#1410-d217 @A: 16 02 04 11 | 01
#1411-d217 @A: 11 35 05 16 | 11
#1412-d217 @A: 02 35 08 11 | 12
#1413-d217 @A: 20 12 34 28 | 03
#1414-d217 @A: 28 24 31 12 | 04
#1415-d217 @A: 12 22 07 28 | 05
#1416-d217 @A: 12 28 03 14 | 07
#1417-d217 @A: 12 28 02 04 | 09
#1418-d217 @A: 24 12 08 28 | 08
#1419-d217 @A: 02 12 09 20 | 06
#1420-d217 @A: 12 31 16 09 | 02
#1421-d217 @A: 09 07 29 12 | 10
#1422-d217 @A: 12 34 09 26 | 01
#1423-d217 @A: 01 12 08 09 | 11
#1424-d217 @A: 12 24 04 09 | 12
#1425-d217 @A: 31 12 20 22 | 03
#1426-d217 @A: 20 04 07 12 | 04
#1427-d217 @A: 12 07 20 08 | 05
#1428-d217 @A: 14 12 31 08 | 07
#1429-d217 @A: 19 31 12 35 | 09
#1430-d217 @A: 35 16 07 12 | 08
#1431-d217 @A: 35 26 01 12 | 06
#1432-d217 @A: 12 26 14 02 | 02
#1433-d217 @A: 26 19 18 12 | 10
#1434-d217 @A: 04 26 12 03 | 01
#1435-d217 @A: 26 16 33 12 | 11
#1436-d217 @A: 12 22 26 29 | 12
#1437-d217 @A: 34 33 01 12 | 03
#1438-d217 @A: 19 12 02 01 | 04
#1439-d217 @A: 29 12 05 01 | 05
#1440-d217 @A: 12 16 04 01 | 07
#1441-d217 @A: 24 12 18 01 | 09
#1442-d217 @A: 12 34 29 14 | 08
#1443-d217 @A: 12 34 22 19 | 06
#1444-d217 @A: 12 08 34 22 | 02
#1445-d217 @A: 04 12 34 35 | 10
#1446-d217 @A: 02 34 12 05 | 01
#1447-d217 @A: 16 12 34 18 | 11
#1448-d217 @A: 14 04 12 19 | 12
#1449-d217 @A: 14 22 12 33 | 03
#1450-d217 @A: 14 16 05 12 | 04
#1451-d217 @A: 12 18 35 14 | 05
#1452-d217 @A: 19 33 03 12 | 07
#1453-d217 @A: 19 29 12 16 | 09
#1454-d217 @A: 12 05 19 24 | 08
#1455-d217 @A: 24 12 29 03 | 06
#1456-d217 @A: 16 12 22 03 | 02
#1457-d217 @A: 12 02 35 03 | 10
#1458-d217 @A: 33 02 12 29 | 01
#1459-d217 @A: 35 24 12 33 | 11
#1460-d217 @A: 18 04 29 12 | 12
#1461-d217 @A: 05 35 22 12 | 03
#1462-d217 @A: 12 16 02 24 | 04
#1463-d217 @A: 08 05 12 16 | 05
#1464-d217 @A: 08 18 12 02 | 07
#1465-d217 @A: 26 09 28 20 | 09
#1466-d217 @A: 31 09 28 07 | 08
#1467-d217 @A: 09 01 28 24 | 06
#1468-d217 @A: 09 05 33 28 | 02
#1469-d217 @A: 08 28 09 33 | 10
#1470-d217 @A: 09 28 18 16 | 01
#1471-d217 @A: 20 01 28 31 | 11
#1472-d217 @A: 19 28 07 20 | 12
#1473-d217 @A: 28 20 29 05 | 03
#1474-d217 @A: 28 20 04 22 | 04
#1475-d217 @A: 35 31 16 28 | 05
#1476-d217 @A: 28 07 16 34 | 07
#1477-d217 @A: 01 26 28 19 | 09
#1478-d217 @A: 02 28 34 26 | 08
#1479-d217 @A: 18 26 03 28 | 06
#1480-d217 @A: 35 33 28 26 | 02
#1481-d217 @A: 28 16 26 22 | 10
#1482-d217 @A: 26 04 28 24 | 01
#1483-d217 @A: 28 34 03 01 | 11
#1484-d217 @A: 01 14 35 28 | 12
#1485-d217 @A: 28 01 08 03 | 03
#1486-d217 @A: 01 33 16 28 | 04
#1487-d217 @A: 29 01 22 28 | 05
#1488-d217 @A: 05 28 01 18 | 07
#1489-d217 @A: 34 28 14 04 | 09
#1490-d217 @A: 28 24 34 19 | 08
#1491-d217 @A: 08 28 34 19 | 06
#1492-d217 @A: 34 33 28 29 | 02
#1493-d217 @A: 22 05 34 28 | 10
#1494-d217 @A: 28 18 35 34 | 01
#1495-d217 @A: 28 19 16 14 | 11
#1496-d217 @A: 02 14 33 28 | 12
#1497-d217 @A: 18 14 29 28 | 03
#1498-d217 @A: 28 19 05 03 | 04
#1499-d217 @A: 29 35 28 19 | 05
#1500-d217 @A: 04 18 28 19 | 07
#1501-d217 @A: 04 03 33 28 | 09
#1502-d217 @A: 28 35 22 03 | 08
#1503-d217 @A: 35 03 28 08 | 06
#1504-d217 @A: 16 02 28 03 | 02
#1505-d217 @A: 18 28 33 24 | 10
#1506-d217 @A: 29 28 16 04 | 01
#1507-d217 @A: 28 02 22 18 | 11
#1508-d217 @A: 28 22 08 18 | 12
#1509-d217 @A: 05 35 28 04 | 03
#1510-d217 @A: 05 28 24 16 | 04
#1511-d217 @A: 28 02 35 24 | 05
#1512-d217 @A: 20 09 34 31 | 07
#1513-d217 @A: 09 20 07 33 | 09
#1514-d217 @A: 18 09 31 29 | 08
#1515-d217 @A: 07 09 18 14 | 06
#1516-d217 @A: 26 09 14 01 | 02
#1517-d217 @A: 16 26 03 09 | 10
#1518-d217 @A: 02 26 09 29 | 01
#1519-d217 @A: 18 09 22 26 | 11
#1520-d217 @A: 26 05 35 09 | 12
#1521-d217 @A: 08 35 09 26 | 03
#1522-d217 @A: 01 09 29 19 | 04
#1523-d217 @A: 09 18 33 01 | 05
#1524-d217 @A: 01 02 09 04 | 07
#1525-d217 @A: 05 16 09 01 | 09
#1526-d217 @A: 02 08 09 01 | 08
#1527-d217 @A: 19 09 14 34 | 06
#1528-d217 @A: 24 03 09 34 | 02
#1529-d217 @A: 09 29 34 05 | 10
#1530-d217 @A: 18 04 34 09 | 01
#1531-d217 @A: 08 34 05 09 | 11
#1532-d217 @A: 16 34 09 35 | 12
#1533-d217 @A: 09 14 03 22 | 03
#1534-d217 @A: 33 14 04 09 | 04
#1535-d217 @A: 09 29 14 16 | 05
#1536-d217 @A: 09 14 35 24 | 07
#1537-d217 @A: 02 09 05 14 | 09
#1538-d217 @A: 16 09 14 08 | 08
#1539-d217 @A: 22 33 09 19 | 06
#1540-d217 @A: 04 09 19 16 | 02
#1541-d217 @A: 09 19 04 08 | 10
#1542-d217 @A: 09 19 02 24 | 01
#1543-d217 @A: 35 09 18 19 | 11
#1544-d217 @A: 09 03 33 29 | 12
#1545-d217 @A: 08 24 03 09 | 03
#1546-d217 @A: 03 09 18 02 | 04
#1547-d217 @A: 33 24 09 16 | 05
#1548-d217 @A: 22 29 24 09 | 07
#1549-d217 @A: 35 09 29 04 | 09
#1550-d217 @A: 09 22 04 05 | 08
#1551-d217 @A: 09 22 02 16 | 06
#1552-d217 @A: 18 09 05 24 | 02
#1553-d217 @A: 31 20 03 08 | 10
#1554-d217 @A: 24 31 02 20 | 01
#1555-d217 @A: 26 20 07 02 | 11
#1556-d217 @A: 22 01 20 26 | 12
#1557-d217 @A: 16 26 20 34 | 03
#1558-d217 @A: 20 26 14 35 | 04
#1559-d217 @A: 26 33 20 19 | 05
#1560-d217 @A: 03 24 20 26 | 07
#1561-d217 @A: 18 29 20 26 | 09
#1562-d217 @A: 26 05 20 04 | 08
#1563-d217 @A: 34 24 20 01 | 06
#1564-d217 @A: 20 35 01 19 | 02
#1565-d217 @A: 03 05 01 20 | 10
#1566-d217 @A: 33 02 20 01 | 01
#1567-d217 @A: 01 20 18 04 | 11
#1568-d217 @A: 14 03 20 34 | 12
#1569-d217 @A: 08 20 34 33 | 03
#1570-d217 @A: 02 04 34 20 | 04
#1571-d217 @A: 34 05 35 20 | 05
#1572-d217 @A: 14 02 20 19 | 07
#1573-d217 @A: 33 20 14 16 | 09
#1574-d217 @A: 14 20 24 22 | 08
#1575-d217 @A: 20 14 05 18 | 06
#1576-d217 @A: 14 08 18 20 | 02
#1577-d217 @A: 20 19 04 03 | 10
#1578-d217 @A: 22 20 29 19 | 01
#1579-d217 @A: 19 20 24 18 | 11
#1580-d217 @A: 02 20 19 08 | 12
#1581-d217 @A: 03 22 20 33 | 03
#1582-d217 @A: 20 03 29 16 | 04
#1583-d217 @A: 20 35 03 18 | 05
#1584-d217 @A: 05 33 20 24 | 07
#1585-d217 @A: 16 33 08 20 | 09
#1586-d217 @A: 04 29 20 24 | 08
#1587-d217 @A: 35 20 29 02 | 06
#1588-d217 @A: 05 02 20 22 | 02
#1589-d217 @A: 24 20 08 04 | 10
#1590-d217 @A: 24 35 20 16 | 01
#1591-d217 @A: 20 02 18 16 | 11
#1592-d217 @A: 07 22 26 31 | 12
#1593-d217 @A: 07 31 05 01 | 03
#1594-d217 @A: 31 14 34 07 | 04
#1595-d217 @A: 19 04 31 07 | 05
#1596-d217 @A: 03 31 02 07 | 07
#1597-d217 @A: 07 24 31 33 | 09
#1598-d217 @A: 29 35 31 07 | 08
#1599-d217 @A: 07 16 31 18 | 06
#1600-d217 @A: 01 31 08 26 | 02
#1601-d217 @A: 26 31 19 34 | 10
#1602-d217 @A: 14 26 33 31 | 01
#1603-d217 @A: 26 03 31 35 | 11
#1604-d217 @A: 24 26 31 29 | 12
#1605-d217 @A: 04 26 16 31 | 03
#1606-d217 @A: 05 26 18 31 | 04
#1607-d217 @A: 34 31 29 01 | 05
#1608-d217 @A: 24 01 14 31 | 07
#1609-d217 @A: 19 03 01 31 | 09
#1610-d217 @A: 31 16 22 01 | 08
#1611-d217 @A: 01 04 35 31 | 06
#1612-d217 @A: 02 18 31 01 | 02
#1613-d217 @A: 34 31 03 18 | 10
#1614-d217 @A: 33 31 34 05 | 01
#1615-d217 @A: 24 22 31 34 | 11
#1616-d217 @A: 34 02 31 35 | 12
#1617-d217 @A: 03 29 14 31 | 03
#1618-d217 @A: 04 22 14 31 | 04
#1619-d217 @A: 14 31 35 05 | 05
#1620-d217 @A: 14 02 16 31 | 07
#1621-d217 @A: 02 19 33 31 | 09
#1622-d217 @A: 29 19 31 05 | 08
#1623-d217 @A: 18 19 22 31 | 06
#1624-d217 @A: 19 24 16 31 | 02
#1625-d217 @A: 19 31 08 16 | 10
#1626-d217 @A: 03 24 04 31 | 01
#1627-d217 @A: 05 31 16 03 | 11
#1628-d217 @A: 33 16 31 29 | 12
#1629-d217 @A: 22 33 31 35 | 03
#1630-d217 @A: 08 33 22 31 | 04
#1631-d217 @A: 18 33 04 31 | 05
#1632-d217 @A: 31 22 02 29 | 07
#1633-d217 @A: 04 31 02 05 | 09
#1634-d217 @A: 31 05 08 24 | 08
#1635-d217 @A: 24 31 35 18 | 06
#1636-d217 @A: 08 18 35 31 | 02
#1637-d217 @A: 03 07 34 26 | 10
#1638-d217 @A: 14 29 26 07 | 01
#1639-d217 @A: 26 07 05 19 | 11
#1640-d217 @A: 07 04 33 26 | 12
#1641-d217 @A: 26 07 16 24 | 03
#1642-d217 @A: 08 24 26 07 | 04
#1643-d217 @A: 26 18 07 35 | 05
#1644-d217 @A: 01 34 07 02 | 07
#1645-d217 @A: 16 14 01 07 | 09
#1646-d217 @A: 07 18 01 19 | 08
#1647-d217 @A: 29 03 01 07 | 06
#1648-d217 @A: 01 04 22 07 | 02
#1649-d217 @A: 22 07 08 01 | 10
#1650-d217 @A: 01 35 07 24 | 01
#1651-d217 @A: 34 07 33 19 | 11
#1652-d217 @A: 34 29 07 24 | 12
#1653-d217 @A: 22 34 35 07 | 03
#1654-d217 @A: 34 07 18 05 | 04
#1655-d217 @A: 05 14 07 03 | 05
#1656-d217 @A: 35 07 14 33 | 07
#1657-d217 @A: 07 14 02 22 | 09
#1658-d217 @A: 24 04 07 14 | 08
#1659-d217 @A: 08 07 02 14 | 06
#1660-d217 @A: 03 16 07 19 | 02
#1661-d217 @A: 19 07 02 29 | 10
#1662-d217 @A: 22 07 19 24 | 01
#1663-d217 @A: 35 03 07 04 | 11
#1664-d217 @A: 18 07 24 03 | 12
#1665-d217 @A: 05 07 29 33 | 03
#1666-d217 @A: 33 07 22 18 | 04
#1667-d217 @A: 33 07 02 16 | 05
#1668-d217 @A: 29 16 22 07 | 07
#1669-d217 @A: 07 05 08 29 | 09
#1670-d217 @A: 07 04 05 16 | 08
#1671-d217 @A: 04 07 02 18 | 06
#1672-d217 @A: 05 35 02 07 | 02
#1673-d217 @A: 29 26 08 34 | 10
#1674-d217 @A: 26 05 14 08 | 01
#1675-d217 @A: 18 26 19 08 | 11
#1676-d217 @A: 26 16 03 08 | 12
#1677-d217 @A: 08 04 18 26 | 03
#1678-d217 @A: 33 08 01 35 | 04
#1679-d217 @A: 01 24 08 16 | 05
#1680-d217 @A: 01 08 18 05 | 07
#1681-d217 @A: 08 24 14 34 | 09
#1682-d217 @A: 16 08 34 18 | 08
#1683-d217 @A: 29 22 14 08 | 06
#1684-d217 @A: 14 08 35 24 | 02
#1685-d217 @A: 08 29 33 19 | 10
#1686-d217 @A: 08 35 19 05 | 01
#1687-d217 @A: 08 04 03 29 | 11
#1688-d217 @A: 33 08 04 02 | 12
#1689-d217 @A: 16 04 22 08 | 03
