#0001-d145 @A: 20 13 26 05 | 02
#0002-d145 @A: 13 21 07 06 | 11
#0003-d145 @A: 03 02 13 21 | 12
#0004-d145 @A: 13 35 19 27 | 04
#0005-d145 @A: 27 34 17 13 | 03
#0006-d145 @A: 35 28 13 33 | 06
#0007-d145 @A: 31 13 08 20 | 10
#0008-d145 @A: 34 13 07 01 | 08
#0009-d145 @A: 02 22 13 25 | 01
#0010-d145 @A: 29 11 25 13 | 09
#0011-d145 @A: 32 13 12 20 | 07
#0012-d145 @A: 13 32 34 18 | 05
#0013-d145 @A: 05 20 35 14 | 02
#0014-d145 @A: 05 07 15 01 | 11
#0015-d145 @A: 28 15 11 05 | 12
#0016-d145 @A: 19 21 16 05 | 04
#0017-d145 @A: 26 21 05 17 | 03
#0018-d145 @A: 21 30 05 06 | 06
#0019-d145 @A: 25 05 21 22 | 10
#0020-d145 @A: 05 19 04 27 | 08
#0021-d145 @A: 35 33 05 19 | 01
#0022-d145 @A: 05 26 24 35 | 09
#0023-d145 @A: 20 07 05 31 | 07
#0024-d145 @A: 03 07 05 12 | 05
#0025-d145 @A: 34 22 08 05 | 02
#0026-d145 @A: 30 23 32 05 | 11
#0027-d145 @A: 09 05 26 30 | 12
#0028-d145 @A: 05 11 33 02 | 04
#0029-d145 @A: 20 18 10 05 | 03
#0030-d145 @A: 05 01 12 11 | 06
#0031-d145 @A: 15 33 28 14 | 10
#0032-d145 @A: 17 14 11 16 | 08
#0033-d145 @A: 20 32 16 14 | 01
#0034-d145 @A: 04 14 17 18 | 09
#0035-d145 @A: 08 27 14 20 | 07
#0036-d145 @A: 34 06 14 27 | 05
#0037-d145 @A: 20 22 14 17 | 02
#0038-d145 @A: 02 14 25 07 | 11
#0039-d145 @A: 14 33 28 32 | 12
#0040-d145 @A: 06 11 10 14 | 04
#0041-d145 @A: 01 14 20 12 | 03
#0042-d145 @A: 14 03 09 20 | 06
#0043-d145 @A: 24 14 10 23 | 10
#0044-d145 @A: 26 09 14 10 | 08
#0045-d145 @A: 32 26 29 14 | 01
#0046-d145 @A: 20 04 16 15 | 09
#0047-d145 @A: 15 04 01 30 | 07
#0048-d145 @A: 35 02 15 01 | 05
#0049-d145 @A: 31 08 24 15 | 02
#0050-d145 @A: 08 20 15 07 | 11
#0051-d145 @A: 08 15 19 34 | 12
#0052-d145 @A: 15 24 30 32 | 04
#0053-d145 @A: 23 28 01 15 | 03
#0054-d145 @A: 23 06 29 15 | 06
#0055-d145 @A: 11 20 15 18 | 10
#0056-d145 @A: 10 20 24 15 | 08
#0057-d145 @A: 09 01 18 15 | 01
#0058-d145 @A: 18 16 17 33 | 09
#0059-d145 @A: 07 18 20 16 | 07
#0060-d145 @A: 08 28 18 16 | 05
#0061-d145 @A: 16 34 30 29 | 02
#0062-d145 @A: 16 09 32 33 | 11
#0063-d145 @A: 16 20 34 11 | 12
#0064-d145 @A: 16 11 24 18 | 04
#0065-d145 @A: 26 16 10 29 | 03
#0066-d145 @A: 03 26 16 11 | 06
#0067-d145 @A: 35 03 32 21 | 10
#0068-d145 @A: 34 21 17 28 | 08
#0069-d145 @A: 11 07 21 30 | 01
#0070-d145 @A: 01 07 21 03 | 09
#0071-d145 @A: 01 08 21 30 | 07
#0072-d145 @A: 30 21 29 02 | 05
#0073-d145 @A: 32 06 29 21 | 02
#0074-d145 @A: 20 24 18 21 | 11
#0075-d145 @A: 12 29 10 21 | 12
#0076-d145 @A: 35 33 04 20 | 04
#0077-d145 @A: 31 04 34 08 | 03
#0078-d145 @A: 32 04 01 17 | 06
#0079-d145 @A: 08 30 04 06 | 10
#0080-d145 @A: 22 04 30 03 | 08
#0081-d145 @A: 04 33 32 24 | 01
#0082-d145 @A: 19 20 18 04 | 09
#0083-d145 @A: 25 17 28 27 | 07
#0084-d145 @A: 28 34 07 27 | 05
#0085-d145 @A: 32 27 28 10 | 02
#0086-d145 @A: 17 35 23 12 | 11
#0087-d145 @A: 01 30 35 11 | 12
#0088-d145 @A: 35 03 01 34 | 04
#0089-d145 @A: 03 26 09 35 | 03
#0090-d145 @A: 31 02 08 12 | 06
#0091-d145 @A: 22 08 06 31 | 10
#0092-d145 @A: 03 18 08 31 | 08
#0093-d145 @A: 11 02 31 34 | 01
#0094-d145 @A: 03 22 31 28 | 09
#0095-d145 @A: 25 01 26 31 | 07
#0096-d145 @A: 23 20 31 10 | 05
#0097-d145 @A: 01 20 31 09 | 02
#0098-d145 @A: 32 19 31 11 | 11
#0099-d145 @A: 17 12 33 02 | 12
#0100-d145 @A: 25 17 20 02 | 04
#0101-d145 @A: 26 19 17 33 | 03
#0102-d145 @A: 18 17 06 11 | 06
#0103-d145 @A: 26 19 07 28 | 10
#0104-d145 @A: 07 01 23 29 | 08
#0105-d145 @A: 29 32 07 18 | 01
#0106-d145 @A: 03 09 19 07 | 09
#0107-d145 @A: 10 07 11 24 | 07
#0108-d145 @A: 23 18 30 08 | 05
#0109-d145 @A: 26 08 09 18 | 02
#0110-d145 @A: 23 11 30 34 | 11
#0111-d145 @A: 11 10 18 30 | 12
#0112-d145 @A: 11 29 03 30 | 04
#0113-d145 @A: 01 10 24 02 | 03
#0114-d145 @A: 03 06 22 09 | 06
#0115-d145 @A: 20 12 19 22 | 10
#0116-d145 @A: 23 28 20 33 | 08
#0117-d145 @A: 33 29 09 11 | 01
#0118-d145 @A: 26 12 03 33 | 09
#0119-d145 @A: 28 10 18 01 | 07
#0120-d145 @A: 32 06 20 09 | 05
#0121-d145 @A: 23 32 26 12 | 02
#0122-d145 @A: 24 10 29 32 | 11
#0123-d145 @A: 19 05 13 02 | 12
#0124-d145 @A: 13 06 14 02 | 04
#0125-d145 @A: 08 32 16 13 | 03
#0126-d145 @A: 19 28 13 16 | 06
#0127-d145 @A: 30 13 21 10 | 10
#0128-d145 @A: 07 04 19 13 | 08
#0129-d145 @A: 04 08 13 11 | 01
#0130-d145 @A: 13 04 10 28 | 09
#0131-d145 @A: 25 30 13 27 | 07
#0132-d145 @A: 07 35 13 22 | 05
#0133-d145 @A: 29 35 13 06 | 02
#0134-d145 @A: 13 17 11 22 | 11
#0135-d145 @A: 17 28 32 13 | 12
#0136-d145 @A: 12 17 20 13 | 04
#0137-d145 @A: 24 13 17 03 | 03
#0138-d145 @A: 33 25 07 13 | 06
#0139-d145 @A: 28 13 03 08 | 10
#0140-d145 @A: 19 13 24 08 | 08
#0141-d145 @A: 18 02 13 24 | 01
#0142-d145 @A: 11 13 20 10 | 09
#0143-d145 @A: 12 23 11 13 | 07
#0144-d145 @A: 08 15 21 05 | 05
#0145-d145 @A: 04 05 18 16 | 02
#0146-d145 @A: 31 05 12 27 | 11
#0147-d145 @A: 19 05 31 08 | 12
#0148-d145 @A: 05 11 23 31 | 04
#0149-d145 @A: 06 05 17 02 | 03
#0150-d145 @A: 05 19 25 07 | 06
#0151-d145 @A: 30 05 23 28 | 10
#0152-d145 @A: 06 05 03 23 | 08
#0153-d145 @A: 05 25 24 01 | 01
#0154-d145 @A: 10 12 05 25 | 09
#0155-d145 @A: 10 05 19 03 | 07
#0156-d145 @A: 15 16 30 14 | 05
#0157-d145 @A: 35 15 19 14 | 02
#0158-d145 @A: 07 14 29 15 | 11
#0159-d145 @A: 14 15 34 11 | 12
#0160-d145 @A: 20 14 16 02 | 04
#0161-d145 @A: 01 14 21 26 | 03
#0162-d145 @A: 29 14 31 04 | 06
#0163-d145 @A: 14 27 03 35 | 10
#0164-d145 @A: 28 14 27 29 | 08
#0165-d145 @A: 30 14 35 12 | 01
#0166-d145 @A: 14 06 12 07 | 09
#0167-d145 @A: 22 14 30 23 | 07
#0168-d145 @A: 20 19 25 14 | 05
#0169-d145 @A: 18 14 09 29 | 02
#0170-d145 @A: 15 02 23 16 | 11
#0171-d145 @A: 04 03 07 15 | 12
#0172-d145 @A: 15 04 28 12 | 04
#0173-d145 @A: 12 30 15 17 | 03
#0174-d145 @A: 28 10 15 07 | 06
#0175-d145 @A: 33 10 22 15 | 10
#0176-d145 @A: 22 29 15 28 | 08
#0177-d145 @A: 11 15 06 12 | 01
#0178-d145 @A: 18 15 34 23 | 09
#0179-d145 @A: 34 15 32 19 | 07
#0180-d145 @A: 26 03 32 15 | 05
#0181-d145 @A: 16 07 21 02 | 02
#0182-d145 @A: 16 27 19 20 | 11
#0183-d145 @A: 16 03 31 02 | 12
#0184-d145 @A: 31 23 16 22 | 04
#0185-d145 @A: 02 16 01 30 | 03
#0186-d145 @A: 06 16 22 32 | 06
#0187-d145 @A: 32 01 28 16 | 10
#0188-d145 @A: 21 22 07 19 | 08
#0189-d145 @A: 24 07 33 21 | 01
#0190-d145 @A: 28 22 33 21 | 09
#0191-d145 @A: 21 32 18 28 | 07
#0192-d145 @A: 27 04 22 09 | 05
#0193-d145 @A: 28 04 20 27 | 02
#0194-d145 @A: 09 04 33 30 | 11
#0195-d145 @A: 02 23 04 22 | 12
#0196-d145 @A: 06 11 04 34 | 04
#0197-d145 @A: 29 06 04 26 | 03
#0198-d145 @A: 20 24 29 04 | 06
#0199-d145 @A: 12 04 18 01 | 10
#0200-d145 @A: 27 35 09 07 | 08
#0201-d145 @A: 31 27 08 30 | 01
#0202-d145 @A: 34 23 27 31 | 09
#0203-d145 @A: 06 22 17 27 | 07
#0204-d145 @A: 08 27 29 25 | 05
#0205-d145 @A: 29 26 27 03 | 02
#0206-d145 @A: 32 26 31 35 | 11
#0207-d145 @A: 02 12 28 35 | 12
#0208-d145 @A: 18 24 35 25 | 04
#0209-d145 @A: 34 20 24 35 | 03
#0210-d145 @A: 10 19 20 35 | 06
#0211-d145 @A: 35 19 24 03 | 10
#0212-d145 @A: 31 03 17 33 | 08
#0213-d145 @A: 08 23 31 25 | 01
#0214-d145 @A: 33 34 31 30 | 09
#0215-d145 @A: 11 30 25 31 | 07
#0216-d145 @A: 31 26 29 30 | 05
#0217-d145 @A: 31 06 34 03 | 02
#0218-d145 @A: 25 31 29 12 | 11
#0219-d145 @A: 12 31 03 09 | 12
#0220-d145 @A: 08 17 03 30 | 04
#0221-d145 @A: 06 08 33 17 | 03
#0222-d145 @A: 09 18 17 30 | 06
#0223-d145 @A: 10 06 19 17 | 10
#0224-d145 @A: 17 25 24 32 | 08
#0225-d145 @A: 17 29 20 11 | 01
#0226-d145 @A: 19 30 07 08 | 09
#0227-d145 @A: 33 08 07 23 | 07
#0228-d145 @A: 07 18 29 06 | 05
#0229-d145 @A: 12 07 25 09 | 02
#0230-d145 @A: 03 07 10 25 | 11
#0231-d145 @A: 12 01 07 26 | 12
#0232-d145 @A: 22 02 11 08 | 04
#0233-d145 @A: 02 09 28 08 | 03
#0234-d145 @A: 25 08 12 06 | 06
#0235-d145 @A: 09 23 08 20 | 10
#0236-d145 @A: 08 20 29 01 | 08
#0237-d145 @A: 08 24 12 20 | 01
#0238-d145 @A: 30 10 25 34 | 09
#0239-d145 @A: 25 02 10 19 | 07
#0240-d145 @A: 34 24 23 02 | 05
#0241-d145 @A: 34 02 29 01 | 02
#0242-d145 @A: 22 12 23 06 | 11
#0243-d145 @A: 34 22 06 01 | 12
#0244-d145 @A: 09 33 12 28 | 04
#0245-d145 @A: 19 09 01 33 | 03
#0246-d145 @A: 28 20 18 06 | 06
#0247-d145 @A: 06 28 10 26 | 10
#0248-d145 @A: 19 18 28 23 | 08
#0249-d145 @A: 32 11 23 28 | 01
#0250-d145 @A: 23 20 26 32 | 09
#0251-d145 @A: 13 05 27 09 | 07
#0252-d145 @A: 13 01 05 30 | 05
#0253-d145 @A: 14 32 03 13 | 02
#0254-d145 @A: 13 15 27 20 | 11
#0255-d145 @A: 27 16 13 03 | 12
#0256-d145 @A: 13 21 27 24 | 04
#0257-d145 @A: 21 13 18 17 | 03
#0258-d145 @A: 09 08 21 13 | 06
#0259-d145 @A: 33 13 21 29 | 10
#0260-d145 @A: 13 19 20 21 | 08
#0261-d145 @A: 34 04 13 35 | 01
#0262-d145 @A: 06 13 17 04 | 09
#0263-d145 @A: 13 20 04 09 | 07
#0264-d145 @A: 01 32 27 13 | 05
#0265-d145 @A: 13 09 32 35 | 02
#0266-d145 @A: 12 13 35 24 | 11
#0267-d145 @A: 17 28 01 13 | 12
#0268-d145 @A: 28 29 13 07 | 04
#0269-d145 @A: 30 13 34 08 | 03
#0270-d145 @A: 13 01 06 12 | 06
#0271-d145 @A: 11 32 26 13 | 10
#0272-d145 @A: 05 25 16 14 | 08
#0273-d145 @A: 16 05 23 07 | 01
#0274-d145 @A: 05 07 18 21 | 09
#0275-d145 @A: 17 05 22 04 | 07
#0276-d145 @A: 27 24 05 30 | 05
#0277-d145 @A: 27 25 05 02 | 02
#0278-d145 @A: 27 33 05 20 | 11
#0279-d145 @A: 22 05 30 31 | 12
#0280-d145 @A: 32 05 10 31 | 04
#0281-d145 @A: 06 07 05 08 | 03
#0282-d145 @A: 08 05 23 02 | 06
#0283-d145 @A: 03 22 20 05 | 10
#0284-d145 @A: 32 05 29 22 | 08
#0285-d145 @A: 19 12 09 05 | 01
#0286-d145 @A: 31 14 16 08 | 09
#0287-d145 @A: 10 22 14 16 | 07
#0288-d145 @A: 04 25 14 32 | 05
#0289-d145 @A: 17 14 35 06 | 02
#0290-d145 @A: 14 24 02 17 | 11
#0291-d145 @A: 06 32 17 14 | 12
#0292-d145 @A: 19 08 14 18 | 04
#0293-d145 @A: 14 32 30 28 | 03
#0294-d145 @A: 22 26 02 14 | 06
#0295-d145 @A: 14 34 25 12 | 10
#0296-d145 @A: 12 21 27 15 | 08
#0297-d145 @A: 21 20 15 02 | 01
#0298-d145 @A: 28 15 21 19 | 09
#0299-d145 @A: 15 09 28 35 | 07
#0300-d145 @A: 08 02 30 15 | 05
#0301-d145 @A: 16 21 32 07 | 02
#0302-d145 @A: 21 03 30 16 | 11
#0303-d145 @A: 21 06 16 22 | 12
#0304-d145 @A: 04 19 03 16 | 04
#0305-d145 @A: 35 09 31 16 | 03
#0306-d145 @A: 16 17 31 19 | 06
#0307-d145 @A: 28 33 16 31 | 10
#0308-d145 @A: 07 11 16 33 | 08
#0309-d145 @A: 28 11 02 16 | 01
#0310-d145 @A: 16 29 20 22 | 09
#0311-d145 @A: 16 33 01 23 | 07
#0312-d145 @A: 19 16 25 01 | 05
#0313-d145 @A: 25 16 11 12 | 02
#0314-d145 @A: 24 34 16 19 | 11
#0315-d145 @A: 35 32 21 04 | 12
#0316-d145 @A: 19 04 21 12 | 04
#0317-d145 @A: 23 27 02 21 | 03
#0318-d145 @A: 31 22 29 21 | 06
#0319-d145 @A: 31 21 32 25 | 10
#0320-d145 @A: 11 33 21 17 | 08
#0321-d145 @A: 28 09 07 21 | 01
#0322-d145 @A: 21 20 07 12 | 09
#0323-d145 @A: 22 21 30 12 | 07
#0324-d145 @A: 22 21 24 23 | 05
#0325-d145 @A: 21 25 20 10 | 02
#0326-d145 @A: 25 19 21 11 | 11
#0327-d145 @A: 09 03 21 34 | 12
#0328-d145 @A: 34 11 21 29 | 04
#0329-d145 @A: 27 07 12 04 | 03
#0330-d145 @A: 04 19 35 31 | 06
#0331-d145 @A: 35 17 29 04 | 10
#0332-d145 @A: 04 06 35 02 | 08
#0333-d145 @A: 07 11 04 09 | 01
#0334-d145 @A: 33 04 34 25 | 09
#0335-d145 @A: 04 20 12 25 | 07
#0336-d145 @A: 25 01 23 04 | 05
#0337-d145 @A: 25 24 09 04 | 02
#0338-d145 @A: 23 20 26 04 | 11
#0339-d145 @A: 04 18 29 11 | 12
#0340-d145 @A: 30 06 27 35 | 04
#0341-d145 @A: 27 35 26 02 | 03
#0342-d145 @A: 20 27 17 31 | 06
#0343-d145 @A: 11 17 08 27 | 10
#0344-d145 @A: 27 10 07 06 | 08
#0345-d145 @A: 08 22 27 26 | 01
#0346-d145 @A: 27 28 08 33 | 09
#0347-d145 @A: 01 27 02 18 | 07
#0348-d145 @A: 19 22 28 27 | 05
#0349-d145 @A: 27 19 24 18 | 02
#0350-d145 @A: 18 27 11 32 | 11
#0351-d145 @A: 31 08 10 35 | 12
#0352-d145 @A: 35 09 17 33 | 04
#0353-d145 @A: 12 35 07 08 | 03
#0354-d145 @A: 35 08 33 34 | 06
#0355-d145 @A: 35 33 32 30 | 10
#0356-d145 @A: 28 22 35 18 | 08
#0357-d145 @A: 33 18 29 35 | 01
#0358-d145 @A: 09 12 35 06 | 09
#0359-d145 @A: 09 18 35 20 | 07
#0360-d145 @A: 29 12 01 35 | 05
#0361-d145 @A: 34 19 12 35 | 02
#0362-d145 @A: 03 35 29 10 | 11
#0363-d145 @A: 17 31 12 06 | 12
#0364-d145 @A: 31 22 34 12 | 04
#0365-d145 @A: 19 25 24 31 | 03
#0366-d145 @A: 31 18 11 01 | 06
#0367-d145 @A: 20 07 17 33 | 10
#0368-d145 @A: 23 17 08 28 | 08
#0369-d145 @A: 01 33 30 17 | 01
#0370-d145 @A: 22 29 02 07 | 09
#0371-d145 @A: 07 01 22 10 | 07
#0372-d145 @A: 11 18 07 25 | 05
#0373-d145 @A: 20 03 07 34 | 02
#0374-d145 @A: 29 08 06 09 | 11
#0375-d145 @A: 20 11 08 19 | 12
#0376-d145 @A: 09 08 10 01 | 04
#0377-d145 @A: 26 08 10 11 | 03
#0378-d145 @A: 30 33 02 28 | 06
#0379-d145 @A: 34 19 30 02 | 10
#0380-d145 @A: 01 30 22 28 | 08
#0381-d145 @A: 29 22 24 30 | 01
#0382-d145 @A: 30 20 01 26 | 09
#0383-d145 @A: 20 01 30 32 | 07
#0384-d145 @A: 09 12 01 30 | 05
#0385-d145 @A: 01 24 30 03 | 02
#0386-d145 @A: 10 30 26 19 | 11
#0387-d145 @A: 18 06 02 10 | 12
#0388-d145 @A: 12 06 19 02 | 04
#0389-d145 @A: 03 02 24 20 | 03
#0390-d145 @A: 09 34 02 18 | 06
#0391-d145 @A: 11 03 02 18 | 10
#0392-d145 @A: 10 34 23 22 | 08
#0393-d145 @A: 23 29 22 26 | 01
#0394-d145 @A: 09 22 12 11 | 09
#0395-d145 @A: 11 22 19 29 | 07
#0396-d145 @A: 06 28 03 12 | 05
#0397-d145 @A: 28 10 25 23 | 02
#0398-d145 @A: 03 20 19 28 | 11
#0399-d145 @A: 28 23 29 11 | 12
#0400-d145 @A: 26 03 28 18 | 04
#0401-d145 @A: 09 29 10 28 | 03
#0402-d145 @A: 18 32 06 10 | 06
#0403-d145 @A: 32 01 12 19 | 10
#0404-d145 @A: 06 13 05 22 | 08
#0405-d145 @A: 14 13 16 29 | 01
#0406-d145 @A: 13 12 16 31 | 09
#0407-d145 @A: 16 30 13 23 | 07
#0408-d145 @A: 31 26 04 13 | 05
#0409-d145 @A: 13 27 08 01 | 02
#0410-d145 @A: 09 31 13 07 | 11
#0411-d145 @A: 09 17 10 13 | 12
#0412-d145 @A: 07 13 30 12 | 04
#0413-d145 @A: 08 13 33 18 | 03
#0414-d145 @A: 18 34 13 06 | 06
#0415-d145 @A: 01 23 13 26 | 10
#0416-d145 @A: 09 23 34 13 | 08
#0417-d145 @A: 29 13 23 10 | 01
#0418-d145 @A: 18 11 26 13 | 09
#0419-d145 @A: 04 05 14 12 | 07
#0420-d145 @A: 16 05 03 15 | 05
#0421-d145 @A: 16 35 12 05 | 02
#0422-d145 @A: 22 05 26 16 | 11
#0423-d145 @A: 21 33 05 32 | 12
#0424-d145 @A: 28 09 04 05 | 04
#0425-d145 @A: 31 05 35 01 | 03
#0426-d145 @A: 02 26 05 07 | 06
#0427-d145 @A: 09 05 10 07 | 10
#0428-d145 @A: 05 32 08 09 | 08
#0429-d145 @A: 33 29 30 05 | 01
#0430-d145 @A: 18 06 09 05 | 09
#0431-d145 @A: 24 34 05 09 | 07
#0432-d145 @A: 33 03 14 21 | 05
#0433-d145 @A: 14 08 24 04 | 02
#0434-d145 @A: 09 04 14 02 | 11
#0435-d145 @A: 03 04 11 14 | 12
#0436-d145 @A: 27 18 14 33 | 04
#0437-d145 @A: 14 27 11 19 | 03
#0438-d145 @A: 14 07 18 28 | 06
#0439-d145 @A: 01 08 14 32 | 10
#0440-d145 @A: 29 01 14 30 | 08
#0441-d145 @A: 33 10 14 20 | 01
#0442-d145 @A: 23 06 14 19 | 09
#0443-d145 @A: 01 14 18 06 | 07
#0444-d145 @A: 26 20 11 14 | 05
#0445-d145 @A: 14 24 01 09 | 02
#0446-d145 @A: 29 12 14 26 | 11
#0447-d145 @A: 31 15 21 03 | 12
#0448-d145 @A: 04 17 15 11 | 04
#0449-d145 @A: 15 17 27 32 | 03
#0450-d145 @A: 15 27 26 28 | 06
#0451-d145 @A: 27 25 15 11 | 10
#0452-d145 @A: 15 20 35 22 | 08
#0453-d145 @A: 35 25 12 15 | 01
#0454-d145 @A: 28 25 02 15 | 09
#0455-d145 @A: 28 15 20 32 | 07
#0456-d145 @A: 09 06 34 15 | 05
#0457-d145 @A: 25 10 15 26 | 02
#0458-d145 @A: 23 15 26 11 | 11
#0459-d145 @A: 03 15 24 26 | 12
#0460-d145 @A: 16 21 33 25 | 04
#0461-d145 @A: 34 16 04 27 | 03
#0462-d145 @A: 27 35 16 23 | 06
#0463-d145 @A: 16 24 27 28 | 10
#0464-d145 @A: 06 16 35 07 | 08
#0465-d145 @A: 16 28 26 35 | 01
#0466-d145 @A: 16 07 26 31 | 09
#0467-d145 @A: 17 03 16 22 | 07
#0468-d145 @A: 17 26 16 32 | 05
#0469-d145 @A: 08 33 16 19 | 02
#0470-d145 @A: 20 24 16 09 | 11
#0471-d145 @A: 18 29 16 01 | 12
#0472-d145 @A: 21 25 27 04 | 04
#0473-d145 @A: 18 35 04 21 | 03
#0474-d145 @A: 20 27 35 21 | 06
#0475-d145 @A: 35 21 28 23 | 10
#0476-d145 @A: 03 21 25 35 | 08
#0477-d145 @A: 10 21 35 26 | 01
#0478-d145 @A: 31 21 07 34 | 09
#0479-d145 @A: 17 10 21 02 | 07
#0480-d145 @A: 23 21 26 08 | 05
#0481-d145 @A: 19 10 21 01 | 02
#0482-d145 @A: 18 19 26 21 | 11
#0483-d145 @A: 26 29 21 24 | 12
#0484-d145 @A: 24 27 17 04 | 04
#0485-d145 @A: 31 17 04 09 | 03
#0486-d145 @A: 24 04 07 31 | 06
#0487-d145 @A: 34 17 26 04 | 10
#0488-d145 @A: 22 01 19 04 | 08
#0489-d145 @A: 04 29 03 25 | 01
#0490-d145 @A: 01 20 11 04 | 09
#0491-d145 @A: 26 04 24 12 | 07
#0492-d145 @A: 12 10 04 32 | 05
#0493-d145 @A: 18 17 27 35 | 02
#0494-d145 @A: 12 27 35 22 | 11
#0495-d145 @A: 35 11 33 27 | 12
#0496-d145 @A: 17 27 02 29 | 04
#0497-d145 @A: 32 10 27 30 | 03
#0498-d145 @A: 18 34 03 27 | 06
#0499-d145 @A: 34 19 10 27 | 10
#0500-d145 @A: 35 07 01 28 | 08
#0501-d145 @A: 30 33 24 35 | 01
#0502-d145 @A: 19 35 06 18 | 09
#0503-d145 @A: 35 26 06 34 | 07
#0504-d145 @A: 35 01 32 23 | 05
#0505-d145 @A: 35 24 23 11 | 02
#0506-d145 @A: 30 07 31 01 | 11
#0507-d145 @A: 09 31 33 08 | 12
#0508-d145 @A: 31 03 32 28 | 04
#0509-d145 @A: 25 06 20 31 | 03
#0510-d145 @A: 34 32 06 31 | 06
#0511-d145 @A: 11 31 24 06 | 10
#0512-d145 @A: 23 12 01 31 | 08
#0513-d145 @A: 31 23 09 29 | 01
#0514-d145 @A: 24 10 31 12 | 09
#0515-d145 @A: 17 12 07 28 | 07
#0516-d145 @A: 07 24 17 06 | 05
#0517-d145 @A: 22 12 17 29 | 02
#0518-d145 @A: 23 06 17 01 | 11
#0519-d145 @A: 29 25 19 17 | 12
#0520-d145 @A: 17 25 03 12 | 04
#0521-d145 @A: 20 17 34 23 | 03
#0522-d145 @A: 11 10 17 12 | 06
#0523-d145 @A: 32 08 07 24 | 10
#0524-d145 @A: 07 28 24 30 | 08
#0525-d145 @A: 03 07 24 29 | 01
#0526-d145 @A: 07 12 19 10 | 09
#0527-d145 @A: 25 08 32 02 | 07
#0528-d145 @A: 12 28 10 08 | 05
#0529-d145 @A: 20 29 32 08 | 02
#0530-d145 @A: 10 03 20 08 | 11
#0531-d145 @A: 18 30 32 25 | 12
#0532-d145 @A: 09 30 03 23 | 04
#0533-d145 @A: 03 02 28 23 | 03
#0534-d145 @A: 06 02 25 23 | 06
#0535-d145 @A: 02 11 01 26 | 10
#0536-d145 @A: 03 01 02 12 | 08
#0537-d145 @A: 32 18 02 26 | 01
#0538-d145 @A: 20 26 22 25 | 09
#0539-d145 @A: 25 22 03 24 | 07
#0540-d145 @A: 24 22 26 09 | 05
#0541-d145 @A: 22 03 11 10 | 02
#0542-d145 @A: 26 33 09 06 | 11
#0543-d145 @A: 03 33 01 29 | 12
#0544-d145 @A: 24 26 33 18 | 04
#0545-d145 @A: 33 18 10 19 | 03
#0546-d145 @A: 28 18 09 25 | 06
#0547-d145 @A: 28 24 25 29 | 10
#0548-d145 @A: 24 32 06 03 | 08
#0549-d145 @A: 15 13 34 05 | 01
#0550-d145 @A: 15 13 16 26 | 09
#0551-d145 @A: 17 19 15 13 | 07
#0552-d145 @A: 12 22 13 15 | 05
#0553-d145 @A: 16 11 35 13 | 02
#0554-d145 @A: 07 24 13 16 | 11
#0555-d145 @A: 13 21 04 22 | 12
#0556-d145 @A: 21 13 26 12 | 04
#0557-d145 @A: 32 07 13 04 | 03
#0558-d145 @A: 13 27 12 02 | 06
#0559-d145 @A: 08 35 13 25 | 10
#0560-d145 @A: 30 13 29 17 | 08
#0561-d145 @A: 13 08 07 26 | 01
#0562-d145 @A: 03 18 13 07 | 09
#0563-d145 @A: 30 19 33 13 | 07
#0564-d145 @A: 02 34 20 13 | 05
#0565-d145 @A: 22 19 13 10 | 02
#0566-d145 @A: 20 24 25 13 | 11
#0567-d145 @A: 19 01 13 11 | 12
#0568-d145 @A: 14 27 05 23 | 04
#0569-d145 @A: 05 23 15 35 | 03
#0570-d145 @A: 05 02 15 10 | 06
#0571-d145 @A: 34 31 05 16 | 10
#0572-d145 @A: 05 32 04 19 | 08
#0573-d145 @A: 07 29 05 27 | 01
#0574-d145 @A: 09 02 35 05 | 09
#0575-d145 @A: 31 05 26 03 | 07
#0576-d145 @A: 05 19 17 28 | 05
#0577-d145 @A: 07 05 11 22 | 02
#0578-d145 @A: 08 28 26 05 | 11
#0579-d145 @A: 05 22 24 10 | 12
#0580-d145 @A: 05 06 33 25 | 04
#0581-d145 @A: 20 09 05 11 | 03
#0582-d145 @A: 14 15 10 04 | 06
#0583-d145 @A: 31 15 02 14 | 10
#0584-d145 @A: 18 14 15 26 | 08
#0585-d145 @A: 18 31 14 21 | 01
#0586-d145 @A: 14 08 35 23 | 09
#0587-d145 @A: 14 22 11 31 | 07
#0588-d145 @A: 33 31 14 06 | 05
#0589-d145 @A: 26 28 14 31 | 02
#0590-d145 @A: 25 01 14 17 | 11
#0591-d145 @A: 14 33 12 22 | 12
#0592-d145 @A: 14 23 03 01 | 04
#0593-d145 @A: 34 14 01 10 | 03
#0594-d145 @A: 14 34 24 29 | 06
#0595-d145 @A: 32 16 02 15 | 10
#0596-d145 @A: 16 15 09 25 | 08
#0597-d145 @A: 15 21 29 17 | 01
#0598-d145 @A: 15 04 22 32 | 09
#0599-d145 @A: 27 15 23 08 | 07
#0600-d145 @A: 26 33 15 35 | 05
#0601-d145 @A: 02 26 15 17 | 02
#0602-d145 @A: 10 15 17 18 | 11
#0603-d145 @A: 15 30 20 33 | 12
#0604-d145 @A: 30 15 25 24 | 04
#0605-d145 @A: 12 09 20 15 | 03
#0606-d145 @A: 12 03 34 15 | 06
#0607-d145 @A: 01 35 21 16 | 10
#0608-d145 @A: 24 16 08 21 | 08
#0609-d145 @A: 18 16 27 22 | 01
#0610-d145 @A: 16 35 29 08 | 09
#0611-d145 @A: 11 31 29 16 | 07
#0612-d145 @A: 16 06 23 26 | 05
#0613-d145 @A: 03 16 18 25 | 02
#0614-d145 @A: 25 24 26 16 | 11
#0615-d145 @A: 16 03 20 23 | 12
#0616-d145 @A: 19 31 21 27 | 04
#0617-d145 @A: 27 06 33 21 | 03
#0618-d145 @A: 35 12 21 33 | 06
#0619-d145 @A: 21 06 17 03 | 10
#0620-d145 @A: 17 24 25 21 | 08
#0621-d145 @A: 10 21 23 07 | 01
#0622-d145 @A: 21 34 12 01 | 09
#0623-d145 @A: 11 04 22 35 | 07
#0624-d145 @A: 04 35 23 09 | 05
#0625-d145 @A: 04 12 08 22 | 02
#0626-d145 @A: 33 04 08 03 | 11
#0627-d145 @A: 04 28 02 29 | 12
#0628-d145 @A: 04 06 12 10 | 04
#0629-d145 @A: 18 04 32 23 | 03
#0630-d145 @A: 01 24 34 04 | 06
#0631-d145 @A: 09 10 19 04 | 10
#0632-d145 @A: 02 31 09 27 | 08
#0633-d145 @A: 20 27 07 30 | 01
#0634-d145 @A: 06 25 27 09 | 09
#0635-d145 @A: 35 30 31 17 | 07
#0636-d145 @A: 31 35 33 23 | 05
#0637-d145 @A: 20 35 17 01 | 02
#0638-d145 @A: 30 08 09 35 | 11
#0639-d145 @A: 08 03 11 35 | 12
#0640-d145 @A: 10 22 30 35 | 04
#0641-d145 @A: 35 29 19 28 | 03
#0642-d145 @A: 32 25 20 35 | 06
#0643-d145 @A: 19 25 26 35 | 10
#0644-d145 @A: 31 33 17 32 | 08
#0645-d145 @A: 31 06 19 30 | 01
#0646-d145 @A: 26 06 02 31 | 09
#0647-d145 @A: 18 31 24 29 | 07
#0648-d145 @A: 26 09 31 11 | 05
#0649-d145 @A: 12 24 32 31 | 02
#0650-d145 @A: 26 20 10 17 | 11
#0651-d145 @A: 17 26 24 01 | 12
#0652-d145 @A: 07 02 01 08 | 04
#0653-d145 @A: 23 06 07 30 | 03
#0654-d145 @A: 07 02 28 20 | 06
#0655-d145 @A: 18 23 07 12 | 10
#0656-d145 @A: 26 07 18 10 | 08
#0657-d145 @A: 07 34 11 26 | 01
#0658-d145 @A: 26 32 08 30 | 09
#0659-d145 @A: 18 24 06 08 | 07
#0660-d145 @A: 34 01 08 18 | 05
#0661-d145 @A: 10 18 29 08 | 02
#0662-d145 @A: 26 34 12 08 | 11
#0663-d145 @A: 03 08 32 11 | 12
#0664-d145 @A: 30 11 06 20 | 04
#0665-d145 @A: 06 10 30 29 | 03
#0666-d145 @A: 30 19 25 03 | 06
#0667-d145 @A: 32 18 30 12 | 10
#0668-d145 @A: 10 30 09 24 | 08
#0669-d145 @A: 02 22 28 34 | 01
#0670-d145 @A: 02 20 19 32 | 09
#0671-d145 @A: 02 10 29 11 | 07
#0672-d145 @A: 11 22 26 33 | 05
#0673-d145 @A: 32 22 34 20 | 02
#0674-d145 @A: 03 22 26 01 | 11
#0675-d145 @A: 28 03 33 10 | 12
#0676-d145 @A: 34 06 33 23 | 04
#0677-d145 @A: 20 09 33 25 | 03
#0678-d145 @A: 11 03 33 25 | 06
#0679-d145 @A: 34 33 19 20 | 10
#0680-d145 @A: 25 32 29 28 | 08
#0681-d145 @A: 28 34 12 23 | 01
#0682-d145 @A: 26 28 23 24 | 09
#0683-d145 @A: 19 32 09 28 | 07
#0684-d145 @A: 26 32 25 10 | 05
#0685-d145 @A: 09 32 23 29 | 02
#0686-d145 @A: 25 04 13 05 | 11
#0687-d145 @A: 14 20 13 07 | 12
#0688-d145 @A: 31 11 13 15 | 04
#0689-d145 @A: 15 10 08 13 | 03
#0690-d145 @A: 13 30 15 06 | 06
#0691-d145 @A: 13 16 04 02 | 10
#0692-d145 @A: 04 13 18 30 | 08
#0693-d145 @A: 02 31 13 17 | 01
#0694-d145 @A: 11 13 02 30 | 09
#0695-d145 @A: 22 30 13 26 | 07
#0696-d145 @A: 13 30 28 09 | 05
#0697-d145 @A: 13 24 06 09 | 02
#0698-d145 @A: 13 34 25 19 | 11
#0699-d145 @A: 20 29 13 03 | 12
#0700-d145 @A: 29 09 13 12 | 04
#0701-d145 @A: 14 05 10 17 | 03
#0702-d145 @A: 15 05 30 19 | 06
#0703-d145 @A: 05 06 27 16 | 10
#0704-d145 @A: 05 16 11 08 | 08
#0705-d145 @A: 05 02 16 24 | 01
#0706-d145 @A: 09 05 33 16 | 09
#0707-d145 @A: 30 07 34 05 | 07
#0708-d145 @A: 05 08 24 33 | 05
#0709-d145 @A: 33 01 05 22 | 02
#0710-d145 @A: 10 06 05 01 | 11
#0711-d145 @A: 29 25 18 05 | 12
#0712-d145 @A: 18 03 01 05 | 04
#0713-d145 @A: 05 19 18 11 | 03
#0714-d145 @A: 03 11 05 34 | 06
#0715-d145 @A: 14 20 15 23 | 10
#0716-d145 @A: 06 03 14 16 | 08
#0717-d145 @A: 34 14 09 16 | 01
#0718-d145 @A: 21 30 25 14 | 09
#0719-d145 @A: 27 31 14 24 | 07
#0720-d145 @A: 27 07 22 14 | 05
#0721-d145 @A: 28 22 14 25 | 02
#0722-d145 @A: 24 28 20 14 | 11
#0723-d145 @A: 14 23 09 12 | 12
#0724-d145 @A: 29 33 16 15 | 04
#0725-d145 @A: 35 15 11 21 | 03
#0726-d145 @A: 15 10 21 06 | 06
#0727-d145 @A: 35 30 29 15 | 10
#0728-d145 @A: 17 24 28 15 | 08
#0729-d145 @A: 23 15 07 32 | 01
#0730-d145 @A: 06 15 03 25 | 09
#0731-d145 @A: 29 15 18 03 | 07
#0732-d145 @A: 16 21 23 17 | 05
#0733-d145 @A: 08 23 04 16 | 02
#0734-d145 @A: 10 16 04 33 | 11
#0735-d145 @A: 04 16 32 34 | 12
#0736-d145 @A: 04 16 29 09 | 04
#0737-d145 @A: 25 27 16 07 | 03
#0738-d145 @A: 27 09 30 16 | 06
#0739-d145 @A: 03 35 33 16 | 10
#0740-d145 @A: 25 29 02 16 | 08
#0741-d145 @A: 28 16 12 01 | 01
#0742-d145 @A: 26 34 01 16 | 09
#0743-d145 @A: 16 12 24 32 | 07
#0744-d145 @A: 21 10 31 04 | 05
#0745-d145 @A: 26 04 02 21 | 02
#0746-d145 @A: 01 33 04 21 | 11
#0747-d145 @A: 22 21 03 27 | 12
#0748-d145 @A: 24 21 31 35 | 04
#0749-d145 @A: 31 09 21 30 | 03
#0750-d145 @A: 31 06 23 21 | 06
#0751-d145 @A: 12 08 17 21 | 10
#0752-d145 @A: 21 28 08 25 | 08
#0753-d145 @A: 08 21 03 19 | 01
#0754-d145 @A: 06 21 20 34 | 09
#0755-d145 @A: 06 21 11 26 | 07
#0756-d145 @A: 21 23 09 25 | 05
#0757-d145 @A: 19 24 21 32 | 02
#0758-d145 @A: 04 32 27 26 | 11
#0759-d145 @A: 12 04 30 31 | 12
#0760-d145 @A: 22 20 31 04 | 04
#0761-d145 @A: 01 17 08 04 | 03
#0762-d145 @A: 17 04 20 03 | 06
#0763-d145 @A: 04 22 26 28 | 10
#0764-d145 @A: 04 10 03 26 | 08
#0765-d145 @A: 31 29 27 35 | 01
#0766-d145 @A: 27 06 35 32 | 09
#0767-d145 @A: 07 31 18 27 | 07
#0768-d145 @A: 27 30 19 17 | 05
#0769-d145 @A: 08 19 06 27 | 02
#0770-d145 @A: 24 22 27 02 | 11
#0771-d145 @A: 27 25 22 10 | 12
#0772-d145 @A: 27 34 20 22 | 04
#0773-d145 @A: 27 24 06 23 | 03
#0774-d145 @A: 27 32 24 20 | 06
#0775-d145 @A: 27 01 23 09 | 10
#0776-d145 @A: 09 34 27 26 | 08
#0777-d145 @A: 11 12 27 34 | 01
#0778-d145 @A: 27 34 03 32 | 09
#0779-d145 @A: 02 31 35 20 | 07
#0780-d145 @A: 11 31 12 35 | 05
#0781-d145 @A: 35 19 17 07 | 02
#0782-d145 @A: 17 10 35 24 | 11
#0783-d145 @A: 08 35 32 18 | 12
#0784-d145 @A: 06 22 35 33 | 04
#0785-d145 @A: 06 35 11 25 | 03
#0786-d145 @A: 11 35 29 32 | 06
#0787-d145 @A: 31 25 10 17 | 10
#0788-d145 @A: 01 28 31 08 | 08
#0789-d145 @A: 24 31 30 02 | 01
#0790-d145 @A: 02 22 31 10 | 09
#0791-d145 @A: 29 02 33 31 | 07
#0792-d145 @A: 31 02 18 25 | 05
#0793-d145 @A: 06 31 01 29 | 02
#0794-d145 @A: 20 03 31 11 | 11
#0795-d145 @A: 19 31 01 34 | 12
#0796-d145 @A: 31 10 11 19 | 04
#0797-d145 @A: 02 03 17 07 | 03
#0798-d145 @A: 30 32 17 09 | 06
#0799-d145 @A: 02 22 32 17 | 10
#0800-d145 @A: 17 22 09 25 | 08
#0801-d145 @A: 25 34 18 17 | 01
#0802-d145 @A: 17 03 11 01 | 09
#0803-d145 @A: 26 29 17 18 | 07
#0804-d145 @A: 18 19 17 03 | 05
#0805-d145 @A: 17 11 24 09 | 02
#0806-d145 @A: 30 07 18 33 | 11
#0807-d145 @A: 32 07 20 33 | 12
#0808-d145 @A: 07 34 25 06 | 04
#0809-d145 @A: 20 01 07 25 | 03
#0810-d145 @A: 07 23 24 25 | 06
#0811-d145 @A: 32 26 09 07 | 10
#0812-d145 @A: 02 08 06 20 | 08
#0813-d145 @A: 18 30 20 25 | 01
#0814-d145 @A: 29 09 30 25 | 09
#0815-d145 @A: 30 20 03 12 | 07
#0816-d145 @A: 01 02 09 25 | 05
#0817-d145 @A: 23 26 12 02 | 02
#0818-d145 @A: 32 23 02 10 | 11
#0819-d145 @A: 34 25 11 22 | 12
#0820-d145 @A: 26 19 22 34 | 04
#0821-d145 @A: 33 06 32 25 | 03
#0822-d145 @A: 23 25 33 26 | 06
#0823-d145 @A: 33 01 18 25 | 10
#0824-d145 @A: 29 12 33 34 | 08
#0825-d145 @A: 32 33 34 29 | 01
#0826-d145 @A: 11 33 24 19 | 09
#0827-d145 @A: 28 26 06 32 | 07
#0828-d145 @A: 11 20 25 28 | 05
#0829-d145 @A: 01 28 34 20 | 02
#0830-d145 @A: 19 10 28 24 | 11
#0831-d145 @A: 32 09 01 34 | 12
#0832-d145 @A: 05 14 13 11 | 04
#0833-d145 @A: 05 13 16 10 | 03
#0834-d145 @A: 05 07 17 13 | 06
#0835-d145 @A: 28 13 14 12 | 10
#0836-d145 @A: 21 13 34 16 | 08
#0837-d145 @A: 06 16 08 13 | 01
#0838-d145 @A: 32 13 21 10 | 09
#0839-d145 @A: 30 20 35 13 | 07
#0840-d145 @A: 35 13 02 23 | 05
#0841-d145 @A: 31 22 24 13 | 02
#0842-d145 @A: 10 07 13 02 | 11
#0843-d145 @A: 32 13 30 06 | 12
#0844-d145 @A: 28 13 20 22 | 04
#0845-d145 @A: 06 23 20 13 | 03
#0846-d145 @A: 03 23 13 25 | 06
#0847-d145 @A: 20 18 13 01 | 10
#0848-d145 @A: 29 13 19 18 | 08
#0849-d145 @A: 32 18 15 05 | 01
#0850-d145 @A: 16 01 05 17 | 09
#0851-d145 @A: 21 02 31 05 | 07
#0852-d145 @A: 28 20 05 21 | 05
#0853-d145 @A: 05 27 07 32 | 02
#0854-d145 @A: 27 28 18 05 | 11
#0855-d145 @A: 34 05 33 17 | 12
#0856-d145 @A: 23 17 29 05 | 04
#0857-d145 @A: 05 08 03 29 | 03
#0858-d145 @A: 32 28 05 12 | 06
#0859-d145 @A: 20 05 24 06 | 10
#0860-d145 @A: 03 05 09 25 | 08
#0861-d145 @A: 01 05 34 23 | 01
#0862-d145 @A: 12 29 24 05 | 09
#0863-d145 @A: 14 15 32 31 | 07
#0864-d145 @A: 14 33 16 24 | 05
#0865-d145 @A: 21 20 14 04 | 02
#0866-d145 @A: 21 27 14 32 | 11
#0867-d145 @A: 19 33 14 04 | 12
#0868-d145 @A: 02 35 29 14 | 04
#0869-d145 @A: 20 14 30 31 | 03
#0870-d145 @A: 14 29 17 33 | 06
#0871-d145 @A: 30 07 03 14 | 10
#0872-d145 @A: 14 09 33 07 | 08
#0873-d145 @A: 28 34 14 08 | 01
#0874-d145 @A: 08 14 29 11 | 09
#0875-d145 @A: 33 11 30 14 | 07
#0876-d145 @A: 09 14 30 06 | 05
#0877-d145 @A: 02 01 14 19 | 02
#0878-d145 @A: 29 03 14 22 | 11
#0879-d145 @A: 34 14 23 26 | 12
#0880-d145 @A: 15 31 16 27 | 04
#0881-d145 @A: 16 12 15 07 | 03
#0882-d145 @A: 09 08 04 15 | 06
#0883-d145 @A: 27 07 15 24 | 10
#0884-d145 @A: 27 19 33 15 | 08
#0885-d145 @A: 29 27 15 34 | 01
#0886-d145 @A: 31 30 15 23 | 09
#0887-d145 @A: 33 01 15 31 | 07
#0888-d145 @A: 31 12 26 15 | 05
#0889-d145 @A: 23 22 17 15 | 02
#0890-d145 @A: 08 26 15 29 | 11
#0891-d145 @A: 30 11 15 09 | 12
#0892-d145 @A: 33 03 23 15 | 04
#0893-d145 @A: 15 32 11 33 | 03
#0894-d145 @A: 25 01 15 34 | 06
#0895-d145 @A: 10 03 15 09 | 10
#0896-d145 @A: 16 01 07 04 | 08
#0897-d145 @A: 16 26 17 27 | 01
#0898-d145 @A: 16 27 33 12 | 09
#0899-d145 @A: 35 02 10 16 | 07
#0900-d145 @A: 06 16 33 30 | 05
#0901-d145 @A: 12 16 02 22 | 02
#0902-d145 @A: 28 09 22 16 | 11
#0903-d145 @A: 20 16 12 06 | 12
#0904-d145 @A: 25 16 23 34 | 04
#0905-d145 @A: 29 19 23 16 | 03
#0906-d145 @A: 09 16 12 10 | 06
#0907-d145 @A: 07 21 04 17 | 10
#0908-d145 @A: 03 04 28 21 | 08
#0909-d145 @A: 21 35 06 08 | 01
#0910-d145 @A: 02 34 35 21 | 09
#0911-d145 @A: 12 32 21 08 | 07
#0912-d145 @A: 21 09 32 02 | 05
#0913-d145 @A: 22 11 21 18 | 02
#0914-d145 @A: 03 18 10 21 | 11
#0915-d145 @A: 21 19 09 24 | 12
#0916-d145 @A: 07 29 04 30 | 04
#0917-d145 @A: 02 04 30 20 | 03
#0918-d145 @A: 11 30 04 32 | 06
#0919-d145 @A: 10 04 22 29 | 10
#0920-d145 @A: 19 06 25 04 | 08
#0921-d145 @A: 01 22 31 27 | 01
#0922-d145 @A: 06 28 02 27 | 09
#0923-d145 @A: 11 02 20 27 | 07
#0924-d145 @A: 22 27 33 23 | 05
#0925-d145 @A: 32 27 25 22 | 02
#0926-d145 @A: 26 20 27 06 | 11
#0927-d145 @A: 25 27 20 03 | 12
#0928-d145 @A: 11 01 27 29 | 04
#0929-d145 @A: 12 03 27 24 | 03
#0930-d145 @A: 35 26 22 31 | 06
#0931-d145 @A: 35 07 24 02 | 10
#0932-d145 @A: 35 02 30 18 | 08
#0933-d145 @A: 25 02 35 33 | 01
#0934-d145 @A: 20 12 26 35 | 09
#0935-d145 @A: 19 01 35 23 | 07
#0936-d145 @A: 31 11 17 07 | 05
#0937-d145 @A: 29 31 17 28 | 02
#0938-d145 @A: 22 31 19 33 | 11
#0939-d145 @A: 31 09 22 32 | 12
#0940-d145 @A: 31 29 03 19 | 04
#0941-d145 @A: 17 25 08 07 | 03
#0942-d145 @A: 01 07 17 18 | 06
#0943-d145 @A: 28 30 17 06 | 10
#0944-d145 @A: 28 17 11 26 | 08
#0945-d145 @A: 18 17 32 01 | 01
#0946-d145 @A: 17 19 34 11 | 09
#0947-d145 @A: 20 07 26 24 | 07
#0948-d145 @A: 29 22 33 08 | 05
#0949-d145 @A: 32 22 28 08 | 02
#0950-d145 @A: 24 08 25 10 | 11
#0951-d145 @A: 09 03 24 08 | 12
#0952-d145 @A: 03 10 30 02 | 04
#0953-d145 @A: 01 30 23 10 | 03
#0954-d145 @A: 06 02 29 03 | 06
#0955-d145 @A: 25 02 11 32 | 10
#0956-d145 @A: 02 20 18 26 | 08
#0957-d145 @A: 02 26 34 10 | 01
#0958-d145 @A: 24 09 12 02 | 09
#0959-d145 @A: 22 06 25 29 | 07
#0960-d145 @A: 19 22 23 03 | 05
#0961-d145 @A: 10 18 09 22 | 02
#0962-d145 @A: 01 06 20 33 | 11
#0963-d145 @A: 18 23 09 33 | 12
#0964-d145 @A: 01 26 10 33 | 04
#0965-d145 @A: 24 34 03 33 | 03
#0966-d145 @A: 03 28 25 01 | 06
#0967-d145 @A: 11 01 09 28 | 10
#0968-d145 @A: 32 34 12 25 | 08
#0969-d145 @A: 31 05 29 13 | 01
#0970-d145 @A: 25 13 14 15 | 09
#0971-d145 @A: 14 22 13 18 | 07
#0972-d145 @A: 15 01 13 21 | 05
#0973-d145 @A: 15 13 23 07 | 02
#0974-d145 @A: 15 13 09 02 | 11
#0975-d145 @A: 13 15 32 29 | 12
#0976-d145 @A: 10 13 18 27 | 04
#0977-d145 @A: 01 09 13 35 | 03
#0978-d145 @A: 31 32 23 13 | 06
#0979-d145 @A: 22 13 23 08 | 10
#0980-d145 @A: 34 03 22 13 | 08
#0981-d145 @A: 06 19 26 13 | 01
#0982-d145 @A: 01 10 13 25 | 09
#0983-d145 @A: 34 14 05 02 | 07
#0984-d145 @A: 22 19 05 14 | 05
#0985-d145 @A: 20 17 15 05 | 02
#0986-d145 @A: 11 16 32 05 | 11
#0987-d145 @A: 05 11 21 27 | 12
#0988-d145 @A: 05 04 33 23 | 04
#0989-d145 @A: 06 32 05 04 | 03
#0990-d145 @A: 26 05 27 01 | 06
#0991-d145 @A: 03 05 30 35 | 10
#0992-d145 @A: 05 35 28 06 | 08
#0993-d145 @A: 08 17 09 05 | 01
#0994-d145 @A: 17 12 05 18 | 09
#0995-d145 @A: 07 05 28 33 | 07
#0996-d145 @A: 34 28 25 05 | 05
#0997-d145 @A: 19 06 34 05 | 02
#0998-d145 @A: 34 20 05 12 | 11
#0999-d145 @A: 10 34 05 29 | 12
#1000-d145 @A: 15 14 03 17 | 04
#1001-d145 @A: 15 22 01 14 | 03
#1002-d145 @A: 10 27 14 21 | 06
#1003-d145 @A: 02 14 21 11 | 10
#1004-d145 @A: 27 25 26 14 | 08
#1005-d145 @A: 07 14 26 35 | 01
#1006-d145 @A: 35 24 22 14 | 09
#1007-d145 @A: 31 14 17 23 | 07
#1008-d145 @A: 14 23 02 33 | 05
#1009-d145 @A: 06 14 29 20 | 02
#1010-d145 @A: 14 23 18 11 | 11
#1011-d145 @A: 26 14 24 19 | 12
#1012-d145 @A: 15 35 16 24 | 04
#1013-d145 @A: 15 17 16 06 | 03
#1014-d145 @A: 27 15 35 04 | 06
#1015-d145 @A: 15 07 22 06 | 10
#1016-d145 @A: 07 33 34 15 | 08
#1017-d145 @A: 18 15 30 22 | 01
#1018-d145 @A: 06 15 26 01 | 09
#1019-d145 @A: 29 25 15 20 | 07
#1020-d145 @A: 20 01 03 15 | 05
#1021-d145 @A: 23 15 24 09 | 02
#1022-d145 @A: 15 23 10 12 | 11
#1023-d145 @A: 29 01 19 15 | 12
#1024-d145 @A: 21 31 20 16 | 04
#1025-d145 @A: 04 16 25 31 | 03
#1026-d145 @A: 32 27 23 16 | 06
#1027-d145 @A: 16 10 11 27 | 10
#1028-d145 @A: 16 10 35 32 | 08
#1029-d145 @A: 16 01 31 24 | 01
#1030-d145 @A: 17 16 09 02 | 09
#1031-d145 @A: 16 08 12 30 | 07
#1032-d145 @A: 16 02 19 18 | 05
#1033-d145 @A: 16 06 10 25 | 02
#1034-d145 @A: 16 25 09 32 | 11
#1035-d145 @A: 16 23 10 18 | 12
#1036-d145 @A: 18 16 34 12 | 04
#1037-d145 @A: 16 12 29 03 | 03
#1038-d145 @A: 06 09 04 21 | 06
#1039-d145 @A: 08 21 27 34 | 10
#1040-d145 @A: 29 07 21 35 | 08
#1041-d145 @A: 33 08 21 20 | 01
#1042-d145 @A: 02 24 28 21 | 09
#1043-d145 @A: 26 20 21 03 | 07
#1044-d145 @A: 20 11 32 21 | 05
#1045-d145 @A: 19 23 21 34 | 02
#1046-d145 @A: 23 29 03 21 | 11
#1047-d145 @A: 09 11 10 21 | 12
#1048-d145 @A: 04 30 26 27 | 04
#1049-d145 @A: 06 04 01 27 | 03
#1050-d145 @A: 27 11 04 23 | 06
#1051-d145 @A: 26 04 08 35 | 10
#1052-d145 @A: 01 02 31 04 | 08
#1053-d145 @A: 02 04 19 17 | 01
#1054-d145 @A: 33 28 04 17 | 09
#1055-d145 @A: 17 10 04 23 | 07
#1056-d145 @A: 07 06 20 04 | 05
#1057-d145 @A: 02 08 25 04 | 02
#1058-d145 @A: 04 09 03 32 | 11
#1059-d145 @A: 07 33 27 01 | 12
#1060-d145 @A: 03 33 27 30 | 04
#1061-d145 @A: 34 27 02 33 | 03
#1062-d145 @A: 01 03 19 27 | 06
#1063-d145 @A: 12 27 18 26 | 10
#1064-d145 @A: 27 19 29 09 | 08
#1065-d145 @A: 03 31 07 35 | 01
#1066-d145 @A: 07 30 35 25 | 09
#1067-d145 @A: 07 35 20 11 | 07
#1068-d145 @A: 34 23 07 35 | 05
#1069-d145 @A: 06 20 03 35 | 02
#1070-d145 @A: 25 35 09 10 | 11
#1071-d145 @A: 35 18 03 23 | 12
#1072-d145 @A: 22 25 31 07 | 04
#1073-d145 @A: 08 34 17 32 | 03
#1074-d145 @A: 29 08 17 24 | 06
#1075-d145 @A: 22 10 17 28 | 10
#1076-d145 @A: 09 01 17 34 | 08
#1077-d145 @A: 34 03 17 10 | 01
#1078-d145 @A: 08 22 18 07 | 09
#1079-d145 @A: 24 34 08 07 | 07
#1080-d145 @A: 30 02 09 07 | 05
#1081-d145 @A: 06 02 07 33 | 02
#1082-d145 @A: 29 07 10 20 | 11
#1083-d145 @A: 23 11 07 03 | 12
#1084-d145 @A: 08 22 30 20 | 04
#1085-d145 @A: 08 33 02 10 | 03
#1086-d145 @A: 24 08 02 26 | 06
#1087-d145 @A: 08 33 12 01 | 10
#1088-d145 @A: 12 03 08 23 | 08
#1089-d145 @A: 08 11 18 12 | 01
#1090-d145 @A: 25 30 26 02 | 09
#1091-d145 @A: 29 30 19 20 | 07
#1092-d145 @A: 02 09 03 33 | 05
#1093-d145 @A: 06 11 09 02 | 02
#1094-d145 @A: 22 32 18 33 | 11
#1095-d145 @A: 22 18 26 06 | 12
#1096-d145 @A: 19 18 22 25 | 04
#1097-d145 @A: 03 22 32 23 | 03
#1098-d145 @A: 22 32 11 01 | 06
#1099-d145 @A: 22 10 34 32 | 10
#1100-d145 @A: 24 26 22 32 | 08
#1101-d145 @A: 28 18 33 11 | 01
#1102-d145 @A: 06 18 33 12 | 09
#1103-d145 @A: 12 28 20 29 | 07
#1104-d145 @A: 11 28 19 12 | 05
#1105-d145 @A: 09 18 24 32 | 02
#1106-d145 @A: 05 21 35 13 | 11
#1107-d145 @A: 21 13 14 23 | 12
#1108-d145 @A: 13 28 18 15 | 04
#1109-d145 @A: 16 01 22 13 | 03
#1110-d145 @A: 33 13 20 16 | 06
#1111-d145 @A: 18 16 13 09 | 10
#1112-d145 @A: 33 13 12 04 | 08
#1113-d145 @A: 23 13 24 04 | 01
#1114-d145 @A: 01 13 04 03 | 09
#1115-d145 @A: 27 13 11 07 | 07
#1116-d145 @A: 26 13 27 33 | 05
#1117-d145 @A: 19 31 13 23 | 02
#1118-d145 @A: 01 13 33 02 | 11
#1119-d145 @A: 13 11 06 33 | 12
#1120-d145 @A: 13 09 26 25 | 04
#1121-d145 @A: 13 24 10 26 | 03
#1122-d145 @A: 14 06 15 05 | 06
#1123-d145 @A: 31 14 05 09 | 10
#1124-d145 @A: 03 28 14 05 | 08
#1125-d145 @A: 32 14 24 05 | 01
#1126-d145 @A: 22 05 27 15 | 09
#1127-d145 @A: 05 34 21 04 | 07
#1128-d145 @A: 05 21 09 01 | 05
#1129-d145 @A: 05 07 35 04 | 02
#1130-d145 @A: 05 01 04 29 | 11
#1131-d145 @A: 05 27 34 35 | 12
#1132-d145 @A: 34 32 05 35 | 04
#1133-d145 @A: 05 11 35 10 | 03
#1134-d145 @A: 05 18 31 33 | 06
#1135-d145 @A: 32 20 05 17 | 10
#1136-d145 @A: 02 18 05 22 | 08
#1137-d145 @A: 05 22 09 23 | 01
#1138-d145 @A: 20 23 25 05 | 09
#1139-d145 @A: 05 10 23 26 | 07
#1140-d145 @A: 32 05 01 26 | 05
#1141-d145 @A: 27 09 15 14 | 02
#1142-d145 @A: 12 08 15 14 | 11
#1143-d145 @A: 16 04 26 14 | 12
#1144-d145 @A: 14 31 03 25 | 04
#1145-d145 @A: 28 09 14 17 | 03
#1146-d145 @A: 22 09 08 14 | 06
#1147-d145 @A: 28 14 10 02 | 10
#1148-d145 @A: 14 29 23 25 | 08
#1149-d145 @A: 14 03 18 24 | 01
#1150-d145 @A: 11 14 12 24 | 09
#1151-d145 @A: 15 34 16 28 | 07
#1152-d145 @A: 15 21 26 22 | 05
#1153-d145 @A: 15 01 27 17 | 02
#1154-d145 @A: 02 27 03 15 | 11
#1155-d145 @A: 15 31 34 17 | 12
#1156-d145 @A: 07 17 15 09 | 04
#1157-d145 @A: 03 08 22 15 | 03
#1158-d145 @A: 15 25 18 08 | 06
#1159-d145 @A: 02 15 22 19 | 10
#1160-d145 @A: 15 24 02 06 | 08
#1161-d145 @A: 06 20 15 19 | 01
#1162-d145 @A: 23 15 25 19 | 09
#1163-d145 @A: 01 10 11 15 | 07
#1164-d145 @A: 09 15 19 26 | 05
#1165-d145 @A: 09 32 10 15 | 02
#1166-d145 @A: 15 11 19 03 | 11
#1167-d145 @A: 27 21 29 16 | 12
#1168-d145 @A: 35 30 16 04 | 04
#1169-d145 @A: 24 16 22 04 | 03
#1170-d145 @A: 10 16 31 30 | 06
#1171-d145 @A: 16 32 30 31 | 10
#1172-d145 @A: 10 08 16 17 | 08
#1173-d145 @A: 16 07 30 22 | 01
#1174-d145 @A: 12 16 23 24 | 09
#1175-d145 @A: 16 18 32 03 | 07
#1176-d145 @A: 19 32 29 16 | 05
#1177-d145 @A: 28 27 01 21 | 02
#1178-d145 @A: 22 21 17 35 | 11
#1179-d145 @A: 19 21 35 30 | 12
#1180-d145 @A: 31 21 11 08 | 04
#1181-d145 @A: 28 12 21 31 | 03
#1182-d145 @A: 17 21 23 32 | 06
#1183-d145 @A: 18 08 21 02 | 10
#1184-d145 @A: 02 09 21 22 | 08
#1185-d145 @A: 33 21 18 34 | 01
#1186-d145 @A: 21 28 29 18 | 09
#1187-d145 @A: 21 25 18 06 | 07
#1188-d145 @A: 21 06 24 12 | 05
#1189-d145 @A: 21 20 11 23 | 02
#1190-d145 @A: 09 20 21 29 | 11
#1191-d145 @A: 01 23 21 18 | 12
#1192-d145 @A: 09 21 12 18 | 04
#1193-d145 @A: 26 32 21 34 | 03
#1194-d145 @A: 03 04 27 31 | 06
#1195-d145 @A: 04 08 18 27 | 10
#1196-d145 @A: 04 25 30 17 | 08
#1197-d145 @A: 25 28 07 04 | 01
#1198-d145 @A: 30 28 11 04 | 09
#1199-d145 @A: 23 04 19 30 | 07
#1200-d145 @A: 24 04 02 33 | 05
#1201-d145 @A: 23 06 18 04 | 02
#1202-d145 @A: 18 04 26 25 | 11
#1203-d145 @A: 10 04 25 11 | 12
#1204-d145 @A: 26 09 01 04 | 04
#1205-d145 @A: 33 32 08 27 | 03
#1206-d145 @A: 30 27 34 01 | 06
#1207-d145 @A: 02 29 32 27 | 10
#1208-d145 @A: 33 09 27 24 | 08
#1209-d145 @A: 27 03 28 09 | 01
#1210-d145 @A: 27 25 19 12 | 09
#1211-d145 @A: 12 20 27 23 | 07
#1212-d145 @A: 32 09 27 12 | 05
#1213-d145 @A: 28 17 03 35 | 02
#1214-d145 @A: 19 02 08 35 | 11
#1215-d145 @A: 22 03 35 02 | 12
#1216-d145 @A: 24 06 01 35 | 04
#1217-d145 @A: 02 28 31 19 | 03
#1218-d145 @A: 09 06 10 31 | 06
#1219-d145 @A: 20 18 31 12 | 10
#1220-d145 @A: 26 31 23 18 | 08
#1221-d145 @A: 31 10 34 18 | 01
#1222-d145 @A: 17 20 06 09 | 09
#1223-d145 @A: 24 20 19 17 | 07
#1224-d145 @A: 17 10 29 01 | 05
#1225-d145 @A: 01 19 17 12 | 02
#1226-d145 @A: 34 17 24 12 | 11
#1227-d145 @A: 11 32 17 10 | 12
#1228-d145 @A: 08 07 28 11 | 04
#1229-d145 @A: 23 07 28 22 | 03
#1230-d145 @A: 28 34 07 32 | 06
#1231-d145 @A: 23 07 20 19 | 10
#1232-d145 @A: 19 24 07 01 | 08
#1233-d145 @A: 34 09 29 07 | 01
#1234-d145 @A: 06 08 23 11 | 09
#1235-d145 @A: 06 08 01 03 | 07
#1236-d145 @A: 08 34 25 20 | 05
#1237-d145 @A: 23 34 29 08 | 02
#1238-d145 @A: 01 08 19 26 | 11
#1239-d145 @A: 22 33 25 30 | 12
#1240-d145 @A: 26 30 06 24 | 04
#1241-d145 @A: 12 26 30 11 | 03
#1242-d145 @A: 33 20 02 22 | 06
#1243-d145 @A: 02 18 23 29 | 10
#1244-d145 @A: 02 11 23 19 | 08
#1245-d145 @A: 02 32 01 24 | 01
#1246-d145 @A: 12 22 01 25 | 09
#1247-d145 @A: 23 22 20 18 | 07
#1248-d145 @A: 20 11 22 24 | 05
#1249-d145 @A: 29 01 09 22 | 02
#1250-d145 @A: 25 19 28 33 | 11
#1251-d145 @A: 28 26 33 34 | 12
#1252-d145 @A: 06 03 33 19 | 04
#1253-d145 @A: 25 10 33 29 | 03
#1254-d145 @A: 29 33 24 23 | 06
#1255-d145 @A: 32 19 26 33 | 10
#1256-d145 @A: 01 28 26 29 | 08
#1257-d145 @A: 09 28 34 19 | 01
#1258-d145 @A: 13 05 08 12 | 09
#1259-d145 @A: 03 33 05 13 | 07
#1260-d145 @A: 05 25 13 32 | 05
#1261-d145 @A: 15 13 04 29 | 02
#1262-d145 @A: 13 31 21 25 | 11
#1263-d145 @A: 27 06 13 31 | 12
#1264-d145 @A: 10 31 33 13 | 04
#1265-d145 @A: 28 13 31 34 | 03
#1266-d145 @A: 02 29 13 08 | 06
#1267-d145 @A: 13 02 32 33 | 10
#1268-d145 @A: 09 22 13 33 | 08
#1269-d145 @A: 06 28 25 13 | 01
#1270-d145 @A: 03 10 13 06 | 09
#1271-d145 @A: 13 25 12 18 | 07
#1272-d145 @A: 24 13 01 29 | 05
#1273-d145 @A: 24 13 11 34 | 02
#1274-d145 @A: 03 13 12 19 | 11
#1275-d145 @A: 33 26 05 14 | 12
#1276-d145 @A: 26 04 05 15 | 04
#1277-d145 @A: 05 33 12 15 | 03
#1278-d145 @A: 05 21 12 23 | 06
#1279-d145 @A: 20 08 04 05 | 10
#1280-d145 @A: 03 04 02 05 | 08
#1281-d145 @A: 05 29 22 35 | 01
#1282-d145 @A: 05 28 10 31 | 09
#1283-d145 @A: 05 17 11 30 | 07
#1284-d145 @A: 25 05 30 08 | 05
#1285-d145 @A: 02 05 01 28 | 02
#1286-d145 @A: 02 29 20 05 | 11
#1287-d145 @A: 14 34 22 21 | 12
#1288-d145 @A: 25 04 14 35 | 04
#1289-d145 @A: 31 35 14 34 | 03
#1290-d145 @A: 19 12 14 31 | 06
#1291-d145 @A: 26 30 17 14 | 10
#1292-d145 @A: 25 08 14 33 | 08
#1293-d145 @A: 12 14 02 18 | 01
#1294-d145 @A: 18 14 25 10 | 09
#1295-d145 @A: 14 25 11 09 | 07
#1296-d145 @A: 23 14 34 32 | 05
#1297-d145 @A: 14 32 18 19 | 02
#1298-d145 @A: 19 03 34 14 | 11
#1299-d145 @A: 15 09 33 21 | 12
#1300-d145 @A: 04 18 15 31 | 04
#1301-d145 @A: 25 22 15 04 | 03
#1302-d145 @A: 30 10 15 27 | 06
#1303-d145 @A: 06 18 15 27 | 10
#1304-d145 @A: 35 15 31 06 | 08
#1305-d145 @A: 15 07 31 19 | 01
#1306-d145 @A: 07 02 11 15 | 09
#1307-d145 @A: 08 15 06 28 | 07
#1308-d145 @A: 32 15 08 06 | 05
#1309-d145 @A: 15 02 18 33 | 02
#1310-d145 @A: 34 26 15 20 | 11
#1311-d145 @A: 28 04 06 16 | 12
#1312-d145 @A: 16 35 34 17 | 04
#1313-d145 @A: 16 17 29 07 | 03
#1314-d145 @A: 17 30 16 24 | 06
#1315-d145 @A: 34 07 16 10 | 10
#1316-d145 @A: 22 08 16 25 | 08
#1317-d145 @A: 08 34 16 03 | 01
#1318-d145 @A: 16 26 02 33 | 09
#1319-d145 @A: 33 16 34 22 | 07
#1320-d145 @A: 16 09 03 01 | 05
#1321-d145 @A: 10 24 16 03 | 02
#1322-d145 @A: 27 09 21 17 | 11
#1323-d145 @A: 27 30 18 21 | 12
#1324-d145 @A: 01 21 17 31 | 04
#1325-d145 @A: 21 33 31 26 | 03
#1326-d145 @A: 10 08 21 22 | 06
#1327-d145 @A: 22 21 01 20 | 10
#1328-d145 @A: 35 03 04 12 | 08
#1329-d145 @A: 18 04 02 07 | 01
#1330-d145 @A: 26 04 07 33 | 09
#1331-d145 @A: 28 08 19 04 | 07
#1332-d145 @A: 04 23 34 03 | 05
#1333-d145 @A: 29 12 23 04 | 02
#1334-d145 @A: 28 35 27 10 | 11
#1335-d145 @A: 07 23 17 27 | 12
#1336-d145 @A: 33 10 27 17 | 04
#1337-d145 @A: 08 07 27 03 | 03
#1338-d145 @A: 30 27 23 29 | 06
#1339-d145 @A: 23 25 18 27 | 10
#1340-d145 @A: 27 10 20 09 | 08
#1341-d145 @A: 23 19 26 27 | 01
#1342-d145 @A: 27 23 10 03 | 09
#1343-d145 @A: 27 10 01 12 | 07
#1344-d145 @A: 27 18 09 11 | 05
#1345-d145 @A: 17 02 35 11 | 02
#1346-d145 @A: 35 22 32 07 | 11
#1347-d145 @A: 33 35 07 10 | 12
#1348-d145 @A: 30 35 34 28 | 04
#1349-d145 @A: 26 30 35 23 | 03
#1350-d145 @A: 22 35 25 23 | 06
#1351-d145 @A: 35 24 28 32 | 10
#1352-d145 @A: 06 23 10 35 | 08
#1353-d145 @A: 34 29 25 35 | 01
#1354-d145 @A: 26 35 18 01 | 09
#1355-d145 @A: 18 35 12 10 | 07
#1356-d145 @A: 26 31 17 08 | 05
#1357-d145 @A: 02 31 07 23 | 02
#1358-d145 @A: 31 07 33 12 | 11
#1359-d145 @A: 18 32 31 20 | 12
#1360-d145 @A: 20 26 19 31 | 04
#1361-d145 @A: 07 32 17 03 | 03
#1362-d145 @A: 22 08 17 19 | 06
#1363-d145 @A: 17 18 28 02 | 10
#1364-d145 @A: 22 24 17 33 | 08
#1365-d145 @A: 06 26 25 17 | 01
#1366-d145 @A: 25 17 23 11 | 09
#1367-d145 @A: 23 17 18 24 | 07
#1368-d145 @A: 12 26 17 09 | 05
#1369-d145 @A: 12 32 17 29 | 02
#1370-d145 @A: 12 24 22 07 | 11
#1371-d145 @A: 29 19 07 33 | 12
#1372-d145 @A: 11 06 07 19 | 04
#1373-d145 @A: 26 07 23 09 | 03
#1374-d145 @A: 07 11 12 32 | 06
#1375-d145 @A: 33 26 30 08 | 10
#1376-d145 @A: 11 08 30 24 | 08
#1377-d145 @A: 28 24 22 08 | 01
#1378-d145 @A: 08 11 25 01 | 09
#1379-d145 @A: 11 08 09 34 | 07
#1380-d145 @A: 30 34 32 02 | 05
#1381-d145 @A: 06 30 34 12 | 02
#1382-d145 @A: 25 12 23 30 | 11
#1383-d145 @A: 34 30 24 18 | 12
#1384-d145 @A: 30 18 12 29 | 04
#1385-d145 @A: 29 32 30 03 | 03
#1386-d145 @A: 24 19 30 12 | 06
#1387-d145 @A: 12 32 02 06 | 10
#1388-d145 @A: 10 20 12 02 | 08
#1389-d145 @A: 02 09 29 26 | 01
#1390-d145 @A: 02 24 29 19 | 09
#1391-d145 @A: 19 03 02 26 | 07
#1392-d145 @A: 22 24 19 06 | 05
#1393-d145 @A: 22 23 11 01 | 02
#1394-d145 @A: 03 12 22 18 | 11
#1395-d145 @A: 24 01 33 28 | 12
#1396-d145 @A: 33 06 24 10 | 04
#1397-d145 @A: 11 12 20 33 | 03
#1398-d145 @A: 33 12 23 19 | 06
#1399-d145 @A: 33 10 23 11 | 10
#1400-d145 @A: 06 24 34 28 | 08
#1401-d145 @A: 28 20 26 09 | 01
#1402-d145 @A: 28 24 12 18 | 09
#1403-d145 @A: 03 25 32 19 | 07
#1404-d145 @A: 23 18 05 13 | 05
#1405-d145 @A: 13 31 01 14 | 02
#1406-d145 @A: 24 30 14 13 | 11
#1407-d145 @A: 13 03 15 35 | 12
#1408-d145 @A: 15 33 24 13 | 04
#1409-d145 @A: 16 17 13 25 | 03
#1410-d145 @A: 28 11 13 21 | 06
#1411-d145 @A: 18 35 13 31 | 10
#1412-d145 @A: 03 31 13 30 | 08
#1413-d145 @A: 19 13 32 22 | 01
#1414-d145 @A: 24 23 32 13 | 09
#1415-d145 @A: 26 29 13 34 | 07
#1416-d145 @A: 14 29 05 21 | 05
#1417-d145 @A: 08 14 01 05 | 02
#1418-d145 @A: 18 14 05 30 | 11
#1419-d145 @A: 05 18 15 24 | 12
#1420-d145 @A: 16 30 20 05 | 04
#1421-d145 @A: 16 05 29 28 | 03
#1422-d145 @A: 05 24 03 21 | 06
#1423-d145 @A: 04 31 05 06 | 10
#1424-d145 @A: 10 30 04 05 | 08
#1425-d145 @A: 35 05 08 18 | 01
#1426-d145 @A: 31 05 17 24 | 09
#1427-d145 @A: 12 02 30 05 | 07
#1428-d145 @A: 05 03 32 02 | 05
#1429-d145 @A: 06 11 05 29 | 02
#1430-d145 @A: 26 25 05 11 | 11
#1431-d145 @A: 29 26 05 19 | 12
#1432-d145 @A: 14 21 16 12 | 04
#1433-d145 @A: 28 23 16 14 | 03
#1434-d145 @A: 14 35 21 09 | 06
#1435-d145 @A: 14 08 21 07 | 10
#1436-d145 @A: 04 07 14 23 | 08
#1437-d145 @A: 34 30 04 14 | 01
#1438-d145 @A: 22 14 06 04 | 09
#1439-d145 @A: 27 17 14 12 | 07
#1440-d145 @A: 32 35 14 02 | 05
#1441-d145 @A: 35 14 33 01 | 02
#1442-d145 @A: 11 35 28 14 | 11
#1443-d145 @A: 07 31 14 10 | 12
#1444-d145 @A: 14 07 34 17 | 04
#1445-d145 @A: 06 08 14 26 | 03
#1446-d145 @A: 06 25 24 14 | 06
#1447-d145 @A: 18 14 34 20 | 10
#1448-d145 @A: 14 09 11 32 | 08
#1449-d145 @A: 16 18 15 21 | 01
#1450-d145 @A: 16 19 10 15 | 09
#1451-d145 @A: 04 21 23 15 | 07
#1452-d145 @A: 21 32 01 15 | 05
#1453-d145 @A: 34 35 10 15 | 02
#1454-d145 @A: 20 15 28 31 | 11
#1455-d145 @A: 25 17 33 15 | 12
#1456-d145 @A: 26 15 30 07 | 04
#1457-d145 @A: 15 08 33 11 | 03
#1458-d145 @A: 30 03 15 28 | 06
#1459-d145 @A: 24 12 01 15 | 10
#1460-d145 @A: 18 12 19 15 | 08
#1461-d145 @A: 11 29 24 15 | 01
#1462-d145 @A: 16 21 09 26 | 09
#1463-d145 @A: 19 16 22 35 | 07
#1464-d145 @A: 16 31 18 06 | 05
#1465-d145 @A: 20 16 28 17 | 02
#1466-d145 @A: 30 18 26 16 | 11
#1467-d145 @A: 16 11 30 19 | 12
#1468-d145 @A: 10 01 20 16 | 04
#1469-d145 @A: 12 19 16 26 | 03
#1470-d145 @A: 04 29 21 08 | 06
#1471-d145 @A: 22 21 30 32 | 10
#1472-d145 @A: 23 33 21 30 | 08
#1473-d145 @A: 28 26 30 21 | 01
#1474-d145 @A: 33 19 02 21 | 09
#1475-d145 @A: 21 06 01 02 | 07
#1476-d145 @A: 21 02 12 25 | 05
#1477-d145 @A: 06 21 29 19 | 02
#1478-d145 @A: 01 25 29 21 | 11
#1479-d145 @A: 25 26 21 34 | 12
#1480-d145 @A: 34 24 21 10 | 04
#1481-d145 @A: 21 03 12 11 | 03
#1482-d145 @A: 10 02 27 04 | 06
#1483-d145 @A: 29 33 27 04 | 10
#1484-d145 @A: 04 11 33 31 | 08
#1485-d145 @A: 34 04 22 07 | 01
#1486-d145 @A: 02 32 04 28 | 09
#1487-d145 @A: 24 03 04 06 | 07
#1488-d145 @A: 10 34 04 20 | 05
#1489-d145 @A: 34 29 19 04 | 02
#1490-d145 @A: 19 11 26 04 | 11
#1491-d145 @A: 01 27 35 25 | 12
#1492-d145 @A: 32 31 19 27 | 04
#1493-d145 @A: 07 02 27 19 | 03
#1494-d145 @A: 22 11 30 27 | 06
#1495-d145 @A: 29 27 12 06 | 10
#1496-d145 @A: 03 06 27 11 | 08
#1497-d145 @A: 20 01 27 24 | 01
#1498-d145 @A: 29 27 20 18 | 09
#1499-d145 @A: 27 29 24 10 | 07
#1500-d145 @A: 11 24 27 26 | 05
#1501-d145 @A: 08 01 35 22 | 02
#1502-d145 @A: 28 35 20 08 | 11
#1503-d145 @A: 35 09 34 22 | 12
#1504-d145 @A: 29 20 35 23 | 04
#1505-d145 @A: 09 19 35 11 | 03
#1506-d145 @A: 31 22 18 17 | 06
#1507-d145 @A: 31 06 28 07 | 10
#1508-d145 @A: 33 31 20 24 | 08
#1509-d145 @A: 24 31 28 09 | 01
#1510-d145 @A: 09 34 31 25 | 09
#1511-d145 @A: 19 09 31 18 | 07
#1512-d145 @A: 26 24 34 31 | 05
#1513-d145 @A: 17 22 07 26 | 02
#1514-d145 @A: 08 02 34 17 | 11
#1515-d145 @A: 08 17 20 18 | 12
#1516-d145 @A: 29 09 17 03 | 04
#1517-d145 @A: 12 34 02 07 | 03
#1518-d145 @A: 03 22 07 33 | 06
#1519-d145 @A: 06 01 07 09 | 10
#1520-d145 @A: 11 06 32 07 | 08
#1521-d145 @A: 01 32 07 25 | 01
#1522-d145 @A: 07 18 34 19 | 09
#1523-d145 @A: 09 18 24 07 | 07
#1524-d145 @A: 07 11 29 12 | 05
#1525-d145 @A: 28 30 29 08 | 02
#1526-d145 @A: 09 19 25 08 | 11
#1527-d145 @A: 23 01 08 24 | 12
#1528-d145 @A: 19 08 10 32 | 04
#1529-d145 @A: 06 22 30 02 | 03
#1530-d145 @A: 22 09 30 19 | 06
#1531-d145 @A: 12 33 10 30 | 10
#1532-d145 @A: 20 28 10 30 | 08
#1533-d145 @A: 06 25 01 30 | 01
#1534-d145 @A: 30 18 03 06 | 09
#1535-d145 @A: 01 30 18 19 | 07
#1536-d145 @A: 02 03 34 25 | 05
#1537-d145 @A: 01 20 02 23 | 02
#1538-d145 @A: 22 10 20 06 | 11
#1539-d145 @A: 22 24 01 18 | 12
#1540-d145 @A: 06 28 33 29 | 04
#1541-d145 @A: 25 33 12 24 | 03
#1542-d145 @A: 18 20 03 33 | 06
#1543-d145 @A: 34 01 11 33 | 10
#1544-d145 @A: 10 09 34 33 | 08
#1545-d145 @A: 09 28 06 23 | 01
#1546-d145 @A: 28 29 34 03 | 09
#1547-d145 @A: 32 06 01 03 | 07
#1548-d145 @A: 10 32 20 03 | 05
#1549-d145 @A: 28 13 24 05 | 02
#1550-d145 @A: 14 27 04 13 | 11
#1551-d145 @A: 13 35 10 14 | 12
#1552-d145 @A: 14 13 08 17 | 04
#1553-d145 @A: 34 33 13 14 | 03
#1554-d145 @A: 14 19 09 13 | 06
#1555-d145 @A: 26 14 13 03 | 10
#1556-d145 @A: 27 13 22 29 | 08
#1557-d145 @A: 13 27 23 28 | 01
#1558-d145 @A: 17 26 13 35 | 09
#1559-d145 @A: 23 33 17 13 | 07
#1560-d145 @A: 02 26 13 28 | 05
#1561-d145 @A: 10 34 12 13 | 02
#1562-d145 @A: 13 09 11 03 | 11
#1563-d145 @A: 24 14 07 05 | 12
#1564-d145 @A: 25 31 05 15 | 04
#1565-d145 @A: 09 15 05 29 | 03
#1566-d145 @A: 33 10 21 05 | 06
#1567-d145 @A: 04 24 11 05 | 10
#1568-d145 @A: 05 03 17 27 | 08
#1569-d145 @A: 05 08 27 10 | 01
#1570-d145 @A: 05 17 35 25 | 09
#1571-d145 @A: 22 05 28 12 | 07
#1572-d145 @A: 06 05 26 12 | 05
#1573-d145 @A: 20 19 01 05 | 02
#1574-d145 @A: 05 19 24 23 | 11
#1575-d145 @A: 34 18 05 26 | 12
#1576-d145 @A: 15 14 21 24 | 04
#1577-d145 @A: 27 16 14 01 | 03
#1578-d145 @A: 18 16 35 14 | 06
#1579-d145 @A: 14 16 19 07 | 10
#1580-d145 @A: 14 21 19 17 | 08
#1581-d145 @A: 06 21 14 28 | 01
#1582-d145 @A: 14 01 28 04 | 09
#1583-d145 @A: 27 30 02 14 | 07
#1584-d145 @A: 01 14 07 11 | 05
#1585-d145 @A: 10 32 07 14 | 02
#1586-d145 @A: 08 30 10 14 | 11
#1587-d145 @A: 14 03 08 02 | 12
#1588-d145 @A: 19 14 28 30 | 04
#1589-d145 @A: 32 22 14 12 | 03
#1590-d145 @A: 19 29 14 10 | 06
#1591-d145 @A: 14 03 12 10 | 10
#1592-d145 @A: 01 08 15 16 | 08
#1593-d145 @A: 16 22 15 11 | 01
#1594-d145 @A: 21 15 25 07 | 09
#1595-d145 @A: 30 15 34 21 | 07
#1596-d145 @A: 04 34 02 15 | 05
#1597-d145 @A: 04 06 15 33 | 02
#1598-d145 @A: 15 24 19 04 | 11
#1599-d145 @A: 08 15 35 17 | 12
#1600-d145 @A: 07 35 15 18 | 04
#1601-d145 @A: 15 32 12 35 | 03
#1602-d145 @A: 09 15 31 22 | 06
#1603-d145 @A: 15 10 29 31 | 10
#1604-d145 @A: 02 12 29 15 | 08
#1605-d145 @A: 15 24 22 34 | 01
#1606-d145 @A: 15 25 23 32 | 09
#1607-d145 @A: 21 16 11 04 | 07
#1608-d145 @A: 21 10 16 28 | 05
#1609-d145 @A: 16 12 04 17 | 02
#1610-d145 @A: 27 08 16 02 | 11
#1611-d145 @A: 16 20 35 25 | 12
#1612-d145 @A: 08 09 16 07 | 04
#1613-d145 @A: 28 16 03 07 | 03
#1614-d145 @A: 20 16 26 08 | 06
#1615-d145 @A: 25 16 28 30 | 10
#1616-d145 @A: 16 02 06 34 | 08
#1617-d145 @A: 01 11 06 16 | 01
#1618-d145 @A: 06 16 09 19 | 09
#1619-d145 @A: 16 24 29 06 | 07
#1620-d145 @A: 11 09 16 23 | 05
#1621-d145 @A: 04 21 30 24 | 02
#1622-d145 @A: 26 21 27 07 | 11
#1623-d145 @A: 17 20 21 30 | 12
#1624-d145 @A: 11 21 01 24 | 04
#1625-d145 @A: 28 35 04 24 | 03
#1626-d145 @A: 01 10 04 35 | 06
#1627-d145 @A: 08 32 31 04 | 10
#1628-d145 @A: 31 04 28 23 | 08
#1629-d145 @A: 04 08 07 10 | 01
#1630-d145 @A: 02 12 04 11 | 09
#1631-d145 @A: 18 33 04 22 | 07
#1632-d145 @A: 34 18 04 28 | 05
#1633-d145 @A: 20 32 04 29 | 02
#1634-d145 @A: 18 03 04 09 | 11
#1635-d145 @A: 10 18 24 04 | 12
#1636-d145 @A: 04 09 34 12 | 04
#1637-d145 @A: 08 24 35 27 | 03
#1638-d145 @A: 27 33 31 25 | 06
#1639-d145 @A: 31 27 11 28 | 10
#1640-d145 @A: 26 10 31 27 | 08
#1641-d145 @A: 27 08 09 12 | 01
#1642-d145 @A: 27 28 30 12 | 09
#1643-d145 @A: 27 25 24 34 | 07
#1644-d145 @A: 25 35 31 28 | 05
#1645-d145 @A: 35 32 17 19 | 02
#1646-d145 @A: 18 34 11 35 | 11
#1647-d145 @A: 35 24 09 29 | 12
#1648-d145 @A: 11 26 35 29 | 04
#1649-d145 @A: 31 08 29 07 | 03
#1650-d145 @A: 02 32 07 31 | 06
#1651-d145 @A: 31 18 30 28 | 10
#1652-d145 @A: 34 31 20 29 | 08
#1653-d145 @A: 23 24 31 03 | 01
#1654-d145 @A: 32 29 31 01 | 09
#1655-d145 @A: 03 31 10 01 | 07
#1656-d145 @A: 30 07 10 17 | 05
#1657-d145 @A: 17 23 02 30 | 02
#1658-d145 @A: 34 17 22 30 | 11
#1659-d145 @A: 17 02 01 22 | 12
#1660-d145 @A: 06 29 17 34 | 04
#1661-d145 @A: 19 17 09 23 | 03
#1662-d145 @A: 23 03 17 26 | 06
#1663-d145 @A: 32 07 30 19 | 10
#1664-d145 @A: 20 09 22 07 | 08
#1665-d145 @A: 03 06 07 26 | 01
#1666-d145 @A: 29 07 26 25 | 09
#1667-d145 @A: 33 23 08 32 | 07
#1668-d145 @A: 34 08 10 06 | 05
#1669-d145 @A: 08 03 25 26 | 02
#1670-d145 @A: 19 08 10 23 | 11
#1671-d145 @A: 12 19 08 29 | 12
#1672-d145 @A: 23 30 20 24 | 04
#1673-d145 @A: 30 20 09 34 | 03
#1674-d145 @A: 34 03 30 26 | 06
#1675-d145 @A: 11 25 24 02 | 10
#1676-d145 @A: 20 19 02 09 | 08
#1677-d145 @A: 09 02 10 23 | 01
#1678-d145 @A: 22 11 06 28 | 09
#1679-d145 @A: 18 34 22 29 | 07
#1680-d145 @A: 10 22 26 12 | 05
#1681-d145 @A: 20 29 26 33 | 02
#1682-d145 @A: 10 01 33 32 | 11
#1683-d145 @A: 33 32 12 03 | 12
#1684-d145 @A: 06 01 28 19 | 04
#1685-d145 @A: 12 26 28 25 | 03
#1686-d145 @A: 11 34 28 10 | 06
#1687-d145 @A: 24 11 03 28 | 10
#1688-d145 @A: 32 23 19 06 | 08
#1689-d145 @A: 32 11 34 24 | 01
