#0001-d196 @A: 20 19 23 17 | 12
#0002-d196 @A: 17 19 14 12 | 02
#0003-d196 @A: 09 07 12 17 | 10
#0004-d196 @A: 02 20 10 17 | 03
#0005-d196 @A: 17 32 14 03 | 08
#0006-d196 @A: 23 17 16 22 | 06
#0007-d196 @A: 22 20 17 21 | 07
#0008-d196 @A: 29 28 23 17 | 04
#0009-d196 @A: 04 14 08 17 | 01
#0010-d196 @A: 31 15 23 17 | 09
#0011-d196 @A: 23 11 05 17 | 11
#0012-d196 @A: 01 17 24 08 | 05
#0013-d196 @A: 17 20 24 18 | 12
#0014-d196 @A: 08 12 17 02 | 02
#0015-d196 @A: 30 20 17 11 | 10
#0016-d196 @A: 19 34 15 09 | 03
#0017-d196 @A: 29 28 10 19 | 08
#0018-d196 @A: 13 19 04 10 | 06
#0019-d196 @A: 26 04 06 19 | 07
#0020-d196 @A: 14 19 04 33 | 04
#0021-d196 @A: 31 25 16 19 | 01
#0022-d196 @A: 13 20 19 25 | 09
#0023-d196 @A: 25 19 06 27 | 11
#0024-d196 @A: 05 23 19 24 | 05
#0025-d196 @A: 30 19 18 05 | 12
#0026-d196 @A: 21 19 26 12 | 02
#0027-d196 @A: 11 02 19 26 | 10
#0028-d196 @A: 07 08 19 02 | 03
#0029-d196 @A: 35 19 15 14 | 08
#0030-d196 @A: 11 08 19 13 | 06
#0031-d196 @A: 16 21 19 01 | 07
#0032-d196 @A: 35 06 01 19 | 04
#0033-d196 @A: 19 35 16 12 | 01
#0034-d196 @A: 06 16 19 30 | 09
#0035-d196 @A: 19 34 28 33 | 11
#0036-d196 @A: 25 09 11 22 | 05
#0037-d196 @A: 21 22 09 18 | 12
#0038-d196 @A: 09 29 35 14 | 02
#0039-d196 @A: 04 20 09 14 | 10
#0040-d196 @A: 01 09 04 34 | 03
#0041-d196 @A: 05 25 28 09 | 08
#0042-d196 @A: 20 09 15 25 | 06
#0043-d196 @A: 14 07 03 09 | 07
#0044-d196 @A: 35 03 15 09 | 04
#0045-d196 @A: 28 09 20 02 | 01
#0046-d196 @A: 30 09 27 12 | 09
#0047-d196 @A: 18 09 06 30 | 11
#0048-d196 @A: 32 06 10 03 | 05
#0049-d196 @A: 29 10 26 11 | 12
#0050-d196 @A: 10 29 21 01 | 02
#0051-d196 @A: 03 04 10 21 | 10
#0052-d196 @A: 04 10 14 28 | 03
#0053-d196 @A: 25 33 05 10 | 08
#0054-d196 @A: 10 07 23 08 | 06
#0055-d196 @A: 10 24 14 23 | 07
#0056-d196 @A: 07 15 26 10 | 04
#0057-d196 @A: 21 10 27 26 | 01
#0058-d196 @A: 26 10 16 33 | 09
#0059-d196 @A: 07 14 18 10 | 11
#0060-d196 @A: 06 28 16 10 | 05
#0061-d196 @A: 10 35 24 18 | 12
#0062-d196 @A: 12 10 30 35 | 02
#0063-d196 @A: 21 22 32 16 | 10
#0064-d196 @A: 22 11 32 28 | 03
#0065-d196 @A: 29 23 16 32 | 08
#0066-d196 @A: 04 32 31 28 | 06
#0067-d196 @A: 32 05 26 11 | 07
#0068-d196 @A: 33 28 07 32 | 04
#0069-d196 @A: 13 11 14 32 | 01
#0070-d196 @A: 08 32 34 16 | 09
#0071-d196 @A: 16 18 32 33 | 11
#0072-d196 @A: 34 27 32 24 | 05
#0073-d196 @A: 29 07 22 12 | 12
#0074-d196 @A: 22 25 04 24 | 02
#0075-d196 @A: 11 31 04 22 | 10
#0076-d196 @A: 23 22 07 11 | 03
#0077-d196 @A: 22 06 31 15 | 08
#0078-d196 @A: 33 14 02 22 | 06
#0079-d196 @A: 16 22 08 11 | 07
#0080-d196 @A: 28 04 29 02 | 04
#0081-d196 @A: 20 31 29 25 | 01
#0082-d196 @A: 26 29 23 02 | 09
#0083-d196 @A: 08 06 31 29 | 11
#0084-d196 @A: 21 29 02 12 | 05
#0085-d196 @A: 33 28 29 16 | 12
#0086-d196 @A: 24 33 29 03 | 02
#0087-d196 @A: 02 29 33 08 | 10
#0088-d196 @A: 33 18 11 29 | 03
#0089-d196 @A: 20 29 27 33 | 08
#0090-d196 @A: 33 06 12 29 | 06
#0091-d196 @A: 11 06 03 29 | 07
#0092-d196 @A: 04 23 07 26 | 04
#0093-d196 @A: 14 04 16 31 | 01
#0094-d196 @A: 04 05 24 07 | 09
#0095-d196 @A: 15 04 21 34 | 11
#0096-d196 @A: 33 15 35 04 | 05
#0097-d196 @A: 04 12 21 11 | 12
#0098-d196 @A: 18 06 08 04 | 02
#0099-d196 @A: 18 04 34 02 | 10
#0100-d196 @A: 26 23 25 06 | 03
#0101-d196 @A: 25 05 03 31 | 08
#0102-d196 @A: 35 31 24 25 | 06
#0103-d196 @A: 25 03 02 31 | 07
#0104-d196 @A: 15 03 25 26 | 04
#0105-d196 @A: 25 33 13 14 | 01
#0106-d196 @A: 08 16 25 13 | 09
#0107-d196 @A: 11 01 25 30 | 11
#0108-d196 @A: 24 16 25 02 | 05
#0109-d196 @A: 27 08 12 25 | 12
#0110-d196 @A: 21 18 23 31 | 02
#0111-d196 @A: 07 05 23 35 | 10
#0112-d196 @A: 23 26 14 35 | 03
#0113-d196 @A: 07 23 34 21 | 08
#0114-d196 @A: 13 23 34 30 | 06
#0115-d196 @A: 23 01 02 34 | 07
#0116-d196 @A: 23 24 11 35 | 04
#0117-d196 @A: 35 23 06 18 | 01
#0118-d196 @A: 31 26 15 34 | 09
#0119-d196 @A: 31 16 20 03 | 11
#0120-d196 @A: 31 06 28 24 | 05
#0121-d196 @A: 06 35 13 05 | 12
#0122-d196 @A: 05 02 21 24 | 02
#0123-d196 @A: 34 05 14 02 | 10
#0124-d196 @A: 18 05 28 01 | 03
#0125-d196 @A: 08 30 26 18 | 08
#0126-d196 @A: 16 35 01 07 | 06
#0127-d196 @A: 35 24 28 07 | 07
#0128-d196 @A: 07 02 33 30 | 04
#0129-d196 @A: 11 15 21 18 | 01
#0130-d196 @A: 15 11 12 30 | 09
#0131-d196 @A: 13 33 08 24 | 11
#0132-d196 @A: 03 34 13 28 | 05
#0133-d196 @A: 21 30 14 11 | 12
#0134-d196 @A: 21 30 01 33 | 02
#0135-d196 @A: 03 18 21 01 | 10
#0136-d196 @A: 12 28 33 21 | 03
#0137-d196 @A: 30 16 28 14 | 08
#0138-d196 @A: 30 24 14 20 | 06
#0139-d196 @A: 27 20 08 14 | 07
#0140-d196 @A: 18 02 35 01 | 04
#0141-d196 @A: 18 02 06 24 | 01
#0142-d196 @A: 03 30 35 02 | 09
#0143-d196 @A: 11 33 02 12 | 11
#0144-d196 @A: 17 19 29 16 | 05
#0145-d196 @A: 08 09 22 17 | 12
#0146-d196 @A: 33 10 14 17 | 02
#0147-d196 @A: 29 17 30 21 | 10
#0148-d196 @A: 03 04 17 25 | 03
#0149-d196 @A: 21 17 25 14 | 08
#0150-d196 @A: 07 18 23 17 | 06
#0151-d196 @A: 31 02 14 17 | 07
#0152-d196 @A: 18 17 05 33 | 04
#0153-d196 @A: 17 26 18 14 | 01
#0154-d196 @A: 15 17 12 33 | 09
#0155-d196 @A: 33 17 34 01 | 11
#0156-d196 @A: 17 33 34 02 | 05
#0157-d196 @A: 23 11 19 09 | 12
#0158-d196 @A: 10 19 26 22 | 02
#0159-d196 @A: 10 19 25 08 | 10
#0160-d196 @A: 35 10 19 05 | 03
#0161-d196 @A: 19 31 32 35 | 08
#0162-d196 @A: 22 19 27 04 | 06
#0163-d196 @A: 18 19 12 22 | 07
#0164-d196 @A: 23 01 19 29 | 04
#0165-d196 @A: 23 19 30 04 | 01
#0166-d196 @A: 33 19 26 25 | 09
#0167-d196 @A: 19 12 31 23 | 11
#0168-d196 @A: 19 03 34 01 | 05
#0169-d196 @A: 28 19 02 35 | 12
#0170-d196 @A: 09 02 23 10 | 02
#0171-d196 @A: 09 05 10 20 | 10
#0172-d196 @A: 13 09 35 10 | 03
#0173-d196 @A: 09 32 15 24 | 08
#0174-d196 @A: 26 09 22 05 | 06
#0175-d196 @A: 31 04 30 09 | 07
#0176-d196 @A: 05 13 04 09 | 04
#0177-d196 @A: 09 26 04 24 | 01
#0178-d196 @A: 12 09 25 13 | 09
#0179-d196 @A: 23 01 21 09 | 11
#0180-d196 @A: 28 07 31 09 | 05
#0181-d196 @A: 14 11 31 09 | 12
#0182-d196 @A: 09 26 15 18 | 02
#0183-d196 @A: 14 13 16 09 | 10
#0184-d196 @A: 24 16 03 09 | 03
#0185-d196 @A: 08 09 06 12 | 08
#0186-d196 @A: 03 09 18 34 | 06
#0187-d196 @A: 20 03 09 06 | 07
#0188-d196 @A: 16 32 10 11 | 04
#0189-d196 @A: 29 10 33 23 | 01
#0190-d196 @A: 14 11 25 10 | 09
#0191-d196 @A: 10 33 06 31 | 11
#0192-d196 @A: 27 05 15 10 | 05
#0193-d196 @A: 33 07 10 13 | 12
#0194-d196 @A: 10 07 16 12 | 02
#0195-d196 @A: 02 12 07 10 | 10
#0196-d196 @A: 10 12 01 15 | 03
#0197-d196 @A: 20 08 01 10 | 08
#0198-d196 @A: 16 20 24 10 | 06
#0199-d196 @A: 31 22 32 08 | 07
#0200-d196 @A: 26 32 22 12 | 04
#0201-d196 @A: 33 13 04 32 | 01
#0202-d196 @A: 32 16 24 25 | 09
#0203-d196 @A: 03 26 21 32 | 11
#0204-d196 @A: 03 32 33 15 | 05
#0205-d196 @A: 32 18 24 08 | 12
#0206-d196 @A: 24 11 12 32 | 02
#0207-d196 @A: 03 12 32 34 | 10
#0208-d196 @A: 18 27 32 28 | 03
#0209-d196 @A: 22 04 07 33 | 08
#0210-d196 @A: 21 22 25 30 | 06
#0211-d196 @A: 27 23 26 22 | 07
#0212-d196 @A: 30 22 26 31 | 04
#0213-d196 @A: 05 06 22 08 | 01
#0214-d196 @A: 24 28 22 18 | 09
#0215-d196 @A: 06 22 20 30 | 11
#0216-d196 @A: 30 04 05 29 | 05
#0217-d196 @A: 28 26 29 25 | 12
#0218-d196 @A: 11 29 25 08 | 02
#0219-d196 @A: 24 29 01 05 | 10
#0220-d196 @A: 13 18 07 29 | 03
#0221-d196 @A: 02 11 29 18 | 08
#0222-d196 @A: 04 25 12 26 | 06
#0223-d196 @A: 16 04 26 20 | 07
#0224-d196 @A: 04 13 08 21 | 04
#0225-d196 @A: 04 16 13 02 | 01
#0226-d196 @A: 11 16 01 04 | 09
#0227-d196 @A: 35 06 04 30 | 11
#0228-d196 @A: 04 27 33 02 | 05
#0229-d196 @A: 28 04 34 11 | 12
#0230-d196 @A: 05 07 16 25 | 02
#0231-d196 @A: 25 14 24 26 | 10
#0232-d196 @A: 35 03 25 08 | 03
#0233-d196 @A: 03 30 34 25 | 08
#0234-d196 @A: 31 23 27 05 | 06
#0235-d196 @A: 03 23 01 07 | 07
#0236-d196 @A: 14 18 23 13 | 04
#0237-d196 @A: 11 23 12 14 | 01
#0238-d196 @A: 24 03 23 28 | 09
#0239-d196 @A: 35 08 23 30 | 11
#0240-d196 @A: 23 20 11 08 | 05
#0241-d196 @A: 35 20 23 02 | 12
#0242-d196 @A: 28 23 34 12 | 02
#0243-d196 @A: 30 23 12 02 | 10
#0244-d196 @A: 03 31 21 28 | 03
#0245-d196 @A: 28 16 01 31 | 08
#0246-d196 @A: 34 31 20 01 | 06
#0247-d196 @A: 06 31 27 30 | 07
#0248-d196 @A: 05 03 21 20 | 04
#0249-d196 @A: 35 02 05 16 | 01
#0250-d196 @A: 05 02 11 28 | 09
#0251-d196 @A: 26 12 28 15 | 11
#0252-d196 @A: 14 12 13 26 | 05
#0253-d196 @A: 26 35 08 12 | 12
#0254-d196 @A: 26 28 34 30 | 02
#0255-d196 @A: 35 14 13 07 | 10
#0256-d196 @A: 01 07 28 12 | 03
#0257-d196 @A: 33 07 24 16 | 08
#0258-d196 @A: 07 02 35 24 | 06
#0259-d196 @A: 30 07 18 24 | 07
#0260-d196 @A: 03 07 33 35 | 04
#0261-d196 @A: 27 06 07 33 | 01
#0262-d196 @A: 15 21 24 13 | 09
#0263-d196 @A: 16 35 11 15 | 11
#0264-d196 @A: 02 24 15 03 | 05
#0265-d196 @A: 15 06 24 30 | 12
#0266-d196 @A: 02 13 33 21 | 02
#0267-d196 @A: 27 28 13 21 | 10
#0268-d196 @A: 14 27 13 01 | 03
#0269-d196 @A: 16 02 21 01 | 08
#0270-d196 @A: 30 12 16 21 | 06
#0271-d196 @A: 20 28 24 21 | 07
#0272-d196 @A: 12 34 21 18 | 04
#0273-d196 @A: 14 01 28 06 | 01
#0274-d196 @A: 11 14 16 33 | 09
#0275-d196 @A: 18 14 24 03 | 11
#0276-d196 @A: 18 14 12 27 | 05
#0277-d196 @A: 28 24 08 02 | 12
#0278-d196 @A: 19 21 17 18 | 02
#0279-d196 @A: 16 02 17 19 | 10
#0280-d196 @A: 34 09 17 21 | 03
#0281-d196 @A: 09 11 03 17 | 08
#0282-d196 @A: 18 17 28 09 | 06
#0283-d196 @A: 10 25 18 17 | 07
#0284-d196 @A: 32 17 30 23 | 04
#0285-d196 @A: 33 32 17 11 | 01
#0286-d196 @A: 24 17 22 03 | 09
#0287-d196 @A: 04 33 06 17 | 11
#0288-d196 @A: 07 24 17 25 | 05
#0289-d196 @A: 23 17 34 14 | 12
#0290-d196 @A: 08 23 03 17 | 02
#0291-d196 @A: 13 31 27 17 | 10
#0292-d196 @A: 31 12 17 18 | 03
#0293-d196 @A: 05 35 34 17 | 08
#0294-d196 @A: 20 26 15 17 | 06
#0295-d196 @A: 17 35 30 01 | 07
#0296-d196 @A: 08 27 30 17 | 04
#0297-d196 @A: 32 19 16 09 | 01
#0298-d196 @A: 19 02 12 09 | 09
#0299-d196 @A: 19 10 21 30 | 11
#0300-d196 @A: 19 03 32 22 | 05
#0301-d196 @A: 07 19 22 01 | 12
#0302-d196 @A: 26 13 34 19 | 02
#0303-d196 @A: 26 14 19 28 | 10
#0304-d196 @A: 08 19 07 14 | 03
#0305-d196 @A: 24 01 19 12 | 08
#0306-d196 @A: 16 19 33 20 | 06
#0307-d196 @A: 19 27 11 24 | 07
#0308-d196 @A: 18 19 33 35 | 04
#0309-d196 @A: 30 11 03 19 | 01
#0310-d196 @A: 07 32 09 10 | 09
#0311-d196 @A: 28 32 09 29 | 11
#0312-d196 @A: 32 25 33 09 | 05
#0313-d196 @A: 33 23 09 22 | 12
#0314-d196 @A: 22 31 03 09 | 02
#0315-d196 @A: 23 12 09 04 | 10
#0316-d196 @A: 09 03 27 04 | 03
#0317-d196 @A: 23 31 08 09 | 08
#0318-d196 @A: 24 09 23 07 | 06
#0319-d196 @A: 31 09 35 16 | 07
#0320-d196 @A: 06 33 16 09 | 04
#0321-d196 @A: 32 10 08 15 | 01
#0322-d196 @A: 23 22 10 18 | 09
#0323-d196 @A: 31 10 35 04 | 11
#0324-d196 @A: 04 01 33 10 | 05
#0325-d196 @A: 25 34 10 06 | 12
#0326-d196 @A: 23 11 13 10 | 02
#0327-d196 @A: 05 02 08 10 | 10
#0328-d196 @A: 26 10 13 18 | 03
#0329-d196 @A: 33 15 21 10 | 08
#0330-d196 @A: 10 14 16 15 | 06
#0331-d196 @A: 34 12 13 10 | 07
#0332-d196 @A: 10 14 35 08 | 04
#0333-d196 @A: 10 33 03 30 | 01
#0334-d196 @A: 32 02 34 29 | 09
#0335-d196 @A: 04 25 08 32 | 11
#0336-d196 @A: 32 05 31 20 | 05
#0337-d196 @A: 32 31 15 11 | 12
#0338-d196 @A: 31 24 32 14 | 02
#0339-d196 @A: 02 31 32 28 | 10
#0340-d196 @A: 32 02 14 35 | 03
#0341-d196 @A: 11 32 03 01 | 08
#0342-d196 @A: 32 33 20 35 | 06
#0343-d196 @A: 25 29 22 33 | 07
#0344-d196 @A: 25 22 18 16 | 04
#0345-d196 @A: 05 11 22 14 | 01
#0346-d196 @A: 22 26 08 28 | 09
#0347-d196 @A: 02 22 07 13 | 11
#0348-d196 @A: 15 16 30 22 | 05
#0349-d196 @A: 35 22 24 13 | 12
#0350-d196 @A: 16 22 01 33 | 02
#0351-d196 @A: 22 06 16 24 | 10
#0352-d196 @A: 27 08 22 24 | 03
#0353-d196 @A: 28 33 03 22 | 08
#0354-d196 @A: 22 02 03 12 | 06
#0355-d196 @A: 31 29 12 04 | 07
#0356-d196 @A: 27 25 29 13 | 04
#0357-d196 @A: 23 05 12 29 | 01
#0358-d196 @A: 14 23 29 08 | 09
#0359-d196 @A: 07 11 29 21 | 11
#0360-d196 @A: 29 21 13 33 | 05
#0361-d196 @A: 16 12 11 29 | 12
#0362-d196 @A: 12 35 34 29 | 02
#0363-d196 @A: 30 34 29 11 | 10
#0364-d196 @A: 07 04 25 01 | 03
#0365-d196 @A: 04 25 16 35 | 08
#0366-d196 @A: 33 23 05 04 | 06
#0367-d196 @A: 23 04 14 27 | 07
#0368-d196 @A: 23 08 04 34 | 04
#0369-d196 @A: 02 26 21 04 | 01
#0370-d196 @A: 26 30 04 11 | 09
#0371-d196 @A: 07 04 27 13 | 11
#0372-d196 @A: 04 15 02 20 | 05
#0373-d196 @A: 11 04 06 24 | 12
#0374-d196 @A: 35 04 03 18 | 02
#0375-d196 @A: 31 21 11 25 | 10
#0376-d196 @A: 26 25 30 05 | 03
#0377-d196 @A: 35 05 14 25 | 08
#0378-d196 @A: 25 30 14 15 | 06
#0379-d196 @A: 25 13 21 01 | 07
#0380-d196 @A: 01 27 16 25 | 04
#0381-d196 @A: 24 01 18 25 | 01
#0382-d196 @A: 25 11 06 16 | 09
#0383-d196 @A: 06 03 24 25 | 11
#0384-d196 @A: 25 30 20 35 | 05
#0385-d196 @A: 15 26 30 23 | 12
#0386-d196 @A: 08 26 23 16 | 02
#0387-d196 @A: 23 14 03 15 | 10
#0388-d196 @A: 23 08 24 06 | 03
#0389-d196 @A: 23 03 35 34 | 08
#0390-d196 @A: 23 34 06 33 | 06
#0391-d196 @A: 23 12 06 30 | 07
#0392-d196 @A: 20 33 31 28 | 04
#0393-d196 @A: 30 34 12 31 | 01
#0394-d196 @A: 05 33 21 07 | 09
#0395-d196 @A: 02 05 03 07 | 11
#0396-d196 @A: 14 24 05 15 | 05
#0397-d196 @A: 28 03 14 05 | 12
#0398-d196 @A: 01 05 02 27 | 02
#0399-d196 @A: 24 16 35 05 | 10
#0400-d196 @A: 12 05 16 08 | 03
#0401-d196 @A: 05 28 12 24 | 08
#0402-d196 @A: 12 35 03 05 | 06
#0403-d196 @A: 33 05 06 28 | 07
#0404-d196 @A: 15 21 06 26 | 04
#0405-d196 @A: 11 01 20 26 | 01
#0406-d196 @A: 18 16 26 28 | 09
#0407-d196 @A: 11 26 08 24 | 11
#0408-d196 @A: 30 26 03 20 | 05
#0409-d196 @A: 15 34 07 03 | 12
#0410-d196 @A: 07 24 14 06 | 02
#0411-d196 @A: 01 34 07 30 | 10
#0412-d196 @A: 01 07 20 06 | 03
#0413-d196 @A: 03 07 18 16 | 08
#0414-d196 @A: 13 24 06 01 | 06
#0415-d196 @A: 01 13 08 30 | 07
#0416-d196 @A: 03 16 33 13 | 04
#0417-d196 @A: 18 08 13 02 | 01
#0418-d196 @A: 33 12 35 13 | 09
#0419-d196 @A: 03 08 30 21 | 11
#0420-d196 @A: 34 20 02 21 | 05
#0421-d196 @A: 28 33 18 14 | 12
#0422-d196 @A: 12 01 18 02 | 02
#0423-d196 @A: 06 20 02 12 | 10
#0424-d196 @A: 34 19 10 17 | 03
#0425-d196 @A: 17 09 18 02 | 08
#0426-d196 @A: 16 32 17 31 | 06
#0427-d196 @A: 17 07 32 08 | 07
#0428-d196 @A: 13 29 17 22 | 04
#0429-d196 @A: 22 05 17 01 | 01
#0430-d196 @A: 23 04 17 01 | 09
#0431-d196 @A: 17 25 05 13 | 11
#0432-d196 @A: 30 12 17 25 | 05
#0433-d196 @A: 15 06 17 05 | 12
#0434-d196 @A: 17 16 21 05 | 02
#0435-d196 @A: 17 21 26 33 | 10
#0436-d196 @A: 17 12 03 26 | 03
#0437-d196 @A: 15 27 07 17 | 08
#0438-d196 @A: 11 07 14 17 | 06
#0439-d196 @A: 01 02 07 17 | 07
#0440-d196 @A: 17 08 16 18 | 04
#0441-d196 @A: 27 16 17 20 | 01
#0442-d196 @A: 27 06 17 24 | 09
#0443-d196 @A: 08 17 34 11 | 11
#0444-d196 @A: 19 10 03 07 | 05
#0445-d196 @A: 19 32 05 08 | 12
#0446-d196 @A: 32 19 26 27 | 02
#0447-d196 @A: 32 19 20 14 | 10
#0448-d196 @A: 05 29 25 19 | 03
#0449-d196 @A: 04 19 28 35 | 08
#0450-d196 @A: 19 25 23 35 | 06
#0451-d196 @A: 31 24 19 02 | 07
#0452-d196 @A: 05 07 34 19 | 04
#0453-d196 @A: 21 19 05 14 | 01
#0454-d196 @A: 19 16 03 05 | 09
#0455-d196 @A: 19 07 15 30 | 11
#0456-d196 @A: 15 02 19 18 | 05
#0457-d196 @A: 21 13 19 35 | 12
#0458-d196 @A: 30 24 34 19 | 02
#0459-d196 @A: 08 19 34 35 | 10
#0460-d196 @A: 03 08 19 12 | 03
#0461-d196 @A: 33 10 09 28 | 08
#0462-d196 @A: 31 32 09 27 | 06
#0463-d196 @A: 06 09 13 32 | 07
#0464-d196 @A: 01 18 32 09 | 04
#0465-d196 @A: 09 22 15 27 | 01
#0466-d196 @A: 12 09 26 29 | 09
#0467-d196 @A: 18 04 09 25 | 11
#0468-d196 @A: 09 25 07 30 | 05
#0469-d196 @A: 05 34 09 31 | 12
#0470-d196 @A: 26 28 09 01 | 02
#0471-d196 @A: 09 14 07 02 | 10
#0472-d196 @A: 12 14 24 09 | 03
#0473-d196 @A: 03 09 01 08 | 08
#0474-d196 @A: 09 16 27 11 | 06
#0475-d196 @A: 33 08 27 09 | 07
#0476-d196 @A: 02 08 09 34 | 04
#0477-d196 @A: 10 13 32 27 | 01
#0478-d196 @A: 21 11 10 22 | 09
#0479-d196 @A: 25 10 29 04 | 11
#0480-d196 @A: 13 10 29 02 | 05
#0481-d196 @A: 07 06 10 04 | 12
#0482-d196 @A: 01 10 25 23 | 02
#0483-d196 @A: 20 25 07 10 | 10
#0484-d196 @A: 23 35 21 10 | 03
#0485-d196 @A: 28 26 10 20 | 08
#0486-d196 @A: 13 06 10 21 | 06
#0487-d196 @A: 34 03 10 02 | 07
#0488-d196 @A: 27 10 20 12 | 04
#0489-d196 @A: 10 27 03 18 | 01
#0490-d196 @A: 04 32 22 20 | 09
#0491-d196 @A: 32 05 22 15 | 11
#0492-d196 @A: 29 26 08 32 | 05
#0493-d196 @A: 20 11 29 32 | 12
#0494-d196 @A: 11 25 32 23 | 02
#0495-d196 @A: 32 05 28 23 | 10
#0496-d196 @A: 18 31 13 32 | 03
#0497-d196 @A: 32 07 14 16 | 08
#0498-d196 @A: 16 32 15 20 | 06
#0499-d196 @A: 35 16 03 32 | 07
#0500-d196 @A: 32 12 02 30 | 04
#0501-d196 @A: 22 29 05 31 | 01
#0502-d196 @A: 26 29 20 22 | 09
#0503-d196 @A: 29 18 14 22 | 11
#0504-d196 @A: 34 04 26 22 | 05
#0505-d196 @A: 22 18 13 04 | 12
#0506-d196 @A: 25 22 31 13 | 02
#0507-d196 @A: 18 22 31 01 | 10
#0508-d196 @A: 22 12 31 16 | 03
#0509-d196 @A: 34 22 30 35 | 08
#0510-d196 @A: 29 13 04 11 | 06
#0511-d196 @A: 23 35 29 15 | 07
#0512-d196 @A: 29 15 03 31 | 04
#0513-d196 @A: 31 24 18 29 | 01
#0514-d196 @A: 16 05 29 14 | 09
#0515-d196 @A: 26 21 18 29 | 11
#0516-d196 @A: 27 34 29 01 | 05
#0517-d196 @A: 18 01 12 29 | 12
#0518-d196 @A: 30 06 29 01 | 02
#0519-d196 @A: 30 29 24 16 | 10
#0520-d196 @A: 33 35 29 30 | 03
#0521-d196 @A: 05 04 31 08 | 08
#0522-d196 @A: 04 03 31 07 | 06
#0523-d196 @A: 26 14 04 21 | 07
#0524-d196 @A: 01 04 03 26 | 04
#0525-d196 @A: 02 04 06 14 | 01
#0526-d196 @A: 01 18 27 04 | 09
#0527-d196 @A: 30 27 34 04 | 11
#0528-d196 @A: 25 28 23 13 | 05
#0529-d196 @A: 12 25 31 06 | 12
#0530-d196 @A: 26 13 35 25 | 02
#0531-d196 @A: 02 25 35 08 | 10
#0532-d196 @A: 28 35 25 33 | 03
#0533-d196 @A: 20 05 26 23 | 08
#0534-d196 @A: 21 11 26 23 | 06
#0535-d196 @A: 23 26 18 33 | 07
#0536-d196 @A: 23 07 16 27 | 04
#0537-d196 @A: 28 15 01 23 | 01
#0538-d196 @A: 02 23 14 18 | 09
#0539-d196 @A: 24 16 01 23 | 11
#0540-d196 @A: 24 23 34 20 | 05
#0541-d196 @A: 33 03 23 11 | 12
#0542-d196 @A: 31 34 13 07 | 02
#0543-d196 @A: 13 31 02 15 | 10
#0544-d196 @A: 13 21 31 12 | 03
#0545-d196 @A: 31 20 13 30 | 08
#0546-d196 @A: 33 27 01 31 | 06
#0547-d196 @A: 30 16 18 31 | 07
#0548-d196 @A: 27 31 24 20 | 04
#0549-d196 @A: 27 12 31 11 | 01
#0550-d196 @A: 13 05 18 21 | 09
#0551-d196 @A: 11 28 08 05 | 11
#0552-d196 @A: 02 33 05 20 | 05
#0553-d196 @A: 20 05 34 11 | 12
#0554-d196 @A: 03 30 05 06 | 02
#0555-d196 @A: 05 27 02 30 | 10
#0556-d196 @A: 26 15 27 13 | 03
#0557-d196 @A: 26 20 21 13 | 08
#0558-d196 @A: 26 33 20 06 | 06
#0559-d196 @A: 06 30 07 21 | 07
#0560-d196 @A: 27 01 24 07 | 04
#0561-d196 @A: 18 07 01 33 | 01
#0562-d196 @A: 03 24 20 07 | 09
#0563-d196 @A: 18 12 35 07 | 11
#0564-d196 @A: 12 27 16 15 | 05
#0565-d196 @A: 15 11 08 06 | 12
#0566-d196 @A: 20 34 35 15 | 02
#0567-d196 @A: 35 02 15 12 | 10
#0568-d196 @A: 15 27 06 20 | 03
#0569-d196 @A: 01 34 13 35 | 08
#0570-d196 @A: 14 06 21 18 | 06
#0571-d196 @A: 34 21 01 08 | 07
#0572-d196 @A: 11 28 01 21 | 04
#0573-d196 @A: 21 35 16 33 | 01
#0574-d196 @A: 24 03 34 21 | 09
#0575-d196 @A: 35 27 34 21 | 11
#0576-d196 @A: 03 21 11 35 | 05
#0577-d196 @A: 03 02 21 28 | 12
#0578-d196 @A: 21 30 28 18 | 02
#0579-d196 @A: 01 18 30 14 | 10
#0580-d196 @A: 06 08 16 14 | 03
#0581-d196 @A: 35 16 14 18 | 08
#0582-d196 @A: 30 34 14 08 | 06
#0583-d196 @A: 28 14 08 12 | 07
#0584-d196 @A: 27 11 14 35 | 04
#0585-d196 @A: 11 20 06 14 | 01
#0586-d196 @A: 15 03 19 17 | 09
#0587-d196 @A: 17 26 09 31 | 11
#0588-d196 @A: 33 17 13 09 | 05
#0589-d196 @A: 14 17 09 30 | 12
#0590-d196 @A: 34 17 25 29 | 02
#0591-d196 @A: 17 31 01 29 | 10
#0592-d196 @A: 17 29 14 06 | 03
#0593-d196 @A: 28 26 05 17 | 08
#0594-d196 @A: 05 30 07 17 | 06
#0595-d196 @A: 20 17 05 14 | 07
#0596-d196 @A: 17 15 02 21 | 04
#0597-d196 @A: 11 17 21 13 | 01
#0598-d196 @A: 03 02 13 17 | 09
#0599-d196 @A: 18 06 17 01 | 11
#0600-d196 @A: 24 33 17 35 | 05
#0601-d196 @A: 10 27 14 19 | 12
#0602-d196 @A: 01 04 19 32 | 02
#0603-d196 @A: 07 24 19 32 | 10
#0604-d196 @A: 34 04 25 19 | 03
#0605-d196 @A: 18 04 31 19 | 08
#0606-d196 @A: 19 02 34 25 | 06
#0607-d196 @A: 08 27 23 19 | 07
#0608-d196 @A: 24 18 13 19 | 04
#0609-d196 @A: 19 03 28 20 | 01
#0610-d196 @A: 09 24 10 08 | 09
#0611-d196 @A: 09 32 30 22 | 11
#0612-d196 @A: 09 04 32 35 | 05
#0613-d196 @A: 01 09 14 22 | 12
#0614-d196 @A: 23 09 30 03 | 02
#0615-d196 @A: 09 05 14 33 | 10
#0616-d196 @A: 02 09 05 06 | 03
#0617-d196 @A: 26 09 34 14 | 08
#0618-d196 @A: 15 06 09 14 | 06
#0619-d196 @A: 35 09 33 01 | 07
#0620-d196 @A: 09 30 35 24 | 04
#0621-d196 @A: 24 27 28 09 | 01
#0622-d196 @A: 32 33 22 10 | 09
#0623-d196 @A: 10 08 22 29 | 11
#0624-d196 @A: 03 22 14 10 | 05
#0625-d196 @A: 02 22 10 35 | 12
#0626-d196 @A: 35 10 29 07 | 02
#0627-d196 @A: 15 29 10 34 | 10
#0628-d196 @A: 04 10 18 15 | 03
#0629-d196 @A: 16 10 30 25 | 08
#0630-d196 @A: 10 14 31 12 | 06
#0631-d196 @A: 10 28 35 01 | 07
#0632-d196 @A: 01 34 10 11 | 04
#0633-d196 @A: 08 10 06 30 | 01
#0634-d196 @A: 10 30 34 18 | 09
#0635-d196 @A: 18 10 11 06 | 11
#0636-d196 @A: 30 32 31 29 | 05
#0637-d196 @A: 16 32 05 04 | 12
#0638-d196 @A: 27 04 06 32 | 02
#0639-d196 @A: 25 20 26 32 | 10
#0640-d196 @A: 14 25 28 32 | 03
#0641-d196 @A: 32 23 15 18 | 08
#0642-d196 @A: 32 26 18 34 | 06
#0643-d196 @A: 01 07 21 32 | 07
#0644-d196 @A: 02 32 01 13 | 04
#0645-d196 @A: 32 06 11 30 | 01
#0646-d196 @A: 18 12 06 32 | 09
#0647-d196 @A: 04 35 14 22 | 11
#0648-d196 @A: 22 13 23 20 | 05
#0649-d196 @A: 21 22 28 23 | 12
#0650-d196 @A: 23 22 01 08 | 02
#0651-d196 @A: 05 22 13 03 | 10
#0652-d196 @A: 22 18 05 35 | 03
#0653-d196 @A: 26 15 22 33 | 08
#0654-d196 @A: 16 14 26 22 | 06
#0655-d196 @A: 15 22 12 14 | 07
#0656-d196 @A: 22 01 20 03 | 04
#0657-d196 @A: 01 28 22 27 | 01
#0658-d196 @A: 22 27 02 24 | 09
#0659-d196 @A: 28 29 04 07 | 11
#0660-d196 @A: 35 26 29 31 | 05
#0661-d196 @A: 16 29 31 07 | 12
#0662-d196 @A: 26 29 14 03 | 02
#0663-d196 @A: 06 24 34 29 | 10
#0664-d196 @A: 34 18 08 29 | 03
#0665-d196 @A: 11 28 35 29 | 08
#0666-d196 @A: 25 02 04 01 | 06
#0667-d196 @A: 35 05 21 04 | 07
#0668-d196 @A: 12 15 04 13 | 04
#0669-d196 @A: 04 15 24 27 | 01
#0670-d196 @A: 04 24 08 30 | 09
#0671-d196 @A: 03 04 28 08 | 11
#0672-d196 @A: 03 04 06 34 | 05
#0673-d196 @A: 11 04 30 02 | 12
#0674-d196 @A: 08 25 34 05 | 02
#0675-d196 @A: 21 07 25 12 | 10
#0676-d196 @A: 25 02 21 07 | 03
#0677-d196 @A: 14 07 34 25 | 08
#0678-d196 @A: 25 18 35 34 | 06
#0679-d196 @A: 28 25 11 18 | 07
#0680-d196 @A: 02 27 25 20 | 04
#0681-d196 @A: 28 31 23 26 | 01
#0682-d196 @A: 23 30 05 21 | 09
#0683-d196 @A: 05 23 01 14 | 11
#0684-d196 @A: 15 23 12 07 | 05
#0685-d196 @A: 07 28 20 23 | 12
#0686-d196 @A: 23 06 15 13 | 02
#0687-d196 @A: 27 34 23 15 | 10
#0688-d196 @A: 24 12 21 23 | 03
#0689-d196 @A: 23 06 01 11 | 08
#0690-d196 @A: 23 35 28 16 | 06
#0691-d196 @A: 16 23 12 03 | 07
#0692-d196 @A: 02 05 18 31 | 04
#0693-d196 @A: 24 33 26 31 | 01
#0694-d196 @A: 27 28 14 31 | 09
#0695-d196 @A: 18 34 06 31 | 11
#0696-d196 @A: 15 35 26 05 | 05
#0697-d196 @A: 26 33 05 13 | 12
#0698-d196 @A: 05 26 21 08 | 02
#0699-d196 @A: 13 30 12 05 | 10
#0700-d196 @A: 35 01 11 05 | 03
#0701-d196 @A: 30 05 28 35 | 08
#0702-d196 @A: 26 21 35 30 | 06
#0703-d196 @A: 01 16 30 26 | 07
#0704-d196 @A: 01 33 26 12 | 04
#0705-d196 @A: 24 16 26 34 | 01
#0706-d196 @A: 33 26 35 34 | 09
#0707-d196 @A: 27 26 34 11 | 11
#0708-d196 @A: 06 26 27 28 | 05
#0709-d196 @A: 28 07 15 16 | 12
#0710-d196 @A: 18 15 07 06 | 02
#0711-d196 @A: 21 16 13 07 | 10
#0712-d196 @A: 30 08 07 16 | 03
#0713-d196 @A: 07 27 20 18 | 08
#0714-d196 @A: 02 16 15 27 | 06
#0715-d196 @A: 15 28 27 35 | 07
#0716-d196 @A: 15 03 18 28 | 04
#0717-d196 @A: 27 13 12 24 | 01
#0718-d196 @A: 13 35 27 08 | 09
#0719-d196 @A: 20 28 08 13 | 11
#0720-d196 @A: 33 13 30 18 | 05
#0721-d196 @A: 34 06 02 13 | 12
#0722-d196 @A: 13 28 12 02 | 02
#0723-d196 @A: 21 24 08 14 | 10
#0724-d196 @A: 20 21 12 08 | 03
#0725-d196 @A: 35 20 18 21 | 08
#0726-d196 @A: 21 06 33 03 | 06
#0727-d196 @A: 14 12 06 03 | 07
#0728-d196 @A: 06 16 28 02 | 04
#0729-d196 @A: 11 08 02 20 | 01
#0730-d196 @A: 17 19 06 32 | 09
#0731-d196 @A: 25 19 22 17 | 11
#0732-d196 @A: 07 19 35 17 | 05
#0733-d196 @A: 19 28 17 24 | 12
#0734-d196 @A: 17 22 10 35 | 02
#0735-d196 @A: 11 17 22 26 | 10
#0736-d196 @A: 02 17 22 06 | 03
#0737-d196 @A: 17 30 15 04 | 08
#0738-d196 @A: 17 02 35 04 | 06
#0739-d196 @A: 16 26 25 17 | 07
#0740-d196 @A: 20 25 01 17 | 04
#0741-d196 @A: 31 30 24 17 | 01
#0742-d196 @A: 21 35 15 17 | 09
#0743-d196 @A: 14 13 17 24 | 11
#0744-d196 @A: 17 16 24 12 | 05
#0745-d196 @A: 34 17 12 27 | 12
#0746-d196 @A: 03 30 17 18 | 02
#0747-d196 @A: 19 16 10 23 | 10
#0748-d196 @A: 12 10 19 33 | 03
#0749-d196 @A: 33 05 19 22 | 08
#0750-d196 @A: 29 01 19 02 | 06
#0751-d196 @A: 14 01 19 25 | 07
#0752-d196 @A: 19 28 18 23 | 04
#0753-d196 @A: 15 26 08 19 | 01
#0754-d196 @A: 08 19 16 24 | 09
#0755-d196 @A: 08 14 09 32 | 11
#0756-d196 @A: 11 32 09 34 | 05
#0757-d196 @A: 09 24 22 29 | 12
#0758-d196 @A: 07 34 29 09 | 02
#0759-d196 @A: 18 09 27 29 | 10
#0760-d196 @A: 25 09 26 08 | 03
#0761-d196 @A: 09 23 18 16 | 08
#0762-d196 @A: 15 09 16 05 | 06
#0763-d196 @A: 01 05 09 30 | 07
#0764-d196 @A: 09 26 03 33 | 04
#0765-d196 @A: 30 15 09 33 | 01
#0766-d196 @A: 12 09 34 20 | 09
#0767-d196 @A: 02 27 09 11 | 11
#0768-d196 @A: 23 32 10 04 | 05
#0769-d196 @A: 10 31 01 32 | 12
#0770-d196 @A: 32 26 35 10 | 02
#0771-d196 @A: 31 22 20 10 | 10
#0772-d196 @A: 16 22 05 10 | 03
#0773-d196 @A: 22 10 01 06 | 08
#0774-d196 @A: 21 34 10 05 | 06
#0775-d196 @A: 27 02 21 10 | 07
#0776-d196 @A: 02 24 14 10 | 04
#0777-d196 @A: 10 11 33 35 | 01
#0778-d196 @A: 10 28 03 11 | 09
#0779-d196 @A: 22 29 32 27 | 11
#0780-d196 @A: 04 11 07 32 | 05
#0781-d196 @A: 32 25 21 18 | 12
#0782-d196 @A: 07 02 32 23 | 02
#0783-d196 @A: 21 33 32 31 | 10
#0784-d196 @A: 05 14 32 18 | 03
#0785-d196 @A: 14 33 26 32 | 08
#0786-d196 @A: 14 32 15 27 | 06
#0787-d196 @A: 34 32 01 15 | 07
#0788-d196 @A: 01 30 32 24 | 04
#0789-d196 @A: 23 35 31 22 | 01
#0790-d196 @A: 05 23 34 22 | 09
#0791-d196 @A: 13 11 22 15 | 11
#0792-d196 @A: 33 13 22 27 | 05
#0793-d196 @A: 22 33 12 24 | 12
#0794-d196 @A: 22 06 33 18 | 02
#0795-d196 @A: 22 27 20 34 | 10
#0796-d196 @A: 29 04 08 27 | 03
#0797-d196 @A: 07 23 30 29 | 08
#0798-d196 @A: 26 29 07 01 | 06
#0799-d196 @A: 15 26 29 16 | 07
#0800-d196 @A: 20 23 04 25 | 04
#0801-d196 @A: 11 25 05 04 | 01
#0802-d196 @A: 30 13 25 04 | 09
#0803-d196 @A: 21 23 04 16 | 11
#0804-d196 @A: 27 31 26 04 | 05
#0805-d196 @A: 21 06 31 04 | 12
#0806-d196 @A: 05 01 04 06 | 02
#0807-d196 @A: 16 03 04 30 | 10
#0808-d196 @A: 12 35 24 04 | 03
#0809-d196 @A: 18 04 12 30 | 08
#0810-d196 @A: 02 23 25 28 | 06
#0811-d196 @A: 25 13 05 02 | 07
#0812-d196 @A: 05 21 06 25 | 04
#0813-d196 @A: 07 33 15 25 | 01
#0814-d196 @A: 24 08 25 20 | 09
#0815-d196 @A: 27 25 03 11 | 11
#0816-d196 @A: 03 12 18 25 | 05
#0817-d196 @A: 23 31 20 14 | 12
#0818-d196 @A: 31 23 06 16 | 02
#0819-d196 @A: 23 16 05 13 | 10
#0820-d196 @A: 23 11 16 34 | 03
#0821-d196 @A: 30 16 23 20 | 08
#0822-d196 @A: 08 12 23 18 | 06
#0823-d196 @A: 31 05 15 18 | 07
#0824-d196 @A: 18 07 26 31 | 04
#0825-d196 @A: 26 31 34 02 | 01
#0826-d196 @A: 15 31 24 16 | 09
#0827-d196 @A: 31 08 01 35 | 11
#0828-d196 @A: 08 24 31 34 | 05
#0829-d196 @A: 11 34 35 31 | 12
#0830-d196 @A: 30 03 35 31 | 02
#0831-d196 @A: 13 11 05 24 | 10
#0832-d196 @A: 05 28 20 16 | 03
#0833-d196 @A: 03 11 18 05 | 08
#0834-d196 @A: 03 26 35 28 | 06
#0835-d196 @A: 26 03 06 02 | 07
#0836-d196 @A: 16 02 33 07 | 04
#0837-d196 @A: 07 20 11 16 | 01
#0838-d196 @A: 35 07 08 06 | 09
#0839-d196 @A: 15 03 30 01 | 11
#0840-d196 @A: 33 18 15 27 | 05
#0841-d196 @A: 35 16 30 13 | 12
#0842-d196 @A: 13 08 18 03 | 02
#0843-d196 @A: 27 13 20 03 | 10
#0844-d196 @A: 27 06 13 18 | 03
#0845-d196 @A: 14 33 27 21 | 08
#0846-d196 @A: 16 21 18 27 | 06
#0847-d196 @A: 35 28 21 06 | 07
#0848-d196 @A: 27 14 24 16 | 04
#0849-d196 @A: 33 30 14 12 | 01
#0850-d196 @A: 27 03 14 30 | 09
#0851-d196 @A: 17 06 26 10 | 11
#0852-d196 @A: 17 11 10 15 | 05
#0853-d196 @A: 17 32 22 34 | 12
#0854-d196 @A: 26 32 17 01 | 02
#0855-d196 @A: 33 17 31 22 | 10
#0856-d196 @A: 17 05 29 03 | 03
#0857-d196 @A: 05 17 02 29 | 08
#0858-d196 @A: 33 29 07 17 | 06
#0859-d196 @A: 17 04 27 05 | 07
#0860-d196 @A: 04 07 16 17 | 04
#0861-d196 @A: 17 25 31 28 | 01
#0862-d196 @A: 15 25 17 08 | 09
#0863-d196 @A: 14 15 28 17 | 11
#0864-d196 @A: 11 28 16 17 | 05
#0865-d196 @A: 34 28 20 17 | 12
#0866-d196 @A: 19 26 09 35 | 02
#0867-d196 @A: 30 32 25 19 | 10
#0868-d196 @A: 13 32 28 19 | 03
#0869-d196 @A: 19 11 21 32 | 08
#0870-d196 @A: 15 22 19 23 | 06
#0871-d196 @A: 29 19 08 21 | 07
#0872-d196 @A: 19 14 23 06 | 04
#0873-d196 @A: 19 31 15 01 | 01
#0874-d196 @A: 18 20 26 19 | 09
#0875-d196 @A: 33 13 19 15 | 11
#0876-d196 @A: 19 20 24 15 | 05
#0877-d196 @A: 19 01 28 30 | 12
#0878-d196 @A: 19 11 16 18 | 02
#0879-d196 @A: 33 06 19 24 | 10
#0880-d196 @A: 03 33 19 27 | 03
#0881-d196 @A: 34 12 19 11 | 08
#0882-d196 @A: 15 10 09 23 | 06
#0883-d196 @A: 32 02 09 24 | 07
#0884-d196 @A: 09 04 22 02 | 04
#0885-d196 @A: 16 09 07 22 | 01
#0886-d196 @A: 29 25 09 16 | 09
#0887-d196 @A: 29 03 09 21 | 11
#0888-d196 @A: 15 04 09 07 | 05
#0889-d196 @A: 28 23 14 09 | 12
#0890-d196 @A: 09 15 12 31 | 02
#0891-d196 @A: 31 02 09 01 | 10
#0892-d196 @A: 18 05 09 07 | 03
#0893-d196 @A: 07 09 06 26 | 08
#0894-d196 @A: 13 09 11 26 | 06
#0895-d196 @A: 15 09 28 13 | 07
#0896-d196 @A: 30 02 13 09 | 04
#0897-d196 @A: 01 20 09 24 | 01
#0898-d196 @A: 09 28 34 08 | 09
#0899-d196 @A: 33 09 11 20 | 11
#0900-d196 @A: 02 03 33 09 | 05
#0901-d196 @A: 12 25 10 32 | 12
#0902-d196 @A: 29 10 16 13 | 02
#0903-d196 @A: 30 29 14 10 | 10
#0904-d196 @A: 12 03 10 29 | 03
#0905-d196 @A: 31 04 10 02 | 08
#0906-d196 @A: 10 31 26 25 | 06
#0907-d196 @A: 15 35 10 25 | 07
#0908-d196 @A: 05 06 14 10 | 04
#0909-d196 @A: 11 27 07 10 | 01
#0910-d196 @A: 03 13 15 10 | 09
#0911-d196 @A: 24 34 28 10 | 11
#0912-d196 @A: 27 10 28 08 | 05
#0913-d196 @A: 32 07 22 18 | 12
#0914-d196 @A: 04 30 21 32 | 02
#0915-d196 @A: 23 07 06 32 | 10
#0916-d196 @A: 23 32 12 35 | 03
#0917-d196 @A: 07 12 32 31 | 08
#0918-d196 @A: 21 32 08 35 | 06
#0919-d196 @A: 11 02 21 32 | 07
#0920-d196 @A: 32 08 33 06 | 04
#0921-d196 @A: 18 20 32 30 | 01
#0922-d196 @A: 16 29 04 22 | 09
#0923-d196 @A: 22 02 25 29 | 11
#0924-d196 @A: 15 28 29 22 | 05
#0925-d196 @A: 30 29 22 03 | 12
#0926-d196 @A: 15 08 22 04 | 02
#0927-d196 @A: 22 25 18 02 | 10
#0928-d196 @A: 22 07 24 31 | 03
#0929-d196 @A: 12 05 22 21 | 08
#0930-d196 @A: 35 15 01 22 | 06
#0931-d196 @A: 34 22 33 21 | 07
#0932-d196 @A: 34 11 22 18 | 04
#0933-d196 @A: 11 03 22 12 | 01
#0934-d196 @A: 29 02 31 35 | 09
#0935-d196 @A: 06 05 29 26 | 11
#0936-d196 @A: 33 15 29 05 | 05
#0937-d196 @A: 27 29 05 11 | 12
#0938-d196 @A: 07 27 02 29 | 02
#0939-d196 @A: 16 01 03 29 | 10
#0940-d196 @A: 34 29 03 20 | 03
#0941-d196 @A: 28 29 27 03 | 08
#0942-d196 @A: 06 18 28 29 | 06
#0943-d196 @A: 13 31 04 01 | 07
#0944-d196 @A: 16 06 04 13 | 04
#0945-d196 @A: 20 04 30 01 | 01
#0946-d196 @A: 20 27 35 04 | 09
#0947-d196 @A: 04 03 33 12 | 11
#0948-d196 @A: 27 25 31 15 | 05
#0949-d196 @A: 26 11 25 07 | 12
#0950-d196 @A: 25 07 28 08 | 02
#0951-d196 @A: 21 15 25 16 | 10
#0952-d196 @A: 13 25 34 11 | 03
#0953-d196 @A: 03 25 20 14 | 08
#0954-d196 @A: 25 16 34 20 | 06
#0955-d196 @A: 20 11 12 25 | 07
#0956-d196 @A: 15 23 16 33 | 04
#0957-d196 @A: 23 30 33 24 | 01
#0958-d196 @A: 27 06 23 03 | 09
#0959-d196 @A: 20 12 26 31 | 11
#0960-d196 @A: 08 15 31 07 | 05
#0961-d196 @A: 21 31 07 35 | 12
#0962-d196 @A: 08 18 28 31 | 02
#0963-d196 @A: 28 31 12 35 | 10
#0964-d196 @A: 03 31 18 33 | 03
#0965-d196 @A: 18 31 11 20 | 08
#0966-d196 @A: 14 27 26 05 | 06
#0967-d196 @A: 13 05 08 14 | 07
#0968-d196 @A: 16 34 01 05 | 04
#0969-d196 @A: 33 01 20 05 | 01
#0970-d196 @A: 26 06 18 24 | 09
#0971-d196 @A: 11 35 06 26 | 11
#0972-d196 @A: 15 07 14 21 | 05
#0973-d196 @A: 30 20 33 07 | 12
#0974-d196 @A: 16 15 08 01 | 02
#0975-d196 @A: 01 06 33 15 | 10
#0976-d196 @A: 15 24 28 33 | 03
#0977-d196 @A: 08 12 15 34 | 08
#0978-d196 @A: 30 35 18 15 | 06
#0979-d196 @A: 13 11 18 01 | 07
#0980-d196 @A: 30 11 27 13 | 04
#0981-d196 @A: 01 24 35 21 | 01
#0982-d196 @A: 18 21 24 33 | 09
#0983-d196 @A: 30 27 24 21 | 11
#0984-d196 @A: 34 21 06 11 | 05
#0985-d196 @A: 14 11 08 01 | 12
#0986-d196 @A: 12 14 34 01 | 02
#0987-d196 @A: 12 14 16 20 | 10
#0988-d196 @A: 24 14 35 34 | 03
#0989-d196 @A: 14 27 08 02 | 08
#0990-d196 @A: 14 11 34 03 | 06
#0991-d196 @A: 01 02 06 33 | 07
#0992-d196 @A: 02 34 30 16 | 04
#0993-d196 @A: 11 19 17 04 | 01
#0994-d196 @A: 19 17 08 33 | 09
#0995-d196 @A: 10 09 16 17 | 11
#0996-d196 @A: 29 20 17 10 | 05
#0997-d196 @A: 27 25 32 17 | 12
#0998-d196 @A: 32 26 02 17 | 02
#0999-d196 @A: 17 35 13 32 | 10
#1000-d196 @A: 17 12 08 29 | 03
#1001-d196 @A: 29 35 17 18 | 08
#1002-d196 @A: 04 35 17 26 | 06
#1003-d196 @A: 07 20 31 17 | 07
#1004-d196 @A: 31 11 17 06 | 04
#1005-d196 @A: 15 17 24 34 | 01
#1006-d196 @A: 27 21 17 01 | 09
#1007-d196 @A: 30 02 17 24 | 11
#1008-d196 @A: 19 24 09 25 | 05
#1009-d196 @A: 09 14 19 18 | 12
#1010-d196 @A: 11 20 19 10 | 02
#1011-d196 @A: 25 11 19 15 | 10
#1012-d196 @A: 12 28 19 25 | 03
#1013-d196 @A: 19 26 23 03 | 08
#1014-d196 @A: 31 30 33 19 | 06
#1015-d196 @A: 19 05 26 01 | 07
#1016-d196 @A: 02 19 20 13 | 04
#1017-d196 @A: 12 06 19 13 | 01
#1018-d196 @A: 19 27 28 16 | 09
#1019-d196 @A: 28 19 06 08 | 11
#1020-d196 @A: 35 19 27 30 | 05
#1021-d196 @A: 27 10 34 09 | 12
#1022-d196 @A: 09 29 05 08 | 02
#1023-d196 @A: 29 01 13 09 | 10
#1024-d196 @A: 16 29 09 02 | 03
#1025-d196 @A: 09 21 25 35 | 08
#1026-d196 @A: 35 27 09 05 | 06
#1027-d196 @A: 21 09 16 26 | 07
#1028-d196 @A: 13 09 30 21 | 04
#1029-d196 @A: 09 06 24 21 | 01
#1030-d196 @A: 27 09 06 01 | 09
#1031-d196 @A: 12 09 11 35 | 11
#1032-d196 @A: 20 09 30 28 | 05
#1033-d196 @A: 12 03 09 28 | 12
#1034-d196 @A: 24 29 10 32 | 02
#1035-d196 @A: 20 32 10 21 | 10
#1036-d196 @A: 25 10 30 02 | 03
#1037-d196 @A: 31 23 34 10 | 08
#1038-d196 @A: 12 23 10 26 | 06
#1039-d196 @A: 07 10 30 31 | 07
#1040-d196 @A: 28 10 15 31 | 04
#1041-d196 @A: 28 05 10 07 | 01
#1042-d196 @A: 08 11 12 10 | 09
#1043-d196 @A: 32 14 22 06 | 11
#1044-d196 @A: 13 12 32 29 | 05
#1045-d196 @A: 03 24 04 32 | 12
#1046-d196 @A: 08 32 02 04 | 02
#1047-d196 @A: 03 27 07 32 | 10
#1048-d196 @A: 13 32 15 30 | 03
#1049-d196 @A: 28 21 15 32 | 08
#1050-d196 @A: 32 16 12 28 | 06
#1051-d196 @A: 30 16 27 32 | 07
#1052-d196 @A: 06 24 35 32 | 04
#1053-d196 @A: 08 12 32 30 | 01
#1054-d196 @A: 26 25 01 22 | 09
#1055-d196 @A: 22 13 06 26 | 11
#1056-d196 @A: 26 22 30 02 | 05
#1057-d196 @A: 01 20 22 02 | 12
#1058-d196 @A: 12 22 01 30 | 02
#1059-d196 @A: 16 27 22 03 | 10
#1060-d196 @A: 03 34 08 22 | 03
#1061-d196 @A: 33 22 11 30 | 08
#1062-d196 @A: 18 22 27 30 | 06
#1063-d196 @A: 04 29 18 23 | 07
#1064-d196 @A: 15 06 29 04 | 04
#1065-d196 @A: 21 25 24 29 | 01
#1066-d196 @A: 12 25 29 14 | 09
#1067-d196 @A: 13 29 24 23 | 11
#1068-d196 @A: 29 13 05 34 | 05
#1069-d196 @A: 15 24 07 29 | 12
#1070-d196 @A: 27 29 07 14 | 02
#1071-d196 @A: 30 27 15 29 | 10
#1072-d196 @A: 20 24 29 02 | 03
#1073-d196 @A: 04 34 05 14 | 08
#1074-d196 @A: 20 04 07 08 | 06
#1075-d196 @A: 08 01 04 12 | 07
#1076-d196 @A: 12 04 16 34 | 04
#1077-d196 @A: 35 04 11 08 | 01
#1078-d196 @A: 25 31 30 08 | 09
#1079-d196 @A: 25 27 24 05 | 11
#1080-d196 @A: 34 21 26 25 | 05
#1081-d196 @A: 07 06 13 25 | 12
#1082-d196 @A: 35 07 25 27 | 02
#1083-d196 @A: 33 25 03 01 | 10
#1084-d196 @A: 12 25 34 24 | 03
#1085-d196 @A: 05 23 02 15 | 08
#1086-d196 @A: 23 20 12 33 | 06
#1087-d196 @A: 16 31 26 05 | 07
#1088-d196 @A: 30 05 14 31 | 04
#1089-d196 @A: 01 05 31 12 | 01
#1090-d196 @A: 27 35 31 18 | 09
#1091-d196 @A: 31 34 03 27 | 11
#1092-d196 @A: 11 30 28 31 | 05
#1093-d196 @A: 05 26 07 03 | 12
#1094-d196 @A: 06 16 05 18 | 02
#1095-d196 @A: 18 12 20 05 | 10
#1096-d196 @A: 13 07 24 26 | 03
#1097-d196 @A: 07 21 28 26 | 08
#1098-d196 @A: 26 28 07 02 | 06
#1099-d196 @A: 15 01 26 24 | 07
#1100-d196 @A: 20 24 02 26 | 04
#1101-d196 @A: 13 07 15 01 | 01
#1102-d196 @A: 07 12 24 08 | 09
#1103-d196 @A: 07 30 11 35 | 11
#1104-d196 @A: 03 28 07 06 | 05
#1105-d196 @A: 13 14 15 34 | 12
#1106-d196 @A: 08 20 33 15 | 02
#1107-d196 @A: 15 06 12 35 | 10
#1108-d196 @A: 11 28 20 15 | 03
#1109-d196 @A: 27 13 34 16 | 08
#1110-d196 @A: 35 02 27 13 | 06
#1111-d196 @A: 21 20 16 06 | 07
#1112-d196 @A: 27 21 08 06 | 04
#1113-d196 @A: 21 06 35 02 | 01
#1114-d196 @A: 01 33 24 14 | 09
#1115-d196 @A: 14 11 03 02 | 11
#1116-d196 @A: 08 02 28 30 | 05
#1117-d196 @A: 09 25 06 17 | 12
#1118-d196 @A: 04 17 24 10 | 02
#1119-d196 @A: 17 10 03 31 | 10
#1120-d196 @A: 17 15 22 18 | 03
#1121-d196 @A: 17 24 11 29 | 08
#1122-d196 @A: 25 23 33 17 | 06
#1123-d196 @A: 35 31 14 17 | 07
#1124-d196 @A: 07 34 26 17 | 04
#1125-d196 @A: 26 13 17 08 | 01
#1126-d196 @A: 16 13 17 15 | 09
#1127-d196 @A: 03 28 17 01 | 11
#1128-d196 @A: 16 34 17 03 | 05
#1129-d196 @A: 08 17 20 06 | 12
#1130-d196 @A: 20 12 17 35 | 02
#1131-d196 @A: 03 17 27 35 | 10
#1132-d196 @A: 10 09 01 19 | 03
#1133-d196 @A: 09 29 30 19 | 08
#1134-d196 @A: 09 19 21 28 | 06
#1135-d196 @A: 33 32 19 29 | 07
#1136-d196 @A: 19 28 22 31 | 04
#1137-d196 @A: 03 19 04 29 | 01
#1138-d196 @A: 24 26 29 19 | 09
#1139-d196 @A: 15 18 19 29 | 11
#1140-d196 @A: 29 19 12 27 | 05
#1141-d196 @A: 19 02 05 04 | 12
#1142-d196 @A: 19 04 24 21 | 02
#1143-d196 @A: 19 02 23 06 | 10
#1144-d196 @A: 15 28 05 19 | 03
#1145-d196 @A: 30 13 14 19 | 08
#1146-d196 @A: 19 08 01 18 | 06
#1147-d196 @A: 27 20 19 01 | 07
#1148-d196 @A: 06 34 19 20 | 04
#1149-d196 @A: 10 09 12 22 | 01
#1150-d196 @A: 03 09 05 32 | 09
#1151-d196 @A: 09 32 12 21 | 11
#1152-d196 @A: 09 22 35 28 | 05
#1153-d196 @A: 29 09 33 31 | 12
#1154-d196 @A: 04 33 09 21 | 02
#1155-d196 @A: 09 25 34 23 | 10
#1156-d196 @A: 09 27 25 14 | 03
#1157-d196 @A: 09 13 31 24 | 08
#1158-d196 @A: 07 11 09 01 | 06
#1159-d196 @A: 09 11 24 18 | 07
#1160-d196 @A: 18 35 08 09 | 04
#1161-d196 @A: 10 31 27 29 | 01
#1162-d196 @A: 16 04 27 10 | 09
#1163-d196 @A: 10 13 24 25 | 11
#1164-d196 @A: 06 10 20 23 | 05
#1165-d196 @A: 08 31 10 13 | 12
#1166-d196 @A: 21 16 31 10 | 02
#1167-d196 @A: 14 10 26 01 | 10
#1168-d196 @A: 21 18 10 08 | 03
#1169-d196 @A: 24 03 10 01 | 08
#1170-d196 @A: 03 08 16 10 | 06
#1171-d196 @A: 02 16 08 10 | 07
#1172-d196 @A: 24 10 27 33 | 04
#1173-d196 @A: 18 10 33 20 | 01
#1174-d196 @A: 22 25 32 35 | 09
#1175-d196 @A: 29 32 34 04 | 11
#1176-d196 @A: 25 32 29 07 | 05
#1177-d196 @A: 32 29 03 18 | 12
#1178-d196 @A: 25 13 03 32 | 02
#1179-d196 @A: 02 06 32 25 | 10
#1180-d196 @A: 32 31 23 03 | 03
#1181-d196 @A: 32 13 21 34 | 08
#1182-d196 @A: 13 20 24 32 | 06
#1183-d196 @A: 20 12 32 01 | 07
#1184-d196 @A: 02 11 16 32 | 04
#1185-d196 @A: 32 18 11 35 | 01
#1186-d196 @A: 27 32 33 12 | 09
#1187-d196 @A: 22 28 05 04 | 11
#1188-d196 @A: 22 05 25 20 | 05
#1189-d196 @A: 25 22 15 34 | 12
#1190-d196 @A: 14 22 31 34 | 02
#1191-d196 @A: 02 31 22 08 | 10
#1192-d196 @A: 05 30 22 24 | 03
#1193-d196 @A: 15 21 03 22 | 08
#1194-d196 @A: 14 20 22 33 | 06
#1195-d196 @A: 16 20 22 35 | 07
#1196-d196 @A: 16 28 34 22 | 04
#1197-d196 @A: 27 35 22 12 | 01
#1198-d196 @A: 35 22 06 03 | 09
#1199-d196 @A: 29 04 26 33 | 11
#1200-d196 @A: 31 29 28 34 | 05
#1201-d196 @A: 29 07 08 03 | 12
#1202-d196 @A: 15 12 29 21 | 02
#1203-d196 @A: 24 08 29 28 | 10
#1204-d196 @A: 29 24 12 20 | 03
#1205-d196 @A: 33 31 04 25 | 08
#1206-d196 @A: 25 15 28 04 | 06
#1207-d196 @A: 04 15 23 11 | 07
#1208-d196 @A: 21 04 18 07 | 04
#1209-d196 @A: 24 04 34 13 | 01
#1210-d196 @A: 28 24 04 01 | 09
#1211-d196 @A: 04 20 33 24 | 11
#1212-d196 @A: 31 07 25 23 | 05
#1213-d196 @A: 27 25 23 30 | 12
#1214-d196 @A: 26 02 25 33 | 02
#1215-d196 @A: 26 25 27 18 | 10
#1216-d196 @A: 25 18 08 33 | 03
#1217-d196 @A: 25 33 34 27 | 08
#1218-d196 @A: 20 15 21 23 | 06
#1219-d196 @A: 13 11 23 02 | 07
#1220-d196 @A: 23 34 18 01 | 04
#1221-d196 @A: 26 01 31 21 | 01
#1222-d196 @A: 30 31 15 21 | 09
#1223-d196 @A: 34 26 12 05 | 11
#1224-d196 @A: 12 05 26 02 | 05
#1225-d196 @A: 05 15 11 07 | 12
#1226-d196 @A: 14 07 12 05 | 02
#1227-d196 @A: 06 24 20 05 | 10
#1228-d196 @A: 08 05 27 18 | 03
#1229-d196 @A: 15 11 26 14 | 08
#1230-d196 @A: 13 26 02 14 | 06
#1231-d196 @A: 34 01 26 06 | 07
#1232-d196 @A: 30 33 27 26 | 04
#1233-d196 @A: 34 07 15 02 | 01
#1234-d196 @A: 07 11 34 24 | 09
#1235-d196 @A: 27 34 07 08 | 11
#1236-d196 @A: 03 30 12 07 | 05
#1237-d196 @A: 11 27 15 01 | 12
#1238-d196 @A: 01 02 15 30 | 02
#1239-d196 @A: 03 24 11 15 | 10
#1240-d196 @A: 33 34 11 15 | 03
#1241-d196 @A: 15 28 34 06 | 08
#1242-d196 @A: 20 12 03 15 | 06
#1243-d196 @A: 01 13 28 33 | 07
#1244-d196 @A: 13 16 28 24 | 04
#1245-d196 @A: 13 35 11 20 | 01
#1246-d196 @A: 11 13 06 33 | 09
#1247-d196 @A: 35 21 14 12 | 11
#1248-d196 @A: 14 06 33 35 | 05
#1249-d196 @A: 34 06 14 27 | 12
#1250-d196 @A: 03 02 16 18 | 02
#1251-d196 @A: 12 02 27 34 | 10
#1252-d196 @A: 17 09 27 19 | 03
#1253-d196 @A: 13 01 19 17 | 08
#1254-d196 @A: 23 35 17 09 | 06
#1255-d196 @A: 23 10 17 27 | 07
#1256-d196 @A: 01 10 07 17 | 04
#1257-d196 @A: 10 17 30 13 | 01
#1258-d196 @A: 32 04 17 18 | 09
#1259-d196 @A: 04 20 13 17 | 11
#1260-d196 @A: 17 24 23 26 | 05
#1261-d196 @A: 17 13 07 28 | 12
#1262-d196 @A: 01 17 14 16 | 02
#1263-d196 @A: 17 06 16 35 | 10
#1264-d196 @A: 06 30 34 17 | 03
#1265-d196 @A: 17 11 18 27 | 08
#1266-d196 @A: 06 31 19 09 | 06
#1267-d196 @A: 09 03 13 19 | 07
#1268-d196 @A: 10 24 19 31 | 04
#1269-d196 @A: 06 19 15 10 | 01
#1270-d196 @A: 19 32 34 23 | 09
#1271-d196 @A: 19 32 02 27 | 11
#1272-d196 @A: 19 16 13 22 | 05
#1273-d196 @A: 21 19 06 22 | 12
#1274-d196 @A: 02 21 19 22 | 02
#1275-d196 @A: 31 19 03 14 | 10
#1276-d196 @A: 34 14 16 19 | 03
#1277-d196 @A: 12 30 19 20 | 08
#1278-d196 @A: 09 23 20 29 | 06
#1279-d196 @A: 28 16 04 09 | 07
#1280-d196 @A: 09 15 02 25 | 04
#1281-d196 @A: 09 23 13 27 | 01
#1282-d196 @A: 02 26 09 35 | 09
#1283-d196 @A: 07 20 09 35 | 11
#1284-d196 @A: 12 01 16 09 | 05
#1285-d196 @A: 12 18 09 33 | 12
#1286-d196 @A: 10 34 32 14 | 02
#1287-d196 @A: 04 30 22 10 | 10
#1288-d196 @A: 25 10 22 27 | 03
#1289-d196 @A: 10 34 07 22 | 08
#1290-d196 @A: 22 10 15 24 | 06
#1291-d196 @A: 20 34 10 04 | 07
#1292-d196 @A: 25 10 21 28 | 04
#1293-d196 @A: 10 24 05 26 | 01
#1294-d196 @A: 10 02 26 01 | 09
#1295-d196 @A: 16 18 10 01 | 11
#1296-d196 @A: 10 01 30 27 | 05
#1297-d196 @A: 10 30 11 24 | 12
#1298-d196 @A: 18 02 28 10 | 02
#1299-d196 @A: 05 02 32 22 | 10
#1300-d196 @A: 01 29 14 32 | 03
#1301-d196 @A: 32 25 05 01 | 08
#1302-d196 @A: 32 06 15 25 | 06
#1303-d196 @A: 08 23 13 32 | 07
#1304-d196 @A: 32 07 13 05 | 04
#1305-d196 @A: 16 13 32 26 | 01
#1306-d196 @A: 08 01 28 32 | 09
#1307-d196 @A: 32 34 28 35 | 11
#1308-d196 @A: 33 32 18 02 | 05
#1309-d196 @A: 04 03 22 23 | 12
#1310-d196 @A: 28 25 06 22 | 02
#1311-d196 @A: 26 21 22 24 | 10
#1312-d196 @A: 07 22 20 15 | 03
#1313-d196 @A: 08 21 22 07 | 08
#1314-d196 @A: 14 28 07 22 | 06
#1315-d196 @A: 34 01 24 22 | 07
#1316-d196 @A: 20 08 18 22 | 04
#1317-d196 @A: 12 34 22 06 | 01
#1318-d196 @A: 20 21 04 29 | 09
#1319-d196 @A: 27 21 29 23 | 11
#1320-d196 @A: 29 20 07 05 | 05
#1321-d196 @A: 15 29 20 14 | 12
#1322-d196 @A: 29 13 28 14 | 02
#1323-d196 @A: 20 29 06 13 | 10
#1324-d196 @A: 16 29 21 34 | 03
#1325-d196 @A: 14 34 33 29 | 08
#1326-d196 @A: 20 01 28 29 | 06
#1327-d196 @A: 35 29 08 16 | 07
#1328-d196 @A: 35 24 27 29 | 04
#1329-d196 @A: 27 21 04 25 | 01
#1330-d196 @A: 14 04 06 25 | 09
#1331-d196 @A: 31 23 24 04 | 11
#1332-d196 @A: 06 23 28 04 | 05
#1333-d196 @A: 31 15 20 04 | 12
#1334-d196 @A: 14 30 07 04 | 02
#1335-d196 @A: 04 33 18 34 | 10
#1336-d196 @A: 33 04 30 28 | 03
#1337-d196 @A: 27 12 28 04 | 08
#1338-d196 @A: 25 23 15 24 | 06
#1339-d196 @A: 21 23 08 25 | 07
#1340-d196 @A: 31 18 25 14 | 04
#1341-d196 @A: 12 05 15 25 | 01
#1342-d196 @A: 33 25 21 20 | 09
#1343-d196 @A: 30 25 24 28 | 11
#1344-d196 @A: 28 27 20 25 | 05
#1345-d196 @A: 31 13 33 23 | 12
#1346-d196 @A: 31 21 23 02 | 02
#1347-d196 @A: 30 31 01 23 | 10
#1348-d196 @A: 13 26 23 01 | 03
#1349-d196 @A: 14 23 33 07 | 08
#1350-d196 @A: 03 23 21 13 | 06
#1351-d196 @A: 35 01 20 23 | 07
#1352-d196 @A: 02 24 23 33 | 04
#1353-d196 @A: 23 18 11 30 | 01
#1354-d196 @A: 23 27 03 02 | 09
#1355-d196 @A: 24 31 21 05 | 11
#1356-d196 @A: 16 31 13 11 | 05
#1357-d196 @A: 01 31 11 24 | 12
#1358-d196 @A: 24 03 31 12 | 02
#1359-d196 @A: 03 31 11 08 | 10
#1360-d196 @A: 20 31 06 35 | 03
#1361-d196 @A: 06 31 27 02 | 08
#1362-d196 @A: 27 01 03 05 | 06
#1363-d196 @A: 11 16 30 05 | 07
#1364-d196 @A: 18 24 05 34 | 04
#1365-d196 @A: 05 35 20 08 | 01
#1366-d196 @A: 27 06 12 05 | 09
#1367-d196 @A: 16 02 15 26 | 11
#1368-d196 @A: 26 35 27 16 | 05
#1369-d196 @A: 03 27 24 26 | 12
#1370-d196 @A: 20 34 26 08 | 02
#1371-d196 @A: 18 12 11 26 | 10
#1372-d196 @A: 11 03 07 13 | 03
#1373-d196 @A: 34 07 33 12 | 08
#1374-d196 @A: 06 07 11 12 | 06
#1375-d196 @A: 18 14 15 08 | 07
#1376-d196 @A: 16 15 34 18 | 04
#1377-d196 @A: 16 15 06 03 | 01
#1378-d196 @A: 15 28 30 08 | 09
#1379-d196 @A: 28 02 15 33 | 11
#1380-d196 @A: 13 18 16 12 | 05
#1381-d196 @A: 03 24 30 13 | 12
#1382-d196 @A: 28 13 18 35 | 02
#1383-d196 @A: 30 28 13 06 | 10
#1384-d196 @A: 21 06 01 12 | 03
#1385-d196 @A: 12 27 21 03 | 08
#1386-d196 @A: 16 14 20 02 | 06
#1387-d196 @A: 03 08 01 02 | 07
#1388-d196 @A: 19 30 26 17 | 04
#1389-d196 @A: 09 17 32 20 | 01
#1390-d196 @A: 04 17 29 09 | 09
#1391-d196 @A: 15 09 01 17 | 11
#1392-d196 @A: 10 17 08 05 | 05
#1393-d196 @A: 17 32 12 05 | 12
#1394-d196 @A: 17 21 32 24 | 02
#1395-d196 @A: 12 04 22 17 | 10
#1396-d196 @A: 22 06 17 07 | 03
#1397-d196 @A: 14 17 22 27 | 08
#1398-d196 @A: 34 04 31 17 | 06
#1399-d196 @A: 25 02 17 11 | 07
#1400-d196 @A: 02 08 23 17 | 04
#1401-d196 @A: 34 17 18 13 | 01
#1402-d196 @A: 17 13 03 06 | 09
#1403-d196 @A: 16 30 33 17 | 11
#1404-d196 @A: 33 28 17 27 | 05
#1405-d196 @A: 12 28 06 17 | 12
#1406-d196 @A: 09 19 08 04 | 02
#1407-d196 @A: 09 05 12 19 | 10
#1408-d196 @A: 18 32 19 10 | 03
#1409-d196 @A: 15 19 12 32 | 08
#1410-d196 @A: 24 14 19 22 | 06
#1411-d196 @A: 19 35 11 22 | 07
#1412-d196 @A: 19 35 20 29 | 04
#1413-d196 @A: 07 04 19 12 | 01
#1414-d196 @A: 16 15 19 04 | 09
#1415-d196 @A: 18 19 07 25 | 11
#1416-d196 @A: 19 25 03 21 | 05
#1417-d196 @A: 23 33 19 21 | 12
#1418-d196 @A: 20 19 08 31 | 02
#1419-d196 @A: 05 19 13 27 | 10
#1420-d196 @A: 16 26 19 07 | 03
#1421-d196 @A: 11 07 28 19 | 08
#1422-d196 @A: 11 33 01 19 | 06
#1423-d196 @A: 09 31 10 18 | 07
#1424-d196 @A: 14 21 09 10 | 04
#1425-d196 @A: 22 04 06 09 | 01
#1426-d196 @A: 34 09 13 22 | 09
#1427-d196 @A: 09 05 23 06 | 11
#1428-d196 @A: 21 20 31 09 | 05
#1429-d196 @A: 09 11 05 21 | 12
#1430-d196 @A: 27 21 07 09 | 02
#1431-d196 @A: 21 15 08 09 | 10
#1432-d196 @A: 24 34 33 09 | 03
#1433-d196 @A: 35 34 09 06 | 08
#1434-d196 @A: 10 32 30 05 | 06
#1435-d196 @A: 15 10 32 02 | 07
#1436-d196 @A: 04 05 10 12 | 04
#1437-d196 @A: 23 10 03 05 | 01
#1438-d196 @A: 30 28 23 10 | 09
#1439-d196 @A: 31 11 10 05 | 11
#1440-d196 @A: 20 35 10 03 | 05
#1441-d196 @A: 32 13 22 01 | 12
#1442-d196 @A: 04 32 26 15 | 02
#1443-d196 @A: 25 34 32 31 | 10
#1444-d196 @A: 21 14 32 23 | 03
#1445-d196 @A: 20 23 27 32 | 08
#1446-d196 @A: 06 32 31 26 | 06
#1447-d196 @A: 26 07 32 30 | 07
#1448-d196 @A: 32 14 30 35 | 04
#1449-d196 @A: 32 33 30 34 | 01
#1450-d196 @A: 20 32 02 03 | 09
#1451-d196 @A: 01 22 29 11 | 11
#1452-d196 @A: 21 22 01 04 | 05
#1453-d196 @A: 22 25 03 07 | 12
#1454-d196 @A: 22 14 23 30 | 02
#1455-d196 @A: 22 13 30 07 | 10
#1456-d196 @A: 15 11 22 02 | 03
#1457-d196 @A: 22 12 28 20 | 08
#1458-d196 @A: 35 01 04 29 | 06
#1459-d196 @A: 29 23 03 25 | 07
#1460-d196 @A: 29 18 30 25 | 04
#1461-d196 @A: 05 29 28 21 | 01
#1462-d196 @A: 26 29 13 30 | 09
#1463-d196 @A: 13 08 15 29 | 11
#1464-d196 @A: 14 29 15 02 | 05
#1465-d196 @A: 29 03 35 13 | 12
#1466-d196 @A: 33 08 29 01 | 02
#1467-d196 @A: 20 08 30 29 | 10
#1468-d196 @A: 06 02 30 29 | 03
#1469-d196 @A: 02 04 03 23 | 08
#1470-d196 @A: 04 18 14 11 | 06
#1471-d196 @A: 16 04 18 24 | 07
#1472-d196 @A: 08 33 04 16 | 04
#1473-d196 @A: 12 04 24 02 | 01
#1474-d196 @A: 33 11 04 27 | 09
#1475-d196 @A: 20 11 03 04 | 11
#1476-d196 @A: 20 04 18 28 | 05
#1477-d196 @A: 05 23 25 18 | 12
#1478-d196 @A: 13 18 25 15 | 02
#1479-d196 @A: 06 08 01 25 | 10
#1480-d196 @A: 35 25 12 01 | 03
#1481-d196 @A: 34 01 28 25 | 08
#1482-d196 @A: 25 12 33 16 | 06
#1483-d196 @A: 25 28 16 03 | 07
#1484-d196 @A: 11 24 33 25 | 04
#1485-d196 @A: 25 06 20 18 | 01
#1486-d196 @A: 08 33 23 28 | 09
#1487-d196 @A: 28 11 23 27 | 11
#1488-d196 @A: 06 31 05 07 | 05
#1489-d196 @A: 35 33 31 05 | 12
#1490-d196 @A: 26 14 31 08 | 02
#1491-d196 @A: 02 11 31 07 | 10
#1492-d196 @A: 33 31 14 15 | 03
#1493-d196 @A: 13 06 31 14 | 08
#1494-d196 @A: 16 08 31 27 | 06
#1495-d196 @A: 31 16 12 02 | 07
#1496-d196 @A: 08 12 33 31 | 04
#1497-d196 @A: 31 02 35 33 | 01
#1498-d196 @A: 08 07 05 01 | 09
#1499-d196 @A: 30 33 08 05 | 11
#1500-d196 @A: 03 05 34 33 | 05
#1501-d196 @A: 20 05 30 27 | 12
#1502-d196 @A: 26 27 12 07 | 02
#1503-d196 @A: 27 01 26 08 | 10
#1504-d196 @A: 16 03 26 11 | 03
#1505-d196 @A: 06 16 26 12 | 08
#1506-d196 @A: 35 26 24 20 | 06
#1507-d196 @A: 30 12 26 24 | 07
#1508-d196 @A: 33 28 11 26 | 04
#1509-d196 @A: 07 34 16 06 | 01
#1510-d196 @A: 07 18 11 08 | 09
#1511-d196 @A: 28 07 30 27 | 11
#1512-d196 @A: 06 02 15 08 | 05
#1513-d196 @A: 13 16 01 20 | 12
#1514-d196 @A: 03 01 13 12 | 02
#1515-d196 @A: 02 13 34 24 | 10
#1516-d196 @A: 34 20 33 13 | 03
#1517-d196 @A: 20 21 01 14 | 08
#1518-d196 @A: 03 16 14 21 | 06
#1519-d196 @A: 11 08 21 33 | 07
#1520-d196 @A: 14 01 28 02 | 04
#1521-d196 @A: 11 28 14 24 | 01
#1522-d196 @A: 03 08 33 14 | 09
#1523-d196 @A: 20 28 35 14 | 11
#1524-d196 @A: 05 17 31 19 | 05
#1525-d196 @A: 09 24 17 05 | 12
#1526-d196 @A: 17 28 32 10 | 02
#1527-d196 @A: 17 10 12 21 | 10
#1528-d196 @A: 29 15 17 32 | 03
#1529-d196 @A: 22 28 30 17 | 08
#1530-d196 @A: 27 17 29 26 | 06
#1531-d196 @A: 17 28 04 21 | 07
#1532-d196 @A: 17 25 11 35 | 04
#1533-d196 @A: 13 17 12 23 | 01
#1534-d196 @A: 23 21 06 17 | 09
#1535-d196 @A: 08 31 17 21 | 11
#1536-d196 @A: 03 07 21 17 | 05
#1537-d196 @A: 01 12 11 17 | 12
#1538-d196 @A: 35 17 28 08 | 02
#1539-d196 @A: 20 33 03 17 | 10
#1540-d196 @A: 02 17 28 27 | 03
#1541-d196 @A: 20 22 09 19 | 08
#1542-d196 @A: 09 19 07 33 | 06
#1543-d196 @A: 33 02 10 19 | 07
#1544-d196 @A: 22 19 34 29 | 04
#1545-d196 @A: 19 30 08 22 | 01
#1546-d196 @A: 19 29 31 13 | 09
#1547-d196 @A: 29 19 06 07 | 11
#1548-d196 @A: 14 29 19 11 | 05
#1549-d196 @A: 29 03 19 02 | 12
#1550-d196 @A: 19 20 04 05 | 02
#1551-d196 @A: 13 23 07 19 | 10
#1552-d196 @A: 26 19 11 31 | 03
#1553-d196 @A: 31 27 07 19 | 08
#1554-d196 @A: 31 34 19 21 | 06
#1555-d196 @A: 19 11 06 05 | 07
#1556-d196 @A: 20 07 19 21 | 04
#1557-d196 @A: 15 21 19 27 | 01
#1558-d196 @A: 14 19 02 30 | 09
#1559-d196 @A: 24 35 19 03 | 11
#1560-d196 @A: 18 27 19 34 | 05
#1561-d196 @A: 03 19 06 18 | 12
#1562-d196 @A: 29 09 10 06 | 02
#1563-d196 @A: 11 10 09 04 | 10
#1564-d196 @A: 10 25 03 09 | 03
#1565-d196 @A: 10 26 09 30 | 08
#1566-d196 @A: 32 23 26 09 | 06
#1567-d196 @A: 09 29 15 11 | 07
#1568-d196 @A: 09 01 25 31 | 04
#1569-d196 @A: 09 20 27 26 | 01
#1570-d196 @A: 07 08 13 09 | 09
#1571-d196 @A: 18 09 20 13 | 11
#1572-d196 @A: 09 02 21 14 | 05
#1573-d196 @A: 20 16 08 09 | 12
#1574-d196 @A: 09 16 34 30 | 02
#1575-d196 @A: 30 09 08 11 | 10
#1576-d196 @A: 09 06 11 28 | 03
#1577-d196 @A: 28 22 13 10 | 08
#1578-d196 @A: 18 10 29 05 | 06
#1579-d196 @A: 08 10 26 04 | 07
#1580-d196 @A: 01 13 10 05 | 04
#1581-d196 @A: 03 26 10 34 | 01
#1582-d196 @A: 21 07 24 10 | 09
#1583-d196 @A: 20 30 10 15 | 11
#1584-d196 @A: 10 20 13 14 | 05
#1585-d196 @A: 16 35 10 34 | 12
#1586-d196 @A: 06 24 10 12 | 02
#1587-d196 @A: 34 10 33 08 | 10
#1588-d196 @A: 10 06 27 35 | 03
#1589-d196 @A: 11 10 06 02 | 08
#1590-d196 @A: 18 28 12 10 | 06
#1591-d196 @A: 32 22 24 23 | 07
#1592-d196 @A: 05 29 32 35 | 04
#1593-d196 @A: 29 32 21 06 | 01
#1594-d196 @A: 14 12 32 04 | 09
#1595-d196 @A: 32 01 33 23 | 11
#1596-d196 @A: 21 32 05 27 | 05
#1597-d196 @A: 05 24 32 33 | 12
#1598-d196 @A: 06 34 32 05 | 02
#1599-d196 @A: 24 26 32 28 | 10
#1600-d196 @A: 07 35 15 32 | 03
#1601-d196 @A: 20 32 07 34 | 08
#1602-d196 @A: 01 06 32 16 | 06
#1603-d196 @A: 27 01 32 35 | 07
#1604-d196 @A: 08 11 32 27 | 04
#1605-d196 @A: 03 20 08 32 | 01
#1606-d196 @A: 06 28 20 32 | 09
#1607-d196 @A: 32 30 28 03 | 11
#1608-d196 @A: 23 06 22 29 | 05
#1609-d196 @A: 29 22 21 35 | 12
#1610-d196 @A: 25 22 23 12 | 02
#1611-d196 @A: 08 14 25 22 | 10
#1612-d196 @A: 16 22 23 02 | 03
#1613-d196 @A: 31 27 21 22 | 08
#1614-d196 @A: 22 07 27 05 | 06
#1615-d196 @A: 22 07 26 35 | 07
#1616-d196 @A: 22 03 18 26 | 04
#1617-d196 @A: 13 21 14 22 | 01
#1618-d196 @A: 08 13 12 22 | 09
#1619-d196 @A: 20 22 24 11 | 11
#1620-d196 @A: 22 08 33 35 | 05
#1621-d196 @A: 02 22 34 28 | 12
#1622-d196 @A: 22 11 27 06 | 02
#1623-d196 @A: 04 14 24 29 | 10
#1624-d196 @A: 15 25 01 29 | 03
#1625-d196 @A: 29 35 06 25 | 08
#1626-d196 @A: 11 29 23 31 | 06
#1627-d196 @A: 26 34 29 23 | 07
#1628-d196 @A: 31 14 29 21 | 04
#1629-d196 @A: 16 20 18 29 | 01
#1630-d196 @A: 06 29 16 27 | 09
#1631-d196 @A: 28 30 12 29 | 11
#1632-d196 @A: 35 13 04 23 | 05
#1633-d196 @A: 05 26 04 18 | 12
#1634-d196 @A: 15 03 04 05 | 02
#1635-d196 @A: 13 26 28 04 | 10
#1636-d196 @A: 04 07 35 34 | 03
#1637-d196 @A: 02 04 07 06 | 08
#1638-d196 @A: 04 15 14 01 | 06
#1639-d196 @A: 14 04 03 13 | 07
#1640-d196 @A: 06 04 20 12 | 04
#1641-d196 @A: 25 14 16 23 | 01
#1642-d196 @A: 12 14 25 02 | 09
#1643-d196 @A: 30 25 06 33 | 11
#1644-d196 @A: 05 23 15 08 | 05
#1645-d196 @A: 27 23 01 12 | 12
#1646-d196 @A: 23 24 18 27 | 02
#1647-d196 @A: 35 27 23 33 | 10
#1648-d196 @A: 03 18 23 20 | 03
#1649-d196 @A: 31 13 28 05 | 08
#1650-d196 @A: 03 31 13 26 | 06
#1651-d196 @A: 31 01 14 07 | 07
#1652-d196 @A: 33 31 07 11 | 04
#1653-d196 @A: 15 31 35 13 | 01
#1654-d196 @A: 31 03 06 01 | 09
#1655-d196 @A: 31 34 33 16 | 11
#1656-d196 @A: 31 02 20 30 | 05
#1657-d196 @A: 13 15 05 20 | 12
#1658-d196 @A: 21 01 05 15 | 02
#1659-d196 @A: 30 15 05 34 | 10
#1660-d196 @A: 05 27 16 33 | 03
#1661-d196 @A: 08 05 03 24 | 08
#1662-d196 @A: 12 05 11 33 | 06
#1663-d196 @A: 34 05 28 27 | 07
#1664-d196 @A: 20 14 26 07 | 04
#1665-d196 @A: 07 08 26 33 | 01
#1666-d196 @A: 26 02 21 08 | 09
#1667-d196 @A: 30 14 06 26 | 11
#1668-d196 @A: 35 18 26 01 | 05
#1669-d196 @A: 06 03 08 26 | 12
#1670-d196 @A: 26 02 18 27 | 02
#1671-d196 @A: 12 13 07 20 | 10
#1672-d196 @A: 18 34 07 28 | 03
#1673-d196 @A: 18 07 02 20 | 08
#1674-d196 @A: 20 01 18 15 | 06
#1675-d196 @A: 15 35 24 08 | 07
#1676-d196 @A: 24 18 12 15 | 04
#1677-d196 @A: 08 03 15 27 | 01
#1678-d196 @A: 13 08 06 34 | 09
#1679-d196 @A: 11 28 12 13 | 11
#1680-d196 @A: 14 28 34 21 | 05
#1681-d196 @A: 11 21 16 24 | 12
#1682-d196 @A: 16 08 28 21 | 02
#1683-d196 @A: 34 30 21 20 | 10
#1684-d196 @A: 20 11 27 21 | 03
#1685-d196 @A: 02 21 30 18 | 08
#1686-d196 @A: 03 35 14 01 | 06
#1687-d196 @A: 20 18 14 34 | 07
#1688-d196 @A: 24 11 02 01 | 04
#1689-d196 @A: 34 02 35 11 | 01
