#0001-d325 @A: 27 24 32 15 | 06
#0002-d325 @A: 27 33 15 03 | 01
#0003-d325 @A: 15 04 27 31 | 05
#0004-d325 @A: 17 27 19 21 | 07
#0005-d325 @A: 19 27 07 02 | 11
#0006-d325 @A: 27 12 08 19 | 08
#0007-d325 @A: 31 23 17 27 | 12
#0008-d325 @A: 27 24 08 07 | 02
#0009-d325 @A: 11 25 20 27 | 10
#0010-d325 @A: 27 02 22 03 | 03
#0011-d325 @A: 35 27 02 31 | 09
#0012-d325 @A: 06 27 31 11 | 04
#0013-d325 @A: 01 21 27 08 | 06
#0014-d325 @A: 08 18 27 04 | 01
#0015-d325 @A: 30 27 22 21 | 05
#0016-d325 @A: 27 35 20 04 | 07
#0017-d325 @A: 33 27 04 22 | 11
#0018-d325 @A: 27 33 18 20 | 08
#0019-d325 @A: 34 03 13 33 | 12
#0020-d325 @A: 18 29 09 34 | 02
#0021-d325 @A: 34 33 11 15 | 10
#0022-d325 @A: 15 30 22 34 | 03
#0023-d325 @A: 29 19 03 34 | 09
#0024-d325 @A: 05 24 17 34 | 04
#0025-d325 @A: 34 17 04 02 | 06
#0026-d325 @A: 26 25 34 24 | 01
#0027-d325 @A: 11 08 16 34 | 05
#0028-d325 @A: 10 20 34 08 | 07
#0029-d325 @A: 34 29 21 11 | 11
#0030-d325 @A: 32 21 35 34 | 08
#0031-d325 @A: 12 34 26 06 | 12
#0032-d325 @A: 13 06 03 09 | 02
#0033-d325 @A: 16 31 13 09 | 10
#0034-d325 @A: 01 09 13 29 | 03
#0035-d325 @A: 11 23 13 19 | 09
#0036-d325 @A: 26 08 13 17 | 04
#0037-d325 @A: 17 22 11 13 | 06
#0038-d325 @A: 04 17 21 13 | 01
#0039-d325 @A: 13 30 24 29 | 05
#0040-d325 @A: 05 23 13 24 | 07
#0041-d325 @A: 10 23 25 13 | 11
#0042-d325 @A: 13 03 08 32 | 08
#0043-d325 @A: 16 04 03 13 | 12
#0044-d325 @A: 31 08 13 12 | 02
#0045-d325 @A: 22 08 13 04 | 10
#0046-d325 @A: 33 04 13 07 | 03
#0047-d325 @A: 20 13 12 33 | 09
#0048-d325 @A: 18 06 13 01 | 04
#0049-d325 @A: 15 04 14 09 | 06
#0050-d325 @A: 11 18 15 09 | 01
#0051-d325 @A: 09 15 21 23 | 05
#0052-d325 @A: 09 16 19 24 | 07
#0053-d325 @A: 17 32 03 09 | 11
#0054-d325 @A: 12 08 24 09 | 08
#0055-d325 @A: 02 35 09 10 | 12
#0056-d325 @A: 09 29 35 23 | 02
#0057-d325 @A: 09 06 32 29 | 10
#0058-d325 @A: 25 15 19 28 | 03
#0059-d325 @A: 01 03 15 02 | 09
#0060-d325 @A: 02 15 12 08 | 04
#0061-d325 @A: 02 33 28 15 | 06
#0062-d325 @A: 06 04 15 33 | 01
#0063-d325 @A: 15 16 23 07 | 05
#0064-d325 @A: 20 15 23 22 | 07
#0065-d325 @A: 19 17 06 31 | 11
#0066-d325 @A: 01 24 19 03 | 08
#0067-d325 @A: 32 18 25 19 | 12
#0068-d325 @A: 19 08 06 11 | 02
#0069-d325 @A: 10 06 19 29 | 10
#0070-d325 @A: 10 19 29 18 | 03
#0071-d325 @A: 04 16 19 33 | 09
#0072-d325 @A: 33 19 22 05 | 04
#0073-d325 @A: 23 12 22 19 | 06
#0074-d325 @A: 17 28 04 24 | 01
#0075-d325 @A: 11 17 05 14 | 05
#0076-d325 @A: 23 18 08 17 | 07
#0077-d325 @A: 26 07 30 17 | 11
#0078-d325 @A: 20 16 06 17 | 08
#0079-d325 @A: 28 29 16 17 | 12
#0080-d325 @A: 22 17 28 01 | 02
#0081-d325 @A: 05 26 17 06 | 10
#0082-d325 @A: 24 25 06 02 | 03
#0083-d325 @A: 24 07 28 25 | 09
#0084-d325 @A: 28 30 03 24 | 04
#0085-d325 @A: 31 22 24 16 | 06
#0086-d325 @A: 11 24 18 06 | 01
#0087-d325 @A: 10 24 32 22 | 05
#0088-d325 @A: 35 04 01 24 | 07
#0089-d325 @A: 01 24 22 26 | 11
#0090-d325 @A: 31 21 25 28 | 08
#0091-d325 @A: 31 25 10 35 | 12
#0092-d325 @A: 23 31 25 32 | 02
#0093-d325 @A: 07 04 23 25 | 10
#0094-d325 @A: 25 26 35 33 | 03
#0095-d325 @A: 12 05 25 35 | 09
#0096-d325 @A: 25 23 33 20 | 04
#0097-d325 @A: 25 28 32 26 | 06
#0098-d325 @A: 32 12 25 06 | 01
#0099-d325 @A: 33 30 35 02 | 05
#0100-d325 @A: 32 10 18 02 | 07
#0101-d325 @A: 23 04 02 33 | 11
#0102-d325 @A: 29 26 02 12 | 08
#0103-d325 @A: 20 14 10 31 | 12
#0104-d325 @A: 29 14 31 35 | 02
#0105-d325 @A: 18 21 11 14 | 10
#0106-d325 @A: 07 16 32 14 | 03
#0107-d325 @A: 06 01 14 29 | 09
#0108-d325 @A: 29 14 32 05 | 04
#0109-d325 @A: 35 03 21 22 | 06
#0110-d325 @A: 04 03 05 23 | 01
#0111-d325 @A: 07 03 18 28 | 05
#0112-d325 @A: 03 06 01 07 | 07
#0113-d325 @A: 03 32 35 26 | 11
#0114-d325 @A: 03 05 16 12 | 08
#0115-d325 @A: 30 06 21 31 | 12
#0116-d325 @A: 21 31 10 33 | 02
#0117-d325 @A: 32 31 16 20 | 10
#0118-d325 @A: 28 22 12 31 | 03
#0119-d325 @A: 31 16 26 01 | 09
#0120-d325 @A: 33 22 32 31 | 04
#0121-d325 @A: 20 35 33 08 | 06
#0122-d325 @A: 05 01 08 12 | 01
#0123-d325 @A: 22 12 20 11 | 05
#0124-d325 @A: 20 11 23 05 | 07
#0125-d325 @A: 04 28 26 21 | 11
#0126-d325 @A: 26 30 01 10 | 08
#0127-d325 @A: 33 12 30 04 | 12
#0128-d325 @A: 28 07 30 29 | 02
#0129-d325 @A: 06 07 30 12 | 10
#0130-d325 @A: 30 16 23 35 | 03
#0131-d325 @A: 30 33 26 32 | 09
#0132-d325 @A: 01 16 07 10 | 04
#0133-d325 @A: 28 35 26 10 | 06
#0134-d325 @A: 07 12 01 18 | 01
#0135-d325 @A: 27 34 35 01 | 05
#0136-d325 @A: 07 13 27 09 | 07
#0137-d325 @A: 33 13 27 08 | 11
#0138-d325 @A: 27 22 05 13 | 08
#0139-d325 @A: 29 27 09 10 | 12
#0140-d325 @A: 17 15 27 11 | 02
#0141-d325 @A: 25 15 23 27 | 10
#0142-d325 @A: 23 24 27 03 | 03
#0143-d325 @A: 25 31 07 27 | 09
#0144-d325 @A: 12 27 30 02 | 04
#0145-d325 @A: 03 27 32 29 | 06
#0146-d325 @A: 35 07 27 33 | 01
#0147-d325 @A: 13 04 34 09 | 05
#0148-d325 @A: 09 20 25 34 | 07
#0149-d325 @A: 22 09 34 06 | 11
#0150-d325 @A: 11 32 34 17 | 08
#0151-d325 @A: 34 05 17 18 | 12
#0152-d325 @A: 32 24 14 34 | 02
#0153-d325 @A: 25 34 30 05 | 10
#0154-d325 @A: 10 25 04 34 | 03
#0155-d325 @A: 12 10 34 02 | 09
#0156-d325 @A: 14 23 34 08 | 04
#0157-d325 @A: 35 18 34 14 | 06
#0158-d325 @A: 07 10 34 26 | 01
#0159-d325 @A: 13 23 26 09 | 05
#0160-d325 @A: 26 15 22 13 | 07
#0161-d325 @A: 02 06 13 17 | 11
#0162-d325 @A: 17 13 20 03 | 08
#0163-d325 @A: 13 24 04 26 | 12
#0164-d325 @A: 14 02 13 20 | 02
#0165-d325 @A: 28 18 31 13 | 10
#0166-d325 @A: 28 05 13 11 | 03
#0167-d325 @A: 13 04 29 28 | 09
#0168-d325 @A: 13 05 33 01 | 04
#0169-d325 @A: 23 16 13 33 | 06
#0170-d325 @A: 09 03 16 15 | 01
#0171-d325 @A: 09 02 19 32 | 05
#0172-d325 @A: 17 09 26 11 | 07
#0173-d325 @A: 07 25 09 16 | 11
#0174-d325 @A: 26 09 14 02 | 08
#0175-d325 @A: 22 03 14 09 | 12
#0176-d325 @A: 09 31 08 11 | 02
#0177-d325 @A: 16 35 09 22 | 10
#0178-d325 @A: 09 01 33 32 | 03
#0179-d325 @A: 19 10 15 12 | 09
#0180-d325 @A: 21 15 33 17 | 04
#0181-d325 @A: 17 15 32 05 | 06
#0182-d325 @A: 15 25 20 24 | 01
#0183-d325 @A: 15 08 29 01 | 05
#0184-d325 @A: 23 15 05 08 | 07
#0185-d325 @A: 11 15 05 29 | 11
#0186-d325 @A: 07 15 20 26 | 08
#0187-d325 @A: 32 15 28 22 | 12
#0188-d325 @A: 26 29 15 16 | 02
#0189-d325 @A: 15 01 16 05 | 10
#0190-d325 @A: 22 19 24 14 | 03
#0191-d325 @A: 19 24 11 20 | 09
#0192-d325 @A: 32 19 24 21 | 04
#0193-d325 @A: 30 16 19 25 | 06
#0194-d325 @A: 14 02 28 19 | 01
#0195-d325 @A: 02 21 06 19 | 05
#0196-d325 @A: 14 19 07 33 | 07
#0197-d325 @A: 31 19 12 21 | 11
#0198-d325 @A: 11 19 28 04 | 08
#0199-d325 @A: 19 07 29 04 | 12
#0200-d325 @A: 19 35 12 07 | 02
#0201-d325 @A: 32 19 12 29 | 10
#0202-d325 @A: 26 06 19 23 | 03
#0203-d325 @A: 06 16 12 19 | 09
#0204-d325 @A: 14 24 33 17 | 04
#0205-d325 @A: 25 20 22 17 | 06
#0206-d325 @A: 18 02 17 31 | 01
#0207-d325 @A: 07 08 14 17 | 05
#0208-d325 @A: 12 14 20 17 | 07
#0209-d325 @A: 08 03 06 17 | 11
#0210-d325 @A: 03 17 22 23 | 08
#0211-d325 @A: 31 08 17 04 | 12
#0212-d325 @A: 17 08 11 35 | 02
#0213-d325 @A: 08 17 30 22 | 10
#0214-d325 @A: 07 17 05 04 | 03
#0215-d325 @A: 04 32 17 33 | 09
#0216-d325 @A: 33 07 17 22 | 04
#0217-d325 @A: 17 12 22 05 | 06
#0218-d325 @A: 12 25 24 10 | 01
#0219-d325 @A: 24 29 02 03 | 05
#0220-d325 @A: 11 22 02 24 | 07
#0221-d325 @A: 02 20 26 24 | 11
#0222-d325 @A: 01 24 21 31 | 08
#0223-d325 @A: 07 06 31 24 | 12
#0224-d325 @A: 20 24 21 30 | 02
#0225-d325 @A: 20 33 24 04 | 10
#0226-d325 @A: 23 25 11 14 | 03
#0227-d325 @A: 31 16 03 25 | 09
#0228-d325 @A: 20 25 26 03 | 04
#0229-d325 @A: 25 04 29 05 | 06
#0230-d325 @A: 07 18 25 35 | 01
#0231-d325 @A: 25 01 16 35 | 05
#0232-d325 @A: 23 02 14 03 | 07
#0233-d325 @A: 02 12 14 07 | 11
#0234-d325 @A: 29 08 10 02 | 08
#0235-d325 @A: 04 08 02 05 | 12
#0236-d325 @A: 07 08 23 02 | 02
#0237-d325 @A: 02 11 05 10 | 10
#0238-d325 @A: 23 02 11 26 | 03
#0239-d325 @A: 28 01 02 07 | 09
#0240-d325 @A: 35 32 23 02 | 04
#0241-d325 @A: 23 02 22 01 | 06
#0242-d325 @A: 30 21 33 14 | 01
#0243-d325 @A: 35 26 20 14 | 05
#0244-d325 @A: 05 35 14 33 | 07
#0245-d325 @A: 16 14 05 28 | 11
#0246-d325 @A: 32 26 14 12 | 08
#0247-d325 @A: 03 31 21 29 | 12
#0248-d325 @A: 08 03 33 10 | 02
#0249-d325 @A: 29 03 07 23 | 10
#0250-d325 @A: 05 03 26 29 | 03
#0251-d325 @A: 18 03 29 06 | 09
#0252-d325 @A: 18 01 03 22 | 04
#0253-d325 @A: 23 33 03 12 | 06
#0254-d325 @A: 08 23 33 31 | 01
#0255-d325 @A: 31 21 18 10 | 05
#0256-d325 @A: 05 07 31 22 | 07
#0257-d325 @A: 32 01 31 07 | 11
#0258-d325 @A: 31 12 35 32 | 08
#0259-d325 @A: 33 20 28 31 | 12
#0260-d325 @A: 07 08 21 30 | 02
#0261-d325 @A: 21 06 08 33 | 10
#0262-d325 @A: 18 28 35 08 | 03
#0263-d325 @A: 21 26 10 11 | 09
#0264-d325 @A: 04 23 22 11 | 04
#0265-d325 @A: 18 11 28 33 | 06
#0266-d325 @A: 01 11 29 18 | 01
#0267-d325 @A: 29 32 11 23 | 05
#0268-d325 @A: 21 29 04 01 | 07
#0269-d325 @A: 32 21 33 07 | 11
#0270-d325 @A: 29 06 21 26 | 08
#0271-d325 @A: 12 29 22 21 | 12
#0272-d325 @A: 10 33 30 28 | 02
#0273-d325 @A: 20 05 30 16 | 10
#0274-d325 @A: 12 18 28 30 | 03
#0275-d325 @A: 32 23 33 10 | 09
#0276-d325 @A: 16 10 05 23 | 04
#0277-d325 @A: 34 27 06 02 | 06
#0278-d325 @A: 28 34 08 27 | 01
#0279-d325 @A: 27 10 33 34 | 05
#0280-d325 @A: 27 05 09 14 | 07
#0281-d325 @A: 27 30 09 33 | 11
#0282-d325 @A: 27 22 31 19 | 08
#0283-d325 @A: 11 32 27 19 | 12
#0284-d325 @A: 35 17 27 22 | 02
#0285-d325 @A: 27 25 24 05 | 10
#0286-d325 @A: 27 06 25 04 | 03
#0287-d325 @A: 02 27 10 26 | 09
#0288-d325 @A: 12 22 14 27 | 04
#0289-d325 @A: 27 21 31 20 | 06
#0290-d325 @A: 27 33 05 31 | 01
#0291-d325 @A: 10 35 27 21 | 05
#0292-d325 @A: 34 13 20 24 | 07
#0293-d325 @A: 02 34 22 13 | 11
#0294-d325 @A: 29 34 08 13 | 08
#0295-d325 @A: 16 34 25 15 | 12
#0296-d325 @A: 02 26 34 15 | 02
#0297-d325 @A: 34 15 10 06 | 10
#0298-d325 @A: 34 19 33 32 | 03
#0299-d325 @A: 24 01 28 34 | 09
#0300-d325 @A: 25 02 34 28 | 04
#0301-d325 @A: 02 32 34 01 | 06
#0302-d325 @A: 29 14 34 16 | 01
#0303-d325 @A: 31 03 04 34 | 05
#0304-d325 @A: 05 34 04 26 | 07
#0305-d325 @A: 34 01 28 18 | 11
#0306-d325 @A: 01 05 34 06 | 08
#0307-d325 @A: 12 34 05 32 | 12
#0308-d325 @A: 02 09 11 13 | 02
#0309-d325 @A: 35 13 09 20 | 10
#0310-d325 @A: 05 19 13 14 | 03
#0311-d325 @A: 07 24 01 13 | 09
#0312-d325 @A: 16 13 25 08 | 04
#0313-d325 @A: 25 13 06 11 | 06
#0314-d325 @A: 28 30 13 25 | 01
#0315-d325 @A: 33 14 13 11 | 05
#0316-d325 @A: 10 05 13 08 | 07
#0317-d325 @A: 13 28 06 08 | 11
#0318-d325 @A: 23 13 22 07 | 08
#0319-d325 @A: 20 13 22 16 | 12
#0320-d325 @A: 12 28 26 13 | 02
#0321-d325 @A: 35 11 09 19 | 10
#0322-d325 @A: 28 19 09 18 | 03
#0323-d325 @A: 17 14 23 09 | 09
#0324-d325 @A: 14 09 24 18 | 04
#0325-d325 @A: 24 26 09 06 | 06
#0326-d325 @A: 31 09 18 04 | 01
#0327-d325 @A: 09 08 21 29 | 05
#0328-d325 @A: 11 07 09 10 | 07
#0329-d325 @A: 28 09 26 07 | 11
#0330-d325 @A: 09 22 29 28 | 08
#0331-d325 @A: 19 11 15 03 | 12
#0332-d325 @A: 15 19 21 04 | 02
#0333-d325 @A: 07 17 02 15 | 10
#0334-d325 @A: 18 12 25 15 | 03
#0335-d325 @A: 02 15 10 30 | 09
#0336-d325 @A: 29 02 15 04 | 04
#0337-d325 @A: 23 15 06 02 | 06
#0338-d325 @A: 21 15 32 14 | 01
#0339-d325 @A: 03 22 31 15 | 05
#0340-d325 @A: 15 04 11 26 | 07
#0341-d325 @A: 18 22 15 07 | 11
#0342-d325 @A: 20 32 15 35 | 08
#0343-d325 @A: 19 28 17 30 | 12
#0344-d325 @A: 22 19 17 04 | 02
#0345-d325 @A: 05 16 19 17 | 10
#0346-d325 @A: 19 23 02 31 | 03
#0347-d325 @A: 03 32 19 28 | 09
#0348-d325 @A: 19 30 35 31 | 04
#0349-d325 @A: 31 19 20 01 | 06
#0350-d325 @A: 11 19 05 30 | 01
#0351-d325 @A: 16 07 11 19 | 05
#0352-d325 @A: 22 11 18 19 | 07
#0353-d325 @A: 28 35 19 21 | 11
#0354-d325 @A: 22 07 19 20 | 08
#0355-d325 @A: 29 28 20 19 | 12
#0356-d325 @A: 28 23 33 19 | 02
#0357-d325 @A: 19 05 12 28 | 10
#0358-d325 @A: 16 17 24 03 | 03
#0359-d325 @A: 01 17 24 18 | 09
#0360-d325 @A: 25 17 12 28 | 04
#0361-d325 @A: 25 17 16 32 | 06
#0362-d325 @A: 03 26 21 17 | 01
#0363-d325 @A: 10 17 07 03 | 05
#0364-d325 @A: 17 11 18 10 | 07
#0365-d325 @A: 05 21 17 28 | 11
#0366-d325 @A: 29 26 17 10 | 08
#0367-d325 @A: 17 01 12 32 | 12
#0368-d325 @A: 25 24 14 29 | 02
#0369-d325 @A: 01 25 24 11 | 10
#0370-d325 @A: 24 25 04 18 | 03
#0371-d325 @A: 24 10 31 30 | 09
#0372-d325 @A: 20 24 16 35 | 04
#0373-d325 @A: 24 12 22 35 | 06
#0374-d325 @A: 24 05 01 20 | 01
#0375-d325 @A: 32 06 01 24 | 05
#0376-d325 @A: 32 24 33 16 | 07
#0377-d325 @A: 30 03 12 25 | 11
#0378-d325 @A: 32 35 04 25 | 08
#0379-d325 @A: 26 07 25 06 | 12
#0380-d325 @A: 20 32 25 29 | 02
#0381-d325 @A: 21 02 14 29 | 10
#0382-d325 @A: 31 22 02 30 | 03
#0383-d325 @A: 08 02 11 33 | 09
#0384-d325 @A: 05 21 02 30 | 04
#0385-d325 @A: 02 07 33 05 | 06
#0386-d325 @A: 02 35 20 12 | 01
#0387-d325 @A: 29 02 01 20 | 05
#0388-d325 @A: 12 08 14 03 | 07
#0389-d325 @A: 14 04 35 22 | 11
#0390-d325 @A: 14 28 04 20 | 08
#0391-d325 @A: 07 06 05 14 | 12
#0392-d325 @A: 01 32 20 14 | 02
#0393-d325 @A: 18 29 14 28 | 10
#0394-d325 @A: 03 28 21 12 | 03
#0395-d325 @A: 03 20 07 33 | 09
#0396-d325 @A: 03 22 01 20 | 04
#0397-d325 @A: 33 03 28 05 | 06
#0398-d325 @A: 01 18 08 31 | 01
#0399-d325 @A: 31 29 33 04 | 05
#0400-d325 @A: 31 07 33 12 | 07
#0401-d325 @A: 06 35 28 31 | 11
#0402-d325 @A: 29 31 26 28 | 08
#0403-d325 @A: 31 01 22 29 | 12
#0404-d325 @A: 23 31 18 32 | 02
#0405-d325 @A: 08 05 11 26 | 10
#0406-d325 @A: 12 08 16 30 | 03
#0407-d325 @A: 04 33 01 08 | 09
#0408-d325 @A: 35 28 01 08 | 04
#0409-d325 @A: 23 26 20 08 | 06
#0410-d325 @A: 28 33 32 08 | 01
#0411-d325 @A: 04 20 07 11 | 05
#0412-d325 @A: 04 12 29 11 | 07
#0413-d325 @A: 01 21 30 23 | 11
#0414-d325 @A: 21 23 10 04 | 08
#0415-d325 @A: 04 21 12 35 | 12
#0416-d325 @A: 16 29 32 21 | 02
#0417-d325 @A: 35 30 32 29 | 10
#0418-d325 @A: 30 06 33 20 | 03
#0419-d325 @A: 12 22 30 26 | 09
#0420-d325 @A: 29 10 07 22 | 04
#0421-d325 @A: 20 26 16 10 | 06
#0422-d325 @A: 29 01 32 10 | 01
#0423-d325 @A: 10 32 06 26 | 05
#0424-d325 @A: 26 23 10 12 | 07
#0425-d325 @A: 12 10 33 05 | 11
#0426-d325 @A: 12 34 15 27 | 08
#0427-d325 @A: 24 02 27 04 | 12
#0428-d325 @A: 02 27 05 20 | 02
#0429-d325 @A: 27 08 14 06 | 10
#0430-d325 @A: 31 03 27 01 | 03
#0431-d325 @A: 23 27 08 11 | 09
#0432-d325 @A: 28 07 12 27 | 04
#0433-d325 @A: 27 18 35 16 | 06
#0434-d325 @A: 27 26 29 18 | 01
#0435-d325 @A: 05 06 27 29 | 05
#0436-d325 @A: 26 13 11 34 | 07
#0437-d325 @A: 11 34 09 12 | 11
#0438-d325 @A: 16 09 30 34 | 08
#0439-d325 @A: 01 15 21 34 | 12
#0440-d325 @A: 25 03 17 34 | 02
#0441-d325 @A: 34 10 17 22 | 10
#0442-d325 @A: 34 06 17 28 | 03
#0443-d325 @A: 06 25 34 21 | 09
#0444-d325 @A: 34 30 02 29 | 04
#0445-d325 @A: 23 34 03 21 | 06
#0446-d325 @A: 34 03 12 22 | 01
#0447-d325 @A: 34 21 33 12 | 05
#0448-d325 @A: 10 34 18 16 | 07
#0449-d325 @A: 12 29 34 35 | 11
#0450-d325 @A: 16 34 26 35 | 08
#0451-d325 @A: 34 33 20 05 | 12
#0452-d325 @A: 01 12 34 20 | 02
#0453-d325 @A: 31 19 03 13 | 10
#0454-d325 @A: 32 30 13 19 | 03
#0455-d325 @A: 13 04 10 19 | 09
#0456-d325 @A: 13 06 30 14 | 04
#0457-d325 @A: 13 05 07 35 | 06
#0458-d325 @A: 28 16 35 13 | 01
#0459-d325 @A: 13 22 32 35 | 05
#0460-d325 @A: 01 13 35 23 | 07
#0461-d325 @A: 29 09 03 25 | 11
#0462-d325 @A: 25 35 09 21 | 08
#0463-d325 @A: 09 12 25 26 | 12
#0464-d325 @A: 02 31 33 09 | 02
#0465-d325 @A: 02 09 08 20 | 10
#0466-d325 @A: 14 09 20 21 | 03
#0467-d325 @A: 26 05 09 31 | 09
#0468-d325 @A: 09 22 08 23 | 04
#0469-d325 @A: 09 35 10 18 | 06
#0470-d325 @A: 09 35 05 04 | 01
#0471-d325 @A: 09 35 07 06 | 05
#0472-d325 @A: 09 18 32 01 | 07
#0473-d325 @A: 15 28 03 17 | 11
#0474-d325 @A: 01 15 18 14 | 08
#0475-d325 @A: 32 03 15 10 | 12
#0476-d325 @A: 10 15 16 28 | 02
#0477-d325 @A: 04 05 22 15 | 10
#0478-d325 @A: 29 15 07 32 | 03
#0479-d325 @A: 19 08 25 05 | 09
#0480-d325 @A: 25 19 32 07 | 04
#0481-d325 @A: 18 07 19 02 | 06
#0482-d325 @A: 03 19 33 30 | 01
#0483-d325 @A: 19 22 03 10 | 05
#0484-d325 @A: 10 19 08 01 | 07
#0485-d325 @A: 30 21 10 19 | 11
#0486-d325 @A: 20 05 19 26 | 08
#0487-d325 @A: 33 18 19 05 | 12
#0488-d325 @A: 31 02 26 17 | 02
#0489-d325 @A: 17 31 14 28 | 10
#0490-d325 @A: 03 35 17 04 | 03
#0491-d325 @A: 30 17 29 21 | 09
#0492-d325 @A: 30 18 17 33 | 04
#0493-d325 @A: 17 04 20 29 | 06
#0494-d325 @A: 05 29 35 17 | 01
#0495-d325 @A: 35 06 33 17 | 05
#0496-d325 @A: 17 29 12 33 | 07
#0497-d325 @A: 30 23 24 25 | 11
#0498-d325 @A: 23 31 14 24 | 08
#0499-d325 @A: 35 24 21 26 | 12
#0500-d325 @A: 33 24 22 30 | 02
#0501-d325 @A: 23 24 06 28 | 10
#0502-d325 @A: 24 26 05 12 | 03
#0503-d325 @A: 25 02 01 21 | 09
#0504-d325 @A: 30 02 25 20 | 04
#0505-d325 @A: 25 14 05 03 | 06
#0506-d325 @A: 30 26 31 25 | 01
#0507-d325 @A: 10 25 26 08 | 05
#0508-d325 @A: 16 10 25 11 | 07
#0509-d325 @A: 25 04 21 30 | 11
#0510-d325 @A: 25 20 04 12 | 08
#0511-d325 @A: 20 28 25 18 | 12
#0512-d325 @A: 28 25 01 29 | 02
#0513-d325 @A: 26 16 05 25 | 10
#0514-d325 @A: 25 01 32 22 | 03
#0515-d325 @A: 23 06 01 25 | 09
#0516-d325 @A: 25 33 32 05 | 04
#0517-d325 @A: 06 02 03 31 | 06
#0518-d325 @A: 33 02 26 01 | 01
#0519-d325 @A: 32 22 16 02 | 05
#0520-d325 @A: 06 32 02 05 | 07
#0521-d325 @A: 07 03 31 14 | 11
#0522-d325 @A: 14 03 32 18 | 08
#0523-d325 @A: 31 14 04 30 | 12
#0524-d325 @A: 08 22 14 29 | 02
#0525-d325 @A: 11 14 16 30 | 10
#0526-d325 @A: 03 23 32 20 | 03
#0527-d325 @A: 22 06 26 03 | 09
#0528-d325 @A: 30 31 08 01 | 04
#0529-d325 @A: 21 23 31 11 | 06
#0530-d325 @A: 16 10 31 12 | 01
#0531-d325 @A: 06 26 31 20 | 05
#0532-d325 @A: 07 28 04 08 | 07
#0533-d325 @A: 16 08 28 22 | 11
#0534-d325 @A: 11 07 28 22 | 08
#0535-d325 @A: 11 20 06 29 | 12
#0536-d325 @A: 16 01 11 20 | 02
#0537-d325 @A: 20 12 11 18 | 10
#0538-d325 @A: 12 26 18 21 | 03
#0539-d325 @A: 33 18 01 21 | 09
#0540-d325 @A: 16 12 21 01 | 04
#0541-d325 @A: 30 04 26 20 | 06
#0542-d325 @A: 29 30 16 04 | 01
#0543-d325 @A: 26 30 23 28 | 05
#0544-d325 @A: 28 30 32 06 | 07
#0545-d325 @A: 35 10 06 16 | 11
#0546-d325 @A: 28 22 10 23 | 08
#0547-d325 @A: 18 07 16 26 | 12
#0548-d325 @A: 27 34 17 07 | 02
#0549-d325 @A: 25 13 27 12 | 10
#0550-d325 @A: 09 01 15 27 | 03
#0551-d325 @A: 26 27 25 17 | 09
#0552-d325 @A: 08 29 17 27 | 04
#0553-d325 @A: 28 17 32 27 | 06
#0554-d325 @A: 12 29 24 27 | 01
#0555-d325 @A: 25 27 22 28 | 05
#0556-d325 @A: 23 21 27 14 | 07
#0557-d325 @A: 33 27 32 14 | 11
#0558-d325 @A: 30 31 29 27 | 08
#0559-d325 @A: 11 30 27 28 | 12
#0560-d325 @A: 27 05 21 12 | 02
#0561-d325 @A: 27 23 04 30 | 10
#0562-d325 @A: 01 29 27 23 | 03
#0563-d325 @A: 32 13 34 10 | 09
#0564-d325 @A: 09 34 31 19 | 04
#0565-d325 @A: 34 28 22 19 | 06
#0566-d325 @A: 16 24 34 02 | 01
#0567-d325 @A: 34 01 33 25 | 05
#0568-d325 @A: 18 34 08 20 | 07
#0569-d325 @A: 04 32 20 34 | 11
#0570-d325 @A: 20 07 35 34 | 08
#0571-d325 @A: 34 29 01 26 | 12
#0572-d325 @A: 13 24 09 22 | 02
#0573-d325 @A: 09 25 05 13 | 10
#0574-d325 @A: 24 13 28 15 | 03
#0575-d325 @A: 19 08 13 07 | 09
#0576-d325 @A: 13 31 24 35 | 04
#0577-d325 @A: 13 04 14 25 | 06
#0578-d325 @A: 20 31 25 13 | 01
#0579-d325 @A: 02 13 35 08 | 05
#0580-d325 @A: 02 04 30 13 | 07
#0581-d325 @A: 28 13 07 14 | 11
#0582-d325 @A: 23 28 13 03 | 08
#0583-d325 @A: 32 31 11 13 | 12
#0584-d325 @A: 28 13 22 33 | 02
#0585-d325 @A: 15 29 09 19 | 10
#0586-d325 @A: 15 09 31 28 | 03
#0587-d325 @A: 09 15 06 30 | 09
#0588-d325 @A: 26 15 10 09 | 04
#0589-d325 @A: 17 22 09 31 | 06
#0590-d325 @A: 33 05 09 17 | 01
#0591-d325 @A: 09 22 02 21 | 05
#0592-d325 @A: 14 33 10 09 | 07
#0593-d325 @A: 20 18 03 09 | 11
#0594-d325 @A: 09 32 21 31 | 08
#0595-d325 @A: 31 29 07 09 | 12
#0596-d325 @A: 18 09 08 33 | 02
#0597-d325 @A: 04 22 26 09 | 10
#0598-d325 @A: 12 09 16 20 | 03
#0599-d325 @A: 28 06 09 05 | 09
#0600-d325 @A: 12 18 09 22 | 04
#0601-d325 @A: 07 30 15 19 | 06
#0602-d325 @A: 01 15 19 22 | 01
#0603-d325 @A: 15 24 17 26 | 05
#0604-d325 @A: 35 05 24 15 | 07
#0605-d325 @A: 04 03 25 15 | 11
#0606-d325 @A: 12 11 25 15 | 08
#0607-d325 @A: 15 32 30 25 | 12
#0608-d325 @A: 35 15 07 25 | 02
#0609-d325 @A: 15 03 30 23 | 10
#0610-d325 @A: 15 35 29 03 | 03
#0611-d325 @A: 01 35 31 15 | 09
#0612-d325 @A: 08 04 15 30 | 04
#0613-d325 @A: 11 15 16 21 | 06
#0614-d325 @A: 21 15 22 10 | 01
#0615-d325 @A: 15 04 18 21 | 05
#0616-d325 @A: 15 30 20 28 | 07
#0617-d325 @A: 15 05 28 07 | 11
#0618-d325 @A: 35 15 22 33 | 08
#0619-d325 @A: 33 16 20 15 | 12
#0620-d325 @A: 19 25 35 24 | 02
#0621-d325 @A: 05 19 24 02 | 10
#0622-d325 @A: 24 29 19 08 | 03
#0623-d325 @A: 19 04 25 31 | 09
#0624-d325 @A: 02 26 19 03 | 04
#0625-d325 @A: 08 19 14 35 | 06
#0626-d325 @A: 32 14 19 04 | 01
#0627-d325 @A: 16 19 03 35 | 05
#0628-d325 @A: 08 19 30 20 | 07
#0629-d325 @A: 05 04 19 06 | 11
#0630-d325 @A: 04 18 19 06 | 08
#0631-d325 @A: 19 22 35 06 | 12
#0632-d325 @A: 04 25 11 17 | 02
#0633-d325 @A: 16 17 07 35 | 10
#0634-d325 @A: 01 20 35 17 | 03
#0635-d325 @A: 35 17 18 06 | 09
#0636-d325 @A: 26 33 28 17 | 04
#0637-d325 @A: 22 26 17 16 | 06
#0638-d325 @A: 18 02 05 24 | 01
#0639-d325 @A: 05 03 11 24 | 05
#0640-d325 @A: 08 24 30 32 | 07
#0641-d325 @A: 24 11 04 10 | 11
#0642-d325 @A: 21 18 07 24 | 08
#0643-d325 @A: 07 24 26 33 | 12
#0644-d325 @A: 07 24 05 16 | 02
#0645-d325 @A: 29 22 23 24 | 10
#0646-d325 @A: 24 16 01 29 | 03
#0647-d325 @A: 18 32 24 26 | 09
#0648-d325 @A: 18 01 25 02 | 04
#0649-d325 @A: 10 14 32 25 | 06
#0650-d325 @A: 33 25 12 14 | 01
#0651-d325 @A: 11 33 25 03 | 05
#0652-d325 @A: 21 12 08 25 | 07
#0653-d325 @A: 20 01 08 25 | 11
#0654-d325 @A: 11 07 30 25 | 08
#0655-d325 @A: 22 25 04 16 | 12
#0656-d325 @A: 25 07 22 12 | 02
#0657-d325 @A: 06 28 16 25 | 10
#0658-d325 @A: 11 21 02 12 | 03
#0659-d325 @A: 11 30 02 06 | 09
#0660-d325 @A: 29 02 23 28 | 04
#0661-d325 @A: 10 14 16 03 | 06
#0662-d325 @A: 10 14 08 04 | 01
#0663-d325 @A: 07 14 22 21 | 05
#0664-d325 @A: 33 14 07 18 | 07
#0665-d325 @A: 03 20 31 30 | 11
#0666-d325 @A: 21 06 11 03 | 08
#0667-d325 @A: 30 05 06 03 | 12
#0668-d325 @A: 04 29 03 06 | 02
#0669-d325 @A: 10 11 22 31 | 10
#0670-d325 @A: 04 16 07 31 | 03
#0671-d325 @A: 06 18 35 31 | 09
#0672-d325 @A: 05 23 31 35 | 04
#0673-d325 @A: 08 07 11 01 | 06
#0674-d325 @A: 11 12 32 08 | 01
#0675-d325 @A: 12 07 26 08 | 05
#0676-d325 @A: 32 06 23 08 | 07
#0677-d325 @A: 08 06 32 18 | 11
#0678-d325 @A: 08 05 33 16 | 08
#0679-d325 @A: 22 11 01 06 | 12
#0680-d325 @A: 20 35 29 21 | 02
#0681-d325 @A: 26 35 18 21 | 10
#0682-d325 @A: 22 33 01 21 | 03
#0683-d325 @A: 21 23 16 22 | 09
#0684-d325 @A: 22 30 04 01 | 04
#0685-d325 @A: 01 30 12 28 | 06
#0686-d325 @A: 22 04 20 10 | 01
#0687-d325 @A: 22 35 10 01 | 05
#0688-d325 @A: 33 01 10 20 | 07
#0689-d325 @A: 26 10 05 22 | 11
#0690-d325 @A: 22 28 26 18 | 08
#0691-d325 @A: 32 34 30 27 | 12
#0692-d325 @A: 20 27 29 34 | 02
#0693-d325 @A: 13 31 14 27 | 10
#0694-d325 @A: 13 27 03 35 | 03
#0695-d325 @A: 26 30 13 27 | 09
#0696-d325 @A: 09 27 23 02 | 04
#0697-d325 @A: 20 27 03 09 | 06
#0698-d325 @A: 04 27 09 08 | 01
#0699-d325 @A: 26 27 19 15 | 05
#0700-d325 @A: 31 15 27 18 | 07
#0701-d325 @A: 27 05 19 35 | 11
#0702-d325 @A: 05 03 27 17 | 08
#0703-d325 @A: 03 17 27 18 | 12
#0704-d325 @A: 06 27 24 21 | 02
#0705-d325 @A: 25 02 27 29 | 10
#0706-d325 @A: 21 03 27 25 | 03
#0707-d325 @A: 27 26 28 03 | 09
#0708-d325 @A: 08 26 27 31 | 04
#0709-d325 @A: 27 04 07 10 | 06
#0710-d325 @A: 32 27 20 07 | 01
#0711-d325 @A: 27 26 07 05 | 05
#0712-d325 @A: 27 07 06 23 | 07
#0713-d325 @A: 06 33 28 27 | 11
#0714-d325 @A: 23 27 26 33 | 08
#0715-d325 @A: 01 27 12 33 | 12
#0716-d325 @A: 15 09 32 34 | 02
#0717-d325 @A: 34 07 02 09 | 10
#0718-d325 @A: 23 34 31 15 | 03
#0719-d325 @A: 21 34 14 17 | 09
#0720-d325 @A: 34 17 33 23 | 04
#0721-d325 @A: 34 24 12 31 | 06
#0722-d325 @A: 33 34 24 08 | 01
#0723-d325 @A: 34 35 24 30 | 05
#0724-d325 @A: 25 34 14 07 | 07
#0725-d325 @A: 34 22 11 25 | 11
#0726-d325 @A: 25 23 34 12 | 08
#0727-d325 @A: 34 20 14 06 | 12
#0728-d325 @A: 20 31 34 11 | 02
#0729-d325 @A: 29 23 05 34 | 10
#0730-d325 @A: 13 15 02 31 | 03
#0731-d325 @A: 25 19 22 13 | 09
#0732-d325 @A: 13 23 32 17 | 04
#0733-d325 @A: 13 25 11 18 | 06
#0734-d325 @A: 05 13 02 16 | 01
#0735-d325 @A: 10 13 14 22 | 05
#0736-d325 @A: 03 22 30 13 | 07
#0737-d325 @A: 13 18 10 08 | 11
#0738-d325 @A: 30 12 35 13 | 08
#0739-d325 @A: 04 23 13 12 | 12
#0740-d325 @A: 16 32 12 13 | 02
#0741-d325 @A: 30 22 19 09 | 10
#0742-d325 @A: 17 30 04 09 | 03
#0743-d325 @A: 09 05 24 30 | 09
#0744-d325 @A: 09 06 12 02 | 04
#0745-d325 @A: 30 09 07 14 | 06
#0746-d325 @A: 01 09 03 08 | 01
#0747-d325 @A: 29 11 09 30 | 05
#0748-d325 @A: 18 09 23 30 | 07
#0749-d325 @A: 35 02 15 19 | 11
#0750-d325 @A: 20 14 19 15 | 08
#0751-d325 @A: 17 15 18 26 | 12
#0752-d325 @A: 15 24 12 23 | 02
#0753-d325 @A: 10 25 01 15 | 10
#0754-d325 @A: 02 20 15 21 | 03
#0755-d325 @A: 08 16 15 31 | 09
#0756-d325 @A: 15 28 06 29 | 04
#0757-d325 @A: 15 29 18 32 | 06
#0758-d325 @A: 06 32 16 15 | 01
#0759-d325 @A: 19 04 24 30 | 05
#0760-d325 @A: 21 19 25 14 | 07
#0761-d325 @A: 03 25 19 06 | 11
#0762-d325 @A: 29 19 31 11 | 08
#0763-d325 @A: 19 20 23 35 | 12
#0764-d325 @A: 19 23 18 35 | 02
#0765-d325 @A: 19 06 01 33 | 10
#0766-d325 @A: 19 16 32 23 | 03
#0767-d325 @A: 17 31 24 29 | 09
#0768-d325 @A: 17 24 12 11 | 04
#0769-d325 @A: 17 25 10 33 | 06
#0770-d325 @A: 17 03 33 02 | 01
#0771-d325 @A: 30 17 03 01 | 05
#0772-d325 @A: 31 32 17 30 | 07
#0773-d325 @A: 23 17 11 16 | 11
#0774-d325 @A: 20 29 18 17 | 08
#0775-d325 @A: 32 17 29 22 | 12
#0776-d325 @A: 03 25 24 22 | 02
#0777-d325 @A: 02 14 24 35 | 10
#0778-d325 @A: 14 24 03 20 | 03
#0779-d325 @A: 04 21 24 14 | 09
#0780-d325 @A: 16 22 18 24 | 04
#0781-d325 @A: 31 25 12 02 | 06
#0782-d325 @A: 14 05 25 18 | 01
#0783-d325 @A: 03 28 25 10 | 05
#0784-d325 @A: 03 23 35 25 | 07
#0785-d325 @A: 01 26 04 25 | 11
#0786-d325 @A: 01 31 02 14 | 08
#0787-d325 @A: 21 07 02 03 | 12
#0788-d325 @A: 02 18 26 04 | 02
#0789-d325 @A: 06 16 07 02 | 10
#0790-d325 @A: 02 20 28 16 | 03
#0791-d325 @A: 20 02 33 32 | 09
#0792-d325 @A: 31 11 14 26 | 04
#0793-d325 @A: 05 30 01 14 | 06
#0794-d325 @A: 14 04 26 06 | 01
#0795-d325 @A: 05 12 04 14 | 05
#0796-d325 @A: 33 14 20 29 | 07
#0797-d325 @A: 14 22 28 26 | 11
#0798-d325 @A: 08 31 05 03 | 08
#0799-d325 @A: 03 31 33 18 | 12
#0800-d325 @A: 10 18 03 26 | 02
#0801-d325 @A: 07 26 04 03 | 10
#0802-d325 @A: 35 07 28 03 | 03
#0803-d325 @A: 31 33 01 11 | 09
#0804-d325 @A: 30 31 28 16 | 04
#0805-d325 @A: 31 22 35 20 | 06
#0806-d325 @A: 20 05 12 31 | 01
#0807-d325 @A: 16 05 06 31 | 05
#0808-d325 @A: 08 20 16 07 | 07
#0809-d325 @A: 20 08 12 28 | 11
#0810-d325 @A: 08 16 18 29 | 08
#0811-d325 @A: 33 22 12 08 | 12
#0812-d325 @A: 07 23 11 33 | 02
#0813-d325 @A: 05 12 07 11 | 10
#0814-d325 @A: 22 05 35 11 | 03
#0815-d325 @A: 28 26 06 11 | 09
#0816-d325 @A: 04 05 21 33 | 04
#0817-d325 @A: 21 35 07 01 | 06
#0818-d325 @A: 32 28 01 21 | 01
#0819-d325 @A: 23 21 05 06 | 05
#0820-d325 @A: 30 10 20 35 | 07
#0821-d325 @A: 30 10 29 23 | 11
#0822-d325 @A: 10 12 32 30 | 08
#0823-d325 @A: 33 04 10 26 | 12
#0824-d325 @A: 10 06 20 23 | 02
#0825-d325 @A: 12 18 29 04 | 10
#0826-d325 @A: 01 35 20 18 | 03
#0827-d325 @A: 18 16 05 28 | 09
#0828-d325 @A: 18 23 26 33 | 04
#0829-d325 @A: 04 27 34 21 | 06
#0830-d325 @A: 09 06 27 17 | 01
#0831-d325 @A: 17 14 04 27 | 05
#0832-d325 @A: 14 27 26 24 | 07
#0833-d325 @A: 24 28 31 27 | 11
#0834-d325 @A: 11 16 27 24 | 08
#0835-d325 @A: 27 14 25 01 | 12
#0836-d325 @A: 27 02 32 08 | 02
#0837-d325 @A: 03 27 11 12 | 10
#0838-d325 @A: 27 04 05 01 | 03
#0839-d325 @A: 22 16 27 06 | 09
#0840-d325 @A: 34 21 09 24 | 04
#0841-d325 @A: 34 15 24 04 | 06
#0842-d325 @A: 21 19 34 07 | 01
#0843-d325 @A: 34 19 30 18 | 05
#0844-d325 @A: 35 10 19 34 | 07
#0845-d325 @A: 07 34 24 11 | 11
#0846-d325 @A: 25 31 29 34 | 08
#0847-d325 @A: 34 33 14 02 | 12
#0848-d325 @A: 34 02 18 12 | 02
#0849-d325 @A: 34 30 26 14 | 10
#0850-d325 @A: 26 03 08 34 | 03
#0851-d325 @A: 07 03 34 05 | 09
#0852-d325 @A: 34 18 11 32 | 04
#0853-d325 @A: 06 21 18 34 | 06
#0854-d325 @A: 28 34 26 20 | 01
#0855-d325 @A: 28 09 21 13 | 05
#0856-d325 @A: 13 10 30 09 | 07
#0857-d325 @A: 17 19 13 35 | 11
#0858-d325 @A: 29 19 02 13 | 08
#0859-d325 @A: 19 01 28 13 | 12
#0860-d325 @A: 13 24 25 32 | 02
#0861-d325 @A: 13 21 33 25 | 10
#0862-d325 @A: 02 13 10 01 | 03
#0863-d325 @A: 04 13 18 14 | 09
#0864-d325 @A: 08 30 13 23 | 04
#0865-d325 @A: 30 21 16 13 | 06
#0866-d325 @A: 10 13 07 21 | 01
#0867-d325 @A: 33 35 13 10 | 05
#0868-d325 @A: 06 20 13 07 | 07
#0869-d325 @A: 13 07 16 26 | 11
#0870-d325 @A: 13 28 20 32 | 08
#0871-d325 @A: 29 13 06 22 | 12
#0872-d325 @A: 15 09 24 02 | 02
#0873-d325 @A: 12 15 09 05 | 10
#0874-d325 @A: 03 24 33 09 | 03
#0875-d325 @A: 31 09 24 20 | 09
#0876-d325 @A: 11 24 32 09 | 04
#0877-d325 @A: 09 02 28 30 | 06
#0878-d325 @A: 16 01 02 09 | 01
#0879-d325 @A: 16 08 09 14 | 05
#0880-d325 @A: 09 30 12 21 | 07
#0881-d325 @A: 20 06 09 04 | 11
#0882-d325 @A: 09 07 01 12 | 08
#0883-d325 @A: 35 09 28 32 | 12
#0884-d325 @A: 26 20 29 09 | 02
#0885-d325 @A: 20 09 01 23 | 10
#0886-d325 @A: 28 23 09 12 | 03
#0887-d325 @A: 29 05 09 16 | 09
#0888-d325 @A: 32 09 26 16 | 04
#0889-d325 @A: 24 19 15 06 | 06
#0890-d325 @A: 14 16 15 17 | 01
#0891-d325 @A: 17 10 15 04 | 05
#0892-d325 @A: 15 02 14 05 | 07
#0893-d325 @A: 21 26 15 30 | 11
#0894-d325 @A: 22 15 18 30 | 08
#0895-d325 @A: 20 12 29 15 | 12
#0896-d325 @A: 32 01 23 15 | 02
#0897-d325 @A: 17 25 19 29 | 10
#0898-d325 @A: 12 17 19 02 | 03
#0899-d325 @A: 33 08 17 19 | 09
#0900-d325 @A: 10 19 28 24 | 04
#0901-d325 @A: 04 19 02 20 | 06
#0902-d325 @A: 31 14 19 16 | 01
#0903-d325 @A: 20 19 12 03 | 05
#0904-d325 @A: 19 10 11 33 | 07
#0905-d325 @A: 33 20 21 19 | 11
#0906-d325 @A: 16 28 26 19 | 08
#0907-d325 @A: 18 26 01 19 | 12
#0908-d325 @A: 02 17 32 24 | 02
#0909-d325 @A: 23 25 17 21 | 10
#0910-d325 @A: 02 17 28 11 | 03
#0911-d325 @A: 10 20 17 02 | 09
#0912-d325 @A: 18 17 28 14 | 04
#0913-d325 @A: 26 01 17 14 | 06
#0914-d325 @A: 03 17 12 31 | 01
#0915-d325 @A: 17 10 05 31 | 05
#0916-d325 @A: 10 17 08 23 | 07
#0917-d325 @A: 05 08 20 17 | 11
#0918-d325 @A: 17 23 04 26 | 08
#0919-d325 @A: 07 01 17 29 | 12
#0920-d325 @A: 17 12 23 07 | 02
#0921-d325 @A: 12 17 35 26 | 10
#0922-d325 @A: 20 32 17 26 | 03
#0923-d325 @A: 07 02 24 30 | 09
#0924-d325 @A: 08 23 24 21 | 04
#0925-d325 @A: 24 20 08 06 | 06
#0926-d325 @A: 24 21 33 11 | 01
#0927-d325 @A: 26 30 24 11 | 05
#0928-d325 @A: 20 07 24 29 | 07
#0929-d325 @A: 24 18 35 33 | 11
#0930-d325 @A: 32 24 05 28 | 08
#0931-d325 @A: 32 26 29 24 | 12
#0932-d325 @A: 29 18 24 23 | 02
#0933-d325 @A: 03 02 32 25 | 10
#0934-d325 @A: 21 10 25 29 | 03
#0935-d325 @A: 06 05 25 10 | 09
#0936-d325 @A: 29 16 25 12 | 04
#0937-d325 @A: 29 35 02 16 | 06
#0938-d325 @A: 05 26 02 28 | 01
#0939-d325 @A: 29 02 06 33 | 05
#0940-d325 @A: 31 21 05 14 | 07
#0941-d325 @A: 14 20 11 08 | 11
#0942-d325 @A: 08 14 21 26 | 08
#0943-d325 @A: 21 28 14 11 | 12
#0944-d325 @A: 23 10 01 14 | 02
#0945-d325 @A: 14 12 35 01 | 10
#0946-d325 @A: 14 22 32 06 | 03
#0947-d325 @A: 14 12 23 16 | 09
#0948-d325 @A: 11 04 30 03 | 04
#0949-d325 @A: 22 07 16 03 | 06
#0950-d325 @A: 33 01 35 03 | 01
#0951-d325 @A: 20 03 28 06 | 05
#0952-d325 @A: 03 16 28 01 | 07
#0953-d325 @A: 04 32 31 28 | 11
#0954-d325 @A: 33 16 35 31 | 08
#0955-d325 @A: 28 01 05 31 | 12
#0956-d325 @A: 05 18 12 31 | 02
#0957-d325 @A: 04 23 35 08 | 10
#0958-d325 @A: 35 16 32 08 | 03
#0959-d325 @A: 20 08 22 32 | 09
#0960-d325 @A: 08 28 29 05 | 04
#0961-d325 @A: 08 26 01 32 | 06
#0962-d325 @A: 11 22 30 32 | 01
#0963-d325 @A: 11 18 05 35 | 05
#0964-d325 @A: 11 16 12 35 | 07
#0965-d325 @A: 11 26 01 12 | 11
#0966-d325 @A: 06 21 07 04 | 08
#0967-d325 @A: 33 21 23 35 | 12
#0968-d325 @A: 23 28 20 21 | 02
#0969-d325 @A: 35 04 30 28 | 10
#0970-d325 @A: 32 04 05 30 | 03
#0971-d325 @A: 22 35 07 30 | 09
#0972-d325 @A: 30 01 29 33 | 04
#0973-d325 @A: 30 16 32 01 | 06
#0974-d325 @A: 32 30 18 16 | 01
#0975-d325 @A: 06 07 18 10 | 05
#0976-d325 @A: 10 16 29 33 | 07
#0977-d325 @A: 04 18 22 35 | 11
#0978-d325 @A: 18 32 07 05 | 08
#0979-d325 @A: 18 12 33 06 | 12
#0980-d325 @A: 34 09 27 26 | 02
#0981-d325 @A: 07 27 34 18 | 10
#0982-d325 @A: 02 13 27 28 | 03
#0983-d325 @A: 32 27 18 13 | 09
#0984-d325 @A: 28 27 09 19 | 04
#0985-d325 @A: 31 27 12 09 | 06
#0986-d325 @A: 16 21 27 09 | 01
#0987-d325 @A: 08 15 20 27 | 05
#0988-d325 @A: 20 17 33 27 | 07
#0989-d325 @A: 27 28 24 18 | 11
#0990-d325 @A: 14 11 27 02 | 08
#0991-d325 @A: 14 16 27 35 | 12
#0992-d325 @A: 05 30 27 08 | 02
#0993-d325 @A: 10 27 11 01 | 10
#0994-d325 @A: 27 26 04 29 | 03
#0995-d325 @A: 23 05 27 28 | 09
#0996-d325 @A: 34 31 28 13 | 04
#0997-d325 @A: 17 09 34 01 | 06
#0998-d325 @A: 34 23 15 18 | 01
#0999-d325 @A: 14 34 01 19 | 05
#1000-d325 @A: 19 08 04 34 | 07
#1001-d325 @A: 24 34 03 06 | 11
#1002-d325 @A: 18 34 25 26 | 08
#1003-d325 @A: 03 30 34 10 | 12
#1004-d325 @A: 34 31 33 30 | 02
#1005-d325 @A: 07 28 33 34 | 10
#1006-d325 @A: 32 14 13 09 | 03
#1007-d325 @A: 33 13 15 30 | 09
#1008-d325 @A: 14 17 13 29 | 04
#1009-d325 @A: 06 10 24 13 | 06
#1010-d325 @A: 03 13 12 02 | 01
#1011-d325 @A: 26 03 14 13 | 05
#1012-d325 @A: 03 18 12 13 | 07
#1013-d325 @A: 13 29 16 11 | 11
#1014-d325 @A: 18 16 21 13 | 08
#1015-d325 @A: 18 13 30 10 | 12
#1016-d325 @A: 04 13 35 06 | 02
#1017-d325 @A: 13 01 26 20 | 10
#1018-d325 @A: 13 26 32 05 | 03
#1019-d325 @A: 16 13 01 06 | 09
#1020-d325 @A: 33 09 15 25 | 04
#1021-d325 @A: 09 07 19 03 | 06
#1022-d325 @A: 19 26 08 09 | 01
#1023-d325 @A: 25 09 24 17 | 05
#1024-d325 @A: 17 21 09 07 | 07
#1025-d325 @A: 09 14 24 28 | 11
#1026-d325 @A: 24 23 09 07 | 08
#1027-d325 @A: 09 02 04 25 | 12
#1028-d325 @A: 08 06 25 09 | 02
#1029-d325 @A: 10 09 25 22 | 10
#1030-d325 @A: 33 09 08 07 | 03
#1031-d325 @A: 09 04 07 32 | 09
#1032-d325 @A: 12 09 35 33 | 04
#1033-d325 @A: 18 03 15 19 | 06
#1034-d325 @A: 15 17 12 30 | 01
#1035-d325 @A: 18 24 15 20 | 05
#1036-d325 @A: 22 15 25 02 | 07
#1037-d325 @A: 25 15 31 06 | 11
#1038-d325 @A: 06 14 03 15 | 08
#1039-d325 @A: 12 14 15 31 | 12
#1040-d325 @A: 15 10 14 35 | 02
#1041-d325 @A: 21 03 15 08 | 10
#1042-d325 @A: 07 21 31 15 | 03
#1043-d325 @A: 15 07 11 06 | 09
#1044-d325 @A: 15 10 28 18 | 04
#1045-d325 @A: 12 28 15 35 | 06
#1046-d325 @A: 15 18 05 06 | 01
#1047-d325 @A: 15 18 16 33 | 05
#1048-d325 @A: 19 31 24 26 | 07
#1049-d325 @A: 16 10 02 19 | 11
#1050-d325 @A: 19 12 11 14 | 08
#1051-d325 @A: 19 03 05 21 | 12
#1052-d325 @A: 01 04 23 19 | 02
#1053-d325 @A: 06 07 28 19 | 10
#1054-d325 @A: 24 17 01 08 | 03
#1055-d325 @A: 32 17 14 35 | 09
#1056-d325 @A: 20 17 21 11 | 04
#1057-d325 @A: 17 28 35 23 | 06
#1058-d325 @A: 18 22 17 32 | 01
#1059-d325 @A: 05 23 17 01 | 05
#1060-d325 @A: 24 33 25 31 | 07
#1061-d325 @A: 24 02 01 12 | 11
#1062-d325 @A: 07 10 14 24 | 08
#1063-d325 @A: 03 26 10 24 | 12
#1064-d325 @A: 12 04 24 03 | 02
#1065-d325 @A: 04 24 05 31 | 10
#1066-d325 @A: 08 16 24 10 | 03
#1067-d325 @A: 07 24 21 12 | 09
#1068-d325 @A: 22 07 04 24 | 04
#1069-d325 @A: 12 24 06 33 | 06
#1070-d325 @A: 14 25 02 08 | 01
#1071-d325 @A: 25 16 02 23 | 05
#1072-d325 @A: 22 25 31 08 | 07
#1073-d325 @A: 11 32 21 25 | 11
#1074-d325 @A: 35 22 25 29 | 08
#1075-d325 @A: 18 02 14 30 | 12
#1076-d325 @A: 03 02 08 28 | 02
#1077-d325 @A: 31 02 28 10 | 10
#1078-d325 @A: 16 26 21 02 | 03
#1079-d325 @A: 26 32 04 02 | 09
#1080-d325 @A: 35 02 28 22 | 04
#1081-d325 @A: 06 02 18 28 | 06
#1082-d325 @A: 29 02 05 22 | 01
#1083-d325 @A: 23 12 05 02 | 05
#1084-d325 @A: 03 14 32 11 | 07
#1085-d325 @A: 14 35 03 30 | 11
#1086-d325 @A: 26 18 14 31 | 08
#1087-d325 @A: 14 33 31 06 | 12
#1088-d325 @A: 28 08 14 30 | 02
#1089-d325 @A: 07 14 23 20 | 10
#1090-d325 @A: 11 31 28 03 | 03
#1091-d325 @A: 21 33 03 16 | 09
#1092-d325 @A: 03 30 18 35 | 04
#1093-d325 @A: 03 10 05 01 | 06
#1094-d325 @A: 23 28 07 31 | 01
#1095-d325 @A: 29 26 33 08 | 05
#1096-d325 @A: 11 10 20 32 | 07
#1097-d325 @A: 07 11 23 18 | 11
#1098-d325 @A: 29 35 11 01 | 08
#1099-d325 @A: 20 11 33 26 | 12
#1100-d325 @A: 11 23 01 28 | 02
#1101-d325 @A: 22 16 33 11 | 10
#1102-d325 @A: 04 22 32 21 | 03
#1103-d325 @A: 05 21 07 29 | 09
#1104-d325 @A: 12 26 21 20 | 04
#1105-d325 @A: 05 20 21 32 | 06
#1106-d325 @A: 18 21 32 20 | 01
#1107-d325 @A: 22 10 16 30 | 05
#1108-d325 @A: 01 30 20 07 | 07
#1109-d325 @A: 30 07 33 16 | 11
#1110-d325 @A: 30 06 26 18 | 08
#1111-d325 @A: 28 10 05 04 | 12
#1112-d325 @A: 12 10 04 01 | 02
#1113-d325 @A: 23 10 35 07 | 10
#1114-d325 @A: 10 23 20 18 | 03
#1115-d325 @A: 22 18 10 05 | 09
#1116-d325 @A: 25 19 27 34 | 04
#1117-d325 @A: 24 34 22 27 | 06
#1118-d325 @A: 16 31 34 27 | 01
#1119-d325 @A: 20 19 13 27 | 05
#1120-d325 @A: 17 13 27 24 | 07
#1121-d325 @A: 13 16 10 27 | 11
#1122-d325 @A: 22 11 27 09 | 08
#1123-d325 @A: 28 27 15 21 | 12
#1124-d325 @A: 05 27 15 10 | 02
#1125-d325 @A: 27 19 23 10 | 10
#1126-d325 @A: 19 12 27 18 | 03
#1127-d325 @A: 14 28 27 10 | 09
#1128-d325 @A: 08 27 16 03 | 04
#1129-d325 @A: 07 27 30 03 | 06
#1130-d325 @A: 22 01 07 27 | 01
#1131-d325 @A: 06 27 32 35 | 05
#1132-d325 @A: 27 23 12 35 | 07
#1133-d325 @A: 20 26 27 22 | 11
#1134-d325 @A: 01 06 26 27 | 08
#1135-d325 @A: 32 27 05 16 | 12
#1136-d325 @A: 07 15 13 34 | 02
#1137-d325 @A: 06 19 13 34 | 10
#1138-d325 @A: 09 28 34 03 | 03
#1139-d325 @A: 05 15 19 34 | 09
#1140-d325 @A: 34 24 10 29 | 04
#1141-d325 @A: 34 05 14 10 | 06
#1142-d325 @A: 31 06 34 32 | 01
#1143-d325 @A: 22 01 34 08 | 05
#1144-d325 @A: 11 35 06 34 | 07
#1145-d325 @A: 34 04 12 28 | 11
#1146-d325 @A: 34 07 06 29 | 08
#1147-d325 @A: 35 34 28 05 | 12
#1148-d325 @A: 22 35 23 34 | 02
#1149-d325 @A: 29 28 32 34 | 10
#1150-d325 @A: 05 22 16 34 | 03
#1151-d325 @A: 13 19 15 16 | 09
#1152-d325 @A: 10 13 20 15 | 04
#1153-d325 @A: 03 01 25 13 | 06
#1154-d325 @A: 07 31 13 30 | 01
#1155-d325 @A: 01 13 31 04 | 05
#1156-d325 @A: 10 13 12 11 | 07
#1157-d325 @A: 07 12 29 13 | 11
#1158-d325 @A: 26 35 29 13 | 08
#1159-d325 @A: 13 18 26 20 | 12
#1160-d325 @A: 18 29 05 13 | 02
#1161-d325 @A: 06 19 09 14 | 10
#1162-d325 @A: 10 05 19 09 | 03
#1163-d325 @A: 04 09 12 19 | 09
#1164-d325 @A: 02 09 17 29 | 04
#1165-d325 @A: 09 25 16 18 | 06
#1166-d325 @A: 05 03 09 02 | 01
#1167-d325 @A: 30 23 31 09 | 05
#1168-d325 @A: 32 10 09 08 | 07
#1169-d325 @A: 16 09 11 06 | 11
#1170-d325 @A: 09 20 32 30 | 08
#1171-d325 @A: 09 28 10 20 | 12
#1172-d325 @A: 07 05 09 20 | 02
#1173-d325 @A: 09 01 35 26 | 10
#1174-d325 @A: 09 12 22 32 | 03
#1175-d325 @A: 09 23 32 05 | 09
#1176-d325 @A: 17 23 19 15 | 04
#1177-d325 @A: 24 15 01 14 | 06
#1178-d325 @A: 22 15 08 24 | 01
#1179-d325 @A: 10 15 33 24 | 05
#1180-d325 @A: 22 15 14 11 | 07
#1181-d325 @A: 29 14 15 30 | 11
#1182-d325 @A: 08 11 15 28 | 08
#1183-d325 @A: 12 07 15 04 | 12
#1184-d325 @A: 04 15 23 28 | 02
#1185-d325 @A: 15 07 01 33 | 10
#1186-d325 @A: 14 17 19 03 | 03
#1187-d325 @A: 17 19 11 01 | 09
#1188-d325 @A: 25 11 26 19 | 04
#1189-d325 @A: 19 18 16 31 | 06
#1190-d325 @A: 04 19 26 35 | 01
#1191-d325 @A: 06 32 20 19 | 05
#1192-d325 @A: 16 29 19 22 | 07
#1193-d325 @A: 05 19 01 29 | 11
#1194-d325 @A: 12 19 26 33 | 08
#1195-d325 @A: 10 17 24 35 | 12
#1196-d325 @A: 01 25 31 17 | 02
#1197-d325 @A: 16 17 08 02 | 10
#1198-d325 @A: 35 21 17 02 | 03
#1199-d325 @A: 21 16 17 31 | 09
#1200-d325 @A: 21 17 08 32 | 04
#1201-d325 @A: 17 04 06 01 | 06
#1202-d325 @A: 08 02 31 24 | 01
#1203-d325 @A: 10 02 24 23 | 05
#1204-d325 @A: 24 18 08 12 | 07
#1205-d325 @A: 29 28 11 24 | 11
#1206-d325 @A: 16 06 24 04 | 08
#1207-d325 @A: 04 24 32 23 | 12
#1208-d325 @A: 26 16 24 23 | 02
#1209-d325 @A: 22 05 24 06 | 10
#1210-d325 @A: 25 21 18 03 | 03
#1211-d325 @A: 05 11 31 25 | 09
#1212-d325 @A: 31 18 29 25 | 04
#1213-d325 @A: 25 18 08 30 | 06
#1214-d325 @A: 21 07 20 25 | 01
#1215-d325 @A: 25 18 33 10 | 05
#1216-d325 @A: 25 20 05 28 | 07
#1217-d325 @A: 23 26 29 25 | 11
#1218-d325 @A: 06 02 10 14 | 08
#1219-d325 @A: 20 07 31 02 | 12
#1220-d325 @A: 04 11 02 01 | 02
#1221-d325 @A: 12 02 22 04 | 10
#1222-d325 @A: 18 23 02 05 | 03
#1223-d325 @A: 21 14 03 01 | 09
#1224-d325 @A: 14 11 29 10 | 04
#1225-d325 @A: 06 28 14 12 | 06
#1226-d325 @A: 18 14 16 06 | 01
#1227-d325 @A: 10 31 23 03 | 05
#1228-d325 @A: 26 03 33 31 | 07
#1229-d325 @A: 11 03 22 08 | 11
#1230-d325 @A: 21 32 03 30 | 08
#1231-d325 @A: 28 03 22 04 | 12
#1232-d325 @A: 12 32 07 03 | 02
#1233-d325 @A: 35 05 20 03 | 10
#1234-d325 @A: 03 22 33 29 | 03
#1235-d325 @A: 32 33 03 06 | 09
#1236-d325 @A: 03 23 18 16 | 04
#1237-d325 @A: 11 31 18 07 | 06
#1238-d325 @A: 04 06 22 31 | 01
#1239-d325 @A: 16 31 23 29 | 05
#1240-d325 @A: 23 31 01 12 | 07
#1241-d325 @A: 06 08 35 05 | 11
#1242-d325 @A: 35 21 11 30 | 08
#1243-d325 @A: 11 20 28 35 | 12
#1244-d325 @A: 11 12 33 28 | 02
#1245-d325 @A: 11 23 06 12 | 10
#1246-d325 @A: 16 20 04 21 | 03
#1247-d325 @A: 26 21 05 01 | 09
#1248-d325 @A: 23 07 30 32 | 04
#1249-d325 @A: 30 06 16 26 | 06
#1250-d325 @A: 10 04 29 35 | 01
#1251-d325 @A: 06 01 10 28 | 05
#1252-d325 @A: 05 04 20 18 | 07
#1253-d325 @A: 18 04 33 32 | 11
#1254-d325 @A: 18 20 16 01 | 08
#1255-d325 @A: 27 01 13 32 | 12
#1256-d325 @A: 09 27 24 35 | 02
#1257-d325 @A: 09 27 32 25 | 10
#1258-d325 @A: 27 07 14 15 | 03
#1259-d325 @A: 15 35 27 30 | 09
#1260-d325 @A: 15 27 22 29 | 04
#1261-d325 @A: 27 24 19 33 | 06
#1262-d325 @A: 01 30 24 27 | 01
#1263-d325 @A: 24 10 20 27 | 05
#1264-d325 @A: 08 27 35 25 | 07
#1265-d325 @A: 25 10 27 30 | 11
#1266-d325 @A: 18 27 25 22 | 08
#1267-d325 @A: 21 02 27 33 | 12
#1268-d325 @A: 11 27 26 35 | 02
#1269-d325 @A: 11 33 29 27 | 10
#1270-d325 @A: 21 27 32 26 | 03
#1271-d325 @A: 18 27 05 21 | 09
#1272-d325 @A: 27 16 04 28 | 04
#1273-d325 @A: 27 20 01 28 | 06
#1274-d325 @A: 01 23 18 27 | 01
#1275-d325 @A: 34 09 05 08 | 05
#1276-d325 @A: 34 09 10 23 | 07
#1277-d325 @A: 02 34 11 19 | 11
#1278-d325 @A: 12 30 19 34 | 08
#1279-d325 @A: 35 34 17 31 | 12
#1280-d325 @A: 18 24 03 34 | 02
#1281-d325 @A: 02 23 20 34 | 10
#1282-d325 @A: 03 32 16 34 | 03
#1283-d325 @A: 06 30 08 34 | 09
#1284-d325 @A: 30 11 34 23 | 04
#1285-d325 @A: 28 30 21 34 | 06
#1286-d325 @A: 10 34 21 16 | 01
#1287-d325 @A: 20 34 22 21 | 05
#1288-d325 @A: 34 04 33 35 | 07
#1289-d325 @A: 06 34 04 23 | 11
#1290-d325 @A: 16 01 04 34 | 08
#1291-d325 @A: 32 34 22 07 | 12
#1292-d325 @A: 32 23 26 34 | 02
#1293-d325 @A: 13 19 09 33 | 10
#1294-d325 @A: 13 12 17 09 | 03
#1295-d325 @A: 15 17 13 01 | 09
#1296-d325 @A: 13 07 18 17 | 04
#1297-d325 @A: 02 33 13 24 | 06
#1298-d325 @A: 13 03 29 10 | 01
#1299-d325 @A: 13 05 31 29 | 05
#1300-d325 @A: 06 23 13 31 | 07
#1301-d325 @A: 21 13 11 01 | 11
#1302-d325 @A: 23 13 18 22 | 08
#1303-d325 @A: 05 12 06 13 | 12
#1304-d325 @A: 22 09 15 07 | 02
#1305-d325 @A: 17 09 20 19 | 10
#1306-d325 @A: 19 09 23 25 | 03
#1307-d325 @A: 09 10 01 24 | 09
#1308-d325 @A: 29 24 09 04 | 04
#1309-d325 @A: 14 09 25 31 | 06
#1310-d325 @A: 28 25 09 11 | 01
#1311-d325 @A: 35 03 09 31 | 05
#1312-d325 @A: 08 35 30 09 | 07
#1313-d325 @A: 09 10 21 06 | 11
#1314-d325 @A: 21 33 09 26 | 08
#1315-d325 @A: 33 09 22 20 | 12
#1316-d325 @A: 28 09 16 33 | 02
#1317-d325 @A: 09 26 18 05 | 10
#1318-d325 @A: 15 19 08 32 | 03
#1319-d325 @A: 24 15 30 16 | 09
#1320-d325 @A: 25 21 15 05 | 04
#1321-d325 @A: 15 31 29 10 | 06
#1322-d325 @A: 15 07 10 08 | 01
#1323-d325 @A: 15 26 06 08 | 05
#1324-d325 @A: 10 15 11 23 | 07
#1325-d325 @A: 04 35 16 15 | 11
#1326-d325 @A: 23 15 26 35 | 08
#1327-d325 @A: 33 26 05 15 | 12
#1328-d325 @A: 15 01 06 12 | 02
#1329-d325 @A: 32 17 10 19 | 10
#1330-d325 @A: 25 02 19 33 | 03
#1331-d325 @A: 25 12 19 01 | 09
#1332-d325 @A: 19 23 30 14 | 04
#1333-d325 @A: 26 14 19 10 | 06
#1334-d325 @A: 19 31 10 07 | 01
#1335-d325 @A: 11 21 19 22 | 05
#1336-d325 @A: 29 19 23 21 | 07
#1337-d325 @A: 19 07 26 01 | 11
#1338-d325 @A: 24 21 17 22 | 08
#1339-d325 @A: 17 24 06 30 | 12
#1340-d325 @A: 24 20 23 17 | 02
#1341-d325 @A: 14 06 17 25 | 10
#1342-d325 @A: 30 23 17 02 | 03
#1343-d325 @A: 31 11 07 17 | 09
#1344-d325 @A: 33 30 11 17 | 04
#1345-d325 @A: 11 06 17 10 | 06
#1346-d325 @A: 21 10 17 01 | 01
#1347-d325 @A: 17 33 01 16 | 05
#1348-d325 @A: 16 18 17 12 | 07
#1349-d325 @A: 21 24 25 16 | 11
#1350-d325 @A: 18 31 30 24 | 08
#1351-d325 @A: 24 05 10 21 | 12
#1352-d325 @A: 07 32 24 35 | 02
#1353-d325 @A: 33 28 24 35 | 10
#1354-d325 @A: 24 28 22 20 | 03
#1355-d325 @A: 24 33 23 01 | 09
#1356-d325 @A: 30 33 25 08 | 04
#1357-d325 @A: 21 26 22 25 | 06
#1358-d325 @A: 28 04 33 25 | 01
#1359-d325 @A: 01 25 07 05 | 05
#1360-d325 @A: 22 25 06 33 | 07
#1361-d325 @A: 03 20 11 02 | 11
#1362-d325 @A: 18 02 03 11 | 08
#1363-d325 @A: 04 21 31 02 | 12
#1364-d325 @A: 29 31 02 32 | 02
#1365-d325 @A: 02 30 26 08 | 10
#1366-d325 @A: 22 18 21 02 | 03
#1367-d325 @A: 22 02 07 26 | 09
#1368-d325 @A: 02 35 05 01 | 04
#1369-d325 @A: 02 22 06 20 | 06
#1370-d325 @A: 12 32 28 02 | 01
#1371-d325 @A: 18 16 02 33 | 05
#1372-d325 @A: 14 03 04 33 | 07
#1373-d325 @A: 29 03 28 14 | 11
#1374-d325 @A: 08 14 18 22 | 08
#1375-d325 @A: 21 12 14 10 | 12
#1376-d325 @A: 14 05 22 20 | 02
#1377-d325 @A: 33 28 14 01 | 10
#1378-d325 @A: 23 28 32 14 | 03
#1379-d325 @A: 18 12 14 23 | 09
#1380-d325 @A: 08 30 29 03 | 04
#1381-d325 @A: 03 20 21 10 | 06
#1382-d325 @A: 04 01 03 32 | 01
#1383-d325 @A: 26 23 03 01 | 05
#1384-d325 @A: 23 06 03 16 | 07
#1385-d325 @A: 21 35 31 08 | 11
#1386-d325 @A: 30 12 31 11 | 08
#1387-d325 @A: 31 35 04 11 | 12
#1388-d325 @A: 20 31 30 18 | 02
#1389-d325 @A: 04 20 31 23 | 10
#1390-d325 @A: 04 26 31 12 | 03
#1391-d325 @A: 29 12 06 31 | 09
#1392-d325 @A: 12 35 10 08 | 04
#1393-d325 @A: 08 12 06 04 | 06
#1394-d325 @A: 07 08 29 18 | 01
#1395-d325 @A: 07 06 22 08 | 05
#1396-d325 @A: 32 05 08 07 | 07
#1397-d325 @A: 08 22 26 35 | 11
#1398-d325 @A: 29 08 23 12 | 08
#1399-d325 @A: 16 04 11 05 | 12
#1400-d325 @A: 11 16 32 28 | 02
#1401-d325 @A: 30 21 29 18 | 10
#1402-d325 @A: 28 21 07 16 | 03
#1403-d325 @A: 07 23 26 21 | 09
#1404-d325 @A: 28 22 06 21 | 04
#1405-d325 @A: 21 32 12 23 | 06
#1406-d325 @A: 23 30 20 12 | 01
#1407-d325 @A: 22 05 28 30 | 05
#1408-d325 @A: 12 30 29 05 | 07
#1409-d325 @A: 10 16 04 32 | 11
#1410-d325 @A: 33 06 07 10 | 08
#1411-d325 @A: 23 34 13 27 | 12
#1412-d325 @A: 14 29 19 27 | 02
#1413-d325 @A: 16 01 27 19 | 10
#1414-d325 @A: 17 02 27 01 | 03
#1415-d325 @A: 17 27 16 30 | 09
#1416-d325 @A: 12 27 10 17 | 04
#1417-d325 @A: 27 30 14 20 | 06
#1418-d325 @A: 18 14 10 27 | 01
#1419-d325 @A: 08 22 10 27 | 05
#1420-d325 @A: 18 30 27 11 | 07
#1421-d325 @A: 12 04 32 27 | 11
#1422-d325 @A: 28 35 27 29 | 08
#1423-d325 @A: 06 27 12 20 | 12
#1424-d325 @A: 23 27 16 20 | 02
#1425-d325 @A: 34 13 16 17 | 10
#1426-d325 @A: 35 09 14 34 | 03
#1427-d325 @A: 29 15 34 17 | 09
#1428-d325 @A: 20 15 34 03 | 04
#1429-d325 @A: 15 34 08 35 | 06
#1430-d325 @A: 34 24 19 23 | 01
#1431-d325 @A: 34 20 16 19 | 05
#1432-d325 @A: 12 34 17 08 | 07
#1433-d325 @A: 34 18 17 04 | 11
#1434-d325 @A: 25 34 32 08 | 08
#1435-d325 @A: 31 05 34 02 | 12
#1436-d325 @A: 02 08 21 34 | 02
#1437-d325 @A: 34 31 07 08 | 10
#1438-d325 @A: 34 31 26 21 | 03
#1439-d325 @A: 34 28 11 10 | 09
#1440-d325 @A: 30 34 07 04 | 04
#1441-d325 @A: 34 22 29 04 | 06
#1442-d325 @A: 07 34 16 12 | 01
#1443-d325 @A: 08 15 13 09 | 05
#1444-d325 @A: 14 13 23 15 | 07
#1445-d325 @A: 03 05 13 15 | 11
#1446-d325 @A: 12 21 15 13 | 08
#1447-d325 @A: 18 13 24 19 | 12
#1448-d325 @A: 21 13 19 26 | 02
#1449-d325 @A: 13 17 07 25 | 10
#1450-d325 @A: 17 30 05 13 | 03
#1451-d325 @A: 10 17 28 13 | 09
#1452-d325 @A: 16 24 13 14 | 04
#1453-d325 @A: 21 24 03 13 | 06
#1454-d325 @A: 11 08 13 24 | 01
#1455-d325 @A: 25 13 26 02 | 05
#1456-d325 @A: 13 07 32 02 | 07
#1457-d325 @A: 13 01 14 08 | 11
#1458-d325 @A: 21 08 13 20 | 08
#1459-d325 @A: 30 13 11 20 | 12
#1460-d325 @A: 13 04 20 05 | 02
#1461-d325 @A: 13 29 23 20 | 10
#1462-d325 @A: 29 32 13 33 | 03
#1463-d325 @A: 13 06 26 33 | 09
#1464-d325 @A: 09 21 19 01 | 04
#1465-d325 @A: 16 09 17 10 | 06
#1466-d325 @A: 30 09 25 01 | 01
#1467-d325 @A: 04 03 21 09 | 05
#1468-d325 @A: 09 03 30 26 | 07
#1469-d325 @A: 04 10 09 31 | 11
#1470-d325 @A: 04 23 16 09 | 08
#1471-d325 @A: 09 06 23 33 | 12
#1472-d325 @A: 19 33 15 31 | 02
#1473-d325 @A: 20 17 31 15 | 10
#1474-d325 @A: 24 07 03 15 | 03
#1475-d325 @A: 26 25 14 15 | 09
#1476-d325 @A: 15 02 08 18 | 04
#1477-d325 @A: 02 15 32 11 | 06
#1478-d325 @A: 08 15 33 14 | 01
#1479-d325 @A: 12 15 03 26 | 05
#1480-d325 @A: 31 30 15 05 | 07
#1481-d325 @A: 20 01 15 04 | 11
#1482-d325 @A: 26 01 28 15 | 08
#1483-d325 @A: 29 33 23 15 | 12
#1484-d325 @A: 12 15 33 32 | 02
#1485-d325 @A: 25 17 19 18 | 10
#1486-d325 @A: 14 20 18 19 | 03
#1487-d325 @A: 23 03 08 19 | 09
#1488-d325 @A: 19 32 05 31 | 04
#1489-d325 @A: 21 19 16 08 | 06
#1490-d325 @A: 29 26 30 19 | 01
#1491-d325 @A: 05 19 23 07 | 05
#1492-d325 @A: 35 33 19 29 | 07
#1493-d325 @A: 05 02 25 17 | 11
#1494-d325 @A: 25 17 35 30 | 08
#1495-d325 @A: 22 17 14 02 | 12
#1496-d325 @A: 06 12 21 17 | 02
#1497-d325 @A: 17 07 28 20 | 10
#1498-d325 @A: 32 17 07 06 | 03
#1499-d325 @A: 24 25 08 04 | 09
#1500-d325 @A: 02 21 28 24 | 04
#1501-d325 @A: 08 05 24 14 | 06
#1502-d325 @A: 14 24 11 06 | 01
#1503-d325 @A: 30 12 24 14 | 05
#1504-d325 @A: 26 08 28 24 | 07
#1505-d325 @A: 12 24 32 20 | 11
#1506-d325 @A: 33 29 24 05 | 08
#1507-d325 @A: 35 02 25 11 | 12
#1508-d325 @A: 35 28 14 25 | 02
#1509-d325 @A: 07 25 08 03 | 10
#1510-d325 @A: 08 29 25 11 | 03
#1511-d325 @A: 29 06 30 25 | 09
#1512-d325 @A: 03 02 30 16 | 04
#1513-d325 @A: 07 11 02 29 | 06
#1514-d325 @A: 10 02 32 21 | 01
#1515-d325 @A: 02 04 35 07 | 05
#1516-d325 @A: 28 04 06 02 | 07
#1517-d325 @A: 29 35 02 18 | 11
#1518-d325 @A: 08 31 14 32 | 08
#1519-d325 @A: 11 07 14 35 | 12
#1520-d325 @A: 07 01 14 04 | 02
#1521-d325 @A: 04 29 14 23 | 10
#1522-d325 @A: 07 14 29 26 | 03
#1523-d325 @A: 14 23 35 06 | 09
#1524-d325 @A: 14 16 33 26 | 04
#1525-d325 @A: 14 26 23 05 | 06
#1526-d325 @A: 22 23 33 14 | 01
#1527-d325 @A: 11 03 10 35 | 05
#1528-d325 @A: 16 03 11 26 | 07
#1529-d325 @A: 04 18 23 03 | 11
#1530-d325 @A: 12 03 35 06 | 08
#1531-d325 @A: 03 29 01 12 | 12
#1532-d325 @A: 23 26 22 31 | 02
#1533-d325 @A: 10 21 08 28 | 10
#1534-d325 @A: 26 16 04 08 | 03
#1535-d325 @A: 06 29 08 16 | 09
#1536-d325 @A: 04 11 18 16 | 04
#1537-d325 @A: 07 26 11 32 | 06
#1538-d325 @A: 29 22 26 11 | 01
#1539-d325 @A: 11 33 05 06 | 05
#1540-d325 @A: 01 05 32 11 | 07
#1541-d325 @A: 20 21 01 06 | 11
#1542-d325 @A: 28 29 21 33 | 08
#1543-d325 @A: 30 04 06 10 | 12
#1544-d325 @A: 07 05 30 10 | 02
#1545-d325 @A: 22 30 20 29 | 10
#1546-d325 @A: 05 18 30 01 | 03
#1547-d325 @A: 20 12 07 10 | 09
#1548-d325 @A: 10 35 32 05 | 04
#1549-d325 @A: 33 22 29 18 | 06
#1550-d325 @A: 27 34 03 14 | 01
#1551-d325 @A: 11 34 05 27 | 05
#1552-d325 @A: 15 13 06 27 | 07
#1553-d325 @A: 27 13 04 11 | 11
#1554-d325 @A: 27 29 13 21 | 08
#1555-d325 @A: 27 18 09 06 | 12
#1556-d325 @A: 16 02 15 27 | 02
#1557-d325 @A: 03 19 04 27 | 10
#1558-d325 @A: 19 27 06 30 | 03
#1559-d325 @A: 27 33 25 16 | 09
#1560-d325 @A: 02 20 18 27 | 04
#1561-d325 @A: 03 27 06 10 | 06
#1562-d325 @A: 32 27 31 10 | 01
#1563-d325 @A: 27 21 11 07 | 05
#1564-d325 @A: 27 29 07 16 | 07
#1565-d325 @A: 16 26 12 27 | 11
#1566-d325 @A: 32 23 27 22 | 08
#1567-d325 @A: 13 35 34 25 | 12
#1568-d325 @A: 13 12 14 34 | 02
#1569-d325 @A: 05 13 34 21 | 10
#1570-d325 @A: 01 13 34 30 | 03
#1571-d325 @A: 33 13 34 18 | 09
#1572-d325 @A: 29 09 34 33 | 04
#1573-d325 @A: 34 28 14 15 | 06
#1574-d325 @A: 17 19 34 26 | 01
#1575-d325 @A: 34 20 17 30 | 05
#1576-d325 @A: 03 02 34 35 | 07
#1577-d325 @A: 34 31 22 14 | 11
#1578-d325 @A: 14 11 34 04 | 08
#1579-d325 @A: 03 11 34 01 | 12
#1580-d325 @A: 01 34 31 10 | 02
#1581-d325 @A: 18 31 22 34 | 10
#1582-d325 @A: 23 01 34 07 | 03
#1583-d325 @A: 28 34 16 23 | 09
#1584-d325 @A: 22 34 26 33 | 04
#1585-d325 @A: 16 34 06 33 | 06
#1586-d325 @A: 02 18 09 13 | 01
#1587-d325 @A: 29 15 25 13 | 05
#1588-d325 @A: 13 11 15 35 | 07
#1589-d325 @A: 32 15 13 04 | 11
#1590-d325 @A: 18 35 15 13 | 08
#1591-d325 @A: 24 12 19 13 | 12
#1592-d325 @A: 13 17 31 33 | 02
#1593-d325 @A: 21 23 13 02 | 10
#1594-d325 @A: 21 14 35 13 | 03
#1595-d325 @A: 11 03 13 07 | 09
#1596-d325 @A: 21 31 13 22 | 04
#1597-d325 @A: 10 13 26 31 | 06
#1598-d325 @A: 13 32 21 06 | 01
#1599-d325 @A: 01 12 22 13 | 05
#1600-d325 @A: 09 35 15 17 | 07
#1601-d325 @A: 11 15 09 20 | 11
#1602-d325 @A: 08 09 28 17 | 08
#1603-d325 @A: 17 09 18 21 | 12
#1604-d325 @A: 01 09 14 11 | 02
#1605-d325 @A: 09 14 12 29 | 10
#1606-d325 @A: 03 11 09 23 | 03
#1607-d325 @A: 12 10 09 03 | 09
#1608-d325 @A: 09 01 06 31 | 04
#1609-d325 @A: 11 09 05 21 | 06
#1610-d325 @A: 33 09 11 04 | 01
#1611-d325 @A: 01 04 28 09 | 05
#1612-d325 @A: 09 18 20 07 | 07
#1613-d325 @A: 22 09 01 05 | 11
#1614-d325 @A: 17 15 25 08 | 08
#1615-d325 @A: 15 06 17 22 | 12
#1616-d325 @A: 24 11 15 31 | 02
#1617-d325 @A: 15 24 21 29 | 10
#1618-d325 @A: 15 31 26 32 | 03
#1619-d325 @A: 11 15 30 01 | 09
#1620-d325 @A: 15 06 21 35 | 04
#1621-d325 @A: 05 06 20 15 | 06
#1622-d325 @A: 16 15 22 12 | 01
#1623-d325 @A: 07 17 19 24 | 05
#1624-d325 @A: 19 20 10 25 | 07
#1625-d325 @A: 19 22 02 08 | 11
#1626-d325 @A: 01 19 02 30 | 08
#1627-d325 @A: 19 31 28 08 | 12
#1628-d325 @A: 21 08 19 18 | 02
#1629-d325 @A: 01 32 19 35 | 10
#1630-d325 @A: 19 32 22 26 | 03
#1631-d325 @A: 14 30 10 17 | 09
#1632-d325 @A: 29 11 03 17 | 04
#1633-d325 @A: 12 17 04 16 | 06
#1634-d325 @A: 29 06 17 23 | 01
#1635-d325 @A: 24 31 32 03 | 05
#1636-d325 @A: 03 08 35 24 | 07
#1637-d325 @A: 11 23 35 24 | 11
#1638-d325 @A: 12 24 18 10 | 08
#1639-d325 @A: 35 24 06 29 | 12
#1640-d325 @A: 16 12 28 24 | 02
#1641-d325 @A: 25 02 07 10 | 10
#1642-d325 @A: 22 25 30 14 | 03
#1643-d325 @A: 20 16 14 25 | 09
#1644-d325 @A: 08 28 25 23 | 04
#1645-d325 @A: 33 29 07 25 | 06
#1646-d325 @A: 20 25 06 35 | 01
#1647-d325 @A: 25 22 05 23 | 05
#1648-d325 @A: 06 18 25 23 | 07
#1649-d325 @A: 32 14 30 02 | 11
#1650-d325 @A: 02 16 04 14 | 08
#1651-d325 @A: 10 02 04 03 | 12
#1652-d325 @A: 31 16 02 11 | 02
#1653-d325 @A: 02 06 08 01 | 10
#1654-d325 @A: 33 10 22 02 | 03
#1655-d325 @A: 06 35 26 02 | 09
#1656-d325 @A: 33 02 12 16 | 04
#1657-d325 @A: 14 16 06 21 | 06
#1658-d325 @A: 22 01 14 16 | 01
#1659-d325 @A: 08 04 03 20 | 05
#1660-d325 @A: 03 08 05 18 | 07
#1661-d325 @A: 20 16 03 29 | 11
#1662-d325 @A: 22 03 05 32 | 08
#1663-d325 @A: 31 06 10 08 | 12
#1664-d325 @A: 29 20 31 08 | 02
#1665-d325 @A: 07 26 31 35 | 10
#1666-d325 @A: 21 04 11 08 | 03
#1667-d325 @A: 30 10 08 11 | 09
#1668-d325 @A: 26 11 18 08 | 04
#1669-d325 @A: 08 05 21 22 | 06
#1670-d325 @A: 29 04 08 32 | 01
#1671-d325 @A: 08 29 07 35 | 05
#1672-d325 @A: 08 23 01 16 | 07
#1673-d325 @A: 11 06 04 32 | 11
#1674-d325 @A: 35 11 33 32 | 08
#1675-d325 @A: 16 35 21 05 | 12
#1676-d325 @A: 28 23 18 21 | 02
#1677-d325 @A: 07 04 18 30 | 10
#1678-d325 @A: 30 26 05 35 | 03
#1679-d325 @A: 01 35 06 30 | 09
#1680-d325 @A: 06 23 30 22 | 04
#1681-d325 @A: 05 30 23 33 | 06
#1682-d325 @A: 04 01 18 10 | 01
#1683-d325 @A: 32 28 10 07 | 05
#1684-d325 @A: 10 05 29 20 | 07
#1685-d325 @A: 10 28 29 12 | 11
#1686-d325 @A: 10 22 12 06 | 08
#1687-d325 @A: 28 18 04 32 | 12
#1688-d325 @A: 35 32 18 12 | 02
#1689-d325 @A: 20 06 22 18 | 10
