#0001-d187 @A: 25 23 34 01 | 09
#0002-d187 @A: 25 34 19 05 | 04
#0003-d187 @A: 06 03 17 25 | 02
#0004-d187 @A: 06 31 08 25 | 12
#0005-d187 @A: 25 33 19 06 | 05
#0006-d187 @A: 25 17 16 24 | 07
#0007-d187 @A: 25 17 14 23 | 01
#0008-d187 @A: 26 25 14 08 | 03
#0009-d187 @A: 03 25 22 26 | 10
#0010-d187 @A: 29 12 27 25 | 08
#0011-d187 @A: 32 25 20 27 | 06
#0012-d187 @A: 01 13 19 07 | 11
#0013-d187 @A: 01 07 33 02 | 09
#0014-d187 @A: 07 29 32 05 | 04
#0015-d187 @A: 23 09 07 05 | 02
#0016-d187 @A: 19 21 17 07 | 12
#0017-d187 @A: 28 15 07 12 | 05
#0018-d187 @A: 33 34 07 28 | 07
#0019-d187 @A: 28 04 07 16 | 01
#0020-d187 @A: 10 12 07 17 | 03
#0021-d187 @A: 33 23 07 15 | 10
#0022-d187 @A: 07 23 16 26 | 08
#0023-d187 @A: 12 07 02 32 | 06
#0024-d187 @A: 07 22 20 23 | 11
#0025-d187 @A: 35 20 07 03 | 09
#0026-d187 @A: 18 13 22 08 | 04
#0027-d187 @A: 05 04 13 28 | 02
#0028-d187 @A: 13 21 35 12 | 12
#0029-d187 @A: 32 28 13 10 | 05
#0030-d187 @A: 15 13 34 27 | 07
#0031-d187 @A: 12 34 13 11 | 01
#0032-d187 @A: 30 14 13 16 | 03
#0033-d187 @A: 23 29 13 11 | 10
#0034-d187 @A: 13 19 24 33 | 08
#0035-d187 @A: 04 30 13 27 | 06
#0036-d187 @A: 22 03 12 13 | 11
#0037-d187 @A: 14 20 03 13 | 09
#0038-d187 @A: 02 14 35 13 | 04
#0039-d187 @A: 01 22 06 18 | 02
#0040-d187 @A: 01 18 02 32 | 12
#0041-d187 @A: 01 32 34 05 | 05
#0042-d187 @A: 05 01 04 19 | 07
#0043-d187 @A: 22 20 01 21 | 01
#0044-d187 @A: 28 01 11 04 | 03
#0045-d187 @A: 33 06 11 01 | 10
#0046-d187 @A: 22 01 17 16 | 08
#0047-d187 @A: 11 09 01 15 | 06
#0048-d187 @A: 29 15 23 01 | 11
#0049-d187 @A: 29 01 11 03 | 09
#0050-d187 @A: 08 23 12 01 | 04
#0051-d187 @A: 01 14 23 32 | 02
#0052-d187 @A: 01 03 24 35 | 12
#0053-d187 @A: 33 35 01 22 | 05
#0054-d187 @A: 18 02 28 11 | 07
#0055-d187 @A: 14 28 18 23 | 01
#0056-d187 @A: 06 18 33 16 | 03
#0057-d187 @A: 18 12 34 31 | 10
#0058-d187 @A: 22 18 19 33 | 08
#0059-d187 @A: 02 15 28 05 | 06
#0060-d187 @A: 05 31 17 09 | 11
#0061-d187 @A: 05 35 34 11 | 09
#0062-d187 @A: 08 05 20 26 | 04
#0063-d187 @A: 10 19 35 05 | 02
#0064-d187 @A: 05 02 32 23 | 12
#0065-d187 @A: 21 06 02 23 | 05
#0066-d187 @A: 17 30 26 21 | 07
#0067-d187 @A: 34 19 24 21 | 01
#0068-d187 @A: 21 12 08 16 | 03
#0069-d187 @A: 21 11 24 26 | 10
#0070-d187 @A: 03 27 31 21 | 08
#0071-d187 @A: 04 09 19 21 | 06
#0072-d187 @A: 35 21 32 04 | 11
#0073-d187 @A: 35 21 30 24 | 09
#0074-d187 @A: 03 21 02 12 | 04
#0075-d187 @A: 10 22 09 21 | 02
#0076-d187 @A: 35 21 10 20 | 12
#0077-d187 @A: 15 03 28 06 | 05
#0078-d187 @A: 32 28 06 30 | 07
#0079-d187 @A: 30 34 08 28 | 01
#0080-d187 @A: 28 16 31 08 | 03
#0081-d187 @A: 09 31 28 11 | 10
#0082-d187 @A: 28 31 26 19 | 08
#0083-d187 @A: 22 19 28 23 | 06
#0084-d187 @A: 27 28 03 12 | 11
#0085-d187 @A: 28 20 22 03 | 09
#0086-d187 @A: 20 28 27 04 | 04
#0087-d187 @A: 06 20 34 15 | 02
#0088-d187 @A: 23 09 06 15 | 12
#0089-d187 @A: 04 15 06 22 | 05
#0090-d187 @A: 34 06 14 29 | 07
#0091-d187 @A: 11 06 02 16 | 01
#0092-d187 @A: 06 27 11 31 | 03
#0093-d187 @A: 08 06 26 32 | 10
#0094-d187 @A: 04 15 32 17 | 08
#0095-d187 @A: 17 16 33 34 | 06
#0096-d187 @A: 17 11 31 03 | 11
#0097-d187 @A: 12 17 31 14 | 09
#0098-d187 @A: 32 19 24 17 | 04
#0099-d187 @A: 12 09 17 02 | 02
#0100-d187 @A: 34 15 24 08 | 12
#0101-d187 @A: 20 16 15 29 | 05
#0102-d187 @A: 27 16 14 15 | 07
#0103-d187 @A: 27 15 03 32 | 01
#0104-d187 @A: 15 02 20 23 | 03
#0105-d187 @A: 20 34 11 16 | 10
#0106-d187 @A: 14 22 34 16 | 08
#0107-d187 @A: 19 08 26 34 | 06
#0108-d187 @A: 29 12 34 08 | 11
#0109-d187 @A: 34 10 12 19 | 09
#0110-d187 @A: 12 04 32 34 | 04
#0111-d187 @A: 10 02 14 34 | 02
#0112-d187 @A: 16 19 09 32 | 12
#0113-d187 @A: 09 22 24 16 | 05
#0114-d187 @A: 11 19 29 26 | 07
#0115-d187 @A: 27 04 11 32 | 01
#0116-d187 @A: 09 11 03 33 | 03
#0117-d187 @A: 26 24 03 10 | 10
#0118-d187 @A: 26 23 03 33 | 08
#0119-d187 @A: 29 24 27 14 | 06
#0120-d187 @A: 29 09 24 20 | 11
#0121-d187 @A: 27 33 29 03 | 09
#0122-d187 @A: 23 08 24 31 | 04
#0123-d187 @A: 35 08 31 03 | 02
#0124-d187 @A: 33 08 35 02 | 12
#0125-d187 @A: 08 35 22 20 | 05
#0126-d187 @A: 10 12 08 09 | 07
#0127-d187 @A: 31 19 23 02 | 01
#0128-d187 @A: 10 04 31 19 | 03
#0129-d187 @A: 04 23 32 31 | 10
#0130-d187 @A: 30 24 27 31 | 08
#0131-d187 @A: 10 31 02 24 | 06
#0132-d187 @A: 03 31 04 30 | 11
#0133-d187 @A: 31 33 04 02 | 09
#0134-d187 @A: 19 20 14 23 | 04
#0135-d187 @A: 09 16 25 07 | 02
#0136-d187 @A: 01 25 32 13 | 12
#0137-d187 @A: 25 06 13 04 | 05
#0138-d187 @A: 27 25 08 13 | 07
#0139-d187 @A: 33 25 01 14 | 01
#0140-d187 @A: 25 18 28 12 | 03
#0141-d187 @A: 25 14 21 34 | 10
#0142-d187 @A: 25 29 34 06 | 08
#0143-d187 @A: 20 25 16 22 | 06
#0144-d187 @A: 08 25 29 02 | 11
#0145-d187 @A: 08 19 35 25 | 09
#0146-d187 @A: 32 12 23 25 | 04
#0147-d187 @A: 25 02 32 10 | 02
#0148-d187 @A: 09 14 24 25 | 12
#0149-d187 @A: 30 25 33 22 | 05
#0150-d187 @A: 01 28 29 07 | 07
#0151-d187 @A: 35 05 07 28 | 01
#0152-d187 @A: 17 07 05 26 | 03
#0153-d187 @A: 20 28 21 07 | 10
#0154-d187 @A: 16 21 07 24 | 08
#0155-d187 @A: 20 14 21 07 | 06
#0156-d187 @A: 08 24 28 07 | 11
#0157-d187 @A: 31 07 28 03 | 09
#0158-d187 @A: 07 10 30 28 | 04
#0159-d187 @A: 06 07 26 02 | 02
#0160-d187 @A: 35 06 07 04 | 12
#0161-d187 @A: 07 15 19 26 | 05
#0162-d187 @A: 34 29 35 07 | 07
#0163-d187 @A: 11 23 07 31 | 01
#0164-d187 @A: 30 07 26 31 | 03
#0165-d187 @A: 20 19 27 07 | 10
#0166-d187 @A: 33 04 27 07 | 08
#0167-d187 @A: 13 01 26 17 | 06
#0168-d187 @A: 13 09 16 01 | 11
#0169-d187 @A: 13 08 01 31 | 09
#0170-d187 @A: 03 01 13 10 | 04
#0171-d187 @A: 18 13 24 26 | 02
#0172-d187 @A: 18 04 29 13 | 12
#0173-d187 @A: 13 24 14 18 | 05
#0174-d187 @A: 31 21 30 13 | 07
#0175-d187 @A: 19 06 15 13 | 01
#0176-d187 @A: 13 35 06 31 | 03
#0177-d187 @A: 13 20 09 17 | 10
#0178-d187 @A: 11 04 16 13 | 08
#0179-d187 @A: 33 11 30 13 | 06
#0180-d187 @A: 13 04 24 08 | 11
#0181-d187 @A: 22 19 32 13 | 09
#0182-d187 @A: 02 23 09 13 | 04
#0183-d187 @A: 12 09 13 04 | 02
#0184-d187 @A: 28 18 01 17 | 12
#0185-d187 @A: 18 29 01 35 | 05
#0186-d187 @A: 01 05 24 26 | 07
#0187-d187 @A: 21 01 16 02 | 01
#0188-d187 @A: 21 31 01 09 | 03
#0189-d187 @A: 28 01 33 27 | 10
#0190-d187 @A: 20 17 34 01 | 08
#0191-d187 @A: 11 23 01 17 | 06
#0192-d187 @A: 34 01 31 04 | 11
#0193-d187 @A: 31 01 16 19 | 09
#0194-d187 @A: 11 01 32 22 | 04
#0195-d187 @A: 01 26 19 22 | 02
#0196-d187 @A: 23 30 01 31 | 12
#0197-d187 @A: 27 10 01 24 | 05
#0198-d187 @A: 12 20 35 01 | 07
#0199-d187 @A: 18 06 30 05 | 01
#0200-d187 @A: 28 29 18 03 | 03
#0201-d187 @A: 34 18 06 19 | 10
#0202-d187 @A: 29 06 18 20 | 08
#0203-d187 @A: 10 18 17 34 | 06
#0204-d187 @A: 12 18 26 17 | 11
#0205-d187 @A: 31 18 24 15 | 09
#0206-d187 @A: 20 11 18 35 | 04
#0207-d187 @A: 09 18 26 29 | 02
#0208-d187 @A: 18 19 35 30 | 12
#0209-d187 @A: 20 14 18 33 | 05
#0210-d187 @A: 05 21 28 32 | 07
#0211-d187 @A: 34 15 21 05 | 01
#0212-d187 @A: 21 05 08 30 | 03
#0213-d187 @A: 05 12 31 21 | 10
#0214-d187 @A: 17 22 06 05 | 08
#0215-d187 @A: 05 27 17 34 | 06
#0216-d187 @A: 26 04 05 15 | 11
#0217-d187 @A: 14 05 31 03 | 09
#0218-d187 @A: 05 32 19 03 | 04
#0219-d187 @A: 32 35 05 20 | 02
#0220-d187 @A: 05 24 02 33 | 12
#0221-d187 @A: 03 04 12 05 | 05
#0222-d187 @A: 05 14 10 27 | 07
#0223-d187 @A: 17 12 28 21 | 01
#0224-d187 @A: 21 28 23 35 | 03
#0225-d187 @A: 15 33 21 06 | 10
#0226-d187 @A: 21 23 04 15 | 08
#0227-d187 @A: 30 15 14 21 | 06
#0228-d187 @A: 21 33 34 11 | 11
#0229-d187 @A: 34 02 35 21 | 09
#0230-d187 @A: 09 21 26 35 | 04
#0231-d187 @A: 21 03 19 23 | 02
#0232-d187 @A: 24 03 21 20 | 12
#0233-d187 @A: 12 23 27 21 | 05
#0234-d187 @A: 28 11 19 06 | 07
#0235-d187 @A: 09 29 06 28 | 01
#0236-d187 @A: 16 17 28 11 | 03
#0237-d187 @A: 11 28 15 20 | 10
#0238-d187 @A: 28 24 27 29 | 08
#0239-d187 @A: 35 09 27 28 | 06
#0240-d187 @A: 28 27 14 12 | 11
#0241-d187 @A: 33 20 28 02 | 09
#0242-d187 @A: 27 23 34 06 | 04
#0243-d187 @A: 27 16 08 06 | 02
#0244-d187 @A: 03 26 06 11 | 12
#0245-d187 @A: 22 19 06 30 | 05
#0246-d187 @A: 27 19 10 06 | 07
#0247-d187 @A: 06 22 12 20 | 01
#0248-d187 @A: 17 15 35 34 | 03
#0249-d187 @A: 19 09 15 17 | 10
#0250-d187 @A: 29 17 32 34 | 08
#0251-d187 @A: 26 04 29 17 | 06
#0252-d187 @A: 17 02 04 19 | 11
#0253-d187 @A: 27 32 02 17 | 09
#0254-d187 @A: 03 15 34 30 | 04
#0255-d187 @A: 19 16 15 08 | 02
#0256-d187 @A: 15 26 30 29 | 12
#0257-d187 @A: 26 08 15 09 | 05
#0258-d187 @A: 15 10 35 31 | 07
#0259-d187 @A: 24 04 10 15 | 01
#0260-d187 @A: 10 15 22 30 | 03
#0261-d187 @A: 15 03 12 20 | 10
#0262-d187 @A: 12 15 27 04 | 08
#0263-d187 @A: 15 35 04 09 | 06
#0264-d187 @A: 04 35 15 14 | 11
#0265-d187 @A: 31 16 34 35 | 09
#0266-d187 @A: 26 29 34 33 | 04
#0267-d187 @A: 29 34 09 22 | 02
#0268-d187 @A: 33 34 24 04 | 12
#0269-d187 @A: 30 10 34 09 | 05
#0270-d187 @A: 29 11 16 24 | 07
#0271-d187 @A: 16 26 24 19 | 01
#0272-d187 @A: 08 23 16 14 | 03
#0273-d187 @A: 19 04 27 16 | 10
#0274-d187 @A: 16 20 24 35 | 08
#0275-d187 @A: 27 16 35 02 | 06
#0276-d187 @A: 16 10 09 27 | 11
#0277-d187 @A: 33 20 16 09 | 09
#0278-d187 @A: 23 32 09 11 | 04
#0279-d187 @A: 12 11 33 35 | 02
#0280-d187 @A: 27 22 23 26 | 12
#0281-d187 @A: 22 26 04 30 | 05
#0282-d187 @A: 26 12 30 09 | 07
#0283-d187 @A: 03 26 14 10 | 01
#0284-d187 @A: 26 02 22 09 | 03
#0285-d187 @A: 29 14 08 03 | 10
#0286-d187 @A: 29 20 22 19 | 08
#0287-d187 @A: 03 30 22 29 | 06
#0288-d187 @A: 02 04 03 29 | 11
#0289-d187 @A: 09 08 31 02 | 09
#0290-d187 @A: 09 14 08 12 | 04
#0291-d187 @A: 04 35 31 27 | 02
#0292-d187 @A: 22 02 03 14 | 12
#0293-d187 @A: 07 30 25 11 | 05
#0294-d187 @A: 25 31 07 22 | 07
#0295-d187 @A: 14 32 25 07 | 01
#0296-d187 @A: 13 16 25 15 | 03
#0297-d187 @A: 31 25 13 09 | 10
#0298-d187 @A: 25 01 12 06 | 08
#0299-d187 @A: 21 18 25 26 | 06
#0300-d187 @A: 18 16 25 19 | 11
#0301-d187 @A: 09 10 25 05 | 09
#0302-d187 @A: 14 04 25 05 | 04
#0303-d187 @A: 25 04 21 31 | 02
#0304-d187 @A: 22 25 21 23 | 12
#0305-d187 @A: 34 02 25 17 | 05
#0306-d187 @A: 12 15 25 22 | 07
#0307-d187 @A: 25 34 08 32 | 01
#0308-d187 @A: 03 12 25 34 | 03
#0309-d187 @A: 31 11 02 25 | 10
#0310-d187 @A: 08 30 25 26 | 08
#0311-d187 @A: 23 27 02 25 | 06
#0312-d187 @A: 25 20 33 03 | 11
#0313-d187 @A: 31 13 07 12 | 09
#0314-d187 @A: 30 34 01 07 | 04
#0315-d187 @A: 30 18 15 07 | 02
#0316-d187 @A: 11 05 19 07 | 12
#0317-d187 @A: 07 08 04 05 | 05
#0318-d187 @A: 30 05 07 02 | 07
#0319-d187 @A: 27 06 28 07 | 01
#0320-d187 @A: 03 16 07 06 | 03
#0321-d187 @A: 34 17 07 24 | 10
#0322-d187 @A: 16 15 02 07 | 08
#0323-d187 @A: 15 08 27 07 | 06
#0324-d187 @A: 07 03 29 26 | 11
#0325-d187 @A: 29 33 14 07 | 09
#0326-d187 @A: 31 09 14 07 | 04
#0327-d187 @A: 23 07 27 30 | 02
#0328-d187 @A: 21 01 04 13 | 12
#0329-d187 @A: 17 05 13 03 | 05
#0330-d187 @A: 05 11 32 13 | 07
#0331-d187 @A: 33 28 31 13 | 01
#0332-d187 @A: 10 13 34 06 | 03
#0333-d187 @A: 13 34 04 17 | 10
#0334-d187 @A: 29 13 35 17 | 08
#0335-d187 @A: 03 31 13 34 | 06
#0336-d187 @A: 31 13 27 16 | 11
#0337-d187 @A: 29 26 13 10 | 09
#0338-d187 @A: 14 13 31 08 | 04
#0339-d187 @A: 03 13 32 04 | 02
#0340-d187 @A: 23 12 13 30 | 12
#0341-d187 @A: 23 27 13 10 | 05
#0342-d187 @A: 14 23 13 27 | 07
#0343-d187 @A: 03 13 02 33 | 01
#0344-d187 @A: 26 23 18 01 | 03
#0345-d187 @A: 01 18 31 27 | 10
#0346-d187 @A: 05 15 01 33 | 08
#0347-d187 @A: 01 21 03 17 | 06
#0348-d187 @A: 01 08 21 19 | 11
#0349-d187 @A: 31 02 06 01 | 09
#0350-d187 @A: 14 16 01 19 | 04
#0351-d187 @A: 19 01 10 30 | 02
#0352-d187 @A: 24 01 04 22 | 12
#0353-d187 @A: 23 27 01 03 | 05
#0354-d187 @A: 28 08 09 18 | 07
#0355-d187 @A: 27 18 15 06 | 01
#0356-d187 @A: 23 18 29 17 | 03
#0357-d187 @A: 15 10 14 18 | 10
#0358-d187 @A: 18 34 35 08 | 08
#0359-d187 @A: 10 16 24 18 | 06
#0360-d187 @A: 32 26 18 33 | 11
#0361-d187 @A: 14 08 02 18 | 09
#0362-d187 @A: 02 24 22 18 | 04
#0363-d187 @A: 22 23 18 09 | 02
#0364-d187 @A: 18 12 33 09 | 12
#0365-d187 @A: 04 18 12 22 | 05
#0366-d187 @A: 26 21 10 05 | 07
#0367-d187 @A: 26 05 23 28 | 01
#0368-d187 @A: 19 08 05 28 | 03
#0369-d187 @A: 05 31 23 06 | 10
#0370-d187 @A: 12 32 05 06 | 08
#0371-d187 @A: 14 05 32 17 | 06
#0372-d187 @A: 08 22 05 34 | 11
#0373-d187 @A: 23 05 22 29 | 09
#0374-d187 @A: 33 14 05 19 | 04
#0375-d187 @A: 26 19 06 21 | 02
#0376-d187 @A: 22 21 31 06 | 12
#0377-d187 @A: 34 08 10 21 | 05
#0378-d187 @A: 19 21 11 16 | 07
#0379-d187 @A: 32 21 26 16 | 01
#0380-d187 @A: 02 21 08 11 | 03
#0381-d187 @A: 24 09 21 32 | 10
#0382-d187 @A: 30 22 21 27 | 08
#0383-d187 @A: 09 04 14 21 | 06
#0384-d187 @A: 16 22 06 28 | 11
#0385-d187 @A: 08 27 28 26 | 09
#0386-d187 @A: 04 32 29 28 | 04
#0387-d187 @A: 33 19 09 28 | 02
#0388-d187 @A: 28 20 30 12 | 12
#0389-d187 @A: 30 06 34 31 | 05
#0390-d187 @A: 24 35 06 34 | 07
#0391-d187 @A: 16 12 06 35 | 01
#0392-d187 @A: 04 29 11 06 | 03
#0393-d187 @A: 27 33 06 32 | 10
#0394-d187 @A: 02 32 06 04 | 08
#0395-d187 @A: 06 23 14 30 | 06
#0396-d187 @A: 09 27 06 20 | 11
#0397-d187 @A: 33 02 22 06 | 09
#0398-d187 @A: 03 17 15 29 | 04
#0399-d187 @A: 31 19 34 17 | 02
#0400-d187 @A: 26 08 33 17 | 12
#0401-d187 @A: 02 33 17 23 | 05
#0402-d187 @A: 17 30 04 12 | 07
#0403-d187 @A: 22 09 14 17 | 01
#0404-d187 @A: 19 22 15 34 | 03
#0405-d187 @A: 19 15 23 30 | 10
#0406-d187 @A: 14 03 15 30 | 08
#0407-d187 @A: 10 33 03 15 | 06
#0408-d187 @A: 33 15 02 12 | 11
#0409-d187 @A: 23 34 19 11 | 09
#0410-d187 @A: 24 34 29 02 | 04
#0411-d187 @A: 14 34 27 31 | 02
#0412-d187 @A: 16 23 35 19 | 12
#0413-d187 @A: 02 16 33 19 | 05
#0414-d187 @A: 32 35 30 16 | 07
#0415-d187 @A: 03 16 04 33 | 01
#0416-d187 @A: 02 11 30 09 | 03
#0417-d187 @A: 27 11 22 03 | 10
#0418-d187 @A: 14 11 33 12 | 08
#0419-d187 @A: 04 10 20 11 | 06
#0420-d187 @A: 32 20 04 26 | 11
#0421-d187 @A: 23 26 04 02 | 09
#0422-d187 @A: 26 02 33 10 | 04
#0423-d187 @A: 09 29 03 12 | 02
#0424-d187 @A: 29 22 02 10 | 12
#0425-d187 @A: 19 08 22 04 | 05
#0426-d187 @A: 08 27 20 24 | 07
#0427-d187 @A: 20 08 23 09 | 01
#0428-d187 @A: 19 31 20 30 | 03
#0429-d187 @A: 32 03 31 02 | 10
#0430-d187 @A: 31 20 23 03 | 08
#0431-d187 @A: 19 22 12 14 | 06
#0432-d187 @A: 24 10 14 23 | 11
#0433-d187 @A: 27 22 35 14 | 09
#0434-d187 @A: 25 20 26 07 | 04
#0435-d187 @A: 13 18 25 33 | 02
#0436-d187 @A: 25 17 13 30 | 12
#0437-d187 @A: 13 25 11 22 | 05
#0438-d187 @A: 10 01 18 25 | 07
#0439-d187 @A: 01 17 25 35 | 01
#0440-d187 @A: 16 01 04 25 | 03
#0441-d187 @A: 25 08 18 24 | 10
#0442-d187 @A: 29 05 21 25 | 08
#0443-d187 @A: 12 25 30 21 | 06
#0444-d187 @A: 35 34 25 28 | 11
#0445-d187 @A: 28 30 16 25 | 09
#0446-d187 @A: 32 11 25 28 | 04
#0447-d187 @A: 28 04 25 03 | 02
#0448-d187 @A: 06 25 15 10 | 12
#0449-d187 @A: 02 06 25 30 | 05
#0450-d187 @A: 15 25 17 26 | 07
#0451-d187 @A: 25 17 12 11 | 01
#0452-d187 @A: 02 04 25 15 | 03
#0453-d187 @A: 34 26 04 25 | 10
#0454-d187 @A: 32 31 19 25 | 08
#0455-d187 @A: 25 09 19 30 | 06
#0456-d187 @A: 24 04 35 25 | 11
#0457-d187 @A: 16 07 13 30 | 09
#0458-d187 @A: 10 08 13 07 | 04
#0459-d187 @A: 01 06 07 23 | 02
#0460-d187 @A: 01 07 20 11 | 12
#0461-d187 @A: 24 11 07 18 | 05
#0462-d187 @A: 18 29 07 10 | 07
#0463-d187 @A: 06 07 21 34 | 01
#0464-d187 @A: 06 08 20 07 | 03
#0465-d187 @A: 07 16 08 22 | 10
#0466-d187 @A: 07 02 10 11 | 08
#0467-d187 @A: 22 04 07 29 | 06
#0468-d187 @A: 11 13 01 18 | 11
#0469-d187 @A: 01 20 06 13 | 09
#0470-d187 @A: 06 13 05 02 | 04
#0471-d187 @A: 26 35 13 05 | 02
#0472-d187 @A: 16 21 22 13 | 12
#0473-d187 @A: 13 21 08 20 | 05
#0474-d187 @A: 13 33 35 16 | 07
#0475-d187 @A: 30 13 26 20 | 01
#0476-d187 @A: 02 04 10 13 | 03
#0477-d187 @A: 01 03 18 05 | 10
#0478-d187 @A: 18 15 01 19 | 08
#0479-d187 @A: 10 05 29 01 | 06
#0480-d187 @A: 21 11 30 01 | 11
#0481-d187 @A: 26 09 33 01 | 09
#0482-d187 @A: 01 19 24 20 | 04
#0483-d187 @A: 30 32 01 27 | 02
#0484-d187 @A: 24 30 12 01 | 12
#0485-d187 @A: 24 09 01 02 | 05
#0486-d187 @A: 21 17 18 32 | 07
#0487-d187 @A: 33 18 21 02 | 01
#0488-d187 @A: 28 10 18 15 | 03
#0489-d187 @A: 06 26 04 18 | 10
#0490-d187 @A: 08 31 18 17 | 08
#0491-d187 @A: 34 04 27 18 | 06
#0492-d187 @A: 18 12 03 32 | 11
#0493-d187 @A: 18 02 23 35 | 09
#0494-d187 @A: 18 23 33 20 | 04
#0495-d187 @A: 27 03 18 09 | 02
#0496-d187 @A: 05 06 03 21 | 12
#0497-d187 @A: 28 05 06 24 | 05
#0498-d187 @A: 16 28 05 27 | 07
#0499-d187 @A: 30 15 05 17 | 01
#0500-d187 @A: 35 16 05 17 | 03
#0501-d187 @A: 17 19 05 23 | 10
#0502-d187 @A: 29 35 03 05 | 08
#0503-d187 @A: 22 09 05 19 | 06
#0504-d187 @A: 09 02 05 03 | 11
#0505-d187 @A: 33 22 10 05 | 09
#0506-d187 @A: 20 14 22 05 | 04
#0507-d187 @A: 16 21 28 03 | 02
#0508-d187 @A: 21 10 28 11 | 12
#0509-d187 @A: 21 06 08 24 | 05
#0510-d187 @A: 34 22 17 21 | 07
#0511-d187 @A: 16 34 21 04 | 01
#0512-d187 @A: 29 21 04 33 | 03
#0513-d187 @A: 27 21 04 24 | 10
#0514-d187 @A: 28 08 32 17 | 08
#0515-d187 @A: 28 26 14 33 | 06
#0516-d187 @A: 19 32 28 02 | 11
#0517-d187 @A: 28 03 23 32 | 09
#0518-d187 @A: 32 20 28 09 | 04
#0519-d187 @A: 28 24 22 14 | 02
#0520-d187 @A: 23 28 10 20 | 12
#0521-d187 @A: 14 03 35 28 | 05
#0522-d187 @A: 16 06 30 29 | 07
#0523-d187 @A: 16 06 03 14 | 01
#0524-d187 @A: 02 27 06 29 | 03
#0525-d187 @A: 10 11 17 33 | 10
#0526-d187 @A: 10 19 26 17 | 08
#0527-d187 @A: 19 17 27 14 | 06
#0528-d187 @A: 27 33 24 17 | 11
#0529-d187 @A: 10 17 23 03 | 09
#0530-d187 @A: 17 03 27 04 | 04
#0531-d187 @A: 03 22 33 17 | 02
#0532-d187 @A: 24 32 15 26 | 12
#0533-d187 @A: 15 14 32 22 | 05
#0534-d187 @A: 09 02 15 10 | 07
#0535-d187 @A: 29 30 04 34 | 01
#0536-d187 @A: 32 24 30 34 | 03
#0537-d187 @A: 35 23 12 34 | 10
#0538-d187 @A: 04 34 09 20 | 08
#0539-d187 @A: 26 08 04 16 | 06
#0540-d187 @A: 29 16 33 08 | 11
#0541-d187 @A: 30 12 19 16 | 09
#0542-d187 @A: 23 24 16 02 | 04
#0543-d187 @A: 16 33 14 24 | 02
#0544-d187 @A: 12 16 23 09 | 12
#0545-d187 @A: 26 11 04 12 | 05
#0546-d187 @A: 33 22 11 29 | 07
#0547-d187 @A: 24 04 11 31 | 01
#0548-d187 @A: 12 19 11 03 | 03
#0549-d187 @A: 24 20 33 11 | 10
#0550-d187 @A: 23 11 27 35 | 08
#0551-d187 @A: 23 26 10 09 | 06
#0552-d187 @A: 20 35 23 26 | 11
#0553-d187 @A: 26 02 27 03 | 09
#0554-d187 @A: 08 35 10 29 | 04
#0555-d187 @A: 29 32 19 33 | 02
#0556-d187 @A: 30 29 33 02 | 12
#0557-d187 @A: 35 29 33 20 | 05
#0558-d187 @A: 29 35 12 04 | 07
#0559-d187 @A: 08 32 20 31 | 01
#0560-d187 @A: 30 08 24 19 | 03
#0561-d187 @A: 30 08 03 32 | 10
#0562-d187 @A: 08 27 22 12 | 08
#0563-d187 @A: 19 12 31 09 | 06
#0564-d187 @A: 12 33 31 27 | 11
#0565-d187 @A: 31 20 14 02 | 09
#0566-d187 @A: 14 20 30 09 | 04
#0567-d187 @A: 27 01 25 07 | 02
#0568-d187 @A: 21 32 07 25 | 12
#0569-d187 @A: 01 25 05 30 | 05
#0570-d187 @A: 15 01 25 20 | 07
#0571-d187 @A: 26 25 01 02 | 01
#0572-d187 @A: 03 31 01 25 | 03
#0573-d187 @A: 16 25 14 18 | 10
#0574-d187 @A: 25 18 31 20 | 08
#0575-d187 @A: 33 08 25 05 | 06
#0576-d187 @A: 20 25 21 34 | 11
#0577-d187 @A: 21 16 25 35 | 09
#0578-d187 @A: 25 33 27 10 | 04
#0579-d187 @A: 02 25 33 09 | 02
#0580-d187 @A: 09 12 25 20 | 12
#0581-d187 @A: 21 09 07 13 | 05
#0582-d187 @A: 22 34 13 07 | 07
#0583-d187 @A: 18 09 06 07 | 01
#0584-d187 @A: 07 03 05 34 | 03
#0585-d187 @A: 08 23 07 21 | 10
#0586-d187 @A: 07 06 22 10 | 08
#0587-d187 @A: 15 17 07 22 | 06
#0588-d187 @A: 35 23 17 07 | 11
#0589-d187 @A: 11 15 07 35 | 09
#0590-d187 @A: 34 07 16 19 | 04
#0591-d187 @A: 20 34 07 32 | 02
#0592-d187 @A: 14 16 07 02 | 12
#0593-d187 @A: 31 29 07 09 | 05
#0594-d187 @A: 07 23 12 19 | 07
#0595-d187 @A: 19 07 02 03 | 01
#0596-d187 @A: 24 23 07 32 | 03
#0597-d187 @A: 03 32 33 07 | 10
#0598-d187 @A: 05 01 13 22 | 08
#0599-d187 @A: 15 12 13 01 | 06
#0600-d187 @A: 13 33 01 34 | 11
#0601-d187 @A: 13 31 18 23 | 09
#0602-d187 @A: 12 13 18 19 | 04
#0603-d187 @A: 06 21 13 32 | 02
#0604-d187 @A: 15 10 13 11 | 12
#0605-d187 @A: 13 02 31 15 | 05
#0606-d187 @A: 26 13 34 32 | 07
#0607-d187 @A: 08 32 16 13 | 01
#0608-d187 @A: 31 13 04 26 | 03
#0609-d187 @A: 19 13 23 20 | 10
#0610-d187 @A: 13 27 24 03 | 08
#0611-d187 @A: 02 30 22 13 | 06
#0612-d187 @A: 14 01 21 29 | 11
#0613-d187 @A: 01 28 32 35 | 09
#0614-d187 @A: 17 06 19 01 | 04
#0615-d187 @A: 17 01 24 31 | 02
#0616-d187 @A: 01 26 10 15 | 12
#0617-d187 @A: 34 01 35 26 | 05
#0618-d187 @A: 34 01 19 29 | 07
#0619-d187 @A: 24 08 11 01 | 01
#0620-d187 @A: 01 10 32 04 | 03
#0621-d187 @A: 10 12 14 01 | 10
#0622-d187 @A: 19 29 18 05 | 08
#0623-d187 @A: 18 16 21 23 | 06
#0624-d187 @A: 04 35 28 18 | 11
#0625-d187 @A: 04 16 15 18 | 09
#0626-d187 @A: 26 15 18 02 | 04
#0627-d187 @A: 16 18 02 34 | 02
#0628-d187 @A: 03 16 31 18 | 12
#0629-d187 @A: 18 11 33 27 | 05
#0630-d187 @A: 18 29 33 24 | 07
#0631-d187 @A: 18 30 31 09 | 01
#0632-d187 @A: 18 32 20 30 | 03
#0633-d187 @A: 18 24 04 30 | 10
#0634-d187 @A: 03 30 33 18 | 08
#0635-d187 @A: 33 10 18 04 | 06
#0636-d187 @A: 12 35 18 10 | 11
#0637-d187 @A: 17 21 05 04 | 09
#0638-d187 @A: 19 02 05 21 | 04
#0639-d187 @A: 17 05 20 28 | 02
#0640-d187 @A: 05 09 15 16 | 12
#0641-d187 @A: 31 27 05 15 | 05
#0642-d187 @A: 23 05 04 34 | 07
#0643-d187 @A: 05 08 16 24 | 01
#0644-d187 @A: 21 28 15 22 | 03
#0645-d187 @A: 32 11 15 21 | 10
#0646-d187 @A: 26 21 14 31 | 08
#0647-d187 @A: 12 22 19 21 | 06
#0648-d187 @A: 27 20 33 21 | 11
#0649-d187 @A: 02 04 21 20 | 09
#0650-d187 @A: 29 28 15 19 | 04
#0651-d187 @A: 24 30 28 22 | 02
#0652-d187 @A: 16 06 04 17 | 12
#0653-d187 @A: 17 06 08 23 | 05
#0654-d187 @A: 22 06 34 26 | 07
#0655-d187 @A: 24 31 06 16 | 01
#0656-d187 @A: 32 06 29 23 | 03
#0657-d187 @A: 06 24 12 19 | 10
#0658-d187 @A: 14 32 06 24 | 08
#0659-d187 @A: 22 32 03 06 | 06
#0660-d187 @A: 32 06 10 20 | 11
#0661-d187 @A: 06 20 24 04 | 09
#0662-d187 @A: 31 33 17 15 | 04
#0663-d187 @A: 17 23 34 26 | 02
#0664-d187 @A: 35 19 17 22 | 12
#0665-d187 @A: 02 10 35 17 | 05
#0666-d187 @A: 33 17 20 12 | 07
#0667-d187 @A: 16 12 15 11 | 01
#0668-d187 @A: 16 31 15 23 | 03
#0669-d187 @A: 11 15 27 29 | 10
#0670-d187 @A: 08 15 11 30 | 08
#0671-d187 @A: 02 11 15 14 | 06
#0672-d187 @A: 03 15 19 35 | 11
#0673-d187 @A: 32 23 35 15 | 09
#0674-d187 @A: 20 32 33 15 | 04
#0675-d187 @A: 22 03 23 15 | 02
#0676-d187 @A: 34 16 27 22 | 12
#0677-d187 @A: 23 20 34 24 | 05
#0678-d187 @A: 22 10 34 24 | 07
#0679-d187 @A: 34 33 03 14 | 01
#0680-d187 @A: 03 34 10 04 | 03
#0681-d187 @A: 22 26 10 16 | 10
#0682-d187 @A: 11 22 02 04 | 08
#0683-d187 @A: 23 31 12 26 | 06
#0684-d187 @A: 19 26 14 09 | 11
#0685-d187 @A: 04 26 09 24 | 09
#0686-d187 @A: 29 04 24 19 | 04
#0687-d187 @A: 27 29 20 10 | 02
#0688-d187 @A: 35 02 09 29 | 12
#0689-d187 @A: 29 14 10 22 | 05
#0690-d187 @A: 19 33 31 08 | 07
#0691-d187 @A: 24 32 08 02 | 01
#0692-d187 @A: 08 12 32 35 | 03
#0693-d187 @A: 03 24 08 12 | 10
#0694-d187 @A: 08 14 04 30 | 08
#0695-d187 @A: 10 20 08 14 | 06
#0696-d187 @A: 30 35 31 02 | 11
#0697-d187 @A: 22 31 03 09 | 09
#0698-d187 @A: 09 32 27 14 | 04
#0699-d187 @A: 20 32 14 12 | 02
#0700-d187 @A: 30 02 27 14 | 12
#0701-d187 @A: 25 07 19 29 | 05
#0702-d187 @A: 25 18 30 29 | 07
#0703-d187 @A: 02 05 25 16 | 01
#0704-d187 @A: 06 26 25 23 | 03
#0705-d187 @A: 25 17 27 31 | 10
#0706-d187 @A: 31 25 34 33 | 08
#0707-d187 @A: 29 26 32 25 | 06
#0708-d187 @A: 10 25 26 31 | 11
#0709-d187 @A: 35 03 10 25 | 09
#0710-d187 @A: 35 25 14 10 | 04
#0711-d187 @A: 32 18 13 07 | 02
#0712-d187 @A: 21 07 01 10 | 12
#0713-d187 @A: 01 32 17 07 | 05
#0714-d187 @A: 01 07 04 26 | 07
#0715-d187 @A: 07 22 18 26 | 01
#0716-d187 @A: 07 05 08 14 | 03
#0717-d187 @A: 21 14 07 19 | 10
#0718-d187 @A: 07 31 19 06 | 08
#0719-d187 @A: 14 27 06 07 | 06
#0720-d187 @A: 17 03 08 07 | 11
#0721-d187 @A: 17 07 04 14 | 09
#0722-d187 @A: 27 34 11 07 | 04
#0723-d187 @A: 10 23 04 07 | 02
#0724-d187 @A: 30 35 09 07 | 12
#0725-d187 @A: 27 07 02 22 | 05
#0726-d187 @A: 16 13 34 05 | 07
#0727-d187 @A: 29 27 13 05 | 01
#0728-d187 @A: 08 13 28 03 | 03
#0729-d187 @A: 27 19 13 28 | 10
#0730-d187 @A: 20 28 13 35 | 08
#0731-d187 @A: 27 13 17 06 | 06
#0732-d187 @A: 13 17 23 15 | 11
#0733-d187 @A: 11 19 02 13 | 09
#0734-d187 @A: 13 14 09 29 | 04
#0735-d187 @A: 13 22 24 31 | 02
#0736-d187 @A: 10 24 35 13 | 12
#0737-d187 @A: 13 33 10 09 | 05
#0738-d187 @A: 18 01 34 09 | 07
#0739-d187 @A: 01 30 18 16 | 01
#0740-d187 @A: 20 31 01 05 | 03
#0741-d187 @A: 35 21 15 01 | 10
#0742-d187 @A: 28 30 01 15 | 08
#0743-d187 @A: 08 01 20 28 | 06
#0744-d187 @A: 16 03 32 01 | 11
#0745-d187 @A: 31 14 01 24 | 09
#0746-d187 @A: 01 33 19 23 | 04
#0747-d187 @A: 32 24 01 33 | 02
#0748-d187 @A: 02 01 03 30 | 12
#0749-d187 @A: 12 01 02 04 | 05
#0750-d187 @A: 23 05 18 15 | 07
#0751-d187 @A: 28 18 32 34 | 01
#0752-d187 @A: 06 18 04 14 | 03
#0753-d187 @A: 18 35 17 33 | 10
#0754-d187 @A: 15 33 18 34 | 08
#0755-d187 @A: 12 18 16 27 | 06
#0756-d187 @A: 14 18 02 32 | 11
#0757-d187 @A: 18 27 24 35 | 09
#0758-d187 @A: 04 10 06 05 | 04
#0759-d187 @A: 06 05 12 14 | 02
#0760-d187 @A: 15 14 23 05 | 12
#0761-d187 @A: 04 29 16 05 | 05
#0762-d187 @A: 31 16 32 05 | 07
#0763-d187 @A: 05 10 16 23 | 01
#0764-d187 @A: 09 11 05 29 | 03
#0765-d187 @A: 26 09 05 32 | 10
#0766-d187 @A: 05 03 27 08 | 08
#0767-d187 @A: 03 33 05 31 | 06
#0768-d187 @A: 20 33 19 05 | 11
#0769-d187 @A: 20 23 05 27 | 09
#0770-d187 @A: 30 22 35 05 | 04
#0771-d187 @A: 34 28 21 09 | 02
#0772-d187 @A: 17 21 09 11 | 12
#0773-d187 @A: 30 21 15 16 | 05
#0774-d187 @A: 21 26 20 15 | 07
#0775-d187 @A: 24 10 23 21 | 01
#0776-d187 @A: 06 33 28 17 | 03
#0777-d187 @A: 02 06 28 34 | 10
#0778-d187 @A: 17 34 03 28 | 08
#0779-d187 @A: 04 28 34 19 | 06
#0780-d187 @A: 11 28 27 30 | 11
#0781-d187 @A: 28 22 08 02 | 09
#0782-d187 @A: 24 03 33 28 | 04
#0783-d187 @A: 10 35 28 22 | 02
#0784-d187 @A: 06 11 17 15 | 12
#0785-d187 @A: 06 29 10 17 | 05
#0786-d187 @A: 06 34 09 16 | 07
#0787-d187 @A: 22 11 06 08 | 01
#0788-d187 @A: 06 32 35 19 | 03
#0789-d187 @A: 03 24 06 02 | 10
#0790-d187 @A: 03 10 30 06 | 08
#0791-d187 @A: 15 10 17 16 | 06
#0792-d187 @A: 29 16 17 19 | 11
#0793-d187 @A: 17 32 16 23 | 09
#0794-d187 @A: 17 02 29 14 | 04
#0795-d187 @A: 17 24 02 30 | 02
#0796-d187 @A: 35 12 17 24 | 12
#0797-d187 @A: 04 17 35 20 | 05
#0798-d187 @A: 32 34 16 15 | 07
#0799-d187 @A: 04 29 31 15 | 01
#0800-d187 @A: 15 29 09 33 | 03
#0801-d187 @A: 15 20 10 08 | 10
#0802-d187 @A: 24 20 22 15 | 08
#0803-d187 @A: 15 23 10 12 | 06
#0804-d187 @A: 27 30 15 02 | 11
#0805-d187 @A: 30 15 35 12 | 09
#0806-d187 @A: 29 03 16 34 | 04
#0807-d187 @A: 31 24 26 34 | 02
#0808-d187 @A: 19 34 33 03 | 12
#0809-d187 @A: 34 14 19 35 | 05
#0810-d187 @A: 22 23 32 34 | 07
#0811-d187 @A: 34 32 30 14 | 01
#0812-d187 @A: 03 34 32 35 | 03
#0813-d187 @A: 10 35 27 34 | 10
#0814-d187 @A: 34 09 35 33 | 08
#0815-d187 @A: 31 29 14 16 | 06
#0816-d187 @A: 04 16 22 32 | 11
#0817-d187 @A: 16 32 12 10 | 09
#0818-d187 @A: 32 30 11 19 | 04
#0819-d187 @A: 32 20 11 12 | 02
#0820-d187 @A: 20 03 11 30 | 12
#0821-d187 @A: 14 03 11 09 | 05
#0822-d187 @A: 10 11 27 12 | 07
#0823-d187 @A: 26 03 04 19 | 01
#0824-d187 @A: 27 26 30 33 | 03
#0825-d187 @A: 26 30 35 10 | 10
#0826-d187 @A: 04 35 33 26 | 08
#0827-d187 @A: 29 27 19 30 | 06
#0828-d187 @A: 03 20 29 32 | 11
#0829-d187 @A: 12 23 29 14 | 09
#0830-d187 @A: 29 14 35 30 | 04
#0831-d187 @A: 19 14 08 32 | 02
#0832-d187 @A: 04 35 23 08 | 12
#0833-d187 @A: 12 31 32 30 | 05
#0834-d187 @A: 22 31 33 32 | 07
#0835-d187 @A: 33 24 31 09 | 01
#0836-d187 @A: 25 07 33 17 | 03
#0837-d187 @A: 07 25 08 12 | 10
#0838-d187 @A: 34 24 25 13 | 08
#0839-d187 @A: 25 13 29 03 | 06
#0840-d187 @A: 25 12 10 13 | 11
#0841-d187 @A: 25 11 19 01 | 09
#0842-d187 @A: 25 18 27 05 | 04
#0843-d187 @A: 34 22 25 18 | 02
#0844-d187 @A: 28 06 20 25 | 12
#0845-d187 @A: 14 30 28 25 | 05
#0846-d187 @A: 06 25 16 32 | 07
#0847-d187 @A: 25 23 15 08 | 01
#0848-d187 @A: 25 03 16 08 | 03
#0849-d187 @A: 25 19 14 11 | 10
#0850-d187 @A: 24 19 23 25 | 08
#0851-d187 @A: 25 22 32 24 | 06
#0852-d187 @A: 30 24 03 25 | 11
#0853-d187 @A: 10 25 23 30 | 09
#0854-d187 @A: 25 35 23 09 | 04
#0855-d187 @A: 24 06 13 07 | 02
#0856-d187 @A: 26 13 27 07 | 12
#0857-d187 @A: 16 18 07 35 | 05
#0858-d187 @A: 22 12 05 07 | 07
#0859-d187 @A: 21 07 29 15 | 01
#0860-d187 @A: 07 21 22 35 | 03
#0861-d187 @A: 07 11 28 22 | 10
#0862-d187 @A: 07 31 17 04 | 08
#0863-d187 @A: 07 10 34 26 | 06
#0864-d187 @A: 07 34 09 12 | 11
#0865-d187 @A: 26 14 12 07 | 09
#0866-d187 @A: 19 33 07 35 | 04
#0867-d187 @A: 14 30 10 07 | 02
#0868-d187 @A: 02 20 09 07 | 12
#0869-d187 @A: 09 07 22 33 | 05
#0870-d187 @A: 01 23 13 24 | 07
#0871-d187 @A: 21 13 10 18 | 01
#0872-d187 @A: 20 18 34 13 | 03
#0873-d187 @A: 14 28 13 05 | 10
#0874-d187 @A: 13 21 33 17 | 08
#0875-d187 @A: 21 03 15 13 | 06
#0876-d187 @A: 19 21 29 13 | 11
#0877-d187 @A: 14 13 21 32 | 09
#0878-d187 @A: 28 06 12 13 | 04
#0879-d187 @A: 28 13 17 22 | 02
#0880-d187 @A: 13 28 16 24 | 12
#0881-d187 @A: 26 13 14 06 | 05
#0882-d187 @A: 13 08 06 30 | 07
#0883-d187 @A: 31 10 13 17 | 01
#0884-d187 @A: 13 08 34 02 | 03
#0885-d187 @A: 32 13 02 35 | 10
#0886-d187 @A: 23 22 04 13 | 08
#0887-d187 @A: 27 12 13 20 | 06
#0888-d187 @A: 08 01 05 02 | 11
#0889-d187 @A: 30 14 05 01 | 09
#0890-d187 @A: 01 21 06 28 | 04
#0891-d187 @A: 34 22 28 01 | 02
#0892-d187 @A: 34 01 06 03 | 12
#0893-d187 @A: 06 24 01 29 | 05
#0894-d187 @A: 10 01 09 17 | 07
#0895-d187 @A: 20 01 27 16 | 01
#0896-d187 @A: 29 01 26 20 | 03
#0897-d187 @A: 01 31 26 32 | 10
#0898-d187 @A: 08 14 35 01 | 08
#0899-d187 @A: 23 01 02 22 | 06
#0900-d187 @A: 01 10 35 23 | 11
#0901-d187 @A: 04 09 01 23 | 09
#0902-d187 @A: 29 18 22 21 | 04
#0903-d187 @A: 28 26 18 16 | 02
#0904-d187 @A: 16 09 11 18 | 12
#0905-d187 @A: 31 18 29 02 | 05
#0906-d187 @A: 08 30 23 18 | 07
#0907-d187 @A: 23 32 18 27 | 01
#0908-d187 @A: 03 12 18 14 | 03
#0909-d187 @A: 33 34 05 06 | 10
#0910-d187 @A: 05 16 19 06 | 08
#0911-d187 @A: 09 34 24 05 | 06
#0912-d187 @A: 16 12 20 05 | 11
#0913-d187 @A: 30 05 26 19 | 09
#0914-d187 @A: 02 14 05 26 | 04
#0915-d187 @A: 23 05 03 30 | 02
#0916-d187 @A: 05 09 04 33 | 12
#0917-d187 @A: 19 21 30 28 | 05
#0918-d187 @A: 10 16 06 21 | 07
#0919-d187 @A: 06 04 21 30 | 01
#0920-d187 @A: 12 09 21 06 | 03
#0921-d187 @A: 08 17 35 21 | 10
#0922-d187 @A: 21 31 17 23 | 08
#0923-d187 @A: 21 03 26 34 | 06
#0924-d187 @A: 08 21 22 14 | 11
#0925-d187 @A: 35 27 21 19 | 09
#0926-d187 @A: 30 23 32 21 | 04
#0927-d187 @A: 24 33 22 21 | 02
#0928-d187 @A: 21 14 24 33 | 12
#0929-d187 @A: 04 03 22 21 | 05
#0930-d187 @A: 30 28 17 29 | 07
#0931-d187 @A: 35 16 28 15 | 01
#0932-d187 @A: 28 04 15 08 | 03
#0933-d187 @A: 28 15 32 31 | 10
#0934-d187 @A: 24 11 28 34 | 08
#0935-d187 @A: 26 20 34 28 | 06
#0936-d187 @A: 34 28 31 27 | 11
#0937-d187 @A: 28 29 10 16 | 09
#0938-d187 @A: 26 28 22 29 | 04
#0939-d187 @A: 28 03 26 30 | 02
#0940-d187 @A: 28 24 10 19 | 12
#0941-d187 @A: 28 30 23 02 | 05
#0942-d187 @A: 02 09 14 28 | 07
#0943-d187 @A: 24 30 15 06 | 01
#0944-d187 @A: 34 11 06 32 | 03
#0945-d187 @A: 11 10 23 06 | 10
#0946-d187 @A: 23 24 33 06 | 08
#0947-d187 @A: 06 03 23 12 | 06
#0948-d187 @A: 10 06 12 02 | 11
#0949-d187 @A: 17 12 15 08 | 09
#0950-d187 @A: 15 08 17 14 | 04
#0951-d187 @A: 30 11 34 17 | 02
#0952-d187 @A: 11 17 27 08 | 12
#0953-d187 @A: 11 35 32 17 | 05
#0954-d187 @A: 26 03 32 17 | 07
#0955-d187 @A: 27 09 17 29 | 01
#0956-d187 @A: 10 20 17 24 | 03
#0957-d187 @A: 14 30 33 17 | 10
#0958-d187 @A: 22 09 17 04 | 08
#0959-d187 @A: 15 12 26 34 | 06
#0960-d187 @A: 15 29 34 10 | 11
#0961-d187 @A: 15 31 09 34 | 09
#0962-d187 @A: 04 15 30 33 | 04
#0963-d187 @A: 14 15 09 33 | 02
#0964-d187 @A: 02 30 19 34 | 12
#0965-d187 @A: 09 34 02 32 | 05
#0966-d187 @A: 24 34 27 12 | 07
#0967-d187 @A: 27 03 20 34 | 01
#0968-d187 @A: 22 34 02 03 | 03
#0969-d187 @A: 34 02 20 12 | 10
#0970-d187 @A: 35 16 26 29 | 08
#0971-d187 @A: 16 31 02 26 | 06
#0972-d187 @A: 29 16 22 31 | 11
#0973-d187 @A: 16 09 30 08 | 09
#0974-d187 @A: 35 16 10 04 | 04
#0975-d187 @A: 10 11 32 26 | 02
#0976-d187 @A: 11 14 26 27 | 12
#0977-d187 @A: 03 11 14 32 | 05
#0978-d187 @A: 32 33 11 02 | 07
#0979-d187 @A: 12 11 23 02 | 01
#0980-d187 @A: 33 12 26 19 | 03
#0981-d187 @A: 12 27 32 26 | 10
#0982-d187 @A: 14 22 26 30 | 08
#0983-d187 @A: 27 26 10 04 | 06
#0984-d187 @A: 35 31 19 29 | 11
#0985-d187 @A: 32 30 29 09 | 09
#0986-d187 @A: 29 30 35 23 | 04
#0987-d187 @A: 02 04 08 27 | 02
#0988-d187 @A: 23 14 35 31 | 12
#0989-d187 @A: 19 30 14 12 | 05
#0990-d187 @A: 25 09 29 01 | 07
#0991-d187 @A: 09 17 18 25 | 01
#0992-d187 @A: 04 25 11 05 | 03
#0993-d187 @A: 21 27 25 06 | 10
#0994-d187 @A: 21 19 15 25 | 08
#0995-d187 @A: 25 09 26 28 | 06
#0996-d187 @A: 31 28 25 23 | 11
#0997-d187 @A: 25 15 33 11 | 09
#0998-d187 @A: 34 25 09 11 | 04
#0999-d187 @A: 23 29 16 25 | 02
#1000-d187 @A: 25 24 12 33 | 12
#1001-d187 @A: 27 35 22 25 | 05
#1002-d187 @A: 07 29 13 20 | 07
#1003-d187 @A: 01 07 22 03 | 01
#1004-d187 @A: 15 07 10 05 | 03
#1005-d187 @A: 04 07 11 21 | 10
#1006-d187 @A: 30 17 07 06 | 08
#1007-d187 @A: 12 06 07 11 | 06
#1008-d187 @A: 15 20 07 31 | 11
#1009-d187 @A: 03 07 15 09 | 09
#1010-d187 @A: 07 35 24 02 | 04
#1011-d187 @A: 35 07 27 12 | 02
#1012-d187 @A: 01 17 13 14 | 12
#1013-d187 @A: 13 27 18 02 | 05
#1014-d187 @A: 19 13 31 05 | 07
#1015-d187 @A: 21 13 27 11 | 01
#1016-d187 @A: 08 17 19 13 | 03
#1017-d187 @A: 14 13 19 15 | 10
#1018-d187 @A: 13 16 20 03 | 08
#1019-d187 @A: 31 14 11 13 | 06
#1020-d187 @A: 35 04 13 19 | 11
#1021-d187 @A: 32 23 33 13 | 09
#1022-d187 @A: 14 33 10 13 | 04
#1023-d187 @A: 35 09 22 13 | 02
#1024-d187 @A: 06 35 05 01 | 12
#1025-d187 @A: 01 21 26 27 | 05
#1026-d187 @A: 28 15 14 01 | 07
#1027-d187 @A: 26 01 12 28 | 01
#1028-d187 @A: 10 01 31 28 | 03
#1029-d187 @A: 03 01 28 19 | 10
#1030-d187 @A: 30 26 06 01 | 08
#1031-d187 @A: 06 01 04 27 | 06
#1032-d187 @A: 02 01 29 17 | 11
#1033-d187 @A: 15 01 08 32 | 09
#1034-d187 @A: 11 16 01 26 | 04
#1035-d187 @A: 02 35 01 11 | 02
#1036-d187 @A: 30 20 33 01 | 12
#1037-d187 @A: 18 17 20 15 | 05
#1038-d187 @A: 18 22 17 30 | 07
#1039-d187 @A: 11 15 18 22 | 01
#1040-d187 @A: 18 08 16 20 | 03
#1041-d187 @A: 31 14 30 18 | 10
#1042-d187 @A: 09 19 24 18 | 08
#1043-d187 @A: 30 18 27 10 | 06
#1044-d187 @A: 06 05 21 14 | 11
#1045-d187 @A: 03 11 05 28 | 09
#1046-d187 @A: 30 31 05 28 | 04
#1047-d187 @A: 05 08 06 09 | 02
#1048-d187 @A: 02 17 05 11 | 12
#1049-d187 @A: 15 08 05 35 | 05
#1050-d187 @A: 19 12 05 15 | 07
#1051-d187 @A: 29 05 20 34 | 01
#1052-d187 @A: 05 11 33 26 | 03
#1053-d187 @A: 05 08 31 29 | 10
#1054-d187 @A: 30 29 05 24 | 08
#1055-d187 @A: 20 05 02 22 | 06
#1056-d187 @A: 17 15 21 02 | 11
#1057-d187 @A: 12 21 24 15 | 09
#1058-d187 @A: 31 32 21 34 | 04
#1059-d187 @A: 23 29 26 21 | 02
#1060-d187 @A: 08 26 21 22 | 12
#1061-d187 @A: 21 10 04 12 | 05
#1062-d187 @A: 04 10 17 28 | 07
#1063-d187 @A: 15 34 23 28 | 01
#1064-d187 @A: 28 16 34 12 | 03
#1065-d187 @A: 16 32 28 33 | 10
#1066-d187 @A: 11 29 35 28 | 08
#1067-d187 @A: 24 35 28 26 | 06
#1068-d187 @A: 28 12 02 31 | 11
#1069-d187 @A: 14 28 04 31 | 09
#1070-d187 @A: 24 28 09 23 | 04
#1071-d187 @A: 28 04 02 24 | 02
#1072-d187 @A: 30 33 35 28 | 12
#1073-d187 @A: 06 35 09 17 | 05
#1074-d187 @A: 31 06 12 15 | 07
#1075-d187 @A: 08 04 06 34 | 01
#1076-d187 @A: 08 06 19 29 | 03
#1077-d187 @A: 33 03 08 06 | 10
#1078-d187 @A: 22 27 24 06 | 08
#1079-d187 @A: 23 30 20 06 | 06
#1080-d187 @A: 35 03 27 06 | 11
#1081-d187 @A: 08 02 16 17 | 09
#1082-d187 @A: 20 11 17 19 | 04
#1083-d187 @A: 31 29 17 12 | 02
#1084-d187 @A: 02 22 31 17 | 12
#1085-d187 @A: 19 33 17 30 | 05
#1086-d187 @A: 30 17 10 32 | 07
#1087-d187 @A: 20 32 22 17 | 01
#1088-d187 @A: 15 04 11 34 | 03
#1089-d187 @A: 02 03 15 11 | 10
#1090-d187 @A: 15 29 26 14 | 08
#1091-d187 @A: 19 32 10 15 | 06
#1092-d187 @A: 04 19 15 20 | 11
#1093-d187 @A: 15 30 20 09 | 09
#1094-d187 @A: 26 30 16 34 | 04
#1095-d187 @A: 11 08 34 03 | 02
#1096-d187 @A: 26 09 27 34 | 12
#1097-d187 @A: 08 20 34 33 | 05
#1098-d187 @A: 31 34 20 10 | 07
#1099-d187 @A: 20 19 35 34 | 01
#1100-d187 @A: 32 33 10 34 | 03
#1101-d187 @A: 33 27 34 02 | 10
#1102-d187 @A: 02 20 32 16 | 08
#1103-d187 @A: 02 16 04 30 | 06
#1104-d187 @A: 04 20 16 14 | 11
#1105-d187 @A: 08 11 26 31 | 09
#1106-d187 @A: 11 30 31 29 | 04
#1107-d187 @A: 09 04 08 11 | 02
#1108-d187 @A: 11 24 23 22 | 12
#1109-d187 @A: 24 02 27 11 | 05
#1110-d187 @A: 29 03 19 10 | 07
#1111-d187 @A: 32 29 22 12 | 01
#1112-d187 @A: 29 23 20 12 | 03
#1113-d187 @A: 24 10 33 08 | 10
#1114-d187 @A: 02 23 08 03 | 08
#1115-d187 @A: 33 23 22 08 | 06
#1116-d187 @A: 09 08 27 33 | 11
#1117-d187 @A: 22 31 19 27 | 09
#1118-d187 @A: 10 19 31 14 | 04
#1119-d187 @A: 24 20 12 31 | 02
#1120-d187 @A: 30 10 33 31 | 12
#1121-d187 @A: 20 27 02 31 | 05
#1122-d187 @A: 22 20 31 04 | 07
#1123-d187 @A: 35 31 09 20 | 01
#1124-d187 @A: 02 24 19 14 | 03
#1125-d187 @A: 23 10 14 09 | 10
#1126-d187 @A: 24 07 25 10 | 08
#1127-d187 @A: 07 25 23 03 | 06
#1128-d187 @A: 13 25 23 05 | 11
#1129-d187 @A: 18 23 25 11 | 09
#1130-d187 @A: 21 08 09 25 | 04
#1131-d187 @A: 02 21 24 25 | 02
#1132-d187 @A: 25 10 08 28 | 12
#1133-d187 @A: 04 17 25 08 | 05
#1134-d187 @A: 14 15 25 31 | 07
#1135-d187 @A: 35 26 11 25 | 01
#1136-d187 @A: 08 20 11 25 | 03
#1137-d187 @A: 03 25 19 27 | 10
#1138-d187 @A: 19 20 25 10 | 08
#1139-d187 @A: 25 32 33 35 | 06
#1140-d187 @A: 33 07 05 13 | 11
#1141-d187 @A: 17 02 13 07 | 09
#1142-d187 @A: 07 01 24 15 | 04
#1143-d187 @A: 19 07 28 18 | 02
#1144-d187 @A: 14 35 07 18 | 12
#1145-d187 @A: 33 07 21 30 | 05
#1146-d187 @A: 32 26 07 28 | 07
#1147-d187 @A: 34 07 04 02 | 01
#1148-d187 @A: 07 32 11 16 | 03
#1149-d187 @A: 16 07 27 29 | 10
#1150-d187 @A: 07 16 12 33 | 08
#1151-d187 @A: 07 33 24 26 | 06
#1152-d187 @A: 07 12 29 24 | 11
#1153-d187 @A: 08 07 32 19 | 09
#1154-d187 @A: 07 19 09 10 | 04
#1155-d187 @A: 07 24 30 20 | 02
#1156-d187 @A: 03 30 12 07 | 12
#1157-d187 @A: 04 07 20 12 | 05
#1158-d187 @A: 02 28 13 01 | 07
#1159-d187 @A: 01 13 35 27 | 01
#1160-d187 @A: 17 18 13 16 | 03
#1161-d187 @A: 13 35 15 18 | 10
#1162-d187 @A: 21 02 26 13 | 08
#1163-d187 @A: 09 13 15 28 | 06
#1164-d187 @A: 06 13 22 29 | 11
#1165-d187 @A: 12 32 13 17 | 09
#1166-d187 @A: 30 15 32 13 | 04
#1167-d187 @A: 34 30 35 13 | 02
#1168-d187 @A: 34 14 13 04 | 12
#1169-d187 @A: 31 13 20 11 | 05
#1170-d187 @A: 08 13 26 23 | 07
#1171-d187 @A: 03 30 13 19 | 01
#1172-d187 @A: 20 13 24 32 | 03
#1173-d187 @A: 12 02 24 13 | 10
#1174-d187 @A: 03 13 23 35 | 08
#1175-d187 @A: 22 27 33 13 | 06
#1176-d187 @A: 13 33 20 04 | 11
#1177-d187 @A: 24 21 01 18 | 09
#1178-d187 @A: 09 05 01 28 | 04
#1179-d187 @A: 01 21 32 29 | 02
#1180-d187 @A: 32 09 06 01 | 12
#1181-d187 @A: 17 01 15 27 | 05
#1182-d187 @A: 01 08 17 30 | 07
#1183-d187 @A: 17 04 33 01 | 01
#1184-d187 @A: 01 10 11 34 | 03
#1185-d187 @A: 23 14 01 34 | 10
#1186-d187 @A: 11 12 31 01 | 08
#1187-d187 @A: 30 35 04 01 | 06
#1188-d187 @A: 12 01 33 03 | 11
#1189-d187 @A: 28 18 05 33 | 09
#1190-d187 @A: 05 17 18 24 | 04
#1191-d187 @A: 05 18 12 11 | 02
#1192-d187 @A: 06 21 11 18 | 12
#1193-d187 @A: 19 21 18 31 | 05
#1194-d187 @A: 12 18 20 21 | 07
#1195-d187 @A: 18 20 24 28 | 01
#1196-d187 @A: 02 17 18 06 | 03
#1197-d187 @A: 29 34 18 11 | 10
#1198-d187 @A: 26 20 18 03 | 08
#1199-d187 @A: 22 10 18 32 | 06
#1200-d187 @A: 32 18 09 35 | 11
#1201-d187 @A: 21 09 20 05 | 09
#1202-d187 @A: 10 05 34 28 | 04
#1203-d187 @A: 12 05 29 28 | 02
#1204-d187 @A: 27 26 05 06 | 12
#1205-d187 @A: 33 29 05 17 | 05
#1206-d187 @A: 11 08 23 05 | 07
#1207-d187 @A: 02 26 29 05 | 01
#1208-d187 @A: 31 05 26 22 | 03
#1209-d187 @A: 24 05 27 19 | 10
#1210-d187 @A: 32 24 05 04 | 08
#1211-d187 @A: 05 23 35 24 | 06
#1212-d187 @A: 24 03 22 05 | 11
#1213-d187 @A: 12 10 05 24 | 09
#1214-d187 @A: 23 05 12 33 | 04
#1215-d187 @A: 12 09 35 05 | 02
#1216-d187 @A: 20 17 06 21 | 12
#1217-d187 @A: 16 21 27 17 | 05
#1218-d187 @A: 16 14 17 21 | 07
#1219-d187 @A: 31 21 35 11 | 01
#1220-d187 @A: 21 35 14 11 | 03
#1221-d187 @A: 29 20 30 21 | 10
#1222-d187 @A: 27 32 08 21 | 08
#1223-d187 @A: 32 21 20 19 | 06
#1224-d187 @A: 23 21 33 09 | 11
#1225-d187 @A: 03 30 21 09 | 09
#1226-d187 @A: 30 10 21 02 | 04
#1227-d187 @A: 10 28 26 06 | 02
#1228-d187 @A: 06 04 31 28 | 12
#1229-d187 @A: 31 17 35 28 | 05
#1230-d187 @A: 23 28 17 27 | 07
#1231-d187 @A: 33 15 28 26 | 01
#1232-d187 @A: 28 32 24 12 | 03
#1233-d187 @A: 32 27 28 22 | 10
#1234-d187 @A: 10 12 33 28 | 08
#1235-d187 @A: 20 26 06 16 | 06
#1236-d187 @A: 06 35 30 11 | 11
#1237-d187 @A: 06 31 29 03 | 09
#1238-d187 @A: 06 12 27 30 | 04
#1239-d187 @A: 02 35 06 20 | 02
#1240-d187 @A: 33 35 06 10 | 12
#1241-d187 @A: 16 17 26 09 | 05
#1242-d187 @A: 35 26 17 27 | 07
#1243-d187 @A: 04 17 23 24 | 01
#1244-d187 @A: 03 09 24 17 | 03
#1245-d187 @A: 15 31 03 26 | 10
#1246-d187 @A: 15 22 08 29 | 08
#1247-d187 @A: 24 19 15 02 | 06
#1248-d187 @A: 19 15 27 33 | 11
#1249-d187 @A: 27 15 23 24 | 09
#1250-d187 @A: 22 11 31 34 | 04
#1251-d187 @A: 14 11 20 34 | 02
#1252-d187 @A: 29 23 34 31 | 12
#1253-d187 @A: 22 20 34 30 | 05
#1254-d187 @A: 16 23 11 03 | 07
#1255-d187 @A: 22 11 16 35 | 01
#1256-d187 @A: 03 19 16 22 | 03
#1257-d187 @A: 16 30 33 24 | 10
#1258-d187 @A: 33 16 23 27 | 08
#1259-d187 @A: 04 23 16 20 | 06
#1260-d187 @A: 02 16 12 22 | 11
#1261-d187 @A: 26 20 11 27 | 09
#1262-d187 @A: 09 27 11 19 | 04
#1263-d187 @A: 23 04 11 30 | 02
#1264-d187 @A: 11 22 30 12 | 12
#1265-d187 @A: 04 03 11 35 | 05
#1266-d187 @A: 09 26 20 19 | 07
#1267-d187 @A: 26 14 32 35 | 01
#1268-d187 @A: 14 24 20 26 | 03
#1269-d187 @A: 10 32 29 24 | 10
#1270-d187 @A: 03 24 29 23 | 08
#1271-d187 @A: 23 29 04 27 | 06
#1272-d187 @A: 29 23 10 33 | 11
#1273-d187 @A: 10 09 04 29 | 09
#1274-d187 @A: 08 23 19 27 | 04
#1275-d187 @A: 19 09 03 08 | 02
#1276-d187 @A: 20 08 12 19 | 12
#1277-d187 @A: 04 33 08 32 | 05
#1278-d187 @A: 03 08 04 20 | 07
#1279-d187 @A: 32 31 09 10 | 01
#1280-d187 @A: 23 27 09 31 | 03
#1281-d187 @A: 23 33 31 35 | 10
#1282-d187 @A: 04 22 14 33 | 08
#1283-d187 @A: 07 25 13 35 | 06
#1284-d187 @A: 25 02 28 07 | 11
#1285-d187 @A: 15 25 07 34 | 09
#1286-d187 @A: 02 25 20 13 | 04
#1287-d187 @A: 15 32 25 18 | 02
#1288-d187 @A: 25 05 17 32 | 12
#1289-d187 @A: 12 26 05 25 | 05
#1290-d187 @A: 24 05 20 25 | 07
#1291-d187 @A: 25 29 22 17 | 01
#1292-d187 @A: 30 15 25 31 | 03
#1293-d187 @A: 15 24 09 25 | 10
#1294-d187 @A: 25 16 34 10 | 08
#1295-d187 @A: 25 35 12 02 | 06
#1296-d187 @A: 10 04 25 22 | 11
#1297-d187 @A: 04 15 07 13 | 09
#1298-d187 @A: 07 01 16 05 | 04
#1299-d187 @A: 07 01 35 31 | 02
#1300-d187 @A: 03 18 07 21 | 12
#1301-d187 @A: 27 18 17 07 | 05
#1302-d187 @A: 18 02 07 08 | 07
#1303-d187 @A: 07 31 18 33 | 01
#1304-d187 @A: 31 07 24 05 | 03
#1305-d187 @A: 09 07 28 17 | 10
#1306-d187 @A: 07 06 29 33 | 08
#1307-d187 @A: 16 17 07 20 | 06
#1308-d187 @A: 34 31 08 07 | 11
#1309-d187 @A: 22 07 30 32 | 09
#1310-d187 @A: 32 09 04 07 | 04
#1311-d187 @A: 34 13 21 23 | 02
#1312-d187 @A: 11 28 26 13 | 12
#1313-d187 @A: 15 22 26 13 | 05
#1314-d187 @A: 13 26 12 16 | 07
#1315-d187 @A: 33 12 29 13 | 01
#1316-d187 @A: 24 09 13 30 | 03
#1317-d187 @A: 13 22 20 10 | 10
#1318-d187 @A: 05 21 01 23 | 08
#1319-d187 @A: 23 01 28 16 | 06
#1320-d187 @A: 34 15 02 01 | 11
#1321-d187 @A: 11 22 14 01 | 09
#1322-d187 @A: 26 01 08 03 | 04
#1323-d187 @A: 31 33 01 29 | 02
#1324-d187 @A: 01 27 22 29 | 12
#1325-d187 @A: 01 32 19 12 | 05
#1326-d187 @A: 09 01 12 27 | 07
#1327-d187 @A: 14 04 01 02 | 01
#1328-d187 @A: 28 18 21 27 | 03
#1329-d187 @A: 21 08 04 18 | 10
#1330-d187 @A: 18 06 10 31 | 08
#1331-d187 @A: 32 18 24 06 | 06
#1332-d187 @A: 17 18 19 03 | 11
#1333-d187 @A: 18 08 15 03 | 09
#1334-d187 @A: 29 32 18 16 | 04
#1335-d187 @A: 11 26 18 30 | 02
#1336-d187 @A: 19 08 18 11 | 12
#1337-d187 @A: 11 10 18 03 | 05
#1338-d187 @A: 29 18 08 27 | 07
#1339-d187 @A: 18 19 10 23 | 01
#1340-d187 @A: 23 04 18 03 | 03
#1341-d187 @A: 16 05 21 33 | 10
#1342-d187 @A: 20 11 06 05 | 08
#1343-d187 @A: 17 08 05 10 | 06
#1344-d187 @A: 32 22 05 15 | 11
#1345-d187 @A: 31 02 34 05 | 09
#1346-d187 @A: 30 11 16 05 | 04
#1347-d187 @A: 16 26 03 05 | 02
#1348-d187 @A: 10 32 27 05 | 12
#1349-d187 @A: 09 27 30 05 | 05
#1350-d187 @A: 04 27 22 05 | 07
#1351-d187 @A: 35 02 04 05 | 01
#1352-d187 @A: 21 28 24 31 | 03
#1353-d187 @A: 21 15 08 31 | 10
#1354-d187 @A: 21 27 15 10 | 08
#1355-d187 @A: 29 34 27 21 | 06
#1356-d187 @A: 21 23 20 11 | 11
#1357-d187 @A: 10 31 21 29 | 09
#1358-d187 @A: 21 10 33 19 | 04
#1359-d187 @A: 02 32 22 21 | 02
#1360-d187 @A: 14 21 03 23 | 12
#1361-d187 @A: 09 28 16 02 | 05
#1362-d187 @A: 28 04 11 14 | 07
#1363-d187 @A: 28 29 31 20 | 01
#1364-d187 @A: 09 10 03 28 | 03
#1365-d187 @A: 02 28 27 10 | 10
#1366-d187 @A: 26 17 24 06 | 08
#1367-d187 @A: 14 06 10 17 | 06
#1368-d187 @A: 15 35 26 06 | 11
#1369-d187 @A: 06 14 08 11 | 09
#1370-d187 @A: 12 29 26 06 | 04
#1371-d187 @A: 31 20 06 33 | 02
#1372-d187 @A: 23 06 22 35 | 12
#1373-d187 @A: 33 06 30 09 | 05
#1374-d187 @A: 04 06 12 33 | 07
#1375-d187 @A: 31 17 30 16 | 01
#1376-d187 @A: 17 08 29 20 | 03
#1377-d187 @A: 27 19 17 12 | 10
#1378-d187 @A: 17 23 30 09 | 08
#1379-d187 @A: 17 02 03 20 | 06
#1380-d187 @A: 17 27 22 10 | 11
#1381-d187 @A: 14 20 35 17 | 09
#1382-d187 @A: 15 09 12 32 | 04
#1383-d187 @A: 35 33 24 15 | 02
#1384-d187 @A: 35 20 15 27 | 12
#1385-d187 @A: 15 35 22 02 | 05
#1386-d187 @A: 24 14 34 08 | 07
#1387-d187 @A: 34 35 09 14 | 01
#1388-d187 @A: 10 16 11 08 | 03
#1389-d187 @A: 11 16 33 31 | 10
#1390-d187 @A: 04 16 24 12 | 08
#1391-d187 @A: 23 22 16 30 | 06
#1392-d187 @A: 16 35 14 12 | 11
#1393-d187 @A: 19 33 11 04 | 09
#1394-d187 @A: 10 11 30 24 | 04
#1395-d187 @A: 14 11 30 24 | 02
#1396-d187 @A: 22 09 20 11 | 12
#1397-d187 @A: 02 26 30 32 | 05
#1398-d187 @A: 26 12 24 22 | 07
#1399-d187 @A: 35 27 32 29 | 01
#1400-d187 @A: 04 14 29 27 | 03
#1401-d187 @A: 19 08 10 02 | 10
#1402-d187 @A: 32 23 08 10 | 08
#1403-d187 @A: 08 24 35 09 | 06
#1404-d187 @A: 35 30 08 27 | 11
#1405-d187 @A: 08 30 04 10 | 09
#1406-d187 @A: 23 31 22 10 | 04
#1407-d187 @A: 10 03 12 31 | 02
#1408-d187 @A: 22 35 31 12 | 12
#1409-d187 @A: 12 14 04 24 | 05
#1410-d187 @A: 25 05 06 07 | 07
#1411-d187 @A: 21 28 13 25 | 01
#1412-d187 @A: 01 28 24 25 | 03
#1413-d187 @A: 03 02 25 18 | 10
#1414-d187 @A: 31 25 35 05 | 08
#1415-d187 @A: 11 24 06 25 | 06
#1416-d187 @A: 06 25 02 14 | 11
#1417-d187 @A: 30 34 25 27 | 09
#1418-d187 @A: 26 25 16 33 | 04
#1419-d187 @A: 24 29 25 31 | 02
#1420-d187 @A: 20 29 25 04 | 12
#1421-d187 @A: 20 14 29 25 | 05
#1422-d187 @A: 19 25 02 22 | 07
#1423-d187 @A: 04 25 12 19 | 01
#1424-d187 @A: 25 32 03 09 | 03
#1425-d187 @A: 33 04 23 25 | 10
#1426-d187 @A: 35 20 25 30 | 08
#1427-d187 @A: 25 04 27 09 | 06
#1428-d187 @A: 23 13 28 07 | 11
#1429-d187 @A: 07 11 03 13 | 09
#1430-d187 @A: 09 08 01 07 | 04
#1431-d187 @A: 34 23 07 18 | 02
#1432-d187 @A: 07 27 21 05 | 12
#1433-d187 @A: 26 21 12 07 | 05
#1434-d187 @A: 07 31 21 02 | 07
#1435-d187 @A: 28 14 34 07 | 01
#1436-d187 @A: 07 11 17 29 | 03
#1437-d187 @A: 31 16 07 10 | 10
#1438-d187 @A: 26 11 09 07 | 08
#1439-d187 @A: 33 11 08 07 | 06
#1440-d187 @A: 29 30 08 07 | 11
#1441-d187 @A: 29 07 23 02 | 09
#1442-d187 @A: 07 32 31 27 | 04
#1443-d187 @A: 07 24 22 19 | 02
#1444-d187 @A: 07 04 30 19 | 12
#1445-d187 @A: 07 09 24 27 | 05
#1446-d187 @A: 07 33 20 10 | 07
#1447-d187 @A: 13 01 30 29 | 01
#1448-d187 @A: 13 03 06 18 | 03
#1449-d187 @A: 13 15 05 20 | 10
#1450-d187 @A: 13 30 05 10 | 08
#1451-d187 @A: 13 29 34 28 | 06
#1452-d187 @A: 26 33 06 13 | 11
#1453-d187 @A: 17 24 11 13 | 09
#1454-d187 @A: 13 09 19 34 | 04
#1455-d187 @A: 16 13 29 02 | 02
#1456-d187 @A: 16 13 19 10 | 12
#1457-d187 @A: 31 13 32 29 | 05
#1458-d187 @A: 33 01 08 18 | 07
#1459-d187 @A: 17 05 01 12 | 01
#1460-d187 @A: 21 01 34 12 | 03
#1461-d187 @A: 01 16 15 06 | 10
#1462-d187 @A: 06 09 01 14 | 08
#1463-d187 @A: 03 01 04 15 | 06
#1464-d187 @A: 08 34 27 01 | 11
#1465-d187 @A: 08 01 29 04 | 09
#1466-d187 @A: 32 20 23 01 | 04
#1467-d187 @A: 02 01 20 10 | 02
#1468-d187 @A: 18 05 35 21 | 12
#1469-d187 @A: 05 18 14 34 | 05
#1470-d187 @A: 05 22 18 16 | 07
#1471-d187 @A: 08 05 18 32 | 01
#1472-d187 @A: 05 18 02 10 | 03
#1473-d187 @A: 30 21 34 18 | 10
#1474-d187 @A: 27 18 14 21 | 08
#1475-d187 @A: 28 23 06 18 | 06
#1476-d187 @A: 12 06 08 18 | 11
#1477-d187 @A: 11 31 32 18 | 09
#1478-d187 @A: 08 18 26 10 | 04
#1479-d187 @A: 26 31 18 35 | 02
#1480-d187 @A: 29 19 18 14 | 12
#1481-d187 @A: 32 04 19 18 | 05
#1482-d187 @A: 19 02 20 18 | 07
#1483-d187 @A: 23 24 18 12 | 01
#1484-d187 @A: 03 18 35 22 | 03
#1485-d187 @A: 18 02 09 04 | 10
#1486-d187 @A: 09 20 10 18 | 08
#1487-d187 @A: 24 05 11 15 | 06
#1488-d187 @A: 12 34 05 30 | 11
#1489-d187 @A: 16 14 09 05 | 09
#1490-d187 @A: 32 30 33 05 | 04
#1491-d187 @A: 05 24 35 14 | 02
#1492-d187 @A: 30 20 04 05 | 12
#1493-d187 @A: 05 03 20 10 | 05
#1494-d187 @A: 27 05 35 33 | 07
#1495-d187 @A: 29 28 21 02 | 01
#1496-d187 @A: 06 21 35 29 | 03
#1497-d187 @A: 21 17 29 24 | 10
#1498-d187 @A: 29 21 16 09 | 08
#1499-d187 @A: 21 31 20 16 | 06
#1500-d187 @A: 11 12 29 21 | 11
#1501-d187 @A: 26 21 33 31 | 09
#1502-d187 @A: 21 32 10 03 | 04
#1503-d187 @A: 27 02 21 09 | 02
#1504-d187 @A: 14 02 21 12 | 12
#1505-d187 @A: 14 20 28 17 | 05
#1506-d187 @A: 28 16 14 08 | 07
#1507-d187 @A: 28 16 20 19 | 01
#1508-d187 @A: 33 28 11 23 | 03
#1509-d187 @A: 23 29 28 08 | 10
#1510-d187 @A: 14 32 29 28 | 08
#1511-d187 @A: 28 12 35 19 | 06
#1512-d187 @A: 22 04 33 28 | 11
#1513-d187 @A: 12 17 06 34 | 09
#1514-d187 @A: 09 06 31 26 | 04
#1515-d187 @A: 06 14 31 22 | 02
#1516-d187 @A: 19 06 09 02 | 12
#1517-d187 @A: 10 24 06 09 | 05
#1518-d187 @A: 03 06 04 09 | 07
#1519-d187 @A: 14 06 33 35 | 01
#1520-d187 @A: 17 08 34 09 | 03
#1521-d187 @A: 17 31 20 26 | 10
#1522-d187 @A: 08 17 24 22 | 08
#1523-d187 @A: 14 17 24 03 | 06
#1524-d187 @A: 17 20 30 27 | 11
#1525-d187 @A: 15 24 16 03 | 09
#1526-d187 @A: 16 22 33 15 | 04
#1527-d187 @A: 23 11 15 26 | 02
#1528-d187 @A: 19 11 15 31 | 12
#1529-d187 @A: 15 29 32 02 | 05
#1530-d187 @A: 33 23 34 30 | 07
#1531-d187 @A: 22 34 12 33 | 01
#1532-d187 @A: 22 34 04 35 | 03
#1533-d187 @A: 16 26 14 32 | 10
#1534-d187 @A: 16 10 02 03 | 08
#1535-d187 @A: 03 35 09 16 | 06
#1536-d187 @A: 08 11 32 29 | 11
#1537-d187 @A: 02 20 11 29 | 09
#1538-d187 @A: 22 11 19 10 | 04
#1539-d187 @A: 24 32 03 11 | 02
#1540-d187 @A: 26 27 31 29 | 12
#1541-d187 @A: 24 26 02 20 | 05
#1542-d187 @A: 14 23 04 26 | 07
#1543-d187 @A: 35 03 12 26 | 01
#1544-d187 @A: 22 20 33 26 | 03
#1545-d187 @A: 12 26 10 20 | 10
#1546-d187 @A: 12 19 29 02 | 08
#1547-d187 @A: 35 29 22 24 | 06
#1548-d187 @A: 12 30 29 10 | 11
#1549-d187 @A: 31 22 30 08 | 09
#1550-d187 @A: 27 31 08 10 | 04
#1551-d187 @A: 08 31 04 12 | 02
#1552-d187 @A: 20 08 02 30 | 12
#1553-d187 @A: 22 10 03 08 | 05
#1554-d187 @A: 24 31 03 19 | 07
#1555-d187 @A: 19 14 04 03 | 01
#1556-d187 @A: 14 04 10 32 | 03
#1557-d187 @A: 04 18 07 25 | 10
#1558-d187 @A: 19 25 13 26 | 08
#1559-d187 @A: 14 25 13 12 | 06
#1560-d187 @A: 01 25 21 33 | 11
#1561-d187 @A: 01 25 08 22 | 09
#1562-d187 @A: 35 18 25 06 | 04
#1563-d187 @A: 28 25 22 05 | 02
#1564-d187 @A: 15 25 03 05 | 12
#1565-d187 @A: 17 21 10 25 | 05
#1566-d187 @A: 25 11 21 03 | 07
#1567-d187 @A: 17 28 25 19 | 01
#1568-d187 @A: 25 15 27 28 | 03
#1569-d187 @A: 25 28 33 29 | 10
#1570-d187 @A: 06 09 25 22 | 08
#1571-d187 @A: 23 17 25 20 | 06
#1572-d187 @A: 25 15 35 29 | 11
#1573-d187 @A: 27 25 11 16 | 09
#1574-d187 @A: 12 16 31 25 | 04
#1575-d187 @A: 29 11 10 25 | 02
#1576-d187 @A: 25 24 26 27 | 12
#1577-d187 @A: 32 30 25 04 | 05
#1578-d187 @A: 23 22 25 14 | 07
#1579-d187 @A: 14 25 27 03 | 01
#1580-d187 @A: 07 22 14 13 | 03
#1581-d187 @A: 01 12 07 18 | 10
#1582-d187 @A: 07 01 14 03 | 08
#1583-d187 @A: 18 20 05 07 | 06
#1584-d187 @A: 06 32 07 15 | 11
#1585-d187 @A: 14 24 07 15 | 09
#1586-d187 @A: 07 23 11 14 | 04
#1587-d187 @A: 35 08 26 07 | 02
#1588-d187 @A: 10 07 32 35 | 12
#1589-d187 @A: 24 07 04 03 | 05
#1590-d187 @A: 10 27 07 03 | 07
#1591-d187 @A: 18 05 13 09 | 01
#1592-d187 @A: 13 18 28 30 | 03
#1593-d187 @A: 21 24 13 05 | 10
#1594-d187 @A: 12 08 13 05 | 08
#1595-d187 @A: 16 06 23 13 | 06
#1596-d187 @A: 09 13 06 11 | 11
#1597-d187 @A: 13 15 24 29 | 09
#1598-d187 @A: 13 33 15 08 | 04
#1599-d187 @A: 08 11 35 13 | 02
#1600-d187 @A: 03 26 09 13 | 12
#1601-d187 @A: 09 13 08 29 | 05
#1602-d187 @A: 09 13 32 27 | 07
#1603-d187 @A: 14 01 18 26 | 01
#1604-d187 @A: 01 04 20 18 | 03
#1605-d187 @A: 01 11 05 27 | 10
#1606-d187 @A: 01 08 06 10 | 08
#1607-d187 @A: 31 22 15 01 | 06
#1608-d187 @A: 24 01 16 34 | 11
#1609-d187 @A: 16 12 01 29 | 09
#1610-d187 @A: 35 08 16 01 | 04
#1611-d187 @A: 01 10 33 16 | 02
#1612-d187 @A: 02 19 27 01 | 12
#1613-d187 @A: 35 19 01 09 | 05
#1614-d187 @A: 22 09 30 01 | 07
#1615-d187 @A: 03 01 09 20 | 01
#1616-d187 @A: 20 01 14 27 | 03
#1617-d187 @A: 01 12 10 22 | 10
#1618-d187 @A: 05 26 18 34 | 08
#1619-d187 @A: 05 18 31 04 | 06
#1620-d187 @A: 15 09 18 21 | 11
#1621-d187 @A: 18 22 31 28 | 09
#1622-d187 @A: 17 11 18 04 | 04
#1623-d187 @A: 11 14 17 18 | 02
#1624-d187 @A: 15 18 12 29 | 12
#1625-d187 @A: 24 34 03 18 | 05
#1626-d187 @A: 18 26 19 27 | 07
#1627-d187 @A: 12 30 18 02 | 01
#1628-d187 @A: 27 18 22 20 | 03
#1629-d187 @A: 09 18 14 22 | 10
#1630-d187 @A: 05 22 11 21 | 08
#1631-d187 @A: 06 29 05 15 | 06
#1632-d187 @A: 29 11 05 14 | 11
#1633-d187 @A: 10 31 05 11 | 09
#1634-d187 @A: 27 02 05 12 | 04
#1635-d187 @A: 21 26 28 04 | 02
#1636-d187 @A: 08 21 33 28 | 12
#1637-d187 @A: 10 14 28 21 | 05
#1638-d187 @A: 08 29 21 03 | 07
#1639-d187 @A: 33 21 12 32 | 01
#1640-d187 @A: 21 03 35 33 | 03
#1641-d187 @A: 35 06 08 28 | 10
#1642-d187 @A: 14 19 28 06 | 08
#1643-d187 @A: 24 17 15 28 | 06
#1644-d187 @A: 02 28 26 17 | 11
#1645-d187 @A: 28 12 08 11 | 09
#1646-d187 @A: 12 23 04 28 | 04
#1647-d187 @A: 30 09 04 28 | 02
#1648-d187 @A: 02 03 35 28 | 12
#1649-d187 @A: 28 12 22 09 | 05
#1650-d187 @A: 06 32 17 31 | 07
#1651-d187 @A: 15 02 08 06 | 01
#1652-d187 @A: 20 15 06 14 | 03
#1653-d187 @A: 06 19 23 04 | 10
#1654-d187 @A: 20 06 19 03 | 08
#1655-d187 @A: 17 34 26 14 | 06
#1656-d187 @A: 17 03 12 16 | 11
#1657-d187 @A: 17 22 11 26 | 09
#1658-d187 @A: 33 09 17 32 | 04
#1659-d187 @A: 22 17 12 23 | 02
#1660-d187 @A: 03 30 17 35 | 12
#1661-d187 @A: 15 14 12 34 | 05
#1662-d187 @A: 26 15 16 27 | 07
#1663-d187 @A: 27 09 22 15 | 01
#1664-d187 @A: 23 16 34 08 | 03
#1665-d187 @A: 02 11 26 34 | 10
#1666-d187 @A: 34 19 32 27 | 08
#1667-d187 @A: 34 09 03 23 | 06
#1668-d187 @A: 34 10 23 02 | 11
#1669-d187 @A: 11 10 14 16 | 09
#1670-d187 @A: 16 04 09 31 | 04
#1671-d187 @A: 24 27 16 32 | 02
#1672-d187 @A: 16 30 03 27 | 12
#1673-d187 @A: 20 16 10 30 | 05
#1674-d187 @A: 35 11 24 19 | 07
#1675-d187 @A: 11 24 12 09 | 01
#1676-d187 @A: 35 11 09 10 | 03
#1677-d187 @A: 24 08 26 29 | 10
#1678-d187 @A: 12 08 02 26 | 08
#1679-d187 @A: 19 32 23 26 | 06
#1680-d187 @A: 02 26 35 19 | 11
#1681-d187 @A: 22 32 26 35 | 09
#1682-d187 @A: 24 23 30 26 | 04
#1683-d187 @A: 29 23 19 09 | 02
#1684-d187 @A: 09 08 32 22 | 12
#1685-d187 @A: 08 30 33 12 | 05
#1686-d187 @A: 14 33 27 08 | 07
#1687-d187 @A: 32 31 24 35 | 01
#1688-d187 @A: 33 32 31 14 | 03
#1689-d187 @A: 23 02 33 14 | 10
