#0001-d189 @A: 28 16 31 02 | 07
#0002-d189 @A: 32 34 31 16 | 10
#0003-d189 @A: 19 04 31 34 | 11
#0004-d189 @A: 10 33 19 31 | 01
#0005-d189 @A: 24 31 15 07 | 06
#0006-d189 @A: 31 12 04 28 | 04
#0007-d189 @A: 33 23 15 31 | 02
#0008-d189 @A: 31 29 27 24 | 09
#0009-d189 @A: 10 29 12 31 | 03
#0010-d189 @A: 31 03 17 10 | 05
#0011-d189 @A: 35 10 01 31 | 08
#0012-d189 @A: 08 27 31 15 | 12
#0013-d189 @A: 17 31 35 26 | 07
#0014-d189 @A: 05 08 31 01 | 10
#0015-d189 @A: 33 19 17 16 | 11
#0016-d189 @A: 16 22 07 05 | 01
#0017-d189 @A: 23 17 11 16 | 06
#0018-d189 @A: 23 32 03 16 | 04
#0019-d189 @A: 35 15 16 23 | 02
#0020-d189 @A: 11 12 10 16 | 09
#0021-d189 @A: 35 26 11 16 | 03
#0022-d189 @A: 10 21 16 24 | 05
#0023-d189 @A: 17 16 12 24 | 08
#0024-d189 @A: 09 34 16 35 | 12
#0025-d189 @A: 32 22 21 16 | 07
#0026-d189 @A: 25 16 26 13 | 10
#0027-d189 @A: 14 08 16 25 | 11
#0028-d189 @A: 19 21 22 07 | 01
#0029-d189 @A: 35 28 22 19 | 06
#0030-d189 @A: 17 01 28 19 | 04
#0031-d189 @A: 19 23 21 10 | 02
#0032-d189 @A: 29 17 11 19 | 09
#0033-d189 @A: 21 30 19 08 | 03
#0034-d189 @A: 10 17 19 30 | 05
#0035-d189 @A: 06 24 19 22 | 08
#0036-d189 @A: 32 02 09 19 | 12
#0037-d189 @A: 21 34 01 19 | 07
#0038-d189 @A: 06 19 34 13 | 10
#0039-d189 @A: 01 20 04 19 | 11
#0040-d189 @A: 04 12 06 19 | 01
#0041-d189 @A: 18 20 29 19 | 06
#0042-d189 @A: 19 10 13 35 | 04
#0043-d189 @A: 26 13 01 19 | 02
#0044-d189 @A: 35 02 19 18 | 09
#0045-d189 @A: 19 06 17 02 | 03
#0046-d189 @A: 35 01 19 06 | 05
#0047-d189 @A: 19 17 08 35 | 08
#0048-d189 @A: 19 15 17 14 | 12
#0049-d189 @A: 30 07 28 09 | 07
#0050-d189 @A: 23 26 24 07 | 10
#0051-d189 @A: 07 13 23 32 | 11
#0052-d189 @A: 07 11 15 32 | 01
#0053-d189 @A: 30 34 07 12 | 06
#0054-d189 @A: 24 07 29 08 | 04
#0055-d189 @A: 04 35 07 09 | 02
#0056-d189 @A: 07 18 29 09 | 09
#0057-d189 @A: 07 02 09 08 | 03
#0058-d189 @A: 32 01 07 34 | 05
#0059-d189 @A: 03 07 13 04 | 08
#0060-d189 @A: 07 33 20 14 | 12
#0061-d189 @A: 03 33 22 07 | 07
#0062-d189 @A: 17 07 20 35 | 10
#0063-d189 @A: 07 18 21 06 | 11
#0064-d189 @A: 03 01 07 06 | 01
#0065-d189 @A: 08 07 06 14 | 06
#0066-d189 @A: 09 28 27 23 | 04
#0067-d189 @A: 28 13 23 22 | 02
#0068-d189 @A: 34 11 05 28 | 09
#0069-d189 @A: 11 02 22 28 | 03
#0070-d189 @A: 18 28 30 24 | 05
#0071-d189 @A: 02 26 28 30 | 08
#0072-d189 @A: 28 21 22 09 | 12
#0073-d189 @A: 28 03 10 09 | 07
#0074-d189 @A: 04 34 02 28 | 10
#0075-d189 @A: 26 32 22 28 | 11
#0076-d189 @A: 28 17 04 15 | 01
#0077-d189 @A: 30 01 34 23 | 06
#0078-d189 @A: 30 23 03 29 | 04
#0079-d189 @A: 24 29 14 23 | 02
#0080-d189 @A: 23 09 26 04 | 09
#0081-d189 @A: 17 34 23 21 | 03
#0082-d189 @A: 23 27 22 04 | 05
#0083-d189 @A: 23 08 33 29 | 08
#0084-d189 @A: 33 35 21 23 | 12
#0085-d189 @A: 27 20 23 06 | 07
#0086-d189 @A: 20 26 23 03 | 10
#0087-d189 @A: 08 14 23 10 | 11
#0088-d189 @A: 23 13 01 18 | 01
#0089-d189 @A: 02 23 17 35 | 06
#0090-d189 @A: 35 11 30 34 | 04
#0091-d189 @A: 22 11 09 26 | 02
#0092-d189 @A: 06 12 11 34 | 09
#0093-d189 @A: 13 11 21 32 | 03
#0094-d189 @A: 11 15 29 20 | 05
#0095-d189 @A: 12 11 26 29 | 08
#0096-d189 @A: 13 11 25 03 | 12
#0097-d189 @A: 02 15 25 11 | 07
#0098-d189 @A: 30 24 26 22 | 10
#0099-d189 @A: 14 12 30 09 | 11
#0100-d189 @A: 34 29 30 14 | 01
#0101-d189 @A: 30 27 26 33 | 06
#0102-d189 @A: 30 20 12 13 | 04
#0103-d189 @A: 10 08 05 30 | 02
#0104-d189 @A: 03 01 26 30 | 09
#0105-d189 @A: 24 26 05 09 | 03
#0106-d189 @A: 12 24 34 14 | 05
#0107-d189 @A: 32 24 33 35 | 08
#0108-d189 @A: 12 04 24 03 | 12
#0109-d189 @A: 35 17 24 27 | 07
#0110-d189 @A: 24 18 26 35 | 10
#0111-d189 @A: 03 02 05 24 | 11
#0112-d189 @A: 09 25 04 34 | 01
#0113-d189 @A: 05 10 34 09 | 06
#0114-d189 @A: 09 10 29 14 | 04
#0115-d189 @A: 21 09 14 33 | 02
#0116-d189 @A: 15 20 09 21 | 09
#0117-d189 @A: 10 09 06 08 | 03
#0118-d189 @A: 09 05 03 27 | 05
#0119-d189 @A: 35 08 09 03 | 08
#0120-d189 @A: 34 15 33 32 | 12
#0121-d189 @A: 20 34 29 17 | 07
#0122-d189 @A: 13 08 14 34 | 10
#0123-d189 @A: 34 14 18 01 | 11
#0124-d189 @A: 29 22 32 03 | 01
#0125-d189 @A: 05 35 32 20 | 06
#0126-d189 @A: 25 32 10 15 | 04
#0127-d189 @A: 32 18 27 14 | 02
#0128-d189 @A: 06 05 32 25 | 09
#0129-d189 @A: 17 25 32 26 | 03
#0130-d189 @A: 27 04 20 29 | 05
#0131-d189 @A: 08 22 04 20 | 08
#0132-d189 @A: 01 26 04 17 | 12
#0133-d189 @A: 27 29 21 02 | 07
#0134-d189 @A: 02 29 01 35 | 10
#0135-d189 @A: 14 29 35 05 | 11
#0136-d189 @A: 20 27 33 22 | 01
#0137-d189 @A: 35 26 33 13 | 06
#0138-d189 @A: 33 26 06 25 | 04
#0139-d189 @A: 25 20 06 15 | 02
#0140-d189 @A: 03 02 20 01 | 09
#0141-d189 @A: 25 01 20 35 | 03
#0142-d189 @A: 21 22 25 17 | 05
#0143-d189 @A: 10 25 02 21 | 08
#0144-d189 @A: 10 15 21 05 | 12
#0145-d189 @A: 13 21 27 26 | 07
#0146-d189 @A: 27 06 17 21 | 10
#0147-d189 @A: 21 06 25 08 | 11
#0148-d189 @A: 10 12 15 35 | 01
#0149-d189 @A: 12 06 17 01 | 06
#0150-d189 @A: 14 31 33 16 | 04
#0151-d189 @A: 31 12 13 16 | 02
#0152-d189 @A: 18 16 03 31 | 09
#0153-d189 @A: 19 31 23 18 | 03
#0154-d189 @A: 25 28 07 31 | 05
#0155-d189 @A: 30 28 31 15 | 08
#0156-d189 @A: 09 28 31 05 | 12
#0157-d189 @A: 35 31 32 28 | 07
#0158-d189 @A: 02 12 31 23 | 10
#0159-d189 @A: 11 27 31 01 | 11
#0160-d189 @A: 31 09 24 03 | 01
#0161-d189 @A: 01 12 24 31 | 06
#0162-d189 @A: 31 09 32 01 | 04
#0163-d189 @A: 17 21 09 31 | 02
#0164-d189 @A: 31 06 21 34 | 09
#0165-d189 @A: 31 14 35 04 | 03
#0166-d189 @A: 31 20 29 25 | 05
#0167-d189 @A: 22 10 31 26 | 08
#0168-d189 @A: 15 10 31 02 | 12
#0169-d189 @A: 17 05 02 31 | 07
#0170-d189 @A: 16 13 28 19 | 10
#0171-d189 @A: 09 01 16 19 | 11
#0172-d189 @A: 28 10 30 16 | 01
#0173-d189 @A: 12 23 16 22 | 06
#0174-d189 @A: 30 14 16 11 | 04
#0175-d189 @A: 34 15 30 16 | 02
#0176-d189 @A: 16 30 06 25 | 09
#0177-d189 @A: 16 29 15 24 | 03
#0178-d189 @A: 10 04 32 16 | 05
#0179-d189 @A: 32 16 29 17 | 08
#0180-d189 @A: 32 16 33 25 | 12
#0181-d189 @A: 15 08 16 04 | 07
#0182-d189 @A: 01 16 13 15 | 10
#0183-d189 @A: 23 19 27 11 | 11
#0184-d189 @A: 34 23 14 19 | 01
#0185-d189 @A: 19 26 14 30 | 06
#0186-d189 @A: 19 21 24 26 | 04
#0187-d189 @A: 34 09 19 18 | 02
#0188-d189 @A: 22 34 08 19 | 09
#0189-d189 @A: 19 04 33 15 | 03
#0190-d189 @A: 19 08 26 04 | 05
#0191-d189 @A: 05 19 02 15 | 08
#0192-d189 @A: 20 07 12 11 | 12
#0193-d189 @A: 30 02 07 29 | 07
#0194-d189 @A: 07 03 30 10 | 10
#0195-d189 @A: 01 20 07 09 | 11
#0196-d189 @A: 17 22 07 32 | 01
#0197-d189 @A: 21 07 04 10 | 06
#0198-d189 @A: 13 29 35 07 | 04
#0199-d189 @A: 08 07 33 05 | 02
#0200-d189 @A: 10 18 08 07 | 09
#0201-d189 @A: 25 07 06 10 | 03
#0202-d189 @A: 30 11 17 28 | 05
#0203-d189 @A: 11 28 24 29 | 08
#0204-d189 @A: 11 28 35 20 | 12
#0205-d189 @A: 34 20 28 15 | 07
#0206-d189 @A: 28 08 10 35 | 10
#0207-d189 @A: 06 13 14 28 | 11
#0208-d189 @A: 01 06 28 15 | 01
#0209-d189 @A: 25 11 23 33 | 06
#0210-d189 @A: 01 21 23 32 | 04
#0211-d189 @A: 33 13 23 05 | 02
#0212-d189 @A: 13 03 10 23 | 09
#0213-d189 @A: 05 10 35 23 | 03
#0214-d189 @A: 18 23 06 03 | 05
#0215-d189 @A: 03 23 14 25 | 08
#0216-d189 @A: 30 11 12 25 | 12
#0217-d189 @A: 24 21 35 11 | 07
#0218-d189 @A: 11 24 15 05 | 10
#0219-d189 @A: 27 34 11 15 | 11
#0220-d189 @A: 11 17 03 21 | 01
#0221-d189 @A: 10 11 14 13 | 06
#0222-d189 @A: 01 11 06 25 | 04
#0223-d189 @A: 20 05 30 24 | 02
#0224-d189 @A: 13 30 21 34 | 09
#0225-d189 @A: 12 30 22 04 | 03
#0226-d189 @A: 20 30 02 13 | 05
#0227-d189 @A: 30 08 06 26 | 08
#0228-d189 @A: 04 09 24 02 | 12
#0229-d189 @A: 32 14 34 24 | 07
#0230-d189 @A: 24 26 33 34 | 10
#0231-d189 @A: 24 03 13 35 | 11
#0232-d189 @A: 26 01 24 14 | 01
#0233-d189 @A: 04 09 21 06 | 06
#0234-d189 @A: 15 04 09 03 | 04
#0235-d189 @A: 12 21 09 15 | 02
#0236-d189 @A: 10 15 17 09 | 09
#0237-d189 @A: 05 18 06 09 | 03
#0238-d189 @A: 09 06 08 12 | 05
#0239-d189 @A: 35 05 09 12 | 08
#0240-d189 @A: 26 14 09 02 | 12
#0241-d189 @A: 34 13 32 04 | 07
#0242-d189 @A: 32 29 34 02 | 10
#0243-d189 @A: 34 21 18 04 | 11
#0244-d189 @A: 06 35 25 34 | 01
#0245-d189 @A: 32 12 04 35 | 06
#0246-d189 @A: 33 32 17 05 | 04
#0247-d189 @A: 03 29 04 18 | 02
#0248-d189 @A: 10 04 33 27 | 09
#0249-d189 @A: 26 04 06 13 | 03
#0250-d189 @A: 02 01 04 06 | 05
#0251-d189 @A: 17 04 25 05 | 08
#0252-d189 @A: 15 01 04 35 | 12
#0253-d189 @A: 18 29 02 06 | 07
#0254-d189 @A: 01 15 29 18 | 10
#0255-d189 @A: 35 29 17 03 | 11
#0256-d189 @A: 02 03 29 26 | 01
#0257-d189 @A: 33 01 27 14 | 06
#0258-d189 @A: 12 03 33 25 | 04
#0259-d189 @A: 33 02 08 26 | 02
#0260-d189 @A: 06 10 17 20 | 09
#0261-d189 @A: 20 08 14 26 | 03
#0262-d189 @A: 20 25 35 12 | 05
#0263-d189 @A: 21 22 13 14 | 08
#0264-d189 @A: 10 22 13 12 | 12
#0265-d189 @A: 17 10 18 22 | 07
#0266-d189 @A: 03 05 22 10 | 10
#0267-d189 @A: 22 25 01 10 | 11
#0268-d189 @A: 13 22 06 03 | 01
#0269-d189 @A: 22 17 27 14 | 06
#0270-d189 @A: 27 05 22 26 | 04
#0271-d189 @A: 06 26 22 17 | 02
#0272-d189 @A: 02 22 12 06 | 09
#0273-d189 @A: 18 02 21 13 | 03
#0274-d189 @A: 01 21 25 27 | 05
#0275-d189 @A: 21 05 35 03 | 08
#0276-d189 @A: 21 17 02 26 | 12
#0277-d189 @A: 17 13 12 05 | 07
#0278-d189 @A: 12 18 01 08 | 10
#0279-d189 @A: 03 01 12 35 | 11
#0280-d189 @A: 31 07 13 19 | 01
#0281-d189 @A: 15 19 12 31 | 06
#0282-d189 @A: 07 04 31 02 | 04
#0283-d189 @A: 18 31 29 28 | 02
#0284-d189 @A: 35 11 31 18 | 09
#0285-d189 @A: 34 31 30 17 | 03
#0286-d189 @A: 33 30 31 05 | 05
#0287-d189 @A: 08 31 20 30 | 08
#0288-d189 @A: 24 31 25 34 | 12
#0289-d189 @A: 24 22 31 21 | 07
#0290-d189 @A: 10 31 08 24 | 10
#0291-d189 @A: 05 34 31 27 | 11
#0292-d189 @A: 33 02 31 32 | 01
#0293-d189 @A: 04 31 29 17 | 06
#0294-d189 @A: 20 31 12 14 | 04
#0295-d189 @A: 18 31 27 10 | 02
#0296-d189 @A: 05 27 31 12 | 09
#0297-d189 @A: 31 18 17 01 | 03
#0298-d189 @A: 31 05 26 18 | 05
#0299-d189 @A: 14 06 26 31 | 08
#0300-d189 @A: 19 16 27 24 | 12
#0301-d189 @A: 16 19 20 14 | 07
#0302-d189 @A: 16 07 28 15 | 10
#0303-d189 @A: 21 07 16 26 | 11
#0304-d189 @A: 16 28 09 17 | 01
#0305-d189 @A: 30 16 26 23 | 06
#0306-d189 @A: 16 26 34 29 | 04
#0307-d189 @A: 15 33 12 16 | 02
#0308-d189 @A: 02 16 20 35 | 09
#0309-d189 @A: 22 13 10 16 | 03
#0310-d189 @A: 05 27 16 17 | 05
#0311-d189 @A: 12 25 06 16 | 08
#0312-d189 @A: 16 06 26 05 | 12
#0313-d189 @A: 23 19 03 09 | 07
#0314-d189 @A: 23 32 04 19 | 10
#0315-d189 @A: 23 22 19 15 | 11
#0316-d189 @A: 19 10 20 11 | 01
#0317-d189 @A: 13 19 11 12 | 06
#0318-d189 @A: 19 13 15 09 | 04
#0319-d189 @A: 29 19 34 25 | 02
#0320-d189 @A: 13 33 32 19 | 09
#0321-d189 @A: 22 19 12 21 | 03
#0322-d189 @A: 19 18 10 14 | 05
#0323-d189 @A: 19 10 26 02 | 08
#0324-d189 @A: 15 01 27 19 | 12
#0325-d189 @A: 19 26 18 03 | 07
#0326-d189 @A: 28 20 26 07 | 10
#0327-d189 @A: 17 07 21 28 | 11
#0328-d189 @A: 30 07 11 24 | 01
#0329-d189 @A: 22 10 11 07 | 06
#0330-d189 @A: 07 21 30 25 | 04
#0331-d189 @A: 12 07 10 04 | 02
#0332-d189 @A: 07 20 29 03 | 09
#0333-d189 @A: 15 22 07 18 | 03
#0334-d189 @A: 10 01 17 07 | 05
#0335-d189 @A: 06 13 07 17 | 08
#0336-d189 @A: 25 02 13 07 | 12
#0337-d189 @A: 17 14 12 07 | 07
#0338-d189 @A: 07 02 12 01 | 10
#0339-d189 @A: 15 28 29 23 | 11
#0340-d189 @A: 28 02 24 33 | 01
#0341-d189 @A: 25 28 24 21 | 06
#0342-d189 @A: 24 27 13 28 | 04
#0343-d189 @A: 12 24 02 28 | 02
#0344-d189 @A: 28 20 18 09 | 09
#0345-d189 @A: 06 28 33 29 | 03
#0346-d189 @A: 10 27 05 28 | 05
#0347-d189 @A: 02 28 06 27 | 08
#0348-d189 @A: 01 18 28 26 | 12
#0349-d189 @A: 28 06 08 03 | 07
#0350-d189 @A: 02 05 01 28 | 10
#0351-d189 @A: 25 05 14 28 | 11
#0352-d189 @A: 33 17 23 24 | 01
#0353-d189 @A: 23 24 05 22 | 06
#0354-d189 @A: 23 09 12 13 | 04
#0355-d189 @A: 34 29 27 23 | 02
#0356-d189 @A: 23 20 29 05 | 09
#0357-d189 @A: 23 01 12 33 | 03
#0358-d189 @A: 20 23 35 18 | 05
#0359-d189 @A: 13 17 25 23 | 08
#0360-d189 @A: 26 23 18 27 | 12
#0361-d189 @A: 05 03 01 23 | 07
#0362-d189 @A: 08 26 23 17 | 10
#0363-d189 @A: 25 35 23 08 | 11
#0364-d189 @A: 15 11 30 09 | 01
#0365-d189 @A: 01 22 11 29 | 06
#0366-d189 @A: 29 26 21 11 | 04
#0367-d189 @A: 14 06 11 20 | 02
#0368-d189 @A: 10 05 02 11 | 09
#0369-d189 @A: 11 27 25 18 | 03
#0370-d189 @A: 12 27 08 11 | 05
#0371-d189 @A: 05 03 11 06 | 08
#0372-d189 @A: 03 11 02 35 | 12
#0373-d189 @A: 25 05 11 35 | 07
#0374-d189 @A: 30 09 04 29 | 10
#0375-d189 @A: 30 13 09 22 | 11
#0376-d189 @A: 30 29 32 27 | 01
#0377-d189 @A: 30 15 22 29 | 06
#0378-d189 @A: 29 30 05 21 | 04
#0379-d189 @A: 35 17 30 13 | 02
#0380-d189 @A: 03 30 08 27 | 09
#0381-d189 @A: 24 12 20 32 | 03
#0382-d189 @A: 29 04 01 24 | 05
#0383-d189 @A: 24 22 29 35 | 08
#0384-d189 @A: 24 26 06 29 | 12
#0385-d189 @A: 10 24 27 15 | 07
#0386-d189 @A: 10 25 24 17 | 10
#0387-d189 @A: 24 05 01 10 | 11
#0388-d189 @A: 17 13 24 08 | 01
#0389-d189 @A: 15 06 24 17 | 06
#0390-d189 @A: 09 33 02 20 | 04
#0391-d189 @A: 22 09 08 33 | 02
#0392-d189 @A: 01 17 13 09 | 09
#0393-d189 @A: 06 27 01 09 | 03
#0394-d189 @A: 06 17 14 09 | 05
#0395-d189 @A: 09 14 12 26 | 08
#0396-d189 @A: 32 35 10 34 | 12
#0397-d189 @A: 34 04 29 15 | 07
#0398-d189 @A: 04 20 14 34 | 10
#0399-d189 @A: 27 04 34 03 | 11
#0400-d189 @A: 34 04 35 08 | 01
#0401-d189 @A: 18 34 29 33 | 06
#0402-d189 @A: 33 34 13 27 | 04
#0403-d189 @A: 35 20 22 34 | 02
#0404-d189 @A: 13 20 01 34 | 09
#0405-d189 @A: 18 13 26 34 | 03
#0406-d189 @A: 26 08 27 34 | 05
#0407-d189 @A: 06 33 04 32 | 08
#0408-d189 @A: 32 29 10 18 | 12
#0409-d189 @A: 27 32 22 12 | 07
#0410-d189 @A: 17 32 21 12 | 10
#0411-d189 @A: 15 32 18 26 | 11
#0412-d189 @A: 04 10 13 05 | 01
#0413-d189 @A: 04 13 25 15 | 06
#0414-d189 @A: 17 18 08 04 | 04
#0415-d189 @A: 03 06 04 17 | 02
#0416-d189 @A: 01 20 29 14 | 09
#0417-d189 @A: 35 20 29 08 | 03
#0418-d189 @A: 29 10 35 25 | 05
#0419-d189 @A: 18 27 35 29 | 08
#0420-d189 @A: 33 10 01 26 | 12
#0421-d189 @A: 17 33 15 13 | 07
#0422-d189 @A: 33 17 35 18 | 10
#0423-d189 @A: 18 33 14 26 | 11
#0424-d189 @A: 33 26 03 15 | 01
#0425-d189 @A: 33 14 35 08 | 06
#0426-d189 @A: 01 20 10 15 | 04
#0427-d189 @A: 25 13 27 20 | 02
#0428-d189 @A: 05 20 06 13 | 09
#0429-d189 @A: 27 18 20 03 | 03
#0430-d189 @A: 20 17 18 02 | 05
#0431-d189 @A: 20 26 02 15 | 08
#0432-d189 @A: 22 01 05 21 | 12
#0433-d189 @A: 22 15 27 03 | 07
#0434-d189 @A: 22 18 26 02 | 10
#0435-d189 @A: 02 06 22 25 | 11
#0436-d189 @A: 10 03 02 12 | 01
#0437-d189 @A: 09 31 08 16 | 06
#0438-d189 @A: 19 03 20 31 | 04
#0439-d189 @A: 01 14 19 31 | 02
#0440-d189 @A: 26 07 09 31 | 09
#0441-d189 @A: 31 05 07 20 | 03
#0442-d189 @A: 31 07 08 12 | 05
#0443-d189 @A: 17 28 31 23 | 08
#0444-d189 @A: 31 23 09 13 | 12
#0445-d189 @A: 31 32 11 12 | 07
#0446-d189 @A: 31 03 11 29 | 10
#0447-d189 @A: 31 11 21 02 | 11
#0448-d189 @A: 06 31 15 11 | 01
#0449-d189 @A: 18 24 31 33 | 06
#0450-d189 @A: 05 31 24 35 | 04
#0451-d189 @A: 34 33 31 09 | 02
#0452-d189 @A: 02 09 31 22 | 09
#0453-d189 @A: 31 18 09 12 | 03
#0454-d189 @A: 31 29 01 21 | 05
#0455-d189 @A: 20 15 17 31 | 08
#0456-d189 @A: 15 13 31 18 | 12
#0457-d189 @A: 22 16 19 25 | 07
#0458-d189 @A: 16 07 23 04 | 10
#0459-d189 @A: 05 16 24 28 | 11
#0460-d189 @A: 10 16 29 23 | 01
#0461-d189 @A: 16 10 09 11 | 06
#0462-d189 @A: 16 27 04 11 | 04
#0463-d189 @A: 06 09 16 24 | 02
#0464-d189 @A: 09 18 26 16 | 09
#0465-d189 @A: 04 16 13 29 | 03
#0466-d189 @A: 16 03 20 33 | 05
#0467-d189 @A: 17 03 16 25 | 08
#0468-d189 @A: 16 17 15 26 | 12
#0469-d189 @A: 18 28 19 21 | 07
#0470-d189 @A: 23 24 19 01 | 10
#0471-d189 @A: 30 35 19 09 | 11
#0472-d189 @A: 19 22 32 01 | 01
#0473-d189 @A: 19 27 02 22 | 06
#0474-d189 @A: 05 17 19 13 | 04
#0475-d189 @A: 19 01 18 05 | 02
#0476-d189 @A: 02 07 10 23 | 09
#0477-d189 @A: 07 22 25 24 | 03
#0478-d189 @A: 12 07 05 24 | 05
#0479-d189 @A: 07 03 34 02 | 08
#0480-d189 @A: 07 05 27 01 | 12
#0481-d189 @A: 07 05 18 02 | 07
#0482-d189 @A: 03 07 15 08 | 10
#0483-d189 @A: 14 25 01 07 | 11
#0484-d189 @A: 15 26 14 07 | 01
#0485-d189 @A: 30 28 08 23 | 06
#0486-d189 @A: 32 23 28 33 | 04
#0487-d189 @A: 32 23 28 12 | 02
#0488-d189 @A: 28 09 13 11 | 09
#0489-d189 @A: 04 32 01 28 | 03
#0490-d189 @A: 05 33 28 20 | 05
#0491-d189 @A: 33 22 28 25 | 08
#0492-d189 @A: 28 14 03 33 | 12
#0493-d189 @A: 20 17 22 28 | 07
#0494-d189 @A: 10 25 28 18 | 10
#0495-d189 @A: 35 13 28 25 | 11
#0496-d189 @A: 27 28 01 35 | 01
#0497-d189 @A: 28 02 08 25 | 06
#0498-d189 @A: 12 35 05 28 | 04
#0499-d189 @A: 33 23 18 30 | 02
#0500-d189 @A: 24 15 12 23 | 09
#0501-d189 @A: 09 21 05 23 | 03
#0502-d189 @A: 25 29 21 23 | 05
#0503-d189 @A: 33 10 06 23 | 08
#0504-d189 @A: 23 03 22 17 | 12
#0505-d189 @A: 26 23 14 13 | 07
#0506-d189 @A: 17 15 23 01 | 10
#0507-d189 @A: 18 26 30 11 | 11
#0508-d189 @A: 24 11 27 22 | 01
#0509-d189 @A: 11 01 09 34 | 06
#0510-d189 @A: 32 11 02 04 | 04
#0511-d189 @A: 17 32 20 11 | 02
#0512-d189 @A: 22 12 11 35 | 09
#0513-d189 @A: 26 11 10 17 | 03
#0514-d189 @A: 13 06 18 11 | 05
#0515-d189 @A: 11 03 01 15 | 08
#0516-d189 @A: 05 12 11 02 | 12
#0517-d189 @A: 25 14 18 30 | 07
#0518-d189 @A: 30 15 25 08 | 10
#0519-d189 @A: 24 21 14 08 | 11
#0520-d189 @A: 24 26 10 13 | 01
#0521-d189 @A: 13 12 27 24 | 06
#0522-d189 @A: 15 03 24 18 | 04
#0523-d189 @A: 25 06 03 24 | 02
#0524-d189 @A: 01 24 08 35 | 09
#0525-d189 @A: 09 18 32 33 | 03
#0526-d189 @A: 04 10 20 09 | 05
#0527-d189 @A: 13 09 33 03 | 08
#0528-d189 @A: 26 35 10 09 | 12
#0529-d189 @A: 15 26 27 09 | 07
#0530-d189 @A: 25 15 34 18 | 10
#0531-d189 @A: 01 34 35 26 | 11
#0532-d189 @A: 14 32 04 29 | 01
#0533-d189 @A: 20 08 33 32 | 06
#0534-d189 @A: 22 10 33 32 | 04
#0535-d189 @A: 06 20 02 32 | 02
#0536-d189 @A: 32 13 18 35 | 09
#0537-d189 @A: 32 12 06 13 | 03
#0538-d189 @A: 08 32 13 25 | 05
#0539-d189 @A: 32 13 02 15 | 08
#0540-d189 @A: 18 12 22 04 | 12
#0541-d189 @A: 35 03 10 04 | 07
#0542-d189 @A: 27 35 05 04 | 10
#0543-d189 @A: 06 25 04 14 | 11
#0544-d189 @A: 08 10 29 02 | 01
#0545-d189 @A: 29 13 03 27 | 06
#0546-d189 @A: 29 15 05 27 | 04
#0547-d189 @A: 14 03 06 29 | 02
#0548-d189 @A: 15 29 12 08 | 09
#0549-d189 @A: 10 03 33 02 | 03
#0550-d189 @A: 10 08 15 33 | 05
#0551-d189 @A: 12 33 10 05 | 08
#0552-d189 @A: 03 33 08 18 | 12
#0553-d189 @A: 20 03 22 12 | 07
#0554-d189 @A: 03 25 10 20 | 10
#0555-d189 @A: 21 22 06 35 | 11
#0556-d189 @A: 22 18 25 13 | 01
#0557-d189 @A: 35 18 22 08 | 06
#0558-d189 @A: 18 22 14 05 | 04
#0559-d189 @A: 06 22 08 15 | 02
#0560-d189 @A: 35 03 25 22 | 09
#0561-d189 @A: 17 02 01 22 | 03
#0562-d189 @A: 10 35 21 17 | 05
#0563-d189 @A: 18 17 21 05 | 08
#0564-d189 @A: 01 21 17 14 | 12
#0565-d189 @A: 26 21 14 05 | 07
#0566-d189 @A: 06 12 14 05 | 10
#0567-d189 @A: 31 16 26 19 | 11
#0568-d189 @A: 23 31 16 24 | 01
#0569-d189 @A: 06 29 16 31 | 06
#0570-d189 @A: 16 15 31 22 | 04
#0571-d189 @A: 31 30 11 19 | 02
#0572-d189 @A: 08 31 07 11 | 09
#0573-d189 @A: 10 31 04 28 | 03
#0574-d189 @A: 30 13 31 29 | 05
#0575-d189 @A: 31 25 30 22 | 08
#0576-d189 @A: 02 30 03 31 | 12
#0577-d189 @A: 02 01 31 34 | 07
#0578-d189 @A: 29 33 31 26 | 10
#0579-d189 @A: 07 18 24 16 | 11
#0580-d189 @A: 06 16 34 28 | 01
#0581-d189 @A: 28 16 04 26 | 06
#0582-d189 @A: 16 30 09 05 | 04
#0583-d189 @A: 24 20 08 16 | 02
#0584-d189 @A: 18 08 16 34 | 09
#0585-d189 @A: 16 21 13 17 | 03
#0586-d189 @A: 08 03 16 13 | 05
#0587-d189 @A: 03 16 02 27 | 08
#0588-d189 @A: 17 16 08 02 | 12
#0589-d189 @A: 19 23 05 28 | 07
#0590-d189 @A: 30 02 19 23 | 10
#0591-d189 @A: 19 30 12 23 | 11
#0592-d189 @A: 30 32 20 19 | 01
#0593-d189 @A: 34 24 10 19 | 06
#0594-d189 @A: 19 35 33 34 | 04
#0595-d189 @A: 32 26 06 19 | 02
#0596-d189 @A: 19 17 04 21 | 09
#0597-d189 @A: 18 22 33 19 | 03
#0598-d189 @A: 12 05 19 20 | 05
#0599-d189 @A: 19 12 14 03 | 08
#0600-d189 @A: 24 28 07 35 | 12
#0601-d189 @A: 07 34 10 28 | 07
#0602-d189 @A: 04 06 07 28 | 10
#0603-d189 @A: 03 09 07 11 | 11
#0604-d189 @A: 34 07 26 11 | 01
#0605-d189 @A: 07 04 30 18 | 06
#0606-d189 @A: 07 05 25 09 | 04
#0607-d189 @A: 02 32 21 07 | 02
#0608-d189 @A: 35 12 07 29 | 09
#0609-d189 @A: 10 07 35 33 | 03
#0610-d189 @A: 08 27 13 07 | 05
#0611-d189 @A: 03 14 07 05 | 08
#0612-d189 @A: 20 14 24 28 | 12
#0613-d189 @A: 15 22 24 28 | 07
#0614-d189 @A: 28 17 32 02 | 10
#0615-d189 @A: 14 04 22 28 | 11
#0616-d189 @A: 08 28 20 27 | 01
#0617-d189 @A: 27 17 28 26 | 06
#0618-d189 @A: 30 11 13 23 | 04
#0619-d189 @A: 30 21 23 06 | 02
#0620-d189 @A: 01 23 29 09 | 09
#0621-d189 @A: 05 23 34 04 | 03
#0622-d189 @A: 20 23 04 02 | 05
#0623-d189 @A: 23 10 25 26 | 08
#0624-d189 @A: 06 23 13 08 | 12
#0625-d189 @A: 02 08 05 23 | 07
#0626-d189 @A: 30 04 11 03 | 10
#0627-d189 @A: 09 11 05 29 | 11
#0628-d189 @A: 06 09 33 11 | 01
#0629-d189 @A: 11 08 32 29 | 06
#0630-d189 @A: 10 27 32 11 | 04
#0631-d189 @A: 08 11 26 03 | 02
#0632-d189 @A: 10 30 24 29 | 09
#0633-d189 @A: 27 30 09 34 | 03
#0634-d189 @A: 04 30 34 26 | 05
#0635-d189 @A: 32 22 30 06 | 08
#0636-d189 @A: 12 30 29 02 | 12
#0637-d189 @A: 22 30 20 18 | 07
#0638-d189 @A: 21 01 15 30 | 10
#0639-d189 @A: 14 02 17 30 | 11
#0640-d189 @A: 09 15 24 32 | 01
#0641-d189 @A: 25 24 09 12 | 06
#0642-d189 @A: 27 24 06 34 | 04
#0643-d189 @A: 03 24 29 33 | 02
#0644-d189 @A: 24 29 18 25 | 09
#0645-d189 @A: 24 13 18 20 | 03
#0646-d189 @A: 24 21 12 35 | 05
#0647-d189 @A: 08 34 09 21 | 08
#0648-d189 @A: 27 09 35 22 | 12
#0649-d189 @A: 05 08 13 09 | 07
#0650-d189 @A: 27 25 09 14 | 10
#0651-d189 @A: 08 18 09 01 | 11
#0652-d189 @A: 29 03 01 34 | 01
#0653-d189 @A: 29 01 12 34 | 06
#0654-d189 @A: 10 06 34 18 | 04
#0655-d189 @A: 27 34 17 18 | 02
#0656-d189 @A: 34 02 27 25 | 09
#0657-d189 @A: 03 34 14 15 | 03
#0658-d189 @A: 08 34 05 12 | 05
#0659-d189 @A: 26 34 02 12 | 08
#0660-d189 @A: 32 04 21 26 | 12
#0661-d189 @A: 14 29 32 12 | 07
#0662-d189 @A: 17 32 13 10 | 10
#0663-d189 @A: 03 14 32 17 | 11
#0664-d189 @A: 32 14 01 15 | 01
#0665-d189 @A: 01 04 33 21 | 06
#0666-d189 @A: 35 20 21 04 | 04
#0667-d189 @A: 26 10 18 04 | 02
#0668-d189 @A: 04 27 01 18 | 09
#0669-d189 @A: 04 12 15 26 | 03
#0670-d189 @A: 12 29 17 33 | 05
#0671-d189 @A: 02 15 33 29 | 08
#0672-d189 @A: 02 05 22 29 | 12
#0673-d189 @A: 27 25 29 06 | 07
#0674-d189 @A: 14 27 29 08 | 10
#0675-d189 @A: 29 06 35 15 | 11
#0676-d189 @A: 33 05 14 10 | 01
#0677-d189 @A: 13 02 33 14 | 06
#0678-d189 @A: 25 03 33 27 | 04
#0679-d189 @A: 35 33 01 05 | 02
#0680-d189 @A: 14 33 25 15 | 09
#0681-d189 @A: 20 35 03 06 | 03
#0682-d189 @A: 08 20 01 06 | 05
#0683-d189 @A: 13 35 05 22 | 08
#0684-d189 @A: 17 22 12 08 | 12
#0685-d189 @A: 01 26 06 21 | 07
#0686-d189 @A: 25 03 21 15 | 10
#0687-d189 @A: 12 35 08 02 | 11
#0688-d189 @A: 35 16 21 31 | 01
#0689-d189 @A: 31 25 16 27 | 06
#0690-d189 @A: 19 31 24 02 | 04
#0691-d189 @A: 31 32 27 19 | 02
#0692-d189 @A: 15 19 25 31 | 09
#0693-d189 @A: 13 34 28 31 | 03
#0694-d189 @A: 20 28 06 31 | 05
#0695-d189 @A: 23 31 21 26 | 08
#0696-d189 @A: 21 31 30 18 | 12
#0697-d189 @A: 31 32 20 24 | 07
#0698-d189 @A: 08 34 31 29 | 10
#0699-d189 @A: 31 34 26 20 | 11
#0700-d189 @A: 32 06 31 17 | 01
#0701-d189 @A: 31 13 20 33 | 06
#0702-d189 @A: 13 10 31 21 | 04
#0703-d189 @A: 02 06 31 13 | 02
#0704-d189 @A: 13 31 17 14 | 09
#0705-d189 @A: 13 08 26 31 | 03
#0706-d189 @A: 25 03 31 26 | 05
#0707-d189 @A: 25 17 31 08 | 08
#0708-d189 @A: 03 16 19 29 | 12
#0709-d189 @A: 30 07 16 20 | 07
#0710-d189 @A: 29 28 27 16 | 10
#0711-d189 @A: 21 16 11 01 | 11
#0712-d189 @A: 26 16 02 24 | 01
#0713-d189 @A: 03 22 16 09 | 06
#0714-d189 @A: 05 16 10 25 | 04
#0715-d189 @A: 01 26 16 27 | 02
#0716-d189 @A: 16 06 17 18 | 09
#0717-d189 @A: 26 17 07 19 | 03
#0718-d189 @A: 19 28 24 03 | 05
#0719-d189 @A: 30 33 19 29 | 08
#0720-d189 @A: 33 12 24 19 | 12
#0721-d189 @A: 27 25 19 26 | 07
#0722-d189 @A: 19 25 18 17 | 10
#0723-d189 @A: 18 19 12 17 | 11
#0724-d189 @A: 26 35 19 05 | 01
#0725-d189 @A: 28 11 07 27 | 06
#0726-d189 @A: 14 07 28 02 | 04
#0727-d189 @A: 25 23 20 07 | 02
#0728-d189 @A: 07 22 23 01 | 09
#0729-d189 @A: 21 14 07 23 | 03
#0730-d189 @A: 07 12 06 23 | 05
#0731-d189 @A: 34 07 30 06 | 08
#0732-d189 @A: 07 22 34 13 | 12
#0733-d189 @A: 07 32 04 27 | 07
#0734-d189 @A: 08 20 07 21 | 10
#0735-d189 @A: 03 07 26 27 | 11
#0736-d189 @A: 04 28 35 23 | 01
#0737-d189 @A: 17 28 12 11 | 06
#0738-d189 @A: 28 03 30 20 | 04
#0739-d189 @A: 01 28 22 12 | 02
#0740-d189 @A: 18 28 13 17 | 09
#0741-d189 @A: 35 28 26 03 | 03
#0742-d189 @A: 11 23 02 09 | 05
#0743-d189 @A: 14 09 23 30 | 08
#0744-d189 @A: 23 17 30 04 | 12
#0745-d189 @A: 24 15 13 23 | 07
#0746-d189 @A: 12 34 18 23 | 10
#0747-d189 @A: 32 23 22 35 | 11
#0748-d189 @A: 18 02 23 32 | 01
#0749-d189 @A: 23 04 13 21 | 06
#0750-d189 @A: 27 10 23 17 | 04
#0751-d189 @A: 23 03 27 35 | 02
#0752-d189 @A: 15 23 08 18 | 09
#0753-d189 @A: 06 23 02 14 | 03
#0754-d189 @A: 11 24 20 26 | 05
#0755-d189 @A: 09 18 11 21 | 08
#0756-d189 @A: 11 26 01 32 | 12
#0757-d189 @A: 06 26 11 27 | 07
#0758-d189 @A: 03 18 12 11 | 10
#0759-d189 @A: 05 01 11 17 | 11
#0760-d189 @A: 24 12 30 10 | 01
#0761-d189 @A: 06 30 20 09 | 06
#0762-d189 @A: 27 02 30 01 | 04
#0763-d189 @A: 02 15 18 30 | 02
#0764-d189 @A: 15 17 03 30 | 09
#0765-d189 @A: 25 17 01 30 | 03
#0766-d189 @A: 05 04 32 24 | 05
#0767-d189 @A: 02 32 22 24 | 08
#0768-d189 @A: 22 24 20 10 | 12
#0769-d189 @A: 12 24 08 26 | 07
#0770-d189 @A: 24 15 35 14 | 10
#0771-d189 @A: 32 22 09 05 | 11
#0772-d189 @A: 26 29 09 13 | 01
#0773-d189 @A: 27 13 09 10 | 06
#0774-d189 @A: 09 26 06 03 | 04
#0775-d189 @A: 14 01 09 03 | 02
#0776-d189 @A: 14 34 25 22 | 09
#0777-d189 @A: 14 27 34 35 | 03
#0778-d189 @A: 06 34 01 17 | 05
#0779-d189 @A: 04 22 32 18 | 08
#0780-d189 @A: 01 32 29 33 | 12
#0781-d189 @A: 32 22 20 15 | 07
#0782-d189 @A: 20 18 32 21 | 10
#0783-d189 @A: 03 32 26 13 | 11
#0784-d189 @A: 15 17 32 27 | 01
#0785-d189 @A: 02 32 08 27 | 06
#0786-d189 @A: 02 32 03 25 | 04
#0787-d189 @A: 35 32 02 26 | 02
#0788-d189 @A: 04 21 29 08 | 09
#0789-d189 @A: 12 21 20 04 | 03
#0790-d189 @A: 04 10 15 06 | 05
#0791-d189 @A: 14 04 27 26 | 08
#0792-d189 @A: 25 01 03 04 | 12
#0793-d189 @A: 04 26 02 25 | 07
#0794-d189 @A: 29 21 33 22 | 10
#0795-d189 @A: 10 15 03 29 | 11
#0796-d189 @A: 29 02 14 25 | 01
#0797-d189 @A: 05 14 27 20 | 06
#0798-d189 @A: 21 22 10 08 | 04
#0799-d189 @A: 01 14 22 06 | 02
#0800-d189 @A: 08 22 01 26 | 09
#0801-d189 @A: 22 25 15 05 | 03
#0802-d189 @A: 21 12 13 08 | 05
#0803-d189 @A: 21 25 05 13 | 08
#0804-d189 @A: 12 27 10 01 | 12
#0805-d189 @A: 26 17 35 12 | 07
#0806-d189 @A: 17 07 16 31 | 10
#0807-d189 @A: 31 07 14 34 | 11
#0808-d189 @A: 18 32 31 07 | 01
#0809-d189 @A: 29 07 10 31 | 06
#0810-d189 @A: 14 21 28 31 | 04
#0811-d189 @A: 31 23 20 11 | 02
#0812-d189 @A: 14 27 23 31 | 09
#0813-d189 @A: 11 31 17 24 | 03
#0814-d189 @A: 31 10 34 11 | 05
#0815-d189 @A: 31 30 09 10 | 08
#0816-d189 @A: 09 20 31 35 | 12
#0817-d189 @A: 31 34 22 18 | 07
#0818-d189 @A: 33 31 04 08 | 10
#0819-d189 @A: 31 29 14 22 | 11
#0820-d189 @A: 31 21 25 33 | 01
#0821-d189 @A: 31 06 25 18 | 06
#0822-d189 @A: 05 14 31 15 | 04
#0823-d189 @A: 19 05 11 16 | 02
#0824-d189 @A: 11 07 16 25 | 09
#0825-d189 @A: 07 16 33 02 | 03
#0826-d189 @A: 16 35 33 28 | 05
#0827-d189 @A: 21 16 08 28 | 08
#0828-d189 @A: 13 16 20 23 | 12
#0829-d189 @A: 11 16 33 15 | 07
#0830-d189 @A: 16 11 22 18 | 10
#0831-d189 @A: 24 17 16 30 | 11
#0832-d189 @A: 10 34 33 16 | 01
#0833-d189 @A: 13 16 32 14 | 06
#0834-d189 @A: 04 16 25 21 | 04
#0835-d189 @A: 20 12 16 08 | 02
#0836-d189 @A: 10 02 16 06 | 09
#0837-d189 @A: 06 30 19 28 | 03
#0838-d189 @A: 33 27 28 19 | 05
#0839-d189 @A: 23 19 29 13 | 08
#0840-d189 @A: 23 19 17 20 | 12
#0841-d189 @A: 34 19 30 05 | 07
#0842-d189 @A: 27 19 30 04 | 10
#0843-d189 @A: 30 19 22 03 | 11
#0844-d189 @A: 32 19 24 25 | 01
#0845-d189 @A: 03 19 14 04 | 06
#0846-d189 @A: 19 26 22 29 | 04
#0847-d189 @A: 33 25 20 19 | 02
#0848-d189 @A: 33 02 21 19 | 09
#0849-d189 @A: 33 19 05 03 | 03
#0850-d189 @A: 19 13 14 27 | 05
#0851-d189 @A: 19 05 27 06 | 08
#0852-d189 @A: 19 03 01 08 | 12
#0853-d189 @A: 02 14 08 19 | 07
#0854-d189 @A: 28 32 07 05 | 10
#0855-d189 @A: 28 01 13 07 | 11
#0856-d189 @A: 23 08 34 07 | 01
#0857-d189 @A: 07 11 06 29 | 06
#0858-d189 @A: 33 17 07 11 | 04
#0859-d189 @A: 26 07 30 13 | 02
#0860-d189 @A: 07 09 10 24 | 09
#0861-d189 @A: 01 07 24 21 | 03
#0862-d189 @A: 18 34 20 07 | 05
#0863-d189 @A: 07 12 25 15 | 08
#0864-d189 @A: 10 28 20 23 | 12
#0865-d189 @A: 34 30 28 25 | 07
#0866-d189 @A: 28 30 13 32 | 10
#0867-d189 @A: 30 33 28 04 | 11
#0868-d189 @A: 08 34 32 28 | 01
#0869-d189 @A: 25 04 27 28 | 06
#0870-d189 @A: 13 28 21 29 | 04
#0871-d189 @A: 28 13 03 15 | 02
#0872-d189 @A: 27 18 28 15 | 09
#0873-d189 @A: 15 28 12 03 | 03
#0874-d189 @A: 02 28 35 15 | 05
#0875-d189 @A: 24 03 23 11 | 08
#0876-d189 @A: 23 32 34 11 | 12
#0877-d189 @A: 23 08 24 32 | 07
#0878-d189 @A: 25 09 22 23 | 10
#0879-d189 @A: 34 22 23 26 | 11
#0880-d189 @A: 13 35 23 34 | 01
#0881-d189 @A: 32 20 23 14 | 06
#0882-d189 @A: 23 06 04 29 | 04
#0883-d189 @A: 23 04 14 15 | 02
#0884-d189 @A: 23 20 33 01 | 09
#0885-d189 @A: 22 21 20 23 | 03
#0886-d189 @A: 27 26 12 23 | 05
#0887-d189 @A: 23 02 03 15 | 08
#0888-d189 @A: 26 01 23 02 | 12
#0889-d189 @A: 35 23 14 12 | 07
#0890-d189 @A: 05 23 15 26 | 10
#0891-d189 @A: 12 09 11 04 | 11
#0892-d189 @A: 34 02 18 11 | 01
#0893-d189 @A: 11 15 04 22 | 06
#0894-d189 @A: 33 11 22 35 | 04
#0895-d189 @A: 11 08 25 10 | 02
#0896-d189 @A: 35 01 13 11 | 09
#0897-d189 @A: 05 11 08 18 | 03
#0898-d189 @A: 02 11 14 01 | 05
#0899-d189 @A: 30 06 13 24 | 08
#0900-d189 @A: 09 17 30 18 | 12
#0901-d189 @A: 30 33 08 34 | 07
#0902-d189 @A: 30 01 13 10 | 10
#0903-d189 @A: 30 26 15 10 | 11
#0904-d189 @A: 27 05 18 30 | 01
#0905-d189 @A: 30 05 06 02 | 06
#0906-d189 @A: 03 35 30 14 | 04
#0907-d189 @A: 08 35 02 30 | 02
#0908-d189 @A: 06 21 32 24 | 09
#0909-d189 @A: 20 24 04 06 | 03
#0910-d189 @A: 12 24 29 22 | 05
#0911-d189 @A: 21 29 24 17 | 08
#0912-d189 @A: 21 20 24 03 | 12
#0913-d189 @A: 26 03 24 17 | 07
#0914-d189 @A: 03 20 09 34 | 10
#0915-d189 @A: 29 09 06 32 | 11
#0916-d189 @A: 04 09 01 22 | 01
#0917-d189 @A: 09 29 35 33 | 06
#0918-d189 @A: 09 25 08 29 | 04
#0919-d189 @A: 09 01 12 20 | 02
#0920-d189 @A: 14 13 35 09 | 09
#0921-d189 @A: 02 09 27 18 | 03
#0922-d189 @A: 15 35 09 18 | 05
#0923-d189 @A: 03 02 09 17 | 08
#0924-d189 @A: 09 25 35 17 | 12
#0925-d189 @A: 34 32 25 20 | 07
#0926-d189 @A: 17 12 34 04 | 10
#0927-d189 @A: 12 34 06 03 | 11
#0928-d189 @A: 17 14 26 34 | 01
#0929-d189 @A: 12 10 32 26 | 06
#0930-d189 @A: 32 05 03 18 | 04
#0931-d189 @A: 32 08 12 03 | 02
#0932-d189 @A: 32 01 25 12 | 09
#0933-d189 @A: 13 04 27 17 | 03
#0934-d189 @A: 04 02 13 35 | 05
#0935-d189 @A: 08 04 27 12 | 08
#0936-d189 @A: 18 05 15 04 | 12
#0937-d189 @A: 17 29 05 10 | 07
#0938-d189 @A: 13 18 05 29 | 10
#0939-d189 @A: 27 01 17 29 | 11
#0940-d189 @A: 29 06 01 05 | 01
#0941-d189 @A: 18 33 12 02 | 06
#0942-d189 @A: 02 06 33 35 | 04
#0943-d189 @A: 25 33 08 01 | 02
#0944-d189 @A: 26 17 13 20 | 09
#0945-d189 @A: 20 17 27 12 | 03
#0946-d189 @A: 15 18 20 14 | 05
#0947-d189 @A: 15 12 20 18 | 08
#0948-d189 @A: 20 12 26 06 | 12
#0949-d189 @A: 27 21 22 18 | 07
#0950-d189 @A: 22 02 35 10 | 10
#0951-d189 @A: 22 13 26 15 | 11
#0952-d189 @A: 22 25 27 08 | 01
#0953-d189 @A: 01 22 18 03 | 06
#0954-d189 @A: 15 05 22 12 | 04
#0955-d189 @A: 21 08 13 35 | 02
#0956-d189 @A: 06 12 10 15 | 09
#0957-d189 @A: 11 16 31 13 | 03
#0958-d189 @A: 31 16 30 01 | 05
#0959-d189 @A: 16 10 20 31 | 08
#0960-d189 @A: 22 31 35 07 | 12
#0961-d189 @A: 27 28 22 31 | 07
#0962-d189 @A: 01 03 28 31 | 10
#0963-d189 @A: 23 31 10 32 | 11
#0964-d189 @A: 05 25 23 31 | 01
#0965-d189 @A: 30 32 26 31 | 06
#0966-d189 @A: 12 31 30 06 | 04
#0967-d189 @A: 24 01 06 31 | 02
#0968-d189 @A: 31 34 12 21 | 09
#0969-d189 @A: 32 05 31 29 | 03
#0970-d189 @A: 31 05 06 10 | 05
#0971-d189 @A: 14 31 10 25 | 08
#0972-d189 @A: 18 02 08 31 | 12
#0973-d189 @A: 16 10 19 07 | 07
#0974-d189 @A: 16 12 07 03 | 10
#0975-d189 @A: 03 11 28 16 | 11
#0976-d189 @A: 09 16 23 33 | 01
#0977-d189 @A: 05 16 18 23 | 06
#0978-d189 @A: 14 16 12 11 | 04
#0979-d189 @A: 30 16 32 08 | 02
#0980-d189 @A: 30 02 16 04 | 09
#0981-d189 @A: 01 24 33 16 | 03
#0982-d189 @A: 01 04 16 34 | 05
#0983-d189 @A: 34 22 17 16 | 08
#0984-d189 @A: 16 12 01 04 | 12
#0985-d189 @A: 27 18 16 13 | 07
#0986-d189 @A: 05 14 16 01 | 10
#0987-d189 @A: 07 19 23 35 | 11
#0988-d189 @A: 07 02 19 11 | 01
#0989-d189 @A: 28 34 26 19 | 06
#0990-d189 @A: 20 19 28 02 | 04
#0991-d189 @A: 15 19 24 30 | 02
#0992-d189 @A: 05 29 24 19 | 09
#0993-d189 @A: 12 32 19 02 | 03
#0994-d189 @A: 20 19 13 21 | 05
#0995-d189 @A: 21 19 27 35 | 08
#0996-d189 @A: 19 18 13 08 | 12
#0997-d189 @A: 18 15 19 06 | 07
#0998-d189 @A: 28 22 07 08 | 10
#0999-d189 @A: 11 23 07 18 | 11
#1000-d189 @A: 23 07 05 30 | 01
#1001-d189 @A: 15 23 07 09 | 06
#1002-d189 @A: 07 33 15 30 | 04
#1003-d189 @A: 07 24 27 20 | 02
#1004-d189 @A: 32 09 14 07 | 09
#1005-d189 @A: 06 07 09 22 | 03
#1006-d189 @A: 34 29 07 05 | 05
#1007-d189 @A: 26 04 07 22 | 08
#1008-d189 @A: 07 26 01 29 | 12
#1009-d189 @A: 07 13 18 14 | 07
#1010-d189 @A: 07 35 27 02 | 10
#1011-d189 @A: 35 05 07 06 | 11
#1012-d189 @A: 01 15 02 07 | 01
#1013-d189 @A: 28 30 29 01 | 06
#1014-d189 @A: 28 24 34 17 | 04
#1015-d189 @A: 24 08 28 04 | 02
#1016-d189 @A: 04 28 29 05 | 09
#1017-d189 @A: 17 08 29 28 | 03
#1018-d189 @A: 26 28 29 14 | 05
#1019-d189 @A: 28 21 01 20 | 08
#1020-d189 @A: 28 02 10 13 | 12
#1021-d189 @A: 14 10 28 01 | 07
#1022-d189 @A: 18 28 02 03 | 10
#1023-d189 @A: 35 14 28 17 | 11
#1024-d189 @A: 29 35 23 11 | 01
#1025-d189 @A: 06 11 22 23 | 06
#1026-d189 @A: 24 23 21 18 | 04
#1027-d189 @A: 23 06 09 34 | 02
#1028-d189 @A: 10 09 23 18 | 09
#1029-d189 @A: 04 03 33 23 | 03
#1030-d189 @A: 25 23 18 04 | 05
#1031-d189 @A: 23 18 22 29 | 08
#1032-d189 @A: 10 08 23 12 | 12
#1033-d189 @A: 30 02 11 33 | 07
#1034-d189 @A: 11 20 01 30 | 10
#1035-d189 @A: 21 30 11 27 | 11
#1036-d189 @A: 11 10 30 06 | 01
#1037-d189 @A: 24 11 33 10 | 06
#1038-d189 @A: 15 17 11 18 | 04
#1039-d189 @A: 08 11 14 17 | 02
#1040-d189 @A: 25 11 14 26 | 09
#1041-d189 @A: 30 08 24 09 | 03
#1042-d189 @A: 04 30 35 24 | 05
#1043-d189 @A: 33 09 30 01 | 08
#1044-d189 @A: 21 17 32 30 | 12
#1045-d189 @A: 04 25 20 30 | 07
#1046-d189 @A: 22 30 04 21 | 10
#1047-d189 @A: 20 29 26 30 | 11
#1048-d189 @A: 06 30 17 29 | 01
#1049-d189 @A: 30 21 10 33 | 06
#1050-d189 @A: 33 06 03 30 | 04
#1051-d189 @A: 27 10 25 30 | 02
#1052-d189 @A: 13 15 30 27 | 09
#1053-d189 @A: 05 13 30 14 | 03
#1054-d189 @A: 30 26 05 17 | 05
#1055-d189 @A: 30 15 05 35 | 08
#1056-d189 @A: 24 22 34 01 | 12
#1057-d189 @A: 13 29 32 24 | 07
#1058-d189 @A: 18 24 17 32 | 10
#1059-d189 @A: 22 33 24 13 | 11
#1060-d189 @A: 06 35 10 24 | 01
#1061-d189 @A: 27 14 02 24 | 06
#1062-d189 @A: 06 14 18 24 | 04
#1063-d189 @A: 08 26 24 25 | 02
#1064-d189 @A: 22 12 34 09 | 09
#1065-d189 @A: 09 20 13 32 | 03
#1066-d189 @A: 04 13 18 09 | 05
#1067-d189 @A: 09 22 20 14 | 08
#1068-d189 @A: 17 09 05 20 | 12
#1069-d189 @A: 02 09 01 10 | 07
#1070-d189 @A: 18 25 03 09 | 10
#1071-d189 @A: 15 06 02 09 | 11
#1072-d189 @A: 20 33 34 06 | 01
#1073-d189 @A: 03 34 21 33 | 06
#1074-d189 @A: 34 05 08 20 | 04
#1075-d189 @A: 26 21 25 34 | 02
#1076-d189 @A: 10 08 17 34 | 09
#1077-d189 @A: 32 06 18 08 | 03
#1078-d189 @A: 08 32 17 01 | 05
#1079-d189 @A: 14 32 05 02 | 08
#1080-d189 @A: 35 04 29 26 | 12
#1081-d189 @A: 06 04 18 35 | 07
#1082-d189 @A: 33 14 17 29 | 10
#1083-d189 @A: 29 13 12 03 | 11
#1084-d189 @A: 02 17 29 13 | 01
#1085-d189 @A: 14 29 13 15 | 06
#1086-d189 @A: 08 05 03 29 | 04
#1087-d189 @A: 25 29 26 05 | 02
#1088-d189 @A: 18 10 13 33 | 09
#1089-d189 @A: 15 27 35 33 | 03
#1090-d189 @A: 18 33 25 05 | 05
#1091-d189 @A: 17 33 06 08 | 08
#1092-d189 @A: 06 33 12 35 | 12
#1093-d189 @A: 03 33 17 01 | 07
#1094-d189 @A: 17 25 02 33 | 10
#1095-d189 @A: 20 14 35 10 | 11
#1096-d189 @A: 18 06 20 26 | 01
#1097-d189 @A: 06 13 21 15 | 06
#1098-d189 @A: 21 26 18 12 | 04
#1099-d189 @A: 15 08 21 17 | 02
#1100-d189 @A: 29 31 19 35 | 09
#1101-d189 @A: 31 28 33 11 | 03
#1102-d189 @A: 24 28 31 26 | 05
#1103-d189 @A: 05 22 11 31 | 08
#1104-d189 @A: 14 31 30 24 | 12
#1105-d189 @A: 04 06 30 31 | 07
#1106-d189 @A: 04 24 31 13 | 10
#1107-d189 @A: 27 04 09 31 | 11
#1108-d189 @A: 13 32 31 22 | 01
#1109-d189 @A: 31 03 32 15 | 06
#1110-d189 @A: 31 01 22 20 | 04
#1111-d189 @A: 31 20 14 02 | 02
#1112-d189 @A: 35 31 27 13 | 09
#1113-d189 @A: 25 13 31 01 | 03
#1114-d189 @A: 03 31 14 08 | 05
#1115-d189 @A: 35 31 25 02 | 08
#1116-d189 @A: 16 08 19 23 | 12
#1117-d189 @A: 16 34 02 19 | 07
#1118-d189 @A: 12 19 35 16 | 10
#1119-d189 @A: 27 16 07 34 | 11
#1120-d189 @A: 23 16 34 25 | 01
#1121-d189 @A: 16 20 11 34 | 06
#1122-d189 @A: 11 08 16 06 | 04
#1123-d189 @A: 30 27 16 22 | 02
#1124-d189 @A: 09 25 16 15 | 09
#1125-d189 @A: 34 05 16 03 | 03
#1126-d189 @A: 25 01 29 16 | 05
#1127-d189 @A: 22 33 26 16 | 08
#1128-d189 @A: 16 33 21 06 | 12
#1129-d189 @A: 03 10 16 01 | 07
#1130-d189 @A: 16 06 13 35 | 10
#1131-d189 @A: 06 14 16 27 | 11
#1132-d189 @A: 18 16 14 35 | 01
#1133-d189 @A: 07 19 24 14 | 06
#1134-d189 @A: 07 15 19 34 | 04
#1135-d189 @A: 32 19 07 08 | 02
#1136-d189 @A: 06 19 07 20 | 09
#1137-d189 @A: 14 28 19 32 | 03
#1138-d189 @A: 11 19 33 01 | 05
#1139-d189 @A: 04 18 19 24 | 08
#1140-d189 @A: 33 19 08 24 | 12
#1141-d189 @A: 29 09 27 19 | 07
#1142-d189 @A: 19 03 32 21 | 10
#1143-d189 @A: 19 02 29 04 | 11
#1144-d189 @A: 06 19 03 10 | 01
#1145-d189 @A: 26 01 12 19 | 06
#1146-d189 @A: 28 07 03 23 | 04
#1147-d189 @A: 30 22 14 07 | 02
#1148-d189 @A: 07 34 09 17 | 09
#1149-d189 @A: 25 07 33 34 | 03
#1150-d189 @A: 07 29 25 32 | 05
#1151-d189 @A: 04 33 07 29 | 08
#1152-d189 @A: 04 07 17 14 | 12
#1153-d189 @A: 07 02 22 20 | 07
#1154-d189 @A: 07 27 12 21 | 10
#1155-d189 @A: 06 15 27 07 | 11
#1156-d189 @A: 07 27 25 17 | 01
#1157-d189 @A: 01 07 35 18 | 06
#1158-d189 @A: 18 26 25 07 | 04
#1159-d189 @A: 05 07 17 15 | 02
#1160-d189 @A: 28 32 06 11 | 09
#1161-d189 @A: 10 28 11 21 | 03
#1162-d189 @A: 15 11 28 14 | 05
#1163-d189 @A: 21 28 30 35 | 08
#1164-d189 @A: 10 24 28 32 | 12
#1165-d189 @A: 09 34 14 28 | 07
#1166-d189 @A: 28 27 34 21 | 10
#1167-d189 @A: 28 21 32 15 | 11
#1168-d189 @A: 28 21 04 03 | 01
#1169-d189 @A: 29 25 28 03 | 06
#1170-d189 @A: 08 13 33 28 | 04
#1171-d189 @A: 06 28 10 26 | 02
#1172-d189 @A: 12 01 13 28 | 09
#1173-d189 @A: 12 08 28 14 | 03
#1174-d189 @A: 15 25 26 28 | 05
#1175-d189 @A: 12 23 24 11 | 08
#1176-d189 @A: 15 23 21 11 | 12
#1177-d189 @A: 23 11 01 10 | 07
#1178-d189 @A: 27 24 23 30 | 10
#1179-d189 @A: 15 20 30 23 | 11
#1180-d189 @A: 30 23 22 10 | 01
#1181-d189 @A: 23 09 17 32 | 06
#1182-d189 @A: 02 23 33 34 | 04
#1183-d189 @A: 23 15 34 10 | 02
#1184-d189 @A: 06 15 23 32 | 09
#1185-d189 @A: 23 13 02 27 | 03
#1186-d189 @A: 17 18 23 14 | 05
#1187-d189 @A: 23 25 17 12 | 08
#1188-d189 @A: 23 01 35 14 | 12
#1189-d189 @A: 22 11 08 30 | 07
#1190-d189 @A: 04 11 24 25 | 10
#1191-d189 @A: 02 24 11 06 | 11
#1192-d189 @A: 04 34 06 11 | 01
#1193-d189 @A: 11 14 04 21 | 06
#1194-d189 @A: 11 18 20 33 | 04
#1195-d189 @A: 03 11 20 22 | 02
#1196-d189 @A: 11 21 25 20 | 09
#1197-d189 @A: 13 27 11 05 | 03
#1198-d189 @A: 26 13 11 02 | 05
#1199-d189 @A: 30 03 24 34 | 08
#1200-d189 @A: 30 09 03 32 | 12
#1201-d189 @A: 30 10 14 04 | 07
#1202-d189 @A: 22 17 33 30 | 10
#1203-d189 @A: 20 14 30 21 | 11
#1204-d189 @A: 30 25 03 05 | 01
#1205-d189 @A: 30 26 03 12 | 06
#1206-d189 @A: 22 18 24 09 | 04
#1207-d189 @A: 04 22 24 17 | 02
#1208-d189 @A: 24 01 20 17 | 09
#1209-d189 @A: 14 03 24 10 | 03
#1210-d189 @A: 27 24 18 08 | 05
#1211-d189 @A: 02 09 34 13 | 08
#1212-d189 @A: 33 09 32 12 | 12
#1213-d189 @A: 21 10 09 32 | 07
#1214-d189 @A: 09 04 05 33 | 10
#1215-d189 @A: 17 09 27 08 | 11
#1216-d189 @A: 32 21 05 34 | 01
#1217-d189 @A: 12 32 34 15 | 06
#1218-d189 @A: 22 06 29 34 | 04
#1219-d189 @A: 25 08 34 03 | 02
#1220-d189 @A: 15 34 08 01 | 09
#1221-d189 @A: 26 02 34 05 | 03
#1222-d189 @A: 32 35 21 29 | 05
#1223-d189 @A: 32 10 06 01 | 08
#1224-d189 @A: 13 05 32 01 | 12
#1225-d189 @A: 25 35 32 27 | 07
#1226-d189 @A: 29 22 25 04 | 10
#1227-d189 @A: 12 29 25 04 | 11
#1228-d189 @A: 04 02 21 05 | 01
#1229-d189 @A: 13 01 14 04 | 06
#1230-d189 @A: 25 33 13 29 | 04
#1231-d189 @A: 29 15 25 17 | 02
#1232-d189 @A: 21 33 20 17 | 09
#1233-d189 @A: 33 06 13 01 | 03
#1234-d189 @A: 05 06 33 15 | 05
#1235-d189 @A: 13 20 08 10 | 08
#1236-d189 @A: 05 20 18 10 | 12
#1237-d189 @A: 15 35 20 13 | 07
#1238-d189 @A: 02 15 21 22 | 10
#1239-d189 @A: 06 27 10 22 | 11
#1240-d189 @A: 15 22 10 14 | 01
#1241-d189 @A: 14 22 25 12 | 06
#1242-d189 @A: 21 10 01 18 | 04
#1243-d189 @A: 10 12 21 25 | 02
#1244-d189 @A: 05 08 27 21 | 09
#1245-d189 @A: 03 21 02 06 | 03
#1246-d189 @A: 02 08 01 21 | 05
#1247-d189 @A: 25 13 12 02 | 08
#1248-d189 @A: 18 12 25 27 | 12
#1249-d189 @A: 31 08 19 28 | 07
#1250-d189 @A: 19 17 22 31 | 10
#1251-d189 @A: 19 05 21 31 | 11
#1252-d189 @A: 27 07 31 30 | 01
#1253-d189 @A: 30 23 35 31 | 06
#1254-d189 @A: 23 31 22 08 | 04
#1255-d189 @A: 25 09 11 31 | 02
#1256-d189 @A: 09 29 15 31 | 09
#1257-d189 @A: 09 18 31 14 | 03
#1258-d189 @A: 35 15 31 34 | 05
#1259-d189 @A: 04 32 25 31 | 08
#1260-d189 @A: 04 20 18 31 | 12
#1261-d189 @A: 22 04 03 31 | 07
#1262-d189 @A: 12 33 22 31 | 10
#1263-d189 @A: 17 03 12 31 | 11
#1264-d189 @A: 04 16 19 06 | 01
#1265-d189 @A: 16 15 19 21 | 06
#1266-d189 @A: 07 29 16 14 | 04
#1267-d189 @A: 07 01 08 16 | 02
#1268-d189 @A: 16 28 18 32 | 09
#1269-d189 @A: 16 28 25 20 | 03
#1270-d189 @A: 02 22 23 16 | 05
#1271-d189 @A: 11 29 02 16 | 08
#1272-d189 @A: 30 16 12 32 | 12
#1273-d189 @A: 21 16 03 30 | 07
#1274-d189 @A: 04 14 09 16 | 10
#1275-d189 @A: 21 16 02 09 | 11
#1276-d189 @A: 20 04 16 17 | 01
#1277-d189 @A: 08 33 16 27 | 06
#1278-d189 @A: 01 18 16 20 | 04
#1279-d189 @A: 18 16 10 15 | 02
#1280-d189 @A: 14 16 03 26 | 09
#1281-d189 @A: 07 28 19 29 | 03
#1282-d189 @A: 01 19 07 30 | 05
#1283-d189 @A: 07 19 09 33 | 08
#1284-d189 @A: 12 07 19 09 | 12
#1285-d189 @A: 09 11 08 19 | 07
#1286-d189 @A: 03 34 19 11 | 10
#1287-d189 @A: 11 32 19 18 | 11
#1288-d189 @A: 19 04 11 35 | 01
#1289-d189 @A: 19 30 13 25 | 06
#1290-d189 @A: 24 19 20 35 | 04
#1291-d189 @A: 19 25 10 04 | 02
#1292-d189 @A: 21 12 19 29 | 09
#1293-d189 @A: 10 19 01 29 | 03
#1294-d189 @A: 19 15 35 03 | 05
#1295-d189 @A: 19 25 02 01 | 08
#1296-d189 @A: 12 08 25 19 | 12
#1297-d189 @A: 01 11 04 07 | 07
#1298-d189 @A: 11 05 21 07 | 10
#1299-d189 @A: 08 07 30 17 | 11
#1300-d189 @A: 04 24 07 34 | 01
#1301-d189 @A: 33 24 07 06 | 06
#1302-d189 @A: 35 07 21 34 | 04
#1303-d189 @A: 07 18 12 32 | 02
#1304-d189 @A: 25 07 08 04 | 09
#1305-d189 @A: 12 07 26 22 | 03
#1306-d189 @A: 10 07 14 27 | 05
#1307-d189 @A: 07 17 03 18 | 08
#1308-d189 @A: 28 23 21 02 | 12
#1309-d189 @A: 27 14 28 30 | 07
#1310-d189 @A: 28 24 01 09 | 10
#1311-d189 @A: 34 03 22 28 | 11
#1312-d189 @A: 20 32 29 28 | 01
#1313-d189 @A: 13 20 28 04 | 06
#1314-d189 @A: 17 33 10 28 | 04
#1315-d189 @A: 28 06 21 12 | 02
#1316-d189 @A: 25 06 17 28 | 09
#1317-d189 @A: 26 32 29 23 | 03
#1318-d189 @A: 05 12 04 23 | 05
#1319-d189 @A: 23 12 29 20 | 08
#1320-d189 @A: 23 21 08 03 | 12
#1321-d189 @A: 23 27 25 15 | 07
#1322-d189 @A: 30 11 29 25 | 10
#1323-d189 @A: 24 34 08 11 | 11
#1324-d189 @A: 01 18 11 24 | 01
#1325-d189 @A: 04 17 11 09 | 06
#1326-d189 @A: 21 11 22 34 | 04
#1327-d189 @A: 34 25 11 17 | 02
#1328-d189 @A: 33 04 11 13 | 09
#1329-d189 @A: 29 14 11 18 | 03
#1330-d189 @A: 21 08 11 33 | 05
#1331-d189 @A: 33 12 21 11 | 08
#1332-d189 @A: 13 17 22 11 | 12
#1333-d189 @A: 35 11 15 10 | 07
#1334-d189 @A: 17 27 11 02 | 10
#1335-d189 @A: 06 17 11 35 | 11
#1336-d189 @A: 30 09 26 21 | 01
#1337-d189 @A: 30 15 32 04 | 06
#1338-d189 @A: 32 10 02 30 | 04
#1339-d189 @A: 04 05 01 30 | 02
#1340-d189 @A: 35 30 33 20 | 09
#1341-d189 @A: 15 12 17 30 | 03
#1342-d189 @A: 34 24 18 05 | 05
#1343-d189 @A: 35 24 02 34 | 08
#1344-d189 @A: 27 25 05 24 | 12
#1345-d189 @A: 26 09 33 17 | 07
#1346-d189 @A: 17 10 12 09 | 10
#1347-d189 @A: 12 27 03 09 | 11
#1348-d189 @A: 27 34 32 22 | 01
#1349-d189 @A: 06 32 34 03 | 06
#1350-d189 @A: 04 34 22 10 | 04
#1351-d189 @A: 34 12 20 33 | 02
#1352-d189 @A: 10 25 13 34 | 09
#1353-d189 @A: 08 06 02 34 | 03
#1354-d189 @A: 14 34 06 05 | 05
#1355-d189 @A: 34 35 17 05 | 08
#1356-d189 @A: 25 34 05 01 | 12
#1357-d189 @A: 03 32 04 20 | 07
#1358-d189 @A: 32 21 33 27 | 10
#1359-d189 @A: 01 32 27 20 | 11
#1360-d189 @A: 14 26 10 32 | 01
#1361-d189 @A: 14 35 32 06 | 06
#1362-d189 @A: 35 01 03 32 | 04
#1363-d189 @A: 12 26 32 05 | 02
#1364-d189 @A: 05 06 04 22 | 09
#1365-d189 @A: 02 17 10 04 | 03
#1366-d189 @A: 18 04 14 02 | 05
#1367-d189 @A: 04 02 03 08 | 08
#1368-d189 @A: 10 29 13 06 | 12
#1369-d189 @A: 10 29 26 27 | 07
#1370-d189 @A: 08 29 13 01 | 10
#1371-d189 @A: 12 05 03 29 | 11
#1372-d189 @A: 21 15 18 33 | 01
#1373-d189 @A: 33 12 27 14 | 06
#1374-d189 @A: 03 05 15 20 | 04
#1375-d189 @A: 26 21 22 03 | 02
#1376-d189 @A: 08 02 22 13 | 09
#1377-d189 @A: 22 17 08 05 | 03
#1378-d189 @A: 15 21 27 14 | 05
#1379-d189 @A: 18 03 14 21 | 08
#1380-d189 @A: 14 35 21 02 | 12
#1381-d189 @A: 10 14 18 12 | 07
#1382-d189 @A: 14 12 13 15 | 10
#1383-d189 @A: 27 15 12 02 | 11
#1384-d189 @A: 31 05 04 16 | 01
#1385-d189 @A: 09 31 19 06 | 06
#1386-d189 @A: 23 07 31 06 | 04
#1387-d189 @A: 31 33 01 07 | 02
#1388-d189 @A: 07 31 21 03 | 09
#1389-d189 @A: 03 23 34 31 | 03
#1390-d189 @A: 01 23 31 04 | 05
#1391-d189 @A: 31 14 11 32 | 08
#1392-d189 @A: 27 31 06 03 | 12
#1393-d189 @A: 31 35 18 12 | 07
#1394-d189 @A: 06 08 35 31 | 10
#1395-d189 @A: 15 01 31 26 | 11
#1396-d189 @A: 35 16 32 19 | 01
#1397-d189 @A: 14 16 23 28 | 06
#1398-d189 @A: 28 12 26 16 | 04
#1399-d189 @A: 23 01 16 06 | 02
#1400-d189 @A: 13 16 33 30 | 09
#1401-d189 @A: 34 16 24 13 | 03
#1402-d189 @A: 29 20 09 16 | 05
#1403-d189 @A: 02 12 16 09 | 08
#1404-d189 @A: 34 21 14 16 | 12
#1405-d189 @A: 16 34 12 27 | 07
#1406-d189 @A: 26 32 20 16 | 10
#1407-d189 @A: 02 01 16 32 | 11
#1408-d189 @A: 16 33 29 05 | 01
#1409-d189 @A: 16 22 08 29 | 06
#1410-d189 @A: 29 16 18 21 | 04
#1411-d189 @A: 16 35 10 27 | 02
#1412-d189 @A: 10 17 14 16 | 09
#1413-d189 @A: 10 08 26 16 | 03
#1414-d189 @A: 18 16 25 02 | 05
#1415-d189 @A: 08 16 05 35 | 08
#1416-d189 @A: 14 16 02 15 | 12
#1417-d189 @A: 25 28 11 19 | 07
#1418-d189 @A: 19 11 06 21 | 10
#1419-d189 @A: 09 20 19 26 | 11
#1420-d189 @A: 10 22 19 09 | 01
#1421-d189 @A: 09 05 19 14 | 06
#1422-d189 @A: 20 34 19 27 | 04
#1423-d189 @A: 10 34 12 19 | 02
#1424-d189 @A: 20 22 05 19 | 09
#1425-d189 @A: 19 02 03 13 | 03
#1426-d189 @A: 27 03 17 19 | 05
#1427-d189 @A: 28 07 33 18 | 08
#1428-d189 @A: 28 12 33 07 | 12
#1429-d189 @A: 17 23 07 29 | 07
#1430-d189 @A: 20 13 07 11 | 10
#1431-d189 @A: 35 32 07 30 | 11
#1432-d189 @A: 07 32 24 03 | 01
#1433-d189 @A: 24 17 07 02 | 06
#1434-d189 @A: 09 27 21 07 | 04
#1435-d189 @A: 32 26 33 07 | 02
#1436-d189 @A: 04 07 15 20 | 09
#1437-d189 @A: 29 27 07 22 | 03
#1438-d189 @A: 15 13 10 07 | 05
#1439-d189 @A: 26 10 07 05 | 08
#1440-d189 @A: 25 35 15 07 | 12
#1441-d189 @A: 28 11 18 04 | 07
#1442-d189 @A: 01 28 11 08 | 10
#1443-d189 @A: 12 30 28 18 | 11
#1444-d189 @A: 25 09 32 28 | 01
#1445-d189 @A: 02 09 28 29 | 06
#1446-d189 @A: 06 35 28 09 | 04
#1447-d189 @A: 29 28 35 34 | 02
#1448-d189 @A: 33 01 28 34 | 09
#1449-d189 @A: 25 28 12 34 | 03
#1450-d189 @A: 28 32 03 27 | 05
#1451-d189 @A: 10 28 29 22 | 08
#1452-d189 @A: 28 33 21 26 | 12
#1453-d189 @A: 18 28 08 14 | 07
#1454-d189 @A: 18 05 28 35 | 10
#1455-d189 @A: 17 05 28 03 | 11
#1456-d189 @A: 14 11 23 05 | 01
#1457-d189 @A: 30 23 32 25 | 06
#1458-d189 @A: 35 09 23 24 | 04
#1459-d189 @A: 24 10 04 23 | 02
#1460-d189 @A: 24 02 25 23 | 09
#1461-d189 @A: 05 32 27 23 | 03
#1462-d189 @A: 22 23 14 33 | 05
#1463-d189 @A: 06 05 17 23 | 08
#1464-d189 @A: 11 27 20 09 | 12
#1465-d189 @A: 29 11 34 13 | 07
#1466-d189 @A: 34 14 33 11 | 10
#1467-d189 @A: 11 03 33 32 | 11
#1468-d189 @A: 22 11 32 25 | 01
#1469-d189 @A: 05 26 11 33 | 06
#1470-d189 @A: 08 35 27 11 | 04
#1471-d189 @A: 11 01 12 15 | 02
#1472-d189 @A: 24 32 01 30 | 09
#1473-d189 @A: 30 25 33 24 | 03
#1474-d189 @A: 30 21 02 24 | 05
#1475-d189 @A: 34 32 18 30 | 08
#1476-d189 @A: 30 10 20 34 | 12
#1477-d189 @A: 02 30 34 22 | 07
#1478-d189 @A: 14 32 33 30 | 10
#1479-d189 @A: 08 13 04 30 | 11
#1480-d189 @A: 30 27 20 17 | 01
#1481-d189 @A: 35 01 30 22 | 06
#1482-d189 @A: 18 03 30 13 | 04
#1483-d189 @A: 30 35 27 12 | 02
#1484-d189 @A: 06 14 30 15 | 09
#1485-d189 @A: 35 25 30 26 | 03
#1486-d189 @A: 09 25 20 24 | 05
#1487-d189 @A: 24 09 13 21 | 08
#1488-d189 @A: 26 32 24 27 | 12
#1489-d189 @A: 27 24 21 04 | 07
#1490-d189 @A: 24 20 29 02 | 10
#1491-d189 @A: 05 24 33 21 | 11
#1492-d189 @A: 25 24 13 14 | 01
#1493-d189 @A: 03 01 27 24 | 06
#1494-d189 @A: 12 06 24 18 | 04
#1495-d189 @A: 24 08 06 05 | 02
#1496-d189 @A: 05 14 24 17 | 09
#1497-d189 @A: 15 01 25 24 | 03
#1498-d189 @A: 24 15 08 02 | 05
#1499-d189 @A: 22 34 15 09 | 08
#1500-d189 @A: 09 17 29 22 | 12
#1501-d189 @A: 05 01 15 09 | 07
#1502-d189 @A: 14 15 09 08 | 10
#1503-d189 @A: 35 02 09 05 | 11
#1504-d189 @A: 33 04 34 17 | 01
#1505-d189 @A: 02 21 34 20 | 06
#1506-d189 @A: 34 26 10 03 | 04
#1507-d189 @A: 34 02 14 10 | 02
#1508-d189 @A: 34 15 05 13 | 09
#1509-d189 @A: 18 35 34 03 | 03
#1510-d189 @A: 06 34 26 15 | 05
#1511-d189 @A: 17 02 34 15 | 08
#1512-d189 @A: 21 14 32 25 | 12
#1513-d189 @A: 08 10 03 32 | 07
#1514-d189 @A: 18 01 32 25 | 10
#1515-d189 @A: 08 15 35 32 | 11
#1516-d189 @A: 32 08 26 05 | 01
#1517-d189 @A: 22 33 02 04 | 06
#1518-d189 @A: 04 13 12 33 | 04
#1519-d189 @A: 25 04 33 35 | 02
#1520-d189 @A: 08 04 27 06 | 09
#1521-d189 @A: 02 27 04 15 | 03
#1522-d189 @A: 03 04 26 05 | 05
#1523-d189 @A: 05 08 14 04 | 08
#1524-d189 @A: 06 12 29 27 | 12
#1525-d189 @A: 13 33 26 12 | 07
#1526-d189 @A: 18 27 33 06 | 10
#1527-d189 @A: 21 10 20 26 | 11
#1528-d189 @A: 20 02 10 27 | 01
#1529-d189 @A: 18 20 25 08 | 06
#1530-d189 @A: 17 02 20 12 | 04
#1531-d189 @A: 05 26 01 20 | 02
#1532-d189 @A: 05 20 02 25 | 09
#1533-d189 @A: 13 22 01 27 | 03
#1534-d189 @A: 35 22 15 17 | 05
#1535-d189 @A: 18 35 21 25 | 08
#1536-d189 @A: 01 12 21 14 | 12
#1537-d189 @A: 05 18 12 25 | 07
#1538-d189 @A: 31 23 29 02 | 10
#1539-d189 @A: 26 31 04 11 | 11
#1540-d189 @A: 08 21 32 31 | 01
#1541-d189 @A: 21 31 04 15 | 06
#1542-d189 @A: 22 31 06 33 | 04
#1543-d189 @A: 33 17 27 31 | 02
#1544-d189 @A: 31 03 35 33 | 09
#1545-d189 @A: 21 31 20 27 | 03
#1546-d189 @A: 05 13 31 03 | 05
#1547-d189 @A: 31 27 02 26 | 08
#1548-d189 @A: 25 31 26 12 | 12
#1549-d189 @A: 30 18 19 16 | 07
#1550-d189 @A: 13 16 07 09 | 10
#1551-d189 @A: 07 32 06 16 | 11
#1552-d189 @A: 16 07 03 35 | 01
#1553-d189 @A: 28 22 01 16 | 06
#1554-d189 @A: 23 27 16 21 | 04
#1555-d189 @A: 32 24 16 11 | 02
#1556-d189 @A: 30 16 29 35 | 09
#1557-d189 @A: 03 16 04 24 | 03
#1558-d189 @A: 16 22 14 24 | 05
#1559-d189 @A: 25 35 24 16 | 08
#1560-d189 @A: 09 27 16 32 | 12
#1561-d189 @A: 05 32 15 16 | 07
#1562-d189 @A: 33 16 18 04 | 10
#1563-d189 @A: 35 22 16 04 | 11
#1564-d189 @A: 18 29 12 16 | 01
#1565-d189 @A: 16 20 06 22 | 06
#1566-d189 @A: 21 16 20 05 | 04
#1567-d189 @A: 15 27 20 16 | 02
#1568-d189 @A: 12 05 16 21 | 09
#1569-d189 @A: 02 05 16 13 | 03
#1570-d189 @A: 03 06 16 15 | 05
#1571-d189 @A: 17 01 35 16 | 08
#1572-d189 @A: 05 04 19 07 | 12
#1573-d189 @A: 27 19 07 18 | 07
#1574-d189 @A: 03 07 25 19 | 10
#1575-d189 @A: 28 09 04 19 | 11
#1576-d189 @A: 15 10 19 28 | 01
#1577-d189 @A: 28 27 19 12 | 06
#1578-d189 @A: 26 23 33 19 | 04
#1579-d189 @A: 19 23 25 06 | 02
#1580-d189 @A: 11 24 19 13 | 09
#1581-d189 @A: 11 19 14 22 | 03
#1582-d189 @A: 19 11 26 15 | 05
#1583-d189 @A: 19 24 09 17 | 08
#1584-d189 @A: 09 25 19 21 | 12
#1585-d189 @A: 19 34 17 32 | 07
#1586-d189 @A: 15 32 19 29 | 10
#1587-d189 @A: 32 10 19 05 | 11
#1588-d189 @A: 13 04 19 22 | 01
#1589-d189 @A: 29 21 19 14 | 06
#1590-d189 @A: 19 29 08 06 | 04
#1591-d189 @A: 33 06 19 14 | 02
#1592-d189 @A: 08 15 19 20 | 09
#1593-d189 @A: 19 27 10 08 | 03
#1594-d189 @A: 19 08 25 05 | 05
#1595-d189 @A: 25 14 35 19 | 08
#1596-d189 @A: 23 33 07 27 | 12
#1597-d189 @A: 07 11 14 35 | 07
#1598-d189 @A: 07 24 13 05 | 10
#1599-d189 @A: 07 10 32 20 | 11
#1600-d189 @A: 07 29 15 21 | 01
#1601-d189 @A: 13 21 07 33 | 06
#1602-d189 @A: 07 12 18 13 | 04
#1603-d189 @A: 06 02 07 26 | 02
#1604-d189 @A: 07 08 35 26 | 09
#1605-d189 @A: 11 26 23 28 | 03
#1606-d189 @A: 06 24 23 28 | 05
#1607-d189 @A: 34 28 23 18 | 08
#1608-d189 @A: 25 01 23 28 | 12
#1609-d189 @A: 28 22 05 30 | 07
#1610-d189 @A: 29 12 28 09 | 10
#1611-d189 @A: 09 15 33 28 | 11
#1612-d189 @A: 09 26 28 08 | 01
#1613-d189 @A: 28 20 10 12 | 06
#1614-d189 @A: 22 18 28 06 | 04
#1615-d189 @A: 06 05 21 28 | 02
#1616-d189 @A: 26 05 13 28 | 09
#1617-d189 @A: 05 15 08 28 | 03
#1618-d189 @A: 04 11 08 23 | 05
#1619-d189 @A: 23 24 34 20 | 08
#1620-d189 @A: 09 08 20 23 | 12
#1621-d189 @A: 03 12 23 21 | 07
#1622-d189 @A: 23 08 27 01 | 10
#1623-d189 @A: 06 23 26 35 | 11
#1624-d189 @A: 11 30 05 32 | 01
#1625-d189 @A: 14 24 09 11 | 06
#1626-d189 @A: 09 32 11 35 | 04
#1627-d189 @A: 10 29 11 04 | 02
#1628-d189 @A: 20 04 11 05 | 09
#1629-d189 @A: 11 29 27 33 | 03
#1630-d189 @A: 02 20 08 11 | 05
#1631-d189 @A: 10 18 03 11 | 08
#1632-d189 @A: 15 11 08 13 | 12
#1633-d189 @A: 11 27 03 14 | 07
#1634-d189 @A: 30 02 09 25 | 10
#1635-d189 @A: 18 29 30 08 | 11
#1636-d189 @A: 08 12 33 30 | 01
#1637-d189 @A: 02 12 30 21 | 06
#1638-d189 @A: 18 35 30 10 | 04
#1639-d189 @A: 35 27 06 30 | 02
#1640-d189 @A: 06 01 30 18 | 09
#1641-d189 @A: 30 01 08 14 | 03
#1642-d189 @A: 05 12 30 01 | 05
#1643-d189 @A: 29 24 09 34 | 08
#1644-d189 @A: 09 33 27 24 | 12
#1645-d189 @A: 34 24 15 21 | 07
#1646-d189 @A: 14 24 04 33 | 10
#1647-d189 @A: 26 15 04 24 | 11
#1648-d189 @A: 15 20 33 24 | 01
#1649-d189 @A: 24 08 22 03 | 06
#1650-d189 @A: 02 24 10 18 | 04
#1651-d189 @A: 24 01 13 02 | 02
#1652-d189 @A: 34 32 09 26 | 09
#1653-d189 @A: 08 09 32 04 | 03
#1654-d189 @A: 29 09 21 03 | 05
#1655-d189 @A: 10 33 25 09 | 08
#1656-d189 @A: 35 01 09 21 | 12
#1657-d189 @A: 09 13 06 25 | 07
#1658-d189 @A: 26 01 09 25 | 10
#1659-d189 @A: 29 21 10 34 | 11
#1660-d189 @A: 05 33 22 34 | 01
#1661-d189 @A: 27 10 01 34 | 06
#1662-d189 @A: 17 03 13 34 | 04
#1663-d189 @A: 35 12 34 13 | 02
#1664-d189 @A: 32 17 35 04 | 09
#1665-d189 @A: 08 14 22 32 | 03
#1666-d189 @A: 32 06 27 13 | 05
#1667-d189 @A: 33 20 04 26 | 08
#1668-d189 @A: 10 04 08 01 | 12
#1669-d189 @A: 04 02 12 14 | 07
#1670-d189 @A: 29 10 20 33 | 10
#1671-d189 @A: 20 22 13 29 | 11
#1672-d189 @A: 20 29 06 21 | 01
#1673-d189 @A: 26 18 17 29 | 06
#1674-d189 @A: 29 08 26 15 | 04
#1675-d189 @A: 15 33 22 01 | 02
#1676-d189 @A: 33 27 02 05 | 09
#1677-d189 @A: 02 01 18 33 | 03
#1678-d189 @A: 25 22 20 26 | 05
#1679-d189 @A: 03 20 13 14 | 08
#1680-d189 @A: 20 27 35 26 | 12
#1681-d189 @A: 03 17 08 20 | 07
#1682-d189 @A: 17 14 25 20 | 10
#1683-d189 @A: 22 14 03 02 | 11
#1684-d189 @A: 22 14 35 26 | 01
#1685-d189 @A: 03 21 27 10 | 06
#1686-d189 @A: 10 21 14 06 | 04
#1687-d189 @A: 13 03 01 21 | 02
#1688-d189 @A: 26 21 18 08 | 09
#1689-d189 @A: 26 15 35 21 | 03
