#0001-d217 @A: 17 07 32 01 | 09
#0002-d217 @A: 14 32 08 01 | 08
#0003-d217 @A: 06 01 15 32 | 06
#0004-d217 @A: 04 32 05 17 | 02
#0005-d217 @A: 31 32 30 12 | 10
#0006-d217 @A: 34 21 15 32 | 01
#0007-d217 @A: 33 21 19 32 | 11
#0008-d217 @A: 32 14 13 12 | 12
#0009-d217 @A: 10 32 12 35 | 03
#0010-d217 @A: 32 10 25 21 | 04
#0011-d217 @A: 32 23 17 29 | 05
#0012-d217 @A: 07 25 32 18 | 07
#0013-d217 @A: 01 09 22 02 | 09
#0014-d217 @A: 09 17 35 01 | 08
#0015-d217 @A: 28 08 04 01 | 06
#0016-d217 @A: 10 33 04 01 | 02
#0017-d217 @A: 31 15 01 11 | 10
#0018-d217 @A: 17 19 01 05 | 01
#0019-d217 @A: 13 01 03 12 | 11
#0020-d217 @A: 13 23 01 28 | 12
#0021-d217 @A: 13 10 01 05 | 03
#0022-d217 @A: 01 12 02 15 | 04
#0023-d217 @A: 17 16 01 25 | 05
#0024-d217 @A: 01 10 07 23 | 07
#0025-d217 @A: 35 27 19 09 | 09
#0026-d217 @A: 17 13 27 09 | 08
#0027-d217 @A: 09 02 14 27 | 06
#0028-d217 @A: 09 23 27 05 | 02
#0029-d217 @A: 34 33 16 09 | 10
#0030-d217 @A: 09 02 19 17 | 01
#0031-d217 @A: 09 33 19 08 | 11
#0032-d217 @A: 33 10 09 22 | 12
#0033-d217 @A: 20 28 18 09 | 03
#0034-d217 @A: 09 25 28 35 | 04
#0035-d217 @A: 07 30 09 14 | 05
#0036-d217 @A: 11 02 05 09 | 07
#0037-d217 @A: 20 29 08 09 | 09
#0038-d217 @A: 09 18 33 15 | 08
#0039-d217 @A: 04 34 29 31 | 06
#0040-d217 @A: 04 21 06 31 | 02
#0041-d217 @A: 04 18 31 11 | 10
#0042-d217 @A: 10 04 08 31 | 01
#0043-d217 @A: 34 07 04 10 | 11
#0044-d217 @A: 26 04 19 10 | 12
#0045-d217 @A: 25 19 24 04 | 03
#0046-d217 @A: 30 04 22 21 | 04
#0047-d217 @A: 14 12 04 26 | 05
#0048-d217 @A: 21 04 17 02 | 07
#0049-d217 @A: 20 02 08 04 | 09
#0050-d217 @A: 18 24 20 04 | 08
#0051-d217 @A: 03 04 18 29 | 06
#0052-d217 @A: 03 23 27 34 | 02
#0053-d217 @A: 27 34 18 25 | 10
#0054-d217 @A: 26 02 27 17 | 01
#0055-d217 @A: 02 27 23 25 | 11
#0056-d217 @A: 25 30 35 27 | 12
#0057-d217 @A: 31 11 35 34 | 03
#0058-d217 @A: 29 10 22 31 | 04
#0059-d217 @A: 13 31 33 17 | 05
#0060-d217 @A: 13 31 25 23 | 07
#0061-d217 @A: 12 31 20 16 | 09
#0062-d217 @A: 21 05 29 31 | 08
#0063-d217 @A: 15 17 31 07 | 06
#0064-d217 @A: 25 14 31 28 | 02
#0065-d217 @A: 28 23 15 31 | 10
#0066-d217 @A: 02 31 30 03 | 01
#0067-d217 @A: 31 08 29 24 | 11
#0068-d217 @A: 31 25 16 29 | 12
#0069-d217 @A: 26 08 30 31 | 03
#0070-d217 @A: 03 15 31 08 | 04
#0071-d217 @A: 07 16 22 34 | 05
#0072-d217 @A: 34 13 23 02 | 07
#0073-d217 @A: 34 11 33 13 | 09
#0074-d217 @A: 15 35 12 34 | 08
#0075-d217 @A: 25 34 20 26 | 06
#0076-d217 @A: 34 20 05 07 | 02
#0077-d217 @A: 22 11 33 19 | 10
#0078-d217 @A: 33 13 10 19 | 01
#0079-d217 @A: 21 28 02 19 | 11
#0080-d217 @A: 19 14 21 08 | 12
#0081-d217 @A: 11 28 19 16 | 03
#0082-d217 @A: 30 35 19 14 | 04
#0083-d217 @A: 15 14 25 19 | 05
#0084-d217 @A: 18 19 02 05 | 07
#0085-d217 @A: 35 19 29 18 | 09
#0086-d217 @A: 10 22 13 06 | 08
#0087-d217 @A: 03 12 22 05 | 06
#0088-d217 @A: 22 17 07 21 | 02
#0089-d217 @A: 17 22 18 28 | 10
#0090-d217 @A: 28 11 15 22 | 01
#0091-d217 @A: 33 28 22 35 | 11
#0092-d217 @A: 03 15 10 22 | 12
#0093-d217 @A: 06 05 18 22 | 03
#0094-d217 @A: 02 03 24 22 | 04
#0095-d217 @A: 24 22 30 33 | 05
#0096-d217 @A: 13 12 20 07 | 07
#0097-d217 @A: 06 17 29 13 | 09
#0098-d217 @A: 30 16 17 13 | 08
#0099-d217 @A: 14 13 28 03 | 06
#0100-d217 @A: 23 15 18 13 | 02
#0101-d217 @A: 20 15 13 24 | 10
#0102-d217 @A: 35 16 05 13 | 01
#0103-d217 @A: 25 13 03 30 | 11
#0104-d217 @A: 12 05 21 28 | 12
#0105-d217 @A: 23 25 07 12 | 03
#0106-d217 @A: 06 29 33 12 | 04
#0107-d217 @A: 12 05 15 33 | 05
#0108-d217 @A: 21 17 29 11 | 07
#0109-d217 @A: 21 06 07 18 | 09
#0110-d217 @A: 18 17 20 25 | 08
#0111-d217 @A: 17 05 18 35 | 06
#0112-d217 @A: 17 30 07 33 | 02
#0113-d217 @A: 15 17 33 16 | 10
#0114-d217 @A: 02 20 33 28 | 01
#0115-d217 @A: 24 07 20 28 | 11
#0116-d217 @A: 15 28 06 30 | 12
#0117-d217 @A: 35 28 02 15 | 03
#0118-d217 @A: 25 16 15 28 | 04
#0119-d217 @A: 30 14 20 05 | 05
#0120-d217 @A: 14 05 08 06 | 07
#0121-d217 @A: 05 35 14 03 | 09
#0122-d217 @A: 14 08 16 26 | 08
#0123-d217 @A: 30 23 26 20 | 06
#0124-d217 @A: 23 16 29 08 | 02
#0125-d217 @A: 10 33 30 11 | 10
#0126-d217 @A: 07 11 03 06 | 01
#0127-d217 @A: 33 11 16 06 | 11
#0128-d217 @A: 07 02 33 11 | 12
#0129-d217 @A: 11 24 35 33 | 03
#0130-d217 @A: 18 08 11 35 | 04
#0131-d217 @A: 18 33 11 25 | 05
#0132-d217 @A: 02 33 06 10 | 07
#0133-d217 @A: 18 24 10 08 | 09
#0134-d217 @A: 08 10 07 33 | 08
#0135-d217 @A: 15 24 33 03 | 06
#0136-d217 @A: 02 21 32 09 | 02
#0137-d217 @A: 33 13 32 04 | 10
#0138-d217 @A: 32 23 04 07 | 01
#0139-d217 @A: 32 31 03 19 | 11
#0140-d217 @A: 32 26 34 13 | 12
#0141-d217 @A: 20 13 19 32 | 03
#0142-d217 @A: 19 32 35 15 | 04
#0143-d217 @A: 22 32 02 28 | 05
#0144-d217 @A: 13 17 32 02 | 07
#0145-d217 @A: 14 17 32 25 | 09
#0146-d217 @A: 32 02 20 29 | 08
#0147-d217 @A: 06 02 32 03 | 06
#0148-d217 @A: 01 09 28 30 | 02
#0149-d217 @A: 07 04 11 01 | 10
#0150-d217 @A: 01 22 27 07 | 01
#0151-d217 @A: 31 01 20 28 | 11
#0152-d217 @A: 31 18 01 35 | 12
#0153-d217 @A: 14 34 16 01 | 03
#0154-d217 @A: 15 20 01 34 | 04
#0155-d217 @A: 26 19 35 01 | 05
#0156-d217 @A: 17 22 30 01 | 07
#0157-d217 @A: 33 12 28 01 | 09
#0158-d217 @A: 01 08 12 10 | 08
#0159-d217 @A: 06 08 21 01 | 06
#0160-d217 @A: 17 03 11 01 | 02
#0161-d217 @A: 01 02 14 25 | 10
#0162-d217 @A: 20 05 35 01 | 01
#0163-d217 @A: 15 26 01 35 | 11
#0164-d217 @A: 08 01 07 18 | 12
#0165-d217 @A: 13 09 14 04 | 03
#0166-d217 @A: 33 09 27 12 | 04
#0167-d217 @A: 18 09 27 24 | 05
#0168-d217 @A: 25 13 34 09 | 07
#0169-d217 @A: 34 10 09 35 | 09
#0170-d217 @A: 09 07 19 12 | 08
#0171-d217 @A: 11 09 12 25 | 06
#0172-d217 @A: 21 09 30 10 | 02
#0173-d217 @A: 05 21 09 15 | 10
#0174-d217 @A: 28 09 17 05 | 01
#0175-d217 @A: 20 03 09 06 | 11
#0176-d217 @A: 09 25 02 20 | 12
#0177-d217 @A: 09 30 08 15 | 03
#0178-d217 @A: 12 04 27 20 | 04
#0179-d217 @A: 33 04 27 23 | 05
#0180-d217 @A: 31 04 33 22 | 07
#0181-d217 @A: 31 15 35 04 | 09
#0182-d217 @A: 04 34 15 23 | 08
#0183-d217 @A: 20 11 34 04 | 06
#0184-d217 @A: 28 19 04 05 | 02
#0185-d217 @A: 12 13 04 24 | 10
#0186-d217 @A: 04 05 12 30 | 01
#0187-d217 @A: 33 04 21 14 | 11
#0188-d217 @A: 17 24 04 08 | 12
#0189-d217 @A: 11 02 28 04 | 03
#0190-d217 @A: 23 04 24 03 | 04
#0191-d217 @A: 11 29 04 16 | 05
#0192-d217 @A: 33 04 20 07 | 07
#0193-d217 @A: 35 04 06 24 | 09
#0194-d217 @A: 04 03 26 16 | 08
#0195-d217 @A: 04 33 08 16 | 06
#0196-d217 @A: 25 27 19 31 | 02
#0197-d217 @A: 31 21 14 27 | 10
#0198-d217 @A: 27 28 31 16 | 01
#0199-d217 @A: 28 27 34 22 | 11
#0200-d217 @A: 21 27 19 06 | 12
#0201-d217 @A: 29 19 15 27 | 03
#0202-d217 @A: 27 12 22 24 | 04
#0203-d217 @A: 17 25 22 27 | 05
#0204-d217 @A: 05 22 27 14 | 07
#0205-d217 @A: 27 15 22 05 | 09
#0206-d217 @A: 27 06 10 28 | 08
#0207-d217 @A: 11 23 24 27 | 06
#0208-d217 @A: 02 16 29 27 | 02
#0209-d217 @A: 27 16 18 35 | 10
#0210-d217 @A: 03 07 15 27 | 01
#0211-d217 @A: 34 08 31 07 | 11
#0212-d217 @A: 26 19 21 31 | 12
#0213-d217 @A: 11 19 31 20 | 03
#0214-d217 @A: 22 31 13 03 | 04
#0215-d217 @A: 17 22 20 31 | 05
#0216-d217 @A: 31 02 12 28 | 07
#0217-d217 @A: 21 11 31 03 | 09
#0218-d217 @A: 23 31 28 07 | 08
#0219-d217 @A: 25 31 08 20 | 06
#0220-d217 @A: 20 25 15 31 | 02
#0221-d217 @A: 06 08 33 31 | 10
#0222-d217 @A: 18 23 19 34 | 01
#0223-d217 @A: 20 14 34 22 | 11
#0224-d217 @A: 08 14 12 34 | 12
#0225-d217 @A: 28 34 29 08 | 03
#0226-d217 @A: 29 34 16 24 | 04
#0227-d217 @A: 34 24 08 25 | 05
#0228-d217 @A: 13 19 26 05 | 07
#0229-d217 @A: 28 19 29 25 | 09
#0230-d217 @A: 05 15 19 28 | 08
#0231-d217 @A: 19 11 14 24 | 06
#0232-d217 @A: 33 02 19 14 | 02
#0233-d217 @A: 02 20 26 19 | 10
#0234-d217 @A: 19 03 15 02 | 01
#0235-d217 @A: 19 30 16 24 | 11
#0236-d217 @A: 13 22 28 12 | 12
#0237-d217 @A: 07 33 13 22 | 03
#0238-d217 @A: 18 11 12 22 | 04
#0239-d217 @A: 29 07 12 22 | 05
#0240-d217 @A: 22 17 10 02 | 07
#0241-d217 @A: 26 07 22 02 | 09
#0242-d217 @A: 29 22 35 15 | 08
#0243-d217 @A: 25 22 18 03 | 06
#0244-d217 @A: 12 30 13 23 | 02
#0245-d217 @A: 13 12 10 25 | 10
#0246-d217 @A: 33 24 14 13 | 01
#0247-d217 @A: 13 35 20 25 | 11
#0248-d217 @A: 13 08 33 15 | 12
#0249-d217 @A: 21 12 15 16 | 03
#0250-d217 @A: 14 12 28 29 | 04
#0251-d217 @A: 24 12 28 23 | 05
#0252-d217 @A: 12 02 06 14 | 07
#0253-d217 @A: 12 26 08 11 | 09
#0254-d217 @A: 05 08 20 12 | 08
#0255-d217 @A: 33 25 12 02 | 06
#0256-d217 @A: 14 18 28 21 | 02
#0257-d217 @A: 29 20 28 21 | 10
#0258-d217 @A: 07 03 23 21 | 01
#0259-d217 @A: 24 10 15 21 | 11
#0260-d217 @A: 08 10 21 26 | 12
#0261-d217 @A: 21 03 08 35 | 03
#0262-d217 @A: 21 26 30 05 | 04
#0263-d217 @A: 21 33 03 05 | 05
#0264-d217 @A: 07 33 21 15 | 07
#0265-d217 @A: 17 03 28 33 | 09
#0266-d217 @A: 11 17 25 23 | 08
#0267-d217 @A: 10 17 05 07 | 06
#0268-d217 @A: 17 20 07 06 | 02
#0269-d217 @A: 33 17 35 06 | 10
#0270-d217 @A: 35 02 17 25 | 01
#0271-d217 @A: 02 17 16 05 | 11
#0272-d217 @A: 17 29 25 24 | 12
#0273-d217 @A: 11 05 28 07 | 03
#0274-d217 @A: 24 28 29 33 | 04
#0275-d217 @A: 16 14 24 06 | 05
#0276-d217 @A: 26 14 07 29 | 07
#0277-d217 @A: 33 29 14 08 | 09
#0278-d217 @A: 24 35 20 23 | 08
#0279-d217 @A: 23 15 33 35 | 06
#0280-d217 @A: 30 23 24 25 | 02
#0281-d217 @A: 15 23 03 26 | 10
#0282-d217 @A: 11 10 16 05 | 01
#0283-d217 @A: 06 29 26 11 | 11
#0284-d217 @A: 29 05 10 06 | 12
#0285-d217 @A: 32 27 05 01 | 03
#0286-d217 @A: 32 03 10 01 | 04
#0287-d217 @A: 03 32 09 28 | 05
#0288-d217 @A: 07 27 13 32 | 07
#0289-d217 @A: 31 28 32 05 | 09
#0290-d217 @A: 11 34 07 32 | 08
#0291-d217 @A: 06 32 28 19 | 06
#0292-d217 @A: 32 07 14 19 | 02
#0293-d217 @A: 15 32 22 18 | 10
#0294-d217 @A: 28 32 07 21 | 01
#0295-d217 @A: 26 32 28 23 | 11
#0296-d217 @A: 08 28 32 11 | 12
#0297-d217 @A: 32 28 18 10 | 03
#0298-d217 @A: 35 11 32 14 | 04
#0299-d217 @A: 14 11 15 32 | 05
#0300-d217 @A: 14 03 32 30 | 07
#0301-d217 @A: 16 29 32 06 | 09
#0302-d217 @A: 32 26 35 29 | 08
#0303-d217 @A: 29 03 15 32 | 06
#0304-d217 @A: 07 32 05 24 | 02
#0305-d217 @A: 33 15 32 26 | 10
#0306-d217 @A: 01 08 23 09 | 01
#0307-d217 @A: 04 31 01 17 | 11
#0308-d217 @A: 01 02 04 12 | 12
#0309-d217 @A: 34 13 01 20 | 03
#0310-d217 @A: 01 34 12 23 | 04
#0311-d217 @A: 10 34 01 18 | 05
#0312-d217 @A: 23 17 24 01 | 07
#0313-d217 @A: 35 08 01 02 | 09
#0314-d217 @A: 33 35 01 07 | 08
#0315-d217 @A: 11 10 09 04 | 06
#0316-d217 @A: 15 02 27 09 | 02
#0317-d217 @A: 29 34 09 21 | 10
#0318-d217 @A: 24 13 22 09 | 01
#0319-d217 @A: 13 09 29 12 | 11
#0320-d217 @A: 09 33 23 13 | 12
#0321-d217 @A: 14 09 03 12 | 03
#0322-d217 @A: 20 15 09 12 | 04
#0323-d217 @A: 18 17 23 09 | 05
#0324-d217 @A: 09 06 17 11 | 07
#0325-d217 @A: 14 35 09 08 | 09
#0326-d217 @A: 26 15 25 09 | 08
#0327-d217 @A: 10 04 24 27 | 06
#0328-d217 @A: 34 04 12 33 | 02
#0329-d217 @A: 19 14 16 04 | 10
#0330-d217 @A: 04 07 28 12 | 01
#0331-d217 @A: 23 20 21 04 | 11
#0332-d217 @A: 11 21 24 04 | 12
#0333-d217 @A: 04 28 03 06 | 03
#0334-d217 @A: 10 02 15 04 | 04
#0335-d217 @A: 04 29 24 30 | 05
#0336-d217 @A: 35 04 33 05 | 07
#0337-d217 @A: 24 16 07 04 | 09
#0338-d217 @A: 27 13 31 02 | 08
#0339-d217 @A: 19 27 29 22 | 06
#0340-d217 @A: 27 19 23 30 | 02
#0341-d217 @A: 23 27 22 08 | 10
#0342-d217 @A: 15 27 13 28 | 01
#0343-d217 @A: 12 27 11 30 | 11
#0344-d217 @A: 30 27 21 02 | 12
#0345-d217 @A: 14 27 35 28 | 03
#0346-d217 @A: 27 28 08 33 | 04
#0347-d217 @A: 07 35 10 27 | 05
#0348-d217 @A: 05 25 27 26 | 07
#0349-d217 @A: 33 26 27 16 | 09
#0350-d217 @A: 19 24 17 31 | 08
#0351-d217 @A: 25 21 22 31 | 06
#0352-d217 @A: 31 12 15 29 | 02
#0353-d217 @A: 30 31 10 25 | 10
#0354-d217 @A: 31 03 07 20 | 01
#0355-d217 @A: 34 19 12 03 | 11
#0356-d217 @A: 22 10 34 03 | 12
#0357-d217 @A: 17 13 15 34 | 03
#0358-d217 @A: 12 28 34 06 | 04
#0359-d217 @A: 14 21 34 30 | 05
#0360-d217 @A: 23 17 07 34 | 07
#0361-d217 @A: 28 18 11 34 | 09
#0362-d217 @A: 14 34 29 23 | 08
#0363-d217 @A: 18 34 06 03 | 06
#0364-d217 @A: 25 03 34 02 | 02
#0365-d217 @A: 15 18 16 34 | 10
#0366-d217 @A: 34 26 07 03 | 01
#0367-d217 @A: 22 19 20 28 | 11
#0368-d217 @A: 20 19 12 23 | 12
#0369-d217 @A: 10 20 19 14 | 03
#0370-d217 @A: 20 25 07 19 | 04
#0371-d217 @A: 06 02 19 16 | 05
#0372-d217 @A: 16 19 05 29 | 07
#0373-d217 @A: 23 13 22 26 | 09
#0374-d217 @A: 35 12 02 22 | 08
#0375-d217 @A: 35 21 10 22 | 06
#0376-d217 @A: 28 22 30 14 | 02
#0377-d217 @A: 28 10 22 24 | 10
#0378-d217 @A: 28 29 22 26 | 01
#0379-d217 @A: 23 16 22 14 | 11
#0380-d217 @A: 06 26 08 22 | 12
#0381-d217 @A: 22 02 18 30 | 03
#0382-d217 @A: 22 08 03 16 | 04
#0383-d217 @A: 13 11 24 28 | 05
#0384-d217 @A: 25 26 13 28 | 07
#0385-d217 @A: 13 20 26 14 | 09
#0386-d217 @A: 10 16 15 13 | 08
#0387-d217 @A: 24 13 06 18 | 06
#0388-d217 @A: 13 07 25 06 | 02
#0389-d217 @A: 26 13 30 29 | 10
#0390-d217 @A: 13 30 08 18 | 01
#0391-d217 @A: 24 13 03 26 | 11
#0392-d217 @A: 05 33 13 08 | 12
#0393-d217 @A: 12 30 10 14 | 03
#0394-d217 @A: 08 28 21 17 | 04
#0395-d217 @A: 17 23 21 30 | 05
#0396-d217 @A: 21 25 14 23 | 07
#0397-d217 @A: 29 03 21 06 | 09
#0398-d217 @A: 02 21 08 29 | 08
#0399-d217 @A: 21 05 25 02 | 06
#0400-d217 @A: 23 14 33 17 | 02
#0401-d217 @A: 11 29 15 17 | 10
#0402-d217 @A: 06 17 03 05 | 01
#0403-d217 @A: 30 17 18 26 | 11
#0404-d217 @A: 17 25 05 30 | 12
#0405-d217 @A: 20 03 26 28 | 03
#0406-d217 @A: 14 06 15 33 | 04
#0407-d217 @A: 23 30 02 29 | 05
#0408-d217 @A: 35 11 03 10 | 07
#0409-d217 @A: 24 26 11 10 | 09
#0410-d217 @A: 11 20 15 06 | 08
#0411-d217 @A: 07 30 11 20 | 06
#0412-d217 @A: 07 11 29 08 | 02
#0413-d217 @A: 11 15 25 24 | 10
#0414-d217 @A: 20 30 10 02 | 01
#0415-d217 @A: 06 15 10 25 | 11
#0416-d217 @A: 06 10 26 07 | 12
#0417-d217 @A: 30 16 26 10 | 03
#0418-d217 @A: 24 10 25 16 | 04
#0419-d217 @A: 05 10 25 18 | 05
#0420-d217 @A: 18 10 08 15 | 07
#0421-d217 @A: 20 29 15 08 | 09
#0422-d217 @A: 26 02 29 15 | 08
#0423-d217 @A: 05 25 03 15 | 06
#0424-d217 @A: 32 24 01 04 | 02
#0425-d217 @A: 19 18 32 01 | 10
#0426-d217 @A: 09 32 14 20 | 01
#0427-d217 @A: 27 04 32 26 | 11
#0428-d217 @A: 04 35 31 32 | 12
#0429-d217 @A: 32 16 22 04 | 03
#0430-d217 @A: 32 21 29 04 | 04
#0431-d217 @A: 32 33 22 27 | 05
#0432-d217 @A: 32 06 12 27 | 07
#0433-d217 @A: 27 10 32 08 | 09
#0434-d217 @A: 33 32 34 17 | 08
#0435-d217 @A: 13 16 28 32 | 06
#0436-d217 @A: 29 15 13 32 | 02
#0437-d217 @A: 07 32 02 12 | 10
#0438-d217 @A: 17 11 30 32 | 01
#0439-d217 @A: 02 10 23 32 | 11
#0440-d217 @A: 30 20 24 32 | 12
#0441-d217 @A: 35 05 06 32 | 03
#0442-d217 @A: 33 02 05 32 | 04
#0443-d217 @A: 05 29 32 25 | 05
#0444-d217 @A: 32 30 15 24 | 07
#0445-d217 @A: 16 32 07 08 | 09
#0446-d217 @A: 18 01 09 13 | 08
#0447-d217 @A: 15 03 09 01 | 06
#0448-d217 @A: 01 14 05 04 | 02
#0449-d217 @A: 01 21 30 31 | 10
#0450-d217 @A: 01 23 06 31 | 01
#0451-d217 @A: 31 11 05 01 | 11
#0452-d217 @A: 01 02 31 10 | 12
#0453-d217 @A: 33 29 01 13 | 03
#0454-d217 @A: 29 25 01 12 | 04
#0455-d217 @A: 17 01 10 26 | 05
#0456-d217 @A: 11 01 28 25 | 07
#0457-d217 @A: 05 01 03 23 | 09
#0458-d217 @A: 26 24 30 01 | 08
#0459-d217 @A: 04 07 09 17 | 06
#0460-d217 @A: 09 22 30 27 | 02
#0461-d217 @A: 31 09 08 12 | 10
#0462-d217 @A: 20 24 09 19 | 01
#0463-d217 @A: 09 17 22 29 | 11
#0464-d217 @A: 09 21 24 12 | 12
#0465-d217 @A: 09 26 12 28 | 03
#0466-d217 @A: 16 09 21 28 | 04
#0467-d217 @A: 17 09 10 24 | 05
#0468-d217 @A: 09 11 07 23 | 07
#0469-d217 @A: 06 23 09 10 | 09
#0470-d217 @A: 30 35 20 09 | 08
#0471-d217 @A: 26 29 24 09 | 06
#0472-d217 @A: 15 24 29 09 | 02
#0473-d217 @A: 17 34 04 18 | 10
#0474-d217 @A: 04 23 34 06 | 01
#0475-d217 @A: 21 03 19 04 | 11
#0476-d217 @A: 04 08 11 19 | 12
#0477-d217 @A: 02 04 23 22 | 03
#0478-d217 @A: 22 05 04 24 | 04
#0479-d217 @A: 28 13 29 04 | 05
#0480-d217 @A: 10 05 21 04 | 07
#0481-d217 @A: 17 14 28 04 | 09
#0482-d217 @A: 04 18 33 28 | 08
#0483-d217 @A: 14 30 04 11 | 06
#0484-d217 @A: 14 20 04 03 | 02
#0485-d217 @A: 25 14 04 07 | 10
#0486-d217 @A: 06 02 04 25 | 01
#0487-d217 @A: 29 06 08 04 | 11
#0488-d217 @A: 31 06 27 11 | 12
#0489-d217 @A: 16 34 08 27 | 03
#0490-d217 @A: 12 27 26 19 | 04
#0491-d217 @A: 27 02 19 08 | 05
#0492-d217 @A: 24 21 05 27 | 07
#0493-d217 @A: 17 16 24 27 | 09
#0494-d217 @A: 26 28 30 27 | 08
#0495-d217 @A: 27 07 23 14 | 06
#0496-d217 @A: 27 29 11 35 | 02
#0497-d217 @A: 29 20 26 27 | 10
#0498-d217 @A: 07 33 06 27 | 01
#0499-d217 @A: 30 16 15 27 | 11
#0500-d217 @A: 27 05 03 16 | 12
#0501-d217 @A: 19 31 06 34 | 03
#0502-d217 @A: 31 34 17 25 | 04
#0503-d217 @A: 31 18 12 19 | 05
#0504-d217 @A: 31 12 23 22 | 07
#0505-d217 @A: 31 24 22 14 | 09
#0506-d217 @A: 26 22 31 05 | 08
#0507-d217 @A: 13 31 35 12 | 06
#0508-d217 @A: 24 13 31 21 | 02
#0509-d217 @A: 26 11 13 31 | 10
#0510-d217 @A: 31 17 07 12 | 01
#0511-d217 @A: 11 31 17 02 | 11
#0512-d217 @A: 17 10 06 31 | 12
#0513-d217 @A: 31 18 14 23 | 03
#0514-d217 @A: 14 03 31 10 | 04
#0515-d217 @A: 29 23 03 31 | 05
#0516-d217 @A: 26 33 31 20 | 07
#0517-d217 @A: 31 02 15 33 | 09
#0518-d217 @A: 31 16 30 05 | 08
#0519-d217 @A: 31 24 18 16 | 06
#0520-d217 @A: 28 34 19 26 | 02
#0521-d217 @A: 22 17 34 26 | 10
#0522-d217 @A: 23 22 34 33 | 01
#0523-d217 @A: 34 13 12 18 | 11
#0524-d217 @A: 05 21 17 34 | 12
#0525-d217 @A: 21 25 28 34 | 03
#0526-d217 @A: 06 17 34 14 | 04
#0527-d217 @A: 33 28 34 10 | 05
#0528-d217 @A: 14 34 11 03 | 07
#0529-d217 @A: 08 20 34 06 | 09
#0530-d217 @A: 34 07 35 30 | 08
#0531-d217 @A: 03 34 35 24 | 06
#0532-d217 @A: 26 35 18 34 | 02
#0533-d217 @A: 19 07 23 22 | 10
#0534-d217 @A: 19 15 22 20 | 01
#0535-d217 @A: 17 19 12 33 | 11
#0536-d217 @A: 19 08 12 28 | 12
#0537-d217 @A: 20 17 08 19 | 03
#0538-d217 @A: 06 25 17 19 | 04
#0539-d217 @A: 29 19 03 20 | 05
#0540-d217 @A: 20 19 33 16 | 07
#0541-d217 @A: 22 10 16 12 | 09
#0542-d217 @A: 22 33 21 02 | 08
#0543-d217 @A: 11 22 06 14 | 06
#0544-d217 @A: 06 22 30 03 | 02
#0545-d217 @A: 29 22 02 25 | 10
#0546-d217 @A: 33 18 08 22 | 01
#0547-d217 @A: 22 05 16 25 | 11
#0548-d217 @A: 13 15 12 11 | 12
#0549-d217 @A: 21 13 23 06 | 03
#0550-d217 @A: 13 07 29 35 | 04
#0551-d217 @A: 16 29 13 03 | 05
#0552-d217 @A: 02 30 12 17 | 07
#0553-d217 @A: 17 03 25 12 | 09
#0554-d217 @A: 12 23 14 15 | 08
#0555-d217 @A: 10 12 05 23 | 06
#0556-d217 @A: 29 20 35 12 | 02
#0557-d217 @A: 12 03 08 02 | 10
#0558-d217 @A: 26 30 25 12 | 01
#0559-d217 @A: 10 28 17 25 | 11
#0560-d217 @A: 30 17 29 28 | 12
#0561-d217 @A: 17 10 03 23 | 03
#0562-d217 @A: 17 33 29 20 | 04
#0563-d217 @A: 28 18 29 16 | 05
#0564-d217 @A: 16 33 28 25 | 07
#0565-d217 @A: 30 29 25 14 | 09
#0566-d217 @A: 14 25 33 05 | 08
#0567-d217 @A: 26 02 23 06 | 06
#0568-d217 @A: 07 35 06 23 | 02
#0569-d217 @A: 05 24 23 29 | 10
#0570-d217 @A: 23 08 26 24 | 01
#0571-d217 @A: 26 23 05 07 | 11
#0572-d217 @A: 08 11 06 10 | 12
#0573-d217 @A: 11 35 05 15 | 03
#0574-d217 @A: 10 03 25 06 | 04
#0575-d217 @A: 16 08 10 02 | 05
#0576-d217 @A: 01 31 22 32 | 07
#0577-d217 @A: 25 04 32 34 | 09
#0578-d217 @A: 31 34 32 23 | 08
#0579-d217 @A: 06 31 32 13 | 06
#0580-d217 @A: 17 18 32 31 | 02
#0581-d217 @A: 32 19 12 24 | 10
#0582-d217 @A: 26 32 22 12 | 01
#0583-d217 @A: 32 15 10 12 | 11
#0584-d217 @A: 16 03 12 32 | 12
#0585-d217 @A: 21 32 17 26 | 03
#0586-d217 @A: 24 17 32 28 | 04
#0587-d217 @A: 20 28 15 32 | 05
#0588-d217 @A: 32 23 08 05 | 07
#0589-d217 @A: 29 32 07 33 | 09
#0590-d217 @A: 35 08 32 33 | 08
#0591-d217 @A: 25 32 24 26 | 06
#0592-d217 @A: 27 31 08 01 | 02
#0593-d217 @A: 35 27 01 12 | 10
#0594-d217 @A: 01 29 21 27 | 01
#0595-d217 @A: 27 18 01 11 | 11
#0596-d217 @A: 34 25 01 35 | 12
#0597-d217 @A: 01 19 21 15 | 03
#0598-d217 @A: 06 01 14 19 | 04
#0599-d217 @A: 28 16 22 01 | 05
#0600-d217 @A: 02 13 01 21 | 07
#0601-d217 @A: 01 21 05 18 | 09
#0602-d217 @A: 01 07 14 28 | 08
#0603-d217 @A: 01 14 10 35 | 06
#0604-d217 @A: 30 01 20 18 | 02
#0605-d217 @A: 06 01 33 26 | 10
#0606-d217 @A: 05 01 29 26 | 01
#0607-d217 @A: 01 25 07 03 | 11
#0608-d217 @A: 22 08 04 09 | 12
#0609-d217 @A: 16 09 27 20 | 03
#0610-d217 @A: 09 34 31 02 | 04
#0611-d217 @A: 09 28 19 14 | 05
#0612-d217 @A: 09 06 13 16 | 07
#0613-d217 @A: 09 10 12 18 | 09
#0614-d217 @A: 16 14 17 09 | 08
#0615-d217 @A: 23 09 28 29 | 06
#0616-d217 @A: 08 28 09 10 | 02
#0617-d217 @A: 29 09 35 16 | 10
#0618-d217 @A: 30 03 09 16 | 01
#0619-d217 @A: 33 07 09 03 | 11
#0620-d217 @A: 04 27 35 17 | 12
#0621-d217 @A: 11 25 27 04 | 03
#0622-d217 @A: 14 31 04 02 | 04
#0623-d217 @A: 05 04 20 31 | 05
#0624-d217 @A: 03 17 13 04 | 07
#0625-d217 @A: 04 13 11 35 | 09
#0626-d217 @A: 26 07 13 04 | 08
#0627-d217 @A: 10 16 04 28 | 06
#0628-d217 @A: 04 10 35 29 | 02
#0629-d217 @A: 04 02 33 30 | 10
#0630-d217 @A: 04 30 35 18 | 01
#0631-d217 @A: 25 27 33 13 | 11
#0632-d217 @A: 12 27 21 25 | 12
#0633-d217 @A: 14 27 10 33 | 03
#0634-d217 @A: 14 24 27 20 | 04
#0635-d217 @A: 27 06 20 05 | 05
#0636-d217 @A: 25 29 27 08 | 07
#0637-d217 @A: 25 27 16 07 | 09
#0638-d217 @A: 14 05 12 31 | 08
#0639-d217 @A: 18 10 21 31 | 06
#0640-d217 @A: 11 28 29 31 | 02
#0641-d217 @A: 31 28 10 26 | 10
#0642-d217 @A: 14 11 08 31 | 01
#0643-d217 @A: 02 23 31 35 | 11
#0644-d217 @A: 05 31 02 06 | 12
#0645-d217 @A: 35 29 30 31 | 03
#0646-d217 @A: 24 05 03 31 | 04
#0647-d217 @A: 07 34 19 21 | 05
#0648-d217 @A: 33 19 34 29 | 07
#0649-d217 @A: 12 22 34 25 | 09
#0650-d217 @A: 35 34 13 14 | 08
#0651-d217 @A: 12 34 16 02 | 06
#0652-d217 @A: 26 23 10 34 | 02
#0653-d217 @A: 25 02 15 34 | 10
#0654-d217 @A: 07 05 34 15 | 01
#0655-d217 @A: 22 26 14 19 | 11
#0656-d217 @A: 28 07 19 10 | 12
#0657-d217 @A: 05 23 06 19 | 03
#0658-d217 @A: 19 30 02 25 | 04
#0659-d217 @A: 30 33 18 19 | 05
#0660-d217 @A: 30 07 19 26 | 07
#0661-d217 @A: 19 30 33 15 | 09
#0662-d217 @A: 19 24 08 05 | 08
#0663-d217 @A: 03 19 33 26 | 06
#0664-d217 @A: 22 13 05 17 | 02
#0665-d217 @A: 03 14 22 21 | 10
#0666-d217 @A: 22 14 17 08 | 01
#0667-d217 @A: 23 20 22 11 | 11
#0668-d217 @A: 22 30 10 23 | 12
#0669-d217 @A: 08 20 22 30 | 03
#0670-d217 @A: 12 17 13 26 | 04
#0671-d217 @A: 07 11 21 13 | 05
#0672-d217 @A: 10 13 17 35 | 07
#0673-d217 @A: 20 13 28 08 | 09
#0674-d217 @A: 13 14 25 11 | 08
#0675-d217 @A: 18 05 20 13 | 06
#0676-d217 @A: 30 02 13 07 | 02
#0677-d217 @A: 13 02 30 15 | 10
#0678-d217 @A: 12 11 20 17 | 01
#0679-d217 @A: 35 28 11 12 | 11
#0680-d217 @A: 12 30 28 18 | 12
#0681-d217 @A: 12 23 03 11 | 03
#0682-d217 @A: 24 30 06 12 | 04
#0683-d217 @A: 17 35 14 21 | 05
#0684-d217 @A: 30 33 21 06 | 07
#0685-d217 @A: 07 30 21 29 | 09
#0686-d217 @A: 29 18 26 21 | 08
#0687-d217 @A: 21 26 18 15 | 06
#0688-d217 @A: 21 08 16 18 | 02
#0689-d217 @A: 30 17 03 20 | 10
#0690-d217 @A: 06 24 17 02 | 01
#0691-d217 @A: 07 17 03 02 | 11
#0692-d217 @A: 05 17 26 33 | 12
#0693-d217 @A: 14 28 15 24 | 03
#0694-d217 @A: 11 23 06 28 | 04
#0695-d217 @A: 20 35 06 28 | 05
#0696-d217 @A: 20 28 25 05 | 07
#0697-d217 @A: 24 28 02 18 | 09
#0698-d217 @A: 03 28 08 07 | 08
#0699-d217 @A: 14 20 08 07 | 06
#0700-d217 @A: 30 02 26 14 | 02
#0701-d217 @A: 24 05 14 26 | 10
#0702-d217 @A: 08 03 25 14 | 01
#0703-d217 @A: 02 07 23 08 | 11
#0704-d217 @A: 23 35 33 29 | 12
#0705-d217 @A: 18 03 23 26 | 03
#0706-d217 @A: 11 02 35 20 | 04
#0707-d217 @A: 11 08 24 02 | 05
#0708-d217 @A: 05 11 26 35 | 07
#0709-d217 @A: 20 07 10 16 | 09
#0710-d217 @A: 35 24 10 02 | 08
#0711-d217 @A: 26 18 10 02 | 06
#0712-d217 @A: 32 13 01 25 | 02
#0713-d217 @A: 07 32 10 09 | 10
#0714-d217 @A: 04 12 08 32 | 01
#0715-d217 @A: 14 31 16 32 | 11
#0716-d217 @A: 25 11 31 32 | 12
#0717-d217 @A: 32 08 02 31 | 03
#0718-d217 @A: 10 34 32 05 | 04
#0719-d217 @A: 29 32 10 19 | 05
#0720-d217 @A: 32 14 29 22 | 07
#0721-d217 @A: 32 14 05 21 | 09
#0722-d217 @A: 17 32 08 03 | 08
#0723-d217 @A: 20 32 05 16 | 06
#0724-d217 @A: 15 32 07 02 | 02
#0725-d217 @A: 33 24 03 32 | 10
#0726-d217 @A: 26 04 34 01 | 01
#0727-d217 @A: 35 21 04 01 | 11
#0728-d217 @A: 12 26 31 01 | 12
#0729-d217 @A: 16 03 01 31 | 03
#0730-d217 @A: 12 16 01 19 | 04
#0731-d217 @A: 30 10 19 01 | 05
#0732-d217 @A: 01 22 26 03 | 07
#0733-d217 @A: 05 33 01 22 | 09
#0734-d217 @A: 17 20 01 21 | 08
#0735-d217 @A: 01 10 11 21 | 06
#0736-d217 @A: 01 23 35 11 | 02
#0737-d217 @A: 03 20 02 01 | 10
#0738-d217 @A: 20 01 29 16 | 01
#0739-d217 @A: 01 30 05 02 | 11
#0740-d217 @A: 30 33 01 08 | 12
#0741-d217 @A: 35 23 09 04 | 03
#0742-d217 @A: 30 31 09 13 | 04
#0743-d217 @A: 14 09 18 34 | 05
#0744-d217 @A: 13 09 21 05 | 07
#0745-d217 @A: 21 11 09 18 | 09
#0746-d217 @A: 08 30 09 17 | 08
#0747-d217 @A: 18 09 06 33 | 06
#0748-d217 @A: 27 04 30 31 | 02
#0749-d217 @A: 27 04 14 15 | 10
#0750-d217 @A: 31 04 26 23 | 01
#0751-d217 @A: 13 04 30 34 | 11
#0752-d217 @A: 28 35 04 34 | 12
#0753-d217 @A: 12 35 04 19 | 03
#0754-d217 @A: 04 07 06 22 | 04
#0755-d217 @A: 02 10 04 13 | 05
#0756-d217 @A: 05 13 04 25 | 07
#0757-d217 @A: 04 17 11 33 | 09
#0758-d217 @A: 04 20 17 15 | 08
#0759-d217 @A: 17 04 25 26 | 06
#0760-d217 @A: 16 06 20 04 | 02
#0761-d217 @A: 03 35 07 04 | 10
#0762-d217 @A: 33 31 34 27 | 01
#0763-d217 @A: 22 27 31 35 | 11
#0764-d217 @A: 17 27 03 31 | 12
#0765-d217 @A: 27 24 19 34 | 03
#0766-d217 @A: 24 15 34 27 | 04
#0767-d217 @A: 07 27 11 19 | 05
#0768-d217 @A: 13 27 11 10 | 07
#0769-d217 @A: 16 23 12 27 | 09
#0770-d217 @A: 26 15 27 12 | 08
#0771-d217 @A: 27 21 18 17 | 06
#0772-d217 @A: 27 33 11 21 | 02
#0773-d217 @A: 28 27 07 17 | 10
#0774-d217 @A: 17 27 11 08 | 01
#0775-d217 @A: 28 11 27 20 | 11
#0776-d217 @A: 15 27 23 20 | 12
#0777-d217 @A: 20 27 33 35 | 03
#0778-d217 @A: 15 27 06 18 | 04
#0779-d217 @A: 22 31 34 30 | 05
#0780-d217 @A: 03 31 28 34 | 07
#0781-d217 @A: 31 29 26 17 | 09
#0782-d217 @A: 15 10 31 30 | 08
#0783-d217 @A: 06 31 29 18 | 06
#0784-d217 @A: 17 19 34 30 | 02
#0785-d217 @A: 19 35 20 34 | 10
#0786-d217 @A: 15 34 19 26 | 01
#0787-d217 @A: 34 22 02 11 | 11
#0788-d217 @A: 18 29 34 22 | 12
#0789-d217 @A: 13 34 21 03 | 03
#0790-d217 @A: 10 12 34 11 | 04
#0791-d217 @A: 23 21 34 24 | 05
#0792-d217 @A: 34 10 14 15 | 07
#0793-d217 @A: 16 34 03 20 | 09
#0794-d217 @A: 34 06 35 29 | 08
#0795-d217 @A: 16 25 06 34 | 06
#0796-d217 @A: 34 02 26 29 | 02
#0797-d217 @A: 25 30 34 33 | 10
#0798-d217 @A: 30 34 05 03 | 01
#0799-d217 @A: 05 26 34 16 | 11
#0800-d217 @A: 19 21 18 22 | 12
#0801-d217 @A: 24 29 19 13 | 03
#0802-d217 @A: 21 17 19 16 | 04
#0803-d217 @A: 19 23 08 10 | 05
#0804-d217 @A: 26 29 19 08 | 07
#0805-d217 @A: 33 25 35 19 | 09
#0806-d217 @A: 19 08 16 35 | 08
#0807-d217 @A: 18 07 15 19 | 06
#0808-d217 @A: 21 28 22 06 | 02
#0809-d217 @A: 22 08 10 25 | 10
#0810-d217 @A: 07 18 20 22 | 01
#0811-d217 @A: 30 29 22 16 | 11
#0812-d217 @A: 07 22 08 24 | 12
#0813-d217 @A: 10 30 13 28 | 03
#0814-d217 @A: 11 02 13 03 | 04
#0815-d217 @A: 26 23 12 21 | 05
#0816-d217 @A: 10 12 17 29 | 07
#0817-d217 @A: 17 24 15 12 | 09
#0818-d217 @A: 35 12 07 08 | 08
#0819-d217 @A: 30 16 08 12 | 06
#0820-d217 @A: 12 05 07 33 | 02
#0821-d217 @A: 23 11 21 16 | 10
#0822-d217 @A: 16 20 26 21 | 01
#0823-d217 @A: 21 05 06 16 | 11
#0824-d217 @A: 18 03 21 30 | 12
#0825-d217 @A: 21 25 30 15 | 03
#0826-d217 @A: 05 17 14 11 | 04
#0827-d217 @A: 15 08 05 17 | 05
#0828-d217 @A: 10 23 28 35 | 07
#0829-d217 @A: 08 23 28 18 | 09
#0830-d217 @A: 05 02 28 10 | 08
#0831-d217 @A: 16 14 11 18 | 06
#0832-d217 @A: 14 33 20 18 | 02
#0833-d217 @A: 06 18 35 14 | 10
#0834-d217 @A: 03 14 29 24 | 01
#0835-d217 @A: 35 26 33 14 | 11
#0836-d217 @A: 16 07 35 14 | 12
#0837-d217 @A: 03 18 07 14 | 03
#0838-d217 @A: 30 15 23 11 | 04
#0839-d217 @A: 23 20 33 10 | 05
#0840-d217 @A: 35 23 18 25 | 07
#0841-d217 @A: 18 10 11 07 | 09
#0842-d217 @A: 20 18 26 11 | 08
#0843-d217 @A: 18 06 11 02 | 06
#0844-d217 @A: 35 06 11 30 | 02
#0845-d217 @A: 03 29 25 11 | 10
#0846-d217 @A: 10 20 18 29 | 01
#0847-d217 @A: 26 20 10 05 | 11
#0848-d217 @A: 30 06 18 10 | 12
#0849-d217 @A: 35 26 25 10 | 03
#0850-d217 @A: 18 02 15 20 | 04
#0851-d217 @A: 26 07 29 15 | 05
#0852-d217 @A: 35 18 15 24 | 07
#0853-d217 @A: 09 27 25 32 | 09
#0854-d217 @A: 11 32 04 03 | 08
#0855-d217 @A: 32 03 27 21 | 06
#0856-d217 @A: 27 20 32 17 | 02
#0857-d217 @A: 20 32 12 34 | 10
#0858-d217 @A: 32 23 03 13 | 01
#0859-d217 @A: 32 21 35 24 | 11
#0860-d217 @A: 07 20 32 35 | 12
#0861-d217 @A: 08 20 32 26 | 03
#0862-d217 @A: 18 33 32 16 | 04
#0863-d217 @A: 01 04 20 09 | 05
#0864-d217 @A: 01 21 03 09 | 07
#0865-d217 @A: 16 10 09 01 | 09
#0866-d217 @A: 04 06 01 13 | 08
#0867-d217 @A: 31 34 24 01 | 06
#0868-d217 @A: 01 31 29 07 | 02
#0869-d217 @A: 02 01 17 34 | 10
#0870-d217 @A: 01 22 19 24 | 01
#0871-d217 @A: 19 07 01 13 | 11
#0872-d217 @A: 23 22 25 01 | 12
#0873-d217 @A: 22 24 15 01 | 03
#0874-d217 @A: 01 16 26 13 | 04
#0875-d217 @A: 20 01 14 12 | 05
#0876-d217 @A: 21 24 28 01 | 07
#0877-d217 @A: 14 01 17 29 | 09
#0878-d217 @A: 23 01 02 16 | 08
#0879-d217 @A: 16 01 05 08 | 06
#0880-d217 @A: 04 34 05 09 | 02
#0881-d217 @A: 33 14 31 09 | 10
#0882-d217 @A: 28 24 09 34 | 01
#0883-d217 @A: 34 08 09 11 | 11
#0884-d217 @A: 13 09 19 03 | 12
#0885-d217 @A: 19 11 09 30 | 03
#0886-d217 @A: 35 17 09 15 | 04
#0887-d217 @A: 29 09 11 14 | 05
#0888-d217 @A: 29 06 25 09 | 07
#0889-d217 @A: 18 16 09 02 | 09
#0890-d217 @A: 07 25 09 26 | 08
#0891-d217 @A: 27 07 21 04 | 06
#0892-d217 @A: 21 04 13 08 | 02
#0893-d217 @A: 04 10 03 12 | 10
#0894-d217 @A: 26 04 21 28 | 01
#0895-d217 @A: 17 04 20 10 | 11
#0896-d217 @A: 30 04 17 06 | 12
#0897-d217 @A: 02 16 04 35 | 03
#0898-d217 @A: 03 04 05 02 | 04
#0899-d217 @A: 27 14 17 19 | 05
#0900-d217 @A: 20 21 27 22 | 07
#0901-d217 @A: 16 22 11 27 | 09
#0902-d217 @A: 27 12 18 14 | 08
#0903-d217 @A: 28 27 23 21 | 06
#0904-d217 @A: 27 10 17 30 | 02
#0905-d217 @A: 27 18 20 08 | 10
#0906-d217 @A: 08 27 25 15 | 01
#0907-d217 @A: 21 34 12 31 | 11
#0908-d217 @A: 10 16 34 31 | 12
#0909-d217 @A: 19 31 08 13 | 03
#0910-d217 @A: 08 17 31 16 | 04
#0911-d217 @A: 24 31 30 11 | 05
#0912-d217 @A: 26 24 31 06 | 07
#0913-d217 @A: 33 02 31 29 | 09
#0914-d217 @A: 24 31 25 33 | 08
#0915-d217 @A: 30 23 11 34 | 06
#0916-d217 @A: 11 15 03 34 | 02
#0917-d217 @A: 20 29 34 30 | 10
#0918-d217 @A: 06 33 05 34 | 01
#0919-d217 @A: 18 07 24 34 | 11
#0920-d217 @A: 19 17 22 03 | 12
#0921-d217 @A: 06 19 35 22 | 03
#0922-d217 @A: 14 19 13 18 | 04
#0923-d217 @A: 19 13 23 35 | 05
#0924-d217 @A: 12 19 25 14 | 07
#0925-d217 @A: 21 20 19 05 | 09
#0926-d217 @A: 23 19 26 17 | 08
#0927-d217 @A: 23 29 19 11 | 06
#0928-d217 @A: 19 06 29 30 | 02
#0929-d217 @A: 06 03 24 19 | 10
#0930-d217 @A: 19 07 06 08 | 01
#0931-d217 @A: 29 07 19 02 | 11
#0932-d217 @A: 35 02 19 03 | 12
#0933-d217 @A: 07 05 35 19 | 03
#0934-d217 @A: 13 02 14 22 | 04
#0935-d217 @A: 13 11 29 22 | 05
#0936-d217 @A: 24 17 22 11 | 07
#0937-d217 @A: 14 22 07 10 | 09
#0938-d217 @A: 20 22 05 29 | 08
#0939-d217 @A: 24 20 22 26 | 06
#0940-d217 @A: 22 15 02 06 | 02
#0941-d217 @A: 26 33 25 22 | 10
#0942-d217 @A: 13 21 28 35 | 01
#0943-d217 @A: 20 23 17 13 | 11
#0944-d217 @A: 23 11 08 13 | 12
#0945-d217 @A: 26 13 35 06 | 03
#0946-d217 @A: 30 33 35 13 | 04
#0947-d217 @A: 12 06 26 20 | 05
#0948-d217 @A: 24 12 29 02 | 07
#0949-d217 @A: 26 05 12 02 | 09
#0950-d217 @A: 26 12 29 16 | 08
#0951-d217 @A: 25 05 35 12 | 06
#0952-d217 @A: 07 12 24 03 | 02
#0953-d217 @A: 12 25 18 16 | 10
#0954-d217 @A: 17 03 21 15 | 01
#0955-d217 @A: 20 11 14 21 | 11
#0956-d217 @A: 02 14 10 21 | 12
#0957-d217 @A: 02 21 23 18 | 03
#0958-d217 @A: 21 11 15 02 | 04
#0959-d217 @A: 20 18 21 35 | 05
#0960-d217 @A: 06 21 35 02 | 07
#0961-d217 @A: 25 29 21 35 | 09
#0962-d217 @A: 06 14 15 17 | 08
#0963-d217 @A: 14 17 03 26 | 06
#0964-d217 @A: 10 17 15 23 | 02
#0965-d217 @A: 11 35 07 17 | 10
#0966-d217 @A: 17 24 20 05 | 01
#0967-d217 @A: 17 02 15 25 | 11
#0968-d217 @A: 17 29 05 08 | 12
#0969-d217 @A: 35 17 30 24 | 03
#0970-d217 @A: 26 07 17 24 | 04
#0971-d217 @A: 16 18 03 17 | 05
#0972-d217 @A: 25 03 23 28 | 07
#0973-d217 @A: 18 05 28 03 | 09
#0974-d217 @A: 24 23 14 10 | 08
#0975-d217 @A: 02 08 15 14 | 06
#0976-d217 @A: 05 14 15 29 | 02
#0977-d217 @A: 14 16 30 33 | 10
#0978-d217 @A: 25 26 18 14 | 01
#0979-d217 @A: 23 18 30 05 | 11
#0980-d217 @A: 30 07 23 16 | 12
#0981-d217 @A: 08 25 33 23 | 03
#0982-d217 @A: 02 10 11 29 | 04
#0983-d217 @A: 20 11 05 03 | 05
#0984-d217 @A: 24 16 03 11 | 07
#0985-d217 @A: 24 20 10 03 | 09
#0986-d217 @A: 10 26 29 03 | 08
#0987-d217 @A: 05 15 20 30 | 06
#0988-d217 @A: 28 01 35 32 | 02
#0989-d217 @A: 09 32 06 04 | 10
#0990-d217 @A: 32 27 34 14 | 01
#0991-d217 @A: 27 28 29 32 | 11
#0992-d217 @A: 23 35 32 27 | 12
#0993-d217 @A: 31 33 32 10 | 03
#0994-d217 @A: 31 15 05 32 | 04
#0995-d217 @A: 22 21 23 32 | 05
#0996-d217 @A: 32 13 11 05 | 07
#0997-d217 @A: 24 13 32 10 | 09
#0998-d217 @A: 32 29 11 12 | 08
#0999-d217 @A: 12 32 05 18 | 06
#1000-d217 @A: 32 28 14 33 | 02
#1001-d217 @A: 23 32 06 14 | 10
#1002-d217 @A: 10 32 14 26 | 01
#1003-d217 @A: 06 32 33 25 | 11
#1004-d217 @A: 35 25 32 03 | 12
#1005-d217 @A: 08 25 30 32 | 03
#1006-d217 @A: 29 22 04 01 | 04
#1007-d217 @A: 30 01 03 04 | 05
#1008-d217 @A: 19 20 01 27 | 07
#1009-d217 @A: 01 02 28 27 | 09
#1010-d217 @A: 23 27 26 01 | 08
#1011-d217 @A: 35 01 22 13 | 06
#1012-d217 @A: 01 22 14 18 | 02
#1013-d217 @A: 10 22 20 01 | 10
#1014-d217 @A: 13 05 15 01 | 01
#1015-d217 @A: 12 11 24 01 | 11
#1016-d217 @A: 01 23 29 18 | 12
#1017-d217 @A: 07 01 15 10 | 03
#1018-d217 @A: 20 25 33 01 | 04
#1019-d217 @A: 26 20 01 07 | 05
#1020-d217 @A: 30 01 06 25 | 07
#1021-d217 @A: 16 06 18 01 | 09
#1022-d217 @A: 25 26 01 08 | 08
#1023-d217 @A: 30 04 26 09 | 06
#1024-d217 @A: 11 27 09 03 | 02
#1025-d217 @A: 09 18 22 31 | 10
#1026-d217 @A: 31 21 17 09 | 01
#1027-d217 @A: 31 09 26 35 | 11
#1028-d217 @A: 09 06 26 19 | 12
#1029-d217 @A: 09 02 28 13 | 03
#1030-d217 @A: 33 28 11 09 | 04
#1031-d217 @A: 15 09 10 28 | 05
#1032-d217 @A: 06 05 30 09 | 07
#1033-d217 @A: 09 02 07 35 | 09
#1034-d217 @A: 09 26 02 33 | 08
#1035-d217 @A: 29 33 09 30 | 06
#1036-d217 @A: 28 24 31 04 | 02
#1037-d217 @A: 17 12 22 04 | 10
#1038-d217 @A: 10 18 04 22 | 01
#1039-d217 @A: 04 06 11 12 | 11
#1040-d217 @A: 17 04 16 23 | 12
#1041-d217 @A: 25 04 23 10 | 03
#1042-d217 @A: 04 06 26 05 | 04
#1043-d217 @A: 26 15 16 04 | 05
#1044-d217 @A: 23 20 31 27 | 07
#1045-d217 @A: 05 27 10 31 | 09
#1046-d217 @A: 27 33 05 19 | 08
#1047-d217 @A: 13 22 18 27 | 06
#1048-d217 @A: 13 27 21 26 | 02
#1049-d217 @A: 16 14 13 27 | 10
#1050-d217 @A: 29 23 13 27 | 01
#1051-d217 @A: 23 06 17 27 | 11
#1052-d217 @A: 10 18 27 23 | 12
#1053-d217 @A: 03 20 27 25 | 03
#1054-d217 @A: 27 26 03 06 | 04
#1055-d217 @A: 29 27 05 30 | 05
#1056-d217 @A: 27 07 29 03 | 07
#1057-d217 @A: 14 29 31 19 | 09
#1058-d217 @A: 18 28 13 31 | 08
#1059-d217 @A: 20 31 29 13 | 06
#1060-d217 @A: 08 31 21 23 | 02
#1061-d217 @A: 31 17 14 30 | 10
#1062-d217 @A: 07 24 31 35 | 01
#1063-d217 @A: 05 34 14 19 | 11
#1064-d217 @A: 25 19 34 11 | 12
#1065-d217 @A: 05 34 22 35 | 03
#1066-d217 @A: 12 26 34 24 | 04
#1067-d217 @A: 06 34 21 10 | 05
#1068-d217 @A: 17 16 11 34 | 07
#1069-d217 @A: 14 28 02 34 | 09
#1070-d217 @A: 28 34 16 23 | 08
#1071-d217 @A: 34 14 07 33 | 06
#1072-d217 @A: 23 34 35 08 | 02
#1073-d217 @A: 06 34 11 24 | 10
#1074-d217 @A: 19 07 17 18 | 01
#1075-d217 @A: 28 19 24 35 | 11
#1076-d217 @A: 19 02 23 24 | 12
#1077-d217 @A: 26 16 25 19 | 03
#1078-d217 @A: 16 22 21 13 | 04
#1079-d217 @A: 23 35 22 17 | 05
#1080-d217 @A: 29 06 23 22 | 07
#1081-d217 @A: 20 06 22 33 | 09
#1082-d217 @A: 35 16 22 24 | 08
#1083-d217 @A: 30 22 07 05 | 06
#1084-d217 @A: 05 14 23 13 | 02
#1085-d217 @A: 06 20 02 13 | 10
#1086-d217 @A: 13 05 02 29 | 01
#1087-d217 @A: 12 21 17 06 | 11
#1088-d217 @A: 17 08 12 23 | 12
#1089-d217 @A: 12 15 28 18 | 03
#1090-d217 @A: 20 25 24 12 | 04
#1091-d217 @A: 12 16 06 07 | 05
#1092-d217 @A: 12 30 15 35 | 07
#1093-d217 @A: 16 35 33 12 | 09
#1094-d217 @A: 17 21 10 33 | 08
#1095-d217 @A: 28 21 30 11 | 06
#1096-d217 @A: 21 10 23 29 | 02
#1097-d217 @A: 15 20 33 21 | 10
#1098-d217 @A: 25 33 21 07 | 01
#1099-d217 @A: 17 15 28 26 | 11
#1100-d217 @A: 16 17 06 26 | 12
#1101-d217 @A: 26 17 35 08 | 03
#1102-d217 @A: 17 24 33 18 | 04
#1103-d217 @A: 07 17 08 25 | 05
#1104-d217 @A: 10 28 14 11 | 07
#1105-d217 @A: 16 20 28 30 | 09
#1106-d217 @A: 06 25 28 18 | 08
#1107-d217 @A: 16 06 08 28 | 06
#1108-d217 @A: 02 35 28 26 | 02
#1109-d217 @A: 28 07 35 18 | 10
#1110-d217 @A: 35 03 28 16 | 01
#1111-d217 @A: 16 14 03 02 | 11
#1112-d217 @A: 14 07 05 02 | 12
#1113-d217 @A: 24 18 30 14 | 03
#1114-d217 @A: 11 33 26 23 | 04
#1115-d217 @A: 23 16 06 03 | 05
#1116-d217 @A: 16 15 23 29 | 07
#1117-d217 @A: 11 30 03 26 | 09
#1118-d217 @A: 05 11 30 08 | 08
#1119-d217 @A: 15 11 07 16 | 06
#1120-d217 @A: 18 10 35 33 | 02
#1121-d217 @A: 10 16 03 33 | 10
#1122-d217 @A: 23 20 32 01 | 01
#1123-d217 @A: 32 16 01 11 | 11
#1124-d217 @A: 09 34 32 19 | 12
#1125-d217 @A: 35 13 32 09 | 03
#1126-d217 @A: 24 09 32 11 | 04
#1127-d217 @A: 04 32 19 02 | 05
#1128-d217 @A: 24 34 32 22 | 07
#1129-d217 @A: 29 32 34 03 | 09
#1130-d217 @A: 30 13 22 32 | 08
#1131-d217 @A: 03 07 22 32 | 06
#1132-d217 @A: 21 11 06 32 | 02
#1133-d217 @A: 06 30 32 07 | 10
#1134-d217 @A: 02 16 25 32 | 01
#1135-d217 @A: 33 32 26 30 | 11
#1136-d217 @A: 03 26 05 32 | 12
#1137-d217 @A: 01 09 05 12 | 03
#1138-d217 @A: 09 11 26 01 | 04
#1139-d217 @A: 01 04 16 27 | 05
#1140-d217 @A: 34 11 01 29 | 07
#1141-d217 @A: 24 01 10 06 | 09
#1142-d217 @A: 02 01 29 06 | 08
#1143-d217 @A: 08 01 29 03 | 06
#1144-d217 @A: 04 31 03 09 | 02
#1145-d217 @A: 15 04 09 13 | 10
#1146-d217 @A: 25 09 04 21 | 01
#1147-d217 @A: 31 19 09 05 | 11
#1148-d217 @A: 06 31 09 28 | 12
#1149-d217 @A: 23 09 24 31 | 03
#1150-d217 @A: 09 20 10 31 | 04
#1151-d217 @A: 09 34 20 23 | 05
#1152-d217 @A: 09 16 22 19 | 07
#1153-d217 @A: 10 09 25 19 | 09
#1154-d217 @A: 02 23 09 12 | 08
#1155-d217 @A: 07 20 21 09 | 06
#1156-d217 @A: 09 26 20 17 | 02
#1157-d217 @A: 05 09 14 10 | 10
#1158-d217 @A: 05 29 09 03 | 01
#1159-d217 @A: 03 09 35 18 | 11
#1160-d217 @A: 25 30 09 18 | 12
#1161-d217 @A: 08 24 09 16 | 03
#1162-d217 @A: 16 04 31 13 | 04
#1163-d217 @A: 04 16 21 34 | 05
#1164-d217 @A: 04 14 24 34 | 07
#1165-d217 @A: 04 29 17 19 | 09
#1166-d217 @A: 22 11 26 04 | 08
#1167-d217 @A: 15 07 22 04 | 06
#1168-d217 @A: 21 18 12 04 | 02
#1169-d217 @A: 29 15 21 04 | 10
#1170-d217 @A: 03 04 28 15 | 01
#1171-d217 @A: 04 23 05 11 | 11
#1172-d217 @A: 06 04 15 29 | 12
#1173-d217 @A: 26 04 33 29 | 03
#1174-d217 @A: 04 05 07 29 | 04
#1175-d217 @A: 08 15 24 04 | 05
#1176-d217 @A: 13 34 27 06 | 07
#1177-d217 @A: 27 22 02 06 | 09
#1178-d217 @A: 27 13 03 35 | 08
#1179-d217 @A: 05 12 27 17 | 06
#1180-d217 @A: 27 12 10 02 | 02
#1181-d217 @A: 25 06 14 27 | 10
#1182-d217 @A: 24 26 27 35 | 01
#1183-d217 @A: 26 08 27 07 | 11
#1184-d217 @A: 14 26 31 34 | 12
#1185-d217 @A: 31 20 18 34 | 03
#1186-d217 @A: 19 23 31 16 | 04
#1187-d217 @A: 31 33 12 11 | 05
#1188-d217 @A: 31 21 33 28 | 07
#1189-d217 @A: 26 16 02 31 | 09
#1190-d217 @A: 03 31 33 35 | 08
#1191-d217 @A: 15 31 26 24 | 06
#1192-d217 @A: 05 33 18 31 | 02
#1193-d217 @A: 25 26 03 31 | 10
#1194-d217 @A: 02 20 21 34 | 01
#1195-d217 @A: 15 28 33 34 | 11
#1196-d217 @A: 10 30 34 24 | 12
#1197-d217 @A: 30 34 26 06 | 03
#1198-d217 @A: 35 34 33 02 | 04
#1199-d217 @A: 24 02 05 34 | 05
#1200-d217 @A: 18 08 05 34 | 07
#1201-d217 @A: 22 10 19 05 | 09
#1202-d217 @A: 17 13 28 19 | 08
#1203-d217 @A: 19 12 29 21 | 06
#1204-d217 @A: 35 21 11 19 | 02
#1205-d217 @A: 24 21 10 19 | 10
#1206-d217 @A: 28 23 33 19 | 01
#1207-d217 @A: 06 19 23 15 | 11
#1208-d217 @A: 20 06 19 18 | 12
#1209-d217 @A: 19 03 30 08 | 03
#1210-d217 @A: 33 22 14 12 | 04
#1211-d217 @A: 15 21 23 22 | 05
#1212-d217 @A: 30 11 25 22 | 07
#1213-d217 @A: 24 22 06 25 | 09
#1214-d217 @A: 20 10 13 21 | 08
#1215-d217 @A: 14 13 17 07 | 06
#1216-d217 @A: 13 10 08 14 | 02
#1217-d217 @A: 10 16 23 13 | 10
#1218-d217 @A: 16 13 20 24 | 01
#1219-d217 @A: 08 06 13 03 | 11
#1220-d217 @A: 16 33 13 02 | 12
#1221-d217 @A: 26 13 33 18 | 03
#1222-d217 @A: 16 25 08 13 | 04
#1223-d217 @A: 35 23 14 12 | 05
#1224-d217 @A: 29 12 30 03 | 07
#1225-d217 @A: 08 33 24 12 | 09
#1226-d217 @A: 25 12 15 07 | 08
#1227-d217 @A: 10 28 21 03 | 06
#1228-d217 @A: 15 08 28 21 | 02
#1229-d217 @A: 25 20 30 21 | 10
#1230-d217 @A: 20 33 08 21 | 01
#1231-d217 @A: 35 06 21 15 | 11
#1232-d217 @A: 21 25 16 03 | 12
#1233-d217 @A: 35 17 20 16 | 03
#1234-d217 @A: 03 17 35 29 | 04
#1235-d217 @A: 24 28 08 14 | 05
#1236-d217 @A: 03 30 28 24 | 07
#1237-d217 @A: 15 30 28 07 | 09
#1238-d217 @A: 10 14 16 29 | 08
#1239-d217 @A: 14 25 16 20 | 06
#1240-d217 @A: 14 18 02 08 | 02
#1241-d217 @A: 14 18 29 05 | 10
#1242-d217 @A: 35 24 14 25 | 01
#1243-d217 @A: 03 14 15 35 | 11
#1244-d217 @A: 16 18 23 20 | 12
#1245-d217 @A: 08 30 06 23 | 03
#1246-d217 @A: 23 24 06 33 | 04
#1247-d217 @A: 24 23 15 02 | 05
#1248-d217 @A: 03 02 23 33 | 07
#1249-d217 @A: 35 03 23 30 | 09
#1250-d217 @A: 23 16 26 35 | 08
#1251-d217 @A: 16 05 23 33 | 06
#1252-d217 @A: 11 10 25 20 | 02
#1253-d217 @A: 11 02 30 16 | 10
#1254-d217 @A: 25 26 11 02 | 01
#1255-d217 @A: 29 05 11 33 | 11
#1256-d217 @A: 03 11 08 33 | 12
#1257-d217 @A: 08 15 26 11 | 03
#1258-d217 @A: 35 06 10 16 | 04
#1259-d217 @A: 02 25 07 10 | 05
#1260-d217 @A: 10 29 15 33 | 07
#1261-d217 @A: 16 15 03 20 | 09
#1262-d217 @A: 06 24 07 15 | 08
#1263-d217 @A: 15 02 05 16 | 06
#1264-d217 @A: 15 25 29 18 | 02
#1265-d217 @A: 06 01 32 34 | 10
#1266-d217 @A: 01 32 21 12 | 01
#1267-d217 @A: 29 01 30 32 | 11
#1268-d217 @A: 05 22 09 32 | 12
#1269-d217 @A: 09 32 17 12 | 03
#1270-d217 @A: 08 18 32 09 | 04
#1271-d217 @A: 14 32 04 18 | 05
#1272-d217 @A: 27 11 02 32 | 07
#1273-d217 @A: 31 21 20 32 | 09
#1274-d217 @A: 02 32 18 34 | 08
#1275-d217 @A: 32 25 19 23 | 06
#1276-d217 @A: 32 06 17 22 | 02
#1277-d217 @A: 10 32 11 22 | 10
#1278-d217 @A: 16 30 21 32 | 01
#1279-d217 @A: 32 17 10 16 | 11
#1280-d217 @A: 14 24 02 32 | 12
#1281-d217 @A: 08 23 15 32 | 03
#1282-d217 @A: 11 32 20 33 | 04
#1283-d217 @A: 06 20 10 32 | 05
#1284-d217 @A: 26 06 32 18 | 07
#1285-d217 @A: 24 29 18 32 | 09
#1286-d217 @A: 01 31 25 09 | 08
#1287-d217 @A: 01 34 09 07 | 06
#1288-d217 @A: 19 01 09 29 | 02
#1289-d217 @A: 13 27 01 24 | 10
#1290-d217 @A: 27 01 15 33 | 01
#1291-d217 @A: 14 31 13 01 | 11
#1292-d217 @A: 33 01 03 34 | 12
#1293-d217 @A: 19 21 01 25 | 03
#1294-d217 @A: 11 02 19 01 | 04
#1295-d217 @A: 13 17 08 01 | 05
#1296-d217 @A: 12 01 18 17 | 07
#1297-d217 @A: 01 26 14 21 | 09
#1298-d217 @A: 20 01 24 08 | 08
#1299-d217 @A: 05 01 07 06 | 06
#1300-d217 @A: 01 07 02 24 | 02
#1301-d217 @A: 24 18 03 01 | 10
#1302-d217 @A: 19 04 09 18 | 01
#1303-d217 @A: 09 27 26 34 | 11
#1304-d217 @A: 34 09 15 06 | 12
#1305-d217 @A: 12 09 22 20 | 03
#1306-d217 @A: 09 03 22 23 | 04
#1307-d217 @A: 09 12 06 35 | 05
#1308-d217 @A: 35 33 21 09 | 07
#1309-d217 @A: 16 09 23 25 | 09
#1310-d217 @A: 15 11 09 10 | 08
#1311-d217 @A: 10 02 03 09 | 06
#1312-d217 @A: 05 33 20 09 | 02
#1313-d217 @A: 07 09 24 06 | 10
#1314-d217 @A: 09 29 07 18 | 01
#1315-d217 @A: 34 02 27 04 | 11
#1316-d217 @A: 22 03 04 27 | 12
#1317-d217 @A: 06 27 18 04 | 03
#1318-d217 @A: 19 22 04 34 | 04
#1319-d217 @A: 25 04 28 22 | 05
#1320-d217 @A: 23 18 13 04 | 07
#1321-d217 @A: 11 33 15 04 | 09
#1322-d217 @A: 35 04 26 20 | 08
#1323-d217 @A: 08 30 04 07 | 06
#1324-d217 @A: 04 16 05 18 | 02
#1325-d217 @A: 07 34 27 12 | 10
#1326-d217 @A: 27 21 34 35 | 01
#1327-d217 @A: 34 27 05 11 | 11
#1328-d217 @A: 28 18 19 27 | 12
#1329-d217 @A: 27 22 10 26 | 03
#1330-d217 @A: 27 13 20 30 | 04
#1331-d217 @A: 27 16 21 10 | 05
#1332-d217 @A: 08 27 35 06 | 07
#1333-d217 @A: 30 16 27 06 | 09
#1334-d217 @A: 27 33 24 02 | 08
#1335-d217 @A: 18 29 27 33 | 06
#1336-d217 @A: 30 07 27 24 | 02
#1337-d217 @A: 22 19 31 02 | 10
#1338-d217 @A: 35 19 10 31 | 01
#1339-d217 @A: 22 28 08 31 | 11
#1340-d217 @A: 31 13 15 06 | 12
#1341-d217 @A: 06 03 12 31 | 03
#1342-d217 @A: 31 23 17 05 | 04
#1343-d217 @A: 31 20 06 30 | 05
#1344-d217 @A: 31 25 05 07 | 07
#1345-d217 @A: 19 02 34 10 | 09
#1346-d217 @A: 34 17 24 13 | 08
#1347-d217 @A: 33 34 18 21 | 06
#1348-d217 @A: 24 34 33 20 | 02
#1349-d217 @A: 25 29 34 07 | 10
#1350-d217 @A: 16 34 30 18 | 01
#1351-d217 @A: 25 13 19 22 | 11
#1352-d217 @A: 06 13 11 19 | 12
#1353-d217 @A: 17 15 11 19 | 03
#1354-d217 @A: 24 33 19 07 | 04
#1355-d217 @A: 16 19 07 03 | 05
#1356-d217 @A: 21 22 12 08 | 07
#1357-d217 @A: 05 22 11 21 | 09
#1358-d217 @A: 24 21 29 22 | 08
#1359-d217 @A: 15 30 22 17 | 06
#1360-d217 @A: 11 22 03 28 | 02
#1361-d217 @A: 22 24 23 18 | 10
#1362-d217 @A: 22 02 16 20 | 01
#1363-d217 @A: 20 22 35 03 | 11
#1364-d217 @A: 22 25 07 35 | 12
#1365-d217 @A: 16 26 22 18 | 03
#1366-d217 @A: 33 13 21 12 | 04
#1367-d217 @A: 21 13 14 29 | 05
#1368-d217 @A: 13 30 14 06 | 07
#1369-d217 @A: 03 18 10 13 | 09
#1370-d217 @A: 13 33 20 03 | 08
#1371-d217 @A: 18 13 02 35 | 06
#1372-d217 @A: 13 02 08 26 | 02
#1373-d217 @A: 35 08 24 13 | 10
#1374-d217 @A: 05 13 24 30 | 01
#1375-d217 @A: 18 13 16 07 | 11
#1376-d217 @A: 07 03 15 13 | 12
#1377-d217 @A: 21 16 14 12 | 03
#1378-d217 @A: 12 20 21 03 | 04
#1379-d217 @A: 17 12 16 28 | 05
#1380-d217 @A: 11 14 12 07 | 07
#1381-d217 @A: 10 26 33 12 | 09
#1382-d217 @A: 18 08 12 29 | 08
#1383-d217 @A: 24 21 14 07 | 06
#1384-d217 @A: 25 11 08 21 | 02
#1385-d217 @A: 14 28 26 06 | 10
#1386-d217 @A: 28 06 30 02 | 01
#1387-d217 @A: 24 28 05 06 | 11
#1388-d217 @A: 28 33 30 05 | 12
#1389-d217 @A: 16 24 28 26 | 03
#1390-d217 @A: 02 29 35 14 | 04
#1391-d217 @A: 26 15 14 30 | 05
#1392-d217 @A: 20 23 05 02 | 07
#1393-d217 @A: 23 24 15 05 | 09
#1394-d217 @A: 07 18 33 23 | 08
#1395-d217 @A: 06 05 25 11 | 06
#1396-d217 @A: 35 08 20 10 | 02
#1397-d217 @A: 07 10 24 29 | 10
#1398-d217 @A: 33 05 24 10 | 01
#1399-d217 @A: 10 03 08 05 | 11
#1400-d217 @A: 07 08 35 15 | 12
#1401-d217 @A: 32 02 26 01 | 03
#1402-d217 @A: 32 16 09 15 | 04
#1403-d217 @A: 04 28 32 20 | 05
#1404-d217 @A: 32 27 16 19 | 07
#1405-d217 @A: 27 32 18 30 | 09
#1406-d217 @A: 34 35 32 16 | 08
#1407-d217 @A: 19 08 22 32 | 06
#1408-d217 @A: 19 35 32 17 | 02
#1409-d217 @A: 19 26 11 32 | 10
#1410-d217 @A: 32 05 19 30 | 01
#1411-d217 @A: 22 32 20 25 | 11
#1412-d217 @A: 13 32 18 21 | 12
#1413-d217 @A: 13 08 32 29 | 03
#1414-d217 @A: 28 25 32 12 | 04
#1415-d217 @A: 18 23 11 32 | 05
#1416-d217 @A: 23 32 16 24 | 07
#1417-d217 @A: 24 32 06 08 | 09
#1418-d217 @A: 32 30 02 35 | 08
#1419-d217 @A: 01 14 09 24 | 06
#1420-d217 @A: 04 30 15 01 | 02
#1421-d217 @A: 03 01 27 14 | 10
#1422-d217 @A: 03 28 01 19 | 01
#1423-d217 @A: 01 22 08 11 | 11
#1424-d217 @A: 23 33 01 21 | 12
#1425-d217 @A: 21 01 07 16 | 03
#1426-d217 @A: 28 01 06 17 | 04
#1427-d217 @A: 28 01 29 10 | 05
#1428-d217 @A: 28 15 29 01 | 07
#1429-d217 @A: 18 26 01 28 | 09
#1430-d217 @A: 33 14 01 11 | 08
#1431-d217 @A: 25 23 01 15 | 06
#1432-d217 @A: 06 20 11 01 | 02
#1433-d217 @A: 25 24 05 01 | 10
#1434-d217 @A: 09 16 12 04 | 01
#1435-d217 @A: 21 09 27 08 | 11
#1436-d217 @A: 09 10 27 29 | 12
#1437-d217 @A: 31 16 09 11 | 03
#1438-d217 @A: 23 21 19 09 | 04
#1439-d217 @A: 28 22 09 07 | 05
#1440-d217 @A: 15 22 14 09 | 07
#1441-d217 @A: 13 08 09 07 | 09
#1442-d217 @A: 06 21 14 09 | 08
#1443-d217 @A: 09 33 25 17 | 06
#1444-d217 @A: 09 02 30 24 | 02
#1445-d217 @A: 03 09 24 25 | 10
#1446-d217 @A: 05 26 18 09 | 01
#1447-d217 @A: 08 03 26 09 | 11
#1448-d217 @A: 19 04 13 27 | 12
#1449-d217 @A: 05 08 04 27 | 03
#1450-d217 @A: 15 19 04 12 | 04
#1451-d217 @A: 04 19 33 06 | 05
#1452-d217 @A: 22 35 04 14 | 07
#1453-d217 @A: 28 30 04 23 | 09
#1454-d217 @A: 08 04 14 23 | 08
#1455-d217 @A: 07 04 18 02 | 06
#1456-d217 @A: 25 16 30 04 | 02
#1457-d217 @A: 18 04 26 08 | 10
#1458-d217 @A: 33 03 04 25 | 01
#1459-d217 @A: 28 13 05 27 | 11
#1460-d217 @A: 27 10 35 15 | 12
#1461-d217 @A: 02 27 20 07 | 03
#1462-d217 @A: 03 18 02 27 | 04
#1463-d217 @A: 27 03 30 33 | 05
#1464-d217 @A: 07 27 18 05 | 07
#1465-d217 @A: 31 15 34 22 | 09
#1466-d217 @A: 34 13 31 05 | 08
#1467-d217 @A: 28 19 31 30 | 06
#1468-d217 @A: 11 07 31 22 | 02
#1469-d217 @A: 06 22 16 31 | 10
#1470-d217 @A: 15 31 22 16 | 01
#1471-d217 @A: 12 10 24 31 | 11
#1472-d217 @A: 21 35 16 31 | 12
#1473-d217 @A: 14 07 31 06 | 03
#1474-d217 @A: 31 15 14 18 | 04
#1475-d217 @A: 31 23 10 11 | 05
#1476-d217 @A: 31 23 30 33 | 07
#1477-d217 @A: 02 25 31 18 | 09
#1478-d217 @A: 05 31 35 08 | 08
#1479-d217 @A: 08 18 03 31 | 06
#1480-d217 @A: 34 22 13 08 | 02
#1481-d217 @A: 35 12 34 17 | 10
#1482-d217 @A: 29 05 34 12 | 01
#1483-d217 @A: 28 34 20 17 | 11
#1484-d217 @A: 08 10 34 17 | 12
#1485-d217 @A: 34 05 25 23 | 03
#1486-d217 @A: 12 30 19 22 | 04
#1487-d217 @A: 19 02 12 13 | 05
#1488-d217 @A: 19 30 13 21 | 07
#1489-d217 @A: 19 12 11 05 | 09
#1490-d217 @A: 12 10 19 06 | 08
#1491-d217 @A: 03 19 23 14 | 06
#1492-d217 @A: 19 18 10 16 | 02
#1493-d217 @A: 19 18 26 24 | 10
#1494-d217 @A: 05 03 25 19 | 01
#1495-d217 @A: 22 15 12 08 | 11
#1496-d217 @A: 05 22 28 23 | 12
#1497-d217 @A: 05 02 22 08 | 03
#1498-d217 @A: 33 29 22 03 | 04
#1499-d217 @A: 25 33 22 15 | 05
#1500-d217 @A: 05 06 13 12 | 07
#1501-d217 @A: 14 13 21 15 | 09
#1502-d217 @A: 17 18 13 11 | 08
#1503-d217 @A: 33 06 28 13 | 06
#1504-d217 @A: 23 07 24 13 | 02
#1505-d217 @A: 13 25 35 15 | 10
#1506-d217 @A: 35 30 21 12 | 01
#1507-d217 @A: 28 10 20 12 | 11
#1508-d217 @A: 23 18 06 12 | 12
#1509-d217 @A: 06 15 12 03 | 03
#1510-d217 @A: 12 35 24 18 | 04
#1511-d217 @A: 26 03 35 12 | 05
#1512-d217 @A: 21 05 35 23 | 07
#1513-d217 @A: 20 21 06 24 | 09
#1514-d217 @A: 16 02 24 21 | 08
#1515-d217 @A: 08 21 30 24 | 06
#1516-d217 @A: 25 21 24 18 | 02
#1517-d217 @A: 08 21 05 07 | 10
#1518-d217 @A: 02 23 17 28 | 01
#1519-d217 @A: 14 10 17 18 | 11
#1520-d217 @A: 17 02 20 14 | 12
#1521-d217 @A: 06 18 08 17 | 03
#1522-d217 @A: 02 08 33 17 | 04
#1523-d217 @A: 16 17 29 07 | 05
#1524-d217 @A: 14 20 28 23 | 07
#1525-d217 @A: 03 29 28 02 | 09
#1526-d217 @A: 07 16 28 02 | 08
#1527-d217 @A: 29 05 28 35 | 06
#1528-d217 @A: 30 08 28 35 | 02
#1529-d217 @A: 25 28 30 07 | 10
#1530-d217 @A: 26 05 28 08 | 01
#1531-d217 @A: 11 23 02 14 | 11
#1532-d217 @A: 14 20 06 29 | 12
#1533-d217 @A: 14 15 07 20 | 03
#1534-d217 @A: 29 23 07 20 | 04
#1535-d217 @A: 23 29 25 26 | 05
#1536-d217 @A: 11 20 29 24 | 07
#1537-d217 @A: 08 16 11 20 | 09
#1538-d217 @A: 35 16 25 11 | 08
#1539-d217 @A: 24 25 07 11 | 06
#1540-d217 @A: 08 10 30 29 | 02
#1541-d217 @A: 29 33 10 25 | 10
#1542-d217 @A: 07 10 03 30 | 01
#1543-d217 @A: 26 05 06 15 | 11
#1544-d217 @A: 15 03 30 18 | 12
#1545-d217 @A: 09 33 01 32 | 03
#1546-d217 @A: 29 31 32 09 | 04
#1547-d217 @A: 32 30 09 23 | 05
#1548-d217 @A: 16 32 26 09 | 07
#1549-d217 @A: 32 10 30 04 | 09
#1550-d217 @A: 25 32 04 15 | 08
#1551-d217 @A: 27 32 24 31 | 06
#1552-d217 @A: 27 17 15 32 | 02
#1553-d217 @A: 32 31 07 26 | 10
#1554-d217 @A: 32 34 08 21 | 01
#1555-d217 @A: 34 32 30 28 | 11
#1556-d217 @A: 32 18 22 35 | 12
#1557-d217 @A: 12 32 23 33 | 03
#1558-d217 @A: 18 20 03 32 | 04
#1559-d217 @A: 09 27 06 01 | 05
#1560-d217 @A: 01 19 04 23 | 07
#1561-d217 @A: 01 25 04 18 | 09
#1562-d217 @A: 34 27 30 01 | 08
#1563-d217 @A: 33 27 17 01 | 06
#1564-d217 @A: 25 27 01 10 | 02
#1565-d217 @A: 19 31 01 33 | 10
#1566-d217 @A: 34 08 19 01 | 01
#1567-d217 @A: 01 34 22 21 | 11
#1568-d217 @A: 05 01 28 34 | 12
#1569-d217 @A: 01 08 34 15 | 03
#1570-d217 @A: 01 06 22 12 | 04
#1571-d217 @A: 13 01 30 11 | 05
#1572-d217 @A: 07 01 30 12 | 07
#1573-d217 @A: 18 17 01 15 | 09
#1574-d217 @A: 01 14 30 23 | 08
#1575-d217 @A: 16 14 01 15 | 06
#1576-d217 @A: 03 01 06 35 | 02
#1577-d217 @A: 33 18 02 01 | 10
#1578-d217 @A: 29 24 35 01 | 01
#1579-d217 @A: 16 30 35 01 | 11
#1580-d217 @A: 01 33 24 16 | 12
#1581-d217 @A: 04 27 09 28 | 03
#1582-d217 @A: 09 02 29 04 | 04
#1583-d217 @A: 24 33 04 09 | 05
#1584-d217 @A: 07 31 09 27 | 07
#1585-d217 @A: 15 31 09 19 | 09
#1586-d217 @A: 06 34 09 22 | 08
#1587-d217 @A: 34 12 30 09 | 06
#1588-d217 @A: 09 03 17 34 | 02
#1589-d217 @A: 26 22 21 09 | 10
#1590-d217 @A: 22 25 14 09 | 01
#1591-d217 @A: 35 09 22 11 | 11
#1592-d217 @A: 09 11 13 20 | 12
#1593-d217 @A: 13 26 10 09 | 03
#1594-d217 @A: 23 14 26 09 | 04
#1595-d217 @A: 15 07 23 09 | 05
#1596-d217 @A: 06 09 02 08 | 07
#1597-d217 @A: 05 09 24 35 | 09
#1598-d217 @A: 08 25 09 05 | 08
#1599-d217 @A: 05 07 16 09 | 06
#1600-d217 @A: 04 29 14 27 | 02
#1601-d217 @A: 07 19 04 31 | 10
#1602-d217 @A: 04 12 31 25 | 01
#1603-d217 @A: 04 03 08 34 | 11
#1604-d217 @A: 04 19 30 20 | 12
#1605-d217 @A: 04 20 13 22 | 03
#1606-d217 @A: 04 23 12 29 | 04
#1607-d217 @A: 14 10 06 04 | 05
#1608-d217 @A: 25 04 20 29 | 07
#1609-d217 @A: 24 04 02 26 | 09
#1610-d217 @A: 35 08 25 04 | 08
#1611-d217 @A: 04 05 18 15 | 06
#1612-d217 @A: 27 29 31 12 | 02
#1613-d217 @A: 31 27 15 21 | 10
#1614-d217 @A: 27 26 31 18 | 01
#1615-d217 @A: 27 17 29 34 | 11
#1616-d217 @A: 27 10 20 34 | 12
#1617-d217 @A: 03 19 10 27 | 03
#1618-d217 @A: 08 13 12 27 | 04
#1619-d217 @A: 12 27 28 03 | 05
#1620-d217 @A: 25 24 27 28 | 07
#1621-d217 @A: 11 14 27 26 | 09
#1622-d217 @A: 27 14 30 08 | 08
#1623-d217 @A: 11 15 18 27 | 06
#1624-d217 @A: 24 27 06 29 | 02
#1625-d217 @A: 27 35 02 05 | 10
#1626-d217 @A: 03 24 08 27 | 01
#1627-d217 @A: 10 31 13 07 | 11
#1628-d217 @A: 31 02 21 07 | 12
#1629-d217 @A: 17 31 28 35 | 03
#1630-d217 @A: 14 35 20 31 | 04
#1631-d217 @A: 20 31 02 24 | 05
#1632-d217 @A: 35 25 06 31 | 07
#1633-d217 @A: 18 31 07 30 | 09
#1634-d217 @A: 33 07 16 31 | 08
#1635-d217 @A: 16 19 34 13 | 06
#1636-d217 @A: 07 13 34 28 | 02
#1637-d217 @A: 10 13 34 29 | 10
#1638-d217 @A: 21 34 26 11 | 01
#1639-d217 @A: 34 14 10 25 | 11
#1640-d217 @A: 06 02 34 07 | 12
#1641-d217 @A: 34 02 08 30 | 03
#1642-d217 @A: 29 30 34 15 | 04
#1643-d217 @A: 33 26 08 34 | 05
#1644-d217 @A: 08 19 15 13 | 07
#1645-d217 @A: 19 17 10 11 | 09
#1646-d217 @A: 11 18 03 19 | 08
#1647-d217 @A: 19 10 05 15 | 06
#1648-d217 @A: 15 16 24 19 | 02
#1649-d217 @A: 25 18 19 08 | 10
#1650-d217 @A: 13 26 15 22 | 01
#1651-d217 @A: 33 16 22 17 | 11
#1652-d217 @A: 35 29 08 22 | 12
#1653-d217 @A: 26 30 35 22 | 03
#1654-d217 @A: 16 12 13 11 | 04
#1655-d217 @A: 17 25 21 13 | 05
#1656-d217 @A: 25 02 13 24 | 07
#1657-d217 @A: 18 25 13 29 | 09
#1658-d217 @A: 13 03 05 07 | 08
#1659-d217 @A: 12 11 02 21 | 06
#1660-d217 @A: 07 12 10 21 | 02
#1661-d217 @A: 17 14 12 24 | 10
#1662-d217 @A: 18 02 12 20 | 01
#1663-d217 @A: 33 12 30 20 | 11
#1664-d217 @A: 12 08 25 06 | 12
#1665-d217 @A: 05 12 16 24 | 03
#1666-d217 @A: 33 03 18 12 | 04
#1667-d217 @A: 26 12 07 18 | 05
#1668-d217 @A: 24 17 21 03 | 07
#1669-d217 @A: 21 06 25 26 | 09
#1670-d217 @A: 21 02 03 26 | 08
#1671-d217 @A: 21 29 16 33 | 06
#1672-d217 @A: 21 35 07 26 | 02
#1673-d217 @A: 26 24 21 33 | 10
#1674-d217 @A: 28 11 26 17 | 01
#1675-d217 @A: 17 29 18 02 | 11
#1676-d217 @A: 28 16 05 14 | 12
#1677-d217 @A: 07 06 28 29 | 03
#1678-d217 @A: 25 08 02 28 | 04
#1679-d217 @A: 07 33 26 28 | 05
#1680-d217 @A: 03 14 33 06 | 07
#1681-d217 @A: 06 23 20 25 | 09
#1682-d217 @A: 08 03 23 20 | 08
#1683-d217 @A: 30 29 18 11 | 06
#1684-d217 @A: 11 05 24 18 | 02
#1685-d217 @A: 07 16 26 11 | 10
#1686-d217 @A: 15 26 20 10 | 01
#1687-d217 @A: 30 10 05 35 | 11
#1688-d217 @A: 35 20 16 15 | 12
#1689-d217 @A: 15 06 16 08 | 03
