#0001-d222 @A: 28 17 34 02 | 09
#0002-d222 @A: 23 32 17 01 | 03
#0003-d222 @A: 15 06 17 25 | 06
#0004-d222 @A: 06 17 10 11 | 12
#0005-d222 @A: 31 33 18 17 | 11
#0006-d222 @A: 27 17 05 19 | 08
#0007-d222 @A: 29 19 17 23 | 01
#0008-d222 @A: 21 20 17 07 | 10
#0009-d222 @A: 07 16 10 17 | 05
#0010-d222 @A: 35 17 32 21 | 04
#0011-d222 @A: 35 17 16 20 | 02
#0012-d222 @A: 10 20 23 17 | 07
#0013-d222 @A: 11 17 18 15 | 09
#0014-d222 @A: 22 27 30 17 | 03
#0015-d222 @A: 25 17 16 02 | 06
#0016-d222 @A: 29 34 23 17 | 12
#0017-d222 @A: 31 25 17 23 | 11
#0018-d222 @A: 17 26 03 11 | 08
#0019-d222 @A: 28 01 02 06 | 01
#0020-d222 @A: 05 11 01 28 | 10
#0021-d222 @A: 35 33 10 28 | 05
#0022-d222 @A: 05 25 14 28 | 04
#0023-d222 @A: 16 14 03 28 | 02
#0024-d222 @A: 05 28 09 30 | 07
#0025-d222 @A: 32 28 15 05 | 09
#0026-d222 @A: 28 24 34 08 | 03
#0027-d222 @A: 21 10 24 28 | 06
#0028-d222 @A: 26 28 34 20 | 12
#0029-d222 @A: 28 23 16 15 | 11
#0030-d222 @A: 22 21 28 27 | 08
#0031-d222 @A: 11 28 26 02 | 01
#0032-d222 @A: 29 25 13 28 | 10
#0033-d222 @A: 26 28 25 10 | 05
#0034-d222 @A: 03 10 28 30 | 04
#0035-d222 @A: 01 25 12 15 | 02
#0036-d222 @A: 23 01 09 19 | 07
#0037-d222 @A: 19 25 01 04 | 09
#0038-d222 @A: 01 10 18 07 | 03
#0039-d222 @A: 01 32 14 21 | 06
#0040-d222 @A: 01 15 08 24 | 12
#0041-d222 @A: 01 32 35 26 | 11
#0042-d222 @A: 18 01 11 35 | 08
#0043-d222 @A: 35 04 01 10 | 01
#0044-d222 @A: 30 01 10 09 | 10
#0045-d222 @A: 21 10 20 01 | 05
#0046-d222 @A: 34 01 21 15 | 04
#0047-d222 @A: 08 03 01 27 | 02
#0048-d222 @A: 29 03 10 01 | 07
#0049-d222 @A: 31 01 23 13 | 09
#0050-d222 @A: 16 31 30 01 | 03
#0051-d222 @A: 12 24 31 33 | 06
#0052-d222 @A: 04 12 30 33 | 12
#0053-d222 @A: 07 12 02 03 | 11
#0054-d222 @A: 13 07 31 12 | 08
#0055-d222 @A: 12 32 14 31 | 01
#0056-d222 @A: 04 12 14 11 | 10
#0057-d222 @A: 12 05 24 13 | 05
#0058-d222 @A: 12 05 09 23 | 04
#0059-d222 @A: 12 18 35 13 | 02
#0060-d222 @A: 12 35 34 29 | 07
#0061-d222 @A: 12 29 26 18 | 09
#0062-d222 @A: 08 02 12 31 | 03
#0063-d222 @A: 12 29 30 02 | 06
#0064-d222 @A: 11 08 21 12 | 12
#0065-d222 @A: 13 12 10 29 | 11
#0066-d222 @A: 03 29 27 12 | 08
#0067-d222 @A: 29 12 21 16 | 01
#0068-d222 @A: 30 12 11 27 | 10
#0069-d222 @A: 14 06 25 33 | 05
#0070-d222 @A: 05 08 33 06 | 04
#0071-d222 @A: 02 06 18 33 | 02
#0072-d222 @A: 35 06 07 02 | 07
#0073-d222 @A: 23 04 07 06 | 09
#0074-d222 @A: 09 24 06 16 | 03
#0075-d222 @A: 06 35 03 18 | 06
#0076-d222 @A: 34 25 04 06 | 12
#0077-d222 @A: 06 02 21 03 | 11
#0078-d222 @A: 31 29 06 30 | 08
#0079-d222 @A: 26 33 07 15 | 01
#0080-d222 @A: 27 16 33 14 | 10
#0081-d222 @A: 05 33 27 18 | 05
#0082-d222 @A: 33 35 26 25 | 04
#0083-d222 @A: 04 02 33 09 | 02
#0084-d222 @A: 29 33 09 27 | 07
#0085-d222 @A: 33 29 30 13 | 09
#0086-d222 @A: 07 26 19 05 | 03
#0087-d222 @A: 14 20 22 19 | 06
#0088-d222 @A: 21 15 09 19 | 12
#0089-d222 @A: 04 19 09 30 | 11
#0090-d222 @A: 31 04 19 20 | 08
#0091-d222 @A: 19 13 11 21 | 01
#0092-d222 @A: 07 18 16 24 | 10
#0093-d222 @A: 09 07 18 34 | 05
#0094-d222 @A: 07 29 32 31 | 04
#0095-d222 @A: 16 07 32 34 | 02
#0096-d222 @A: 18 13 20 07 | 07
#0097-d222 @A: 07 23 25 08 | 09
#0098-d222 @A: 11 07 10 03 | 03
#0099-d222 @A: 14 05 21 03 | 06
#0100-d222 @A: 35 14 32 02 | 12
#0101-d222 @A: 34 15 14 35 | 11
#0102-d222 @A: 15 14 04 10 | 08
#0103-d222 @A: 22 14 08 26 | 01
#0104-d222 @A: 22 14 23 25 | 10
#0105-d222 @A: 20 30 04 05 | 05
#0106-d222 @A: 05 15 21 13 | 04
#0107-d222 @A: 13 05 22 34 | 02
#0108-d222 @A: 25 05 27 02 | 07
#0109-d222 @A: 29 05 23 26 | 09
#0110-d222 @A: 24 11 29 30 | 03
#0111-d222 @A: 24 21 25 30 | 06
#0112-d222 @A: 21 23 13 24 | 12
#0113-d222 @A: 09 32 35 30 | 11
#0114-d222 @A: 09 18 35 29 | 08
#0115-d222 @A: 25 15 16 35 | 01
#0116-d222 @A: 26 27 22 35 | 10
#0117-d222 @A: 35 34 03 22 | 05
#0118-d222 @A: 29 26 03 35 | 04
#0119-d222 @A: 22 09 20 08 | 02
#0120-d222 @A: 31 09 16 10 | 07
#0121-d222 @A: 09 21 10 03 | 09
#0122-d222 @A: 11 09 23 26 | 03
#0123-d222 @A: 32 20 30 13 | 06
#0124-d222 @A: 32 20 34 13 | 12
#0125-d222 @A: 10 32 26 22 | 11
#0126-d222 @A: 30 32 02 26 | 08
#0127-d222 @A: 20 13 15 04 | 01
#0128-d222 @A: 21 20 30 22 | 10
#0129-d222 @A: 11 16 29 20 | 05
#0130-d222 @A: 25 20 21 26 | 04
#0131-d222 @A: 15 27 03 18 | 02
#0132-d222 @A: 02 31 15 22 | 07
#0133-d222 @A: 18 26 10 08 | 09
#0134-d222 @A: 11 18 03 31 | 03
#0135-d222 @A: 11 30 34 04 | 06
#0136-d222 @A: 03 23 26 04 | 12
#0137-d222 @A: 28 03 17 01 | 11
#0138-d222 @A: 28 17 06 16 | 08
#0139-d222 @A: 30 28 17 20 | 01
#0140-d222 @A: 16 14 17 01 | 10
#0141-d222 @A: 17 01 05 25 | 05
#0142-d222 @A: 09 17 24 01 | 04
#0143-d222 @A: 11 30 01 17 | 02
#0144-d222 @A: 17 26 34 01 | 07
#0145-d222 @A: 12 17 32 22 | 09
#0146-d222 @A: 33 09 11 17 | 03
#0147-d222 @A: 27 17 33 21 | 06
#0148-d222 @A: 13 14 17 19 | 12
#0149-d222 @A: 34 19 35 17 | 11
#0150-d222 @A: 03 17 35 07 | 08
#0151-d222 @A: 17 02 09 14 | 01
#0152-d222 @A: 17 14 04 18 | 10
#0153-d222 @A: 08 17 09 05 | 05
#0154-d222 @A: 15 17 09 29 | 04
#0155-d222 @A: 17 10 25 08 | 02
#0156-d222 @A: 10 17 27 03 | 07
#0157-d222 @A: 28 19 21 01 | 09
#0158-d222 @A: 01 15 30 28 | 03
#0159-d222 @A: 23 28 34 01 | 06
#0160-d222 @A: 34 06 28 03 | 12
#0161-d222 @A: 24 27 28 33 | 11
#0162-d222 @A: 29 28 33 21 | 08
#0163-d222 @A: 22 28 19 34 | 01
#0164-d222 @A: 28 19 25 31 | 10
#0165-d222 @A: 26 24 28 07 | 05
#0166-d222 @A: 28 07 18 08 | 04
#0167-d222 @A: 14 02 28 24 | 02
#0168-d222 @A: 20 14 28 11 | 07
#0169-d222 @A: 28 16 05 34 | 09
#0170-d222 @A: 04 02 28 13 | 03
#0171-d222 @A: 27 25 28 34 | 06
#0172-d222 @A: 28 21 31 23 | 12
#0173-d222 @A: 27 31 28 30 | 11
#0174-d222 @A: 13 03 12 01 | 08
#0175-d222 @A: 14 01 10 06 | 01
#0176-d222 @A: 10 24 01 19 | 10
#0177-d222 @A: 02 34 01 19 | 05
#0178-d222 @A: 04 01 31 07 | 04
#0179-d222 @A: 22 01 13 07 | 02
#0180-d222 @A: 27 01 35 14 | 07
#0181-d222 @A: 08 05 32 01 | 09
#0182-d222 @A: 01 35 13 24 | 03
#0183-d222 @A: 08 04 23 01 | 06
#0184-d222 @A: 31 22 01 08 | 12
#0185-d222 @A: 06 12 04 13 | 11
#0186-d222 @A: 12 18 19 22 | 08
#0187-d222 @A: 16 12 14 13 | 01
#0188-d222 @A: 22 35 12 15 | 10
#0189-d222 @A: 13 09 30 12 | 05
#0190-d222 @A: 12 08 34 04 | 04
#0191-d222 @A: 22 31 12 29 | 02
#0192-d222 @A: 23 08 16 12 | 07
#0193-d222 @A: 25 03 12 16 | 09
#0194-d222 @A: 12 10 30 21 | 03
#0195-d222 @A: 12 34 13 30 | 06
#0196-d222 @A: 12 16 11 26 | 12
#0197-d222 @A: 35 20 06 33 | 11
#0198-d222 @A: 19 21 24 06 | 08
#0199-d222 @A: 24 07 27 06 | 01
#0200-d222 @A: 15 29 06 05 | 10
#0201-d222 @A: 25 06 05 23 | 05
#0202-d222 @A: 31 03 05 06 | 04
#0203-d222 @A: 06 27 24 34 | 02
#0204-d222 @A: 06 16 35 13 | 07
#0205-d222 @A: 32 18 22 06 | 09
#0206-d222 @A: 25 06 18 29 | 03
#0207-d222 @A: 02 06 16 22 | 06
#0208-d222 @A: 06 08 22 21 | 12
#0209-d222 @A: 22 06 11 30 | 11
#0210-d222 @A: 06 21 23 29 | 08
#0211-d222 @A: 34 21 23 06 | 01
#0212-d222 @A: 19 02 07 33 | 10
#0213-d222 @A: 07 08 33 14 | 05
#0214-d222 @A: 30 33 07 05 | 04
#0215-d222 @A: 07 13 09 33 | 02
#0216-d222 @A: 33 04 07 25 | 07
#0217-d222 @A: 25 24 33 05 | 09
#0218-d222 @A: 18 33 24 03 | 03
#0219-d222 @A: 26 33 22 24 | 06
#0220-d222 @A: 26 30 09 33 | 12
#0221-d222 @A: 15 21 33 32 | 11
#0222-d222 @A: 18 30 20 33 | 08
#0223-d222 @A: 30 22 33 31 | 01
#0224-d222 @A: 22 33 31 34 | 10
#0225-d222 @A: 29 33 31 26 | 05
#0226-d222 @A: 27 34 07 19 | 04
#0227-d222 @A: 35 19 08 22 | 02
#0228-d222 @A: 19 32 34 03 | 07
#0229-d222 @A: 20 18 23 19 | 09
#0230-d222 @A: 04 15 19 27 | 03
#0231-d222 @A: 19 15 16 31 | 06
#0232-d222 @A: 19 02 18 13 | 12
#0233-d222 @A: 03 19 22 13 | 11
#0234-d222 @A: 25 19 23 13 | 08
#0235-d222 @A: 14 27 07 20 | 01
#0236-d222 @A: 07 09 31 02 | 10
#0237-d222 @A: 05 34 14 27 | 05
#0238-d222 @A: 29 13 14 35 | 04
#0239-d222 @A: 32 14 18 23 | 02
#0240-d222 @A: 31 29 14 08 | 07
#0241-d222 @A: 30 11 14 03 | 09
#0242-d222 @A: 15 05 35 02 | 03
#0243-d222 @A: 30 25 13 05 | 06
#0244-d222 @A: 05 31 10 23 | 12
#0245-d222 @A: 21 11 05 26 | 11
#0246-d222 @A: 35 32 24 16 | 08
#0247-d222 @A: 20 35 24 26 | 01
#0248-d222 @A: 15 13 32 24 | 10
#0249-d222 @A: 30 18 24 27 | 05
#0250-d222 @A: 22 16 24 30 | 04
#0251-d222 @A: 24 08 30 23 | 02
#0252-d222 @A: 24 11 13 25 | 07
#0253-d222 @A: 24 26 13 16 | 09
#0254-d222 @A: 22 29 35 32 | 03
#0255-d222 @A: 35 30 22 03 | 06
#0256-d222 @A: 10 13 35 30 | 12
#0257-d222 @A: 32 03 23 09 | 11
#0258-d222 @A: 16 09 20 18 | 08
#0259-d222 @A: 25 02 03 09 | 01
#0260-d222 @A: 16 20 26 32 | 10
#0261-d222 @A: 22 13 21 32 | 05
#0262-d222 @A: 21 26 32 08 | 04
#0263-d222 @A: 25 32 11 21 | 02
#0264-d222 @A: 23 32 26 25 | 07
#0265-d222 @A: 20 08 23 26 | 09
#0266-d222 @A: 15 23 34 27 | 03
#0267-d222 @A: 22 27 11 18 | 06
#0268-d222 @A: 11 18 08 02 | 12
#0269-d222 @A: 27 18 31 08 | 11
#0270-d222 @A: 34 18 21 26 | 08
#0271-d222 @A: 04 31 21 08 | 01
#0272-d222 @A: 04 25 16 10 | 10
#0273-d222 @A: 21 03 30 04 | 05
#0274-d222 @A: 22 23 26 34 | 04
#0275-d222 @A: 21 13 34 02 | 02
#0276-d222 @A: 27 16 02 34 | 07
#0277-d222 @A: 28 17 13 12 | 09
#0278-d222 @A: 17 27 06 12 | 03
#0279-d222 @A: 05 03 12 17 | 06
#0280-d222 @A: 17 04 10 12 | 12
#0281-d222 @A: 06 17 02 24 | 11
#0282-d222 @A: 17 09 19 03 | 08
#0283-d222 @A: 14 35 17 15 | 01
#0284-d222 @A: 29 14 20 17 | 10
#0285-d222 @A: 25 17 14 11 | 05
#0286-d222 @A: 24 17 20 05 | 04
#0287-d222 @A: 05 35 11 17 | 02
#0288-d222 @A: 04 13 05 17 | 07
#0289-d222 @A: 24 23 26 17 | 09
#0290-d222 @A: 10 18 09 17 | 03
#0291-d222 @A: 11 29 17 13 | 06
#0292-d222 @A: 28 01 04 26 | 12
#0293-d222 @A: 12 29 28 14 | 11
#0294-d222 @A: 28 33 05 20 | 08
#0295-d222 @A: 28 33 32 22 | 01
#0296-d222 @A: 02 28 33 15 | 10
#0297-d222 @A: 31 28 15 14 | 05
#0298-d222 @A: 35 05 28 08 | 04
#0299-d222 @A: 05 03 28 29 | 02
#0300-d222 @A: 10 02 31 28 | 07
#0301-d222 @A: 03 27 28 02 | 09
#0302-d222 @A: 32 01 33 02 | 03
#0303-d222 @A: 26 01 18 33 | 06
#0304-d222 @A: 13 32 01 19 | 12
#0305-d222 @A: 20 01 19 11 | 11
#0306-d222 @A: 01 14 23 15 | 08
#0307-d222 @A: 05 30 01 21 | 01
#0308-d222 @A: 01 03 25 35 | 10
#0309-d222 @A: 32 09 01 16 | 05
#0310-d222 @A: 01 25 11 23 | 04
#0311-d222 @A: 16 26 01 21 | 02
#0312-d222 @A: 33 25 34 12 | 07
#0313-d222 @A: 19 14 07 12 | 09
#0314-d222 @A: 26 35 12 19 | 03
#0315-d222 @A: 19 12 11 09 | 06
#0316-d222 @A: 18 07 30 12 | 12
#0317-d222 @A: 29 32 05 12 | 11
#0318-d222 @A: 27 20 24 12 | 08
#0319-d222 @A: 23 04 24 12 | 01
#0320-d222 @A: 02 25 13 12 | 10
#0321-d222 @A: 27 12 08 13 | 05
#0322-d222 @A: 33 29 06 24 | 04
#0323-d222 @A: 25 19 35 06 | 02
#0324-d222 @A: 07 06 29 14 | 07
#0325-d222 @A: 16 20 14 06 | 09
#0326-d222 @A: 30 14 15 06 | 03
#0327-d222 @A: 06 05 20 26 | 06
#0328-d222 @A: 24 04 06 08 | 12
#0329-d222 @A: 10 06 09 04 | 11
#0330-d222 @A: 06 08 27 09 | 08
#0331-d222 @A: 26 09 13 06 | 01
#0332-d222 @A: 10 27 32 06 | 10
#0333-d222 @A: 13 22 06 20 | 05
#0334-d222 @A: 15 06 31 08 | 04
#0335-d222 @A: 06 18 11 34 | 02
#0336-d222 @A: 31 06 23 22 | 07
#0337-d222 @A: 29 11 06 03 | 09
#0338-d222 @A: 26 06 27 03 | 03
#0339-d222 @A: 19 33 35 24 | 06
#0340-d222 @A: 24 07 11 33 | 12
#0341-d222 @A: 33 35 27 07 | 11
#0342-d222 @A: 18 21 14 33 | 08
#0343-d222 @A: 20 24 16 33 | 01
#0344-d222 @A: 34 33 29 24 | 10
#0345-d222 @A: 08 21 35 33 | 05
#0346-d222 @A: 20 21 02 33 | 04
#0347-d222 @A: 15 33 23 29 | 02
#0348-d222 @A: 16 21 33 31 | 07
#0349-d222 @A: 35 19 21 07 | 09
#0350-d222 @A: 19 20 05 25 | 03
#0351-d222 @A: 24 02 19 32 | 06
#0352-d222 @A: 34 19 24 25 | 12
#0353-d222 @A: 19 23 02 11 | 11
#0354-d222 @A: 34 10 19 29 | 08
#0355-d222 @A: 21 15 14 07 | 01
#0356-d222 @A: 14 07 25 02 | 10
#0357-d222 @A: 09 05 07 32 | 05
#0358-d222 @A: 04 05 07 03 | 04
#0359-d222 @A: 07 24 32 30 | 02
#0360-d222 @A: 09 07 04 18 | 07
#0361-d222 @A: 26 18 07 32 | 09
#0362-d222 @A: 07 32 25 13 | 03
#0363-d222 @A: 20 23 15 07 | 06
#0364-d222 @A: 31 20 34 07 | 12
#0365-d222 @A: 02 15 07 16 | 11
#0366-d222 @A: 26 13 10 07 | 08
#0367-d222 @A: 23 07 16 31 | 01
#0368-d222 @A: 23 07 03 27 | 10
#0369-d222 @A: 14 35 30 24 | 05
#0370-d222 @A: 24 25 08 14 | 04
#0371-d222 @A: 08 04 14 09 | 02
#0372-d222 @A: 09 14 03 26 | 07
#0373-d222 @A: 29 14 27 32 | 09
#0374-d222 @A: 34 14 04 23 | 03
#0375-d222 @A: 30 14 13 21 | 06
#0376-d222 @A: 22 21 24 05 | 12
#0377-d222 @A: 18 05 09 11 | 11
#0378-d222 @A: 09 29 02 05 | 08
#0379-d222 @A: 31 22 25 05 | 01
#0380-d222 @A: 02 31 05 21 | 10
#0381-d222 @A: 24 04 09 29 | 05
#0382-d222 @A: 24 20 18 21 | 04
#0383-d222 @A: 24 22 25 29 | 02
#0384-d222 @A: 22 24 13 31 | 07
#0385-d222 @A: 02 24 34 23 | 09
#0386-d222 @A: 02 26 24 21 | 03
#0387-d222 @A: 29 13 08 24 | 06
#0388-d222 @A: 34 32 35 30 | 12
#0389-d222 @A: 08 02 35 25 | 11
#0390-d222 @A: 25 35 21 27 | 08
#0391-d222 @A: 34 31 10 35 | 01
#0392-d222 @A: 03 35 34 21 | 10
#0393-d222 @A: 09 22 02 21 | 05
#0394-d222 @A: 02 30 11 09 | 04
#0395-d222 @A: 03 09 08 30 | 02
#0396-d222 @A: 23 29 09 25 | 07
#0397-d222 @A: 31 09 29 13 | 09
#0398-d222 @A: 09 26 21 29 | 03
#0399-d222 @A: 25 22 32 02 | 06
#0400-d222 @A: 31 16 32 22 | 12
#0401-d222 @A: 02 32 13 16 | 11
#0402-d222 @A: 32 34 10 21 | 08
#0403-d222 @A: 32 11 16 23 | 01
#0404-d222 @A: 18 20 11 26 | 10
#0405-d222 @A: 20 10 27 34 | 05
#0406-d222 @A: 15 13 22 25 | 04
#0407-d222 @A: 15 27 10 22 | 02
#0408-d222 @A: 31 15 10 13 | 07
#0409-d222 @A: 15 16 11 10 | 09
#0410-d222 @A: 16 27 21 15 | 03
#0411-d222 @A: 03 26 15 16 | 06
#0412-d222 @A: 02 22 34 18 | 12
#0413-d222 @A: 02 18 23 21 | 11
#0414-d222 @A: 18 29 16 03 | 08
#0415-d222 @A: 02 21 04 27 | 01
#0416-d222 @A: 03 13 16 04 | 10
#0417-d222 @A: 28 17 23 04 | 05
#0418-d222 @A: 20 01 22 17 | 04
#0419-d222 @A: 01 10 17 15 | 02
#0420-d222 @A: 33 17 12 25 | 07
#0421-d222 @A: 17 21 06 05 | 09
#0422-d222 @A: 24 10 33 17 | 03
#0423-d222 @A: 20 33 17 26 | 06
#0424-d222 @A: 35 30 17 19 | 12
#0425-d222 @A: 17 09 25 07 | 11
#0426-d222 @A: 07 27 17 18 | 08
#0427-d222 @A: 22 14 31 17 | 01
#0428-d222 @A: 05 32 17 26 | 10
#0429-d222 @A: 23 15 17 05 | 05
#0430-d222 @A: 18 16 17 05 | 04
#0431-d222 @A: 31 32 17 24 | 02
#0432-d222 @A: 24 11 16 17 | 07
#0433-d222 @A: 27 17 35 09 | 09
#0434-d222 @A: 18 17 35 02 | 03
#0435-d222 @A: 03 17 20 32 | 06
#0436-d222 @A: 22 17 16 26 | 12
#0437-d222 @A: 17 31 11 21 | 11
#0438-d222 @A: 17 16 23 27 | 08
#0439-d222 @A: 01 13 20 28 | 01
#0440-d222 @A: 26 06 12 28 | 10
#0441-d222 @A: 28 02 05 12 | 05
#0442-d222 @A: 28 03 04 12 | 04
#0443-d222 @A: 06 22 28 07 | 02
#0444-d222 @A: 32 28 06 08 | 07
#0445-d222 @A: 24 28 20 22 | 09
#0446-d222 @A: 32 02 09 28 | 03
#0447-d222 @A: 28 15 26 08 | 06
#0448-d222 @A: 08 28 21 13 | 12
#0449-d222 @A: 16 26 28 30 | 11
#0450-d222 @A: 01 23 12 33 | 08
#0451-d222 @A: 34 12 05 01 | 01
#0452-d222 @A: 01 09 21 12 | 10
#0453-d222 @A: 29 12 01 08 | 05
#0454-d222 @A: 25 07 01 06 | 04
#0455-d222 @A: 30 01 06 35 | 02
#0456-d222 @A: 02 01 19 14 | 07
#0457-d222 @A: 19 01 03 26 | 09
#0458-d222 @A: 07 05 23 01 | 03
#0459-d222 @A: 01 07 20 32 | 06
#0460-d222 @A: 01 02 35 20 | 12
#0461-d222 @A: 29 18 01 20 | 11
#0462-d222 @A: 16 20 01 04 | 08
#0463-d222 @A: 01 16 23 29 | 01
#0464-d222 @A: 01 16 27 11 | 10
#0465-d222 @A: 01 31 27 34 | 05
#0466-d222 @A: 06 03 12 15 | 04
#0467-d222 @A: 24 12 15 29 | 02
#0468-d222 @A: 09 12 04 22 | 07
#0469-d222 @A: 08 32 12 18 | 09
#0470-d222 @A: 22 23 20 12 | 03
#0471-d222 @A: 15 31 12 04 | 06
#0472-d222 @A: 12 29 34 02 | 12
#0473-d222 @A: 11 25 10 12 | 11
#0474-d222 @A: 10 26 31 12 | 08
#0475-d222 @A: 34 11 16 12 | 01
#0476-d222 @A: 12 23 26 27 | 10
#0477-d222 @A: 03 12 30 26 | 05
#0478-d222 @A: 32 15 06 35 | 04
#0479-d222 @A: 26 06 35 04 | 02
#0480-d222 @A: 13 10 21 06 | 07
#0481-d222 @A: 10 06 23 03 | 09
#0482-d222 @A: 19 23 33 32 | 03
#0483-d222 @A: 24 33 14 15 | 06
#0484-d222 @A: 22 33 14 09 | 12
#0485-d222 @A: 33 24 02 23 | 11
#0486-d222 @A: 20 09 10 33 | 08
#0487-d222 @A: 33 29 32 18 | 01
#0488-d222 @A: 33 04 23 20 | 10
#0489-d222 @A: 20 34 11 33 | 05
#0490-d222 @A: 11 33 26 13 | 04
#0491-d222 @A: 31 07 19 18 | 02
#0492-d222 @A: 20 19 08 32 | 07
#0493-d222 @A: 19 02 26 31 | 09
#0494-d222 @A: 11 25 27 19 | 03
#0495-d222 @A: 27 19 23 21 | 06
#0496-d222 @A: 14 22 07 32 | 12
#0497-d222 @A: 20 05 07 11 | 11
#0498-d222 @A: 05 18 02 07 | 08
#0499-d222 @A: 31 20 07 24 | 01
#0500-d222 @A: 25 10 07 20 | 10
#0501-d222 @A: 07 11 04 26 | 05
#0502-d222 @A: 22 27 07 08 | 04
#0503-d222 @A: 29 22 07 23 | 02
#0504-d222 @A: 30 02 21 07 | 07
#0505-d222 @A: 29 21 08 07 | 09
#0506-d222 @A: 26 25 30 07 | 03
#0507-d222 @A: 07 10 34 03 | 06
#0508-d222 @A: 26 07 34 13 | 12
#0509-d222 @A: 23 07 21 26 | 11
#0510-d222 @A: 32 24 05 14 | 08
#0511-d222 @A: 04 14 05 02 | 01
#0512-d222 @A: 18 14 11 24 | 10
#0513-d222 @A: 18 13 09 14 | 05
#0514-d222 @A: 14 04 32 13 | 04
#0515-d222 @A: 25 14 03 32 | 02
#0516-d222 @A: 14 27 22 13 | 07
#0517-d222 @A: 29 14 25 30 | 09
#0518-d222 @A: 14 10 13 03 | 03
#0519-d222 @A: 31 23 14 11 | 06
#0520-d222 @A: 10 26 05 09 | 12
#0521-d222 @A: 22 05 32 30 | 11
#0522-d222 @A: 20 05 27 22 | 08
#0523-d222 @A: 23 05 04 11 | 01
#0524-d222 @A: 05 25 21 29 | 10
#0525-d222 @A: 08 11 22 24 | 05
#0526-d222 @A: 02 13 24 10 | 04
#0527-d222 @A: 30 24 31 02 | 02
#0528-d222 @A: 24 31 08 03 | 07
#0529-d222 @A: 26 27 29 24 | 09
#0530-d222 @A: 25 03 26 24 | 03
#0531-d222 @A: 10 27 31 24 | 06
#0532-d222 @A: 24 30 10 26 | 12
#0533-d222 @A: 20 15 35 31 | 11
#0534-d222 @A: 13 04 35 34 | 08
#0535-d222 @A: 27 30 04 35 | 01
#0536-d222 @A: 22 02 13 35 | 10
#0537-d222 @A: 35 13 08 26 | 05
#0538-d222 @A: 10 35 11 23 | 04
#0539-d222 @A: 35 13 11 31 | 02
#0540-d222 @A: 31 26 35 23 | 07
#0541-d222 @A: 34 03 26 09 | 09
#0542-d222 @A: 27 32 23 22 | 03
#0543-d222 @A: 21 32 02 29 | 06
#0544-d222 @A: 13 29 32 03 | 12
#0545-d222 @A: 29 20 08 25 | 11
#0546-d222 @A: 27 10 08 20 | 08
#0547-d222 @A: 25 13 20 31 | 01
#0548-d222 @A: 25 27 20 03 | 10
#0549-d222 @A: 20 16 31 03 | 05
#0550-d222 @A: 21 15 22 29 | 04
#0551-d222 @A: 22 26 15 11 | 02
#0552-d222 @A: 04 25 18 23 | 07
#0553-d222 @A: 29 18 31 23 | 09
#0554-d222 @A: 16 27 18 25 | 03
#0555-d222 @A: 03 04 02 08 | 06
#0556-d222 @A: 23 04 31 02 | 12
#0557-d222 @A: 27 08 11 04 | 11
#0558-d222 @A: 16 31 11 04 | 08
#0559-d222 @A: 03 34 13 23 | 01
#0560-d222 @A: 28 09 21 17 | 10
#0561-d222 @A: 17 04 01 21 | 05
#0562-d222 @A: 09 17 16 12 | 04
#0563-d222 @A: 17 13 33 06 | 02
#0564-d222 @A: 06 35 23 17 | 07
#0565-d222 @A: 34 17 09 06 | 09
#0566-d222 @A: 08 17 18 06 | 03
#0567-d222 @A: 33 07 23 17 | 06
#0568-d222 @A: 04 33 03 17 | 12
#0569-d222 @A: 08 17 11 19 | 11
#0570-d222 @A: 13 09 32 17 | 08
#0571-d222 @A: 25 20 17 18 | 01
#0572-d222 @A: 16 30 15 17 | 10
#0573-d222 @A: 17 29 08 22 | 05
#0574-d222 @A: 22 17 25 21 | 04
#0575-d222 @A: 31 03 17 02 | 02
#0576-d222 @A: 13 17 16 21 | 07
#0577-d222 @A: 17 03 27 34 | 09
#0578-d222 @A: 16 28 24 01 | 03
#0579-d222 @A: 03 09 28 06 | 06
#0580-d222 @A: 13 19 33 28 | 12
#0581-d222 @A: 34 28 18 33 | 11
#0582-d222 @A: 28 33 08 04 | 08
#0583-d222 @A: 33 28 23 26 | 01
#0584-d222 @A: 26 19 20 28 | 10
#0585-d222 @A: 19 29 18 28 | 05
#0586-d222 @A: 07 05 28 21 | 04
#0587-d222 @A: 10 14 09 28 | 02
#0588-d222 @A: 28 27 26 05 | 07
#0589-d222 @A: 18 20 03 28 | 09
#0590-d222 @A: 28 08 22 23 | 03
#0591-d222 @A: 23 28 02 25 | 06
#0592-d222 @A: 16 28 10 08 | 12
#0593-d222 @A: 35 31 01 12 | 11
#0594-d222 @A: 01 33 08 19 | 08
#0595-d222 @A: 34 33 01 07 | 01
#0596-d222 @A: 21 07 01 24 | 10
#0597-d222 @A: 01 20 34 14 | 05
#0598-d222 @A: 03 01 05 15 | 04
#0599-d222 @A: 26 02 05 01 | 02
#0600-d222 @A: 20 23 01 24 | 07
#0601-d222 @A: 01 35 21 22 | 09
#0602-d222 @A: 01 09 20 26 | 03
#0603-d222 @A: 01 29 15 32 | 06
#0604-d222 @A: 32 01 22 11 | 12
#0605-d222 @A: 25 01 32 31 | 11
#0606-d222 @A: 25 01 29 26 | 08
#0607-d222 @A: 01 29 27 13 | 01
#0608-d222 @A: 30 12 06 16 | 10
#0609-d222 @A: 12 05 22 14 | 05
#0610-d222 @A: 12 21 14 02 | 04
#0611-d222 @A: 08 35 12 09 | 02
#0612-d222 @A: 12 03 20 35 | 07
#0613-d222 @A: 10 12 15 32 | 09
#0614-d222 @A: 26 12 32 04 | 03
#0615-d222 @A: 15 12 16 18 | 06
#0616-d222 @A: 08 30 12 22 | 12
#0617-d222 @A: 25 12 27 22 | 11
#0618-d222 @A: 31 06 11 19 | 08
#0619-d222 @A: 14 06 08 02 | 01
#0620-d222 @A: 05 32 34 06 | 10
#0621-d222 @A: 13 31 32 06 | 05
#0622-d222 @A: 22 34 15 06 | 04
#0623-d222 @A: 22 06 27 29 | 02
#0624-d222 @A: 02 26 10 06 | 07
#0625-d222 @A: 06 25 10 31 | 09
#0626-d222 @A: 31 16 27 06 | 03
#0627-d222 @A: 14 19 10 33 | 06
#0628-d222 @A: 05 13 35 33 | 12
#0629-d222 @A: 11 05 33 32 | 11
#0630-d222 @A: 15 33 35 30 | 08
#0631-d222 @A: 11 33 35 04 | 01
#0632-d222 @A: 08 33 09 18 | 10
#0633-d222 @A: 15 18 04 33 | 05
#0634-d222 @A: 10 18 33 13 | 04
#0635-d222 @A: 33 10 31 04 | 02
#0636-d222 @A: 08 34 33 03 | 07
#0637-d222 @A: 19 29 07 03 | 09
#0638-d222 @A: 24 09 19 25 | 03
#0639-d222 @A: 19 08 24 26 | 06
#0640-d222 @A: 18 19 27 35 | 12
#0641-d222 @A: 21 20 03 19 | 11
#0642-d222 @A: 16 03 02 19 | 08
#0643-d222 @A: 10 11 19 26 | 01
#0644-d222 @A: 19 34 16 21 | 10
#0645-d222 @A: 23 07 09 14 | 05
#0646-d222 @A: 10 07 05 35 | 04
#0647-d222 @A: 07 35 09 26 | 02
#0648-d222 @A: 21 04 32 07 | 07
#0649-d222 @A: 02 07 22 11 | 09
#0650-d222 @A: 31 10 07 08 | 03
#0651-d222 @A: 24 34 30 14 | 06
#0652-d222 @A: 18 16 14 35 | 12
#0653-d222 @A: 14 03 08 35 | 11
#0654-d222 @A: 11 09 32 14 | 08
#0655-d222 @A: 15 25 09 14 | 01
#0656-d222 @A: 31 04 30 14 | 10
#0657-d222 @A: 08 27 14 21 | 05
#0658-d222 @A: 14 31 03 27 | 04
#0659-d222 @A: 24 26 05 18 | 02
#0660-d222 @A: 24 02 05 16 | 07
#0661-d222 @A: 09 15 22 05 | 09
#0662-d222 @A: 09 25 05 04 | 03
#0663-d222 @A: 05 08 23 18 | 06
#0664-d222 @A: 21 08 05 10 | 12
#0665-d222 @A: 05 10 16 13 | 11
#0666-d222 @A: 27 05 11 03 | 08
#0667-d222 @A: 34 05 30 03 | 01
#0668-d222 @A: 18 35 08 24 | 10
#0669-d222 @A: 11 24 32 34 | 05
#0670-d222 @A: 10 25 24 34 | 04
#0671-d222 @A: 11 20 35 32 | 02
#0672-d222 @A: 15 21 23 35 | 07
#0673-d222 @A: 26 16 35 02 | 09
#0674-d222 @A: 09 20 34 02 | 03
#0675-d222 @A: 16 09 22 13 | 06
#0676-d222 @A: 13 03 11 09 | 12
#0677-d222 @A: 18 16 32 21 | 11
#0678-d222 @A: 08 04 32 16 | 08
#0679-d222 @A: 32 16 03 10 | 01
#0680-d222 @A: 21 32 30 23 | 10
#0681-d222 @A: 30 32 16 27 | 05
#0682-d222 @A: 20 22 10 16 | 04
#0683-d222 @A: 15 34 10 18 | 02
#0684-d222 @A: 21 30 15 08 | 07
#0685-d222 @A: 13 34 15 16 | 09
#0686-d222 @A: 21 03 15 11 | 03
#0687-d222 @A: 22 31 18 04 | 06
#0688-d222 @A: 30 02 04 18 | 12
#0689-d222 @A: 30 13 08 18 | 11
#0690-d222 @A: 25 31 27 04 | 08
#0691-d222 @A: 21 23 10 04 | 01
#0692-d222 @A: 21 27 29 34 | 10
#0693-d222 @A: 02 28 17 19 | 05
#0694-d222 @A: 11 17 07 28 | 04
#0695-d222 @A: 18 28 17 26 | 02
#0696-d222 @A: 06 31 17 01 | 07
#0697-d222 @A: 17 26 12 14 | 09
#0698-d222 @A: 15 33 19 17 | 03
#0699-d222 @A: 33 34 17 16 | 06
#0700-d222 @A: 24 07 17 13 | 12
#0701-d222 @A: 14 05 10 17 | 11
#0702-d222 @A: 17 14 27 24 | 08
#0703-d222 @A: 04 17 25 24 | 01
#0704-d222 @A: 13 26 17 15 | 10
#0705-d222 @A: 17 08 26 31 | 05
#0706-d222 @A: 17 10 31 30 | 04
#0707-d222 @A: 28 07 29 01 | 02
#0708-d222 @A: 01 09 25 28 | 07
#0709-d222 @A: 32 01 10 28 | 09
#0710-d222 @A: 35 28 25 12 | 03
#0711-d222 @A: 32 30 28 12 | 06
#0712-d222 @A: 34 12 10 28 | 12
#0713-d222 @A: 11 31 28 12 | 11
#0714-d222 @A: 06 19 10 28 | 08
#0715-d222 @A: 19 30 28 34 | 01
#0716-d222 @A: 07 04 10 28 | 10
#0717-d222 @A: 28 18 13 24 | 05
#0718-d222 @A: 11 34 28 09 | 04
#0719-d222 @A: 31 32 18 28 | 02
#0720-d222 @A: 34 28 32 29 | 07
#0721-d222 @A: 28 20 04 25 | 09
#0722-d222 @A: 28 29 26 22 | 03
#0723-d222 @A: 28 30 13 22 | 06
#0724-d222 @A: 28 31 22 03 | 12
#0725-d222 @A: 30 28 23 29 | 11
#0726-d222 @A: 28 27 29 16 | 08
#0727-d222 @A: 23 18 06 01 | 01
#0728-d222 @A: 09 33 35 01 | 10
#0729-d222 @A: 22 14 01 24 | 05
#0730-d222 @A: 24 27 01 32 | 04
#0731-d222 @A: 31 18 24 01 | 02
#0732-d222 @A: 01 11 24 04 | 07
#0733-d222 @A: 03 32 01 18 | 09
#0734-d222 @A: 04 30 01 32 | 03
#0735-d222 @A: 01 15 20 27 | 06
#0736-d222 @A: 01 18 21 15 | 12
#0737-d222 @A: 16 18 08 01 | 11
#0738-d222 @A: 22 01 23 02 | 08
#0739-d222 @A: 01 30 08 02 | 01
#0740-d222 @A: 12 19 06 08 | 10
#0741-d222 @A: 29 20 12 06 | 05
#0742-d222 @A: 18 31 06 12 | 04
#0743-d222 @A: 12 11 18 33 | 02
#0744-d222 @A: 19 12 24 03 | 07
#0745-d222 @A: 34 12 07 24 | 09
#0746-d222 @A: 07 29 09 12 | 03
#0747-d222 @A: 14 12 08 15 | 06
#0748-d222 @A: 11 05 12 15 | 12
#0749-d222 @A: 31 05 12 16 | 11
#0750-d222 @A: 32 09 20 12 | 08
#0751-d222 @A: 12 09 15 26 | 01
#0752-d222 @A: 12 26 02 22 | 10
#0753-d222 @A: 21 25 12 23 | 05
#0754-d222 @A: 06 19 15 23 | 04
#0755-d222 @A: 06 18 16 19 | 02
#0756-d222 @A: 07 18 06 21 | 07
#0757-d222 @A: 03 07 06 16 | 09
#0758-d222 @A: 05 14 11 06 | 03
#0759-d222 @A: 11 06 20 24 | 06
#0760-d222 @A: 18 09 30 06 | 12
#0761-d222 @A: 06 32 25 20 | 11
#0762-d222 @A: 15 13 18 06 | 08
#0763-d222 @A: 02 06 23 27 | 01
#0764-d222 @A: 08 16 06 25 | 10
#0765-d222 @A: 31 30 06 34 | 05
#0766-d222 @A: 20 07 33 29 | 04
#0767-d222 @A: 13 33 14 20 | 02
#0768-d222 @A: 33 34 05 02 | 07
#0769-d222 @A: 23 33 18 35 | 09
#0770-d222 @A: 15 10 33 03 | 03
#0771-d222 @A: 33 22 13 08 | 06
#0772-d222 @A: 23 33 08 10 | 12
#0773-d222 @A: 33 31 08 11 | 11
#0774-d222 @A: 21 33 11 10 | 08
#0775-d222 @A: 34 13 33 27 | 01
#0776-d222 @A: 23 34 33 30 | 10
#0777-d222 @A: 05 19 21 32 | 05
#0778-d222 @A: 19 29 16 24 | 04
#0779-d222 @A: 09 19 35 16 | 02
#0780-d222 @A: 02 19 04 35 | 07
#0781-d222 @A: 32 19 04 03 | 09
#0782-d222 @A: 29 19 32 30 | 03
#0783-d222 @A: 18 34 23 19 | 06
#0784-d222 @A: 11 16 30 19 | 12
#0785-d222 @A: 05 31 07 14 | 11
#0786-d222 @A: 03 18 07 14 | 08
#0787-d222 @A: 35 32 07 08 | 01
#0788-d222 @A: 07 25 35 18 | 10
#0789-d222 @A: 16 35 22 07 | 05
#0790-d222 @A: 07 18 29 15 | 04
#0791-d222 @A: 07 02 23 13 | 02
#0792-d222 @A: 34 07 08 23 | 07
#0793-d222 @A: 14 32 10 20 | 09
#0794-d222 @A: 32 14 34 18 | 03
#0795-d222 @A: 10 14 02 23 | 06
#0796-d222 @A: 31 02 13 14 | 12
#0797-d222 @A: 02 14 30 27 | 11
#0798-d222 @A: 26 31 16 14 | 08
#0799-d222 @A: 04 24 31 05 | 01
#0800-d222 @A: 09 31 05 35 | 10
#0801-d222 @A: 32 35 25 05 | 05
#0802-d222 @A: 32 20 23 05 | 04
#0803-d222 @A: 05 32 02 03 | 02
#0804-d222 @A: 31 32 27 05 | 07
#0805-d222 @A: 16 11 22 05 | 09
#0806-d222 @A: 27 05 08 30 | 03
#0807-d222 @A: 10 03 05 25 | 06
#0808-d222 @A: 21 34 23 05 | 12
#0809-d222 @A: 24 04 21 35 | 11
#0810-d222 @A: 02 11 15 24 | 08
#0811-d222 @A: 27 24 04 03 | 01
#0812-d222 @A: 03 22 10 24 | 10
#0813-d222 @A: 23 27 24 25 | 05
#0814-d222 @A: 15 09 35 10 | 04
#0815-d222 @A: 35 23 09 13 | 02
#0816-d222 @A: 10 22 31 35 | 07
#0817-d222 @A: 27 35 23 08 | 09
#0818-d222 @A: 35 27 03 13 | 03
#0819-d222 @A: 35 34 11 27 | 06
#0820-d222 @A: 15 03 09 20 | 12
#0821-d222 @A: 27 09 23 20 | 11
#0822-d222 @A: 09 15 31 18 | 08
#0823-d222 @A: 21 04 09 16 | 01
#0824-d222 @A: 11 09 16 25 | 10
#0825-d222 @A: 08 10 32 02 | 05
#0826-d222 @A: 02 32 31 11 | 04
#0827-d222 @A: 20 03 02 34 | 02
#0828-d222 @A: 08 16 20 21 | 07
#0829-d222 @A: 16 23 25 20 | 09
#0830-d222 @A: 23 20 34 25 | 03
#0831-d222 @A: 13 11 10 20 | 06
#0832-d222 @A: 02 27 15 08 | 12
#0833-d222 @A: 02 23 26 15 | 11
#0834-d222 @A: 08 10 29 15 | 08
#0835-d222 @A: 34 26 29 15 | 01
#0836-d222 @A: 18 04 29 08 | 10
#0837-d222 @A: 03 21 08 18 | 05
#0838-d222 @A: 27 21 26 18 | 04
#0839-d222 @A: 13 08 25 04 | 02
#0840-d222 @A: 31 13 04 26 | 07
#0841-d222 @A: 33 17 28 14 | 09
#0842-d222 @A: 17 13 18 01 | 03
#0843-d222 @A: 27 17 26 01 | 06
#0844-d222 @A: 31 12 17 19 | 12
#0845-d222 @A: 08 33 30 17 | 11
#0846-d222 @A: 17 19 18 21 | 08
#0847-d222 @A: 22 17 07 05 | 01
#0848-d222 @A: 30 09 23 17 | 10
#0849-d222 @A: 22 18 17 03 | 05
#0850-d222 @A: 22 11 17 23 | 04
#0851-d222 @A: 26 02 29 17 | 02
#0852-d222 @A: 28 12 01 22 | 07
#0853-d222 @A: 05 13 06 28 | 09
#0854-d222 @A: 29 35 28 06 | 03
#0855-d222 @A: 33 16 28 18 | 06
#0856-d222 @A: 28 25 33 11 | 12
#0857-d222 @A: 19 28 07 30 | 11
#0858-d222 @A: 30 28 14 18 | 08
#0859-d222 @A: 22 04 28 14 | 01
#0860-d222 @A: 14 23 27 28 | 10
#0861-d222 @A: 09 22 35 28 | 05
#0862-d222 @A: 13 28 15 09 | 04
#0863-d222 @A: 09 18 28 23 | 02
#0864-d222 @A: 10 28 11 22 | 07
#0865-d222 @A: 29 28 08 02 | 09
#0866-d222 @A: 25 28 08 30 | 03
#0867-d222 @A: 25 28 21 03 | 06
#0868-d222 @A: 01 12 11 07 | 12
#0869-d222 @A: 04 01 12 18 | 11
#0870-d222 @A: 01 08 06 34 | 08
#0871-d222 @A: 33 13 01 15 | 01
#0872-d222 @A: 27 25 33 01 | 10
#0873-d222 @A: 13 14 05 01 | 05
#0874-d222 @A: 01 34 35 16 | 04
#0875-d222 @A: 18 01 09 02 | 02
#0876-d222 @A: 09 22 27 01 | 07
#0877-d222 @A: 20 01 25 30 | 09
#0878-d222 @A: 25 01 10 22 | 03
#0879-d222 @A: 31 01 10 11 | 06
#0880-d222 @A: 01 34 03 11 | 12
#0881-d222 @A: 33 10 12 06 | 11
#0882-d222 @A: 26 12 05 33 | 08
#0883-d222 @A: 24 02 12 18 | 01
#0884-d222 @A: 32 27 35 12 | 10
#0885-d222 @A: 12 11 03 32 | 05
#0886-d222 @A: 29 25 04 12 | 04
#0887-d222 @A: 31 12 25 30 | 02
#0888-d222 @A: 33 03 19 06 | 07
#0889-d222 @A: 33 23 09 06 | 09
#0890-d222 @A: 04 19 06 22 | 03
#0891-d222 @A: 32 07 11 06 | 06
#0892-d222 @A: 24 06 18 10 | 12
#0893-d222 @A: 06 20 02 31 | 11
#0894-d222 @A: 19 05 16 33 | 08
#0895-d222 @A: 25 18 33 19 | 01
#0896-d222 @A: 33 04 26 19 | 10
#0897-d222 @A: 07 32 10 33 | 05
#0898-d222 @A: 31 33 35 14 | 04
#0899-d222 @A: 33 05 15 31 | 02
#0900-d222 @A: 09 15 33 16 | 07
#0901-d222 @A: 22 25 20 33 | 09
#0902-d222 @A: 33 02 16 08 | 03
#0903-d222 @A: 33 30 25 16 | 06
#0904-d222 @A: 22 07 19 25 | 12
#0905-d222 @A: 19 14 15 03 | 11
#0906-d222 @A: 13 35 19 15 | 08
#0907-d222 @A: 18 26 09 19 | 01
#0908-d222 @A: 19 22 26 23 | 10
#0909-d222 @A: 19 27 02 10 | 05
#0910-d222 @A: 07 22 34 14 | 04
#0911-d222 @A: 07 34 30 05 | 02
#0912-d222 @A: 13 07 35 04 | 07
#0913-d222 @A: 30 07 22 09 | 09
#0914-d222 @A: 02 10 07 29 | 03
#0915-d222 @A: 11 08 07 16 | 06
#0916-d222 @A: 10 23 07 30 | 12
#0917-d222 @A: 07 11 27 13 | 11
#0918-d222 @A: 07 13 03 21 | 08
#0919-d222 @A: 14 05 18 29 | 01
#0920-d222 @A: 20 14 24 03 | 10
#0921-d222 @A: 14 20 35 23 | 05
#0922-d222 @A: 13 23 08 14 | 04
#0923-d222 @A: 14 10 25 27 | 02
#0924-d222 @A: 05 29 35 20 | 07
#0925-d222 @A: 35 21 18 05 | 09
#0926-d222 @A: 10 05 32 04 | 03
#0927-d222 @A: 26 34 05 04 | 06
#0928-d222 @A: 08 05 16 29 | 12
#0929-d222 @A: 08 05 31 13 | 11
#0930-d222 @A: 26 05 03 08 | 08
#0931-d222 @A: 31 11 29 05 | 01
#0932-d222 @A: 30 05 11 10 | 10
#0933-d222 @A: 26 05 31 30 | 05
#0934-d222 @A: 23 09 24 31 | 04
#0935-d222 @A: 22 04 32 24 | 02
#0936-d222 @A: 24 15 16 04 | 07
#0937-d222 @A: 24 29 02 03 | 09
#0938-d222 @A: 13 24 03 30 | 03
#0939-d222 @A: 31 21 24 34 | 06
#0940-d222 @A: 24 21 03 16 | 12
#0941-d222 @A: 09 35 04 03 | 11
#0942-d222 @A: 18 20 22 35 | 08
#0943-d222 @A: 20 35 08 04 | 01
#0944-d222 @A: 35 18 08 34 | 10
#0945-d222 @A: 29 23 35 02 | 05
#0946-d222 @A: 27 29 35 11 | 04
#0947-d222 @A: 26 11 35 30 | 02
#0948-d222 @A: 23 16 35 03 | 07
#0949-d222 @A: 35 21 30 16 | 09
#0950-d222 @A: 15 08 32 09 | 03
#0951-d222 @A: 16 02 23 09 | 06
#0952-d222 @A: 10 11 27 09 | 12
#0953-d222 @A: 02 32 27 20 | 11
#0954-d222 @A: 27 13 32 26 | 08
#0955-d222 @A: 27 03 21 32 | 01
#0956-d222 @A: 20 26 22 31 | 10
#0957-d222 @A: 20 22 34 21 | 05
#0958-d222 @A: 25 11 20 02 | 04
#0959-d222 @A: 20 08 30 34 | 02
#0960-d222 @A: 15 16 22 08 | 07
#0961-d222 @A: 15 21 02 25 | 09
#0962-d222 @A: 03 15 25 29 | 03
#0963-d222 @A: 25 26 15 27 | 06
#0964-d222 @A: 04 18 13 27 | 12
#0965-d222 @A: 18 22 10 21 | 11
#0966-d222 @A: 22 30 26 18 | 08
#0967-d222 @A: 18 03 13 25 | 01
#0968-d222 @A: 26 31 18 25 | 10
#0969-d222 @A: 30 10 18 16 | 05
#0970-d222 @A: 34 13 18 31 | 04
#0971-d222 @A: 18 30 03 23 | 02
#0972-d222 @A: 22 04 13 23 | 07
#0973-d222 @A: 22 21 26 04 | 09
#0974-d222 @A: 26 25 04 02 | 03
#0975-d222 @A: 02 04 11 10 | 06
#0976-d222 @A: 04 23 27 29 | 12
#0977-d222 @A: 03 04 11 25 | 11
#0978-d222 @A: 22 34 11 08 | 08
#0979-d222 @A: 30 29 34 22 | 01
#0980-d222 @A: 34 08 29 27 | 10
#0981-d222 @A: 05 28 31 17 | 05
#0982-d222 @A: 17 24 28 35 | 04
#0983-d222 @A: 28 22 17 15 | 02
#0984-d222 @A: 20 17 11 12 | 07
#0985-d222 @A: 23 18 17 12 | 09
#0986-d222 @A: 19 22 24 17 | 03
#0987-d222 @A: 04 16 17 19 | 06
#0988-d222 @A: 07 04 29 17 | 12
#0989-d222 @A: 29 30 17 05 | 11
#0990-d222 @A: 25 17 35 13 | 08
#0991-d222 @A: 04 09 17 26 | 01
#0992-d222 @A: 17 34 32 22 | 10
#0993-d222 @A: 17 27 20 04 | 05
#0994-d222 @A: 17 13 08 20 | 04
#0995-d222 @A: 13 10 17 22 | 02
#0996-d222 @A: 23 17 08 02 | 07
#0997-d222 @A: 21 17 34 08 | 09
#0998-d222 @A: 31 29 16 17 | 03
#0999-d222 @A: 17 29 03 21 | 06
#1000-d222 @A: 14 08 01 28 | 12
#1001-d222 @A: 27 28 01 18 | 11
#1002-d222 @A: 12 28 16 20 | 08
#1003-d222 @A: 14 28 35 19 | 01
#1004-d222 @A: 28 19 22 05 | 10
#1005-d222 @A: 07 28 31 35 | 05
#1006-d222 @A: 32 28 23 07 | 04
#1007-d222 @A: 28 05 10 18 | 02
#1008-d222 @A: 28 32 13 35 | 07
#1009-d222 @A: 15 28 34 31 | 09
#1010-d222 @A: 13 28 26 03 | 03
#1011-d222 @A: 32 01 12 06 | 06
#1012-d222 @A: 01 27 10 12 | 12
#1013-d222 @A: 03 33 20 01 | 11
#1014-d222 @A: 19 05 31 01 | 08
#1015-d222 @A: 08 07 09 01 | 01
#1016-d222 @A: 01 20 31 14 | 10
#1017-d222 @A: 14 01 25 18 | 05
#1018-d222 @A: 02 24 25 01 | 04
#1019-d222 @A: 13 09 01 04 | 02
#1020-d222 @A: 34 01 09 25 | 07
#1021-d222 @A: 32 04 34 01 | 09
#1022-d222 @A: 04 15 01 02 | 03
#1023-d222 @A: 25 06 12 09 | 06
#1024-d222 @A: 21 33 12 07 | 12
#1025-d222 @A: 12 19 25 32 | 11
#1026-d222 @A: 34 19 15 12 | 08
#1027-d222 @A: 16 07 12 32 | 01
#1028-d222 @A: 12 04 35 16 | 10
#1029-d222 @A: 23 12 34 32 | 05
#1030-d222 @A: 22 13 12 11 | 04
#1031-d222 @A: 25 08 12 26 | 02
#1032-d222 @A: 12 03 31 23 | 07
#1033-d222 @A: 16 04 06 33 | 09
#1034-d222 @A: 14 19 06 32 | 03
#1035-d222 @A: 05 19 02 06 | 06
#1036-d222 @A: 29 07 34 06 | 12
#1037-d222 @A: 14 13 24 06 | 11
#1038-d222 @A: 06 27 05 35 | 08
#1039-d222 @A: 06 15 24 26 | 01
#1040-d222 @A: 10 06 08 35 | 10
#1041-d222 @A: 29 02 13 06 | 05
#1042-d222 @A: 02 25 30 06 | 04
#1043-d222 @A: 13 06 08 03 | 02
#1044-d222 @A: 10 06 29 16 | 07
#1045-d222 @A: 06 25 13 27 | 09
#1046-d222 @A: 26 31 06 21 | 03
#1047-d222 @A: 11 22 19 33 | 06
#1048-d222 @A: 02 33 14 26 | 12
#1049-d222 @A: 09 05 03 33 | 11
#1050-d222 @A: 33 22 05 29 | 08
#1051-d222 @A: 33 04 10 34 | 01
#1052-d222 @A: 09 14 27 19 | 10
#1053-d222 @A: 05 08 19 15 | 05
#1054-d222 @A: 35 19 03 11 | 04
#1055-d222 @A: 20 19 04 34 | 02
#1056-d222 @A: 22 19 29 10 | 07
#1057-d222 @A: 16 21 22 19 | 09
#1058-d222 @A: 08 19 03 25 | 03
#1059-d222 @A: 10 30 19 08 | 06
#1060-d222 @A: 08 34 19 31 | 12
#1061-d222 @A: 31 21 19 29 | 11
#1062-d222 @A: 07 24 29 35 | 08
#1063-d222 @A: 02 24 04 07 | 01
#1064-d222 @A: 30 20 35 07 | 10
#1065-d222 @A: 07 11 09 21 | 05
#1066-d222 @A: 02 15 34 07 | 04
#1067-d222 @A: 07 23 18 11 | 02
#1068-d222 @A: 22 21 07 31 | 07
#1069-d222 @A: 07 25 03 31 | 09
#1070-d222 @A: 21 27 07 10 | 03
#1071-d222 @A: 30 13 07 16 | 06
#1072-d222 @A: 14 25 35 04 | 12
#1073-d222 @A: 11 15 13 14 | 11
#1074-d222 @A: 30 10 14 22 | 08
#1075-d222 @A: 11 08 10 14 | 01
#1076-d222 @A: 14 10 26 29 | 10
#1077-d222 @A: 26 13 25 14 | 05
#1078-d222 @A: 20 35 34 05 | 04
#1079-d222 @A: 22 35 05 04 | 02
#1080-d222 @A: 23 05 21 16 | 07
#1081-d222 @A: 24 15 27 35 | 09
#1082-d222 @A: 32 09 24 26 | 03
#1083-d222 @A: 34 24 13 09 | 06
#1084-d222 @A: 10 24 32 11 | 12
#1085-d222 @A: 24 31 16 25 | 11
#1086-d222 @A: 26 24 11 31 | 08
#1087-d222 @A: 11 35 21 02 | 01
#1088-d222 @A: 31 02 27 35 | 10
#1089-d222 @A: 09 27 34 32 | 05
#1090-d222 @A: 09 31 25 08 | 04
#1091-d222 @A: 16 26 08 09 | 02
#1092-d222 @A: 03 16 09 27 | 07
#1093-d222 @A: 15 32 18 02 | 09
#1094-d222 @A: 08 22 03 32 | 03
#1095-d222 @A: 13 11 32 08 | 06
#1096-d222 @A: 30 08 31 32 | 12
#1097-d222 @A: 10 21 32 31 | 11
#1098-d222 @A: 31 32 26 03 | 08
#1099-d222 @A: 31 26 34 32 | 01
#1100-d222 @A: 15 18 08 20 | 10
#1101-d222 @A: 20 13 26 02 | 05
#1102-d222 @A: 02 20 23 03 | 04
#1103-d222 @A: 20 27 26 30 | 02
#1104-d222 @A: 15 30 29 26 | 07
#1105-d222 @A: 03 15 25 34 | 09
#1106-d222 @A: 10 21 26 15 | 03
#1107-d222 @A: 22 16 18 23 | 06
#1108-d222 @A: 02 29 27 18 | 12
#1109-d222 @A: 18 02 31 16 | 11
#1110-d222 @A: 27 10 23 18 | 08
#1111-d222 @A: 22 10 08 04 | 01
#1112-d222 @A: 29 22 11 04 | 10
#1113-d222 @A: 31 04 34 02 | 05
#1114-d222 @A: 03 31 29 04 | 04
#1115-d222 @A: 34 26 25 22 | 02
#1116-d222 @A: 25 21 30 34 | 07
#1117-d222 @A: 17 33 01 29 | 09
#1118-d222 @A: 07 12 17 08 | 03
#1119-d222 @A: 29 17 12 35 | 06
#1120-d222 @A: 07 06 26 17 | 12
#1121-d222 @A: 17 29 06 32 | 11
#1122-d222 @A: 32 17 33 16 | 08
#1123-d222 @A: 30 17 07 14 | 01
#1124-d222 @A: 07 34 25 17 | 10
#1125-d222 @A: 23 17 21 14 | 05
#1126-d222 @A: 24 17 29 18 | 04
#1127-d222 @A: 17 35 31 04 | 02
#1128-d222 @A: 17 35 26 10 | 07
#1129-d222 @A: 17 27 32 15 | 09
#1130-d222 @A: 15 04 08 17 | 03
#1131-d222 @A: 02 04 17 22 | 06
#1132-d222 @A: 27 17 13 31 | 12
#1133-d222 @A: 03 17 23 13 | 11
#1134-d222 @A: 10 12 23 28 | 08
#1135-d222 @A: 28 24 15 19 | 01
#1136-d222 @A: 08 19 09 28 | 10
#1137-d222 @A: 04 19 11 28 | 05
#1138-d222 @A: 26 28 32 14 | 04
#1139-d222 @A: 13 14 28 34 | 02
#1140-d222 @A: 29 20 09 28 | 07
#1141-d222 @A: 32 04 29 28 | 09
#1142-d222 @A: 15 10 28 20 | 03
#1143-d222 @A: 25 15 28 18 | 06
#1144-d222 @A: 08 28 03 11 | 12
#1145-d222 @A: 31 13 16 28 | 11
#1146-d222 @A: 30 12 01 14 | 08
#1147-d222 @A: 26 22 06 01 | 01
#1148-d222 @A: 01 33 11 14 | 10
#1149-d222 @A: 04 01 22 33 | 05
#1150-d222 @A: 01 19 15 22 | 04
#1151-d222 @A: 01 30 18 19 | 02
#1152-d222 @A: 01 07 35 15 | 07
#1153-d222 @A: 03 01 14 04 | 09
#1154-d222 @A: 01 22 05 18 | 03
#1155-d222 @A: 01 11 15 09 | 06
#1156-d222 @A: 01 34 18 04 | 12
#1157-d222 @A: 01 22 30 29 | 11
#1158-d222 @A: 02 16 10 01 | 08
#1159-d222 @A: 01 08 26 11 | 01
#1160-d222 @A: 14 23 06 12 | 10
#1161-d222 @A: 02 35 12 33 | 05
#1162-d222 @A: 20 08 33 12 | 04
#1163-d222 @A: 10 12 14 35 | 02
#1164-d222 @A: 12 14 20 25 | 07
#1165-d222 @A: 11 35 12 24 | 09
#1166-d222 @A: 10 09 12 02 | 03
#1167-d222 @A: 21 20 31 12 | 06
#1168-d222 @A: 20 09 07 06 | 12
#1169-d222 @A: 35 14 22 06 | 11
#1170-d222 @A: 05 06 32 16 | 08
#1171-d222 @A: 06 32 23 24 | 01
#1172-d222 @A: 09 06 11 35 | 10
#1173-d222 @A: 15 06 21 20 | 05
#1174-d222 @A: 03 04 06 20 | 04
#1175-d222 @A: 10 20 30 06 | 02
#1176-d222 @A: 06 15 11 04 | 07
#1177-d222 @A: 25 22 03 06 | 09
#1178-d222 @A: 25 11 06 26 | 03
#1179-d222 @A: 06 21 30 27 | 06
#1180-d222 @A: 33 27 20 19 | 12
#1181-d222 @A: 30 19 21 33 | 11
#1182-d222 @A: 04 05 21 33 | 08
#1183-d222 @A: 24 21 33 09 | 01
#1184-d222 @A: 03 32 33 35 | 10
#1185-d222 @A: 33 32 15 34 | 05
#1186-d222 @A: 22 23 33 21 | 04
#1187-d222 @A: 29 33 08 03 | 02
#1188-d222 @A: 27 08 33 26 | 07
#1189-d222 @A: 25 23 03 33 | 09
#1190-d222 @A: 03 11 16 33 | 03
#1191-d222 @A: 07 19 10 09 | 06
#1192-d222 @A: 07 20 16 19 | 12
#1193-d222 @A: 07 08 04 19 | 11
#1194-d222 @A: 05 14 19 30 | 08
#1195-d222 @A: 04 14 19 23 | 01
#1196-d222 @A: 05 19 34 09 | 10
#1197-d222 @A: 18 19 05 03 | 05
#1198-d222 @A: 31 27 22 19 | 04
#1199-d222 @A: 19 02 08 21 | 02
#1200-d222 @A: 25 19 02 29 | 07
#1201-d222 @A: 31 19 23 08 | 09
#1202-d222 @A: 19 03 30 27 | 03
#1203-d222 @A: 10 07 24 14 | 06
#1204-d222 @A: 27 16 05 07 | 12
#1205-d222 @A: 26 22 03 07 | 11
#1206-d222 @A: 25 11 29 07 | 08
#1207-d222 @A: 07 21 34 11 | 01
#1208-d222 @A: 31 07 27 26 | 10
#1209-d222 @A: 14 02 22 03 | 05
#1210-d222 @A: 30 16 14 08 | 04
#1211-d222 @A: 14 25 34 29 | 02
#1212-d222 @A: 27 11 26 14 | 07
#1213-d222 @A: 31 14 03 34 | 09
#1214-d222 @A: 24 05 09 27 | 03
#1215-d222 @A: 15 10 24 05 | 06
#1216-d222 @A: 18 15 05 30 | 12
#1217-d222 @A: 02 08 22 05 | 11
#1218-d222 @A: 08 05 10 34 | 08
#1219-d222 @A: 31 25 34 05 | 01
#1220-d222 @A: 23 27 13 05 | 10
#1221-d222 @A: 20 09 24 13 | 05
#1222-d222 @A: 10 24 08 09 | 04
#1223-d222 @A: 32 29 24 20 | 02
#1224-d222 @A: 25 24 32 18 | 07
#1225-d222 @A: 15 34 24 20 | 09
#1226-d222 @A: 24 08 20 02 | 03
#1227-d222 @A: 18 24 23 15 | 06
#1228-d222 @A: 22 02 27 24 | 12
#1229-d222 @A: 25 09 35 20 | 11
#1230-d222 @A: 23 35 09 34 | 08
#1231-d222 @A: 35 04 29 15 | 01
#1232-d222 @A: 25 35 22 11 | 10
#1233-d222 @A: 35 16 31 08 | 05
#1234-d222 @A: 25 29 35 31 | 04
#1235-d222 @A: 31 35 03 21 | 02
#1236-d222 @A: 09 32 27 18 | 07
#1237-d222 @A: 22 26 25 09 | 09
#1238-d222 @A: 09 11 22 31 | 03
#1239-d222 @A: 09 30 16 29 | 06
#1240-d222 @A: 32 34 02 10 | 12
#1241-d222 @A: 20 23 29 13 | 11
#1242-d222 @A: 29 21 20 27 | 08
#1243-d222 @A: 03 20 29 30 | 01
#1244-d222 @A: 13 15 30 27 | 10
#1245-d222 @A: 15 27 11 23 | 05
#1246-d222 @A: 15 30 03 31 | 04
#1247-d222 @A: 18 10 04 03 | 02
#1248-d222 @A: 18 08 22 25 | 07
#1249-d222 @A: 29 10 11 18 | 09
#1250-d222 @A: 21 18 29 30 | 03
#1251-d222 @A: 13 11 16 18 | 06
#1252-d222 @A: 10 04 30 29 | 12
#1253-d222 @A: 13 04 29 21 | 11
#1254-d222 @A: 13 30 11 04 | 08
#1255-d222 @A: 22 10 16 34 | 01
#1256-d222 @A: 12 17 15 21 | 10
#1257-d222 @A: 12 31 34 17 | 05
#1258-d222 @A: 22 06 09 17 | 04
#1259-d222 @A: 17 35 22 33 | 02
#1260-d222 @A: 02 17 07 32 | 07
#1261-d222 @A: 17 14 11 34 | 09
#1262-d222 @A: 17 29 25 27 | 03
#1263-d222 @A: 17 10 13 34 | 06
#1264-d222 @A: 01 31 33 28 | 12
#1265-d222 @A: 18 12 21 28 | 11
#1266-d222 @A: 06 28 18 11 | 08
#1267-d222 @A: 06 04 28 31 | 01
#1268-d222 @A: 07 16 09 28 | 10
#1269-d222 @A: 05 28 24 23 | 05
#1270-d222 @A: 09 24 28 11 | 04
#1271-d222 @A: 24 32 03 28 | 02
#1272-d222 @A: 28 15 03 35 | 07
#1273-d222 @A: 28 18 04 35 | 09
#1274-d222 @A: 02 30 28 35 | 03
#1275-d222 @A: 35 28 21 26 | 06
#1276-d222 @A: 31 09 26 28 | 12
#1277-d222 @A: 20 32 21 28 | 11
#1278-d222 @A: 08 28 20 31 | 08
#1279-d222 @A: 28 22 02 18 | 01
#1280-d222 @A: 22 25 16 28 | 10
#1281-d222 @A: 02 21 16 28 | 05
#1282-d222 @A: 10 27 13 28 | 04
#1283-d222 @A: 01 12 05 20 | 02
#1284-d222 @A: 19 01 27 06 | 07
#1285-d222 @A: 04 06 01 29 | 09
#1286-d222 @A: 01 33 16 07 | 03
#1287-d222 @A: 01 33 10 05 | 06
#1288-d222 @A: 07 01 02 27 | 12
#1289-d222 @A: 03 30 01 07 | 11
#1290-d222 @A: 14 01 09 29 | 08
#1291-d222 @A: 24 34 22 01 | 01
#1292-d222 @A: 16 01 03 22 | 10
#1293-d222 @A: 02 03 01 11 | 05
#1294-d222 @A: 21 08 25 01 | 04
#1295-d222 @A: 27 30 23 01 | 02
#1296-d222 @A: 12 06 35 21 | 07
#1297-d222 @A: 12 33 15 27 | 09
#1298-d222 @A: 19 12 20 13 | 03
#1299-d222 @A: 12 04 21 19 | 06
#1300-d222 @A: 12 23 19 30 | 12
#1301-d222 @A: 35 23 12 07 | 11
#1302-d222 @A: 27 12 14 18 | 08
#1303-d222 @A: 04 08 05 12 | 01
#1304-d222 @A: 27 12 21 05 | 10
#1305-d222 @A: 12 09 31 27 | 05
#1306-d222 @A: 04 02 12 20 | 04
#1307-d222 @A: 12 23 11 29 | 02
#1308-d222 @A: 34 27 26 12 | 07
#1309-d222 @A: 33 06 34 35 | 09
#1310-d222 @A: 33 32 06 26 | 03
#1311-d222 @A: 33 06 15 22 | 06
#1312-d222 @A: 06 19 13 07 | 12
#1313-d222 @A: 09 19 29 06 | 11
#1314-d222 @A: 07 15 06 10 | 08
#1315-d222 @A: 34 06 16 14 | 01
#1316-d222 @A: 10 05 06 22 | 10
#1317-d222 @A: 24 35 31 06 | 05
#1318-d222 @A: 06 30 03 32 | 04
#1319-d222 @A: 21 04 25 06 | 02
#1320-d222 @A: 29 26 08 06 | 07
#1321-d222 @A: 08 23 11 06 | 09
#1322-d222 @A: 34 06 26 10 | 03
#1323-d222 @A: 23 30 06 13 | 06
#1324-d222 @A: 09 31 19 33 | 12
#1325-d222 @A: 05 33 23 14 | 11
#1326-d222 @A: 26 14 33 34 | 08
#1327-d222 @A: 33 32 04 27 | 01
#1328-d222 @A: 33 08 15 25 | 10
#1329-d222 @A: 33 22 03 27 | 05
#1330-d222 @A: 31 02 25 33 | 04
#1331-d222 @A: 33 03 30 02 | 02
#1332-d222 @A: 27 30 33 10 | 07
#1333-d222 @A: 33 13 31 03 | 09
#1334-d222 @A: 27 32 19 07 | 03
#1335-d222 @A: 11 19 14 29 | 06
#1336-d222 @A: 24 05 19 11 | 12
#1337-d222 @A: 23 19 35 05 | 11
#1338-d222 @A: 19 09 05 13 | 08
#1339-d222 @A: 05 19 04 29 | 01
#1340-d222 @A: 30 20 24 19 | 10
#1341-d222 @A: 31 19 32 35 | 05
#1342-d222 @A: 35 20 19 10 | 04
#1343-d222 @A: 19 10 04 13 | 02
#1344-d222 @A: 29 27 08 19 | 07
#1345-d222 @A: 16 08 19 13 | 09
#1346-d222 @A: 23 16 19 10 | 03
#1347-d222 @A: 14 35 07 11 | 06
#1348-d222 @A: 07 25 15 05 | 12
#1349-d222 @A: 07 09 24 03 | 11
#1350-d222 @A: 07 24 22 15 | 08
#1351-d222 @A: 22 04 07 20 | 01
#1352-d222 @A: 04 16 07 34 | 10
#1353-d222 @A: 29 27 07 30 | 05
#1354-d222 @A: 21 25 16 07 | 04
#1355-d222 @A: 30 31 11 07 | 02
#1356-d222 @A: 26 35 14 05 | 07
#1357-d222 @A: 05 16 09 14 | 09
#1358-d222 @A: 14 09 34 10 | 03
#1359-d222 @A: 14 32 16 15 | 06
#1360-d222 @A: 14 18 02 20 | 12
#1361-d222 @A: 14 31 18 10 | 11
#1362-d222 @A: 29 14 16 22 | 08
#1363-d222 @A: 08 14 34 02 | 01
#1364-d222 @A: 14 16 10 21 | 10
#1365-d222 @A: 05 32 18 13 | 05
#1366-d222 @A: 34 11 15 05 | 04
#1367-d222 @A: 22 03 05 23 | 02
#1368-d222 @A: 05 30 23 02 | 07
#1369-d222 @A: 09 30 15 24 | 09
#1370-d222 @A: 18 24 22 09 | 03
#1371-d222 @A: 24 16 03 34 | 06
#1372-d222 @A: 32 04 23 35 | 12
#1373-d222 @A: 35 13 21 20 | 11
#1374-d222 @A: 15 18 26 35 | 08
#1375-d222 @A: 35 30 31 18 | 01
#1376-d222 @A: 29 08 35 30 | 10
#1377-d222 @A: 35 29 21 10 | 05
#1378-d222 @A: 09 31 32 04 | 04
#1379-d222 @A: 29 09 10 32 | 02
#1380-d222 @A: 18 25 21 09 | 07
#1381-d222 @A: 08 11 29 09 | 09
#1382-d222 @A: 30 11 15 32 | 03
#1383-d222 @A: 32 27 25 08 | 06
#1384-d222 @A: 29 20 02 22 | 12
#1385-d222 @A: 11 22 20 03 | 11
#1386-d222 @A: 21 20 23 11 | 08
#1387-d222 @A: 15 30 02 10 | 01
#1388-d222 @A: 03 15 13 02 | 10
#1389-d222 @A: 03 08 23 15 | 05
#1390-d222 @A: 13 16 29 15 | 04
#1391-d222 @A: 25 15 11 31 | 02
#1392-d222 @A: 18 25 10 02 | 07
#1393-d222 @A: 25 34 18 16 | 09
#1394-d222 @A: 13 18 26 23 | 03
#1395-d222 @A: 22 04 30 25 | 06
#1396-d222 @A: 27 04 22 16 | 12
#1397-d222 @A: 11 13 25 34 | 11
#1398-d222 @A: 34 10 23 11 | 08
#1399-d222 @A: 34 16 31 23 | 01
#1400-d222 @A: 01 02 17 12 | 10
#1401-d222 @A: 19 07 17 01 | 05
#1402-d222 @A: 30 24 12 17 | 04
#1403-d222 @A: 06 19 20 17 | 02
#1404-d222 @A: 26 25 17 19 | 07
#1405-d222 @A: 15 31 07 17 | 09
#1406-d222 @A: 17 32 14 08 | 03
#1407-d222 @A: 15 03 17 24 | 06
#1408-d222 @A: 17 34 24 04 | 12
#1409-d222 @A: 17 21 08 24 | 11
#1410-d222 @A: 20 02 15 17 | 08
#1411-d222 @A: 18 34 17 20 | 01
#1412-d222 @A: 15 34 17 30 | 10
#1413-d222 @A: 13 02 30 17 | 05
#1414-d222 @A: 17 11 27 02 | 04
#1415-d222 @A: 08 16 03 17 | 02
#1416-d222 @A: 17 30 03 25 | 07
#1417-d222 @A: 27 28 12 19 | 09
#1418-d222 @A: 30 28 06 33 | 03
#1419-d222 @A: 06 27 15 28 | 06
#1420-d222 @A: 07 33 28 03 | 12
#1421-d222 @A: 19 16 32 28 | 11
#1422-d222 @A: 19 28 03 23 | 08
#1423-d222 @A: 07 28 13 14 | 01
#1424-d222 @A: 20 28 02 07 | 10
#1425-d222 @A: 28 07 25 27 | 05
#1426-d222 @A: 31 24 28 29 | 04
#1427-d222 @A: 28 11 35 16 | 02
#1428-d222 @A: 28 27 32 11 | 07
#1429-d222 @A: 15 21 04 28 | 09
#1430-d222 @A: 30 28 11 21 | 03
#1431-d222 @A: 20 08 01 06 | 06
#1432-d222 @A: 06 13 11 01 | 12
#1433-d222 @A: 35 29 19 01 | 11
#1434-d222 @A: 05 29 24 01 | 08
#1435-d222 @A: 05 04 27 01 | 01
#1436-d222 @A: 01 03 09 31 | 10
#1437-d222 @A: 21 13 01 02 | 05
#1438-d222 @A: 25 16 13 01 | 04
#1439-d222 @A: 26 23 10 01 | 02
#1440-d222 @A: 27 31 21 01 | 07
#1441-d222 @A: 23 03 21 01 | 09
#1442-d222 @A: 05 12 07 06 | 03
#1443-d222 @A: 06 24 22 12 | 06
#1444-d222 @A: 13 12 33 32 | 12
#1445-d222 @A: 05 10 12 19 | 11
#1446-d222 @A: 02 19 15 12 | 08
#1447-d222 @A: 12 07 25 24 | 01
#1448-d222 @A: 20 07 12 26 | 10
#1449-d222 @A: 12 14 09 24 | 05
#1450-d222 @A: 18 25 05 12 | 04
#1451-d222 @A: 03 12 18 09 | 02
#1452-d222 @A: 22 34 09 12 | 07
#1453-d222 @A: 23 32 02 12 | 09
#1454-d222 @A: 15 12 20 30 | 03
#1455-d222 @A: 18 12 34 03 | 06
#1456-d222 @A: 31 07 33 06 | 12
#1457-d222 @A: 27 06 33 11 | 11
#1458-d222 @A: 30 06 19 26 | 08
#1459-d222 @A: 26 14 06 18 | 01
#1460-d222 @A: 06 04 18 05 | 10
#1461-d222 @A: 06 32 21 09 | 05
#1462-d222 @A: 06 11 02 34 | 04
#1463-d222 @A: 18 07 22 33 | 02
#1464-d222 @A: 14 33 29 04 | 07
#1465-d222 @A: 32 08 33 24 | 09
#1466-d222 @A: 33 13 24 04 | 03
#1467-d222 @A: 25 09 33 32 | 06
#1468-d222 @A: 21 09 34 33 | 12
#1469-d222 @A: 20 32 31 33 | 11
#1470-d222 @A: 10 33 26 16 | 08
#1471-d222 @A: 23 11 30 33 | 01
#1472-d222 @A: 21 33 03 26 | 10
#1473-d222 @A: 19 16 25 14 | 05
#1474-d222 @A: 26 19 14 21 | 04
#1475-d222 @A: 24 19 04 18 | 02
#1476-d222 @A: 24 13 19 27 | 07
#1477-d222 @A: 09 22 32 19 | 09
#1478-d222 @A: 02 19 20 09 | 03
#1479-d222 @A: 19 26 15 32 | 06
#1480-d222 @A: 19 18 15 10 | 12
#1481-d222 @A: 25 10 21 19 | 11
#1482-d222 @A: 26 11 34 19 | 08
#1483-d222 @A: 26 27 19 16 | 01
#1484-d222 @A: 05 07 29 13 | 10
#1485-d222 @A: 27 07 15 09 | 05
#1486-d222 @A: 03 20 07 08 | 04
#1487-d222 @A: 30 04 07 15 | 02
#1488-d222 @A: 08 15 07 13 | 07
#1489-d222 @A: 20 14 08 05 | 09
#1490-d222 @A: 24 14 26 04 | 03
#1491-d222 @A: 09 20 30 14 | 06
#1492-d222 @A: 22 18 14 15 | 12
#1493-d222 @A: 11 02 16 14 | 11
#1494-d222 @A: 21 14 31 25 | 08
#1495-d222 @A: 30 26 23 14 | 01
#1496-d222 @A: 05 18 34 24 | 10
#1497-d222 @A: 09 05 21 20 | 05
#1498-d222 @A: 20 16 15 05 | 04
#1499-d222 @A: 20 31 18 05 | 02
#1500-d222 @A: 03 05 20 13 | 07
#1501-d222 @A: 05 04 26 15 | 09
#1502-d222 @A: 22 26 13 05 | 03
#1503-d222 @A: 13 02 11 05 | 06
#1504-d222 @A: 25 05 26 16 | 12
#1505-d222 @A: 03 16 30 05 | 11
#1506-d222 @A: 35 34 26 24 | 08
#1507-d222 @A: 25 15 24 20 | 01
#1508-d222 @A: 29 24 10 23 | 10
#1509-d222 @A: 18 35 32 10 | 05
#1510-d222 @A: 08 35 15 11 | 04
#1511-d222 @A: 30 23 35 25 | 02
#1512-d222 @A: 09 04 20 11 | 07
#1513-d222 @A: 09 15 04 34 | 09
#1514-d222 @A: 18 09 34 29 | 03
#1515-d222 @A: 02 08 13 09 | 06
#1516-d222 @A: 27 09 26 02 | 12
#1517-d222 @A: 31 34 08 09 | 11
#1518-d222 @A: 08 21 09 23 | 08
#1519-d222 @A: 10 09 13 25 | 01
#1520-d222 @A: 27 09 30 25 | 10
#1521-d222 @A: 09 34 16 30 | 05
#1522-d222 @A: 04 18 32 20 | 04
#1523-d222 @A: 23 31 32 15 | 02
#1524-d222 @A: 08 23 32 29 | 07
#1525-d222 @A: 25 34 32 08 | 09
#1526-d222 @A: 26 29 32 11 | 03
#1527-d222 @A: 30 10 25 32 | 06
#1528-d222 @A: 26 04 20 29 | 12
#1529-d222 @A: 11 20 30 08 | 11
#1530-d222 @A: 29 10 31 20 | 08
#1531-d222 @A: 20 34 16 29 | 01
#1532-d222 @A: 10 20 03 26 | 10
#1533-d222 @A: 20 27 11 31 | 05
#1534-d222 @A: 30 23 15 22 | 04
#1535-d222 @A: 15 31 27 29 | 02
#1536-d222 @A: 10 15 25 23 | 07
#1537-d222 @A: 04 18 11 21 | 09
#1538-d222 @A: 26 16 18 04 | 03
#1539-d222 @A: 18 26 02 03 | 06
#1540-d222 @A: 11 18 30 25 | 12
#1541-d222 @A: 21 31 13 18 | 11
#1542-d222 @A: 22 27 04 34 | 08
#1543-d222 @A: 29 02 04 16 | 01
#1544-d222 @A: 08 04 30 26 | 10
#1545-d222 @A: 04 34 03 29 | 05
#1546-d222 @A: 10 26 27 04 | 04
#1547-d222 @A: 34 30 02 26 | 02
#1548-d222 @A: 16 34 26 08 | 07
#1549-d222 @A: 34 29 31 11 | 09
#1550-d222 @A: 28 32 17 25 | 03
#1551-d222 @A: 17 28 08 27 | 06
#1552-d222 @A: 28 17 10 29 | 12
#1553-d222 @A: 35 17 01 08 | 11
#1554-d222 @A: 14 17 03 06 | 08
#1555-d222 @A: 30 17 06 04 | 01
#1556-d222 @A: 17 02 05 33 | 10
#1557-d222 @A: 10 19 17 32 | 05
#1558-d222 @A: 17 29 05 34 | 04
#1559-d222 @A: 20 31 17 09 | 02
#1560-d222 @A: 17 30 18 32 | 07
#1561-d222 @A: 04 32 11 17 | 09
#1562-d222 @A: 21 10 17 02 | 03
#1563-d222 @A: 30 26 21 17 | 06
#1564-d222 @A: 28 35 01 23 | 12
#1565-d222 @A: 12 28 09 33 | 11
#1566-d222 @A: 28 12 15 07 | 08
#1567-d222 @A: 08 28 24 12 | 01
#1568-d222 @A: 14 06 21 28 | 10
#1569-d222 @A: 06 24 28 25 | 05
#1570-d222 @A: 06 20 28 23 | 04
#1571-d222 @A: 34 07 35 28 | 02
#1572-d222 @A: 05 04 28 16 | 07
#1573-d222 @A: 30 28 04 24 | 09
#1574-d222 @A: 20 27 35 28 | 03
#1575-d222 @A: 28 09 04 27 | 06
#1576-d222 @A: 15 11 28 29 | 12
#1577-d222 @A: 34 28 21 04 | 11
#1578-d222 @A: 23 13 28 11 | 08
#1579-d222 @A: 12 16 19 01 | 01
#1580-d222 @A: 01 26 24 12 | 10
#1581-d222 @A: 01 21 06 33 | 05
#1582-d222 @A: 06 01 09 05 | 04
#1583-d222 @A: 06 24 01 03 | 02
#1584-d222 @A: 01 16 06 15 | 07
#1585-d222 @A: 24 33 01 30 | 09
#1586-d222 @A: 01 26 07 14 | 03
#1587-d222 @A: 35 05 16 01 | 06
#1588-d222 @A: 15 01 26 31 | 12
#1589-d222 @A: 31 29 02 01 | 11
#1590-d222 @A: 10 13 08 01 | 08
#1591-d222 @A: 34 01 29 13 | 01
#1592-d222 @A: 01 11 21 29 | 10
#1593-d222 @A: 30 34 10 01 | 05
#1594-d222 @A: 26 13 30 01 | 04
#1595-d222 @A: 20 06 34 12 | 02
#1596-d222 @A: 06 12 02 11 | 07
#1597-d222 @A: 12 19 29 33 | 09
#1598-d222 @A: 12 33 14 03 | 03
#1599-d222 @A: 12 16 33 22 | 06
#1600-d222 @A: 04 27 07 12 | 12
#1601-d222 @A: 10 12 07 22 | 11
#1602-d222 @A: 12 14 34 21 | 08
#1603-d222 @A: 12 05 30 35 | 01
#1604-d222 @A: 12 21 32 24 | 10
#1605-d222 @A: 10 16 12 24 | 05
#1606-d222 @A: 10 18 12 20 | 04
#1607-d222 @A: 23 15 13 12 | 02
#1608-d222 @A: 21 03 12 22 | 07
#1609-d222 @A: 16 12 02 27 | 09
#1610-d222 @A: 12 08 10 03 | 03
#1611-d222 @A: 12 13 26 21 | 06
#1612-d222 @A: 13 19 34 06 | 12
#1613-d222 @A: 30 08 06 07 | 11
#1614-d222 @A: 14 09 31 06 | 08
#1615-d222 @A: 06 04 14 27 | 01
#1616-d222 @A: 24 05 06 30 | 10
#1617-d222 @A: 02 09 06 15 | 05
#1618-d222 @A: 02 06 04 32 | 04
#1619-d222 @A: 18 20 27 06 | 02
#1620-d222 @A: 11 06 16 21 | 07
#1621-d222 @A: 06 16 26 23 | 09
#1622-d222 @A: 33 19 34 14 | 03
#1623-d222 @A: 14 30 32 33 | 06
#1624-d222 @A: 29 33 16 35 | 12
#1625-d222 @A: 20 33 11 15 | 11
#1626-d222 @A: 02 22 10 33 | 08
#1627-d222 @A: 11 33 29 02 | 01
#1628-d222 @A: 33 02 27 13 | 10
#1629-d222 @A: 10 29 25 33 | 05
#1630-d222 @A: 13 33 21 25 | 04
#1631-d222 @A: 16 33 13 23 | 02
#1632-d222 @A: 33 27 23 31 | 07
#1633-d222 @A: 19 24 07 23 | 09
#1634-d222 @A: 19 07 11 15 | 03
#1635-d222 @A: 19 24 31 14 | 06
#1636-d222 @A: 08 14 19 18 | 12
#1637-d222 @A: 11 18 32 19 | 11
#1638-d222 @A: 19 29 20 15 | 08
#1639-d222 @A: 30 19 15 25 | 01
#1640-d222 @A: 19 02 30 22 | 10
#1641-d222 @A: 29 13 19 26 | 05
#1642-d222 @A: 10 19 31 03 | 04
#1643-d222 @A: 30 19 13 31 | 02
#1644-d222 @A: 04 16 14 07 | 07
#1645-d222 @A: 24 08 05 07 | 09
#1646-d222 @A: 07 15 03 32 | 03
#1647-d222 @A: 26 07 02 08 | 06
#1648-d222 @A: 07 16 29 26 | 12
#1649-d222 @A: 27 14 15 05 | 11
#1650-d222 @A: 14 29 21 24 | 08
#1651-d222 @A: 24 14 23 16 | 01
#1652-d222 @A: 35 21 09 14 | 10
#1653-d222 @A: 15 20 26 14 | 05
#1654-d222 @A: 21 14 20 04 | 04
#1655-d222 @A: 14 29 15 02 | 02
#1656-d222 @A: 22 11 14 21 | 07
#1657-d222 @A: 14 23 03 29 | 09
#1658-d222 @A: 35 03 05 24 | 03
#1659-d222 @A: 10 05 02 20 | 06
#1660-d222 @A: 05 11 08 25 | 12
#1661-d222 @A: 27 10 05 29 | 11
#1662-d222 @A: 24 02 09 35 | 08
#1663-d222 @A: 35 22 24 23 | 01
#1664-d222 @A: 25 24 35 10 | 10
#1665-d222 @A: 04 10 20 24 | 05
#1666-d222 @A: 31 15 24 21 | 04
#1667-d222 @A: 27 16 08 24 | 02
#1668-d222 @A: 24 11 23 03 | 07
#1669-d222 @A: 21 11 24 27 | 09
#1670-d222 @A: 34 02 25 35 | 03
#1671-d222 @A: 03 10 02 35 | 06
#1672-d222 @A: 16 35 10 27 | 12
#1673-d222 @A: 15 09 04 23 | 11
#1674-d222 @A: 29 03 22 09 | 08
#1675-d222 @A: 10 23 22 09 | 01
#1676-d222 @A: 27 21 09 13 | 10
#1677-d222 @A: 21 09 30 31 | 05
#1678-d222 @A: 22 20 15 32 | 04
#1679-d222 @A: 04 32 15 25 | 02
#1680-d222 @A: 16 29 32 25 | 07
#1681-d222 @A: 10 23 13 32 | 09
#1682-d222 @A: 16 02 30 20 | 03
#1683-d222 @A: 27 20 16 13 | 06
#1684-d222 @A: 23 20 31 30 | 12
#1685-d222 @A: 03 15 22 04 | 11
#1686-d222 @A: 13 34 15 08 | 08
#1687-d222 @A: 22 18 13 29 | 01
#1688-d222 @A: 34 30 27 18 | 10
#1689-d222 @A: 23 04 30 16 | 05
