#0001-d296 @A: 10 06 12 02 | 03
#0002-d296 @A: 22 23 07 02 | 08
#0003-d296 @A: 22 02 27 33 | 12
#0004-d296 @A: 02 25 06 22 | 04
#0005-d296 @A: 19 22 05 02 | 11
#0006-d296 @A: 22 11 02 16 | 10
#0007-d296 @A: 27 10 02 19 | 01
#0008-d296 @A: 34 13 10 02 | 09
#0009-d296 @A: 02 25 03 28 | 06
#0010-d296 @A: 25 01 17 02 | 05
#0011-d296 @A: 23 15 02 20 | 02
#0012-d296 @A: 02 23 25 04 | 07
#0013-d296 @A: 02 21 25 18 | 03
#0014-d296 @A: 14 16 33 02 | 08
#0015-d296 @A: 29 13 11 02 | 12
#0016-d296 @A: 14 29 05 02 | 04
#0017-d296 @A: 30 29 02 09 | 11
#0018-d296 @A: 25 30 02 08 | 10
#0019-d296 @A: 25 02 09 24 | 01
#0020-d296 @A: 18 23 02 31 | 09
#0021-d296 @A: 24 18 02 17 | 06
#0022-d296 @A: 01 17 12 22 | 05
#0023-d296 @A: 16 14 12 22 | 02
#0024-d296 @A: 03 28 12 29 | 07
#0025-d296 @A: 29 12 09 01 | 03
#0026-d296 @A: 27 17 35 12 | 08
#0027-d296 @A: 12 06 21 29 | 12
#0028-d296 @A: 16 21 34 12 | 04
#0029-d296 @A: 33 29 18 12 | 11
#0030-d296 @A: 12 05 33 30 | 10
#0031-d296 @A: 13 31 25 12 | 01
#0032-d296 @A: 34 13 12 14 | 09
#0033-d296 @A: 16 35 12 09 | 06
#0034-d296 @A: 06 12 17 23 | 05
#0035-d296 @A: 04 30 10 22 | 02
#0036-d296 @A: 23 01 15 22 | 07
#0037-d296 @A: 22 25 01 16 | 03
#0038-d296 @A: 04 22 32 17 | 08
#0039-d296 @A: 15 25 20 22 | 12
#0040-d296 @A: 06 15 09 22 | 04
#0041-d296 @A: 07 29 34 22 | 11
#0042-d296 @A: 23 21 22 30 | 10
#0043-d296 @A: 33 11 09 22 | 01
#0044-d296 @A: 33 19 22 20 | 09
#0045-d296 @A: 35 22 25 08 | 06
#0046-d296 @A: 31 08 22 19 | 05
#0047-d296 @A: 22 20 09 31 | 02
#0048-d296 @A: 28 22 24 11 | 07
#0049-d296 @A: 35 16 31 22 | 03
#0050-d296 @A: 11 23 22 05 | 08
#0051-d296 @A: 03 04 10 15 | 12
#0052-d296 @A: 03 10 31 33 | 04
#0053-d296 @A: 10 35 03 08 | 11
#0054-d296 @A: 10 01 24 07 | 10
#0055-d296 @A: 01 29 06 10 | 01
#0056-d296 @A: 07 20 21 10 | 09
#0057-d296 @A: 11 10 29 21 | 06
#0058-d296 @A: 25 10 16 35 | 05
#0059-d296 @A: 05 28 34 10 | 02
#0060-d296 @A: 06 30 19 10 | 07
#0061-d296 @A: 01 35 27 03 | 03
#0062-d296 @A: 03 01 21 30 | 08
#0063-d296 @A: 27 32 34 03 | 12
#0064-d296 @A: 32 03 35 33 | 04
#0065-d296 @A: 26 13 03 32 | 11
#0066-d296 @A: 03 28 18 07 | 10
#0067-d296 @A: 33 03 27 23 | 01
#0068-d296 @A: 29 14 03 18 | 09
#0069-d296 @A: 08 03 13 34 | 06
#0070-d296 @A: 03 18 35 06 | 05
#0071-d296 @A: 03 11 18 26 | 02
#0072-d296 @A: 28 05 26 03 | 07
#0073-d296 @A: 21 01 15 11 | 03
#0074-d296 @A: 04 29 01 05 | 08
#0075-d296 @A: 24 27 01 25 | 12
#0076-d296 @A: 21 19 01 13 | 04
#0077-d296 @A: 14 01 21 05 | 11
#0078-d296 @A: 30 14 01 20 | 10
#0079-d296 @A: 11 24 01 09 | 01
#0080-d296 @A: 23 18 28 01 | 09
#0081-d296 @A: 01 34 23 17 | 06
#0082-d296 @A: 31 32 15 09 | 05
#0083-d296 @A: 17 07 32 27 | 02
#0084-d296 @A: 27 32 08 19 | 07
#0085-d296 @A: 32 25 27 14 | 03
#0086-d296 @A: 14 32 17 08 | 08
#0087-d296 @A: 18 32 34 28 | 12
#0088-d296 @A: 35 31 18 32 | 04
#0089-d296 @A: 05 32 06 34 | 11
#0090-d296 @A: 34 23 30 32 | 10
#0091-d296 @A: 15 14 07 23 | 01
#0092-d296 @A: 15 27 19 29 | 09
#0093-d296 @A: 15 08 19 21 | 06
#0094-d296 @A: 13 15 29 24 | 05
#0095-d296 @A: 15 14 29 34 | 02
#0096-d296 @A: 15 13 26 08 | 07
#0097-d296 @A: 13 15 19 14 | 03
#0098-d296 @A: 31 26 28 15 | 08
#0099-d296 @A: 08 07 28 04 | 12
#0100-d296 @A: 29 18 21 07 | 04
#0101-d296 @A: 21 13 07 30 | 11
#0102-d296 @A: 25 23 07 21 | 10
#0103-d296 @A: 13 08 07 16 | 01
#0104-d296 @A: 09 07 13 25 | 09
#0105-d296 @A: 17 19 07 14 | 06
#0106-d296 @A: 07 28 30 18 | 05
#0107-d296 @A: 07 06 17 18 | 02
#0108-d296 @A: 20 07 28 05 | 07
#0109-d296 @A: 35 07 19 31 | 03
#0110-d296 @A: 17 07 31 34 | 08
#0111-d296 @A: 16 04 25 27 | 12
#0112-d296 @A: 09 27 04 34 | 04
#0113-d296 @A: 04 31 33 14 | 11
#0114-d296 @A: 04 08 25 17 | 10
#0115-d296 @A: 13 04 05 30 | 01
#0116-d296 @A: 06 09 04 16 | 09
#0117-d296 @A: 35 29 08 27 | 06
#0118-d296 @A: 27 18 08 28 | 05
#0119-d296 @A: 27 14 24 11 | 02
#0120-d296 @A: 35 18 27 24 | 07
#0121-d296 @A: 06 31 27 05 | 03
#0122-d296 @A: 23 17 27 31 | 08
#0123-d296 @A: 34 24 27 23 | 12
#0124-d296 @A: 33 25 35 21 | 04
#0125-d296 @A: 18 31 28 21 | 11
#0126-d296 @A: 18 21 11 17 | 10
#0127-d296 @A: 35 21 31 17 | 01
#0128-d296 @A: 16 05 21 19 | 09
#0129-d296 @A: 08 13 33 24 | 06
#0130-d296 @A: 26 13 14 33 | 05
#0131-d296 @A: 18 34 09 33 | 02
#0132-d296 @A: 05 33 09 17 | 07
#0133-d296 @A: 30 33 28 17 | 03
#0134-d296 @A: 19 31 11 33 | 08
#0135-d296 @A: 08 29 30 06 | 12
#0136-d296 @A: 18 29 30 20 | 04
#0137-d296 @A: 29 20 26 06 | 11
#0138-d296 @A: 30 29 16 17 | 10
#0139-d296 @A: 34 29 11 24 | 01
#0140-d296 @A: 17 08 31 06 | 09
#0141-d296 @A: 24 08 11 31 | 06
#0142-d296 @A: 17 19 26 08 | 05
#0143-d296 @A: 24 35 13 31 | 02
#0144-d296 @A: 24 30 31 13 | 07
#0145-d296 @A: 05 13 23 20 | 03
#0146-d296 @A: 30 11 13 26 | 08
#0147-d296 @A: 14 06 25 11 | 12
#0148-d296 @A: 05 18 25 28 | 04
#0149-d296 @A: 26 25 34 18 | 11
#0150-d296 @A: 11 25 34 16 | 10
#0151-d296 @A: 26 06 09 14 | 01
#0152-d296 @A: 30 16 09 31 | 09
#0153-d296 @A: 09 13 12 02 | 06
#0154-d296 @A: 10 21 02 35 | 05
#0155-d296 @A: 14 10 20 02 | 02
#0156-d296 @A: 03 21 26 02 | 07
#0157-d296 @A: 33 03 09 02 | 03
#0158-d296 @A: 01 02 33 05 | 08
#0159-d296 @A: 24 32 33 02 | 12
#0160-d296 @A: 29 15 18 02 | 04
#0161-d296 @A: 02 07 09 17 | 11
#0162-d296 @A: 07 05 30 02 | 10
#0163-d296 @A: 04 28 02 33 | 01
#0164-d296 @A: 28 02 27 34 | 09
#0165-d296 @A: 21 08 23 02 | 06
#0166-d296 @A: 33 02 17 08 | 05
#0167-d296 @A: 19 02 33 26 | 02
#0168-d296 @A: 19 13 23 02 | 07
#0169-d296 @A: 19 16 02 34 | 03
#0170-d296 @A: 21 12 26 22 | 08
#0171-d296 @A: 12 10 20 26 | 12
#0172-d296 @A: 21 03 35 12 | 04
#0173-d296 @A: 03 17 12 14 | 11
#0174-d296 @A: 12 04 08 01 | 10
#0175-d296 @A: 18 01 13 12 | 01
#0176-d296 @A: 15 28 12 25 | 09
#0177-d296 @A: 12 27 07 18 | 06
#0178-d296 @A: 07 06 30 12 | 05
#0179-d296 @A: 25 04 20 12 | 02
#0180-d296 @A: 21 12 25 14 | 07
#0181-d296 @A: 12 11 29 05 | 03
#0182-d296 @A: 08 25 12 24 | 08
#0183-d296 @A: 23 12 31 09 | 12
#0184-d296 @A: 19 12 06 09 | 04
#0185-d296 @A: 12 28 06 34 | 11
#0186-d296 @A: 05 12 19 34 | 10
#0187-d296 @A: 22 05 15 10 | 01
#0188-d296 @A: 22 31 10 13 | 09
#0189-d296 @A: 28 10 35 22 | 06
#0190-d296 @A: 07 05 22 01 | 05
#0191-d296 @A: 06 22 01 13 | 02
#0192-d296 @A: 32 05 22 08 | 07
#0193-d296 @A: 31 07 22 25 | 03
#0194-d296 @A: 14 05 27 22 | 08
#0195-d296 @A: 13 35 22 29 | 12
#0196-d296 @A: 20 22 18 23 | 04
#0197-d296 @A: 34 28 22 31 | 11
#0198-d296 @A: 16 22 28 05 | 10
#0199-d296 @A: 13 10 24 03 | 01
#0200-d296 @A: 15 34 10 01 | 09
#0201-d296 @A: 32 10 07 15 | 06
#0202-d296 @A: 32 10 19 26 | 05
#0203-d296 @A: 07 10 08 31 | 02
#0204-d296 @A: 04 11 34 10 | 07
#0205-d296 @A: 27 20 23 10 | 03
#0206-d296 @A: 21 08 10 24 | 08
#0207-d296 @A: 10 18 30 35 | 12
#0208-d296 @A: 10 23 35 34 | 04
#0209-d296 @A: 19 10 17 31 | 11
#0210-d296 @A: 10 11 16 26 | 10
#0211-d296 @A: 23 03 14 01 | 01
#0212-d296 @A: 17 03 05 32 | 09
#0213-d296 @A: 03 11 27 15 | 06
#0214-d296 @A: 30 35 15 03 | 05
#0215-d296 @A: 03 09 07 21 | 02
#0216-d296 @A: 30 03 07 23 | 07
#0217-d296 @A: 26 04 31 03 | 03
#0218-d296 @A: 06 23 21 03 | 08
#0219-d296 @A: 11 25 03 08 | 12
#0220-d296 @A: 05 13 03 14 | 04
#0221-d296 @A: 03 25 35 31 | 11
#0222-d296 @A: 03 19 18 31 | 10
#0223-d296 @A: 20 03 35 23 | 01
#0224-d296 @A: 01 32 17 33 | 09
#0225-d296 @A: 13 16 15 01 | 06
#0226-d296 @A: 16 27 01 09 | 05
#0227-d296 @A: 35 27 01 30 | 02
#0228-d296 @A: 08 20 33 01 | 07
#0229-d296 @A: 18 01 33 14 | 03
#0230-d296 @A: 01 13 29 30 | 08
#0231-d296 @A: 16 01 11 28 | 12
#0232-d296 @A: 31 01 23 19 | 04
#0233-d296 @A: 01 23 24 05 | 11
#0234-d296 @A: 32 15 16 04 | 10
#0235-d296 @A: 15 32 11 30 | 01
#0236-d296 @A: 27 32 35 23 | 09
#0237-d296 @A: 27 32 30 31 | 06
#0238-d296 @A: 33 13 32 34 | 05
#0239-d296 @A: 32 09 18 19 | 02
#0240-d296 @A: 27 20 15 07 | 07
#0241-d296 @A: 15 05 08 04 | 03
#0242-d296 @A: 21 16 33 15 | 08
#0243-d296 @A: 33 19 15 09 | 12
#0244-d296 @A: 06 31 15 29 | 04
#0245-d296 @A: 15 08 06 25 | 11
#0246-d296 @A: 24 20 15 05 | 10
#0247-d296 @A: 15 26 19 20 | 01
#0248-d296 @A: 07 04 30 11 | 09
#0249-d296 @A: 25 07 08 18 | 06
#0250-d296 @A: 06 05 07 13 | 05
#0251-d296 @A: 19 07 20 09 | 02
#0252-d296 @A: 19 06 07 34 | 07
#0253-d296 @A: 26 29 04 08 | 03
#0254-d296 @A: 04 13 25 19 | 08
#0255-d296 @A: 34 13 06 04 | 12
#0256-d296 @A: 04 25 28 26 | 04
#0257-d296 @A: 31 04 17 09 | 11
#0258-d296 @A: 05 04 23 09 | 10
#0259-d296 @A: 34 04 26 30 | 01
#0260-d296 @A: 20 27 28 33 | 09
#0261-d296 @A: 27 08 13 31 | 06
#0262-d296 @A: 14 23 27 13 | 05
#0263-d296 @A: 25 27 11 19 | 02
#0264-d296 @A: 09 27 23 19 | 07
#0265-d296 @A: 26 11 27 31 | 03
#0266-d296 @A: 06 26 34 27 | 08
#0267-d296 @A: 27 30 23 24 | 12
#0268-d296 @A: 21 29 08 05 | 04
#0269-d296 @A: 31 21 34 11 | 11
#0270-d296 @A: 23 11 20 21 | 10
#0271-d296 @A: 16 26 21 17 | 01
#0272-d296 @A: 19 34 23 21 | 09
#0273-d296 @A: 28 08 33 09 | 06
#0274-d296 @A: 13 17 25 33 | 05
#0275-d296 @A: 33 24 35 09 | 02
#0276-d296 @A: 31 16 09 33 | 07
#0277-d296 @A: 33 31 28 17 | 03
#0278-d296 @A: 33 35 19 23 | 08
#0279-d296 @A: 16 05 26 33 | 12
#0280-d296 @A: 29 08 16 23 | 04
#0281-d296 @A: 23 26 05 29 | 11
#0282-d296 @A: 31 18 34 13 | 10
#0283-d296 @A: 06 30 28 13 | 01
#0284-d296 @A: 35 06 23 13 | 09
#0285-d296 @A: 31 17 13 05 | 06
#0286-d296 @A: 34 13 23 11 | 05
#0287-d296 @A: 13 24 16 23 | 02
#0288-d296 @A: 18 25 20 31 | 07
#0289-d296 @A: 25 23 31 11 | 03
#0290-d296 @A: 17 26 14 18 | 08
#0291-d296 @A: 11 35 30 28 | 12
#0292-d296 @A: 35 05 17 30 | 04
#0293-d296 @A: 02 23 12 03 | 11
#0294-d296 @A: 07 12 01 02 | 10
#0295-d296 @A: 03 34 04 02 | 01
#0296-d296 @A: 01 08 16 02 | 09
#0297-d296 @A: 32 30 21 02 | 06
#0298-d296 @A: 32 02 29 20 | 05
#0299-d296 @A: 11 02 15 25 | 02
#0300-d296 @A: 07 02 27 11 | 07
#0301-d296 @A: 07 08 35 02 | 03
#0302-d296 @A: 19 02 35 04 | 08
#0303-d296 @A: 27 02 17 29 | 12
#0304-d296 @A: 08 18 02 13 | 04
#0305-d296 @A: 34 02 31 09 | 11
#0306-d296 @A: 02 06 20 09 | 10
#0307-d296 @A: 23 28 02 24 | 01
#0308-d296 @A: 02 17 23 35 | 09
#0309-d296 @A: 28 12 07 22 | 06
#0310-d296 @A: 10 28 12 27 | 05
#0311-d296 @A: 11 13 03 12 | 02
#0312-d296 @A: 12 06 32 01 | 07
#0313-d296 @A: 33 32 12 28 | 03
#0314-d296 @A: 32 35 12 25 | 08
#0315-d296 @A: 35 24 12 04 | 12
#0316-d296 @A: 19 12 27 14 | 04
#0317-d296 @A: 29 35 12 14 | 11
#0318-d296 @A: 28 12 17 08 | 10
#0319-d296 @A: 13 05 35 12 | 01
#0320-d296 @A: 09 28 26 12 | 09
#0321-d296 @A: 24 12 11 18 | 06
#0322-d296 @A: 28 24 05 12 | 05
#0323-d296 @A: 26 19 35 12 | 02
#0324-d296 @A: 06 05 26 12 | 07
#0325-d296 @A: 21 22 19 03 | 03
#0326-d296 @A: 31 11 22 01 | 08
#0327-d296 @A: 15 14 17 22 | 12
#0328-d296 @A: 35 04 22 27 | 04
#0329-d296 @A: 28 22 27 13 | 11
#0330-d296 @A: 17 22 27 25 | 10
#0331-d296 @A: 31 22 24 21 | 01
#0332-d296 @A: 22 25 33 18 | 09
#0333-d296 @A: 14 23 08 22 | 06
#0334-d296 @A: 30 13 34 22 | 05
#0335-d296 @A: 17 22 18 35 | 02
#0336-d296 @A: 31 06 23 22 | 07
#0337-d296 @A: 26 22 20 16 | 03
#0338-d296 @A: 22 17 26 06 | 08
#0339-d296 @A: 10 27 32 24 | 12
#0340-d296 @A: 26 04 10 33 | 04
#0341-d296 @A: 17 23 10 04 | 11
#0342-d296 @A: 27 29 10 34 | 10
#0343-d296 @A: 21 30 10 35 | 01
#0344-d296 @A: 29 24 10 05 | 09
#0345-d296 @A: 08 10 34 17 | 06
#0346-d296 @A: 10 16 09 18 | 05
#0347-d296 @A: 06 28 10 11 | 02
#0348-d296 @A: 10 23 28 26 | 07
#0349-d296 @A: 20 16 17 10 | 03
#0350-d296 @A: 17 24 10 26 | 08
#0351-d296 @A: 07 01 03 31 | 12
#0352-d296 @A: 33 01 03 26 | 04
#0353-d296 @A: 08 23 03 07 | 11
#0354-d296 @A: 20 03 04 09 | 10
#0355-d296 @A: 33 28 11 03 | 01
#0356-d296 @A: 25 09 29 03 | 09
#0357-d296 @A: 24 03 19 29 | 06
#0358-d296 @A: 13 17 28 03 | 05
#0359-d296 @A: 03 14 31 30 | 02
#0360-d296 @A: 11 06 03 31 | 07
#0361-d296 @A: 17 16 03 34 | 03
#0362-d296 @A: 01 32 31 25 | 08
#0363-d296 @A: 16 32 14 01 | 12
#0364-d296 @A: 09 05 32 01 | 04
#0365-d296 @A: 01 15 04 19 | 11
#0366-d296 @A: 33 15 06 01 | 10
#0367-d296 @A: 09 01 08 31 | 01
#0368-d296 @A: 28 13 01 31 | 09
#0369-d296 @A: 04 32 26 21 | 06
#0370-d296 @A: 29 32 17 21 | 05
#0371-d296 @A: 13 08 35 32 | 02
#0372-d296 @A: 26 30 25 32 | 07
#0373-d296 @A: 20 06 14 32 | 03
#0374-d296 @A: 34 23 09 32 | 08
#0375-d296 @A: 35 28 11 32 | 12
#0376-d296 @A: 28 20 32 19 | 04
#0377-d296 @A: 35 17 32 34 | 11
#0378-d296 @A: 18 23 13 15 | 10
#0379-d296 @A: 26 17 23 15 | 01
#0380-d296 @A: 04 33 07 23 | 09
#0381-d296 @A: 27 07 19 30 | 06
#0382-d296 @A: 29 25 07 26 | 05
#0383-d296 @A: 17 07 20 25 | 02
#0384-d296 @A: 09 23 07 35 | 07
#0385-d296 @A: 07 24 30 17 | 03
#0386-d296 @A: 04 33 27 11 | 08
#0387-d296 @A: 30 25 04 27 | 12
#0388-d296 @A: 21 08 35 04 | 04
#0389-d296 @A: 06 04 29 25 | 11
#0390-d296 @A: 18 29 04 24 | 10
#0391-d296 @A: 14 13 04 16 | 01
#0392-d296 @A: 04 35 17 05 | 09
#0393-d296 @A: 06 23 04 20 | 06
#0394-d296 @A: 04 26 20 17 | 05
#0395-d296 @A: 04 17 16 19 | 02
#0396-d296 @A: 13 27 11 21 | 07
#0397-d296 @A: 34 14 27 21 | 03
#0398-d296 @A: 06 27 08 33 | 08
#0399-d296 @A: 27 19 33 13 | 12
#0400-d296 @A: 27 17 33 26 | 04
#0401-d296 @A: 05 27 13 18 | 11
#0402-d296 @A: 31 34 19 27 | 10
#0403-d296 @A: 30 19 21 29 | 01
#0404-d296 @A: 09 21 08 25 | 09
#0405-d296 @A: 08 06 21 34 | 06
#0406-d296 @A: 16 13 21 25 | 05
#0407-d296 @A: 21 31 13 23 | 02
#0408-d296 @A: 21 16 09 11 | 07
#0409-d296 @A: 21 26 20 05 | 03
#0410-d296 @A: 20 30 21 17 | 08
#0411-d296 @A: 14 34 23 33 | 12
#0412-d296 @A: 18 31 33 24 | 04
#0413-d296 @A: 11 16 33 18 | 11
#0414-d296 @A: 31 33 23 05 | 10
#0415-d296 @A: 13 25 18 29 | 01
#0416-d296 @A: 06 23 29 18 | 09
#0417-d296 @A: 31 29 30 28 | 06
#0418-d296 @A: 29 16 34 28 | 05
#0419-d296 @A: 20 23 29 24 | 02
#0420-d296 @A: 28 13 08 25 | 07
#0421-d296 @A: 24 30 18 08 | 03
#0422-d296 @A: 19 05 28 08 | 08
#0423-d296 @A: 16 28 08 26 | 12
#0424-d296 @A: 19 16 08 11 | 04
#0425-d296 @A: 23 13 28 09 | 11
#0426-d296 @A: 06 31 09 13 | 10
#0427-d296 @A: 18 06 24 13 | 01
#0428-d296 @A: 13 28 24 26 | 09
#0429-d296 @A: 25 16 23 14 | 06
#0430-d296 @A: 35 09 25 06 | 05
#0431-d296 @A: 25 31 16 17 | 02
#0432-d296 @A: 26 19 24 25 | 07
#0433-d296 @A: 14 11 23 09 | 03
#0434-d296 @A: 22 15 32 02 | 08
#0435-d296 @A: 02 04 10 24 | 12
#0436-d296 @A: 17 10 02 30 | 04
#0437-d296 @A: 02 06 01 03 | 11
#0438-d296 @A: 03 02 29 35 | 10
#0439-d296 @A: 02 03 14 19 | 01
#0440-d296 @A: 11 02 04 32 | 09
#0441-d296 @A: 34 02 25 32 | 06
#0442-d296 @A: 32 02 16 31 | 05
#0443-d296 @A: 02 07 31 05 | 02
#0444-d296 @A: 34 26 02 07 | 07
#0445-d296 @A: 24 29 02 08 | 03
#0446-d296 @A: 28 02 13 14 | 08
#0447-d296 @A: 18 09 14 02 | 12
#0448-d296 @A: 02 30 20 06 | 04
#0449-d296 @A: 02 17 19 20 | 11
#0450-d296 @A: 02 20 11 24 | 10
#0451-d296 @A: 26 16 12 01 | 01
#0452-d296 @A: 12 15 30 21 | 09
#0453-d296 @A: 29 26 12 15 | 06
#0454-d296 @A: 33 20 07 12 | 05
#0455-d296 @A: 12 07 09 14 | 02
#0456-d296 @A: 12 04 30 23 | 07
#0457-d296 @A: 26 12 25 33 | 03
#0458-d296 @A: 17 16 33 12 | 08
#0459-d296 @A: 08 12 16 30 | 12
#0460-d296 @A: 09 12 24 17 | 04
#0461-d296 @A: 24 19 12 20 | 11
#0462-d296 @A: 22 27 10 16 | 10
#0463-d296 @A: 03 09 16 22 | 01
#0464-d296 @A: 03 06 22 05 | 09
#0465-d296 @A: 01 22 21 33 | 06
#0466-d296 @A: 09 01 14 22 | 05
#0467-d296 @A: 25 19 22 32 | 02
#0468-d296 @A: 13 22 07 26 | 07
#0469-d296 @A: 09 30 22 27 | 03
#0470-d296 @A: 26 35 23 22 | 08
#0471-d296 @A: 20 22 17 05 | 12
#0472-d296 @A: 07 10 26 03 | 04
#0473-d296 @A: 09 27 03 10 | 11
#0474-d296 @A: 03 10 18 05 | 10
#0475-d296 @A: 35 01 32 10 | 01
#0476-d296 @A: 01 09 10 23 | 09
#0477-d296 @A: 10 13 32 30 | 06
#0478-d296 @A: 11 10 07 25 | 05
#0479-d296 @A: 10 07 14 05 | 02
#0480-d296 @A: 14 10 28 04 | 07
#0481-d296 @A: 28 21 33 10 | 03
#0482-d296 @A: 10 18 29 26 | 08
#0483-d296 @A: 29 30 10 26 | 12
#0484-d296 @A: 13 19 10 08 | 04
#0485-d296 @A: 30 25 10 24 | 11
#0486-d296 @A: 11 09 10 31 | 10
#0487-d296 @A: 23 11 18 10 | 01
#0488-d296 @A: 35 05 26 10 | 09
#0489-d296 @A: 03 21 01 08 | 06
#0490-d296 @A: 03 32 15 06 | 05
#0491-d296 @A: 28 03 19 15 | 02
#0492-d296 @A: 13 07 03 19 | 07
#0493-d296 @A: 04 03 17 24 | 03
#0494-d296 @A: 03 20 33 14 | 08
#0495-d296 @A: 24 03 14 08 | 12
#0496-d296 @A: 18 24 03 34 | 04
#0497-d296 @A: 32 01 21 27 | 11
#0498-d296 @A: 15 29 01 20 | 10
#0499-d296 @A: 35 07 01 14 | 01
#0500-d296 @A: 21 04 01 06 | 09
#0501-d296 @A: 27 28 01 29 | 06
#0502-d296 @A: 19 25 01 08 | 05
#0503-d296 @A: 35 05 01 18 | 02
#0504-d296 @A: 20 01 19 11 | 07
#0505-d296 @A: 34 24 16 01 | 03
#0506-d296 @A: 23 15 32 08 | 08
#0507-d296 @A: 30 32 33 04 | 12
#0508-d296 @A: 31 04 32 08 | 04
#0509-d296 @A: 17 09 11 32 | 11
#0510-d296 @A: 35 32 06 16 | 10
#0511-d296 @A: 08 15 11 07 | 01
#0512-d296 @A: 24 15 07 25 | 09
#0513-d296 @A: 21 15 04 20 | 06
#0514-d296 @A: 21 09 23 15 | 05
#0515-d296 @A: 19 18 15 34 | 02
#0516-d296 @A: 16 31 19 15 | 07
#0517-d296 @A: 16 06 15 20 | 03
#0518-d296 @A: 17 15 16 11 | 08
#0519-d296 @A: 34 33 21 07 | 12
#0520-d296 @A: 21 26 07 08 | 04
#0521-d296 @A: 14 07 31 21 | 11
#0522-d296 @A: 09 07 24 18 | 10
#0523-d296 @A: 19 11 07 18 | 01
#0524-d296 @A: 07 23 19 28 | 09
#0525-d296 @A: 06 07 20 24 | 06
#0526-d296 @A: 05 11 16 07 | 05
#0527-d296 @A: 33 18 35 04 | 02
#0528-d296 @A: 18 20 08 04 | 07
#0529-d296 @A: 05 06 18 04 | 03
#0530-d296 @A: 26 04 35 16 | 08
#0531-d296 @A: 04 16 34 05 | 12
#0532-d296 @A: 21 33 18 27 | 04
#0533-d296 @A: 27 06 35 28 | 11
#0534-d296 @A: 24 16 31 27 | 10
#0535-d296 @A: 14 21 08 28 | 01
#0536-d296 @A: 21 05 13 28 | 09
#0537-d296 @A: 31 09 05 21 | 06
#0538-d296 @A: 19 31 21 26 | 05
#0539-d296 @A: 33 29 11 30 | 02
#0540-d296 @A: 26 20 33 09 | 07
#0541-d296 @A: 33 11 24 23 | 03
#0542-d296 @A: 28 29 23 14 | 08
#0543-d296 @A: 20 29 18 28 | 12
#0544-d296 @A: 06 28 29 05 | 04
#0545-d296 @A: 29 19 17 28 | 11
#0546-d296 @A: 23 09 08 20 | 10
#0547-d296 @A: 16 08 09 17 | 01
#0548-d296 @A: 18 31 08 05 | 09
#0549-d296 @A: 18 13 28 11 | 06
#0550-d296 @A: 16 13 18 26 | 05
#0551-d296 @A: 17 35 13 11 | 02
#0552-d296 @A: 13 35 16 19 | 07
#0553-d296 @A: 19 14 25 18 | 03
#0554-d296 @A: 11 35 18 25 | 08
#0555-d296 @A: 25 28 24 34 | 12
#0556-d296 @A: 30 18 34 06 | 04
#0557-d296 @A: 30 23 26 17 | 11
#0558-d296 @A: 18 32 12 02 | 10
#0559-d296 @A: 02 15 05 12 | 01
#0560-d296 @A: 35 02 20 12 | 09
#0561-d296 @A: 17 03 02 22 | 06
#0562-d296 @A: 02 29 26 22 | 05
#0563-d296 @A: 23 10 33 02 | 02
#0564-d296 @A: 01 21 09 02 | 07
#0565-d296 @A: 28 19 02 01 | 03
#0566-d296 @A: 09 27 32 02 | 08
#0567-d296 @A: 31 02 30 15 | 12
#0568-d296 @A: 04 29 02 16 | 04
#0569-d296 @A: 02 27 25 35 | 11
#0570-d296 @A: 14 02 31 27 | 10
#0571-d296 @A: 30 27 02 14 | 01
#0572-d296 @A: 08 26 02 20 | 09
#0573-d296 @A: 13 30 02 19 | 06
#0574-d296 @A: 18 02 19 06 | 05
#0575-d296 @A: 28 16 17 02 | 02
#0576-d296 @A: 02 30 28 34 | 07
#0577-d296 @A: 05 02 16 24 | 03
#0578-d296 @A: 10 22 12 09 | 08
#0579-d296 @A: 10 25 34 12 | 12
#0580-d296 @A: 10 12 30 20 | 04
#0581-d296 @A: 15 09 03 12 | 11
#0582-d296 @A: 27 31 12 03 | 10
#0583-d296 @A: 26 12 03 08 | 01
#0584-d296 @A: 21 07 12 32 | 09
#0585-d296 @A: 12 32 08 16 | 06
#0586-d296 @A: 07 04 31 12 | 05
#0587-d296 @A: 07 08 05 12 | 02
#0588-d296 @A: 24 23 12 07 | 07
#0589-d296 @A: 17 25 12 29 | 03
#0590-d296 @A: 25 09 12 18 | 08
#0591-d296 @A: 09 20 05 12 | 12
#0592-d296 @A: 28 35 18 12 | 04
#0593-d296 @A: 22 10 04 08 | 11
#0594-d296 @A: 10 34 22 33 | 10
#0595-d296 @A: 27 24 03 22 | 01
#0596-d296 @A: 32 26 22 33 | 09
#0597-d296 @A: 08 22 29 15 | 06
#0598-d296 @A: 09 07 22 27 | 05
#0599-d296 @A: 29 22 28 04 | 02
#0600-d296 @A: 17 22 09 28 | 07
#0601-d296 @A: 05 35 22 34 | 03
#0602-d296 @A: 11 17 22 30 | 08
#0603-d296 @A: 01 10 04 16 | 12
#0604-d296 @A: 27 01 17 10 | 04
#0605-d296 @A: 10 04 32 20 | 11
#0606-d296 @A: 15 10 29 23 | 10
#0607-d296 @A: 07 28 13 10 | 01
#0608-d296 @A: 23 07 06 10 | 09
#0609-d296 @A: 10 06 25 21 | 06
#0610-d296 @A: 10 33 14 09 | 05
#0611-d296 @A: 10 35 31 14 | 02
#0612-d296 @A: 18 10 19 35 | 07
#0613-d296 @A: 05 10 20 31 | 03
#0614-d296 @A: 16 10 23 05 | 08
#0615-d296 @A: 04 03 18 32 | 12
#0616-d296 @A: 03 32 09 14 | 04
#0617-d296 @A: 15 03 26 14 | 11
#0618-d296 @A: 33 03 05 21 | 10
#0619-d296 @A: 29 11 20 03 | 01
#0620-d296 @A: 03 13 25 06 | 09
#0621-d296 @A: 17 20 31 03 | 06
#0622-d296 @A: 24 26 20 03 | 05
#0623-d296 @A: 16 03 20 30 | 02
#0624-d296 @A: 03 34 23 05 | 07
#0625-d296 @A: 03 23 16 26 | 03
#0626-d296 @A: 32 15 18 01 | 08
#0627-d296 @A: 08 11 01 32 | 12
#0628-d296 @A: 01 08 35 15 | 04
#0629-d296 @A: 14 01 31 15 | 11
#0630-d296 @A: 01 11 23 07 | 10
#0631-d296 @A: 16 21 31 01 | 01
#0632-d296 @A: 01 33 25 28 | 09
#0633-d296 @A: 13 29 01 34 | 06
#0634-d296 @A: 01 08 30 05 | 05
#0635-d296 @A: 28 06 09 01 | 02
#0636-d296 @A: 20 28 26 01 | 07
#0637-d296 @A: 26 31 24 01 | 03
#0638-d296 @A: 15 05 13 32 | 08
#0639-d296 @A: 13 07 24 32 | 12
#0640-d296 @A: 07 23 31 32 | 04
#0641-d296 @A: 34 32 07 16 | 11
#0642-d296 @A: 32 06 04 33 | 10
#0643-d296 @A: 11 18 20 32 | 01
#0644-d296 @A: 13 34 07 15 | 09
#0645-d296 @A: 31 07 15 18 | 06
#0646-d296 @A: 15 13 04 31 | 05
#0647-d296 @A: 15 35 21 27 | 02
#0648-d296 @A: 15 11 33 13 | 07
#0649-d296 @A: 15 17 33 18 | 03
#0650-d296 @A: 29 25 15 16 | 08
#0651-d296 @A: 15 26 18 06 | 12
#0652-d296 @A: 23 15 05 28 | 04
#0653-d296 @A: 26 15 16 34 | 11
#0654-d296 @A: 07 06 33 25 | 10
#0655-d296 @A: 29 31 07 24 | 01
#0656-d296 @A: 21 04 18 13 | 09
#0657-d296 @A: 04 29 14 20 | 06
#0658-d296 @A: 06 30 04 09 | 05
#0659-d296 @A: 24 26 04 09 | 02
#0660-d296 @A: 34 04 20 28 | 07
#0661-d296 @A: 23 26 34 04 | 03
#0662-d296 @A: 23 24 19 04 | 08
#0663-d296 @A: 21 23 29 27 | 12
#0664-d296 @A: 33 27 16 29 | 04
#0665-d296 @A: 25 27 31 29 | 11
#0666-d296 @A: 29 20 27 05 | 10
#0667-d296 @A: 27 11 18 09 | 01
#0668-d296 @A: 18 27 06 20 | 09
#0669-d296 @A: 05 16 17 27 | 06
#0670-d296 @A: 05 26 24 27 | 05
#0671-d296 @A: 06 21 33 26 | 02
#0672-d296 @A: 09 19 21 24 | 07
#0673-d296 @A: 21 11 24 06 | 03
#0674-d296 @A: 21 24 34 17 | 08
#0675-d296 @A: 30 21 34 24 | 12
#0676-d296 @A: 33 24 29 26 | 04
#0677-d296 @A: 11 08 33 26 | 11
#0678-d296 @A: 31 26 35 33 | 10
#0679-d296 @A: 33 31 06 20 | 01
#0680-d296 @A: 17 33 23 20 | 09
#0681-d296 @A: 29 31 16 26 | 06
#0682-d296 @A: 24 29 16 17 | 05
#0683-d296 @A: 26 34 19 29 | 02
#0684-d296 @A: 23 29 19 11 | 07
#0685-d296 @A: 06 14 08 13 | 03
#0686-d296 @A: 34 08 19 09 | 08
#0687-d296 @A: 20 35 17 08 | 12
#0688-d296 @A: 34 08 16 31 | 04
#0689-d296 @A: 30 11 08 20 | 11
#0690-d296 @A: 08 34 26 05 | 10
#0691-d296 @A: 17 18 13 09 | 01
#0692-d296 @A: 06 13 17 20 | 09
#0693-d296 @A: 05 34 14 25 | 06
#0694-d296 @A: 18 23 17 25 | 05
#0695-d296 @A: 25 35 17 26 | 02
#0696-d296 @A: 06 25 23 05 | 07
#0697-d296 @A: 30 34 16 25 | 03
#0698-d296 @A: 09 28 20 14 | 08
#0699-d296 @A: 26 34 20 14 | 12
#0700-d296 @A: 20 11 16 14 | 04
#0701-d296 @A: 14 05 06 19 | 11
#0702-d296 @A: 18 16 30 19 | 10
#0703-d296 @A: 16 23 30 28 | 01
#0704-d296 @A: 02 26 14 12 | 09
#0705-d296 @A: 02 01 22 35 | 06
#0706-d296 @A: 10 02 32 17 | 05
#0707-d296 @A: 13 04 26 02 | 02
#0708-d296 @A: 02 06 21 31 | 07
#0709-d296 @A: 28 02 18 26 | 03
#0710-d296 @A: 18 11 05 02 | 08
#0711-d296 @A: 35 22 15 12 | 12
#0712-d296 @A: 27 22 12 23 | 04
#0713-d296 @A: 12 33 31 22 | 11
#0714-d296 @A: 01 12 10 33 | 10
#0715-d296 @A: 01 12 11 27 | 01
#0716-d296 @A: 12 01 34 35 | 09
#0717-d296 @A: 32 12 09 30 | 06
#0718-d296 @A: 12 33 27 05 | 05
#0719-d296 @A: 27 29 12 24 | 02
#0720-d296 @A: 27 06 25 12 | 07
#0721-d296 @A: 34 20 12 27 | 03
#0722-d296 @A: 23 35 12 11 | 08
#0723-d296 @A: 26 34 12 17 | 12
#0724-d296 @A: 28 32 22 01 | 04
#0725-d296 @A: 22 04 01 20 | 11
#0726-d296 @A: 29 22 32 06 | 10
#0727-d296 @A: 34 27 22 15 | 01
#0728-d296 @A: 15 18 22 11 | 09
#0729-d296 @A: 22 19 15 24 | 06
#0730-d296 @A: 06 07 04 22 | 05
#0731-d296 @A: 22 11 21 07 | 02
#0732-d296 @A: 04 22 23 21 | 07
#0733-d296 @A: 13 24 04 22 | 03
#0734-d296 @A: 21 22 09 34 | 08
#0735-d296 @A: 13 22 25 34 | 12
#0736-d296 @A: 14 25 30 22 | 04
#0737-d296 @A: 22 28 20 06 | 11
#0738-d296 @A: 26 05 31 22 | 10
#0739-d296 @A: 11 34 22 17 | 01
#0740-d296 @A: 10 20 01 03 | 09
#0741-d296 @A: 32 28 10 03 | 06
#0742-d296 @A: 10 30 03 08 | 05
#0743-d296 @A: 06 03 10 14 | 02
#0744-d296 @A: 10 08 28 01 | 07
#0745-d296 @A: 32 08 06 10 | 03
#0746-d296 @A: 10 32 13 18 | 08
#0747-d296 @A: 14 11 10 15 | 12
#0748-d296 @A: 10 07 17 29 | 04
#0749-d296 @A: 27 10 18 25 | 11
#0750-d296 @A: 23 10 21 14 | 10
#0751-d296 @A: 10 06 13 26 | 01
#0752-d296 @A: 10 34 09 24 | 09
#0753-d296 @A: 16 31 10 28 | 06
#0754-d296 @A: 10 20 19 34 | 05
#0755-d296 @A: 05 23 10 30 | 02
#0756-d296 @A: 03 15 01 17 | 07
#0757-d296 @A: 03 15 05 29 | 03
#0758-d296 @A: 03 14 11 07 | 08
#0759-d296 @A: 04 03 08 16 | 12
#0760-d296 @A: 27 11 30 03 | 04
#0761-d296 @A: 03 33 18 13 | 11
#0762-d296 @A: 25 05 30 03 | 10
#0763-d296 @A: 03 09 28 34 | 01
#0764-d296 @A: 23 28 03 31 | 09
#0765-d296 @A: 24 06 03 28 | 06
#0766-d296 @A: 07 01 34 25 | 05
#0767-d296 @A: 01 18 07 16 | 02
#0768-d296 @A: 14 25 13 01 | 07
#0769-d296 @A: 14 17 01 20 | 03
#0770-d296 @A: 11 06 18 01 | 08
#0771-d296 @A: 24 19 18 01 | 12
#0772-d296 @A: 28 35 01 24 | 04
#0773-d296 @A: 28 17 01 05 | 11
#0774-d296 @A: 19 35 06 01 | 10
#0775-d296 @A: 32 14 28 15 | 01
#0776-d296 @A: 05 35 32 07 | 09
#0777-d296 @A: 08 20 21 32 | 06
#0778-d296 @A: 13 32 06 21 | 05
#0779-d296 @A: 16 32 33 25 | 02
#0780-d296 @A: 17 24 20 32 | 07
#0781-d296 @A: 32 19 17 06 | 03
#0782-d296 @A: 19 05 32 23 | 08
#0783-d296 @A: 05 32 30 16 | 12
#0784-d296 @A: 05 07 21 15 | 04
#0785-d296 @A: 04 33 15 29 | 11
#0786-d296 @A: 15 27 23 25 | 10
#0787-d296 @A: 28 24 08 15 | 01
#0788-d296 @A: 08 17 30 15 | 09
#0789-d296 @A: 16 35 23 15 | 06
#0790-d296 @A: 06 16 30 15 | 05
#0791-d296 @A: 15 05 34 30 | 02
#0792-d296 @A: 35 04 07 25 | 07
#0793-d296 @A: 19 27 07 21 | 03
#0794-d296 @A: 24 07 27 08 | 08
#0795-d296 @A: 07 14 06 29 | 12
#0796-d296 @A: 20 07 13 14 | 04
#0797-d296 @A: 07 09 28 16 | 11
#0798-d296 @A: 20 26 18 07 | 10
#0799-d296 @A: 07 20 31 11 | 01
#0800-d296 @A: 16 17 07 23 | 09
#0801-d296 @A: 17 27 14 04 | 06
#0802-d296 @A: 19 08 14 04 | 05
#0803-d296 @A: 18 31 04 11 | 02
#0804-d296 @A: 34 35 31 04 | 07
#0805-d296 @A: 11 06 26 04 | 03
#0806-d296 @A: 11 04 05 24 | 08
#0807-d296 @A: 27 05 11 34 | 12
#0808-d296 @A: 09 21 18 06 | 04
#0809-d296 @A: 33 25 31 34 | 11
#0810-d296 @A: 05 18 19 33 | 10
#0811-d296 @A: 34 33 28 26 | 01
#0812-d296 @A: 19 28 24 33 | 09
#0813-d296 @A: 16 35 33 34 | 06
#0814-d296 @A: 13 08 29 09 | 05
#0815-d296 @A: 29 18 08 11 | 02
#0816-d296 @A: 13 17 26 29 | 07
#0817-d296 @A: 29 31 18 09 | 03
#0818-d296 @A: 29 18 05 17 | 08
#0819-d296 @A: 29 19 16 18 | 12
#0820-d296 @A: 30 08 23 35 | 04
#0821-d296 @A: 24 08 20 16 | 11
#0822-d296 @A: 08 17 24 23 | 10
#0823-d296 @A: 35 09 13 34 | 01
#0824-d296 @A: 19 13 28 34 | 09
#0825-d296 @A: 13 16 31 11 | 06
#0826-d296 @A: 13 34 20 16 | 05
#0827-d296 @A: 24 13 05 34 | 02
#0828-d296 @A: 14 25 26 31 | 07
#0829-d296 @A: 09 19 25 16 | 03
#0830-d296 @A: 17 11 28 25 | 08
#0831-d296 @A: 25 20 05 35 | 12
#0832-d296 @A: 06 31 25 24 | 04
#0833-d296 @A: 06 25 34 17 | 11
#0834-d296 @A: 05 09 35 14 | 10
#0835-d296 @A: 34 14 16 09 | 01
#0836-d296 @A: 24 14 28 18 | 09
#0837-d296 @A: 14 30 17 18 | 06
#0838-d296 @A: 35 17 24 14 | 05
#0839-d296 @A: 24 14 31 05 | 02
#0840-d296 @A: 34 30 19 31 | 07
#0841-d296 @A: 30 12 18 02 | 03
#0842-d296 @A: 09 08 22 02 | 08
#0843-d296 @A: 10 05 08 02 | 12
#0844-d296 @A: 26 02 10 25 | 04
#0845-d296 @A: 02 32 08 03 | 11
#0846-d296 @A: 01 14 02 24 | 10
#0847-d296 @A: 30 23 02 01 | 01
#0848-d296 @A: 32 02 21 19 | 09
#0849-d296 @A: 25 14 07 02 | 06
#0850-d296 @A: 05 02 04 21 | 05
#0851-d296 @A: 26 02 27 16 | 02
#0852-d296 @A: 21 14 02 17 | 07
#0853-d296 @A: 02 13 06 16 | 03
#0854-d296 @A: 20 34 18 02 | 08
#0855-d296 @A: 30 02 24 11 | 12
#0856-d296 @A: 18 12 22 03 | 04
#0857-d296 @A: 05 12 04 22 | 11
#0858-d296 @A: 22 12 06 08 | 10
#0859-d296 @A: 22 11 25 12 | 01
#0860-d296 @A: 10 11 12 32 | 09
#0861-d296 @A: 10 12 15 13 | 06
#0862-d296 @A: 04 12 06 03 | 05
#0863-d296 @A: 03 12 33 24 | 02
#0864-d296 @A: 01 30 12 25 | 07
#0865-d296 @A: 32 19 15 12 | 03
#0866-d296 @A: 12 16 07 29 | 08
#0867-d296 @A: 13 17 12 07 | 12
#0868-d296 @A: 07 26 12 11 | 04
#0869-d296 @A: 12 04 19 33 | 11
#0870-d296 @A: 08 12 09 27 | 10
#0871-d296 @A: 35 12 08 33 | 01
#0872-d296 @A: 17 13 30 12 | 09
#0873-d296 @A: 23 26 13 12 | 06
#0874-d296 @A: 12 30 34 14 | 05
#0875-d296 @A: 24 06 16 12 | 02
#0876-d296 @A: 17 21 22 10 | 07
#0877-d296 @A: 11 03 22 32 | 03
#0878-d296 @A: 30 03 22 28 | 08
#0879-d296 @A: 30 01 15 22 | 12
#0880-d296 @A: 09 32 13 22 | 04
#0881-d296 @A: 26 15 22 04 | 11
#0882-d296 @A: 26 22 08 27 | 10
#0883-d296 @A: 31 18 22 27 | 01
#0884-d296 @A: 22 21 29 16 | 09
#0885-d296 @A: 21 20 14 22 | 06
#0886-d296 @A: 33 22 06 14 | 05
#0887-d296 @A: 30 14 22 29 | 02
#0888-d296 @A: 26 09 22 18 | 07
#0889-d296 @A: 35 22 19 09 | 03
#0890-d296 @A: 20 24 22 35 | 08
#0891-d296 @A: 23 10 19 03 | 12
#0892-d296 @A: 25 01 10 05 | 04
#0893-d296 @A: 15 21 10 26 | 11
#0894-d296 @A: 15 08 10 16 | 10
#0895-d296 @A: 18 10 24 15 | 01
#0896-d296 @A: 27 04 10 06 | 09
#0897-d296 @A: 09 13 10 21 | 06
#0898-d296 @A: 24 25 33 10 | 05
#0899-d296 @A: 33 06 10 19 | 02
#0900-d296 @A: 10 13 17 14 | 07
#0901-d296 @A: 14 28 10 30 | 03
#0902-d296 @A: 28 09 19 10 | 08
#0903-d296 @A: 28 24 20 10 | 12
#0904-d296 @A: 20 06 10 35 | 04
#0905-d296 @A: 25 03 18 01 | 11
#0906-d296 @A: 03 24 23 15 | 10
#0907-d296 @A: 05 27 03 08 | 01
#0908-d296 @A: 03 13 29 21 | 09
#0909-d296 @A: 21 28 03 20 | 06
#0910-d296 @A: 03 16 33 06 | 05
#0911-d296 @A: 06 29 17 03 | 02
#0912-d296 @A: 31 14 34 03 | 07
#0913-d296 @A: 26 03 17 09 | 03
#0914-d296 @A: 03 28 16 35 | 08
#0915-d296 @A: 19 11 03 34 | 12
#0916-d296 @A: 04 27 01 31 | 04
#0917-d296 @A: 01 04 17 13 | 11
#0918-d296 @A: 08 23 01 27 | 10
#0919-d296 @A: 21 01 24 29 | 01
#0920-d296 @A: 33 30 34 01 | 09
#0921-d296 @A: 01 08 34 18 | 06
#0922-d296 @A: 09 20 01 18 | 05
#0923-d296 @A: 06 01 11 30 | 02
#0924-d296 @A: 15 32 34 21 | 07
#0925-d296 @A: 35 32 24 15 | 03
#0926-d296 @A: 32 11 33 07 | 08
#0927-d296 @A: 27 32 11 06 | 12
#0928-d296 @A: 24 08 32 34 | 04
#0929-d296 @A: 20 09 35 32 | 11
#0930-d296 @A: 32 18 05 26 | 10
#0931-d296 @A: 32 26 31 06 | 01
#0932-d296 @A: 32 05 31 11 | 09
#0933-d296 @A: 16 05 32 20 | 06
#0934-d296 @A: 15 08 17 27 | 05
#0935-d296 @A: 15 14 27 18 | 02
#0936-d296 @A: 33 25 30 15 | 07
#0937-d296 @A: 18 30 13 15 | 03
#0938-d296 @A: 15 25 05 26 | 08
#0939-d296 @A: 15 05 09 18 | 12
#0940-d296 @A: 35 34 15 28 | 04
#0941-d296 @A: 20 28 17 15 | 11
#0942-d296 @A: 11 15 19 35 | 10
#0943-d296 @A: 24 30 20 15 | 01
#0944-d296 @A: 15 06 05 11 | 09
#0945-d296 @A: 24 07 34 04 | 06
#0946-d296 @A: 27 28 31 07 | 05
#0947-d296 @A: 08 07 33 19 | 02
#0948-d296 @A: 28 17 35 07 | 07
#0949-d296 @A: 31 07 16 06 | 03
#0950-d296 @A: 19 05 24 07 | 08
#0951-d296 @A: 19 07 26 16 | 12
#0952-d296 @A: 21 24 27 04 | 04
#0953-d296 @A: 04 33 13 09 | 11
#0954-d296 @A: 13 04 23 08 | 10
#0955-d296 @A: 24 04 16 28 | 01
#0956-d296 @A: 21 27 25 28 | 09
#0957-d296 @A: 09 26 27 21 | 06
#0958-d296 @A: 31 21 27 20 | 05
#0959-d296 @A: 27 14 33 35 | 02
#0960-d296 @A: 13 27 30 08 | 07
#0961-d296 @A: 18 19 17 27 | 03
#0962-d296 @A: 17 24 27 28 | 08
#0963-d296 @A: 26 27 19 28 | 12
#0964-d296 @A: 16 20 19 27 | 04
#0965-d296 @A: 19 27 06 24 | 11
#0966-d296 @A: 26 33 30 21 | 10
#0967-d296 @A: 20 09 17 21 | 01
#0968-d296 @A: 26 35 18 21 | 09
#0969-d296 @A: 23 16 21 18 | 06
#0970-d296 @A: 28 11 21 26 | 05
#0971-d296 @A: 19 21 06 20 | 02
#0972-d296 @A: 29 13 28 33 | 07
#0973-d296 @A: 33 29 35 20 | 03
#0974-d296 @A: 33 23 09 06 | 08
#0975-d296 @A: 06 17 35 33 | 12
#0976-d296 @A: 17 19 33 34 | 04
#0977-d296 @A: 05 13 19 29 | 11
#0978-d296 @A: 28 29 24 09 | 10
#0979-d296 @A: 29 28 31 11 | 01
#0980-d296 @A: 35 08 18 09 | 09
#0981-d296 @A: 05 09 24 08 | 06
#0982-d296 @A: 08 28 31 35 | 05
#0983-d296 @A: 24 14 13 09 | 02
#0984-d296 @A: 20 19 13 18 | 07
#0985-d296 @A: 35 28 20 13 | 03
#0986-d296 @A: 13 23 30 06 | 08
#0987-d296 @A: 19 25 34 35 | 12
#0988-d296 @A: 20 19 25 23 | 04
#0989-d296 @A: 25 30 19 11 | 11
#0990-d296 @A: 19 14 31 09 | 10
#0991-d296 @A: 14 18 23 35 | 01
#0992-d296 @A: 14 28 19 16 | 09
#0993-d296 @A: 14 35 26 11 | 06
#0994-d296 @A: 19 14 05 30 | 05
#0995-d296 @A: 19 14 23 26 | 02
#0996-d296 @A: 35 30 19 09 | 07
#0997-d296 @A: 23 18 30 11 | 03
#0998-d296 @A: 35 34 11 30 | 08
#0999-d296 @A: 12 31 02 29 | 12
#1000-d296 @A: 10 02 01 31 | 04
#1001-d296 @A: 15 16 02 03 | 11
#1002-d296 @A: 02 33 03 30 | 10
#1003-d296 @A: 01 23 29 02 | 01
#1004-d296 @A: 33 15 31 02 | 09
#1005-d296 @A: 02 07 13 21 | 06
#1006-d296 @A: 27 08 04 02 | 05
#1007-d296 @A: 33 02 06 29 | 02
#1008-d296 @A: 13 33 02 35 | 07
#1009-d296 @A: 02 06 28 08 | 03
#1010-d296 @A: 05 26 09 02 | 08
#1011-d296 @A: 23 02 16 09 | 12
#1012-d296 @A: 02 35 11 31 | 04
#1013-d296 @A: 22 30 26 12 | 11
#1014-d296 @A: 12 10 35 07 | 10
#1015-d296 @A: 12 10 18 04 | 01
#1016-d296 @A: 10 19 29 12 | 09
#1017-d296 @A: 12 03 32 20 | 06
#1018-d296 @A: 07 12 34 03 | 05
#1019-d296 @A: 24 15 01 12 | 02
#1020-d296 @A: 15 06 07 12 | 07
#1021-d296 @A: 16 15 27 12 | 03
#1022-d296 @A: 19 25 07 12 | 08
#1023-d296 @A: 29 04 13 12 | 12
#1024-d296 @A: 28 30 27 12 | 04
#1025-d296 @A: 09 11 12 34 | 11
#1026-d296 @A: 31 26 18 12 | 10
#1027-d296 @A: 23 12 18 34 | 01
#1028-d296 @A: 16 12 31 20 | 09
#1029-d296 @A: 11 06 20 12 | 06
#1030-d296 @A: 19 17 12 11 | 05
#1031-d296 @A: 19 07 10 22 | 02
#1032-d296 @A: 04 03 33 22 | 07
#1033-d296 @A: 22 07 18 32 | 03
#1034-d296 @A: 22 27 20 32 | 08
#1035-d296 @A: 22 35 21 32 | 12
#1036-d296 @A: 30 22 32 18 | 04
#1037-d296 @A: 21 15 22 13 | 11
#1038-d296 @A: 14 22 07 24 | 10
#1039-d296 @A: 04 16 18 22 | 01
#1040-d296 @A: 27 11 22 29 | 09
#1041-d296 @A: 33 05 22 13 | 06
#1042-d296 @A: 17 24 33 22 | 05
#1043-d296 @A: 22 16 19 06 | 02
#1044-d296 @A: 22 05 30 24 | 07
#1045-d296 @A: 16 23 22 34 | 03
#1046-d296 @A: 21 32 10 16 | 08
#1047-d296 @A: 05 32 10 33 | 12
#1048-d296 @A: 09 32 10 25 | 04
#1049-d296 @A: 09 07 04 10 | 11
#1050-d296 @A: 13 05 04 10 | 10
#1051-d296 @A: 17 10 11 33 | 01
#1052-d296 @A: 10 14 29 16 | 09
#1053-d296 @A: 09 10 35 17 | 06
#1054-d296 @A: 34 31 10 26 | 05
#1055-d296 @A: 19 16 10 24 | 02
#1056-d296 @A: 24 03 32 01 | 07
#1057-d296 @A: 03 25 32 23 | 03
#1058-d296 @A: 08 15 03 33 | 08
#1059-d296 @A: 04 25 14 03 | 12
#1060-d296 @A: 03 27 17 21 | 04
#1061-d296 @A: 31 09 03 24 | 11
#1062-d296 @A: 03 05 09 19 | 10
#1063-d296 @A: 03 20 16 18 | 01
#1064-d296 @A: 34 26 35 03 | 09
#1065-d296 @A: 03 16 05 31 | 06
#1066-d296 @A: 01 20 32 07 | 05
#1067-d296 @A: 01 34 14 04 | 02
#1068-d296 @A: 23 13 01 33 | 07
#1069-d296 @A: 08 17 01 29 | 03
#1070-d296 @A: 20 25 01 06 | 08
#1071-d296 @A: 26 05 01 19 | 12
#1072-d296 @A: 26 27 32 15 | 04
#1073-d296 @A: 15 33 20 32 | 11
#1074-d296 @A: 32 11 15 29 | 10
#1075-d296 @A: 09 07 08 32 | 01
#1076-d296 @A: 14 07 26 32 | 09
#1077-d296 @A: 32 04 25 24 | 06
#1078-d296 @A: 21 32 25 11 | 05
#1079-d296 @A: 28 32 21 09 | 02
#1080-d296 @A: 33 14 32 19 | 07
#1081-d296 @A: 28 08 29 32 | 03
#1082-d296 @A: 32 14 24 29 | 08
#1083-d296 @A: 32 25 20 13 | 12
#1084-d296 @A: 06 24 32 09 | 04
#1085-d296 @A: 28 32 24 31 | 11
#1086-d296 @A: 28 23 06 32 | 10
#1087-d296 @A: 23 32 26 20 | 01
#1088-d296 @A: 26 07 15 33 | 09
#1089-d296 @A: 07 09 30 15 | 06
#1090-d296 @A: 14 21 15 06 | 05
#1091-d296 @A: 29 30 15 23 | 02
#1092-d296 @A: 09 26 15 35 | 07
#1093-d296 @A: 07 27 25 05 | 03
#1094-d296 @A: 21 24 07 28 | 08
#1095-d296 @A: 29 25 30 07 | 12
#1096-d296 @A: 24 07 26 35 | 04
#1097-d296 @A: 07 11 24 17 | 11
#1098-d296 @A: 17 29 11 04 | 10
#1099-d296 @A: 05 04 26 14 | 01
#1100-d296 @A: 09 18 04 28 | 09
#1101-d296 @A: 17 06 28 04 | 06
#1102-d296 @A: 06 30 33 27 | 05
#1103-d296 @A: 06 27 13 29 | 02
#1104-d296 @A: 13 27 26 25 | 07
#1105-d296 @A: 05 09 27 28 | 03
#1106-d296 @A: 06 17 27 09 | 08
#1107-d296 @A: 27 11 23 28 | 12
#1108-d296 @A: 08 21 17 13 | 04
#1109-d296 @A: 28 21 30 25 | 11
#1110-d296 @A: 28 17 23 21 | 10
#1111-d296 @A: 33 24 06 05 | 01
#1112-d296 @A: 29 25 14 08 | 09
#1113-d296 @A: 29 14 31 13 | 06
#1114-d296 @A: 05 34 31 29 | 05
#1115-d296 @A: 34 29 20 17 | 02
#1116-d296 @A: 11 06 16 29 | 07
#1117-d296 @A: 18 26 08 24 | 03
#1118-d296 @A: 06 26 35 08 | 08
#1119-d296 @A: 24 19 08 35 | 12
#1120-d296 @A: 26 08 31 30 | 04
#1121-d296 @A: 16 30 13 35 | 11
#1122-d296 @A: 26 20 31 13 | 10
#1123-d296 @A: 24 19 13 17 | 01
#1124-d296 @A: 09 31 28 25 | 09
#1125-d296 @A: 26 23 25 09 | 06
#1126-d296 @A: 25 23 35 24 | 05
#1127-d296 @A: 19 31 25 05 | 02
#1128-d296 @A: 11 30 14 09 | 07
#1129-d296 @A: 14 18 20 05 | 03
#1130-d296 @A: 23 14 20 31 | 08
#1131-d296 @A: 11 14 17 31 | 12
#1132-d296 @A: 16 14 06 17 | 04
#1133-d296 @A: 05 28 30 09 | 11
#1134-d296 @A: 02 12 33 34 | 10
#1135-d296 @A: 25 16 02 12 | 01
#1136-d296 @A: 02 12 11 28 | 09
#1137-d296 @A: 02 22 04 31 | 06
#1138-d296 @A: 10 15 28 02 | 05
#1139-d296 @A: 02 07 10 16 | 02
#1140-d296 @A: 24 03 02 07 | 07
#1141-d296 @A: 34 01 11 02 | 03
#1142-d296 @A: 08 02 34 15 | 08
#1143-d296 @A: 15 02 17 13 | 12
#1144-d296 @A: 16 21 02 20 | 04
#1145-d296 @A: 29 02 19 25 | 11
#1146-d296 @A: 31 08 02 25 | 10
#1147-d296 @A: 25 13 05 02 | 01
#1148-d296 @A: 02 31 20 28 | 09
#1149-d296 @A: 05 02 06 35 | 06
#1150-d296 @A: 02 23 06 34 | 05
#1151-d296 @A: 12 22 13 19 | 02
#1152-d296 @A: 03 10 16 12 | 07
#1153-d296 @A: 12 01 28 14 | 03
#1154-d296 @A: 04 32 09 12 | 08
#1155-d296 @A: 12 26 32 24 | 12
#1156-d296 @A: 11 31 15 12 | 04
#1157-d296 @A: 04 12 28 21 | 11
#1158-d296 @A: 11 16 12 04 | 10
#1159-d296 @A: 12 20 28 23 | 01
#1160-d296 @A: 19 23 12 16 | 09
#1161-d296 @A: 10 32 22 23 | 06
#1162-d296 @A: 22 10 25 14 | 05
#1163-d296 @A: 10 11 20 22 | 02
#1164-d296 @A: 03 15 22 31 | 07
#1165-d296 @A: 03 22 07 20 | 03
#1166-d296 @A: 25 22 26 03 | 08
#1167-d296 @A: 31 22 32 14 | 12
#1168-d296 @A: 35 33 22 07 | 04
#1169-d296 @A: 34 19 22 04 | 11
#1170-d296 @A: 06 21 27 22 | 10
#1171-d296 @A: 22 29 24 25 | 01
#1172-d296 @A: 19 14 22 29 | 09
#1173-d296 @A: 22 17 31 29 | 06
#1174-d296 @A: 08 11 13 22 | 05
#1175-d296 @A: 20 22 34 08 | 02
#1176-d296 @A: 16 22 17 13 | 07
#1177-d296 @A: 28 25 22 23 | 03
#1178-d296 @A: 23 22 09 24 | 08
#1179-d296 @A: 18 19 28 22 | 12
#1180-d296 @A: 34 22 18 06 | 04
#1181-d296 @A: 22 17 19 23 | 11
#1182-d296 @A: 01 10 14 19 | 10
#1183-d296 @A: 27 15 30 10 | 01
#1184-d296 @A: 04 10 25 31 | 09
#1185-d296 @A: 21 10 05 27 | 06
#1186-d296 @A: 13 27 35 10 | 05
#1187-d296 @A: 20 25 10 08 | 02
#1188-d296 @A: 24 10 35 11 | 07
#1189-d296 @A: 24 23 10 31 | 03
#1190-d296 @A: 06 10 16 34 | 08
#1191-d296 @A: 01 28 04 03 | 12
#1192-d296 @A: 01 11 03 05 | 04
#1193-d296 @A: 13 15 03 20 | 11
#1194-d296 @A: 03 04 11 21 | 10
#1195-d296 @A: 03 04 29 30 | 01
#1196-d296 @A: 03 25 27 20 | 09
#1197-d296 @A: 16 21 14 03 | 06
#1198-d296 @A: 09 08 06 03 | 05
#1199-d296 @A: 13 03 09 30 | 02
#1200-d296 @A: 24 05 03 35 | 07
#1201-d296 @A: 30 17 19 03 | 03
#1202-d296 @A: 11 03 24 16 | 08
#1203-d296 @A: 04 01 32 23 | 12
#1204-d296 @A: 28 15 01 07 | 04
#1205-d296 @A: 26 07 01 04 | 11
#1206-d296 @A: 07 06 08 01 | 10
#1207-d296 @A: 01 16 30 07 | 01
#1208-d296 @A: 34 01 28 21 | 09
#1209-d296 @A: 14 01 26 08 | 06
#1210-d296 @A: 34 26 09 01 | 05
#1211-d296 @A: 01 16 35 17 | 02
#1212-d296 @A: 23 01 20 16 | 07
#1213-d296 @A: 17 11 01 26 | 03
#1214-d296 @A: 25 15 17 32 | 08
#1215-d296 @A: 32 29 34 04 | 12
#1216-d296 @A: 28 13 04 32 | 04
#1217-d296 @A: 27 32 33 31 | 11
#1218-d296 @A: 29 09 32 33 | 10
#1219-d296 @A: 29 25 32 05 | 01
#1220-d296 @A: 30 32 29 24 | 09
#1221-d296 @A: 24 18 32 23 | 06
#1222-d296 @A: 28 32 17 26 | 05
#1223-d296 @A: 32 30 28 17 | 02
#1224-d296 @A: 15 09 29 07 | 07
#1225-d296 @A: 04 28 27 15 | 03
#1226-d296 @A: 35 06 15 04 | 08
#1227-d296 @A: 24 33 27 15 | 12
#1228-d296 @A: 13 09 27 15 | 04
#1229-d296 @A: 16 09 24 15 | 11
#1230-d296 @A: 15 19 05 17 | 10
#1231-d296 @A: 29 04 27 07 | 01
#1232-d296 @A: 11 13 07 04 | 09
#1233-d296 @A: 33 20 30 07 | 06
#1234-d296 @A: 07 13 29 23 | 05
#1235-d296 @A: 26 30 07 14 | 02
#1236-d296 @A: 06 28 26 07 | 07
#1237-d296 @A: 30 35 31 07 | 03
#1238-d296 @A: 05 07 17 26 | 08
#1239-d296 @A: 04 27 18 23 | 12
#1240-d296 @A: 33 34 04 08 | 04
#1241-d296 @A: 16 20 33 04 | 11
#1242-d296 @A: 30 14 04 16 | 10
#1243-d296 @A: 04 23 28 35 | 01
#1244-d296 @A: 04 05 31 28 | 09
#1245-d296 @A: 17 31 04 30 | 06
#1246-d296 @A: 25 27 09 33 | 05
#1247-d296 @A: 27 20 14 08 | 02
#1248-d296 @A: 18 16 27 34 | 07
#1249-d296 @A: 27 11 17 20 | 03
#1250-d296 @A: 16 06 23 27 | 08
#1251-d296 @A: 21 20 25 29 | 12
#1252-d296 @A: 21 09 30 24 | 04
#1253-d296 @A: 20 18 24 21 | 11
#1254-d296 @A: 21 34 18 05 | 10
#1255-d296 @A: 24 16 21 35 | 01
#1256-d296 @A: 05 17 06 21 | 09
#1257-d296 @A: 11 29 33 25 | 06
#1258-d296 @A: 33 14 17 29 | 05
#1259-d296 @A: 25 35 30 33 | 02
#1260-d296 @A: 20 33 24 34 | 07
#1261-d296 @A: 33 11 06 34 | 03
#1262-d296 @A: 19 33 23 30 | 08
#1263-d296 @A: 19 06 08 29 | 12
#1264-d296 @A: 09 23 29 17 | 04
#1265-d296 @A: 11 09 26 29 | 11
#1266-d296 @A: 19 31 29 20 | 10
#1267-d296 @A: 09 08 30 34 | 01
#1268-d296 @A: 08 28 23 34 | 09
#1269-d296 @A: 05 16 13 09 | 06
#1270-d296 @A: 09 19 26 13 | 05
#1271-d296 @A: 11 19 06 13 | 02
#1272-d296 @A: 13 11 05 26 | 07
#1273-d296 @A: 25 20 09 34 | 03
#1274-d296 @A: 16 24 18 25 | 08
#1275-d296 @A: 31 30 23 25 | 12
#1276-d296 @A: 26 06 16 25 | 04
#1277-d296 @A: 11 34 14 18 | 11
#1278-d296 @A: 06 23 14 24 | 10
#1279-d296 @A: 23 17 05 14 | 01
#1280-d296 @A: 16 22 02 30 | 09
#1281-d296 @A: 02 10 03 11 | 06
#1282-d296 @A: 02 10 09 29 | 05
#1283-d296 @A: 01 15 02 26 | 02
#1284-d296 @A: 04 01 18 02 | 07
#1285-d296 @A: 07 15 02 19 | 03
#1286-d296 @A: 02 15 09 04 | 08
#1287-d296 @A: 02 27 15 06 | 12
#1288-d296 @A: 21 02 15 24 | 04
#1289-d296 @A: 14 35 02 15 | 11
#1290-d296 @A: 24 02 13 27 | 10
#1291-d296 @A: 21 33 11 02 | 01
#1292-d296 @A: 29 02 21 34 | 09
#1293-d296 @A: 20 25 02 33 | 06
#1294-d296 @A: 11 08 14 02 | 05
#1295-d296 @A: 30 35 26 02 | 02
#1296-d296 @A: 05 02 34 17 | 07
#1297-d296 @A: 10 24 12 14 | 03
#1298-d296 @A: 12 05 17 10 | 08
#1299-d296 @A: 03 01 19 12 | 12
#1300-d296 @A: 03 12 05 25 | 04
#1301-d296 @A: 34 15 12 04 | 11
#1302-d296 @A: 20 12 14 15 | 10
#1303-d296 @A: 04 26 12 27 | 01
#1304-d296 @A: 24 13 21 12 | 09
#1305-d296 @A: 29 12 35 30 | 06
#1306-d296 @A: 12 08 14 31 | 05
#1307-d296 @A: 12 30 11 31 | 02
#1308-d296 @A: 26 22 10 01 | 07
#1309-d296 @A: 19 01 22 27 | 03
#1310-d296 @A: 29 22 01 18 | 08
#1311-d296 @A: 22 07 08 17 | 12
#1312-d296 @A: 07 30 22 08 | 04
#1313-d296 @A: 09 22 25 04 | 11
#1314-d296 @A: 21 25 05 22 | 10
#1315-d296 @A: 29 05 22 09 | 01
#1316-d296 @A: 18 13 14 22 | 09
#1317-d296 @A: 11 35 22 06 | 06
#1318-d296 @A: 10 21 03 34 | 05
#1319-d296 @A: 17 03 25 10 | 02
#1320-d296 @A: 13 11 10 01 | 07
#1321-d296 @A: 15 31 27 10 | 03
#1322-d296 @A: 20 09 15 10 | 08
#1323-d296 @A: 27 33 07 10 | 12
#1324-d296 @A: 10 26 14 27 | 04
#1325-d296 @A: 09 33 30 10 | 11
#1326-d296 @A: 25 10 28 29 | 10
#1327-d296 @A: 18 14 08 10 | 01
#1328-d296 @A: 26 08 09 10 | 09
#1329-d296 @A: 25 13 10 23 | 06
#1330-d296 @A: 09 05 06 10 | 05
#1331-d296 @A: 31 10 18 06 | 02
#1332-d296 @A: 03 16 29 01 | 07
#1333-d296 @A: 34 15 25 03 | 03
#1334-d296 @A: 05 07 04 03 | 08
#1335-d296 @A: 03 16 07 25 | 12
#1336-d296 @A: 27 03 19 04 | 04
#1337-d296 @A: 27 26 29 03 | 11
#1338-d296 @A: 25 21 03 24 | 10
#1339-d296 @A: 19 25 03 33 | 01
#1340-d296 @A: 18 08 17 03 | 09
#1341-d296 @A: 09 03 11 35 | 06
#1342-d296 @A: 34 20 06 03 | 05
#1343-d296 @A: 34 26 03 30 | 02
#1344-d296 @A: 27 13 01 07 | 07
#1345-d296 @A: 17 01 21 07 | 03
#1346-d296 @A: 25 04 11 01 | 08
#1347-d296 @A: 33 34 01 27 | 12
#1348-d296 @A: 21 35 23 01 | 04
#1349-d296 @A: 11 14 29 01 | 11
#1350-d296 @A: 01 34 31 06 | 10
#1351-d296 @A: 34 01 05 20 | 01
#1352-d296 @A: 01 23 06 26 | 09
#1353-d296 @A: 32 18 08 33 | 06
#1354-d296 @A: 32 35 29 19 | 05
#1355-d296 @A: 30 32 14 08 | 02
#1356-d296 @A: 14 32 13 11 | 07
#1357-d296 @A: 13 32 17 23 | 03
#1358-d296 @A: 32 20 35 30 | 08
#1359-d296 @A: 20 34 32 31 | 12
#1360-d296 @A: 07 15 04 17 | 04
#1361-d296 @A: 15 25 18 04 | 11
#1362-d296 @A: 29 15 21 28 | 10
#1363-d296 @A: 17 29 35 15 | 01
#1364-d296 @A: 09 14 08 15 | 09
#1365-d296 @A: 13 35 25 15 | 06
#1366-d296 @A: 28 13 15 06 | 05
#1367-d296 @A: 15 05 14 16 | 02
#1368-d296 @A: 26 30 28 15 | 07
#1369-d296 @A: 06 34 15 24 | 03
#1370-d296 @A: 15 26 24 11 | 08
#1371-d296 @A: 26 23 07 27 | 12
#1372-d296 @A: 21 06 07 35 | 04
#1373-d296 @A: 33 07 31 13 | 11
#1374-d296 @A: 05 07 09 34 | 10
#1375-d296 @A: 33 17 21 04 | 01
#1376-d296 @A: 09 04 21 14 | 09
#1377-d296 @A: 11 09 08 04 | 06
#1378-d296 @A: 18 19 26 04 | 05
#1379-d296 @A: 20 04 11 35 | 02
#1380-d296 @A: 20 31 24 04 | 07
#1381-d296 @A: 04 19 20 05 | 03
#1382-d296 @A: 24 04 19 30 | 08
#1383-d296 @A: 27 21 16 08 | 12
#1384-d296 @A: 30 27 05 29 | 04
#1385-d296 @A: 27 35 31 09 | 11
#1386-d296 @A: 27 26 30 18 | 10
#1387-d296 @A: 27 35 05 19 | 01
#1388-d296 @A: 16 28 21 06 | 09
#1389-d296 @A: 08 23 33 25 | 06
#1390-d296 @A: 06 28 33 18 | 05
#1391-d296 @A: 28 23 16 33 | 02
#1392-d296 @A: 20 33 11 05 | 07
#1393-d296 @A: 20 29 16 09 | 03
#1394-d296 @A: 06 09 34 29 | 08
#1395-d296 @A: 28 26 35 29 | 12
#1396-d296 @A: 35 23 31 29 | 04
#1397-d296 @A: 06 24 29 35 | 11
#1398-d296 @A: 25 05 16 08 | 10
#1399-d296 @A: 30 09 25 18 | 01
#1400-d296 @A: 06 17 30 25 | 09
#1401-d296 @A: 31 14 28 06 | 06
#1402-d296 @A: 28 14 05 11 | 05
#1403-d296 @A: 14 20 35 19 | 02
#1404-d296 @A: 24 22 02 12 | 07
#1405-d296 @A: 04 17 02 12 | 03
#1406-d296 @A: 18 22 10 02 | 08
#1407-d296 @A: 13 02 20 22 | 12
#1408-d296 @A: 14 34 22 02 | 04
#1409-d296 @A: 03 18 02 27 | 11
#1410-d296 @A: 31 02 03 13 | 10
#1411-d296 @A: 02 32 01 13 | 01
#1412-d296 @A: 02 32 06 07 | 09
#1413-d296 @A: 05 02 32 28 | 06
#1414-d296 @A: 32 26 35 02 | 05
#1415-d296 @A: 07 18 02 33 | 02
#1416-d296 @A: 04 14 02 06 | 07
#1417-d296 @A: 28 35 02 09 | 03
#1418-d296 @A: 24 06 02 26 | 08
#1419-d296 @A: 02 23 11 26 | 12
#1420-d296 @A: 22 34 32 12 | 04
#1421-d296 @A: 20 12 29 22 | 11
#1422-d296 @A: 12 31 10 21 | 10
#1423-d296 @A: 01 21 12 20 | 01
#1424-d296 @A: 12 31 01 05 | 09
#1425-d296 @A: 32 12 17 31 | 06
#1426-d296 @A: 33 12 15 23 | 05
#1427-d296 @A: 14 04 23 12 | 02
#1428-d296 @A: 21 12 33 09 | 07
#1429-d296 @A: 18 19 12 21 | 03
#1430-d296 @A: 23 21 05 12 | 08
#1431-d296 @A: 33 13 06 12 | 12
#1432-d296 @A: 12 33 14 11 | 04
#1433-d296 @A: 20 13 12 08 | 11
#1434-d296 @A: 13 28 16 12 | 10
#1435-d296 @A: 14 12 18 06 | 01
#1436-d296 @A: 12 17 18 20 | 09
#1437-d296 @A: 34 31 12 24 | 06
#1438-d296 @A: 29 22 10 03 | 05
#1439-d296 @A: 24 22 10 06 | 02
#1440-d296 @A: 22 28 08 03 | 07
#1441-d296 @A: 23 13 22 03 | 03
#1442-d296 @A: 01 24 22 08 | 08
#1443-d296 @A: 16 32 24 22 | 12
#1444-d296 @A: 22 15 33 28 | 04
#1445-d296 @A: 04 11 14 22 | 11
#1446-d296 @A: 08 22 21 18 | 10
#1447-d296 @A: 23 22 33 29 | 01
#1448-d296 @A: 22 08 16 33 | 09
#1449-d296 @A: 18 22 05 24 | 06
#1450-d296 @A: 30 35 06 22 | 05
#1451-d296 @A: 22 26 34 24 | 02
#1452-d296 @A: 18 21 01 10 | 07
#1453-d296 @A: 31 32 10 29 | 03
#1454-d296 @A: 15 10 19 25 | 08
#1455-d296 @A: 18 10 34 07 | 12
#1456-d296 @A: 29 10 35 04 | 04
#1457-d296 @A: 29 08 33 10 | 11
#1458-d296 @A: 33 10 18 20 | 10
#1459-d296 @A: 29 13 10 20 | 01
#1460-d296 @A: 18 10 28 17 | 09
#1461-d296 @A: 05 19 11 10 | 06
#1462-d296 @A: 03 09 01 13 | 05
#1463-d296 @A: 07 03 29 32 | 02
#1464-d296 @A: 06 32 30 03 | 07
#1465-d296 @A: 19 03 32 16 | 03
#1466-d296 @A: 21 15 18 03 | 08
#1467-d296 @A: 06 03 27 07 | 12
#1468-d296 @A: 04 03 29 23 | 04
#1469-d296 @A: 03 27 14 28 | 11
#1470-d296 @A: 03 20 19 08 | 10
#1471-d296 @A: 17 03 19 35 | 01
#1472-d296 @A: 07 32 01 30 | 09
#1473-d296 @A: 29 26 32 01 | 06
#1474-d296 @A: 25 09 01 15 | 05
#1475-d296 @A: 29 19 01 07 | 02
#1476-d296 @A: 24 01 04 33 | 07
#1477-d296 @A: 01 14 27 06 | 03
#1478-d296 @A: 01 33 35 11 | 08
#1479-d296 @A: 13 26 01 35 | 12
#1480-d296 @A: 16 06 05 01 | 04
#1481-d296 @A: 24 01 17 06 | 11
#1482-d296 @A: 26 01 30 19 | 10
#1483-d296 @A: 32 35 14 04 | 01
#1484-d296 @A: 16 27 32 28 | 09
#1485-d296 @A: 33 21 32 23 | 06
#1486-d296 @A: 05 32 21 24 | 05
#1487-d296 @A: 32 08 25 26 | 02
#1488-d296 @A: 18 32 06 25 | 07
#1489-d296 @A: 32 18 17 16 | 03
#1490-d296 @A: 24 19 32 11 | 08
#1491-d296 @A: 04 19 30 15 | 12
#1492-d296 @A: 31 25 15 21 | 04
#1493-d296 @A: 15 05 34 33 | 11
#1494-d296 @A: 15 08 31 20 | 10
#1495-d296 @A: 30 23 15 14 | 01
#1496-d296 @A: 09 11 28 15 | 09
#1497-d296 @A: 15 11 34 20 | 06
#1498-d296 @A: 23 19 15 06 | 05
#1499-d296 @A: 16 21 07 04 | 02
#1500-d296 @A: 07 14 33 28 | 07
#1501-d296 @A: 16 07 33 24 | 03
#1502-d296 @A: 29 35 11 07 | 08
#1503-d296 @A: 34 07 14 08 | 12
#1504-d296 @A: 18 07 35 13 | 04
#1505-d296 @A: 07 26 31 09 | 11
#1506-d296 @A: 11 09 07 06 | 10
#1507-d296 @A: 31 04 29 21 | 01
#1508-d296 @A: 30 21 04 08 | 09
#1509-d296 @A: 05 33 25 04 | 06
#1510-d296 @A: 04 29 19 09 | 05
#1511-d296 @A: 08 04 24 06 | 02
#1512-d296 @A: 17 04 34 18 | 07
#1513-d296 @A: 11 19 04 28 | 03
#1514-d296 @A: 14 09 29 27 | 08
#1515-d296 @A: 20 26 35 27 | 12
#1516-d296 @A: 35 16 27 11 | 04
#1517-d296 @A: 30 31 20 27 | 11
#1518-d296 @A: 17 30 27 34 | 10
#1519-d296 @A: 21 14 24 33 | 01
#1520-d296 @A: 21 13 35 14 | 09
#1521-d296 @A: 13 34 21 26 | 06
#1522-d296 @A: 17 19 25 21 | 05
#1523-d296 @A: 14 21 30 06 | 02
#1524-d296 @A: 19 21 35 28 | 07
#1525-d296 @A: 11 35 21 05 | 03
#1526-d296 @A: 08 14 33 05 | 08
#1527-d296 @A: 30 13 14 33 | 12
#1528-d296 @A: 26 18 23 33 | 04
#1529-d296 @A: 24 30 33 16 | 11
#1530-d296 @A: 29 23 34 25 | 10
#1531-d296 @A: 14 35 08 16 | 01
#1532-d296 @A: 08 16 06 18 | 09
#1533-d296 @A: 18 19 08 23 | 06
#1534-d296 @A: 28 20 08 11 | 05
#1535-d296 @A: 08 30 19 28 | 02
#1536-d296 @A: 08 23 31 26 | 07
#1537-d296 @A: 05 08 06 20 | 03
#1538-d296 @A: 30 20 25 13 | 08
#1539-d296 @A: 24 25 11 13 | 12
#1540-d296 @A: 09 11 20 13 | 04
#1541-d296 @A: 17 25 09 14 | 11
#1542-d296 @A: 09 11 05 25 | 10
#1543-d296 @A: 28 06 19 25 | 01
#1544-d296 @A: 20 11 26 25 | 09
#1545-d296 @A: 24 35 14 30 | 06
#1546-d296 @A: 16 24 26 14 | 05
#1547-d296 @A: 34 24 14 19 | 02
#1548-d296 @A: 20 30 23 09 | 07
#1549-d296 @A: 30 16 26 09 | 03
#1550-d296 @A: 26 30 06 24 | 08
#1551-d296 @A: 12 27 02 21 | 12
#1552-d296 @A: 12 08 02 19 | 04
#1553-d296 @A: 28 22 02 21 | 11
#1554-d296 @A: 05 20 02 03 | 10
#1555-d296 @A: 27 20 02 01 | 01
#1556-d296 @A: 23 02 14 32 | 09
#1557-d296 @A: 02 07 04 20 | 06
#1558-d296 @A: 07 28 02 29 | 05
#1559-d296 @A: 30 35 04 02 | 02
#1560-d296 @A: 02 23 05 27 | 07
#1561-d296 @A: 02 19 09 11 | 03
#1562-d296 @A: 35 16 18 02 | 08
#1563-d296 @A: 35 34 24 02 | 12
#1564-d296 @A: 26 31 02 17 | 04
#1565-d296 @A: 19 24 02 31 | 11
#1566-d296 @A: 17 06 11 02 | 10
#1567-d296 @A: 08 23 12 10 | 01
#1568-d296 @A: 12 03 24 30 | 09
#1569-d296 @A: 01 12 25 23 | 06
#1570-d296 @A: 12 13 32 27 | 05
#1571-d296 @A: 29 12 32 23 | 02
#1572-d296 @A: 12 05 32 14 | 07
#1573-d296 @A: 32 30 12 19 | 03
#1574-d296 @A: 12 15 21 17 | 08
#1575-d296 @A: 18 12 08 15 | 12
#1576-d296 @A: 11 08 12 21 | 04
#1577-d296 @A: 34 29 12 08 | 11
#1578-d296 @A: 16 12 18 05 | 10
#1579-d296 @A: 19 28 31 12 | 01
#1580-d296 @A: 06 35 31 12 | 09
#1581-d296 @A: 01 22 03 34 | 06
#1582-d296 @A: 22 03 35 14 | 05
#1583-d296 @A: 16 22 07 15 | 02
#1584-d296 @A: 22 33 30 31 | 07
#1585-d296 @A: 22 28 14 26 | 03
#1586-d296 @A: 19 30 20 22 | 08
#1587-d296 @A: 26 19 22 11 | 12
#1588-d296 @A: 10 01 30 31 | 04
#1589-d296 @A: 34 32 14 10 | 11
#1590-d296 @A: 33 35 15 10 | 10
#1591-d296 @A: 17 06 15 10 | 01
#1592-d296 @A: 07 10 30 34 | 09
#1593-d296 @A: 19 21 10 04 | 06
#1594-d296 @A: 11 10 27 08 | 05
#1595-d296 @A: 16 10 33 13 | 02
#1596-d296 @A: 11 30 10 16 | 07
#1597-d296 @A: 03 21 31 32 | 03
#1598-d296 @A: 07 35 15 03 | 08
#1599-d296 @A: 03 07 33 17 | 12
#1600-d296 @A: 03 35 04 13 | 04
#1601-d296 @A: 13 16 03 27 | 11
#1602-d296 @A: 03 29 34 33 | 10
#1603-d296 @A: 08 03 29 31 | 01
#1604-d296 @A: 03 09 23 18 | 09
#1605-d296 @A: 03 18 05 30 | 06
#1606-d296 @A: 03 19 06 26 | 05
#1607-d296 @A: 23 17 11 03 | 02
#1608-d296 @A: 32 01 19 34 | 07
#1609-d296 @A: 15 05 01 27 | 03
#1610-d296 @A: 33 07 09 01 | 08
#1611-d296 @A: 01 04 35 09 | 12
#1612-d296 @A: 04 18 30 01 | 04
#1613-d296 @A: 27 26 01 18 | 11
#1614-d296 @A: 25 21 26 01 | 10
#1615-d296 @A: 29 01 31 33 | 01
#1616-d296 @A: 19 01 16 33 | 09
#1617-d296 @A: 01 29 25 35 | 06
#1618-d296 @A: 01 08 05 13 | 05
#1619-d296 @A: 13 20 24 01 | 02
#1620-d296 @A: 09 01 17 19 | 07
#1621-d296 @A: 01 09 30 17 | 03
#1622-d296 @A: 18 17 31 01 | 08
#1623-d296 @A: 01 24 28 30 | 12
#1624-d296 @A: 20 31 01 35 | 04
#1625-d296 @A: 19 32 04 07 | 11
#1626-d296 @A: 07 28 25 32 | 10
#1627-d296 @A: 05 32 27 04 | 01
#1628-d296 @A: 32 18 29 27 | 09
#1629-d296 @A: 14 21 18 32 | 06
#1630-d296 @A: 13 32 16 29 | 05
#1631-d296 @A: 19 32 13 31 | 02
#1632-d296 @A: 32 16 09 26 | 07
#1633-d296 @A: 26 34 11 32 | 03
#1634-d296 @A: 32 11 16 23 | 08
#1635-d296 @A: 14 15 24 04 | 12
#1636-d296 @A: 04 11 23 15 | 04
#1637-d296 @A: 14 15 33 25 | 11
#1638-d296 @A: 15 34 17 09 | 10
#1639-d296 @A: 28 16 15 18 | 01
#1640-d296 @A: 18 15 35 20 | 09
#1641-d296 @A: 35 05 15 31 | 06
#1642-d296 @A: 17 24 31 15 | 05
#1643-d296 @A: 31 23 15 34 | 02
#1644-d296 @A: 04 18 14 07 | 07
#1645-d296 @A: 27 16 07 14 | 03
#1646-d296 @A: 27 34 07 35 | 08
#1647-d296 @A: 33 07 05 29 | 12
#1648-d296 @A: 07 08 29 20 | 04
#1649-d296 @A: 23 07 18 05 | 11
#1650-d296 @A: 07 34 11 28 | 10
#1651-d296 @A: 35 07 20 16 | 01
#1652-d296 @A: 34 23 07 20 | 09
#1653-d296 @A: 13 20 27 04 | 06
#1654-d296 @A: 34 21 25 04 | 05
#1655-d296 @A: 20 30 28 04 | 02
#1656-d296 @A: 31 04 06 19 | 07
#1657-d296 @A: 16 23 04 31 | 03
#1658-d296 @A: 30 16 21 27 | 08
#1659-d296 @A: 27 25 08 34 | 12
#1660-d296 @A: 13 27 17 34 | 04
#1661-d296 @A: 24 20 09 27 | 11
#1662-d296 @A: 29 19 21 33 | 10
#1663-d296 @A: 33 08 31 21 | 01
#1664-d296 @A: 21 20 33 13 | 09
#1665-d296 @A: 14 21 26 29 | 06
#1666-d296 @A: 35 09 29 21 | 05
#1667-d296 @A: 21 14 11 19 | 02
#1668-d296 @A: 31 21 30 18 | 07
#1669-d296 @A: 21 20 34 35 | 03
#1670-d296 @A: 21 05 11 30 | 08
#1671-d296 @A: 23 24 21 26 | 12
#1672-d296 @A: 18 33 08 30 | 04
#1673-d296 @A: 33 28 05 35 | 11
#1674-d296 @A: 35 18 34 29 | 10
#1675-d296 @A: 16 35 29 05 | 01
#1676-d296 @A: 34 30 20 29 | 09
#1677-d296 @A: 08 05 23 35 | 06
#1678-d296 @A: 34 11 08 35 | 05
#1679-d296 @A: 06 23 08 11 | 02
#1680-d296 @A: 05 11 17 08 | 07
#1681-d296 @A: 14 28 25 35 | 03
#1682-d296 @A: 20 14 25 24 | 08
#1683-d296 @A: 28 25 20 16 | 12
#1684-d296 @A: 17 05 25 24 | 04
#1685-d296 @A: 14 18 31 16 | 11
#1686-d296 @A: 17 34 28 14 | 10
#1687-d296 @A: 34 14 06 35 | 01
#1688-d296 @A: 31 30 06 05 | 09
#1689-d296 @A: 26 05 30 20 | 06
