#0001-d176 @A: 30 24 31 19 | 08
#0002-d176 @A: 26 27 19 08 | 11
#0003-d176 @A: 19 15 23 27 | 10
#0004-d176 @A: 03 25 07 19 | 05
#0005-d176 @A: 19 32 03 02 | 03
#0006-d176 @A: 33 23 19 29 | 06
#0007-d176 @A: 29 13 09 19 | 07
#0008-d176 @A: 22 21 19 09 | 02
#0009-d176 @A: 17 19 18 24 | 04
#0010-d176 @A: 34 06 24 19 | 12
#0011-d176 @A: 35 18 16 19 | 01
#0012-d176 @A: 18 26 33 19 | 09
#0013-d176 @A: 19 32 34 20 | 08
#0014-d176 @A: 19 32 35 07 | 11
#0015-d176 @A: 33 19 11 02 | 10
#0016-d176 @A: 22 25 19 06 | 05
#0017-d176 @A: 34 22 05 19 | 03
#0018-d176 @A: 19 22 02 16 | 06
#0019-d176 @A: 32 17 19 26 | 07
#0020-d176 @A: 10 17 04 19 | 02
#0021-d176 @A: 30 23 04 08 | 04
#0022-d176 @A: 01 17 12 30 | 12
#0023-d176 @A: 27 18 09 30 | 01
#0024-d176 @A: 11 30 29 31 | 09
#0025-d176 @A: 30 29 25 07 | 08
#0026-d176 @A: 24 20 30 16 | 11
#0027-d176 @A: 24 10 30 35 | 10
#0028-d176 @A: 25 30 33 06 | 05
#0029-d176 @A: 16 13 12 08 | 03
#0030-d176 @A: 08 05 24 15 | 06
#0031-d176 @A: 08 15 11 01 | 07
#0032-d176 @A: 28 23 08 25 | 02
#0033-d176 @A: 09 22 08 03 | 04
#0034-d176 @A: 07 08 14 23 | 12
#0035-d176 @A: 08 34 09 29 | 01
#0036-d176 @A: 26 05 08 13 | 09
#0037-d176 @A: 16 25 02 08 | 08
#0038-d176 @A: 12 31 33 15 | 11
#0039-d176 @A: 12 31 14 28 | 10
#0040-d176 @A: 03 12 09 23 | 05
#0041-d176 @A: 03 20 34 12 | 03
#0042-d176 @A: 26 12 23 31 | 06
#0043-d176 @A: 33 13 12 23 | 07
#0044-d176 @A: 35 09 32 12 | 02
#0045-d176 @A: 31 12 24 02 | 04
#0046-d176 @A: 26 01 12 10 | 12
#0047-d176 @A: 14 12 04 33 | 01
#0048-d176 @A: 34 12 22 06 | 09
#0049-d176 @A: 28 06 15 09 | 08
#0050-d176 @A: 15 31 28 04 | 11
#0051-d176 @A: 03 07 15 33 | 10
#0052-d176 @A: 03 05 15 27 | 05
#0053-d176 @A: 15 23 04 09 | 03
#0054-d176 @A: 25 15 34 24 | 06
#0055-d176 @A: 15 35 21 22 | 07
#0056-d176 @A: 07 15 20 10 | 02
#0057-d176 @A: 15 14 35 32 | 04
#0058-d176 @A: 16 04 15 33 | 12
#0059-d176 @A: 13 17 34 15 | 01
#0060-d176 @A: 02 25 17 15 | 09
#0061-d176 @A: 05 17 16 15 | 08
#0062-d176 @A: 24 03 28 31 | 11
#0063-d176 @A: 23 28 33 01 | 10
#0064-d176 @A: 07 06 28 23 | 05
#0065-d176 @A: 25 16 09 28 | 03
#0066-d176 @A: 17 32 28 24 | 06
#0067-d176 @A: 28 06 21 18 | 07
#0068-d176 @A: 32 26 10 28 | 02
#0069-d176 @A: 06 03 23 33 | 04
#0070-d176 @A: 01 09 32 03 | 12
#0071-d176 @A: 03 05 20 31 | 01
#0072-d176 @A: 33 18 21 03 | 09
#0073-d176 @A: 35 03 21 17 | 08
#0074-d176 @A: 10 34 03 33 | 11
#0075-d176 @A: 04 22 03 06 | 10
#0076-d176 @A: 17 13 03 06 | 05
#0077-d176 @A: 16 03 17 11 | 03
#0078-d176 @A: 35 17 09 23 | 06
#0079-d176 @A: 23 29 02 20 | 07
#0080-d176 @A: 23 22 29 01 | 02
#0081-d176 @A: 06 23 20 13 | 04
#0082-d176 @A: 23 35 07 05 | 12
#0083-d176 @A: 23 11 32 26 | 01
#0084-d176 @A: 06 23 02 04 | 09
#0085-d176 @A: 23 11 13 05 | 08
#0086-d176 @A: 14 25 23 11 | 11
#0087-d176 @A: 10 16 23 11 | 10
#0088-d176 @A: 31 09 05 26 | 05
#0089-d176 @A: 09 27 20 35 | 03
#0090-d176 @A: 35 07 09 13 | 06
#0091-d176 @A: 13 09 01 14 | 07
#0092-d176 @A: 09 22 10 33 | 02
#0093-d176 @A: 11 09 32 34 | 04
#0094-d176 @A: 02 09 14 11 | 12
#0095-d176 @A: 29 17 31 33 | 01
#0096-d176 @A: 24 21 29 14 | 09
#0097-d176 @A: 07 29 33 24 | 08
#0098-d176 @A: 29 21 22 04 | 11
#0099-d176 @A: 22 17 29 14 | 10
#0100-d176 @A: 34 29 32 14 | 05
#0101-d176 @A: 25 10 05 29 | 03
#0102-d176 @A: 32 31 05 11 | 06
#0103-d176 @A: 25 14 06 31 | 07
#0104-d176 @A: 11 06 16 31 | 02
#0105-d176 @A: 27 31 05 13 | 04
#0106-d176 @A: 11 24 26 21 | 12
#0107-d176 @A: 06 02 24 33 | 01
#0108-d176 @A: 24 05 32 04 | 09
#0109-d176 @A: 24 05 06 11 | 08
#0110-d176 @A: 16 01 18 21 | 11
#0111-d176 @A: 18 16 21 26 | 10
#0112-d176 @A: 13 17 10 21 | 05
#0113-d176 @A: 06 18 35 07 | 03
#0114-d176 @A: 02 05 35 18 | 06
#0115-d176 @A: 18 01 17 25 | 07
#0116-d176 @A: 18 25 07 32 | 02
#0117-d176 @A: 33 27 13 18 | 04
#0118-d176 @A: 18 14 02 22 | 12
#0119-d176 @A: 25 06 18 04 | 01
#0120-d176 @A: 33 04 22 20 | 09
#0121-d176 @A: 20 32 27 11 | 08
#0122-d176 @A: 11 04 20 34 | 11
#0123-d176 @A: 25 14 20 10 | 10
#0124-d176 @A: 34 25 35 04 | 05
#0125-d176 @A: 06 35 26 10 | 03
#0126-d176 @A: 34 35 13 14 | 06
#0127-d176 @A: 33 22 26 01 | 07
#0128-d176 @A: 02 01 33 16 | 02
#0129-d176 @A: 01 04 22 16 | 04
#0130-d176 @A: 17 01 14 34 | 12
#0131-d176 @A: 05 11 01 10 | 01
#0132-d176 @A: 07 22 11 14 | 09
#0133-d176 @A: 11 16 07 04 | 08
#0134-d176 @A: 13 16 07 27 | 11
#0135-d176 @A: 26 27 33 11 | 10
#0136-d176 @A: 04 17 26 16 | 05
#0137-d176 @A: 30 11 19 07 | 03
#0138-d176 @A: 28 19 06 12 | 06
#0139-d176 @A: 33 28 19 24 | 07
#0140-d176 @A: 31 19 33 03 | 02
#0141-d176 @A: 18 03 13 19 | 04
#0142-d176 @A: 18 19 32 09 | 12
#0143-d176 @A: 05 29 04 19 | 01
#0144-d176 @A: 19 26 31 07 | 09
#0145-d176 @A: 17 19 32 31 | 08
#0146-d176 @A: 33 05 16 19 | 11
#0147-d176 @A: 10 05 19 06 | 10
#0148-d176 @A: 08 15 22 30 | 05
#0149-d176 @A: 30 25 31 08 | 03
#0150-d176 @A: 07 27 30 08 | 06
#0151-d176 @A: 30 12 13 26 | 07
#0152-d176 @A: 28 15 05 30 | 02
#0153-d176 @A: 15 31 30 06 | 04
#0154-d176 @A: 23 25 21 30 | 12
#0155-d176 @A: 23 13 30 07 | 01
#0156-d176 @A: 09 20 30 02 | 09
#0157-d176 @A: 33 09 30 07 | 08
#0158-d176 @A: 05 21 30 29 | 11
#0159-d176 @A: 29 30 35 18 | 10
#0160-d176 @A: 30 21 27 14 | 05
#0161-d176 @A: 04 07 18 30 | 03
#0162-d176 @A: 30 13 33 02 | 06
#0163-d176 @A: 22 30 04 32 | 07
#0164-d176 @A: 22 06 11 30 | 02
#0165-d176 @A: 30 25 32 13 | 04
#0166-d176 @A: 30 04 11 05 | 12
#0167-d176 @A: 16 13 34 30 | 01
#0168-d176 @A: 17 14 30 11 | 09
#0169-d176 @A: 12 08 04 32 | 08
#0170-d176 @A: 15 08 29 21 | 11
#0171-d176 @A: 10 08 15 31 | 10
#0172-d176 @A: 34 08 35 28 | 05
#0173-d176 @A: 06 28 08 16 | 03
#0174-d176 @A: 34 08 18 03 | 06
#0175-d176 @A: 29 08 23 11 | 07
#0176-d176 @A: 08 23 01 13 | 02
#0177-d176 @A: 09 20 08 14 | 04
#0178-d176 @A: 18 08 27 24 | 12
#0179-d176 @A: 24 01 08 02 | 01
#0180-d176 @A: 21 07 34 08 | 09
#0181-d176 @A: 26 17 35 08 | 08
#0182-d176 @A: 05 25 08 14 | 11
#0183-d176 @A: 11 08 16 05 | 10
#0184-d176 @A: 29 28 12 27 | 05
#0185-d176 @A: 12 24 05 29 | 03
#0186-d176 @A: 04 12 18 29 | 06
#0187-d176 @A: 35 12 27 21 | 07
#0188-d176 @A: 17 20 12 14 | 02
#0189-d176 @A: 17 02 32 12 | 04
#0190-d176 @A: 16 15 28 02 | 12
#0191-d176 @A: 15 34 03 23 | 01
#0192-d176 @A: 23 15 21 20 | 09
#0193-d176 @A: 23 02 15 18 | 08
#0194-d176 @A: 15 13 35 23 | 11
#0195-d176 @A: 09 26 15 25 | 10
#0196-d176 @A: 16 24 15 29 | 05
#0197-d176 @A: 31 15 14 24 | 03
#0198-d176 @A: 15 18 31 11 | 06
#0199-d176 @A: 06 04 15 01 | 07
#0200-d176 @A: 15 26 02 01 | 02
#0201-d176 @A: 34 11 05 15 | 04
#0202-d176 @A: 26 05 14 15 | 12
#0203-d176 @A: 01 06 03 28 | 01
#0204-d176 @A: 20 28 31 25 | 09
#0205-d176 @A: 31 22 28 11 | 08
#0206-d176 @A: 28 04 26 31 | 11
#0207-d176 @A: 17 18 28 35 | 10
#0208-d176 @A: 01 07 35 28 | 05
#0209-d176 @A: 28 10 13 35 | 03
#0210-d176 @A: 13 25 27 28 | 06
#0211-d176 @A: 34 26 28 16 | 07
#0212-d176 @A: 27 03 23 29 | 02
#0213-d176 @A: 03 09 21 16 | 04
#0214-d176 @A: 06 35 05 03 | 12
#0215-d176 @A: 03 13 04 33 | 01
#0216-d176 @A: 33 03 17 25 | 09
#0217-d176 @A: 16 13 22 03 | 08
#0218-d176 @A: 10 14 13 03 | 11
#0219-d176 @A: 17 34 02 03 | 10
#0220-d176 @A: 16 25 03 27 | 05
#0221-d176 @A: 05 23 29 26 | 03
#0222-d176 @A: 04 24 23 31 | 06
#0223-d176 @A: 18 01 27 23 | 07
#0224-d176 @A: 07 18 17 23 | 02
#0225-d176 @A: 11 33 23 04 | 04
#0226-d176 @A: 13 23 02 10 | 12
#0227-d176 @A: 26 17 02 23 | 01
#0228-d176 @A: 09 27 31 07 | 09
#0229-d176 @A: 14 04 32 09 | 08
#0230-d176 @A: 04 09 13 27 | 11
#0231-d176 @A: 27 06 09 34 | 10
#0232-d176 @A: 35 22 29 24 | 05
#0233-d176 @A: 07 18 29 13 | 03
#0234-d176 @A: 29 17 25 11 | 06
#0235-d176 @A: 26 31 24 27 | 07
#0236-d176 @A: 14 31 32 10 | 02
#0237-d176 @A: 04 31 16 27 | 04
#0238-d176 @A: 26 06 13 31 | 12
#0239-d176 @A: 34 11 17 31 | 01
#0240-d176 @A: 34 24 21 11 | 09
#0241-d176 @A: 33 18 24 04 | 08
#0242-d176 @A: 27 24 35 01 | 11
#0243-d176 @A: 33 24 14 13 | 10
#0244-d176 @A: 06 26 22 24 | 05
#0245-d176 @A: 18 13 04 21 | 03
#0246-d176 @A: 33 22 21 17 | 06
#0247-d176 @A: 21 34 25 33 | 07
#0248-d176 @A: 14 06 32 21 | 02
#0249-d176 @A: 32 05 10 21 | 04
#0250-d176 @A: 18 10 32 33 | 12
#0251-d176 @A: 33 17 34 18 | 01
#0252-d176 @A: 25 14 18 33 | 09
#0253-d176 @A: 18 33 11 16 | 08
#0254-d176 @A: 13 18 32 22 | 11
#0255-d176 @A: 32 26 18 06 | 10
#0256-d176 @A: 13 14 18 17 | 05
#0257-d176 @A: 33 13 25 20 | 03
#0258-d176 @A: 20 14 33 27 | 06
#0259-d176 @A: 32 02 05 20 | 07
#0260-d176 @A: 14 22 33 35 | 02
#0261-d176 @A: 22 05 13 35 | 04
#0262-d176 @A: 16 34 35 05 | 12
#0263-d176 @A: 14 35 05 10 | 01
#0264-d176 @A: 10 35 27 25 | 09
#0265-d176 @A: 11 01 25 33 | 08
#0266-d176 @A: 01 04 17 05 | 11
#0267-d176 @A: 25 26 01 06 | 10
#0268-d176 @A: 27 34 11 01 | 05
#0269-d176 @A: 16 05 26 01 | 03
#0270-d176 @A: 27 06 07 22 | 06
#0271-d176 @A: 06 34 32 07 | 07
#0272-d176 @A: 07 34 27 14 | 02
#0273-d176 @A: 26 04 32 16 | 04
#0274-d176 @A: 02 04 14 26 | 12
#0275-d176 @A: 26 06 34 02 | 01
#0276-d176 @A: 13 11 02 26 | 09
#0277-d176 @A: 35 33 30 19 | 08
#0278-d176 @A: 19 23 03 08 | 11
#0279-d176 @A: 19 08 24 32 | 10
#0280-d176 @A: 19 12 15 16 | 05
#0281-d176 @A: 10 15 09 19 | 03
#0282-d176 @A: 21 19 33 15 | 06
#0283-d176 @A: 11 28 23 19 | 07
#0284-d176 @A: 27 03 19 06 | 02
#0285-d176 @A: 34 31 23 19 | 04
#0286-d176 @A: 31 20 29 19 | 12
#0287-d176 @A: 01 29 19 25 | 01
#0288-d176 @A: 10 31 19 35 | 09
#0289-d176 @A: 20 19 21 14 | 08
#0290-d176 @A: 19 35 04 21 | 11
#0291-d176 @A: 05 35 25 19 | 10
#0292-d176 @A: 22 10 14 19 | 05
#0293-d176 @A: 06 19 14 11 | 03
#0294-d176 @A: 21 30 06 08 | 06
#0295-d176 @A: 08 35 30 05 | 07
#0296-d176 @A: 06 24 30 12 | 02
#0297-d176 @A: 30 21 15 10 | 04
#0298-d176 @A: 30 11 28 27 | 12
#0299-d176 @A: 23 09 30 34 | 01
#0300-d176 @A: 27 23 31 30 | 09
#0301-d176 @A: 22 23 30 20 | 08
#0302-d176 @A: 30 01 32 23 | 11
#0303-d176 @A: 30 09 22 31 | 10
#0304-d176 @A: 22 30 05 24 | 05
#0305-d176 @A: 30 17 27 24 | 03
#0306-d176 @A: 27 30 35 32 | 06
#0307-d176 @A: 10 30 05 13 | 07
#0308-d176 @A: 08 12 17 21 | 02
#0309-d176 @A: 34 10 08 12 | 04
#0310-d176 @A: 08 24 09 16 | 12
#0311-d176 @A: 11 31 08 20 | 01
#0312-d176 @A: 21 16 33 08 | 09
#0313-d176 @A: 18 10 01 08 | 08
#0314-d176 @A: 20 25 07 08 | 11
#0315-d176 @A: 20 17 13 08 | 10
#0316-d176 @A: 08 04 33 05 | 05
#0317-d176 @A: 12 18 03 06 | 03
#0318-d176 @A: 12 05 11 03 | 06
#0319-d176 @A: 29 07 32 12 | 07
#0320-d176 @A: 12 35 33 24 | 02
#0321-d176 @A: 26 12 04 24 | 04
#0322-d176 @A: 22 21 12 13 | 12
#0323-d176 @A: 12 10 18 02 | 01
#0324-d176 @A: 12 11 32 25 | 09
#0325-d176 @A: 11 12 04 02 | 08
#0326-d176 @A: 16 10 12 04 | 11
#0327-d176 @A: 15 11 21 28 | 10
#0328-d176 @A: 25 10 15 23 | 05
#0329-d176 @A: 33 15 24 09 | 03
#0330-d176 @A: 09 15 25 20 | 06
#0331-d176 @A: 35 15 29 04 | 07
#0332-d176 @A: 15 18 22 07 | 02
#0333-d176 @A: 17 35 15 20 | 04
#0334-d176 @A: 15 02 27 06 | 12
#0335-d176 @A: 13 26 15 27 | 01
#0336-d176 @A: 28 03 21 14 | 09
#0337-d176 @A: 28 20 16 03 | 08
#0338-d176 @A: 31 28 35 09 | 11
#0339-d176 @A: 09 27 28 26 | 10
#0340-d176 @A: 31 18 28 32 | 05
#0341-d176 @A: 28 35 20 02 | 03
#0342-d176 @A: 28 32 06 35 | 06
#0343-d176 @A: 13 28 01 34 | 07
#0344-d176 @A: 28 26 13 07 | 02
#0345-d176 @A: 10 16 33 28 | 04
#0346-d176 @A: 06 25 05 28 | 12
#0347-d176 @A: 03 35 09 10 | 01
#0348-d176 @A: 03 11 29 24 | 09
#0349-d176 @A: 34 21 29 03 | 08
#0350-d176 @A: 18 22 03 31 | 11
#0351-d176 @A: 10 03 07 18 | 10
#0352-d176 @A: 20 01 03 11 | 05
#0353-d176 @A: 22 34 01 03 | 03
#0354-d176 @A: 34 03 04 27 | 06
#0355-d176 @A: 27 13 03 02 | 07
#0356-d176 @A: 23 09 24 02 | 02
#0357-d176 @A: 29 04 23 34 | 04
#0358-d176 @A: 23 24 34 07 | 12
#0359-d176 @A: 01 21 26 23 | 01
#0360-d176 @A: 23 04 01 35 | 09
#0361-d176 @A: 34 32 23 35 | 08
#0362-d176 @A: 02 33 23 22 | 11
#0363-d176 @A: 23 25 17 06 | 10
#0364-d176 @A: 27 24 29 09 | 05
#0365-d176 @A: 09 25 21 29 | 03
#0366-d176 @A: 35 29 16 09 | 06
#0367-d176 @A: 20 05 09 21 | 07
#0368-d176 @A: 21 09 01 34 | 02
#0369-d176 @A: 01 18 11 09 | 04
#0370-d176 @A: 18 34 07 09 | 12
#0371-d176 @A: 09 06 18 10 | 01
#0372-d176 @A: 29 31 13 35 | 09
#0373-d176 @A: 24 06 18 29 | 08
#0374-d176 @A: 33 18 05 29 | 11
#0375-d176 @A: 35 27 07 29 | 10
#0376-d176 @A: 27 26 29 07 | 05
#0377-d176 @A: 34 27 29 33 | 03
#0378-d176 @A: 18 31 01 06 | 06
#0379-d176 @A: 33 22 31 16 | 07
#0380-d176 @A: 17 31 22 27 | 02
#0381-d176 @A: 31 16 25 32 | 04
#0382-d176 @A: 31 04 02 05 | 12
#0383-d176 @A: 10 06 27 31 | 01
#0384-d176 @A: 10 11 02 31 | 09
#0385-d176 @A: 14 26 31 17 | 08
#0386-d176 @A: 17 34 24 20 | 11
#0387-d176 @A: 24 05 01 14 | 10
#0388-d176 @A: 26 24 34 07 | 05
#0389-d176 @A: 16 14 24 22 | 03
#0390-d176 @A: 14 34 02 24 | 06
#0391-d176 @A: 24 11 10 25 | 07
#0392-d176 @A: 10 26 24 17 | 02
#0393-d176 @A: 17 25 07 21 | 04
#0394-d176 @A: 21 32 27 25 | 12
#0395-d176 @A: 04 21 17 27 | 01
#0396-d176 @A: 13 34 06 21 | 09
#0397-d176 @A: 25 13 21 14 | 08
#0398-d176 @A: 18 25 22 34 | 11
#0399-d176 @A: 13 06 18 05 | 10
#0400-d176 @A: 27 16 34 18 | 05
#0401-d176 @A: 05 25 16 18 | 03
#0402-d176 @A: 32 35 01 20 | 06
#0403-d176 @A: 32 04 06 20 | 07
#0404-d176 @A: 13 14 04 20 | 02
#0405-d176 @A: 20 16 25 34 | 04
#0406-d176 @A: 10 01 16 35 | 12
#0407-d176 @A: 06 35 02 14 | 01
#0408-d176 @A: 35 16 02 11 | 09
#0409-d176 @A: 26 35 16 11 | 08
#0410-d176 @A: 07 34 16 01 | 11
#0411-d176 @A: 01 33 06 32 | 10
#0412-d176 @A: 01 27 32 13 | 05
#0413-d176 @A: 01 14 32 16 | 03
#0414-d176 @A: 17 32 10 01 | 06
#0415-d176 @A: 01 25 02 34 | 07
#0416-d176 @A: 02 13 22 07 | 02
#0417-d176 @A: 32 07 27 05 | 04
#0418-d176 @A: 07 04 13 05 | 12
#0419-d176 @A: 11 14 26 25 | 01
#0420-d176 @A: 30 19 15 25 | 09
#0421-d176 @A: 26 30 22 19 | 08
#0422-d176 @A: 13 07 19 12 | 11
#0423-d176 @A: 15 24 11 19 | 10
#0424-d176 @A: 35 19 06 15 | 05
#0425-d176 @A: 28 19 31 13 | 03
#0426-d176 @A: 19 28 25 26 | 06
#0427-d176 @A: 24 03 26 19 | 07
#0428-d176 @A: 05 23 09 19 | 02
#0429-d176 @A: 24 19 23 10 | 04
#0430-d176 @A: 35 19 24 09 | 12
#0431-d176 @A: 19 33 09 14 | 01
#0432-d176 @A: 31 02 19 25 | 09
#0433-d176 @A: 27 19 31 11 | 08
#0434-d176 @A: 19 11 21 05 | 11
#0435-d176 @A: 05 19 26 35 | 10
#0436-d176 @A: 19 17 05 27 | 05
#0437-d176 @A: 12 30 05 18 | 03
#0438-d176 @A: 12 02 14 30 | 06
#0439-d176 @A: 03 13 15 30 | 07
#0440-d176 @A: 30 15 29 34 | 02
#0441-d176 @A: 30 03 05 23 | 04
#0442-d176 @A: 35 02 04 30 | 12
#0443-d176 @A: 05 33 34 30 | 01
#0444-d176 @A: 08 07 03 06 | 09
#0445-d176 @A: 22 26 03 08 | 08
#0446-d176 @A: 35 08 09 11 | 11
#0447-d176 @A: 09 06 08 01 | 10
#0448-d176 @A: 07 10 09 08 | 05
#0449-d176 @A: 08 24 31 34 | 03
#0450-d176 @A: 06 10 08 24 | 06
#0451-d176 @A: 25 21 18 08 | 07
#0452-d176 @A: 08 20 27 21 | 02
#0453-d176 @A: 33 18 02 08 | 04
#0454-d176 @A: 18 14 06 08 | 12
#0455-d176 @A: 25 01 08 32 | 01
#0456-d176 @A: 14 08 33 32 | 09
#0457-d176 @A: 10 04 08 13 | 08
#0458-d176 @A: 27 08 34 05 | 11
#0459-d176 @A: 03 12 15 32 | 10
#0460-d176 @A: 09 11 15 12 | 05
#0461-d176 @A: 21 03 02 12 | 03
#0462-d176 @A: 12 33 01 03 | 06
#0463-d176 @A: 10 12 22 23 | 07
#0464-d176 @A: 09 17 26 12 | 02
#0465-d176 @A: 11 21 12 29 | 04
#0466-d176 @A: 13 12 25 31 | 12
#0467-d176 @A: 24 01 12 34 | 01
#0468-d176 @A: 12 24 07 25 | 09
#0469-d176 @A: 12 21 14 16 | 08
#0470-d176 @A: 25 35 12 01 | 11
#0471-d176 @A: 16 33 12 06 | 10
#0472-d176 @A: 16 22 25 12 | 05
#0473-d176 @A: 05 16 02 12 | 03
#0474-d176 @A: 15 29 32 28 | 06
#0475-d176 @A: 21 03 15 04 | 07
#0476-d176 @A: 09 15 31 34 | 02
#0477-d176 @A: 01 09 27 15 | 04
#0478-d176 @A: 31 27 15 35 | 12
#0479-d176 @A: 15 13 31 01 | 01
#0480-d176 @A: 15 05 21 01 | 09
#0481-d176 @A: 16 15 18 13 | 08
#0482-d176 @A: 14 15 22 20 | 11
#0483-d176 @A: 28 34 21 23 | 10
#0484-d176 @A: 29 31 28 06 | 05
#0485-d176 @A: 29 28 10 21 | 03
#0486-d176 @A: 27 06 24 28 | 06
#0487-d176 @A: 33 22 28 13 | 07
#0488-d176 @A: 34 04 28 05 | 02
#0489-d176 @A: 09 27 03 17 | 04
#0490-d176 @A: 03 34 31 16 | 12
#0491-d176 @A: 18 03 05 04 | 01
#0492-d176 @A: 25 14 03 35 | 09
#0493-d176 @A: 17 03 22 32 | 08
#0494-d176 @A: 18 23 29 21 | 11
#0495-d176 @A: 31 14 23 20 | 10
#0496-d176 @A: 31 33 23 35 | 05
#0497-d176 @A: 26 18 23 25 | 03
#0498-d176 @A: 13 23 04 22 | 06
#0499-d176 @A: 34 26 23 27 | 07
#0500-d176 @A: 24 17 09 21 | 02
#0501-d176 @A: 09 21 07 32 | 04
#0502-d176 @A: 13 16 06 09 | 12
#0503-d176 @A: 10 05 02 09 | 01
#0504-d176 @A: 16 09 14 10 | 09
#0505-d176 @A: 29 21 02 01 | 08
#0506-d176 @A: 29 26 35 02 | 11
#0507-d176 @A: 22 29 34 02 | 10
#0508-d176 @A: 29 04 32 25 | 05
#0509-d176 @A: 29 13 26 32 | 03
#0510-d176 @A: 34 29 11 16 | 06
#0511-d176 @A: 24 31 27 20 | 07
#0512-d176 @A: 26 18 02 31 | 02
#0513-d176 @A: 33 31 02 32 | 04
#0514-d176 @A: 13 04 31 11 | 12
#0515-d176 @A: 17 06 05 31 | 01
#0516-d176 @A: 16 31 17 02 | 09
#0517-d176 @A: 21 05 18 24 | 08
#0518-d176 @A: 33 10 24 05 | 11
#0519-d176 @A: 33 26 24 10 | 10
#0520-d176 @A: 22 24 02 17 | 05
#0521-d176 @A: 14 01 35 21 | 03
#0522-d176 @A: 13 11 33 21 | 06
#0523-d176 @A: 27 21 16 22 | 07
#0524-d176 @A: 10 21 16 25 | 02
#0525-d176 @A: 06 16 18 32 | 04
#0526-d176 @A: 04 18 34 10 | 12
#0527-d176 @A: 18 04 27 02 | 01
#0528-d176 @A: 18 26 17 13 | 09
#0529-d176 @A: 16 17 20 04 | 08
#0530-d176 @A: 20 06 34 14 | 11
#0531-d176 @A: 05 20 27 16 | 10
#0532-d176 @A: 32 35 25 33 | 05
#0533-d176 @A: 17 04 35 33 | 03
#0534-d176 @A: 17 06 35 22 | 06
#0535-d176 @A: 17 27 13 35 | 07
#0536-d176 @A: 34 25 26 35 | 02
#0537-d176 @A: 33 07 01 14 | 04
#0538-d176 @A: 01 27 07 25 | 12
#0539-d176 @A: 34 04 01 33 | 01
#0540-d176 @A: 17 16 22 07 | 09
#0541-d176 @A: 32 07 17 14 | 08
#0542-d176 @A: 14 25 07 02 | 11
#0543-d176 @A: 25 33 13 26 | 10
#0544-d176 @A: 19 27 30 01 | 05
#0545-d176 @A: 19 14 08 15 | 03
#0546-d176 @A: 34 08 01 19 | 06
#0547-d176 @A: 21 15 19 26 | 07
#0548-d176 @A: 15 19 07 05 | 02
#0549-d176 @A: 25 19 28 18 | 04
#0550-d176 @A: 09 03 19 34 | 12
#0551-d176 @A: 19 21 10 03 | 01
#0552-d176 @A: 18 29 19 27 | 09
#0553-d176 @A: 22 07 33 19 | 08
#0554-d176 @A: 14 32 19 27 | 11
#0555-d176 @A: 13 14 05 19 | 10
#0556-d176 @A: 25 19 34 17 | 05
#0557-d176 @A: 30 11 24 08 | 03
#0558-d176 @A: 30 34 20 08 | 06
#0559-d176 @A: 07 30 14 15 | 07
#0560-d176 @A: 34 03 30 28 | 02
#0561-d176 @A: 24 09 03 30 | 04
#0562-d176 @A: 03 33 30 29 | 12
#0563-d176 @A: 25 18 30 03 | 01
#0564-d176 @A: 01 30 04 03 | 09
#0565-d176 @A: 30 29 23 17 | 08
#0566-d176 @A: 26 29 30 25 | 11
#0567-d176 @A: 33 20 31 30 | 10
#0568-d176 @A: 30 35 21 34 | 05
#0569-d176 @A: 02 18 16 30 | 03
#0570-d176 @A: 20 14 32 30 | 06
#0571-d176 @A: 35 30 01 06 | 07
#0572-d176 @A: 22 30 17 25 | 02
#0573-d176 @A: 30 34 17 32 | 04
#0574-d176 @A: 15 08 18 12 | 12
#0575-d176 @A: 33 15 27 08 | 01
#0576-d176 @A: 08 24 21 28 | 09
#0577-d176 @A: 08 03 14 29 | 08
#0578-d176 @A: 09 27 23 08 | 11
#0579-d176 @A: 04 09 21 08 | 10
#0580-d176 @A: 05 08 29 17 | 05
#0581-d176 @A: 31 08 01 14 | 03
#0582-d176 @A: 22 31 08 06 | 06
#0583-d176 @A: 18 08 05 07 | 07
#0584-d176 @A: 22 07 08 35 | 02
#0585-d176 @A: 13 25 08 22 | 04
#0586-d176 @A: 17 08 34 22 | 12
#0587-d176 @A: 08 10 02 22 | 01
#0588-d176 @A: 34 14 11 08 | 09
#0589-d176 @A: 10 11 08 17 | 08
#0590-d176 @A: 34 12 18 28 | 11
#0591-d176 @A: 25 33 12 28 | 10
#0592-d176 @A: 23 34 14 12 | 05
#0593-d176 @A: 12 09 02 07 | 03
#0594-d176 @A: 12 31 17 18 | 06
#0595-d176 @A: 21 12 01 10 | 07
#0596-d176 @A: 18 13 12 35 | 02
#0597-d176 @A: 05 20 35 12 | 04
#0598-d176 @A: 12 07 26 32 | 12
#0599-d176 @A: 33 12 32 05 | 01
#0600-d176 @A: 12 22 04 26 | 09
#0601-d176 @A: 06 32 12 27 | 08
#0602-d176 @A: 05 06 12 14 | 11
#0603-d176 @A: 15 24 20 28 | 10
#0604-d176 @A: 15 02 14 03 | 05
#0605-d176 @A: 15 04 26 23 | 03
#0606-d176 @A: 14 09 21 15 | 06
#0607-d176 @A: 15 29 26 18 | 07
#0608-d176 @A: 29 07 01 15 | 02
#0609-d176 @A: 15 06 20 18 | 04
#0610-d176 @A: 15 35 34 01 | 12
#0611-d176 @A: 13 27 22 15 | 01
#0612-d176 @A: 15 14 17 27 | 09
#0613-d176 @A: 03 11 18 28 | 08
#0614-d176 @A: 24 18 28 10 | 11
#0615-d176 @A: 07 02 24 28 | 10
#0616-d176 @A: 01 32 21 28 | 05
#0617-d176 @A: 20 01 28 05 | 03
#0618-d176 @A: 33 14 26 28 | 06
#0619-d176 @A: 28 13 17 02 | 07
#0620-d176 @A: 03 07 21 05 | 02
#0621-d176 @A: 04 14 17 03 | 04
#0622-d176 @A: 11 34 06 03 | 12
#0623-d176 @A: 05 03 14 34 | 01
#0624-d176 @A: 09 23 21 11 | 09
#0625-d176 @A: 06 23 18 34 | 08
#0626-d176 @A: 35 23 25 22 | 11
#0627-d176 @A: 17 23 14 33 | 10
#0628-d176 @A: 06 10 23 14 | 05
#0629-d176 @A: 18 09 31 29 | 03
#0630-d176 @A: 09 24 32 10 | 06
#0631-d176 @A: 13 21 26 09 | 07
#0632-d176 @A: 01 22 09 20 | 02
#0633-d176 @A: 09 17 07 20 | 04
#0634-d176 @A: 01 33 35 09 | 12
#0635-d176 @A: 35 09 22 04 | 01
#0636-d176 @A: 09 25 22 02 | 09
#0637-d176 @A: 17 25 13 09 | 08
#0638-d176 @A: 17 05 09 34 | 11
#0639-d176 @A: 14 09 25 27 | 10
#0640-d176 @A: 13 21 27 29 | 05
#0641-d176 @A: 32 29 01 11 | 03
#0642-d176 @A: 33 29 26 34 | 06
#0643-d176 @A: 02 04 14 29 | 07
#0644-d176 @A: 05 29 02 13 | 02
#0645-d176 @A: 34 21 26 31 | 04
#0646-d176 @A: 21 14 11 31 | 12
#0647-d176 @A: 07 31 10 16 | 01
#0648-d176 @A: 31 04 33 06 | 09
#0649-d176 @A: 10 25 31 26 | 08
#0650-d176 @A: 24 22 04 11 | 11
#0651-d176 @A: 24 32 25 14 | 10
#0652-d176 @A: 26 21 07 35 | 05
#0653-d176 @A: 21 01 04 26 | 03
#0654-d176 @A: 14 04 34 21 | 06
#0655-d176 @A: 17 18 10 16 | 07
#0656-d176 @A: 26 10 22 20 | 02
#0657-d176 @A: 17 32 20 25 | 04
#0658-d176 @A: 05 20 04 10 | 12
#0659-d176 @A: 25 26 04 20 | 01
#0660-d176 @A: 34 02 13 20 | 09
#0661-d176 @A: 11 14 20 05 | 08
#0662-d176 @A: 27 35 22 11 | 11
#0663-d176 @A: 02 10 35 17 | 10
#0664-d176 @A: 22 05 01 07 | 05
#0665-d176 @A: 01 02 14 10 | 03
#0666-d176 @A: 25 07 22 04 | 06
#0667-d176 @A: 25 07 13 06 | 07
#0668-d176 @A: 06 10 02 07 | 02
#0669-d176 @A: 05 06 17 26 | 04
#0670-d176 @A: 12 30 19 34 | 12
#0671-d176 @A: 04 13 30 19 | 01
#0672-d176 @A: 12 17 19 35 | 09
#0673-d176 @A: 19 15 20 03 | 08
#0674-d176 @A: 13 15 19 02 | 11
#0675-d176 @A: 17 09 19 11 | 10
#0676-d176 @A: 34 07 29 19 | 05
#0677-d176 @A: 13 01 21 19 | 03
#0678-d176 @A: 20 19 35 22 | 06
#0679-d176 @A: 33 32 04 19 | 07
#0680-d176 @A: 13 34 33 19 | 02
#0681-d176 @A: 19 32 06 13 | 04
#0682-d176 @A: 19 34 14 16 | 12
#0683-d176 @A: 08 30 03 17 | 01
#0684-d176 @A: 30 32 09 08 | 09
#0685-d176 @A: 15 33 23 30 | 08
#0686-d176 @A: 35 15 30 16 | 11
#0687-d176 @A: 30 35 28 22 | 10
#0688-d176 @A: 35 09 14 30 | 05
#0689-d176 @A: 30 10 04 29 | 03
#0690-d176 @A: 18 31 30 10 | 06
#0691-d176 @A: 24 30 07 01 | 07
#0692-d176 @A: 17 18 20 30 | 02
#0693-d176 @A: 04 30 18 26 | 04
#0694-d176 @A: 20 30 13 35 | 12
#0695-d176 @A: 26 30 20 27 | 01
#0696-d176 @A: 26 35 30 14 | 09
#0697-d176 @A: 30 32 05 06 | 08
#0698-d176 @A: 06 30 17 10 | 11
#0699-d176 @A: 17 30 05 02 | 10
#0700-d176 @A: 30 05 16 14 | 05
#0701-d176 @A: 13 08 09 15 | 03
#0702-d176 @A: 18 08 28 22 | 06
#0703-d176 @A: 03 08 35 33 | 07
#0704-d176 @A: 04 31 29 08 | 02
#0705-d176 @A: 10 08 29 35 | 04
#0706-d176 @A: 08 06 26 21 | 12
#0707-d176 @A: 20 16 35 08 | 01
#0708-d176 @A: 05 08 22 32 | 09
#0709-d176 @A: 22 04 08 14 | 08
#0710-d176 @A: 32 27 08 02 | 11
#0711-d176 @A: 17 08 04 02 | 10
#0712-d176 @A: 11 06 02 08 | 05
#0713-d176 @A: 10 35 15 12 | 03
#0714-d176 @A: 01 14 12 15 | 06
#0715-d176 @A: 12 28 16 35 | 07
#0716-d176 @A: 12 06 26 28 | 02
#0717-d176 @A: 24 12 11 23 | 04
#0718-d176 @A: 12 33 29 09 | 12
#0719-d176 @A: 18 27 07 12 | 01
#0720-d176 @A: 32 12 22 14 | 09
#0721-d176 @A: 22 05 04 12 | 08
#0722-d176 @A: 12 13 06 02 | 11
#0723-d176 @A: 25 27 02 12 | 10
#0724-d176 @A: 12 14 11 10 | 05
#0725-d176 @A: 27 16 12 26 | 03
#0726-d176 @A: 12 10 27 05 | 06
#0727-d176 @A: 35 15 11 03 | 07
#0728-d176 @A: 16 23 31 15 | 02
#0729-d176 @A: 15 09 07 16 | 04
#0730-d176 @A: 15 29 05 31 | 12
#0731-d176 @A: 29 14 15 10 | 01
#0732-d176 @A: 15 24 35 18 | 09
#0733-d176 @A: 26 35 15 33 | 08
#0734-d176 @A: 07 15 06 17 | 11
#0735-d176 @A: 11 15 16 22 | 10
#0736-d176 @A: 04 15 25 13 | 05
#0737-d176 @A: 26 28 09 03 | 03
#0738-d176 @A: 17 03 28 05 | 06
#0739-d176 @A: 04 28 23 20 | 07
#0740-d176 @A: 17 28 01 09 | 02
#0741-d176 @A: 29 28 18 02 | 04
#0742-d176 @A: 28 31 01 10 | 12
#0743-d176 @A: 28 07 31 34 | 01
#0744-d176 @A: 31 28 33 27 | 09
#0745-d176 @A: 28 18 14 20 | 08
#0746-d176 @A: 02 28 20 26 | 11
#0747-d176 @A: 28 25 22 32 | 10
#0748-d176 @A: 22 16 28 34 | 05
#0749-d176 @A: 32 02 14 28 | 03
#0750-d176 @A: 32 16 28 27 | 06
#0751-d176 @A: 13 05 16 28 | 07
#0752-d176 @A: 14 34 10 28 | 02
#0753-d176 @A: 11 28 05 26 | 04
#0754-d176 @A: 03 18 16 23 | 12
#0755-d176 @A: 01 14 03 23 | 01
#0756-d176 @A: 03 16 01 24 | 09
#0757-d176 @A: 02 10 03 24 | 08
#0758-d176 @A: 03 20 14 07 | 11
#0759-d176 @A: 14 03 16 33 | 10
#0760-d176 @A: 16 04 32 03 | 05
#0761-d176 @A: 03 32 13 05 | 03
#0762-d176 @A: 26 14 32 03 | 06
#0763-d176 @A: 09 13 23 31 | 07
#0764-d176 @A: 21 23 05 33 | 02
#0765-d176 @A: 22 21 14 23 | 04
#0766-d176 @A: 17 02 23 21 | 12
#0767-d176 @A: 04 32 17 23 | 01
#0768-d176 @A: 26 29 16 09 | 09
#0769-d176 @A: 10 17 09 29 | 08
#0770-d176 @A: 24 09 34 04 | 11
#0771-d176 @A: 21 18 09 02 | 10
#0772-d176 @A: 18 20 09 13 | 05
#0773-d176 @A: 18 16 04 09 | 03
#0774-d176 @A: 13 33 09 05 | 06
#0775-d176 @A: 33 02 17 09 | 07
#0776-d176 @A: 09 32 26 22 | 02
#0777-d176 @A: 04 06 09 26 | 04
#0778-d176 @A: 09 17 06 14 | 12
#0779-d176 @A: 09 14 26 10 | 01
#0780-d176 @A: 07 29 14 31 | 09
#0781-d176 @A: 29 21 20 17 | 08
#0782-d176 @A: 18 11 29 20 | 11
#0783-d176 @A: 02 29 11 07 | 10
#0784-d176 @A: 10 27 32 29 | 05
#0785-d176 @A: 06 29 14 26 | 03
#0786-d176 @A: 06 29 25 27 | 06
#0787-d176 @A: 29 16 02 10 | 07
#0788-d176 @A: 11 26 29 17 | 02
#0789-d176 @A: 21 31 27 18 | 04
#0790-d176 @A: 04 20 31 18 | 12
#0791-d176 @A: 13 07 31 20 | 01
#0792-d176 @A: 31 11 22 26 | 09
#0793-d176 @A: 14 31 02 27 | 08
#0794-d176 @A: 21 07 24 10 | 11
#0795-d176 @A: 11 18 07 24 | 10
#0796-d176 @A: 35 04 07 24 | 05
#0797-d176 @A: 22 24 27 25 | 03
#0798-d176 @A: 24 32 16 11 | 06
#0799-d176 @A: 10 24 34 16 | 07
#0800-d176 @A: 20 21 10 35 | 02
#0801-d176 @A: 21 25 20 01 | 04
#0802-d176 @A: 21 07 20 02 | 12
#0803-d176 @A: 32 33 20 21 | 01
#0804-d176 @A: 21 22 05 02 | 09
#0805-d176 @A: 21 17 32 11 | 08
#0806-d176 @A: 18 01 07 20 | 11
#0807-d176 @A: 18 11 13 34 | 10
#0808-d176 @A: 07 27 20 04 | 05
#0809-d176 @A: 16 06 10 20 | 03
#0810-d176 @A: 02 11 17 20 | 06
#0811-d176 @A: 35 34 33 06 | 07
#0812-d176 @A: 02 33 27 35 | 02
#0813-d176 @A: 05 35 17 32 | 04
#0814-d176 @A: 07 01 32 04 | 12
#0815-d176 @A: 11 07 01 06 | 01
#0816-d176 @A: 01 02 22 32 | 09
#0817-d176 @A: 11 14 04 01 | 08
#0818-d176 @A: 25 13 01 05 | 11
#0819-d176 @A: 27 26 01 17 | 10
#0820-d176 @A: 07 02 04 33 | 05
#0821-d176 @A: 32 07 22 10 | 03
#0822-d176 @A: 17 22 34 26 | 06
#0823-d176 @A: 32 25 26 27 | 07
#0824-d176 @A: 10 08 19 30 | 02
#0825-d176 @A: 19 22 30 03 | 04
#0826-d176 @A: 17 30 21 19 | 12
#0827-d176 @A: 19 12 08 22 | 01
#0828-d176 @A: 06 08 19 29 | 09
#0829-d176 @A: 07 17 19 08 | 08
#0830-d176 @A: 12 02 20 19 | 11
#0831-d176 @A: 19 14 12 26 | 10
#0832-d176 @A: 13 25 23 19 | 05
#0833-d176 @A: 09 19 31 16 | 03
#0834-d176 @A: 02 06 19 09 | 06
#0835-d176 @A: 29 19 24 02 | 07
#0836-d176 @A: 21 16 24 19 | 02
#0837-d176 @A: 01 24 19 22 | 04
#0838-d176 @A: 20 13 19 11 | 12
#0839-d176 @A: 19 02 35 01 | 01
#0840-d176 @A: 27 19 04 22 | 09
#0841-d176 @A: 19 06 16 04 | 08
#0842-d176 @A: 19 16 26 10 | 11
#0843-d176 @A: 30 14 28 08 | 10
#0844-d176 @A: 30 12 15 27 | 05
#0845-d176 @A: 11 30 13 12 | 03
#0846-d176 @A: 20 29 28 30 | 06
#0847-d176 @A: 30 28 25 01 | 07
#0848-d176 @A: 32 07 30 28 | 02
#0849-d176 @A: 30 27 20 03 | 04
#0850-d176 @A: 30 03 26 33 | 12
#0851-d176 @A: 14 03 30 06 | 01
#0852-d176 @A: 30 16 06 23 | 09
#0853-d176 @A: 16 29 27 30 | 08
#0854-d176 @A: 30 31 21 02 | 11
#0855-d176 @A: 34 01 31 30 | 10
#0856-d176 @A: 22 21 30 18 | 05
#0857-d176 @A: 10 20 01 30 | 03
#0858-d176 @A: 30 20 06 07 | 06
#0859-d176 @A: 27 05 30 25 | 07
#0860-d176 @A: 03 08 12 25 | 02
#0861-d176 @A: 01 07 12 08 | 04
#0862-d176 @A: 15 35 25 08 | 12
#0863-d176 @A: 01 03 08 05 | 01
#0864-d176 @A: 08 31 17 23 | 09
#0865-d176 @A: 32 23 21 08 | 08
#0866-d176 @A: 24 25 08 29 | 11
#0867-d176 @A: 29 32 18 08 | 10
#0868-d176 @A: 02 31 08 07 | 05
#0869-d176 @A: 08 05 13 21 | 03
#0870-d176 @A: 04 11 08 25 | 06
#0871-d176 @A: 28 04 03 12 | 07
#0872-d176 @A: 24 22 28 12 | 02
#0873-d176 @A: 12 31 10 03 | 04
#0874-d176 @A: 03 26 35 12 | 12
#0875-d176 @A: 23 04 21 12 | 01
#0876-d176 @A: 18 23 25 12 | 09
#0877-d176 @A: 05 01 12 23 | 08
#0878-d176 @A: 23 07 12 16 | 11
#0879-d176 @A: 22 09 12 17 | 10
#0880-d176 @A: 12 29 16 17 | 05
#0881-d176 @A: 24 12 20 10 | 03
#0882-d176 @A: 20 18 12 21 | 06
#0883-d176 @A: 33 11 12 20 | 07
#0884-d176 @A: 12 10 25 06 | 02
#0885-d176 @A: 14 13 12 27 | 04
#0886-d176 @A: 17 13 05 12 | 12
#0887-d176 @A: 28 15 18 27 | 01
#0888-d176 @A: 28 01 22 15 | 09
#0889-d176 @A: 24 23 22 15 | 08
#0890-d176 @A: 07 15 11 23 | 11
#0891-d176 @A: 32 15 31 07 | 10
#0892-d176 @A: 35 02 15 07 | 05
#0893-d176 @A: 05 15 02 33 | 03
#0894-d176 @A: 22 02 15 26 | 06
#0895-d176 @A: 25 06 32 15 | 07
#0896-d176 @A: 34 10 32 15 | 02
#0897-d176 @A: 05 28 23 29 | 04
#0898-d176 @A: 23 24 28 16 | 12
#0899-d176 @A: 28 09 14 24 | 01
#0900-d176 @A: 17 21 31 28 | 09
#0901-d176 @A: 24 28 05 35 | 08
#0902-d176 @A: 28 01 24 11 | 11
#0903-d176 @A: 35 28 25 21 | 10
#0904-d176 @A: 22 07 21 28 | 05
#0905-d176 @A: 33 14 28 05 | 03
#0906-d176 @A: 11 34 28 25 | 06
#0907-d176 @A: 13 23 03 21 | 07
#0908-d176 @A: 03 09 31 14 | 02
#0909-d176 @A: 09 25 03 06 | 04
#0910-d176 @A: 03 32 33 24 | 12
#0911-d176 @A: 03 35 13 01 | 01
#0912-d176 @A: 13 07 34 03 | 09
#0913-d176 @A: 33 03 22 05 | 08
#0914-d176 @A: 03 22 14 27 | 11
#0915-d176 @A: 13 11 03 25 | 10
#0916-d176 @A: 03 05 02 25 | 05
#0917-d176 @A: 10 21 31 23 | 03
#0918-d176 @A: 18 23 05 31 | 06
#0919-d176 @A: 07 01 21 23 | 07
#0920-d176 @A: 23 18 35 10 | 02
#0921-d176 @A: 14 20 26 23 | 04
#0922-d176 @A: 23 32 02 25 | 12
#0923-d176 @A: 06 05 23 27 | 01
#0924-d176 @A: 09 20 24 11 | 09
#0925-d176 @A: 35 21 09 06 | 08
#0926-d176 @A: 21 10 27 09 | 11
#0927-d176 @A: 11 33 09 06 | 10
#0928-d176 @A: 09 05 16 22 | 05
#0929-d176 @A: 24 10 31 29 | 03
#0930-d176 @A: 31 26 01 29 | 06
#0931-d176 @A: 35 29 33 21 | 07
#0932-d176 @A: 33 06 29 14 | 02
#0933-d176 @A: 06 05 34 29 | 04
#0934-d176 @A: 21 01 31 33 | 12
#0935-d176 @A: 20 06 35 31 | 01
#0936-d176 @A: 35 26 31 20 | 09
#0937-d176 @A: 31 32 20 22 | 08
#0938-d176 @A: 10 22 04 31 | 11
#0939-d176 @A: 32 04 31 34 | 10
#0940-d176 @A: 35 24 13 21 | 05
#0941-d176 @A: 21 24 04 01 | 03
#0942-d176 @A: 02 18 20 24 | 06
#0943-d176 @A: 24 33 20 01 | 07
#0944-d176 @A: 32 20 07 24 | 02
#0945-d176 @A: 24 17 35 11 | 04
#0946-d176 @A: 07 16 24 05 | 12
#0947-d176 @A: 27 24 34 32 | 01
#0948-d176 @A: 22 21 26 20 | 09
#0949-d176 @A: 21 06 17 01 | 08
#0950-d176 @A: 22 11 25 21 | 11
#0951-d176 @A: 21 02 32 04 | 10
#0952-d176 @A: 11 21 27 02 | 05
#0953-d176 @A: 04 32 18 11 | 03
#0954-d176 @A: 18 10 25 13 | 06
#0955-d176 @A: 20 13 16 32 | 07
#0956-d176 @A: 06 20 11 26 | 02
#0957-d176 @A: 06 20 27 17 | 04
#0958-d176 @A: 35 13 26 01 | 12
#0959-d176 @A: 10 07 33 35 | 01
#0960-d176 @A: 16 33 35 13 | 09
#0961-d176 @A: 26 27 04 35 | 08
#0962-d176 @A: 06 11 13 35 | 11
#0963-d176 @A: 06 13 01 22 | 10
#0964-d176 @A: 07 33 11 34 | 05
#0965-d176 @A: 14 26 07 22 | 03
#0966-d176 @A: 07 34 17 04 | 06
#0967-d176 @A: 19 04 08 28 | 07
#0968-d176 @A: 19 27 08 16 | 02
#0969-d176 @A: 19 03 14 12 | 04
#0970-d176 @A: 29 10 12 19 | 12
#0971-d176 @A: 19 25 12 21 | 01
#0972-d176 @A: 18 04 15 19 | 09
#0973-d176 @A: 28 22 29 19 | 08
#0974-d176 @A: 28 21 19 02 | 11
#0975-d176 @A: 03 16 29 19 | 10
#0976-d176 @A: 01 16 19 23 | 05
#0977-d176 @A: 07 19 21 27 | 03
#0978-d176 @A: 34 35 27 19 | 06
#0979-d176 @A: 19 17 33 06 | 07
#0980-d176 @A: 33 08 30 12 | 02
#0981-d176 @A: 02 29 30 08 | 04
#0982-d176 @A: 12 21 28 30 | 12
#0983-d176 @A: 30 29 22 12 | 01
#0984-d176 @A: 32 30 15 18 | 09
#0985-d176 @A: 30 26 15 10 | 08
#0986-d176 @A: 23 28 30 10 | 11
#0987-d176 @A: 16 28 30 31 | 10
#0988-d176 @A: 03 02 30 07 | 05
#0989-d176 @A: 11 30 10 03 | 03
#0990-d176 @A: 26 05 30 03 | 06
#0991-d176 @A: 09 13 21 30 | 07
#0992-d176 @A: 01 30 09 05 | 02
#0993-d176 @A: 26 34 30 09 | 04
#0994-d176 @A: 30 14 04 31 | 12
#0995-d176 @A: 14 01 18 30 | 01
#0996-d176 @A: 33 30 22 01 | 09
#0997-d176 @A: 30 14 33 10 | 08
#0998-d176 @A: 33 30 16 17 | 11
#0999-d176 @A: 16 30 10 22 | 10
#1000-d176 @A: 27 13 06 30 | 05
#1001-d176 @A: 26 30 06 16 | 03
#1002-d176 @A: 02 34 11 30 | 06
#1003-d176 @A: 04 08 15 07 | 07
#1004-d176 @A: 28 23 26 08 | 02
#1005-d176 @A: 05 08 28 31 | 04
#1006-d176 @A: 31 13 08 03 | 12
#1007-d176 @A: 33 01 08 29 | 01
#1008-d176 @A: 22 27 08 29 | 09
#1009-d176 @A: 08 17 33 24 | 08
#1010-d176 @A: 08 35 21 02 | 11
#1011-d176 @A: 21 08 14 10 | 10
#1012-d176 @A: 01 20 04 08 | 05
#1013-d176 @A: 06 20 08 05 | 03
#1014-d176 @A: 27 14 35 08 | 06
#1015-d176 @A: 13 11 27 08 | 07
#1016-d176 @A: 08 25 27 17 | 02
#1017-d176 @A: 17 12 28 23 | 04
#1018-d176 @A: 10 12 28 09 | 12
#1019-d176 @A: 31 21 09 12 | 01
#1020-d176 @A: 16 01 09 12 | 09
#1021-d176 @A: 14 12 35 07 | 08
#1022-d176 @A: 34 35 11 12 | 11
#1023-d176 @A: 12 04 07 06 | 10
#1024-d176 @A: 33 34 12 02 | 05
#1025-d176 @A: 04 12 13 34 | 03
#1026-d176 @A: 25 17 12 04 | 06
#1027-d176 @A: 26 15 24 28 | 07
#1028-d176 @A: 03 01 25 15 | 02
#1029-d176 @A: 15 07 27 24 | 04
#1030-d176 @A: 21 18 17 15 | 12
#1031-d176 @A: 21 15 16 32 | 01
#1032-d176 @A: 15 14 34 18 | 09
#1033-d176 @A: 33 15 20 34 | 08
#1034-d176 @A: 10 15 06 33 | 11
#1035-d176 @A: 11 32 02 15 | 10
#1036-d176 @A: 15 11 17 04 | 05
#1037-d176 @A: 28 11 29 09 | 03
#1038-d176 @A: 28 29 24 34 | 06
#1039-d176 @A: 04 24 25 28 | 07
#1040-d176 @A: 20 07 11 28 | 02
#1041-d176 @A: 35 04 28 11 | 04
#1042-d176 @A: 02 22 28 04 | 12
#1043-d176 @A: 28 17 25 14 | 01
#1044-d176 @A: 03 02 35 23 | 09
#1045-d176 @A: 03 21 06 31 | 08
#1046-d176 @A: 27 35 03 18 | 11
#1047-d176 @A: 03 18 10 26 | 10
#1048-d176 @A: 03 26 07 20 | 05
#1049-d176 @A: 11 03 01 26 | 03
#1050-d176 @A: 32 11 03 14 | 06
#1051-d176 @A: 13 03 04 26 | 07
#1052-d176 @A: 09 18 33 23 | 02
#1053-d176 @A: 09 16 23 20 | 04
#1054-d176 @A: 25 23 07 09 | 12
#1055-d176 @A: 23 22 07 31 | 01
#1056-d176 @A: 18 14 23 04 | 09
#1057-d176 @A: 01 23 34 20 | 08
#1058-d176 @A: 20 23 10 32 | 11
#1059-d176 @A: 23 35 26 22 | 10
#1060-d176 @A: 06 32 11 23 | 05
#1061-d176 @A: 23 05 04 16 | 03
#1062-d176 @A: 13 16 17 23 | 06
#1063-d176 @A: 01 29 04 09 | 07
#1064-d176 @A: 24 09 31 05 | 02
#1065-d176 @A: 09 20 10 31 | 04
#1066-d176 @A: 06 31 32 09 | 12
#1067-d176 @A: 02 35 34 09 | 01
#1068-d176 @A: 10 09 04 11 | 09
#1069-d176 @A: 07 21 06 29 | 08
#1070-d176 @A: 22 29 13 20 | 11
#1071-d176 @A: 32 17 13 29 | 10
#1072-d176 @A: 16 29 32 05 | 05
#1073-d176 @A: 06 29 10 13 | 03
#1074-d176 @A: 31 21 22 24 | 06
#1075-d176 @A: 31 16 24 35 | 07
#1076-d176 @A: 22 02 31 35 | 02
#1077-d176 @A: 34 13 31 22 | 04
#1078-d176 @A: 20 24 21 06 | 12
#1079-d176 @A: 33 34 24 22 | 01
#1080-d176 @A: 27 02 24 05 | 09
#1081-d176 @A: 14 11 24 27 | 08
#1082-d176 @A: 24 10 14 17 | 11
#1083-d176 @A: 35 32 21 18 | 10
#1084-d176 @A: 06 27 33 21 | 05
#1085-d176 @A: 14 33 02 21 | 03
#1086-d176 @A: 18 14 05 32 | 06
#1087-d176 @A: 20 33 26 17 | 07
#1088-d176 @A: 20 06 11 25 | 02
#1089-d176 @A: 10 13 27 20 | 04
#1090-d176 @A: 13 35 32 04 | 12
#1091-d176 @A: 10 13 01 07 | 01
#1092-d176 @A: 01 04 02 13 | 09
#1093-d176 @A: 06 27 14 01 | 08
#1094-d176 @A: 06 16 01 25 | 11
#1095-d176 @A: 27 17 33 07 | 10
#1096-d176 @A: 11 07 13 17 | 05
#1097-d176 @A: 07 10 27 11 | 03
#1098-d176 @A: 10 17 07 05 | 06
#1099-d176 @A: 26 06 33 27 | 07
#1100-d176 @A: 18 19 06 30 | 02
#1101-d176 @A: 19 09 25 08 | 04
#1102-d176 @A: 08 20 33 19 | 12
#1103-d176 @A: 05 19 12 31 | 01
#1104-d176 @A: 19 28 27 20 | 09
#1105-d176 @A: 07 10 19 28 | 08
#1106-d176 @A: 03 19 24 05 | 11
#1107-d176 @A: 19 04 09 20 | 10
#1108-d176 @A: 07 24 19 14 | 05
#1109-d176 @A: 24 13 27 19 | 03
#1110-d176 @A: 34 18 21 19 | 06
#1111-d176 @A: 32 25 19 10 | 07
#1112-d176 @A: 35 30 23 12 | 02
#1113-d176 @A: 31 30 32 12 | 04
#1114-d176 @A: 04 30 24 15 | 12
#1115-d176 @A: 30 24 23 14 | 01
#1116-d176 @A: 30 26 31 32 | 09
#1117-d176 @A: 24 30 02 25 | 08
#1118-d176 @A: 07 21 30 16 | 11
#1119-d176 @A: 26 21 02 30 | 10
#1120-d176 @A: 30 11 33 32 | 05
#1121-d176 @A: 22 27 02 30 | 03
#1122-d176 @A: 26 12 29 08 | 06
#1123-d176 @A: 33 28 07 08 | 07
#1124-d176 @A: 08 34 33 23 | 02
#1125-d176 @A: 23 16 22 08 | 04
#1126-d176 @A: 17 01 35 08 | 12
#1127-d176 @A: 10 33 25 08 | 01
#1128-d176 @A: 08 32 17 06 | 09
#1129-d176 @A: 13 32 34 08 | 08
#1130-d176 @A: 08 04 06 27 | 11
#1131-d176 @A: 04 08 16 34 | 10
#1132-d176 @A: 10 08 02 26 | 05
#1133-d176 @A: 08 16 26 14 | 03
#1134-d176 @A: 12 13 15 28 | 06
#1135-d176 @A: 22 15 02 12 | 07
#1136-d176 @A: 05 15 12 25 | 02
#1137-d176 @A: 12 28 20 32 | 04
#1138-d176 @A: 20 23 27 12 | 12
#1139-d176 @A: 09 12 14 18 | 01
#1140-d176 @A: 35 12 02 29 | 09
#1141-d176 @A: 29 01 12 06 | 08
#1142-d176 @A: 14 12 29 25 | 11
#1143-d176 @A: 12 01 27 04 | 10
#1144-d176 @A: 16 34 12 32 | 05
#1145-d176 @A: 18 03 09 15 | 03
#1146-d176 @A: 31 15 03 17 | 06
#1147-d176 @A: 29 15 09 02 | 07
#1148-d176 @A: 15 29 20 27 | 02
#1149-d176 @A: 15 13 29 33 | 04
#1150-d176 @A: 02 21 15 24 | 12
#1151-d176 @A: 07 21 13 15 | 01
#1152-d176 @A: 01 15 33 18 | 09
#1153-d176 @A: 14 11 33 15 | 08
#1154-d176 @A: 05 22 06 15 | 11
#1155-d176 @A: 06 16 34 15 | 10
#1156-d176 @A: 10 15 13 11 | 05
#1157-d176 @A: 03 25 29 28 | 03
#1158-d176 @A: 21 33 28 09 | 06
#1159-d176 @A: 09 20 34 28 | 07
#1160-d176 @A: 33 34 28 32 | 02
#1161-d176 @A: 05 28 10 22 | 04
#1162-d176 @A: 28 04 32 10 | 12
#1163-d176 @A: 11 13 28 32 | 01
#1164-d176 @A: 04 06 13 28 | 09
#1165-d176 @A: 06 34 17 28 | 08
#1166-d176 @A: 25 10 28 02 | 11
#1167-d176 @A: 16 14 28 11 | 10
#1168-d176 @A: 28 27 17 10 | 05
#1169-d176 @A: 11 07 09 03 | 03
#1170-d176 @A: 02 03 31 29 | 06
#1171-d176 @A: 03 29 04 07 | 07
#1172-d176 @A: 06 03 26 31 | 02
#1173-d176 @A: 13 03 24 20 | 04
#1174-d176 @A: 03 24 34 35 | 12
#1175-d176 @A: 02 03 18 01 | 01
#1176-d176 @A: 04 35 20 03 | 09
#1177-d176 @A: 16 06 02 03 | 08
#1178-d176 @A: 23 14 09 29 | 11
#1179-d176 @A: 07 10 29 23 | 10
#1180-d176 @A: 32 24 23 18 | 05
#1181-d176 @A: 23 05 20 24 | 03
#1182-d176 @A: 01 06 23 24 | 06
#1183-d176 @A: 23 21 35 16 | 07
#1184-d176 @A: 07 20 23 33 | 02
#1185-d176 @A: 11 02 01 23 | 04
#1186-d176 @A: 23 25 26 07 | 12
#1187-d176 @A: 23 32 14 13 | 01
#1188-d176 @A: 27 13 34 23 | 09
#1189-d176 @A: 23 17 11 27 | 08
#1190-d176 @A: 07 09 22 29 | 11
#1191-d176 @A: 09 31 25 11 | 10
#1192-d176 @A: 09 24 18 22 | 05
#1193-d176 @A: 07 09 06 24 | 03
#1194-d176 @A: 01 09 18 26 | 06
#1195-d176 @A: 05 07 09 14 | 07
#1196-d176 @A: 02 13 32 09 | 02
#1197-d176 @A: 29 31 27 01 | 04
#1198-d176 @A: 29 24 20 04 | 12
#1199-d176 @A: 24 01 17 29 | 01
#1200-d176 @A: 22 18 10 29 | 09
#1201-d176 @A: 29 14 20 01 | 08
#1202-d176 @A: 07 05 29 20 | 11
#1203-d176 @A: 20 16 33 29 | 10
#1204-d176 @A: 35 29 01 05 | 05
#1205-d176 @A: 33 32 22 29 | 03
#1206-d176 @A: 29 25 33 02 | 06
#1207-d176 @A: 13 29 34 25 | 07
#1208-d176 @A: 33 07 31 18 | 02
#1209-d176 @A: 18 02 31 13 | 04
#1210-d176 @A: 35 31 25 07 | 12
#1211-d176 @A: 10 13 33 31 | 01
#1212-d176 @A: 34 14 33 31 | 09
#1213-d176 @A: 18 13 01 24 | 08
#1214-d176 @A: 24 05 18 26 | 11
#1215-d176 @A: 25 24 35 06 | 10
#1216-d176 @A: 17 13 04 24 | 05
#1217-d176 @A: 06 17 24 16 | 03
#1218-d176 @A: 11 10 18 21 | 06
#1219-d176 @A: 21 10 33 04 | 07
#1220-d176 @A: 21 22 10 06 | 02
#1221-d176 @A: 26 14 32 21 | 04
#1222-d176 @A: 21 25 02 06 | 12
#1223-d176 @A: 21 17 14 05 | 01
#1224-d176 @A: 20 18 34 05 | 09
#1225-d176 @A: 18 34 26 20 | 08
#1226-d176 @A: 35 18 22 01 | 11
#1227-d176 @A: 17 22 18 04 | 10
#1228-d176 @A: 18 02 34 32 | 05
#1229-d176 @A: 20 02 33 10 | 03
#1230-d176 @A: 04 25 02 20 | 06
#1231-d176 @A: 26 13 20 16 | 07
#1232-d176 @A: 34 35 22 10 | 02
#1233-d176 @A: 35 32 34 26 | 04
#1234-d176 @A: 16 17 35 25 | 12
#1235-d176 @A: 17 27 01 16 | 01
#1236-d176 @A: 07 33 32 13 | 09
#1237-d176 @A: 16 33 25 07 | 08
#1238-d176 @A: 02 05 07 26 | 11
#1239-d176 @A: 04 33 05 26 | 10
#1240-d176 @A: 28 30 09 19 | 05
#1241-d176 @A: 19 20 30 05 | 03
#1242-d176 @A: 35 13 08 19 | 06
#1243-d176 @A: 02 05 08 19 | 07
#1244-d176 @A: 09 12 27 19 | 02
#1245-d176 @A: 12 24 04 19 | 04
#1246-d176 @A: 19 28 03 35 | 12
#1247-d176 @A: 28 19 14 01 | 01
#1248-d176 @A: 17 16 19 28 | 09
#1249-d176 @A: 23 04 07 19 | 08
#1250-d176 @A: 19 06 23 26 | 11
#1251-d176 @A: 19 04 26 29 | 10
#1252-d176 @A: 20 19 25 24 | 05
#1253-d176 @A: 25 19 33 27 | 03
#1254-d176 @A: 19 22 17 13 | 06
#1255-d176 @A: 26 13 19 34 | 07
#1256-d176 @A: 02 17 14 19 | 02
#1257-d176 @A: 11 19 25 16 | 04
#1258-d176 @A: 30 01 08 16 | 12
#1259-d176 @A: 04 30 09 12 | 01
#1260-d176 @A: 12 25 20 30 | 09
#1261-d176 @A: 17 15 09 30 | 08
#1262-d176 @A: 11 30 15 20 | 11
#1263-d176 @A: 28 04 17 30 | 10
#1264-d176 @A: 01 29 30 13 | 05
#1265-d176 @A: 07 05 30 31 | 03
#1266-d176 @A: 18 34 30 24 | 06
#1267-d176 @A: 17 07 30 35 | 07
#1268-d176 @A: 07 30 22 34 | 02
#1269-d176 @A: 07 30 26 17 | 04
#1270-d176 @A: 02 30 32 10 | 12
#1271-d176 @A: 06 34 04 30 | 01
#1272-d176 @A: 30 25 14 34 | 09
#1273-d176 @A: 12 11 08 28 | 08
#1274-d176 @A: 08 14 12 24 | 11
#1275-d176 @A: 34 15 02 08 | 10
#1276-d176 @A: 28 02 08 09 | 05
#1277-d176 @A: 08 33 09 31 | 03
#1278-d176 @A: 08 18 16 31 | 06
#1279-d176 @A: 35 32 08 31 | 07
#1280-d176 @A: 08 13 07 24 | 02
#1281-d176 @A: 08 25 24 26 | 04
#1282-d176 @A: 01 08 07 26 | 12
#1283-d176 @A: 06 13 08 33 | 01
#1284-d176 @A: 16 08 32 10 | 09
#1285-d176 @A: 08 25 06 34 | 08
#1286-d176 @A: 06 21 15 12 | 11
#1287-d176 @A: 03 17 12 07 | 10
#1288-d176 @A: 25 09 12 34 | 05
#1289-d176 @A: 12 35 04 31 | 03
#1290-d176 @A: 18 12 16 24 | 06
#1291-d176 @A: 21 33 12 07 | 07
#1292-d176 @A: 26 12 21 33 | 02
#1293-d176 @A: 12 21 05 34 | 04
#1294-d176 @A: 18 12 26 11 | 12
#1295-d176 @A: 13 20 12 01 | 01
#1296-d176 @A: 12 07 22 20 | 09
#1297-d176 @A: 05 34 12 26 | 08
#1298-d176 @A: 27 12 34 17 | 11
#1299-d176 @A: 12 02 26 25 | 10
#1300-d176 @A: 07 25 15 28 | 05
#1301-d176 @A: 29 22 15 03 | 03
#1302-d176 @A: 35 05 09 15 | 06
#1303-d176 @A: 06 15 11 29 | 07
#1304-d176 @A: 31 21 25 15 | 02
#1305-d176 @A: 15 02 31 20 | 04
#1306-d176 @A: 10 01 15 24 | 12
#1307-d176 @A: 07 15 06 26 | 01
#1308-d176 @A: 33 32 17 15 | 09
#1309-d176 @A: 15 04 22 34 | 08
#1310-d176 @A: 15 10 02 04 | 11
#1311-d176 @A: 15 06 13 14 | 10
#1312-d176 @A: 11 27 25 15 | 05
#1313-d176 @A: 15 16 27 10 | 03
#1314-d176 @A: 09 28 03 13 | 06
#1315-d176 @A: 32 09 28 23 | 07
#1316-d176 @A: 28 01 16 29 | 02
#1317-d176 @A: 28 33 29 04 | 04
#1318-d176 @A: 26 28 22 29 | 12
#1319-d176 @A: 21 04 28 16 | 01
#1320-d176 @A: 35 28 26 18 | 09
#1321-d176 @A: 20 33 28 06 | 08
#1322-d176 @A: 33 11 28 17 | 11
#1323-d176 @A: 22 28 06 14 | 10
#1324-d176 @A: 04 27 14 28 | 05
#1325-d176 @A: 06 28 11 10 | 03
#1326-d176 @A: 11 03 23 31 | 06
#1327-d176 @A: 23 10 03 04 | 07
#1328-d176 @A: 33 03 09 20 | 02
#1329-d176 @A: 35 29 03 32 | 04
#1330-d176 @A: 10 01 03 29 | 12
#1331-d176 @A: 25 21 24 03 | 01
#1332-d176 @A: 14 18 24 03 | 09
#1333-d176 @A: 27 03 21 01 | 08
#1334-d176 @A: 17 20 10 03 | 11
#1335-d176 @A: 03 16 07 35 | 10
#1336-d176 @A: 22 02 11 03 | 05
#1337-d176 @A: 25 17 26 03 | 03
#1338-d176 @A: 33 23 09 26 | 06
#1339-d176 @A: 23 24 13 29 | 07
#1340-d176 @A: 31 23 25 01 | 02
#1341-d176 @A: 23 16 32 33 | 04
#1342-d176 @A: 33 27 23 10 | 12
#1343-d176 @A: 26 13 10 23 | 01
#1344-d176 @A: 34 23 10 17 | 09
#1345-d176 @A: 23 14 27 16 | 08
#1346-d176 @A: 31 02 09 01 | 11
#1347-d176 @A: 26 35 09 24 | 10
#1348-d176 @A: 09 26 11 07 | 05
#1349-d176 @A: 11 13 22 09 | 03
#1350-d176 @A: 09 34 22 14 | 06
#1351-d176 @A: 32 09 16 17 | 07
#1352-d176 @A: 09 13 10 34 | 02
#1353-d176 @A: 22 16 06 29 | 04
#1354-d176 @A: 22 29 11 05 | 12
#1355-d176 @A: 29 32 06 02 | 01
#1356-d176 @A: 17 29 06 04 | 09
#1357-d176 @A: 11 29 13 14 | 08
#1358-d176 @A: 31 01 32 24 | 11
#1359-d176 @A: 11 33 31 24 | 10
#1360-d176 @A: 21 31 20 34 | 05
#1361-d176 @A: 21 35 31 05 | 03
#1362-d176 @A: 32 13 21 31 | 06
#1363-d176 @A: 31 34 35 18 | 07
#1364-d176 @A: 17 20 01 31 | 02
#1365-d176 @A: 01 35 31 11 | 04
#1366-d176 @A: 31 14 16 13 | 12
#1367-d176 @A: 31 05 10 34 | 01
#1368-d176 @A: 27 34 31 25 | 09
#1369-d176 @A: 14 35 20 24 | 08
#1370-d176 @A: 22 32 24 06 | 11
#1371-d176 @A: 24 10 04 27 | 10
#1372-d176 @A: 24 05 13 34 | 05
#1373-d176 @A: 24 02 13 11 | 03
#1374-d176 @A: 04 05 21 25 | 06
#1375-d176 @A: 21 06 16 05 | 07
#1376-d176 @A: 13 02 21 16 | 02
#1377-d176 @A: 22 20 18 16 | 04
#1378-d176 @A: 14 18 35 11 | 12
#1379-d176 @A: 26 14 18 27 | 01
#1380-d176 @A: 11 18 17 05 | 09
#1381-d176 @A: 01 20 27 02 | 08
#1382-d176 @A: 20 10 11 22 | 11
#1383-d176 @A: 25 22 20 05 | 10
#1384-d176 @A: 20 14 02 16 | 05
#1385-d176 @A: 16 35 27 06 | 03
#1386-d176 @A: 25 13 35 02 | 06
#1387-d176 @A: 32 34 01 05 | 07
#1388-d176 @A: 04 25 10 01 | 02
#1389-d176 @A: 01 06 34 10 | 04
#1390-d176 @A: 07 26 33 16 | 12
#1391-d176 @A: 16 07 02 32 | 01
#1392-d176 @A: 14 16 07 06 | 09
#1393-d176 @A: 25 34 10 07 | 08
#1394-d176 @A: 02 26 33 32 | 11
#1395-d176 @A: 22 16 26 25 | 10
#1396-d176 @A: 27 05 26 22 | 05
#1397-d176 @A: 02 19 23 30 | 03
#1398-d176 @A: 19 08 18 11 | 06
#1399-d176 @A: 19 01 12 11 | 07
#1400-d176 @A: 15 17 29 19 | 02
#1401-d176 @A: 31 19 22 15 | 04
#1402-d176 @A: 32 28 05 19 | 12
#1403-d176 @A: 03 11 19 04 | 01
#1404-d176 @A: 23 21 06 19 | 09
#1405-d176 @A: 19 23 18 22 | 08
#1406-d176 @A: 20 23 19 17 | 11
#1407-d176 @A: 19 14 23 35 | 10
#1408-d176 @A: 07 19 09 01 | 05
#1409-d176 @A: 09 19 02 26 | 03
#1410-d176 @A: 35 11 19 29 | 06
#1411-d176 @A: 04 31 01 19 | 07
#1412-d176 @A: 06 31 07 19 | 02
#1413-d176 @A: 18 10 20 19 | 04
#1414-d176 @A: 19 04 34 02 | 12
#1415-d176 @A: 11 19 04 26 | 01
#1416-d176 @A: 13 19 10 16 | 09
#1417-d176 @A: 16 30 03 12 | 08
#1418-d176 @A: 12 10 07 30 | 11
#1419-d176 @A: 13 28 24 30 | 10
#1420-d176 @A: 26 30 28 01 | 05
#1421-d176 @A: 06 02 30 28 | 03
#1422-d176 @A: 18 30 11 23 | 06
#1423-d176 @A: 24 32 29 30 | 07
#1424-d176 @A: 30 31 13 17 | 02
#1425-d176 @A: 30 04 20 21 | 04
#1426-d176 @A: 30 13 14 22 | 12
#1427-d176 @A: 30 10 34 27 | 01
#1428-d176 @A: 09 08 12 05 | 09
#1429-d176 @A: 12 20 08 29 | 08
#1430-d176 @A: 35 12 06 08 | 11
#1431-d176 @A: 28 17 08 15 | 10
#1432-d176 @A: 08 16 15 03 | 05
#1433-d176 @A: 32 20 15 08 | 03
#1434-d176 @A: 10 28 20 08 | 06
#1435-d176 @A: 11 08 21 03 | 07
#1436-d176 @A: 08 23 24 35 | 02
#1437-d176 @A: 23 20 08 18 | 04
#1438-d176 @A: 23 10 08 05 | 12
#1439-d176 @A: 26 20 09 08 | 01
#1440-d176 @A: 16 29 08 07 | 09
#1441-d176 @A: 33 26 31 08 | 08
#1442-d176 @A: 08 24 22 20 | 11
#1443-d176 @A: 01 22 21 08 | 10
#1444-d176 @A: 08 04 35 18 | 05
#1445-d176 @A: 02 08 13 14 | 03
#1446-d176 @A: 12 29 23 15 | 06
#1447-d176 @A: 15 12 24 17 | 07
#1448-d176 @A: 15 07 12 34 | 02
#1449-d176 @A: 02 12 01 28 | 04
#1450-d176 @A: 12 28 05 07 | 12
#1451-d176 @A: 03 24 27 12 | 01
#1452-d176 @A: 12 20 06 09 | 09
#1453-d176 @A: 22 31 01 12 | 08
#1454-d176 @A: 21 12 24 32 | 11
#1455-d176 @A: 27 22 33 12 | 10
#1456-d176 @A: 13 12 32 10 | 05
#1457-d176 @A: 12 06 17 11 | 03
#1458-d176 @A: 27 11 12 16 | 06
#1459-d176 @A: 23 15 01 17 | 07
#1460-d176 @A: 23 05 32 15 | 02
#1461-d176 @A: 15 29 25 18 | 04
#1462-d176 @A: 16 26 15 31 | 12
#1463-d176 @A: 10 05 15 18 | 01
#1464-d176 @A: 22 33 25 15 | 09
#1465-d176 @A: 17 10 22 15 | 08
#1466-d176 @A: 32 15 27 04 | 11
#1467-d176 @A: 15 14 25 16 | 10
#1468-d176 @A: 15 11 26 17 | 05
#1469-d176 @A: 03 27 07 28 | 03
#1470-d176 @A: 02 31 28 23 | 06
#1471-d176 @A: 09 05 18 28 | 07
#1472-d176 @A: 07 28 04 09 | 02
#1473-d176 @A: 27 22 28 09 | 04
#1474-d176 @A: 28 21 05 27 | 12
#1475-d176 @A: 28 26 17 21 | 01
#1476-d176 @A: 18 07 16 28 | 09
#1477-d176 @A: 17 22 28 20 | 08
#1478-d176 @A: 07 14 28 13 | 11
#1479-d176 @A: 20 23 03 25 | 10
#1480-d176 @A: 32 23 07 03 | 05
#1481-d176 @A: 26 03 23 16 | 03
#1482-d176 @A: 04 02 09 03 | 06
#1483-d176 @A: 18 29 17 03 | 07
#1484-d176 @A: 03 06 29 20 | 02
#1485-d176 @A: 31 01 07 03 | 04
#1486-d176 @A: 03 31 04 25 | 12
#1487-d176 @A: 34 03 25 32 | 01
#1488-d176 @A: 03 27 02 26 | 09
#1489-d176 @A: 16 10 05 03 | 08
#1490-d176 @A: 22 09 23 06 | 11
#1491-d176 @A: 21 24 27 23 | 10
#1492-d176 @A: 33 25 23 24 | 05
#1493-d176 @A: 20 11 35 23 | 03
#1494-d176 @A: 22 11 34 23 | 06
#1495-d176 @A: 27 25 23 04 | 07
#1496-d176 @A: 05 23 34 25 | 02
#1497-d176 @A: 05 02 23 14 | 04
#1498-d176 @A: 32 29 20 09 | 12
#1499-d176 @A: 17 31 09 04 | 01
#1500-d176 @A: 01 09 25 24 | 09
#1501-d176 @A: 09 04 33 25 | 08
#1502-d176 @A: 33 34 16 09 | 11
#1503-d176 @A: 32 05 25 09 | 10
#1504-d176 @A: 29 16 31 21 | 05
#1505-d176 @A: 20 26 29 24 | 03
#1506-d176 @A: 34 29 18 01 | 06
#1507-d176 @A: 33 10 29 11 | 07
#1508-d176 @A: 29 16 04 13 | 02
#1509-d176 @A: 14 29 27 05 | 04
#1510-d176 @A: 05 29 26 10 | 12
#1511-d176 @A: 25 18 31 24 | 01
#1512-d176 @A: 17 07 31 24 | 09
#1513-d176 @A: 13 24 06 31 | 08
#1514-d176 @A: 07 04 31 21 | 11
#1515-d176 @A: 14 17 35 31 | 10
#1516-d176 @A: 31 05 16 01 | 05
#1517-d176 @A: 31 33 05 25 | 03
#1518-d176 @A: 02 31 06 34 | 06
#1519-d176 @A: 13 10 22 24 | 07
#1520-d176 @A: 14 04 24 06 | 02
#1521-d176 @A: 02 24 04 16 | 04
#1522-d176 @A: 13 14 26 24 | 12
#1523-d176 @A: 16 24 25 13 | 01
#1524-d176 @A: 02 16 26 24 | 09
#1525-d176 @A: 17 25 24 05 | 08
#1526-d176 @A: 16 20 21 11 | 11
#1527-d176 @A: 21 07 11 35 | 10
#1528-d176 @A: 32 21 22 34 | 05
#1529-d176 @A: 10 21 34 02 | 03
#1530-d176 @A: 25 05 26 21 | 06
#1531-d176 @A: 20 27 18 25 | 07
#1532-d176 @A: 18 22 13 26 | 02
#1533-d176 @A: 18 22 05 27 | 04
#1534-d176 @A: 27 18 06 11 | 12
#1535-d176 @A: 07 35 20 34 | 01
#1536-d176 @A: 05 20 32 26 | 09
#1537-d176 @A: 05 33 11 35 | 08
#1538-d176 @A: 35 11 32 10 | 11
#1539-d176 @A: 10 35 04 06 | 10
#1540-d176 @A: 04 14 35 16 | 05
#1541-d176 @A: 27 35 04 05 | 03
#1542-d176 @A: 02 07 01 17 | 06
#1543-d176 @A: 25 01 14 22 | 07
#1544-d176 @A: 11 01 16 13 | 02
#1545-d176 @A: 06 33 05 07 | 04
#1546-d176 @A: 19 29 30 14 | 12
#1547-d176 @A: 32 30 16 19 | 01
#1548-d176 @A: 19 31 21 08 | 09
#1549-d176 @A: 32 19 23 12 | 08
#1550-d176 @A: 19 33 12 18 | 11
#1551-d176 @A: 19 34 15 28 | 10
#1552-d176 @A: 19 15 01 32 | 05
#1553-d176 @A: 19 17 01 03 | 03
#1554-d176 @A: 29 32 19 21 | 06
#1555-d176 @A: 31 19 18 14 | 07
#1556-d176 @A: 18 01 05 19 | 02
#1557-d176 @A: 02 18 07 19 | 04
#1558-d176 @A: 06 19 01 20 | 12
#1559-d176 @A: 20 26 19 01 | 01
#1560-d176 @A: 07 19 16 20 | 09
#1561-d176 @A: 01 33 10 19 | 08
#1562-d176 @A: 32 19 22 11 | 11
#1563-d176 @A: 25 19 14 04 | 10
#1564-d176 @A: 19 34 10 11 | 05
#1565-d176 @A: 10 19 02 27 | 03
#1566-d176 @A: 30 13 18 08 | 06
#1567-d176 @A: 08 30 26 11 | 07
#1568-d176 @A: 02 01 15 30 | 02
#1569-d176 @A: 18 28 33 30 | 04
#1570-d176 @A: 03 30 35 31 | 12
#1571-d176 @A: 30 03 32 21 | 01
#1572-d176 @A: 24 23 30 26 | 09
#1573-d176 @A: 30 29 06 09 | 08
#1574-d176 @A: 09 11 30 16 | 11
#1575-d176 @A: 30 10 09 25 | 10
#1576-d176 @A: 24 21 30 33 | 05
#1577-d176 @A: 30 21 11 01 | 03
#1578-d176 @A: 30 25 35 11 | 06
#1579-d176 @A: 27 30 33 04 | 07
#1580-d176 @A: 04 30 25 16 | 02
#1581-d176 @A: 02 12 08 23 | 04
#1582-d176 @A: 27 08 31 12 | 12
#1583-d176 @A: 15 23 06 08 | 01
#1584-d176 @A: 08 32 15 26 | 09
#1585-d176 @A: 08 32 03 28 | 08
#1586-d176 @A: 08 29 13 28 | 11
#1587-d176 @A: 28 08 27 01 | 10
#1588-d176 @A: 04 03 08 24 | 05
#1589-d176 @A: 20 08 03 02 | 03
#1590-d176 @A: 10 27 08 03 | 06
#1591-d176 @A: 18 08 17 09 | 07
#1592-d176 @A: 07 08 18 26 | 02
#1593-d176 @A: 11 32 08 07 | 04
#1594-d176 @A: 22 11 33 08 | 12
#1595-d176 @A: 26 04 34 08 | 01
#1596-d176 @A: 14 17 08 16 | 09
#1597-d176 @A: 04 12 15 20 | 08
#1598-d176 @A: 15 26 20 12 | 11
#1599-d176 @A: 03 12 29 13 | 10
#1600-d176 @A: 03 35 12 22 | 05
#1601-d176 @A: 12 23 06 31 | 03
#1602-d176 @A: 09 12 24 13 | 06
#1603-d176 @A: 29 12 31 34 | 07
#1604-d176 @A: 12 16 31 20 | 02
#1605-d176 @A: 07 12 11 31 | 04
#1606-d176 @A: 01 18 12 32 | 12
#1607-d176 @A: 22 18 12 11 | 01
#1608-d176 @A: 17 10 12 33 | 09
#1609-d176 @A: 15 10 03 28 | 08
#1610-d176 @A: 28 15 23 14 | 11
#1611-d176 @A: 15 28 35 33 | 10
#1612-d176 @A: 06 15 24 03 | 05
#1613-d176 @A: 34 26 03 15 | 03
#1614-d176 @A: 22 15 32 09 | 06
#1615-d176 @A: 15 13 24 32 | 07
#1616-d176 @A: 27 15 21 34 | 02
#1617-d176 @A: 01 16 15 20 | 04
#1618-d176 @A: 05 15 13 20 | 12
#1619-d176 @A: 05 14 15 04 | 01
#1620-d176 @A: 22 03 23 28 | 09
#1621-d176 @A: 02 03 33 28 | 08
#1622-d176 @A: 23 18 28 13 | 11
#1623-d176 @A: 23 27 28 35 | 10
#1624-d176 @A: 28 29 14 35 | 05
#1625-d176 @A: 28 29 07 17 | 03
#1626-d176 @A: 13 21 20 28 | 06
#1627-d176 @A: 04 28 18 01 | 07
#1628-d176 @A: 34 02 28 27 | 02
#1629-d176 @A: 02 11 05 28 | 04
#1630-d176 @A: 03 24 17 23 | 12
#1631-d176 @A: 05 29 03 09 | 01
#1632-d176 @A: 29 21 03 26 | 09
#1633-d176 @A: 27 32 03 31 | 08
#1634-d176 @A: 24 03 07 22 | 11
#1635-d176 @A: 20 21 22 03 | 10
#1636-d176 @A: 03 18 32 20 | 05
#1637-d176 @A: 03 11 33 27 | 03
#1638-d176 @A: 10 25 22 03 | 06
#1639-d176 @A: 32 06 03 10 | 07
#1640-d176 @A: 09 01 23 10 | 02
#1641-d176 @A: 32 23 29 31 | 04
#1642-d176 @A: 23 29 35 06 | 12
#1643-d176 @A: 25 23 16 29 | 01
#1644-d176 @A: 02 27 23 07 | 09
#1645-d176 @A: 32 27 22 23 | 08
#1646-d176 @A: 17 22 05 23 | 11
#1647-d176 @A: 34 16 02 23 | 10
#1648-d176 @A: 09 18 35 25 | 05
#1649-d176 @A: 33 27 32 09 | 03
#1650-d176 @A: 04 09 05 06 | 06
#1651-d176 @A: 27 02 16 09 | 07
#1652-d176 @A: 27 11 05 09 | 02
#1653-d176 @A: 25 29 31 22 | 04
#1654-d176 @A: 29 16 18 14 | 12
#1655-d176 @A: 25 35 29 20 | 01
#1656-d176 @A: 34 10 20 29 | 09
#1657-d176 @A: 29 34 17 35 | 08
#1658-d176 @A: 29 04 11 27 | 11
#1659-d176 @A: 27 17 02 29 | 10
#1660-d176 @A: 05 22 14 31 | 05
#1661-d176 @A: 25 17 10 31 | 03
#1662-d176 @A: 32 02 24 35 | 06
#1663-d176 @A: 32 01 26 24 | 07
#1664-d176 @A: 27 24 33 16 | 02
#1665-d176 @A: 07 14 18 21 | 04
#1666-d176 @A: 21 04 11 06 | 12
#1667-d176 @A: 34 17 16 21 | 01
#1668-d176 @A: 27 21 26 10 | 09
#1669-d176 @A: 20 18 33 35 | 08
#1670-d176 @A: 22 06 18 33 | 11
#1671-d176 @A: 18 27 17 32 | 10
#1672-d176 @A: 06 18 02 17 | 05
#1673-d176 @A: 18 11 02 25 | 03
#1674-d176 @A: 27 10 18 14 | 06
#1675-d176 @A: 17 33 20 05 | 07
#1676-d176 @A: 22 20 02 06 | 02
#1677-d176 @A: 22 20 27 34 | 04
#1678-d176 @A: 32 22 16 35 | 12
#1679-d176 @A: 01 33 13 17 | 01
#1680-d176 @A: 01 27 33 05 | 09
#1681-d176 @A: 01 17 11 22 | 08
#1682-d176 @A: 10 01 27 22 | 11
#1683-d176 @A: 06 05 02 01 | 10
#1684-d176 @A: 14 01 34 26 | 05
#1685-d176 @A: 04 10 14 07 | 03
#1686-d176 @A: 07 26 10 04 | 06
#1687-d176 @A: 07 05 02 34 | 07
#1688-d176 @A: 25 11 07 05 | 02
#1689-d176 @A: 26 10 34 11 | 04
