#0001-d260 @A: 27 19 29 17 | 10
#0002-d260 @A: 27 29 11 07 | 11
#0003-d260 @A: 27 01 30 32 | 03
#0004-d260 @A: 01 33 12 27 | 05
#0005-d260 @A: 18 27 11 01 | 01
#0006-d260 @A: 27 19 01 21 | 06
#0007-d260 @A: 32 15 05 27 | 12
#0008-d260 @A: 32 31 27 21 | 08
#0009-d260 @A: 08 24 11 27 | 07
#0010-d260 @A: 27 14 21 17 | 02
#0011-d260 @A: 27 17 09 23 | 04
#0012-d260 @A: 05 27 34 09 | 09
#0013-d260 @A: 25 27 34 26 | 10
#0014-d260 @A: 12 27 28 03 | 11
#0015-d260 @A: 27 21 11 09 | 03
#0016-d260 @A: 27 28 25 22 | 05
#0017-d260 @A: 35 31 27 28 | 01
#0018-d260 @A: 27 34 16 20 | 06
#0019-d260 @A: 27 10 21 22 | 12
#0020-d260 @A: 05 19 01 29 | 08
#0021-d260 @A: 29 07 01 03 | 07
#0022-d260 @A: 04 29 06 35 | 02
#0023-d260 @A: 13 08 04 29 | 04
#0024-d260 @A: 18 29 25 32 | 09
#0025-d260 @A: 32 29 28 23 | 10
#0026-d260 @A: 24 20 29 05 | 11
#0027-d260 @A: 07 05 14 29 | 03
#0028-d260 @A: 09 10 29 06 | 05
#0029-d260 @A: 35 29 13 06 | 01
#0030-d260 @A: 26 02 29 28 | 06
#0031-d260 @A: 26 34 29 19 | 12
#0032-d260 @A: 31 25 07 29 | 08
#0033-d260 @A: 29 35 28 16 | 07
#0034-d260 @A: 12 19 28 29 | 02
#0035-d260 @A: 13 31 15 29 | 04
#0036-d260 @A: 35 07 21 29 | 09
#0037-d260 @A: 15 29 02 07 | 10
#0038-d260 @A: 01 06 16 04 | 11
#0039-d260 @A: 01 15 03 04 | 03
#0040-d260 @A: 01 09 04 31 | 05
#0041-d260 @A: 01 32 35 25 | 01
#0042-d260 @A: 21 01 06 33 | 06
#0043-d260 @A: 24 09 01 21 | 12
#0044-d260 @A: 24 01 16 02 | 08
#0045-d260 @A: 23 17 22 01 | 07
#0046-d260 @A: 14 01 09 07 | 02
#0047-d260 @A: 23 05 01 31 | 04
#0048-d260 @A: 33 15 17 04 | 09
#0049-d260 @A: 24 04 20 09 | 10
#0050-d260 @A: 04 17 12 03 | 11
#0051-d260 @A: 04 17 23 31 | 03
#0052-d260 @A: 04 07 14 25 | 05
#0053-d260 @A: 21 26 04 05 | 01
#0054-d260 @A: 05 03 18 04 | 06
#0055-d260 @A: 02 30 04 18 | 12
#0056-d260 @A: 17 32 33 30 | 08
#0057-d260 @A: 24 19 32 30 | 07
#0058-d260 @A: 30 02 05 32 | 02
#0059-d260 @A: 06 32 35 31 | 04
#0060-d260 @A: 02 32 21 11 | 09
#0061-d260 @A: 12 32 23 20 | 10
#0062-d260 @A: 20 18 30 32 | 11
#0063-d260 @A: 10 32 35 02 | 03
#0064-d260 @A: 19 15 34 32 | 05
#0065-d260 @A: 31 17 07 33 | 01
#0066-d260 @A: 11 33 21 14 | 06
#0067-d260 @A: 33 14 22 16 | 12
#0068-d260 @A: 34 26 12 33 | 08
#0069-d260 @A: 16 07 26 33 | 07
#0070-d260 @A: 11 30 33 25 | 02
#0071-d260 @A: 10 22 23 33 | 04
#0072-d260 @A: 35 23 33 16 | 09
#0073-d260 @A: 24 06 18 17 | 10
#0074-d260 @A: 18 26 05 24 | 11
#0075-d260 @A: 12 31 05 24 | 03
#0076-d260 @A: 24 22 06 11 | 05
#0077-d260 @A: 26 11 30 24 | 01
#0078-d260 @A: 28 24 10 26 | 06
#0079-d260 @A: 24 26 09 23 | 12
#0080-d260 @A: 24 16 28 11 | 08
#0081-d260 @A: 08 24 13 12 | 07
#0082-d260 @A: 16 24 12 10 | 02
#0083-d260 @A: 15 10 24 19 | 04
#0084-d260 @A: 17 21 05 13 | 09
#0085-d260 @A: 34 20 26 17 | 10
#0086-d260 @A: 10 25 17 09 | 11
#0087-d260 @A: 15 20 30 17 | 03
#0088-d260 @A: 17 10 08 16 | 05
#0089-d260 @A: 10 19 17 23 | 01
#0090-d260 @A: 15 06 12 14 | 06
#0091-d260 @A: 26 14 09 34 | 12
#0092-d260 @A: 03 10 09 14 | 08
#0093-d260 @A: 14 10 19 28 | 07
#0094-d260 @A: 02 14 22 20 | 02
#0095-d260 @A: 14 08 19 35 | 04
#0096-d260 @A: 15 14 21 10 | 09
#0097-d260 @A: 05 15 26 09 | 10
#0098-d260 @A: 28 05 20 03 | 11
#0099-d260 @A: 18 11 25 05 | 03
#0100-d260 @A: 21 11 20 05 | 05
#0101-d260 @A: 13 10 05 20 | 01
#0102-d260 @A: 21 19 05 08 | 06
#0103-d260 @A: 10 06 03 25 | 12
#0104-d260 @A: 06 03 09 20 | 08
#0105-d260 @A: 11 28 06 10 | 07
#0106-d260 @A: 06 21 23 09 | 02
#0107-d260 @A: 19 06 20 35 | 04
#0108-d260 @A: 21 20 34 06 | 09
#0109-d260 @A: 35 02 06 30 | 10
#0110-d260 @A: 06 02 18 19 | 11
#0111-d260 @A: 09 08 11 26 | 03
#0112-d260 @A: 13 20 02 26 | 05
#0113-d260 @A: 07 26 35 22 | 01
#0114-d260 @A: 10 19 30 26 | 06
#0115-d260 @A: 25 03 09 34 | 12
#0116-d260 @A: 13 22 03 25 | 08
#0117-d260 @A: 34 22 03 18 | 07
#0118-d260 @A: 10 03 02 19 | 02
#0119-d260 @A: 23 10 15 03 | 04
#0120-d260 @A: 34 02 23 03 | 09
#0121-d260 @A: 18 30 28 11 | 10
#0122-d260 @A: 12 11 15 22 | 11
#0123-d260 @A: 30 19 22 11 | 03
#0124-d260 @A: 23 21 34 11 | 05
#0125-d260 @A: 08 34 25 20 | 01
#0126-d260 @A: 21 25 02 12 | 06
#0127-d260 @A: 28 18 23 13 | 12
#0128-d260 @A: 16 09 34 31 | 08
#0129-d260 @A: 09 18 34 20 | 07
#0130-d260 @A: 16 02 09 22 | 02
#0131-d260 @A: 09 30 02 19 | 04
#0132-d260 @A: 08 35 20 31 | 09
#0133-d260 @A: 23 31 20 13 | 10
#0134-d260 @A: 22 31 02 35 | 11
#0135-d260 @A: 22 30 31 18 | 03
#0136-d260 @A: 13 30 31 22 | 05
#0137-d260 @A: 31 23 30 07 | 01
#0138-d260 @A: 31 21 02 15 | 06
#0139-d260 @A: 22 15 10 13 | 12
#0140-d260 @A: 13 10 19 07 | 08
#0141-d260 @A: 29 23 27 35 | 07
#0142-d260 @A: 17 24 27 01 | 02
#0143-d260 @A: 07 33 04 27 | 04
#0144-d260 @A: 25 27 32 24 | 09
#0145-d260 @A: 09 27 35 32 | 10
#0146-d260 @A: 33 20 26 27 | 11
#0147-d260 @A: 27 15 33 23 | 03
#0148-d260 @A: 02 03 24 27 | 05
#0149-d260 @A: 17 07 27 03 | 01
#0150-d260 @A: 12 27 31 17 | 06
#0151-d260 @A: 27 07 14 19 | 12
#0152-d260 @A: 26 19 05 27 | 08
#0153-d260 @A: 06 28 27 02 | 07
#0154-d260 @A: 09 12 06 27 | 02
#0155-d260 @A: 26 22 27 09 | 04
#0156-d260 @A: 10 11 27 03 | 09
#0157-d260 @A: 27 11 25 02 | 10
#0158-d260 @A: 10 16 28 27 | 11
#0159-d260 @A: 21 27 28 13 | 03
#0160-d260 @A: 27 22 23 19 | 05
#0161-d260 @A: 02 16 19 27 | 01
#0162-d260 @A: 17 12 29 01 | 06
#0163-d260 @A: 06 29 01 34 | 12
#0164-d260 @A: 29 01 16 31 | 08
#0165-d260 @A: 14 12 29 04 | 07
#0166-d260 @A: 35 11 32 29 | 02
#0167-d260 @A: 23 06 33 29 | 04
#0168-d260 @A: 29 24 35 03 | 09
#0169-d260 @A: 29 24 11 34 | 10
#0170-d260 @A: 18 02 29 24 | 11
#0171-d260 @A: 16 06 17 29 | 03
#0172-d260 @A: 29 17 30 26 | 05
#0173-d260 @A: 13 29 17 26 | 01
#0174-d260 @A: 29 17 18 11 | 06
#0175-d260 @A: 35 09 29 17 | 12
#0176-d260 @A: 14 29 11 16 | 08
#0177-d260 @A: 19 29 14 25 | 07
#0178-d260 @A: 20 14 31 29 | 02
#0179-d260 @A: 35 05 29 26 | 04
#0180-d260 @A: 29 05 34 13 | 09
#0181-d260 @A: 19 13 29 03 | 10
#0182-d260 @A: 08 35 29 34 | 11
#0183-d260 @A: 19 18 29 10 | 03
#0184-d260 @A: 32 11 01 04 | 05
#0185-d260 @A: 04 17 01 19 | 01
#0186-d260 @A: 01 17 33 34 | 06
#0187-d260 @A: 33 01 28 10 | 12
#0188-d260 @A: 31 33 01 20 | 08
#0189-d260 @A: 24 01 28 20 | 07
#0190-d260 @A: 25 14 30 01 | 02
#0191-d260 @A: 13 25 01 14 | 04
#0192-d260 @A: 28 01 05 02 | 09
#0193-d260 @A: 22 01 03 09 | 10
#0194-d260 @A: 03 01 21 08 | 11
#0195-d260 @A: 01 31 22 28 | 03
#0196-d260 @A: 13 15 01 28 | 05
#0197-d260 @A: 35 21 01 22 | 01
#0198-d260 @A: 08 22 34 01 | 06
#0199-d260 @A: 16 08 18 01 | 12
#0200-d260 @A: 26 32 15 04 | 08
#0201-d260 @A: 32 12 04 25 | 07
#0202-d260 @A: 32 04 10 31 | 02
#0203-d260 @A: 04 08 05 24 | 04
#0204-d260 @A: 04 24 28 22 | 09
#0205-d260 @A: 20 08 17 04 | 10
#0206-d260 @A: 17 04 10 30 | 11
#0207-d260 @A: 04 06 11 15 | 03
#0208-d260 @A: 04 09 26 10 | 05
#0209-d260 @A: 31 04 26 34 | 01
#0210-d260 @A: 03 04 20 31 | 06
#0211-d260 @A: 22 11 18 04 | 12
#0212-d260 @A: 12 04 09 16 | 08
#0213-d260 @A: 04 16 22 20 | 07
#0214-d260 @A: 12 23 04 02 | 02
#0215-d260 @A: 03 32 18 33 | 04
#0216-d260 @A: 32 10 17 24 | 09
#0217-d260 @A: 24 14 32 11 | 10
#0218-d260 @A: 17 32 23 06 | 11
#0219-d260 @A: 28 32 08 17 | 03
#0220-d260 @A: 22 32 14 35 | 05
#0221-d260 @A: 05 23 32 26 | 01
#0222-d260 @A: 05 28 12 32 | 06
#0223-d260 @A: 08 03 32 31 | 12
#0224-d260 @A: 03 32 23 35 | 08
#0225-d260 @A: 25 32 31 02 | 07
#0226-d260 @A: 28 32 09 10 | 02
#0227-d260 @A: 34 12 08 32 | 04
#0228-d260 @A: 12 19 32 02 | 09
#0229-d260 @A: 23 07 32 10 | 10
#0230-d260 @A: 10 18 21 32 | 11
#0231-d260 @A: 23 02 16 32 | 03
#0232-d260 @A: 33 15 24 21 | 05
#0233-d260 @A: 08 17 33 11 | 01
#0234-d260 @A: 33 28 30 05 | 06
#0235-d260 @A: 18 33 09 26 | 12
#0236-d260 @A: 25 28 33 19 | 08
#0237-d260 @A: 07 33 08 12 | 07
#0238-d260 @A: 15 07 10 33 | 02
#0239-d260 @A: 34 07 21 33 | 04
#0240-d260 @A: 33 23 13 10 | 09
#0241-d260 @A: 24 17 20 07 | 10
#0242-d260 @A: 10 05 24 03 | 11
#0243-d260 @A: 24 15 11 05 | 03
#0244-d260 @A: 05 35 24 28 | 05
#0245-d260 @A: 07 06 03 24 | 01
#0246-d260 @A: 24 23 10 06 | 06
#0247-d260 @A: 11 35 24 25 | 12
#0248-d260 @A: 25 24 31 30 | 08
#0249-d260 @A: 24 09 10 22 | 07
#0250-d260 @A: 21 20 22 24 | 02
#0251-d260 @A: 23 08 24 22 | 04
#0252-d260 @A: 17 02 05 31 | 09
#0253-d260 @A: 17 26 03 16 | 10
#0254-d260 @A: 09 11 17 16 | 11
#0255-d260 @A: 22 17 12 08 | 03
#0256-d260 @A: 12 15 35 17 | 05
#0257-d260 @A: 34 07 17 15 | 01
#0258-d260 @A: 08 02 17 13 | 06
#0259-d260 @A: 30 16 17 23 | 12
#0260-d260 @A: 05 14 23 28 | 08
#0261-d260 @A: 14 05 13 23 | 07
#0262-d260 @A: 18 25 26 14 | 02
#0263-d260 @A: 14 23 11 12 | 04
#0264-d260 @A: 14 28 25 16 | 09
#0265-d260 @A: 14 13 18 31 | 10
#0266-d260 @A: 10 14 23 20 | 11
#0267-d260 @A: 25 30 05 09 | 03
#0268-d260 @A: 22 25 08 05 | 05
#0269-d260 @A: 20 07 30 05 | 01
#0270-d260 @A: 35 05 08 13 | 06
#0271-d260 @A: 02 35 16 05 | 12
#0272-d260 @A: 05 19 16 15 | 08
#0273-d260 @A: 21 05 30 16 | 07
#0274-d260 @A: 06 13 25 28 | 02
#0275-d260 @A: 28 15 30 06 | 04
#0276-d260 @A: 12 06 02 22 | 09
#0277-d260 @A: 21 19 12 06 | 10
#0278-d260 @A: 08 13 06 07 | 11
#0279-d260 @A: 08 06 16 21 | 03
#0280-d260 @A: 26 12 18 22 | 05
#0281-d260 @A: 23 26 18 35 | 01
#0282-d260 @A: 21 18 26 07 | 06
#0283-d260 @A: 13 26 23 19 | 12
#0284-d260 @A: 26 02 15 13 | 08
#0285-d260 @A: 31 25 19 03 | 07
#0286-d260 @A: 22 03 07 02 | 02
#0287-d260 @A: 03 34 07 19 | 04
#0288-d260 @A: 10 21 11 25 | 09
#0289-d260 @A: 12 11 34 07 | 10
#0290-d260 @A: 18 34 07 25 | 11
#0291-d260 @A: 02 31 28 20 | 03
#0292-d260 @A: 28 12 15 20 | 05
#0293-d260 @A: 10 34 28 13 | 01
#0294-d260 @A: 18 31 07 09 | 06
#0295-d260 @A: 09 35 15 02 | 12
#0296-d260 @A: 02 09 10 07 | 08
#0297-d260 @A: 31 21 20 07 | 07
#0298-d260 @A: 34 20 31 23 | 02
#0299-d260 @A: 22 12 31 34 | 04
#0300-d260 @A: 23 19 35 31 | 09
#0301-d260 @A: 15 18 31 08 | 10
#0302-d260 @A: 29 18 31 27 | 11
#0303-d260 @A: 10 01 09 27 | 03
#0304-d260 @A: 13 30 04 27 | 05
#0305-d260 @A: 33 17 27 18 | 01
#0306-d260 @A: 06 08 33 27 | 06
#0307-d260 @A: 23 27 05 24 | 12
#0308-d260 @A: 09 15 24 27 | 08
#0309-d260 @A: 27 10 06 17 | 07
#0310-d260 @A: 05 27 08 14 | 02
#0311-d260 @A: 15 27 11 26 | 04
#0312-d260 @A: 27 23 28 11 | 09
#0313-d260 @A: 31 27 23 25 | 10
#0314-d260 @A: 23 27 02 08 | 11
#0315-d260 @A: 30 27 19 15 | 03
#0316-d260 @A: 29 03 33 04 | 05
#0317-d260 @A: 26 29 04 07 | 01
#0318-d260 @A: 34 29 33 09 | 06
#0319-d260 @A: 21 09 29 14 | 12
#0320-d260 @A: 03 29 22 11 | 08
#0321-d260 @A: 13 04 01 05 | 07
#0322-d260 @A: 35 32 01 13 | 02
#0323-d260 @A: 26 17 28 01 | 04
#0324-d260 @A: 10 01 20 17 | 09
#0325-d260 @A: 10 31 03 01 | 10
#0326-d260 @A: 31 11 13 01 | 11
#0327-d260 @A: 18 01 31 35 | 03
#0328-d260 @A: 21 01 12 20 | 05
#0329-d260 @A: 20 07 08 01 | 01
#0330-d260 @A: 01 12 30 22 | 06
#0331-d260 @A: 35 08 10 01 | 12
#0332-d260 @A: 16 19 35 01 | 08
#0333-d260 @A: 02 12 01 08 | 07
#0334-d260 @A: 16 01 21 10 | 02
#0335-d260 @A: 04 22 19 32 | 04
#0336-d260 @A: 33 02 14 04 | 09
#0337-d260 @A: 24 06 04 02 | 10
#0338-d260 @A: 14 05 20 04 | 11
#0339-d260 @A: 04 30 31 28 | 03
#0340-d260 @A: 21 04 20 35 | 05
#0341-d260 @A: 13 22 12 04 | 01
#0342-d260 @A: 23 32 19 33 | 06
#0343-d260 @A: 24 28 18 32 | 12
#0344-d260 @A: 32 26 22 17 | 08
#0345-d260 @A: 03 17 32 25 | 07
#0346-d260 @A: 10 14 06 32 | 02
#0347-d260 @A: 14 32 20 26 | 04
#0348-d260 @A: 03 14 32 30 | 09
#0349-d260 @A: 32 07 18 05 | 10
#0350-d260 @A: 06 32 03 34 | 11
#0351-d260 @A: 23 06 13 32 | 03
#0352-d260 @A: 35 08 26 32 | 05
#0353-d260 @A: 30 32 22 25 | 01
#0354-d260 @A: 32 10 12 22 | 06
#0355-d260 @A: 32 30 21 13 | 12
#0356-d260 @A: 18 15 32 13 | 08
#0357-d260 @A: 24 13 14 33 | 07
#0358-d260 @A: 17 25 33 12 | 02
#0359-d260 @A: 14 26 33 30 | 04
#0360-d260 @A: 07 06 05 33 | 09
#0361-d260 @A: 30 22 07 33 | 10
#0362-d260 @A: 19 35 33 30 | 11
#0363-d260 @A: 18 33 07 02 | 03
#0364-d260 @A: 33 19 34 02 | 05
#0365-d260 @A: 05 21 14 24 | 01
#0366-d260 @A: 24 13 05 03 | 06
#0367-d260 @A: 24 06 16 35 | 12
#0368-d260 @A: 24 12 06 34 | 08
#0369-d260 @A: 12 28 25 24 | 07
#0370-d260 @A: 24 31 08 10 | 02
#0371-d260 @A: 20 15 34 24 | 04
#0372-d260 @A: 22 24 15 35 | 09
#0373-d260 @A: 19 05 17 25 | 10
#0374-d260 @A: 26 12 06 17 | 11
#0375-d260 @A: 17 10 07 11 | 03
#0376-d260 @A: 25 18 28 17 | 05
#0377-d260 @A: 28 09 12 17 | 01
#0378-d260 @A: 28 31 17 21 | 06
#0379-d260 @A: 19 17 18 09 | 12
#0380-d260 @A: 17 35 20 23 | 08
#0381-d260 @A: 21 15 17 22 | 07
#0382-d260 @A: 35 19 17 34 | 02
#0383-d260 @A: 14 05 16 26 | 04
#0384-d260 @A: 14 21 06 26 | 09
#0385-d260 @A: 03 14 28 07 | 10
#0386-d260 @A: 14 31 30 21 | 11
#0387-d260 @A: 20 14 07 18 | 03
#0388-d260 @A: 19 15 20 14 | 05
#0389-d260 @A: 11 05 30 23 | 01
#0390-d260 @A: 10 28 05 15 | 06
#0391-d260 @A: 22 07 05 23 | 12
#0392-d260 @A: 05 30 19 12 | 08
#0393-d260 @A: 05 21 02 13 | 07
#0394-d260 @A: 06 28 18 09 | 02
#0395-d260 @A: 06 18 13 22 | 04
#0396-d260 @A: 18 35 06 21 | 09
#0397-d260 @A: 21 06 15 07 | 10
#0398-d260 @A: 02 13 06 34 | 11
#0399-d260 @A: 21 13 26 11 | 03
#0400-d260 @A: 31 25 35 26 | 05
#0401-d260 @A: 10 26 20 22 | 01
#0402-d260 @A: 15 26 08 12 | 06
#0403-d260 @A: 34 15 21 26 | 12
#0404-d260 @A: 03 25 02 28 | 08
#0405-d260 @A: 13 03 28 31 | 07
#0406-d260 @A: 15 03 31 34 | 02
#0407-d260 @A: 15 35 03 18 | 04
#0408-d260 @A: 34 30 03 08 | 09
#0409-d260 @A: 23 25 22 11 | 10
#0410-d260 @A: 11 35 23 07 | 11
#0411-d260 @A: 07 21 08 11 | 03
#0412-d260 @A: 02 22 25 18 | 05
#0413-d260 @A: 21 22 34 25 | 01
#0414-d260 @A: 16 25 15 07 | 06
#0415-d260 @A: 08 19 10 25 | 12
#0416-d260 @A: 02 16 25 08 | 08
#0417-d260 @A: 30 22 28 20 | 07
#0418-d260 @A: 28 12 30 23 | 02
#0419-d260 @A: 15 23 34 28 | 04
#0420-d260 @A: 35 19 09 22 | 09
#0421-d260 @A: 21 35 10 09 | 10
#0422-d260 @A: 23 07 34 09 | 11
#0423-d260 @A: 10 18 09 16 | 03
#0424-d260 @A: 31 22 07 16 | 05
#0425-d260 @A: 23 18 31 12 | 01
#0426-d260 @A: 10 31 16 30 | 06
#0427-d260 @A: 18 02 31 16 | 12
#0428-d260 @A: 02 18 10 13 | 08
#0429-d260 @A: 34 29 32 27 | 07
#0430-d260 @A: 30 24 27 04 | 02
#0431-d260 @A: 18 27 04 09 | 04
#0432-d260 @A: 33 10 27 32 | 09
#0433-d260 @A: 33 27 34 11 | 10
#0434-d260 @A: 18 16 27 06 | 11
#0435-d260 @A: 09 13 25 27 | 03
#0436-d260 @A: 27 22 02 30 | 05
#0437-d260 @A: 15 35 13 27 | 01
#0438-d260 @A: 27 02 34 35 | 06
#0439-d260 @A: 12 27 30 34 | 12
#0440-d260 @A: 18 12 13 27 | 08
#0441-d260 @A: 33 01 29 30 | 07
#0442-d260 @A: 29 01 08 11 | 02
#0443-d260 @A: 01 23 29 09 | 04
#0444-d260 @A: 29 24 04 23 | 09
#0445-d260 @A: 29 32 02 03 | 10
#0446-d260 @A: 33 07 19 29 | 11
#0447-d260 @A: 33 18 29 16 | 03
#0448-d260 @A: 14 30 29 28 | 05
#0449-d260 @A: 05 06 18 29 | 01
#0450-d260 @A: 03 25 12 29 | 06
#0451-d260 @A: 31 29 12 11 | 12
#0452-d260 @A: 08 19 29 20 | 08
#0453-d260 @A: 29 21 02 08 | 07
#0454-d260 @A: 29 21 15 19 | 02
#0455-d260 @A: 29 15 18 30 | 04
#0456-d260 @A: 21 16 34 29 | 09
#0457-d260 @A: 17 01 07 32 | 10
#0458-d260 @A: 05 03 32 01 | 11
#0459-d260 @A: 01 07 23 33 | 03
#0460-d260 @A: 01 05 30 24 | 05
#0461-d260 @A: 21 02 01 17 | 01
#0462-d260 @A: 23 26 01 14 | 06
#0463-d260 @A: 01 06 13 20 | 12
#0464-d260 @A: 01 16 26 11 | 08
#0465-d260 @A: 01 20 03 23 | 07
#0466-d260 @A: 11 01 19 20 | 02
#0467-d260 @A: 25 01 23 28 | 04
#0468-d260 @A: 10 12 01 23 | 09
#0469-d260 @A: 01 34 19 23 | 10
#0470-d260 @A: 15 18 02 01 | 11
#0471-d260 @A: 32 35 24 04 | 03
#0472-d260 @A: 05 17 32 04 | 05
#0473-d260 @A: 12 33 04 24 | 01
#0474-d260 @A: 04 13 33 07 | 06
#0475-d260 @A: 24 04 21 18 | 12
#0476-d260 @A: 04 05 11 12 | 08
#0477-d260 @A: 04 06 34 08 | 07
#0478-d260 @A: 23 04 03 30 | 02
#0479-d260 @A: 21 12 22 04 | 04
#0480-d260 @A: 10 08 12 04 | 09
#0481-d260 @A: 13 10 21 04 | 10
#0482-d260 @A: 02 04 21 16 | 11
#0483-d260 @A: 24 32 05 22 | 03
#0484-d260 @A: 18 32 11 06 | 05
#0485-d260 @A: 32 28 03 22 | 01
#0486-d260 @A: 25 09 23 32 | 06
#0487-d260 @A: 32 16 19 07 | 12
#0488-d260 @A: 33 06 19 17 | 08
#0489-d260 @A: 17 33 16 28 | 07
#0490-d260 @A: 05 33 31 15 | 02
#0491-d260 @A: 33 05 20 12 | 04
#0492-d260 @A: 31 26 19 33 | 09
#0493-d260 @A: 26 15 33 35 | 10
#0494-d260 @A: 03 23 33 12 | 11
#0495-d260 @A: 33 11 28 15 | 03
#0496-d260 @A: 20 23 02 33 | 05
#0497-d260 @A: 35 02 13 33 | 01
#0498-d260 @A: 19 33 18 21 | 06
#0499-d260 @A: 26 17 15 24 | 12
#0500-d260 @A: 30 14 06 24 | 08
#0501-d260 @A: 14 24 09 35 | 07
#0502-d260 @A: 19 24 05 06 | 02
#0503-d260 @A: 31 09 06 24 | 04
#0504-d260 @A: 26 08 25 24 | 09
#0505-d260 @A: 34 30 28 24 | 10
#0506-d260 @A: 30 24 35 13 | 11
#0507-d260 @A: 16 19 24 13 | 03
#0508-d260 @A: 24 16 34 23 | 05
#0509-d260 @A: 17 05 07 28 | 01
#0510-d260 @A: 22 17 05 09 | 06
#0511-d260 @A: 21 26 25 17 | 12
#0512-d260 @A: 20 17 03 21 | 08
#0513-d260 @A: 30 12 11 17 | 07
#0514-d260 @A: 21 12 23 17 | 02
#0515-d260 @A: 30 18 17 34 | 04
#0516-d260 @A: 07 35 14 06 | 09
#0517-d260 @A: 15 03 14 26 | 10
#0518-d260 @A: 28 14 26 13 | 11
#0519-d260 @A: 14 11 07 02 | 03
#0520-d260 @A: 25 31 14 15 | 05
#0521-d260 @A: 16 14 34 30 | 01
#0522-d260 @A: 05 03 31 07 | 06
#0523-d260 @A: 34 25 05 28 | 12
#0524-d260 @A: 05 18 08 30 | 08
#0525-d260 @A: 02 05 19 23 | 07
#0526-d260 @A: 03 22 26 06 | 02
#0527-d260 @A: 11 08 19 06 | 04
#0528-d260 @A: 15 25 09 06 | 09
#0529-d260 @A: 22 25 35 06 | 10
#0530-d260 @A: 22 06 28 19 | 11
#0531-d260 @A: 06 10 22 08 | 03
#0532-d260 @A: 06 16 02 07 | 05
#0533-d260 @A: 16 09 28 26 | 01
#0534-d260 @A: 20 16 26 23 | 06
#0535-d260 @A: 21 26 12 35 | 12
#0536-d260 @A: 26 07 12 30 | 08
#0537-d260 @A: 31 18 03 28 | 07
#0538-d260 @A: 03 22 15 20 | 02
#0539-d260 @A: 23 08 03 19 | 04
#0540-d260 @A: 15 11 34 09 | 09
#0541-d260 @A: 35 11 34 31 | 10
#0542-d260 @A: 13 22 11 08 | 11
#0543-d260 @A: 15 35 11 16 | 03
#0544-d260 @A: 11 15 23 02 | 05
#0545-d260 @A: 35 21 19 25 | 01
#0546-d260 @A: 30 12 08 25 | 06
#0547-d260 @A: 19 15 18 25 | 12
#0548-d260 @A: 21 28 20 18 | 08
#0549-d260 @A: 28 13 35 10 | 07
#0550-d260 @A: 07 02 12 28 | 02
#0551-d260 @A: 30 34 22 09 | 04
#0552-d260 @A: 09 35 23 30 | 09
#0553-d260 @A: 19 09 34 10 | 10
#0554-d260 @A: 15 35 30 31 | 11
#0555-d260 @A: 21 31 16 35 | 03
#0556-d260 @A: 15 12 31 10 | 05
#0557-d260 @A: 31 19 21 10 | 01
#0558-d260 @A: 31 34 30 19 | 06
#0559-d260 @A: 08 34 13 20 | 12
#0560-d260 @A: 29 01 27 02 | 08
#0561-d260 @A: 27 12 08 29 | 07
#0562-d260 @A: 01 28 27 08 | 02
#0563-d260 @A: 16 13 27 01 | 04
#0564-d260 @A: 02 27 05 04 | 09
#0565-d260 @A: 32 27 20 03 | 10
#0566-d260 @A: 27 30 33 09 | 11
#0567-d260 @A: 27 10 24 14 | 03
#0568-d260 @A: 17 27 02 26 | 05
#0569-d260 @A: 08 27 17 34 | 01
#0570-d260 @A: 14 06 27 23 | 06
#0571-d260 @A: 28 27 14 26 | 12
#0572-d260 @A: 08 27 03 09 | 08
#0573-d260 @A: 25 35 10 27 | 07
#0574-d260 @A: 27 20 31 22 | 02
#0575-d260 @A: 27 12 23 07 | 04
#0576-d260 @A: 17 29 20 32 | 09
#0577-d260 @A: 17 02 29 33 | 10
#0578-d260 @A: 21 29 24 17 | 11
#0579-d260 @A: 14 23 29 18 | 03
#0580-d260 @A: 05 16 29 23 | 05
#0581-d260 @A: 29 20 06 25 | 01
#0582-d260 @A: 25 29 15 11 | 06
#0583-d260 @A: 33 18 01 04 | 12
#0584-d260 @A: 22 01 11 33 | 08
#0585-d260 @A: 06 17 01 15 | 07
#0586-d260 @A: 08 01 17 09 | 02
#0587-d260 @A: 22 25 01 26 | 04
#0588-d260 @A: 13 07 03 01 | 09
#0589-d260 @A: 09 12 01 25 | 10
#0590-d260 @A: 22 01 10 15 | 11
#0591-d260 @A: 02 35 01 23 | 03
#0592-d260 @A: 30 33 06 04 | 05
#0593-d260 @A: 34 33 04 20 | 01
#0594-d260 @A: 03 24 04 19 | 06
#0595-d260 @A: 24 11 04 07 | 12
#0596-d260 @A: 17 11 04 34 | 08
#0597-d260 @A: 04 30 34 05 | 07
#0598-d260 @A: 06 04 12 28 | 02
#0599-d260 @A: 26 12 13 04 | 04
#0600-d260 @A: 03 04 02 09 | 09
#0601-d260 @A: 04 28 08 11 | 10
#0602-d260 @A: 04 15 25 30 | 11
#0603-d260 @A: 04 28 09 34 | 03
#0604-d260 @A: 30 04 20 12 | 05
#0605-d260 @A: 22 04 35 30 | 01
#0606-d260 @A: 04 02 34 07 | 06
#0607-d260 @A: 04 16 15 10 | 12
#0608-d260 @A: 33 14 07 32 | 08
#0609-d260 @A: 32 05 35 33 | 07
#0610-d260 @A: 22 33 32 09 | 02
#0611-d260 @A: 09 32 16 14 | 04
#0612-d260 @A: 14 13 32 34 | 09
#0613-d260 @A: 02 09 26 32 | 10
#0614-d260 @A: 32 26 34 10 | 11
#0615-d260 @A: 11 07 25 32 | 03
#0616-d260 @A: 11 32 22 31 | 05
#0617-d260 @A: 31 07 32 15 | 01
#0618-d260 @A: 32 07 21 22 | 06
#0619-d260 @A: 33 10 17 03 | 12
#0620-d260 @A: 12 31 33 14 | 08
#0621-d260 @A: 13 15 33 03 | 07
#0622-d260 @A: 31 33 30 08 | 02
#0623-d260 @A: 33 22 34 35 | 04
#0624-d260 @A: 08 35 33 18 | 09
#0625-d260 @A: 10 33 18 34 | 10
#0626-d260 @A: 33 18 21 13 | 11
#0627-d260 @A: 24 25 17 34 | 03
#0628-d260 @A: 02 12 24 17 | 05
#0629-d260 @A: 09 08 28 24 | 01
#0630-d260 @A: 02 20 24 10 | 06
#0631-d260 @A: 21 24 35 08 | 12
#0632-d260 @A: 02 30 08 24 | 08
#0633-d260 @A: 21 24 19 34 | 07
#0634-d260 @A: 02 23 24 21 | 02
#0635-d260 @A: 17 05 11 03 | 04
#0636-d260 @A: 17 34 23 05 | 09
#0637-d260 @A: 17 21 11 06 | 10
#0638-d260 @A: 26 11 17 35 | 11
#0639-d260 @A: 09 07 17 26 | 03
#0640-d260 @A: 10 17 28 35 | 05
#0641-d260 @A: 14 12 05 09 | 01
#0642-d260 @A: 16 14 06 31 | 06
#0643-d260 @A: 08 14 18 22 | 12
#0644-d260 @A: 21 23 14 22 | 08
#0645-d260 @A: 35 12 14 30 | 07
#0646-d260 @A: 19 16 14 23 | 02
#0647-d260 @A: 02 21 14 19 | 04
#0648-d260 @A: 09 05 16 06 | 09
#0649-d260 @A: 03 05 19 09 | 10
#0650-d260 @A: 35 22 05 20 | 11
#0651-d260 @A: 10 20 16 05 | 03
#0652-d260 @A: 18 05 02 20 | 05
#0653-d260 @A: 15 05 08 35 | 01
#0654-d260 @A: 12 05 18 16 | 06
#0655-d260 @A: 18 34 05 15 | 12
#0656-d260 @A: 35 03 08 06 | 08
#0657-d260 @A: 06 31 11 20 | 07
#0658-d260 @A: 07 28 06 25 | 02
#0659-d260 @A: 31 34 06 28 | 04
#0660-d260 @A: 26 09 20 25 | 09
#0661-d260 @A: 13 26 35 09 | 10
#0662-d260 @A: 26 30 21 09 | 11
#0663-d260 @A: 02 08 26 22 | 03
#0664-d260 @A: 23 09 03 11 | 05
#0665-d260 @A: 03 16 23 22 | 01
#0666-d260 @A: 35 16 34 03 | 06
#0667-d260 @A: 16 12 15 03 | 12
#0668-d260 @A: 19 28 11 21 | 08
#0669-d260 @A: 10 11 22 34 | 07
#0670-d260 @A: 11 18 12 35 | 02
#0671-d260 @A: 02 11 30 16 | 04
#0672-d260 @A: 09 16 19 25 | 09
#0673-d260 @A: 20 19 25 02 | 10
#0674-d260 @A: 19 20 28 16 | 11
#0675-d260 @A: 18 07 28 08 | 03
#0676-d260 @A: 30 07 28 19 | 05
#0677-d260 @A: 07 02 28 13 | 01
#0678-d260 @A: 19 08 34 28 | 06
#0679-d260 @A: 28 16 08 15 | 12
#0680-d260 @A: 02 28 19 15 | 08
#0681-d260 @A: 28 34 02 16 | 07
#0682-d260 @A: 23 31 09 10 | 02
#0683-d260 @A: 09 35 08 16 | 04
#0684-d260 @A: 16 23 15 09 | 09
#0685-d260 @A: 09 16 13 15 | 10
#0686-d260 @A: 31 12 20 19 | 11
#0687-d260 @A: 23 31 16 08 | 03
#0688-d260 @A: 35 13 19 20 | 05
#0689-d260 @A: 20 13 07 16 | 01
#0690-d260 @A: 13 23 15 12 | 06
#0691-d260 @A: 27 29 24 22 | 12
#0692-d260 @A: 01 05 07 27 | 08
#0693-d260 @A: 01 31 15 27 | 07
#0694-d260 @A: 11 20 04 27 | 02
#0695-d260 @A: 25 33 16 27 | 04
#0696-d260 @A: 27 34 33 13 | 09
#0697-d260 @A: 24 27 07 16 | 10
#0698-d260 @A: 12 27 25 14 | 11
#0699-d260 @A: 20 27 13 11 | 03
#0700-d260 @A: 27 02 20 09 | 05
#0701-d260 @A: 27 12 20 35 | 01
#0702-d260 @A: 15 08 27 22 | 06
#0703-d260 @A: 10 23 30 27 | 12
#0704-d260 @A: 10 34 27 15 | 08
#0705-d260 @A: 04 01 20 29 | 07
#0706-d260 @A: 22 01 32 29 | 02
#0707-d260 @A: 22 05 29 04 | 04
#0708-d260 @A: 06 07 29 32 | 09
#0709-d260 @A: 32 29 30 31 | 10
#0710-d260 @A: 30 29 24 07 | 11
#0711-d260 @A: 34 29 14 02 | 03
#0712-d260 @A: 29 11 05 28 | 05
#0713-d260 @A: 02 29 11 06 | 01
#0714-d260 @A: 03 18 09 29 | 06
#0715-d260 @A: 07 28 09 29 | 12
#0716-d260 @A: 10 02 16 29 | 08
#0717-d260 @A: 33 05 01 08 | 07
#0718-d260 @A: 03 14 12 01 | 02
#0719-d260 @A: 18 28 01 14 | 04
#0720-d260 @A: 31 01 14 02 | 09
#0721-d260 @A: 22 06 01 07 | 10
#0722-d260 @A: 16 25 03 01 | 11
#0723-d260 @A: 11 30 01 07 | 03
#0724-d260 @A: 15 28 09 01 | 05
#0725-d260 @A: 30 16 01 28 | 01
#0726-d260 @A: 34 09 35 01 | 06
#0727-d260 @A: 22 20 18 01 | 12
#0728-d260 @A: 12 18 34 01 | 08
#0729-d260 @A: 13 08 01 21 | 07
#0730-d260 @A: 04 06 03 14 | 02
#0731-d260 @A: 22 14 15 04 | 04
#0732-d260 @A: 04 15 23 05 | 09
#0733-d260 @A: 04 25 03 11 | 10
#0734-d260 @A: 22 25 04 31 | 11
#0735-d260 @A: 02 04 15 20 | 03
#0736-d260 @A: 04 15 34 12 | 05
#0737-d260 @A: 08 19 07 04 | 01
#0738-d260 @A: 15 04 21 08 | 06
#0739-d260 @A: 04 23 18 16 | 12
#0740-d260 @A: 33 34 31 32 | 08
#0741-d260 @A: 32 17 15 09 | 07
#0742-d260 @A: 32 34 02 17 | 02
#0743-d260 @A: 19 03 26 32 | 04
#0744-d260 @A: 28 26 32 11 | 09
#0745-d260 @A: 32 26 16 31 | 10
#0746-d260 @A: 10 32 20 25 | 11
#0747-d260 @A: 19 13 09 32 | 03
#0748-d260 @A: 16 12 32 35 | 05
#0749-d260 @A: 32 08 10 15 | 01
#0750-d260 @A: 33 03 30 24 | 06
#0751-d260 @A: 20 19 24 33 | 12
#0752-d260 @A: 14 33 05 18 | 08
#0753-d260 @A: 21 33 20 30 | 07
#0754-d260 @A: 13 30 20 33 | 02
#0755-d260 @A: 17 24 19 28 | 04
#0756-d260 @A: 24 31 17 35 | 09
#0757-d260 @A: 13 23 17 24 | 10
#0758-d260 @A: 14 25 24 20 | 11
#0759-d260 @A: 05 02 09 24 | 03
#0760-d260 @A: 24 22 25 03 | 05
#0761-d260 @A: 11 24 21 12 | 01
#0762-d260 @A: 24 23 30 20 | 06
#0763-d260 @A: 16 18 20 24 | 12
#0764-d260 @A: 16 19 08 24 | 08
#0765-d260 @A: 19 17 14 26 | 07
#0766-d260 @A: 06 05 35 17 | 02
#0767-d260 @A: 06 28 17 20 | 04
#0768-d260 @A: 26 31 17 10 | 09
#0769-d260 @A: 15 17 13 19 | 10
#0770-d260 @A: 11 06 14 05 | 11
#0771-d260 @A: 34 14 05 03 | 03
#0772-d260 @A: 26 35 02 14 | 05
#0773-d260 @A: 35 31 03 14 | 01
#0774-d260 @A: 14 16 03 02 | 06
#0775-d260 @A: 23 07 14 08 | 12
#0776-d260 @A: 07 30 15 14 | 08
#0777-d260 @A: 05 07 11 26 | 07
#0778-d260 @A: 08 31 05 11 | 02
#0779-d260 @A: 05 23 25 20 | 04
#0780-d260 @A: 02 10 05 25 | 09
#0781-d260 @A: 28 19 13 05 | 10
#0782-d260 @A: 12 05 35 34 | 11
#0783-d260 @A: 05 35 19 07 | 03
#0784-d260 @A: 06 16 26 25 | 05
#0785-d260 @A: 06 20 07 12 | 01
#0786-d260 @A: 06 18 08 12 | 06
#0787-d260 @A: 26 25 11 19 | 12
#0788-d260 @A: 25 28 30 26 | 08
#0789-d260 @A: 13 31 26 10 | 07
#0790-d260 @A: 21 26 31 23 | 02
#0791-d260 @A: 19 07 26 20 | 04
#0792-d260 @A: 26 08 10 21 | 09
#0793-d260 @A: 23 34 08 26 | 10
#0794-d260 @A: 23 02 26 10 | 11
#0795-d260 @A: 11 30 03 31 | 03
#0796-d260 @A: 35 03 07 30 | 05
#0797-d260 @A: 03 13 35 30 | 01
#0798-d260 @A: 18 19 16 03 | 06
#0799-d260 @A: 11 20 23 18 | 12
#0800-d260 @A: 15 18 11 21 | 08
#0801-d260 @A: 28 31 25 10 | 07
#0802-d260 @A: 34 19 25 12 | 02
#0803-d260 @A: 25 34 12 13 | 04
#0804-d260 @A: 25 30 10 07 | 09
#0805-d260 @A: 25 23 34 10 | 10
#0806-d260 @A: 34 20 28 35 | 11
#0807-d260 @A: 22 08 21 28 | 03
#0808-d260 @A: 21 28 23 10 | 05
#0809-d260 @A: 23 18 19 28 | 01
#0810-d260 @A: 09 21 22 31 | 06
#0811-d260 @A: 23 18 09 08 | 12
#0812-d260 @A: 13 18 16 20 | 08
#0813-d260 @A: 13 34 22 23 | 07
#0814-d260 @A: 19 12 30 13 | 02
#0815-d260 @A: 21 15 07 13 | 04
#0816-d260 @A: 13 18 30 34 | 09
#0817-d260 @A: 27 29 15 03 | 10
#0818-d260 @A: 27 06 01 03 | 11
#0819-d260 @A: 27 26 04 12 | 03
#0820-d260 @A: 27 04 15 28 | 05
#0821-d260 @A: 35 11 27 14 | 01
#0822-d260 @A: 14 15 27 18 | 06
#0823-d260 @A: 28 05 18 27 | 12
#0824-d260 @A: 10 05 27 31 | 08
#0825-d260 @A: 12 13 27 05 | 07
#0826-d260 @A: 03 31 27 16 | 02
#0827-d260 @A: 20 15 07 27 | 04
#0828-d260 @A: 18 19 20 27 | 09
#0829-d260 @A: 20 23 27 21 | 10
#0830-d260 @A: 08 07 35 27 | 11
#0831-d260 @A: 15 12 02 27 | 03
#0832-d260 @A: 08 30 27 21 | 05
#0833-d260 @A: 04 29 34 25 | 01
#0834-d260 @A: 05 25 33 29 | 06
#0835-d260 @A: 33 28 29 22 | 12
#0836-d260 @A: 29 03 34 17 | 08
#0837-d260 @A: 06 29 14 22 | 07
#0838-d260 @A: 31 26 29 09 | 02
#0839-d260 @A: 29 16 30 03 | 04
#0840-d260 @A: 34 28 18 29 | 09
#0841-d260 @A: 35 20 29 18 | 10
#0842-d260 @A: 29 20 30 02 | 11
#0843-d260 @A: 29 18 22 07 | 03
#0844-d260 @A: 30 08 22 29 | 05
#0845-d260 @A: 10 35 29 15 | 01
#0846-d260 @A: 07 12 10 29 | 06
#0847-d260 @A: 34 29 23 12 | 12
#0848-d260 @A: 29 07 23 13 | 08
#0849-d260 @A: 34 24 04 01 | 07
#0850-d260 @A: 26 01 04 30 | 02
#0851-d260 @A: 14 01 32 08 | 04
#0852-d260 @A: 32 16 01 20 | 09
#0853-d260 @A: 01 22 14 24 | 10
#0854-d260 @A: 17 25 11 01 | 11
#0855-d260 @A: 14 01 10 05 | 03
#0856-d260 @A: 09 05 20 01 | 05
#0857-d260 @A: 06 28 01 35 | 01
#0858-d260 @A: 11 09 01 02 | 06
#0859-d260 @A: 21 01 31 11 | 12
#0860-d260 @A: 01 09 13 31 | 08
#0861-d260 @A: 01 07 16 12 | 07
#0862-d260 @A: 10 30 18 01 | 02
#0863-d260 @A: 04 08 33 32 | 04
#0864-d260 @A: 04 32 14 18 | 09
#0865-d260 @A: 32 28 04 02 | 10
#0866-d260 @A: 21 31 04 33 | 11
#0867-d260 @A: 17 25 16 04 | 03
#0868-d260 @A: 04 30 14 11 | 05
#0869-d260 @A: 06 04 09 22 | 01
#0870-d260 @A: 03 10 04 21 | 06
#0871-d260 @A: 35 13 04 31 | 12
#0872-d260 @A: 23 10 35 04 | 08
#0873-d260 @A: 31 32 24 20 | 07
#0874-d260 @A: 06 25 32 19 | 02
#0875-d260 @A: 32 03 21 09 | 04
#0876-d260 @A: 10 16 32 03 | 09
#0877-d260 @A: 15 02 22 32 | 10
#0878-d260 @A: 32 02 08 18 | 11
#0879-d260 @A: 34 16 18 32 | 03
#0880-d260 @A: 17 33 22 24 | 05
#0881-d260 @A: 33 18 24 11 | 01
#0882-d260 @A: 15 14 09 33 | 06
#0883-d260 @A: 33 05 11 19 | 12
#0884-d260 @A: 33 25 34 06 | 08
#0885-d260 @A: 20 16 06 33 | 07
#0886-d260 @A: 33 13 06 12 | 02
#0887-d260 @A: 33 09 28 31 | 04
#0888-d260 @A: 33 15 20 18 | 09
#0889-d260 @A: 33 30 16 12 | 10
#0890-d260 @A: 08 19 15 33 | 11
#0891-d260 @A: 33 16 19 10 | 03
#0892-d260 @A: 34 15 33 30 | 05
#0893-d260 @A: 15 16 02 33 | 01
#0894-d260 @A: 17 05 16 24 | 06
#0895-d260 @A: 24 07 34 14 | 12
#0896-d260 @A: 25 06 24 21 | 08
#0897-d260 @A: 09 24 18 25 | 07
#0898-d260 @A: 12 22 24 07 | 02
#0899-d260 @A: 24 18 19 22 | 04
#0900-d260 @A: 06 08 17 14 | 09
#0901-d260 @A: 09 14 02 17 | 10
#0902-d260 @A: 31 17 25 20 | 11
#0903-d260 @A: 30 25 17 13 | 03
#0904-d260 @A: 18 12 17 20 | 05
#0905-d260 @A: 35 17 30 08 | 01
#0906-d260 @A: 02 30 17 07 | 06
#0907-d260 @A: 08 19 02 17 | 12
#0908-d260 @A: 17 19 30 21 | 08
#0909-d260 @A: 17 18 15 16 | 07
#0910-d260 @A: 02 14 25 06 | 02
#0911-d260 @A: 12 26 14 10 | 04
#0912-d260 @A: 13 11 14 09 | 09
#0913-d260 @A: 34 12 20 14 | 10
#0914-d260 @A: 14 22 19 34 | 11
#0915-d260 @A: 34 21 14 35 | 03
#0916-d260 @A: 12 14 02 18 | 05
#0917-d260 @A: 14 16 21 18 | 01
#0918-d260 @A: 05 06 03 23 | 06
#0919-d260 @A: 06 05 30 31 | 12
#0920-d260 @A: 15 05 25 03 | 08
#0921-d260 @A: 05 09 28 21 | 07
#0922-d260 @A: 18 31 05 19 | 02
#0923-d260 @A: 13 05 16 31 | 04
#0924-d260 @A: 05 22 30 15 | 09
#0925-d260 @A: 34 16 07 05 | 10
#0926-d260 @A: 20 18 26 06 | 11
#0927-d260 @A: 12 25 11 06 | 03
#0928-d260 @A: 10 06 12 35 | 05
#0929-d260 @A: 23 06 35 34 | 01
#0930-d260 @A: 19 07 06 10 | 06
#0931-d260 @A: 23 15 19 06 | 12
#0932-d260 @A: 31 02 26 03 | 08
#0933-d260 @A: 13 07 26 22 | 07
#0934-d260 @A: 19 12 23 26 | 02
#0935-d260 @A: 13 08 30 26 | 04
#0936-d260 @A: 34 18 26 02 | 09
#0937-d260 @A: 11 12 03 08 | 10
#0938-d260 @A: 20 25 03 35 | 11
#0939-d260 @A: 23 03 18 25 | 03
#0940-d260 @A: 34 21 03 12 | 05
#0941-d260 @A: 25 34 16 11 | 01
#0942-d260 @A: 02 11 20 35 | 06
#0943-d260 @A: 15 20 11 10 | 12
#0944-d260 @A: 35 11 10 19 | 08
#0945-d260 @A: 16 12 19 11 | 07
#0946-d260 @A: 10 11 18 08 | 02
#0947-d260 @A: 11 08 15 13 | 04
#0948-d260 @A: 25 20 30 16 | 09
#0949-d260 @A: 25 13 22 02 | 10
#0950-d260 @A: 34 15 35 25 | 11
#0951-d260 @A: 25 19 30 23 | 03
#0952-d260 @A: 09 13 34 07 | 05
#0953-d260 @A: 09 23 21 13 | 01
#0954-d260 @A: 22 08 31 19 | 06
#0955-d260 @A: 31 02 10 34 | 12
#0956-d260 @A: 13 21 19 31 | 08
#0957-d260 @A: 06 27 29 26 | 07
#0958-d260 @A: 34 14 27 01 | 02
#0959-d260 @A: 17 04 27 35 | 04
#0960-d260 @A: 14 27 32 02 | 09
#0961-d260 @A: 22 27 06 32 | 10
#0962-d260 @A: 03 13 27 32 | 11
#0963-d260 @A: 19 27 03 33 | 03
#0964-d260 @A: 02 31 27 33 | 05
#0965-d260 @A: 17 27 15 25 | 01
#0966-d260 @A: 27 30 28 17 | 06
#0967-d260 @A: 22 03 14 27 | 12
#0968-d260 @A: 27 30 14 20 | 08
#0969-d260 @A: 35 06 27 15 | 07
#0970-d260 @A: 31 11 19 27 | 02
#0971-d260 @A: 27 35 16 30 | 04
#0972-d260 @A: 13 08 10 27 | 09
#0973-d260 @A: 18 10 27 02 | 10
#0974-d260 @A: 29 24 15 01 | 11
#0975-d260 @A: 01 14 35 29 | 03
#0976-d260 @A: 01 13 18 29 | 05
#0977-d260 @A: 04 08 18 29 | 01
#0978-d260 @A: 29 32 13 02 | 06
#0979-d260 @A: 29 24 33 10 | 12
#0980-d260 @A: 33 09 29 13 | 08
#0981-d260 @A: 19 29 31 24 | 07
#0982-d260 @A: 05 29 31 34 | 02
#0983-d260 @A: 29 26 11 10 | 04
#0984-d260 @A: 29 26 23 25 | 09
#0985-d260 @A: 31 29 28 15 | 10
#0986-d260 @A: 22 29 35 12 | 11
#0987-d260 @A: 16 19 22 29 | 03
#0988-d260 @A: 18 12 29 21 | 05
#0989-d260 @A: 05 25 04 01 | 01
#0990-d260 @A: 16 09 33 01 | 06
#0991-d260 @A: 01 03 18 24 | 12
#0992-d260 @A: 01 24 11 10 | 08
#0993-d260 @A: 19 25 24 01 | 07
#0994-d260 @A: 22 13 01 24 | 02
#0995-d260 @A: 17 01 30 31 | 04
#0996-d260 @A: 22 16 05 01 | 09
#0997-d260 @A: 10 06 26 01 | 10
#0998-d260 @A: 30 09 01 06 | 11
#0999-d260 @A: 11 28 01 12 | 03
#1000-d260 @A: 30 20 01 35 | 05
#1001-d260 @A: 19 22 01 02 | 01
#1002-d260 @A: 01 19 07 18 | 06
#1003-d260 @A: 01 30 34 21 | 12
#1004-d260 @A: 23 18 21 01 | 08
#1005-d260 @A: 01 15 16 34 | 07
#1006-d260 @A: 35 33 25 04 | 02
#1007-d260 @A: 31 04 15 24 | 04
#1008-d260 @A: 06 13 04 17 | 09
#1009-d260 @A: 04 14 31 19 | 10
#1010-d260 @A: 10 34 14 04 | 11
#1011-d260 @A: 26 04 23 11 | 03
#1012-d260 @A: 02 26 04 25 | 05
#1013-d260 @A: 04 22 08 03 | 01
#1014-d260 @A: 13 11 18 04 | 06
#1015-d260 @A: 10 07 22 04 | 12
#1016-d260 @A: 04 19 35 15 | 08
#1017-d260 @A: 18 04 35 34 | 07
#1018-d260 @A: 12 18 19 04 | 02
#1019-d260 @A: 34 19 04 16 | 04
#1020-d260 @A: 32 07 24 26 | 09
#1021-d260 @A: 24 12 32 03 | 10
#1022-d260 @A: 31 32 17 18 | 11
#1023-d260 @A: 32 05 13 11 | 03
#1024-d260 @A: 31 32 09 05 | 05
#1025-d260 @A: 06 16 28 32 | 01
#1026-d260 @A: 32 30 21 12 | 06
#1027-d260 @A: 30 15 16 32 | 12
#1028-d260 @A: 14 08 33 24 | 08
#1029-d260 @A: 24 05 34 33 | 07
#1030-d260 @A: 33 25 14 10 | 02
#1031-d260 @A: 16 13 14 33 | 04
#1032-d260 @A: 10 05 33 26 | 09
#1033-d260 @A: 05 02 03 33 | 10
#1034-d260 @A: 09 23 05 33 | 11
#1035-d260 @A: 07 33 03 11 | 03
#1036-d260 @A: 25 20 33 07 | 05
#1037-d260 @A: 22 19 33 12 | 01
#1038-d260 @A: 12 21 10 33 | 06
#1039-d260 @A: 08 16 33 34 | 12
#1040-d260 @A: 24 09 17 30 | 08
#1041-d260 @A: 24 06 13 07 | 07
#1042-d260 @A: 22 26 31 24 | 02
#1043-d260 @A: 24 09 16 03 | 04
#1044-d260 @A: 12 08 24 20 | 09
#1045-d260 @A: 02 24 22 34 | 10
#1046-d260 @A: 30 35 18 24 | 11
#1047-d260 @A: 07 17 14 22 | 03
#1048-d260 @A: 02 28 11 17 | 05
#1049-d260 @A: 25 17 02 35 | 01
#1050-d260 @A: 28 17 13 22 | 06
#1051-d260 @A: 19 16 17 31 | 12
#1052-d260 @A: 05 14 35 25 | 08
#1053-d260 @A: 02 05 15 14 | 07
#1054-d260 @A: 25 21 03 14 | 02
#1055-d260 @A: 28 14 11 34 | 04
#1056-d260 @A: 14 11 18 09 | 09
#1057-d260 @A: 09 20 28 14 | 10
#1058-d260 @A: 15 23 14 35 | 11
#1059-d260 @A: 10 16 14 07 | 03
#1060-d260 @A: 02 30 14 23 | 05
#1061-d260 @A: 20 06 05 15 | 01
#1062-d260 @A: 05 06 22 34 | 06
#1063-d260 @A: 02 22 05 11 | 12
#1064-d260 @A: 13 07 30 05 | 08
#1065-d260 @A: 05 10 08 34 | 07
#1066-d260 @A: 06 26 35 09 | 02
#1067-d260 @A: 03 13 10 06 | 04
#1068-d260 @A: 22 21 06 30 | 09
#1069-d260 @A: 10 15 06 18 | 10
#1070-d260 @A: 10 21 02 06 | 11
#1071-d260 @A: 26 10 03 18 | 03
#1072-d260 @A: 12 20 26 11 | 05
#1073-d260 @A: 07 34 26 28 | 01
#1074-d260 @A: 28 15 18 26 | 06
#1075-d260 @A: 26 08 20 30 | 12
#1076-d260 @A: 22 16 26 34 | 08
#1077-d260 @A: 35 03 28 11 | 07
#1078-d260 @A: 09 13 12 03 | 02
#1079-d260 @A: 18 20 08 03 | 04
#1080-d260 @A: 30 03 12 10 | 09
#1081-d260 @A: 07 03 21 23 | 10
#1082-d260 @A: 30 03 15 21 | 11
#1083-d260 @A: 25 13 11 10 | 03
#1084-d260 @A: 09 22 28 11 | 05
#1085-d260 @A: 08 34 02 11 | 01
#1086-d260 @A: 19 18 11 34 | 06
#1087-d260 @A: 16 31 25 12 | 12
#1088-d260 @A: 22 10 16 25 | 08
#1089-d260 @A: 13 21 35 25 | 07
#1090-d260 @A: 25 34 30 02 | 02
#1091-d260 @A: 23 28 02 09 | 04
#1092-d260 @A: 16 22 18 28 | 09
#1093-d260 @A: 08 31 09 02 | 10
#1094-d260 @A: 19 20 09 23 | 11
#1095-d260 @A: 09 08 22 07 | 03
#1096-d260 @A: 09 08 12 19 | 05
#1097-d260 @A: 02 09 34 12 | 01
#1098-d260 @A: 19 21 09 07 | 06
#1099-d260 @A: 10 07 35 31 | 12
#1100-d260 @A: 12 13 02 31 | 08
#1101-d260 @A: 31 21 34 18 | 07
#1102-d260 @A: 12 20 21 13 | 02
#1103-d260 @A: 13 21 16 22 | 04
#1104-d260 @A: 21 29 27 25 | 09
#1105-d260 @A: 03 04 27 34 | 10
#1106-d260 @A: 11 27 32 12 | 11
#1107-d260 @A: 28 07 27 32 | 03
#1108-d260 @A: 24 33 28 27 | 05
#1109-d260 @A: 26 21 27 24 | 01
#1110-d260 @A: 27 13 26 24 | 06
#1111-d260 @A: 34 31 27 24 | 12
#1112-d260 @A: 27 24 18 12 | 08
#1113-d260 @A: 17 13 27 07 | 07
#1114-d260 @A: 05 27 25 06 | 02
#1115-d260 @A: 31 27 07 06 | 04
#1116-d260 @A: 27 26 30 31 | 09
#1117-d260 @A: 10 27 07 26 | 10
#1118-d260 @A: 08 26 27 16 | 11
#1119-d260 @A: 21 18 03 27 | 03
#1120-d260 @A: 18 08 27 25 | 05
#1121-d260 @A: 16 29 04 32 | 01
#1122-d260 @A: 28 17 29 04 | 06
#1123-d260 @A: 31 29 02 04 | 12
#1124-d260 @A: 08 32 29 24 | 08
#1125-d260 @A: 32 26 29 12 | 07
#1126-d260 @A: 29 11 33 20 | 02
#1127-d260 @A: 24 29 28 06 | 04
#1128-d260 @A: 14 29 17 10 | 09
#1129-d260 @A: 17 29 31 08 | 10
#1130-d260 @A: 23 07 17 29 | 11
#1131-d260 @A: 03 08 14 29 | 03
#1132-d260 @A: 19 06 03 29 | 05
#1133-d260 @A: 03 26 29 20 | 01
#1134-d260 @A: 03 10 28 29 | 06
#1135-d260 @A: 31 29 03 23 | 12
#1136-d260 @A: 11 23 19 29 | 08
#1137-d260 @A: 09 22 20 29 | 07
#1138-d260 @A: 16 20 29 12 | 02
#1139-d260 @A: 02 19 29 35 | 04
#1140-d260 @A: 29 08 07 16 | 09
#1141-d260 @A: 34 10 30 29 | 10
#1142-d260 @A: 04 01 21 14 | 11
#1143-d260 @A: 32 01 34 28 | 03
#1144-d260 @A: 10 32 01 19 | 05
#1145-d260 @A: 35 01 03 17 | 01
#1146-d260 @A: 15 11 01 14 | 06
#1147-d260 @A: 12 06 05 01 | 12
#1148-d260 @A: 01 23 06 11 | 08
#1149-d260 @A: 06 01 19 31 | 07
#1150-d260 @A: 01 21 07 25 | 02
#1151-d260 @A: 01 25 08 15 | 04
#1152-d260 @A: 01 07 35 15 | 09
#1153-d260 @A: 02 01 19 13 | 10
#1154-d260 @A: 01 30 13 23 | 11
#1155-d260 @A: 04 20 32 06 | 03
#1156-d260 @A: 04 32 25 13 | 05
#1157-d260 @A: 04 05 33 16 | 01
#1158-d260 @A: 22 33 26 04 | 06
#1159-d260 @A: 04 17 26 18 | 12
#1160-d260 @A: 14 26 04 08 | 08
#1161-d260 @A: 04 23 09 14 | 07
#1162-d260 @A: 19 04 26 06 | 02
#1163-d260 @A: 04 18 20 25 | 04
#1164-d260 @A: 04 10 18 28 | 09
#1165-d260 @A: 04 31 07 12 | 10
#1166-d260 @A: 23 22 34 04 | 11
#1167-d260 @A: 21 19 23 04 | 03
#1168-d260 @A: 33 32 26 25 | 05
#1169-d260 @A: 33 16 32 11 | 01
#1170-d260 @A: 09 24 34 32 | 06
#1171-d260 @A: 10 32 13 24 | 12
#1172-d260 @A: 21 16 24 32 | 08
#1173-d260 @A: 21 14 32 28 | 07
#1174-d260 @A: 06 08 09 32 | 02
#1175-d260 @A: 32 34 35 07 | 04
#1176-d260 @A: 15 32 18 12 | 09
#1177-d260 @A: 32 30 07 08 | 10
#1178-d260 @A: 33 17 14 35 | 11
#1179-d260 @A: 05 17 33 21 | 03
#1180-d260 @A: 35 33 11 06 | 05
#1181-d260 @A: 28 21 26 33 | 01
#1182-d260 @A: 15 22 25 33 | 06
#1183-d260 @A: 33 28 35 07 | 12
#1184-d260 @A: 08 20 22 33 | 08
#1185-d260 @A: 33 20 10 35 | 07
#1186-d260 @A: 10 30 33 02 | 02
#1187-d260 @A: 17 24 08 03 | 04
#1188-d260 @A: 23 11 24 17 | 09
#1189-d260 @A: 24 14 02 28 | 10
#1190-d260 @A: 12 14 19 24 | 11
#1191-d260 @A: 05 25 24 07 | 03
#1192-d260 @A: 02 31 11 24 | 05
#1193-d260 @A: 11 13 02 24 | 01
#1194-d260 @A: 07 19 23 24 | 06
#1195-d260 @A: 05 14 17 30 | 12
#1196-d260 @A: 05 17 26 08 | 08
#1197-d260 @A: 12 17 10 05 | 07
#1198-d260 @A: 31 22 17 06 | 02
#1199-d260 @A: 17 03 09 31 | 04
#1200-d260 @A: 17 16 02 20 | 09
#1201-d260 @A: 34 17 21 10 | 10
#1202-d260 @A: 17 02 23 18 | 11
#1203-d260 @A: 13 06 21 14 | 03
#1204-d260 @A: 25 22 09 14 | 05
#1205-d260 @A: 16 14 08 12 | 01
#1206-d260 @A: 10 08 14 02 | 06
#1207-d260 @A: 14 19 30 18 | 12
#1208-d260 @A: 28 05 08 06 | 08
#1209-d260 @A: 08 03 16 05 | 07
#1210-d260 @A: 34 20 19 05 | 02
#1211-d260 @A: 05 18 22 21 | 04
#1212-d260 @A: 08 02 07 05 | 09
#1213-d260 @A: 15 13 05 18 | 10
#1214-d260 @A: 26 06 11 34 | 11
#1215-d260 @A: 08 07 26 06 | 03
#1216-d260 @A: 21 06 03 28 | 05
#1217-d260 @A: 06 16 22 15 | 01
#1218-d260 @A: 06 02 15 34 | 06
#1219-d260 @A: 25 07 26 03 | 12
#1220-d260 @A: 18 26 13 03 | 08
#1221-d260 @A: 25 10 26 15 | 07
#1222-d260 @A: 28 31 12 26 | 02
#1223-d260 @A: 30 26 23 22 | 04
#1224-d260 @A: 21 19 26 16 | 09
#1225-d260 @A: 03 23 13 11 | 10
#1226-d260 @A: 22 19 21 03 | 11
#1227-d260 @A: 03 35 21 02 | 03
#1228-d260 @A: 07 03 10 08 | 05
#1229-d260 @A: 16 07 18 11 | 01
#1230-d260 @A: 20 25 12 22 | 06
#1231-d260 @A: 35 07 25 12 | 12
#1232-d260 @A: 25 35 18 16 | 08
#1233-d260 @A: 25 21 23 16 | 07
#1234-d260 @A: 08 09 28 13 | 02
#1235-d260 @A: 28 35 08 12 | 04
#1236-d260 @A: 10 34 28 12 | 09
#1237-d260 @A: 12 35 31 09 | 10
#1238-d260 @A: 07 09 20 35 | 11
#1239-d260 @A: 09 20 10 12 | 03
#1240-d260 @A: 13 30 09 10 | 05
#1241-d260 @A: 09 18 21 02 | 01
#1242-d260 @A: 31 12 02 30 | 06
#1243-d260 @A: 12 13 23 35 | 12
#1244-d260 @A: 04 10 29 27 | 08
#1245-d260 @A: 27 29 20 28 | 07
#1246-d260 @A: 14 16 04 27 | 02
#1247-d260 @A: 31 27 08 04 | 04
#1248-d260 @A: 22 05 27 33 | 09
#1249-d260 @A: 35 03 05 27 | 10
#1250-d260 @A: 23 03 26 27 | 11
#1251-d260 @A: 25 03 27 30 | 03
#1252-d260 @A: 09 07 27 25 | 05
#1253-d260 @A: 27 21 34 28 | 01
#1254-d260 @A: 27 35 22 18 | 06
#1255-d260 @A: 27 07 22 34 | 12
#1256-d260 @A: 10 19 12 27 | 08
#1257-d260 @A: 07 27 30 18 | 07
#1258-d260 @A: 34 18 23 27 | 02
#1259-d260 @A: 15 27 16 21 | 04
#1260-d260 @A: 01 25 10 29 | 09
#1261-d260 @A: 21 11 04 29 | 10
#1262-d260 @A: 04 29 09 15 | 11
#1263-d260 @A: 32 21 29 33 | 03
#1264-d260 @A: 05 29 32 10 | 05
#1265-d260 @A: 26 08 29 33 | 01
#1266-d260 @A: 09 29 24 12 | 06
#1267-d260 @A: 13 10 14 29 | 12
#1268-d260 @A: 02 12 05 29 | 08
#1269-d260 @A: 10 29 21 20 | 07
#1270-d260 @A: 15 23 29 20 | 02
#1271-d260 @A: 22 34 15 29 | 04
#1272-d260 @A: 23 10 08 29 | 09
#1273-d260 @A: 07 04 01 28 | 10
#1274-d260 @A: 01 04 02 10 | 11
#1275-d260 @A: 32 26 01 21 | 03
#1276-d260 @A: 33 01 14 19 | 05
#1277-d260 @A: 01 33 03 26 | 01
#1278-d260 @A: 01 26 05 34 | 06
#1279-d260 @A: 35 11 01 05 | 12
#1280-d260 @A: 09 19 01 26 | 08
#1281-d260 @A: 01 03 02 30 | 07
#1282-d260 @A: 01 10 07 34 | 02
#1283-d260 @A: 01 19 08 30 | 04
#1284-d260 @A: 23 01 30 15 | 09
#1285-d260 @A: 09 30 04 32 | 10
#1286-d260 @A: 04 26 24 16 | 11
#1287-d260 @A: 04 10 06 05 | 03
#1288-d260 @A: 23 04 06 25 | 05
#1289-d260 @A: 04 28 03 16 | 01
#1290-d260 @A: 09 02 04 13 | 06
#1291-d260 @A: 19 20 10 04 | 12
#1292-d260 @A: 15 04 07 18 | 08
#1293-d260 @A: 13 16 04 23 | 07
#1294-d260 @A: 24 15 32 06 | 02
#1295-d260 @A: 19 32 17 11 | 04
#1296-d260 @A: 23 14 32 31 | 09
#1297-d260 @A: 03 32 11 15 | 10
#1298-d260 @A: 30 10 32 11 | 11
#1299-d260 @A: 20 13 32 28 | 03
#1300-d260 @A: 28 32 30 35 | 05
#1301-d260 @A: 35 32 20 15 | 01
#1302-d260 @A: 32 02 07 20 | 06
#1303-d260 @A: 08 16 13 32 | 12
#1304-d260 @A: 32 21 23 15 | 08
#1305-d260 @A: 24 06 33 26 | 07
#1306-d260 @A: 24 16 31 33 | 02
#1307-d260 @A: 17 20 09 33 | 04
#1308-d260 @A: 33 22 13 05 | 09
#1309-d260 @A: 11 02 26 33 | 10
#1310-d260 @A: 35 33 03 09 | 11
#1311-d260 @A: 33 08 09 10 | 03
#1312-d260 @A: 18 33 30 23 | 05
#1313-d260 @A: 24 26 35 20 | 01
#1314-d260 @A: 15 28 03 24 | 06
#1315-d260 @A: 24 09 19 11 | 12
#1316-d260 @A: 25 13 24 31 | 08
#1317-d260 @A: 15 25 24 02 | 07
#1318-d260 @A: 22 24 16 30 | 02
#1319-d260 @A: 24 02 35 07 | 04
#1320-d260 @A: 35 34 24 10 | 09
#1321-d260 @A: 10 24 18 07 | 10
#1322-d260 @A: 34 13 24 15 | 11
#1323-d260 @A: 17 18 03 14 | 03
#1324-d260 @A: 11 17 14 20 | 05
#1325-d260 @A: 02 17 06 03 | 01
#1326-d260 @A: 09 06 17 34 | 06
#1327-d260 @A: 17 13 03 09 | 12
#1328-d260 @A: 31 11 15 17 | 08
#1329-d260 @A: 34 13 11 17 | 07
#1330-d260 @A: 17 07 08 25 | 02
#1331-d260 @A: 34 17 31 13 | 04
#1332-d260 @A: 19 20 22 17 | 09
#1333-d260 @A: 35 17 18 07 | 10
#1334-d260 @A: 17 21 16 07 | 11
#1335-d260 @A: 08 18 17 21 | 03
#1336-d260 @A: 23 08 17 15 | 05
#1337-d260 @A: 22 14 31 05 | 01
#1338-d260 @A: 19 09 06 14 | 06
#1339-d260 @A: 11 14 03 19 | 12
#1340-d260 @A: 21 14 20 08 | 08
#1341-d260 @A: 08 05 12 23 | 07
#1342-d260 @A: 23 18 10 05 | 02
#1343-d260 @A: 34 05 02 21 | 04
#1344-d260 @A: 31 26 06 15 | 09
#1345-d260 @A: 12 03 31 06 | 10
#1346-d260 @A: 23 20 22 06 | 11
#1347-d260 @A: 08 20 02 06 | 03
#1348-d260 @A: 10 30 20 06 | 05
#1349-d260 @A: 12 16 23 06 | 01
#1350-d260 @A: 06 34 30 07 | 06
#1351-d260 @A: 23 06 07 18 | 12
#1352-d260 @A: 06 23 08 30 | 08
#1353-d260 @A: 15 13 06 30 | 07
#1354-d260 @A: 26 28 08 03 | 02
#1355-d260 @A: 26 31 18 11 | 04
#1356-d260 @A: 28 35 26 19 | 09
#1357-d260 @A: 15 26 19 22 | 10
#1358-d260 @A: 23 07 26 15 | 11
#1359-d260 @A: 03 20 16 07 | 03
#1360-d260 @A: 10 20 03 34 | 05
#1361-d260 @A: 12 35 19 03 | 01
#1362-d260 @A: 34 03 13 21 | 06
#1363-d260 @A: 03 13 16 02 | 12
#1364-d260 @A: 11 20 07 22 | 08
#1365-d260 @A: 08 20 16 11 | 07
#1366-d260 @A: 34 20 30 11 | 02
#1367-d260 @A: 21 11 16 22 | 04
#1368-d260 @A: 10 12 11 02 | 09
#1369-d260 @A: 07 19 11 15 | 10
#1370-d260 @A: 11 30 15 08 | 11
#1371-d260 @A: 16 11 10 23 | 03
#1372-d260 @A: 28 09 25 35 | 05
#1373-d260 @A: 25 12 23 15 | 01
#1374-d260 @A: 15 21 28 35 | 06
#1375-d260 @A: 28 13 16 12 | 12
#1376-d260 @A: 10 08 30 28 | 08
#1377-d260 @A: 30 28 21 02 | 07
#1378-d260 @A: 15 19 31 09 | 02
#1379-d260 @A: 15 08 09 20 | 04
#1380-d260 @A: 16 21 20 09 | 09
#1381-d260 @A: 09 15 21 12 | 10
#1382-d260 @A: 16 07 09 30 | 11
#1383-d260 @A: 31 20 18 10 | 03
#1384-d260 @A: 34 08 07 31 | 05
#1385-d260 @A: 16 35 34 13 | 01
#1386-d260 @A: 18 13 19 08 | 06
#1387-d260 @A: 29 30 05 27 | 12
#1388-d260 @A: 16 29 27 09 | 08
#1389-d260 @A: 13 22 29 27 | 07
#1390-d260 @A: 01 27 35 26 | 02
#1391-d260 @A: 25 20 01 27 | 04
#1392-d260 @A: 23 27 16 01 | 09
#1393-d260 @A: 27 32 23 04 | 10
#1394-d260 @A: 04 06 27 21 | 11
#1395-d260 @A: 17 16 32 27 | 03
#1396-d260 @A: 35 21 33 27 | 05
#1397-d260 @A: 19 24 27 35 | 01
#1398-d260 @A: 27 11 22 17 | 06
#1399-d260 @A: 27 13 19 14 | 12
#1400-d260 @A: 05 11 27 16 | 08
#1401-d260 @A: 30 11 27 06 | 07
#1402-d260 @A: 28 27 09 19 | 02
#1403-d260 @A: 08 20 27 10 | 04
#1404-d260 @A: 29 28 01 21 | 09
#1405-d260 @A: 19 30 04 29 | 10
#1406-d260 @A: 29 32 15 14 | 11
#1407-d260 @A: 20 13 24 29 | 03
#1408-d260 @A: 21 29 24 13 | 05
#1409-d260 @A: 15 17 05 29 | 01
#1410-d260 @A: 29 17 22 25 | 06
#1411-d260 @A: 08 29 05 09 | 12
#1412-d260 @A: 06 30 12 29 | 08
#1413-d260 @A: 22 21 29 26 | 07
#1414-d260 @A: 28 25 29 08 | 02
#1415-d260 @A: 16 25 13 29 | 04
#1416-d260 @A: 22 29 02 23 | 09
#1417-d260 @A: 12 35 01 04 | 10
#1418-d260 @A: 08 04 01 23 | 11
#1419-d260 @A: 01 24 23 32 | 03
#1420-d260 @A: 02 32 06 01 | 05
#1421-d260 @A: 24 01 35 33 | 01
#1422-d260 @A: 13 33 01 17 | 06
#1423-d260 @A: 01 33 02 25 | 12
#1424-d260 @A: 24 26 01 12 | 08
#1425-d260 @A: 31 01 07 24 | 07
#1426-d260 @A: 20 01 06 14 | 02
#1427-d260 @A: 15 01 21 05 | 04
#1428-d260 @A: 18 06 25 01 | 09
#1429-d260 @A: 15 20 01 26 | 10
#1430-d260 @A: 34 11 01 03 | 11
#1431-d260 @A: 13 12 01 10 | 03
#1432-d260 @A: 12 19 15 01 | 05
#1433-d260 @A: 32 07 04 03 | 01
#1434-d260 @A: 21 34 32 04 | 06
#1435-d260 @A: 19 09 33 04 | 12
#1436-d260 @A: 04 10 24 25 | 08
#1437-d260 @A: 17 07 04 06 | 07
#1438-d260 @A: 21 17 09 04 | 02
#1439-d260 @A: 35 28 14 04 | 04
#1440-d260 @A: 14 15 13 04 | 09
#1441-d260 @A: 28 05 19 04 | 10
#1442-d260 @A: 04 28 26 20 | 11
#1443-d260 @A: 03 20 13 04 | 03
#1444-d260 @A: 04 02 19 11 | 05
#1445-d260 @A: 04 21 25 28 | 01
#1446-d260 @A: 04 25 09 08 | 06
#1447-d260 @A: 07 04 35 16 | 12
#1448-d260 @A: 21 04 07 30 | 08
#1449-d260 @A: 24 32 02 33 | 07
#1450-d260 @A: 32 35 17 21 | 02
#1451-d260 @A: 12 17 32 13 | 04
#1452-d260 @A: 19 32 05 14 | 09
#1453-d260 @A: 21 32 05 06 | 10
#1454-d260 @A: 11 05 32 34 | 11
#1455-d260 @A: 20 08 32 05 | 03
#1456-d260 @A: 30 26 32 06 | 05
#1457-d260 @A: 20 09 32 11 | 01
#1458-d260 @A: 32 15 25 28 | 06
#1459-d260 @A: 32 28 19 31 | 12
#1460-d260 @A: 32 20 34 22 | 08
#1461-d260 @A: 19 32 21 20 | 07
#1462-d260 @A: 16 22 08 32 | 02
#1463-d260 @A: 19 13 22 32 | 04
#1464-d260 @A: 24 33 25 23 | 09
#1465-d260 @A: 28 06 33 14 | 10
#1466-d260 @A: 33 14 20 03 | 11
#1467-d260 @A: 06 02 33 09 | 03
#1468-d260 @A: 08 03 33 25 | 05
#1469-d260 @A: 03 33 28 34 | 01
#1470-d260 @A: 03 33 31 22 | 06
#1471-d260 @A: 13 11 28 33 | 12
#1472-d260 @A: 11 33 09 12 | 08
#1473-d260 @A: 31 25 33 18 | 07
#1474-d260 @A: 33 21 02 22 | 02
#1475-d260 @A: 35 33 02 12 | 04
#1476-d260 @A: 23 08 21 33 | 09
#1477-d260 @A: 14 24 31 18 | 10
#1478-d260 @A: 12 24 35 23 | 11
#1479-d260 @A: 15 24 12 30 | 03
#1480-d260 @A: 24 15 08 07 | 05
#1481-d260 @A: 34 08 24 18 | 01
#1482-d260 @A: 24 10 30 21 | 06
#1483-d260 @A: 23 24 18 15 | 12
#1484-d260 @A: 14 17 25 23 | 08
#1485-d260 @A: 34 14 31 17 | 07
#1486-d260 @A: 06 30 17 25 | 02
#1487-d260 @A: 30 03 17 22 | 04
#1488-d260 @A: 22 34 17 28 | 09
#1489-d260 @A: 35 18 17 13 | 10
#1490-d260 @A: 17 12 19 07 | 11
#1491-d260 @A: 12 17 34 16 | 03
#1492-d260 @A: 34 18 06 14 | 05
#1493-d260 @A: 14 07 31 26 | 01
#1494-d260 @A: 11 10 31 14 | 06
#1495-d260 @A: 31 28 14 08 | 12
#1496-d260 @A: 12 14 28 22 | 08
#1497-d260 @A: 16 14 35 20 | 07
#1498-d260 @A: 35 22 14 13 | 02
#1499-d260 @A: 22 30 14 10 | 04
#1500-d260 @A: 02 05 26 06 | 09
#1501-d260 @A: 05 03 30 26 | 10
#1502-d260 @A: 25 26 12 05 | 11
#1503-d260 @A: 26 05 25 13 | 03
#1504-d260 @A: 26 05 28 22 | 05
#1505-d260 @A: 03 12 22 05 | 01
#1506-d260 @A: 35 18 09 05 | 06
#1507-d260 @A: 35 05 23 21 | 12
#1508-d260 @A: 28 26 06 23 | 08
#1509-d260 @A: 13 26 16 06 | 07
#1510-d260 @A: 03 16 11 06 | 02
#1511-d260 @A: 18 03 30 06 | 04
#1512-d260 @A: 07 06 11 09 | 09
#1513-d260 @A: 11 13 06 19 | 10
#1514-d260 @A: 10 06 34 16 | 11
#1515-d260 @A: 06 16 30 19 | 03
#1516-d260 @A: 26 11 21 03 | 05
#1517-d260 @A: 12 26 03 09 | 01
#1518-d260 @A: 02 21 20 26 | 06
#1519-d260 @A: 30 26 34 35 | 12
#1520-d260 @A: 19 08 26 18 | 08
#1521-d260 @A: 03 15 07 09 | 07
#1522-d260 @A: 02 03 20 12 | 02
#1523-d260 @A: 19 20 30 03 | 04
#1524-d260 @A: 03 10 35 22 | 09
#1525-d260 @A: 11 31 28 07 | 10
#1526-d260 @A: 11 22 35 08 | 11
#1527-d260 @A: 20 13 15 25 | 03
#1528-d260 @A: 22 07 19 25 | 05
#1529-d260 @A: 23 25 35 08 | 01
#1530-d260 @A: 18 07 25 13 | 06
#1531-d260 @A: 10 28 07 20 | 12
#1532-d260 @A: 15 22 07 28 | 08
#1533-d260 @A: 20 30 09 31 | 07
#1534-d260 @A: 22 20 09 13 | 02
#1535-d260 @A: 09 30 12 18 | 04
#1536-d260 @A: 08 09 34 21 | 09
#1537-d260 @A: 15 20 16 31 | 10
#1538-d260 @A: 31 12 21 08 | 11
#1539-d260 @A: 19 31 02 07 | 03
#1540-d260 @A: 14 27 33 29 | 05
#1541-d260 @A: 22 27 01 04 | 01
#1542-d260 @A: 19 25 04 27 | 06
#1543-d260 @A: 32 18 26 27 | 12
#1544-d260 @A: 19 08 32 27 | 08
#1545-d260 @A: 20 27 06 24 | 07
#1546-d260 @A: 17 20 27 05 | 02
#1547-d260 @A: 31 27 09 14 | 04
#1548-d260 @A: 12 27 21 05 | 09
#1549-d260 @A: 31 13 27 06 | 10
#1550-d260 @A: 27 34 06 19 | 11
#1551-d260 @A: 16 27 12 22 | 03
#1552-d260 @A: 21 07 02 27 | 05
#1553-d260 @A: 27 23 02 13 | 01
#1554-d260 @A: 26 29 01 18 | 06
#1555-d260 @A: 32 29 19 09 | 12
#1556-d260 @A: 33 29 31 35 | 08
#1557-d260 @A: 12 29 15 33 | 07
#1558-d260 @A: 24 26 14 29 | 02
#1559-d260 @A: 25 29 24 16 | 04
#1560-d260 @A: 03 21 05 29 | 09
#1561-d260 @A: 06 31 21 29 | 10
#1562-d260 @A: 29 08 15 06 | 11
#1563-d260 @A: 29 26 16 15 | 03
#1564-d260 @A: 29 30 09 11 | 05
#1565-d260 @A: 12 13 11 29 | 01
#1566-d260 @A: 29 09 25 02 | 06
#1567-d260 @A: 25 35 30 29 | 12
#1568-d260 @A: 28 13 29 30 | 08
#1569-d260 @A: 10 22 31 29 | 07
#1570-d260 @A: 07 20 34 29 | 02
#1571-d260 @A: 29 21 30 23 | 04
#1572-d260 @A: 15 01 33 32 | 09
#1573-d260 @A: 32 18 01 09 | 10
#1574-d260 @A: 01 12 32 31 | 11
#1575-d260 @A: 24 06 01 08 | 03
#1576-d260 @A: 14 01 16 17 | 05
#1577-d260 @A: 18 17 05 01 | 01
#1578-d260 @A: 26 08 31 01 | 06
#1579-d260 @A: 02 07 26 01 | 12
#1580-d260 @A: 01 34 26 13 | 08
#1581-d260 @A: 01 19 03 28 | 07
#1582-d260 @A: 31 01 34 25 | 02
#1583-d260 @A: 20 34 01 02 | 04
#1584-d260 @A: 04 33 10 11 | 09
#1585-d260 @A: 23 33 04 28 | 10
#1586-d260 @A: 04 24 14 17 | 11
#1587-d260 @A: 28 13 24 04 | 03
#1588-d260 @A: 04 02 17 22 | 05
#1589-d260 @A: 09 07 05 04 | 01
#1590-d260 @A: 31 35 05 04 | 06
#1591-d260 @A: 31 04 18 06 | 12
#1592-d260 @A: 03 04 26 35 | 08
#1593-d260 @A: 11 35 09 04 | 07
#1594-d260 @A: 16 11 31 04 | 02
#1595-d260 @A: 20 04 23 07 | 04
#1596-d260 @A: 04 35 02 08 | 09
#1597-d260 @A: 04 08 16 30 | 10
#1598-d260 @A: 13 34 19 04 | 11
#1599-d260 @A: 06 12 33 32 | 03
#1600-d260 @A: 13 33 26 32 | 05
#1601-d260 @A: 28 32 20 33 | 01
#1602-d260 @A: 12 14 32 17 | 06
#1603-d260 @A: 25 14 32 34 | 12
#1604-d260 @A: 05 16 32 25 | 08
#1605-d260 @A: 08 23 11 32 | 07
#1606-d260 @A: 08 25 21 32 | 02
#1607-d260 @A: 32 12 09 07 | 04
#1608-d260 @A: 31 07 13 32 | 09
#1609-d260 @A: 23 22 18 32 | 10
#1610-d260 @A: 35 19 32 18 | 11
#1611-d260 @A: 23 30 34 32 | 03
#1612-d260 @A: 09 24 33 07 | 05
#1613-d260 @A: 33 26 17 23 | 01
#1614-d260 @A: 33 23 34 14 | 06
#1615-d260 @A: 06 03 15 33 | 12
#1616-d260 @A: 31 06 10 33 | 08
#1617-d260 @A: 06 22 18 33 | 07
#1618-d260 @A: 03 21 16 33 | 02
#1619-d260 @A: 23 31 33 11 | 04
#1620-d260 @A: 21 09 25 33 | 09
#1621-d260 @A: 13 19 33 25 | 10
#1622-d260 @A: 28 18 33 12 | 11
#1623-d260 @A: 02 08 28 33 | 03
#1624-d260 @A: 13 31 08 33 | 05
#1625-d260 @A: 23 24 03 14 | 01
#1626-d260 @A: 14 16 15 24 | 06
#1627-d260 @A: 24 34 26 03 | 12
#1628-d260 @A: 26 02 24 19 | 08
#1629-d260 @A: 03 20 11 24 | 07
#1630-d260 @A: 03 31 21 24 | 02
#1631-d260 @A: 24 31 23 28 | 04
#1632-d260 @A: 28 21 07 24 | 09
#1633-d260 @A: 13 24 09 18 | 10
#1634-d260 @A: 28 14 15 17 | 11
#1635-d260 @A: 14 17 20 13 | 03
#1636-d260 @A: 03 17 28 23 | 05
#1637-d260 @A: 03 15 19 17 | 01
#1638-d260 @A: 17 35 22 16 | 06
#1639-d260 @A: 22 17 10 18 | 12
#1640-d260 @A: 10 02 17 15 | 08
#1641-d260 @A: 17 10 13 16 | 07
#1642-d260 @A: 14 22 26 11 | 02
#1643-d260 @A: 13 08 03 14 | 04
#1644-d260 @A: 08 25 14 11 | 09
#1645-d260 @A: 30 14 08 09 | 10
#1646-d260 @A: 14 18 10 35 | 11
#1647-d260 @A: 21 12 07 14 | 03
#1648-d260 @A: 07 12 14 13 | 05
#1649-d260 @A: 34 14 15 08 | 01
#1650-d260 @A: 02 30 13 14 | 06
#1651-d260 @A: 13 05 09 06 | 12
#1652-d260 @A: 31 26 05 20 | 08
#1653-d260 @A: 09 10 11 05 | 07
#1654-d260 @A: 31 21 25 05 | 02
#1655-d260 @A: 16 31 28 05 | 04
#1656-d260 @A: 22 05 10 19 | 09
#1657-d260 @A: 10 30 05 35 | 10
#1658-d260 @A: 15 05 07 12 | 11
#1659-d260 @A: 10 07 05 21 | 03
#1660-d260 @A: 06 25 08 31 | 05
#1661-d260 @A: 23 06 02 31 | 01
#1662-d260 @A: 26 10 16 35 | 06
#1663-d260 @A: 26 02 16 12 | 12
#1664-d260 @A: 26 18 30 16 | 08
#1665-d260 @A: 02 15 26 30 | 07
#1666-d260 @A: 18 02 11 03 | 02
#1667-d260 @A: 30 09 03 28 | 04
#1668-d260 @A: 18 07 12 03 | 09
#1669-d260 @A: 03 02 08 15 | 10
#1670-d260 @A: 25 11 20 28 | 11
#1671-d260 @A: 11 25 09 31 | 03
#1672-d260 @A: 11 35 07 13 | 05
#1673-d260 @A: 30 21 11 35 | 01
#1674-d260 @A: 30 11 16 13 | 06
#1675-d260 @A: 20 25 21 15 | 12
#1676-d260 @A: 25 18 10 12 | 08
#1677-d260 @A: 07 02 23 25 | 07
#1678-d260 @A: 23 13 08 25 | 02
#1679-d260 @A: 18 30 21 25 | 04
#1680-d260 @A: 08 23 28 20 | 09
#1681-d260 @A: 22 28 23 35 | 10
#1682-d260 @A: 10 02 28 22 | 11
#1683-d260 @A: 35 28 18 02 | 03
#1684-d260 @A: 16 12 28 21 | 05
#1685-d260 @A: 07 23 28 16 | 01
#1686-d260 @A: 12 23 22 09 | 06
#1687-d260 @A: 18 15 09 22 | 12
#1688-d260 @A: 30 15 10 09 | 08
#1689-d260 @A: 23 15 31 22 | 07
