#0001-d278 @A: 07 04 11 03 | 02
#0002-d278 @A: 27 32 07 03 | 09
#0003-d278 @A: 13 07 21 31 | 03
#0004-d278 @A: 04 32 07 29 | 04
#0005-d278 @A: 28 29 12 07 | 07
#0006-d278 @A: 26 15 07 18 | 06
#0007-d278 @A: 30 08 07 18 | 11
#0008-d278 @A: 24 22 20 07 | 01
#0009-d278 @A: 07 23 20 26 | 12
#0010-d278 @A: 27 07 21 16 | 08
#0011-d278 @A: 33 09 07 14 | 05
#0012-d278 @A: 07 23 31 14 | 10
#0013-d278 @A: 07 12 16 09 | 02
#0014-d278 @A: 07 09 15 02 | 09
#0015-d278 @A: 19 10 07 05 | 03
#0016-d278 @A: 23 31 19 07 | 04
#0017-d278 @A: 30 15 01 07 | 07
#0018-d278 @A: 24 35 03 13 | 06
#0019-d278 @A: 19 03 10 13 | 11
#0020-d278 @A: 16 25 03 32 | 01
#0021-d278 @A: 31 25 03 10 | 12
#0022-d278 @A: 03 10 06 32 | 08
#0023-d278 @A: 22 11 03 28 | 05
#0024-d278 @A: 03 30 17 34 | 10
#0025-d278 @A: 20 17 16 03 | 02
#0026-d278 @A: 18 14 32 03 | 09
#0027-d278 @A: 09 03 22 27 | 03
#0028-d278 @A: 15 20 29 03 | 04
#0029-d278 @A: 26 24 03 01 | 07
#0030-d278 @A: 03 02 35 32 | 06
#0031-d278 @A: 12 33 32 03 | 11
#0032-d278 @A: 23 05 03 12 | 01
#0033-d278 @A: 13 23 06 01 | 12
#0034-d278 @A: 10 13 20 28 | 08
#0035-d278 @A: 11 29 13 17 | 05
#0036-d278 @A: 20 05 11 13 | 10
#0037-d278 @A: 26 34 08 13 | 02
#0038-d278 @A: 13 34 35 14 | 09
#0039-d278 @A: 13 26 18 24 | 03
#0040-d278 @A: 13 26 22 29 | 04
#0041-d278 @A: 13 20 24 14 | 07
#0042-d278 @A: 26 02 13 35 | 06
#0043-d278 @A: 26 13 01 14 | 11
#0044-d278 @A: 35 05 32 13 | 01
#0045-d278 @A: 31 13 16 09 | 12
#0046-d278 @A: 30 08 13 12 | 08
#0047-d278 @A: 13 05 02 31 | 05
#0048-d278 @A: 27 15 16 13 | 10
#0049-d278 @A: 30 02 13 10 | 02
#0050-d278 @A: 08 28 25 06 | 09
#0051-d278 @A: 02 04 11 25 | 03
#0052-d278 @A: 01 11 25 33 | 04
#0053-d278 @A: 27 34 22 25 | 07
#0054-d278 @A: 25 01 34 21 | 06
#0055-d278 @A: 12 35 25 34 | 11
#0056-d278 @A: 05 21 25 18 | 01
#0057-d278 @A: 19 14 25 20 | 12
#0058-d278 @A: 25 01 02 26 | 08
#0059-d278 @A: 02 25 30 14 | 05
#0060-d278 @A: 05 27 25 09 | 10
#0061-d278 @A: 04 34 08 06 | 02
#0062-d278 @A: 06 04 14 21 | 09
#0063-d278 @A: 06 20 28 05 | 03
#0064-d278 @A: 19 06 28 23 | 04
#0065-d278 @A: 15 06 01 28 | 07
#0066-d278 @A: 05 19 17 06 | 06
#0067-d278 @A: 34 06 32 29 | 11
#0068-d278 @A: 20 16 06 18 | 01
#0069-d278 @A: 20 06 31 33 | 12
#0070-d278 @A: 06 15 32 09 | 08
#0071-d278 @A: 06 27 31 32 | 05
#0072-d278 @A: 23 06 08 02 | 10
#0073-d278 @A: 28 04 19 11 | 02
#0074-d278 @A: 17 24 04 22 | 09
#0075-d278 @A: 04 34 02 20 | 03
#0076-d278 @A: 34 21 04 15 | 04
#0077-d278 @A: 18 04 19 05 | 07
#0078-d278 @A: 29 12 04 22 | 06
#0079-d278 @A: 20 30 04 19 | 11
#0080-d278 @A: 26 24 33 04 | 01
#0081-d278 @A: 04 32 30 09 | 12
#0082-d278 @A: 19 32 04 01 | 08
#0083-d278 @A: 08 04 21 12 | 05
#0084-d278 @A: 16 23 04 10 | 10
#0085-d278 @A: 28 24 26 17 | 02
#0086-d278 @A: 20 28 24 11 | 09
#0087-d278 @A: 10 28 34 22 | 03
#0088-d278 @A: 35 19 10 28 | 04
#0089-d278 @A: 08 23 16 28 | 07
#0090-d278 @A: 28 08 10 15 | 06
#0091-d278 @A: 28 15 05 30 | 11
#0092-d278 @A: 10 23 12 28 | 01
#0093-d278 @A: 12 01 24 28 | 12
#0094-d278 @A: 02 24 28 27 | 08
#0095-d278 @A: 24 16 28 29 | 05
#0096-d278 @A: 33 17 34 02 | 10
#0097-d278 @A: 17 21 24 20 | 02
#0098-d278 @A: 35 20 33 17 | 09
#0099-d278 @A: 17 15 26 05 | 03
#0100-d278 @A: 33 17 32 14 | 04
#0101-d278 @A: 19 17 15 32 | 07
#0102-d278 @A: 17 16 01 08 | 06
#0103-d278 @A: 12 05 01 17 | 11
#0104-d278 @A: 17 01 23 24 | 01
#0105-d278 @A: 23 27 16 17 | 12
#0106-d278 @A: 10 16 17 15 | 08
#0107-d278 @A: 11 10 16 18 | 05
#0108-d278 @A: 21 19 22 11 | 10
#0109-d278 @A: 33 11 12 22 | 02
#0110-d278 @A: 16 11 21 26 | 09
#0111-d278 @A: 11 09 32 35 | 03
#0112-d278 @A: 15 31 11 35 | 04
#0113-d278 @A: 08 16 27 11 | 07
#0114-d278 @A: 18 20 34 24 | 06
#0115-d278 @A: 33 14 22 34 | 11
#0116-d278 @A: 31 32 09 34 | 01
#0117-d278 @A: 34 21 01 19 | 12
#0118-d278 @A: 14 09 08 34 | 08
#0119-d278 @A: 34 12 31 02 | 05
#0120-d278 @A: 34 10 31 15 | 10
#0121-d278 @A: 19 34 30 10 | 02
#0122-d278 @A: 19 02 27 34 | 09
#0123-d278 @A: 32 09 18 08 | 03
#0124-d278 @A: 14 08 18 01 | 04
#0125-d278 @A: 09 31 23 18 | 07
#0126-d278 @A: 15 18 02 08 | 06
#0127-d278 @A: 32 22 26 01 | 11
#0128-d278 @A: 22 10 33 26 | 01
#0129-d278 @A: 05 21 33 22 | 12
#0130-d278 @A: 22 09 14 23 | 08
#0131-d278 @A: 20 26 08 21 | 05
#0132-d278 @A: 12 35 20 30 | 10
#0133-d278 @A: 24 29 20 09 | 02
#0134-d278 @A: 20 23 12 31 | 09
#0135-d278 @A: 26 27 32 23 | 03
#0136-d278 @A: 05 16 26 12 | 04
#0137-d278 @A: 29 15 26 02 | 07
#0138-d278 @A: 32 12 05 08 | 06
#0139-d278 @A: 32 19 10 12 | 11
#0140-d278 @A: 31 29 32 02 | 01
#0141-d278 @A: 27 08 21 30 | 12
#0142-d278 @A: 29 30 31 21 | 08
#0143-d278 @A: 31 35 02 33 | 05
#0144-d278 @A: 29 33 35 16 | 10
#0145-d278 @A: 10 14 35 16 | 02
#0146-d278 @A: 35 05 27 30 | 09
#0147-d278 @A: 31 01 33 09 | 03
#0148-d278 @A: 09 16 19 24 | 04
#0149-d278 @A: 24 19 30 05 | 07
#0150-d278 @A: 02 19 23 10 | 06
#0151-d278 @A: 13 02 03 07 | 11
#0152-d278 @A: 07 05 04 13 | 01
#0153-d278 @A: 13 33 30 07 | 12
#0154-d278 @A: 14 25 07 26 | 08
#0155-d278 @A: 30 07 34 06 | 05
#0156-d278 @A: 07 10 22 06 | 10
#0157-d278 @A: 27 07 08 04 | 02
#0158-d278 @A: 07 16 33 28 | 09
#0159-d278 @A: 11 17 27 07 | 03
#0160-d278 @A: 22 07 17 02 | 04
#0161-d278 @A: 07 09 11 20 | 07
#0162-d278 @A: 19 07 34 05 | 06
#0163-d278 @A: 07 16 01 18 | 11
#0164-d278 @A: 32 07 12 35 | 01
#0165-d278 @A: 23 16 30 07 | 12
#0166-d278 @A: 18 03 16 13 | 08
#0167-d278 @A: 13 03 27 21 | 05
#0168-d278 @A: 14 04 26 03 | 10
#0169-d278 @A: 05 04 03 30 | 02
#0170-d278 @A: 28 03 32 29 | 09
#0171-d278 @A: 03 01 28 33 | 03
#0172-d278 @A: 18 03 29 17 | 04
#0173-d278 @A: 03 29 11 26 | 07
#0174-d278 @A: 34 10 18 03 | 06
#0175-d278 @A: 34 03 19 16 | 11
#0176-d278 @A: 03 22 01 16 | 01
#0177-d278 @A: 15 35 03 26 | 12
#0178-d278 @A: 05 03 26 19 | 08
#0179-d278 @A: 32 03 29 19 | 05
#0180-d278 @A: 21 03 29 08 | 10
#0181-d278 @A: 10 09 12 03 | 02
#0182-d278 @A: 11 27 13 25 | 09
#0183-d278 @A: 21 13 25 12 | 03
#0184-d278 @A: 13 11 01 04 | 04
#0185-d278 @A: 04 13 02 32 | 07
#0186-d278 @A: 04 12 13 24 | 06
#0187-d278 @A: 27 02 17 13 | 11
#0188-d278 @A: 22 24 11 13 | 01
#0189-d278 @A: 18 05 34 13 | 12
#0190-d278 @A: 22 16 34 13 | 08
#0191-d278 @A: 20 31 13 27 | 05
#0192-d278 @A: 32 13 24 21 | 10
#0193-d278 @A: 33 08 10 13 | 02
#0194-d278 @A: 10 09 14 13 | 09
#0195-d278 @A: 01 31 13 15 | 03
#0196-d278 @A: 06 09 01 25 | 04
#0197-d278 @A: 25 09 04 22 | 07
#0198-d278 @A: 24 25 35 11 | 06
#0199-d278 @A: 26 25 30 18 | 11
#0200-d278 @A: 25 33 22 16 | 01
#0201-d278 @A: 27 23 20 25 | 12
#0202-d278 @A: 33 09 25 32 | 08
#0203-d278 @A: 01 10 05 25 | 05
#0204-d278 @A: 05 25 30 16 | 10
#0205-d278 @A: 30 12 25 10 | 02
#0206-d278 @A: 29 15 25 31 | 09
#0207-d278 @A: 04 06 16 33 | 03
#0208-d278 @A: 06 11 28 26 | 04
#0209-d278 @A: 21 06 10 28 | 07
#0210-d278 @A: 06 17 20 32 | 06
#0211-d278 @A: 34 22 24 06 | 11
#0212-d278 @A: 31 06 14 34 | 01
#0213-d278 @A: 06 08 33 18 | 12
#0214-d278 @A: 22 35 06 02 | 08
#0215-d278 @A: 06 26 12 32 | 05
#0216-d278 @A: 21 06 08 15 | 10
#0217-d278 @A: 30 12 33 06 | 02
#0218-d278 @A: 06 31 16 05 | 09
#0219-d278 @A: 28 31 04 11 | 03
#0220-d278 @A: 18 22 04 28 | 04
#0221-d278 @A: 04 30 34 33 | 07
#0222-d278 @A: 04 19 09 34 | 06
#0223-d278 @A: 14 04 29 18 | 11
#0224-d278 @A: 04 10 05 21 | 01
#0225-d278 @A: 19 33 31 04 | 12
#0226-d278 @A: 15 27 04 14 | 08
#0227-d278 @A: 24 04 02 14 | 05
#0228-d278 @A: 08 24 29 04 | 10
#0229-d278 @A: 27 04 31 24 | 02
#0230-d278 @A: 04 10 19 27 | 09
#0231-d278 @A: 28 17 20 31 | 03
#0232-d278 @A: 33 10 28 11 | 04
#0233-d278 @A: 08 28 34 21 | 07
#0234-d278 @A: 35 28 34 02 | 06
#0235-d278 @A: 28 32 22 31 | 11
#0236-d278 @A: 26 28 33 02 | 01
#0237-d278 @A: 23 33 28 31 | 12
#0238-d278 @A: 16 02 09 28 | 08
#0239-d278 @A: 29 01 19 28 | 05
#0240-d278 @A: 35 17 11 02 | 10
#0241-d278 @A: 34 17 32 01 | 02
#0242-d278 @A: 21 17 34 12 | 09
#0243-d278 @A: 35 32 23 17 | 03
#0244-d278 @A: 02 32 08 17 | 04
#0245-d278 @A: 17 14 08 24 | 07
#0246-d278 @A: 29 27 17 12 | 06
#0247-d278 @A: 10 31 17 27 | 11
#0248-d278 @A: 17 02 30 23 | 01
#0249-d278 @A: 30 01 17 19 | 12
#0250-d278 @A: 16 11 20 34 | 08
#0251-d278 @A: 32 08 34 11 | 05
#0252-d278 @A: 22 11 16 35 | 10
#0253-d278 @A: 23 35 11 20 | 02
#0254-d278 @A: 05 11 19 12 | 09
#0255-d278 @A: 34 21 20 14 | 03
#0256-d278 @A: 26 31 34 33 | 04
#0257-d278 @A: 34 14 27 26 | 07
#0258-d278 @A: 27 21 35 34 | 06
#0259-d278 @A: 34 09 15 30 | 11
#0260-d278 @A: 18 22 29 32 | 01
#0261-d278 @A: 18 01 09 21 | 12
#0262-d278 @A: 12 18 23 01 | 08
#0263-d278 @A: 18 24 10 12 | 05
#0264-d278 @A: 18 31 29 27 | 10
#0265-d278 @A: 15 01 18 29 | 02
#0266-d278 @A: 02 20 33 22 | 09
#0267-d278 @A: 22 27 05 08 | 03
#0268-d278 @A: 22 30 15 02 | 04
#0269-d278 @A: 19 15 20 08 | 07
#0270-d278 @A: 27 01 21 26 | 06
#0271-d278 @A: 01 26 23 08 | 11
#0272-d278 @A: 01 29 26 05 | 01
#0273-d278 @A: 27 02 32 05 | 12
#0274-d278 @A: 02 15 16 32 | 08
#0275-d278 @A: 15 12 21 01 | 05
#0276-d278 @A: 23 21 15 31 | 10
#0277-d278 @A: 24 21 10 01 | 02
#0278-d278 @A: 33 35 23 24 | 09
#0279-d278 @A: 09 02 29 35 | 03
#0280-d278 @A: 35 05 10 15 | 04
#0281-d278 @A: 24 31 10 35 | 07
#0282-d278 @A: 15 02 35 01 | 06
#0283-d278 @A: 09 33 29 12 | 11
#0284-d278 @A: 33 02 29 10 | 01
#0285-d278 @A: 19 09 07 03 | 12
#0286-d278 @A: 28 15 25 07 | 08
#0287-d278 @A: 07 25 08 17 | 05
#0288-d278 @A: 02 25 07 34 | 10
#0289-d278 @A: 25 07 32 01 | 02
#0290-d278 @A: 07 29 06 17 | 09
#0291-d278 @A: 04 28 21 07 | 03
#0292-d278 @A: 19 07 12 17 | 04
#0293-d278 @A: 07 24 18 11 | 07
#0294-d278 @A: 19 33 07 18 | 06
#0295-d278 @A: 09 35 22 07 | 11
#0296-d278 @A: 05 20 21 07 | 01
#0297-d278 @A: 35 32 19 07 | 12
#0298-d278 @A: 32 07 31 10 | 08
#0299-d278 @A: 07 01 21 35 | 05
#0300-d278 @A: 15 07 31 27 | 10
#0301-d278 @A: 13 29 33 03 | 02
#0302-d278 @A: 20 03 25 04 | 09
#0303-d278 @A: 11 03 05 25 | 03
#0304-d278 @A: 04 33 03 08 | 04
#0305-d278 @A: 35 03 34 31 | 07
#0306-d278 @A: 01 03 20 18 | 06
#0307-d278 @A: 03 26 02 18 | 11
#0308-d278 @A: 03 18 30 31 | 01
#0309-d278 @A: 35 22 03 33 | 12
#0310-d278 @A: 01 29 03 09 | 08
#0311-d278 @A: 08 31 03 16 | 05
#0312-d278 @A: 16 05 24 03 | 10
#0313-d278 @A: 31 24 03 23 | 02
#0314-d278 @A: 16 21 06 13 | 09
#0315-d278 @A: 27 18 13 04 | 03
#0316-d278 @A: 13 09 28 11 | 04
#0317-d278 @A: 28 35 13 27 | 07
#0318-d278 @A: 34 13 23 11 | 06
#0319-d278 @A: 18 01 33 13 | 11
#0320-d278 @A: 13 29 21 15 | 01
#0321-d278 @A: 30 19 13 21 | 12
#0322-d278 @A: 28 25 11 17 | 08
#0323-d278 @A: 26 25 28 12 | 05
#0324-d278 @A: 25 17 35 27 | 10
#0325-d278 @A: 21 25 11 08 | 02
#0326-d278 @A: 34 23 25 18 | 09
#0327-d278 @A: 20 10 25 34 | 03
#0328-d278 @A: 34 24 25 30 | 04
#0329-d278 @A: 31 18 25 16 | 07
#0330-d278 @A: 02 22 32 25 | 06
#0331-d278 @A: 32 25 26 20 | 11
#0332-d278 @A: 20 25 31 09 | 01
#0333-d278 @A: 31 35 25 32 | 12
#0334-d278 @A: 24 12 25 14 | 08
#0335-d278 @A: 02 24 05 25 | 05
#0336-d278 @A: 25 01 19 16 | 10
#0337-d278 @A: 35 09 06 04 | 02
#0338-d278 @A: 15 11 20 06 | 09
#0339-d278 @A: 06 29 35 11 | 03
#0340-d278 @A: 26 06 19 34 | 04
#0341-d278 @A: 34 35 33 06 | 07
#0342-d278 @A: 06 18 01 32 | 06
#0343-d278 @A: 18 19 06 24 | 11
#0344-d278 @A: 35 32 24 06 | 01
#0345-d278 @A: 02 06 33 32 | 12
#0346-d278 @A: 09 29 06 31 | 08
#0347-d278 @A: 01 06 02 05 | 05
#0348-d278 @A: 05 06 30 10 | 10
#0349-d278 @A: 31 12 15 06 | 02
#0350-d278 @A: 12 23 06 24 | 09
#0351-d278 @A: 30 06 23 31 | 03
#0352-d278 @A: 30 06 10 19 | 04
#0353-d278 @A: 19 29 04 11 | 07
#0354-d278 @A: 35 04 24 34 | 06
#0355-d278 @A: 26 20 12 04 | 11
#0356-d278 @A: 20 16 21 04 | 01
#0357-d278 @A: 15 04 14 19 | 12
#0358-d278 @A: 10 14 30 04 | 08
#0359-d278 @A: 04 09 15 12 | 05
#0360-d278 @A: 04 02 01 16 | 10
#0361-d278 @A: 15 10 04 24 | 02
#0362-d278 @A: 02 30 29 04 | 09
#0363-d278 @A: 28 35 17 15 | 03
#0364-d278 @A: 28 11 35 08 | 04
#0365-d278 @A: 01 28 18 34 | 07
#0366-d278 @A: 34 30 28 26 | 06
#0367-d278 @A: 26 15 22 28 | 11
#0368-d278 @A: 28 26 21 29 | 01
#0369-d278 @A: 19 33 32 28 | 12
#0370-d278 @A: 24 28 14 15 | 08
#0371-d278 @A: 24 10 30 28 | 05
#0372-d278 @A: 19 28 16 30 | 10
#0373-d278 @A: 18 08 17 34 | 02
#0374-d278 @A: 21 16 09 17 | 09
#0375-d278 @A: 33 17 01 29 | 03
#0376-d278 @A: 19 17 33 16 | 04
#0377-d278 @A: 30 09 17 27 | 07
#0378-d278 @A: 17 29 05 16 | 06
#0379-d278 @A: 31 17 19 02 | 11
#0380-d278 @A: 02 32 11 18 | 01
#0381-d278 @A: 22 11 20 30 | 12
#0382-d278 @A: 32 11 10 22 | 08
#0383-d278 @A: 26 11 31 32 | 05
#0384-d278 @A: 14 21 11 35 | 10
#0385-d278 @A: 05 14 16 11 | 02
#0386-d278 @A: 11 24 23 14 | 09
#0387-d278 @A: 27 11 09 24 | 03
#0388-d278 @A: 22 18 34 02 | 04
#0389-d278 @A: 22 19 34 32 | 07
#0390-d278 @A: 30 34 20 32 | 06
#0391-d278 @A: 27 10 09 34 | 11
#0392-d278 @A: 12 34 29 16 | 01
#0393-d278 @A: 15 20 10 18 | 12
#0394-d278 @A: 12 35 26 18 | 08
#0395-d278 @A: 18 21 19 32 | 05
#0396-d278 @A: 24 35 18 27 | 10
#0397-d278 @A: 30 09 29 18 | 02
#0398-d278 @A: 08 18 10 27 | 09
#0399-d278 @A: 18 05 27 01 | 03
#0400-d278 @A: 19 15 30 18 | 04
#0401-d278 @A: 02 30 16 18 | 07
#0402-d278 @A: 18 19 02 16 | 06
#0403-d278 @A: 35 21 22 29 | 11
#0404-d278 @A: 12 14 01 22 | 01
#0405-d278 @A: 22 08 23 29 | 12
#0406-d278 @A: 12 10 22 27 | 08
#0407-d278 @A: 20 33 15 26 | 05
#0408-d278 @A: 31 26 05 20 | 10
#0409-d278 @A: 20 26 10 02 | 02
#0410-d278 @A: 20 33 32 01 | 09
#0411-d278 @A: 10 31 14 20 | 03
#0412-d278 @A: 14 20 23 16 | 04
#0413-d278 @A: 01 14 20 15 | 07
#0414-d278 @A: 26 33 16 08 | 06
#0415-d278 @A: 09 26 19 31 | 11
#0416-d278 @A: 01 12 32 09 | 01
#0417-d278 @A: 32 09 19 02 | 12
#0418-d278 @A: 21 02 33 14 | 08
#0419-d278 @A: 08 09 24 21 | 05
#0420-d278 @A: 35 27 09 33 | 10
#0421-d278 @A: 23 35 14 05 | 02
#0422-d278 @A: 24 08 35 15 | 09
#0423-d278 @A: 23 33 05 30 | 03
#0424-d278 @A: 33 19 02 05 | 04
#0425-d278 @A: 24 15 33 12 | 07
#0426-d278 @A: 05 27 14 19 | 06
#0427-d278 @A: 19 14 31 16 | 11
#0428-d278 @A: 05 24 08 19 | 01
#0429-d278 @A: 25 07 23 03 | 12
#0430-d278 @A: 25 07 22 05 | 08
#0431-d278 @A: 07 11 02 06 | 05
#0432-d278 @A: 20 06 07 14 | 10
#0433-d278 @A: 08 07 35 06 | 02
#0434-d278 @A: 07 06 31 01 | 09
#0435-d278 @A: 04 07 09 34 | 03
#0436-d278 @A: 17 09 07 26 | 04
#0437-d278 @A: 08 34 07 20 | 07
#0438-d278 @A: 22 07 26 30 | 06
#0439-d278 @A: 07 12 22 23 | 11
#0440-d278 @A: 32 07 24 33 | 01
#0441-d278 @A: 29 07 21 23 | 12
#0442-d278 @A: 34 03 09 25 | 08
#0443-d278 @A: 01 15 25 03 | 05
#0444-d278 @A: 31 28 03 06 | 10
#0445-d278 @A: 32 34 03 04 | 02
#0446-d278 @A: 28 03 12 15 | 09
#0447-d278 @A: 24 10 11 03 | 03
#0448-d278 @A: 02 16 11 03 | 04
#0449-d278 @A: 03 08 22 34 | 07
#0450-d278 @A: 03 33 16 34 | 06
#0451-d278 @A: 18 15 05 03 | 11
#0452-d278 @A: 02 03 30 12 | 01
#0453-d278 @A: 34 25 13 19 | 12
#0454-d278 @A: 29 25 13 18 | 08
#0455-d278 @A: 13 06 08 19 | 05
#0456-d278 @A: 09 04 26 13 | 10
#0457-d278 @A: 29 04 13 35 | 02
#0458-d278 @A: 28 15 34 13 | 09
#0459-d278 @A: 13 14 17 23 | 03
#0460-d278 @A: 11 13 32 19 | 04
#0461-d278 @A: 34 13 02 21 | 07
#0462-d278 @A: 18 32 10 13 | 06
#0463-d278 @A: 01 13 22 35 | 11
#0464-d278 @A: 13 23 33 20 | 01
#0465-d278 @A: 13 32 16 33 | 12
#0466-d278 @A: 19 13 33 35 | 08
#0467-d278 @A: 16 08 13 35 | 05
#0468-d278 @A: 13 23 09 30 | 10
#0469-d278 @A: 05 23 13 19 | 02
#0470-d278 @A: 13 19 02 01 | 09
#0471-d278 @A: 25 35 15 06 | 03
#0472-d278 @A: 23 25 33 06 | 04
#0473-d278 @A: 21 25 04 24 | 07
#0474-d278 @A: 17 29 32 25 | 06
#0475-d278 @A: 32 18 25 24 | 11
#0476-d278 @A: 21 25 26 31 | 01
#0477-d278 @A: 08 14 27 25 | 12
#0478-d278 @A: 15 06 04 17 | 08
#0479-d278 @A: 28 16 35 06 | 05
#0480-d278 @A: 21 17 31 06 | 10
#0481-d278 @A: 21 18 29 06 | 02
#0482-d278 @A: 06 21 32 30 | 09
#0483-d278 @A: 19 33 06 12 | 03
#0484-d278 @A: 08 29 06 05 | 04
#0485-d278 @A: 24 16 06 15 | 07
#0486-d278 @A: 17 04 09 28 | 06
#0487-d278 @A: 21 11 18 04 | 11
#0488-d278 @A: 34 04 18 12 | 01
#0489-d278 @A: 08 26 04 18 | 12
#0490-d278 @A: 04 22 16 05 | 08
#0491-d278 @A: 09 01 05 04 | 05
#0492-d278 @A: 10 08 04 31 | 10
#0493-d278 @A: 04 01 08 15 | 02
#0494-d278 @A: 04 12 31 05 | 09
#0495-d278 @A: 24 04 23 19 | 03
#0496-d278 @A: 17 18 10 28 | 04
#0497-d278 @A: 34 19 20 28 | 07
#0498-d278 @A: 28 34 05 33 | 06
#0499-d278 @A: 28 16 05 18 | 11
#0500-d278 @A: 35 24 22 28 | 01
#0501-d278 @A: 26 28 01 35 | 12
#0502-d278 @A: 26 28 02 19 | 08
#0503-d278 @A: 32 21 05 28 | 05
#0504-d278 @A: 28 15 21 16 | 10
#0505-d278 @A: 31 28 14 05 | 02
#0506-d278 @A: 28 09 30 08 | 09
#0507-d278 @A: 19 28 31 05 | 03
#0508-d278 @A: 17 10 20 11 | 04
#0509-d278 @A: 21 11 17 30 | 07
#0510-d278 @A: 26 22 08 17 | 06
#0511-d278 @A: 22 32 27 17 | 11
#0512-d278 @A: 14 09 01 17 | 01
#0513-d278 @A: 30 15 14 17 | 12
#0514-d278 @A: 17 08 29 09 | 08
#0515-d278 @A: 17 15 08 31 | 05
#0516-d278 @A: 16 30 17 12 | 10
#0517-d278 @A: 24 11 19 34 | 02
#0518-d278 @A: 27 18 22 11 | 09
#0519-d278 @A: 26 22 11 09 | 03
#0520-d278 @A: 20 26 01 11 | 04
#0521-d278 @A: 11 08 33 20 | 07
#0522-d278 @A: 10 01 15 11 | 06
#0523-d278 @A: 24 11 02 15 | 11
#0524-d278 @A: 18 31 21 34 | 01
#0525-d278 @A: 01 20 34 35 | 12
#0526-d278 @A: 05 20 34 09 | 08
#0527-d278 @A: 32 26 34 10 | 05
#0528-d278 @A: 26 34 24 15 | 10
#0529-d278 @A: 10 34 35 08 | 02
#0530-d278 @A: 16 01 34 14 | 09
#0531-d278 @A: 02 14 34 10 | 03
#0532-d278 @A: 24 34 05 31 | 04
#0533-d278 @A: 05 01 34 15 | 07
#0534-d278 @A: 23 12 34 27 | 06
#0535-d278 @A: 14 18 10 22 | 11
#0536-d278 @A: 20 14 18 35 | 01
#0537-d278 @A: 31 18 01 26 | 12
#0538-d278 @A: 10 22 19 20 | 08
#0539-d278 @A: 33 22 08 32 | 05
#0540-d278 @A: 27 22 35 15 | 10
#0541-d278 @A: 31 14 22 15 | 02
#0542-d278 @A: 22 27 14 02 | 09
#0543-d278 @A: 12 22 09 19 | 03
#0544-d278 @A: 15 16 22 08 | 04
#0545-d278 @A: 29 05 02 22 | 07
#0546-d278 @A: 35 20 15 21 | 06
#0547-d278 @A: 21 19 20 33 | 11
#0548-d278 @A: 30 31 20 02 | 01
#0549-d278 @A: 20 19 27 16 | 12
#0550-d278 @A: 09 05 26 30 | 08
#0551-d278 @A: 27 31 26 12 | 05
#0552-d278 @A: 15 31 26 30 | 10
#0553-d278 @A: 32 01 35 29 | 02
#0554-d278 @A: 09 32 16 27 | 09
#0555-d278 @A: 21 24 14 31 | 03
#0556-d278 @A: 21 08 31 05 | 04
#0557-d278 @A: 23 19 21 08 | 07
#0558-d278 @A: 21 31 16 01 | 06
#0559-d278 @A: 21 27 23 24 | 11
#0560-d278 @A: 30 01 21 02 | 01
#0561-d278 @A: 24 21 16 30 | 12
#0562-d278 @A: 02 29 21 16 | 08
#0563-d278 @A: 19 14 35 09 | 05
#0564-d278 @A: 15 35 23 19 | 10
#0565-d278 @A: 33 09 08 02 | 02
#0566-d278 @A: 14 19 29 12 | 09
#0567-d278 @A: 29 09 27 19 | 03
#0568-d278 @A: 10 31 01 19 | 04
#0569-d278 @A: 10 16 15 19 | 07
#0570-d278 @A: 13 07 35 23 | 06
#0571-d278 @A: 25 24 06 07 | 11
#0572-d278 @A: 16 25 07 20 | 01
#0573-d278 @A: 21 30 07 25 | 12
#0574-d278 @A: 15 04 35 07 | 08
#0575-d278 @A: 23 17 18 07 | 05
#0576-d278 @A: 07 17 12 20 | 10
#0577-d278 @A: 07 01 11 19 | 02
#0578-d278 @A: 10 30 11 07 | 09
#0579-d278 @A: 07 32 34 18 | 03
#0580-d278 @A: 05 07 35 18 | 04
#0581-d278 @A: 31 09 07 30 | 07
#0582-d278 @A: 21 25 17 03 | 06
#0583-d278 @A: 25 22 03 12 | 11
#0584-d278 @A: 14 03 06 17 | 01
#0585-d278 @A: 18 28 03 21 | 12
#0586-d278 @A: 09 03 18 11 | 08
#0587-d278 @A: 11 27 03 35 | 05
#0588-d278 @A: 33 14 11 03 | 10
#0589-d278 @A: 03 05 02 34 | 02
#0590-d278 @A: 35 03 18 23 | 09
#0591-d278 @A: 22 26 03 23 | 03
#0592-d278 @A: 19 20 03 01 | 04
#0593-d278 @A: 32 31 03 21 | 07
#0594-d278 @A: 03 32 08 15 | 06
#0595-d278 @A: 21 05 01 03 | 11
#0596-d278 @A: 19 15 03 21 | 01
#0597-d278 @A: 02 14 15 03 | 12
#0598-d278 @A: 08 03 12 27 | 08
#0599-d278 @A: 31 12 29 03 | 05
#0600-d278 @A: 10 13 04 25 | 10
#0601-d278 @A: 05 33 06 13 | 02
#0602-d278 @A: 13 14 21 28 | 09
#0603-d278 @A: 12 28 13 33 | 03
#0604-d278 @A: 20 08 17 13 | 04
#0605-d278 @A: 17 13 32 26 | 07
#0606-d278 @A: 17 13 35 31 | 06
#0607-d278 @A: 13 33 17 15 | 11
#0608-d278 @A: 30 13 11 26 | 01
#0609-d278 @A: 24 13 34 33 | 12
#0610-d278 @A: 16 22 19 13 | 08
#0611-d278 @A: 02 20 15 13 | 05
#0612-d278 @A: 21 13 30 35 | 10
#0613-d278 @A: 09 13 21 33 | 02
#0614-d278 @A: 14 13 27 05 | 09
#0615-d278 @A: 09 08 13 27 | 03
#0616-d278 @A: 01 13 02 09 | 04
#0617-d278 @A: 13 02 24 08 | 07
#0618-d278 @A: 30 01 05 13 | 06
#0619-d278 @A: 31 06 25 04 | 11
#0620-d278 @A: 22 25 26 24 | 01
#0621-d278 @A: 21 25 33 15 | 12
#0622-d278 @A: 15 25 09 08 | 08
#0623-d278 @A: 06 04 22 32 | 05
#0624-d278 @A: 06 33 17 10 | 10
#0625-d278 @A: 02 16 06 17 | 02
#0626-d278 @A: 34 06 15 02 | 09
#0627-d278 @A: 22 29 06 33 | 03
#0628-d278 @A: 06 14 32 23 | 04
#0629-d278 @A: 06 01 29 12 | 07
#0630-d278 @A: 06 27 30 24 | 06
#0631-d278 @A: 05 17 32 04 | 11
#0632-d278 @A: 04 33 18 23 | 01
#0633-d278 @A: 21 26 04 30 | 12
#0634-d278 @A: 04 31 35 23 | 08
#0635-d278 @A: 24 09 23 04 | 05
#0636-d278 @A: 04 12 10 02 | 10
#0637-d278 @A: 16 27 12 04 | 02
#0638-d278 @A: 29 04 16 31 | 09
#0639-d278 @A: 04 01 10 27 | 03
#0640-d278 @A: 08 18 28 29 | 04
#0641-d278 @A: 28 24 18 23 | 07
#0642-d278 @A: 32 28 10 35 | 06
#0643-d278 @A: 02 08 12 28 | 11
#0644-d278 @A: 23 30 01 28 | 01
#0645-d278 @A: 34 17 22 31 | 12
#0646-d278 @A: 17 10 09 23 | 08
#0647-d278 @A: 10 30 17 29 | 05
#0648-d278 @A: 19 11 27 18 | 10
#0649-d278 @A: 05 11 23 22 | 02
#0650-d278 @A: 33 26 11 23 | 09
#0651-d278 @A: 30 33 32 11 | 03
#0652-d278 @A: 31 21 11 33 | 04
#0653-d278 @A: 24 08 11 30 | 07
#0654-d278 @A: 12 11 29 23 | 06
#0655-d278 @A: 23 31 02 11 | 11
#0656-d278 @A: 27 01 11 02 | 01
#0657-d278 @A: 27 34 32 33 | 12
#0658-d278 @A: 29 34 21 33 | 08
#0659-d278 @A: 30 34 21 23 | 05
#0660-d278 @A: 34 19 29 33 | 10
#0661-d278 @A: 10 29 34 05 | 02
#0662-d278 @A: 20 33 18 05 | 09
#0663-d278 @A: 18 30 35 32 | 03
#0664-d278 @A: 33 18 16 21 | 04
#0665-d278 @A: 09 14 24 18 | 07
#0666-d278 @A: 30 18 27 12 | 06
#0667-d278 @A: 30 18 23 10 | 11
#0668-d278 @A: 22 27 20 26 | 01
#0669-d278 @A: 01 08 21 22 | 12
#0670-d278 @A: 19 23 22 33 | 08
#0671-d278 @A: 02 22 24 23 | 05
#0672-d278 @A: 01 19 22 24 | 10
#0673-d278 @A: 16 10 22 02 | 02
#0674-d278 @A: 20 21 32 02 | 09
#0675-d278 @A: 24 10 32 20 | 03
#0676-d278 @A: 35 05 20 19 | 04
#0677-d278 @A: 09 02 20 12 | 07
#0678-d278 @A: 12 08 20 15 | 06
#0679-d278 @A: 30 20 08 10 | 11
#0680-d278 @A: 05 20 12 10 | 01
#0681-d278 @A: 16 20 01 12 | 12
#0682-d278 @A: 20 31 15 16 | 08
#0683-d278 @A: 21 33 12 26 | 05
#0684-d278 @A: 30 35 26 16 | 10
#0685-d278 @A: 01 26 09 15 | 02
#0686-d278 @A: 27 08 26 15 | 09
#0687-d278 @A: 26 27 24 16 | 03
#0688-d278 @A: 32 14 27 30 | 04
#0689-d278 @A: 32 15 12 23 | 07
#0690-d278 @A: 12 32 24 02 | 06
#0691-d278 @A: 21 30 12 09 | 11
#0692-d278 @A: 09 21 27 31 | 01
#0693-d278 @A: 09 29 10 21 | 12
#0694-d278 @A: 14 24 01 35 | 08
#0695-d278 @A: 15 35 09 16 | 05
#0696-d278 @A: 14 33 31 08 | 10
#0697-d278 @A: 24 33 14 19 | 02
#0698-d278 @A: 05 33 16 09 | 09
#0699-d278 @A: 29 33 27 08 | 03
#0700-d278 @A: 33 05 31 27 | 04
#0701-d278 @A: 14 01 08 19 | 07
#0702-d278 @A: 19 12 30 27 | 06
#0703-d278 @A: 03 07 21 14 | 11
#0704-d278 @A: 03 35 29 07 | 01
#0705-d278 @A: 13 07 14 32 | 12
#0706-d278 @A: 15 07 25 19 | 08
#0707-d278 @A: 28 07 32 06 | 05
#0708-d278 @A: 04 07 14 22 | 10
#0709-d278 @A: 33 02 04 07 | 02
#0710-d278 @A: 31 28 26 07 | 09
#0711-d278 @A: 22 21 11 07 | 03
#0712-d278 @A: 34 10 07 21 | 04
#0713-d278 @A: 02 21 18 07 | 07
#0714-d278 @A: 07 29 22 31 | 06
#0715-d278 @A: 07 31 20 35 | 11
#0716-d278 @A: 07 01 26 33 | 01
#0717-d278 @A: 27 19 07 21 | 12
#0718-d278 @A: 07 14 08 05 | 08
#0719-d278 @A: 12 27 02 07 | 05
#0720-d278 @A: 31 03 26 13 | 10
#0721-d278 @A: 18 06 03 12 | 02
#0722-d278 @A: 06 35 03 01 | 09
#0723-d278 @A: 06 19 02 03 | 03
#0724-d278 @A: 04 17 03 02 | 04
#0725-d278 @A: 35 04 03 19 | 07
#0726-d278 @A: 17 10 26 03 | 06
#0727-d278 @A: 32 17 09 03 | 11
#0728-d278 @A: 11 19 23 03 | 01
#0729-d278 @A: 18 08 03 19 | 12
#0730-d278 @A: 05 08 03 09 | 08
#0731-d278 @A: 35 25 33 13 | 05
#0732-d278 @A: 13 25 31 24 | 10
#0733-d278 @A: 13 34 06 20 | 02
#0734-d278 @A: 08 13 06 32 | 09
#0735-d278 @A: 04 13 21 23 | 03
#0736-d278 @A: 13 18 30 17 | 04
#0737-d278 @A: 29 34 13 09 | 07
#0738-d278 @A: 30 13 34 27 | 06
#0739-d278 @A: 09 18 13 12 | 11
#0740-d278 @A: 22 30 13 14 | 01
#0741-d278 @A: 20 19 13 12 | 12
#0742-d278 @A: 21 26 05 13 | 08
#0743-d278 @A: 09 05 13 15 | 05
#0744-d278 @A: 16 13 24 01 | 10
#0745-d278 @A: 27 13 10 24 | 02
#0746-d278 @A: 06 25 12 20 | 09
#0747-d278 @A: 25 17 04 30 | 03
#0748-d278 @A: 28 25 31 34 | 04
#0749-d278 @A: 28 19 21 25 | 07
#0750-d278 @A: 25 15 23 17 | 06
#0751-d278 @A: 19 11 25 30 | 11
#0752-d278 @A: 18 33 10 25 | 01
#0753-d278 @A: 20 25 08 22 | 12
#0754-d278 @A: 25 29 26 33 | 08
#0755-d278 @A: 09 25 10 26 | 05
#0756-d278 @A: 14 23 01 25 | 10
#0757-d278 @A: 08 16 10 25 | 02
#0758-d278 @A: 05 31 25 23 | 09
#0759-d278 @A: 24 01 25 27 | 03
#0760-d278 @A: 25 24 29 10 | 04
#0761-d278 @A: 05 17 11 06 | 07
#0762-d278 @A: 11 06 34 01 | 06
#0763-d278 @A: 06 11 16 32 | 11
#0764-d278 @A: 21 22 06 26 | 01
#0765-d278 @A: 23 20 06 29 | 12
#0766-d278 @A: 24 06 31 26 | 08
#0767-d278 @A: 06 21 14 19 | 05
#0768-d278 @A: 12 35 06 05 | 10
#0769-d278 @A: 08 14 06 30 | 02
#0770-d278 @A: 09 06 19 01 | 09
#0771-d278 @A: 31 10 06 02 | 03
#0772-d278 @A: 16 29 06 10 | 04
#0773-d278 @A: 33 29 04 28 | 07
#0774-d278 @A: 28 30 27 04 | 06
#0775-d278 @A: 24 04 16 11 | 11
#0776-d278 @A: 04 34 23 22 | 01
#0777-d278 @A: 04 08 22 30 | 12
#0778-d278 @A: 09 33 04 20 | 08
#0779-d278 @A: 04 14 32 12 | 05
#0780-d278 @A: 02 09 04 27 | 10
#0781-d278 @A: 27 23 05 04 | 02
#0782-d278 @A: 04 01 29 23 | 09
#0783-d278 @A: 08 33 28 17 | 03
#0784-d278 @A: 11 15 28 18 | 04
#0785-d278 @A: 02 28 11 21 | 07
#0786-d278 @A: 05 28 26 27 | 06
#0787-d278 @A: 35 31 21 28 | 11
#0788-d278 @A: 09 27 28 14 | 01
#0789-d278 @A: 17 32 24 11 | 12
#0790-d278 @A: 17 27 34 19 | 08
#0791-d278 @A: 17 14 21 18 | 05
#0792-d278 @A: 35 16 17 18 | 10
#0793-d278 @A: 20 29 17 22 | 02
#0794-d278 @A: 27 17 33 21 | 09
#0795-d278 @A: 17 19 09 21 | 03
#0796-d278 @A: 31 05 09 17 | 04
#0797-d278 @A: 11 12 21 20 | 07
#0798-d278 @A: 21 23 11 01 | 06
#0799-d278 @A: 10 19 33 11 | 11
#0800-d278 @A: 09 11 02 14 | 01
#0801-d278 @A: 27 31 14 11 | 12
#0802-d278 @A: 31 16 30 11 | 08
#0803-d278 @A: 34 35 18 29 | 05
#0804-d278 @A: 22 34 21 09 | 10
#0805-d278 @A: 34 30 35 22 | 02
#0806-d278 @A: 32 02 23 34 | 09
#0807-d278 @A: 15 12 14 34 | 03
#0808-d278 @A: 08 34 16 05 | 04
#0809-d278 @A: 24 10 23 34 | 07
#0810-d278 @A: 02 18 24 33 | 06
#0811-d278 @A: 31 19 18 12 | 11
#0812-d278 @A: 01 22 05 24 | 01
#0813-d278 @A: 12 30 22 24 | 12
#0814-d278 @A: 27 01 29 22 | 08
#0815-d278 @A: 35 26 20 24 | 05
#0816-d278 @A: 16 20 32 35 | 10
#0817-d278 @A: 20 32 14 08 | 02
#0818-d278 @A: 23 20 01 02 | 09
#0819-d278 @A: 29 20 01 10 | 03
#0820-d278 @A: 33 26 32 35 | 04
#0821-d278 @A: 32 09 26 24 | 07
#0822-d278 @A: 19 23 32 26 | 06
#0823-d278 @A: 32 16 26 29 | 11
#0824-d278 @A: 12 10 26 29 | 01
#0825-d278 @A: 24 26 30 02 | 12
#0826-d278 @A: 08 32 30 16 | 08
#0827-d278 @A: 23 10 05 32 | 05
#0828-d278 @A: 05 24 30 32 | 10
#0829-d278 @A: 19 31 32 24 | 02
#0830-d278 @A: 15 01 32 24 | 09
#0831-d278 @A: 29 27 24 32 | 03
#0832-d278 @A: 05 30 21 14 | 04
#0833-d278 @A: 02 21 23 09 | 07
#0834-d278 @A: 05 16 23 21 | 06
#0835-d278 @A: 29 21 27 05 | 11
#0836-d278 @A: 24 12 29 21 | 01
#0837-d278 @A: 16 23 19 21 | 12
#0838-d278 @A: 35 05 16 02 | 08
#0839-d278 @A: 29 15 35 12 | 05
#0840-d278 @A: 35 16 12 19 | 10
#0841-d278 @A: 33 05 14 01 | 02
#0842-d278 @A: 30 15 33 08 | 09
#0843-d278 @A: 33 23 27 01 | 03
#0844-d278 @A: 33 15 23 29 | 04
#0845-d278 @A: 02 33 30 27 | 07
#0846-d278 @A: 08 19 16 29 | 06
#0847-d278 @A: 28 09 07 03 | 11
#0848-d278 @A: 34 03 15 07 | 01
#0849-d278 @A: 20 18 13 07 | 12
#0850-d278 @A: 13 07 08 22 | 08
#0851-d278 @A: 09 06 18 07 | 05
#0852-d278 @A: 21 07 06 12 | 10
#0853-d278 @A: 04 18 07 31 | 02
#0854-d278 @A: 27 28 22 07 | 09
#0855-d278 @A: 34 07 17 14 | 03
#0856-d278 @A: 33 11 35 07 | 04
#0857-d278 @A: 07 10 01 14 | 07
#0858-d278 @A: 10 09 07 08 | 06
#0859-d278 @A: 23 07 24 15 | 11
#0860-d278 @A: 01 02 07 29 | 01
#0861-d278 @A: 03 13 25 14 | 12
#0862-d278 @A: 05 22 06 03 | 08
#0863-d278 @A: 03 06 33 15 | 05
#0864-d278 @A: 03 28 04 23 | 10
#0865-d278 @A: 12 04 03 01 | 02
#0866-d278 @A: 03 10 02 28 | 09
#0867-d278 @A: 17 23 11 03 | 03
#0868-d278 @A: 03 34 27 20 | 04
#0869-d278 @A: 14 03 20 22 | 07
#0870-d278 @A: 03 29 22 30 | 06
#0871-d278 @A: 32 26 03 30 | 11
#0872-d278 @A: 30 19 33 03 | 01
#0873-d278 @A: 14 16 12 03 | 12
#0874-d278 @A: 02 23 29 03 | 08
#0875-d278 @A: 27 03 24 15 | 05
#0876-d278 @A: 13 23 25 02 | 10
#0877-d278 @A: 06 04 13 30 | 02
#0878-d278 @A: 31 06 11 13 | 09
#0879-d278 @A: 17 04 13 16 | 03
#0880-d278 @A: 04 33 13 14 | 04
#0881-d278 @A: 24 13 17 09 | 07
#0882-d278 @A: 18 13 08 21 | 06
#0883-d278 @A: 26 12 13 15 | 11
#0884-d278 @A: 13 12 29 05 | 01
#0885-d278 @A: 29 16 13 30 | 12
#0886-d278 @A: 32 25 06 19 | 08
#0887-d278 @A: 25 02 06 21 | 05
#0888-d278 @A: 28 04 25 05 | 10
#0889-d278 @A: 28 25 21 09 | 02
#0890-d278 @A: 02 17 09 25 | 09
#0891-d278 @A: 25 18 20 11 | 03
#0892-d278 @A: 26 11 25 15 | 04
#0893-d278 @A: 23 25 22 35 | 07
#0894-d278 @A: 25 10 14 32 | 06
#0895-d278 @A: 30 15 32 25 | 11
#0896-d278 @A: 33 08 25 19 | 01
#0897-d278 @A: 09 23 12 25 | 12
#0898-d278 @A: 12 25 31 01 | 08
#0899-d278 @A: 29 01 16 25 | 05
#0900-d278 @A: 02 10 25 15 | 10
#0901-d278 @A: 24 25 19 29 | 02
#0902-d278 @A: 12 04 11 06 | 09
#0903-d278 @A: 29 28 27 06 | 03
#0904-d278 @A: 22 06 08 31 | 04
#0905-d278 @A: 33 09 26 06 | 07
#0906-d278 @A: 01 35 19 06 | 06
#0907-d278 @A: 06 24 05 14 | 11
#0908-d278 @A: 06 10 15 14 | 01
#0909-d278 @A: 12 27 06 09 | 12
#0910-d278 @A: 06 19 27 15 | 08
#0911-d278 @A: 15 28 20 04 | 05
#0912-d278 @A: 28 12 35 04 | 10
#0913-d278 @A: 17 04 11 08 | 02
#0914-d278 @A: 04 21 17 29 | 09
#0915-d278 @A: 15 11 04 22 | 03
#0916-d278 @A: 16 18 04 32 | 04
#0917-d278 @A: 04 09 18 10 | 07
#0918-d278 @A: 04 22 01 33 | 06
#0919-d278 @A: 15 04 26 32 | 11
#0920-d278 @A: 32 10 33 04 | 01
#0921-d278 @A: 02 04 08 05 | 12
#0922-d278 @A: 05 29 04 15 | 08
#0923-d278 @A: 17 16 28 32 | 05
#0924-d278 @A: 17 24 28 19 | 10
#0925-d278 @A: 34 28 27 11 | 02
#0926-d278 @A: 26 18 28 09 | 09
#0927-d278 @A: 22 28 20 16 | 03
#0928-d278 @A: 14 08 22 28 | 04
#0929-d278 @A: 20 14 28 26 | 07
#0930-d278 @A: 33 28 15 32 | 06
#0931-d278 @A: 32 28 30 02 | 11
#0932-d278 @A: 33 21 28 24 | 01
#0933-d278 @A: 21 12 28 27 | 12
#0934-d278 @A: 09 01 10 28 | 08
#0935-d278 @A: 28 12 31 30 | 05
#0936-d278 @A: 31 16 28 10 | 10
#0937-d278 @A: 18 33 09 17 | 02
#0938-d278 @A: 17 22 12 35 | 09
#0939-d278 @A: 29 17 26 35 | 03
#0940-d278 @A: 26 19 16 17 | 04
#0941-d278 @A: 30 31 24 17 | 07
#0942-d278 @A: 11 21 24 34 | 06
#0943-d278 @A: 26 35 11 10 | 11
#0944-d278 @A: 21 09 05 11 | 01
#0945-d278 @A: 11 09 19 08 | 12
#0946-d278 @A: 11 15 23 09 | 08
#0947-d278 @A: 10 08 23 11 | 05
#0948-d278 @A: 27 11 29 10 | 10
#0949-d278 @A: 34 16 18 09 | 02
#0950-d278 @A: 32 05 34 22 | 09
#0951-d278 @A: 33 12 34 20 | 03
#0952-d278 @A: 23 29 34 14 | 04
#0953-d278 @A: 01 34 12 08 | 07
#0954-d278 @A: 30 01 34 29 | 06
#0955-d278 @A: 29 15 27 34 | 11
#0956-d278 @A: 08 22 18 35 | 01
#0957-d278 @A: 18 26 29 20 | 12
#0958-d278 @A: 32 20 23 18 | 08
#0959-d278 @A: 19 18 20 23 | 05
#0960-d278 @A: 21 23 26 18 | 10
#0961-d278 @A: 18 21 12 32 | 02
#0962-d278 @A: 02 14 18 31 | 09
#0963-d278 @A: 10 18 09 19 | 03
#0964-d278 @A: 05 18 10 31 | 04
#0965-d278 @A: 12 29 02 18 | 07
#0966-d278 @A: 18 30 24 01 | 06
#0967-d278 @A: 22 15 21 32 | 11
#0968-d278 @A: 22 30 10 21 | 01
#0969-d278 @A: 31 01 22 10 | 12
#0970-d278 @A: 30 16 22 27 | 08
#0971-d278 @A: 20 33 16 30 | 05
#0972-d278 @A: 20 02 16 24 | 10
#0973-d278 @A: 24 14 26 10 | 02
#0974-d278 @A: 26 23 05 02 | 09
#0975-d278 @A: 10 23 31 26 | 03
#0976-d278 @A: 14 19 30 32 | 04
#0977-d278 @A: 10 12 16 32 | 07
#0978-d278 @A: 24 32 23 16 | 06
#0979-d278 @A: 27 15 32 10 | 11
#0980-d278 @A: 21 08 16 14 | 01
#0981-d278 @A: 12 21 23 14 | 12
#0982-d278 @A: 05 08 33 35 | 08
#0983-d278 @A: 35 31 30 14 | 05
#0984-d278 @A: 35 31 01 05 | 10
#0985-d278 @A: 35 23 12 02 | 02
#0986-d278 @A: 16 24 35 12 | 09
#0987-d278 @A: 15 23 30 35 | 03
#0988-d278 @A: 24 19 35 27 | 04
#0989-d278 @A: 30 33 29 14 | 07
#0990-d278 @A: 23 12 33 08 | 06
#0991-d278 @A: 12 16 31 33 | 11
#0992-d278 @A: 01 33 12 02 | 01
#0993-d278 @A: 30 33 31 10 | 12
#0994-d278 @A: 10 07 03 33 | 08
#0995-d278 @A: 05 03 07 31 | 05
#0996-d278 @A: 16 13 11 07 | 10
#0997-d278 @A: 24 13 29 07 | 02
#0998-d278 @A: 33 31 07 25 | 09
#0999-d278 @A: 06 26 05 07 | 03
#1000-d278 @A: 07 04 01 20 | 04
#1001-d278 @A: 28 34 07 24 | 07
#1002-d278 @A: 05 28 07 10 | 06
#1003-d278 @A: 07 24 35 17 | 11
#1004-d278 @A: 26 08 11 07 | 01
#1005-d278 @A: 07 11 14 15 | 12
#1006-d278 @A: 12 11 07 01 | 08
#1007-d278 @A: 34 07 26 29 | 05
#1008-d278 @A: 16 34 07 35 | 10
#1009-d278 @A: 07 20 33 29 | 02
#1010-d278 @A: 21 26 24 07 | 09
#1011-d278 @A: 27 07 24 14 | 03
#1012-d278 @A: 07 29 14 16 | 04
#1013-d278 @A: 07 29 09 05 | 07
#1014-d278 @A: 09 07 24 01 | 06
#1015-d278 @A: 15 08 29 07 | 11
#1016-d278 @A: 07 12 15 10 | 01
#1017-d278 @A: 07 02 23 10 | 12
#1018-d278 @A: 10 16 24 07 | 08
#1019-d278 @A: 13 09 03 06 | 05
#1020-d278 @A: 30 03 13 28 | 10
#1021-d278 @A: 11 08 13 03 | 02
#1022-d278 @A: 09 21 03 04 | 09
#1023-d278 @A: 28 03 20 08 | 03
#1024-d278 @A: 19 22 17 03 | 04
#1025-d278 @A: 03 11 12 34 | 07
#1026-d278 @A: 33 24 20 03 | 06
#1027-d278 @A: 21 03 12 35 | 11
#1028-d278 @A: 05 03 29 14 | 01
#1029-d278 @A: 03 02 31 27 | 12
#1030-d278 @A: 23 16 15 03 | 08
#1031-d278 @A: 27 01 03 30 | 05
#1032-d278 @A: 13 06 26 25 | 10
#1033-d278 @A: 24 06 13 28 | 02
#1034-d278 @A: 13 28 02 29 | 09
#1035-d278 @A: 13 34 10 17 | 03
#1036-d278 @A: 15 13 32 11 | 04
#1037-d278 @A: 22 18 23 13 | 07
#1038-d278 @A: 14 18 13 19 | 06
#1039-d278 @A: 09 13 22 32 | 11
#1040-d278 @A: 29 13 20 32 | 01
#1041-d278 @A: 21 01 20 13 | 12
#1042-d278 @A: 08 23 31 13 | 08
#1043-d278 @A: 24 15 19 13 | 05
#1044-d278 @A: 14 06 25 18 | 10
#1045-d278 @A: 25 30 28 33 | 02
#1046-d278 @A: 27 28 10 25 | 09
#1047-d278 @A: 15 25 16 34 | 03
#1048-d278 @A: 15 25 20 24 | 04
#1049-d278 @A: 27 25 21 32 | 07
#1050-d278 @A: 31 27 25 30 | 06
#1051-d278 @A: 10 04 06 20 | 11
#1052-d278 @A: 06 08 27 17 | 01
#1053-d278 @A: 06 11 22 14 | 12
#1054-d278 @A: 34 21 05 06 | 08
#1055-d278 @A: 26 14 06 35 | 05
#1056-d278 @A: 23 15 26 06 | 10
#1057-d278 @A: 06 14 16 09 | 02
#1058-d278 @A: 06 08 01 10 | 09
#1059-d278 @A: 04 18 17 01 | 03
#1060-d278 @A: 04 34 10 11 | 04
#1061-d278 @A: 33 05 04 11 | 07
#1062-d278 @A: 04 05 14 34 | 06
#1063-d278 @A: 04 30 18 20 | 11
#1064-d278 @A: 22 10 35 04 | 01
#1065-d278 @A: 04 14 09 31 | 12
#1066-d278 @A: 02 08 19 04 | 08
#1067-d278 @A: 04 30 23 12 | 05
#1068-d278 @A: 32 28 12 34 | 10
#1069-d278 @A: 27 28 18 32 | 02
#1070-d278 @A: 19 28 12 18 | 09
#1071-d278 @A: 32 20 09 28 | 03
#1072-d278 @A: 28 29 35 20 | 04
#1073-d278 @A: 14 30 16 28 | 07
#1074-d278 @A: 31 08 27 28 | 06
#1075-d278 @A: 28 02 15 31 | 11
#1076-d278 @A: 14 11 17 26 | 01
#1077-d278 @A: 19 11 17 14 | 12
#1078-d278 @A: 17 34 23 05 | 08
#1079-d278 @A: 24 34 17 16 | 05
#1080-d278 @A: 20 02 18 17 | 10
#1081-d278 @A: 17 15 18 32 | 02
#1082-d278 @A: 33 17 22 23 | 09
#1083-d278 @A: 32 21 17 10 | 03
#1084-d278 @A: 08 17 19 10 | 04
#1085-d278 @A: 19 29 17 23 | 07
#1086-d278 @A: 29 22 11 34 | 06
#1087-d278 @A: 11 34 30 02 | 11
#1088-d278 @A: 12 08 11 18 | 01
#1089-d278 @A: 11 20 32 27 | 12
#1090-d278 @A: 19 31 20 11 | 08
#1091-d278 @A: 24 26 05 11 | 05
#1092-d278 @A: 11 29 21 32 | 10
#1093-d278 @A: 11 31 29 05 | 02
#1094-d278 @A: 11 24 01 29 | 09
#1095-d278 @A: 15 11 19 02 | 03
#1096-d278 @A: 22 12 26 34 | 04
#1097-d278 @A: 01 09 34 23 | 07
#1098-d278 @A: 27 34 24 08 | 06
#1099-d278 @A: 12 05 34 30 | 11
#1100-d278 @A: 15 19 12 34 | 01
#1101-d278 @A: 20 18 22 09 | 12
#1102-d278 @A: 18 22 24 21 | 08
#1103-d278 @A: 18 30 22 33 | 05
#1104-d278 @A: 12 31 22 18 | 10
#1105-d278 @A: 18 20 21 27 | 02
#1106-d278 @A: 15 24 31 18 | 09
#1107-d278 @A: 10 01 02 18 | 03
#1108-d278 @A: 19 27 26 22 | 04
#1109-d278 @A: 21 12 22 16 | 07
#1110-d278 @A: 22 08 12 09 | 06
#1111-d278 @A: 22 10 09 05 | 11
#1112-d278 @A: 30 22 09 01 | 01
#1113-d278 @A: 22 16 29 09 | 12
#1114-d278 @A: 02 30 22 19 | 08
#1115-d278 @A: 30 20 14 09 | 05
#1116-d278 @A: 14 12 20 29 | 10
#1117-d278 @A: 08 27 02 20 | 02
#1118-d278 @A: 12 24 27 20 | 09
#1119-d278 @A: 16 10 01 26 | 03
#1120-d278 @A: 21 08 35 32 | 04
#1121-d278 @A: 19 27 08 32 | 07
#1122-d278 @A: 31 23 32 01 | 06
#1123-d278 @A: 35 31 19 21 | 11
#1124-d278 @A: 02 35 24 21 | 01
#1125-d278 @A: 27 14 21 10 | 12
#1126-d278 @A: 21 10 24 19 | 08
#1127-d278 @A: 12 35 33 10 | 05
#1128-d278 @A: 08 35 09 01 | 10
#1129-d278 @A: 10 30 35 09 | 02
#1130-d278 @A: 30 02 08 35 | 09
#1131-d278 @A: 10 23 29 35 | 03
#1132-d278 @A: 23 14 10 33 | 04
#1133-d278 @A: 02 23 33 16 | 07
#1134-d278 @A: 01 03 07 17 | 06
#1135-d278 @A: 28 17 07 13 | 11
#1136-d278 @A: 07 13 12 34 | 01
#1137-d278 @A: 07 25 11 29 | 12
#1138-d278 @A: 14 18 28 07 | 08
#1139-d278 @A: 07 19 22 28 | 05
#1140-d278 @A: 28 07 01 08 | 10
#1141-d278 @A: 32 07 30 17 | 02
#1142-d278 @A: 15 07 21 17 | 09
#1143-d278 @A: 27 05 34 07 | 03
#1144-d278 @A: 16 32 07 22 | 04
#1145-d278 @A: 32 07 15 20 | 07
#1146-d278 @A: 26 14 07 19 | 06
#1147-d278 @A: 32 23 08 07 | 11
#1148-d278 @A: 02 35 07 14 | 01
#1149-d278 @A: 09 07 23 27 | 12
#1150-d278 @A: 07 19 08 30 | 08
#1151-d278 @A: 01 23 05 07 | 05
#1152-d278 @A: 03 24 28 25 | 10
#1153-d278 @A: 06 03 34 23 | 02
#1154-d278 @A: 03 24 04 18 | 09
#1155-d278 @A: 03 10 29 04 | 03
#1156-d278 @A: 03 28 26 16 | 04
#1157-d278 @A: 03 14 28 19 | 07
#1158-d278 @A: 19 28 27 03 | 06
#1159-d278 @A: 03 20 23 21 | 11
#1160-d278 @A: 26 33 03 05 | 01
#1161-d278 @A: 03 21 10 16 | 12
#1162-d278 @A: 14 03 35 09 | 08
#1163-d278 @A: 03 08 10 14 | 05
#1164-d278 @A: 01 03 14 31 | 10
#1165-d278 @A: 13 28 16 25 | 02
#1166-d278 @A: 25 20 30 13 | 09
#1167-d278 @A: 13 12 17 06 | 03
#1168-d278 @A: 19 17 13 04 | 04
#1169-d278 @A: 32 13 28 01 | 07
#1170-d278 @A: 11 12 35 13 | 06
#1171-d278 @A: 02 33 11 13 | 11
#1172-d278 @A: 13 09 20 35 | 01
#1173-d278 @A: 26 13 33 27 | 12
#1174-d278 @A: 08 13 14 15 | 08
#1175-d278 @A: 13 14 16 02 | 05
#1176-d278 @A: 13 23 16 12 | 10
#1177-d278 @A: 31 27 13 19 | 02
#1178-d278 @A: 24 15 13 30 | 09
#1179-d278 @A: 04 15 25 18 | 03
#1180-d278 @A: 26 25 23 04 | 04
#1181-d278 @A: 25 04 08 32 | 07
#1182-d278 @A: 01 20 25 28 | 06
#1183-d278 @A: 22 17 25 10 | 11
#1184-d278 @A: 09 11 25 30 | 01
#1185-d278 @A: 25 18 09 35 | 12
#1186-d278 @A: 19 22 25 05 | 08
#1187-d278 @A: 25 35 20 02 | 05
#1188-d278 @A: 25 16 35 21 | 10
#1189-d278 @A: 29 25 05 35 | 02
#1190-d278 @A: 02 19 25 35 | 09
#1191-d278 @A: 05 33 25 12 | 03
#1192-d278 @A: 08 25 23 24 | 04
#1193-d278 @A: 06 19 04 22 | 07
#1194-d278 @A: 06 14 28 33 | 06
#1195-d278 @A: 01 06 17 26 | 11
#1196-d278 @A: 06 30 35 17 | 01
#1197-d278 @A: 24 33 11 06 | 12
#1198-d278 @A: 19 16 11 06 | 08
#1199-d278 @A: 12 06 10 34 | 05
#1200-d278 @A: 20 09 06 21 | 10
#1201-d278 @A: 27 06 26 02 | 02
#1202-d278 @A: 08 06 16 12 | 09
#1203-d278 @A: 19 06 31 29 | 03
#1204-d278 @A: 27 23 06 10 | 04
#1205-d278 @A: 34 28 04 16 | 07
#1206-d278 @A: 14 04 28 01 | 06
#1207-d278 @A: 04 17 35 14 | 11
#1208-d278 @A: 33 04 17 12 | 01
#1209-d278 @A: 23 04 32 11 | 12
#1210-d278 @A: 35 30 11 04 | 08
#1211-d278 @A: 04 19 26 21 | 05
#1212-d278 @A: 35 04 26 05 | 10
#1213-d278 @A: 32 27 04 35 | 02
#1214-d278 @A: 21 02 04 31 | 09
#1215-d278 @A: 20 18 28 12 | 03
#1216-d278 @A: 28 27 20 33 | 04
#1217-d278 @A: 08 19 28 15 | 07
#1218-d278 @A: 17 11 18 31 | 06
#1219-d278 @A: 12 11 17 09 | 11
#1220-d278 @A: 17 20 15 09 | 01
#1221-d278 @A: 21 02 26 17 | 12
#1222-d278 @A: 23 26 12 17 | 08
#1223-d278 @A: 32 31 17 12 | 05
#1224-d278 @A: 17 14 29 02 | 10
#1225-d278 @A: 05 30 17 08 | 02
#1226-d278 @A: 17 10 12 08 | 09
#1227-d278 @A: 02 31 17 01 | 03
#1228-d278 @A: 18 11 33 29 | 04
#1229-d278 @A: 11 02 22 08 | 07
#1230-d278 @A: 19 35 11 26 | 06
#1231-d278 @A: 29 08 14 11 | 11
#1232-d278 @A: 11 15 08 05 | 01
#1233-d278 @A: 31 08 11 01 | 12
#1234-d278 @A: 11 12 30 15 | 08
#1235-d278 @A: 16 29 11 15 | 05
#1236-d278 @A: 15 34 22 20 | 10
#1237-d278 @A: 09 34 26 02 | 02
#1238-d278 @A: 14 19 23 34 | 09
#1239-d278 @A: 08 34 30 31 | 03
#1240-d278 @A: 27 34 02 16 | 04
#1241-d278 @A: 18 22 26 16 | 07
#1242-d278 @A: 26 18 01 19 | 06
#1243-d278 @A: 02 05 09 18 | 11
#1244-d278 @A: 20 21 31 22 | 01
#1245-d278 @A: 14 26 05 22 | 12
#1246-d278 @A: 24 27 22 33 | 08
#1247-d278 @A: 29 22 15 10 | 05
#1248-d278 @A: 20 10 21 33 | 10
#1249-d278 @A: 20 02 05 14 | 02
#1250-d278 @A: 09 01 20 27 | 09
#1251-d278 @A: 21 09 26 35 | 03
#1252-d278 @A: 26 14 31 29 | 04
#1253-d278 @A: 16 09 26 23 | 07
#1254-d278 @A: 27 29 26 09 | 06
#1255-d278 @A: 19 08 12 26 | 11
#1256-d278 @A: 10 27 26 30 | 01
#1257-d278 @A: 21 32 33 23 | 12
#1258-d278 @A: 32 05 09 14 | 08
#1259-d278 @A: 14 32 15 29 | 05
#1260-d278 @A: 05 31 15 32 | 10
#1261-d278 @A: 21 12 10 31 | 02
#1262-d278 @A: 01 35 30 33 | 09
#1263-d278 @A: 31 09 12 35 | 03
#1264-d278 @A: 16 31 35 27 | 04
#1265-d278 @A: 29 19 30 35 | 07
#1266-d278 @A: 09 33 30 24 | 06
#1267-d278 @A: 10 05 24 33 | 11
#1268-d278 @A: 24 31 29 33 | 01
#1269-d278 @A: 01 33 27 19 | 12
#1270-d278 @A: 03 20 30 07 | 08
#1271-d278 @A: 07 24 03 08 | 05
#1272-d278 @A: 13 10 07 26 | 10
#1273-d278 @A: 19 13 07 29 | 02
#1274-d278 @A: 06 19 07 20 | 09
#1275-d278 @A: 26 16 04 07 | 03
#1276-d278 @A: 28 07 11 23 | 04
#1277-d278 @A: 05 33 07 17 | 07
#1278-d278 @A: 07 17 16 31 | 06
#1279-d278 @A: 34 22 01 07 | 11
#1280-d278 @A: 26 27 07 35 | 01
#1281-d278 @A: 07 14 12 30 | 12
#1282-d278 @A: 07 12 08 31 | 08
#1283-d278 @A: 05 15 07 16 | 05
#1284-d278 @A: 07 02 30 05 | 10
#1285-d278 @A: 07 24 02 31 | 02
#1286-d278 @A: 03 15 13 04 | 09
#1287-d278 @A: 03 17 13 05 | 03
#1288-d278 @A: 13 03 10 22 | 04
#1289-d278 @A: 06 29 03 25 | 07
#1290-d278 @A: 26 03 25 27 | 06
#1291-d278 @A: 30 35 25 03 | 11
#1292-d278 @A: 25 02 03 33 | 01
#1293-d278 @A: 03 06 02 20 | 12
#1294-d278 @A: 21 06 24 03 | 08
#1295-d278 @A: 17 35 08 03 | 05
#1296-d278 @A: 11 03 21 15 | 10
#1297-d278 @A: 03 32 22 24 | 02
#1298-d278 @A: 20 03 26 09 | 09
#1299-d278 @A: 21 03 33 30 | 03
#1300-d278 @A: 03 24 14 30 | 04
#1301-d278 @A: 30 23 08 03 | 07
#1302-d278 @A: 24 03 12 19 | 06
#1303-d278 @A: 03 15 10 30 | 11
#1304-d278 @A: 29 16 27 03 | 01
#1305-d278 @A: 25 13 34 32 | 12
#1306-d278 @A: 15 13 22 25 | 08
#1307-d278 @A: 08 13 05 25 | 05
#1308-d278 @A: 27 22 13 06 | 10
#1309-d278 @A: 13 04 20 22 | 02
#1310-d278 @A: 31 28 13 18 | 09
#1311-d278 @A: 28 09 13 19 | 03
#1312-d278 @A: 02 22 13 12 | 04
#1313-d278 @A: 16 20 26 13 | 07
#1314-d278 @A: 30 32 13 31 | 06
#1315-d278 @A: 24 05 23 13 | 11
#1316-d278 @A: 15 10 13 23 | 01
#1317-d278 @A: 16 27 25 06 | 12
#1318-d278 @A: 25 28 23 32 | 08
#1319-d278 @A: 28 14 35 25 | 05
#1320-d278 @A: 26 25 17 16 | 10
#1321-d278 @A: 16 25 23 11 | 02
#1322-d278 @A: 26 10 25 19 | 09
#1323-d278 @A: 23 25 10 21 | 03
#1324-d278 @A: 05 15 14 25 | 04
#1325-d278 @A: 05 25 19 09 | 07
#1326-d278 @A: 25 23 29 30 | 06
#1327-d278 @A: 29 27 02 25 | 11
#1328-d278 @A: 28 02 04 06 | 01
#1329-d278 @A: 34 09 06 28 | 12
#1330-d278 @A: 22 06 12 28 | 08
#1331-d278 @A: 22 09 17 06 | 05
#1332-d278 @A: 08 09 11 06 | 10
#1333-d278 @A: 35 20 27 06 | 02
#1334-d278 @A: 21 33 06 01 | 09
#1335-d278 @A: 02 12 06 14 | 03
#1336-d278 @A: 27 05 15 06 | 04
#1337-d278 @A: 24 06 29 02 | 07
#1338-d278 @A: 34 17 04 27 | 06
#1339-d278 @A: 09 11 04 29 | 11
#1340-d278 @A: 27 21 22 04 | 01
#1341-d278 @A: 20 04 31 32 | 12
#1342-d278 @A: 24 20 05 04 | 08
#1343-d278 @A: 35 21 04 33 | 05
#1344-d278 @A: 23 14 04 08 | 10
#1345-d278 @A: 30 01 31 04 | 02
#1346-d278 @A: 34 28 29 17 | 09
#1347-d278 @A: 28 30 17 22 | 03
#1348-d278 @A: 05 28 11 01 | 04
#1349-d278 @A: 22 23 28 21 | 07
#1350-d278 @A: 09 33 28 22 | 06
#1351-d278 @A: 35 09 23 28 | 11
#1352-d278 @A: 02 23 14 28 | 01
#1353-d278 @A: 28 23 05 29 | 12
#1354-d278 @A: 27 28 16 01 | 08
#1355-d278 @A: 17 34 15 11 | 05
#1356-d278 @A: 18 22 17 05 | 10
#1357-d278 @A: 01 30 17 20 | 02
#1358-d278 @A: 21 05 35 17 | 09
#1359-d278 @A: 01 35 17 10 | 03
#1360-d278 @A: 10 14 05 17 | 04
#1361-d278 @A: 23 31 29 17 | 07
#1362-d278 @A: 27 01 15 17 | 06
#1363-d278 @A: 17 24 29 15 | 11
#1364-d278 @A: 11 33 09 34 | 01
#1365-d278 @A: 01 35 18 11 | 12
#1366-d278 @A: 16 09 11 01 | 08
#1367-d278 @A: 12 05 11 27 | 05
#1368-d278 @A: 12 31 24 11 | 10
#1369-d278 @A: 23 35 26 34 | 02
#1370-d278 @A: 32 35 34 15 | 09
#1371-d278 @A: 33 10 01 34 | 03
#1372-d278 @A: 24 09 12 34 | 04
#1373-d278 @A: 29 18 22 19 | 07
#1374-d278 @A: 10 18 21 35 | 06
#1375-d278 @A: 30 18 21 15 | 11
#1376-d278 @A: 12 05 18 14 | 01
#1377-d278 @A: 27 18 16 14 | 12
#1378-d278 @A: 15 18 27 09 | 08
#1379-d278 @A: 18 08 16 24 | 05
#1380-d278 @A: 18 29 24 05 | 10
#1381-d278 @A: 22 31 35 26 | 02
#1382-d278 @A: 32 14 22 35 | 09
#1383-d278 @A: 32 30 23 22 | 03
#1384-d278 @A: 22 14 02 19 | 04
#1385-d278 @A: 15 24 22 09 | 07
#1386-d278 @A: 22 10 24 08 | 06
#1387-d278 @A: 15 22 05 12 | 11
#1388-d278 @A: 16 29 20 08 | 01
#1389-d278 @A: 05 15 23 20 | 12
#1390-d278 @A: 05 20 27 16 | 08
#1391-d278 @A: 29 20 05 30 | 05
#1392-d278 @A: 24 31 20 01 | 10
#1393-d278 @A: 20 29 19 02 | 02
#1394-d278 @A: 09 12 26 14 | 09
#1395-d278 @A: 08 02 26 14 | 03
#1396-d278 @A: 26 14 16 15 | 04
#1397-d278 @A: 01 12 26 30 | 07
#1398-d278 @A: 29 23 26 24 | 06
#1399-d278 @A: 32 01 14 02 | 11
#1400-d278 @A: 02 09 32 10 | 01
#1401-d278 @A: 32 08 27 01 | 12
#1402-d278 @A: 32 29 08 10 | 08
#1403-d278 @A: 12 30 32 29 | 05
#1404-d278 @A: 35 14 08 12 | 10
#1405-d278 @A: 29 35 08 31 | 02
#1406-d278 @A: 27 35 23 08 | 09
#1407-d278 @A: 12 01 27 35 | 03
#1408-d278 @A: 10 35 27 02 | 04
#1409-d278 @A: 29 30 24 35 | 07
#1410-d278 @A: 33 12 14 27 | 06
#1411-d278 @A: 16 33 14 24 | 11
#1412-d278 @A: 09 33 10 15 | 01
#1413-d278 @A: 05 02 33 15 | 12
#1414-d278 @A: 16 15 33 01 | 08
#1415-d278 @A: 14 19 10 29 | 05
#1416-d278 @A: 05 19 01 15 | 10
#1417-d278 @A: 07 16 03 06 | 02
#1418-d278 @A: 18 07 03 22 | 09
#1419-d278 @A: 01 13 07 27 | 03
#1420-d278 @A: 07 25 12 04 | 04
#1421-d278 @A: 06 04 23 07 | 07
#1422-d278 @A: 07 33 06 27 | 06
#1423-d278 @A: 04 30 07 24 | 11
#1424-d278 @A: 20 28 02 07 | 01
#1425-d278 @A: 35 07 28 30 | 12
#1426-d278 @A: 32 05 07 11 | 08
#1427-d278 @A: 22 07 33 15 | 05
#1428-d278 @A: 20 10 27 07 | 10
#1429-d278 @A: 07 26 02 32 | 02
#1430-d278 @A: 32 21 07 09 | 09
#1431-d278 @A: 30 29 07 27 | 03
#1432-d278 @A: 03 34 13 01 | 04
#1433-d278 @A: 32 23 13 03 | 07
#1434-d278 @A: 08 25 18 03 | 06
#1435-d278 @A: 25 19 31 03 | 11
#1436-d278 @A: 03 06 11 30 | 01
#1437-d278 @A: 31 22 03 04 | 12
#1438-d278 @A: 35 16 04 03 | 08
#1439-d278 @A: 34 28 14 03 | 05
#1440-d278 @A: 28 35 05 03 | 10
#1441-d278 @A: 33 17 31 03 | 02
#1442-d278 @A: 01 32 11 03 | 09
#1443-d278 @A: 03 34 26 21 | 03
#1444-d278 @A: 18 03 33 27 | 04
#1445-d278 @A: 02 03 09 24 | 07
#1446-d278 @A: 03 30 16 09 | 06
#1447-d278 @A: 02 01 08 03 | 11
#1448-d278 @A: 10 03 05 27 | 01
#1449-d278 @A: 06 13 02 18 | 12
#1450-d278 @A: 31 34 04 13 | 08
#1451-d278 @A: 05 22 28 13 | 05
#1452-d278 @A: 26 28 13 23 | 10
#1453-d278 @A: 26 33 13 19 | 02
#1454-d278 @A: 13 12 14 31 | 09
#1455-d278 @A: 12 10 13 01 | 03
#1456-d278 @A: 25 17 34 06 | 04
#1457-d278 @A: 11 06 25 10 | 07
#1458-d278 @A: 30 06 22 25 | 06
#1459-d278 @A: 35 04 01 25 | 11
#1460-d278 @A: 27 04 33 25 | 01
#1461-d278 @A: 04 25 19 12 | 12
#1462-d278 @A: 18 25 02 28 | 08
#1463-d278 @A: 17 12 18 25 | 05
#1464-d278 @A: 17 25 20 05 | 10
#1465-d278 @A: 25 14 31 17 | 02
#1466-d278 @A: 34 14 25 11 | 09
#1467-d278 @A: 12 11 32 25 | 03
#1468-d278 @A: 25 05 34 26 | 04
#1469-d278 @A: 08 33 25 34 | 07
#1470-d278 @A: 01 25 22 18 | 06
#1471-d278 @A: 12 08 25 29 | 11
#1472-d278 @A: 15 27 12 25 | 01
#1473-d278 @A: 16 12 25 02 | 12
#1474-d278 @A: 27 23 19 25 | 08
#1475-d278 @A: 30 28 06 18 | 05
#1476-d278 @A: 18 06 17 24 | 10
#1477-d278 @A: 06 27 34 18 | 02
#1478-d278 @A: 06 18 22 15 | 09
#1479-d278 @A: 16 22 06 23 | 03
#1480-d278 @A: 24 20 08 06 | 04
#1481-d278 @A: 27 01 14 06 | 07
#1482-d278 @A: 09 05 23 06 | 06
#1483-d278 @A: 10 24 09 06 | 11
#1484-d278 @A: 06 15 30 29 | 01
#1485-d278 @A: 28 04 26 10 | 12
#1486-d278 @A: 04 23 17 20 | 08
#1487-d278 @A: 31 04 17 26 | 05
#1488-d278 @A: 11 20 04 14 | 10
#1489-d278 @A: 35 18 04 02 | 02
#1490-d278 @A: 20 08 35 04 | 09
#1491-d278 @A: 01 21 32 04 | 03
#1492-d278 @A: 23 15 02 04 | 04
#1493-d278 @A: 15 04 30 16 | 07
#1494-d278 @A: 14 12 28 17 | 06
#1495-d278 @A: 30 29 28 11 | 11
#1496-d278 @A: 08 26 32 28 | 01
#1497-d278 @A: 14 10 29 28 | 12
#1498-d278 @A: 31 29 28 01 | 08
#1499-d278 @A: 27 28 23 15 | 05
#1500-d278 @A: 11 16 33 17 | 10
#1501-d278 @A: 20 17 34 26 | 02
#1502-d278 @A: 34 35 17 09 | 09
#1503-d278 @A: 27 17 26 18 | 03
#1504-d278 @A: 20 17 35 19 | 04
#1505-d278 @A: 14 20 27 17 | 07
#1506-d278 @A: 33 30 26 17 | 06
#1507-d278 @A: 17 02 15 12 | 11
#1508-d278 @A: 34 26 11 18 | 01
#1509-d278 @A: 11 35 34 05 | 12
#1510-d278 @A: 02 26 12 11 | 08
#1511-d278 @A: 14 01 30 11 | 05
#1512-d278 @A: 10 09 31 11 | 10
#1513-d278 @A: 05 10 02 11 | 02
#1514-d278 @A: 18 15 34 33 | 09
#1515-d278 @A: 14 18 34 30 | 03
#1516-d278 @A: 34 29 31 20 | 04
#1517-d278 @A: 32 34 14 24 | 07
#1518-d278 @A: 08 23 15 34 | 06
#1519-d278 @A: 08 02 29 34 | 11
#1520-d278 @A: 31 16 34 23 | 01
#1521-d278 @A: 01 34 02 24 | 12
#1522-d278 @A: 08 18 31 20 | 08
#1523-d278 @A: 18 26 32 05 | 05
#1524-d278 @A: 18 31 33 32 | 10
#1525-d278 @A: 15 23 18 14 | 02
#1526-d278 @A: 08 18 23 05 | 09
#1527-d278 @A: 16 12 15 18 | 03
#1528-d278 @A: 23 16 18 29 | 04
#1529-d278 @A: 20 22 32 12 | 07
#1530-d278 @A: 22 05 35 20 | 06
#1531-d278 @A: 20 23 10 22 | 11
#1532-d278 @A: 19 22 08 35 | 01
#1533-d278 @A: 22 24 14 29 | 12
#1534-d278 @A: 31 22 02 09 | 08
#1535-d278 @A: 05 31 22 30 | 05
#1536-d278 @A: 15 19 31 22 | 10
#1537-d278 @A: 16 24 22 31 | 02
#1538-d278 @A: 20 10 16 09 | 09
#1539-d278 @A: 08 20 01 05 | 03
#1540-d278 @A: 20 23 30 24 | 04
#1541-d278 @A: 27 30 15 20 | 07
#1542-d278 @A: 15 21 10 26 | 06
#1543-d278 @A: 26 05 08 10 | 11
#1544-d278 @A: 16 14 32 31 | 01
#1545-d278 @A: 14 21 09 15 | 12
#1546-d278 @A: 14 21 29 01 | 08
#1547-d278 @A: 21 10 02 08 | 05
#1548-d278 @A: 05 21 12 02 | 10
#1549-d278 @A: 35 15 33 14 | 02
#1550-d278 @A: 24 35 05 09 | 09
#1551-d278 @A: 15 33 09 19 | 03
#1552-d278 @A: 24 08 01 33 | 04
#1553-d278 @A: 33 27 10 16 | 07
#1554-d278 @A: 23 30 09 19 | 06
#1555-d278 @A: 26 12 07 03 | 11
#1556-d278 @A: 13 07 09 25 | 01
#1557-d278 @A: 06 13 07 15 | 12
#1558-d278 @A: 18 25 07 27 | 08
#1559-d278 @A: 25 35 10 07 | 05
#1560-d278 @A: 04 10 07 17 | 10
#1561-d278 @A: 04 19 07 16 | 02
#1562-d278 @A: 34 11 31 07 | 09
#1563-d278 @A: 34 33 23 07 | 03
#1564-d278 @A: 18 33 07 12 | 04
#1565-d278 @A: 10 18 07 29 | 07
#1566-d278 @A: 33 08 21 07 | 06
#1567-d278 @A: 02 16 08 07 | 11
#1568-d278 @A: 07 05 12 24 | 01
#1569-d278 @A: 02 07 24 19 | 12
#1570-d278 @A: 03 12 20 13 | 08
#1571-d278 @A: 06 03 27 04 | 05
#1572-d278 @A: 06 03 26 08 | 10
#1573-d278 @A: 28 27 03 17 | 02
#1574-d278 @A: 03 15 22 17 | 09
#1575-d278 @A: 24 12 03 17 | 03
#1576-d278 @A: 11 03 20 31 | 04
#1577-d278 @A: 34 29 24 03 | 07
#1578-d278 @A: 21 03 22 02 | 06
#1579-d278 @A: 05 20 32 03 | 11
#1580-d278 @A: 03 35 20 10 | 01
#1581-d278 @A: 03 23 09 33 | 12
#1582-d278 @A: 23 03 27 14 | 08
#1583-d278 @A: 15 31 03 09 | 05
#1584-d278 @A: 01 23 03 10 | 10
#1585-d278 @A: 13 25 01 17 | 02
#1586-d278 @A: 06 35 10 13 | 09
#1587-d278 @A: 29 13 14 06 | 03
#1588-d278 @A: 08 04 13 28 | 04
#1589-d278 @A: 22 21 17 13 | 07
#1590-d278 @A: 14 18 13 11 | 06
#1591-d278 @A: 21 10 13 11 | 11
#1592-d278 @A: 13 15 18 35 | 01
#1593-d278 @A: 31 33 22 13 | 12
#1594-d278 @A: 27 13 32 12 | 08
#1595-d278 @A: 13 01 29 08 | 05
#1596-d278 @A: 10 16 05 13 | 10
#1597-d278 @A: 10 13 29 31 | 02
#1598-d278 @A: 23 29 27 13 | 09
#1599-d278 @A: 05 06 32 25 | 03
#1600-d278 @A: 04 34 25 29 | 04
#1601-d278 @A: 14 16 04 25 | 07
#1602-d278 @A: 22 25 29 28 | 06
#1603-d278 @A: 18 17 19 25 | 11
#1604-d278 @A: 17 24 33 25 | 01
#1605-d278 @A: 11 25 22 31 | 12
#1606-d278 @A: 14 22 21 25 | 08
#1607-d278 @A: 29 25 21 20 | 05
#1608-d278 @A: 25 14 20 33 | 10
#1609-d278 @A: 26 25 08 35 | 02
#1610-d278 @A: 29 14 25 09 | 09
#1611-d278 @A: 09 16 25 24 | 03
#1612-d278 @A: 08 25 31 02 | 04
#1613-d278 @A: 30 25 01 08 | 07
#1614-d278 @A: 06 05 18 04 | 06
#1615-d278 @A: 06 04 26 29 | 11
#1616-d278 @A: 06 01 04 24 | 01
#1617-d278 @A: 06 23 17 28 | 12
#1618-d278 @A: 06 18 11 23 | 08
#1619-d278 @A: 11 21 27 06 | 05
#1620-d278 @A: 16 06 26 34 | 10
#1621-d278 @A: 06 10 26 18 | 02
#1622-d278 @A: 31 18 35 06 | 09
#1623-d278 @A: 01 06 20 22 | 03
#1624-d278 @A: 20 26 06 30 | 04
#1625-d278 @A: 23 35 06 21 | 07
#1626-d278 @A: 02 09 06 30 | 06
#1627-d278 @A: 06 30 16 01 | 11
#1628-d278 @A: 32 04 28 24 | 01
#1629-d278 @A: 04 26 11 27 | 12
#1630-d278 @A: 01 34 04 26 | 08
#1631-d278 @A: 04 26 02 22 | 05
#1632-d278 @A: 29 20 04 27 | 10
#1633-d278 @A: 15 33 04 31 | 02
#1634-d278 @A: 16 04 08 09 | 09
#1635-d278 @A: 17 21 28 01 | 03
#1636-d278 @A: 02 05 28 17 | 04
#1637-d278 @A: 11 14 32 28 | 07
#1638-d278 @A: 12 28 16 11 | 06
#1639-d278 @A: 34 23 20 28 | 11
#1640-d278 @A: 28 18 35 33 | 01
#1641-d278 @A: 28 01 02 22 | 12
#1642-d278 @A: 21 28 30 20 | 08
#1643-d278 @A: 12 09 05 28 | 05
#1644-d278 @A: 09 31 28 24 | 10
#1645-d278 @A: 29 28 09 15 | 02
#1646-d278 @A: 08 24 05 28 | 09
#1647-d278 @A: 22 11 01 17 | 03
#1648-d278 @A: 14 16 22 17 | 04
#1649-d278 @A: 23 17 21 08 | 07
#1650-d278 @A: 05 27 17 24 | 06
#1651-d278 @A: 24 02 17 10 | 11
#1652-d278 @A: 30 18 05 11 | 01
#1653-d278 @A: 11 20 29 02 | 12
#1654-d278 @A: 33 15 27 11 | 08
#1655-d278 @A: 11 14 12 10 | 05
#1656-d278 @A: 30 11 23 27 | 10
#1657-d278 @A: 19 34 18 35 | 02
#1658-d278 @A: 34 16 21 32 | 09
#1659-d278 @A: 31 19 08 34 | 03
#1660-d278 @A: 01 31 27 34 | 04
#1661-d278 @A: 30 16 10 34 | 07
#1662-d278 @A: 26 14 18 33 | 06
#1663-d278 @A: 27 02 23 18 | 11
#1664-d278 @A: 27 23 31 22 | 01
#1665-d278 @A: 01 15 22 23 | 12
#1666-d278 @A: 26 19 24 20 | 08
#1667-d278 @A: 32 19 09 20 | 05
#1668-d278 @A: 23 09 20 08 | 10
#1669-d278 @A: 21 14 26 32 | 02
#1670-d278 @A: 26 14 23 30 | 09
#1671-d278 @A: 09 26 08 31 | 03
#1672-d278 @A: 12 26 08 24 | 04
#1673-d278 @A: 29 26 08 30 | 07
#1674-d278 @A: 31 19 30 26 | 06
#1675-d278 @A: 16 31 26 02 | 11
#1676-d278 @A: 29 26 15 19 | 01
#1677-d278 @A: 29 05 32 33 | 12
#1678-d278 @A: 29 23 09 32 | 08
#1679-d278 @A: 08 32 24 31 | 05
#1680-d278 @A: 01 16 32 05 | 10
#1681-d278 @A: 05 19 16 32 | 02
#1682-d278 @A: 10 01 32 30 | 09
#1683-d278 @A: 24 21 15 05 | 03
#1684-d278 @A: 19 05 29 21 | 04
#1685-d278 @A: 02 19 21 12 | 07
#1686-d278 @A: 15 27 21 02 | 06
#1687-d278 @A: 29 27 14 35 | 11
#1688-d278 @A: 35 23 16 01 | 01
#1689-d278 @A: 19 01 23 12 | 12
