#0001-d313 @A: 19 07 29 03 | 05
#0002-d313 @A: 26 32 19 07 | 06
#0003-d313 @A: 19 03 20 22 | 11
#0004-d313 @A: 19 29 22 27 | 09
#0005-d313 @A: 19 22 15 10 | 12
#0006-d313 @A: 34 19 03 33 | 02
#0007-d313 @A: 25 19 02 23 | 01
#0008-d313 @A: 23 20 19 15 | 08
#0009-d313 @A: 04 19 13 23 | 07
#0010-d313 @A: 29 11 23 19 | 03
#0011-d313 @A: 19 14 08 15 | 10
#0012-d313 @A: 06 21 31 19 | 04
#0013-d313 @A: 06 13 19 10 | 05
#0014-d313 @A: 11 19 24 06 | 06
#0015-d313 @A: 29 19 16 09 | 11
#0016-d313 @A: 19 34 15 12 | 09
#0017-d313 @A: 34 25 05 19 | 12
#0018-d313 @A: 19 32 01 17 | 02
#0019-d313 @A: 19 09 15 17 | 01
#0020-d313 @A: 17 19 11 28 | 08
#0021-d313 @A: 35 25 19 20 | 07
#0022-d313 @A: 01 19 10 20 | 03
#0023-d313 @A: 25 19 14 28 | 10
#0024-d313 @A: 07 22 18 26 | 04
#0025-d313 @A: 28 22 17 07 | 05
#0026-d313 @A: 15 07 22 01 | 06
#0027-d313 @A: 14 07 15 30 | 11
#0028-d313 @A: 07 11 30 05 | 09
#0029-d313 @A: 28 23 07 03 | 12
#0030-d313 @A: 06 03 10 07 | 02
#0031-d313 @A: 04 18 07 03 | 01
#0032-d313 @A: 25 16 07 21 | 08
#0033-d313 @A: 11 27 10 07 | 07
#0034-d313 @A: 04 07 27 29 | 03
#0035-d313 @A: 07 16 10 15 | 10
#0036-d313 @A: 24 02 07 18 | 04
#0037-d313 @A: 14 32 02 07 | 05
#0038-d313 @A: 07 24 32 11 | 06
#0039-d313 @A: 01 26 07 11 | 11
#0040-d313 @A: 17 26 22 30 | 09
#0041-d313 @A: 13 22 30 15 | 12
#0042-d313 @A: 22 03 21 26 | 02
#0043-d313 @A: 29 17 03 22 | 01
#0044-d313 @A: 35 08 23 22 | 08
#0045-d313 @A: 22 16 21 14 | 07
#0046-d313 @A: 24 06 22 16 | 03
#0047-d313 @A: 16 13 09 22 | 10
#0048-d313 @A: 26 18 22 11 | 04
#0049-d313 @A: 35 15 29 22 | 05
#0050-d313 @A: 22 35 33 13 | 06
#0051-d313 @A: 01 04 22 35 | 11
#0052-d313 @A: 10 20 22 33 | 09
#0053-d313 @A: 26 30 11 23 | 12
#0054-d313 @A: 14 08 30 13 | 02
#0055-d313 @A: 08 33 28 30 | 01
#0056-d313 @A: 16 24 30 17 | 08
#0057-d313 @A: 17 02 30 28 | 07
#0058-d313 @A: 15 03 08 29 | 03
#0059-d313 @A: 03 21 24 11 | 10
#0060-d313 @A: 03 34 31 27 | 04
#0061-d313 @A: 03 31 06 05 | 05
#0062-d313 @A: 16 03 17 25 | 06
#0063-d313 @A: 03 11 16 01 | 11
#0064-d313 @A: 14 03 32 18 | 09
#0065-d313 @A: 03 02 01 15 | 12
#0066-d313 @A: 02 31 10 03 | 02
#0067-d313 @A: 28 03 26 12 | 01
#0068-d313 @A: 23 16 09 21 | 08
#0069-d313 @A: 21 13 23 26 | 07
#0070-d313 @A: 20 27 34 23 | 03
#0071-d313 @A: 06 10 23 34 | 10
#0072-d313 @A: 29 16 23 02 | 04
#0073-d313 @A: 32 18 26 23 | 05
#0074-d313 @A: 18 24 01 23 | 06
#0075-d313 @A: 23 35 04 24 | 11
#0076-d313 @A: 26 23 10 14 | 09
#0077-d313 @A: 28 09 33 23 | 12
#0078-d313 @A: 25 08 06 21 | 02
#0079-d313 @A: 18 21 05 08 | 01
#0080-d313 @A: 26 21 31 08 | 08
#0081-d313 @A: 04 24 21 08 | 07
#0082-d313 @A: 24 27 09 08 | 03
#0083-d313 @A: 08 06 24 13 | 10
#0084-d313 @A: 08 12 01 05 | 04
#0085-d313 @A: 29 08 12 04 | 05
#0086-d313 @A: 08 24 11 05 | 06
#0087-d313 @A: 01 14 33 08 | 11
#0088-d313 @A: 29 11 08 14 | 09
#0089-d313 @A: 06 21 11 28 | 12
#0090-d313 @A: 31 18 21 28 | 02
#0091-d313 @A: 20 11 02 21 | 01
#0092-d313 @A: 10 21 17 35 | 08
#0093-d313 @A: 12 09 21 31 | 07
#0094-d313 @A: 21 24 33 31 | 03
#0095-d313 @A: 21 11 33 35 | 10
#0096-d313 @A: 28 21 29 10 | 04
#0097-d313 @A: 04 14 21 10 | 05
#0098-d313 @A: 25 11 21 10 | 06
#0099-d313 @A: 14 11 21 09 | 11
#0100-d313 @A: 25 20 21 01 | 09
#0101-d313 @A: 32 27 12 34 | 12
#0102-d313 @A: 34 27 13 26 | 02
#0103-d313 @A: 27 18 09 32 | 01
#0104-d313 @A: 27 15 32 33 | 08
#0105-d313 @A: 27 35 05 09 | 07
#0106-d313 @A: 01 27 35 14 | 03
#0107-d313 @A: 26 24 27 28 | 10
#0108-d313 @A: 16 06 18 01 | 04
#0109-d313 @A: 31 06 14 16 | 05
#0110-d313 @A: 06 02 11 34 | 06
#0111-d313 @A: 06 04 12 32 | 11
#0112-d313 @A: 09 11 06 17 | 09
#0113-d313 @A: 05 09 28 06 | 12
#0114-d313 @A: 01 06 33 10 | 02
#0115-d313 @A: 25 06 20 28 | 01
#0116-d313 @A: 09 16 05 32 | 08
#0117-d313 @A: 31 16 04 05 | 07
#0118-d313 @A: 12 10 05 16 | 03
#0119-d313 @A: 20 05 16 01 | 10
#0120-d313 @A: 34 13 33 32 | 04
#0121-d313 @A: 29 35 34 20 | 05
#0122-d313 @A: 12 01 18 25 | 06
#0123-d313 @A: 35 18 24 09 | 11
#0124-d313 @A: 28 18 35 04 | 09
#0125-d313 @A: 01 32 12 02 | 12
#0126-d313 @A: 31 32 20 29 | 02
#0127-d313 @A: 33 31 32 01 | 01
#0128-d313 @A: 04 01 32 14 | 08
#0129-d313 @A: 02 10 17 13 | 07
#0130-d313 @A: 29 02 14 35 | 03
#0131-d313 @A: 09 33 02 14 | 10
#0132-d313 @A: 02 29 04 20 | 04
#0133-d313 @A: 25 31 17 09 | 05
#0134-d313 @A: 14 17 05 25 | 06
#0135-d313 @A: 12 15 31 11 | 11
#0136-d313 @A: 05 15 26 12 | 09
#0137-d313 @A: 33 13 20 12 | 12
#0138-d313 @A: 20 13 11 12 | 02
#0139-d313 @A: 26 20 01 13 | 01
#0140-d313 @A: 14 13 33 05 | 08
#0141-d313 @A: 19 07 10 30 | 07
#0142-d313 @A: 09 19 21 07 | 03
#0143-d313 @A: 16 34 07 19 | 10
#0144-d313 @A: 19 20 30 11 | 04
#0145-d313 @A: 03 18 31 19 | 05
#0146-d313 @A: 19 03 05 09 | 06
#0147-d313 @A: 19 09 23 18 | 11
#0148-d313 @A: 10 19 26 34 | 09
#0149-d313 @A: 28 19 32 15 | 12
#0150-d313 @A: 02 19 33 05 | 02
#0151-d313 @A: 19 05 12 14 | 01
#0152-d313 @A: 19 14 09 20 | 08
#0153-d313 @A: 21 24 22 07 | 07
#0154-d313 @A: 07 10 02 22 | 03
#0155-d313 @A: 25 07 30 03 | 10
#0156-d313 @A: 07 08 30 01 | 04
#0157-d313 @A: 30 24 27 07 | 05
#0158-d313 @A: 07 14 24 23 | 06
#0159-d313 @A: 08 18 35 07 | 11
#0160-d313 @A: 21 07 13 05 | 09
#0161-d313 @A: 06 07 34 35 | 12
#0162-d313 @A: 07 06 24 04 | 02
#0163-d313 @A: 15 17 07 26 | 01
#0164-d313 @A: 07 01 05 10 | 08
#0165-d313 @A: 14 09 28 07 | 07
#0166-d313 @A: 32 03 30 22 | 03
#0167-d313 @A: 03 02 35 22 | 10
#0168-d313 @A: 23 22 28 16 | 04
#0169-d313 @A: 22 13 08 26 | 05
#0170-d313 @A: 06 01 22 13 | 06
#0171-d313 @A: 16 11 22 31 | 11
#0172-d313 @A: 22 12 26 16 | 09
#0173-d313 @A: 09 32 22 31 | 12
#0174-d313 @A: 32 22 26 20 | 02
#0175-d313 @A: 22 11 15 13 | 01
#0176-d313 @A: 22 31 04 29 | 08
#0177-d313 @A: 10 24 01 22 | 07
#0178-d313 @A: 22 09 33 26 | 03
#0179-d313 @A: 35 02 30 23 | 10
#0180-d313 @A: 10 02 30 08 | 04
#0181-d313 @A: 30 15 34 10 | 05
#0182-d313 @A: 11 34 24 30 | 06
#0183-d313 @A: 32 30 33 12 | 11
#0184-d313 @A: 31 30 12 25 | 09
#0185-d313 @A: 24 30 20 31 | 12
#0186-d313 @A: 09 24 30 33 | 02
#0187-d313 @A: 30 10 25 14 | 01
#0188-d313 @A: 25 32 03 23 | 08
#0189-d313 @A: 09 01 23 03 | 07
#0190-d313 @A: 10 08 21 03 | 03
#0191-d313 @A: 12 34 03 21 | 10
#0192-d313 @A: 32 03 21 09 | 04
#0193-d313 @A: 21 03 14 15 | 05
#0194-d313 @A: 21 03 35 28 | 06
#0195-d313 @A: 03 27 06 09 | 11
#0196-d313 @A: 10 16 03 27 | 09
#0197-d313 @A: 29 16 03 18 | 12
#0198-d313 @A: 04 28 32 03 | 02
#0199-d313 @A: 04 03 13 02 | 01
#0200-d313 @A: 11 15 09 03 | 08
#0201-d313 @A: 33 03 01 12 | 07
#0202-d313 @A: 28 03 20 24 | 03
#0203-d313 @A: 03 10 05 14 | 10
#0204-d313 @A: 03 05 33 04 | 04
#0205-d313 @A: 28 11 20 03 | 05
#0206-d313 @A: 20 03 14 25 | 06
#0207-d313 @A: 06 17 20 23 | 11
#0208-d313 @A: 16 23 31 25 | 09
#0209-d313 @A: 18 12 13 23 | 12
#0210-d313 @A: 11 17 23 32 | 02
#0211-d313 @A: 35 23 31 10 | 01
#0212-d313 @A: 23 04 12 28 | 08
#0213-d313 @A: 23 26 29 28 | 07
#0214-d313 @A: 17 27 08 04 | 03
#0215-d313 @A: 08 18 16 26 | 10
#0216-d313 @A: 31 05 08 24 | 04
#0217-d313 @A: 29 14 31 08 | 05
#0218-d313 @A: 08 35 28 05 | 06
#0219-d313 @A: 20 35 08 11 | 11
#0220-d313 @A: 21 24 16 34 | 09
#0221-d313 @A: 11 15 21 18 | 12
#0222-d313 @A: 11 29 21 32 | 02
#0223-d313 @A: 13 02 31 21 | 01
#0224-d313 @A: 02 21 04 35 | 08
#0225-d313 @A: 21 35 25 12 | 07
#0226-d313 @A: 24 28 01 21 | 03
#0227-d313 @A: 29 18 06 27 | 10
#0228-d313 @A: 06 17 27 01 | 04
#0229-d313 @A: 27 11 28 16 | 05
#0230-d313 @A: 17 27 29 32 | 06
#0231-d313 @A: 27 10 13 32 | 11
#0232-d313 @A: 27 09 17 10 | 09
#0233-d313 @A: 25 31 35 27 | 12
#0234-d313 @A: 28 12 27 01 | 02
#0235-d313 @A: 25 27 10 26 | 01
#0236-d313 @A: 05 10 27 04 | 08
#0237-d313 @A: 09 33 20 27 | 07
#0238-d313 @A: 27 20 25 29 | 03
#0239-d313 @A: 34 02 06 24 | 10
#0240-d313 @A: 34 31 13 06 | 04
#0241-d313 @A: 33 06 31 04 | 05
#0242-d313 @A: 26 09 35 06 | 06
#0243-d313 @A: 33 20 06 05 | 11
#0244-d313 @A: 01 09 04 06 | 09
#0245-d313 @A: 34 16 15 35 | 12
#0246-d313 @A: 32 24 16 02 | 02
#0247-d313 @A: 11 33 12 16 | 01
#0248-d313 @A: 16 04 35 20 | 08
#0249-d313 @A: 35 01 16 29 | 07
#0250-d313 @A: 16 01 24 25 | 03
#0251-d313 @A: 32 02 34 09 | 10
#0252-d313 @A: 32 11 28 34 | 04
#0253-d313 @A: 34 35 09 17 | 05
#0254-d313 @A: 11 12 34 26 | 06
#0255-d313 @A: 34 29 05 01 | 11
#0256-d313 @A: 01 15 32 18 | 09
#0257-d313 @A: 29 02 18 15 | 12
#0258-d313 @A: 02 01 33 18 | 02
#0259-d313 @A: 31 10 18 29 | 01
#0260-d313 @A: 10 18 20 24 | 08
#0261-d313 @A: 26 01 18 28 | 07
#0262-d313 @A: 04 18 29 01 | 03
#0263-d313 @A: 31 32 10 14 | 10
#0264-d313 @A: 05 32 12 11 | 04
#0265-d313 @A: 29 09 32 33 | 05
#0266-d313 @A: 02 09 25 15 | 06
#0267-d313 @A: 25 31 02 20 | 11
#0268-d313 @A: 12 33 04 02 | 09
#0269-d313 @A: 31 28 33 17 | 12
#0270-d313 @A: 35 05 17 24 | 02
#0271-d313 @A: 01 33 17 11 | 01
#0272-d313 @A: 01 29 17 14 | 08
#0273-d313 @A: 31 15 35 26 | 07
#0274-d313 @A: 15 29 31 33 | 03
#0275-d313 @A: 20 15 29 12 | 10
#0276-d313 @A: 15 14 04 35 | 04
#0277-d313 @A: 31 24 13 09 | 05
#0278-d313 @A: 24 29 12 13 | 06
#0279-d313 @A: 13 04 14 28 | 11
#0280-d313 @A: 27 07 19 23 | 09
#0281-d313 @A: 19 20 08 30 | 12
#0282-d313 @A: 19 06 30 04 | 02
#0283-d313 @A: 19 34 30 24 | 01
#0284-d313 @A: 32 19 31 30 | 08
#0285-d313 @A: 25 21 19 03 | 07
#0286-d313 @A: 23 16 19 05 | 03
#0287-d313 @A: 18 26 19 21 | 10
#0288-d313 @A: 02 19 14 21 | 04
#0289-d313 @A: 19 16 27 01 | 05
#0290-d313 @A: 19 34 17 27 | 06
#0291-d313 @A: 09 27 19 11 | 11
#0292-d313 @A: 33 16 19 25 | 09
#0293-d313 @A: 13 34 20 19 | 12
#0294-d313 @A: 19 25 13 18 | 02
#0295-d313 @A: 04 32 19 02 | 01
#0296-d313 @A: 09 19 32 13 | 08
#0297-d313 @A: 35 33 19 12 | 07
#0298-d313 @A: 19 01 12 09 | 03
#0299-d313 @A: 10 09 19 24 | 10
#0300-d313 @A: 19 11 33 24 | 04
#0301-d313 @A: 04 05 19 01 | 05
#0302-d313 @A: 29 01 33 19 | 06
#0303-d313 @A: 29 02 07 30 | 11
#0304-d313 @A: 07 33 05 30 | 09
#0305-d313 @A: 34 03 24 07 | 12
#0306-d313 @A: 03 07 35 32 | 02
#0307-d313 @A: 06 23 02 07 | 01
#0308-d313 @A: 07 23 25 33 | 08
#0309-d313 @A: 34 11 07 21 | 07
#0310-d313 @A: 01 26 07 21 | 03
#0311-d313 @A: 07 27 05 18 | 10
#0312-d313 @A: 11 07 29 06 | 04
#0313-d313 @A: 28 16 07 13 | 05
#0314-d313 @A: 32 34 07 10 | 06
#0315-d313 @A: 25 11 07 02 | 11
#0316-d313 @A: 26 07 33 12 | 09
#0317-d313 @A: 30 34 20 22 | 12
#0318-d313 @A: 23 06 22 05 | 02
#0319-d313 @A: 23 12 32 22 | 01
#0320-d313 @A: 02 23 22 04 | 08
#0321-d313 @A: 22 08 06 20 | 07
#0322-d313 @A: 34 24 08 22 | 03
#0323-d313 @A: 22 21 34 17 | 10
#0324-d313 @A: 22 05 31 26 | 04
#0325-d313 @A: 14 22 12 10 | 05
#0326-d313 @A: 22 09 12 04 | 06
#0327-d313 @A: 10 05 22 35 | 11
#0328-d313 @A: 34 12 23 30 | 09
#0329-d313 @A: 30 16 21 11 | 12
#0330-d313 @A: 09 16 34 30 | 02
#0331-d313 @A: 30 18 25 17 | 01
#0332-d313 @A: 18 20 30 01 | 08
#0333-d313 @A: 30 35 15 32 | 07
#0334-d313 @A: 30 04 31 14 | 03
#0335-d313 @A: 04 28 25 30 | 10
#0336-d313 @A: 23 03 21 20 | 04
#0337-d313 @A: 16 14 08 03 | 05
#0338-d313 @A: 13 08 31 03 | 06
#0339-d313 @A: 03 16 28 06 | 11
#0340-d313 @A: 09 02 03 16 | 09
#0341-d313 @A: 15 16 05 03 | 12
#0342-d313 @A: 04 15 03 34 | 02
#0343-d313 @A: 12 17 03 18 | 01
#0344-d313 @A: 31 28 09 03 | 08
#0345-d313 @A: 03 11 33 14 | 07
#0346-d313 @A: 25 29 03 33 | 03
#0347-d313 @A: 01 28 03 14 | 10
#0348-d313 @A: 08 16 34 23 | 04
#0349-d313 @A: 27 23 24 13 | 05
#0350-d313 @A: 13 23 09 34 | 06
#0351-d313 @A: 23 14 17 32 | 11
#0352-d313 @A: 32 01 13 23 | 09
#0353-d313 @A: 23 29 04 09 | 12
#0354-d313 @A: 35 08 13 21 | 02
#0355-d313 @A: 26 08 06 02 | 01
#0356-d313 @A: 16 08 28 02 | 08
#0357-d313 @A: 09 04 08 34 | 07
#0358-d313 @A: 18 31 32 08 | 03
#0359-d313 @A: 08 24 32 28 | 10
#0360-d313 @A: 17 08 02 24 | 04
#0361-d313 @A: 15 08 05 17 | 05
#0362-d313 @A: 08 33 31 25 | 06
#0363-d313 @A: 20 25 12 08 | 11
#0364-d313 @A: 08 05 20 04 | 09
#0365-d313 @A: 08 28 09 29 | 12
#0366-d313 @A: 33 27 21 18 | 02
#0367-d313 @A: 27 13 21 29 | 01
#0368-d313 @A: 15 12 06 21 | 08
#0369-d313 @A: 09 21 18 14 | 07
#0370-d313 @A: 21 24 15 17 | 03
#0371-d313 @A: 13 11 29 21 | 10
#0372-d313 @A: 12 21 10 33 | 04
#0373-d313 @A: 16 09 15 27 | 05
#0374-d313 @A: 27 16 14 24 | 06
#0375-d313 @A: 27 24 11 26 | 11
#0376-d313 @A: 25 09 27 01 | 09
#0377-d313 @A: 16 06 11 15 | 12
#0378-d313 @A: 17 25 06 13 | 02
#0379-d313 @A: 26 06 12 01 | 01
#0380-d313 @A: 06 20 12 14 | 08
#0381-d313 @A: 24 06 14 26 | 07
#0382-d313 @A: 26 05 04 06 | 03
#0383-d313 @A: 31 16 33 34 | 10
#0384-d313 @A: 12 16 02 35 | 04
#0385-d313 @A: 01 13 16 04 | 05
#0386-d313 @A: 05 26 16 11 | 06
#0387-d313 @A: 33 14 10 16 | 11
#0388-d313 @A: 25 16 29 10 | 09
#0389-d313 @A: 11 04 29 16 | 12
#0390-d313 @A: 28 34 18 32 | 02
#0391-d313 @A: 31 26 09 34 | 01
#0392-d313 @A: 01 34 31 25 | 08
#0393-d313 @A: 25 34 12 29 | 07
#0394-d313 @A: 18 33 26 24 | 03
#0395-d313 @A: 01 14 10 18 | 10
#0396-d313 @A: 11 25 04 18 | 04
#0397-d313 @A: 32 14 29 15 | 05
#0398-d313 @A: 12 24 14 32 | 06
#0399-d313 @A: 32 26 35 01 | 11
#0400-d313 @A: 32 11 35 26 | 09
#0401-d313 @A: 04 32 10 24 | 12
#0402-d313 @A: 29 32 01 28 | 02
#0403-d313 @A: 31 02 11 14 | 01
#0404-d313 @A: 05 20 02 24 | 08
#0405-d313 @A: 10 02 24 33 | 07
#0406-d313 @A: 10 02 20 26 | 03
#0407-d313 @A: 02 29 01 10 | 10
#0408-d313 @A: 33 28 02 20 | 04
#0409-d313 @A: 17 35 11 10 | 05
#0410-d313 @A: 17 24 20 01 | 06
#0411-d313 @A: 01 24 12 15 | 11
#0412-d313 @A: 04 13 35 12 | 09
#0413-d313 @A: 12 13 26 25 | 12
#0414-d313 @A: 26 35 13 10 | 02
#0415-d313 @A: 01 14 11 24 | 01
#0416-d313 @A: 04 11 33 10 | 08
#0417-d313 @A: 19 14 18 07 | 07
#0418-d313 @A: 34 19 35 22 | 03
#0419-d313 @A: 05 13 30 19 | 10
#0420-d313 @A: 19 11 03 18 | 04
#0421-d313 @A: 19 28 13 03 | 05
#0422-d313 @A: 19 06 23 12 | 06
#0423-d313 @A: 19 24 13 21 | 11
#0424-d313 @A: 32 20 16 19 | 09
#0425-d313 @A: 19 16 26 13 | 12
#0426-d313 @A: 02 35 10 19 | 02
#0427-d313 @A: 19 12 31 13 | 01
#0428-d313 @A: 07 33 11 22 | 08
#0429-d313 @A: 30 18 23 07 | 07
#0430-d313 @A: 27 07 14 03 | 03
#0431-d313 @A: 09 13 07 08 | 10
#0432-d313 @A: 27 07 10 21 | 04
#0433-d313 @A: 32 21 33 07 | 05
#0434-d313 @A: 13 07 29 06 | 06
#0435-d313 @A: 07 18 20 25 | 11
#0436-d313 @A: 20 07 02 35 | 09
#0437-d313 @A: 17 35 07 25 | 12
#0438-d313 @A: 17 07 29 33 | 02
#0439-d313 @A: 07 12 24 35 | 01
#0440-d313 @A: 09 04 07 35 | 08
#0441-d313 @A: 26 04 07 14 | 07
#0442-d313 @A: 28 01 07 20 | 03
#0443-d313 @A: 01 08 22 03 | 10
#0444-d313 @A: 22 10 03 09 | 04
#0445-d313 @A: 23 31 13 22 | 05
#0446-d313 @A: 22 05 08 16 | 06
#0447-d313 @A: 32 10 22 08 | 11
#0448-d313 @A: 02 22 09 08 | 09
#0449-d313 @A: 18 21 22 35 | 12
#0450-d313 @A: 14 27 22 32 | 02
#0451-d313 @A: 27 22 20 02 | 01
#0452-d313 @A: 15 22 27 26 | 08
#0453-d313 @A: 34 29 11 22 | 07
#0454-d313 @A: 22 18 10 13 | 03
#0455-d313 @A: 22 04 15 32 | 10
#0456-d313 @A: 24 22 31 28 | 04
#0457-d313 @A: 26 10 22 29 | 05
#0458-d313 @A: 25 22 33 05 | 06
#0459-d313 @A: 05 11 22 28 | 11
#0460-d313 @A: 02 03 30 24 | 09
#0461-d313 @A: 30 06 05 08 | 12
#0462-d313 @A: 30 31 08 15 | 02
#0463-d313 @A: 15 21 28 30 | 01
#0464-d313 @A: 05 30 31 21 | 08
#0465-d313 @A: 04 21 12 30 | 07
#0466-d313 @A: 14 11 27 30 | 03
#0467-d313 @A: 30 14 16 32 | 10
#0468-d313 @A: 15 16 12 30 | 04
#0469-d313 @A: 10 30 18 28 | 05
#0470-d313 @A: 15 30 05 02 | 06
#0471-d313 @A: 31 33 30 02 | 11
#0472-d313 @A: 17 30 33 10 | 09
#0473-d313 @A: 26 31 01 30 | 12
#0474-d313 @A: 04 29 30 26 | 02
#0475-d313 @A: 30 10 28 11 | 01
#0476-d313 @A: 03 08 27 32 | 08
#0477-d313 @A: 01 03 21 16 | 07
#0478-d313 @A: 15 10 03 17 | 03
#0479-d313 @A: 26 04 31 03 | 10
#0480-d313 @A: 12 04 14 03 | 04
#0481-d313 @A: 24 05 29 03 | 05
#0482-d313 @A: 08 09 31 23 | 06
#0483-d313 @A: 27 31 18 23 | 11
#0484-d313 @A: 15 23 06 01 | 09
#0485-d313 @A: 23 14 06 13 | 12
#0486-d313 @A: 24 06 23 31 | 02
#0487-d313 @A: 23 10 15 05 | 01
#0488-d313 @A: 31 11 23 20 | 08
#0489-d313 @A: 23 33 04 26 | 07
#0490-d313 @A: 06 18 11 08 | 03
#0491-d313 @A: 35 08 14 12 | 10
#0492-d313 @A: 21 18 06 32 | 04
#0493-d313 @A: 15 13 18 21 | 05
#0494-d313 @A: 02 21 33 17 | 06
#0495-d313 @A: 21 11 17 12 | 11
#0496-d313 @A: 21 25 04 31 | 09
#0497-d313 @A: 35 21 26 33 | 12
#0498-d313 @A: 21 26 09 24 | 02
#0499-d313 @A: 21 05 04 11 | 01
#0500-d313 @A: 28 20 09 21 | 08
#0501-d313 @A: 21 25 14 33 | 07
#0502-d313 @A: 27 34 06 25 | 03
#0503-d313 @A: 35 06 02 27 | 10
#0504-d313 @A: 27 13 25 16 | 04
#0505-d313 @A: 32 27 05 02 | 05
#0506-d313 @A: 27 20 28 13 | 06
#0507-d313 @A: 12 27 35 11 | 11
#0508-d313 @A: 26 01 27 05 | 09
#0509-d313 @A: 26 14 20 27 | 12
#0510-d313 @A: 27 20 01 04 | 02
#0511-d313 @A: 15 25 16 06 | 01
#0512-d313 @A: 16 13 06 20 | 08
#0513-d313 @A: 29 12 06 16 | 07
#0514-d313 @A: 15 06 32 10 | 03
#0515-d313 @A: 06 04 02 10 | 10
#0516-d313 @A: 09 33 13 06 | 04
#0517-d313 @A: 14 05 06 35 | 05
#0518-d313 @A: 35 06 25 04 | 06
#0519-d313 @A: 28 26 10 06 | 11
#0520-d313 @A: 18 34 12 16 | 09
#0521-d313 @A: 16 02 34 25 | 12
#0522-d313 @A: 16 11 34 25 | 02
#0523-d313 @A: 28 17 16 18 | 01
#0524-d313 @A: 15 26 16 32 | 08
#0525-d313 @A: 10 16 24 35 | 07
#0526-d313 @A: 05 24 33 16 | 03
#0527-d313 @A: 16 10 28 04 | 10
#0528-d313 @A: 33 34 18 11 | 04
#0529-d313 @A: 13 28 34 01 | 05
#0530-d313 @A: 26 20 34 24 | 06
#0531-d313 @A: 01 26 34 14 | 11
#0532-d313 @A: 25 34 20 33 | 09
#0533-d313 @A: 29 04 34 33 | 12
#0534-d313 @A: 11 04 34 14 | 02
#0535-d313 @A: 17 18 13 33 | 01
#0536-d313 @A: 18 13 14 29 | 08
#0537-d313 @A: 31 14 12 18 | 07
#0538-d313 @A: 18 29 24 28 | 03
#0539-d313 @A: 29 18 09 26 | 10
#0540-d313 @A: 31 17 32 02 | 04
#0541-d313 @A: 32 12 31 26 | 05
#0542-d313 @A: 29 32 12 10 | 06
#0543-d313 @A: 26 32 05 28 | 11
#0544-d313 @A: 26 32 33 25 | 09
#0545-d313 @A: 31 12 02 24 | 12
#0546-d313 @A: 31 14 02 28 | 02
#0547-d313 @A: 05 01 02 11 | 01
#0548-d313 @A: 25 28 02 01 | 08
#0549-d313 @A: 17 13 31 04 | 07
#0550-d313 @A: 17 12 25 33 | 03
#0551-d313 @A: 25 28 24 17 | 10
#0552-d313 @A: 01 28 10 17 | 04
#0553-d313 @A: 14 04 17 09 | 05
#0554-d313 @A: 04 28 17 20 | 06
#0555-d313 @A: 14 15 05 31 | 11
#0556-d313 @A: 15 12 35 09 | 09
#0557-d313 @A: 35 15 28 10 | 12
#0558-d313 @A: 26 28 15 09 | 02
#0559-d313 @A: 04 33 15 28 | 01
#0560-d313 @A: 13 05 12 09 | 08
#0561-d313 @A: 13 12 01 14 | 07
#0562-d313 @A: 01 35 13 09 | 03
#0563-d313 @A: 20 13 24 04 | 10
#0564-d313 @A: 09 26 11 10 | 04
#0565-d313 @A: 32 24 19 03 | 05
#0566-d313 @A: 17 19 23 08 | 06
#0567-d313 @A: 28 19 27 21 | 11
#0568-d313 @A: 15 21 01 19 | 09
#0569-d313 @A: 05 18 15 19 | 12
#0570-d313 @A: 17 13 35 19 | 02
#0571-d313 @A: 25 19 10 17 | 01
#0572-d313 @A: 10 31 05 19 | 08
#0573-d313 @A: 19 25 12 24 | 07
#0574-d313 @A: 19 11 35 14 | 03
#0575-d313 @A: 23 20 22 07 | 10
#0576-d313 @A: 07 27 22 35 | 04
#0577-d313 @A: 28 07 30 32 | 05
#0578-d313 @A: 03 17 07 01 | 06
#0579-d313 @A: 07 23 26 09 | 11
#0580-d313 @A: 07 08 24 15 | 09
#0581-d313 @A: 32 25 07 27 | 12
#0582-d313 @A: 07 25 06 01 | 02
#0583-d313 @A: 34 25 07 14 | 01
#0584-d313 @A: 24 07 13 32 | 08
#0585-d313 @A: 12 31 07 15 | 07
#0586-d313 @A: 11 07 14 13 | 03
#0587-d313 @A: 07 09 05 31 | 10
#0588-d313 @A: 31 20 07 04 | 04
#0589-d313 @A: 07 14 01 31 | 05
#0590-d313 @A: 35 07 26 28 | 06
#0591-d313 @A: 10 35 07 14 | 11
#0592-d313 @A: 29 30 22 08 | 09
#0593-d313 @A: 33 22 08 18 | 12
#0594-d313 @A: 21 27 22 25 | 02
#0595-d313 @A: 31 22 10 21 | 01
#0596-d313 @A: 27 22 16 31 | 08
#0597-d313 @A: 01 22 32 16 | 07
#0598-d313 @A: 22 14 31 34 | 03
#0599-d313 @A: 22 15 18 12 | 10
#0600-d313 @A: 13 22 11 32 | 04
#0601-d313 @A: 12 24 20 22 | 05
#0602-d313 @A: 01 14 20 22 | 06
#0603-d313 @A: 01 28 22 33 | 11
#0604-d313 @A: 30 03 26 18 | 09
#0605-d313 @A: 15 03 30 20 | 12
#0606-d313 @A: 28 03 30 29 | 02
#0607-d313 @A: 14 30 23 21 | 01
#0608-d313 @A: 34 25 08 30 | 08
#0609-d313 @A: 26 08 32 30 | 07
#0610-d313 @A: 12 30 17 08 | 03
#0611-d313 @A: 02 30 25 21 | 10
#0612-d313 @A: 27 20 30 32 | 04
#0613-d313 @A: 10 27 29 30 | 05
#0614-d313 @A: 26 15 30 06 | 06
#0615-d313 @A: 13 06 30 35 | 11
#0616-d313 @A: 06 30 20 29 | 09
#0617-d313 @A: 32 01 34 30 | 12
#0618-d313 @A: 34 17 30 31 | 02
#0619-d313 @A: 31 18 30 13 | 01
#0620-d313 @A: 02 13 30 12 | 08
#0621-d313 @A: 17 29 30 15 | 07
#0622-d313 @A: 30 35 26 25 | 03
#0623-d313 @A: 30 29 33 35 | 10
#0624-d313 @A: 01 30 24 04 | 04
#0625-d313 @A: 09 29 11 30 | 05
#0626-d313 @A: 34 11 23 03 | 06
#0627-d313 @A: 08 17 03 33 | 11
#0628-d313 @A: 03 08 11 10 | 09
#0629-d313 @A: 03 02 29 27 | 12
#0630-d313 @A: 03 27 28 17 | 02
#0631-d313 @A: 06 17 24 03 | 01
#0632-d313 @A: 03 32 12 13 | 08
#0633-d313 @A: 10 20 03 32 | 07
#0634-d313 @A: 03 31 33 20 | 03
#0635-d313 @A: 24 10 12 03 | 10
#0636-d313 @A: 05 25 12 03 | 04
#0637-d313 @A: 09 24 04 03 | 05
#0638-d313 @A: 23 08 14 28 | 06
#0639-d313 @A: 21 17 23 25 | 11
#0640-d313 @A: 15 21 23 31 | 09
#0641-d313 @A: 27 23 02 10 | 12
#0642-d313 @A: 25 23 12 27 | 02
#0643-d313 @A: 12 16 23 33 | 01
#0644-d313 @A: 23 35 14 34 | 08
#0645-d313 @A: 34 23 24 29 | 07
#0646-d313 @A: 24 23 15 32 | 03
#0647-d313 @A: 05 23 13 20 | 10
#0648-d313 @A: 12 01 23 10 | 04
#0649-d313 @A: 01 23 35 25 | 05
#0650-d313 @A: 35 23 04 11 | 06
#0651-d313 @A: 09 23 14 05 | 11
#0652-d313 @A: 23 14 04 25 | 09
#0653-d313 @A: 33 06 08 34 | 12
#0654-d313 @A: 16 08 29 24 | 02
#0655-d313 @A: 17 34 08 10 | 01
#0656-d313 @A: 28 08 18 13 | 08
#0657-d313 @A: 01 31 08 20 | 07
#0658-d313 @A: 09 33 08 12 | 03
#0659-d313 @A: 21 27 05 16 | 10
#0660-d313 @A: 27 14 17 21 | 04
#0661-d313 @A: 17 18 21 01 | 05
#0662-d313 @A: 21 29 17 12 | 06
#0663-d313 @A: 06 12 27 13 | 11
#0664-d313 @A: 35 26 16 27 | 09
#0665-d313 @A: 16 27 33 29 | 12
#0666-d313 @A: 32 24 27 01 | 02
#0667-d313 @A: 31 17 27 15 | 01
#0668-d313 @A: 12 31 04 27 | 08
#0669-d313 @A: 01 10 27 31 | 07
#0670-d313 @A: 01 06 02 31 | 03
#0671-d313 @A: 06 10 31 11 | 10
#0672-d313 @A: 06 24 29 35 | 04
#0673-d313 @A: 28 06 35 01 | 05
#0674-d313 @A: 11 14 33 06 | 06
#0675-d313 @A: 32 16 34 29 | 11
#0676-d313 @A: 16 02 15 14 | 09
#0677-d313 @A: 16 15 33 17 | 12
#0678-d313 @A: 09 04 33 16 | 02
#0679-d313 @A: 16 14 01 09 | 01
#0680-d313 @A: 01 34 20 12 | 08
#0681-d313 @A: 34 35 24 28 | 07
#0682-d313 @A: 24 34 01 09 | 03
#0683-d313 @A: 15 26 14 18 | 10
#0684-d313 @A: 24 31 18 04 | 04
#0685-d313 @A: 10 35 12 18 | 05
#0686-d313 @A: 32 13 26 17 | 06
#0687-d313 @A: 29 32 05 04 | 11
#0688-d313 @A: 31 02 04 09 | 09
#0689-d313 @A: 35 25 02 33 | 12
#0690-d313 @A: 05 10 09 02 | 02
#0691-d313 @A: 15 17 11 05 | 01
#0692-d313 @A: 10 11 17 29 | 08
#0693-d313 @A: 11 29 15 26 | 07
#0694-d313 @A: 15 28 05 29 | 03
#0695-d313 @A: 14 25 11 15 | 10
#0696-d313 @A: 13 35 31 05 | 04
#0697-d313 @A: 25 31 13 14 | 05
#0698-d313 @A: 13 35 28 25 | 06
#0699-d313 @A: 14 24 13 10 | 11
#0700-d313 @A: 25 01 13 05 | 09
#0701-d313 @A: 12 01 11 29 | 12
#0702-d313 @A: 07 04 22 19 | 02
#0703-d313 @A: 07 17 31 19 | 01
#0704-d313 @A: 12 30 22 19 | 08
#0705-d313 @A: 19 06 22 26 | 07
#0706-d313 @A: 19 02 31 22 | 03
#0707-d313 @A: 19 17 26 03 | 10
#0708-d313 @A: 19 23 31 34 | 04
#0709-d313 @A: 35 19 23 28 | 05
#0710-d313 @A: 34 28 19 08 | 06
#0711-d313 @A: 35 19 09 08 | 11
#0712-d313 @A: 32 19 12 21 | 09
#0713-d313 @A: 14 34 32 19 | 12
#0714-d313 @A: 02 19 18 20 | 02
#0715-d313 @A: 02 19 15 26 | 01
#0716-d313 @A: 19 17 28 29 | 08
#0717-d313 @A: 33 10 04 19 | 07
#0718-d313 @A: 14 29 19 10 | 03
#0719-d313 @A: 12 30 06 07 | 10
#0720-d313 @A: 26 03 16 07 | 04
#0721-d313 @A: 23 12 07 17 | 05
#0722-d313 @A: 11 31 08 07 | 06
#0723-d313 @A: 08 33 04 07 | 11
#0724-d313 @A: 14 21 07 06 | 09
#0725-d313 @A: 34 20 07 21 | 12
#0726-d313 @A: 21 18 29 07 | 02
#0727-d313 @A: 27 16 12 07 | 01
#0728-d313 @A: 15 27 28 07 | 08
#0729-d313 @A: 20 16 07 24 | 07
#0730-d313 @A: 13 15 07 34 | 03
#0731-d313 @A: 18 07 13 01 | 10
#0732-d313 @A: 02 13 26 07 | 04
#0733-d313 @A: 10 31 07 28 | 05
#0734-d313 @A: 09 12 07 25 | 06
#0735-d313 @A: 05 07 29 35 | 11
#0736-d313 @A: 07 28 29 25 | 09
#0737-d313 @A: 22 35 11 03 | 12
#0738-d313 @A: 22 06 27 10 | 02
#0739-d313 @A: 01 34 27 22 | 01
#0740-d313 @A: 22 33 02 16 | 08
#0741-d313 @A: 34 32 25 22 | 07
#0742-d313 @A: 29 32 18 22 | 03
#0743-d313 @A: 18 05 22 28 | 10
#0744-d313 @A: 28 22 35 12 | 04
#0745-d313 @A: 35 22 09 25 | 05
#0746-d313 @A: 22 33 24 29 | 06
#0747-d313 @A: 11 03 02 30 | 11
#0748-d313 @A: 23 08 24 30 | 09
#0749-d313 @A: 30 16 20 23 | 12
#0750-d313 @A: 31 23 30 29 | 02
#0751-d313 @A: 29 21 30 32 | 01
#0752-d313 @A: 27 34 05 30 | 08
#0753-d313 @A: 13 30 09 27 | 07
#0754-d313 @A: 06 30 28 34 | 03
#0755-d313 @A: 13 20 17 30 | 10
#0756-d313 @A: 24 25 15 30 | 04
#0757-d313 @A: 11 24 12 30 | 05
#0758-d313 @A: 03 23 08 04 | 06
#0759-d313 @A: 12 03 15 23 | 11
#0760-d313 @A: 29 06 32 03 | 09
#0761-d313 @A: 02 28 05 03 | 12
#0762-d313 @A: 11 09 12 03 | 02
#0763-d313 @A: 03 05 20 26 | 01
#0764-d313 @A: 03 04 01 25 | 08
#0765-d313 @A: 23 08 06 29 | 07
#0766-d313 @A: 13 08 25 23 | 03
#0767-d313 @A: 05 32 21 23 | 10
#0768-d313 @A: 16 23 13 10 | 04
#0769-d313 @A: 16 23 11 24 | 05
#0770-d313 @A: 33 23 34 15 | 06
#0771-d313 @A: 34 26 25 23 | 11
#0772-d313 @A: 23 24 09 12 | 09
#0773-d313 @A: 26 23 12 20 | 12
#0774-d313 @A: 20 21 15 08 | 02
#0775-d313 @A: 21 01 11 08 | 01
#0776-d313 @A: 06 18 10 08 | 08
#0777-d313 @A: 08 20 32 34 | 07
#0778-d313 @A: 08 32 04 13 | 03
#0779-d313 @A: 08 20 29 17 | 10
#0780-d313 @A: 08 24 12 26 | 04
#0781-d313 @A: 26 14 08 05 | 05
#0782-d313 @A: 08 01 26 09 | 06
#0783-d313 @A: 02 21 09 06 | 11
#0784-d313 @A: 04 06 21 13 | 09
#0785-d313 @A: 18 34 21 25 | 12
#0786-d313 @A: 09 35 21 29 | 02
#0787-d313 @A: 29 25 21 24 | 01
#0788-d313 @A: 21 26 28 25 | 08
#0789-d313 @A: 27 35 34 04 | 07
#0790-d313 @A: 04 25 27 18 | 03
#0791-d313 @A: 15 11 32 27 | 10
#0792-d313 @A: 27 10 12 20 | 04
#0793-d313 @A: 24 27 05 25 | 05
#0794-d313 @A: 20 01 32 06 | 06
#0795-d313 @A: 06 13 02 28 | 11
#0796-d313 @A: 31 06 10 25 | 09
#0797-d313 @A: 06 09 12 10 | 12
#0798-d313 @A: 28 33 12 06 | 02
#0799-d313 @A: 06 25 33 24 | 01
#0800-d313 @A: 10 16 02 18 | 08
#0801-d313 @A: 18 35 16 05 | 07
#0802-d313 @A: 31 16 20 10 | 03
#0803-d313 @A: 29 31 16 28 | 10
#0804-d313 @A: 18 34 13 04 | 04
#0805-d313 @A: 33 09 34 05 | 05
#0806-d313 @A: 18 01 11 32 | 06
#0807-d313 @A: 13 02 09 18 | 11
#0808-d313 @A: 13 18 17 11 | 09
#0809-d313 @A: 09 01 05 18 | 12
#0810-d313 @A: 04 05 14 18 | 02
#0811-d313 @A: 33 25 18 09 | 01
#0812-d313 @A: 14 20 18 28 | 08
#0813-d313 @A: 11 29 18 28 | 07
#0814-d313 @A: 32 04 35 31 | 03
#0815-d313 @A: 32 31 05 25 | 10
#0816-d313 @A: 24 32 33 35 | 04
#0817-d313 @A: 26 32 14 09 | 05
#0818-d313 @A: 32 14 05 11 | 06
#0819-d313 @A: 32 25 11 20 | 11
#0820-d313 @A: 24 02 13 25 | 09
#0821-d313 @A: 31 02 29 05 | 12
#0822-d313 @A: 01 02 35 05 | 02
#0823-d313 @A: 35 02 11 28 | 01
#0824-d313 @A: 04 02 05 25 | 08
#0825-d313 @A: 17 20 31 12 | 07
#0826-d313 @A: 14 31 24 17 | 03
#0827-d313 @A: 17 14 12 26 | 10
#0828-d313 @A: 05 17 26 33 | 04
#0829-d313 @A: 01 25 26 17 | 05
#0830-d313 @A: 11 04 26 17 | 06
#0831-d313 @A: 15 13 12 28 | 11
#0832-d313 @A: 13 35 24 15 | 09
#0833-d313 @A: 01 15 31 09 | 12
#0834-d313 @A: 01 15 35 20 | 02
#0835-d313 @A: 29 15 26 01 | 01
#0836-d313 @A: 20 13 35 14 | 08
#0837-d313 @A: 05 28 13 24 | 07
#0838-d313 @A: 26 09 13 04 | 03
#0839-d313 @A: 20 13 29 09 | 10
#0840-d313 @A: 14 11 10 12 | 04
#0841-d313 @A: 19 08 12 07 | 05
#0842-d313 @A: 19 07 28 02 | 06
#0843-d313 @A: 35 21 30 19 | 11
#0844-d313 @A: 30 19 25 27 | 09
#0845-d313 @A: 03 19 14 06 | 12
#0846-d313 @A: 01 19 14 23 | 02
#0847-d313 @A: 31 19 16 08 | 01
#0848-d313 @A: 21 17 20 19 | 08
#0849-d313 @A: 27 24 19 02 | 07
#0850-d313 @A: 19 06 09 34 | 03
#0851-d313 @A: 19 04 31 15 | 10
#0852-d313 @A: 31 19 14 26 | 04
#0853-d313 @A: 04 19 12 20 | 05
#0854-d313 @A: 24 26 19 01 | 06
#0855-d313 @A: 24 04 19 14 | 11
#0856-d313 @A: 22 13 25 07 | 09
#0857-d313 @A: 05 07 03 08 | 12
#0858-d313 @A: 15 09 03 07 | 02
#0859-d313 @A: 13 03 20 07 | 01
#0860-d313 @A: 05 07 23 34 | 08
#0861-d313 @A: 07 11 23 15 | 07
#0862-d313 @A: 13 35 23 07 | 03
#0863-d313 @A: 07 08 32 29 | 10
#0864-d313 @A: 06 27 07 26 | 04
#0865-d313 @A: 34 31 18 07 | 05
#0866-d313 @A: 12 18 07 32 | 06
#0867-d313 @A: 20 32 15 07 | 11
#0868-d313 @A: 07 26 24 10 | 09
#0869-d313 @A: 05 04 07 28 | 12
#0870-d313 @A: 07 20 10 29 | 02
#0871-d313 @A: 30 27 22 28 | 01
#0872-d313 @A: 22 14 23 03 | 08
#0873-d313 @A: 22 27 05 03 | 07
#0874-d313 @A: 03 28 34 22 | 03
#0875-d313 @A: 33 03 22 15 | 10
#0876-d313 @A: 17 22 31 08 | 04
#0877-d313 @A: 15 05 21 22 | 05
#0878-d313 @A: 22 04 06 17 | 06
#0879-d313 @A: 25 06 12 22 | 11
#0880-d313 @A: 06 28 14 22 | 09
#0881-d313 @A: 34 13 22 05 | 12
#0882-d313 @A: 14 05 02 22 | 02
#0883-d313 @A: 22 14 15 17 | 01
#0884-d313 @A: 22 05 24 04 | 08
#0885-d313 @A: 20 09 05 22 | 07
#0886-d313 @A: 29 28 20 22 | 03
#0887-d313 @A: 30 06 23 25 | 10
#0888-d313 @A: 32 10 30 23 | 04
#0889-d313 @A: 34 33 30 21 | 05
#0890-d313 @A: 18 24 21 30 | 06
#0891-d313 @A: 35 30 34 18 | 11
#0892-d313 @A: 34 02 30 04 | 09
#0893-d313 @A: 18 30 02 32 | 12
#0894-d313 @A: 32 11 30 33 | 02
#0895-d313 @A: 20 02 30 14 | 01
#0896-d313 @A: 30 05 25 20 | 08
#0897-d313 @A: 03 23 13 29 | 07
#0898-d313 @A: 08 18 24 03 | 03
#0899-d313 @A: 21 02 03 18 | 10
#0900-d313 @A: 01 03 34 06 | 04
#0901-d313 @A: 17 32 03 34 | 05
#0902-d313 @A: 31 03 29 12 | 06
#0903-d313 @A: 35 10 04 03 | 11
#0904-d313 @A: 28 03 10 33 | 09
#0905-d313 @A: 23 12 21 08 | 12
#0906-d313 @A: 08 23 20 18 | 02
#0907-d313 @A: 15 26 08 23 | 01
#0908-d313 @A: 06 21 28 23 | 08
#0909-d313 @A: 23 34 01 21 | 07
#0910-d313 @A: 10 21 23 18 | 03
#0911-d313 @A: 17 27 23 16 | 10
#0912-d313 @A: 28 27 32 23 | 04
#0913-d313 @A: 27 11 25 23 | 05
#0914-d313 @A: 04 16 15 23 | 06
#0915-d313 @A: 28 23 17 34 | 11
#0916-d313 @A: 18 23 15 35 | 09
#0917-d313 @A: 13 15 23 17 | 12
#0918-d313 @A: 10 23 09 25 | 02
#0919-d313 @A: 14 08 21 34 | 01
#0920-d313 @A: 21 08 32 01 | 08
#0921-d313 @A: 06 08 16 09 | 07
#0922-d313 @A: 11 26 08 16 | 03
#0923-d313 @A: 08 02 12 18 | 10
#0924-d313 @A: 04 10 31 08 | 04
#0925-d313 @A: 25 24 10 08 | 05
#0926-d313 @A: 27 21 34 09 | 06
#0927-d313 @A: 21 24 10 06 | 11
#0928-d313 @A: 21 16 28 32 | 09
#0929-d313 @A: 16 02 21 20 | 12
#0930-d313 @A: 31 17 16 21 | 02
#0931-d313 @A: 29 16 21 15 | 01
#0932-d313 @A: 34 10 21 13 | 08
#0933-d313 @A: 21 15 32 25 | 07
#0934-d313 @A: 17 13 21 28 | 03
#0935-d313 @A: 21 14 35 24 | 10
#0936-d313 @A: 25 10 21 05 | 04
#0937-d313 @A: 10 21 01 09 | 05
#0938-d313 @A: 28 29 27 35 | 06
#0939-d313 @A: 27 04 24 33 | 11
#0940-d313 @A: 34 20 06 18 | 09
#0941-d313 @A: 17 28 15 06 | 12
#0942-d313 @A: 06 20 26 31 | 02
#0943-d313 @A: 26 29 25 06 | 01
#0944-d313 @A: 34 14 13 16 | 08
#0945-d313 @A: 25 18 32 16 | 07
#0946-d313 @A: 16 18 24 13 | 03
#0947-d313 @A: 11 10 18 16 | 10
#0948-d313 @A: 17 16 32 10 | 04
#0949-d313 @A: 28 16 20 12 | 05
#0950-d313 @A: 25 04 26 16 | 06
#0951-d313 @A: 28 15 34 20 | 11
#0952-d313 @A: 11 31 34 04 | 09
#0953-d313 @A: 05 34 24 14 | 12
#0954-d313 @A: 33 26 34 28 | 02
#0955-d313 @A: 18 11 15 24 | 01
#0956-d313 @A: 12 29 18 33 | 08
#0957-d313 @A: 18 26 35 20 | 07
#0958-d313 @A: 32 13 15 02 | 03
#0959-d313 @A: 20 17 32 33 | 10
#0960-d313 @A: 12 32 35 05 | 04
#0961-d313 @A: 12 20 09 32 | 05
#0962-d313 @A: 14 28 32 33 | 06
#0963-d313 @A: 11 26 02 33 | 11
#0964-d313 @A: 01 09 02 20 | 09
#0965-d313 @A: 04 17 01 15 | 12
#0966-d313 @A: 12 28 17 05 | 02
#0967-d313 @A: 33 04 17 35 | 01
#0968-d313 @A: 24 28 14 15 | 08
#0969-d313 @A: 26 04 15 10 | 07
#0970-d313 @A: 20 04 09 15 | 03
#0971-d313 @A: 10 28 09 13 | 10
#0972-d313 @A: 29 11 20 33 | 04
#0973-d313 @A: 19 07 20 06 | 05
#0974-d313 @A: 25 19 15 07 | 06
#0975-d313 @A: 19 22 24 23 | 11
#0976-d313 @A: 01 03 19 30 | 09
#0977-d313 @A: 16 19 28 30 | 12
#0978-d313 @A: 29 30 19 18 | 02
#0979-d313 @A: 19 04 27 03 | 01
#0980-d313 @A: 33 19 23 21 | 08
#0981-d313 @A: 08 19 27 10 | 07
#0982-d313 @A: 08 13 19 29 | 03
#0983-d313 @A: 33 24 19 08 | 10
#0984-d313 @A: 26 21 11 19 | 04
#0985-d313 @A: 19 17 16 04 | 05
#0986-d313 @A: 12 17 19 02 | 06
#0987-d313 @A: 19 20 26 33 | 11
#0988-d313 @A: 08 07 22 14 | 09
#0989-d313 @A: 21 30 17 07 | 12
#0990-d313 @A: 30 26 34 07 | 02
#0991-d313 @A: 06 07 18 28 | 01
#0992-d313 @A: 07 35 16 11 | 08
#0993-d313 @A: 09 18 11 07 | 07
#0994-d313 @A: 09 07 01 32 | 03
#0995-d313 @A: 24 07 28 33 | 10
#0996-d313 @A: 25 10 07 04 | 04
#0997-d313 @A: 22 06 30 02 | 05
#0998-d313 @A: 30 22 14 18 | 06
#0999-d313 @A: 05 30 01 22 | 11
#1000-d313 @A: 22 10 04 30 | 09
#1001-d313 @A: 23 29 21 22 | 12
#1002-d313 @A: 02 32 21 22 | 02
#1003-d313 @A: 13 21 22 20 | 01
#1004-d313 @A: 22 12 21 01 | 08
#1005-d313 @A: 17 22 27 33 | 07
#1006-d313 @A: 34 29 22 06 | 03
#1007-d313 @A: 34 10 16 22 | 10
#1008-d313 @A: 16 20 15 22 | 04
#1009-d313 @A: 13 22 32 28 | 05
#1010-d313 @A: 13 29 22 02 | 06
#1011-d313 @A: 28 02 26 22 | 11
#1012-d313 @A: 10 24 11 22 | 09
#1013-d313 @A: 11 22 20 01 | 12
#1014-d313 @A: 30 08 35 03 | 02
#1015-d313 @A: 30 16 31 03 | 01
#1016-d313 @A: 03 12 30 09 | 08
#1017-d313 @A: 17 01 30 23 | 07
#1018-d313 @A: 09 18 30 08 | 03
#1019-d313 @A: 32 30 06 24 | 10
#1020-d313 @A: 30 06 09 17 | 04
#1021-d313 @A: 30 09 32 04 | 05
#1022-d313 @A: 30 35 04 05 | 06
#1023-d313 @A: 35 01 30 10 | 11
#1024-d313 @A: 23 35 06 03 | 09
#1025-d313 @A: 02 03 23 34 | 12
#1026-d313 @A: 33 23 18 03 | 02
#1027-d313 @A: 08 03 06 12 | 01
#1028-d313 @A: 13 03 33 21 | 08
#1029-d313 @A: 11 03 29 27 | 07
#1030-d313 @A: 25 06 03 02 | 03
#1031-d313 @A: 32 03 16 33 | 10
#1032-d313 @A: 05 03 35 34 | 04
#1033-d313 @A: 18 03 15 28 | 05
#1034-d313 @A: 15 31 03 32 | 06
#1035-d313 @A: 14 35 03 31 | 11
#1036-d313 @A: 25 24 35 03 | 09
#1037-d313 @A: 29 26 35 03 | 12
#1038-d313 @A: 09 14 03 29 | 02
#1039-d313 @A: 06 23 27 33 | 01
#1040-d313 @A: 23 06 16 26 | 08
#1041-d313 @A: 23 14 18 16 | 07
#1042-d313 @A: 02 23 32 20 | 03
#1043-d313 @A: 28 15 23 02 | 10
#1044-d313 @A: 12 05 31 23 | 04
#1045-d313 @A: 05 33 23 35 | 05
#1046-d313 @A: 24 28 10 23 | 06
#1047-d313 @A: 08 17 09 21 | 11
#1048-d313 @A: 08 27 16 20 | 09
#1049-d313 @A: 27 08 02 31 | 12
#1050-d313 @A: 35 15 08 27 | 02
#1051-d313 @A: 27 08 26 29 | 01
#1052-d313 @A: 08 14 27 25 | 08
#1053-d313 @A: 08 12 32 16 | 07
#1054-d313 @A: 35 25 08 16 | 03
#1055-d313 @A: 17 14 08 18 | 10
#1056-d313 @A: 25 17 32 08 | 04
#1057-d313 @A: 02 13 20 08 | 05
#1058-d313 @A: 04 08 02 14 | 06
#1059-d313 @A: 11 33 15 08 | 11
#1060-d313 @A: 05 13 08 10 | 09
#1061-d313 @A: 35 08 04 26 | 12
#1062-d313 @A: 01 08 25 29 | 02
#1063-d313 @A: 06 27 20 21 | 01
#1064-d313 @A: 21 15 27 04 | 08
#1065-d313 @A: 12 16 13 21 | 07
#1066-d313 @A: 04 21 32 17 | 03
#1067-d313 @A: 10 32 26 21 | 10
#1068-d313 @A: 15 10 02 21 | 04
#1069-d313 @A: 12 21 05 24 | 05
#1070-d313 @A: 21 35 05 20 | 06
#1071-d313 @A: 26 20 04 21 | 11
#1072-d313 @A: 05 09 21 04 | 09
#1073-d313 @A: 01 33 04 21 | 12
#1074-d313 @A: 27 04 06 14 | 02
#1075-d313 @A: 27 10 24 34 | 01
#1076-d313 @A: 18 02 27 28 | 08
#1077-d313 @A: 27 17 26 18 | 07
#1078-d313 @A: 18 35 27 13 | 03
#1079-d313 @A: 18 27 11 05 | 10
#1080-d313 @A: 27 12 24 17 | 04
#1081-d313 @A: 27 10 33 35 | 05
#1082-d313 @A: 17 05 06 16 | 06
#1083-d313 @A: 18 15 09 06 | 11
#1084-d313 @A: 02 32 33 06 | 09
#1085-d313 @A: 05 12 02 06 | 12
#1086-d313 @A: 33 15 06 35 | 02
#1087-d313 @A: 12 35 31 06 | 01
#1088-d313 @A: 10 05 06 29 | 08
#1089-d313 @A: 01 16 34 17 | 07
#1090-d313 @A: 16 32 31 13 | 03
#1091-d313 @A: 16 28 01 15 | 10
#1092-d313 @A: 16 26 24 31 | 04
#1093-d313 @A: 14 25 16 12 | 05
#1094-d313 @A: 28 33 16 35 | 06
#1095-d313 @A: 24 16 28 09 | 11
#1096-d313 @A: 31 24 32 34 | 09
#1097-d313 @A: 02 15 34 31 | 12
#1098-d313 @A: 29 34 26 17 | 02
#1099-d313 @A: 12 10 34 31 | 01
#1100-d313 @A: 28 31 04 34 | 08
#1101-d313 @A: 34 26 35 12 | 07
#1102-d313 @A: 01 34 35 33 | 03
#1103-d313 @A: 09 20 10 34 | 10
#1104-d313 @A: 02 35 31 18 | 04
#1105-d313 @A: 02 11 12 18 | 05
#1106-d313 @A: 04 18 26 12 | 06
#1107-d313 @A: 18 09 12 28 | 11
#1108-d313 @A: 12 32 17 15 | 09
#1109-d313 @A: 28 09 32 17 | 12
#1110-d313 @A: 35 14 32 25 | 02
#1111-d313 @A: 33 32 10 05 | 01
#1112-d313 @A: 26 12 09 02 | 08
#1113-d313 @A: 14 02 24 01 | 07
#1114-d313 @A: 17 35 31 29 | 03
#1115-d313 @A: 31 26 17 10 | 10
#1116-d313 @A: 17 04 24 26 | 04
#1117-d313 @A: 17 25 11 24 | 05
#1118-d313 @A: 05 17 29 09 | 06
#1119-d313 @A: 17 09 01 33 | 11
#1120-d313 @A: 13 09 15 14 | 09
#1121-d313 @A: 12 15 04 25 | 12
#1122-d313 @A: 25 15 33 10 | 02
#1123-d313 @A: 31 28 13 26 | 01
#1124-d313 @A: 04 24 13 11 | 08
#1125-d313 @A: 29 10 13 04 | 07
#1126-d313 @A: 29 13 33 28 | 03
#1127-d313 @A: 24 31 28 11 | 10
#1128-d313 @A: 12 28 25 11 | 04
#1129-d313 @A: 25 29 35 11 | 05
#1130-d313 @A: 22 01 19 25 | 06
#1131-d313 @A: 11 19 22 25 | 11
#1132-d313 @A: 19 09 02 30 | 09
#1133-d313 @A: 03 19 23 10 | 12
#1134-d313 @A: 03 12 16 19 | 02
#1135-d313 @A: 35 19 03 15 | 01
#1136-d313 @A: 01 08 06 19 | 08
#1137-d313 @A: 05 21 19 29 | 07
#1138-d313 @A: 19 27 33 14 | 03
#1139-d313 @A: 02 06 16 19 | 10
#1140-d313 @A: 29 15 06 19 | 04
#1141-d313 @A: 35 14 19 16 | 05
#1142-d313 @A: 18 01 34 19 | 06
#1143-d313 @A: 29 04 35 19 | 11
#1144-d313 @A: 20 29 19 24 | 09
#1145-d313 @A: 19 05 10 11 | 12
#1146-d313 @A: 23 07 04 21 | 02
#1147-d313 @A: 23 16 07 01 | 01
#1148-d313 @A: 06 31 07 08 | 08
#1149-d313 @A: 08 07 16 17 | 07
#1150-d313 @A: 02 08 07 25 | 03
#1151-d313 @A: 07 28 08 11 | 10
#1152-d313 @A: 07 15 35 21 | 04
#1153-d313 @A: 17 07 27 20 | 05
#1154-d313 @A: 02 31 07 16 | 06
#1155-d313 @A: 01 07 34 02 | 11
#1156-d313 @A: 07 18 17 10 | 09
#1157-d313 @A: 02 05 17 07 | 12
#1158-d313 @A: 04 15 07 02 | 02
#1159-d313 @A: 07 13 17 14 | 01
#1160-d313 @A: 17 24 07 09 | 08
#1161-d313 @A: 05 20 07 12 | 07
#1162-d313 @A: 10 07 33 09 | 03
#1163-d313 @A: 22 23 30 33 | 10
#1164-d313 @A: 09 21 22 30 | 04
#1165-d313 @A: 16 30 22 25 | 05
#1166-d313 @A: 23 22 27 09 | 06
#1167-d313 @A: 23 22 34 18 | 11
#1168-d313 @A: 26 23 22 01 | 09
#1169-d313 @A: 25 08 22 04 | 12
#1170-d313 @A: 06 22 35 32 | 02
#1171-d313 @A: 06 31 15 22 | 01
#1172-d313 @A: 12 02 22 34 | 08
#1173-d313 @A: 15 02 24 22 | 07
#1174-d313 @A: 11 14 17 22 | 03
#1175-d313 @A: 22 26 35 14 | 10
#1176-d313 @A: 09 29 22 01 | 04
#1177-d313 @A: 33 30 03 27 | 05
#1178-d313 @A: 23 15 09 30 | 06
#1179-d313 @A: 13 23 30 28 | 11
#1180-d313 @A: 30 26 21 16 | 09
#1181-d313 @A: 27 16 18 30 | 12
#1182-d313 @A: 01 15 27 30 | 02
#1183-d313 @A: 16 10 30 06 | 01
#1184-d313 @A: 01 06 14 30 | 08
#1185-d313 @A: 29 16 05 30 | 07
#1186-d313 @A: 18 30 31 11 | 03
#1187-d313 @A: 18 30 12 05 | 10
#1188-d313 @A: 30 05 32 17 | 04
#1189-d313 @A: 26 24 13 30 | 05
#1190-d313 @A: 28 30 31 35 | 06
#1191-d313 @A: 01 30 29 12 | 11
#1192-d313 @A: 14 33 26 30 | 09
#1193-d313 @A: 09 28 01 30 | 12
#1194-d313 @A: 01 25 30 33 | 02
#1195-d313 @A: 03 16 23 24 | 01
#1196-d313 @A: 03 25 28 08 | 08
#1197-d313 @A: 21 29 04 03 | 07
#1198-d313 @A: 27 13 03 01 | 03
#1199-d313 @A: 06 03 04 20 | 10
#1200-d313 @A: 20 16 03 34 | 04
#1201-d313 @A: 34 09 18 03 | 05
#1202-d313 @A: 05 03 18 13 | 06
#1203-d313 @A: 03 02 20 12 | 11
#1204-d313 @A: 31 17 03 11 | 09
#1205-d313 @A: 26 14 03 13 | 12
#1206-d313 @A: 24 14 33 03 | 02
#1207-d313 @A: 01 10 26 03 | 01
#1208-d313 @A: 27 08 23 11 | 08
#1209-d313 @A: 23 02 33 13 | 07
#1210-d313 @A: 23 17 05 04 | 03
#1211-d313 @A: 20 23 25 24 | 10
#1212-d313 @A: 29 05 25 23 | 04
#1213-d313 @A: 21 16 08 33 | 05
#1214-d313 @A: 18 01 08 27 | 06
#1215-d313 @A: 08 06 15 04 | 11
#1216-d313 @A: 13 12 08 34 | 09
#1217-d313 @A: 08 18 25 15 | 12
#1218-d313 @A: 09 08 15 32 | 02
#1219-d313 @A: 11 08 32 04 | 01
#1220-d313 @A: 13 17 08 01 | 08
#1221-d313 @A: 09 05 25 08 | 07
#1222-d313 @A: 29 33 05 08 | 03
#1223-d313 @A: 28 20 10 08 | 10
#1224-d313 @A: 31 27 32 21 | 04
#1225-d313 @A: 01 27 21 02 | 05
#1226-d313 @A: 31 21 27 11 | 06
#1227-d313 @A: 32 35 34 21 | 11
#1228-d313 @A: 21 01 35 31 | 09
#1229-d313 @A: 21 14 31 20 | 12
#1230-d313 @A: 04 27 02 16 | 02
#1231-d313 @A: 34 14 27 18 | 01
#1232-d313 @A: 29 34 27 15 | 08
#1233-d313 @A: 27 13 17 05 | 07
#1234-d313 @A: 11 13 33 27 | 03
#1235-d313 @A: 29 31 24 27 | 10
#1236-d313 @A: 20 35 27 24 | 04
#1237-d313 @A: 27 33 28 25 | 05
#1238-d313 @A: 06 12 18 24 | 06
#1239-d313 @A: 05 25 06 18 | 11
#1240-d313 @A: 13 32 05 06 | 09
#1241-d313 @A: 10 20 35 06 | 12
#1242-d313 @A: 24 05 01 06 | 02
#1243-d313 @A: 06 11 20 26 | 01
#1244-d313 @A: 06 09 25 14 | 08
#1245-d313 @A: 06 29 04 28 | 07
#1246-d313 @A: 18 20 16 33 | 03
#1247-d313 @A: 32 16 11 09 | 10
#1248-d313 @A: 11 02 16 17 | 04
#1249-d313 @A: 16 02 05 13 | 05
#1250-d313 @A: 12 09 16 17 | 06
#1251-d313 @A: 16 09 31 35 | 11
#1252-d313 @A: 20 16 29 26 | 09
#1253-d313 @A: 16 01 33 26 | 12
#1254-d313 @A: 26 28 16 14 | 02
#1255-d313 @A: 26 02 18 34 | 01
#1256-d313 @A: 10 33 18 34 | 08
#1257-d313 @A: 02 20 34 17 | 07
#1258-d313 @A: 34 02 10 14 | 03
#1259-d313 @A: 12 34 24 33 | 10
#1260-d313 @A: 01 10 04 34 | 04
#1261-d313 @A: 28 25 09 34 | 05
#1262-d313 @A: 13 32 18 20 | 06
#1263-d313 @A: 32 04 18 33 | 11
#1264-d313 @A: 18 26 31 25 | 09
#1265-d313 @A: 18 05 31 33 | 12
#1266-d313 @A: 11 35 20 18 | 02
#1267-d313 @A: 10 05 18 26 | 01
#1268-d313 @A: 04 10 09 18 | 08
#1269-d313 @A: 02 32 28 10 | 07
#1270-d313 @A: 12 28 32 25 | 03
#1271-d313 @A: 10 35 09 32 | 10
#1272-d313 @A: 29 26 24 32 | 04
#1273-d313 @A: 28 09 02 35 | 05
#1274-d313 @A: 02 25 14 26 | 06
#1275-d313 @A: 26 20 09 17 | 11
#1276-d313 @A: 15 01 10 13 | 09
#1277-d313 @A: 13 29 15 25 | 12
#1278-d313 @A: 10 24 15 31 | 02
#1279-d313 @A: 33 15 12 14 | 01
#1280-d313 @A: 20 24 15 33 | 08
#1281-d313 @A: 09 13 11 28 | 07
#1282-d313 @A: 01 24 11 35 | 03
#1283-d313 @A: 05 11 09 33 | 10
#1284-d313 @A: 19 01 35 07 | 04
#1285-d313 @A: 19 21 08 22 | 05
#1286-d313 @A: 14 30 19 17 | 06
#1287-d313 @A: 04 19 18 08 | 11
#1288-d313 @A: 25 08 19 26 | 09
#1289-d313 @A: 16 21 10 19 | 12
#1290-d313 @A: 19 13 15 27 | 02
#1291-d313 @A: 26 27 19 09 | 01
#1292-d313 @A: 25 06 19 32 | 08
#1293-d313 @A: 17 19 06 33 | 07
#1294-d313 @A: 15 11 19 02 | 03
#1295-d313 @A: 13 19 02 01 | 10
#1296-d313 @A: 24 19 35 31 | 04
#1297-d313 @A: 09 33 19 31 | 05
#1298-d313 @A: 26 05 35 19 | 06
#1299-d313 @A: 19 04 28 26 | 11
#1300-d313 @A: 03 12 07 22 | 09
#1301-d313 @A: 29 22 16 07 | 12
#1302-d313 @A: 33 02 03 07 | 02
#1303-d313 @A: 07 31 23 32 | 01
#1304-d313 @A: 28 08 21 07 | 08
#1305-d313 @A: 07 02 21 12 | 07
#1306-d313 @A: 07 06 17 32 | 03
#1307-d313 @A: 07 17 04 34 | 10
#1308-d313 @A: 34 28 12 07 | 04
#1309-d313 @A: 10 07 12 13 | 05
#1310-d313 @A: 29 24 01 07 | 06
#1311-d313 @A: 26 05 07 25 | 11
#1312-d313 @A: 06 30 22 11 | 09
#1313-d313 @A: 22 25 31 03 | 12
#1314-d313 @A: 22 25 15 23 | 02
#1315-d313 @A: 28 08 22 15 | 01
#1316-d313 @A: 12 08 11 22 | 08
#1317-d313 @A: 21 33 22 06 | 07
#1318-d313 @A: 13 22 04 27 | 03
#1319-d313 @A: 22 09 34 15 | 10
#1320-d313 @A: 25 22 18 02 | 04
#1321-d313 @A: 18 22 20 04 | 05
#1322-d313 @A: 32 17 24 22 | 06
#1323-d313 @A: 31 35 20 22 | 11
#1324-d313 @A: 22 25 24 26 | 09
#1325-d313 @A: 04 22 11 09 | 12
#1326-d313 @A: 14 04 22 33 | 02
#1327-d313 @A: 29 25 14 22 | 01
#1328-d313 @A: 34 03 14 30 | 08
#1329-d313 @A: 30 26 02 27 | 07
#1330-d313 @A: 30 17 27 35 | 03
#1331-d313 @A: 33 16 30 13 | 10
#1332-d313 @A: 15 18 30 04 | 04
#1333-d313 @A: 32 25 30 13 | 05
#1334-d313 @A: 15 30 11 04 | 06
#1335-d313 @A: 11 30 13 35 | 11
#1336-d313 @A: 31 09 30 10 | 09
#1337-d313 @A: 29 25 30 09 | 12
#1338-d313 @A: 34 08 03 26 | 02
#1339-d313 @A: 08 09 03 20 | 01
#1340-d313 @A: 27 21 24 03 | 08
#1341-d313 @A: 12 03 27 35 | 07
#1342-d313 @A: 15 13 06 03 | 03
#1343-d313 @A: 33 06 03 26 | 10
#1344-d313 @A: 34 25 03 13 | 04
#1345-d313 @A: 29 03 34 10 | 05
#1346-d313 @A: 32 03 05 01 | 06
#1347-d313 @A: 14 17 02 03 | 11
#1348-d313 @A: 17 35 20 03 | 09
#1349-d313 @A: 11 13 26 03 | 12
#1350-d313 @A: 03 26 25 09 | 02
#1351-d313 @A: 33 08 23 32 | 01
#1352-d313 @A: 02 26 23 31 | 08
#1353-d313 @A: 28 23 20 31 | 07
#1354-d313 @A: 23 31 04 01 | 03
#1355-d313 @A: 29 33 23 10 | 10
#1356-d313 @A: 11 23 10 01 | 04
#1357-d313 @A: 01 33 20 23 | 05
#1358-d313 @A: 21 02 29 08 | 06
#1359-d313 @A: 06 28 27 08 | 11
#1360-d313 @A: 13 27 08 33 | 09
#1361-d313 @A: 08 34 15 01 | 12
#1362-d313 @A: 13 02 08 11 | 02
#1363-d313 @A: 10 12 15 08 | 01
#1364-d313 @A: 10 26 08 33 | 08
#1365-d313 @A: 12 27 26 21 | 07
#1366-d313 @A: 35 16 21 06 | 03
#1367-d313 @A: 18 04 16 21 | 10
#1368-d313 @A: 21 34 26 15 | 04
#1369-d313 @A: 20 32 21 24 | 05
#1370-d313 @A: 05 26 21 02 | 06
#1371-d313 @A: 21 15 09 33 | 11
#1372-d313 @A: 21 09 13 25 | 09
#1373-d313 @A: 33 20 29 21 | 12
#1374-d313 @A: 11 17 27 34 | 02
#1375-d313 @A: 27 15 18 10 | 01
#1376-d313 @A: 26 04 32 27 | 08
#1377-d313 @A: 27 20 15 05 | 07
#1378-d313 @A: 27 28 31 05 | 03
#1379-d313 @A: 27 09 14 31 | 10
#1380-d313 @A: 06 34 16 04 | 04
#1381-d313 @A: 06 15 34 14 | 05
#1382-d313 @A: 14 02 06 18 | 06
#1383-d313 @A: 26 18 13 06 | 11
#1384-d313 @A: 32 28 06 31 | 09
#1385-d313 @A: 06 29 17 02 | 12
#1386-d313 @A: 13 11 25 06 | 02
#1387-d313 @A: 29 31 06 09 | 01
#1388-d313 @A: 06 35 11 05 | 08
#1389-d313 @A: 06 09 24 20 | 07
#1390-d313 @A: 04 11 28 06 | 03
#1391-d313 @A: 17 16 14 20 | 10
#1392-d313 @A: 16 31 12 01 | 04
#1393-d313 @A: 16 24 12 04 | 05
#1394-d313 @A: 05 16 28 25 | 06
#1395-d313 @A: 16 09 25 20 | 11
#1396-d313 @A: 34 05 18 17 | 09
#1397-d313 @A: 02 13 34 35 | 12
#1398-d313 @A: 34 15 25 17 | 02
#1399-d313 @A: 34 10 13 11 | 01
#1400-d313 @A: 05 20 34 31 | 08
#1401-d313 @A: 34 05 12 04 | 07
#1402-d313 @A: 35 34 10 25 | 03
#1403-d313 @A: 04 25 34 24 | 10
#1404-d313 @A: 34 20 05 11 | 04
#1405-d313 @A: 09 34 01 11 | 05
#1406-d313 @A: 17 18 04 02 | 06
#1407-d313 @A: 25 18 29 35 | 11
#1408-d313 @A: 18 29 20 05 | 09
#1409-d313 @A: 25 29 02 32 | 12
#1410-d313 @A: 35 13 29 32 | 02
#1411-d313 @A: 28 35 20 32 | 01
#1412-d313 @A: 05 32 14 20 | 08
#1413-d313 @A: 10 01 32 25 | 07
#1414-d313 @A: 17 15 35 02 | 03
#1415-d313 @A: 10 12 02 25 | 10
#1416-d313 @A: 26 33 02 29 | 04
#1417-d313 @A: 24 29 10 17 | 05
#1418-d313 @A: 17 10 05 20 | 06
#1419-d313 @A: 13 26 15 33 | 11
#1420-d313 @A: 15 35 25 05 | 09
#1421-d313 @A: 09 05 24 15 | 12
#1422-d313 @A: 05 33 01 15 | 02
#1423-d313 @A: 09 29 10 15 | 01
#1424-d313 @A: 15 20 10 14 | 08
#1425-d313 @A: 20 10 11 15 | 07
#1426-d313 @A: 28 01 11 15 | 03
#1427-d313 @A: 15 01 25 14 | 10
#1428-d313 @A: 31 13 33 10 | 04
#1429-d313 @A: 13 24 01 33 | 05
#1430-d313 @A: 31 26 11 25 | 06
#1431-d313 @A: 24 20 09 11 | 11
#1432-d313 @A: 13 33 19 07 | 09
#1433-d313 @A: 24 19 07 05 | 12
#1434-d313 @A: 17 22 19 05 | 02
#1435-d313 @A: 22 19 28 09 | 01
#1436-d313 @A: 15 19 30 33 | 08
#1437-d313 @A: 19 08 02 03 | 07
#1438-d313 @A: 32 19 08 05 | 03
#1439-d313 @A: 27 19 06 05 | 10
#1440-d313 @A: 32 35 27 19 | 04
#1441-d313 @A: 28 19 24 06 | 05
#1442-d313 @A: 15 24 19 16 | 06
#1443-d313 @A: 17 24 19 18 | 11
#1444-d313 @A: 19 11 32 31 | 09
#1445-d313 @A: 19 25 29 31 | 12
#1446-d313 @A: 10 28 19 12 | 02
#1447-d313 @A: 19 05 28 20 | 01
#1448-d313 @A: 30 07 16 35 | 08
#1449-d313 @A: 07 13 04 30 | 07
#1450-d313 @A: 27 34 07 08 | 03
#1451-d313 @A: 01 27 33 07 | 10
#1452-d313 @A: 16 18 07 09 | 04
#1453-d313 @A: 14 16 05 07 | 05
#1454-d313 @A: 09 07 29 34 | 06
#1455-d313 @A: 18 15 33 07 | 11
#1456-d313 @A: 17 11 20 07 | 09
#1457-d313 @A: 33 07 35 31 | 12
#1458-d313 @A: 31 07 24 25 | 02
#1459-d313 @A: 29 12 07 14 | 01
#1460-d313 @A: 20 07 33 14 | 08
#1461-d313 @A: 03 22 18 06 | 07
#1462-d313 @A: 04 16 03 22 | 03
#1463-d313 @A: 21 04 22 28 | 10
#1464-d313 @A: 22 27 24 18 | 04
#1465-d313 @A: 26 04 34 22 | 05
#1466-d313 @A: 22 17 18 09 | 06
#1467-d313 @A: 22 12 33 31 | 11
#1468-d313 @A: 12 05 29 22 | 09
#1469-d313 @A: 09 22 14 24 | 12
#1470-d313 @A: 10 28 25 22 | 02
#1471-d313 @A: 21 08 27 30 | 01
#1472-d313 @A: 11 30 08 17 | 08
#1473-d313 @A: 21 13 30 01 | 07
#1474-d313 @A: 30 20 10 21 | 03
#1475-d313 @A: 31 30 06 27 | 10
#1476-d313 @A: 27 12 14 30 | 04
#1477-d313 @A: 06 30 33 18 | 05
#1478-d313 @A: 12 28 30 24 | 06
#1479-d313 @A: 09 26 05 30 | 11
#1480-d313 @A: 30 28 14 05 | 09
#1481-d313 @A: 30 01 25 11 | 12
#1482-d313 @A: 23 03 31 17 | 02
#1483-d313 @A: 17 21 05 03 | 01
#1484-d313 @A: 03 13 35 16 | 08
#1485-d313 @A: 35 01 18 03 | 07
#1486-d313 @A: 03 25 10 18 | 03
#1487-d313 @A: 26 03 15 24 | 10
#1488-d313 @A: 03 31 01 24 | 04
#1489-d313 @A: 25 11 05 03 | 05
#1490-d313 @A: 08 02 23 01 | 06
#1491-d313 @A: 21 27 35 23 | 11
#1492-d313 @A: 24 23 02 21 | 09
#1493-d313 @A: 15 14 27 23 | 12
#1494-d313 @A: 09 06 32 23 | 02
#1495-d313 @A: 34 32 23 04 | 01
#1496-d313 @A: 18 23 28 25 | 08
#1497-d313 @A: 14 11 23 18 | 07
#1498-d313 @A: 23 17 09 02 | 03
#1499-d313 @A: 24 33 23 17 | 10
#1500-d313 @A: 12 23 35 29 | 04
#1501-d313 @A: 20 09 35 23 | 05
#1502-d313 @A: 23 28 05 01 | 06
#1503-d313 @A: 35 06 17 08 | 11
#1504-d313 @A: 15 08 16 13 | 09
#1505-d313 @A: 01 10 16 08 | 12
#1506-d313 @A: 34 29 18 08 | 02
#1507-d313 @A: 34 02 08 05 | 01
#1508-d313 @A: 35 34 08 31 | 08
#1509-d313 @A: 17 28 26 08 | 07
#1510-d313 @A: 08 31 28 12 | 03
#1511-d313 @A: 29 08 35 10 | 10
#1512-d313 @A: 14 08 24 20 | 04
#1513-d313 @A: 09 10 08 14 | 05
#1514-d313 @A: 04 01 28 08 | 06
#1515-d313 @A: 05 06 34 21 | 11
#1516-d313 @A: 29 06 21 01 | 09
#1517-d313 @A: 28 34 02 21 | 12
#1518-d313 @A: 13 21 14 32 | 02
#1519-d313 @A: 14 12 21 28 | 01
#1520-d313 @A: 14 01 21 05 | 08
#1521-d313 @A: 06 32 16 27 | 07
#1522-d313 @A: 06 15 27 24 | 03
#1523-d313 @A: 27 28 34 16 | 10
#1524-d313 @A: 02 17 27 25 | 04
#1525-d313 @A: 12 27 15 02 | 05
#1526-d313 @A: 27 31 33 26 | 06
#1527-d313 @A: 27 10 14 28 | 11
#1528-d313 @A: 27 04 09 28 | 09
#1529-d313 @A: 26 32 34 06 | 12
#1530-d313 @A: 18 06 31 17 | 02
#1531-d313 @A: 06 20 02 15 | 01
#1532-d313 @A: 10 14 06 17 | 08
#1533-d313 @A: 14 29 06 33 | 07
#1534-d313 @A: 29 16 04 14 | 03
#1535-d313 @A: 15 34 18 24 | 10
#1536-d313 @A: 05 15 34 32 | 04
#1537-d313 @A: 13 24 17 34 | 05
#1538-d313 @A: 34 17 33 14 | 06
#1539-d313 @A: 20 34 04 14 | 11
#1540-d313 @A: 14 28 34 29 | 09
#1541-d313 @A: 24 32 05 18 | 12
#1542-d313 @A: 17 18 15 20 | 02
#1543-d313 @A: 35 14 18 33 | 01
#1544-d313 @A: 18 14 25 24 | 08
#1545-d313 @A: 20 32 04 25 | 07
#1546-d313 @A: 12 28 29 02 | 03
#1547-d313 @A: 12 11 02 04 | 10
#1548-d313 @A: 02 26 04 01 | 04
#1549-d313 @A: 29 17 25 04 | 05
#1550-d313 @A: 13 15 04 05 | 06
#1551-d313 @A: 25 31 15 28 | 11
#1552-d313 @A: 24 15 04 29 | 09
#1553-d313 @A: 31 13 01 11 | 12
#1554-d313 @A: 20 25 10 13 | 02
#1555-d313 @A: 33 31 25 11 | 01
#1556-d313 @A: 26 11 14 28 | 08
#1557-d313 @A: 07 12 11 19 | 07
#1558-d313 @A: 18 19 16 22 | 03
#1559-d313 @A: 32 33 22 19 | 10
#1560-d313 @A: 13 19 14 22 | 04
#1561-d313 @A: 19 30 23 26 | 05
#1562-d313 @A: 32 23 29 19 | 06
#1563-d313 @A: 34 19 11 08 | 11
#1564-d313 @A: 21 34 04 19 | 09
#1565-d313 @A: 18 19 12 27 | 12
#1566-d313 @A: 31 20 27 19 | 02
#1567-d313 @A: 06 35 19 18 | 01
#1568-d313 @A: 13 11 16 19 | 08
#1569-d313 @A: 02 19 34 29 | 07
#1570-d313 @A: 10 18 32 19 | 03
#1571-d313 @A: 28 18 33 19 | 10
#1572-d313 @A: 19 01 31 28 | 04
#1573-d313 @A: 29 26 12 19 | 05
#1574-d313 @A: 04 09 25 19 | 06
#1575-d313 @A: 19 04 01 11 | 11
#1576-d313 @A: 22 07 30 31 | 09
#1577-d313 @A: 22 09 07 06 | 12
#1578-d313 @A: 33 22 34 07 | 02
#1579-d313 @A: 07 22 32 05 | 01
#1580-d313 @A: 07 30 20 09 | 08
#1581-d313 @A: 03 21 07 31 | 07
#1582-d313 @A: 07 03 11 04 | 03
#1583-d313 @A: 10 23 07 08 | 10
#1584-d313 @A: 07 29 15 23 | 04
#1585-d313 @A: 08 26 07 20 | 05
#1586-d313 @A: 02 27 07 09 | 06
#1587-d313 @A: 31 13 27 07 | 11
#1588-d313 @A: 07 06 16 33 | 09
#1589-d313 @A: 15 07 06 05 | 12
#1590-d313 @A: 16 32 07 04 | 02
#1591-d313 @A: 31 07 29 26 | 01
#1592-d313 @A: 01 04 07 12 | 08
#1593-d313 @A: 30 35 24 22 | 07
#1594-d313 @A: 22 13 24 03 | 03
#1595-d313 @A: 22 11 23 21 | 10
#1596-d313 @A: 17 23 10 22 | 04
#1597-d313 @A: 08 12 22 27 | 05
#1598-d313 @A: 11 27 22 02 | 06
#1599-d313 @A: 16 17 35 22 | 11
#1600-d313 @A: 01 31 18 22 | 09
#1601-d313 @A: 02 17 01 22 | 12
#1602-d313 @A: 12 13 22 17 | 02
#1603-d313 @A: 20 17 22 25 | 01
#1604-d313 @A: 03 05 30 23 | 08
#1605-d313 @A: 03 21 06 30 | 07
#1606-d313 @A: 03 17 04 30 | 03
#1607-d313 @A: 30 13 10 03 | 10
#1608-d313 @A: 27 04 23 30 | 04
#1609-d313 @A: 16 08 04 30 | 05
#1610-d313 @A: 30 02 16 01 | 06
#1611-d313 @A: 13 29 34 30 | 11
#1612-d313 @A: 20 30 35 12 | 09
#1613-d313 @A: 30 26 10 12 | 12
#1614-d313 @A: 30 14 35 09 | 02
#1615-d313 @A: 10 05 24 30 | 01
#1616-d313 @A: 29 14 24 30 | 08
#1617-d313 @A: 20 28 26 30 | 07
#1618-d313 @A: 04 30 20 33 | 03
#1619-d313 @A: 23 26 27 03 | 10
#1620-d313 @A: 18 03 20 27 | 04
#1621-d313 @A: 03 15 27 25 | 05
#1622-d313 @A: 11 06 32 03 | 06
#1623-d313 @A: 02 03 26 32 | 11
#1624-d313 @A: 09 13 03 17 | 09
#1625-d313 @A: 33 35 03 09 | 12
#1626-d313 @A: 01 20 03 29 | 02
#1627-d313 @A: 08 27 23 05 | 01
#1628-d313 @A: 29 01 27 23 | 08
#1629-d313 @A: 04 18 06 23 | 07
#1630-d313 @A: 06 23 11 12 | 03
#1631-d313 @A: 23 35 16 32 | 10
#1632-d313 @A: 23 05 02 18 | 04
#1633-d313 @A: 18 29 17 23 | 05
#1634-d313 @A: 23 02 12 14 | 06
#1635-d313 @A: 09 11 23 02 | 11
#1636-d313 @A: 17 23 35 26 | 09
#1637-d313 @A: 05 11 23 13 | 12
#1638-d313 @A: 23 33 31 14 | 02
#1639-d313 @A: 26 23 05 24 | 01
#1640-d313 @A: 10 04 23 20 | 08
#1641-d313 @A: 29 14 20 23 | 07
#1642-d313 @A: 23 28 33 11 | 03
#1643-d313 @A: 14 08 06 32 | 10
#1644-d313 @A: 02 35 32 08 | 04
#1645-d313 @A: 33 15 02 08 | 05
#1646-d313 @A: 08 24 01 35 | 06
#1647-d313 @A: 35 20 08 33 | 11
#1648-d313 @A: 08 09 25 11 | 09
#1649-d313 @A: 26 17 21 06 | 12
#1650-d313 @A: 21 34 29 31 | 02
#1651-d313 @A: 21 12 20 18 | 01
#1652-d313 @A: 29 26 14 21 | 08
#1653-d313 @A: 21 28 33 05 | 07
#1654-d313 @A: 27 06 11 01 | 03
#1655-d313 @A: 27 34 33 02 | 10
#1656-d313 @A: 27 02 13 14 | 04
#1657-d313 @A: 12 27 05 33 | 05
#1658-d313 @A: 29 09 12 27 | 06
#1659-d313 @A: 27 14 05 29 | 11
#1660-d313 @A: 04 20 11 27 | 09
#1661-d313 @A: 17 12 06 34 | 12
#1662-d313 @A: 26 05 16 34 | 02
#1663-d313 @A: 31 15 18 16 | 01
#1664-d313 @A: 17 16 26 02 | 08
#1665-d313 @A: 13 16 17 29 | 07
#1666-d313 @A: 26 09 16 10 | 03
#1667-d313 @A: 20 14 11 16 | 10
#1668-d313 @A: 35 15 34 11 | 04
#1669-d313 @A: 12 09 14 34 | 05
#1670-d313 @A: 28 05 10 34 | 06
#1671-d313 @A: 18 32 17 35 | 11
#1672-d313 @A: 18 31 09 20 | 09
#1673-d313 @A: 11 10 02 32 | 12
#1674-d313 @A: 32 09 25 24 | 02
#1675-d313 @A: 24 35 26 02 | 01
#1676-d313 @A: 29 24 02 09 | 08
#1677-d313 @A: 04 02 24 28 | 07
#1678-d313 @A: 24 11 02 29 | 03
#1679-d313 @A: 01 31 05 17 | 10
#1680-d313 @A: 01 17 35 12 | 04
#1681-d313 @A: 04 12 10 17 | 05
#1682-d313 @A: 17 14 35 28 | 06
#1683-d313 @A: 31 20 15 13 | 11
#1684-d313 @A: 20 15 26 25 | 09
#1685-d313 @A: 01 29 31 13 | 12
#1686-d313 @A: 13 29 26 05 | 02
#1687-d313 @A: 25 13 04 33 | 01
#1688-d313 @A: 35 31 11 09 | 08
#1689-d313 @A: 29 05 31 11 | 07
