#0001-d134 @A: 20 17 31 04 | 05
#0002-d134 @A: 28 31 04 02 | 02
#0003-d134 @A: 10 04 18 21 | 07
#0004-d134 @A: 01 18 04 06 | 10
#0005-d134 @A: 11 13 07 04 | 06
#0006-d134 @A: 20 03 02 04 | 01
#0007-d134 @A: 26 04 02 08 | 03
#0008-d134 @A: 19 16 13 04 | 11
#0009-d134 @A: 04 24 15 34 | 04
#0010-d134 @A: 35 04 22 08 | 09
#0011-d134 @A: 22 13 04 17 | 08
#0012-d134 @A: 21 27 28 24 | 12
#0013-d134 @A: 05 27 32 09 | 05
#0014-d134 @A: 27 30 32 06 | 02
#0015-d134 @A: 28 27 22 09 | 07
#0016-d134 @A: 27 35 15 13 | 10
#0017-d134 @A: 30 27 01 08 | 06
#0018-d134 @A: 21 31 01 10 | 01
#0019-d134 @A: 31 07 18 30 | 03
#0020-d134 @A: 18 26 12 31 | 11
#0021-d134 @A: 32 31 24 26 | 04
#0022-d134 @A: 08 31 09 32 | 09
#0023-d134 @A: 31 20 15 33 | 08
#0024-d134 @A: 07 29 16 31 | 12
#0025-d134 @A: 31 29 20 10 | 05
#0026-d134 @A: 31 29 34 26 | 02
#0027-d134 @A: 26 15 30 31 | 07
#0028-d134 @A: 16 22 31 08 | 10
#0029-d134 @A: 31 24 05 01 | 06
#0030-d134 @A: 10 05 31 22 | 01
#0031-d134 @A: 18 29 21 03 | 03
#0032-d134 @A: 32 20 12 21 | 11
#0033-d134 @A: 32 34 28 21 | 04
#0034-d134 @A: 13 14 21 28 | 09
#0035-d134 @A: 09 30 14 21 | 08
#0036-d134 @A: 26 09 15 21 | 12
#0037-d134 @A: 29 34 09 21 | 05
#0038-d134 @A: 11 21 25 19 | 02
#0039-d134 @A: 01 21 15 19 | 07
#0040-d134 @A: 06 21 12 28 | 10
#0041-d134 @A: 02 21 28 05 | 06
#0042-d134 @A: 25 10 21 30 | 01
#0043-d134 @A: 21 08 06 17 | 03
#0044-d134 @A: 19 01 18 11 | 11
#0045-d134 @A: 34 22 28 18 | 04
#0046-d134 @A: 28 12 24 18 | 09
#0047-d134 @A: 18 13 09 30 | 08
#0048-d134 @A: 18 08 15 01 | 12
#0049-d134 @A: 33 01 32 20 | 05
#0050-d134 @A: 14 32 24 07 | 02
#0051-d134 @A: 07 10 29 32 | 07
#0052-d134 @A: 07 08 16 32 | 10
#0053-d134 @A: 20 32 08 15 | 06
#0054-d134 @A: 28 06 32 14 | 01
#0055-d134 @A: 02 32 09 29 | 03
#0056-d134 @A: 03 32 35 29 | 11
#0057-d134 @A: 05 03 32 19 | 04
#0058-d134 @A: 24 09 23 32 | 09
#0059-d134 @A: 09 16 32 11 | 08
#0060-d134 @A: 25 35 34 32 | 12
#0061-d134 @A: 12 35 32 13 | 05
#0062-d134 @A: 24 13 32 34 | 02
#0063-d134 @A: 12 30 32 02 | 07
#0064-d134 @A: 17 03 32 22 | 10
#0065-d134 @A: 20 19 10 33 | 06
#0066-d134 @A: 01 33 29 23 | 01
#0067-d134 @A: 33 15 23 19 | 03
#0068-d134 @A: 33 22 11 23 | 11
#0069-d134 @A: 09 01 16 33 | 04
#0070-d134 @A: 01 30 33 03 | 09
#0071-d134 @A: 03 06 33 34 | 08
#0072-d134 @A: 35 14 26 07 | 12
#0073-d134 @A: 29 01 14 07 | 05
#0074-d134 @A: 13 34 07 14 | 02
#0075-d134 @A: 07 24 05 14 | 07
#0076-d134 @A: 28 22 07 13 | 10
#0077-d134 @A: 07 02 09 06 | 06
#0078-d134 @A: 25 07 03 22 | 01
#0079-d134 @A: 15 35 07 08 | 03
#0080-d134 @A: 30 07 35 02 | 11
#0081-d134 @A: 15 29 28 20 | 04
#0082-d134 @A: 20 34 19 09 | 09
#0083-d134 @A: 06 01 35 20 | 08
#0084-d134 @A: 20 22 08 17 | 12
#0085-d134 @A: 26 14 16 01 | 05
#0086-d134 @A: 22 30 25 14 | 02
#0087-d134 @A: 06 15 34 14 | 07
#0088-d134 @A: 35 12 08 14 | 10
#0089-d134 @A: 01 14 02 22 | 06
#0090-d134 @A: 24 12 14 17 | 01
#0091-d134 @A: 24 19 16 26 | 03
#0092-d134 @A: 16 28 26 34 | 11
#0093-d134 @A: 16 05 23 26 | 04
#0094-d134 @A: 15 23 35 26 | 09
#0095-d134 @A: 24 17 25 26 | 08
#0096-d134 @A: 26 24 35 02 | 12
#0097-d134 @A: 19 28 29 24 | 05
#0098-d134 @A: 29 16 19 01 | 02
#0099-d134 @A: 19 12 29 11 | 07
#0100-d134 @A: 29 25 28 13 | 10
#0101-d134 @A: 29 16 06 35 | 06
#0102-d134 @A: 29 15 01 12 | 01
#0103-d134 @A: 29 24 13 35 | 03
#0104-d134 @A: 24 02 29 30 | 11
#0105-d134 @A: 06 29 01 02 | 04
#0106-d134 @A: 10 29 34 12 | 09
#0107-d134 @A: 15 12 19 30 | 08
#0108-d134 @A: 28 17 35 11 | 12
#0109-d134 @A: 35 12 25 28 | 05
#0110-d134 @A: 03 01 22 28 | 02
#0111-d134 @A: 17 10 24 28 | 07
#0112-d134 @A: 08 09 06 23 | 10
#0113-d134 @A: 01 23 25 17 | 06
#0114-d134 @A: 01 13 23 22 | 01
#0115-d134 @A: 17 05 13 23 | 03
#0116-d134 @A: 12 16 02 35 | 11
#0117-d134 @A: 25 22 09 11 | 04
#0118-d134 @A: 17 11 10 25 | 09
#0119-d134 @A: 15 10 11 03 | 08
#0120-d134 @A: 35 06 11 10 | 12
#0121-d134 @A: 12 22 13 11 | 05
#0122-d134 @A: 11 05 12 13 | 02
#0123-d134 @A: 24 11 12 03 | 07
#0124-d134 @A: 25 08 30 05 | 10
#0125-d134 @A: 05 34 30 06 | 06
#0126-d134 @A: 24 30 03 05 | 01
#0127-d134 @A: 29 26 27 04 | 03
#0128-d134 @A: 23 04 27 24 | 11
#0129-d134 @A: 04 16 27 25 | 04
#0130-d134 @A: 09 04 08 27 | 09
#0131-d134 @A: 04 27 01 13 | 08
#0132-d134 @A: 04 34 09 31 | 12
#0133-d134 @A: 21 29 13 04 | 05
#0134-d134 @A: 04 14 03 18 | 02
#0135-d134 @A: 13 18 28 04 | 07
#0136-d134 @A: 04 12 32 11 | 10
#0137-d134 @A: 33 04 13 02 | 06
#0138-d134 @A: 29 12 04 07 | 01
#0139-d134 @A: 30 07 04 05 | 03
#0140-d134 @A: 20 16 29 04 | 11
#0141-d134 @A: 22 04 20 25 | 04
#0142-d134 @A: 09 15 29 04 | 09
#0143-d134 @A: 10 25 04 24 | 08
#0144-d134 @A: 04 05 35 03 | 12
#0145-d134 @A: 04 06 34 13 | 05
#0146-d134 @A: 27 06 21 22 | 02
#0147-d134 @A: 27 15 32 16 | 07
#0148-d134 @A: 16 26 27 33 | 10
#0149-d134 @A: 20 10 27 02 | 06
#0150-d134 @A: 06 26 27 19 | 01
#0151-d134 @A: 27 05 06 19 | 03
#0152-d134 @A: 17 16 02 27 | 11
#0153-d134 @A: 25 35 27 02 | 04
#0154-d134 @A: 14 31 01 32 | 09
#0155-d134 @A: 26 07 31 03 | 08
#0156-d134 @A: 25 31 34 07 | 12
#0157-d134 @A: 31 14 25 09 | 05
#0158-d134 @A: 10 26 31 28 | 02
#0159-d134 @A: 24 28 31 11 | 07
#0160-d134 @A: 31 03 23 01 | 10
#0161-d134 @A: 01 25 30 31 | 06
#0162-d134 @A: 22 15 31 13 | 01
#0163-d134 @A: 13 31 05 34 | 03
#0164-d134 @A: 12 02 03 31 | 11
#0165-d134 @A: 21 18 32 01 | 04
#0166-d134 @A: 21 07 18 14 | 09
#0167-d134 @A: 16 12 21 18 | 08
#0168-d134 @A: 32 21 33 13 | 12
#0169-d134 @A: 21 14 01 33 | 05
#0170-d134 @A: 21 08 33 29 | 02
#0171-d134 @A: 28 21 30 33 | 07
#0172-d134 @A: 21 05 33 16 | 10
#0173-d134 @A: 14 29 21 24 | 06
#0174-d134 @A: 35 14 21 11 | 01
#0175-d134 @A: 26 10 23 21 | 03
#0176-d134 @A: 11 26 02 21 | 11
#0177-d134 @A: 09 23 01 21 | 04
#0178-d134 @A: 16 09 21 17 | 09
#0179-d134 @A: 35 15 22 21 | 08
#0180-d134 @A: 30 15 34 21 | 12
#0181-d134 @A: 21 03 30 02 | 05
#0182-d134 @A: 02 22 12 21 | 02
#0183-d134 @A: 26 18 33 03 | 07
#0184-d134 @A: 35 24 07 18 | 10
#0185-d134 @A: 18 20 17 23 | 06
#0186-d134 @A: 15 18 20 35 | 01
#0187-d134 @A: 23 08 18 14 | 03
#0188-d134 @A: 19 29 06 18 | 11
#0189-d134 @A: 18 11 28 15 | 04
#0190-d134 @A: 16 11 18 06 | 09
#0191-d134 @A: 06 18 05 09 | 08
#0192-d134 @A: 30 12 25 18 | 12
#0193-d134 @A: 34 10 18 30 | 05
#0194-d134 @A: 02 01 18 12 | 02
#0195-d134 @A: 03 18 06 17 | 07
#0196-d134 @A: 18 22 05 24 | 10
#0197-d134 @A: 33 17 14 32 | 06
#0198-d134 @A: 19 32 34 07 | 01
#0199-d134 @A: 30 11 32 07 | 03
#0200-d134 @A: 20 32 14 02 | 11
#0201-d134 @A: 32 09 03 20 | 04
#0202-d134 @A: 32 03 19 26 | 09
#0203-d134 @A: 26 32 28 35 | 08
#0204-d134 @A: 03 28 32 16 | 12
#0205-d134 @A: 32 11 28 10 | 05
#0206-d134 @A: 24 01 10 32 | 02
#0207-d134 @A: 07 12 13 33 | 07
#0208-d134 @A: 06 13 33 20 | 10
#0209-d134 @A: 26 06 14 33 | 06
#0210-d134 @A: 11 13 14 33 | 01
#0211-d134 @A: 33 12 29 06 | 03
#0212-d134 @A: 28 05 12 33 | 11
#0213-d134 @A: 13 16 33 23 | 04
#0214-d134 @A: 22 33 15 08 | 09
#0215-d134 @A: 10 33 13 35 | 08
#0216-d134 @A: 35 12 30 33 | 12
#0217-d134 @A: 33 22 35 02 | 05
#0218-d134 @A: 13 33 22 03 | 02
#0219-d134 @A: 29 34 07 11 | 07
#0220-d134 @A: 12 23 07 35 | 10
#0221-d134 @A: 01 07 15 13 | 06
#0222-d134 @A: 02 15 07 34 | 01
#0223-d134 @A: 07 03 24 15 | 03
#0224-d134 @A: 07 13 10 24 | 11
#0225-d134 @A: 07 34 08 01 | 04
#0226-d134 @A: 23 35 14 20 | 09
#0227-d134 @A: 20 14 10 16 | 08
#0228-d134 @A: 20 29 30 11 | 12
#0229-d134 @A: 29 12 35 20 | 05
#0230-d134 @A: 13 20 29 34 | 02
#0231-d134 @A: 20 06 16 34 | 07
#0232-d134 @A: 30 03 22 20 | 10
#0233-d134 @A: 12 26 29 14 | 06
#0234-d134 @A: 19 14 15 13 | 01
#0235-d134 @A: 11 16 08 14 | 03
#0236-d134 @A: 15 25 35 14 | 11
#0237-d134 @A: 05 34 14 25 | 04
#0238-d134 @A: 26 01 19 35 | 09
#0239-d134 @A: 28 01 06 26 | 08
#0240-d134 @A: 35 26 25 06 | 12
#0241-d134 @A: 26 13 15 12 | 05
#0242-d134 @A: 24 22 26 15 | 02
#0243-d134 @A: 26 13 02 01 | 07
#0244-d134 @A: 02 26 06 12 | 10
#0245-d134 @A: 17 12 03 26 | 06
#0246-d134 @A: 29 25 12 05 | 01
#0247-d134 @A: 08 30 19 25 | 03
#0248-d134 @A: 08 03 19 13 | 11
#0249-d134 @A: 19 10 12 17 | 04
#0250-d134 @A: 24 23 28 34 | 09
#0251-d134 @A: 28 03 30 06 | 08
#0252-d134 @A: 22 08 12 28 | 12
#0253-d134 @A: 12 28 03 10 | 05
#0254-d134 @A: 06 15 30 23 | 02
#0255-d134 @A: 35 23 10 01 | 07
#0256-d134 @A: 06 23 35 24 | 10
#0257-d134 @A: 23 01 12 08 | 06
#0258-d134 @A: 09 06 35 15 | 01
#0259-d134 @A: 35 03 09 12 | 03
#0260-d134 @A: 02 09 13 22 | 11
#0261-d134 @A: 30 09 12 34 | 04
#0262-d134 @A: 09 24 30 06 | 09
#0263-d134 @A: 09 34 02 08 | 08
#0264-d134 @A: 03 10 09 08 | 12
#0265-d134 @A: 11 03 22 35 | 05
#0266-d134 @A: 01 11 24 13 | 02
#0267-d134 @A: 17 34 11 12 | 07
#0268-d134 @A: 08 25 05 02 | 10
#0269-d134 @A: 17 08 35 05 | 06
#0270-d134 @A: 33 04 15 27 | 01
#0271-d134 @A: 04 30 28 27 | 03
#0272-d134 @A: 04 32 30 21 | 11
#0273-d134 @A: 16 03 21 04 | 04
#0274-d134 @A: 02 04 18 29 | 09
#0275-d134 @A: 17 05 32 04 | 08
#0276-d134 @A: 20 07 04 24 | 12
#0277-d134 @A: 17 07 04 01 | 05
#0278-d134 @A: 06 20 04 05 | 02
#0279-d134 @A: 13 04 14 24 | 07
#0280-d134 @A: 19 04 08 11 | 10
#0281-d134 @A: 15 16 04 23 | 06
#0282-d134 @A: 16 11 35 04 | 01
#0283-d134 @A: 04 25 12 09 | 03
#0284-d134 @A: 15 04 10 06 | 11
#0285-d134 @A: 30 22 04 02 | 04
#0286-d134 @A: 24 04 22 01 | 09
#0287-d134 @A: 03 24 04 08 | 08
#0288-d134 @A: 17 27 26 31 | 12
#0289-d134 @A: 27 21 32 19 | 05
#0290-d134 @A: 05 27 01 21 | 02
#0291-d134 @A: 13 29 27 18 | 07
#0292-d134 @A: 27 12 18 19 | 10
#0293-d134 @A: 10 27 18 16 | 06
#0294-d134 @A: 11 27 01 07 | 01
#0295-d134 @A: 19 27 22 08 | 03
#0296-d134 @A: 01 23 27 16 | 11
#0297-d134 @A: 27 16 13 06 | 04
#0298-d134 @A: 27 01 22 15 | 09
#0299-d134 @A: 12 08 27 34 | 08
#0300-d134 @A: 21 13 35 31 | 12
#0301-d134 @A: 32 33 35 31 | 05
#0302-d134 @A: 31 14 33 22 | 02
#0303-d134 @A: 31 07 19 35 | 07
#0304-d134 @A: 20 31 05 23 | 10
#0305-d134 @A: 31 14 29 17 | 06
#0306-d134 @A: 12 14 31 16 | 01
#0307-d134 @A: 09 31 06 29 | 03
#0308-d134 @A: 01 11 29 31 | 11
#0309-d134 @A: 31 11 05 28 | 04
#0310-d134 @A: 06 35 08 31 | 09
#0311-d134 @A: 13 31 02 17 | 08
#0312-d134 @A: 21 18 22 09 | 12
#0313-d134 @A: 32 26 21 22 | 05
#0314-d134 @A: 21 33 07 20 | 02
#0315-d134 @A: 29 21 07 02 | 07
#0316-d134 @A: 19 07 21 13 | 10
#0317-d134 @A: 21 24 07 09 | 06
#0318-d134 @A: 21 12 15 07 | 01
#0319-d134 @A: 23 20 30 21 | 03
#0320-d134 @A: 06 21 20 11 | 11
#0321-d134 @A: 21 15 03 20 | 04
#0322-d134 @A: 34 26 14 21 | 09
#0323-d134 @A: 19 14 21 02 | 08
#0324-d134 @A: 21 06 29 26 | 12
#0325-d134 @A: 23 29 21 12 | 05
#0326-d134 @A: 21 16 19 08 | 02
#0327-d134 @A: 15 11 21 23 | 07
#0328-d134 @A: 23 03 21 22 | 10
#0329-d134 @A: 30 13 21 11 | 06
#0330-d134 @A: 01 03 24 21 | 01
#0331-d134 @A: 32 18 29 05 | 03
#0332-d134 @A: 10 18 32 06 | 11
#0333-d134 @A: 20 33 18 28 | 04
#0334-d134 @A: 18 09 33 17 | 09
#0335-d134 @A: 06 22 18 33 | 08
#0336-d134 @A: 28 14 18 17 | 12
#0337-d134 @A: 26 18 09 01 | 05
#0338-d134 @A: 18 10 26 05 | 02
#0339-d134 @A: 01 22 30 18 | 07
#0340-d134 @A: 17 02 08 18 | 10
#0341-d134 @A: 32 33 30 09 | 06
#0342-d134 @A: 20 25 19 32 | 01
#0343-d134 @A: 13 20 11 32 | 03
#0344-d134 @A: 32 26 13 05 | 11
#0345-d134 @A: 08 29 32 30 | 04
#0346-d134 @A: 22 32 06 35 | 09
#0347-d134 @A: 01 32 13 30 | 08
#0348-d134 @A: 03 07 33 29 | 12
#0349-d134 @A: 33 23 30 14 | 05
#0350-d134 @A: 15 29 11 33 | 02
#0351-d134 @A: 33 23 28 35 | 07
#0352-d134 @A: 33 11 12 28 | 10
#0353-d134 @A: 28 33 13 24 | 06
#0354-d134 @A: 33 02 09 23 | 01
#0355-d134 @A: 33 25 22 10 | 03
#0356-d134 @A: 25 08 33 02 | 11
#0357-d134 @A: 17 12 15 33 | 04
#0358-d134 @A: 24 33 35 01 | 09
#0359-d134 @A: 08 13 34 33 | 08
#0360-d134 @A: 33 30 02 34 | 12
#0361-d134 @A: 30 10 06 33 | 05
#0362-d134 @A: 01 33 17 02 | 02
#0363-d134 @A: 33 34 24 22 | 07
#0364-d134 @A: 08 06 33 05 | 10
#0365-d134 @A: 07 17 11 20 | 06
#0366-d134 @A: 28 19 14 07 | 01
#0367-d134 @A: 14 07 10 17 | 03
#0368-d134 @A: 17 09 07 26 | 11
#0369-d134 @A: 05 17 11 07 | 04
#0370-d134 @A: 25 35 07 10 | 09
#0371-d134 @A: 17 07 34 24 | 08
#0372-d134 @A: 13 14 09 20 | 12
#0373-d134 @A: 23 12 20 26 | 05
#0374-d134 @A: 28 20 01 23 | 02
#0375-d134 @A: 28 09 05 20 | 07
#0376-d134 @A: 20 16 23 08 | 10
#0377-d134 @A: 20 06 15 17 | 06
#0378-d134 @A: 20 35 03 10 | 01
#0379-d134 @A: 35 20 24 17 | 03
#0380-d134 @A: 02 20 12 13 | 11
#0381-d134 @A: 20 05 12 22 | 04
#0382-d134 @A: 19 09 06 14 | 09
#0383-d134 @A: 14 12 15 28 | 08
#0384-d134 @A: 14 22 09 23 | 12
#0385-d134 @A: 02 11 14 06 | 05
#0386-d134 @A: 02 14 05 03 | 02
#0387-d134 @A: 30 26 09 28 | 07
#0388-d134 @A: 26 25 28 11 | 10
#0389-d134 @A: 10 09 26 24 | 06
#0390-d134 @A: 23 34 03 29 | 01
#0391-d134 @A: 16 03 02 29 | 03
#0392-d134 @A: 08 35 34 29 | 11
#0393-d134 @A: 16 23 12 19 | 04
#0394-d134 @A: 05 19 16 11 | 09
#0395-d134 @A: 03 19 09 30 | 08
#0396-d134 @A: 15 25 03 19 | 12
#0397-d134 @A: 34 17 25 19 | 05
#0398-d134 @A: 01 19 17 22 | 02
#0399-d134 @A: 23 11 28 09 | 07
#0400-d134 @A: 15 03 28 13 | 10
#0401-d134 @A: 01 28 03 05 | 06
#0402-d134 @A: 23 34 11 16 | 01
#0403-d134 @A: 25 08 22 23 | 03
#0404-d134 @A: 15 23 08 34 | 11
#0405-d134 @A: 10 08 23 24 | 04
#0406-d134 @A: 16 03 24 35 | 09
#0407-d134 @A: 12 17 08 16 | 08
#0408-d134 @A: 24 12 02 09 | 12
#0409-d134 @A: 11 25 08 03 | 05
#0410-d134 @A: 11 30 15 08 | 02
#0411-d134 @A: 01 15 06 11 | 07
#0412-d134 @A: 02 17 24 11 | 10
#0413-d134 @A: 02 05 34 12 | 06
#0414-d134 @A: 17 22 05 02 | 01
#0415-d134 @A: 04 27 12 31 | 03
#0416-d134 @A: 04 15 27 05 | 11
#0417-d134 @A: 32 13 31 04 | 04
#0418-d134 @A: 26 04 31 19 | 09
#0419-d134 @A: 04 23 31 25 | 08
#0420-d134 @A: 23 06 04 21 | 12
#0421-d134 @A: 18 30 16 04 | 05
#0422-d134 @A: 18 04 24 11 | 02
#0423-d134 @A: 05 33 04 29 | 07
#0424-d134 @A: 17 14 04 09 | 10
#0425-d134 @A: 08 04 29 01 | 06
#0426-d134 @A: 02 24 04 19 | 01
#0427-d134 @A: 04 01 23 02 | 03
#0428-d134 @A: 04 35 13 25 | 11
#0429-d134 @A: 31 25 27 21 | 04
#0430-d134 @A: 33 27 31 03 | 09
#0431-d134 @A: 31 35 20 27 | 08
#0432-d134 @A: 31 06 14 27 | 12
#0433-d134 @A: 27 24 31 16 | 05
#0434-d134 @A: 21 18 27 08 | 02
#0435-d134 @A: 11 12 21 27 | 07
#0436-d134 @A: 22 18 11 27 | 10
#0437-d134 @A: 23 32 14 27 | 06
#0438-d134 @A: 27 01 29 32 | 01
#0439-d134 @A: 09 17 27 32 | 03
#0440-d134 @A: 23 07 15 27 | 11
#0441-d134 @A: 27 12 13 14 | 04
#0442-d134 @A: 34 09 26 27 | 09
#0443-d134 @A: 02 19 27 09 | 08
#0444-d134 @A: 27 22 05 16 | 12
#0445-d134 @A: 27 30 17 25 | 05
#0446-d134 @A: 27 06 08 15 | 02
#0447-d134 @A: 31 21 23 14 | 07
#0448-d134 @A: 16 31 18 17 | 10
#0449-d134 @A: 05 18 31 35 | 06
#0450-d134 @A: 11 31 25 32 | 01
#0451-d134 @A: 31 26 23 02 | 03
#0452-d134 @A: 09 22 31 26 | 11
#0453-d134 @A: 31 29 05 17 | 04
#0454-d134 @A: 31 22 12 19 | 09
#0455-d134 @A: 30 23 24 31 | 08
#0456-d134 @A: 24 13 31 25 | 12
#0457-d134 @A: 31 03 15 34 | 05
#0458-d134 @A: 13 06 31 03 | 02
#0459-d134 @A: 15 21 29 32 | 07
#0460-d134 @A: 05 21 32 30 | 10
#0461-d134 @A: 26 07 05 21 | 06
#0462-d134 @A: 21 23 07 08 | 01
#0463-d134 @A: 01 07 21 25 | 03
#0464-d134 @A: 16 21 35 20 | 11
#0465-d134 @A: 03 26 21 28 | 04
#0466-d134 @A: 21 10 28 29 | 09
#0467-d134 @A: 21 11 17 29 | 08
#0468-d134 @A: 13 21 05 29 | 12
#0469-d134 @A: 05 35 11 21 | 05
#0470-d134 @A: 17 21 13 03 | 02
#0471-d134 @A: 21 30 17 12 | 07
#0472-d134 @A: 08 21 22 01 | 10
#0473-d134 @A: 14 28 05 18 | 06
#0474-d134 @A: 01 23 24 18 | 01
#0475-d134 @A: 34 13 18 15 | 03
#0476-d134 @A: 03 12 15 18 | 11
#0477-d134 @A: 02 06 35 18 | 04
#0478-d134 @A: 08 05 01 18 | 09
#0479-d134 @A: 24 18 34 02 | 08
#0480-d134 @A: 18 10 24 03 | 12
#0481-d134 @A: 32 23 33 10 | 05
#0482-d134 @A: 06 25 33 32 | 02
#0483-d134 @A: 32 35 07 20 | 07
#0484-d134 @A: 26 32 07 06 | 10
#0485-d134 @A: 32 29 20 22 | 06
#0486-d134 @A: 25 13 14 32 | 01
#0487-d134 @A: 32 15 19 11 | 03
#0488-d134 @A: 35 15 32 17 | 11
#0489-d134 @A: 08 32 03 12 | 04
#0490-d134 @A: 12 33 20 16 | 09
#0491-d134 @A: 33 02 29 14 | 08
#0492-d134 @A: 16 11 10 33 | 12
#0493-d134 @A: 12 01 22 33 | 05
#0494-d134 @A: 07 12 14 11 | 02
#0495-d134 @A: 26 07 19 12 | 07
#0496-d134 @A: 23 24 07 29 | 10
#0497-d134 @A: 25 07 11 23 | 06
#0498-d134 @A: 07 16 05 15 | 01
#0499-d134 @A: 12 06 01 07 | 03
#0500-d134 @A: 20 10 05 14 | 11
#0501-d134 @A: 09 20 06 26 | 04
#0502-d134 @A: 20 26 08 11 | 09
#0503-d134 @A: 30 19 16 20 | 08
#0504-d134 @A: 20 08 19 12 | 12
#0505-d134 @A: 28 20 09 02 | 05
#0506-d134 @A: 16 11 20 01 | 02
#0507-d134 @A: 05 11 20 02 | 07
#0508-d134 @A: 24 01 25 20 | 10
#0509-d134 @A: 24 13 20 30 | 06
#0510-d134 @A: 34 20 01 12 | 01
#0511-d134 @A: 14 29 23 13 | 03
#0512-d134 @A: 14 09 03 29 | 11
#0513-d134 @A: 34 14 09 28 | 04
#0514-d134 @A: 14 01 28 11 | 09
#0515-d134 @A: 14 13 03 30 | 08
#0516-d134 @A: 06 24 14 01 | 12
#0517-d134 @A: 22 08 14 24 | 05
#0518-d134 @A: 29 26 28 17 | 02
#0519-d134 @A: 29 26 23 08 | 07
#0520-d134 @A: 26 29 10 16 | 10
#0521-d134 @A: 19 08 28 26 | 06
#0522-d134 @A: 15 10 26 25 | 01
#0523-d134 @A: 35 22 12 26 | 03
#0524-d134 @A: 03 22 05 26 | 11
#0525-d134 @A: 08 10 25 29 | 04
#0526-d134 @A: 02 15 29 13 | 09
#0527-d134 @A: 22 15 29 10 | 08
#0528-d134 @A: 17 29 10 01 | 12
#0529-d134 @A: 22 29 34 06 | 05
#0530-d134 @A: 22 03 29 12 | 02
#0531-d134 @A: 11 22 28 19 | 07
#0532-d134 @A: 10 23 02 19 | 10
#0533-d134 @A: 09 05 19 13 | 06
#0534-d134 @A: 15 02 19 17 | 01
#0535-d134 @A: 13 19 06 35 | 03
#0536-d134 @A: 19 02 03 35 | 11
#0537-d134 @A: 24 17 05 19 | 04
#0538-d134 @A: 03 28 09 17 | 09
#0539-d134 @A: 34 25 03 28 | 08
#0540-d134 @A: 30 28 35 10 | 12
#0541-d134 @A: 30 13 28 17 | 05
#0542-d134 @A: 23 25 15 13 | 02
#0543-d134 @A: 23 25 03 24 | 07
#0544-d134 @A: 08 15 16 02 | 10
#0545-d134 @A: 35 11 09 13 | 06
#0546-d134 @A: 25 03 01 09 | 01
#0547-d134 @A: 13 06 11 25 | 03
#0548-d134 @A: 25 30 24 11 | 11
#0549-d134 @A: 15 13 17 11 | 04
#0550-d134 @A: 06 05 11 24 | 09
#0551-d134 @A: 05 06 02 01 | 08
#0552-d134 @A: 04 35 10 27 | 12
#0553-d134 @A: 30 04 31 14 | 05
#0554-d134 @A: 04 22 05 21 | 02
#0555-d134 @A: 18 32 04 34 | 07
#0556-d134 @A: 19 07 30 04 | 10
#0557-d134 @A: 20 04 14 01 | 06
#0558-d134 @A: 23 29 17 04 | 01
#0559-d134 @A: 04 34 29 30 | 03
#0560-d134 @A: 28 04 23 12 | 11
#0561-d134 @A: 16 05 04 24 | 04
#0562-d134 @A: 03 30 25 04 | 09
#0563-d134 @A: 25 04 34 01 | 08
#0564-d134 @A: 04 35 17 12 | 12
#0565-d134 @A: 30 13 10 04 | 05
#0566-d134 @A: 04 17 34 03 | 02
#0567-d134 @A: 17 02 10 04 | 07
#0568-d134 @A: 11 31 08 27 | 10
#0569-d134 @A: 03 21 09 27 | 06
#0570-d134 @A: 24 18 32 27 | 01
#0571-d134 @A: 27 18 06 09 | 03
#0572-d134 @A: 12 32 07 27 | 11
#0573-d134 @A: 26 32 10 27 | 04
#0574-d134 @A: 29 20 33 27 | 09
#0575-d134 @A: 27 07 14 03 | 08
#0576-d134 @A: 07 27 22 29 | 12
#0577-d134 @A: 20 06 23 27 | 05
#0578-d134 @A: 14 27 26 02 | 02
#0579-d134 @A: 23 26 27 25 | 07
#0580-d134 @A: 09 11 29 27 | 10
#0581-d134 @A: 28 10 06 27 | 06
#0582-d134 @A: 27 34 25 24 | 01
#0583-d134 @A: 27 25 12 22 | 03
#0584-d134 @A: 25 03 10 27 | 11
#0585-d134 @A: 15 27 03 17 | 04
#0586-d134 @A: 21 16 31 30 | 09
#0587-d134 @A: 18 19 14 31 | 08
#0588-d134 @A: 31 28 23 07 | 12
#0589-d134 @A: 28 31 14 35 | 05
#0590-d134 @A: 31 05 25 26 | 02
#0591-d134 @A: 12 31 09 28 | 07
#0592-d134 @A: 23 31 13 09 | 10
#0593-d134 @A: 31 16 03 05 | 06
#0594-d134 @A: 09 35 17 31 | 01
#0595-d134 @A: 35 31 02 11 | 03
#0596-d134 @A: 25 15 02 31 | 11
#0597-d134 @A: 08 30 31 13 | 04
#0598-d134 @A: 13 10 31 34 | 09
#0599-d134 @A: 31 06 12 05 | 08
#0600-d134 @A: 18 20 02 21 | 12
#0601-d134 @A: 09 33 21 25 | 05
#0602-d134 @A: 07 17 21 28 | 02
#0603-d134 @A: 09 20 10 21 | 07
#0604-d134 @A: 28 01 21 16 | 10
#0605-d134 @A: 12 03 25 21 | 06
#0606-d134 @A: 17 02 35 21 | 01
#0607-d134 @A: 21 30 24 22 | 03
#0608-d134 @A: 34 08 03 21 | 11
#0609-d134 @A: 17 11 32 18 | 04
#0610-d134 @A: 15 33 18 14 | 09
#0611-d134 @A: 11 33 25 18 | 08
#0612-d134 @A: 18 08 24 33 | 12
#0613-d134 @A: 01 07 16 18 | 05
#0614-d134 @A: 18 14 20 06 | 02
#0615-d134 @A: 20 18 26 34 | 07
#0616-d134 @A: 10 29 14 18 | 10
#0617-d134 @A: 29 17 34 18 | 06
#0618-d134 @A: 28 01 10 18 | 01
#0619-d134 @A: 25 16 18 05 | 03
#0620-d134 @A: 03 25 35 18 | 11
#0621-d134 @A: 18 24 30 15 | 04
#0622-d134 @A: 05 18 03 02 | 09
#0623-d134 @A: 29 14 32 34 | 08
#0624-d134 @A: 13 32 29 17 | 12
#0625-d134 @A: 05 28 16 32 | 05
#0626-d134 @A: 32 11 23 02 | 02
#0627-d134 @A: 05 11 01 32 | 07
#0628-d134 @A: 12 15 32 24 | 10
#0629-d134 @A: 08 07 33 14 | 06
#0630-d134 @A: 07 33 35 11 | 01
#0631-d134 @A: 07 10 33 05 | 03
#0632-d134 @A: 03 33 14 28 | 11
#0633-d134 @A: 26 28 15 33 | 04
#0634-d134 @A: 08 28 33 16 | 09
#0635-d134 @A: 33 05 13 01 | 08
#0636-d134 @A: 06 33 08 01 | 12
#0637-d134 @A: 10 33 03 02 | 05
#0638-d134 @A: 20 07 14 22 | 02
#0639-d134 @A: 10 07 16 19 | 07
#0640-d134 @A: 07 09 11 19 | 10
#0641-d134 @A: 23 22 05 07 | 06
#0642-d134 @A: 08 07 06 11 | 01
#0643-d134 @A: 06 07 10 34 | 03
#0644-d134 @A: 20 26 05 24 | 11
#0645-d134 @A: 29 02 20 23 | 04
#0646-d134 @A: 20 15 05 35 | 09
#0647-d134 @A: 10 24 15 20 | 08
#0648-d134 @A: 30 08 34 20 | 12
#0649-d134 @A: 01 03 20 17 | 05
#0650-d134 @A: 26 22 11 14 | 02
#0651-d134 @A: 15 29 16 14 | 07
#0652-d134 @A: 25 14 11 29 | 10
#0653-d134 @A: 14 01 08 19 | 06
#0654-d134 @A: 16 14 23 17 | 01
#0655-d134 @A: 25 34 08 14 | 03
#0656-d134 @A: 14 01 13 10 | 11
#0657-d134 @A: 01 30 12 14 | 04
#0658-d134 @A: 14 30 08 17 | 09
#0659-d134 @A: 26 29 02 25 | 08
#0660-d134 @A: 28 13 23 26 | 12
#0661-d134 @A: 11 23 26 01 | 05
#0662-d134 @A: 12 26 11 10 | 02
#0663-d134 @A: 13 25 30 26 | 07
#0664-d134 @A: 34 25 22 26 | 10
#0665-d134 @A: 10 17 35 26 | 06
#0666-d134 @A: 29 05 19 02 | 01
#0667-d134 @A: 29 13 16 11 | 03
#0668-d134 @A: 22 29 09 24 | 11
#0669-d134 @A: 06 25 29 30 | 04
#0670-d134 @A: 17 29 22 35 | 09
#0671-d134 @A: 08 12 29 13 | 08
#0672-d134 @A: 06 08 24 29 | 12
#0673-d134 @A: 24 17 29 03 | 05
#0674-d134 @A: 13 19 28 01 | 02
#0675-d134 @A: 19 01 25 02 | 07
#0676-d134 @A: 35 05 22 19 | 10
#0677-d134 @A: 17 08 35 19 | 06
#0678-d134 @A: 06 02 19 08 | 01
#0679-d134 @A: 35 28 01 15 | 03
#0680-d134 @A: 08 28 24 15 | 11
#0681-d134 @A: 22 28 05 08 | 04
#0682-d134 @A: 23 35 02 08 | 09
#0683-d134 @A: 23 35 05 24 | 08
#0684-d134 @A: 30 34 23 22 | 12
#0685-d134 @A: 15 25 16 22 | 05
#0686-d134 @A: 24 01 16 15 | 02
#0687-d134 @A: 16 30 10 08 | 07
#0688-d134 @A: 17 03 10 16 | 10
#0689-d134 @A: 11 06 03 09 | 06
#0690-d134 @A: 09 17 11 08 | 01
#0691-d134 @A: 15 30 09 01 | 03
#0692-d134 @A: 09 24 34 35 | 11
#0693-d134 @A: 05 30 09 17 | 04
#0694-d134 @A: 10 11 05 25 | 09
#0695-d134 @A: 11 22 05 15 | 08
#0696-d134 @A: 10 13 11 02 | 12
#0697-d134 @A: 27 34 04 21 | 05
#0698-d134 @A: 01 31 16 04 | 02
#0699-d134 @A: 24 31 06 04 | 07
#0700-d134 @A: 20 04 18 12 | 10
#0701-d134 @A: 18 04 15 26 | 06
#0702-d134 @A: 18 04 25 19 | 01
#0703-d134 @A: 04 07 10 09 | 03
#0704-d134 @A: 04 20 19 15 | 11
#0705-d134 @A: 13 04 20 23 | 04
#0706-d134 @A: 04 02 16 14 | 09
#0707-d134 @A: 11 05 26 04 | 08
#0708-d134 @A: 04 11 22 29 | 12
#0709-d134 @A: 23 04 19 22 | 05
#0710-d134 @A: 15 13 08 04 | 02
#0711-d134 @A: 22 06 04 03 | 07
#0712-d134 @A: 12 05 04 10 | 10
#0713-d134 @A: 10 33 27 21 | 06
#0714-d134 @A: 18 28 27 35 | 01
#0715-d134 @A: 25 28 27 32 | 03
#0716-d134 @A: 27 11 32 35 | 11
#0717-d134 @A: 32 08 02 27 | 04
#0718-d134 @A: 10 30 27 07 | 09
#0719-d134 @A: 27 35 05 26 | 08
#0720-d134 @A: 27 01 26 03 | 12
#0721-d134 @A: 28 23 03 27 | 05
#0722-d134 @A: 27 35 16 08 | 02
#0723-d134 @A: 34 35 03 27 | 07
#0724-d134 @A: 24 27 13 02 | 10
#0725-d134 @A: 30 10 05 27 | 06
#0726-d134 @A: 27 22 34 17 | 01
#0727-d134 @A: 31 29 22 21 | 03
#0728-d134 @A: 21 31 34 12 | 11
#0729-d134 @A: 31 07 05 32 | 04
#0730-d134 @A: 28 31 15 32 | 09
#0731-d134 @A: 33 29 31 13 | 08
#0732-d134 @A: 16 31 33 25 | 12
#0733-d134 @A: 24 33 09 31 | 05
#0734-d134 @A: 30 31 11 33 | 02
#0735-d134 @A: 06 11 26 31 | 07
#0736-d134 @A: 08 23 31 19 | 10
#0737-d134 @A: 25 31 19 10 | 06
#0738-d134 @A: 25 12 31 17 | 01
#0739-d134 @A: 13 23 21 18 | 03
#0740-d134 @A: 21 34 11 18 | 11
#0741-d134 @A: 32 21 14 08 | 04
#0742-d134 @A: 21 33 03 11 | 09
#0743-d134 @A: 05 03 20 21 | 08
#0744-d134 @A: 21 11 28 08 | 12
#0745-d134 @A: 21 09 05 12 | 05
#0746-d134 @A: 13 24 15 21 | 02
#0747-d134 @A: 21 06 03 35 | 07
#0748-d134 @A: 29 18 30 33 | 10
#0749-d134 @A: 25 01 14 18 | 06
#0750-d134 @A: 35 01 29 18 | 01
#0751-d134 @A: 23 18 25 34 | 03
#0752-d134 @A: 18 23 15 22 | 11
#0753-d134 @A: 18 25 06 24 | 04
#0754-d134 @A: 01 17 13 18 | 09
#0755-d134 @A: 19 32 22 33 | 08
#0756-d134 @A: 08 20 05 32 | 12
#0757-d134 @A: 05 15 14 32 | 05
#0758-d134 @A: 09 32 26 12 | 02
#0759-d134 @A: 23 22 28 32 | 07
#0760-d134 @A: 23 15 32 03 | 10
#0761-d134 @A: 05 32 23 06 | 06
#0762-d134 @A: 32 30 35 16 | 01
#0763-d134 @A: 01 12 16 32 | 03
#0764-d134 @A: 22 25 05 32 | 11
#0765-d134 @A: 32 22 12 34 | 04
#0766-d134 @A: 17 07 33 23 | 09
#0767-d134 @A: 14 33 20 24 | 08
#0768-d134 @A: 20 33 08 03 | 12
#0769-d134 @A: 10 29 09 33 | 05
#0770-d134 @A: 19 16 33 03 | 02
#0771-d134 @A: 33 24 12 10 | 07
#0772-d134 @A: 25 28 07 20 | 10
#0773-d134 @A: 30 16 07 14 | 06
#0774-d134 @A: 26 28 24 07 | 01
#0775-d134 @A: 30 07 29 09 | 03
#0776-d134 @A: 06 30 13 07 | 11
#0777-d134 @A: 07 08 13 17 | 04
#0778-d134 @A: 12 30 07 22 | 09
#0779-d134 @A: 01 07 24 02 | 08
#0780-d134 @A: 01 07 03 10 | 12
#0781-d134 @A: 22 17 07 02 | 05
#0782-d134 @A: 14 11 20 15 | 02
#0783-d134 @A: 03 29 20 19 | 07
#0784-d134 @A: 09 17 29 20 | 10
#0785-d134 @A: 16 28 17 20 | 06
#0786-d134 @A: 13 25 17 20 | 01
#0787-d134 @A: 30 20 05 13 | 03
#0788-d134 @A: 03 24 34 20 | 11
#0789-d134 @A: 06 22 20 02 | 04
#0790-d134 @A: 06 20 24 12 | 09
#0791-d134 @A: 14 03 26 25 | 08
#0792-d134 @A: 29 05 14 23 | 12
#0793-d134 @A: 14 30 10 15 | 05
#0794-d134 @A: 14 01 35 05 | 02
#0795-d134 @A: 08 13 02 14 | 07
#0796-d134 @A: 14 03 06 08 | 10
#0797-d134 @A: 05 12 24 14 | 06
#0798-d134 @A: 16 26 15 06 | 01
#0799-d134 @A: 17 26 30 22 | 03
#0800-d134 @A: 10 26 02 30 | 11
#0801-d134 @A: 26 30 24 03 | 04
#0802-d134 @A: 29 23 28 06 | 09
#0803-d134 @A: 29 35 11 23 | 08
#0804-d134 @A: 16 29 09 08 | 12
#0805-d134 @A: 29 09 35 05 | 05
#0806-d134 @A: 29 13 22 30 | 02
#0807-d134 @A: 13 06 10 29 | 07
#0808-d134 @A: 15 23 19 05 | 10
#0809-d134 @A: 34 15 19 35 | 06
#0810-d134 @A: 06 15 19 24 | 01
#0811-d134 @A: 34 19 10 03 | 03
#0812-d134 @A: 10 23 15 28 | 11
#0813-d134 @A: 09 28 15 16 | 04
#0814-d134 @A: 28 15 30 25 | 09
#0815-d134 @A: 34 28 12 13 | 08
#0816-d134 @A: 06 08 13 28 | 12
#0817-d134 @A: 24 28 03 02 | 05
#0818-d134 @A: 25 23 03 05 | 02
#0819-d134 @A: 30 23 02 17 | 07
#0820-d134 @A: 23 01 06 34 | 10
#0821-d134 @A: 34 16 30 25 | 06
#0822-d134 @A: 05 12 30 16 | 01
#0823-d134 @A: 34 10 16 24 | 03
#0824-d134 @A: 05 02 10 16 | 11
#0825-d134 @A: 10 11 34 09 | 04
#0826-d134 @A: 09 22 17 15 | 09
#0827-d134 @A: 09 08 01 35 | 08
#0828-d134 @A: 03 09 13 24 | 12
#0829-d134 @A: 01 17 24 09 | 05
#0830-d134 @A: 09 06 22 12 | 02
#0831-d134 @A: 17 05 01 25 | 07
#0832-d134 @A: 04 27 18 17 | 10
#0833-d134 @A: 04 24 26 21 | 06
#0834-d134 @A: 02 04 21 09 | 01
#0835-d134 @A: 32 08 23 04 | 03
#0836-d134 @A: 29 04 33 24 | 11
#0837-d134 @A: 04 22 07 16 | 04
#0838-d134 @A: 35 20 28 04 | 09
#0839-d134 @A: 11 09 20 04 | 08
#0840-d134 @A: 29 04 03 28 | 12
#0841-d134 @A: 34 19 28 04 | 05
#0842-d134 @A: 25 05 28 04 | 02
#0843-d134 @A: 16 06 09 04 | 07
#0844-d134 @A: 35 01 04 30 | 10
#0845-d134 @A: 22 32 31 27 | 06
#0846-d134 @A: 19 30 27 31 | 01
#0847-d134 @A: 34 31 27 23 | 03
#0848-d134 @A: 30 18 27 26 | 11
#0849-d134 @A: 34 27 20 07 | 04
#0850-d134 @A: 14 08 10 27 | 09
#0851-d134 @A: 27 12 28 26 | 08
#0852-d134 @A: 27 22 13 26 | 12
#0853-d134 @A: 16 27 19 34 | 05
#0854-d134 @A: 27 30 23 11 | 02
#0855-d134 @A: 27 09 25 15 | 07
#0856-d134 @A: 27 15 30 02 | 10
#0857-d134 @A: 27 30 24 35 | 06
#0858-d134 @A: 35 27 01 17 | 01
#0859-d134 @A: 21 06 31 07 | 03
#0860-d134 @A: 05 14 21 31 | 11
#0861-d134 @A: 18 23 35 31 | 04
#0862-d134 @A: 18 34 31 06 | 09
#0863-d134 @A: 07 17 32 31 | 08
#0864-d134 @A: 06 32 20 31 | 12
#0865-d134 @A: 35 31 26 16 | 05
#0866-d134 @A: 25 29 03 31 | 02
#0867-d134 @A: 28 31 19 17 | 07
#0868-d134 @A: 01 31 24 19 | 10
#0869-d134 @A: 15 11 16 31 | 06
#0870-d134 @A: 01 17 15 31 | 01
#0871-d134 @A: 31 12 06 15 | 03
#0872-d134 @A: 22 10 31 03 | 11
#0873-d134 @A: 25 29 21 16 | 04
#0874-d134 @A: 02 21 34 16 | 09
#0875-d134 @A: 25 08 21 15 | 08
#0876-d134 @A: 08 10 21 02 | 12
#0877-d134 @A: 08 05 10 21 | 05
#0878-d134 @A: 32 18 20 30 | 02
#0879-d134 @A: 35 14 18 32 | 07
#0880-d134 @A: 07 23 18 19 | 10
#0881-d134 @A: 18 07 11 02 | 06
#0882-d134 @A: 14 11 09 18 | 01
#0883-d134 @A: 29 18 22 26 | 03
#0884-d134 @A: 26 18 35 11 | 11
#0885-d134 @A: 19 18 09 24 | 04
#0886-d134 @A: 25 18 10 13 | 09
#0887-d134 @A: 35 08 13 18 | 08
#0888-d134 @A: 22 10 18 17 | 12
#0889-d134 @A: 33 32 15 07 | 05
#0890-d134 @A: 03 32 24 33 | 02
#0891-d134 @A: 32 13 23 07 | 07
#0892-d134 @A: 32 14 30 26 | 10
#0893-d134 @A: 16 22 14 32 | 06
#0894-d134 @A: 26 17 23 32 | 01
#0895-d134 @A: 32 09 35 19 | 03
#0896-d134 @A: 32 02 16 13 | 11
#0897-d134 @A: 01 06 03 32 | 04
#0898-d134 @A: 06 24 32 02 | 09
#0899-d134 @A: 32 02 05 24 | 08
#0900-d134 @A: 07 10 33 28 | 12
#0901-d134 @A: 09 22 07 33 | 05
#0902-d134 @A: 33 20 26 22 | 02
#0903-d134 @A: 33 14 12 09 | 07
#0904-d134 @A: 26 23 24 33 | 10
#0905-d134 @A: 34 26 33 10 | 06
#0906-d134 @A: 06 33 28 09 | 01
#0907-d134 @A: 11 33 05 23 | 03
#0908-d134 @A: 16 17 33 22 | 11
#0909-d134 @A: 33 34 01 11 | 04
#0910-d134 @A: 06 20 29 07 | 09
#0911-d134 @A: 09 20 12 07 | 08
#0912-d134 @A: 23 22 26 07 | 12
#0913-d134 @A: 26 07 15 11 | 05
#0914-d134 @A: 05 09 07 19 | 02
#0915-d134 @A: 24 08 07 30 | 07
#0916-d134 @A: 07 17 03 30 | 10
#0917-d134 @A: 08 14 29 20 | 06
#0918-d134 @A: 17 19 14 20 | 01
#0919-d134 @A: 26 20 30 35 | 03
#0920-d134 @A: 20 19 28 06 | 11
#0921-d134 @A: 11 20 34 28 | 04
#0922-d134 @A: 02 20 01 15 | 09
#0923-d134 @A: 08 06 10 20 | 08
#0924-d134 @A: 05 14 26 09 | 12
#0925-d134 @A: 23 19 14 03 | 05
#0926-d134 @A: 23 14 24 11 | 02
#0927-d134 @A: 23 25 14 10 | 07
#0928-d134 @A: 12 02 14 25 | 10
#0929-d134 @A: 14 03 22 15 | 06
#0930-d134 @A: 24 14 02 15 | 01
#0931-d134 @A: 35 22 34 14 | 03
#0932-d134 @A: 14 06 12 10 | 11
#0933-d134 @A: 26 09 35 29 | 04
#0934-d134 @A: 26 01 29 30 | 09
#0935-d134 @A: 13 11 26 19 | 08
#0936-d134 @A: 30 05 26 01 | 12
#0937-d134 @A: 28 29 02 11 | 05
#0938-d134 @A: 25 29 15 34 | 02
#0939-d134 @A: 10 05 06 29 | 07
#0940-d134 @A: 35 28 16 19 | 10
#0941-d134 @A: 19 25 13 12 | 06
#0942-d134 @A: 08 10 15 19 | 01
#0943-d134 @A: 24 35 19 12 | 03
#0944-d134 @A: 34 19 13 22 | 11
#0945-d134 @A: 19 17 30 06 | 04
#0946-d134 @A: 06 10 19 01 | 09
#0947-d134 @A: 12 06 34 19 | 08
#0948-d134 @A: 25 22 28 17 | 12
#0949-d134 @A: 35 13 28 02 | 05
#0950-d134 @A: 28 03 35 08 | 02
#0951-d134 @A: 23 10 30 12 | 07
#0952-d134 @A: 03 06 23 02 | 10
#0953-d134 @A: 02 24 23 22 | 06
#0954-d134 @A: 16 01 25 10 | 01
#0955-d134 @A: 16 10 15 35 | 03
#0956-d134 @A: 03 16 15 30 | 11
#0957-d134 @A: 10 16 22 13 | 04
#0958-d134 @A: 16 08 13 05 | 09
#0959-d134 @A: 09 05 15 25 | 08
#0960-d134 @A: 09 17 25 02 | 12
#0961-d134 @A: 03 09 02 15 | 05
#0962-d134 @A: 08 09 22 30 | 02
#0963-d134 @A: 10 17 09 30 | 07
#0964-d134 @A: 03 08 05 09 | 10
#0965-d134 @A: 11 34 03 13 | 06
#0966-d134 @A: 11 34 22 08 | 01
#0967-d134 @A: 27 04 20 32 | 03
#0968-d134 @A: 11 27 02 04 | 11
#0969-d134 @A: 31 04 22 18 | 04
#0970-d134 @A: 35 04 07 21 | 09
#0971-d134 @A: 04 21 01 11 | 08
#0972-d134 @A: 18 04 05 19 | 12
#0973-d134 @A: 18 09 35 04 | 05
#0974-d134 @A: 32 15 14 04 | 02
#0975-d134 @A: 01 04 32 26 | 07
#0976-d134 @A: 04 06 19 32 | 10
#0977-d134 @A: 04 17 28 32 | 06
#0978-d134 @A: 33 35 06 04 | 01
#0979-d134 @A: 30 08 33 04 | 03
#0980-d134 @A: 25 04 14 07 | 11
#0981-d134 @A: 04 14 28 08 | 04
#0982-d134 @A: 04 11 14 34 | 09
#0983-d134 @A: 28 26 22 04 | 08
#0984-d134 @A: 35 26 03 04 | 12
#0985-d134 @A: 28 16 10 04 | 05
#0986-d134 @A: 10 11 23 04 | 02
#0987-d134 @A: 04 23 34 35 | 07
#0988-d134 @A: 04 02 35 15 | 10
#0989-d134 @A: 24 30 12 04 | 06
#0990-d134 @A: 33 32 34 27 | 01
#0991-d134 @A: 07 24 27 33 | 03
#0992-d134 @A: 14 33 27 25 | 11
#0993-d134 @A: 27 33 30 22 | 04
#0994-d134 @A: 27 20 08 28 | 09
#0995-d134 @A: 17 12 20 27 | 08
#0996-d134 @A: 27 24 19 14 | 12
#0997-d134 @A: 23 19 27 13 | 05
#0998-d134 @A: 27 23 09 12 | 02
#0999-d134 @A: 21 31 18 28 | 07
#1000-d134 @A: 21 19 03 31 | 10
#1001-d134 @A: 31 32 03 18 | 06
#1002-d134 @A: 01 33 26 31 | 01
#1003-d134 @A: 02 14 31 07 | 03
#1004-d134 @A: 34 20 31 14 | 11
#1005-d134 @A: 03 20 28 31 | 04
#1006-d134 @A: 31 14 11 10 | 09
#1007-d134 @A: 31 08 28 29 | 08
#1008-d134 @A: 19 30 05 31 | 12
#1009-d134 @A: 10 16 31 23 | 05
#1010-d134 @A: 17 31 23 11 | 02
#1011-d134 @A: 35 03 31 30 | 07
#1012-d134 @A: 10 35 12 31 | 10
#1013-d134 @A: 19 30 21 18 | 06
#1014-d134 @A: 21 18 23 05 | 01
#1015-d134 @A: 18 15 21 06 | 03
#1016-d134 @A: 12 26 33 21 | 11
#1017-d134 @A: 23 21 34 33 | 04
#1018-d134 @A: 21 26 30 07 | 09
#1019-d134 @A: 29 21 01 20 | 08
#1020-d134 @A: 25 05 19 21 | 12
#1021-d134 @A: 23 21 25 02 | 05
#1022-d134 @A: 13 21 08 09 | 02
#1023-d134 @A: 21 10 17 15 | 07
#1024-d134 @A: 34 35 21 10 | 10
#1025-d134 @A: 02 06 13 21 | 06
#1026-d134 @A: 21 13 12 10 | 01
#1027-d134 @A: 33 07 18 34 | 03
#1028-d134 @A: 16 02 33 18 | 11
#1029-d134 @A: 15 07 29 18 | 04
#1030-d134 @A: 20 18 17 05 | 09
#1031-d134 @A: 16 13 14 18 | 08
#1032-d134 @A: 16 08 26 18 | 12
#1033-d134 @A: 28 16 18 29 | 05
#1034-d134 @A: 10 15 02 18 | 02
#1035-d134 @A: 03 18 02 13 | 07
#1036-d134 @A: 18 03 34 01 | 10
#1037-d134 @A: 18 08 22 03 | 06
#1038-d134 @A: 10 12 08 18 | 01
#1039-d134 @A: 02 28 32 33 | 03
#1040-d134 @A: 25 07 09 32 | 11
#1041-d134 @A: 32 16 26 20 | 04
#1042-d134 @A: 20 32 34 23 | 09
#1043-d134 @A: 32 25 26 08 | 08
#1044-d134 @A: 15 01 32 25 | 12
#1045-d134 @A: 22 25 24 32 | 05
#1046-d134 @A: 30 32 17 24 | 02
#1047-d134 @A: 14 33 19 34 | 07
#1048-d134 @A: 13 33 17 26 | 10
#1049-d134 @A: 29 28 22 33 | 06
#1050-d134 @A: 34 29 16 33 | 01
#1051-d134 @A: 28 19 25 33 | 03
#1052-d134 @A: 16 24 33 30 | 11
#1053-d134 @A: 03 15 35 33 | 04
#1054-d134 @A: 35 33 05 22 | 09
#1055-d134 @A: 26 13 07 29 | 08
#1056-d134 @A: 19 08 29 07 | 12
#1057-d134 @A: 01 23 30 07 | 05
#1058-d134 @A: 09 13 07 16 | 02
#1059-d134 @A: 07 25 15 06 | 07
#1060-d134 @A: 03 34 07 12 | 10
#1061-d134 @A: 26 17 02 20 | 06
#1062-d134 @A: 19 20 23 24 | 01
#1063-d134 @A: 10 28 13 20 | 03
#1064-d134 @A: 28 20 30 12 | 11
#1065-d134 @A: 09 20 15 23 | 04
#1066-d134 @A: 13 16 20 15 | 09
#1067-d134 @A: 12 25 20 15 | 08
#1068-d134 @A: 17 15 14 26 | 12
#1069-d134 @A: 28 29 14 30 | 05
#1070-d134 @A: 25 28 14 24 | 02
#1071-d134 @A: 24 14 09 16 | 07
#1072-d134 @A: 06 14 16 05 | 10
#1073-d134 @A: 06 25 14 17 | 06
#1074-d134 @A: 35 06 14 30 | 01
#1075-d134 @A: 22 05 14 30 | 03
#1076-d134 @A: 10 02 14 34 | 11
#1077-d134 @A: 29 05 26 08 | 04
#1078-d134 @A: 06 28 26 05 | 09
#1079-d134 @A: 26 34 15 01 | 08
#1080-d134 @A: 26 06 24 13 | 12
#1081-d134 @A: 10 08 13 26 | 05
#1082-d134 @A: 26 06 08 22 | 02
#1083-d134 @A: 30 29 23 19 | 07
#1084-d134 @A: 01 25 29 22 | 10
#1085-d134 @A: 06 29 03 15 | 06
#1086-d134 @A: 29 10 03 30 | 01
#1087-d134 @A: 24 34 29 01 | 03
#1088-d134 @A: 12 03 05 29 | 11
#1089-d134 @A: 19 23 35 25 | 04
#1090-d134 @A: 22 35 30 19 | 09
#1091-d134 @A: 25 28 16 23 | 08
#1092-d134 @A: 06 24 16 28 | 12
#1093-d134 @A: 05 28 15 01 | 05
#1094-d134 @A: 17 28 15 34 | 02
#1095-d134 @A: 28 08 30 02 | 07
#1096-d134 @A: 12 01 17 28 | 10
#1097-d134 @A: 09 16 35 23 | 06
#1098-d134 @A: 15 23 12 02 | 01
#1099-d134 @A: 08 03 30 23 | 03
#1100-d134 @A: 02 16 01 30 | 11
#1101-d134 @A: 22 16 34 01 | 04
#1102-d134 @A: 01 16 17 06 | 09
#1103-d134 @A: 01 08 03 16 | 08
#1104-d134 @A: 02 16 10 06 | 12
#1105-d134 @A: 12 16 22 24 | 05
#1106-d134 @A: 02 11 30 09 | 02
#1107-d134 @A: 11 01 09 12 | 07
#1108-d134 @A: 09 35 30 25 | 10
#1109-d134 @A: 13 09 15 10 | 06
#1110-d134 @A: 17 09 13 12 | 01
#1111-d134 @A: 35 25 11 01 | 03
#1112-d134 @A: 22 17 11 06 | 11
#1113-d134 @A: 24 13 25 05 | 04
#1114-d134 @A: 05 17 15 10 | 09
#1115-d134 @A: 24 15 08 05 | 08
#1116-d134 @A: 15 04 21 31 | 12
#1117-d134 @A: 04 31 03 11 | 05
#1118-d134 @A: 04 10 31 08 | 02
#1119-d134 @A: 23 18 04 33 | 07
#1120-d134 @A: 04 02 32 07 | 10
#1121-d134 @A: 25 29 04 32 | 06
#1122-d134 @A: 32 24 35 04 | 01
#1123-d134 @A: 33 19 04 12 | 03
#1124-d134 @A: 01 33 28 04 | 11
#1125-d134 @A: 34 07 26 04 | 04
#1126-d134 @A: 16 04 26 12 | 09
#1127-d134 @A: 06 26 17 04 | 08
#1128-d134 @A: 08 34 16 04 | 12
#1129-d134 @A: 16 17 24 04 | 05
#1130-d134 @A: 22 04 10 34 | 02
#1131-d134 @A: 04 06 08 12 | 07
#1132-d134 @A: 27 13 07 31 | 10
#1133-d134 @A: 21 29 30 27 | 06
#1134-d134 @A: 19 27 33 35 | 01
#1135-d134 @A: 33 27 05 25 | 03
#1136-d134 @A: 07 19 17 27 | 11
#1137-d134 @A: 02 27 07 28 | 04
#1138-d134 @A: 19 20 27 01 | 09
#1139-d134 @A: 14 27 29 35 | 08
#1140-d134 @A: 27 24 11 26 | 12
#1141-d134 @A: 29 15 27 24 | 05
#1142-d134 @A: 19 15 28 27 | 02
#1143-d134 @A: 19 10 27 11 | 07
#1144-d134 @A: 23 35 22 27 | 10
#1145-d134 @A: 27 03 11 16 | 06
#1146-d134 @A: 35 12 06 27 | 01
#1147-d134 @A: 27 17 13 10 | 03
#1148-d134 @A: 01 27 12 24 | 11
#1149-d134 @A: 22 10 24 27 | 04
#1150-d134 @A: 20 24 21 31 | 09
#1151-d134 @A: 09 31 11 21 | 08
#1152-d134 @A: 02 09 31 18 | 12
#1153-d134 @A: 15 05 33 31 | 05
#1154-d134 @A: 01 31 07 09 | 02
#1155-d134 @A: 13 20 31 19 | 07
#1156-d134 @A: 08 31 15 14 | 10
#1157-d134 @A: 15 23 31 29 | 06
#1158-d134 @A: 09 31 11 05 | 01
#1159-d134 @A: 18 21 35 33 | 03
#1160-d134 @A: 25 26 18 21 | 11
#1161-d134 @A: 03 32 07 21 | 04
#1162-d134 @A: 24 02 33 21 | 09
#1163-d134 @A: 19 20 21 26 | 08
#1164-d134 @A: 17 20 21 34 | 12
#1165-d134 @A: 13 26 16 21 | 05
#1166-d134 @A: 23 21 28 19 | 02
#1167-d134 @A: 24 21 34 19 | 07
#1168-d134 @A: 22 21 19 10 | 10
#1169-d134 @A: 24 21 23 16 | 06
#1170-d134 @A: 06 21 34 25 | 01
#1171-d134 @A: 06 24 10 21 | 03
#1172-d134 @A: 12 08 21 24 | 11
#1173-d134 @A: 18 07 32 22 | 04
#1174-d134 @A: 18 23 29 32 | 09
#1175-d134 @A: 18 28 32 08 | 08
#1176-d134 @A: 18 33 19 13 | 12
#1177-d134 @A: 26 18 07 10 | 05
#1178-d134 @A: 25 20 18 29 | 02
#1179-d134 @A: 09 12 29 18 | 07
#1180-d134 @A: 28 25 18 09 | 10
#1181-d134 @A: 18 09 10 23 | 06
#1182-d134 @A: 02 18 22 25 | 01
#1183-d134 @A: 18 08 30 06 | 03
#1184-d134 @A: 05 20 32 33 | 11
#1185-d134 @A: 19 14 12 32 | 04
#1186-d134 @A: 15 26 32 02 | 09
#1187-d134 @A: 29 32 11 06 | 08
#1188-d134 @A: 30 19 32 28 | 12
#1189-d134 @A: 19 17 16 32 | 05
#1190-d134 @A: 23 25 30 32 | 02
#1191-d134 @A: 01 34 32 09 | 07
#1192-d134 @A: 02 32 03 25 | 10
#1193-d134 @A: 12 25 10 32 | 06
#1194-d134 @A: 10 15 32 34 | 01
#1195-d134 @A: 08 10 32 35 | 03
#1196-d134 @A: 08 22 32 13 | 11
#1197-d134 @A: 32 34 30 03 | 04
#1198-d134 @A: 34 32 10 05 | 09
#1199-d134 @A: 30 07 25 33 | 08
#1200-d134 @A: 33 20 09 35 | 12
#1201-d134 @A: 33 11 20 02 | 05
#1202-d134 @A: 20 17 33 30 | 02
#1203-d134 @A: 14 05 33 19 | 07
#1204-d134 @A: 34 33 09 15 | 10
#1205-d134 @A: 33 09 02 05 | 06
#1206-d134 @A: 25 17 33 03 | 01
#1207-d134 @A: 17 34 35 33 | 03
#1208-d134 @A: 25 05 20 07 | 11
#1209-d134 @A: 20 07 30 15 | 04
#1210-d134 @A: 15 14 09 07 | 09
#1211-d134 @A: 07 08 28 09 | 08
#1212-d134 @A: 34 07 30 28 | 12
#1213-d134 @A: 16 11 07 24 | 05
#1214-d134 @A: 34 07 16 35 | 02
#1215-d134 @A: 08 07 34 05 | 07
#1216-d134 @A: 10 08 07 22 | 10
#1217-d134 @A: 20 26 29 24 | 06
#1218-d134 @A: 16 05 20 29 | 01
#1219-d134 @A: 20 19 35 11 | 03
#1220-d134 @A: 20 25 16 09 | 11
#1221-d134 @A: 22 11 24 20 | 04
#1222-d134 @A: 25 35 08 20 | 09
#1223-d134 @A: 34 22 20 15 | 08
#1224-d134 @A: 22 20 35 13 | 12
#1225-d134 @A: 01 20 13 08 | 05
#1226-d134 @A: 30 10 20 01 | 02
#1227-d134 @A: 08 24 20 02 | 07
#1228-d134 @A: 09 08 26 14 | 10
#1229-d134 @A: 23 02 28 14 | 06
#1230-d134 @A: 14 34 03 16 | 01
#1231-d134 @A: 34 05 26 19 | 03
#1232-d134 @A: 17 26 16 11 | 11
#1233-d134 @A: 26 16 22 03 | 04
#1234-d134 @A: 02 05 26 15 | 09
#1235-d134 @A: 34 35 13 26 | 08
#1236-d134 @A: 02 34 26 03 | 12
#1237-d134 @A: 24 34 26 12 | 05
#1238-d134 @A: 02 19 29 34 | 02
#1239-d134 @A: 05 29 24 28 | 07
#1240-d134 @A: 25 29 09 23 | 10
#1241-d134 @A: 10 19 28 09 | 06
#1242-d134 @A: 22 16 09 19 | 01
#1243-d134 @A: 13 17 19 24 | 03
#1244-d134 @A: 01 19 34 30 | 11
#1245-d134 @A: 03 19 01 12 | 04
#1246-d134 @A: 19 22 03 24 | 09
#1247-d134 @A: 28 25 08 01 | 08
#1248-d134 @A: 24 22 28 35 | 12
#1249-d134 @A: 30 01 24 28 | 05
#1250-d134 @A: 06 02 17 28 | 02
#1251-d134 @A: 17 15 23 24 | 07
#1252-d134 @A: 23 13 35 30 | 10
#1253-d134 @A: 10 03 23 13 | 06
#1254-d134 @A: 10 23 05 01 | 01
#1255-d134 @A: 22 06 10 23 | 03
#1256-d134 @A: 16 25 17 35 | 11
#1257-d134 @A: 06 16 25 08 | 04
#1258-d134 @A: 25 02 16 24 | 09
#1259-d134 @A: 03 16 06 12 | 08
#1260-d134 @A: 09 25 13 34 | 12
#1261-d134 @A: 09 06 01 13 | 05
#1262-d134 @A: 06 34 09 17 | 02
#1263-d134 @A: 15 11 12 35 | 07
#1264-d134 @A: 11 34 35 30 | 10
#1265-d134 @A: 11 01 17 30 | 06
#1266-d134 @A: 10 30 22 11 | 01
#1267-d134 @A: 02 01 03 11 | 03
#1268-d134 @A: 06 24 11 34 | 11
#1269-d134 @A: 05 35 25 06 | 04
#1270-d134 @A: 04 31 33 07 | 09
#1271-d134 @A: 12 21 04 14 | 08
#1272-d134 @A: 19 17 04 21 | 12
#1273-d134 @A: 33 20 04 34 | 05
#1274-d134 @A: 03 09 04 33 | 02
#1275-d134 @A: 33 17 04 11 | 07
#1276-d134 @A: 28 04 07 15 | 10
#1277-d134 @A: 04 35 14 19 | 06
#1278-d134 @A: 04 13 05 14 | 01
#1279-d134 @A: 30 26 04 11 | 03
#1280-d134 @A: 10 19 04 29 | 11
#1281-d134 @A: 04 11 06 28 | 04
#1282-d134 @A: 04 23 09 30 | 09
#1283-d134 @A: 02 06 04 25 | 08
#1284-d134 @A: 17 04 25 08 | 12
#1285-d134 @A: 04 12 03 13 | 05
#1286-d134 @A: 02 34 12 04 | 02
#1287-d134 @A: 01 31 28 27 | 07
#1288-d134 @A: 27 09 10 31 | 10
#1289-d134 @A: 16 27 07 21 | 06
#1290-d134 @A: 21 13 20 27 | 01
#1291-d134 @A: 27 35 26 21 | 03
#1292-d134 @A: 27 01 18 33 | 11
#1293-d134 @A: 18 25 07 27 | 04
#1294-d134 @A: 23 18 27 02 | 09
#1295-d134 @A: 28 33 27 17 | 08
#1296-d134 @A: 11 06 33 27 | 12
#1297-d134 @A: 05 33 24 27 | 05
#1298-d134 @A: 26 15 27 20 | 02
#1299-d134 @A: 20 16 27 22 | 07
#1300-d134 @A: 09 24 20 27 | 10
#1301-d134 @A: 27 25 20 11 | 06
#1302-d134 @A: 34 05 20 27 | 01
#1303-d134 @A: 03 27 08 29 | 03
#1304-d134 @A: 27 13 25 08 | 11
#1305-d134 @A: 27 13 34 30 | 04
#1306-d134 @A: 12 03 27 30 | 09
#1307-d134 @A: 06 27 02 34 | 08
#1308-d134 @A: 27 22 03 02 | 12
#1309-d134 @A: 29 19 31 32 | 05
#1310-d134 @A: 32 31 12 23 | 02
#1311-d134 @A: 34 28 31 33 | 07
#1312-d134 @A: 07 31 20 08 | 10
#1313-d134 @A: 12 24 31 07 | 06
#1314-d134 @A: 22 31 20 23 | 01
#1315-d134 @A: 31 02 20 16 | 03
#1316-d134 @A: 20 11 12 31 | 11
#1317-d134 @A: 15 31 19 09 | 04
#1318-d134 @A: 25 28 06 31 | 09
#1319-d134 @A: 31 15 35 24 | 08
#1320-d134 @A: 31 13 12 01 | 12
#1321-d134 @A: 02 31 08 01 | 05
#1322-d134 @A: 34 02 31 22 | 02
#1323-d134 @A: 31 34 08 24 | 07
#1324-d134 @A: 02 24 10 31 | 10
#1325-d134 @A: 21 35 32 23 | 06
#1326-d134 @A: 21 17 25 32 | 01
#1327-d134 @A: 33 21 15 16 | 03
#1328-d134 @A: 21 07 10 11 | 11
#1329-d134 @A: 25 21 13 22 | 04
#1330-d134 @A: 15 05 13 21 | 09
#1331-d134 @A: 35 21 30 08 | 08
#1332-d134 @A: 06 21 30 01 | 12
#1333-d134 @A: 32 15 18 09 | 05
#1334-d134 @A: 18 20 13 07 | 02
#1335-d134 @A: 05 13 07 18 | 07
#1336-d134 @A: 22 18 20 19 | 10
#1337-d134 @A: 18 14 22 12 | 06
#1338-d134 @A: 26 18 17 19 | 01
#1339-d134 @A: 18 19 08 34 | 03
#1340-d134 @A: 30 23 28 18 | 11
#1341-d134 @A: 12 11 18 23 | 04
#1342-d134 @A: 30 18 11 05 | 09
#1343-d134 @A: 18 06 05 15 | 08
#1344-d134 @A: 33 32 26 29 | 12
#1345-d134 @A: 20 10 32 17 | 05
#1346-d134 @A: 32 11 14 03 | 02
#1347-d134 @A: 29 32 12 28 | 07
#1348-d134 @A: 24 32 29 16 | 10
#1349-d134 @A: 13 28 32 09 | 06
#1350-d134 @A: 01 35 32 02 | 01
#1351-d134 @A: 35 05 12 32 | 03
#1352-d134 @A: 01 17 08 32 | 11
#1353-d134 @A: 32 08 06 34 | 04
#1354-d134 @A: 22 32 10 02 | 09
#1355-d134 @A: 15 33 10 01 | 08
#1356-d134 @A: 17 33 05 03 | 12
#1357-d134 @A: 03 28 07 11 | 05
#1358-d134 @A: 13 02 25 07 | 02
#1359-d134 @A: 01 35 22 07 | 07
#1360-d134 @A: 07 17 06 35 | 10
#1361-d134 @A: 05 35 07 02 | 06
#1362-d134 @A: 12 01 05 07 | 01
#1363-d134 @A: 07 10 12 02 | 03
#1364-d134 @A: 03 07 02 08 | 11
#1365-d134 @A: 03 20 14 12 | 04
#1366-d134 @A: 23 11 20 03 | 09
#1367-d134 @A: 25 02 20 30 | 08
#1368-d134 @A: 20 35 34 02 | 12
#1369-d134 @A: 10 26 14 19 | 05
#1370-d134 @A: 19 29 22 14 | 02
#1371-d134 @A: 14 09 02 35 | 07
#1372-d134 @A: 11 05 08 14 | 10
#1373-d134 @A: 35 13 17 14 | 06
#1374-d134 @A: 06 13 14 22 | 01
#1375-d134 @A: 30 23 26 16 | 03
#1376-d134 @A: 12 01 26 25 | 11
#1377-d134 @A: 29 19 13 09 | 04
#1378-d134 @A: 17 29 30 16 | 09
#1379-d134 @A: 24 10 11 29 | 08
#1380-d134 @A: 12 28 19 02 | 12
#1381-d134 @A: 08 23 28 17 | 05
#1382-d134 @A: 28 11 16 30 | 02
#1383-d134 @A: 28 22 15 06 | 07
#1384-d134 @A: 35 28 06 34 | 10
#1385-d134 @A: 12 25 23 06 | 06
#1386-d134 @A: 23 17 35 03 | 01
#1387-d134 @A: 23 34 02 13 | 03
#1388-d134 @A: 15 34 16 12 | 11
#1389-d134 @A: 01 13 35 16 | 04
#1390-d134 @A: 05 34 35 16 | 09
#1391-d134 @A: 16 13 08 24 | 08
#1392-d134 @A: 22 30 16 06 | 12
#1393-d134 @A: 12 15 09 08 | 05
#1394-d134 @A: 03 09 34 22 | 02
#1395-d134 @A: 11 08 35 24 | 07
#1396-d134 @A: 34 03 15 05 | 10
#1397-d134 @A: 03 04 19 27 | 06
#1398-d134 @A: 31 04 08 05 | 01
#1399-d134 @A: 33 04 22 21 | 03
#1400-d134 @A: 04 08 21 20 | 11
#1401-d134 @A: 33 16 32 04 | 04
#1402-d134 @A: 23 07 03 04 | 09
#1403-d134 @A: 04 20 26 10 | 08
#1404-d134 @A: 30 20 04 06 | 12
#1405-d134 @A: 06 29 04 14 | 05
#1406-d134 @A: 13 26 09 04 | 02
#1407-d134 @A: 09 04 24 28 | 07
#1408-d134 @A: 03 15 04 01 | 10
#1409-d134 @A: 04 05 02 13 | 06
#1410-d134 @A: 34 01 04 05 | 01
#1411-d134 @A: 18 31 15 27 | 03
#1412-d134 @A: 02 31 27 29 | 11
#1413-d134 @A: 05 02 31 27 | 04
#1414-d134 @A: 21 15 27 14 | 09
#1415-d134 @A: 21 23 17 27 | 08
#1416-d134 @A: 18 27 03 20 | 12
#1417-d134 @A: 27 32 03 13 | 05
#1418-d134 @A: 27 23 08 33 | 02
#1419-d134 @A: 09 27 13 33 | 07
#1420-d134 @A: 12 33 27 02 | 10
#1421-d134 @A: 07 05 29 27 | 06
#1422-d134 @A: 09 35 07 27 | 01
#1423-d134 @A: 14 30 20 27 | 03
#1424-d134 @A: 27 28 14 16 | 11
#1425-d134 @A: 27 01 09 14 | 04
#1426-d134 @A: 27 11 14 17 | 09
#1427-d134 @A: 17 05 27 14 | 08
#1428-d134 @A: 29 28 34 27 | 12
#1429-d134 @A: 23 27 10 29 | 05
#1430-d134 @A: 29 27 12 16 | 02
#1431-d134 @A: 27 23 05 08 | 07
#1432-d134 @A: 16 30 27 09 | 10
#1433-d134 @A: 27 25 06 01 | 06
#1434-d134 @A: 12 27 15 10 | 01
#1435-d134 @A: 24 06 27 03 | 03
#1436-d134 @A: 08 21 26 31 | 11
#1437-d134 @A: 33 31 10 18 | 04
#1438-d134 @A: 31 18 13 11 | 09
#1439-d134 @A: 31 25 18 08 | 08
#1440-d134 @A: 32 34 31 16 | 12
#1441-d134 @A: 33 23 31 06 | 05
#1442-d134 @A: 08 33 31 12 | 02
#1443-d134 @A: 20 31 26 25 | 07
#1444-d134 @A: 20 09 31 30 | 10
#1445-d134 @A: 12 29 30 31 | 06
#1446-d134 @A: 11 34 31 19 | 01
#1447-d134 @A: 09 03 31 16 | 03
#1448-d134 @A: 31 22 25 35 | 11
#1449-d134 @A: 31 34 01 35 | 04
#1450-d134 @A: 31 34 17 30 | 09
#1451-d134 @A: 03 17 31 08 | 08
#1452-d134 @A: 21 32 10 16 | 12
#1453-d134 @A: 21 32 06 09 | 05
#1454-d134 @A: 19 06 21 33 | 02
#1455-d134 @A: 22 21 34 07 | 07
#1456-d134 @A: 29 21 35 19 | 10
#1457-d134 @A: 19 09 21 12 | 06
#1458-d134 @A: 35 09 21 28 | 01
#1459-d134 @A: 28 15 02 21 | 03
#1460-d134 @A: 21 11 22 16 | 11
#1461-d134 @A: 01 34 21 13 | 04
#1462-d134 @A: 21 24 05 34 | 09
#1463-d134 @A: 18 12 32 33 | 08
#1464-d134 @A: 18 32 26 13 | 12
#1465-d134 @A: 19 02 32 18 | 05
#1466-d134 @A: 28 07 18 06 | 02
#1467-d134 @A: 18 16 24 20 | 07
#1468-d134 @A: 18 14 26 24 | 10
#1469-d134 @A: 02 18 14 30 | 06
#1470-d134 @A: 03 23 18 16 | 01
#1471-d134 @A: 18 17 30 35 | 03
#1472-d134 @A: 11 33 08 32 | 11
#1473-d134 @A: 28 24 32 20 | 04
#1474-d134 @A: 32 10 09 14 | 09
#1475-d134 @A: 32 15 06 13 | 08
#1476-d134 @A: 30 15 22 32 | 12
#1477-d134 @A: 01 19 33 07 | 05
#1478-d134 @A: 20 25 33 23 | 02
#1479-d134 @A: 26 30 19 33 | 07
#1480-d134 @A: 33 26 11 09 | 10
#1481-d134 @A: 33 05 30 26 | 06
#1482-d134 @A: 19 08 33 09 | 01
#1483-d134 @A: 23 33 12 03 | 03
#1484-d134 @A: 01 13 33 25 | 11
#1485-d134 @A: 33 02 15 06 | 04
#1486-d134 @A: 06 33 17 24 | 09
#1487-d134 @A: 33 08 10 17 | 08
#1488-d134 @A: 07 20 02 19 | 12
#1489-d134 @A: 20 16 07 03 | 05
#1490-d134 @A: 14 07 23 06 | 02
#1491-d134 @A: 07 29 35 28 | 07
#1492-d134 @A: 25 24 07 19 | 10
#1493-d134 @A: 06 03 19 07 | 06
#1494-d134 @A: 09 07 34 23 | 01
#1495-d134 @A: 25 12 08 07 | 03
#1496-d134 @A: 03 05 07 06 | 11
#1497-d134 @A: 13 03 26 20 | 04
#1498-d134 @A: 34 25 20 10 | 09
#1499-d134 @A: 20 22 12 10 | 08
#1500-d134 @A: 14 16 25 19 | 12
#1501-d134 @A: 14 11 30 19 | 05
#1502-d134 @A: 24 35 14 10 | 02
#1503-d134 @A: 34 01 17 14 | 07
#1504-d134 @A: 14 02 17 03 | 10
#1505-d134 @A: 03 26 29 11 | 06
#1506-d134 @A: 34 26 23 19 | 01
#1507-d134 @A: 26 09 25 19 | 03
#1508-d134 @A: 26 22 02 19 | 11
#1509-d134 @A: 26 34 30 06 | 04
#1510-d134 @A: 01 26 22 10 | 09
#1511-d134 @A: 17 05 26 12 | 08
#1512-d134 @A: 24 12 29 25 | 12
#1513-d134 @A: 15 29 05 30 | 05
#1514-d134 @A: 15 08 29 17 | 02
#1515-d134 @A: 01 05 29 22 | 07
#1516-d134 @A: 28 10 19 05 | 10
#1517-d134 @A: 19 23 06 11 | 06
#1518-d134 @A: 02 16 11 19 | 01
#1519-d134 @A: 11 03 17 19 | 03
#1520-d134 @A: 19 02 30 13 | 11
#1521-d134 @A: 10 30 19 24 | 04
#1522-d134 @A: 05 23 34 28 | 09
#1523-d134 @A: 16 22 28 02 | 08
#1524-d134 @A: 01 02 34 28 | 12
#1525-d134 @A: 11 23 13 08 | 05
#1526-d134 @A: 12 15 23 05 | 02
#1527-d134 @A: 17 06 13 23 | 07
#1528-d134 @A: 23 10 17 34 | 10
#1529-d134 @A: 16 17 34 13 | 06
#1530-d134 @A: 17 05 34 16 | 01
#1531-d134 @A: 10 35 09 22 | 03
#1532-d134 @A: 02 09 01 10 | 11
#1533-d134 @A: 11 15 02 22 | 04
#1534-d134 @A: 11 10 01 08 | 09
#1535-d134 @A: 02 12 08 11 | 08
#1536-d134 @A: 04 06 27 07 | 12
#1537-d134 @A: 04 22 14 27 | 05
#1538-d134 @A: 35 29 31 04 | 02
#1539-d134 @A: 25 28 04 21 | 07
#1540-d134 @A: 04 07 18 08 | 10
#1541-d134 @A: 22 32 04 09 | 06
#1542-d134 @A: 04 10 03 32 | 01
#1543-d134 @A: 33 04 10 14 | 03
#1544-d134 @A: 25 04 33 26 | 11
#1545-d134 @A: 14 26 04 23 | 04
#1546-d134 @A: 04 09 19 01 | 09
#1547-d134 @A: 23 09 04 05 | 08
#1548-d134 @A: 11 25 15 04 | 12
#1549-d134 @A: 30 15 17 04 | 05
#1550-d134 @A: 15 22 04 12 | 02
#1551-d134 @A: 04 12 01 10 | 07
#1552-d134 @A: 21 02 01 27 | 10
#1553-d134 @A: 34 27 14 18 | 06
#1554-d134 @A: 18 27 05 12 | 01
#1555-d134 @A: 27 26 08 07 | 03
#1556-d134 @A: 27 19 25 29 | 11
#1557-d134 @A: 06 27 17 29 | 04
#1558-d134 @A: 13 27 11 28 | 09
#1559-d134 @A: 27 28 13 05 | 08
#1560-d134 @A: 11 27 15 34 | 12
#1561-d134 @A: 03 27 05 11 | 05
#1562-d134 @A: 34 10 27 01 | 02
#1563-d134 @A: 27 24 17 08 | 07
#1564-d134 @A: 31 32 02 21 | 10
#1565-d134 @A: 21 31 17 33 | 06
#1566-d134 @A: 31 18 20 01 | 01
#1567-d134 @A: 18 31 29 24 | 03
#1568-d134 @A: 30 10 31 32 | 11
#1569-d134 @A: 02 19 33 31 | 04
#1570-d134 @A: 07 11 31 22 | 09
#1571-d134 @A: 15 07 31 10 | 08
#1572-d134 @A: 14 13 31 26 | 12
#1573-d134 @A: 31 24 03 14 | 05
#1574-d134 @A: 06 16 31 19 | 02
#1575-d134 @A: 31 16 13 28 | 07
#1576-d134 @A: 28 22 30 31 | 10
#1577-d134 @A: 31 30 06 02 | 06
#1578-d134 @A: 22 06 31 01 | 01
#1579-d134 @A: 10 17 31 06 | 03
#1580-d134 @A: 17 31 24 22 | 11
#1581-d134 @A: 17 21 18 24 | 04
#1582-d134 @A: 24 11 32 21 | 09
#1583-d134 @A: 21 25 14 20 | 08
#1584-d134 @A: 20 28 21 22 | 12
#1585-d134 @A: 14 21 06 16 | 05
#1586-d134 @A: 14 22 17 21 | 02
#1587-d134 @A: 21 10 14 03 | 07
#1588-d134 @A: 17 01 21 26 | 10
#1589-d134 @A: 35 25 24 21 | 06
#1590-d134 @A: 21 35 12 01 | 01
#1591-d134 @A: 21 05 17 06 | 03
#1592-d134 @A: 16 18 25 32 | 11
#1593-d134 @A: 33 34 18 05 | 04
#1594-d134 @A: 09 07 18 03 | 09
#1595-d134 @A: 17 07 18 12 | 08
#1596-d134 @A: 09 20 08 18 | 12
#1597-d134 @A: 10 11 18 20 | 05
#1598-d134 @A: 18 28 26 02 | 02
#1599-d134 @A: 06 18 26 23 | 07
#1600-d134 @A: 08 29 11 18 | 10
#1601-d134 @A: 18 19 03 28 | 06
#1602-d134 @A: 15 16 19 18 | 01
#1603-d134 @A: 18 10 19 35 | 03
#1604-d134 @A: 09 16 34 18 | 11
#1605-d134 @A: 16 22 18 35 | 04
#1606-d134 @A: 03 18 11 30 | 09
#1607-d134 @A: 25 18 17 15 | 08
#1608-d134 @A: 34 12 18 35 | 12
#1609-d134 @A: 13 12 06 18 | 05
#1610-d134 @A: 24 18 22 13 | 02
#1611-d134 @A: 01 07 32 28 | 07
#1612-d134 @A: 26 32 34 11 | 10
#1613-d134 @A: 32 23 01 19 | 06
#1614-d134 @A: 19 13 32 10 | 01
#1615-d134 @A: 19 08 24 32 | 03
#1616-d134 @A: 23 06 16 32 | 11
#1617-d134 @A: 01 22 11 32 | 04
#1618-d134 @A: 02 32 17 34 | 09
#1619-d134 @A: 12 17 32 06 | 08
#1620-d134 @A: 07 02 26 33 | 12
#1621-d134 @A: 06 07 33 16 | 05
#1622-d134 @A: 33 16 35 14 | 02
#1623-d134 @A: 08 26 33 35 | 07
#1624-d134 @A: 19 29 17 33 | 10
#1625-d134 @A: 33 35 25 29 | 06
#1626-d134 @A: 11 24 19 33 | 01
#1627-d134 @A: 24 33 25 15 | 03
#1628-d134 @A: 34 12 33 25 | 11
#1629-d134 @A: 13 30 15 33 | 04
#1630-d134 @A: 01 26 07 20 | 09
#1631-d134 @A: 10 23 07 20 | 08
#1632-d134 @A: 26 16 07 25 | 12
#1633-d134 @A: 17 29 07 25 | 05
#1634-d134 @A: 22 07 15 19 | 02
#1635-d134 @A: 12 16 28 07 | 07
#1636-d134 @A: 05 07 28 17 | 10
#1637-d134 @A: 02 07 23 16 | 06
#1638-d134 @A: 15 17 16 07 | 01
#1639-d134 @A: 35 07 03 13 | 03
#1640-d134 @A: 07 06 24 22 | 11
#1641-d134 @A: 28 14 20 26 | 04
#1642-d134 @A: 05 19 20 01 | 09
#1643-d134 @A: 20 09 01 22 | 08
#1644-d134 @A: 03 25 20 06 | 12
#1645-d134 @A: 28 22 10 14 | 05
#1646-d134 @A: 14 15 01 23 | 02
#1647-d134 @A: 34 14 12 23 | 07
#1648-d134 @A: 01 03 35 14 | 10
#1649-d134 @A: 34 24 30 14 | 06
#1650-d134 @A: 15 29 19 26 | 01
#1651-d134 @A: 26 03 23 09 | 03
#1652-d134 @A: 26 16 02 09 | 11
#1653-d134 @A: 08 15 26 03 | 04
#1654-d134 @A: 30 12 26 08 | 09
#1655-d134 @A: 08 26 24 01 | 08
#1656-d134 @A: 34 08 17 26 | 12
#1657-d134 @A: 06 10 03 26 | 05
#1658-d134 @A: 29 01 09 28 | 02
#1659-d134 @A: 23 22 16 29 | 07
#1660-d134 @A: 05 29 11 34 | 10
#1661-d134 @A: 30 29 15 35 | 06
#1662-d134 @A: 29 02 10 35 | 01
#1663-d134 @A: 29 01 13 03 | 03
#1664-d134 @A: 22 08 29 02 | 11
#1665-d134 @A: 02 12 17 29 | 04
#1666-d134 @A: 23 09 19 17 | 09
#1667-d134 @A: 25 19 06 22 | 08
#1668-d134 @A: 19 08 12 05 | 12
#1669-d134 @A: 10 02 25 28 | 05
#1670-d134 @A: 30 05 28 35 | 02
#1671-d134 @A: 10 28 08 34 | 07
#1672-d134 @A: 13 24 12 23 | 10
#1673-d134 @A: 23 05 02 30 | 06
#1674-d134 @A: 23 12 22 17 | 01
#1675-d134 @A: 05 16 09 01 | 03
#1676-d134 @A: 16 12 09 10 | 11
#1677-d134 @A: 12 11 16 25 | 04
#1678-d134 @A: 16 13 03 25 | 09
#1679-d134 @A: 12 30 13 16 | 08
#1680-d134 @A: 09 15 24 11 | 12
#1681-d134 @A: 06 10 09 25 | 05
#1682-d134 @A: 09 08 25 24 | 02
#1683-d134 @A: 34 22 09 05 | 07
#1684-d134 @A: 09 05 24 10 | 10
#1685-d134 @A: 02 25 34 11 | 06
#1686-d134 @A: 11 30 12 06 | 01
#1687-d134 @A: 13 10 05 35 | 03
#1688-d134 @A: 22 13 06 05 | 11
#1689-d134 @A: 10 03 13 05 | 04
