#0001-d136 @A: 29 09 31 08 | 05
#0002-d136 @A: 20 31 08 06 | 12
#0003-d136 @A: 16 08 31 33 | 06
#0004-d136 @A: 03 31 07 09 | 08
#0005-d136 @A: 30 31 22 20 | 02
#0006-d136 @A: 31 25 21 28 | 04
#0007-d136 @A: 31 15 04 24 | 11
#0008-d136 @A: 31 30 05 03 | 01
#0009-d136 @A: 02 31 07 32 | 09
#0010-d136 @A: 34 11 31 15 | 07
#0011-d136 @A: 31 15 12 29 | 10
#0012-d136 @A: 21 26 31 23 | 03
#0013-d136 @A: 03 23 31 12 | 05
#0014-d136 @A: 19 31 33 03 | 12
#0015-d136 @A: 18 10 09 03 | 06
#0016-d136 @A: 27 35 18 01 | 08
#0017-d136 @A: 29 18 13 16 | 02
#0018-d136 @A: 25 29 11 18 | 04
#0019-d136 @A: 23 06 14 18 | 11
#0020-d136 @A: 18 20 06 27 | 01
#0021-d136 @A: 18 15 05 14 | 09
#0022-d136 @A: 07 18 14 20 | 07
#0023-d136 @A: 18 07 02 26 | 10
#0024-d136 @A: 03 15 11 18 | 03
#0025-d136 @A: 34 32 19 18 | 05
#0026-d136 @A: 23 18 29 12 | 12
#0027-d136 @A: 18 03 29 33 | 06
#0028-d136 @A: 21 22 35 08 | 08
#0029-d136 @A: 25 20 13 08 | 02
#0030-d136 @A: 08 07 25 13 | 04
#0031-d136 @A: 05 13 08 01 | 11
#0032-d136 @A: 27 17 08 22 | 01
#0033-d136 @A: 25 29 21 08 | 09
#0034-d136 @A: 02 06 08 24 | 07
#0035-d136 @A: 04 26 08 14 | 10
#0036-d136 @A: 24 08 14 19 | 03
#0037-d136 @A: 08 32 04 07 | 05
#0038-d136 @A: 01 08 20 02 | 12
#0039-d136 @A: 01 16 08 10 | 06
#0040-d136 @A: 02 19 08 30 | 08
#0041-d136 @A: 08 24 33 11 | 02
#0042-d136 @A: 15 03 08 32 | 04
#0043-d136 @A: 33 20 08 29 | 11
#0044-d136 @A: 26 08 24 10 | 01
#0045-d136 @A: 27 12 24 08 | 09
#0046-d136 @A: 35 09 29 10 | 07
#0047-d136 @A: 13 09 07 23 | 10
#0048-d136 @A: 23 09 22 02 | 03
#0049-d136 @A: 34 09 22 11 | 05
#0050-d136 @A: 12 22 19 09 | 12
#0051-d136 @A: 09 19 25 28 | 06
#0052-d136 @A: 04 09 12 30 | 08
#0053-d136 @A: 30 32 01 09 | 02
#0054-d136 @A: 15 02 28 09 | 04
#0055-d136 @A: 09 33 11 28 | 11
#0056-d136 @A: 09 20 28 16 | 01
#0057-d136 @A: 15 09 32 19 | 09
#0058-d136 @A: 23 09 10 33 | 07
#0059-d136 @A: 03 17 33 09 | 10
#0060-d136 @A: 13 35 15 14 | 03
#0061-d136 @A: 12 35 22 16 | 05
#0062-d136 @A: 21 06 30 35 | 12
#0063-d136 @A: 14 27 35 03 | 06
#0064-d136 @A: 05 02 35 16 | 08
#0065-d136 @A: 32 28 02 35 | 02
#0066-d136 @A: 17 35 33 29 | 04
#0067-d136 @A: 35 12 29 21 | 11
#0068-d136 @A: 35 12 10 15 | 01
#0069-d136 @A: 13 06 22 33 | 09
#0070-d136 @A: 01 25 34 13 | 07
#0071-d136 @A: 13 25 28 32 | 10
#0072-d136 @A: 21 13 20 06 | 03
#0073-d136 @A: 23 04 14 13 | 05
#0074-d136 @A: 13 32 04 17 | 12
#0075-d136 @A: 13 20 01 16 | 06
#0076-d136 @A: 33 30 07 13 | 08
#0077-d136 @A: 32 13 33 29 | 02
#0078-d136 @A: 33 13 12 15 | 04
#0079-d136 @A: 22 25 14 17 | 11
#0080-d136 @A: 22 14 24 02 | 01
#0081-d136 @A: 04 30 28 22 | 09
#0082-d136 @A: 22 27 10 05 | 07
#0083-d136 @A: 12 11 28 22 | 10
#0084-d136 @A: 24 26 03 22 | 03
#0085-d136 @A: 34 22 24 10 | 05
#0086-d136 @A: 10 22 17 07 | 12
#0087-d136 @A: 01 12 25 06 | 06
#0088-d136 @A: 29 23 06 25 | 08
#0089-d136 @A: 04 15 14 25 | 02
#0090-d136 @A: 26 04 05 25 | 04
#0091-d136 @A: 19 11 05 25 | 11
#0092-d136 @A: 11 25 15 27 | 01
#0093-d136 @A: 23 11 25 33 | 09
#0094-d136 @A: 10 25 33 27 | 07
#0095-d136 @A: 19 12 25 33 | 10
#0096-d136 @A: 29 27 32 06 | 03
#0097-d136 @A: 06 23 32 12 | 05
#0098-d136 @A: 29 07 15 06 | 12
#0099-d136 @A: 15 06 26 03 | 06
#0100-d136 @A: 30 16 17 14 | 08
#0101-d136 @A: 19 14 12 29 | 02
#0102-d136 @A: 23 15 10 14 | 04
#0103-d136 @A: 15 04 01 33 | 11
#0104-d136 @A: 04 02 10 33 | 01
#0105-d136 @A: 15 32 04 10 | 09
#0106-d136 @A: 04 26 32 23 | 07
#0107-d136 @A: 04 03 32 34 | 10
#0108-d136 @A: 26 12 33 04 | 03
#0109-d136 @A: 34 04 17 20 | 05
#0110-d136 @A: 10 05 15 16 | 12
#0111-d136 @A: 10 01 11 30 | 06
#0112-d136 @A: 11 15 01 32 | 08
#0113-d136 @A: 01 16 30 12 | 02
#0114-d136 @A: 01 07 30 16 | 04
#0115-d136 @A: 21 01 19 23 | 11
#0116-d136 @A: 03 20 01 33 | 01
#0117-d136 @A: 34 27 01 10 | 09
#0118-d136 @A: 17 15 02 24 | 07
#0119-d136 @A: 23 12 17 02 | 10
#0120-d136 @A: 33 02 24 03 | 03
#0121-d136 @A: 20 33 27 02 | 05
#0122-d136 @A: 12 11 27 29 | 12
#0123-d136 @A: 29 11 27 07 | 06
#0124-d136 @A: 12 11 24 10 | 08
#0125-d136 @A: 07 33 28 16 | 02
#0126-d136 @A: 21 29 15 16 | 04
#0127-d136 @A: 27 15 16 12 | 11
#0128-d136 @A: 23 16 27 26 | 01
#0129-d136 @A: 03 16 26 21 | 09
#0130-d136 @A: 21 16 17 23 | 07
#0131-d136 @A: 16 27 03 19 | 10
#0132-d136 @A: 03 28 12 26 | 03
#0133-d136 @A: 23 28 20 07 | 05
#0134-d136 @A: 21 24 17 28 | 12
#0135-d136 @A: 27 29 30 15 | 06
#0136-d136 @A: 20 29 30 26 | 08
#0137-d136 @A: 30 07 29 03 | 02
#0138-d136 @A: 30 29 21 24 | 04
#0139-d136 @A: 31 25 10 18 | 11
#0140-d136 @A: 30 18 31 12 | 01
#0141-d136 @A: 21 08 17 31 | 09
#0142-d136 @A: 31 34 35 13 | 07
#0143-d136 @A: 24 35 14 31 | 10
#0144-d136 @A: 29 31 35 04 | 03
#0145-d136 @A: 19 30 35 31 | 05
#0146-d136 @A: 31 13 16 22 | 12
#0147-d136 @A: 19 13 31 15 | 06
#0148-d136 @A: 13 21 24 31 | 08
#0149-d136 @A: 31 22 33 02 | 02
#0150-d136 @A: 17 23 31 22 | 04
#0151-d136 @A: 31 11 16 29 | 11
#0152-d136 @A: 28 23 11 31 | 01
#0153-d136 @A: 17 34 31 16 | 09
#0154-d136 @A: 20 31 17 32 | 07
#0155-d136 @A: 31 27 34 12 | 10
#0156-d136 @A: 09 18 32 08 | 03
#0157-d136 @A: 35 18 29 08 | 05
#0158-d136 @A: 08 18 26 25 | 12
#0159-d136 @A: 08 18 20 04 | 06
#0160-d136 @A: 23 08 18 01 | 08
#0161-d136 @A: 06 09 18 26 | 02
#0162-d136 @A: 18 14 29 09 | 04
#0163-d136 @A: 06 18 05 22 | 11
#0164-d136 @A: 22 07 18 32 | 01
#0165-d136 @A: 18 06 33 01 | 09
#0166-d136 @A: 27 02 18 04 | 07
#0167-d136 @A: 11 01 26 18 | 10
#0168-d136 @A: 18 03 28 02 | 03
#0169-d136 @A: 24 18 16 30 | 05
#0170-d136 @A: 16 15 18 17 | 12
#0171-d136 @A: 16 12 18 20 | 06
#0172-d136 @A: 24 18 32 21 | 08
#0173-d136 @A: 18 26 20 21 | 02
#0174-d136 @A: 14 08 09 07 | 04
#0175-d136 @A: 35 08 20 16 | 11
#0176-d136 @A: 13 34 08 16 | 01
#0177-d136 @A: 13 28 08 17 | 09
#0178-d136 @A: 08 03 30 25 | 07
#0179-d136 @A: 15 02 14 08 | 10
#0180-d136 @A: 30 05 33 08 | 03
#0181-d136 @A: 08 07 20 05 | 05
#0182-d136 @A: 08 21 10 20 | 12
#0183-d136 @A: 15 09 16 06 | 06
#0184-d136 @A: 20 14 03 09 | 08
#0185-d136 @A: 09 16 04 26 | 02
#0186-d136 @A: 04 09 20 33 | 04
#0187-d136 @A: 29 02 12 09 | 11
#0188-d136 @A: 29 30 09 11 | 01
#0189-d136 @A: 32 09 34 10 | 09
#0190-d136 @A: 19 09 34 07 | 07
#0191-d136 @A: 11 35 05 13 | 10
#0192-d136 @A: 35 13 32 16 | 03
#0193-d136 @A: 35 06 15 29 | 05
#0194-d136 @A: 14 02 35 20 | 12
#0195-d136 @A: 03 35 04 05 | 06
#0196-d136 @A: 02 24 01 35 | 08
#0197-d136 @A: 35 16 07 32 | 02
#0198-d136 @A: 26 32 35 21 | 04
#0199-d136 @A: 26 24 35 12 | 11
#0200-d136 @A: 23 35 17 10 | 01
#0201-d136 @A: 25 10 04 13 | 09
#0202-d136 @A: 17 06 07 13 | 07
#0203-d136 @A: 05 17 13 23 | 10
#0204-d136 @A: 03 30 33 13 | 03
#0205-d136 @A: 32 07 13 03 | 05
#0206-d136 @A: 20 13 19 23 | 12
#0207-d136 @A: 10 13 20 27 | 06
#0208-d136 @A: 07 21 25 22 | 08
#0209-d136 @A: 22 02 04 29 | 02
#0210-d136 @A: 02 07 22 27 | 04
#0211-d136 @A: 22 16 20 03 | 11
#0212-d136 @A: 29 19 22 32 | 01
#0213-d136 @A: 03 17 29 22 | 09
#0214-d136 @A: 15 22 12 03 | 07
#0215-d136 @A: 12 23 22 34 | 10
#0216-d136 @A: 34 03 19 22 | 03
#0217-d136 @A: 10 06 25 05 | 05
#0218-d136 @A: 14 33 25 05 | 12
#0219-d136 @A: 25 32 05 20 | 06
#0220-d136 @A: 03 25 01 29 | 08
#0221-d136 @A: 11 25 34 28 | 02
#0222-d136 @A: 16 26 25 28 | 04
#0223-d136 @A: 26 25 33 29 | 11
#0224-d136 @A: 21 25 24 33 | 01
#0225-d136 @A: 10 25 19 03 | 09
#0226-d136 @A: 30 34 02 06 | 07
#0227-d136 @A: 30 06 03 19 | 10
#0228-d136 @A: 17 26 33 06 | 03
#0229-d136 @A: 16 04 33 14 | 05
#0230-d136 @A: 02 11 12 14 | 12
#0231-d136 @A: 14 10 12 30 | 06
#0232-d136 @A: 29 14 23 21 | 08
#0233-d136 @A: 14 19 21 15 | 02
#0234-d136 @A: 17 05 11 04 | 04
#0235-d136 @A: 03 12 01 04 | 11
#0236-d136 @A: 12 21 23 04 | 01
#0237-d136 @A: 03 17 04 10 | 09
#0238-d136 @A: 24 04 20 27 | 07
#0239-d136 @A: 12 01 05 07 | 10
#0240-d136 @A: 30 15 11 05 | 03
#0241-d136 @A: 23 16 20 05 | 05
#0242-d136 @A: 26 12 29 05 | 12
#0243-d136 @A: 29 20 17 05 | 06
#0244-d136 @A: 05 34 15 17 | 08
#0245-d136 @A: 26 24 05 33 | 02
#0246-d136 @A: 26 21 10 05 | 04
#0247-d136 @A: 03 17 05 12 | 11
#0248-d136 @A: 11 01 27 16 | 01
#0249-d136 @A: 20 01 15 17 | 09
#0250-d136 @A: 10 01 20 23 | 07
#0251-d136 @A: 19 02 34 11 | 10
#0252-d136 @A: 15 02 12 26 | 03
#0253-d136 @A: 07 17 02 03 | 05
#0254-d136 @A: 10 11 28 17 | 12
#0255-d136 @A: 33 21 15 11 | 06
#0256-d136 @A: 11 12 17 15 | 08
#0257-d136 @A: 29 16 24 23 | 02
#0258-d136 @A: 12 07 21 16 | 04
#0259-d136 @A: 30 19 28 29 | 11
#0260-d136 @A: 07 28 29 32 | 01
#0261-d136 @A: 32 24 28 33 | 09
#0262-d136 @A: 23 27 30 10 | 07
#0263-d136 @A: 23 32 07 17 | 10
#0264-d136 @A: 18 31 29 22 | 03
#0265-d136 @A: 18 07 29 31 | 05
#0266-d136 @A: 04 09 31 19 | 12
#0267-d136 @A: 11 31 09 10 | 06
#0268-d136 @A: 25 31 13 12 | 08
#0269-d136 @A: 30 26 31 25 | 02
#0270-d136 @A: 31 06 11 26 | 04
#0271-d136 @A: 12 31 16 14 | 11
#0272-d136 @A: 01 31 21 05 | 01
#0273-d136 @A: 28 07 31 11 | 09
#0274-d136 @A: 15 26 31 32 | 07
#0275-d136 @A: 31 24 32 23 | 10
#0276-d136 @A: 31 12 10 32 | 03
#0277-d136 @A: 31 29 23 20 | 05
#0278-d136 @A: 19 35 13 18 | 12
#0279-d136 @A: 18 14 34 35 | 06
#0280-d136 @A: 35 04 18 23 | 08
#0281-d136 @A: 13 18 10 23 | 02
#0282-d136 @A: 18 07 34 06 | 04
#0283-d136 @A: 14 27 26 18 | 11
#0284-d136 @A: 24 05 18 17 | 01
#0285-d136 @A: 29 24 20 18 | 09
#0286-d136 @A: 19 08 09 06 | 07
#0287-d136 @A: 01 24 08 09 | 10
#0288-d136 @A: 08 16 09 23 | 03
#0289-d136 @A: 21 09 33 08 | 05
#0290-d136 @A: 23 35 08 25 | 12
#0291-d136 @A: 08 32 30 13 | 06
#0292-d136 @A: 34 02 08 22 | 08
#0293-d136 @A: 08 25 14 12 | 02
#0294-d136 @A: 23 29 04 08 | 04
#0295-d136 @A: 03 23 08 02 | 11
#0296-d136 @A: 08 20 30 11 | 01
#0297-d136 @A: 30 29 16 08 | 09
#0298-d136 @A: 24 07 16 08 | 07
#0299-d136 @A: 12 08 20 26 | 10
#0300-d136 @A: 08 07 27 10 | 03
#0301-d136 @A: 15 22 35 09 | 05
#0302-d136 @A: 23 01 35 09 | 12
#0303-d136 @A: 13 09 11 15 | 06
#0304-d136 @A: 13 21 09 16 | 08
#0305-d136 @A: 25 05 12 09 | 02
#0306-d136 @A: 06 09 30 10 | 04
#0307-d136 @A: 09 34 06 20 | 11
#0308-d136 @A: 04 09 11 21 | 01
#0309-d136 @A: 11 02 01 09 | 09
#0310-d136 @A: 01 28 09 27 | 07
#0311-d136 @A: 11 19 09 16 | 10
#0312-d136 @A: 15 09 30 07 | 03
#0313-d136 @A: 32 26 03 09 | 05
#0314-d136 @A: 21 29 09 20 | 12
#0315-d136 @A: 20 17 10 09 | 06
#0316-d136 @A: 19 09 27 17 | 08
#0317-d136 @A: 29 35 13 28 | 02
#0318-d136 @A: 35 06 22 02 | 04
#0319-d136 @A: 34 04 35 06 | 11
#0320-d136 @A: 06 35 28 17 | 01
#0321-d136 @A: 35 16 14 26 | 09
#0322-d136 @A: 35 12 02 04 | 07
#0323-d136 @A: 34 17 35 01 | 10
#0324-d136 @A: 23 07 35 30 | 03
#0325-d136 @A: 25 33 13 02 | 05
#0326-d136 @A: 30 23 25 13 | 12
#0327-d136 @A: 06 01 13 32 | 06
#0328-d136 @A: 14 02 10 13 | 08
#0329-d136 @A: 24 13 15 05 | 02
#0330-d136 @A: 05 13 26 20 | 04
#0331-d136 @A: 30 12 13 11 | 11
#0332-d136 @A: 13 23 32 11 | 01
#0333-d136 @A: 23 33 13 26 | 09
#0334-d136 @A: 13 03 21 12 | 07
#0335-d136 @A: 05 24 22 25 | 10
#0336-d136 @A: 25 11 22 20 | 03
#0337-d136 @A: 28 25 22 03 | 05
#0338-d136 @A: 22 16 27 06 | 12
#0339-d136 @A: 06 22 30 12 | 06
#0340-d136 @A: 14 04 10 22 | 08
#0341-d136 @A: 22 33 11 05 | 02
#0342-d136 @A: 16 22 05 34 | 04
#0343-d136 @A: 11 22 01 29 | 11
#0344-d136 @A: 22 15 11 02 | 01
#0345-d136 @A: 07 11 30 22 | 09
#0346-d136 @A: 17 22 10 33 | 07
#0347-d136 @A: 06 28 25 27 | 10
#0348-d136 @A: 07 14 25 19 | 03
#0349-d136 @A: 27 04 25 01 | 05
#0350-d136 @A: 24 25 03 32 | 12
#0351-d136 @A: 25 15 17 29 | 06
#0352-d136 @A: 34 12 25 29 | 08
#0353-d136 @A: 25 26 15 24 | 02
#0354-d136 @A: 34 17 25 33 | 04
#0355-d136 @A: 34 25 21 10 | 11
#0356-d136 @A: 29 14 30 06 | 01
#0357-d136 @A: 23 05 06 30 | 09
#0358-d136 @A: 06 16 23 01 | 07
#0359-d136 @A: 06 07 30 12 | 10
#0360-d136 @A: 29 12 06 33 | 03
#0361-d136 @A: 21 15 06 24 | 05
#0362-d136 @A: 03 27 21 06 | 12
#0363-d136 @A: 14 28 07 04 | 06
#0364-d136 @A: 17 14 33 01 | 08
#0365-d136 @A: 03 15 14 34 | 02
#0366-d136 @A: 34 21 14 12 | 04
#0367-d136 @A: 12 04 05 32 | 11
#0368-d136 @A: 30 04 02 32 | 01
#0369-d136 @A: 04 23 16 11 | 09
#0370-d136 @A: 29 32 04 21 | 07
#0371-d136 @A: 04 03 27 15 | 10
#0372-d136 @A: 17 21 04 26 | 03
#0373-d136 @A: 23 04 10 34 | 05
#0374-d136 @A: 23 04 03 20 | 12
#0375-d136 @A: 30 05 01 27 | 06
#0376-d136 @A: 10 05 11 02 | 08
#0377-d136 @A: 32 02 05 26 | 02
#0378-d136 @A: 15 28 05 07 | 04
#0379-d136 @A: 34 05 10 03 | 11
#0380-d136 @A: 01 28 23 24 | 01
#0381-d136 @A: 15 01 10 26 | 09
#0382-d136 @A: 23 03 01 15 | 07
#0383-d136 @A: 03 01 26 34 | 10
#0384-d136 @A: 10 12 01 17 | 03
#0385-d136 @A: 02 20 30 15 | 05
#0386-d136 @A: 02 32 21 12 | 12
#0387-d136 @A: 29 17 02 19 | 06
#0388-d136 @A: 15 10 34 02 | 08
#0389-d136 @A: 11 10 26 20 | 02
#0390-d136 @A: 17 33 11 27 | 04
#0391-d136 @A: 32 23 16 34 | 11
#0392-d136 @A: 15 33 26 16 | 01
#0393-d136 @A: 20 34 16 26 | 09
#0394-d136 @A: 12 33 23 16 | 07
#0395-d136 @A: 16 24 17 33 | 10
#0396-d136 @A: 28 33 27 30 | 03
#0397-d136 @A: 34 21 30 28 | 05
#0398-d136 @A: 17 28 20 30 | 12
#0399-d136 @A: 28 07 34 03 | 06
#0400-d136 @A: 28 12 34 17 | 08
#0401-d136 @A: 19 32 23 30 | 02
#0402-d136 @A: 15 32 07 10 | 04
#0403-d136 @A: 34 07 10 23 | 11
#0404-d136 @A: 18 27 08 31 | 01
#0405-d136 @A: 18 17 28 31 | 09
#0406-d136 @A: 28 08 31 34 | 07
#0407-d136 @A: 21 35 09 31 | 10
#0408-d136 @A: 31 23 09 13 | 03
#0409-d136 @A: 25 31 15 09 | 05
#0410-d136 @A: 25 35 31 17 | 12
#0411-d136 @A: 06 34 22 31 | 06
#0412-d136 @A: 04 31 32 22 | 08
#0413-d136 @A: 02 25 31 29 | 02
#0414-d136 @A: 31 33 14 06 | 04
#0415-d136 @A: 06 24 12 31 | 11
#0416-d136 @A: 07 26 31 14 | 01
#0417-d136 @A: 31 12 19 01 | 09
#0418-d136 @A: 28 02 31 19 | 07
#0419-d136 @A: 05 09 23 18 | 10
#0420-d136 @A: 20 11 09 18 | 03
#0421-d136 @A: 27 35 18 07 | 05
#0422-d136 @A: 18 04 21 13 | 12
#0423-d136 @A: 05 25 03 18 | 06
#0424-d136 @A: 25 18 02 12 | 08
#0425-d136 @A: 18 16 33 11 | 02
#0426-d136 @A: 18 34 29 30 | 04
#0427-d136 @A: 23 18 32 20 | 11
#0428-d136 @A: 10 27 15 18 | 01
#0429-d136 @A: 24 18 19 10 | 09
#0430-d136 @A: 24 12 18 03 | 07
#0431-d136 @A: 19 21 03 18 | 10
#0432-d136 @A: 35 04 08 27 | 03
#0433-d136 @A: 28 12 35 08 | 05
#0434-d136 @A: 22 19 28 08 | 12
#0435-d136 @A: 06 08 17 25 | 06
#0436-d136 @A: 16 08 05 25 | 08
#0437-d136 @A: 08 16 06 12 | 02
#0438-d136 @A: 14 08 17 29 | 04
#0439-d136 @A: 04 08 11 12 | 11
#0440-d136 @A: 11 01 08 17 | 01
#0441-d136 @A: 26 02 08 16 | 09
#0442-d136 @A: 32 08 20 27 | 07
#0443-d136 @A: 08 33 34 15 | 10
#0444-d136 @A: 33 10 03 08 | 03
#0445-d136 @A: 12 34 03 08 | 05
#0446-d136 @A: 34 08 17 19 | 12
#0447-d136 @A: 21 07 08 03 | 06
#0448-d136 @A: 03 35 28 09 | 08
#0449-d136 @A: 09 10 13 28 | 02
#0450-d136 @A: 01 12 09 14 | 04
#0451-d136 @A: 15 09 05 01 | 11
#0452-d136 @A: 05 09 34 28 | 01
#0453-d136 @A: 34 16 09 12 | 09
#0454-d136 @A: 32 29 09 17 | 07
#0455-d136 @A: 25 03 13 35 | 10
#0456-d136 @A: 12 01 35 13 | 03
#0457-d136 @A: 17 02 13 35 | 05
#0458-d136 @A: 26 22 35 01 | 12
#0459-d136 @A: 24 25 28 35 | 06
#0460-d136 @A: 04 14 35 19 | 08
#0461-d136 @A: 35 05 01 10 | 02
#0462-d136 @A: 28 35 05 27 | 04
#0463-d136 @A: 05 17 30 35 | 11
#0464-d136 @A: 01 28 35 19 | 01
#0465-d136 @A: 07 28 10 35 | 09
#0466-d136 @A: 26 20 33 35 | 07
#0467-d136 @A: 34 12 19 35 | 10
#0468-d136 @A: 07 13 06 22 | 03
#0469-d136 @A: 11 26 13 25 | 05
#0470-d136 @A: 13 16 06 04 | 12
#0471-d136 @A: 26 32 14 13 | 06
#0472-d136 @A: 15 32 34 13 | 08
#0473-d136 @A: 13 32 12 24 | 02
#0474-d136 @A: 13 24 34 23 | 04
#0475-d136 @A: 33 10 24 13 | 11
#0476-d136 @A: 01 22 25 33 | 01
#0477-d136 @A: 06 10 26 22 | 09
#0478-d136 @A: 22 20 06 23 | 07
#0479-d136 @A: 16 15 22 14 | 10
#0480-d136 @A: 19 11 22 04 | 03
#0481-d136 @A: 17 15 22 04 | 05
#0482-d136 @A: 05 15 32 22 | 12
#0483-d136 @A: 22 24 01 16 | 06
#0484-d136 @A: 22 28 10 02 | 08
#0485-d136 @A: 25 14 03 06 | 02
#0486-d136 @A: 25 02 06 32 | 04
#0487-d136 @A: 25 16 23 14 | 11
#0488-d136 @A: 28 04 25 20 | 01
#0489-d136 @A: 23 34 02 25 | 09
#0490-d136 @A: 02 25 20 07 | 07
#0491-d136 @A: 28 10 25 12 | 10
#0492-d136 @A: 29 25 10 32 | 03
#0493-d136 @A: 25 24 27 34 | 05
#0494-d136 @A: 12 24 25 17 | 12
#0495-d136 @A: 14 02 06 04 | 06
#0496-d136 @A: 11 14 06 15 | 08
#0497-d136 @A: 34 01 06 28 | 02
#0498-d136 @A: 06 28 02 07 | 04
#0499-d136 @A: 33 06 03 28 | 11
#0500-d136 @A: 27 05 04 14 | 01
#0501-d136 @A: 04 14 03 30 | 09
#0502-d136 @A: 11 14 05 07 | 07
#0503-d136 @A: 32 14 02 19 | 10
#0504-d136 @A: 32 11 21 14 | 03
#0505-d136 @A: 32 27 14 12 | 05
#0506-d136 @A: 24 14 29 03 | 12
#0507-d136 @A: 17 20 23 14 | 06
#0508-d136 @A: 11 01 34 04 | 08
#0509-d136 @A: 28 01 04 32 | 02
#0510-d136 @A: 16 11 04 07 | 04
#0511-d136 @A: 04 24 16 03 | 11
#0512-d136 @A: 32 27 04 33 | 01
#0513-d136 @A: 24 19 04 23 | 09
#0514-d136 @A: 28 02 33 05 | 07
#0515-d136 @A: 24 11 05 34 | 10
#0516-d136 @A: 19 30 21 05 | 03
#0517-d136 @A: 20 05 12 27 | 05
#0518-d136 @A: 33 02 26 01 | 12
#0519-d136 @A: 29 11 07 01 | 06
#0520-d136 @A: 29 34 01 15 | 08
#0521-d136 @A: 03 01 15 07 | 02
#0522-d136 @A: 17 01 26 24 | 04
#0523-d136 @A: 34 21 01 24 | 11
#0524-d136 @A: 02 24 20 28 | 01
#0525-d136 @A: 02 03 15 19 | 09
#0526-d136 @A: 02 23 26 20 | 07
#0527-d136 @A: 23 11 29 10 | 10
#0528-d136 @A: 15 19 11 10 | 03
#0529-d136 @A: 11 15 19 07 | 05
#0530-d136 @A: 17 10 32 16 | 12
#0531-d136 @A: 16 19 26 17 | 06
#0532-d136 @A: 16 27 07 23 | 08
#0533-d136 @A: 16 03 34 33 | 02
#0534-d136 @A: 23 12 30 28 | 04
#0535-d136 @A: 20 28 12 32 | 11
#0536-d136 @A: 28 03 20 29 | 01
#0537-d136 @A: 28 15 03 21 | 09
#0538-d136 @A: 15 28 24 27 | 07
#0539-d136 @A: 28 26 20 27 | 10
#0540-d136 @A: 27 10 28 03 | 03
#0541-d136 @A: 28 07 21 19 | 05
#0542-d136 @A: 30 32 21 07 | 12
#0543-d136 @A: 17 30 15 19 | 06
#0544-d136 @A: 17 27 30 12 | 08
#0545-d136 @A: 29 17 07 19 | 02
#0546-d136 @A: 31 14 03 18 | 04
#0547-d136 @A: 31 18 26 33 | 11
#0548-d136 @A: 27 31 14 09 | 01
#0549-d136 @A: 13 10 31 01 | 09
#0550-d136 @A: 22 12 26 31 | 07
#0551-d136 @A: 21 31 06 04 | 10
#0552-d136 @A: 03 32 06 31 | 03
#0553-d136 @A: 31 14 34 30 | 05
#0554-d136 @A: 14 31 19 26 | 12
#0555-d136 @A: 05 24 02 31 | 06
#0556-d136 @A: 30 16 31 15 | 08
#0557-d136 @A: 32 30 31 29 | 02
#0558-d136 @A: 31 34 26 10 | 04
#0559-d136 @A: 07 34 31 33 | 11
#0560-d136 @A: 34 08 18 11 | 01
#0561-d136 @A: 18 17 08 30 | 09
#0562-d136 @A: 09 22 21 18 | 07
#0563-d136 @A: 26 18 35 05 | 10
#0564-d136 @A: 10 35 28 18 | 03
#0565-d136 @A: 30 22 18 10 | 05
#0566-d136 @A: 06 17 18 02 | 12
#0567-d136 @A: 28 06 19 18 | 06
#0568-d136 @A: 11 24 02 18 | 08
#0569-d136 @A: 12 18 15 32 | 02
#0570-d136 @A: 18 15 33 20 | 04
#0571-d136 @A: 33 23 17 18 | 11
#0572-d136 @A: 05 09 03 08 | 01
#0573-d136 @A: 09 26 08 15 | 09
#0574-d136 @A: 15 07 35 08 | 07
#0575-d136 @A: 26 08 22 05 | 10
#0576-d136 @A: 01 15 08 25 | 03
#0577-d136 @A: 25 08 28 33 | 05
#0578-d136 @A: 08 28 23 06 | 12
#0579-d136 @A: 05 14 20 08 | 06
#0580-d136 @A: 01 08 33 19 | 08
#0581-d136 @A: 32 08 02 10 | 02
#0582-d136 @A: 20 28 15 08 | 04
#0583-d136 @A: 29 26 03 08 | 11
#0584-d136 @A: 27 08 10 29 | 01
#0585-d136 @A: 15 27 08 21 | 09
#0586-d136 @A: 21 08 34 26 | 07
#0587-d136 @A: 20 23 08 34 | 10
#0588-d136 @A: 24 21 08 03 | 03
#0589-d136 @A: 13 22 09 26 | 05
#0590-d136 @A: 27 06 09 13 | 12
#0591-d136 @A: 16 29 09 22 | 06
#0592-d136 @A: 25 26 09 01 | 08
#0593-d136 @A: 33 09 05 06 | 02
#0594-d136 @A: 05 19 09 14 | 04
#0595-d136 @A: 24 21 09 14 | 11
#0596-d136 @A: 09 04 02 24 | 01
#0597-d136 @A: 05 16 32 09 | 09
#0598-d136 @A: 07 05 09 26 | 07
#0599-d136 @A: 28 17 26 09 | 10
#0600-d136 @A: 23 26 09 30 | 03
#0601-d136 @A: 09 24 12 23 | 05
#0602-d136 @A: 07 09 10 20 | 12
#0603-d136 @A: 16 33 25 35 | 06
#0604-d136 @A: 35 14 30 28 | 08
#0605-d136 @A: 16 04 35 17 | 02
#0606-d136 @A: 30 01 35 33 | 04
#0607-d136 @A: 02 35 30 29 | 11
#0608-d136 @A: 35 29 20 32 | 01
#0609-d136 @A: 24 15 35 32 | 09
#0610-d136 @A: 19 35 32 10 | 07
#0611-d136 @A: 26 35 34 29 | 10
#0612-d136 @A: 27 24 29 35 | 03
#0613-d136 @A: 03 17 24 35 | 05
#0614-d136 @A: 17 16 25 13 | 12
#0615-d136 @A: 11 06 13 34 | 06
#0616-d136 @A: 06 29 13 17 | 08
#0617-d136 @A: 13 05 30 10 | 02
#0618-d136 @A: 16 02 07 13 | 04
#0619-d136 @A: 28 13 19 11 | 11
#0620-d136 @A: 13 28 30 16 | 01
#0621-d136 @A: 13 27 34 03 | 09
#0622-d136 @A: 13 19 12 07 | 07
#0623-d136 @A: 14 06 19 22 | 10
#0624-d136 @A: 01 34 22 14 | 03
#0625-d136 @A: 14 26 22 30 | 05
#0626-d136 @A: 23 07 22 04 | 12
#0627-d136 @A: 05 20 01 22 | 06
#0628-d136 @A: 11 22 27 24 | 08
#0629-d136 @A: 21 16 30 22 | 02
#0630-d136 @A: 15 22 34 20 | 04
#0631-d136 @A: 21 22 23 10 | 11
#0632-d136 @A: 07 24 20 22 | 01
#0633-d136 @A: 16 24 06 25 | 09
#0634-d136 @A: 06 25 30 20 | 07
#0635-d136 @A: 34 25 26 14 | 10
#0636-d136 @A: 05 25 15 02 | 03
#0637-d136 @A: 25 28 07 01 | 05
#0638-d136 @A: 25 02 16 27 | 12
#0639-d136 @A: 20 19 25 34 | 06
#0640-d136 @A: 07 10 24 25 | 08
#0641-d136 @A: 25 20 03 12 | 02
#0642-d136 @A: 25 21 12 27 | 04
#0643-d136 @A: 01 06 14 20 | 11
#0644-d136 @A: 07 21 06 14 | 01
#0645-d136 @A: 23 04 06 15 | 09
#0646-d136 @A: 06 02 01 10 | 07
#0647-d136 @A: 02 26 06 21 | 10
#0648-d136 @A: 15 06 33 10 | 03
#0649-d136 @A: 06 12 27 26 | 05
#0650-d136 @A: 28 24 05 14 | 12
#0651-d136 @A: 03 21 14 02 | 06
#0652-d136 @A: 16 14 11 20 | 08
#0653-d136 @A: 29 11 14 33 | 02
#0654-d136 @A: 14 03 19 17 | 04
#0655-d136 @A: 15 29 04 11 | 11
#0656-d136 @A: 28 04 16 12 | 01
#0657-d136 @A: 04 29 26 27 | 09
#0658-d136 @A: 04 33 03 21 | 07
#0659-d136 @A: 12 27 04 10 | 10
#0660-d136 @A: 23 01 05 11 | 03
#0661-d136 @A: 05 32 33 03 | 05
#0662-d136 @A: 21 28 02 01 | 12
#0663-d136 @A: 01 03 32 10 | 06
#0664-d136 @A: 29 17 01 21 | 08
#0665-d136 @A: 02 10 20 12 | 02
#0666-d136 @A: 27 21 24 02 | 04
#0667-d136 @A: 32 11 27 10 | 11
#0668-d136 @A: 11 32 03 17 | 01
#0669-d136 @A: 11 19 20 29 | 09
#0670-d136 @A: 11 26 12 34 | 07
#0671-d136 @A: 11 20 34 21 | 10
#0672-d136 @A: 11 17 19 21 | 03
#0673-d136 @A: 29 27 34 16 | 05
#0674-d136 @A: 10 16 23 03 | 12
#0675-d136 @A: 21 16 34 19 | 06
#0676-d136 @A: 27 16 20 17 | 08
#0677-d136 @A: 19 10 28 23 | 02
#0678-d136 @A: 24 03 34 28 | 04
#0679-d136 @A: 26 10 03 07 | 11
#0680-d136 @A: 08 32 31 11 | 01
#0681-d136 @A: 30 31 08 24 | 09
#0682-d136 @A: 19 31 08 10 | 07
#0683-d136 @A: 08 31 07 17 | 10
#0684-d136 @A: 31 35 07 01 | 03
#0685-d136 @A: 07 31 13 20 | 05
#0686-d136 @A: 31 10 22 15 | 12
#0687-d136 @A: 27 31 25 05 | 06
#0688-d136 @A: 31 07 23 25 | 08
#0689-d136 @A: 33 25 20 31 | 02
#0690-d136 @A: 06 31 29 01 | 04
#0691-d136 @A: 28 31 26 04 | 11
#0692-d136 @A: 02 11 27 31 | 01
#0693-d136 @A: 07 31 16 19 | 09
#0694-d136 @A: 32 33 31 34 | 07
#0695-d136 @A: 20 31 15 27 | 10
#0696-d136 @A: 12 31 26 07 | 03
#0697-d136 @A: 13 18 03 08 | 05
#0698-d136 @A: 05 18 12 08 | 12
#0699-d136 @A: 18 19 16 08 | 06
#0700-d136 @A: 35 18 32 25 | 08
#0701-d136 @A: 18 02 15 35 | 02
#0702-d136 @A: 18 13 27 25 | 04
#0703-d136 @A: 07 13 28 18 | 11
#0704-d136 @A: 12 18 17 13 | 01
#0705-d136 @A: 15 01 18 22 | 09
#0706-d136 @A: 22 18 28 26 | 07
#0707-d136 @A: 22 18 23 03 | 10
#0708-d136 @A: 07 18 19 22 | 03
#0709-d136 @A: 25 01 18 20 | 05
#0710-d136 @A: 28 25 18 15 | 12
#0711-d136 @A: 18 11 10 06 | 06
#0712-d136 @A: 18 04 01 10 | 08
#0713-d136 @A: 04 32 18 11 | 02
#0714-d136 @A: 01 18 16 34 | 04
#0715-d136 @A: 07 17 11 18 | 11
#0716-d136 @A: 18 16 23 28 | 01
#0717-d136 @A: 29 21 18 27 | 09
#0718-d136 @A: 13 35 24 08 | 07
#0719-d136 @A: 14 35 01 08 | 10
#0720-d136 @A: 22 08 15 13 | 03
#0721-d136 @A: 25 08 04 24 | 05
#0722-d136 @A: 08 34 05 04 | 12
#0723-d136 @A: 10 30 04 08 | 06
#0724-d136 @A: 08 27 03 01 | 08
#0725-d136 @A: 30 12 08 15 | 02
#0726-d136 @A: 23 17 26 08 | 04
#0727-d136 @A: 34 26 08 07 | 11
#0728-d136 @A: 09 28 29 04 | 01
#0729-d136 @A: 09 05 02 21 | 09
#0730-d136 @A: 09 11 05 27 | 07
#0731-d136 @A: 30 09 16 03 | 10
#0732-d136 @A: 07 27 28 09 | 03
#0733-d136 @A: 19 29 09 26 | 05
#0734-d136 @A: 10 12 09 26 | 12
#0735-d136 @A: 13 20 30 35 | 06
#0736-d136 @A: 14 29 35 22 | 08
#0737-d136 @A: 32 35 30 22 | 02
#0738-d136 @A: 20 06 35 07 | 04
#0739-d136 @A: 01 35 20 04 | 11
#0740-d136 @A: 21 35 04 07 | 01
#0741-d136 @A: 35 28 26 23 | 09
#0742-d136 @A: 34 35 15 27 | 07
#0743-d136 @A: 13 11 21 22 | 10
#0744-d136 @A: 22 19 24 13 | 03
#0745-d136 @A: 13 05 03 06 | 05
#0746-d136 @A: 01 27 13 14 | 12
#0747-d136 @A: 14 13 03 16 | 06
#0748-d136 @A: 13 02 26 28 | 08
#0749-d136 @A: 29 13 15 20 | 02
#0750-d136 @A: 26 03 17 13 | 04
#0751-d136 @A: 27 22 32 34 | 11
#0752-d136 @A: 12 29 10 22 | 01
#0753-d136 @A: 22 33 03 27 | 09
#0754-d136 @A: 12 22 20 33 | 07
#0755-d136 @A: 12 22 21 24 | 10
#0756-d136 @A: 04 11 03 25 | 03
#0757-d136 @A: 07 25 16 29 | 05
#0758-d136 @A: 17 32 27 25 | 12
#0759-d136 @A: 23 10 25 26 | 06
#0760-d136 @A: 23 19 25 17 | 08
#0761-d136 @A: 07 33 27 25 | 02
#0762-d136 @A: 14 06 17 05 | 04
#0763-d136 @A: 04 06 07 19 | 11
#0764-d136 @A: 05 06 01 24 | 01
#0765-d136 @A: 26 06 05 34 | 09
#0766-d136 @A: 16 06 33 30 | 07
#0767-d136 @A: 06 26 07 23 | 10
#0768-d136 @A: 24 33 20 06 | 03
#0769-d136 @A: 06 07 03 27 | 05
#0770-d136 @A: 17 12 19 06 | 12
#0771-d136 @A: 28 17 14 04 | 06
#0772-d136 @A: 14 28 01 10 | 08
#0773-d136 @A: 29 26 01 14 | 02
#0774-d136 @A: 17 30 14 07 | 04
#0775-d136 @A: 34 10 29 14 | 11
#0776-d136 @A: 03 26 14 10 | 01
#0777-d136 @A: 03 07 14 23 | 09
#0778-d136 @A: 12 33 03 14 | 07
#0779-d136 @A: 04 24 30 05 | 10
#0780-d136 @A: 02 23 04 28 | 03
#0781-d136 @A: 28 21 19 04 | 05
#0782-d136 @A: 12 04 19 15 | 12
#0783-d136 @A: 04 21 20 15 | 06
#0784-d136 @A: 04 17 27 23 | 08
#0785-d136 @A: 01 34 05 12 | 02
#0786-d136 @A: 05 30 16 26 | 04
#0787-d136 @A: 29 23 05 15 | 11
#0788-d136 @A: 05 24 29 10 | 01
#0789-d136 @A: 17 27 26 05 | 09
#0790-d136 @A: 05 20 24 19 | 07
#0791-d136 @A: 02 01 27 12 | 10
#0792-d136 @A: 21 01 02 07 | 03
#0793-d136 @A: 26 32 01 27 | 05
#0794-d136 @A: 32 01 33 12 | 12
#0795-d136 @A: 19 20 01 26 | 06
#0796-d136 @A: 33 01 24 27 | 08
#0797-d136 @A: 01 20 27 21 | 02
#0798-d136 @A: 28 29 16 02 | 04
#0799-d136 @A: 02 32 34 24 | 11
#0800-d136 @A: 03 20 02 32 | 01
#0801-d136 @A: 29 33 07 02 | 09
#0802-d136 @A: 26 15 23 11 | 07
#0803-d136 @A: 24 26 11 21 | 10
#0804-d136 @A: 29 32 16 03 | 03
#0805-d136 @A: 29 19 33 16 | 05
#0806-d136 @A: 30 03 28 32 | 12
#0807-d136 @A: 28 15 17 33 | 06
#0808-d136 @A: 19 34 28 15 | 08
#0809-d136 @A: 26 19 24 28 | 02
#0810-d136 @A: 20 21 23 28 | 04
#0811-d136 @A: 32 30 24 17 | 11
#0812-d136 @A: 20 30 23 33 | 01
#0813-d136 @A: 17 33 21 30 | 09
#0814-d136 @A: 30 03 34 17 | 07
#0815-d136 @A: 30 20 03 10 | 10
#0816-d136 @A: 07 10 19 30 | 03
#0817-d136 @A: 31 35 20 18 | 05
#0818-d136 @A: 31 21 15 18 | 12
#0819-d136 @A: 31 15 05 08 | 06
#0820-d136 @A: 26 05 09 31 | 08
#0821-d136 @A: 31 01 20 09 | 02
#0822-d136 @A: 09 30 33 31 | 04
#0823-d136 @A: 35 10 31 33 | 11
#0824-d136 @A: 13 11 17 31 | 01
#0825-d136 @A: 19 22 31 05 | 09
#0826-d136 @A: 02 31 04 03 | 07
#0827-d136 @A: 29 28 05 31 | 10
#0828-d136 @A: 17 26 29 31 | 03
#0829-d136 @A: 24 31 33 29 | 05
#0830-d136 @A: 15 07 31 24 | 12
#0831-d136 @A: 27 26 24 31 | 06
#0832-d136 @A: 10 31 27 17 | 08
#0833-d136 @A: 09 18 35 17 | 02
#0834-d136 @A: 09 16 25 18 | 04
#0835-d136 @A: 18 09 15 04 | 11
#0836-d136 @A: 18 07 33 09 | 01
#0837-d136 @A: 18 35 22 33 | 09
#0838-d136 @A: 28 18 20 13 | 07
#0839-d136 @A: 18 17 25 04 | 10
#0840-d136 @A: 18 06 03 16 | 03
#0841-d136 @A: 18 14 16 02 | 05
#0842-d136 @A: 20 18 30 14 | 12
#0843-d136 @A: 32 05 18 01 | 06
#0844-d136 @A: 21 05 11 18 | 08
#0845-d136 @A: 08 22 20 09 | 02
#0846-d136 @A: 08 27 09 34 | 04
#0847-d136 @A: 35 34 10 08 | 11
#0848-d136 @A: 23 08 21 13 | 01
#0849-d136 @A: 22 11 10 08 | 09
#0850-d136 @A: 14 06 08 34 | 07
#0851-d136 @A: 08 04 32 06 | 10
#0852-d136 @A: 21 06 05 08 | 03
#0853-d136 @A: 08 21 14 30 | 05
#0854-d136 @A: 15 16 08 04 | 12
#0855-d136 @A: 34 01 30 08 | 06
#0856-d136 @A: 28 08 30 07 | 08
#0857-d136 @A: 08 19 07 33 | 02
#0858-d136 @A: 35 33 09 13 | 04
#0859-d136 @A: 09 03 13 04 | 11
#0860-d136 @A: 06 09 22 25 | 01
#0861-d136 @A: 09 11 25 17 | 09
#0862-d136 @A: 25 29 27 09 | 07
#0863-d136 @A: 06 07 24 09 | 10
#0864-d136 @A: 04 10 05 09 | 03
#0865-d136 @A: 34 29 23 09 | 05
#0866-d136 @A: 09 19 03 23 | 12
#0867-d136 @A: 23 27 20 09 | 06
#0868-d136 @A: 09 21 19 10 | 08
#0869-d136 @A: 22 13 27 35 | 02
#0870-d136 @A: 06 23 13 35 | 04
#0871-d136 @A: 35 22 07 34 | 11
#0872-d136 @A: 22 10 35 03 | 01
#0873-d136 @A: 25 35 19 15 | 09
#0874-d136 @A: 07 26 35 25 | 07
#0875-d136 @A: 35 05 32 06 | 10
#0876-d136 @A: 14 17 35 11 | 03
#0877-d136 @A: 15 05 33 35 | 05
#0878-d136 @A: 35 05 20 34 | 12
#0879-d136 @A: 35 11 16 24 | 06
#0880-d136 @A: 11 35 27 30 | 08
#0881-d136 @A: 35 19 33 11 | 02
#0882-d136 @A: 32 27 23 35 | 04
#0883-d136 @A: 35 19 23 29 | 11
#0884-d136 @A: 23 20 35 15 | 01
#0885-d136 @A: 33 23 03 35 | 09
#0886-d136 @A: 35 34 21 23 | 07
#0887-d136 @A: 22 02 12 13 | 10
#0888-d136 @A: 32 10 22 13 | 03
#0889-d136 @A: 25 15 13 06 | 05
#0890-d136 @A: 05 14 13 34 | 12
#0891-d136 @A: 33 11 13 01 | 06
#0892-d136 @A: 26 01 21 13 | 08
#0893-d136 @A: 13 17 01 19 | 02
#0894-d136 @A: 21 02 13 30 | 04
#0895-d136 @A: 17 13 21 15 | 11
#0896-d136 @A: 34 12 20 13 | 01
#0897-d136 @A: 07 21 13 34 | 09
#0898-d136 @A: 12 13 19 10 | 07
#0899-d136 @A: 25 10 16 22 | 10
#0900-d136 @A: 16 19 23 22 | 03
#0901-d136 @A: 12 22 07 28 | 05
#0902-d136 @A: 32 12 22 17 | 12
#0903-d136 @A: 34 26 22 17 | 06
#0904-d136 @A: 14 01 02 25 | 08
#0905-d136 @A: 29 25 28 14 | 02
#0906-d136 @A: 04 32 25 16 | 04
#0907-d136 @A: 21 32 15 25 | 11
#0908-d136 @A: 12 15 25 23 | 01
#0909-d136 @A: 26 28 06 14 | 09
#0910-d136 @A: 04 12 20 06 | 07
#0911-d136 @A: 06 27 17 01 | 10
#0912-d136 @A: 23 06 27 02 | 03
#0913-d136 @A: 29 06 28 11 | 05
#0914-d136 @A: 06 16 10 34 | 12
#0915-d136 @A: 24 19 06 34 | 06
#0916-d136 @A: 06 10 03 12 | 08
#0917-d136 @A: 04 14 29 20 | 02
#0918-d136 @A: 14 19 11 30 | 04
#0919-d136 @A: 16 14 24 34 | 11
#0920-d136 @A: 29 15 32 14 | 01
#0921-d136 @A: 12 14 24 20 | 09
#0922-d136 @A: 19 27 14 20 | 07
#0923-d136 @A: 04 02 05 20 | 10
#0924-d136 @A: 01 07 34 04 | 03
#0925-d136 @A: 34 16 04 02 | 05
#0926-d136 @A: 24 11 28 04 | 12
#0927-d136 @A: 33 34 29 04 | 06
#0928-d136 @A: 07 04 23 33 | 08
#0929-d136 @A: 02 01 19 05 | 02
#0930-d136 @A: 16 05 03 11 | 04
#0931-d136 @A: 32 07 27 05 | 11
#0932-d136 @A: 21 05 15 12 | 01
#0933-d136 @A: 12 05 23 19 | 09
#0934-d136 @A: 11 01 12 21 | 07
#0935-d136 @A: 12 01 26 23 | 10
#0936-d136 @A: 33 10 21 01 | 03
#0937-d136 @A: 19 24 01 03 | 05
#0938-d136 @A: 11 21 02 29 | 12
#0939-d136 @A: 11 02 07 34 | 06
#0940-d136 @A: 20 17 02 11 | 08
#0941-d136 @A: 17 26 10 02 | 02
#0942-d136 @A: 11 17 26 30 | 04
#0943-d136 @A: 23 34 11 03 | 11
#0944-d136 @A: 23 12 11 20 | 01
#0945-d136 @A: 23 17 24 11 | 09
#0946-d136 @A: 21 32 33 16 | 07
#0947-d136 @A: 16 12 32 19 | 10
#0948-d136 @A: 29 28 33 23 | 03
#0949-d136 @A: 29 24 28 12 | 05
#0950-d136 @A: 23 03 28 17 | 12
#0951-d136 @A: 28 10 34 20 | 06
#0952-d136 @A: 19 27 28 12 | 08
#0953-d136 @A: 07 28 24 17 | 02
#0954-d136 @A: 24 03 30 15 | 04
#0955-d136 @A: 30 19 26 33 | 11
#0956-d136 @A: 20 30 27 34 | 01
#0957-d136 @A: 12 20 30 19 | 09
#0958-d136 @A: 24 19 23 07 | 07
#0959-d136 @A: 07 03 12 20 | 10
#0960-d136 @A: 08 31 35 03 | 03
#0961-d136 @A: 13 26 08 31 | 05
#0962-d136 @A: 02 26 31 35 | 12
#0963-d136 @A: 13 20 02 31 | 06
#0964-d136 @A: 06 30 28 31 | 08
#0965-d136 @A: 10 31 06 23 | 02
#0966-d136 @A: 14 31 15 01 | 04
#0967-d136 @A: 20 04 10 31 | 11
#0968-d136 @A: 30 31 02 10 | 01
#0969-d136 @A: 31 03 26 20 | 09
#0970-d136 @A: 31 03 10 24 | 07
#0971-d136 @A: 18 24 08 22 | 10
#0972-d136 @A: 18 09 12 33 | 03
#0973-d136 @A: 18 12 35 11 | 05
#0974-d136 @A: 35 21 18 16 | 12
#0975-d136 @A: 18 19 25 22 | 06
#0976-d136 @A: 18 25 30 33 | 08
#0977-d136 @A: 18 21 23 25 | 02
#0978-d136 @A: 28 34 18 04 | 04
#0979-d136 @A: 15 07 18 04 | 11
#0980-d136 @A: 33 04 24 18 | 01
#0981-d136 @A: 17 26 32 18 | 09
#0982-d136 @A: 15 18 26 29 | 07
#0983-d136 @A: 26 19 18 12 | 10
#0984-d136 @A: 23 21 07 18 | 03
#0985-d136 @A: 30 28 09 08 | 05
#0986-d136 @A: 26 30 35 08 | 12
#0987-d136 @A: 06 08 10 13 | 06
#0988-d136 @A: 16 08 32 22 | 08
#0989-d136 @A: 23 30 22 08 | 02
#0990-d136 @A: 08 06 11 03 | 04
#0991-d136 @A: 06 08 27 30 | 11
#0992-d136 @A: 08 27 16 14 | 01
#0993-d136 @A: 04 21 08 02 | 09
#0994-d136 @A: 11 08 05 29 | 07
#0995-d136 @A: 08 05 10 28 | 10
#0996-d136 @A: 23 08 07 01 | 03
#0997-d136 @A: 16 11 21 08 | 05
#0998-d136 @A: 33 32 08 23 | 12
#0999-d136 @A: 15 29 08 19 | 06
#1000-d136 @A: 29 24 08 34 | 08
#1001-d136 @A: 12 35 06 09 | 02
#1002-d136 @A: 04 35 09 32 | 04
#1003-d136 @A: 09 27 35 16 | 11
#1004-d136 @A: 35 30 34 09 | 01
#1005-d136 @A: 05 09 13 29 | 09
#1006-d136 @A: 34 13 09 02 | 07
#1007-d136 @A: 30 09 13 19 | 10
#1008-d136 @A: 09 22 04 27 | 03
#1009-d136 @A: 02 03 09 06 | 05
#1010-d136 @A: 14 30 15 09 | 12
#1011-d136 @A: 27 02 10 09 | 06
#1012-d136 @A: 02 12 07 09 | 08
#1013-d136 @A: 09 24 11 03 | 02
#1014-d136 @A: 26 09 29 07 | 04
#1015-d136 @A: 27 15 33 09 | 11
#1016-d136 @A: 09 15 24 10 | 01
#1017-d136 @A: 20 09 26 24 | 09
#1018-d136 @A: 21 25 35 04 | 07
#1019-d136 @A: 35 30 12 25 | 10
#1020-d136 @A: 35 06 11 20 | 03
#1021-d136 @A: 21 15 35 01 | 05
#1022-d136 @A: 34 35 16 28 | 12
#1023-d136 @A: 35 10 30 16 | 06
#1024-d136 @A: 20 35 17 12 | 08
#1025-d136 @A: 04 05 13 22 | 02
#1026-d136 @A: 22 13 03 01 | 04
#1027-d136 @A: 23 13 22 28 | 11
#1028-d136 @A: 12 06 14 13 | 01
#1029-d136 @A: 11 04 20 13 | 09
#1030-d136 @A: 34 30 13 04 | 07
#1031-d136 @A: 13 10 11 16 | 10
#1032-d136 @A: 28 13 34 33 | 03
#1033-d136 @A: 19 03 13 32 | 05
#1034-d136 @A: 21 27 13 32 | 12
#1035-d136 @A: 13 27 07 15 | 06
#1036-d136 @A: 17 13 34 10 | 08
#1037-d136 @A: 22 21 25 02 | 02
#1038-d136 @A: 15 22 06 28 | 04
#1039-d136 @A: 11 14 22 23 | 11
#1040-d136 @A: 22 01 04 23 | 01
#1041-d136 @A: 28 05 22 21 | 09
#1042-d136 @A: 01 22 32 02 | 07
#1043-d136 @A: 22 16 17 02 | 10
#1044-d136 @A: 22 02 30 27 | 03
#1045-d136 @A: 02 22 19 26 | 05
#1046-d136 @A: 22 26 11 16 | 12
#1047-d136 @A: 16 28 22 33 | 06
#1048-d136 @A: 22 34 28 29 | 08
#1049-d136 @A: 33 30 22 34 | 02
#1050-d136 @A: 33 26 22 32 | 04
#1051-d136 @A: 29 04 25 30 | 11
#1052-d136 @A: 01 10 25 24 | 01
#1053-d136 @A: 02 17 28 25 | 09
#1054-d136 @A: 32 30 11 25 | 07
#1055-d136 @A: 25 20 07 30 | 10
#1056-d136 @A: 21 17 25 03 | 03
#1057-d136 @A: 06 24 27 14 | 05
#1058-d136 @A: 06 10 04 28 | 12
#1059-d136 @A: 06 12 11 05 | 06
#1060-d136 @A: 01 19 06 11 | 08
#1061-d136 @A: 30 06 01 15 | 02
#1062-d136 @A: 02 06 11 33 | 04
#1063-d136 @A: 06 33 19 32 | 11
#1064-d136 @A: 20 10 29 06 | 01
#1065-d136 @A: 01 14 04 21 | 09
#1066-d136 @A: 02 27 29 14 | 07
#1067-d136 @A: 07 16 14 10 | 10
#1068-d136 @A: 24 15 14 33 | 03
#1069-d136 @A: 21 26 14 33 | 05
#1070-d136 @A: 17 26 12 14 | 12
#1071-d136 @A: 34 19 14 23 | 06
#1072-d136 @A: 14 19 27 07 | 08
#1073-d136 @A: 02 26 04 11 | 02
#1074-d136 @A: 33 04 17 19 | 04
#1075-d136 @A: 27 04 19 34 | 11
#1076-d136 @A: 05 01 16 33 | 01
#1077-d136 @A: 30 02 12 05 | 09
#1078-d136 @A: 05 19 07 02 | 07
#1079-d136 @A: 17 28 16 05 | 10
#1080-d136 @A: 24 05 16 12 | 03
#1081-d136 @A: 05 03 15 20 | 05
#1082-d136 @A: 33 05 10 12 | 12
#1083-d136 @A: 21 10 07 05 | 06
#1084-d136 @A: 05 17 19 10 | 08
#1085-d136 @A: 05 27 03 24 | 02
#1086-d136 @A: 26 07 01 28 | 04
#1087-d136 @A: 12 29 20 01 | 11
#1088-d136 @A: 26 02 24 29 | 01
#1089-d136 @A: 02 12 24 19 | 09
#1090-d136 @A: 19 32 24 11 | 07
#1091-d136 @A: 21 33 07 11 | 10
#1092-d136 @A: 03 12 11 19 | 03
#1093-d136 @A: 21 28 27 16 | 05
#1094-d136 @A: 16 20 07 34 | 12
#1095-d136 @A: 28 26 30 15 | 06
#1096-d136 @A: 23 15 28 32 | 08
#1097-d136 @A: 26 28 34 32 | 02
#1098-d136 @A: 28 29 27 17 | 04
#1099-d136 @A: 21 20 32 30 | 11
#1100-d136 @A: 23 29 17 30 | 01
#1101-d136 @A: 27 26 30 03 | 09
#1102-d136 @A: 12 26 30 21 | 07
#1103-d136 @A: 03 23 21 30 | 10
#1104-d136 @A: 10 34 30 19 | 03
#1105-d136 @A: 07 19 26 32 | 05
#1106-d136 @A: 07 29 34 24 | 12
#1107-d136 @A: 17 07 15 20 | 06
#1108-d136 @A: 07 34 27 12 | 08
#1109-d136 @A: 24 01 31 18 | 02
#1110-d136 @A: 31 08 23 14 | 04
#1111-d136 @A: 32 31 13 05 | 11
#1112-d136 @A: 31 30 27 13 | 01
#1113-d136 @A: 22 21 31 14 | 09
#1114-d136 @A: 05 31 16 06 | 07
#1115-d136 @A: 31 14 11 04 | 10
#1116-d136 @A: 20 14 28 31 | 03
#1117-d136 @A: 23 31 04 30 | 05
#1118-d136 @A: 05 31 34 23 | 12
#1119-d136 @A: 31 28 01 33 | 06
#1120-d136 @A: 17 01 31 30 | 08
#1121-d136 @A: 16 28 10 31 | 02
#1122-d136 @A: 31 29 34 19 | 04
#1123-d136 @A: 34 31 03 21 | 11
#1124-d136 @A: 02 33 18 08 | 01
#1125-d136 @A: 18 09 13 01 | 09
#1126-d136 @A: 24 09 28 18 | 07
#1127-d136 @A: 18 30 27 09 | 10
#1128-d136 @A: 18 35 24 06 | 03
#1129-d136 @A: 15 18 30 13 | 05
#1130-d136 @A: 24 13 18 26 | 12
#1131-d136 @A: 14 18 22 32 | 06
#1132-d136 @A: 30 18 06 32 | 08
#1133-d136 @A: 05 19 29 18 | 02
#1134-d136 @A: 05 10 18 20 | 04
#1135-d136 @A: 28 18 01 12 | 11
#1136-d136 @A: 01 17 03 18 | 01
#1137-d136 @A: 02 18 10 21 | 09
#1138-d136 @A: 18 27 28 11 | 07
#1139-d136 @A: 11 18 23 30 | 10
#1140-d136 @A: 18 07 03 16 | 03
#1141-d136 @A: 32 18 29 28 | 05
#1142-d136 @A: 18 07 30 24 | 12
#1143-d136 @A: 24 18 27 23 | 06
#1144-d136 @A: 11 35 08 15 | 08
#1145-d136 @A: 33 08 13 14 | 02
#1146-d136 @A: 19 08 04 13 | 04
#1147-d136 @A: 22 14 08 03 | 11
#1148-d136 @A: 02 25 08 11 | 01
#1149-d136 @A: 08 05 24 32 | 09
#1150-d136 @A: 01 21 08 32 | 07
#1151-d136 @A: 08 28 16 24 | 10
#1152-d136 @A: 08 12 32 29 | 03
#1153-d136 @A: 08 03 20 19 | 05
#1154-d136 @A: 08 24 17 20 | 12
#1155-d136 @A: 09 25 35 14 | 06
#1156-d136 @A: 07 35 11 09 | 08
#1157-d136 @A: 09 13 25 24 | 02
#1158-d136 @A: 14 33 22 09 | 04
#1159-d136 @A: 09 22 32 28 | 11
#1160-d136 @A: 24 30 09 22 | 01
#1161-d136 @A: 04 25 09 23 | 09
#1162-d136 @A: 09 04 25 07 | 07
#1163-d136 @A: 02 09 20 25 | 10
#1164-d136 @A: 09 21 25 30 | 03
#1165-d136 @A: 01 32 07 09 | 05
#1166-d136 @A: 16 09 33 02 | 12
#1167-d136 @A: 23 21 32 09 | 06
#1168-d136 @A: 32 27 24 09 | 08
#1169-d136 @A: 23 15 17 09 | 02
#1170-d136 @A: 09 19 33 24 | 04
#1171-d136 @A: 09 34 17 24 | 11
#1172-d136 @A: 19 17 22 35 | 01
#1173-d136 @A: 25 06 35 26 | 09
#1174-d136 @A: 05 14 21 35 | 07
#1175-d136 @A: 32 33 35 14 | 10
#1176-d136 @A: 16 35 29 01 | 03
#1177-d136 @A: 35 16 03 15 | 05
#1178-d136 @A: 27 26 10 35 | 12
#1179-d136 @A: 03 19 35 26 | 06
#1180-d136 @A: 35 21 20 03 | 08
#1181-d136 @A: 13 04 07 26 | 02
#1182-d136 @A: 13 16 27 33 | 04
#1183-d136 @A: 26 13 29 10 | 11
#1184-d136 @A: 13 21 29 34 | 01
#1185-d136 @A: 13 10 03 15 | 09
#1186-d136 @A: 04 06 22 03 | 07
#1187-d136 @A: 22 32 11 06 | 10
#1188-d136 @A: 27 14 28 22 | 03
#1189-d136 @A: 22 20 04 26 | 05
#1190-d136 @A: 03 21 22 32 | 12
#1191-d136 @A: 20 32 24 22 | 06
#1192-d136 @A: 22 29 23 26 | 08
#1193-d136 @A: 22 29 21 33 | 02
#1194-d136 @A: 15 21 22 26 | 04
#1195-d136 @A: 15 22 23 27 | 11
#1196-d136 @A: 10 20 22 19 | 01
#1197-d136 @A: 27 30 25 14 | 09
#1198-d136 @A: 25 17 05 01 | 07
#1199-d136 @A: 25 02 24 30 | 10
#1200-d136 @A: 25 03 02 26 | 03
#1201-d136 @A: 29 20 25 16 | 05
#1202-d136 @A: 16 15 34 25 | 12
#1203-d136 @A: 17 10 30 25 | 06
#1204-d136 @A: 33 25 03 15 | 08
#1205-d136 @A: 27 25 03 23 | 02
#1206-d136 @A: 25 17 34 07 | 04
#1207-d136 @A: 04 17 30 06 | 11
#1208-d136 @A: 29 02 06 05 | 01
#1209-d136 @A: 17 06 32 15 | 09
#1210-d136 @A: 32 26 20 06 | 07
#1211-d136 @A: 06 10 32 24 | 10
#1212-d136 @A: 29 06 21 19 | 03
#1213-d136 @A: 15 12 06 34 | 05
#1214-d136 @A: 23 06 17 34 | 12
#1215-d136 @A: 17 06 20 03 | 06
#1216-d136 @A: 30 14 05 32 | 08
#1217-d136 @A: 01 16 32 14 | 02
#1218-d136 @A: 14 02 30 33 | 04
#1219-d136 @A: 32 14 34 07 | 11
#1220-d136 @A: 15 33 14 07 | 01
#1221-d136 @A: 17 10 24 14 | 09
#1222-d136 @A: 16 21 04 05 | 07
#1223-d136 @A: 17 04 02 01 | 10
#1224-d136 @A: 16 04 19 01 | 03
#1225-d136 @A: 04 32 20 19 | 05
#1226-d136 @A: 29 17 24 04 | 12
#1227-d136 @A: 15 34 26 04 | 06
#1228-d136 @A: 10 04 26 19 | 08
#1229-d136 @A: 24 04 34 12 | 02
#1230-d136 @A: 05 29 03 21 | 04
#1231-d136 @A: 26 05 19 15 | 11
#1232-d136 @A: 21 33 20 05 | 01
#1233-d136 @A: 32 24 29 01 | 09
#1234-d136 @A: 01 12 24 15 | 07
#1235-d136 @A: 17 27 01 07 | 10
#1236-d136 @A: 02 30 28 11 | 03
#1237-d136 @A: 23 32 29 02 | 05
#1238-d136 @A: 02 15 29 33 | 12
#1239-d136 @A: 02 33 19 23 | 06
#1240-d136 @A: 24 33 02 07 | 08
#1241-d136 @A: 15 16 28 11 | 02
#1242-d136 @A: 32 26 11 29 | 04
#1243-d136 @A: 11 17 29 34 | 11
#1244-d136 @A: 11 15 24 20 | 01
#1245-d136 @A: 11 33 03 26 | 09
#1246-d136 @A: 19 26 11 27 | 07
#1247-d136 @A: 23 12 11 07 | 10
#1248-d136 @A: 21 11 23 27 | 03
#1249-d136 @A: 21 03 10 11 | 05
#1250-d136 @A: 24 16 26 32 | 12
#1251-d136 @A: 16 10 24 27 | 06
#1252-d136 @A: 24 10 30 28 | 08
#1253-d136 @A: 15 10 29 28 | 02
#1254-d136 @A: 30 32 26 10 | 04
#1255-d136 @A: 30 15 23 34 | 11
#1256-d136 @A: 24 30 26 34 | 01
#1257-d136 @A: 07 17 32 12 | 09
#1258-d136 @A: 33 07 10 12 | 07
#1259-d136 @A: 09 34 18 31 | 10
#1260-d136 @A: 04 18 05 31 | 03
#1261-d136 @A: 23 18 02 31 | 05
#1262-d136 @A: 11 31 18 19 | 12
#1263-d136 @A: 31 16 18 32 | 06
#1264-d136 @A: 01 08 31 04 | 08
#1265-d136 @A: 08 02 12 31 | 02
#1266-d136 @A: 02 32 31 09 | 04
#1267-d136 @A: 12 09 28 31 | 11
#1268-d136 @A: 06 31 27 35 | 01
#1269-d136 @A: 05 35 31 12 | 09
#1270-d136 @A: 16 31 35 23 | 07
#1271-d136 @A: 14 31 13 29 | 10
#1272-d136 @A: 28 13 03 31 | 03
#1273-d136 @A: 22 07 05 31 | 05
#1274-d136 @A: 01 27 22 31 | 12
#1275-d136 @A: 31 28 22 24 | 06
#1276-d136 @A: 34 04 25 31 | 08
#1277-d136 @A: 02 31 14 17 | 02
#1278-d136 @A: 04 30 07 31 | 04
#1279-d136 @A: 31 20 05 11 | 11
#1280-d136 @A: 02 31 01 34 | 01
#1281-d136 @A: 11 30 21 31 | 09
#1282-d136 @A: 16 20 19 31 | 07
#1283-d136 @A: 27 31 28 32 | 10
#1284-d136 @A: 29 10 31 21 | 03
#1285-d136 @A: 27 29 03 31 | 05
#1286-d136 @A: 19 31 27 23 | 12
#1287-d136 @A: 20 34 31 24 | 06
#1288-d136 @A: 27 07 21 31 | 08
#1289-d136 @A: 10 18 08 14 | 02
#1290-d136 @A: 18 05 13 33 | 04
#1291-d136 @A: 24 25 18 14 | 11
#1292-d136 @A: 14 04 12 18 | 01
#1293-d136 @A: 14 18 01 19 | 09
#1294-d136 @A: 18 17 21 14 | 07
#1295-d136 @A: 21 30 18 01 | 10
#1296-d136 @A: 18 02 30 26 | 03
#1297-d136 @A: 10 33 18 32 | 05
#1298-d136 @A: 27 03 32 18 | 12
#1299-d136 @A: 23 18 34 26 | 06
#1300-d136 @A: 18 27 19 33 | 08
#1301-d136 @A: 34 27 18 17 | 02
#1302-d136 @A: 35 05 08 19 | 04
#1303-d136 @A: 06 22 08 29 | 11
#1304-d136 @A: 33 08 22 04 | 01
#1305-d136 @A: 08 01 22 12 | 09
#1306-d136 @A: 08 07 22 29 | 07
#1307-d136 @A: 07 08 06 11 | 10
#1308-d136 @A: 32 28 14 08 | 03
#1309-d136 @A: 04 03 08 28 | 05
#1310-d136 @A: 28 26 08 11 | 12
#1311-d136 @A: 21 08 12 19 | 06
#1312-d136 @A: 05 35 24 09 | 08
#1313-d136 @A: 19 20 35 09 | 02
#1314-d136 @A: 13 17 09 14 | 04
#1315-d136 @A: 29 06 24 09 | 11
#1316-d136 @A: 14 09 10 16 | 01
#1317-d136 @A: 09 30 20 05 | 09
#1318-d136 @A: 03 09 01 21 | 07
#1319-d136 @A: 12 09 32 11 | 10
#1320-d136 @A: 34 21 15 09 | 03
#1321-d136 @A: 12 20 15 09 | 05
#1322-d136 @A: 27 09 26 21 | 12
#1323-d136 @A: 12 27 03 09 | 06
#1324-d136 @A: 07 17 09 21 | 08
#1325-d136 @A: 05 35 13 07 | 02
#1326-d136 @A: 22 05 23 35 | 04
#1327-d136 @A: 35 25 01 11 | 11
#1328-d136 @A: 35 02 10 25 | 01
#1329-d136 @A: 35 10 06 14 | 09
#1330-d136 @A: 23 12 14 35 | 07
#1331-d136 @A: 35 21 33 02 | 10
#1332-d136 @A: 03 34 35 02 | 03
#1333-d136 @A: 35 32 34 11 | 05
#1334-d136 @A: 29 35 11 03 | 12
#1335-d136 @A: 07 29 10 35 | 06
#1336-d136 @A: 35 10 24 20 | 08
#1337-d136 @A: 24 21 35 19 | 02
#1338-d136 @A: 35 21 17 27 | 04
#1339-d136 @A: 14 20 13 22 | 11
#1340-d136 @A: 25 13 21 05 | 01
#1341-d136 @A: 13 06 26 30 | 09
#1342-d136 @A: 24 13 04 01 | 07
#1343-d136 @A: 27 05 02 13 | 10
#1344-d136 @A: 30 29 01 13 | 03
#1345-d136 @A: 13 01 24 07 | 05
#1346-d136 @A: 24 13 16 02 | 12
#1347-d136 @A: 11 13 07 10 | 06
#1348-d136 @A: 15 27 26 13 | 08
#1349-d136 @A: 19 26 34 13 | 02
#1350-d136 @A: 22 27 26 25 | 04
#1351-d136 @A: 22 02 03 05 | 11
#1352-d136 @A: 01 22 17 28 | 01
#1353-d136 @A: 24 22 15 29 | 09
#1354-d136 @A: 27 29 22 20 | 07
#1355-d136 @A: 22 33 19 15 | 10
#1356-d136 @A: 15 22 07 03 | 03
#1357-d136 @A: 22 33 23 24 | 05
#1358-d136 @A: 25 06 32 07 | 12
#1359-d136 @A: 10 25 14 11 | 06
#1360-d136 @A: 04 19 02 25 | 08
#1361-d136 @A: 25 30 28 01 | 02
#1362-d136 @A: 32 01 19 25 | 04
#1363-d136 @A: 12 16 25 11 | 11
#1364-d136 @A: 21 25 19 26 | 01
#1365-d136 @A: 17 26 25 20 | 09
#1366-d136 @A: 21 14 16 06 | 07
#1367-d136 @A: 15 05 06 27 | 10
#1368-d136 @A: 06 33 07 01 | 03
#1369-d136 @A: 06 30 11 24 | 05
#1370-d136 @A: 16 32 28 06 | 12
#1371-d136 @A: 23 06 03 24 | 06
#1372-d136 @A: 28 02 14 34 | 08
#1373-d136 @A: 34 11 27 14 | 02
#1374-d136 @A: 14 16 19 28 | 04
#1375-d136 @A: 34 17 32 14 | 11
#1376-d136 @A: 23 14 33 27 | 01
#1377-d136 @A: 34 33 20 14 | 09
#1378-d136 @A: 14 19 33 10 | 07
#1379-d136 @A: 15 04 05 28 | 10
#1380-d136 @A: 10 29 16 04 | 03
#1381-d136 @A: 03 19 29 04 | 05
#1382-d136 @A: 12 04 07 29 | 12
#1383-d136 @A: 34 32 29 05 | 06
#1384-d136 @A: 32 17 05 21 | 08
#1385-d136 @A: 21 24 23 05 | 02
#1386-d136 @A: 07 05 33 03 | 04
#1387-d136 @A: 03 30 01 02 | 11
#1388-d136 @A: 23 34 33 01 | 01
#1389-d136 @A: 02 11 32 16 | 09
#1390-d136 @A: 02 23 30 16 | 07
#1391-d136 @A: 27 15 02 32 | 10
#1392-d136 @A: 20 21 19 02 | 03
#1393-d136 @A: 20 26 11 07 | 05
#1394-d136 @A: 15 16 32 20 | 12
#1395-d136 @A: 16 07 26 17 | 06
#1396-d136 @A: 33 10 20 16 | 08
#1397-d136 @A: 10 12 16 21 | 02
#1398-d136 @A: 33 10 28 26 | 04
#1399-d136 @A: 34 23 28 27 | 11
#1400-d136 @A: 10 29 33 30 | 01
#1401-d136 @A: 30 12 29 03 | 09
#1402-d136 @A: 30 21 10 15 | 07
#1403-d136 @A: 07 27 30 26 | 10
#1404-d136 @A: 26 24 07 21 | 03
#1405-d136 @A: 13 31 06 18 | 05
#1406-d136 @A: 25 31 22 08 | 12
#1407-d136 @A: 22 11 31 35 | 06
#1408-d136 @A: 06 31 15 02 | 08
#1409-d136 @A: 12 31 11 33 | 02
#1410-d136 @A: 32 19 21 31 | 04
#1411-d136 @A: 15 31 03 17 | 11
#1412-d136 @A: 17 31 19 24 | 01
#1413-d136 @A: 18 08 28 21 | 09
#1414-d136 @A: 18 09 19 02 | 07
#1415-d136 @A: 13 18 02 32 | 10
#1416-d136 @A: 16 22 04 18 | 03
#1417-d136 @A: 18 22 11 17 | 05
#1418-d136 @A: 19 18 04 30 | 12
#1419-d136 @A: 05 28 18 30 | 06
#1420-d136 @A: 02 29 18 01 | 08
#1421-d136 @A: 16 10 26 18 | 02
#1422-d136 @A: 21 34 18 33 | 04
#1423-d136 @A: 03 34 18 20 | 11
#1424-d136 @A: 19 20 17 18 | 01
#1425-d136 @A: 35 02 08 09 | 09
#1426-d136 @A: 25 08 09 10 | 07
#1427-d136 @A: 11 08 14 09 | 10
#1428-d136 @A: 33 08 35 06 | 03
#1429-d136 @A: 08 23 05 27 | 05
#1430-d136 @A: 29 28 01 08 | 12
#1431-d136 @A: 28 27 02 08 | 06
#1432-d136 @A: 11 23 19 08 | 08
#1433-d136 @A: 17 16 08 03 | 02
#1434-d136 @A: 19 32 26 08 | 04
#1435-d136 @A: 12 10 23 08 | 11
#1436-d136 @A: 08 12 17 33 | 01
#1437-d136 @A: 32 20 09 13 | 09
#1438-d136 @A: 22 17 09 05 | 07
#1439-d136 @A: 34 25 09 03 | 10
#1440-d136 @A: 06 09 04 01 | 03
#1441-d136 @A: 23 09 11 06 | 05
#1442-d136 @A: 06 28 21 09 | 12
#1443-d136 @A: 04 34 14 09 | 06
#1444-d136 @A: 09 01 17 16 | 08
#1445-d136 @A: 01 09 29 33 | 02
#1446-d136 @A: 02 30 17 09 | 04
#1447-d136 @A: 09 03 29 15 | 11
#1448-d136 @A: 33 09 26 34 | 01
#1449-d136 @A: 13 21 10 35 | 09
#1450-d136 @A: 24 35 04 22 | 07
#1451-d136 @A: 20 28 35 22 | 10
#1452-d136 @A: 29 35 05 25 | 03
#1453-d136 @A: 27 35 20 25 | 05
#1454-d136 @A: 16 06 19 35 | 12
#1455-d136 @A: 14 07 35 02 | 06
#1456-d136 @A: 11 10 35 04 | 08
#1457-d136 @A: 30 04 35 15 | 02
#1458-d136 @A: 35 11 21 28 | 04
#1459-d136 @A: 35 24 23 30 | 11
#1460-d136 @A: 32 03 35 12 | 01
#1461-d136 @A: 07 35 33 17 | 09
#1462-d136 @A: 07 19 03 35 | 07
#1463-d136 @A: 12 07 24 35 | 10
#1464-d136 @A: 22 29 25 13 | 03
#1465-d136 @A: 22 13 30 17 | 05
#1466-d136 @A: 25 14 19 13 | 12
#1467-d136 @A: 14 13 30 24 | 06
#1468-d136 @A: 04 02 15 13 | 08
#1469-d136 @A: 04 27 13 28 | 02
#1470-d136 @A: 05 28 13 12 | 04
#1471-d136 @A: 13 11 24 29 | 11
#1472-d136 @A: 15 23 13 16 | 01
#1473-d136 @A: 16 13 26 12 | 09
#1474-d136 @A: 29 13 03 23 | 07
#1475-d136 @A: 24 20 03 13 | 10
#1476-d136 @A: 24 13 17 27 | 03
#1477-d136 @A: 04 22 25 12 | 05
#1478-d136 @A: 15 25 30 22 | 12
#1479-d136 @A: 06 21 01 22 | 06
#1480-d136 @A: 22 14 07 01 | 08
#1481-d136 @A: 30 01 22 19 | 02
#1482-d136 @A: 22 03 30 11 | 04
#1483-d136 @A: 21 22 20 17 | 11
#1484-d136 @A: 04 06 33 25 | 01
#1485-d136 @A: 25 06 21 11 | 09
#1486-d136 @A: 14 25 20 21 | 07
#1487-d136 @A: 28 05 23 25 | 10
#1488-d136 @A: 16 25 01 21 | 03
#1489-d136 @A: 30 25 19 16 | 05
#1490-d136 @A: 26 25 32 12 | 12
#1491-d136 @A: 10 20 25 15 | 06
#1492-d136 @A: 25 24 20 23 | 08
#1493-d136 @A: 06 04 27 11 | 02
#1494-d136 @A: 06 02 20 16 | 04
#1495-d136 @A: 20 19 15 06 | 11
#1496-d136 @A: 06 21 33 23 | 01
#1497-d136 @A: 10 06 21 17 | 09
#1498-d136 @A: 14 05 03 01 | 07
#1499-d136 @A: 14 23 05 02 | 10
#1500-d136 @A: 03 11 28 14 | 03
#1501-d136 @A: 15 14 26 20 | 05
#1502-d136 @A: 24 26 23 14 | 12
#1503-d136 @A: 27 10 21 14 | 06
#1504-d136 @A: 14 07 24 12 | 08
#1505-d136 @A: 01 05 29 04 | 02
#1506-d136 @A: 33 23 05 04 | 04
#1507-d136 @A: 17 04 07 05 | 11
#1508-d136 @A: 10 07 02 04 | 01
#1509-d136 @A: 11 33 30 04 | 09
#1510-d136 @A: 04 30 27 21 | 07
#1511-d136 @A: 07 03 24 04 | 10
#1512-d136 @A: 05 01 28 26 | 03
#1513-d136 @A: 11 28 05 32 | 05
#1514-d136 @A: 05 03 28 19 | 12
#1515-d136 @A: 05 07 34 30 | 06
#1516-d136 @A: 32 10 23 05 | 08
#1517-d136 @A: 27 32 05 19 | 02
#1518-d136 @A: 05 29 27 33 | 04
#1519-d136 @A: 21 05 27 34 | 11
#1520-d136 @A: 24 05 27 07 | 01
#1521-d136 @A: 01 16 02 15 | 09
#1522-d136 @A: 01 03 28 16 | 07
#1523-d136 @A: 23 27 29 01 | 10
#1524-d136 @A: 01 07 20 19 | 03
#1525-d136 @A: 03 16 12 02 | 05
#1526-d136 @A: 15 21 23 02 | 12
#1527-d136 @A: 23 02 10 24 | 06
#1528-d136 @A: 21 02 17 34 | 08
#1529-d136 @A: 03 17 27 02 | 02
#1530-d136 @A: 30 11 34 16 | 04
#1531-d136 @A: 20 33 11 32 | 11
#1532-d136 @A: 16 19 15 24 | 01
#1533-d136 @A: 20 21 16 24 | 09
#1534-d136 @A: 32 28 17 19 | 07
#1535-d136 @A: 12 33 21 28 | 10
#1536-d136 @A: 19 20 33 28 | 03
#1537-d136 @A: 15 32 30 33 | 05
#1538-d136 @A: 33 24 30 12 | 12
#1539-d136 @A: 21 29 07 20 | 06
#1540-d136 @A: 03 09 31 22 | 08
#1541-d136 @A: 17 31 06 09 | 02
#1542-d136 @A: 16 24 09 31 | 04
#1543-d136 @A: 35 01 31 32 | 11
#1544-d136 @A: 28 15 35 31 | 01
#1545-d136 @A: 13 33 04 31 | 09
#1546-d136 @A: 19 25 31 06 | 07
#1547-d136 @A: 32 31 14 25 | 10
#1548-d136 @A: 23 31 25 01 | 03
#1549-d136 @A: 31 24 25 11 | 05
#1550-d136 @A: 25 31 03 16 | 12
#1551-d136 @A: 07 31 06 10 | 06
#1552-d136 @A: 14 10 05 31 | 08
#1553-d136 @A: 31 27 04 16 | 02
#1554-d136 @A: 17 31 04 12 | 04
#1555-d136 @A: 33 31 17 05 | 11
#1556-d136 @A: 11 01 03 31 | 01
#1557-d136 @A: 01 26 16 31 | 09
#1558-d136 @A: 16 21 02 31 | 07
#1559-d136 @A: 31 33 23 15 | 10
#1560-d136 @A: 21 31 27 33 | 03
#1561-d136 @A: 12 31 20 21 | 05
#1562-d136 @A: 18 08 15 06 | 12
#1563-d136 @A: 18 12 08 07 | 06
#1564-d136 @A: 30 35 03 18 | 08
#1565-d136 @A: 18 22 13 34 | 02
#1566-d136 @A: 18 13 14 11 | 04
#1567-d136 @A: 02 22 20 18 | 11
#1568-d136 @A: 18 12 22 27 | 01
#1569-d136 @A: 06 18 34 25 | 09
#1570-d136 @A: 05 07 25 18 | 07
#1571-d136 @A: 18 04 29 06 | 10
#1572-d136 @A: 12 06 21 18 | 03
#1573-d136 @A: 33 28 14 18 | 05
#1574-d136 @A: 03 04 26 18 | 12
#1575-d136 @A: 34 05 02 18 | 06
#1576-d136 @A: 16 05 18 27 | 08
#1577-d136 @A: 18 10 07 01 | 02
#1578-d136 @A: 18 17 29 10 | 04
#1579-d136 @A: 18 19 23 15 | 11
#1580-d136 @A: 15 34 24 18 | 01
#1581-d136 @A: 10 18 12 34 | 09
#1582-d136 @A: 12 08 13 09 | 07
#1583-d136 @A: 09 17 04 08 | 10
#1584-d136 @A: 08 35 17 32 | 03
#1585-d136 @A: 08 29 02 13 | 05
#1586-d136 @A: 08 27 11 13 | 12
#1587-d136 @A: 34 25 32 08 | 06
#1588-d136 @A: 19 08 25 27 | 08
#1589-d136 @A: 26 08 06 01 | 02
#1590-d136 @A: 08 17 05 02 | 04
#1591-d136 @A: 30 02 08 07 | 11
#1592-d136 @A: 08 15 23 24 | 01
#1593-d136 @A: 15 17 10 08 | 09
#1594-d136 @A: 27 26 33 08 | 07
#1595-d136 @A: 26 09 35 11 | 10
#1596-d136 @A: 09 22 01 10 | 03
#1597-d136 @A: 07 09 16 22 | 05
#1598-d136 @A: 25 33 32 09 | 12
#1599-d136 @A: 06 09 32 14 | 06
#1600-d136 @A: 02 26 09 14 | 08
#1601-d136 @A: 14 23 09 28 | 02
#1602-d136 @A: 01 09 34 19 | 04
#1603-d136 @A: 12 09 17 21 | 11
#1604-d136 @A: 04 13 35 26 | 01
#1605-d136 @A: 22 34 25 35 | 09
#1606-d136 @A: 01 06 03 35 | 07
#1607-d136 @A: 35 33 28 04 | 10
#1608-d136 @A: 23 02 11 35 | 03
#1609-d136 @A: 27 19 02 35 | 05
#1610-d136 @A: 35 17 26 15 | 12
#1611-d136 @A: 24 33 35 34 | 06
#1612-d136 @A: 27 33 35 12 | 08
#1613-d136 @A: 19 13 02 06 | 02
#1614-d136 @A: 24 13 28 06 | 04
#1615-d136 @A: 14 13 21 28 | 11
#1616-d136 @A: 14 07 13 29 | 01
#1617-d136 @A: 04 13 12 29 | 09
#1618-d136 @A: 05 16 13 19 | 07
#1619-d136 @A: 02 13 23 01 | 10
#1620-d136 @A: 13 01 15 28 | 03
#1621-d136 @A: 02 03 13 11 | 05
#1622-d136 @A: 27 19 29 13 | 12
#1623-d136 @A: 12 13 23 27 | 06
#1624-d136 @A: 19 21 13 33 | 08
#1625-d136 @A: 20 33 13 17 | 02
#1626-d136 @A: 22 25 23 32 | 04
#1627-d136 @A: 17 24 22 06 | 11
#1628-d136 @A: 22 05 14 12 | 01
#1629-d136 @A: 04 22 21 34 | 09
#1630-d136 @A: 05 30 22 29 | 07
#1631-d136 @A: 22 33 07 26 | 10
#1632-d136 @A: 27 21 19 22 | 03
#1633-d136 @A: 25 34 05 30 | 05
#1634-d136 @A: 25 03 07 11 | 12
#1635-d136 @A: 24 25 29 19 | 06
#1636-d136 @A: 07 12 25 15 | 08
#1637-d136 @A: 04 05 19 06 | 02
#1638-d136 @A: 06 26 24 04 | 04
#1639-d136 @A: 16 06 05 07 | 11
#1640-d136 @A: 06 05 28 20 | 01
#1641-d136 @A: 28 02 06 12 | 09
#1642-d136 @A: 11 16 17 06 | 07
#1643-d136 @A: 26 16 06 29 | 10
#1644-d136 @A: 06 34 32 21 | 03
#1645-d136 @A: 34 29 03 06 | 05
#1646-d136 @A: 19 23 06 26 | 12
#1647-d136 @A: 34 27 06 33 | 06
#1648-d136 @A: 06 10 27 19 | 08
#1649-d136 @A: 32 14 24 04 | 02
#1650-d136 @A: 05 26 11 14 | 04
#1651-d136 @A: 29 05 16 14 | 11
#1652-d136 @A: 24 14 01 11 | 01
#1653-d136 @A: 14 23 30 01 | 09
#1654-d136 @A: 28 14 15 12 | 07
#1655-d136 @A: 14 32 23 03 | 10
#1656-d136 @A: 32 10 14 20 | 03
#1657-d136 @A: 15 17 14 27 | 05
#1658-d136 @A: 30 01 04 26 | 12
#1659-d136 @A: 20 16 04 30 | 06
#1660-d136 @A: 04 21 10 24 | 08
#1661-d136 @A: 20 07 04 27 | 02
#1662-d136 @A: 23 05 07 29 | 04
#1663-d136 @A: 26 03 23 05 | 11
#1664-d136 @A: 33 19 34 05 | 01
#1665-d136 @A: 01 11 20 28 | 09
#1666-d136 @A: 30 01 24 20 | 07
#1667-d136 @A: 32 17 01 23 | 10
#1668-d136 @A: 34 20 32 01 | 03
#1669-d136 @A: 10 01 19 29 | 05
#1670-d136 @A: 19 01 15 27 | 12
#1671-d136 @A: 10 16 02 19 | 06
#1672-d136 @A: 17 33 02 32 | 08
#1673-d136 @A: 29 20 02 34 | 02
#1674-d136 @A: 29 02 10 03 | 04
#1675-d136 @A: 07 23 15 02 | 11
#1676-d136 @A: 34 27 02 26 | 01
#1677-d136 @A: 12 02 33 34 | 09
#1678-d136 @A: 24 11 07 32 | 07
#1679-d136 @A: 10 34 11 33 | 10
#1680-d136 @A: 03 20 27 11 | 03
#1681-d136 @A: 16 30 27 32 | 05
#1682-d136 @A: 16 12 29 17 | 12
#1683-d136 @A: 34 16 15 07 | 06
#1684-d136 @A: 21 10 32 28 | 08
#1685-d136 @A: 21 28 29 26 | 02
#1686-d136 @A: 30 34 32 12 | 04
#1687-d136 @A: 27 24 19 30 | 11
#1688-d136 @A: 33 32 20 07 | 01
#1689-d136 @A: 21 07 26 15 | 09
