#0001-d116 @A: 26 18 33 10 | 03
#0002-d116 @A: 18 29 12 10 | 04
#0003-d116 @A: 18 11 28 29 | 02
#0004-d116 @A: 03 34 18 31 | 08
#0005-d116 @A: 18 34 09 05 | 06
#0006-d116 @A: 34 20 18 27 | 07
#0007-d116 @A: 32 18 06 24 | 01
#0008-d116 @A: 31 19 18 12 | 05
#0009-d116 @A: 06 31 18 33 | 09
#0010-d116 @A: 19 01 18 05 | 10
#0011-d116 @A: 24 17 03 18 | 12
#0012-d116 @A: 15 24 26 18 | 11
#0013-d116 @A: 08 18 20 09 | 03
#0014-d116 @A: 18 21 35 12 | 04
#0015-d116 @A: 18 16 08 01 | 02
#0016-d116 @A: 18 30 14 04 | 08
#0017-d116 @A: 27 18 01 14 | 06
#0018-d116 @A: 18 23 03 12 | 07
#0019-d116 @A: 18 01 12 17 | 01
#0020-d116 @A: 03 13 01 18 | 05
#0021-d116 @A: 30 18 13 17 | 09
#0022-d116 @A: 04 18 09 27 | 10
#0023-d116 @A: 18 09 01 30 | 12
#0024-d116 @A: 15 23 18 30 | 11
#0025-d116 @A: 31 28 10 09 | 03
#0026-d116 @A: 28 26 35 10 | 04
#0027-d116 @A: 10 03 22 28 | 02
#0028-d116 @A: 10 17 34 09 | 08
#0029-d116 @A: 32 22 10 06 | 06
#0030-d116 @A: 10 01 31 20 | 07
#0031-d116 @A: 13 31 15 10 | 01
#0032-d116 @A: 33 10 05 17 | 05
#0033-d116 @A: 10 35 09 02 | 09
#0034-d116 @A: 02 08 10 26 | 10
#0035-d116 @A: 01 10 02 03 | 12
#0036-d116 @A: 24 08 10 11 | 11
#0037-d116 @A: 23 24 06 10 | 03
#0038-d116 @A: 10 22 35 14 | 04
#0039-d116 @A: 10 35 12 27 | 02
#0040-d116 @A: 07 10 08 15 | 08
#0041-d116 @A: 10 23 27 11 | 06
#0042-d116 @A: 28 20 27 31 | 07
#0043-d116 @A: 35 24 01 28 | 01
#0044-d116 @A: 28 11 19 12 | 05
#0045-d116 @A: 35 21 28 17 | 09
#0046-d116 @A: 35 14 28 15 | 10
#0047-d116 @A: 22 17 16 28 | 12
#0048-d116 @A: 28 14 23 06 | 11
#0049-d116 @A: 28 09 13 12 | 03
#0050-d116 @A: 12 28 23 04 | 04
#0051-d116 @A: 12 15 28 30 | 02
#0052-d116 @A: 23 27 32 34 | 08
#0053-d116 @A: 31 34 11 19 | 06
#0054-d116 @A: 31 03 34 29 | 07
#0055-d116 @A: 05 34 12 16 | 01
#0056-d116 @A: 05 29 34 16 | 05
#0057-d116 @A: 24 23 34 30 | 09
#0058-d116 @A: 30 19 20 34 | 10
#0059-d116 @A: 13 20 34 16 | 12
#0060-d116 @A: 21 35 34 30 | 11
#0061-d116 @A: 07 34 15 09 | 03
#0062-d116 @A: 13 09 14 34 | 04
#0063-d116 @A: 25 31 32 19 | 02
#0064-d116 @A: 26 22 32 31 | 08
#0065-d116 @A: 32 31 23 33 | 06
#0066-d116 @A: 01 32 31 17 | 07
#0067-d116 @A: 32 02 16 04 | 01
#0068-d116 @A: 35 22 17 32 | 05
#0069-d116 @A: 32 11 33 35 | 09
#0070-d116 @A: 04 32 33 22 | 10
#0071-d116 @A: 11 22 30 32 | 12
#0072-d116 @A: 33 07 32 06 | 11
#0073-d116 @A: 32 06 15 12 | 03
#0074-d116 @A: 19 31 05 23 | 04
#0075-d116 @A: 07 31 02 13 | 02
#0076-d116 @A: 35 31 09 24 | 08
#0077-d116 @A: 29 11 31 24 | 06
#0078-d116 @A: 35 30 19 31 | 07
#0079-d116 @A: 31 35 06 08 | 01
#0080-d116 @A: 25 22 31 21 | 05
#0081-d116 @A: 08 31 16 15 | 09
#0082-d116 @A: 29 31 17 07 | 10
#0083-d116 @A: 21 16 33 31 | 12
#0084-d116 @A: 23 31 04 11 | 11
#0085-d116 @A: 31 26 27 17 | 03
#0086-d116 @A: 17 31 23 06 | 04
#0087-d116 @A: 02 07 23 05 | 02
#0088-d116 @A: 24 11 05 15 | 08
#0089-d116 @A: 05 22 19 29 | 06
#0090-d116 @A: 22 05 08 14 | 07
#0091-d116 @A: 08 06 05 29 | 01
#0092-d116 @A: 05 09 07 33 | 05
#0093-d116 @A: 05 03 16 27 | 09
#0094-d116 @A: 03 05 13 12 | 10
#0095-d116 @A: 23 05 25 30 | 12
#0096-d116 @A: 23 15 29 05 | 11
#0097-d116 @A: 02 24 35 17 | 03
#0098-d116 @A: 24 15 16 02 | 04
#0099-d116 @A: 24 14 29 02 | 02
#0100-d116 @A: 35 04 19 02 | 08
#0101-d116 @A: 20 13 02 35 | 06
#0102-d116 @A: 26 25 02 03 | 07
#0103-d116 @A: 13 02 01 27 | 01
#0104-d116 @A: 11 02 13 23 | 05
#0105-d116 @A: 24 35 11 19 | 09
#0106-d116 @A: 07 24 27 22 | 10
#0107-d116 @A: 22 21 24 30 | 12
#0108-d116 @A: 16 11 24 07 | 11
#0109-d116 @A: 24 07 12 21 | 03
#0110-d116 @A: 17 16 24 30 | 04
#0111-d116 @A: 13 03 24 27 | 02
#0112-d116 @A: 11 13 04 24 | 08
#0113-d116 @A: 04 24 30 06 | 06
#0114-d116 @A: 01 06 24 09 | 07
#0115-d116 @A: 21 19 20 29 | 01
#0116-d116 @A: 09 19 07 21 | 05
#0117-d116 @A: 30 29 14 19 | 09
#0118-d116 @A: 22 20 13 33 | 10
#0119-d116 @A: 20 16 17 12 | 12
#0120-d116 @A: 27 01 21 20 | 11
#0121-d116 @A: 20 27 23 14 | 03
#0122-d116 @A: 20 13 25 30 | 04
#0123-d116 @A: 23 09 20 03 | 02
#0124-d116 @A: 23 20 29 06 | 08
#0125-d116 @A: 12 35 26 13 | 06
#0126-d116 @A: 13 35 06 11 | 07
#0127-d116 @A: 35 11 26 09 | 01
#0128-d116 @A: 16 08 25 22 | 05
#0129-d116 @A: 08 09 33 22 | 09
#0130-d116 @A: 14 03 11 22 | 10
#0131-d116 @A: 04 30 03 22 | 12
#0132-d116 @A: 09 27 15 22 | 11
#0133-d116 @A: 17 27 16 08 | 03
#0134-d116 @A: 08 12 04 29 | 04
#0135-d116 @A: 08 25 29 03 | 02
#0136-d116 @A: 03 13 23 08 | 08
#0137-d116 @A: 14 12 13 07 | 06
#0138-d116 @A: 25 07 01 04 | 07
#0139-d116 @A: 23 17 07 13 | 01
#0140-d116 @A: 23 07 26 03 | 05
#0141-d116 @A: 09 01 07 17 | 09
#0142-d116 @A: 16 25 27 15 | 10
#0143-d116 @A: 03 16 01 11 | 12
#0144-d116 @A: 09 16 27 06 | 11
#0145-d116 @A: 12 21 33 27 | 03
#0146-d116 @A: 25 03 14 21 | 04
#0147-d116 @A: 23 14 26 21 | 02
#0148-d116 @A: 11 14 21 27 | 08
#0149-d116 @A: 21 17 25 12 | 06
#0150-d116 @A: 01 15 33 12 | 07
#0151-d116 @A: 29 03 11 14 | 01
#0152-d116 @A: 25 13 01 29 | 05
#0153-d116 @A: 23 29 25 11 | 09
#0154-d116 @A: 17 26 04 29 | 10
#0155-d116 @A: 18 10 25 01 | 12
#0156-d116 @A: 21 28 30 18 | 11
#0157-d116 @A: 35 18 31 14 | 03
#0158-d116 @A: 05 14 20 18 | 04
#0159-d116 @A: 18 29 35 05 | 02
#0160-d116 @A: 22 03 18 02 | 08
#0161-d116 @A: 16 18 19 26 | 06
#0162-d116 @A: 29 20 33 18 | 07
#0163-d116 @A: 18 22 01 35 | 01
#0164-d116 @A: 26 18 22 27 | 05
#0165-d116 @A: 18 07 21 03 | 09
#0166-d116 @A: 30 07 25 18 | 10
#0167-d116 @A: 16 11 30 18 | 12
#0168-d116 @A: 26 18 30 06 | 11
#0169-d116 @A: 18 15 11 27 | 03
#0170-d116 @A: 10 02 32 14 | 04
#0171-d116 @A: 19 10 30 32 | 02
#0172-d116 @A: 10 02 31 06 | 08
#0173-d116 @A: 09 24 10 16 | 06
#0174-d116 @A: 30 20 21 10 | 07
#0175-d116 @A: 29 10 25 20 | 01
#0176-d116 @A: 15 33 10 16 | 05
#0177-d116 @A: 10 23 03 14 | 09
#0178-d116 @A: 11 10 17 12 | 10
#0179-d116 @A: 12 01 10 06 | 12
#0180-d116 @A: 28 01 32 05 | 11
#0181-d116 @A: 28 26 32 21 | 03
#0182-d116 @A: 25 32 28 29 | 04
#0183-d116 @A: 28 24 31 17 | 02
#0184-d116 @A: 31 28 08 12 | 08
#0185-d116 @A: 07 28 06 31 | 06
#0186-d116 @A: 05 12 24 28 | 07
#0187-d116 @A: 28 04 20 05 | 01
#0188-d116 @A: 27 28 05 21 | 05
#0189-d116 @A: 28 02 33 09 | 09
#0190-d116 @A: 25 19 28 08 | 10
#0191-d116 @A: 16 28 06 19 | 12
#0192-d116 @A: 28 01 20 08 | 11
#0193-d116 @A: 28 16 20 25 | 03
#0194-d116 @A: 12 03 28 20 | 04
#0195-d116 @A: 12 28 21 22 | 02
#0196-d116 @A: 22 28 03 29 | 08
#0197-d116 @A: 28 14 08 17 | 06
#0198-d116 @A: 16 21 28 15 | 07
#0199-d116 @A: 32 25 34 05 | 01
#0200-d116 @A: 32 34 19 02 | 05
#0201-d116 @A: 34 20 14 32 | 09
#0202-d116 @A: 34 12 17 32 | 10
#0203-d116 @A: 27 33 31 34 | 12
#0204-d116 @A: 02 30 34 09 | 11
#0205-d116 @A: 34 07 24 03 | 03
#0206-d116 @A: 33 17 24 34 | 04
#0207-d116 @A: 14 22 29 34 | 02
#0208-d116 @A: 06 08 34 17 | 08
#0209-d116 @A: 33 07 12 34 | 06
#0210-d116 @A: 03 13 33 34 | 07
#0211-d116 @A: 34 25 27 14 | 01
#0212-d116 @A: 31 03 24 32 | 05
#0213-d116 @A: 12 21 32 31 | 09
#0214-d116 @A: 30 32 29 05 | 10
#0215-d116 @A: 02 17 08 32 | 12
#0216-d116 @A: 32 07 15 16 | 11
#0217-d116 @A: 25 15 32 14 | 03
#0218-d116 @A: 09 31 22 05 | 04
#0219-d116 @A: 16 31 02 11 | 02
#0220-d116 @A: 27 31 16 35 | 08
#0221-d116 @A: 13 23 35 31 | 06
#0222-d116 @A: 08 29 16 31 | 07
#0223-d116 @A: 16 03 31 25 | 01
#0224-d116 @A: 09 25 17 31 | 05
#0225-d116 @A: 27 31 30 13 | 09
#0226-d116 @A: 20 26 02 05 | 10
#0227-d116 @A: 21 05 02 09 | 12
#0228-d116 @A: 06 16 24 05 | 11
#0229-d116 @A: 17 05 24 13 | 03
#0230-d116 @A: 03 05 07 19 | 04
#0231-d116 @A: 19 05 13 33 | 02
#0232-d116 @A: 33 05 21 20 | 08
#0233-d116 @A: 05 13 27 08 | 06
#0234-d116 @A: 26 07 21 05 | 07
#0235-d116 @A: 05 21 04 16 | 01
#0236-d116 @A: 23 24 33 02 | 05
#0237-d116 @A: 02 19 07 17 | 09
#0238-d116 @A: 23 02 14 35 | 10
#0239-d116 @A: 26 02 13 14 | 12
#0240-d116 @A: 25 23 17 02 | 11
#0241-d116 @A: 27 04 26 02 | 03
#0242-d116 @A: 09 02 11 01 | 04
#0243-d116 @A: 35 29 24 16 | 02
#0244-d116 @A: 06 24 12 14 | 08
#0245-d116 @A: 24 17 09 26 | 06
#0246-d116 @A: 35 20 19 06 | 07
#0247-d116 @A: 07 35 13 19 | 01
#0248-d116 @A: 16 12 35 19 | 05
#0249-d116 @A: 33 04 08 19 | 09
#0250-d116 @A: 12 09 15 19 | 10
#0251-d116 @A: 23 13 25 19 | 12
#0252-d116 @A: 19 11 13 26 | 11
#0253-d116 @A: 26 30 01 19 | 03
#0254-d116 @A: 15 19 26 23 | 04
#0255-d116 @A: 35 25 21 20 | 02
#0256-d116 @A: 11 12 20 15 | 08
#0257-d116 @A: 26 01 20 03 | 06
#0258-d116 @A: 11 09 20 17 | 07
#0259-d116 @A: 35 06 22 33 | 01
#0260-d116 @A: 08 27 29 35 | 05
#0261-d116 @A: 27 06 14 35 | 09
#0262-d116 @A: 09 12 35 01 | 10
#0263-d116 @A: 22 33 07 17 | 12
#0264-d116 @A: 07 25 22 14 | 11
#0265-d116 @A: 22 12 25 30 | 03
#0266-d116 @A: 03 09 25 22 | 04
#0267-d116 @A: 22 30 09 13 | 02
#0268-d116 @A: 15 22 13 11 | 08
#0269-d116 @A: 22 09 23 04 | 06
#0270-d116 @A: 26 11 17 22 | 07
#0271-d116 @A: 01 12 08 07 | 01
#0272-d116 @A: 07 30 29 08 | 05
#0273-d116 @A: 08 03 27 04 | 09
#0274-d116 @A: 04 08 15 29 | 10
#0275-d116 @A: 08 06 23 04 | 12
#0276-d116 @A: 15 14 07 27 | 11
#0277-d116 @A: 30 12 11 07 | 03
#0278-d116 @A: 13 15 01 07 | 04
#0279-d116 @A: 15 07 17 26 | 02
#0280-d116 @A: 16 03 06 13 | 08
#0281-d116 @A: 15 16 01 23 | 06
#0282-d116 @A: 16 11 23 06 | 07
#0283-d116 @A: 01 21 17 14 | 01
#0284-d116 @A: 33 09 29 12 | 05
#0285-d116 @A: 33 25 15 09 | 09
#0286-d116 @A: 33 09 13 06 | 10
#0287-d116 @A: 03 33 06 17 | 12
#0288-d116 @A: 17 30 27 33 | 11
#0289-d116 @A: 26 23 29 09 | 03
#0290-d116 @A: 18 34 10 30 | 04
#0291-d116 @A: 05 18 12 10 | 02
#0292-d116 @A: 18 04 10 13 | 08
#0293-d116 @A: 02 28 18 05 | 06
#0294-d116 @A: 28 33 15 18 | 07
#0295-d116 @A: 18 34 24 11 | 01
#0296-d116 @A: 06 19 34 18 | 05
#0297-d116 @A: 34 23 22 18 | 09
#0298-d116 @A: 18 03 11 05 | 10
#0299-d116 @A: 06 02 18 35 | 12
#0300-d116 @A: 03 02 29 18 | 11
#0301-d116 @A: 18 20 24 01 | 03
#0302-d116 @A: 30 18 33 19 | 04
#0303-d116 @A: 19 13 18 27 | 02
#0304-d116 @A: 16 22 13 18 | 08
#0305-d116 @A: 29 07 21 18 | 06
#0306-d116 @A: 16 17 21 18 | 07
#0307-d116 @A: 14 18 03 15 | 01
#0308-d116 @A: 06 09 12 18 | 05
#0309-d116 @A: 28 17 10 19 | 09
#0310-d116 @A: 10 34 22 31 | 10
#0311-d116 @A: 05 34 01 10 | 12
#0312-d116 @A: 32 13 35 10 | 11
#0313-d116 @A: 31 23 10 21 | 03
#0314-d116 @A: 10 23 05 08 | 04
#0315-d116 @A: 24 19 10 03 | 02
#0316-d116 @A: 23 10 29 19 | 08
#0317-d116 @A: 27 33 10 20 | 06
#0318-d116 @A: 35 10 30 08 | 07
#0319-d116 @A: 11 09 22 10 | 01
#0320-d116 @A: 07 29 11 10 | 05
#0321-d116 @A: 26 16 10 23 | 09
#0322-d116 @A: 15 10 03 06 | 10
#0323-d116 @A: 10 09 27 01 | 12
#0324-d116 @A: 23 05 34 28 | 11
#0325-d116 @A: 34 35 28 09 | 03
#0326-d116 @A: 32 22 28 19 | 04
#0327-d116 @A: 28 14 31 33 | 02
#0328-d116 @A: 29 05 12 28 | 08
#0329-d116 @A: 28 04 21 02 | 06
#0330-d116 @A: 13 19 28 20 | 07
#0331-d116 @A: 28 14 26 12 | 01
#0332-d116 @A: 15 25 28 03 | 05
#0333-d116 @A: 11 28 03 13 | 09
#0334-d116 @A: 13 04 28 06 | 10
#0335-d116 @A: 01 28 13 30 | 12
#0336-d116 @A: 30 09 28 26 | 11
#0337-d116 @A: 35 34 32 15 | 03
#0338-d116 @A: 29 20 34 02 | 04
#0339-d116 @A: 01 34 35 08 | 02
#0340-d116 @A: 34 23 33 35 | 08
#0341-d116 @A: 14 34 12 11 | 06
#0342-d116 @A: 17 26 13 34 | 07
#0343-d116 @A: 15 27 04 34 | 01
#0344-d116 @A: 34 23 17 11 | 05
#0345-d116 @A: 02 09 32 31 | 09
#0346-d116 @A: 24 32 14 35 | 10
#0347-d116 @A: 11 32 21 24 | 12
#0348-d116 @A: 08 19 32 29 | 11
#0349-d116 @A: 32 16 20 11 | 03
#0350-d116 @A: 25 32 04 35 | 04
#0351-d116 @A: 27 21 22 32 | 02
#0352-d116 @A: 32 07 09 12 | 08
#0353-d116 @A: 29 32 12 17 | 06
#0354-d116 @A: 32 13 15 26 | 07
#0355-d116 @A: 32 09 04 03 | 01
#0356-d116 @A: 30 03 32 01 | 05
#0357-d116 @A: 29 09 27 32 | 09
#0358-d116 @A: 14 17 31 05 | 10
#0359-d116 @A: 05 15 31 27 | 12
#0360-d116 @A: 31 02 01 35 | 11
#0361-d116 @A: 24 12 11 31 | 03
#0362-d116 @A: 01 31 21 19 | 04
#0363-d116 @A: 33 35 31 17 | 02
#0364-d116 @A: 27 22 31 11 | 08
#0365-d116 @A: 07 17 16 31 | 06
#0366-d116 @A: 31 15 12 07 | 07
#0367-d116 @A: 26 14 15 31 | 01
#0368-d116 @A: 14 06 01 31 | 05
#0369-d116 @A: 03 31 12 09 | 09
#0370-d116 @A: 13 31 09 11 | 10
#0371-d116 @A: 16 05 25 19 | 12
#0372-d116 @A: 09 16 05 23 | 11
#0373-d116 @A: 13 04 05 14 | 03
#0374-d116 @A: 25 12 05 15 | 04
#0375-d116 @A: 23 06 05 12 | 02
#0376-d116 @A: 05 04 15 03 | 08
#0377-d116 @A: 24 01 02 07 | 06
#0378-d116 @A: 12 24 02 03 | 07
#0379-d116 @A: 22 06 20 02 | 01
#0380-d116 @A: 02 29 08 23 | 05
#0381-d116 @A: 16 02 07 26 | 09
#0382-d116 @A: 30 16 02 25 | 10
#0383-d116 @A: 23 02 29 33 | 12
#0384-d116 @A: 20 21 17 24 | 11
#0385-d116 @A: 15 24 35 22 | 03
#0386-d116 @A: 03 35 33 24 | 04
#0387-d116 @A: 33 24 22 25 | 02
#0388-d116 @A: 24 21 29 08 | 08
#0389-d116 @A: 16 14 24 21 | 06
#0390-d116 @A: 17 25 04 24 | 07
#0391-d116 @A: 24 13 03 29 | 01
#0392-d116 @A: 01 22 20 19 | 05
#0393-d116 @A: 19 33 03 22 | 09
#0394-d116 @A: 12 22 19 13 | 10
#0395-d116 @A: 01 14 07 19 | 12
#0396-d116 @A: 16 30 15 19 | 11
#0397-d116 @A: 29 16 19 17 | 03
#0398-d116 @A: 11 29 19 33 | 04
#0399-d116 @A: 19 14 30 11 | 02
#0400-d116 @A: 19 14 23 17 | 08
#0401-d116 @A: 11 19 15 17 | 06
#0402-d116 @A: 27 29 06 19 | 07
#0403-d116 @A: 35 07 11 20 | 01
#0404-d116 @A: 20 22 07 30 | 05
#0405-d116 @A: 08 07 13 20 | 09
#0406-d116 @A: 17 08 20 29 | 10
#0407-d116 @A: 12 20 06 13 | 12
#0408-d116 @A: 27 20 09 12 | 11
#0409-d116 @A: 26 27 25 20 | 03
#0410-d116 @A: 20 25 23 01 | 04
#0411-d116 @A: 03 35 07 22 | 02
#0412-d116 @A: 08 33 35 26 | 08
#0413-d116 @A: 03 16 35 23 | 06
#0414-d116 @A: 27 35 21 09 | 07
#0415-d116 @A: 13 27 25 35 | 01
#0416-d116 @A: 06 15 35 09 | 05
#0417-d116 @A: 26 14 22 04 | 09
#0418-d116 @A: 22 12 27 17 | 10
#0419-d116 @A: 01 11 22 12 | 12
#0420-d116 @A: 22 06 04 15 | 11
#0421-d116 @A: 15 17 08 03 | 03
#0422-d116 @A: 26 04 30 08 | 04
#0423-d116 @A: 17 26 08 23 | 02
#0424-d116 @A: 29 11 08 09 | 08
#0425-d116 @A: 23 15 25 07 | 06
#0426-d116 @A: 06 27 07 13 | 07
#0427-d116 @A: 17 04 30 07 | 01
#0428-d116 @A: 11 27 13 16 | 05
#0429-d116 @A: 30 09 16 04 | 09
#0430-d116 @A: 16 11 15 04 | 10
#0431-d116 @A: 21 33 15 17 | 12
#0432-d116 @A: 25 04 11 21 | 11
#0433-d116 @A: 21 13 23 06 | 03
#0434-d116 @A: 11 04 33 01 | 04
#0435-d116 @A: 17 27 29 33 | 02
#0436-d116 @A: 23 12 01 29 | 08
#0437-d116 @A: 13 29 01 15 | 06
#0438-d116 @A: 17 03 29 30 | 07
#0439-d116 @A: 10 11 18 21 | 01
#0440-d116 @A: 28 18 25 35 | 05
#0441-d116 @A: 34 07 17 18 | 09
#0442-d116 @A: 27 02 18 24 | 10
#0443-d116 @A: 08 24 25 18 | 12
#0444-d116 @A: 33 20 03 18 | 11
#0445-d116 @A: 20 26 11 18 | 03
#0446-d116 @A: 30 08 18 22 | 04
#0447-d116 @A: 29 14 18 08 | 02
#0448-d116 @A: 07 18 16 12 | 08
#0449-d116 @A: 01 07 18 33 | 06
#0450-d116 @A: 12 25 18 26 | 07
#0451-d116 @A: 28 25 24 10 | 01
#0452-d116 @A: 10 12 34 19 | 05
#0453-d116 @A: 34 21 10 15 | 09
#0454-d116 @A: 32 31 10 27 | 10
#0455-d116 @A: 26 07 10 32 | 12
#0456-d116 @A: 10 06 32 29 | 11
#0457-d116 @A: 22 02 10 23 | 03
#0458-d116 @A: 19 10 21 04 | 04
#0459-d116 @A: 07 10 13 22 | 02
#0460-d116 @A: 10 21 26 22 | 08
#0461-d116 @A: 17 13 10 16 | 06
#0462-d116 @A: 14 15 01 10 | 07
#0463-d116 @A: 10 12 15 23 | 01
#0464-d116 @A: 15 31 32 28 | 05
#0465-d116 @A: 27 32 28 35 | 09
#0466-d116 @A: 23 16 28 32 | 10
#0467-d116 @A: 28 11 21 31 | 12
#0468-d116 @A: 03 28 01 31 | 11
#0469-d116 @A: 07 28 09 24 | 03
#0470-d116 @A: 26 28 24 16 | 04
#0471-d116 @A: 28 33 24 06 | 02
#0472-d116 @A: 20 28 29 14 | 08
#0473-d116 @A: 14 28 01 22 | 06
#0474-d116 @A: 01 16 28 07 | 07
#0475-d116 @A: 28 03 27 07 | 01
#0476-d116 @A: 09 14 25 28 | 05
#0477-d116 @A: 03 17 28 26 | 09
#0478-d116 @A: 28 27 11 30 | 10
#0479-d116 @A: 28 17 29 06 | 12
#0480-d116 @A: 32 16 34 06 | 11
#0481-d116 @A: 31 16 34 01 | 03
#0482-d116 @A: 15 24 34 29 | 04
#0483-d116 @A: 19 34 16 17 | 02
#0484-d116 @A: 26 34 12 08 | 08
#0485-d116 @A: 34 30 14 17 | 06
#0486-d116 @A: 25 15 17 34 | 07
#0487-d116 @A: 34 06 13 01 | 01
#0488-d116 @A: 34 13 23 15 | 05
#0489-d116 @A: 06 34 03 23 | 09
#0490-d116 @A: 17 34 29 23 | 10
#0491-d116 @A: 32 05 31 06 | 12
#0492-d116 @A: 32 05 03 35 | 11
#0493-d116 @A: 13 05 22 32 | 03
#0494-d116 @A: 09 24 32 22 | 04
#0495-d116 @A: 32 01 08 04 | 02
#0496-d116 @A: 09 30 08 32 | 08
#0497-d116 @A: 32 17 21 29 | 06
#0498-d116 @A: 29 33 03 32 | 07
#0499-d116 @A: 32 13 12 30 | 01
#0500-d116 @A: 32 06 04 26 | 05
#0501-d116 @A: 11 29 04 32 | 09
#0502-d116 @A: 15 32 09 11 | 10
#0503-d116 @A: 31 24 02 25 | 12
#0504-d116 @A: 31 19 26 24 | 11
#0505-d116 @A: 31 30 24 07 | 03
#0506-d116 @A: 24 23 31 01 | 04
#0507-d116 @A: 19 22 31 06 | 02
#0508-d116 @A: 22 15 31 20 | 08
#0509-d116 @A: 31 03 11 35 | 06
#0510-d116 @A: 31 25 06 13 | 07
#0511-d116 @A: 11 31 25 01 | 01
#0512-d116 @A: 30 15 03 31 | 05
#0513-d116 @A: 31 15 09 23 | 09
#0514-d116 @A: 29 26 31 27 | 10
#0515-d116 @A: 15 05 02 35 | 12
#0516-d116 @A: 05 13 06 02 | 11
#0517-d116 @A: 24 05 21 25 | 03
#0518-d116 @A: 35 05 07 04 | 04
#0519-d116 @A: 22 16 15 05 | 02
#0520-d116 @A: 14 27 05 12 | 08
#0521-d116 @A: 05 01 14 09 | 06
#0522-d116 @A: 04 01 12 05 | 07
#0523-d116 @A: 30 09 05 27 | 01
#0524-d116 @A: 02 20 19 25 | 05
#0525-d116 @A: 02 12 19 21 | 09
#0526-d116 @A: 02 25 35 08 | 10
#0527-d116 @A: 21 03 35 02 | 12
#0528-d116 @A: 17 33 11 02 | 11
#0529-d116 @A: 02 14 25 01 | 03
#0530-d116 @A: 11 02 14 06 | 04
#0531-d116 @A: 02 12 13 04 | 02
#0532-d116 @A: 22 24 19 23 | 08
#0533-d116 @A: 07 06 24 20 | 06
#0534-d116 @A: 16 03 24 22 | 07
#0535-d116 @A: 15 17 14 24 | 01
#0536-d116 @A: 24 04 12 26 | 05
#0537-d116 @A: 25 15 01 24 | 09
#0538-d116 @A: 06 26 13 24 | 10
#0539-d116 @A: 29 09 06 24 | 12
#0540-d116 @A: 22 19 35 09 | 11
#0541-d116 @A: 27 08 19 14 | 03
#0542-d116 @A: 27 33 19 07 | 04
#0543-d116 @A: 07 19 04 12 | 02
#0544-d116 @A: 16 19 33 11 | 08
#0545-d116 @A: 19 13 03 15 | 06
#0546-d116 @A: 30 19 04 23 | 07
#0547-d116 @A: 20 03 15 27 | 01
#0548-d116 @A: 33 35 30 29 | 05
#0549-d116 @A: 29 14 35 06 | 09
#0550-d116 @A: 25 11 30 35 | 10
#0551-d116 @A: 25 35 23 09 | 12
#0552-d116 @A: 09 35 17 30 | 11
#0553-d116 @A: 21 01 22 08 | 03
#0554-d116 @A: 06 26 08 22 | 04
#0555-d116 @A: 22 23 15 33 | 02
#0556-d116 @A: 23 22 30 14 | 08
#0557-d116 @A: 26 22 23 12 | 06
#0558-d116 @A: 09 15 08 04 | 07
#0559-d116 @A: 07 25 16 21 | 01
#0560-d116 @A: 33 07 30 16 | 05
#0561-d116 @A: 11 09 07 14 | 09
#0562-d116 @A: 06 26 12 07 | 10
#0563-d116 @A: 27 25 29 07 | 12
#0564-d116 @A: 01 07 06 03 | 11
#0565-d116 @A: 27 26 16 14 | 03
#0566-d116 @A: 12 16 26 11 | 04
#0567-d116 @A: 33 13 25 21 | 02
#0568-d116 @A: 14 29 12 21 | 08
#0569-d116 @A: 04 25 14 33 | 06
#0570-d116 @A: 12 04 33 17 | 07
#0571-d116 @A: 33 26 09 12 | 01
#0572-d116 @A: 25 33 03 30 | 05
#0573-d116 @A: 26 30 06 29 | 09
#0574-d116 @A: 18 01 28 11 | 10
#0575-d116 @A: 34 18 32 01 | 12
#0576-d116 @A: 18 32 27 33 | 11
#0577-d116 @A: 18 12 22 24 | 03
#0578-d116 @A: 18 22 21 04 | 04
#0579-d116 @A: 04 18 26 07 | 02
#0580-d116 @A: 06 14 21 18 | 08
#0581-d116 @A: 29 18 15 25 | 06
#0582-d116 @A: 18 26 09 03 | 07
#0583-d116 @A: 33 28 10 11 | 01
#0584-d116 @A: 16 02 10 34 | 05
#0585-d116 @A: 13 34 10 24 | 09
#0586-d116 @A: 20 10 34 25 | 10
#0587-d116 @A: 17 21 10 32 | 12
#0588-d116 @A: 31 14 10 08 | 11
#0589-d116 @A: 16 22 10 30 | 03
#0590-d116 @A: 29 10 17 22 | 04
#0591-d116 @A: 07 33 03 10 | 02
#0592-d116 @A: 13 14 11 10 | 08
#0593-d116 @A: 12 10 04 09 | 06
#0594-d116 @A: 10 27 15 17 | 07
#0595-d116 @A: 34 28 15 22 | 01
#0596-d116 @A: 16 14 05 28 | 05
#0597-d116 @A: 02 28 30 14 | 09
#0598-d116 @A: 28 04 33 35 | 10
#0599-d116 @A: 28 13 21 07 | 12
#0600-d116 @A: 28 29 13 30 | 11
#0601-d116 @A: 13 28 15 17 | 03
#0602-d116 @A: 01 17 23 28 | 04
#0603-d116 @A: 07 31 25 34 | 02
#0604-d116 @A: 34 04 19 05 | 08
#0605-d116 @A: 21 02 34 27 | 06
#0606-d116 @A: 09 08 34 24 | 07
#0607-d116 @A: 04 34 22 12 | 01
#0608-d116 @A: 34 25 01 30 | 05
#0609-d116 @A: 12 02 35 32 | 09
#0610-d116 @A: 15 32 21 02 | 10
#0611-d116 @A: 07 32 24 23 | 12
#0612-d116 @A: 24 23 29 32 | 11
#0613-d116 @A: 01 19 32 35 | 03
#0614-d116 @A: 32 20 35 09 | 04
#0615-d116 @A: 15 08 22 32 | 02
#0616-d116 @A: 16 32 21 30 | 08
#0617-d116 @A: 23 12 32 14 | 06
#0618-d116 @A: 32 01 09 23 | 07
#0619-d116 @A: 31 05 12 02 | 01
#0620-d116 @A: 02 27 31 19 | 05
#0621-d116 @A: 21 24 31 15 | 09
#0622-d116 @A: 29 31 20 13 | 10
#0623-d116 @A: 08 03 22 31 | 12
#0624-d116 @A: 16 31 23 22 | 11
#0625-d116 @A: 14 30 25 31 | 03
#0626-d116 @A: 31 09 30 06 | 04
#0627-d116 @A: 02 05 01 08 | 02
#0628-d116 @A: 01 02 29 05 | 08
#0629-d116 @A: 05 01 24 22 | 06
#0630-d116 @A: 05 19 20 17 | 07
#0631-d116 @A: 13 20 23 05 | 01
#0632-d116 @A: 03 29 05 20 | 05
#0633-d116 @A: 05 20 01 30 | 09
#0634-d116 @A: 05 13 16 07 | 10
#0635-d116 @A: 25 05 06 03 | 12
#0636-d116 @A: 06 24 21 02 | 11
#0637-d116 @A: 22 29 21 02 | 03
#0638-d116 @A: 12 02 09 22 | 04
#0639-d116 @A: 13 02 16 21 | 02
#0640-d116 @A: 02 11 12 25 | 08
#0641-d116 @A: 27 11 02 03 | 06
#0642-d116 @A: 06 04 02 17 | 07
#0643-d116 @A: 08 19 20 24 | 01
#0644-d116 @A: 15 24 06 19 | 05
#0645-d116 @A: 25 03 20 24 | 09
#0646-d116 @A: 08 06 03 24 | 10
#0647-d116 @A: 24 33 26 29 | 12
#0648-d116 @A: 19 06 30 07 | 11
#0649-d116 @A: 04 15 25 19 | 03
#0650-d116 @A: 19 13 01 04 | 04
#0651-d116 @A: 20 35 23 08 | 02
#0652-d116 @A: 20 04 03 35 | 08
#0653-d116 @A: 22 16 20 27 | 06
#0654-d116 @A: 15 07 21 20 | 07
#0655-d116 @A: 20 25 07 12 | 01
#0656-d116 @A: 33 01 20 06 | 05
#0657-d116 @A: 03 20 13 14 | 09
#0658-d116 @A: 13 26 04 20 | 10
#0659-d116 @A: 21 35 07 14 | 12
#0660-d116 @A: 35 03 12 25 | 11
#0661-d116 @A: 12 23 35 11 | 03
#0662-d116 @A: 17 35 13 01 | 04
#0663-d116 @A: 04 09 35 29 | 02
#0664-d116 @A: 26 07 01 22 | 08
#0665-d116 @A: 07 08 16 14 | 06
#0666-d116 @A: 33 08 21 07 | 07
#0667-d116 @A: 14 08 11 04 | 01
#0668-d116 @A: 08 30 06 13 | 05
#0669-d116 @A: 07 11 25 26 | 09
#0670-d116 @A: 03 11 07 15 | 10
#0671-d116 @A: 14 16 25 23 | 12
#0672-d116 @A: 03 14 16 30 | 11
#0673-d116 @A: 23 21 29 03 | 03
#0674-d116 @A: 21 29 30 09 | 04
#0675-d116 @A: 26 11 30 21 | 02
#0676-d116 @A: 21 06 17 09 | 08
#0677-d116 @A: 21 01 29 27 | 06
#0678-d116 @A: 11 01 21 15 | 07
#0679-d116 @A: 29 21 11 15 | 01
#0680-d116 @A: 14 33 30 26 | 05
#0681-d116 @A: 25 33 06 12 | 09
#0682-d116 @A: 23 33 12 13 | 10
#0683-d116 @A: 11 33 03 12 | 12
#0684-d116 @A: 27 33 25 11 | 11
#0685-d116 @A: 06 33 13 29 | 03
#0686-d116 @A: 33 01 09 03 | 04
#0687-d116 @A: 30 33 11 09 | 02
#0688-d116 @A: 33 06 23 30 | 08
#0689-d116 @A: 33 11 06 26 | 06
#0690-d116 @A: 10 28 18 06 | 07
#0691-d116 @A: 28 31 18 13 | 01
#0692-d116 @A: 09 18 29 34 | 05
#0693-d116 @A: 18 35 26 32 | 09
#0694-d116 @A: 22 29 18 32 | 10
#0695-d116 @A: 18 35 05 27 | 12
#0696-d116 @A: 05 18 08 04 | 11
#0697-d116 @A: 12 18 02 08 | 03
#0698-d116 @A: 01 21 18 02 | 04
#0699-d116 @A: 19 35 18 17 | 02
#0700-d116 @A: 33 12 18 14 | 08
#0701-d116 @A: 27 12 18 30 | 06
#0702-d116 @A: 10 08 32 25 | 07
#0703-d116 @A: 05 10 31 30 | 01
#0704-d116 @A: 05 20 16 10 | 05
#0705-d116 @A: 21 10 24 27 | 09
#0706-d116 @A: 10 07 20 14 | 10
#0707-d116 @A: 15 10 20 04 | 12
#0708-d116 @A: 10 11 15 35 | 11
#0709-d116 @A: 21 10 12 14 | 03
#0710-d116 @A: 26 12 10 03 | 04
#0711-d116 @A: 23 13 10 01 | 02
#0712-d116 @A: 34 28 19 29 | 08
#0713-d116 @A: 21 34 33 28 | 06
#0714-d116 @A: 16 30 28 31 | 07
#0715-d116 @A: 02 25 22 28 | 01
#0716-d116 @A: 07 02 08 28 | 05
#0717-d116 @A: 28 19 14 21 | 09
#0718-d116 @A: 28 33 30 22 | 10
#0719-d116 @A: 09 28 03 08 | 12
#0720-d116 @A: 28 04 15 07 | 11
#0721-d116 @A: 33 28 21 29 | 03
#0722-d116 @A: 27 28 14 13 | 04
#0723-d116 @A: 27 28 12 25 | 02
#0724-d116 @A: 17 28 12 06 | 08
#0725-d116 @A: 30 23 03 28 | 06
#0726-d116 @A: 27 26 28 01 | 07
#0727-d116 @A: 35 34 31 12 | 01
#0728-d116 @A: 30 31 34 08 | 05
#0729-d116 @A: 24 05 02 34 | 09
#0730-d116 @A: 11 34 05 35 | 10
#0731-d116 @A: 35 20 34 17 | 12
#0732-d116 @A: 14 33 34 22 | 11
#0733-d116 @A: 11 34 08 33 | 03
#0734-d116 @A: 29 33 25 34 | 04
#0735-d116 @A: 01 11 29 34 | 02
#0736-d116 @A: 14 31 32 16 | 08
#0737-d116 @A: 22 32 07 02 | 06
#0738-d116 @A: 27 02 32 25 | 07
#0739-d116 @A: 17 32 24 19 | 01
#0740-d116 @A: 19 32 13 16 | 05
#0741-d116 @A: 33 32 21 19 | 09
#0742-d116 @A: 32 35 08 16 | 10
#0743-d116 @A: 16 09 25 32 | 12
#0744-d116 @A: 26 12 32 01 | 11
#0745-d116 @A: 32 25 17 26 | 03
#0746-d116 @A: 11 32 23 26 | 04
#0747-d116 @A: 31 20 05 35 | 02
#0748-d116 @A: 05 03 21 31 | 08
#0749-d116 @A: 33 13 24 31 | 06
#0750-d116 @A: 31 04 16 06 | 07
#0751-d116 @A: 11 06 15 31 | 01
#0752-d116 @A: 19 35 05 26 | 05
#0753-d116 @A: 19 30 05 22 | 09
#0754-d116 @A: 05 20 07 27 | 10
#0755-d116 @A: 05 33 12 35 | 12
#0756-d116 @A: 07 12 05 22 | 11
#0757-d116 @A: 05 11 08 16 | 03
#0758-d116 @A: 05 30 14 06 | 04
#0759-d116 @A: 11 05 13 30 | 02
#0760-d116 @A: 11 05 17 04 | 08
#0761-d116 @A: 02 24 19 09 | 06
#0762-d116 @A: 16 03 19 02 | 07
#0763-d116 @A: 02 20 21 23 | 01
#0764-d116 @A: 13 15 02 25 | 05
#0765-d116 @A: 09 04 02 25 | 09
#0766-d116 @A: 16 01 24 19 | 10
#0767-d116 @A: 08 35 12 24 | 12
#0768-d116 @A: 30 33 24 08 | 11
#0769-d116 @A: 16 19 04 20 | 03
#0770-d116 @A: 21 19 30 08 | 04
#0771-d116 @A: 19 12 08 06 | 02
#0772-d116 @A: 21 27 16 19 | 08
#0773-d116 @A: 33 26 17 19 | 06
#0774-d116 @A: 25 30 19 09 | 07
#0775-d116 @A: 35 14 26 20 | 01
#0776-d116 @A: 04 25 22 20 | 05
#0777-d116 @A: 03 08 20 21 | 09
#0778-d116 @A: 14 33 08 20 | 10
#0779-d116 @A: 09 20 30 14 | 12
#0780-d116 @A: 03 11 06 20 | 11
#0781-d116 @A: 35 30 15 07 | 03
#0782-d116 @A: 09 04 35 14 | 04
#0783-d116 @A: 03 35 29 12 | 02
#0784-d116 @A: 04 13 35 15 | 08
#0785-d116 @A: 03 35 26 27 | 06
#0786-d116 @A: 04 22 08 13 | 07
#0787-d116 @A: 23 22 07 21 | 01
#0788-d116 @A: 01 22 27 03 | 05
#0789-d116 @A: 04 22 17 01 | 09
#0790-d116 @A: 01 22 23 06 | 10
#0791-d116 @A: 13 08 26 25 | 12
#0792-d116 @A: 25 08 11 15 | 11
#0793-d116 @A: 14 29 07 15 | 03
#0794-d116 @A: 23 07 27 12 | 04
#0795-d116 @A: 13 26 07 30 | 02
#0796-d116 @A: 23 06 07 09 | 08
#0797-d116 @A: 03 04 26 16 | 06
#0798-d116 @A: 21 27 15 13 | 07
#0799-d116 @A: 03 11 21 09 | 01
#0800-d116 @A: 21 23 04 27 | 05
#0801-d116 @A: 15 33 14 11 | 09
#0802-d116 @A: 29 13 17 09 | 10
#0803-d116 @A: 28 34 12 18 | 12
#0804-d116 @A: 18 25 17 05 | 11
#0805-d116 @A: 16 09 18 02 | 03
#0806-d116 @A: 24 16 18 35 | 04
#0807-d116 @A: 24 18 21 33 | 02
#0808-d116 @A: 19 23 21 18 | 08
#0809-d116 @A: 18 06 16 20 | 06
#0810-d116 @A: 13 18 20 21 | 07
#0811-d116 @A: 26 18 17 14 | 01
#0812-d116 @A: 13 26 18 29 | 05
#0813-d116 @A: 04 30 18 29 | 09
#0814-d116 @A: 28 10 34 14 | 10
#0815-d116 @A: 28 23 10 20 | 12
#0816-d116 @A: 07 10 23 34 | 11
#0817-d116 @A: 16 32 10 01 | 03
#0818-d116 @A: 33 32 09 10 | 04
#0819-d116 @A: 31 16 10 12 | 02
#0820-d116 @A: 17 03 10 31 | 08
#0821-d116 @A: 10 03 09 05 | 06
#0822-d116 @A: 05 10 29 27 | 07
#0823-d116 @A: 30 02 10 24 | 01
#0824-d116 @A: 10 02 15 19 | 05
#0825-d116 @A: 19 25 35 10 | 09
#0826-d116 @A: 08 19 16 10 | 10
#0827-d116 @A: 11 10 01 19 | 12
#0828-d116 @A: 10 15 29 33 | 11
#0829-d116 @A: 10 25 26 14 | 03
#0830-d116 @A: 10 06 25 17 | 04
#0831-d116 @A: 10 04 03 11 | 02
#0832-d116 @A: 01 29 10 03 | 08
#0833-d116 @A: 10 26 30 17 | 06
#0834-d116 @A: 09 10 30 23 | 07
#0835-d116 @A: 34 28 32 08 | 01
#0836-d116 @A: 28 02 34 17 | 05
#0837-d116 @A: 01 34 04 28 | 09
#0838-d116 @A: 33 28 32 13 | 10
#0839-d116 @A: 28 14 32 11 | 12
#0840-d116 @A: 31 23 02 28 | 11
#0841-d116 @A: 31 28 29 02 | 03
#0842-d116 @A: 11 06 28 05 | 04
#0843-d116 @A: 28 15 20 02 | 02
#0844-d116 @A: 28 01 02 12 | 08
#0845-d116 @A: 19 35 28 23 | 06
#0846-d116 @A: 20 30 28 35 | 07
#0847-d116 @A: 28 21 20 09 | 01
#0848-d116 @A: 35 08 28 11 | 05
#0849-d116 @A: 28 22 09 06 | 09
#0850-d116 @A: 25 11 17 28 | 10
#0851-d116 @A: 32 07 34 13 | 12
#0852-d116 @A: 34 13 02 22 | 11
#0853-d116 @A: 02 12 06 34 | 03
#0854-d116 @A: 19 34 13 08 | 04
#0855-d116 @A: 34 03 21 19 | 02
#0856-d116 @A: 23 19 34 09 | 08
#0857-d116 @A: 07 20 01 34 | 06
#0858-d116 @A: 35 34 22 25 | 07
#0859-d116 @A: 22 07 34 08 | 01
#0860-d116 @A: 11 16 22 34 | 05
#0861-d116 @A: 16 21 34 23 | 09
#0862-d116 @A: 13 34 21 11 | 10
#0863-d116 @A: 03 12 34 30 | 12
#0864-d116 @A: 04 34 06 25 | 11
#0865-d116 @A: 34 27 09 03 | 03
#0866-d116 @A: 29 30 27 34 | 04
#0867-d116 @A: 27 34 11 06 | 02
#0868-d116 @A: 05 32 27 11 | 08
#0869-d116 @A: 20 19 27 32 | 06
#0870-d116 @A: 07 19 11 32 | 07
#0871-d116 @A: 32 17 07 20 | 01
#0872-d116 @A: 32 21 35 06 | 05
#0873-d116 @A: 21 32 13 03 | 09
#0874-d116 @A: 06 30 32 25 | 10
#0875-d116 @A: 31 02 08 04 | 12
#0876-d116 @A: 19 31 33 15 | 11
#0877-d116 @A: 20 06 21 31 | 03
#0878-d116 @A: 31 04 07 22 | 04
#0879-d116 @A: 33 12 22 31 | 02
#0880-d116 @A: 01 31 13 22 | 08
#0881-d116 @A: 31 14 29 09 | 06
#0882-d116 @A: 27 12 06 31 | 07
#0883-d116 @A: 33 02 05 25 | 01
#0884-d116 @A: 23 22 35 05 | 05
#0885-d116 @A: 25 14 05 35 | 09
#0886-d116 @A: 21 17 05 08 | 10
#0887-d116 @A: 33 01 05 16 | 12
#0888-d116 @A: 26 05 25 09 | 11
#0889-d116 @A: 29 25 09 05 | 03
#0890-d116 @A: 04 23 05 26 | 04
#0891-d116 @A: 27 14 22 02 | 02
#0892-d116 @A: 33 02 15 08 | 08
#0893-d116 @A: 07 09 02 29 | 06
#0894-d116 @A: 22 08 17 24 | 07
#0895-d116 @A: 16 12 24 13 | 01
#0896-d116 @A: 24 01 04 03 | 05
#0897-d116 @A: 11 20 19 21 | 09
#0898-d116 @A: 15 19 20 14 | 10
#0899-d116 @A: 35 07 19 29 | 12
#0900-d116 @A: 15 19 35 21 | 11
#0901-d116 @A: 19 21 17 22 | 03
#0902-d116 @A: 19 01 09 08 | 04
#0903-d116 @A: 30 19 17 12 | 02
#0904-d116 @A: 26 12 19 27 | 08
#0905-d116 @A: 27 11 19 09 | 06
#0906-d116 @A: 06 27 23 19 | 07
#0907-d116 @A: 20 35 11 29 | 01
#0908-d116 @A: 08 11 22 20 | 05
#0909-d116 @A: 21 22 14 20 | 09
#0910-d116 @A: 08 20 30 16 | 10
#0911-d116 @A: 11 20 13 01 | 12
#0912-d116 @A: 20 11 27 04 | 11
#0913-d116 @A: 30 15 26 20 | 03
#0914-d116 @A: 06 20 17 26 | 04
#0915-d116 @A: 14 13 08 35 | 02
#0916-d116 @A: 07 16 06 22 | 08
#0917-d116 @A: 13 21 29 22 | 06
#0918-d116 @A: 06 12 03 22 | 07
#0919-d116 @A: 08 07 11 23 | 01
#0920-d116 @A: 21 15 23 08 | 05
#0921-d116 @A: 08 14 30 15 | 09
#0922-d116 @A: 08 25 04 12 | 10
#0923-d116 @A: 12 08 23 30 | 12
#0924-d116 @A: 01 08 15 06 | 11
#0925-d116 @A: 21 17 11 07 | 03
#0926-d116 @A: 12 07 17 03 | 04
#0927-d116 @A: 12 29 07 06 | 02
#0928-d116 @A: 13 07 23 29 | 08
#0929-d116 @A: 04 01 29 07 | 06
#0930-d116 @A: 16 14 13 15 | 07
#0931-d116 @A: 25 13 16 04 | 01
#0932-d116 @A: 17 03 16 09 | 05
#0933-d116 @A: 12 01 21 13 | 09
#0934-d116 @A: 12 09 21 23 | 10
#0935-d116 @A: 25 21 30 27 | 12
#0936-d116 @A: 26 13 21 09 | 11
#0937-d116 @A: 21 30 09 15 | 03
#0938-d116 @A: 14 17 13 33 | 04
#0939-d116 @A: 27 03 14 33 | 02
#0940-d116 @A: 33 29 01 14 | 08
#0941-d116 @A: 27 33 15 06 | 06
#0942-d116 @A: 11 12 27 29 | 07
#0943-d116 @A: 23 32 18 10 | 01
#0944-d116 @A: 18 10 02 17 | 05
#0945-d116 @A: 16 14 18 10 | 09
#0946-d116 @A: 23 24 28 18 | 10
#0947-d116 @A: 14 07 28 18 | 12
#0948-d116 @A: 19 18 32 15 | 11
#0949-d116 @A: 32 18 20 12 | 03
#0950-d116 @A: 18 04 32 17 | 04
#0951-d116 @A: 18 05 22 06 | 02
#0952-d116 @A: 13 18 26 05 | 08
#0953-d116 @A: 02 30 20 18 | 06
#0954-d116 @A: 18 02 23 04 | 07
#0955-d116 @A: 24 17 18 29 | 01
#0956-d116 @A: 08 18 11 19 | 05
#0957-d116 @A: 17 20 23 18 | 09
#0958-d116 @A: 33 18 22 11 | 10
#0959-d116 @A: 18 16 23 27 | 12
#0960-d116 @A: 14 18 25 13 | 11
#0961-d116 @A: 18 23 06 25 | 03
#0962-d116 @A: 06 13 15 18 | 04
#0963-d116 @A: 04 06 01 18 | 02
#0964-d116 @A: 05 15 10 28 | 08
#0965-d116 @A: 10 28 02 13 | 06
#0966-d116 @A: 26 29 28 10 | 07
#0967-d116 @A: 34 03 10 35 | 01
#0968-d116 @A: 33 34 06 10 | 05
#0969-d116 @A: 31 10 26 11 | 09
#0970-d116 @A: 35 05 10 24 | 10
#0971-d116 @A: 07 11 05 10 | 12
#0972-d116 @A: 10 02 07 12 | 11
#0973-d116 @A: 24 10 26 01 | 03
#0974-d116 @A: 26 20 19 10 | 04
#0975-d116 @A: 08 10 22 12 | 02
#0976-d116 @A: 07 09 10 25 | 08
#0977-d116 @A: 10 11 16 25 | 06
#0978-d116 @A: 28 34 20 11 | 07
#0979-d116 @A: 24 11 28 02 | 01
#0980-d116 @A: 35 02 28 16 | 05
#0981-d116 @A: 03 24 28 21 | 09
#0982-d116 @A: 15 19 27 28 | 10
#0983-d116 @A: 28 26 20 07 | 12
#0984-d116 @A: 28 22 07 11 | 11
#0985-d116 @A: 33 28 26 25 | 03
#0986-d116 @A: 23 27 28 09 | 04
#0987-d116 @A: 09 20 31 34 | 02
#0988-d116 @A: 05 03 34 08 | 08
#0989-d116 @A: 20 34 03 02 | 06
#0990-d116 @A: 24 19 34 14 | 07
#0991-d116 @A: 20 22 24 34 | 01
#0992-d116 @A: 12 34 24 15 | 05
#0993-d116 @A: 15 34 19 01 | 09
#0994-d116 @A: 22 21 06 34 | 10
#0995-d116 @A: 21 08 25 34 | 12
#0996-d116 @A: 34 27 16 07 | 11
#0997-d116 @A: 23 12 34 01 | 03
#0998-d116 @A: 34 26 01 11 | 04
#0999-d116 @A: 31 35 29 32 | 02
#1000-d116 @A: 30 05 02 32 | 08
#1001-d116 @A: 20 32 05 15 | 06
#1002-d116 @A: 05 32 16 26 | 07
#1003-d116 @A: 20 30 32 24 | 01
#1004-d116 @A: 32 09 19 06 | 05
#1005-d116 @A: 08 14 21 32 | 09
#1006-d116 @A: 32 27 08 06 | 10
#1007-d116 @A: 32 01 07 21 | 12
#1008-d116 @A: 17 27 14 32 | 11
#1009-d116 @A: 04 11 32 12 | 03
#1010-d116 @A: 15 32 27 01 | 04
#1011-d116 @A: 32 01 11 06 | 02
#1012-d116 @A: 05 31 08 26 | 08
#1013-d116 @A: 17 31 19 08 | 06
#1014-d116 @A: 29 19 31 12 | 07
#1015-d116 @A: 31 26 35 21 | 01
#1016-d116 @A: 15 29 31 22 | 05
#1017-d116 @A: 13 08 31 21 | 09
#1018-d116 @A: 07 14 31 03 | 10
#1019-d116 @A: 31 30 04 21 | 12
#1020-d116 @A: 31 12 13 17 | 11
#1021-d116 @A: 13 04 31 03 | 03
#1022-d116 @A: 26 31 03 06 | 04
#1023-d116 @A: 31 03 27 23 | 02
#1024-d116 @A: 27 31 04 01 | 08
#1025-d116 @A: 01 09 26 31 | 06
#1026-d116 @A: 19 15 08 05 | 07
#1027-d116 @A: 14 05 11 26 | 01
#1028-d116 @A: 14 05 23 15 | 05
#1029-d116 @A: 09 05 12 11 | 09
#1030-d116 @A: 25 13 05 01 | 10
#1031-d116 @A: 06 04 05 09 | 12
#1032-d116 @A: 17 05 27 23 | 11
#1033-d116 @A: 24 02 22 26 | 03
#1034-d116 @A: 13 19 02 30 | 04
#1035-d116 @A: 19 29 02 27 | 02
#1036-d116 @A: 22 11 35 02 | 08
#1037-d116 @A: 16 02 22 01 | 06
#1038-d116 @A: 06 08 02 16 | 07
#1039-d116 @A: 02 08 11 21 | 01
#1040-d116 @A: 08 02 03 30 | 05
#1041-d116 @A: 23 02 16 12 | 09
#1042-d116 @A: 02 06 29 04 | 10
#1043-d116 @A: 30 23 27 02 | 12
#1044-d116 @A: 19 13 24 21 | 11
#1045-d116 @A: 21 24 23 35 | 03
#1046-d116 @A: 30 35 13 24 | 04
#1047-d116 @A: 08 23 16 24 | 02
#1048-d116 @A: 13 24 14 23 | 08
#1049-d116 @A: 15 09 03 24 | 06
#1050-d116 @A: 30 24 15 27 | 07
#1051-d116 @A: 20 09 19 33 | 01
#1052-d116 @A: 07 08 26 19 | 05
#1053-d116 @A: 09 13 19 17 | 09
#1054-d116 @A: 23 19 03 11 | 10
#1055-d116 @A: 20 07 04 33 | 12
#1056-d116 @A: 20 17 25 14 | 11
#1057-d116 @A: 06 20 25 09 | 03
#1058-d116 @A: 21 22 13 35 | 04
#1059-d116 @A: 26 35 30 22 | 02
#1060-d116 @A: 15 35 16 26 | 08
#1061-d116 @A: 35 06 04 12 | 06
#1062-d116 @A: 01 03 15 35 | 07
#1063-d116 @A: 06 35 15 29 | 01
#1064-d116 @A: 15 14 22 12 | 05
#1065-d116 @A: 09 17 14 22 | 09
#1066-d116 @A: 09 25 29 22 | 10
#1067-d116 @A: 03 23 22 17 | 12
#1068-d116 @A: 22 17 06 30 | 11
#1069-d116 @A: 23 27 22 29 | 03
#1070-d116 @A: 16 33 03 08 | 04
#1071-d116 @A: 25 08 06 14 | 02
#1072-d116 @A: 12 13 15 08 | 08
#1073-d116 @A: 08 27 09 25 | 06
#1074-d116 @A: 17 08 11 13 | 07
#1075-d116 @A: 11 01 08 30 | 01
#1076-d116 @A: 15 08 26 27 | 05
#1077-d116 @A: 29 04 21 16 | 09
#1078-d116 @A: 14 17 16 11 | 10
#1079-d116 @A: 16 27 12 04 | 12
#1080-d116 @A: 26 06 25 16 | 11
#1081-d116 @A: 16 13 23 30 | 03
#1082-d116 @A: 30 16 23 29 | 04
#1083-d116 @A: 26 17 16 01 | 02
#1084-d116 @A: 04 21 33 06 | 08
#1085-d116 @A: 15 26 12 21 | 06
#1086-d116 @A: 12 11 06 21 | 07
#1087-d116 @A: 09 25 21 01 | 01
#1088-d116 @A: 23 03 04 33 | 05
#1089-d116 @A: 04 15 33 26 | 09
#1090-d116 @A: 14 29 23 04 | 10
#1091-d116 @A: 18 19 09 10 | 12
#1092-d116 @A: 07 18 10 27 | 11
#1093-d116 @A: 18 32 28 09 | 03
#1094-d116 @A: 30 31 18 32 | 04
#1095-d116 @A: 26 18 31 02 | 02
#1096-d116 @A: 11 07 18 31 | 08
#1097-d116 @A: 05 18 30 24 | 06
#1098-d116 @A: 18 19 14 02 | 07
#1099-d116 @A: 18 09 35 33 | 01
#1100-d116 @A: 17 18 08 33 | 05
#1101-d116 @A: 13 12 18 11 | 09
#1102-d116 @A: 04 15 18 12 | 10
#1103-d116 @A: 10 28 12 32 | 12
#1104-d116 @A: 04 34 29 10 | 11
#1105-d116 @A: 03 10 20 32 | 03
#1106-d116 @A: 10 31 33 25 | 04
#1107-d116 @A: 10 05 06 26 | 02
#1108-d116 @A: 02 35 29 10 | 08
#1109-d116 @A: 10 02 33 04 | 06
#1110-d116 @A: 24 04 22 10 | 07
#1111-d116 @A: 33 23 19 10 | 01
#1112-d116 @A: 19 13 10 06 | 05
#1113-d116 @A: 10 07 35 01 | 09
#1114-d116 @A: 10 35 23 17 | 10
#1115-d116 @A: 33 22 10 01 | 12
#1116-d116 @A: 12 10 30 33 | 11
#1117-d116 @A: 15 30 10 25 | 03
#1118-d116 @A: 03 13 30 10 | 04
#1119-d116 @A: 30 28 17 32 | 02
#1120-d116 @A: 25 05 31 28 | 08
#1121-d116 @A: 19 28 04 31 | 06
#1122-d116 @A: 28 13 35 05 | 07
#1123-d116 @A: 28 26 05 22 | 01
#1124-d116 @A: 03 33 28 05 | 05
#1125-d116 @A: 28 06 27 02 | 09
#1126-d116 @A: 28 17 33 20 | 10
#1127-d116 @A: 28 35 29 23 | 12
#1128-d116 @A: 22 28 27 04 | 11
#1129-d116 @A: 28 29 33 08 | 03
#1130-d116 @A: 28 07 23 33 | 04
#1131-d116 @A: 13 23 26 28 | 02
#1132-d116 @A: 17 09 04 28 | 08
#1133-d116 @A: 07 32 34 29 | 06
#1134-d116 @A: 17 21 31 34 | 07
#1135-d116 @A: 34 33 01 02 | 01
#1136-d116 @A: 20 33 26 34 | 05
#1137-d116 @A: 22 30 27 34 | 09
#1138-d116 @A: 08 16 34 04 | 10
#1139-d116 @A: 04 07 21 34 | 12
#1140-d116 @A: 34 11 03 25 | 11
#1141-d116 @A: 34 04 30 13 | 03
#1142-d116 @A: 09 05 32 17 | 04
#1143-d116 @A: 23 08 32 19 | 02
#1144-d116 @A: 20 32 04 21 | 08
#1145-d116 @A: 35 23 30 32 | 06
#1146-d116 @A: 32 16 12 22 | 07
#1147-d116 @A: 32 08 07 03 | 01
#1148-d116 @A: 07 32 14 30 | 05
#1149-d116 @A: 07 04 27 32 | 09
#1150-d116 @A: 01 14 13 32 | 10
#1151-d116 @A: 09 32 14 26 | 12
#1152-d116 @A: 11 13 32 25 | 11
#1153-d116 @A: 13 06 32 17 | 03
#1154-d116 @A: 09 32 13 27 | 04
#1155-d116 @A: 04 24 31 05 | 02
#1156-d116 @A: 01 31 07 05 | 08
#1157-d116 @A: 02 14 31 21 | 06
#1158-d116 @A: 24 31 27 08 | 07
#1159-d116 @A: 03 19 31 20 | 01
#1160-d116 @A: 26 31 12 20 | 05
#1161-d116 @A: 01 33 08 31 | 09
#1162-d116 @A: 31 07 33 26 | 10
#1163-d116 @A: 13 16 26 31 | 12
#1164-d116 @A: 04 12 14 31 | 11
#1165-d116 @A: 02 14 03 05 | 03
#1166-d116 @A: 26 24 33 05 | 04
#1167-d116 @A: 12 08 20 05 | 02
#1168-d116 @A: 35 30 16 05 | 08
#1169-d116 @A: 33 22 27 05 | 06
#1170-d116 @A: 05 07 33 29 | 07
#1171-d116 @A: 05 26 12 17 | 01
#1172-d116 @A: 05 04 25 27 | 05
#1173-d116 @A: 15 05 30 17 | 09
#1174-d116 @A: 02 08 14 24 | 10
#1175-d116 @A: 12 20 33 02 | 12
#1176-d116 @A: 21 33 22 02 | 11
#1177-d116 @A: 30 21 02 07 | 03
#1178-d116 @A: 14 07 02 33 | 04
#1179-d116 @A: 02 12 17 14 | 02
#1180-d116 @A: 09 06 03 02 | 08
#1181-d116 @A: 17 02 15 29 | 06
#1182-d116 @A: 01 02 06 26 | 07
#1183-d116 @A: 24 19 29 01 | 01
#1184-d116 @A: 11 20 24 33 | 05
#1185-d116 @A: 24 23 20 26 | 09
#1186-d116 @A: 24 26 35 07 | 10
#1187-d116 @A: 22 24 11 06 | 12
#1188-d116 @A: 24 08 26 21 | 11
#1189-d116 @A: 27 24 09 33 | 03
#1190-d116 @A: 11 14 24 25 | 04
#1191-d116 @A: 03 26 24 14 | 02
#1192-d116 @A: 04 27 14 24 | 08
#1193-d116 @A: 14 24 01 30 | 06
#1194-d116 @A: 03 11 24 30 | 07
#1195-d116 @A: 04 11 19 22 | 01
#1196-d116 @A: 07 19 23 16 | 05
#1197-d116 @A: 19 29 09 03 | 09
#1198-d116 @A: 27 19 17 04 | 10
#1199-d116 @A: 26 15 19 29 | 12
#1200-d116 @A: 22 20 12 35 | 11
#1201-d116 @A: 35 20 33 15 | 03
#1202-d116 @A: 17 13 27 20 | 04
#1203-d116 @A: 04 03 29 20 | 02
#1204-d116 @A: 30 20 03 17 | 08
#1205-d116 @A: 20 17 01 15 | 06
#1206-d116 @A: 27 22 35 08 | 07
#1207-d116 @A: 07 16 35 09 | 01
#1208-d116 @A: 35 07 33 25 | 05
#1209-d116 @A: 25 16 35 17 | 09
#1210-d116 @A: 35 33 27 01 | 10
#1211-d116 @A: 12 14 35 30 | 12
#1212-d116 @A: 35 03 17 14 | 11
#1213-d116 @A: 26 25 01 35 | 03
#1214-d116 @A: 30 04 27 35 | 04
#1215-d116 @A: 26 17 35 04 | 02
#1216-d116 @A: 23 04 01 35 | 08
#1217-d116 @A: 01 30 35 06 | 06
#1218-d116 @A: 12 07 22 29 | 07
#1219-d116 @A: 27 08 30 07 | 01
#1220-d116 @A: 12 17 09 08 | 05
#1221-d116 @A: 12 08 27 11 | 09
#1222-d116 @A: 08 25 01 03 | 10
#1223-d116 @A: 11 09 08 06 | 12
#1224-d116 @A: 14 07 17 06 | 11
#1225-d116 @A: 04 11 07 06 | 03
#1226-d116 @A: 25 12 16 01 | 04
#1227-d116 @A: 25 30 29 16 | 02
#1228-d116 @A: 06 03 29 16 | 08
#1229-d116 @A: 21 13 30 14 | 06
#1230-d116 @A: 06 30 03 21 | 07
#1231-d116 @A: 27 06 26 21 | 01
#1232-d116 @A: 23 33 17 09 | 05
#1233-d116 @A: 33 26 27 23 | 09
#1234-d116 @A: 03 15 29 27 | 10
#1235-d116 @A: 26 28 08 18 | 12
#1236-d116 @A: 02 34 25 18 | 11
#1237-d116 @A: 18 35 34 13 | 03
#1238-d116 @A: 08 14 18 34 | 04
#1239-d116 @A: 04 34 18 33 | 02
#1240-d116 @A: 18 32 02 11 | 08
#1241-d116 @A: 18 22 32 14 | 06
#1242-d116 @A: 32 21 18 25 | 07
#1243-d116 @A: 09 18 21 31 | 01
#1244-d116 @A: 18 25 31 27 | 05
#1245-d116 @A: 23 31 18 29 | 09
#1246-d116 @A: 07 15 02 18 | 10
#1247-d116 @A: 33 18 13 02 | 12
#1248-d116 @A: 18 07 19 20 | 11
#1249-d116 @A: 25 15 18 20 | 03
#1250-d116 @A: 15 08 18 35 | 04
#1251-d116 @A: 11 04 18 35 | 02
#1252-d116 @A: 18 16 29 27 | 08
#1253-d116 @A: 18 01 26 23 | 06
#1254-d116 @A: 18 29 06 01 | 07
#1255-d116 @A: 10 04 08 28 | 01
#1256-d116 @A: 07 28 10 30 | 05
#1257-d116 @A: 10 27 28 16 | 09
#1258-d116 @A: 32 04 05 10 | 10
#1259-d116 @A: 05 25 10 22 | 12
#1260-d116 @A: 02 21 10 25 | 11
#1261-d116 @A: 17 10 07 24 | 03
#1262-d116 @A: 10 22 17 20 | 04
#1263-d116 @A: 33 10 21 35 | 02
#1264-d116 @A: 08 10 21 09 | 08
#1265-d116 @A: 07 06 10 21 | 06
#1266-d116 @A: 09 29 16 10 | 07
#1267-d116 @A: 14 10 27 30 | 01
#1268-d116 @A: 04 23 10 25 | 05
#1269-d116 @A: 10 27 26 13 | 09
#1270-d116 @A: 26 31 34 28 | 10
#1271-d116 @A: 19 34 07 28 | 12
#1272-d116 @A: 28 03 02 32 | 11
#1273-d116 @A: 28 24 04 32 | 03
#1274-d116 @A: 22 31 28 35 | 04
#1275-d116 @A: 28 19 05 09 | 02
#1276-d116 @A: 28 14 20 24 | 08
#1277-d116 @A: 08 28 15 24 | 06
#1278-d116 @A: 07 28 24 29 | 07
#1279-d116 @A: 35 28 03 06 | 01
#1280-d116 @A: 13 16 08 28 | 05
#1281-d116 @A: 12 28 16 33 | 09
#1282-d116 @A: 09 16 11 28 | 10
#1283-d116 @A: 01 15 09 28 | 12
#1284-d116 @A: 32 09 34 21 | 11
#1285-d116 @A: 13 31 05 34 | 03
#1286-d116 @A: 06 34 31 24 | 04
#1287-d116 @A: 14 34 31 23 | 02
#1288-d116 @A: 22 05 17 34 | 08
#1289-d116 @A: 07 34 05 30 | 06
#1290-d116 @A: 21 05 14 34 | 07
#1291-d116 @A: 34 35 26 02 | 01
#1292-d116 @A: 25 16 24 34 | 05
#1293-d116 @A: 27 34 19 35 | 09
#1294-d116 @A: 26 22 34 19 | 10
#1295-d116 @A: 33 34 25 19 | 12
#1296-d116 @A: 20 04 34 23 | 11
#1297-d116 @A: 13 35 29 34 | 03
#1298-d116 @A: 22 01 34 09 | 04
#1299-d116 @A: 16 09 34 33 | 02
#1300-d116 @A: 16 30 26 34 | 08
#1301-d116 @A: 34 15 14 06 | 06
#1302-d116 @A: 34 09 12 25 | 07
#1303-d116 @A: 12 29 13 34 | 01
#1304-d116 @A: 34 04 17 03 | 05
#1305-d116 @A: 09 04 34 11 | 09
#1306-d116 @A: 15 11 30 34 | 10
#1307-d116 @A: 11 31 08 32 | 12
#1308-d116 @A: 32 24 08 05 | 11
#1309-d116 @A: 21 05 23 32 | 03
#1310-d116 @A: 32 29 02 13 | 04
#1311-d116 @A: 32 16 24 27 | 02
#1312-d116 @A: 01 33 32 24 | 08
#1313-d116 @A: 24 25 32 12 | 06
#1314-d116 @A: 25 33 20 32 | 07
#1315-d116 @A: 33 16 32 17 | 01
#1316-d116 @A: 32 03 15 33 | 05
#1317-d116 @A: 12 32 27 03 | 09
#1318-d116 @A: 13 23 04 32 | 10
#1319-d116 @A: 17 03 32 11 | 12
#1320-d116 @A: 32 23 17 15 | 11
#1321-d116 @A: 17 31 20 02 | 03
#1322-d116 @A: 31 02 30 22 | 04
#1323-d116 @A: 24 31 14 22 | 02
#1324-d116 @A: 15 31 25 35 | 08
#1325-d116 @A: 07 31 27 21 | 06
#1326-d116 @A: 25 04 26 31 | 07
#1327-d116 @A: 31 17 04 15 | 01
#1328-d116 @A: 31 11 17 30 | 05
#1329-d116 @A: 31 26 23 30 | 09
#1330-d116 @A: 11 02 05 19 | 10
#1331-d116 @A: 22 04 05 02 | 12
#1332-d116 @A: 09 20 24 05 | 11
#1333-d116 @A: 24 05 23 03 | 03
#1334-d116 @A: 19 21 06 05 | 04
#1335-d116 @A: 05 20 11 25 | 02
#1336-d116 @A: 35 05 09 08 | 08
#1337-d116 @A: 17 06 35 05 | 06
#1338-d116 @A: 25 07 05 08 | 07
#1339-d116 @A: 12 21 05 30 | 01
#1340-d116 @A: 29 11 17 05 | 05
#1341-d116 @A: 05 01 06 27 | 09
#1342-d116 @A: 23 11 05 01 | 10
#1343-d116 @A: 24 04 02 20 | 12
#1344-d116 @A: 22 19 02 08 | 11
#1345-d116 @A: 19 02 33 06 | 03
#1346-d116 @A: 23 02 19 01 | 04
#1347-d116 @A: 33 35 02 30 | 02
#1348-d116 @A: 08 13 09 02 | 08
#1349-d116 @A: 06 07 25 02 | 06
#1350-d116 @A: 02 07 04 03 | 07
#1351-d116 @A: 33 02 16 27 | 01
#1352-d116 @A: 02 21 17 26 | 05
#1353-d116 @A: 26 25 02 29 | 09
#1354-d116 @A: 17 30 02 01 | 10
#1355-d116 @A: 27 29 24 20 | 12
#1356-d116 @A: 24 29 22 04 | 11
#1357-d116 @A: 04 24 07 08 | 03
#1358-d116 @A: 13 01 24 08 | 04
#1359-d116 @A: 12 24 23 17 | 02
#1360-d116 @A: 12 24 01 27 | 08
#1361-d116 @A: 13 25 24 09 | 06
#1362-d116 @A: 27 23 24 25 | 07
#1363-d116 @A: 15 23 24 04 | 01
#1364-d116 @A: 15 19 07 22 | 05
#1365-d116 @A: 14 22 19 16 | 09
#1366-d116 @A: 26 21 25 19 | 10
#1367-d116 @A: 12 01 03 19 | 12
#1368-d116 @A: 04 19 06 03 | 11
#1369-d116 @A: 03 30 19 27 | 03
#1370-d116 @A: 22 30 29 20 | 04
#1371-d116 @A: 21 20 16 26 | 02
#1372-d116 @A: 23 16 20 33 | 08
#1373-d116 @A: 30 04 20 12 | 06
#1374-d116 @A: 06 20 27 30 | 07
#1375-d116 @A: 30 20 23 11 | 01
#1376-d116 @A: 15 09 29 20 | 05
#1377-d116 @A: 35 21 16 11 | 09
#1378-d116 @A: 16 33 35 13 | 10
#1379-d116 @A: 26 06 23 35 | 12
#1380-d116 @A: 22 33 26 16 | 11
#1381-d116 @A: 13 22 25 17 | 03
#1382-d116 @A: 23 11 22 25 | 04
#1383-d116 @A: 26 11 08 03 | 02
#1384-d116 @A: 27 08 01 23 | 08
#1385-d116 @A: 07 13 09 04 | 06
#1386-d116 @A: 26 07 29 03 | 07
#1387-d116 @A: 26 27 07 09 | 01
#1388-d116 @A: 14 33 16 06 | 05
#1389-d116 @A: 04 16 23 17 | 09
#1390-d116 @A: 06 16 17 15 | 10
#1391-d116 @A: 26 16 01 29 | 12
#1392-d116 @A: 30 33 21 01 | 11
#1393-d116 @A: 21 25 15 06 | 03
#1394-d116 @A: 01 04 26 21 | 04
#1395-d116 @A: 17 01 33 25 | 02
#1396-d116 @A: 33 13 30 15 | 08
#1397-d116 @A: 13 14 27 29 | 06
#1398-d116 @A: 30 12 29 15 | 07
#1399-d116 @A: 31 10 24 18 | 01
#1400-d116 @A: 10 15 22 18 | 05
#1401-d116 @A: 28 20 22 18 | 09
#1402-d116 @A: 28 18 04 16 | 10
#1403-d116 @A: 15 18 34 16 | 12
#1404-d116 @A: 32 18 05 07 | 11
#1405-d116 @A: 13 32 08 18 | 03
#1406-d116 @A: 18 32 16 03 | 04
#1407-d116 @A: 16 05 18 31 | 02
#1408-d116 @A: 18 31 22 17 | 08
#1409-d116 @A: 15 18 05 21 | 06
#1410-d116 @A: 33 05 18 23 | 07
#1411-d116 @A: 18 24 04 19 | 01
#1412-d116 @A: 18 25 19 22 | 05
#1413-d116 @A: 18 13 29 19 | 09
#1414-d116 @A: 23 18 35 07 | 10
#1415-d116 @A: 18 30 03 35 | 12
#1416-d116 @A: 09 22 07 18 | 11
#1417-d116 @A: 21 27 08 18 | 03
#1418-d116 @A: 25 18 16 33 | 04
#1419-d116 @A: 09 18 11 25 | 02
#1420-d116 @A: 15 18 17 09 | 08
#1421-d116 @A: 11 06 18 17 | 06
#1422-d116 @A: 11 34 10 32 | 07
#1423-d116 @A: 08 34 10 27 | 01
#1424-d116 @A: 19 31 07 10 | 05
#1425-d116 @A: 35 04 10 31 | 09
#1426-d116 @A: 31 10 21 29 | 10
#1427-d116 @A: 13 05 21 10 | 12
#1428-d116 @A: 14 10 29 05 | 11
#1429-d116 @A: 10 11 02 20 | 03
#1430-d116 @A: 24 20 10 12 | 04
#1431-d116 @A: 33 24 10 14 | 02
#1432-d116 @A: 24 30 29 10 | 08
#1433-d116 @A: 35 16 10 06 | 06
#1434-d116 @A: 10 33 13 08 | 07
#1435-d116 @A: 25 10 27 03 | 01
#1436-d116 @A: 01 04 10 30 | 05
#1437-d116 @A: 26 15 09 10 | 09
#1438-d116 @A: 34 28 25 13 | 10
#1439-d116 @A: 34 30 28 06 | 12
#1440-d116 @A: 28 30 08 05 | 11
#1441-d116 @A: 35 12 28 07 | 03
#1442-d116 @A: 08 28 23 22 | 04
#1443-d116 @A: 08 33 28 27 | 02
#1444-d116 @A: 23 21 28 25 | 08
#1445-d116 @A: 03 04 14 28 | 06
#1446-d116 @A: 04 30 28 25 | 07
#1447-d116 @A: 26 24 34 32 | 01
#1448-d116 @A: 32 03 22 34 | 05
#1449-d116 @A: 15 31 02 34 | 09
#1450-d116 @A: 23 34 02 08 | 10
#1451-d116 @A: 02 14 34 04 | 12
#1452-d116 @A: 34 35 04 24 | 11
#1453-d116 @A: 24 34 01 21 | 03
#1454-d116 @A: 07 06 34 35 | 04
#1455-d116 @A: 29 26 34 08 | 02
#1456-d116 @A: 26 14 34 07 | 08
#1457-d116 @A: 14 01 34 03 | 06
#1458-d116 @A: 34 12 13 27 | 07
#1459-d116 @A: 34 25 23 26 | 01
#1460-d116 @A: 26 03 34 15 | 05
#1461-d116 @A: 01 34 27 17 | 09
#1462-d116 @A: 09 26 06 34 | 10
#1463-d116 @A: 31 07 32 35 | 12
#1464-d116 @A: 14 33 32 05 | 11
#1465-d116 @A: 26 08 32 20 | 03
#1466-d116 @A: 32 20 29 01 | 04
#1467-d116 @A: 16 14 32 29 | 02
#1468-d116 @A: 06 03 32 14 | 08
#1469-d116 @A: 03 25 23 32 | 06
#1470-d116 @A: 26 32 30 27 | 07
#1471-d116 @A: 26 15 29 32 | 01
#1472-d116 @A: 03 33 02 31 | 05
#1473-d116 @A: 24 20 31 16 | 09
#1474-d116 @A: 31 20 08 25 | 10
#1475-d116 @A: 31 20 11 14 | 12
#1476-d116 @A: 09 07 08 31 | 11
#1477-d116 @A: 04 31 33 09 | 03
#1478-d116 @A: 04 31 33 29 | 04
#1479-d116 @A: 14 27 09 31 | 02
#1480-d116 @A: 31 25 23 12 | 08
#1481-d116 @A: 31 01 30 12 | 06
#1482-d116 @A: 29 06 31 25 | 07
#1483-d116 @A: 16 17 05 02 | 01
#1484-d116 @A: 03 05 22 20 | 05
#1485-d116 @A: 22 05 21 11 | 09
#1486-d116 @A: 05 33 06 08 | 10
#1487-d116 @A: 15 05 06 07 | 12
#1488-d116 @A: 21 29 05 26 | 11
#1489-d116 @A: 29 13 05 04 | 03
#1490-d116 @A: 13 09 15 05 | 04
#1491-d116 @A: 01 05 17 03 | 02
#1492-d116 @A: 26 15 01 05 | 08
#1493-d116 @A: 07 02 20 09 | 06
#1494-d116 @A: 14 02 20 16 | 07
#1495-d116 @A: 22 17 15 02 | 01
#1496-d116 @A: 02 12 30 26 | 05
#1497-d116 @A: 12 02 27 15 | 09
#1498-d116 @A: 23 15 03 02 | 10
#1499-d116 @A: 04 15 02 01 | 12
#1500-d116 @A: 02 06 30 15 | 11
#1501-d116 @A: 11 02 30 29 | 03
#1502-d116 @A: 17 27 09 02 | 04
#1503-d116 @A: 26 02 15 11 | 02
#1504-d116 @A: 24 07 25 19 | 08
#1505-d116 @A: 12 24 33 19 | 06
#1506-d116 @A: 24 20 15 13 | 07
#1507-d116 @A: 24 01 17 11 | 01
#1508-d116 @A: 27 24 06 17 | 05
#1509-d116 @A: 11 24 23 09 | 09
#1510-d116 @A: 03 35 19 08 | 10
#1511-d116 @A: 33 14 35 19 | 12
#1512-d116 @A: 09 03 19 14 | 11
#1513-d116 @A: 14 19 06 26 | 03
#1514-d116 @A: 17 03 25 19 | 04
#1515-d116 @A: 01 19 27 25 | 02
#1516-d116 @A: 25 11 19 06 | 08
#1517-d116 @A: 19 26 04 09 | 06
#1518-d116 @A: 01 20 16 35 | 07
#1519-d116 @A: 20 09 22 26 | 01
#1520-d116 @A: 20 07 29 16 | 05
#1521-d116 @A: 04 20 06 14 | 09
#1522-d116 @A: 12 20 29 26 | 10
#1523-d116 @A: 15 20 23 06 | 12
#1524-d116 @A: 04 08 35 21 | 11
#1525-d116 @A: 15 35 17 12 | 03
#1526-d116 @A: 17 27 35 11 | 04
#1527-d116 @A: 14 06 13 22 | 02
#1528-d116 @A: 25 15 22 26 | 08
#1529-d116 @A: 22 25 27 06 | 06
#1530-d116 @A: 22 03 26 13 | 07
#1531-d116 @A: 22 27 13 23 | 01
#1532-d116 @A: 15 22 01 30 | 05
#1533-d116 @A: 09 14 08 23 | 09
#1534-d116 @A: 26 14 01 08 | 10
#1535-d116 @A: 08 30 17 25 | 12
#1536-d116 @A: 07 11 33 13 | 11
#1537-d116 @A: 04 14 07 23 | 03
#1538-d116 @A: 27 17 25 07 | 04
#1539-d116 @A: 09 30 03 07 | 02
#1540-d116 @A: 01 07 30 23 | 08
#1541-d116 @A: 16 21 01 06 | 06
#1542-d116 @A: 12 14 09 16 | 07
#1543-d116 @A: 30 06 12 16 | 01
#1544-d116 @A: 09 01 16 13 | 05
#1545-d116 @A: 13 29 11 16 | 09
#1546-d116 @A: 14 21 33 09 | 10
#1547-d116 @A: 21 15 04 14 | 12
#1548-d116 @A: 13 21 17 04 | 11
#1549-d116 @A: 33 14 23 01 | 03
#1550-d116 @A: 25 29 14 17 | 04
#1551-d116 @A: 14 29 11 26 | 02
#1552-d116 @A: 20 18 10 35 | 08
#1553-d116 @A: 18 10 03 08 | 06
#1554-d116 @A: 19 28 03 18 | 07
#1555-d116 @A: 28 27 18 17 | 01
#1556-d116 @A: 26 18 21 34 | 05
#1557-d116 @A: 04 20 18 31 | 09
#1558-d116 @A: 18 23 08 31 | 10
#1559-d116 @A: 18 31 15 01 | 12
#1560-d116 @A: 07 18 13 24 | 11
#1561-d116 @A: 09 24 14 18 | 03
#1562-d116 @A: 18 07 08 06 | 04
#1563-d116 @A: 23 18 14 11 | 02
#1564-d116 @A: 18 25 03 04 | 08
#1565-d116 @A: 13 18 09 23 | 06
#1566-d116 @A: 27 06 18 03 | 07
#1567-d116 @A: 01 28 21 10 | 01
#1568-d116 @A: 10 04 26 34 | 05
#1569-d116 @A: 10 15 32 24 | 09
#1570-d116 @A: 02 05 27 10 | 10
#1571-d116 @A: 14 05 19 10 | 12
#1572-d116 @A: 19 10 27 22 | 11
#1573-d116 @A: 20 10 06 08 | 03
#1574-d116 @A: 09 10 20 13 | 04
#1575-d116 @A: 29 10 08 13 | 02
#1576-d116 @A: 08 01 10 17 | 08
#1577-d116 @A: 16 10 07 04 | 06
#1578-d116 @A: 16 10 21 03 | 07
#1579-d116 @A: 10 14 17 04 | 01
#1580-d116 @A: 06 14 10 09 | 05
#1581-d116 @A: 10 13 12 25 | 09
#1582-d116 @A: 10 04 27 06 | 10
#1583-d116 @A: 11 30 06 10 | 12
#1584-d116 @A: 24 34 27 28 | 11
#1585-d116 @A: 16 34 03 28 | 03
#1586-d116 @A: 06 32 20 28 | 04
#1587-d116 @A: 32 25 28 07 | 02
#1588-d116 @A: 07 05 17 28 | 08
#1589-d116 @A: 28 26 19 02 | 06
#1590-d116 @A: 28 30 24 19 | 07
#1591-d116 @A: 28 13 24 22 | 01
#1592-d116 @A: 01 19 28 33 | 05
#1593-d116 @A: 21 28 08 06 | 09
#1594-d116 @A: 28 16 29 15 | 10
#1595-d116 @A: 25 01 28 06 | 12
#1596-d116 @A: 11 28 04 26 | 11
#1597-d116 @A: 04 27 28 29 | 03
#1598-d116 @A: 09 29 28 01 | 04
#1599-d116 @A: 06 15 28 26 | 02
#1600-d116 @A: 11 28 15 23 | 08
#1601-d116 @A: 31 32 04 34 | 06
#1602-d116 @A: 30 32 34 33 | 07
#1603-d116 @A: 06 05 20 34 | 01
#1604-d116 @A: 05 15 34 33 | 05
#1605-d116 @A: 05 27 26 34 | 09
#1606-d116 @A: 02 11 07 34 | 10
#1607-d116 @A: 34 20 15 08 | 12
#1608-d116 @A: 21 12 20 34 | 11
#1609-d116 @A: 34 16 14 35 | 03
#1610-d116 @A: 34 21 29 06 | 04
#1611-d116 @A: 13 20 32 31 | 02
#1612-d116 @A: 12 19 32 05 | 08
#1613-d116 @A: 32 24 02 13 | 06
#1614-d116 @A: 20 02 32 01 | 07
#1615-d116 @A: 26 02 32 33 | 01
#1616-d116 @A: 23 02 06 32 | 05
#1617-d116 @A: 04 19 14 32 | 09
#1618-d116 @A: 03 26 19 32 | 10
#1619-d116 @A: 22 23 32 20 | 12
#1620-d116 @A: 22 01 25 32 | 11
#1621-d116 @A: 08 12 33 32 | 03
#1622-d116 @A: 30 15 32 04 | 04
#1623-d116 @A: 05 24 29 31 | 02
#1624-d116 @A: 11 31 05 33 | 08
#1625-d116 @A: 19 31 09 16 | 06
#1626-d116 @A: 13 19 14 31 | 07
#1627-d116 @A: 20 31 23 07 | 01
#1628-d116 @A: 33 20 31 30 | 05
#1629-d116 @A: 01 30 29 31 | 09
#1630-d116 @A: 05 27 19 24 | 10
#1631-d116 @A: 07 24 05 14 | 12
#1632-d116 @A: 35 05 01 21 | 11
#1633-d116 @A: 05 33 04 30 | 03
#1634-d116 @A: 30 03 05 26 | 04
#1635-d116 @A: 08 20 27 02 | 02
#1636-d116 @A: 02 07 35 27 | 08
#1637-d116 @A: 02 12 29 16 | 06
#1638-d116 @A: 09 15 14 02 | 07
#1639-d116 @A: 17 03 02 13 | 01
#1640-d116 @A: 04 02 30 11 | 05
#1641-d116 @A: 26 02 09 23 | 09
#1642-d116 @A: 24 27 35 20 | 10
#1643-d116 @A: 25 24 06 35 | 12
#1644-d116 @A: 07 33 24 15 | 11
#1645-d116 @A: 33 24 04 16 | 03
#1646-d116 @A: 09 21 04 24 | 04
#1647-d116 @A: 29 24 12 25 | 02
#1648-d116 @A: 09 12 30 24 | 08
#1649-d116 @A: 30 25 26 24 | 06
#1650-d116 @A: 11 27 24 26 | 07
#1651-d116 @A: 23 12 20 19 | 01
#1652-d116 @A: 25 19 12 14 | 05
#1653-d116 @A: 19 25 29 04 | 09
#1654-d116 @A: 19 06 17 01 | 10
#1655-d116 @A: 08 20 17 04 | 12
#1656-d116 @A: 20 03 07 16 | 11
#1657-d116 @A: 15 16 09 20 | 03
#1658-d116 @A: 20 01 12 14 | 04
#1659-d116 @A: 09 04 01 20 | 02
#1660-d116 @A: 04 22 16 35 | 08
#1661-d116 @A: 29 26 22 35 | 06
#1662-d116 @A: 17 07 08 35 | 07
#1663-d116 @A: 35 21 29 25 | 01
#1664-d116 @A: 14 11 35 01 | 05
#1665-d116 @A: 03 09 13 35 | 09
#1666-d116 @A: 35 01 29 17 | 10
#1667-d116 @A: 35 23 15 27 | 12
#1668-d116 @A: 29 08 22 01 | 11
#1669-d116 @A: 16 09 21 22 | 03
#1670-d116 @A: 29 16 22 33 | 04
#1671-d116 @A: 15 21 03 22 | 02
#1672-d116 @A: 11 29 06 22 | 08
#1673-d116 @A: 16 12 08 21 | 06
#1674-d116 @A: 26 08 16 09 | 07
#1675-d116 @A: 23 33 25 08 | 01
#1676-d116 @A: 14 12 03 08 | 05
#1677-d116 @A: 07 03 13 25 | 09
#1678-d116 @A: 11 07 01 27 | 10
#1679-d116 @A: 01 16 04 14 | 12
#1680-d116 @A: 03 15 16 12 | 11
#1681-d116 @A: 01 27 16 30 | 03
#1682-d116 @A: 21 03 33 26 | 04
#1683-d116 @A: 33 23 21 11 | 02
#1684-d116 @A: 04 03 21 12 | 08
#1685-d116 @A: 03 21 27 17 | 06
#1686-d116 @A: 03 23 21 01 | 07
#1687-d116 @A: 23 21 17 30 | 01
#1688-d116 @A: 33 27 13 04 | 05
#1689-d116 @A: 26 01 33 13 | 09
