#0001-d195 @A: 24 16 26 03 | 11
#0002-d195 @A: 26 28 23 16 | 05
#0003-d195 @A: 21 12 26 30 | 02
#0004-d195 @A: 04 26 05 11 | 03
#0005-d195 @A: 14 26 08 05 | 12
#0006-d195 @A: 33 09 08 26 | 08
#0007-d195 @A: 26 08 07 12 | 09
#0008-d195 @A: 32 31 26 20 | 04
#0009-d195 @A: 07 20 18 26 | 01
#0010-d195 @A: 26 07 24 10 | 07
#0011-d195 @A: 26 07 01 14 | 10
#0012-d195 @A: 06 28 31 26 | 06
#0013-d195 @A: 07 26 31 21 | 11
#0014-d195 @A: 26 27 31 04 | 05
#0015-d195 @A: 33 26 25 21 | 02
#0016-d195 @A: 32 33 26 17 | 03
#0017-d195 @A: 35 26 10 13 | 12
#0018-d195 @A: 26 29 18 19 | 08
#0019-d195 @A: 32 01 25 26 | 09
#0020-d195 @A: 25 26 06 35 | 04
#0021-d195 @A: 35 26 01 23 | 01
#0022-d195 @A: 16 29 23 34 | 07
#0023-d195 @A: 21 16 05 34 | 10
#0024-d195 @A: 05 30 08 34 | 06
#0025-d195 @A: 34 22 11 01 | 11
#0026-d195 @A: 22 12 34 10 | 05
#0027-d195 @A: 21 19 22 34 | 02
#0028-d195 @A: 11 21 34 03 | 03
#0029-d195 @A: 34 12 11 02 | 12
#0030-d195 @A: 17 08 35 34 | 08
#0031-d195 @A: 08 34 09 01 | 09
#0032-d195 @A: 34 23 13 24 | 04
#0033-d195 @A: 32 34 31 21 | 01
#0034-d195 @A: 04 23 31 34 | 07
#0035-d195 @A: 13 34 28 32 | 10
#0036-d195 @A: 35 10 27 34 | 06
#0037-d195 @A: 28 34 07 19 | 11
#0038-d195 @A: 01 23 34 06 | 05
#0039-d195 @A: 02 34 06 32 | 02
#0040-d195 @A: 10 16 14 30 | 03
#0041-d195 @A: 01 22 33 16 | 12
#0042-d195 @A: 31 16 21 35 | 08
#0043-d195 @A: 28 10 05 16 | 09
#0044-d195 @A: 23 15 17 16 | 04
#0045-d195 @A: 35 09 16 05 | 01
#0046-d195 @A: 16 02 04 03 | 07
#0047-d195 @A: 21 19 11 30 | 10
#0048-d195 @A: 30 08 18 04 | 06
#0049-d195 @A: 30 01 12 08 | 11
#0050-d195 @A: 14 35 30 03 | 05
#0051-d195 @A: 13 27 30 33 | 02
#0052-d195 @A: 15 28 30 33 | 03
#0053-d195 @A: 28 30 02 13 | 12
#0054-d195 @A: 25 13 30 23 | 08
#0055-d195 @A: 06 30 19 29 | 09
#0056-d195 @A: 04 27 30 19 | 04
#0057-d195 @A: 23 07 32 30 | 01
#0058-d195 @A: 07 05 06 30 | 07
#0059-d195 @A: 17 23 30 19 | 10
#0060-d195 @A: 01 35 30 17 | 06
#0061-d195 @A: 01 30 19 05 | 11
#0062-d195 @A: 17 11 22 24 | 05
#0063-d195 @A: 11 22 31 07 | 02
#0064-d195 @A: 11 05 22 19 | 03
#0065-d195 @A: 22 20 05 31 | 12
#0066-d195 @A: 03 22 20 06 | 08
#0067-d195 @A: 24 14 22 19 | 09
#0068-d195 @A: 24 10 03 22 | 04
#0069-d195 @A: 22 01 24 28 | 01
#0070-d195 @A: 05 22 33 14 | 07
#0071-d195 @A: 22 31 33 35 | 10
#0072-d195 @A: 29 17 22 10 | 06
#0073-d195 @A: 35 22 32 29 | 11
#0074-d195 @A: 10 28 04 22 | 05
#0075-d195 @A: 17 22 07 21 | 02
#0076-d195 @A: 22 18 04 17 | 03
#0077-d195 @A: 22 03 25 15 | 12
#0078-d195 @A: 27 15 04 22 | 08
#0079-d195 @A: 22 25 04 06 | 09
#0080-d195 @A: 22 17 27 03 | 04
#0081-d195 @A: 01 20 14 11 | 01
#0082-d195 @A: 11 24 05 03 | 07
#0083-d195 @A: 09 02 24 11 | 10
#0084-d195 @A: 21 31 06 11 | 06
#0085-d195 @A: 31 09 11 07 | 11
#0086-d195 @A: 07 33 11 03 | 05
#0087-d195 @A: 05 11 13 07 | 02
#0088-d195 @A: 27 05 02 11 | 03
#0089-d195 @A: 01 11 07 32 | 12
#0090-d195 @A: 23 02 03 11 | 08
#0091-d195 @A: 06 04 02 11 | 09
#0092-d195 @A: 08 14 13 32 | 04
#0093-d195 @A: 08 06 19 33 | 01
#0094-d195 @A: 02 08 21 13 | 07
#0095-d195 @A: 10 08 27 29 | 10
#0096-d195 @A: 09 08 29 06 | 06
#0097-d195 @A: 03 27 32 08 | 11
#0098-d195 @A: 24 13 20 12 | 05
#0099-d195 @A: 20 17 28 14 | 02
#0100-d195 @A: 20 14 18 06 | 03
#0101-d195 @A: 25 20 03 28 | 12
#0102-d195 @A: 27 20 05 15 | 08
#0103-d195 @A: 20 15 04 35 | 09
#0104-d195 @A: 20 07 23 25 | 04
#0105-d195 @A: 24 27 13 18 | 01
#0106-d195 @A: 12 24 29 21 | 07
#0107-d195 @A: 21 15 24 28 | 10
#0108-d195 @A: 24 23 28 18 | 06
#0109-d195 @A: 28 07 24 25 | 11
#0110-d195 @A: 18 01 24 35 | 05
#0111-d195 @A: 23 12 24 25 | 02
#0112-d195 @A: 14 21 10 35 | 03
#0113-d195 @A: 01 14 18 10 | 12
#0114-d195 @A: 03 14 19 15 | 08
#0115-d195 @A: 14 06 12 15 | 09
#0116-d195 @A: 05 14 01 27 | 04
#0117-d195 @A: 19 14 02 04 | 01
#0118-d195 @A: 31 15 12 33 | 07
#0119-d195 @A: 33 23 31 17 | 10
#0120-d195 @A: 31 17 29 21 | 06
#0121-d195 @A: 12 31 27 01 | 11
#0122-d195 @A: 04 03 06 31 | 05
#0123-d195 @A: 33 12 13 09 | 02
#0124-d195 @A: 29 15 33 07 | 03
#0125-d195 @A: 15 33 32 25 | 12
#0126-d195 @A: 15 33 02 05 | 08
#0127-d195 @A: 33 23 25 06 | 09
#0128-d195 @A: 03 01 33 04 | 04
#0129-d195 @A: 05 10 13 12 | 01
#0130-d195 @A: 18 09 13 28 | 07
#0131-d195 @A: 13 25 06 17 | 10
#0132-d195 @A: 13 32 17 23 | 06
#0133-d195 @A: 13 35 04 01 | 11
#0134-d195 @A: 02 25 01 29 | 05
#0135-d195 @A: 10 15 35 02 | 02
#0136-d195 @A: 01 10 27 09 | 03
#0137-d195 @A: 28 09 12 05 | 12
#0138-d195 @A: 32 27 01 21 | 08
#0139-d195 @A: 35 25 09 18 | 09
#0140-d195 @A: 18 17 23 03 | 04
#0141-d195 @A: 12 01 03 18 | 01
#0142-d195 @A: 06 12 18 02 | 07
#0143-d195 @A: 05 25 03 09 | 10
#0144-d195 @A: 02 09 25 01 | 06
#0145-d195 @A: 13 16 31 26 | 11
#0146-d195 @A: 30 20 26 27 | 05
#0147-d195 @A: 26 06 30 14 | 02
#0148-d195 @A: 10 19 26 30 | 03
#0149-d195 @A: 26 22 28 17 | 12
#0150-d195 @A: 19 23 26 22 | 08
#0151-d195 @A: 31 11 23 26 | 09
#0152-d195 @A: 26 21 11 35 | 04
#0153-d195 @A: 19 31 26 03 | 01
#0154-d195 @A: 09 26 01 28 | 07
#0155-d195 @A: 19 15 26 12 | 10
#0156-d195 @A: 03 15 26 02 | 06
#0157-d195 @A: 26 05 12 03 | 11
#0158-d195 @A: 16 24 34 27 | 05
#0159-d195 @A: 16 33 34 12 | 02
#0160-d195 @A: 34 22 30 02 | 03
#0161-d195 @A: 07 24 30 34 | 12
#0162-d195 @A: 23 22 34 08 | 08
#0163-d195 @A: 27 29 22 34 | 09
#0164-d195 @A: 21 09 11 34 | 04
#0165-d195 @A: 20 08 34 01 | 01
#0166-d195 @A: 34 08 33 24 | 07
#0167-d195 @A: 14 08 34 15 | 10
#0168-d195 @A: 27 13 34 08 | 06
#0169-d195 @A: 33 20 09 34 | 11
#0170-d195 @A: 19 10 34 24 | 05
#0171-d195 @A: 18 01 31 34 | 02
#0172-d195 @A: 21 12 34 13 | 03
#0173-d195 @A: 07 34 18 29 | 12
#0174-d195 @A: 34 27 28 02 | 08
#0175-d195 @A: 34 18 32 25 | 09
#0176-d195 @A: 15 34 03 17 | 04
#0177-d195 @A: 09 34 05 17 | 01
#0178-d195 @A: 12 11 30 16 | 07
#0179-d195 @A: 30 16 20 19 | 10
#0180-d195 @A: 22 06 31 16 | 06
#0181-d195 @A: 16 11 21 02 | 11
#0182-d195 @A: 02 24 16 20 | 05
#0183-d195 @A: 24 16 32 14 | 02
#0184-d195 @A: 31 24 15 16 | 03
#0185-d195 @A: 14 16 06 28 | 12
#0186-d195 @A: 14 15 16 21 | 08
#0187-d195 @A: 31 05 29 16 | 09
#0188-d195 @A: 19 31 16 18 | 04
#0189-d195 @A: 16 04 33 15 | 01
#0190-d195 @A: 21 16 25 13 | 07
#0191-d195 @A: 10 17 01 16 | 10
#0192-d195 @A: 35 07 25 16 | 06
#0193-d195 @A: 27 04 16 17 | 11
#0194-d195 @A: 11 02 30 14 | 05
#0195-d195 @A: 11 32 29 30 | 02
#0196-d195 @A: 11 15 03 30 | 03
#0197-d195 @A: 30 25 08 28 | 12
#0198-d195 @A: 20 29 30 03 | 08
#0199-d195 @A: 30 28 31 07 | 09
#0200-d195 @A: 30 31 18 12 | 04
#0201-d195 @A: 33 10 06 30 | 01
#0202-d195 @A: 30 23 28 29 | 07
#0203-d195 @A: 12 29 25 30 | 10
#0204-d195 @A: 01 27 30 15 | 06
#0205-d195 @A: 35 15 30 07 | 11
#0206-d195 @A: 30 02 04 32 | 05
#0207-d195 @A: 01 02 06 30 | 02
#0208-d195 @A: 08 12 28 22 | 03
#0209-d195 @A: 23 20 22 28 | 12
#0210-d195 @A: 02 21 22 24 | 08
#0211-d195 @A: 24 18 22 05 | 09
#0212-d195 @A: 22 01 14 31 | 04
#0213-d195 @A: 07 14 28 22 | 01
#0214-d195 @A: 22 33 18 02 | 07
#0215-d195 @A: 01 21 13 22 | 10
#0216-d195 @A: 23 13 18 22 | 06
#0217-d195 @A: 25 22 29 18 | 11
#0218-d195 @A: 06 29 22 01 | 05
#0219-d195 @A: 22 28 18 19 | 02
#0220-d195 @A: 07 15 05 22 | 03
#0221-d195 @A: 06 15 22 17 | 12
#0222-d195 @A: 01 22 17 25 | 08
#0223-d195 @A: 07 03 23 22 | 09
#0224-d195 @A: 08 12 11 29 | 04
#0225-d195 @A: 20 27 24 11 | 01
#0226-d195 @A: 20 32 11 13 | 07
#0227-d195 @A: 21 15 11 20 | 10
#0228-d195 @A: 11 14 18 04 | 06
#0229-d195 @A: 12 10 18 11 | 11
#0230-d195 @A: 06 11 23 28 | 05
#0231-d195 @A: 19 07 11 25 | 02
#0232-d195 @A: 35 11 25 17 | 03
#0233-d195 @A: 01 11 25 06 | 12
#0234-d195 @A: 27 07 11 06 | 08
#0235-d195 @A: 04 35 03 11 | 09
#0236-d195 @A: 08 10 20 03 | 04
#0237-d195 @A: 08 35 20 21 | 01
#0238-d195 @A: 09 05 08 20 | 07
#0239-d195 @A: 18 08 09 10 | 10
#0240-d195 @A: 32 19 08 04 | 06
#0241-d195 @A: 33 20 23 14 | 11
#0242-d195 @A: 20 14 29 13 | 05
#0243-d195 @A: 31 20 13 06 | 02
#0244-d195 @A: 02 33 13 20 | 03
#0245-d195 @A: 21 20 17 33 | 12
#0246-d195 @A: 29 28 20 06 | 08
#0247-d195 @A: 02 29 20 21 | 09
#0248-d195 @A: 20 12 32 25 | 04
#0249-d195 @A: 20 07 17 19 | 01
#0250-d195 @A: 05 01 07 20 | 07
#0251-d195 @A: 23 02 32 20 | 10
#0252-d195 @A: 20 01 03 32 | 06
#0253-d195 @A: 19 20 04 09 | 11
#0254-d195 @A: 02 05 35 20 | 05
#0255-d195 @A: 24 14 13 03 | 02
#0256-d195 @A: 05 14 28 24 | 03
#0257-d195 @A: 24 04 18 10 | 12
#0258-d195 @A: 19 03 25 24 | 08
#0259-d195 @A: 31 14 23 28 | 09
#0260-d195 @A: 07 10 14 33 | 04
#0261-d195 @A: 14 05 12 32 | 01
#0262-d195 @A: 06 14 19 05 | 07
#0263-d195 @A: 28 31 10 17 | 10
#0264-d195 @A: 07 32 31 27 | 06
#0265-d195 @A: 05 04 19 31 | 11
#0266-d195 @A: 10 18 33 27 | 05
#0267-d195 @A: 25 33 07 12 | 02
#0268-d195 @A: 33 35 25 05 | 03
#0269-d195 @A: 27 12 33 05 | 12
#0270-d195 @A: 33 01 12 17 | 08
#0271-d195 @A: 04 27 13 12 | 09
#0272-d195 @A: 01 13 07 03 | 04
#0273-d195 @A: 19 05 23 13 | 01
#0274-d195 @A: 04 06 13 23 | 07
#0275-d195 @A: 29 10 32 09 | 10
#0276-d195 @A: 28 19 01 29 | 06
#0277-d195 @A: 29 27 18 03 | 11
#0278-d195 @A: 25 29 15 17 | 05
#0279-d195 @A: 17 09 27 29 | 02
#0280-d195 @A: 15 01 04 10 | 03
#0281-d195 @A: 09 10 06 25 | 12
#0282-d195 @A: 23 10 27 05 | 08
#0283-d195 @A: 03 19 10 07 | 09
#0284-d195 @A: 35 01 12 10 | 04
#0285-d195 @A: 28 15 07 04 | 01
#0286-d195 @A: 28 15 19 02 | 07
#0287-d195 @A: 06 28 12 27 | 10
#0288-d195 @A: 02 09 07 28 | 06
#0289-d195 @A: 17 09 21 03 | 11
#0290-d195 @A: 18 32 01 19 | 05
#0291-d195 @A: 02 17 15 09 | 02
#0292-d195 @A: 27 02 03 09 | 03
#0293-d195 @A: 07 35 19 09 | 12
#0294-d195 @A: 12 35 03 09 | 08
#0295-d195 @A: 20 34 26 19 | 09
#0296-d195 @A: 02 26 34 21 | 04
#0297-d195 @A: 30 26 25 16 | 01
#0298-d195 @A: 26 02 16 05 | 07
#0299-d195 @A: 26 04 28 30 | 10
#0300-d195 @A: 22 07 29 26 | 06
#0301-d195 @A: 11 26 29 03 | 11
#0302-d195 @A: 18 06 26 11 | 05
#0303-d195 @A: 20 04 10 26 | 02
#0304-d195 @A: 24 31 05 26 | 03
#0305-d195 @A: 29 24 27 26 | 12
#0306-d195 @A: 09 18 31 26 | 08
#0307-d195 @A: 13 26 02 18 | 09
#0308-d195 @A: 01 12 13 26 | 04
#0309-d195 @A: 28 26 18 27 | 01
#0310-d195 @A: 05 26 19 25 | 07
#0311-d195 @A: 09 27 04 26 | 10
#0312-d195 @A: 07 06 26 04 | 06
#0313-d195 @A: 32 26 03 04 | 11
#0314-d195 @A: 17 34 13 16 | 05
#0315-d195 @A: 34 29 08 03 | 02
#0316-d195 @A: 15 08 34 09 | 03
#0317-d195 @A: 24 34 14 17 | 12
#0318-d195 @A: 34 24 32 09 | 08
#0319-d195 @A: 24 03 34 06 | 09
#0320-d195 @A: 07 35 34 31 | 04
#0321-d195 @A: 34 10 05 33 | 01
#0322-d195 @A: 34 33 18 21 | 07
#0323-d195 @A: 29 19 34 05 | 10
#0324-d195 @A: 07 02 34 15 | 06
#0325-d195 @A: 25 34 17 12 | 11
#0326-d195 @A: 22 16 18 07 | 05
#0327-d195 @A: 16 11 25 29 | 02
#0328-d195 @A: 24 06 16 18 | 03
#0329-d195 @A: 31 27 28 16 | 12
#0330-d195 @A: 01 16 29 18 | 08
#0331-d195 @A: 21 10 16 07 | 09
#0332-d195 @A: 16 25 32 04 | 04
#0333-d195 @A: 16 27 02 19 | 01
#0334-d195 @A: 16 04 19 07 | 07
#0335-d195 @A: 04 20 11 30 | 10
#0336-d195 @A: 30 08 28 09 | 06
#0337-d195 @A: 30 24 17 10 | 11
#0338-d195 @A: 30 24 32 03 | 05
#0339-d195 @A: 14 28 30 19 | 02
#0340-d195 @A: 30 04 29 31 | 03
#0341-d195 @A: 15 30 13 09 | 12
#0342-d195 @A: 10 28 01 30 | 08
#0343-d195 @A: 25 30 17 32 | 09
#0344-d195 @A: 30 27 17 02 | 04
#0345-d195 @A: 08 14 25 22 | 01
#0346-d195 @A: 08 13 07 22 | 07
#0347-d195 @A: 12 22 18 20 | 10
#0348-d195 @A: 15 22 33 24 | 06
#0349-d195 @A: 22 18 21 14 | 11
#0350-d195 @A: 09 22 05 31 | 05
#0351-d195 @A: 18 09 17 22 | 02
#0352-d195 @A: 22 01 15 19 | 03
#0353-d195 @A: 23 35 17 22 | 12
#0354-d195 @A: 23 06 12 22 | 08
#0355-d195 @A: 14 11 08 03 | 09
#0356-d195 @A: 18 17 20 11 | 04
#0357-d195 @A: 28 11 24 31 | 01
#0358-d195 @A: 11 18 24 07 | 07
#0359-d195 @A: 11 14 31 17 | 10
#0360-d195 @A: 25 12 11 31 | 06
#0361-d195 @A: 13 11 03 28 | 11
#0362-d195 @A: 11 27 21 13 | 05
#0363-d195 @A: 11 13 09 04 | 02
#0364-d195 @A: 28 11 29 09 | 03
#0365-d195 @A: 04 12 11 15 | 12
#0366-d195 @A: 27 11 09 06 | 08
#0367-d195 @A: 12 05 11 35 | 09
#0368-d195 @A: 17 15 08 20 | 04
#0369-d195 @A: 08 35 31 24 | 01
#0370-d195 @A: 33 35 08 29 | 07
#0371-d195 @A: 19 08 29 21 | 10
#0372-d195 @A: 08 25 02 35 | 06
#0373-d195 @A: 08 05 07 27 | 11
#0374-d195 @A: 24 20 06 21 | 05
#0375-d195 @A: 33 20 07 31 | 02
#0376-d195 @A: 28 20 31 15 | 03
#0377-d195 @A: 35 13 20 25 | 12
#0378-d195 @A: 20 28 10 12 | 08
#0379-d195 @A: 31 12 24 03 | 09
#0380-d195 @A: 09 33 24 28 | 04
#0381-d195 @A: 24 13 19 29 | 01
#0382-d195 @A: 28 10 02 24 | 07
#0383-d195 @A: 24 19 28 32 | 10
#0384-d195 @A: 15 19 04 24 | 06
#0385-d195 @A: 06 12 24 07 | 11
#0386-d195 @A: 05 24 23 17 | 05
#0387-d195 @A: 32 04 01 24 | 02
#0388-d195 @A: 19 05 24 02 | 03
#0389-d195 @A: 06 01 24 19 | 12
#0390-d195 @A: 14 35 13 33 | 08
#0391-d195 @A: 21 14 04 33 | 09
#0392-d195 @A: 14 29 23 18 | 04
#0393-d195 @A: 14 28 09 19 | 01
#0394-d195 @A: 12 27 21 14 | 07
#0395-d195 @A: 09 23 14 27 | 10
#0396-d195 @A: 13 31 02 29 | 06
#0397-d195 @A: 35 12 31 13 | 11
#0398-d195 @A: 01 15 03 31 | 05
#0399-d195 @A: 25 12 31 09 | 02
#0400-d195 @A: 31 04 32 12 | 03
#0401-d195 @A: 02 32 03 31 | 12
#0402-d195 @A: 27 33 09 21 | 08
#0403-d195 @A: 35 03 27 33 | 09
#0404-d195 @A: 06 32 05 33 | 04
#0405-d195 @A: 13 05 21 29 | 01
#0406-d195 @A: 10 06 13 28 | 07
#0407-d195 @A: 17 35 13 27 | 10
#0408-d195 @A: 13 09 02 06 | 06
#0409-d195 @A: 28 29 15 10 | 11
#0410-d195 @A: 18 29 28 17 | 05
#0411-d195 @A: 03 29 04 21 | 02
#0412-d195 @A: 02 23 29 15 | 03
#0413-d195 @A: 23 25 29 27 | 12
#0414-d195 @A: 29 35 09 02 | 08
#0415-d195 @A: 07 17 10 27 | 09
#0416-d195 @A: 04 07 10 05 | 04
#0417-d195 @A: 17 04 10 02 | 01
#0418-d195 @A: 05 01 10 02 | 07
#0419-d195 @A: 05 06 28 21 | 10
#0420-d195 @A: 32 25 06 28 | 06
#0421-d195 @A: 18 21 17 12 | 11
#0422-d195 @A: 21 06 23 18 | 05
#0423-d195 @A: 02 21 01 15 | 02
#0424-d195 @A: 25 21 05 07 | 03
#0425-d195 @A: 32 21 35 04 | 12
#0426-d195 @A: 09 35 21 32 | 08
#0427-d195 @A: 23 18 25 19 | 09
#0428-d195 @A: 01 23 07 18 | 04
#0429-d195 @A: 34 25 26 09 | 01
#0430-d195 @A: 26 15 16 10 | 07
#0431-d195 @A: 26 32 16 21 | 10
#0432-d195 @A: 26 04 16 18 | 06
#0433-d195 @A: 26 22 30 05 | 11
#0434-d195 @A: 22 13 26 09 | 05
#0435-d195 @A: 11 15 26 33 | 02
#0436-d195 @A: 13 08 06 26 | 03
#0437-d195 @A: 20 26 01 24 | 12
#0438-d195 @A: 15 14 20 26 | 08
#0439-d195 @A: 10 14 26 31 | 09
#0440-d195 @A: 14 07 09 26 | 04
#0441-d195 @A: 26 01 05 15 | 01
#0442-d195 @A: 27 17 23 26 | 07
#0443-d195 @A: 07 20 34 16 | 10
#0444-d195 @A: 34 21 07 08 | 06
#0445-d195 @A: 19 34 08 18 | 11
#0446-d195 @A: 34 12 20 29 | 05
#0447-d195 @A: 34 20 23 18 | 02
#0448-d195 @A: 03 34 18 14 | 03
#0449-d195 @A: 06 07 14 34 | 12
#0450-d195 @A: 02 14 05 34 | 08
#0451-d195 @A: 34 21 10 06 | 09
#0452-d195 @A: 04 12 35 34 | 04
#0453-d195 @A: 27 22 10 16 | 01
#0454-d195 @A: 28 22 03 16 | 07
#0455-d195 @A: 24 08 16 25 | 10
#0456-d195 @A: 18 16 35 20 | 06
#0457-d195 @A: 16 01 06 20 | 11
#0458-d195 @A: 16 15 31 09 | 05
#0459-d195 @A: 03 13 16 29 | 02
#0460-d195 @A: 01 09 23 16 | 03
#0461-d195 @A: 35 22 21 30 | 12
#0462-d195 @A: 29 30 08 17 | 08
#0463-d195 @A: 07 13 20 30 | 09
#0464-d195 @A: 05 30 35 13 | 04
#0465-d195 @A: 10 15 12 30 | 01
#0466-d195 @A: 15 05 17 30 | 07
#0467-d195 @A: 19 07 12 30 | 10
#0468-d195 @A: 11 22 09 33 | 06
#0469-d195 @A: 04 31 08 22 | 11
#0470-d195 @A: 22 33 17 08 | 05
#0471-d195 @A: 18 22 15 08 | 02
#0472-d195 @A: 09 22 32 08 | 03
#0473-d195 @A: 20 29 19 22 | 12
#0474-d195 @A: 04 21 22 20 | 08
#0475-d195 @A: 35 06 22 14 | 09
#0476-d195 @A: 10 19 22 31 | 04
#0477-d195 @A: 09 19 22 21 | 01
#0478-d195 @A: 22 15 12 35 | 07
#0479-d195 @A: 22 07 27 02 | 10
#0480-d195 @A: 19 17 22 02 | 06
#0481-d195 @A: 19 04 22 03 | 11
#0482-d195 @A: 01 04 22 05 | 05
#0483-d195 @A: 11 24 08 09 | 02
#0484-d195 @A: 21 24 11 04 | 03
#0485-d195 @A: 29 17 11 13 | 12
#0486-d195 @A: 21 07 11 29 | 08
#0487-d195 @A: 25 10 11 04 | 09
#0488-d195 @A: 17 06 12 11 | 04
#0489-d195 @A: 21 27 08 24 | 01
#0490-d195 @A: 02 24 08 04 | 07
#0491-d195 @A: 33 05 21 08 | 10
#0492-d195 @A: 18 10 08 35 | 06
#0493-d195 @A: 08 01 17 28 | 11
#0494-d195 @A: 06 15 32 08 | 05
#0495-d195 @A: 25 05 23 08 | 02
#0496-d195 @A: 20 24 17 25 | 03
#0497-d195 @A: 20 03 05 14 | 12
#0498-d195 @A: 10 27 06 20 | 08
#0499-d195 @A: 28 18 01 20 | 09
#0500-d195 @A: 20 18 02 19 | 04
#0501-d195 @A: 23 27 20 35 | 01
#0502-d195 @A: 21 24 07 14 | 07
#0503-d195 @A: 25 21 10 24 | 10
#0504-d195 @A: 35 21 24 23 | 06
#0505-d195 @A: 27 24 15 02 | 11
#0506-d195 @A: 23 15 24 01 | 05
#0507-d195 @A: 03 24 27 01 | 02
#0508-d195 @A: 23 02 24 07 | 03
#0509-d195 @A: 15 04 14 31 | 12
#0510-d195 @A: 18 17 13 14 | 08
#0511-d195 @A: 21 32 29 14 | 09
#0512-d195 @A: 18 14 12 19 | 04
#0513-d195 @A: 32 14 02 15 | 01
#0514-d195 @A: 17 05 25 14 | 07
#0515-d195 @A: 14 12 01 25 | 10
#0516-d195 @A: 25 33 31 13 | 06
#0517-d195 @A: 28 01 13 31 | 11
#0518-d195 @A: 32 13 31 09 | 05
#0519-d195 @A: 31 28 18 03 | 02
#0520-d195 @A: 23 31 06 15 | 03
#0521-d195 @A: 27 06 35 31 | 12
#0522-d195 @A: 07 01 31 19 | 08
#0523-d195 @A: 31 12 05 17 | 09
#0524-d195 @A: 10 33 28 35 | 04
#0525-d195 @A: 04 19 25 33 | 01
#0526-d195 @A: 01 19 33 02 | 07
#0527-d195 @A: 09 06 33 04 | 10
#0528-d195 @A: 13 25 10 09 | 06
#0529-d195 @A: 13 15 25 04 | 11
#0530-d195 @A: 15 02 17 13 | 05
#0531-d195 @A: 06 19 32 13 | 02
#0532-d195 @A: 05 32 04 13 | 03
#0533-d195 @A: 03 02 29 10 | 12
#0534-d195 @A: 17 05 29 27 | 08
#0535-d195 @A: 09 23 04 29 | 09
#0536-d195 @A: 19 03 12 29 | 04
#0537-d195 @A: 29 05 04 06 | 01
#0538-d195 @A: 01 25 03 10 | 07
#0539-d195 @A: 10 06 01 07 | 10
#0540-d195 @A: 32 17 35 10 | 06
#0541-d195 @A: 23 02 10 06 | 11
#0542-d195 @A: 28 32 07 03 | 05
#0543-d195 @A: 17 28 12 23 | 02
#0544-d195 @A: 15 21 23 04 | 03
#0545-d195 @A: 27 06 04 21 | 12
#0546-d195 @A: 32 17 06 21 | 08
#0547-d195 @A: 18 06 07 35 | 09
#0548-d195 @A: 18 32 06 03 | 04
#0549-d195 @A: 25 09 32 04 | 01
#0550-d195 @A: 17 09 19 32 | 07
#0551-d195 @A: 09 17 04 01 | 10
#0552-d195 @A: 06 34 16 26 | 06
#0553-d195 @A: 19 01 26 16 | 11
#0554-d195 @A: 01 31 26 30 | 05
#0555-d195 @A: 22 26 11 32 | 02
#0556-d195 @A: 20 17 26 13 | 03
#0557-d195 @A: 26 20 21 05 | 12
#0558-d195 @A: 25 26 24 13 | 08
#0559-d195 @A: 15 35 24 26 | 09
#0560-d195 @A: 32 13 29 26 | 04
#0561-d195 @A: 26 25 10 28 | 01
#0562-d195 @A: 02 32 28 26 | 07
#0563-d195 @A: 26 15 27 07 | 10
#0564-d195 @A: 03 26 25 17 | 06
#0565-d195 @A: 26 17 07 05 | 11
#0566-d195 @A: 06 23 26 05 | 05
#0567-d195 @A: 34 14 19 16 | 02
#0568-d195 @A: 28 34 20 30 | 03
#0569-d195 @A: 18 34 22 35 | 12
#0570-d195 @A: 17 05 34 20 | 08
#0571-d195 @A: 34 14 03 09 | 09
#0572-d195 @A: 10 34 07 13 | 04
#0573-d195 @A: 10 34 04 29 | 01
#0574-d195 @A: 25 02 34 19 | 07
#0575-d195 @A: 34 05 07 03 | 10
#0576-d195 @A: 01 34 05 35 | 06
#0577-d195 @A: 02 01 03 34 | 11
#0578-d195 @A: 11 22 16 04 | 05
#0579-d195 @A: 16 22 32 19 | 02
#0580-d195 @A: 08 16 32 29 | 03
#0581-d195 @A: 19 10 08 16 | 12
#0582-d195 @A: 20 31 16 04 | 08
#0583-d195 @A: 33 24 05 16 | 09
#0584-d195 @A: 16 07 13 24 | 04
#0585-d195 @A: 16 29 15 19 | 01
#0586-d195 @A: 17 16 35 29 | 07
#0587-d195 @A: 16 17 12 19 | 10
#0588-d195 @A: 19 16 09 06 | 06
#0589-d195 @A: 05 12 01 16 | 11
#0590-d195 @A: 30 12 22 24 | 05
#0591-d195 @A: 20 30 08 24 | 02
#0592-d195 @A: 21 30 15 08 | 03
#0593-d195 @A: 30 14 04 05 | 12
#0594-d195 @A: 05 31 10 30 | 08
#0595-d195 @A: 30 18 13 15 | 09
#0596-d195 @A: 30 13 01 32 | 04
#0597-d195 @A: 10 23 30 21 | 01
#0598-d195 @A: 10 04 30 35 | 07
#0599-d195 @A: 30 06 15 04 | 10
#0600-d195 @A: 07 25 01 30 | 06
#0601-d195 @A: 07 30 09 25 | 11
#0602-d195 @A: 11 12 13 22 | 05
#0603-d195 @A: 04 22 13 29 | 02
#0604-d195 @A: 27 05 22 13 | 03
#0605-d195 @A: 10 05 22 21 | 12
#0606-d195 @A: 10 01 23 22 | 08
#0607-d195 @A: 04 22 12 07 | 09
#0608-d195 @A: 33 11 05 20 | 04
#0609-d195 @A: 11 01 29 24 | 01
#0610-d195 @A: 14 29 19 11 | 07
#0611-d195 @A: 11 35 28 14 | 10
#0612-d195 @A: 11 04 13 31 | 06
#0613-d195 @A: 11 27 29 31 | 11
#0614-d195 @A: 11 10 31 03 | 05
#0615-d195 @A: 11 06 29 33 | 02
#0616-d195 @A: 11 25 13 18 | 03
#0617-d195 @A: 19 10 28 11 | 12
#0618-d195 @A: 35 09 11 15 | 08
#0619-d195 @A: 23 11 17 07 | 09
#0620-d195 @A: 05 11 32 09 | 04
#0621-d195 @A: 11 12 19 01 | 01
#0622-d195 @A: 11 19 06 03 | 07
#0623-d195 @A: 09 01 11 12 | 10
#0624-d195 @A: 06 21 14 08 | 06
#0625-d195 @A: 02 27 08 31 | 11
#0626-d195 @A: 29 13 15 08 | 05
#0627-d195 @A: 08 28 02 29 | 02
#0628-d195 @A: 05 08 28 18 | 03
#0629-d195 @A: 09 08 21 12 | 12
#0630-d195 @A: 01 23 27 08 | 08
#0631-d195 @A: 08 09 23 07 | 09
#0632-d195 @A: 02 32 07 08 | 04
#0633-d195 @A: 15 18 10 20 | 01
#0634-d195 @A: 10 20 23 17 | 07
#0635-d195 @A: 20 06 15 02 | 10
#0636-d195 @A: 04 25 20 01 | 06
#0637-d195 @A: 20 35 17 06 | 11
#0638-d195 @A: 20 06 09 23 | 05
#0639-d195 @A: 19 05 20 32 | 02
#0640-d195 @A: 04 06 20 32 | 03
#0641-d195 @A: 31 24 06 10 | 12
#0642-d195 @A: 24 21 03 33 | 08
#0643-d195 @A: 07 24 32 33 | 09
#0644-d195 @A: 07 24 03 15 | 04
#0645-d195 @A: 27 09 24 25 | 01
#0646-d195 @A: 24 23 19 27 | 07
#0647-d195 @A: 04 27 05 24 | 10
#0648-d195 @A: 23 03 24 04 | 06
#0649-d195 @A: 01 02 24 12 | 11
#0650-d195 @A: 23 14 02 13 | 05
#0651-d195 @A: 14 35 29 05 | 02
#0652-d195 @A: 21 14 01 28 | 03
#0653-d195 @A: 14 04 07 17 | 12
#0654-d195 @A: 14 07 35 19 | 08
#0655-d195 @A: 12 14 03 04 | 09
#0656-d195 @A: 33 02 31 10 | 04
#0657-d195 @A: 02 33 09 31 | 01
#0658-d195 @A: 23 31 13 27 | 07
#0659-d195 @A: 27 31 15 19 | 10
#0660-d195 @A: 31 09 17 23 | 06
#0661-d195 @A: 23 31 35 05 | 11
#0662-d195 @A: 09 31 06 03 | 05
#0663-d195 @A: 06 13 33 18 | 02
#0664-d195 @A: 33 17 09 25 | 03
#0665-d195 @A: 02 03 33 25 | 12
#0666-d195 @A: 35 17 33 07 | 08
#0667-d195 @A: 33 07 19 05 | 09
#0668-d195 @A: 23 35 09 33 | 04
#0669-d195 @A: 13 21 28 35 | 01
#0670-d195 @A: 06 13 07 15 | 07
#0671-d195 @A: 13 25 32 27 | 10
#0672-d195 @A: 01 03 09 13 | 06
#0673-d195 @A: 28 25 29 21 | 11
#0674-d195 @A: 15 29 32 04 | 05
#0675-d195 @A: 29 01 35 27 | 02
#0676-d195 @A: 35 04 29 23 | 03
#0677-d195 @A: 10 09 17 12 | 12
#0678-d195 @A: 05 03 32 10 | 08
#0679-d195 @A: 28 23 05 15 | 09
#0680-d195 @A: 04 28 25 17 | 04
#0681-d195 @A: 23 28 02 04 | 01
#0682-d195 @A: 06 28 02 03 | 07
#0683-d195 @A: 18 32 05 21 | 10
#0684-d195 @A: 21 25 15 09 | 06
#0685-d195 @A: 02 27 21 23 | 11
#0686-d195 @A: 35 02 21 17 | 05
#0687-d195 @A: 21 35 19 06 | 02
#0688-d195 @A: 21 01 06 12 | 03
#0689-d195 @A: 18 04 01 06 | 12
#0690-d195 @A: 07 15 09 01 | 08
#0691-d195 @A: 15 23 09 03 | 09
#0692-d195 @A: 09 12 19 23 | 04
#0693-d195 @A: 08 26 10 22 | 01
#0694-d195 @A: 20 22 02 26 | 07
#0695-d195 @A: 12 26 11 20 | 10
#0696-d195 @A: 08 33 26 01 | 06
#0697-d195 @A: 26 27 13 14 | 11
#0698-d195 @A: 04 33 29 26 | 05
#0699-d195 @A: 26 33 10 03 | 02
#0700-d195 @A: 29 05 28 26 | 03
#0701-d195 @A: 26 09 15 29 | 12
#0702-d195 @A: 21 19 28 26 | 08
#0703-d195 @A: 07 09 26 12 | 09
#0704-d195 @A: 01 26 17 06 | 04
#0705-d195 @A: 19 04 26 35 | 01
#0706-d195 @A: 06 05 26 09 | 07
#0707-d195 @A: 32 16 34 10 | 10
#0708-d195 @A: 09 23 30 34 | 06
#0709-d195 @A: 35 19 30 34 | 11
#0710-d195 @A: 34 22 20 15 | 05
#0711-d195 @A: 34 31 22 17 | 02
#0712-d195 @A: 34 23 11 33 | 03
#0713-d195 @A: 24 34 31 25 | 12
#0714-d195 @A: 05 24 12 34 | 08
#0715-d195 @A: 12 31 14 34 | 09
#0716-d195 @A: 04 02 33 34 | 04
#0717-d195 @A: 34 25 13 29 | 01
#0718-d195 @A: 13 34 19 09 | 07
#0719-d195 @A: 28 34 10 23 | 10
#0720-d195 @A: 34 04 18 09 | 06
#0721-d195 @A: 34 15 01 32 | 11
#0722-d195 @A: 27 34 23 03 | 05
#0723-d195 @A: 17 34 04 06 | 02
#0724-d195 @A: 24 30 16 01 | 03
#0725-d195 @A: 30 13 04 16 | 12
#0726-d195 @A: 23 22 24 16 | 08
#0727-d195 @A: 35 16 14 08 | 09
#0728-d195 @A: 16 20 29 10 | 04
#0729-d195 @A: 24 16 04 29 | 01
#0730-d195 @A: 16 27 14 29 | 07
#0731-d195 @A: 31 12 16 10 | 10
#0732-d195 @A: 16 25 31 17 | 06
#0733-d195 @A: 18 33 16 23 | 11
#0734-d195 @A: 10 13 02 16 | 05
#0735-d195 @A: 06 16 21 29 | 02
#0736-d195 @A: 09 18 29 16 | 03
#0737-d195 @A: 21 27 16 03 | 12
#0738-d195 @A: 27 15 35 16 | 08
#0739-d195 @A: 15 31 30 22 | 09
#0740-d195 @A: 22 30 13 17 | 04
#0741-d195 @A: 30 28 22 06 | 01
#0742-d195 @A: 31 35 11 30 | 07
#0743-d195 @A: 11 05 28 30 | 10
#0744-d195 @A: 20 18 30 05 | 06
#0745-d195 @A: 30 20 06 25 | 11
#0746-d195 @A: 14 30 15 24 | 05
#0747-d195 @A: 24 19 18 30 | 02
#0748-d195 @A: 27 21 29 30 | 03
#0749-d195 @A: 30 02 15 25 | 12
#0750-d195 @A: 32 15 30 19 | 08
#0751-d195 @A: 12 06 30 35 | 09
#0752-d195 @A: 05 30 02 09 | 04
#0753-d195 @A: 15 23 14 22 | 01
#0754-d195 @A: 07 25 22 32 | 07
#0755-d195 @A: 01 22 12 32 | 10
#0756-d195 @A: 09 22 01 35 | 06
#0757-d195 @A: 08 17 11 21 | 11
#0758-d195 @A: 01 11 08 04 | 05
#0759-d195 @A: 11 04 27 33 | 02
#0760-d195 @A: 21 18 28 11 | 03
#0761-d195 @A: 11 32 23 21 | 12
#0762-d195 @A: 18 11 23 09 | 08
#0763-d195 @A: 06 07 08 20 | 09
#0764-d195 @A: 08 13 05 24 | 04
#0765-d195 @A: 14 08 04 29 | 01
#0766-d195 @A: 13 08 31 17 | 07
#0767-d195 @A: 03 33 08 13 | 10
#0768-d195 @A: 23 33 10 08 | 06
#0769-d195 @A: 08 13 04 28 | 11
#0770-d195 @A: 13 08 18 01 | 05
#0771-d195 @A: 29 18 08 06 | 02
#0772-d195 @A: 08 29 01 07 | 03
#0773-d195 @A: 32 23 08 18 | 12
#0774-d195 @A: 08 15 04 03 | 08
#0775-d195 @A: 23 02 19 08 | 09
#0776-d195 @A: 04 12 08 05 | 04
#0777-d195 @A: 04 20 24 28 | 01
#0778-d195 @A: 14 32 07 20 | 07
#0779-d195 @A: 03 18 20 09 | 10
#0780-d195 @A: 12 20 17 27 | 06
#0781-d195 @A: 20 17 02 01 | 11
#0782-d195 @A: 19 01 35 20 | 05
#0783-d195 @A: 03 35 20 12 | 02
#0784-d195 @A: 10 14 27 24 | 03
#0785-d195 @A: 18 32 24 29 | 12
#0786-d195 @A: 09 24 12 18 | 08
#0787-d195 @A: 25 24 06 15 | 09
#0788-d195 @A: 12 27 32 24 | 04
#0789-d195 @A: 17 35 24 04 | 01
#0790-d195 @A: 09 14 33 10 | 07
#0791-d195 @A: 07 03 27 14 | 10
#0792-d195 @A: 27 04 14 23 | 06
#0793-d195 @A: 07 23 05 14 | 11
#0794-d195 @A: 12 04 14 09 | 05
#0795-d195 @A: 13 18 07 31 | 02
#0796-d195 @A: 35 04 28 31 | 03
#0797-d195 @A: 01 05 31 21 | 12
#0798-d195 @A: 25 31 04 02 | 08
#0799-d195 @A: 03 27 31 05 | 09
#0800-d195 @A: 12 23 07 31 | 04
#0801-d195 @A: 31 35 17 03 | 01
#0802-d195 @A: 31 06 17 02 | 07
#0803-d195 @A: 23 31 01 02 | 10
#0804-d195 @A: 31 35 19 02 | 06
#0805-d195 @A: 29 23 33 21 | 11
#0806-d195 @A: 32 09 18 33 | 05
#0807-d195 @A: 27 17 25 33 | 02
#0808-d195 @A: 07 33 23 04 | 03
#0809-d195 @A: 33 02 12 35 | 12
#0810-d195 @A: 03 12 13 25 | 08
#0811-d195 @A: 19 17 13 03 | 09
#0812-d195 @A: 05 25 10 29 | 04
#0813-d195 @A: 04 29 17 19 | 01
#0814-d195 @A: 29 12 32 23 | 07
#0815-d195 @A: 23 15 03 10 | 10
#0816-d195 @A: 04 10 12 19 | 06
#0817-d195 @A: 28 35 25 15 | 11
#0818-d195 @A: 32 28 15 17 | 05
#0819-d195 @A: 28 27 05 25 | 02
#0820-d195 @A: 27 05 21 35 | 03
#0821-d195 @A: 21 03 07 06 | 12
#0822-d195 @A: 01 17 21 19 | 08
#0823-d195 @A: 21 03 05 17 | 09
#0824-d195 @A: 19 03 21 32 | 04
#0825-d195 @A: 15 18 19 07 | 01
#0826-d195 @A: 05 18 15 09 | 07
#0827-d195 @A: 25 18 06 27 | 10
#0828-d195 @A: 06 07 09 18 | 06
#0829-d195 @A: 02 12 15 09 | 11
#0830-d195 @A: 07 05 27 09 | 05
#0831-d195 @A: 26 13 03 30 | 02
#0832-d195 @A: 08 28 26 11 | 03
#0833-d195 @A: 11 25 26 14 | 12
#0834-d195 @A: 08 15 31 26 | 08
#0835-d195 @A: 26 20 23 03 | 09
#0836-d195 @A: 24 14 26 23 | 04
#0837-d195 @A: 24 33 26 28 | 01
#0838-d195 @A: 26 21 24 18 | 07
#0839-d195 @A: 31 29 35 26 | 10
#0840-d195 @A: 31 12 02 26 | 06
#0841-d195 @A: 33 13 26 05 | 11
#0842-d195 @A: 25 18 26 15 | 05
#0843-d195 @A: 26 07 25 02 | 02
#0844-d195 @A: 26 04 23 25 | 03
#0845-d195 @A: 06 32 26 12 | 12
#0846-d195 @A: 15 30 16 34 | 08
#0847-d195 @A: 34 18 16 02 | 09
#0848-d195 @A: 34 09 16 12 | 04
#0849-d195 @A: 34 30 18 06 | 01
#0850-d195 @A: 30 12 23 34 | 07
#0851-d195 @A: 28 05 34 22 | 10
#0852-d195 @A: 34 11 08 32 | 06
#0853-d195 @A: 05 31 11 34 | 11
#0854-d195 @A: 12 34 08 06 | 05
#0855-d195 @A: 35 20 34 33 | 02
#0856-d195 @A: 29 28 34 14 | 03
#0857-d195 @A: 15 33 13 34 | 12
#0858-d195 @A: 34 33 03 19 | 08
#0859-d195 @A: 18 10 34 17 | 09
#0860-d195 @A: 07 25 27 34 | 04
#0861-d195 @A: 04 27 34 32 | 01
#0862-d195 @A: 14 30 16 09 | 07
#0863-d195 @A: 16 17 22 20 | 10
#0864-d195 @A: 03 20 11 16 | 06
#0865-d195 @A: 16 13 12 08 | 11
#0866-d195 @A: 06 08 02 16 | 05
#0867-d195 @A: 16 20 14 12 | 02
#0868-d195 @A: 12 28 24 16 | 03
#0869-d195 @A: 16 13 18 32 | 12
#0870-d195 @A: 07 28 16 29 | 08
#0871-d195 @A: 28 16 04 21 | 09
#0872-d195 @A: 25 18 28 16 | 04
#0873-d195 @A: 19 25 16 06 | 01
#0874-d195 @A: 07 16 32 09 | 07
#0875-d195 @A: 32 03 17 16 | 10
#0876-d195 @A: 10 22 30 09 | 06
#0877-d195 @A: 22 18 30 32 | 11
#0878-d195 @A: 30 06 11 24 | 05
#0879-d195 @A: 30 10 11 27 | 02
#0880-d195 @A: 01 30 11 18 | 03
#0881-d195 @A: 35 30 32 20 | 12
#0882-d195 @A: 30 24 13 31 | 08
#0883-d195 @A: 35 24 29 30 | 09
#0884-d195 @A: 24 21 30 05 | 04
#0885-d195 @A: 25 24 04 30 | 01
#0886-d195 @A: 33 30 05 29 | 07
#0887-d195 @A: 30 10 18 25 | 10
#0888-d195 @A: 30 06 27 23 | 06
#0889-d195 @A: 30 17 06 03 | 11
#0890-d195 @A: 11 22 20 35 | 05
#0891-d195 @A: 33 11 22 10 | 02
#0892-d195 @A: 28 11 22 15 | 03
#0893-d195 @A: 22 24 08 29 | 12
#0894-d195 @A: 14 02 10 22 | 08
#0895-d195 @A: 17 12 22 14 | 09
#0896-d195 @A: 33 22 29 28 | 04
#0897-d195 @A: 03 32 22 33 | 01
#0898-d195 @A: 22 25 28 13 | 07
#0899-d195 @A: 32 02 13 22 | 10
#0900-d195 @A: 10 15 32 22 | 06
#0901-d195 @A: 27 28 22 35 | 11
#0902-d195 @A: 25 09 22 19 | 05
#0903-d195 @A: 27 22 19 12 | 02
#0904-d195 @A: 22 05 17 32 | 03
#0905-d195 @A: 28 11 20 02 | 12
#0906-d195 @A: 11 33 32 14 | 08
#0907-d195 @A: 11 21 05 14 | 09
#0908-d195 @A: 11 12 33 21 | 04
#0909-d195 @A: 28 29 04 11 | 01
#0910-d195 @A: 01 11 17 03 | 07
#0911-d195 @A: 11 32 19 02 | 10
#0912-d195 @A: 20 08 33 04 | 06
#0913-d195 @A: 24 08 18 12 | 11
#0914-d195 @A: 07 10 08 28 | 05
#0915-d195 @A: 23 21 08 28 | 02
#0916-d195 @A: 21 25 08 32 | 03
#0917-d195 @A: 07 08 23 15 | 12
#0918-d195 @A: 08 17 04 23 | 08
#0919-d195 @A: 08 02 09 19 | 09
#0920-d195 @A: 06 05 08 01 | 04
#0921-d195 @A: 19 20 33 24 | 01
#0922-d195 @A: 10 24 05 20 | 07
#0923-d195 @A: 20 14 27 31 | 10
#0924-d195 @A: 01 29 31 20 | 06
#0925-d195 @A: 33 29 27 20 | 11
#0926-d195 @A: 20 10 33 01 | 05
#0927-d195 @A: 20 29 18 04 | 02
#0928-d195 @A: 20 17 29 32 | 03
#0929-d195 @A: 07 04 27 20 | 12
#0930-d195 @A: 20 03 02 07 | 08
#0931-d195 @A: 32 09 20 02 | 09
#0932-d195 @A: 24 12 17 15 | 04
#0933-d195 @A: 24 07 35 27 | 01
#0934-d195 @A: 19 12 24 35 | 07
#0935-d195 @A: 12 10 29 14 | 10
#0936-d195 @A: 18 09 14 02 | 06
#0937-d195 @A: 25 27 14 15 | 11
#0938-d195 @A: 15 17 14 35 | 05
#0939-d195 @A: 17 09 14 35 | 02
#0940-d195 @A: 32 23 03 14 | 03
#0941-d195 @A: 06 14 03 01 | 12
#0942-d195 @A: 04 18 31 33 | 08
#0943-d195 @A: 28 31 25 19 | 09
#0944-d195 @A: 33 13 01 29 | 04
#0945-d195 @A: 29 18 33 12 | 01
#0946-d195 @A: 10 32 33 04 | 07
#0947-d195 @A: 12 04 33 28 | 10
#0948-d195 @A: 23 05 33 03 | 06
#0949-d195 @A: 29 13 23 07 | 11
#0950-d195 @A: 13 03 21 10 | 05
#0951-d195 @A: 18 12 28 13 | 02
#0952-d195 @A: 13 17 21 04 | 03
#0953-d195 @A: 01 25 19 13 | 12
#0954-d195 @A: 13 02 27 03 | 08
#0955-d195 @A: 32 07 13 35 | 09
#0956-d195 @A: 03 29 15 35 | 04
#0957-d195 @A: 05 15 29 12 | 01
#0958-d195 @A: 29 12 27 07 | 07
#0959-d195 @A: 27 19 29 32 | 10
#0960-d195 @A: 04 27 29 02 | 06
#0961-d195 @A: 07 17 03 29 | 11
#0962-d195 @A: 03 06 23 29 | 05
#0963-d195 @A: 05 29 02 32 | 02
#0964-d195 @A: 02 29 06 35 | 03
#0965-d195 @A: 18 32 10 28 | 12
#0966-d195 @A: 07 18 10 02 | 08
#0967-d195 @A: 15 07 10 25 | 09
#0968-d195 @A: 15 19 06 10 | 04
#0969-d195 @A: 27 02 12 10 | 01
#0970-d195 @A: 35 07 10 23 | 07
#0971-d195 @A: 06 17 05 10 | 10
#0972-d195 @A: 25 01 23 28 | 06
#0973-d195 @A: 27 04 28 01 | 11
#0974-d195 @A: 35 28 19 17 | 05
#0975-d195 @A: 04 06 28 19 | 02
#0976-d195 @A: 03 04 05 28 | 03
#0977-d195 @A: 15 17 21 27 | 12
#0978-d195 @A: 15 21 12 03 | 08
#0979-d195 @A: 18 02 27 01 | 09
#0980-d195 @A: 18 05 12 07 | 04
#0981-d195 @A: 04 18 23 12 | 01
#0982-d195 @A: 03 18 19 35 | 07
#0983-d195 @A: 34 32 30 26 | 10
#0984-d195 @A: 34 26 11 24 | 06
#0985-d195 @A: 34 26 23 07 | 11
#0986-d195 @A: 22 26 35 16 | 05
#0987-d195 @A: 14 16 17 26 | 02
#0988-d195 @A: 26 16 33 27 | 03
#0989-d195 @A: 30 33 26 07 | 12
#0990-d195 @A: 26 25 31 22 | 08
#0991-d195 @A: 13 15 22 26 | 09
#0992-d195 @A: 09 26 20 17 | 04
#0993-d195 @A: 19 33 26 14 | 01
#0994-d195 @A: 26 10 06 29 | 07
#0995-d195 @A: 10 05 18 26 | 10
#0996-d195 @A: 26 23 12 10 | 06
#0997-d195 @A: 26 06 27 03 | 11
#0998-d195 @A: 32 26 09 23 | 05
#0999-d195 @A: 25 34 14 30 | 02
#1000-d195 @A: 31 30 27 34 | 03
#1001-d195 @A: 30 34 03 10 | 12
#1002-d195 @A: 06 34 13 22 | 08
#1003-d195 @A: 11 29 34 15 | 09
#1004-d195 @A: 34 28 31 08 | 04
#1005-d195 @A: 15 18 24 34 | 01
#1006-d195 @A: 34 33 27 14 | 07
#1007-d195 @A: 34 06 29 31 | 10
#1008-d195 @A: 15 31 10 34 | 06
#1009-d195 @A: 09 27 34 31 | 11
#1010-d195 @A: 28 34 33 06 | 05
#1011-d195 @A: 34 02 10 09 | 02
#1012-d195 @A: 05 34 06 25 | 03
#1013-d195 @A: 04 34 25 03 | 12
#1014-d195 @A: 27 17 34 01 | 08
#1015-d195 @A: 23 17 34 02 | 09
#1016-d195 @A: 16 29 30 22 | 04
#1017-d195 @A: 11 09 20 16 | 01
#1018-d195 @A: 14 16 23 11 | 07
#1019-d195 @A: 32 28 11 16 | 10
#1020-d195 @A: 17 05 11 16 | 06
#1021-d195 @A: 16 08 33 07 | 11
#1022-d195 @A: 20 32 15 16 | 05
#1023-d195 @A: 25 05 20 16 | 02
#1024-d195 @A: 17 33 16 06 | 03
#1025-d195 @A: 06 13 16 35 | 12
#1026-d195 @A: 27 25 16 01 | 08
#1027-d195 @A: 16 02 07 17 | 09
#1028-d195 @A: 07 06 23 16 | 04
#1029-d195 @A: 19 16 35 23 | 01
#1030-d195 @A: 35 16 03 01 | 07
#1031-d195 @A: 27 08 22 30 | 10
#1032-d195 @A: 22 04 33 30 | 06
#1033-d195 @A: 22 07 10 30 | 11
#1034-d195 @A: 08 30 02 33 | 05
#1035-d195 @A: 13 30 08 19 | 02
#1036-d195 @A: 30 10 32 08 | 03
#1037-d195 @A: 30 20 31 17 | 12
#1038-d195 @A: 20 30 09 31 | 08
#1039-d195 @A: 01 20 21 30 | 09
#1040-d195 @A: 14 12 13 30 | 04
#1041-d195 @A: 30 14 21 17 | 01
#1042-d195 @A: 03 30 31 23 | 07
#1043-d195 @A: 32 28 30 12 | 10
#1044-d195 @A: 09 06 30 21 | 06
#1045-d195 @A: 01 23 04 30 | 11
#1046-d195 @A: 12 30 02 05 | 05
#1047-d195 @A: 07 22 20 24 | 02
#1048-d195 @A: 10 22 13 20 | 03
#1049-d195 @A: 25 24 22 27 | 12
#1050-d195 @A: 31 13 03 22 | 08
#1051-d195 @A: 29 12 22 31 | 09
#1052-d195 @A: 21 22 31 23 | 04
#1053-d195 @A: 05 22 29 23 | 01
#1054-d195 @A: 32 28 21 22 | 07
#1055-d195 @A: 23 22 02 25 | 10
#1056-d195 @A: 22 12 25 05 | 06
#1057-d195 @A: 01 22 35 07 | 11
#1058-d195 @A: 03 12 02 22 | 05
#1059-d195 @A: 11 33 31 08 | 02
#1060-d195 @A: 11 24 12 14 | 03
#1061-d195 @A: 31 11 02 15 | 12
#1062-d195 @A: 10 11 13 23 | 08
#1063-d195 @A: 05 29 11 18 | 09
#1064-d195 @A: 27 15 32 11 | 04
#1065-d195 @A: 03 25 11 27 | 01
#1066-d195 @A: 02 11 35 07 | 07
#1067-d195 @A: 04 23 19 11 | 10
#1068-d195 @A: 24 08 06 28 | 06
#1069-d195 @A: 08 19 07 24 | 11
#1070-d195 @A: 17 31 08 09 | 05
#1071-d195 @A: 32 08 05 31 | 02
#1072-d195 @A: 12 17 32 08 | 03
#1073-d195 @A: 06 35 08 23 | 12
#1074-d195 @A: 23 03 08 12 | 08
#1075-d195 @A: 08 01 03 19 | 09
#1076-d195 @A: 13 09 20 21 | 04
#1077-d195 @A: 20 01 15 13 | 01
#1078-d195 @A: 09 29 20 03 | 07
#1079-d195 @A: 21 32 20 10 | 10
#1080-d195 @A: 35 09 20 10 | 06
#1081-d195 @A: 04 03 17 20 | 11
#1082-d195 @A: 23 06 19 20 | 05
#1083-d195 @A: 23 20 12 01 | 02
#1084-d195 @A: 14 29 31 24 | 03
#1085-d195 @A: 24 31 17 27 | 12
#1086-d195 @A: 24 18 17 33 | 08
#1087-d195 @A: 06 24 13 02 | 09
#1088-d195 @A: 28 03 24 29 | 04
#1089-d195 @A: 06 17 29 24 | 01
#1090-d195 @A: 14 31 21 02 | 07
#1091-d195 @A: 25 32 14 19 | 10
#1092-d195 @A: 04 25 14 35 | 06
#1093-d195 @A: 14 32 17 01 | 11
#1094-d195 @A: 02 14 01 35 | 05
#1095-d195 @A: 09 06 14 01 | 02
#1096-d195 @A: 29 03 31 33 | 03
#1097-d195 @A: 28 29 32 31 | 12
#1098-d195 @A: 29 31 19 09 | 08
#1099-d195 @A: 31 15 35 32 | 09
#1100-d195 @A: 25 31 01 35 | 04
#1101-d195 @A: 31 19 32 17 | 01
#1102-d195 @A: 10 17 33 13 | 07
#1103-d195 @A: 01 33 21 35 | 10
#1104-d195 @A: 02 33 07 06 | 06
#1105-d195 @A: 04 06 33 35 | 11
#1106-d195 @A: 13 28 29 27 | 05
#1107-d195 @A: 19 07 13 27 | 02
#1108-d195 @A: 01 17 13 05 | 03
#1109-d195 @A: 21 10 29 18 | 12
#1110-d195 @A: 32 01 29 10 | 08
#1111-d195 @A: 29 25 07 04 | 09
#1112-d195 @A: 15 10 09 04 | 04
#1113-d195 @A: 12 10 32 07 | 01
#1114-d195 @A: 03 10 09 07 | 07
#1115-d195 @A: 17 12 10 03 | 10
#1116-d195 @A: 21 09 23 28 | 06
#1117-d195 @A: 27 32 09 28 | 11
#1118-d195 @A: 07 21 27 18 | 05
#1119-d195 @A: 19 18 04 21 | 02
#1120-d195 @A: 12 07 35 21 | 03
#1121-d195 @A: 05 09 01 21 | 12
#1122-d195 @A: 05 04 21 02 | 08
#1123-d195 @A: 21 09 02 04 | 09
#1124-d195 @A: 02 25 18 17 | 04
#1125-d195 @A: 27 18 19 05 | 01
#1126-d195 @A: 18 05 35 17 | 07
#1127-d195 @A: 09 19 18 01 | 10
#1128-d195 @A: 05 09 07 04 | 06
#1129-d195 @A: 22 26 34 03 | 11
#1130-d195 @A: 26 08 25 34 | 05
#1131-d195 @A: 15 26 28 34 | 02
#1132-d195 @A: 16 11 07 26 | 03
#1133-d195 @A: 08 20 26 16 | 12
#1134-d195 @A: 11 17 26 30 | 08
#1135-d195 @A: 26 24 06 22 | 09
#1136-d195 @A: 17 24 19 26 | 04
#1137-d195 @A: 14 26 18 32 | 01
#1138-d195 @A: 17 21 26 10 | 07
#1139-d195 @A: 09 10 21 26 | 10
#1140-d195 @A: 32 26 10 27 | 06
#1141-d195 @A: 28 01 26 03 | 11
#1142-d195 @A: 26 02 35 27 | 05
#1143-d195 @A: 26 07 32 19 | 02
#1144-d195 @A: 07 35 03 26 | 03
#1145-d195 @A: 26 01 02 04 | 12
#1146-d195 @A: 34 16 03 31 | 08
#1147-d195 @A: 34 28 16 01 | 09
#1148-d195 @A: 17 34 30 33 | 04
#1149-d195 @A: 29 01 30 34 | 01
#1150-d195 @A: 04 30 21 34 | 07
#1151-d195 @A: 04 34 07 11 | 10
#1152-d195 @A: 11 17 34 19 | 06
#1153-d195 @A: 21 20 34 27 | 11
#1154-d195 @A: 01 34 21 24 | 05
#1155-d195 @A: 07 29 34 09 | 02
#1156-d195 @A: 09 35 34 28 | 03
#1157-d195 @A: 15 21 34 25 | 12
#1158-d195 @A: 19 34 23 15 | 08
#1159-d195 @A: 06 15 35 34 | 09
#1160-d195 @A: 32 34 12 19 | 04
#1161-d195 @A: 03 30 08 16 | 01
#1162-d195 @A: 27 07 30 16 | 07
#1163-d195 @A: 08 11 16 27 | 10
#1164-d195 @A: 01 11 16 31 | 06
#1165-d195 @A: 06 16 10 11 | 11
#1166-d195 @A: 28 20 33 16 | 05
#1167-d195 @A: 21 17 24 16 | 02
#1168-d195 @A: 25 16 14 02 | 03
#1169-d195 @A: 28 16 19 13 | 12
#1170-d195 @A: 09 16 21 18 | 08
#1171-d195 @A: 12 27 16 18 | 09
#1172-d195 @A: 07 01 15 16 | 04
#1173-d195 @A: 16 12 35 32 | 01
#1174-d195 @A: 04 06 12 16 | 07
#1175-d195 @A: 22 25 30 19 | 10
#1176-d195 @A: 25 33 30 11 | 06
#1177-d195 @A: 30 23 08 14 | 11
#1178-d195 @A: 28 27 24 30 | 05
#1179-d195 @A: 01 14 33 30 | 02
#1180-d195 @A: 31 30 25 21 | 03
#1181-d195 @A: 29 10 13 30 | 12
#1182-d195 @A: 02 07 21 30 | 08
#1183-d195 @A: 27 18 30 09 | 09
#1184-d195 @A: 25 27 30 35 | 04
#1185-d195 @A: 25 05 03 30 | 01
#1186-d195 @A: 23 30 35 02 | 07
#1187-d195 @A: 19 30 09 03 | 10
#1188-d195 @A: 18 03 22 11 | 06
#1189-d195 @A: 22 20 08 32 | 11
#1190-d195 @A: 08 19 22 35 | 05
#1191-d195 @A: 01 22 08 02 | 02
#1192-d195 @A: 07 22 09 20 | 03
#1193-d195 @A: 19 22 13 33 | 12
#1194-d195 @A: 06 22 27 32 | 08
#1195-d195 @A: 06 07 19 22 | 09
#1196-d195 @A: 04 23 32 22 | 04
#1197-d195 @A: 23 24 11 08 | 01
#1198-d195 @A: 31 20 19 11 | 07
#1199-d195 @A: 23 11 20 29 | 10
#1200-d195 @A: 15 13 11 24 | 06
#1201-d195 @A: 25 11 14 09 | 11
#1202-d195 @A: 18 11 33 19 | 05
#1203-d195 @A: 15 11 25 23 | 02
#1204-d195 @A: 32 25 05 11 | 03
#1205-d195 @A: 35 32 06 11 | 12
#1206-d195 @A: 14 08 20 02 | 08
#1207-d195 @A: 08 20 27 18 | 09
#1208-d195 @A: 24 01 14 08 | 04
#1209-d195 @A: 15 08 24 10 | 01
#1210-d195 @A: 17 14 10 08 | 07
#1211-d195 @A: 03 08 35 28 | 10
#1212-d195 @A: 27 04 25 08 | 06
#1213-d195 @A: 17 08 07 25 | 11
#1214-d195 @A: 17 06 08 27 | 05
#1215-d195 @A: 27 12 35 08 | 02
#1216-d195 @A: 08 07 04 35 | 03
#1217-d195 @A: 05 17 19 08 | 12
#1218-d195 @A: 03 02 05 08 | 08
#1219-d195 @A: 08 04 09 03 | 09
#1220-d195 @A: 24 35 20 14 | 04
#1221-d195 @A: 24 15 29 20 | 01
#1222-d195 @A: 20 24 03 18 | 07
#1223-d195 @A: 24 20 15 09 | 10
#1224-d195 @A: 19 14 20 10 | 06
#1225-d195 @A: 18 31 25 20 | 11
#1226-d195 @A: 33 15 20 03 | 05
#1227-d195 @A: 20 28 21 07 | 02
#1228-d195 @A: 19 12 21 20 | 03
#1229-d195 @A: 20 04 23 05 | 12
#1230-d195 @A: 18 25 14 24 | 08
#1231-d195 @A: 33 01 31 24 | 09
#1232-d195 @A: 24 31 18 02 | 04
#1233-d195 @A: 33 13 24 04 | 01
#1234-d195 @A: 13 17 28 24 | 07
#1235-d195 @A: 24 29 09 21 | 10
#1236-d195 @A: 05 32 24 15 | 06
#1237-d195 @A: 17 32 24 02 | 11
#1238-d195 @A: 06 09 24 35 | 05
#1239-d195 @A: 06 33 14 31 | 02
#1240-d195 @A: 14 31 05 13 | 03
#1241-d195 @A: 14 25 31 03 | 12
#1242-d195 @A: 33 17 14 29 | 08
#1243-d195 @A: 04 10 13 14 | 09
#1244-d195 @A: 07 13 25 14 | 04
#1245-d195 @A: 10 15 05 14 | 01
#1246-d195 @A: 27 32 14 35 | 07
#1247-d195 @A: 31 21 15 13 | 10
#1248-d195 @A: 10 07 29 31 | 06
#1249-d195 @A: 31 05 06 18 | 11
#1250-d195 @A: 15 05 25 31 | 05
#1251-d195 @A: 15 07 17 31 | 02
#1252-d195 @A: 25 23 32 31 | 03
#1253-d195 @A: 05 02 31 07 | 12
#1254-d195 @A: 31 32 06 01 | 08
#1255-d195 @A: 29 01 09 33 | 09
#1256-d195 @A: 10 21 15 33 | 04
#1257-d195 @A: 01 18 33 05 | 01
#1258-d195 @A: 33 01 06 15 | 07
#1259-d195 @A: 01 33 07 27 | 10
#1260-d195 @A: 02 32 27 33 | 06
#1261-d195 @A: 15 13 03 32 | 11
#1262-d195 @A: 03 35 13 23 | 05
#1263-d195 @A: 06 03 05 13 | 02
#1264-d195 @A: 02 17 29 12 | 03
#1265-d195 @A: 04 01 12 29 | 12
#1266-d195 @A: 02 21 19 10 | 08
#1267-d195 @A: 15 06 18 28 | 09
#1268-d195 @A: 02 25 12 28 | 04
#1269-d195 @A: 05 28 19 12 | 01
#1270-d195 @A: 04 21 25 12 | 07
#1271-d195 @A: 18 27 15 23 | 10
#1272-d195 @A: 18 15 12 32 | 06
#1273-d195 @A: 15 04 02 18 | 11
#1274-d195 @A: 03 18 07 25 | 05
#1275-d195 @A: 32 27 17 18 | 02
#1276-d195 @A: 19 06 17 18 | 03
#1277-d195 @A: 14 35 26 34 | 12
#1278-d195 @A: 05 27 26 34 | 08
#1279-d195 @A: 29 26 12 16 | 09
#1280-d195 @A: 22 26 12 33 | 04
#1281-d195 @A: 02 17 08 26 | 01
#1282-d195 @A: 20 26 25 29 | 07
#1283-d195 @A: 20 28 26 35 | 10
#1284-d195 @A: 24 04 26 12 | 06
#1285-d195 @A: 14 26 12 28 | 11
#1286-d195 @A: 18 35 33 26 | 05
#1287-d195 @A: 13 26 23 21 | 02
#1288-d195 @A: 21 06 15 26 | 03
#1289-d195 @A: 22 34 16 25 | 12
#1290-d195 @A: 34 11 16 35 | 08
#1291-d195 @A: 30 34 13 11 | 09
#1292-d195 @A: 24 04 22 34 | 04
#1293-d195 @A: 22 32 14 34 | 01
#1294-d195 @A: 27 18 34 11 | 07
#1295-d195 @A: 20 34 14 04 | 10
#1296-d195 @A: 20 02 34 31 | 06
#1297-d195 @A: 24 35 28 34 | 11
#1298-d195 @A: 27 06 34 19 | 05
#1299-d195 @A: 16 02 31 30 | 02
#1300-d195 @A: 16 33 30 35 | 03
#1301-d195 @A: 30 21 18 16 | 12
#1302-d195 @A: 30 05 16 23 | 08
#1303-d195 @A: 11 19 16 24 | 09
#1304-d195 @A: 31 16 23 08 | 04
#1305-d195 @A: 09 08 25 16 | 01
#1306-d195 @A: 10 09 16 24 | 07
#1307-d195 @A: 19 21 16 33 | 10
#1308-d195 @A: 18 16 10 03 | 06
#1309-d195 @A: 09 04 16 28 | 11
#1310-d195 @A: 16 12 03 07 | 05
#1311-d195 @A: 32 01 02 16 | 02
#1312-d195 @A: 03 19 16 05 | 03
#1313-d195 @A: 22 23 30 11 | 12
#1314-d195 @A: 18 30 14 27 | 08
#1315-d195 @A: 33 21 32 30 | 09
#1316-d195 @A: 30 03 18 33 | 04
#1317-d195 @A: 09 33 30 07 | 01
#1318-d195 @A: 27 30 05 32 | 07
#1319-d195 @A: 27 03 30 12 | 10
#1320-d195 @A: 30 19 03 02 | 06
#1321-d195 @A: 08 22 11 06 | 11
#1322-d195 @A: 29 02 22 11 | 05
#1323-d195 @A: 22 25 11 21 | 02
#1324-d195 @A: 03 21 08 22 | 03
#1325-d195 @A: 01 27 22 20 | 12
#1326-d195 @A: 24 22 31 32 | 08
#1327-d195 @A: 24 22 03 09 | 09
#1328-d195 @A: 29 03 14 22 | 04
#1329-d195 @A: 33 23 22 27 | 01
#1330-d195 @A: 12 04 09 22 | 07
#1331-d195 @A: 22 05 06 02 | 10
#1332-d195 @A: 11 13 35 08 | 06
#1333-d195 @A: 11 08 10 05 | 11
#1334-d195 @A: 15 19 11 08 | 05
#1335-d195 @A: 02 24 11 25 | 02
#1336-d195 @A: 14 06 13 11 | 03
#1337-d195 @A: 28 11 33 01 | 12
#1338-d195 @A: 17 11 10 15 | 08
#1339-d195 @A: 06 11 05 15 | 09
#1340-d195 @A: 27 12 23 11 | 04
#1341-d195 @A: 19 11 27 35 | 01
#1342-d195 @A: 23 11 05 01 | 07
#1343-d195 @A: 23 13 08 20 | 10
#1344-d195 @A: 31 10 01 08 | 06
#1345-d195 @A: 08 03 31 07 | 11
#1346-d195 @A: 33 28 32 08 | 05
#1347-d195 @A: 25 33 08 18 | 02
#1348-d195 @A: 10 25 13 08 | 03
#1349-d195 @A: 08 12 15 02 | 12
#1350-d195 @A: 08 25 19 12 | 08
#1351-d195 @A: 25 03 06 08 | 09
#1352-d195 @A: 20 24 23 31 | 04
#1353-d195 @A: 21 20 14 25 | 01
#1354-d195 @A: 14 20 09 01 | 07
#1355-d195 @A: 32 33 20 18 | 10
#1356-d195 @A: 20 28 13 05 | 06
#1357-d195 @A: 13 21 18 20 | 11
#1358-d195 @A: 25 09 28 20 | 05
#1359-d195 @A: 02 27 25 20 | 02
#1360-d195 @A: 19 20 03 27 | 03
#1361-d195 @A: 07 31 24 04 | 12
#1362-d195 @A: 33 10 12 24 | 08
#1363-d195 @A: 21 24 32 13 | 09
#1364-d195 @A: 25 32 24 35 | 04
#1365-d195 @A: 14 33 28 25 | 01
#1366-d195 @A: 25 14 23 10 | 07
#1367-d195 @A: 18 02 14 28 | 10
#1368-d195 @A: 14 32 15 09 | 06
#1369-d195 @A: 14 27 17 19 | 11
#1370-d195 @A: 06 27 14 02 | 05
#1371-d195 @A: 28 10 09 31 | 02
#1372-d195 @A: 21 04 10 31 | 03
#1373-d195 @A: 31 12 28 21 | 12
#1374-d195 @A: 01 04 17 31 | 08
#1375-d195 @A: 33 23 28 13 | 09
#1376-d195 @A: 27 19 33 28 | 04
#1377-d195 @A: 33 28 17 03 | 01
#1378-d195 @A: 17 19 33 15 | 07
#1379-d195 @A: 17 04 05 33 | 10
#1380-d195 @A: 23 33 32 01 | 06
#1381-d195 @A: 19 33 35 32 | 11
#1382-d195 @A: 13 06 12 29 | 05
#1383-d195 @A: 29 13 09 05 | 02
#1384-d195 @A: 27 13 10 15 | 03
#1385-d195 @A: 15 35 19 13 | 12
#1386-d195 @A: 27 13 35 09 | 08
#1387-d195 @A: 13 17 07 12 | 09
#1388-d195 @A: 04 13 07 02 | 04
#1389-d195 @A: 02 12 19 13 | 01
#1390-d195 @A: 03 29 32 25 | 07
#1391-d195 @A: 19 07 02 29 | 10
#1392-d195 @A: 27 28 21 10 | 06
#1393-d195 @A: 19 25 17 10 | 11
#1394-d195 @A: 02 10 32 25 | 05
#1395-d195 @A: 04 03 27 10 | 02
#1396-d195 @A: 28 03 27 15 | 03
#1397-d195 @A: 01 12 15 28 | 12
#1398-d195 @A: 28 07 27 23 | 08
#1399-d195 @A: 28 06 17 07 | 09
#1400-d195 @A: 05 07 35 28 | 04
#1401-d195 @A: 28 05 17 02 | 01
#1402-d195 @A: 28 17 06 09 | 07
#1403-d195 @A: 01 28 32 05 | 10
#1404-d195 @A: 32 28 03 09 | 06
#1405-d195 @A: 06 35 01 28 | 11
#1406-d195 @A: 21 25 18 01 | 05
#1407-d195 @A: 03 02 18 21 | 02
#1408-d195 @A: 21 27 25 19 | 03
#1409-d195 @A: 03 21 01 23 | 12
#1410-d195 @A: 32 02 12 21 | 08
#1411-d195 @A: 15 18 01 17 | 09
#1412-d195 @A: 04 34 13 26 | 04
#1413-d195 @A: 10 01 34 26 | 01
#1414-d195 @A: 26 18 34 12 | 07
#1415-d195 @A: 09 16 02 26 | 10
#1416-d195 @A: 26 35 08 30 | 06
#1417-d195 @A: 22 26 04 14 | 11
#1418-d195 @A: 26 22 21 27 | 05
#1419-d195 @A: 01 22 18 26 | 02
#1420-d195 @A: 11 27 26 01 | 03
#1421-d195 @A: 23 08 29 26 | 12
#1422-d195 @A: 19 27 08 26 | 08
#1423-d195 @A: 06 33 20 26 | 09
#1424-d195 @A: 24 26 09 19 | 04
#1425-d195 @A: 29 02 14 26 | 01
#1426-d195 @A: 26 03 14 21 | 07
#1427-d195 @A: 26 07 28 13 | 10
#1428-d195 @A: 26 21 29 01 | 06
#1429-d195 @A: 23 26 15 32 | 11
#1430-d195 @A: 27 26 12 25 | 05
#1431-d195 @A: 34 16 04 08 | 02
#1432-d195 @A: 11 34 20 06 | 03
#1433-d195 @A: 34 14 11 10 | 12
#1434-d195 @A: 08 34 10 02 | 08
#1435-d195 @A: 29 24 34 02 | 09
#1436-d195 @A: 01 13 14 34 | 04
#1437-d195 @A: 34 23 14 21 | 01
#1438-d195 @A: 34 31 19 13 | 07
#1439-d195 @A: 34 33 32 29 | 10
#1440-d195 @A: 33 34 25 01 | 06
#1441-d195 @A: 35 25 34 23 | 11
#1442-d195 @A: 07 34 32 17 | 05
#1443-d195 @A: 01 34 12 07 | 02
#1444-d195 @A: 23 05 34 32 | 03
#1445-d195 @A: 12 16 21 22 | 12
#1446-d195 @A: 02 22 16 15 | 08
#1447-d195 @A: 13 11 33 16 | 09
#1448-d195 @A: 16 11 15 18 | 04
#1449-d195 @A: 16 17 08 18 | 01
#1450-d195 @A: 20 27 13 16 | 07
#1451-d195 @A: 16 21 23 20 | 10
#1452-d195 @A: 16 33 03 14 | 06
#1453-d195 @A: 29 33 02 16 | 11
#1454-d195 @A: 16 10 25 33 | 05
#1455-d195 @A: 16 09 33 03 | 02
#1456-d195 @A: 16 13 23 01 | 03
#1457-d195 @A: 16 04 23 10 | 12
#1458-d195 @A: 16 03 06 15 | 08
#1459-d195 @A: 23 12 02 16 | 09
#1460-d195 @A: 16 04 35 05 | 04
#1461-d195 @A: 14 30 22 20 | 01
#1462-d195 @A: 08 11 07 30 | 07
#1463-d195 @A: 20 12 30 33 | 10
#1464-d195 @A: 10 30 20 02 | 06
#1465-d195 @A: 24 04 30 09 | 11
#1466-d195 @A: 30 14 29 07 | 05
#1467-d195 @A: 30 19 33 31 | 02
#1468-d195 @A: 13 06 30 21 | 03
#1469-d195 @A: 03 28 21 30 | 12
#1470-d195 @A: 18 35 30 28 | 08
#1471-d195 @A: 17 07 18 30 | 09
#1472-d195 @A: 09 32 01 30 | 04
#1473-d195 @A: 22 14 27 11 | 01
#1474-d195 @A: 33 22 20 25 | 07
#1475-d195 @A: 35 24 13 22 | 10
#1476-d195 @A: 22 09 14 29 | 06
#1477-d195 @A: 18 27 31 22 | 11
#1478-d195 @A: 06 22 33 21 | 05
#1479-d195 @A: 15 22 09 28 | 02
#1480-d195 @A: 25 20 11 08 | 03
#1481-d195 @A: 18 02 11 08 | 12
#1482-d195 @A: 11 07 20 10 | 08
#1483-d195 @A: 33 35 24 11 | 09
#1484-d195 @A: 07 11 15 14 | 04
#1485-d195 @A: 32 11 31 18 | 01
#1486-d195 @A: 01 13 02 11 | 07
#1487-d195 @A: 28 07 11 12 | 10
#1488-d195 @A: 12 31 08 20 | 06
#1489-d195 @A: 29 20 08 05 | 11
#1490-d195 @A: 17 08 24 03 | 05
#1491-d195 @A: 08 13 14 09 | 02
#1492-d195 @A: 28 27 08 14 | 03
#1493-d195 @A: 08 07 18 14 | 12
#1494-d195 @A: 18 08 31 21 | 08
#1495-d195 @A: 33 27 15 08 | 09
#1496-d195 @A: 08 10 21 12 | 04
#1497-d195 @A: 06 04 10 08 | 01
#1498-d195 @A: 35 15 08 05 | 07
#1499-d195 @A: 32 35 08 01 | 10
#1500-d195 @A: 10 20 35 31 | 06
#1501-d195 @A: 20 07 35 29 | 11
#1502-d195 @A: 28 32 27 20 | 05
#1503-d195 @A: 25 15 20 19 | 02
#1504-d195 @A: 15 07 20 12 | 03
#1505-d195 @A: 05 12 20 06 | 12
#1506-d195 @A: 20 12 04 02 | 08
#1507-d195 @A: 24 05 14 09 | 09
#1508-d195 @A: 33 27 06 24 | 04
#1509-d195 @A: 13 24 23 09 | 01
#1510-d195 @A: 05 29 24 07 | 07
#1511-d195 @A: 17 01 24 07 | 10
#1512-d195 @A: 23 06 32 24 | 06
#1513-d195 @A: 06 24 05 35 | 11
#1514-d195 @A: 03 02 35 24 | 05
#1515-d195 @A: 14 15 33 18 | 02
#1516-d195 @A: 28 14 15 13 | 03
#1517-d195 @A: 25 29 06 14 | 12
#1518-d195 @A: 06 14 10 32 | 08
#1519-d195 @A: 14 06 17 23 | 09
#1520-d195 @A: 31 21 33 27 | 04
#1521-d195 @A: 10 32 13 31 | 01
#1522-d195 @A: 19 23 31 29 | 07
#1523-d195 @A: 25 27 31 10 | 10
#1524-d195 @A: 10 19 33 29 | 06
#1525-d195 @A: 21 33 28 02 | 11
#1526-d195 @A: 18 28 33 07 | 05
#1527-d195 @A: 23 12 19 33 | 02
#1528-d195 @A: 29 13 18 35 | 03
#1529-d195 @A: 13 18 19 10 | 12
#1530-d195 @A: 13 07 21 09 | 08
#1531-d195 @A: 04 18 03 13 | 09
#1532-d195 @A: 05 13 02 25 | 04
#1533-d195 @A: 06 13 01 27 | 01
#1534-d195 @A: 35 29 12 28 | 07
#1535-d195 @A: 09 29 23 25 | 10
#1536-d195 @A: 06 07 32 29 | 06
#1537-d195 @A: 01 05 03 29 | 11
#1538-d195 @A: 25 10 12 06 | 05
#1539-d195 @A: 19 27 01 10 | 02
#1540-d195 @A: 05 09 23 10 | 03
#1541-d195 @A: 32 35 23 28 | 12
#1542-d195 @A: 18 21 15 35 | 08
#1543-d195 @A: 32 07 15 21 | 09
#1544-d195 @A: 15 05 21 19 | 04
#1545-d195 @A: 21 25 17 23 | 01
#1546-d195 @A: 21 25 35 03 | 07
#1547-d195 @A: 25 21 02 06 | 10
#1548-d195 @A: 19 23 21 07 | 06
#1549-d195 @A: 21 04 07 01 | 11
#1550-d195 @A: 21 23 05 12 | 05
#1551-d195 @A: 05 18 03 15 | 02
#1552-d195 @A: 18 05 04 25 | 03
#1553-d195 @A: 35 27 04 18 | 12
#1554-d195 @A: 12 32 06 09 | 08
#1555-d195 @A: 34 33 31 26 | 09
#1556-d195 @A: 29 17 26 34 | 04
#1557-d195 @A: 02 26 24 30 | 01
#1558-d195 @A: 26 29 15 30 | 07
#1559-d195 @A: 26 30 23 18 | 10
#1560-d195 @A: 09 30 26 35 | 06
#1561-d195 @A: 11 26 13 19 | 11
#1562-d195 @A: 26 10 11 02 | 05
#1563-d195 @A: 26 11 09 03 | 02
#1564-d195 @A: 26 32 08 24 | 03
#1565-d195 @A: 08 21 04 26 | 12
#1566-d195 @A: 26 08 18 03 | 08
#1567-d195 @A: 17 31 26 18 | 09
#1568-d195 @A: 23 02 26 33 | 04
#1569-d195 @A: 04 15 26 17 | 01
#1570-d195 @A: 12 17 35 26 | 07
#1571-d195 @A: 32 05 35 26 | 10
#1572-d195 @A: 06 02 26 19 | 06
#1573-d195 @A: 34 33 07 22 | 11
#1574-d195 @A: 06 09 34 22 | 05
#1575-d195 @A: 34 25 11 28 | 02
#1576-d195 @A: 24 20 32 34 | 03
#1577-d195 @A: 34 20 13 03 | 12
#1578-d195 @A: 25 20 34 10 | 08
#1579-d195 @A: 13 18 34 05 | 09
#1580-d195 @A: 02 35 34 13 | 04
#1581-d195 @A: 21 34 29 35 | 01
#1582-d195 @A: 28 17 34 21 | 07
#1583-d195 @A: 28 34 04 18 | 10
#1584-d195 @A: 03 34 12 28 | 06
#1585-d195 @A: 15 34 12 27 | 11
#1586-d195 @A: 04 34 05 15 | 05
#1587-d195 @A: 35 32 34 03 | 02
#1588-d195 @A: 04 01 19 34 | 03
#1589-d195 @A: 30 28 17 16 | 12
#1590-d195 @A: 30 32 16 06 | 08
#1591-d195 @A: 22 05 16 08 | 09
#1592-d195 @A: 13 14 16 22 | 04
#1593-d195 @A: 22 27 16 09 | 01
#1594-d195 @A: 16 15 28 08 | 07
#1595-d195 @A: 16 01 21 08 | 10
#1596-d195 @A: 16 35 10 24 | 06
#1597-d195 @A: 07 14 16 31 | 11
#1598-d195 @A: 14 18 16 05 | 05
#1599-d195 @A: 01 04 16 14 | 02
#1600-d195 @A: 16 33 31 32 | 03
#1601-d195 @A: 13 15 05 16 | 12
#1602-d195 @A: 09 13 17 16 | 08
#1603-d195 @A: 16 02 28 35 | 09
#1604-d195 @A: 12 15 25 16 | 04
#1605-d195 @A: 03 23 16 25 | 01
#1606-d195 @A: 16 27 23 32 | 07
#1607-d195 @A: 27 16 06 05 | 10
#1608-d195 @A: 16 05 07 32 | 06
#1609-d195 @A: 22 03 01 30 | 11
#1610-d195 @A: 30 11 17 09 | 05
#1611-d195 @A: 06 08 31 30 | 02
#1612-d195 @A: 20 23 30 15 | 03
#1613-d195 @A: 33 30 23 24 | 12
#1614-d195 @A: 31 30 32 14 | 08
#1615-d195 @A: 18 02 29 30 | 09
#1616-d195 @A: 29 09 12 30 | 04
#1617-d195 @A: 03 07 04 30 | 01
#1618-d195 @A: 04 17 12 30 | 07
#1619-d195 @A: 22 28 31 02 | 10
#1620-d195 @A: 21 15 22 29 | 06
#1621-d195 @A: 06 10 22 18 | 11
#1622-d195 @A: 25 22 35 10 | 05
#1623-d195 @A: 02 09 22 23 | 02
#1624-d195 @A: 05 22 03 35 | 03
#1625-d195 @A: 22 35 02 04 | 12
#1626-d195 @A: 10 24 11 32 | 08
#1627-d195 @A: 11 33 17 02 | 09
#1628-d195 @A: 35 10 29 11 | 04
#1629-d195 @A: 01 11 10 21 | 01
#1630-d195 @A: 09 19 10 11 | 07
#1631-d195 @A: 17 28 11 27 | 10
#1632-d195 @A: 35 18 11 23 | 06
#1633-d195 @A: 11 35 01 15 | 11
#1634-d195 @A: 32 04 11 17 | 05
#1635-d195 @A: 11 12 32 03 | 02
#1636-d195 @A: 08 19 28 20 | 03
#1637-d195 @A: 08 14 31 19 | 12
#1638-d195 @A: 12 33 14 08 | 08
#1639-d195 @A: 31 25 08 29 | 09
#1640-d195 @A: 08 01 25 15 | 04
#1641-d195 @A: 35 08 09 27 | 01
#1642-d195 @A: 20 21 31 03 | 07
#1643-d195 @A: 19 13 04 20 | 10
#1644-d195 @A: 09 27 20 12 | 06
#1645-d195 @A: 33 24 02 14 | 11
#1646-d195 @A: 06 14 04 24 | 05
#1647-d195 @A: 31 21 19 24 | 02
#1648-d195 @A: 01 09 31 24 | 03
#1649-d195 @A: 33 25 29 24 | 12
#1650-d195 @A: 01 24 10 13 | 08
#1651-d195 @A: 29 10 24 23 | 09
#1652-d195 @A: 25 24 01 05 | 04
#1653-d195 @A: 09 17 24 07 | 01
#1654-d195 @A: 31 14 21 09 | 07
#1655-d195 @A: 18 35 31 14 | 10
#1656-d195 @A: 21 13 14 19 | 06
#1657-d195 @A: 14 15 01 29 | 11
#1658-d195 @A: 28 03 10 14 | 05
#1659-d195 @A: 28 14 04 32 | 02
#1660-d195 @A: 02 12 07 14 | 03
#1661-d195 @A: 14 03 02 17 | 12
#1662-d195 @A: 19 01 14 23 | 08
#1663-d195 @A: 35 12 23 14 | 09
#1664-d195 @A: 31 28 33 05 | 04
#1665-d195 @A: 15 18 29 31 | 01
#1666-d195 @A: 31 10 23 18 | 07
#1667-d195 @A: 31 07 06 25 | 10
#1668-d195 @A: 31 12 19 06 | 06
#1669-d195 @A: 09 04 31 35 | 11
#1670-d195 @A: 21 07 13 33 | 05
#1671-d195 @A: 13 32 12 33 | 02
#1672-d195 @A: 23 35 15 33 | 03
#1673-d195 @A: 15 09 06 33 | 12
#1674-d195 @A: 33 05 19 09 | 08
#1675-d195 @A: 06 33 12 03 | 09
#1676-d195 @A: 23 15 12 13 | 04
#1677-d195 @A: 15 06 27 29 | 01
#1678-d195 @A: 29 25 19 35 | 07
#1679-d195 @A: 01 29 17 23 | 10
#1680-d195 @A: 10 23 32 19 | 06
#1681-d195 @A: 05 19 10 35 | 11
#1682-d195 @A: 06 03 35 10 | 05
#1683-d195 @A: 28 07 02 01 | 02
#1684-d195 @A: 19 03 28 23 | 03
#1685-d195 @A: 12 25 35 18 | 12
#1686-d195 @A: 07 32 18 04 | 08
#1687-d195 @A: 18 05 02 23 | 09
#1688-d195 @A: 35 32 18 02 | 04
#1689-d195 @A: 19 09 27 15 | 01
