#0001-d177 @A: 28 26 33 09 | 02
#0002-d177 @A: 26 33 24 22 | 06
#0003-d177 @A: 26 22 32 34 | 03
#0004-d177 @A: 03 35 26 29 | 05
#0005-d177 @A: 17 26 15 13 | 09
#0006-d177 @A: 31 16 13 26 | 01
#0007-d177 @A: 26 12 08 20 | 10
#0008-d177 @A: 26 25 11 08 | 12
#0009-d177 @A: 24 26 25 34 | 07
#0010-d177 @A: 26 06 11 09 | 08
#0011-d177 @A: 33 26 23 29 | 04
#0012-d177 @A: 07 18 26 12 | 11
#0013-d177 @A: 06 18 26 16 | 02
#0014-d177 @A: 23 26 32 06 | 06
#0015-d177 @A: 32 26 16 02 | 03
#0016-d177 @A: 26 27 19 07 | 05
#0017-d177 @A: 28 27 01 14 | 09
#0018-d177 @A: 21 30 14 15 | 01
#0019-d177 @A: 29 05 14 22 | 10
#0020-d177 @A: 16 22 14 34 | 12
#0021-d177 @A: 22 14 01 06 | 07
#0022-d177 @A: 03 14 04 17 | 08
#0023-d177 @A: 13 06 04 14 | 04
#0024-d177 @A: 04 14 12 23 | 11
#0025-d177 @A: 35 14 10 03 | 02
#0026-d177 @A: 15 14 25 13 | 06
#0027-d177 @A: 14 13 16 20 | 03
#0028-d177 @A: 13 14 20 01 | 05
#0029-d177 @A: 14 12 09 05 | 09
#0030-d177 @A: 06 05 19 14 | 01
#0031-d177 @A: 14 33 15 09 | 10
#0032-d177 @A: 20 14 12 19 | 12
#0033-d177 @A: 25 29 20 14 | 07
#0034-d177 @A: 14 17 24 31 | 08
#0035-d177 @A: 14 34 29 31 | 04
#0036-d177 @A: 31 01 14 16 | 11
#0037-d177 @A: 27 33 14 21 | 02
#0038-d177 @A: 14 19 29 18 | 06
#0039-d177 @A: 14 29 17 21 | 03
#0040-d177 @A: 10 27 14 32 | 05
#0041-d177 @A: 08 28 30 09 | 09
#0042-d177 @A: 22 02 05 28 | 01
#0043-d177 @A: 28 10 03 20 | 10
#0044-d177 @A: 28 09 20 18 | 12
#0045-d177 @A: 28 19 24 11 | 07
#0046-d177 @A: 33 07 28 24 | 08
#0047-d177 @A: 28 09 07 31 | 04
#0048-d177 @A: 29 12 28 10 | 11
#0049-d177 @A: 29 07 28 16 | 02
#0050-d177 @A: 22 30 27 05 | 06
#0051-d177 @A: 04 15 16 30 | 03
#0052-d177 @A: 04 07 30 31 | 05
#0053-d177 @A: 32 34 04 30 | 09
#0054-d177 @A: 30 07 34 13 | 01
#0055-d177 @A: 06 30 13 18 | 10
#0056-d177 @A: 13 17 30 16 | 12
#0057-d177 @A: 08 05 33 30 | 07
#0058-d177 @A: 30 08 12 31 | 08
#0059-d177 @A: 09 29 30 16 | 04
#0060-d177 @A: 10 34 30 23 | 11
#0061-d177 @A: 06 33 30 29 | 02
#0062-d177 @A: 21 12 29 30 | 06
#0063-d177 @A: 19 25 30 12 | 03
#0064-d177 @A: 04 01 22 20 | 05
#0065-d177 @A: 15 13 07 22 | 09
#0066-d177 @A: 08 35 34 22 | 01
#0067-d177 @A: 22 15 20 16 | 10
#0068-d177 @A: 31 22 09 29 | 12
#0069-d177 @A: 17 09 22 33 | 07
#0070-d177 @A: 02 22 23 16 | 08
#0071-d177 @A: 03 04 15 20 | 04
#0072-d177 @A: 21 05 13 04 | 11
#0073-d177 @A: 23 04 15 08 | 02
#0074-d177 @A: 10 20 04 19 | 06
#0075-d177 @A: 11 24 04 23 | 03
#0076-d177 @A: 33 18 02 04 | 05
#0077-d177 @A: 23 04 32 19 | 09
#0078-d177 @A: 29 16 04 19 | 01
#0079-d177 @A: 25 29 04 06 | 10
#0080-d177 @A: 13 08 25 03 | 12
#0081-d177 @A: 03 27 15 13 | 07
#0082-d177 @A: 11 13 07 03 | 08
#0083-d177 @A: 05 03 32 08 | 04
#0084-d177 @A: 08 24 01 03 | 11
#0085-d177 @A: 31 08 21 03 | 02
#0086-d177 @A: 03 20 09 02 | 06
#0087-d177 @A: 03 21 33 20 | 03
#0088-d177 @A: 34 03 01 09 | 05
#0089-d177 @A: 03 17 06 33 | 09
#0090-d177 @A: 33 03 25 27 | 01
#0091-d177 @A: 23 17 03 27 | 10
#0092-d177 @A: 02 06 03 16 | 12
#0093-d177 @A: 08 06 13 34 | 07
#0094-d177 @A: 11 13 34 29 | 08
#0095-d177 @A: 18 13 19 31 | 04
#0096-d177 @A: 27 13 35 12 | 11
#0097-d177 @A: 10 19 25 13 | 02
#0098-d177 @A: 32 13 27 02 | 06
#0099-d177 @A: 15 05 32 01 | 03
#0100-d177 @A: 31 23 24 05 | 05
#0101-d177 @A: 05 02 01 24 | 09
#0102-d177 @A: 34 17 05 11 | 01
#0103-d177 @A: 10 07 05 11 | 10
#0104-d177 @A: 09 05 29 34 | 12
#0105-d177 @A: 31 34 02 05 | 07
#0106-d177 @A: 08 29 33 15 | 08
#0107-d177 @A: 09 08 10 20 | 04
#0108-d177 @A: 11 08 16 07 | 11
#0109-d177 @A: 34 08 25 31 | 02
#0110-d177 @A: 10 08 23 29 | 06
#0111-d177 @A: 11 01 12 15 | 03
#0112-d177 @A: 15 18 12 31 | 05
#0113-d177 @A: 06 15 34 07 | 09
#0114-d177 @A: 07 15 21 19 | 01
#0115-d177 @A: 29 15 23 32 | 10
#0116-d177 @A: 15 23 06 25 | 12
#0117-d177 @A: 35 24 10 20 | 07
#0118-d177 @A: 29 27 20 31 | 08
#0119-d177 @A: 27 11 24 06 | 04
#0120-d177 @A: 35 09 24 19 | 11
#0121-d177 @A: 12 34 24 09 | 02
#0122-d177 @A: 27 24 31 34 | 06
#0123-d177 @A: 34 24 29 19 | 03
#0124-d177 @A: 24 19 27 18 | 05
#0125-d177 @A: 16 24 23 21 | 09
#0126-d177 @A: 21 24 01 16 | 01
#0127-d177 @A: 29 24 27 21 | 10
#0128-d177 @A: 11 09 33 31 | 12
#0129-d177 @A: 01 09 17 11 | 07
#0130-d177 @A: 31 11 23 34 | 08
#0131-d177 @A: 06 18 01 09 | 04
#0132-d177 @A: 09 19 10 12 | 11
#0133-d177 @A: 33 34 31 06 | 02
#0134-d177 @A: 23 25 07 31 | 06
#0135-d177 @A: 19 29 31 07 | 03
#0136-d177 @A: 02 23 35 18 | 05
#0137-d177 @A: 35 29 32 10 | 09
#0138-d177 @A: 35 23 06 17 | 01
#0139-d177 @A: 35 32 12 23 | 10
#0140-d177 @A: 23 19 35 01 | 12
#0141-d177 @A: 33 10 12 34 | 07
#0142-d177 @A: 32 33 34 23 | 08
#0143-d177 @A: 18 34 16 27 | 04
#0144-d177 @A: 07 25 34 02 | 11
#0145-d177 @A: 14 17 30 26 | 02
#0146-d177 @A: 34 26 28 29 | 06
#0147-d177 @A: 26 22 31 23 | 03
#0148-d177 @A: 04 13 26 27 | 05
#0149-d177 @A: 18 13 26 11 | 09
#0150-d177 @A: 08 26 34 17 | 01
#0151-d177 @A: 26 12 15 19 | 10
#0152-d177 @A: 23 20 17 26 | 12
#0153-d177 @A: 24 35 26 02 | 07
#0154-d177 @A: 26 32 07 33 | 08
#0155-d177 @A: 23 21 26 02 | 04
#0156-d177 @A: 16 26 29 12 | 11
#0157-d177 @A: 26 06 07 01 | 02
#0158-d177 @A: 05 14 28 21 | 06
#0159-d177 @A: 22 25 30 14 | 03
#0160-d177 @A: 30 14 19 09 | 05
#0161-d177 @A: 12 14 16 30 | 09
#0162-d177 @A: 14 04 20 02 | 01
#0163-d177 @A: 04 14 01 35 | 10
#0164-d177 @A: 21 13 14 35 | 12
#0165-d177 @A: 14 05 17 01 | 07
#0166-d177 @A: 32 08 24 14 | 08
#0167-d177 @A: 20 14 33 24 | 04
#0168-d177 @A: 14 11 29 09 | 11
#0169-d177 @A: 23 18 14 27 | 02
#0170-d177 @A: 14 06 25 17 | 06
#0171-d177 @A: 22 08 24 28 | 03
#0172-d177 @A: 22 09 28 21 | 05
#0173-d177 @A: 04 28 05 12 | 09
#0174-d177 @A: 28 05 18 03 | 01
#0175-d177 @A: 31 13 28 20 | 10
#0176-d177 @A: 17 33 13 28 | 12
#0177-d177 @A: 10 28 05 24 | 07
#0178-d177 @A: 11 08 28 21 | 08
#0179-d177 @A: 28 06 23 20 | 04
#0180-d177 @A: 24 01 28 23 | 11
#0181-d177 @A: 31 28 34 18 | 02
#0182-d177 @A: 02 28 18 19 | 06
#0183-d177 @A: 25 21 28 12 | 03
#0184-d177 @A: 28 21 06 07 | 05
#0185-d177 @A: 23 25 10 28 | 09
#0186-d177 @A: 02 12 16 28 | 01
#0187-d177 @A: 31 06 30 22 | 10
#0188-d177 @A: 27 30 08 24 | 12
#0189-d177 @A: 30 08 35 23 | 07
#0190-d177 @A: 20 15 30 12 | 08
#0191-d177 @A: 15 30 11 29 | 04
#0192-d177 @A: 35 15 30 18 | 11
#0193-d177 @A: 34 24 30 33 | 02
#0194-d177 @A: 24 17 32 30 | 06
#0195-d177 @A: 16 34 30 31 | 03
#0196-d177 @A: 27 30 17 31 | 05
#0197-d177 @A: 33 17 12 30 | 09
#0198-d177 @A: 06 21 30 02 | 01
#0199-d177 @A: 27 21 30 19 | 10
#0200-d177 @A: 17 30 10 02 | 12
#0201-d177 @A: 32 17 01 30 | 07
#0202-d177 @A: 32 07 12 30 | 08
#0203-d177 @A: 04 21 08 22 | 04
#0204-d177 @A: 04 22 34 19 | 11
#0205-d177 @A: 29 15 22 03 | 02
#0206-d177 @A: 19 06 13 22 | 06
#0207-d177 @A: 08 11 19 22 | 03
#0208-d177 @A: 08 09 25 22 | 05
#0209-d177 @A: 22 15 21 34 | 09
#0210-d177 @A: 11 22 24 29 | 01
#0211-d177 @A: 32 11 22 06 | 10
#0212-d177 @A: 22 07 09 35 | 12
#0213-d177 @A: 21 22 33 29 | 07
#0214-d177 @A: 22 33 10 07 | 08
#0215-d177 @A: 16 27 22 33 | 04
#0216-d177 @A: 27 07 18 22 | 11
#0217-d177 @A: 22 21 23 19 | 02
#0218-d177 @A: 10 22 19 02 | 06
#0219-d177 @A: 25 34 03 04 | 03
#0220-d177 @A: 05 10 04 34 | 05
#0221-d177 @A: 04 08 34 29 | 09
#0222-d177 @A: 04 11 10 35 | 01
#0223-d177 @A: 07 04 27 16 | 10
#0224-d177 @A: 03 20 13 29 | 12
#0225-d177 @A: 19 24 20 03 | 07
#0226-d177 @A: 16 20 03 11 | 08
#0227-d177 @A: 33 11 03 24 | 04
#0228-d177 @A: 09 16 34 03 | 11
#0229-d177 @A: 31 02 35 03 | 02
#0230-d177 @A: 02 03 17 34 | 06
#0231-d177 @A: 21 03 06 23 | 03
#0232-d177 @A: 27 03 21 16 | 05
#0233-d177 @A: 01 19 29 03 | 09
#0234-d177 @A: 20 12 13 05 | 01
#0235-d177 @A: 10 17 08 13 | 10
#0236-d177 @A: 13 15 20 10 | 12
#0237-d177 @A: 13 34 15 18 | 07
#0238-d177 @A: 17 09 13 35 | 08
#0239-d177 @A: 34 13 31 32 | 04
#0240-d177 @A: 34 19 13 01 | 11
#0241-d177 @A: 33 13 27 10 | 02
#0242-d177 @A: 18 17 27 13 | 06
#0243-d177 @A: 25 17 13 02 | 03
#0244-d177 @A: 05 21 08 09 | 05
#0245-d177 @A: 23 20 05 34 | 09
#0246-d177 @A: 20 17 10 05 | 01
#0247-d177 @A: 05 31 11 19 | 10
#0248-d177 @A: 11 05 35 27 | 12
#0249-d177 @A: 33 05 21 25 | 07
#0250-d177 @A: 05 02 10 25 | 08
#0251-d177 @A: 12 05 25 07 | 04
#0252-d177 @A: 07 05 06 16 | 11
#0253-d177 @A: 24 29 08 09 | 02
#0254-d177 @A: 02 08 25 24 | 06
#0255-d177 @A: 34 27 12 08 | 03
#0256-d177 @A: 02 08 29 21 | 05
#0257-d177 @A: 32 07 21 08 | 09
#0258-d177 @A: 08 01 23 16 | 01
#0259-d177 @A: 32 06 08 19 | 10
#0260-d177 @A: 15 20 21 35 | 12
#0261-d177 @A: 33 15 24 35 | 07
#0262-d177 @A: 15 21 24 02 | 08
#0263-d177 @A: 15 32 10 12 | 04
#0264-d177 @A: 01 23 15 02 | 11
#0265-d177 @A: 07 02 15 16 | 02
#0266-d177 @A: 02 20 31 24 | 06
#0267-d177 @A: 20 35 02 11 | 03
#0268-d177 @A: 23 33 20 12 | 05
#0269-d177 @A: 25 20 33 07 | 09
#0270-d177 @A: 29 06 16 20 | 01
#0271-d177 @A: 01 24 18 09 | 10
#0272-d177 @A: 11 19 18 17 | 12
#0273-d177 @A: 21 01 23 11 | 07
#0274-d177 @A: 11 12 19 27 | 08
#0275-d177 @A: 19 09 33 02 | 04
#0276-d177 @A: 25 16 09 33 | 11
#0277-d177 @A: 33 32 29 09 | 02
#0278-d177 @A: 23 27 09 19 | 06
#0279-d177 @A: 09 06 16 19 | 03
#0280-d177 @A: 32 21 29 31 | 05
#0281-d177 @A: 10 25 01 31 | 09
#0282-d177 @A: 27 23 31 02 | 01
#0283-d177 @A: 02 35 34 06 | 10
#0284-d177 @A: 35 16 19 18 | 12
#0285-d177 @A: 35 32 21 17 | 07
#0286-d177 @A: 35 25 29 01 | 08
#0287-d177 @A: 07 34 19 33 | 04
#0288-d177 @A: 07 27 10 34 | 11
#0289-d177 @A: 19 17 34 06 | 02
#0290-d177 @A: 12 34 01 32 | 06
#0291-d177 @A: 19 34 32 27 | 03
#0292-d177 @A: 29 01 17 18 | 05
#0293-d177 @A: 12 26 14 13 | 09
#0294-d177 @A: 31 33 14 26 | 01
#0295-d177 @A: 14 26 18 01 | 10
#0296-d177 @A: 18 28 30 26 | 12
#0297-d177 @A: 28 26 10 04 | 07
#0298-d177 @A: 28 07 26 25 | 08
#0299-d177 @A: 26 15 30 32 | 04
#0300-d177 @A: 11 10 26 22 | 11
#0301-d177 @A: 08 18 26 04 | 02
#0302-d177 @A: 19 01 26 04 | 06
#0303-d177 @A: 24 03 06 26 | 03
#0304-d177 @A: 21 29 15 26 | 05
#0305-d177 @A: 26 06 21 19 | 09
#0306-d177 @A: 03 07 30 14 | 01
#0307-d177 @A: 10 30 05 14 | 10
#0308-d177 @A: 13 14 22 33 | 12
#0309-d177 @A: 35 14 04 19 | 07
#0310-d177 @A: 04 34 14 21 | 08
#0311-d177 @A: 09 25 03 14 | 04
#0312-d177 @A: 14 03 32 01 | 11
#0313-d177 @A: 23 14 07 13 | 02
#0314-d177 @A: 14 25 05 11 | 06
#0315-d177 @A: 34 19 14 08 | 03
#0316-d177 @A: 14 07 25 08 | 05
#0317-d177 @A: 17 20 11 14 | 09
#0318-d177 @A: 20 09 14 07 | 01
#0319-d177 @A: 14 09 24 10 | 10
#0320-d177 @A: 06 33 16 14 | 12
#0321-d177 @A: 30 19 03 28 | 07
#0322-d177 @A: 30 28 15 25 | 08
#0323-d177 @A: 29 28 30 24 | 04
#0324-d177 @A: 17 12 28 22 | 11
#0325-d177 @A: 31 33 28 03 | 02
#0326-d177 @A: 28 13 27 08 | 06
#0327-d177 @A: 28 08 29 32 | 03
#0328-d177 @A: 28 11 16 23 | 05
#0329-d177 @A: 35 21 28 19 | 09
#0330-d177 @A: 06 19 33 28 | 01
#0331-d177 @A: 28 12 18 06 | 10
#0332-d177 @A: 17 27 28 16 | 12
#0333-d177 @A: 22 35 16 30 | 07
#0334-d177 @A: 24 03 30 12 | 08
#0335-d177 @A: 11 19 13 30 | 04
#0336-d177 @A: 30 05 23 09 | 11
#0337-d177 @A: 30 19 17 05 | 02
#0338-d177 @A: 30 15 31 10 | 06
#0339-d177 @A: 24 30 31 25 | 03
#0340-d177 @A: 24 07 16 30 | 05
#0341-d177 @A: 30 31 11 02 | 09
#0342-d177 @A: 21 30 11 35 | 01
#0343-d177 @A: 25 30 11 34 | 10
#0344-d177 @A: 32 31 30 09 | 12
#0345-d177 @A: 02 12 30 23 | 07
#0346-d177 @A: 27 29 23 30 | 08
#0347-d177 @A: 03 22 04 06 | 04
#0348-d177 @A: 04 09 22 20 | 11
#0349-d177 @A: 22 13 17 03 | 02
#0350-d177 @A: 10 22 08 31 | 06
#0351-d177 @A: 22 16 21 31 | 03
#0352-d177 @A: 34 01 22 23 | 05
#0353-d177 @A: 23 33 06 22 | 09
#0354-d177 @A: 29 02 17 22 | 01
#0355-d177 @A: 32 27 22 17 | 10
#0356-d177 @A: 07 04 09 03 | 12
#0357-d177 @A: 11 02 04 13 | 07
#0358-d177 @A: 13 33 35 04 | 08
#0359-d177 @A: 04 05 19 07 | 04
#0360-d177 @A: 15 06 04 35 | 11
#0361-d177 @A: 25 24 04 32 | 02
#0362-d177 @A: 01 29 24 04 | 06
#0363-d177 @A: 21 25 07 04 | 03
#0364-d177 @A: 07 04 32 02 | 05
#0365-d177 @A: 03 16 13 35 | 09
#0366-d177 @A: 31 06 05 03 | 01
#0367-d177 @A: 20 03 08 27 | 10
#0368-d177 @A: 18 17 03 35 | 12
#0369-d177 @A: 02 29 23 03 | 07
#0370-d177 @A: 19 25 03 07 | 08
#0371-d177 @A: 08 05 16 13 | 04
#0372-d177 @A: 09 12 08 13 | 11
#0373-d177 @A: 20 11 13 21 | 02
#0374-d177 @A: 23 09 02 13 | 06
#0375-d177 @A: 32 18 13 29 | 03
#0376-d177 @A: 16 13 21 02 | 05
#0377-d177 @A: 08 01 05 07 | 09
#0378-d177 @A: 08 29 05 06 | 01
#0379-d177 @A: 27 05 18 02 | 10
#0380-d177 @A: 05 32 07 18 | 12
#0381-d177 @A: 23 05 17 25 | 07
#0382-d177 @A: 32 06 05 12 | 08
#0383-d177 @A: 05 01 06 16 | 04
#0384-d177 @A: 23 24 08 34 | 11
#0385-d177 @A: 08 32 33 11 | 02
#0386-d177 @A: 08 29 18 16 | 06
#0387-d177 @A: 25 19 08 23 | 03
#0388-d177 @A: 27 08 29 01 | 05
#0389-d177 @A: 06 01 32 08 | 09
#0390-d177 @A: 15 25 11 24 | 01
#0391-d177 @A: 24 15 10 34 | 10
#0392-d177 @A: 01 24 17 15 | 12
#0393-d177 @A: 11 15 02 12 | 07
#0394-d177 @A: 07 33 18 15 | 08
#0395-d177 @A: 02 17 15 18 | 04
#0396-d177 @A: 06 19 01 15 | 11
#0397-d177 @A: 33 10 20 11 | 02
#0398-d177 @A: 09 20 16 31 | 06
#0399-d177 @A: 31 20 34 10 | 03
#0400-d177 @A: 21 12 31 20 | 05
#0401-d177 @A: 07 34 20 32 | 09
#0402-d177 @A: 20 32 02 17 | 01
#0403-d177 @A: 20 01 02 16 | 10
#0404-d177 @A: 16 17 12 20 | 12
#0405-d177 @A: 10 01 24 35 | 07
#0406-d177 @A: 24 02 27 33 | 08
#0407-d177 @A: 18 24 06 23 | 04
#0408-d177 @A: 25 24 07 18 | 11
#0409-d177 @A: 25 27 24 12 | 02
#0410-d177 @A: 19 32 24 01 | 06
#0411-d177 @A: 06 29 07 11 | 03
#0412-d177 @A: 09 31 35 21 | 05
#0413-d177 @A: 09 12 35 25 | 09
#0414-d177 @A: 09 21 07 02 | 01
#0415-d177 @A: 01 21 09 32 | 10
#0416-d177 @A: 02 09 25 06 | 12
#0417-d177 @A: 35 10 12 02 | 07
#0418-d177 @A: 32 02 34 10 | 08
#0419-d177 @A: 01 23 33 25 | 04
#0420-d177 @A: 32 18 01 25 | 11
#0421-d177 @A: 26 32 14 09 | 02
#0422-d177 @A: 26 13 30 21 | 06
#0423-d177 @A: 22 26 13 25 | 03
#0424-d177 @A: 26 22 15 18 | 05
#0425-d177 @A: 22 12 26 02 | 09
#0426-d177 @A: 04 26 12 24 | 01
#0427-d177 @A: 26 03 33 15 | 10
#0428-d177 @A: 03 34 19 26 | 12
#0429-d177 @A: 26 05 08 02 | 07
#0430-d177 @A: 26 05 12 01 | 08
#0431-d177 @A: 26 35 08 19 | 04
#0432-d177 @A: 32 24 26 27 | 11
#0433-d177 @A: 26 11 31 07 | 02
#0434-d177 @A: 21 17 26 09 | 06
#0435-d177 @A: 12 26 31 35 | 03
#0436-d177 @A: 25 18 10 26 | 05
#0437-d177 @A: 16 26 10 19 | 09
#0438-d177 @A: 17 06 26 27 | 01
#0439-d177 @A: 17 19 26 29 | 10
#0440-d177 @A: 19 14 15 28 | 12
#0441-d177 @A: 28 14 23 24 | 07
#0442-d177 @A: 22 08 14 17 | 08
#0443-d177 @A: 10 20 22 14 | 04
#0444-d177 @A: 24 22 06 14 | 11
#0445-d177 @A: 21 22 11 14 | 02
#0446-d177 @A: 18 09 13 14 | 06
#0447-d177 @A: 14 10 11 01 | 03
#0448-d177 @A: 10 31 14 12 | 05
#0449-d177 @A: 14 18 33 35 | 09
#0450-d177 @A: 14 32 17 33 | 01
#0451-d177 @A: 21 19 14 02 | 10
#0452-d177 @A: 07 10 19 14 | 12
#0453-d177 @A: 32 14 02 06 | 07
#0454-d177 @A: 32 25 14 19 | 08
#0455-d177 @A: 28 16 20 30 | 04
#0456-d177 @A: 07 03 28 22 | 11
#0457-d177 @A: 13 01 04 28 | 02
#0458-d177 @A: 28 25 35 04 | 06
#0459-d177 @A: 05 13 25 28 | 03
#0460-d177 @A: 13 15 29 28 | 05
#0461-d177 @A: 28 20 11 25 | 09
#0462-d177 @A: 25 28 09 24 | 01
#0463-d177 @A: 17 24 28 34 | 10
#0464-d177 @A: 09 28 35 10 | 12
#0465-d177 @A: 16 28 21 33 | 07
#0466-d177 @A: 25 02 27 28 | 08
#0467-d177 @A: 28 16 19 32 | 04
#0468-d177 @A: 18 20 04 30 | 11
#0469-d177 @A: 04 30 09 21 | 02
#0470-d177 @A: 15 30 13 01 | 06
#0471-d177 @A: 24 30 13 10 | 03
#0472-d177 @A: 15 24 30 05 | 05
#0473-d177 @A: 21 34 08 30 | 09
#0474-d177 @A: 10 30 35 25 | 01
#0475-d177 @A: 31 03 27 22 | 10
#0476-d177 @A: 05 10 13 22 | 12
#0477-d177 @A: 13 22 35 29 | 07
#0478-d177 @A: 22 15 11 27 | 08
#0479-d177 @A: 15 12 22 09 | 04
#0480-d177 @A: 22 15 35 02 | 11
#0481-d177 @A: 21 20 22 02 | 02
#0482-d177 @A: 11 16 22 17 | 06
#0483-d177 @A: 22 32 02 09 | 03
#0484-d177 @A: 32 33 22 12 | 05
#0485-d177 @A: 32 29 07 22 | 09
#0486-d177 @A: 04 02 03 05 | 01
#0487-d177 @A: 35 04 23 03 | 10
#0488-d177 @A: 32 04 11 05 | 12
#0489-d177 @A: 05 25 04 18 | 07
#0490-d177 @A: 04 24 08 06 | 08
#0491-d177 @A: 32 04 31 20 | 04
#0492-d177 @A: 09 04 02 24 | 11
#0493-d177 @A: 07 04 17 18 | 02
#0494-d177 @A: 04 17 25 12 | 06
#0495-d177 @A: 17 01 07 04 | 03
#0496-d177 @A: 13 21 03 34 | 05
#0497-d177 @A: 35 03 05 21 | 09
#0498-d177 @A: 06 35 03 08 | 01
#0499-d177 @A: 19 10 03 15 | 10
#0500-d177 @A: 23 03 01 15 | 12
#0501-d177 @A: 09 18 03 24 | 07
#0502-d177 @A: 29 31 03 24 | 08
#0503-d177 @A: 32 23 03 31 | 04
#0504-d177 @A: 33 03 32 18 | 11
#0505-d177 @A: 18 07 03 02 | 02
#0506-d177 @A: 19 17 21 03 | 06
#0507-d177 @A: 02 03 10 01 | 03
#0508-d177 @A: 13 05 33 11 | 05
#0509-d177 @A: 20 13 17 34 | 09
#0510-d177 @A: 35 34 13 24 | 01
#0511-d177 @A: 13 35 25 11 | 10
#0512-d177 @A: 17 13 11 23 | 12
#0513-d177 @A: 33 16 13 29 | 07
#0514-d177 @A: 25 06 33 13 | 08
#0515-d177 @A: 21 18 13 25 | 04
#0516-d177 @A: 23 32 25 13 | 11
#0517-d177 @A: 21 05 15 23 | 02
#0518-d177 @A: 35 09 18 05 | 06
#0519-d177 @A: 31 17 12 05 | 03
#0520-d177 @A: 17 33 05 07 | 05
#0521-d177 @A: 05 02 17 06 | 09
#0522-d177 @A: 08 06 20 15 | 01
#0523-d177 @A: 35 15 08 25 | 10
#0524-d177 @A: 08 19 09 31 | 12
#0525-d177 @A: 08 17 25 33 | 07
#0526-d177 @A: 07 18 23 08 | 08
#0527-d177 @A: 19 10 21 08 | 04
#0528-d177 @A: 21 23 12 08 | 11
#0529-d177 @A: 07 08 10 02 | 02
#0530-d177 @A: 17 02 19 08 | 06
#0531-d177 @A: 15 27 33 20 | 03
#0532-d177 @A: 17 29 15 27 | 05
#0533-d177 @A: 11 01 32 20 | 09
#0534-d177 @A: 20 19 31 23 | 01
#0535-d177 @A: 20 21 18 23 | 10
#0536-d177 @A: 12 07 10 20 | 12
#0537-d177 @A: 32 23 20 27 | 07
#0538-d177 @A: 06 20 07 17 | 08
#0539-d177 @A: 33 16 12 24 | 04
#0540-d177 @A: 23 17 24 02 | 11
#0541-d177 @A: 32 09 17 11 | 02
#0542-d177 @A: 21 34 19 11 | 06
#0543-d177 @A: 18 33 11 23 | 03
#0544-d177 @A: 11 25 33 02 | 05
#0545-d177 @A: 17 10 06 11 | 09
#0546-d177 @A: 25 11 10 12 | 01
#0547-d177 @A: 17 02 11 27 | 10
#0548-d177 @A: 27 32 16 09 | 12
#0549-d177 @A: 31 25 33 12 | 07
#0550-d177 @A: 18 07 21 31 | 08
#0551-d177 @A: 29 31 25 02 | 04
#0552-d177 @A: 01 31 17 19 | 11
#0553-d177 @A: 19 12 35 17 | 02
#0554-d177 @A: 16 35 17 29 | 06
#0555-d177 @A: 07 32 01 35 | 03
#0556-d177 @A: 21 12 33 01 | 05
#0557-d177 @A: 25 19 21 01 | 09
#0558-d177 @A: 21 26 14 07 | 01
#0559-d177 @A: 02 26 10 14 | 10
#0560-d177 @A: 28 20 26 21 | 12
#0561-d177 @A: 26 25 05 30 | 07
#0562-d177 @A: 01 30 26 16 | 08
#0563-d177 @A: 26 22 35 21 | 04
#0564-d177 @A: 02 26 15 04 | 11
#0565-d177 @A: 32 26 20 03 | 02
#0566-d177 @A: 16 26 33 05 | 06
#0567-d177 @A: 26 01 10 08 | 03
#0568-d177 @A: 15 31 06 26 | 05
#0569-d177 @A: 10 26 21 33 | 09
#0570-d177 @A: 02 01 26 17 | 01
#0571-d177 @A: 28 17 09 14 | 10
#0572-d177 @A: 14 35 07 28 | 12
#0573-d177 @A: 14 30 04 24 | 07
#0574-d177 @A: 22 14 23 15 | 08
#0575-d177 @A: 27 14 25 04 | 04
#0576-d177 @A: 02 14 13 34 | 11
#0577-d177 @A: 08 01 14 19 | 02
#0578-d177 @A: 14 21 15 01 | 06
#0579-d177 @A: 10 14 34 11 | 03
#0580-d177 @A: 01 14 34 29 | 05
#0581-d177 @A: 21 12 06 14 | 09
#0582-d177 @A: 17 23 14 10 | 01
#0583-d177 @A: 32 29 12 14 | 10
#0584-d177 @A: 28 19 22 31 | 12
#0585-d177 @A: 07 28 04 23 | 07
#0586-d177 @A: 28 03 35 32 | 08
#0587-d177 @A: 13 28 02 35 | 04
#0588-d177 @A: 28 18 13 07 | 11
#0589-d177 @A: 11 28 10 31 | 02
#0590-d177 @A: 35 06 11 28 | 06
#0591-d177 @A: 11 34 01 28 | 03
#0592-d177 @A: 28 34 19 09 | 05
#0593-d177 @A: 35 31 28 29 | 09
#0594-d177 @A: 21 34 27 28 | 01
#0595-d177 @A: 28 21 02 17 | 10
#0596-d177 @A: 10 06 02 28 | 12
#0597-d177 @A: 12 27 28 23 | 07
#0598-d177 @A: 12 07 19 28 | 08
#0599-d177 @A: 28 06 12 01 | 04
#0600-d177 @A: 11 17 04 30 | 11
#0601-d177 @A: 03 30 11 23 | 02
#0602-d177 @A: 08 20 30 32 | 06
#0603-d177 @A: 08 11 10 30 | 03
#0604-d177 @A: 30 07 19 18 | 05
#0605-d177 @A: 12 10 30 27 | 09
#0606-d177 @A: 23 16 32 30 | 01
#0607-d177 @A: 07 30 27 25 | 10
#0608-d177 @A: 35 18 04 22 | 12
#0609-d177 @A: 03 01 22 17 | 07
#0610-d177 @A: 18 22 20 13 | 08
#0611-d177 @A: 09 24 22 13 | 04
#0612-d177 @A: 22 13 27 34 | 11
#0613-d177 @A: 05 15 17 22 | 02
#0614-d177 @A: 22 08 33 02 | 06
#0615-d177 @A: 22 08 23 27 | 03
#0616-d177 @A: 12 24 20 22 | 05
#0617-d177 @A: 25 20 34 22 | 09
#0618-d177 @A: 31 18 22 24 | 01
#0619-d177 @A: 34 22 24 02 | 10
#0620-d177 @A: 07 19 22 16 | 12
#0621-d177 @A: 22 27 29 01 | 07
#0622-d177 @A: 12 33 04 03 | 08
#0623-d177 @A: 04 03 29 32 | 04
#0624-d177 @A: 04 15 13 12 | 11
#0625-d177 @A: 04 29 05 35 | 02
#0626-d177 @A: 25 04 05 01 | 06
#0627-d177 @A: 08 11 04 12 | 03
#0628-d177 @A: 04 21 35 24 | 05
#0629-d177 @A: 09 04 29 18 | 09
#0630-d177 @A: 04 34 35 31 | 01
#0631-d177 @A: 06 10 21 04 | 10
#0632-d177 @A: 01 21 04 06 | 12
#0633-d177 @A: 10 17 04 32 | 07
#0634-d177 @A: 04 19 27 17 | 08
#0635-d177 @A: 24 03 13 02 | 04
#0636-d177 @A: 05 16 15 03 | 11
#0637-d177 @A: 10 34 08 03 | 02
#0638-d177 @A: 15 03 09 32 | 06
#0639-d177 @A: 24 03 25 35 | 03
#0640-d177 @A: 01 03 06 11 | 05
#0641-d177 @A: 32 19 03 12 | 09
#0642-d177 @A: 13 05 02 15 | 01
#0643-d177 @A: 05 07 09 13 | 10
#0644-d177 @A: 05 33 01 13 | 12
#0645-d177 @A: 31 08 13 23 | 07
#0646-d177 @A: 24 20 13 25 | 08
#0647-d177 @A: 12 29 13 24 | 04
#0648-d177 @A: 27 09 31 13 | 11
#0649-d177 @A: 10 13 35 31 | 02
#0650-d177 @A: 27 19 13 16 | 06
#0651-d177 @A: 08 15 11 05 | 03
#0652-d177 @A: 19 08 05 24 | 05
#0653-d177 @A: 15 05 12 35 | 09
#0654-d177 @A: 11 05 24 12 | 01
#0655-d177 @A: 25 31 05 09 | 10
#0656-d177 @A: 35 05 33 31 | 12
#0657-d177 @A: 01 34 05 27 | 07
#0658-d177 @A: 17 27 05 21 | 08
#0659-d177 @A: 11 27 08 09 | 04
#0660-d177 @A: 33 07 08 09 | 11
#0661-d177 @A: 31 32 35 08 | 02
#0662-d177 @A: 27 33 08 06 | 06
#0663-d177 @A: 08 17 32 23 | 03
#0664-d177 @A: 24 18 15 20 | 05
#0665-d177 @A: 11 15 20 19 | 09
#0666-d177 @A: 31 15 23 09 | 01
#0667-d177 @A: 33 15 23 10 | 10
#0668-d177 @A: 16 33 15 17 | 12
#0669-d177 @A: 02 15 25 32 | 07
#0670-d177 @A: 15 19 17 25 | 08
#0671-d177 @A: 06 15 29 19 | 04
#0672-d177 @A: 06 20 24 34 | 11
#0673-d177 @A: 31 25 35 20 | 02
#0674-d177 @A: 17 20 34 01 | 06
#0675-d177 @A: 20 02 33 16 | 03
#0676-d177 @A: 27 10 20 18 | 05
#0677-d177 @A: 18 12 29 20 | 09
#0678-d177 @A: 10 06 25 20 | 01
#0679-d177 @A: 20 12 01 07 | 10
#0680-d177 @A: 01 34 31 24 | 12
#0681-d177 @A: 24 33 17 19 | 07
#0682-d177 @A: 17 24 10 16 | 08
#0683-d177 @A: 19 24 12 23 | 04
#0684-d177 @A: 12 24 07 02 | 11
#0685-d177 @A: 16 32 24 29 | 02
#0686-d177 @A: 33 07 27 11 | 06
#0687-d177 @A: 21 23 11 07 | 03
#0688-d177 @A: 21 11 12 17 | 05
#0689-d177 @A: 27 23 11 25 | 09
#0690-d177 @A: 06 19 11 02 | 01
#0691-d177 @A: 18 33 10 09 | 10
#0692-d177 @A: 06 09 12 33 | 12
#0693-d177 @A: 09 23 12 18 | 07
#0694-d177 @A: 09 10 06 32 | 08
#0695-d177 @A: 07 35 06 31 | 04
#0696-d177 @A: 18 33 31 16 | 11
#0697-d177 @A: 23 31 06 10 | 02
#0698-d177 @A: 12 31 23 16 | 06
#0699-d177 @A: 17 31 16 02 | 03
#0700-d177 @A: 32 07 31 17 | 05
#0701-d177 @A: 34 18 32 35 | 09
#0702-d177 @A: 27 19 35 33 | 01
#0703-d177 @A: 16 23 35 25 | 10
#0704-d177 @A: 02 35 32 19 | 12
#0705-d177 @A: 29 25 33 34 | 07
#0706-d177 @A: 21 17 34 23 | 08
#0707-d177 @A: 18 07 19 01 | 04
#0708-d177 @A: 01 12 17 23 | 11
#0709-d177 @A: 28 16 22 26 | 02
#0710-d177 @A: 31 28 26 02 | 06
#0711-d177 @A: 26 22 09 03 | 03
#0712-d177 @A: 27 22 20 26 | 05
#0713-d177 @A: 03 26 17 05 | 09
#0714-d177 @A: 03 08 07 26 | 01
#0715-d177 @A: 09 26 13 29 | 10
#0716-d177 @A: 13 07 26 35 | 12
#0717-d177 @A: 31 20 05 26 | 07
#0718-d177 @A: 26 29 27 05 | 08
#0719-d177 @A: 26 34 01 15 | 04
#0720-d177 @A: 31 10 26 24 | 11
#0721-d177 @A: 26 19 18 23 | 02
#0722-d177 @A: 17 26 12 10 | 06
#0723-d177 @A: 31 32 14 28 | 03
#0724-d177 @A: 18 30 14 08 | 05
#0725-d177 @A: 15 07 04 14 | 09
#0726-d177 @A: 18 14 31 04 | 01
#0727-d177 @A: 18 15 14 05 | 10
#0728-d177 @A: 14 15 24 12 | 12
#0729-d177 @A: 14 11 06 15 | 07
#0730-d177 @A: 20 34 14 35 | 08
#0731-d177 @A: 35 09 14 06 | 04
#0732-d177 @A: 09 23 34 14 | 11
#0733-d177 @A: 17 34 14 18 | 02
#0734-d177 @A: 14 25 10 33 | 06
#0735-d177 @A: 07 14 29 33 | 03
#0736-d177 @A: 06 14 18 07 | 05
#0737-d177 @A: 14 17 07 02 | 09
#0738-d177 @A: 22 06 28 15 | 01
#0739-d177 @A: 10 34 28 22 | 10
#0740-d177 @A: 09 28 01 05 | 12
#0741-d177 @A: 28 25 18 08 | 07
#0742-d177 @A: 28 35 15 16 | 08
#0743-d177 @A: 15 12 28 34 | 04
#0744-d177 @A: 28 24 35 18 | 11
#0745-d177 @A: 33 28 10 32 | 02
#0746-d177 @A: 17 29 18 28 | 06
#0747-d177 @A: 23 19 17 28 | 03
#0748-d177 @A: 21 03 22 30 | 05
#0749-d177 @A: 31 03 18 30 | 09
#0750-d177 @A: 30 02 20 05 | 01
#0751-d177 @A: 27 15 30 34 | 10
#0752-d177 @A: 30 33 20 31 | 12
#0753-d177 @A: 18 30 11 27 | 07
#0754-d177 @A: 10 30 16 33 | 08
#0755-d177 @A: 04 15 10 22 | 04
#0756-d177 @A: 20 22 03 23 | 11
#0757-d177 @A: 03 16 12 22 | 02
#0758-d177 @A: 05 34 22 07 | 06
#0759-d177 @A: 18 05 21 22 | 03
#0760-d177 @A: 22 19 24 15 | 05
#0761-d177 @A: 11 31 22 20 | 09
#0762-d177 @A: 23 22 32 18 | 01
#0763-d177 @A: 01 12 18 22 | 10
#0764-d177 @A: 21 22 10 25 | 12
#0765-d177 @A: 21 17 06 22 | 07
#0766-d177 @A: 02 01 25 22 | 08
#0767-d177 @A: 16 29 22 25 | 04
#0768-d177 @A: 08 19 04 03 | 11
#0769-d177 @A: 13 23 04 34 | 02
#0770-d177 @A: 08 05 27 04 | 06
#0771-d177 @A: 20 17 08 04 | 03
#0772-d177 @A: 10 33 04 08 | 05
#0773-d177 @A: 33 25 04 15 | 09
#0774-d177 @A: 23 25 20 04 | 01
#0775-d177 @A: 34 04 24 18 | 10
#0776-d177 @A: 04 31 29 11 | 12
#0777-d177 @A: 01 04 11 31 | 07
#0778-d177 @A: 09 33 04 23 | 08
#0779-d177 @A: 04 27 31 10 | 04
#0780-d177 @A: 02 06 04 31 | 11
#0781-d177 @A: 33 21 17 04 | 02
#0782-d177 @A: 06 04 32 18 | 06
#0783-d177 @A: 04 27 23 06 | 03
#0784-d177 @A: 03 05 33 09 | 05
#0785-d177 @A: 03 18 11 15 | 09
#0786-d177 @A: 03 33 07 16 | 01
#0787-d177 @A: 27 19 02 03 | 10
#0788-d177 @A: 01 12 25 03 | 12
#0789-d177 @A: 11 24 13 08 | 07
#0790-d177 @A: 06 13 31 11 | 08
#0791-d177 @A: 13 12 33 18 | 04
#0792-d177 @A: 13 02 06 12 | 11
#0793-d177 @A: 13 29 06 17 | 02
#0794-d177 @A: 08 05 31 07 | 06
#0795-d177 @A: 15 20 05 32 | 03
#0796-d177 @A: 23 05 06 11 | 05
#0797-d177 @A: 05 10 33 19 | 09
#0798-d177 @A: 27 33 23 05 | 01
#0799-d177 @A: 05 29 32 17 | 10
#0800-d177 @A: 16 19 05 25 | 12
#0801-d177 @A: 15 24 08 07 | 07
#0802-d177 @A: 24 16 20 08 | 08
#0803-d177 @A: 09 18 02 08 | 04
#0804-d177 @A: 21 25 08 06 | 11
#0805-d177 @A: 12 10 16 08 | 02
#0806-d177 @A: 24 15 16 27 | 06
#0807-d177 @A: 15 02 09 34 | 03
#0808-d177 @A: 27 35 31 15 | 05
#0809-d177 @A: 15 02 06 33 | 09
#0810-d177 @A: 02 10 15 27 | 01
#0811-d177 @A: 35 33 20 09 | 10
#0812-d177 @A: 01 20 06 33 | 12
#0813-d177 @A: 07 20 16 18 | 07
#0814-d177 @A: 20 16 21 19 | 08
#0815-d177 @A: 27 21 07 20 | 04
#0816-d177 @A: 16 20 25 27 | 11
#0817-d177 @A: 20 27 19 06 | 02
#0818-d177 @A: 33 24 06 10 | 06
#0819-d177 @A: 33 25 23 24 | 03
#0820-d177 @A: 24 12 18 32 | 05
#0821-d177 @A: 32 10 24 19 | 09
#0822-d177 @A: 06 12 24 17 | 01
#0823-d177 @A: 29 10 11 18 | 10
#0824-d177 @A: 02 01 11 29 | 12
#0825-d177 @A: 09 29 33 01 | 07
#0826-d177 @A: 09 25 18 17 | 08
#0827-d177 @A: 18 09 06 27 | 04
#0828-d177 @A: 09 10 17 27 | 11
#0829-d177 @A: 02 12 17 09 | 02
#0830-d177 @A: 09 07 19 17 | 06
#0831-d177 @A: 32 31 27 33 | 03
#0832-d177 @A: 02 32 31 18 | 05
#0833-d177 @A: 06 27 31 21 | 09
#0834-d177 @A: 10 25 32 31 | 01
#0835-d177 @A: 31 12 19 02 | 10
#0836-d177 @A: 34 19 35 25 | 12
#0837-d177 @A: 18 35 27 29 | 07
#0838-d177 @A: 34 07 33 01 | 08
#0839-d177 @A: 21 18 34 06 | 04
#0840-d177 @A: 33 10 01 32 | 11
#0841-d177 @A: 29 24 26 14 | 02
#0842-d177 @A: 26 25 35 14 | 06
#0843-d177 @A: 28 19 26 05 | 03
#0844-d177 @A: 32 12 26 28 | 05
#0845-d177 @A: 04 33 26 20 | 09
#0846-d177 @A: 05 26 13 32 | 01
#0847-d177 @A: 32 31 26 01 | 10
#0848-d177 @A: 29 02 26 18 | 12
#0849-d177 @A: 27 26 23 16 | 07
#0850-d177 @A: 14 10 13 28 | 08
#0851-d177 @A: 30 11 32 14 | 04
#0852-d177 @A: 34 14 06 30 | 11
#0853-d177 @A: 02 27 14 30 | 02
#0854-d177 @A: 22 27 14 09 | 06
#0855-d177 @A: 35 12 22 14 | 03
#0856-d177 @A: 16 14 23 03 | 05
#0857-d177 @A: 13 14 08 29 | 09
#0858-d177 @A: 27 14 11 13 | 01
#0859-d177 @A: 14 01 25 09 | 10
#0860-d177 @A: 14 21 23 32 | 12
#0861-d177 @A: 01 07 23 14 | 07
#0862-d177 @A: 14 27 17 12 | 08
#0863-d177 @A: 07 14 32 16 | 04
#0864-d177 @A: 10 30 21 28 | 11
#0865-d177 @A: 32 28 22 20 | 02
#0866-d177 @A: 15 28 04 32 | 06
#0867-d177 @A: 09 28 06 04 | 03
#0868-d177 @A: 05 35 28 23 | 05
#0869-d177 @A: 18 15 23 28 | 09
#0870-d177 @A: 11 32 28 34 | 01
#0871-d177 @A: 28 19 10 27 | 10
#0872-d177 @A: 28 25 32 17 | 12
#0873-d177 @A: 25 30 08 04 | 07
#0874-d177 @A: 03 13 30 05 | 08
#0875-d177 @A: 30 02 08 03 | 04
#0876-d177 @A: 27 30 32 03 | 11
#0877-d177 @A: 12 05 30 34 | 02
#0878-d177 @A: 30 08 15 17 | 06
#0879-d177 @A: 30 07 11 20 | 03
#0880-d177 @A: 17 35 20 30 | 05
#0881-d177 @A: 30 18 24 02 | 09
#0882-d177 @A: 30 21 01 34 | 01
#0883-d177 @A: 30 17 18 23 | 10
#0884-d177 @A: 10 07 30 06 | 12
#0885-d177 @A: 27 16 06 30 | 07
#0886-d177 @A: 22 12 04 07 | 08
#0887-d177 @A: 22 03 08 18 | 04
#0888-d177 @A: 32 03 25 22 | 11
#0889-d177 @A: 31 22 13 02 | 02
#0890-d177 @A: 07 20 08 22 | 06
#0891-d177 @A: 31 22 25 15 | 03
#0892-d177 @A: 34 11 22 18 | 05
#0893-d177 @A: 07 11 02 22 | 09
#0894-d177 @A: 31 01 22 33 | 01
#0895-d177 @A: 22 01 35 12 | 10
#0896-d177 @A: 34 22 29 23 | 12
#0897-d177 @A: 06 22 18 29 | 07
#0898-d177 @A: 17 22 23 07 | 08
#0899-d177 @A: 18 03 04 13 | 04
#0900-d177 @A: 04 13 31 25 | 11
#0901-d177 @A: 05 09 04 17 | 02
#0902-d177 @A: 35 04 08 07 | 06
#0903-d177 @A: 15 10 04 01 | 03
#0904-d177 @A: 24 04 19 31 | 05
#0905-d177 @A: 34 04 16 02 | 09
#0906-d177 @A: 01 34 04 02 | 01
#0907-d177 @A: 16 33 04 32 | 10
#0908-d177 @A: 04 16 23 18 | 12
#0909-d177 @A: 16 21 04 12 | 07
#0910-d177 @A: 04 16 25 10 | 08
#0911-d177 @A: 12 32 27 04 | 04
#0912-d177 @A: 10 06 13 03 | 11
#0913-d177 @A: 12 03 10 05 | 02
#0914-d177 @A: 03 21 15 25 | 06
#0915-d177 @A: 20 07 03 35 | 03
#0916-d177 @A: 09 11 03 21 | 05
#0917-d177 @A: 03 10 23 18 | 09
#0918-d177 @A: 03 16 01 21 | 01
#0919-d177 @A: 16 03 17 32 | 10
#0920-d177 @A: 32 24 33 13 | 12
#0921-d177 @A: 01 11 19 13 | 07
#0922-d177 @A: 09 21 06 13 | 08
#0923-d177 @A: 13 01 18 31 | 04
#0924-d177 @A: 13 21 31 17 | 11
#0925-d177 @A: 27 23 21 13 | 02
#0926-d177 @A: 21 13 27 01 | 06
#0927-d177 @A: 23 29 19 13 | 03
#0928-d177 @A: 13 07 16 25 | 05
#0929-d177 @A: 08 05 25 20 | 09
#0930-d177 @A: 35 05 01 11 | 01
#0931-d177 @A: 23 05 07 02 | 10
#0932-d177 @A: 23 08 20 11 | 12
#0933-d177 @A: 20 08 35 29 | 07
#0934-d177 @A: 10 08 18 24 | 08
#0935-d177 @A: 08 01 33 17 | 04
#0936-d177 @A: 33 12 19 08 | 11
#0937-d177 @A: 08 23 02 06 | 02
#0938-d177 @A: 08 16 02 27 | 06
#0939-d177 @A: 08 06 07 12 | 03
#0940-d177 @A: 24 17 09 15 | 05
#0941-d177 @A: 23 35 15 11 | 09
#0942-d177 @A: 15 21 27 32 | 01
#0943-d177 @A: 15 27 12 06 | 10
#0944-d177 @A: 24 20 09 23 | 12
#0945-d177 @A: 29 24 33 18 | 07
#0946-d177 @A: 16 19 24 02 | 08
#0947-d177 @A: 11 09 25 19 | 04
#0948-d177 @A: 21 11 33 06 | 11
#0949-d177 @A: 33 16 19 11 | 02
#0950-d177 @A: 21 10 27 11 | 06
#0951-d177 @A: 23 11 29 12 | 03
#0952-d177 @A: 11 16 29 02 | 05
#0953-d177 @A: 09 34 31 17 | 09
#0954-d177 @A: 10 07 29 09 | 01
#0955-d177 @A: 27 09 12 29 | 10
#0956-d177 @A: 07 27 12 31 | 12
#0957-d177 @A: 16 34 35 33 | 07
#0958-d177 @A: 35 23 33 21 | 08
#0959-d177 @A: 16 10 27 35 | 04
#0960-d177 @A: 16 18 34 01 | 11
#0961-d177 @A: 17 29 10 34 | 02
#0962-d177 @A: 01 10 12 16 | 06
#0963-d177 @A: 19 22 14 26 | 03
#0964-d177 @A: 08 16 14 26 | 05
#0965-d177 @A: 14 26 11 23 | 09
#0966-d177 @A: 13 28 26 03 | 01
#0967-d177 @A: 26 04 23 30 | 10
#0968-d177 @A: 26 30 06 08 | 12
#0969-d177 @A: 33 11 30 26 | 07
#0970-d177 @A: 35 26 27 30 | 08
#0971-d177 @A: 06 26 05 22 | 04
#0972-d177 @A: 19 04 11 26 | 11
#0973-d177 @A: 26 06 34 04 | 02
#0974-d177 @A: 26 11 03 02 | 06
#0975-d177 @A: 03 12 26 21 | 03
#0976-d177 @A: 03 10 26 27 | 05
#0977-d177 @A: 13 23 24 26 | 09
#0978-d177 @A: 34 35 26 05 | 01
#0979-d177 @A: 23 12 26 05 | 10
#0980-d177 @A: 35 10 26 15 | 12
#0981-d177 @A: 02 25 26 20 | 07
#0982-d177 @A: 11 12 26 34 | 08
#0983-d177 @A: 35 26 23 09 | 04
#0984-d177 @A: 34 33 18 26 | 11
#0985-d177 @A: 27 26 21 18 | 02
#0986-d177 @A: 21 25 26 16 | 06
#0987-d177 @A: 14 28 30 33 | 03
#0988-d177 @A: 14 03 29 28 | 05
#0989-d177 @A: 14 28 12 08 | 09
#0990-d177 @A: 30 29 35 14 | 01
#0991-d177 @A: 04 14 22 32 | 10
#0992-d177 @A: 04 14 09 08 | 12
#0993-d177 @A: 12 34 14 03 | 07
#0994-d177 @A: 19 14 13 24 | 08
#0995-d177 @A: 07 05 14 27 | 04
#0996-d177 @A: 35 14 08 02 | 11
#0997-d177 @A: 15 14 29 02 | 02
#0998-d177 @A: 35 16 11 14 | 06
#0999-d177 @A: 23 35 14 31 | 03
#1000-d177 @A: 18 14 12 25 | 05
#1001-d177 @A: 28 29 04 22 | 09
#1002-d177 @A: 04 31 17 28 | 01
#1003-d177 @A: 03 16 28 08 | 10
#1004-d177 @A: 34 23 28 03 | 12
#1005-d177 @A: 01 03 18 28 | 07
#1006-d177 @A: 32 28 13 06 | 08
#1007-d177 @A: 29 05 11 28 | 04
#1008-d177 @A: 19 20 08 28 | 11
#1009-d177 @A: 09 15 28 27 | 02
#1010-d177 @A: 16 28 24 06 | 06
#1011-d177 @A: 33 11 28 12 | 03
#1012-d177 @A: 07 28 10 17 | 05
#1013-d177 @A: 07 28 16 01 | 09
#1014-d177 @A: 28 27 29 06 | 01
#1015-d177 @A: 22 13 30 08 | 10
#1016-d177 @A: 22 24 30 23 | 12
#1017-d177 @A: 22 19 32 30 | 07
#1018-d177 @A: 13 29 30 04 | 08
#1019-d177 @A: 30 06 04 05 | 04
#1020-d177 @A: 30 13 15 23 | 11
#1021-d177 @A: 20 09 30 06 | 02
#1022-d177 @A: 27 30 01 11 | 06
#1023-d177 @A: 35 01 30 06 | 03
#1024-d177 @A: 21 30 18 16 | 05
#1025-d177 @A: 06 19 23 30 | 09
#1026-d177 @A: 30 25 16 02 | 01
#1027-d177 @A: 19 01 12 30 | 10
#1028-d177 @A: 08 05 22 12 | 12
#1029-d177 @A: 20 05 33 22 | 07
#1030-d177 @A: 22 11 08 01 | 08
#1031-d177 @A: 22 06 20 35 | 04
#1032-d177 @A: 11 09 23 22 | 11
#1033-d177 @A: 23 10 22 35 | 02
#1034-d177 @A: 22 27 10 29 | 06
#1035-d177 @A: 06 27 02 22 | 03
#1036-d177 @A: 22 07 25 06 | 05
#1037-d177 @A: 16 04 24 03 | 09
#1038-d177 @A: 08 16 04 31 | 01
#1039-d177 @A: 04 11 15 21 | 10
#1040-d177 @A: 15 04 09 19 | 12
#1041-d177 @A: 27 04 18 15 | 07
#1042-d177 @A: 04 10 24 07 | 08
#1043-d177 @A: 35 04 17 02 | 04
#1044-d177 @A: 04 02 25 19 | 11
#1045-d177 @A: 04 16 06 17 | 02
#1046-d177 @A: 25 29 03 05 | 06
#1047-d177 @A: 03 15 07 17 | 03
#1048-d177 @A: 03 20 06 12 | 05
#1049-d177 @A: 32 24 03 34 | 09
#1050-d177 @A: 31 09 03 10 | 01
#1051-d177 @A: 19 03 16 31 | 10
#1052-d177 @A: 01 03 35 27 | 12
#1053-d177 @A: 02 03 32 21 | 07
#1054-d177 @A: 32 07 03 06 | 08
#1055-d177 @A: 29 13 05 31 | 04
#1056-d177 @A: 13 08 32 01 | 11
#1057-d177 @A: 09 15 16 13 | 02
#1058-d177 @A: 13 20 09 32 | 06
#1059-d177 @A: 19 33 20 13 | 03
#1060-d177 @A: 10 16 11 13 | 05
#1061-d177 @A: 34 13 12 25 | 09
#1062-d177 @A: 13 17 19 32 | 01
#1063-d177 @A: 05 29 10 15 | 10
#1064-d177 @A: 19 15 27 05 | 12
#1065-d177 @A: 05 18 11 20 | 07
#1066-d177 @A: 05 24 34 21 | 08
#1067-d177 @A: 02 33 32 05 | 04
#1068-d177 @A: 18 05 01 21 | 11
#1069-d177 @A: 07 21 05 29 | 02
#1070-d177 @A: 21 32 05 19 | 06
#1071-d177 @A: 27 06 05 10 | 03
#1072-d177 @A: 16 23 29 05 | 05
#1073-d177 @A: 08 31 18 20 | 09
#1074-d177 @A: 35 08 11 17 | 01
#1075-d177 @A: 29 08 17 31 | 10
#1076-d177 @A: 16 08 17 21 | 12
#1077-d177 @A: 27 08 25 10 | 07
#1078-d177 @A: 08 32 12 02 | 08
#1079-d177 @A: 17 27 08 07 | 04
#1080-d177 @A: 29 08 25 12 | 11
#1081-d177 @A: 10 09 11 15 | 02
#1082-d177 @A: 35 07 15 32 | 06
#1083-d177 @A: 18 15 10 06 | 03
#1084-d177 @A: 01 18 27 15 | 05
#1085-d177 @A: 20 27 17 24 | 09
#1086-d177 @A: 12 11 09 20 | 01
#1087-d177 @A: 17 29 20 09 | 10
#1088-d177 @A: 20 17 18 33 | 12
#1089-d177 @A: 10 16 23 20 | 07
#1090-d177 @A: 12 27 20 02 | 08
#1091-d177 @A: 24 25 01 06 | 04
#1092-d177 @A: 11 29 17 33 | 11
#1093-d177 @A: 02 18 11 01 | 02
#1094-d177 @A: 16 21 11 32 | 06
#1095-d177 @A: 23 11 32 02 | 03
#1096-d177 @A: 11 07 17 25 | 05
#1097-d177 @A: 11 27 32 29 | 09
#1098-d177 @A: 19 32 11 07 | 01
#1099-d177 @A: 12 09 32 21 | 10
#1100-d177 @A: 09 10 02 16 | 12
#1101-d177 @A: 17 16 23 09 | 07
#1102-d177 @A: 01 23 27 09 | 08
#1103-d177 @A: 01 07 02 09 | 04
#1104-d177 @A: 07 16 12 09 | 11
#1105-d177 @A: 17 23 31 33 | 02
#1106-d177 @A: 06 18 31 17 | 06
#1107-d177 @A: 21 02 10 31 | 03
#1108-d177 @A: 01 31 21 17 | 05
#1109-d177 @A: 31 06 32 16 | 09
#1110-d177 @A: 35 10 33 17 | 01
#1111-d177 @A: 35 33 12 07 | 10
#1112-d177 @A: 35 33 32 25 | 12
#1113-d177 @A: 25 21 35 02 | 07
#1114-d177 @A: 06 35 19 10 | 08
#1115-d177 @A: 35 27 07 02 | 04
#1116-d177 @A: 16 01 17 35 | 11
#1117-d177 @A: 25 35 17 27 | 02
#1118-d177 @A: 07 29 35 25 | 06
#1119-d177 @A: 33 27 17 34 | 03
#1120-d177 @A: 25 21 34 32 | 05
#1121-d177 @A: 27 29 02 34 | 09
#1122-d177 @A: 27 25 33 01 | 01
#1123-d177 @A: 35 28 17 26 | 10
#1124-d177 @A: 10 30 26 20 | 12
#1125-d177 @A: 30 24 26 19 | 07
#1126-d177 @A: 26 09 30 12 | 08
#1127-d177 @A: 26 34 30 02 | 04
#1128-d177 @A: 22 29 26 08 | 11
#1129-d177 @A: 13 26 33 08 | 02
#1130-d177 @A: 19 02 13 26 | 06
#1131-d177 @A: 05 07 15 26 | 03
#1132-d177 @A: 15 09 08 26 | 05
#1133-d177 @A: 11 16 26 15 | 09
#1134-d177 @A: 07 20 24 26 | 01
#1135-d177 @A: 35 26 18 20 | 10
#1136-d177 @A: 09 24 16 26 | 12
#1137-d177 @A: 01 26 11 33 | 07
#1138-d177 @A: 09 26 34 07 | 08
#1139-d177 @A: 17 18 26 32 | 04
#1140-d177 @A: 29 21 01 26 | 11
#1141-d177 @A: 29 06 26 10 | 02
#1142-d177 @A: 16 07 26 17 | 06
#1143-d177 @A: 22 14 28 18 | 03
#1144-d177 @A: 20 28 14 27 | 05
#1145-d177 @A: 30 14 20 23 | 09
#1146-d177 @A: 32 13 03 14 | 01
#1147-d177 @A: 20 14 05 03 | 10
#1148-d177 @A: 03 33 08 14 | 12
#1149-d177 @A: 14 03 15 31 | 07
#1150-d177 @A: 03 14 11 19 | 08
#1151-d177 @A: 03 27 06 14 | 04
#1152-d177 @A: 05 13 17 14 | 11
#1153-d177 @A: 14 05 31 16 | 02
#1154-d177 @A: 08 27 14 15 | 06
#1155-d177 @A: 14 32 34 15 | 03
#1156-d177 @A: 14 31 25 21 | 05
#1157-d177 @A: 14 19 33 23 | 09
#1158-d177 @A: 14 25 23 02 | 01
#1159-d177 @A: 14 16 19 17 | 10
#1160-d177 @A: 28 30 11 22 | 12
#1161-d177 @A: 28 35 30 34 | 07
#1162-d177 @A: 28 06 30 17 | 08
#1163-d177 @A: 01 21 22 28 | 04
#1164-d177 @A: 03 04 21 28 | 11
#1165-d177 @A: 04 28 20 24 | 02
#1166-d177 @A: 15 03 28 02 | 06
#1167-d177 @A: 27 24 28 03 | 03
#1168-d177 @A: 28 17 11 03 | 05
#1169-d177 @A: 28 08 17 05 | 09
#1170-d177 @A: 05 09 28 16 | 01
#1171-d177 @A: 15 28 17 20 | 10
#1172-d177 @A: 21 15 28 31 | 12
#1173-d177 @A: 20 12 35 28 | 07
#1174-d177 @A: 20 28 29 33 | 08
#1175-d177 @A: 24 28 31 12 | 04
#1176-d177 @A: 09 29 28 02 | 11
#1177-d177 @A: 33 28 02 23 | 02
#1178-d177 @A: 28 21 18 32 | 06
#1179-d177 @A: 07 27 32 28 | 03
#1180-d177 @A: 29 28 25 19 | 05
#1181-d177 @A: 22 02 04 30 | 09
#1182-d177 @A: 20 22 29 30 | 01
#1183-d177 @A: 23 04 30 01 | 10
#1184-d177 @A: 03 09 17 30 | 12
#1185-d177 @A: 33 30 03 35 | 07
#1186-d177 @A: 21 30 31 05 | 08
#1187-d177 @A: 29 30 08 07 | 04
#1188-d177 @A: 30 01 33 24 | 11
#1189-d177 @A: 30 27 09 33 | 02
#1190-d177 @A: 19 30 31 35 | 06
#1191-d177 @A: 10 32 30 18 | 03
#1192-d177 @A: 01 30 10 18 | 05
#1193-d177 @A: 05 22 04 23 | 09
#1194-d177 @A: 05 16 22 24 | 01
#1195-d177 @A: 05 22 31 32 | 10
#1196-d177 @A: 08 22 32 15 | 12
#1197-d177 @A: 22 34 09 06 | 07
#1198-d177 @A: 35 31 22 17 | 08
#1199-d177 @A: 31 12 22 34 | 04
#1200-d177 @A: 22 16 10 32 | 11
#1201-d177 @A: 27 22 25 19 | 02
#1202-d177 @A: 04 01 18 08 | 06
#1203-d177 @A: 15 04 34 17 | 03
#1204-d177 @A: 20 11 04 06 | 05
#1205-d177 @A: 34 11 04 07 | 09
#1206-d177 @A: 19 18 21 04 | 01
#1207-d177 @A: 02 10 23 04 | 10
#1208-d177 @A: 19 04 12 06 | 12
#1209-d177 @A: 13 03 19 09 | 07
#1210-d177 @A: 15 12 08 03 | 08
#1211-d177 @A: 02 03 33 10 | 04
#1212-d177 @A: 29 03 21 18 | 11
#1213-d177 @A: 18 16 03 25 | 02
#1214-d177 @A: 17 03 10 25 | 06
#1215-d177 @A: 17 12 29 03 | 03
#1216-d177 @A: 27 07 03 29 | 05
#1217-d177 @A: 05 18 23 13 | 09
#1218-d177 @A: 08 02 13 20 | 01
#1219-d177 @A: 33 13 34 09 | 10
#1220-d177 @A: 13 18 10 02 | 12
#1221-d177 @A: 13 07 32 10 | 07
#1222-d177 @A: 13 29 02 07 | 08
#1223-d177 @A: 17 13 12 07 | 04
#1224-d177 @A: 16 13 32 12 | 11
#1225-d177 @A: 01 29 13 12 | 02
#1226-d177 @A: 29 20 24 05 | 06
#1227-d177 @A: 05 31 20 01 | 03
#1228-d177 @A: 19 05 35 20 | 05
#1229-d177 @A: 24 05 35 17 | 09
#1230-d177 @A: 06 25 05 24 | 01
#1231-d177 @A: 33 05 18 06 | 10
#1232-d177 @A: 19 29 05 02 | 12
#1233-d177 @A: 20 08 09 01 | 07
#1234-d177 @A: 06 08 17 09 | 08
#1235-d177 @A: 25 32 08 16 | 04
#1236-d177 @A: 01 31 15 09 | 11
#1237-d177 @A: 15 21 18 09 | 02
#1238-d177 @A: 12 15 17 23 | 06
#1239-d177 @A: 15 23 16 19 | 03
#1240-d177 @A: 16 29 01 15 | 05
#1241-d177 @A: 20 24 32 11 | 09
#1242-d177 @A: 33 20 06 32 | 01
#1243-d177 @A: 19 20 29 32 | 10
#1244-d177 @A: 01 07 24 11 | 12
#1245-d177 @A: 12 24 10 21 | 07
#1246-d177 @A: 23 24 10 27 | 08
#1247-d177 @A: 29 25 24 10 | 04
#1248-d177 @A: 06 02 24 29 | 11
#1249-d177 @A: 29 07 17 24 | 02
#1250-d177 @A: 07 06 19 24 | 06
#1251-d177 @A: 11 09 34 35 | 03
#1252-d177 @A: 18 11 35 31 | 05
#1253-d177 @A: 09 01 19 10 | 09
#1254-d177 @A: 09 23 07 06 | 01
#1255-d177 @A: 31 10 29 33 | 10
#1256-d177 @A: 10 19 17 31 | 12
#1257-d177 @A: 10 34 35 21 | 07
#1258-d177 @A: 35 12 29 34 | 08
#1259-d177 @A: 01 35 18 33 | 04
#1260-d177 @A: 12 21 18 35 | 11
#1261-d177 @A: 19 18 10 34 | 02
#1262-d177 @A: 02 34 19 23 | 06
#1263-d177 @A: 25 16 17 34 | 03
#1264-d177 @A: 01 19 33 02 | 05
#1265-d177 @A: 07 01 10 29 | 09
#1266-d177 @A: 14 26 20 15 | 01
#1267-d177 @A: 23 08 26 28 | 10
#1268-d177 @A: 01 26 25 28 | 12
#1269-d177 @A: 26 31 30 29 | 07
#1270-d177 @A: 04 22 26 17 | 08
#1271-d177 @A: 22 26 01 24 | 04
#1272-d177 @A: 20 03 01 26 | 11
#1273-d177 @A: 24 18 05 26 | 02
#1274-d177 @A: 05 10 09 26 | 06
#1275-d177 @A: 26 24 08 21 | 03
#1276-d177 @A: 34 15 23 26 | 05
#1277-d177 @A: 01 35 09 26 | 09
#1278-d177 @A: 19 31 26 32 | 01
#1279-d177 @A: 33 26 19 25 | 10
#1280-d177 @A: 10 23 07 26 | 12
#1281-d177 @A: 06 25 12 26 | 07
#1282-d177 @A: 02 14 11 28 | 08
#1283-d177 @A: 02 14 05 24 | 04
#1284-d177 @A: 32 05 35 14 | 11
#1285-d177 @A: 08 10 06 14 | 02
#1286-d177 @A: 11 24 18 14 | 06
#1287-d177 @A: 07 34 24 14 | 03
#1288-d177 @A: 14 02 09 31 | 05
#1289-d177 @A: 14 21 10 18 | 09
#1290-d177 @A: 23 06 14 29 | 01
#1291-d177 @A: 27 29 16 14 | 10
#1292-d177 @A: 28 12 13 30 | 12
#1293-d177 @A: 08 28 01 30 | 07
#1294-d177 @A: 23 22 28 13 | 08
#1295-d177 @A: 28 35 27 22 | 04
#1296-d177 @A: 13 04 28 19 | 11
#1297-d177 @A: 02 28 04 08 | 02
#1298-d177 @A: 28 05 33 15 | 06
#1299-d177 @A: 28 08 35 33 | 03
#1300-d177 @A: 07 28 08 34 | 05
#1301-d177 @A: 32 28 23 09 | 09
#1302-d177 @A: 31 01 28 29 | 01
#1303-d177 @A: 18 28 27 33 | 10
#1304-d177 @A: 29 23 28 21 | 12
#1305-d177 @A: 10 01 28 17 | 07
#1306-d177 @A: 10 09 22 30 | 08
#1307-d177 @A: 04 10 03 30 | 04
#1308-d177 @A: 30 25 20 03 | 11
#1309-d177 @A: 30 13 32 35 | 02
#1310-d177 @A: 33 30 02 13 | 06
#1311-d177 @A: 35 05 07 30 | 03
#1312-d177 @A: 01 30 29 05 | 05
#1313-d177 @A: 09 15 30 07 | 09
#1314-d177 @A: 21 30 20 24 | 01
#1315-d177 @A: 34 19 30 20 | 10
#1316-d177 @A: 30 02 09 35 | 12
#1317-d177 @A: 17 30 21 07 | 07
#1318-d177 @A: 25 29 17 30 | 08
#1319-d177 @A: 16 04 22 13 | 04
#1320-d177 @A: 27 24 22 04 | 11
#1321-d177 @A: 10 24 22 03 | 02
#1322-d177 @A: 35 03 22 19 | 06
#1323-d177 @A: 33 34 03 22 | 03
#1324-d177 @A: 11 13 12 22 | 05
#1325-d177 @A: 13 32 22 21 | 09
#1326-d177 @A: 22 05 25 35 | 01
#1327-d177 @A: 22 19 01 05 | 10
#1328-d177 @A: 22 01 07 15 | 12
#1329-d177 @A: 25 22 17 24 | 07
#1330-d177 @A: 12 06 10 22 | 08
#1331-d177 @A: 25 22 23 12 | 04
#1332-d177 @A: 16 22 32 01 | 11
#1333-d177 @A: 20 07 13 04 | 02
#1334-d177 @A: 16 20 05 04 | 06
#1335-d177 @A: 04 20 12 34 | 03
#1336-d177 @A: 16 04 11 09 | 05
#1337-d177 @A: 32 09 35 04 | 09
#1338-d177 @A: 12 04 01 09 | 01
#1339-d177 @A: 27 29 04 33 | 10
#1340-d177 @A: 33 06 07 04 | 12
#1341-d177 @A: 04 02 12 29 | 07
#1342-d177 @A: 13 07 03 01 | 08
#1343-d177 @A: 34 05 03 27 | 04
#1344-d177 @A: 29 11 03 08 | 11
#1345-d177 @A: 23 03 24 15 | 02
#1346-d177 @A: 35 15 34 03 | 06
#1347-d177 @A: 20 31 03 17 | 03
#1348-d177 @A: 11 35 12 03 | 05
#1349-d177 @A: 06 11 34 03 | 09
#1350-d177 @A: 03 35 27 09 | 01
#1351-d177 @A: 34 03 07 31 | 10
#1352-d177 @A: 03 18 06 19 | 12
#1353-d177 @A: 12 03 02 25 | 07
#1354-d177 @A: 13 35 06 05 | 08
#1355-d177 @A: 19 34 13 05 | 04
#1356-d177 @A: 15 21 13 08 | 11
#1357-d177 @A: 06 24 13 15 | 02
#1358-d177 @A: 15 11 32 13 | 06
#1359-d177 @A: 07 31 24 13 | 03
#1360-d177 @A: 12 13 10 23 | 05
#1361-d177 @A: 08 34 18 05 | 09
#1362-d177 @A: 31 05 10 18 | 01
#1363-d177 @A: 16 17 18 05 | 10
#1364-d177 @A: 12 18 05 19 | 12
#1365-d177 @A: 05 21 16 10 | 07
#1366-d177 @A: 34 15 16 08 | 08
#1367-d177 @A: 31 08 24 33 | 04
#1368-d177 @A: 08 34 11 02 | 11
#1369-d177 @A: 01 34 08 25 | 02
#1370-d177 @A: 16 33 23 08 | 06
#1371-d177 @A: 17 12 08 18 | 03
#1372-d177 @A: 27 08 19 29 | 05
#1373-d177 @A: 25 01 20 15 | 09
#1374-d177 @A: 15 19 31 34 | 01
#1375-d177 @A: 32 16 18 15 | 10
#1376-d177 @A: 18 15 29 25 | 12
#1377-d177 @A: 21 16 15 06 | 07
#1378-d177 @A: 20 21 34 09 | 08
#1379-d177 @A: 32 16 20 35 | 04
#1380-d177 @A: 06 20 18 02 | 11
#1381-d177 @A: 18 20 25 19 | 02
#1382-d177 @A: 20 01 06 29 | 06
#1383-d177 @A: 31 24 21 11 | 03
#1384-d177 @A: 31 09 06 24 | 05
#1385-d177 @A: 24 35 31 16 | 09
#1386-d177 @A: 27 16 31 11 | 01
#1387-d177 @A: 19 23 10 11 | 10
#1388-d177 @A: 10 34 25 09 | 12
#1389-d177 @A: 09 18 32 19 | 07
#1390-d177 @A: 09 25 27 21 | 08
#1391-d177 @A: 21 19 09 29 | 04
#1392-d177 @A: 31 35 02 01 | 11
#1393-d177 @A: 31 33 07 02 | 02
#1394-d177 @A: 18 25 31 27 | 06
#1395-d177 @A: 29 02 35 33 | 03
#1396-d177 @A: 35 06 25 18 | 05
#1397-d177 @A: 07 18 29 34 | 09
#1398-d177 @A: 34 07 23 16 | 01
#1399-d177 @A: 34 06 27 25 | 10
#1400-d177 @A: 06 29 34 32 | 12
#1401-d177 @A: 32 23 29 01 | 07
#1402-d177 @A: 27 12 01 02 | 08
#1403-d177 @A: 06 26 28 14 | 04
#1404-d177 @A: 26 14 04 05 | 11
#1405-d177 @A: 14 26 03 18 | 02
#1406-d177 @A: 26 28 24 15 | 06
#1407-d177 @A: 04 03 26 31 | 03
#1408-d177 @A: 07 29 26 04 | 05
#1409-d177 @A: 13 20 06 26 | 09
#1410-d177 @A: 31 08 26 27 | 01
#1411-d177 @A: 19 26 09 20 | 10
#1412-d177 @A: 16 34 20 26 | 12
#1413-d177 @A: 17 11 26 24 | 07
#1414-d177 @A: 32 26 35 11 | 08
#1415-d177 @A: 09 26 02 27 | 04
#1416-d177 @A: 25 31 17 26 | 11
#1417-d177 @A: 26 33 02 17 | 02
#1418-d177 @A: 27 26 12 33 | 06
#1419-d177 @A: 04 16 14 28 | 03
#1420-d177 @A: 25 34 28 14 | 05
#1421-d177 @A: 14 13 31 30 | 09
#1422-d177 @A: 03 22 02 14 | 01
#1423-d177 @A: 07 31 14 22 | 10
#1424-d177 @A: 14 29 04 10 | 12
#1425-d177 @A: 23 05 08 14 | 07
#1426-d177 @A: 31 08 11 14 | 08
#1427-d177 @A: 17 14 35 15 | 04
#1428-d177 @A: 15 14 16 10 | 11
#1429-d177 @A: 12 14 01 24 | 02
#1430-d177 @A: 25 24 14 16 | 06
#1431-d177 @A: 14 12 07 11 | 03
#1432-d177 @A: 12 33 14 02 | 05
#1433-d177 @A: 18 16 14 02 | 09
#1434-d177 @A: 07 30 28 02 | 01
#1435-d177 @A: 28 25 33 22 | 10
#1436-d177 @A: 09 11 13 28 | 12
#1437-d177 @A: 34 28 13 16 | 07
#1438-d177 @A: 31 28 27 05 | 08
#1439-d177 @A: 28 15 10 08 | 04
#1440-d177 @A: 28 34 20 02 | 11
#1441-d177 @A: 32 24 28 02 | 02
#1442-d177 @A: 01 35 34 28 | 06
#1443-d177 @A: 01 32 28 02 | 03
#1444-d177 @A: 09 01 30 22 | 05
#1445-d177 @A: 04 19 30 33 | 09
#1446-d177 @A: 03 30 15 06 | 01
#1447-d177 @A: 03 01 31 30 | 10
#1448-d177 @A: 25 09 13 30 | 12
#1449-d177 @A: 11 16 05 30 | 07
#1450-d177 @A: 19 30 08 16 | 08
#1451-d177 @A: 02 19 30 15 | 04
#1452-d177 @A: 20 30 01 10 | 11
#1453-d177 @A: 12 30 06 11 | 02
#1454-d177 @A: 18 09 30 34 | 06
#1455-d177 @A: 30 25 33 18 | 03
#1456-d177 @A: 32 30 33 21 | 05
#1457-d177 @A: 30 07 33 23 | 09
#1458-d177 @A: 30 21 23 25 | 01
#1459-d177 @A: 30 19 10 29 | 10
#1460-d177 @A: 30 06 32 25 | 12
#1461-d177 @A: 04 25 22 11 | 07
#1462-d177 @A: 10 13 01 22 | 08
#1463-d177 @A: 09 05 19 22 | 04
#1464-d177 @A: 08 22 16 06 | 11
#1465-d177 @A: 20 17 22 19 | 02
#1466-d177 @A: 35 24 32 22 | 06
#1467-d177 @A: 21 07 24 22 | 03
#1468-d177 @A: 22 11 35 33 | 05
#1469-d177 @A: 02 22 18 25 | 09
#1470-d177 @A: 12 27 22 21 | 01
#1471-d177 @A: 19 12 22 29 | 10
#1472-d177 @A: 03 05 01 04 | 12
#1473-d177 @A: 17 13 24 04 | 07
#1474-d177 @A: 13 09 04 10 | 08
#1475-d177 @A: 29 21 04 20 | 04
#1476-d177 @A: 27 04 09 34 | 11
#1477-d177 @A: 04 23 31 21 | 02
#1478-d177 @A: 01 16 33 04 | 06
#1479-d177 @A: 13 23 03 33 | 03
#1480-d177 @A: 24 07 05 03 | 05
#1481-d177 @A: 24 03 17 08 | 09
#1482-d177 @A: 20 03 34 18 | 01
#1483-d177 @A: 10 21 07 03 | 10
#1484-d177 @A: 08 13 35 18 | 12
#1485-d177 @A: 33 13 31 15 | 07
#1486-d177 @A: 01 35 13 24 | 08
#1487-d177 @A: 21 12 13 19 | 04
#1488-d177 @A: 07 27 06 13 | 11
#1489-d177 @A: 15 09 06 05 | 02
#1490-d177 @A: 09 05 11 02 | 06
#1491-d177 @A: 05 23 32 10 | 03
#1492-d177 @A: 23 10 01 05 | 05
#1493-d177 @A: 12 05 27 16 | 09
#1494-d177 @A: 25 05 32 27 | 01
#1495-d177 @A: 31 15 08 02 | 10
#1496-d177 @A: 01 08 35 15 | 12
#1497-d177 @A: 20 08 34 33 | 07
#1498-d177 @A: 35 24 12 08 | 08
#1499-d177 @A: 32 34 09 08 | 04
#1500-d177 @A: 08 21 35 27 | 11
#1501-d177 @A: 18 08 32 27 | 02
#1502-d177 @A: 08 21 02 01 | 06
#1503-d177 @A: 25 09 20 15 | 03
#1504-d177 @A: 20 07 31 15 | 05
#1505-d177 @A: 15 31 32 24 | 09
#1506-d177 @A: 31 17 15 11 | 01
#1507-d177 @A: 31 15 29 16 | 10
#1508-d177 @A: 33 21 12 15 | 12
#1509-d177 @A: 12 29 15 07 | 07
#1510-d177 @A: 01 27 24 20 | 08
#1511-d177 @A: 27 11 34 20 | 04
#1512-d177 @A: 18 01 23 20 | 11
#1513-d177 @A: 11 24 07 35 | 02
#1514-d177 @A: 16 11 34 24 | 06
#1515-d177 @A: 02 10 24 11 | 03
#1516-d177 @A: 24 18 21 17 | 05
#1517-d177 @A: 24 32 06 21 | 09
#1518-d177 @A: 07 11 09 18 | 01
#1519-d177 @A: 12 11 16 18 | 10
#1520-d177 @A: 25 11 32 18 | 12
#1521-d177 @A: 11 29 21 25 | 07
#1522-d177 @A: 09 10 23 21 | 08
#1523-d177 @A: 23 25 29 09 | 04
#1524-d177 @A: 19 21 33 31 | 11
#1525-d177 @A: 23 31 29 18 | 02
#1526-d177 @A: 06 23 31 01 | 06
#1527-d177 @A: 27 01 07 31 | 03
#1528-d177 @A: 34 23 27 35 | 05
#1529-d177 @A: 17 34 35 07 | 09
#1530-d177 @A: 18 07 35 10 | 01
#1531-d177 @A: 16 35 07 21 | 10
#1532-d177 @A: 21 29 06 35 | 12
#1533-d177 @A: 12 16 06 35 | 07
#1534-d177 @A: 34 33 02 21 | 08
#1535-d177 @A: 12 34 17 32 | 04
#1536-d177 @A: 12 16 34 19 | 11
#1537-d177 @A: 01 10 07 21 | 02
#1538-d177 @A: 27 06 17 01 | 06
#1539-d177 @A: 27 34 14 26 | 03
#1540-d177 @A: 11 26 28 27 | 05
#1541-d177 @A: 26 30 07 22 | 09
#1542-d177 @A: 16 26 03 30 | 01
#1543-d177 @A: 26 04 09 25 | 10
#1544-d177 @A: 16 04 35 26 | 12
#1545-d177 @A: 21 32 04 26 | 07
#1546-d177 @A: 23 25 26 03 | 08
#1547-d177 @A: 34 26 10 13 | 04
#1548-d177 @A: 13 26 23 01 | 11
#1549-d177 @A: 26 11 21 05 | 02
#1550-d177 @A: 26 32 08 10 | 06
#1551-d177 @A: 25 27 15 26 | 03
#1552-d177 @A: 26 20 11 29 | 05
#1553-d177 @A: 31 26 09 18 | 09
#1554-d177 @A: 31 34 21 26 | 01
#1555-d177 @A: 35 33 26 06 | 10
#1556-d177 @A: 26 01 10 27 | 12
#1557-d177 @A: 02 07 06 26 | 07
#1558-d177 @A: 26 29 25 32 | 08
#1559-d177 @A: 14 30 02 01 | 04
#1560-d177 @A: 04 14 11 33 | 11
#1561-d177 @A: 03 24 14 21 | 02
#1562-d177 @A: 33 03 14 01 | 06
#1563-d177 @A: 34 33 14 05 | 03
#1564-d177 @A: 20 21 08 14 | 05
#1565-d177 @A: 14 20 06 31 | 09
#1566-d177 @A: 32 18 20 14 | 01
#1567-d177 @A: 14 35 27 24 | 10
#1568-d177 @A: 14 09 16 21 | 12
#1569-d177 @A: 14 19 31 27 | 07
#1570-d177 @A: 04 27 30 28 | 08
#1571-d177 @A: 30 05 32 28 | 04
#1572-d177 @A: 28 23 31 30 | 11
#1573-d177 @A: 28 18 04 11 | 02
#1574-d177 @A: 04 28 34 33 | 06
#1575-d177 @A: 28 09 03 12 | 03
#1576-d177 @A: 06 03 25 28 | 05
#1577-d177 @A: 28 24 21 13 | 09
#1578-d177 @A: 20 07 28 05 | 01
#1579-d177 @A: 06 28 34 05 | 10
#1580-d177 @A: 06 31 28 08 | 12
#1581-d177 @A: 07 15 11 28 | 07
#1582-d177 @A: 28 01 33 15 | 08
#1583-d177 @A: 20 28 01 19 | 04
#1584-d177 @A: 16 31 25 28 | 11
#1585-d177 @A: 16 28 10 18 | 02
#1586-d177 @A: 15 33 22 30 | 06
#1587-d177 @A: 34 22 30 17 | 03
#1588-d177 @A: 18 12 22 30 | 05
#1589-d177 @A: 35 30 12 04 | 09
#1590-d177 @A: 30 34 29 03 | 01
#1591-d177 @A: 30 13 27 20 | 10
#1592-d177 @A: 05 18 29 30 | 12
#1593-d177 @A: 24 30 11 09 | 07
#1594-d177 @A: 30 24 35 06 | 08
#1595-d177 @A: 30 02 32 29 | 04
#1596-d177 @A: 07 30 01 25 | 11
#1597-d177 @A: 04 22 31 33 | 02
#1598-d177 @A: 05 22 11 03 | 06
#1599-d177 @A: 09 16 22 18 | 03
#1600-d177 @A: 18 33 19 22 | 05
#1601-d177 @A: 17 18 10 22 | 09
#1602-d177 @A: 03 04 27 11 | 01
#1603-d177 @A: 08 04 13 32 | 10
#1604-d177 @A: 04 05 31 15 | 12
#1605-d177 @A: 04 24 05 33 | 07
#1606-d177 @A: 04 24 15 29 | 08
#1607-d177 @A: 35 27 20 04 | 04
#1608-d177 @A: 12 04 09 31 | 11
#1609-d177 @A: 12 10 04 18 | 02
#1610-d177 @A: 27 04 21 02 | 06
#1611-d177 @A: 04 17 29 23 | 03
#1612-d177 @A: 04 27 32 01 | 05
#1613-d177 @A: 31 13 03 12 | 09
#1614-d177 @A: 19 05 23 03 | 01
#1615-d177 @A: 08 03 09 23 | 10
#1616-d177 @A: 25 03 11 31 | 12
#1617-d177 @A: 03 11 10 32 | 07
#1618-d177 @A: 03 09 06 29 | 08
#1619-d177 @A: 19 29 33 03 | 04
#1620-d177 @A: 12 03 18 27 | 11
#1621-d177 @A: 03 10 29 16 | 02
#1622-d177 @A: 12 07 23 03 | 06
#1623-d177 @A: 05 13 24 27 | 03
#1624-d177 @A: 08 13 07 19 | 05
#1625-d177 @A: 19 35 13 15 | 09
#1626-d177 @A: 13 23 20 35 | 01
#1627-d177 @A: 16 24 18 13 | 10
#1628-d177 @A: 16 01 13 09 | 12
#1629-d177 @A: 07 21 13 33 | 07
#1630-d177 @A: 10 29 13 21 | 08
#1631-d177 @A: 13 23 06 16 | 04
#1632-d177 @A: 13 02 01 06 | 11
#1633-d177 @A: 13 25 01 17 | 02
#1634-d177 @A: 29 13 25 27 | 06
#1635-d177 @A: 08 10 35 05 | 03
#1636-d177 @A: 05 15 34 25 | 05
#1637-d177 @A: 05 09 27 20 | 09
#1638-d177 @A: 06 21 20 05 | 01
#1639-d177 @A: 32 09 05 24 | 10
#1640-d177 @A: 05 02 35 16 | 12
#1641-d177 @A: 34 05 16 32 | 07
#1642-d177 @A: 12 29 33 05 | 08
#1643-d177 @A: 12 05 02 21 | 04
#1644-d177 @A: 08 19 18 15 | 11
#1645-d177 @A: 18 11 06 08 | 02
#1646-d177 @A: 09 16 08 35 | 06
#1647-d177 @A: 31 08 01 12 | 03
#1648-d177 @A: 08 18 33 21 | 05
#1649-d177 @A: 34 20 29 15 | 09
#1650-d177 @A: 02 23 15 20 | 01
#1651-d177 @A: 34 11 33 15 | 10
#1652-d177 @A: 35 29 09 15 | 12
#1653-d177 @A: 19 32 33 15 | 07
#1654-d177 @A: 21 15 17 10 | 08
#1655-d177 @A: 10 25 15 07 | 04
#1656-d177 @A: 27 07 15 23 | 11
#1657-d177 @A: 15 17 06 32 | 02
#1658-d177 @A: 25 12 15 16 | 06
#1659-d177 @A: 21 20 01 35 | 03
#1660-d177 @A: 10 21 20 32 | 05
#1661-d177 @A: 21 20 17 25 | 09
#1662-d177 @A: 20 02 10 29 | 01
#1663-d177 @A: 29 07 23 20 | 10
#1664-d177 @A: 19 07 20 02 | 12
#1665-d177 @A: 12 20 25 32 | 07
#1666-d177 @A: 33 09 24 21 | 08
#1667-d177 @A: 27 09 07 24 | 04
#1668-d177 @A: 35 24 29 23 | 11
#1669-d177 @A: 21 19 24 25 | 02
#1670-d177 @A: 24 07 23 32 | 06
#1671-d177 @A: 12 31 11 32 | 03
#1672-d177 @A: 19 35 11 29 | 05
#1673-d177 @A: 18 11 02 21 | 09
#1674-d177 @A: 25 06 16 11 | 01
#1675-d177 @A: 11 25 16 01 | 10
#1676-d177 @A: 32 25 07 09 | 12
#1677-d177 @A: 10 07 16 31 | 07
#1678-d177 @A: 29 12 06 31 | 08
#1679-d177 @A: 06 31 19 25 | 04
#1680-d177 @A: 07 23 35 19 | 11
#1681-d177 @A: 06 32 27 35 | 02
#1682-d177 @A: 23 18 34 25 | 06
#1683-d177 @A: 34 18 12 02 | 03
#1684-d177 @A: 12 07 34 21 | 05
#1685-d177 @A: 16 29 34 21 | 09
#1686-d177 @A: 10 34 16 06 | 01
#1687-d177 @A: 10 06 01 34 | 10
#1688-d177 @A: 34 23 12 06 | 12
#1689-d177 @A: 19 01 27 16 | 07
