#0001-d310 @A: 31 28 34 19 | 10
#0002-d310 @A: 19 28 13 07 | 11
#0003-d310 @A: 27 11 28 33 | 07
#0004-d310 @A: 04 34 15 28 | 06
#0005-d310 @A: 28 34 21 16 | 12
#0006-d310 @A: 28 16 04 22 | 08
#0007-d310 @A: 28 21 17 25 | 03
#0008-d310 @A: 29 28 17 07 | 05
#0009-d310 @A: 03 17 16 28 | 04
#0010-d310 @A: 28 11 14 12 | 02
#0011-d310 @A: 32 27 07 28 | 09
#0012-d310 @A: 15 28 30 21 | 01
#0013-d310 @A: 15 28 32 18 | 10
#0014-d310 @A: 28 29 32 24 | 11
#0015-d310 @A: 30 28 23 03 | 07
#0016-d310 @A: 22 28 20 15 | 06
#0017-d310 @A: 30 28 02 15 | 12
#0018-d310 @A: 28 30 18 24 | 08
#0019-d310 @A: 29 11 15 28 | 03
#0020-d310 @A: 22 24 12 28 | 05
#0021-d310 @A: 33 32 19 25 | 04
#0022-d310 @A: 10 29 19 33 | 02
#0023-d310 @A: 19 11 04 35 | 09
#0024-d310 @A: 16 19 17 31 | 01
#0025-d310 @A: 27 23 19 17 | 10
#0026-d310 @A: 17 08 19 03 | 11
#0027-d310 @A: 14 13 19 32 | 07
#0028-d310 @A: 13 19 25 11 | 06
#0029-d310 @A: 30 19 13 12 | 12
#0030-d310 @A: 19 01 35 23 | 08
#0031-d310 @A: 21 30 22 19 | 03
#0032-d310 @A: 32 19 12 31 | 05
#0033-d310 @A: 33 34 26 06 | 04
#0034-d310 @A: 12 16 26 33 | 02
#0035-d310 @A: 01 33 03 26 | 09
#0036-d310 @A: 34 05 08 26 | 01
#0037-d310 @A: 34 35 21 26 | 10
#0038-d310 @A: 04 18 26 13 | 11
#0039-d310 @A: 04 26 07 16 | 07
#0040-d310 @A: 05 26 13 30 | 06
#0041-d310 @A: 05 22 26 09 | 12
#0042-d310 @A: 26 03 14 27 | 08
#0043-d310 @A: 26 08 06 13 | 03
#0044-d310 @A: 35 06 26 07 | 05
#0045-d310 @A: 26 06 24 03 | 04
#0046-d310 @A: 32 11 26 21 | 02
#0047-d310 @A: 26 23 08 29 | 09
#0048-d310 @A: 26 11 22 03 | 01
#0049-d310 @A: 26 02 24 08 | 10
#0050-d310 @A: 30 34 33 04 | 11
#0051-d310 @A: 03 09 14 33 | 07
#0052-d310 @A: 06 20 25 33 | 06
#0053-d310 @A: 21 33 01 07 | 12
#0054-d310 @A: 31 07 33 10 | 08
#0055-d310 @A: 01 33 09 18 | 03
#0056-d310 @A: 01 24 33 10 | 05
#0057-d310 @A: 10 03 33 20 | 04
#0058-d310 @A: 32 03 15 33 | 02
#0059-d310 @A: 08 23 33 15 | 09
#0060-d310 @A: 03 33 24 18 | 01
#0061-d310 @A: 02 33 31 22 | 10
#0062-d310 @A: 24 11 29 33 | 11
#0063-d310 @A: 04 14 34 03 | 07
#0064-d310 @A: 16 05 34 20 | 06
#0065-d310 @A: 31 27 05 34 | 12
#0066-d310 @A: 07 34 32 17 | 08
#0067-d310 @A: 34 09 17 16 | 03
#0068-d310 @A: 34 17 06 22 | 05
#0069-d310 @A: 17 01 30 34 | 04
#0070-d310 @A: 10 17 34 11 | 02
#0071-d310 @A: 02 17 20 34 | 09
#0072-d310 @A: 34 14 21 07 | 01
#0073-d310 @A: 34 14 32 23 | 10
#0074-d310 @A: 27 34 13 30 | 11
#0075-d310 @A: 06 34 01 07 | 07
#0076-d310 @A: 34 27 08 09 | 06
#0077-d310 @A: 32 12 34 29 | 12
#0078-d310 @A: 34 22 11 23 | 08
#0079-d310 @A: 30 34 03 24 | 03
#0080-d310 @A: 16 14 21 04 | 05
#0081-d310 @A: 04 25 22 06 | 04
#0082-d310 @A: 16 30 09 04 | 02
#0083-d310 @A: 04 01 31 16 | 09
#0084-d310 @A: 16 32 04 10 | 01
#0085-d310 @A: 12 04 06 01 | 10
#0086-d310 @A: 06 27 20 04 | 11
#0087-d310 @A: 04 29 32 18 | 07
#0088-d310 @A: 30 12 04 22 | 06
#0089-d310 @A: 04 18 08 30 | 12
#0090-d310 @A: 35 04 15 22 | 08
#0091-d310 @A: 11 04 02 18 | 03
#0092-d310 @A: 05 18 14 25 | 05
#0093-d310 @A: 05 01 14 29 | 04
#0094-d310 @A: 05 12 35 14 | 02
#0095-d310 @A: 06 05 13 32 | 09
#0096-d310 @A: 13 09 18 05 | 01
#0097-d310 @A: 05 22 29 07 | 10
#0098-d310 @A: 10 05 09 02 | 11
#0099-d310 @A: 27 15 32 05 | 07
#0100-d310 @A: 15 05 11 03 | 06
#0101-d310 @A: 31 08 05 35 | 12
#0102-d310 @A: 25 17 01 03 | 08
#0103-d310 @A: 25 17 08 31 | 03
#0104-d310 @A: 16 13 17 29 | 05
#0105-d310 @A: 17 24 02 09 | 04
#0106-d310 @A: 11 20 21 17 | 02
#0107-d310 @A: 20 17 30 32 | 09
#0108-d310 @A: 24 17 29 03 | 01
#0109-d310 @A: 27 14 20 25 | 10
#0110-d310 @A: 14 10 25 32 | 11
#0111-d310 @A: 14 12 25 29 | 07
#0112-d310 @A: 13 14 12 20 | 06
#0113-d310 @A: 06 16 22 14 | 12
#0114-d310 @A: 14 16 35 29 | 08
#0115-d310 @A: 14 06 08 20 | 03
#0116-d310 @A: 14 27 09 32 | 05
#0117-d310 @A: 22 15 01 14 | 04
#0118-d310 @A: 24 15 14 32 | 02
#0119-d310 @A: 20 03 14 02 | 09
#0120-d310 @A: 32 13 31 25 | 01
#0121-d310 @A: 16 25 21 01 | 10
#0122-d310 @A: 10 06 25 30 | 11
#0123-d310 @A: 27 23 25 11 | 07
#0124-d310 @A: 31 25 35 03 | 06
#0125-d310 @A: 15 31 30 25 | 12
#0126-d310 @A: 13 21 07 11 | 08
#0127-d310 @A: 18 13 16 01 | 03
#0128-d310 @A: 13 11 24 16 | 05
#0129-d310 @A: 06 10 21 13 | 04
#0130-d310 @A: 24 13 23 29 | 02
#0131-d310 @A: 07 16 03 09 | 09
#0132-d310 @A: 07 32 15 21 | 01
#0133-d310 @A: 24 31 23 07 | 10
#0134-d310 @A: 07 12 02 29 | 11
#0135-d310 @A: 02 10 16 01 | 07
#0136-d310 @A: 08 32 35 16 | 06
#0137-d310 @A: 20 11 16 03 | 12
#0138-d310 @A: 18 15 06 09 | 08
#0139-d310 @A: 15 09 02 06 | 03
#0140-d310 @A: 27 12 31 06 | 05
#0141-d310 @A: 21 03 06 32 | 04
#0142-d310 @A: 21 30 35 06 | 02
#0143-d310 @A: 11 23 06 20 | 09
#0144-d310 @A: 15 22 23 06 | 01
#0145-d310 @A: 06 15 29 20 | 10
#0146-d310 @A: 31 09 21 30 | 11
#0147-d310 @A: 27 01 30 02 | 07
#0148-d310 @A: 01 11 32 35 | 06
#0149-d310 @A: 18 12 23 01 | 12
#0150-d310 @A: 01 20 24 08 | 08
#0151-d310 @A: 29 01 18 24 | 03
#0152-d310 @A: 20 18 12 27 | 05
#0153-d310 @A: 27 31 30 18 | 04
#0154-d310 @A: 12 27 08 35 | 02
#0155-d310 @A: 22 10 23 08 | 09
#0156-d310 @A: 15 24 35 10 | 01
#0157-d310 @A: 31 21 30 02 | 10
#0158-d310 @A: 17 19 28 22 | 11
#0159-d310 @A: 06 19 28 03 | 07
#0160-d310 @A: 28 18 19 09 | 06
#0161-d310 @A: 03 04 28 33 | 12
#0162-d310 @A: 28 21 33 06 | 08
#0163-d310 @A: 28 30 10 33 | 03
#0164-d310 @A: 28 02 24 33 | 05
#0165-d310 @A: 28 09 34 05 | 04
#0166-d310 @A: 34 14 29 28 | 02
#0167-d310 @A: 25 12 34 28 | 09
#0168-d310 @A: 28 27 34 23 | 01
#0169-d310 @A: 28 06 04 31 | 10
#0170-d310 @A: 10 04 29 28 | 11
#0171-d310 @A: 04 02 28 31 | 07
#0172-d310 @A: 28 05 29 16 | 06
#0173-d310 @A: 13 28 15 17 | 12
#0174-d310 @A: 28 03 17 02 | 08
#0175-d310 @A: 28 13 27 20 | 03
#0176-d310 @A: 22 31 13 28 | 05
#0177-d310 @A: 16 28 01 20 | 04
#0178-d310 @A: 09 01 32 28 | 02
#0179-d310 @A: 28 08 10 09 | 09
#0180-d310 @A: 28 11 32 23 | 01
#0181-d310 @A: 30 28 32 12 | 10
#0182-d310 @A: 22 35 28 29 | 11
#0183-d310 @A: 26 19 31 13 | 07
#0184-d310 @A: 30 26 06 19 | 06
#0185-d310 @A: 19 30 02 33 | 12
#0186-d310 @A: 15 19 25 34 | 08
#0187-d310 @A: 19 04 13 08 | 03
#0188-d310 @A: 19 21 02 05 | 05
#0189-d310 @A: 18 02 19 05 | 04
#0190-d310 @A: 19 17 25 12 | 02
#0191-d310 @A: 17 30 10 19 | 09
#0192-d310 @A: 24 01 19 14 | 01
#0193-d310 @A: 27 07 10 19 | 10
#0194-d310 @A: 16 02 22 19 | 11
#0195-d310 @A: 06 22 08 19 | 07
#0196-d310 @A: 20 21 19 35 | 06
#0197-d310 @A: 31 19 08 20 | 12
#0198-d310 @A: 18 19 24 08 | 08
#0199-d310 @A: 26 24 33 07 | 03
#0200-d310 @A: 26 34 12 04 | 05
#0201-d310 @A: 34 26 01 31 | 04
#0202-d310 @A: 26 01 07 17 | 02
#0203-d310 @A: 02 14 09 26 | 09
#0204-d310 @A: 10 22 26 13 | 01
#0205-d310 @A: 32 26 27 16 | 10
#0206-d310 @A: 20 01 06 26 | 11
#0207-d310 @A: 21 23 24 26 | 07
#0208-d310 @A: 09 20 34 33 | 06
#0209-d310 @A: 29 04 14 33 | 12
#0210-d310 @A: 04 09 23 33 | 08
#0211-d310 @A: 33 04 08 01 | 03
#0212-d310 @A: 27 04 22 33 | 05
#0213-d310 @A: 13 14 33 16 | 04
#0214-d310 @A: 30 33 14 07 | 02
#0215-d310 @A: 07 25 18 33 | 09
#0216-d310 @A: 33 01 13 20 | 01
#0217-d310 @A: 32 27 33 13 | 10
#0218-d310 @A: 09 33 29 07 | 11
#0219-d310 @A: 32 33 06 11 | 07
#0220-d310 @A: 27 29 02 33 | 06
#0221-d310 @A: 02 10 33 23 | 12
#0222-d310 @A: 18 23 21 33 | 08
#0223-d310 @A: 22 03 33 30 | 03
#0224-d310 @A: 03 31 29 33 | 05
#0225-d310 @A: 30 35 33 24 | 04
#0226-d310 @A: 14 34 05 06 | 02
#0227-d310 @A: 34 05 01 11 | 09
#0228-d310 @A: 29 31 34 17 | 01
#0229-d310 @A: 31 06 34 25 | 10
#0230-d310 @A: 02 08 13 34 | 11
#0231-d310 @A: 22 07 16 34 | 07
#0232-d310 @A: 34 07 29 27 | 06
#0233-d310 @A: 07 34 35 10 | 12
#0234-d310 @A: 34 16 23 08 | 08
#0235-d310 @A: 18 34 06 29 | 03
#0236-d310 @A: 10 22 34 01 | 05
#0237-d310 @A: 01 34 23 24 | 04
#0238-d310 @A: 27 03 20 34 | 02
#0239-d310 @A: 34 21 31 32 | 09
#0240-d310 @A: 34 23 21 12 | 01
#0241-d310 @A: 34 21 24 11 | 10
#0242-d310 @A: 32 18 34 03 | 11
#0243-d310 @A: 35 34 32 30 | 07
#0244-d310 @A: 20 34 30 31 | 06
#0245-d310 @A: 30 15 12 34 | 12
#0246-d310 @A: 32 17 05 04 | 08
#0247-d310 @A: 04 25 07 15 | 03
#0248-d310 @A: 16 04 29 25 | 05
#0249-d310 @A: 27 04 16 23 | 04
#0250-d310 @A: 04 01 10 27 | 02
#0251-d310 @A: 10 02 30 04 | 09
#0252-d310 @A: 23 04 11 30 | 01
#0253-d310 @A: 24 27 05 17 | 10
#0254-d310 @A: 05 08 16 14 | 11
#0255-d310 @A: 21 14 09 05 | 07
#0256-d310 @A: 05 07 27 08 | 06
#0257-d310 @A: 24 05 23 11 | 12
#0258-d310 @A: 05 03 30 12 | 08
#0259-d310 @A: 17 08 09 14 | 03
#0260-d310 @A: 02 17 18 25 | 05
#0261-d310 @A: 17 02 06 31 | 04
#0262-d310 @A: 12 17 31 03 | 02
#0263-d310 @A: 17 35 11 12 | 09
#0264-d310 @A: 12 22 21 14 | 01
#0265-d310 @A: 14 02 23 32 | 10
#0266-d310 @A: 14 22 30 23 | 11
#0267-d310 @A: 20 29 11 14 | 07
#0268-d310 @A: 25 29 13 07 | 06
#0269-d310 @A: 09 07 25 02 | 12
#0270-d310 @A: 25 03 10 16 | 08
#0271-d310 @A: 01 31 25 09 | 03
#0272-d310 @A: 21 32 25 23 | 05
#0273-d310 @A: 25 08 29 22 | 04
#0274-d310 @A: 18 24 25 35 | 02
#0275-d310 @A: 25 18 29 02 | 09
#0276-d310 @A: 13 07 06 31 | 01
#0277-d310 @A: 35 13 09 07 | 10
#0278-d310 @A: 09 13 01 03 | 11
#0279-d310 @A: 18 13 21 31 | 07
#0280-d310 @A: 27 02 07 23 | 06
#0281-d310 @A: 11 20 07 32 | 12
#0282-d310 @A: 24 08 32 07 | 08
#0283-d310 @A: 07 35 23 15 | 03
#0284-d310 @A: 23 07 11 08 | 05
#0285-d310 @A: 18 11 07 03 | 04
#0286-d310 @A: 24 10 16 06 | 02
#0287-d310 @A: 06 29 11 16 | 09
#0288-d310 @A: 16 22 20 23 | 01
#0289-d310 @A: 20 18 31 16 | 10
#0290-d310 @A: 08 18 03 16 | 11
#0291-d310 @A: 02 31 18 16 | 07
#0292-d310 @A: 10 01 03 06 | 06
#0293-d310 @A: 06 31 23 10 | 12
#0294-d310 @A: 24 32 06 22 | 08
#0295-d310 @A: 12 30 24 06 | 03
#0296-d310 @A: 02 12 30 06 | 05
#0297-d310 @A: 22 12 11 09 | 04
#0298-d310 @A: 24 09 18 11 | 02
#0299-d310 @A: 02 01 15 31 | 09
#0300-d310 @A: 08 01 22 11 | 01
#0301-d310 @A: 20 21 27 15 | 10
#0302-d310 @A: 27 03 31 08 | 11
#0303-d310 @A: 30 10 22 32 | 07
#0304-d310 @A: 10 22 02 18 | 06
#0305-d310 @A: 35 02 21 11 | 12
#0306-d310 @A: 05 19 32 28 | 08
#0307-d310 @A: 19 28 08 23 | 03
#0308-d310 @A: 14 26 28 31 | 05
#0309-d310 @A: 35 28 17 34 | 04
#0310-d310 @A: 07 34 11 28 | 02
#0311-d310 @A: 09 35 04 28 | 09
#0312-d310 @A: 14 07 28 01 | 01
#0313-d310 @A: 32 28 14 16 | 10
#0314-d310 @A: 25 28 07 22 | 11
#0315-d310 @A: 31 28 09 07 | 07
#0316-d310 @A: 15 03 28 07 | 06
#0317-d310 @A: 22 28 06 10 | 12
#0318-d310 @A: 30 11 28 09 | 08
#0319-d310 @A: 28 03 29 18 | 03
#0320-d310 @A: 08 30 29 28 | 05
#0321-d310 @A: 26 18 01 19 | 04
#0322-d310 @A: 35 34 19 33 | 02
#0323-d310 @A: 24 22 33 19 | 09
#0324-d310 @A: 19 02 34 29 | 01
#0325-d310 @A: 19 30 07 04 | 10
#0326-d310 @A: 19 17 18 05 | 11
#0327-d310 @A: 17 07 19 24 | 07
#0328-d310 @A: 19 02 14 15 | 06
#0329-d310 @A: 27 15 19 13 | 12
#0330-d310 @A: 10 13 19 18 | 08
#0331-d310 @A: 19 08 09 07 | 03
#0332-d310 @A: 07 19 29 01 | 05
#0333-d310 @A: 15 19 01 16 | 04
#0334-d310 @A: 24 19 29 21 | 02
#0335-d310 @A: 08 19 12 21 | 09
#0336-d310 @A: 32 19 23 20 | 01
#0337-d310 @A: 32 30 24 19 | 10
#0338-d310 @A: 08 03 19 02 | 11
#0339-d310 @A: 03 19 29 12 | 07
#0340-d310 @A: 29 15 19 35 | 06
#0341-d310 @A: 26 34 20 10 | 12
#0342-d310 @A: 25 26 04 30 | 08
#0343-d310 @A: 07 20 05 26 | 03
#0344-d310 @A: 26 21 05 01 | 05
#0345-d310 @A: 02 13 26 21 | 04
#0346-d310 @A: 20 26 09 27 | 02
#0347-d310 @A: 01 35 24 26 | 09
#0348-d310 @A: 12 15 32 26 | 01
#0349-d310 @A: 31 20 26 11 | 10
#0350-d310 @A: 18 26 15 35 | 11
#0351-d310 @A: 26 02 22 29 | 07
#0352-d310 @A: 34 03 16 33 | 06
#0353-d310 @A: 33 34 01 29 | 12
#0354-d310 @A: 34 18 31 33 | 08
#0355-d310 @A: 33 32 07 04 | 03
#0356-d310 @A: 30 25 33 05 | 05
#0357-d310 @A: 06 03 05 33 | 04
#0358-d310 @A: 14 32 33 12 | 02
#0359-d310 @A: 08 16 33 24 | 09
#0360-d310 @A: 24 21 20 33 | 01
#0361-d310 @A: 32 31 08 33 | 10
#0362-d310 @A: 03 35 33 23 | 11
#0363-d310 @A: 33 35 08 02 | 07
#0364-d310 @A: 29 05 34 04 | 06
#0365-d310 @A: 01 21 04 34 | 12
#0366-d310 @A: 34 22 08 04 | 08
#0367-d310 @A: 13 05 12 34 | 03
#0368-d310 @A: 24 22 05 34 | 05
#0369-d310 @A: 16 34 27 18 | 04
#0370-d310 @A: 09 34 03 06 | 02
#0371-d310 @A: 23 20 35 34 | 09
#0372-d310 @A: 22 29 20 34 | 01
#0373-d310 @A: 24 18 20 34 | 10
#0374-d310 @A: 34 12 11 20 | 11
#0375-d310 @A: 34 29 11 30 | 07
#0376-d310 @A: 17 06 30 04 | 06
#0377-d310 @A: 14 01 04 13 | 12
#0378-d310 @A: 06 16 03 04 | 08
#0379-d310 @A: 23 15 21 04 | 03
#0380-d310 @A: 04 32 23 31 | 05
#0381-d310 @A: 23 04 22 24 | 04
#0382-d310 @A: 31 12 04 24 | 02
#0383-d310 @A: 10 05 17 23 | 09
#0384-d310 @A: 13 23 05 35 | 01
#0385-d310 @A: 05 09 30 07 | 10
#0386-d310 @A: 05 21 16 06 | 11
#0387-d310 @A: 29 05 02 06 | 07
#0388-d310 @A: 21 18 32 05 | 06
#0389-d310 @A: 08 05 24 21 | 12
#0390-d310 @A: 12 31 05 21 | 08
#0391-d310 @A: 23 05 02 24 | 03
#0392-d310 @A: 03 22 08 05 | 05
#0393-d310 @A: 24 30 05 29 | 04
#0394-d310 @A: 10 29 25 17 | 02
#0395-d310 @A: 13 27 17 31 | 09
#0396-d310 @A: 16 27 02 17 | 01
#0397-d310 @A: 31 02 17 10 | 10
#0398-d310 @A: 17 32 23 35 | 11
#0399-d310 @A: 17 15 32 11 | 07
#0400-d310 @A: 20 12 23 17 | 06
#0401-d310 @A: 11 31 17 24 | 12
#0402-d310 @A: 24 35 08 17 | 08
#0403-d310 @A: 35 07 14 25 | 03
#0404-d310 @A: 14 23 09 25 | 05
#0405-d310 @A: 13 09 14 29 | 04
#0406-d310 @A: 06 01 14 31 | 02
#0407-d310 @A: 24 30 14 27 | 09
#0408-d310 @A: 24 18 10 14 | 01
#0409-d310 @A: 21 30 18 14 | 10
#0410-d310 @A: 14 35 18 11 | 11
#0411-d310 @A: 07 25 10 21 | 07
#0412-d310 @A: 06 21 25 18 | 06
#0413-d310 @A: 02 15 25 21 | 12
#0414-d310 @A: 15 25 11 08 | 08
#0415-d310 @A: 18 29 25 31 | 03
#0416-d310 @A: 01 13 15 06 | 05
#0417-d310 @A: 31 10 13 01 | 04
#0418-d310 @A: 21 13 24 15 | 02
#0419-d310 @A: 12 13 35 32 | 09
#0420-d310 @A: 30 13 08 24 | 01
#0421-d310 @A: 27 30 07 06 | 10
#0422-d310 @A: 22 07 32 12 | 11
#0423-d310 @A: 08 31 07 30 | 07
#0424-d310 @A: 22 08 02 07 | 06
#0425-d310 @A: 16 08 27 06 | 12
#0426-d310 @A: 09 22 10 16 | 08
#0427-d310 @A: 21 09 23 16 | 03
#0428-d310 @A: 11 35 16 22 | 05
#0429-d310 @A: 29 21 23 06 | 04
#0430-d310 @A: 35 21 24 09 | 02
#0431-d310 @A: 18 23 02 09 | 09
#0432-d310 @A: 31 09 12 23 | 01
#0433-d310 @A: 15 09 31 08 | 10
#0434-d310 @A: 23 08 32 01 | 11
#0435-d310 @A: 01 03 08 35 | 07
#0436-d310 @A: 03 02 01 29 | 06
#0437-d310 @A: 27 32 03 30 | 12
#0438-d310 @A: 22 15 27 31 | 08
#0439-d310 @A: 10 20 31 32 | 03
#0440-d310 @A: 24 10 11 32 | 05
#0441-d310 @A: 23 03 10 15 | 04
#0442-d310 @A: 22 10 15 18 | 02
#0443-d310 @A: 02 31 32 08 | 09
#0444-d310 @A: 35 32 02 18 | 01
#0445-d310 @A: 12 18 02 03 | 10
#0446-d310 @A: 33 15 19 28 | 11
#0447-d310 @A: 28 25 26 03 | 07
#0448-d310 @A: 15 28 27 26 | 06
#0449-d310 @A: 17 23 28 33 | 12
#0450-d310 @A: 10 28 18 34 | 08
#0451-d310 @A: 34 30 28 22 | 03
#0452-d310 @A: 05 13 28 21 | 05
#0453-d310 @A: 28 25 01 11 | 04
#0454-d310 @A: 31 28 25 27 | 02
#0455-d310 @A: 25 10 15 28 | 09
#0456-d310 @A: 13 12 28 23 | 01
#0457-d310 @A: 24 09 16 28 | 10
#0458-d310 @A: 28 21 32 10 | 11
#0459-d310 @A: 21 28 31 35 | 07
#0460-d310 @A: 05 12 26 19 | 06
#0461-d310 @A: 33 19 14 20 | 12
#0462-d310 @A: 19 33 06 18 | 08
#0463-d310 @A: 11 19 30 33 | 03
#0464-d310 @A: 02 19 27 04 | 05
#0465-d310 @A: 06 19 14 35 | 04
#0466-d310 @A: 18 14 19 27 | 02
#0467-d310 @A: 25 10 19 31 | 09
#0468-d310 @A: 19 24 06 27 | 01
#0469-d310 @A: 02 20 06 19 | 10
#0470-d310 @A: 10 19 09 03 | 11
#0471-d310 @A: 19 35 09 02 | 07
#0472-d310 @A: 03 19 27 01 | 06
#0473-d310 @A: 02 24 01 19 | 12
#0474-d310 @A: 09 26 33 25 | 08
#0475-d310 @A: 32 02 26 05 | 03
#0476-d310 @A: 14 17 26 35 | 05
#0477-d310 @A: 07 08 26 14 | 04
#0478-d310 @A: 25 23 06 26 | 02
#0479-d310 @A: 26 18 30 16 | 09
#0480-d310 @A: 09 08 26 01 | 01
#0481-d310 @A: 26 10 31 09 | 10
#0482-d310 @A: 01 12 27 26 | 11
#0483-d310 @A: 21 26 18 20 | 07
#0484-d310 @A: 26 32 24 20 | 06
#0485-d310 @A: 31 26 03 15 | 12
#0486-d310 @A: 24 11 15 26 | 08
#0487-d310 @A: 34 23 33 05 | 03
#0488-d310 @A: 34 02 33 09 | 05
#0489-d310 @A: 07 35 05 33 | 04
#0490-d310 @A: 01 35 33 16 | 02
#0491-d310 @A: 33 23 30 29 | 09
#0492-d310 @A: 33 31 22 35 | 01
#0493-d310 @A: 07 04 09 34 | 10
#0494-d310 @A: 03 07 34 05 | 11
#0495-d310 @A: 34 14 20 17 | 07
#0496-d310 @A: 22 25 14 34 | 06
#0497-d310 @A: 34 14 16 24 | 12
#0498-d310 @A: 13 35 01 34 | 08
#0499-d310 @A: 34 11 08 32 | 03
#0500-d310 @A: 34 08 03 15 | 05
#0501-d310 @A: 30 34 02 35 | 04
#0502-d310 @A: 12 34 02 11 | 02
#0503-d310 @A: 34 12 08 18 | 09
#0504-d310 @A: 22 04 21 05 | 01
#0505-d310 @A: 31 20 07 04 | 10
#0506-d310 @A: 09 04 22 01 | 11
#0507-d310 @A: 09 10 11 04 | 07
#0508-d310 @A: 09 03 21 04 | 06
#0509-d310 @A: 15 04 08 32 | 12
#0510-d310 @A: 29 24 04 15 | 08
#0511-d310 @A: 04 15 08 02 | 03
#0512-d310 @A: 25 17 05 35 | 05
#0513-d310 @A: 21 05 03 17 | 04
#0514-d310 @A: 11 05 14 10 | 02
#0515-d310 @A: 06 05 01 35 | 09
#0516-d310 @A: 09 27 11 05 | 01
#0517-d310 @A: 21 05 11 35 | 10
#0518-d310 @A: 31 15 23 05 | 11
#0519-d310 @A: 30 20 05 02 | 07
#0520-d310 @A: 25 30 07 17 | 06
#0521-d310 @A: 13 09 24 17 | 12
#0522-d310 @A: 17 06 35 27 | 08
#0523-d310 @A: 17 06 03 15 | 03
#0524-d310 @A: 01 11 09 17 | 05
#0525-d310 @A: 09 15 17 27 | 04
#0526-d310 @A: 08 17 22 15 | 02
#0527-d310 @A: 22 18 24 17 | 09
#0528-d310 @A: 14 18 13 07 | 01
#0529-d310 @A: 11 14 27 06 | 10
#0530-d310 @A: 20 01 32 14 | 11
#0531-d310 @A: 02 11 14 10 | 07
#0532-d310 @A: 15 30 14 29 | 06
#0533-d310 @A: 14 12 18 15 | 12
#0534-d310 @A: 10 01 35 25 | 08
#0535-d310 @A: 22 25 21 31 | 03
#0536-d310 @A: 25 11 21 29 | 05
#0537-d310 @A: 32 18 11 25 | 04
#0538-d310 @A: 20 31 23 25 | 02
#0539-d310 @A: 25 22 03 23 | 09
#0540-d310 @A: 25 23 30 12 | 01
#0541-d310 @A: 31 11 25 12 | 10
#0542-d310 @A: 13 20 09 06 | 11
#0543-d310 @A: 13 30 06 22 | 07
#0544-d310 @A: 02 09 13 01 | 06
#0545-d310 @A: 27 13 08 18 | 12
#0546-d310 @A: 23 21 13 22 | 08
#0547-d310 @A: 13 02 03 30 | 03
#0548-d310 @A: 24 31 13 03 | 05
#0549-d310 @A: 31 15 35 13 | 04
#0550-d310 @A: 10 07 16 29 | 02
#0551-d310 @A: 09 22 07 06 | 09
#0552-d310 @A: 07 27 18 24 | 01
#0553-d310 @A: 21 02 29 07 | 10
#0554-d310 @A: 02 30 07 24 | 11
#0555-d310 @A: 15 22 07 24 | 07
#0556-d310 @A: 21 16 35 03 | 06
#0557-d310 @A: 30 16 21 11 | 12
#0558-d310 @A: 23 24 16 02 | 08
#0559-d310 @A: 12 35 16 20 | 03
#0560-d310 @A: 32 06 30 23 | 05
#0561-d310 @A: 22 18 09 23 | 04
#0562-d310 @A: 08 24 22 09 | 02
#0563-d310 @A: 27 08 29 01 | 09
#0564-d310 @A: 01 24 22 03 | 01
#0565-d310 @A: 35 27 21 18 | 10
#0566-d310 @A: 20 27 32 08 | 11
#0567-d310 @A: 27 08 24 23 | 07
#0568-d310 @A: 18 27 03 22 | 06
#0569-d310 @A: 02 10 08 21 | 12
#0570-d310 @A: 12 10 24 23 | 08
#0571-d310 @A: 30 20 10 18 | 03
#0572-d310 @A: 11 31 10 18 | 05
#0573-d310 @A: 23 28 07 26 | 04
#0574-d310 @A: 28 01 30 26 | 02
#0575-d310 @A: 33 24 28 05 | 09
#0576-d310 @A: 01 05 04 28 | 01
#0577-d310 @A: 07 04 21 28 | 10
#0578-d310 @A: 10 31 28 05 | 11
#0579-d310 @A: 08 14 28 13 | 07
#0580-d310 @A: 06 09 29 28 | 06
#0581-d310 @A: 28 06 01 08 | 12
#0582-d310 @A: 28 35 15 01 | 08
#0583-d310 @A: 31 28 01 18 | 03
#0584-d310 @A: 21 08 18 28 | 05
#0585-d310 @A: 21 33 19 26 | 04
#0586-d310 @A: 16 03 26 19 | 02
#0587-d310 @A: 15 19 09 26 | 09
#0588-d310 @A: 27 26 19 08 | 01
#0589-d310 @A: 11 19 02 26 | 10
#0590-d310 @A: 33 05 08 19 | 11
#0591-d310 @A: 17 33 01 19 | 07
#0592-d310 @A: 27 33 19 12 | 06
#0593-d310 @A: 34 19 09 11 | 12
#0594-d310 @A: 03 22 04 19 | 08
#0595-d310 @A: 21 19 10 14 | 03
#0596-d310 @A: 15 07 06 19 | 05
#0597-d310 @A: 07 19 35 12 | 04
#0598-d310 @A: 16 11 19 27 | 02
#0599-d310 @A: 20 10 19 06 | 09
#0600-d310 @A: 19 24 15 31 | 01
#0601-d310 @A: 11 24 12 19 | 10
#0602-d310 @A: 17 22 26 33 | 11
#0603-d310 @A: 02 26 25 33 | 07
#0604-d310 @A: 34 07 26 18 | 06
#0605-d310 @A: 05 04 26 23 | 12
#0606-d310 @A: 10 04 26 21 | 08
#0607-d310 @A: 05 26 16 11 | 03
#0608-d310 @A: 26 06 02 10 | 05
#0609-d310 @A: 12 04 33 17 | 04
#0610-d310 @A: 13 33 24 04 | 02
#0611-d310 @A: 02 33 17 13 | 09
#0612-d310 @A: 11 07 17 33 | 01
#0613-d310 @A: 09 17 33 35 | 10
#0614-d310 @A: 32 29 33 17 | 11
#0615-d310 @A: 25 03 27 33 | 07
#0616-d310 @A: 10 33 23 25 | 06
#0617-d310 @A: 31 24 33 25 | 12
#0618-d310 @A: 35 18 29 33 | 08
#0619-d310 @A: 34 17 24 04 | 03
#0620-d310 @A: 05 32 34 25 | 05
#0621-d310 @A: 05 15 34 02 | 04
#0622-d310 @A: 25 34 18 13 | 02
#0623-d310 @A: 20 01 25 34 | 09
#0624-d310 @A: 13 34 31 16 | 01
#0625-d310 @A: 09 22 13 34 | 10
#0626-d310 @A: 34 08 30 06 | 11
#0627-d310 @A: 22 34 03 35 | 07
#0628-d310 @A: 08 29 35 34 | 06
#0629-d310 @A: 05 04 31 25 | 12
#0630-d310 @A: 04 16 17 15 | 08
#0631-d310 @A: 06 14 18 04 | 03
#0632-d310 @A: 04 35 14 32 | 05
#0633-d310 @A: 04 24 01 25 | 04
#0634-d310 @A: 04 13 32 11 | 02
#0635-d310 @A: 20 04 13 02 | 09
#0636-d310 @A: 06 29 07 04 | 01
#0637-d310 @A: 18 27 09 04 | 10
#0638-d310 @A: 04 01 03 23 | 11
#0639-d310 @A: 04 03 24 32 | 07
#0640-d310 @A: 04 08 23 35 | 06
#0641-d310 @A: 35 31 04 30 | 12
#0642-d310 @A: 11 08 04 24 | 08
#0643-d310 @A: 05 14 23 27 | 03
#0644-d310 @A: 07 31 05 16 | 05
#0645-d310 @A: 24 05 06 07 | 04
#0646-d310 @A: 21 07 05 23 | 02
#0647-d310 @A: 05 18 10 16 | 09
#0648-d310 @A: 10 05 29 06 | 01
#0649-d310 @A: 05 09 24 10 | 10
#0650-d310 @A: 10 08 01 05 | 11
#0651-d310 @A: 12 32 23 05 | 07
#0652-d310 @A: 23 18 05 30 | 06
#0653-d310 @A: 18 05 15 24 | 12
#0654-d310 @A: 14 13 30 17 | 08
#0655-d310 @A: 17 21 02 14 | 03
#0656-d310 @A: 25 06 17 16 | 05
#0657-d310 @A: 06 18 13 17 | 04
#0658-d310 @A: 09 18 07 17 | 02
#0659-d310 @A: 17 27 10 16 | 09
#0660-d310 @A: 32 01 02 17 | 01
#0661-d310 @A: 15 17 35 02 | 10
#0662-d310 @A: 17 22 12 02 | 11
#0663-d310 @A: 08 11 29 17 | 07
#0664-d310 @A: 27 15 14 16 | 06
#0665-d310 @A: 03 06 29 14 | 12
#0666-d310 @A: 32 21 29 14 | 08
#0667-d310 @A: 23 14 15 11 | 03
#0668-d310 @A: 13 25 10 24 | 05
#0669-d310 @A: 01 07 25 32 | 04
#0670-d310 @A: 16 25 22 27 | 02
#0671-d310 @A: 16 20 32 25 | 09
#0672-d310 @A: 09 25 30 32 | 01
#0673-d310 @A: 25 15 29 09 | 10
#0674-d310 @A: 11 22 25 10 | 11
#0675-d310 @A: 25 02 35 10 | 07
#0676-d310 @A: 32 03 25 08 | 06
#0677-d310 @A: 24 12 32 25 | 12
#0678-d310 @A: 25 23 35 29 | 08
#0679-d310 @A: 30 13 09 10 | 03
#0680-d310 @A: 06 18 16 07 | 05
#0681-d310 @A: 15 16 07 11 | 04
#0682-d310 @A: 10 18 07 08 | 02
#0683-d310 @A: 07 22 03 21 | 09
#0684-d310 @A: 21 35 08 07 | 01
#0685-d310 @A: 03 12 07 08 | 10
#0686-d310 @A: 31 07 18 12 | 11
#0687-d310 @A: 16 32 09 02 | 07
#0688-d310 @A: 16 08 09 11 | 06
#0689-d310 @A: 27 12 03 16 | 12
#0690-d310 @A: 16 32 23 15 | 08
#0691-d310 @A: 23 29 18 16 | 03
#0692-d310 @A: 08 16 29 31 | 05
#0693-d310 @A: 02 23 03 06 | 04
#0694-d310 @A: 12 23 06 35 | 02
#0695-d310 @A: 11 31 06 22 | 09
#0696-d310 @A: 06 35 24 02 | 01
#0697-d310 @A: 18 31 06 08 | 10
#0698-d310 @A: 09 31 22 20 | 11
#0699-d310 @A: 11 31 09 03 | 07
#0700-d310 @A: 31 01 23 21 | 06
#0701-d310 @A: 15 01 03 21 | 12
#0702-d310 @A: 15 01 30 24 | 08
#0703-d310 @A: 01 22 31 30 | 03
#0704-d310 @A: 01 31 12 08 | 05
#0705-d310 @A: 10 08 15 27 | 04
#0706-d310 @A: 21 03 27 23 | 02
#0707-d310 @A: 22 21 27 08 | 09
#0708-d310 @A: 03 24 27 35 | 01
#0709-d310 @A: 35 11 15 27 | 10
#0710-d310 @A: 30 23 21 10 | 11
#0711-d310 @A: 35 21 12 10 | 07
#0712-d310 @A: 31 22 10 24 | 06
#0713-d310 @A: 02 35 21 03 | 12
#0714-d310 @A: 02 20 08 23 | 08
#0715-d310 @A: 02 22 11 30 | 03
#0716-d310 @A: 16 12 19 28 | 05
#0717-d310 @A: 28 11 10 19 | 04
#0718-d310 @A: 20 28 26 04 | 02
#0719-d310 @A: 33 34 08 28 | 09
#0720-d310 @A: 33 16 31 28 | 01
#0721-d310 @A: 28 11 04 17 | 10
#0722-d310 @A: 28 32 25 04 | 11
#0723-d310 @A: 28 35 03 05 | 07
#0724-d310 @A: 27 28 17 08 | 06
#0725-d310 @A: 28 10 03 13 | 12
#0726-d310 @A: 13 10 28 02 | 08
#0727-d310 @A: 35 28 13 11 | 03
#0728-d310 @A: 02 18 28 01 | 05
#0729-d310 @A: 28 27 21 29 | 04
#0730-d310 @A: 12 21 03 28 | 02
#0731-d310 @A: 28 21 22 11 | 09
#0732-d310 @A: 08 28 32 22 | 01
#0733-d310 @A: 26 34 19 32 | 10
#0734-d310 @A: 19 20 17 26 | 11
#0735-d310 @A: 07 19 20 34 | 07
#0736-d310 @A: 05 21 25 19 | 06
#0737-d310 @A: 20 27 19 05 | 12
#0738-d310 @A: 19 13 35 17 | 08
#0739-d310 @A: 07 25 23 19 | 03
#0740-d310 @A: 19 20 09 16 | 05
#0741-d310 @A: 32 19 15 10 | 04
#0742-d310 @A: 19 21 15 18 | 02
#0743-d310 @A: 22 19 32 35 | 09
#0744-d310 @A: 33 26 35 13 | 01
#0745-d310 @A: 33 26 10 27 | 10
#0746-d310 @A: 15 33 26 29 | 11
#0747-d310 @A: 27 26 11 34 | 07
#0748-d310 @A: 04 03 08 26 | 06
#0749-d310 @A: 26 10 17 24 | 12
#0750-d310 @A: 26 14 25 15 | 08
#0751-d310 @A: 16 14 20 26 | 03
#0752-d310 @A: 10 26 08 25 | 05
#0753-d310 @A: 09 32 07 26 | 04
#0754-d310 @A: 01 22 16 26 | 02
#0755-d310 @A: 02 16 03 26 | 09
#0756-d310 @A: 21 22 06 26 | 01
#0757-d310 @A: 01 12 02 26 | 10
#0758-d310 @A: 03 30 26 21 | 11
#0759-d310 @A: 23 18 26 32 | 07
#0760-d310 @A: 29 26 30 20 | 06
#0761-d310 @A: 11 29 26 12 | 12
#0762-d310 @A: 33 25 34 17 | 08
#0763-d310 @A: 11 14 33 34 | 03
#0764-d310 @A: 15 33 10 34 | 05
#0765-d310 @A: 18 10 04 33 | 04
#0766-d310 @A: 14 05 33 17 | 02
#0767-d310 @A: 01 33 05 32 | 09
#0768-d310 @A: 18 33 11 05 | 01
#0769-d310 @A: 13 17 03 33 | 10
#0770-d310 @A: 31 30 33 13 | 11
#0771-d310 @A: 33 23 16 07 | 07
#0772-d310 @A: 31 33 11 23 | 06
#0773-d310 @A: 33 18 02 15 | 12
#0774-d310 @A: 33 35 11 08 | 08
#0775-d310 @A: 34 02 07 04 | 03
#0776-d310 @A: 13 34 15 14 | 05
#0777-d310 @A: 07 08 25 34 | 04
#0778-d310 @A: 11 34 06 13 | 02
#0779-d310 @A: 02 27 34 22 | 09
#0780-d310 @A: 08 21 20 34 | 01
#0781-d310 @A: 34 29 21 03 | 10
#0782-d310 @A: 23 15 34 29 | 11
#0783-d310 @A: 11 34 18 15 | 07
#0784-d310 @A: 02 18 34 24 | 06
#0785-d310 @A: 04 30 05 14 | 12
#0786-d310 @A: 04 20 09 17 | 08
#0787-d310 @A: 32 25 02 04 | 03
#0788-d310 @A: 04 13 31 09 | 05
#0789-d310 @A: 13 29 27 04 | 04
#0790-d310 @A: 04 08 10 06 | 02
#0791-d310 @A: 04 01 30 29 | 09
#0792-d310 @A: 32 04 21 30 | 01
#0793-d310 @A: 20 29 04 23 | 10
#0794-d310 @A: 18 04 20 15 | 11
#0795-d310 @A: 12 29 04 35 | 07
#0796-d310 @A: 25 05 06 12 | 06
#0797-d310 @A: 05 25 29 27 | 12
#0798-d310 @A: 05 13 03 02 | 08
#0799-d310 @A: 05 16 32 09 | 03
#0800-d310 @A: 06 18 05 20 | 05
#0801-d310 @A: 05 18 03 01 | 04
#0802-d310 @A: 30 20 21 05 | 02
#0803-d310 @A: 30 32 05 08 | 09
#0804-d310 @A: 17 21 14 06 | 01
#0805-d310 @A: 22 17 25 09 | 10
#0806-d310 @A: 17 01 13 21 | 11
#0807-d310 @A: 17 06 07 23 | 07
#0808-d310 @A: 10 17 15 07 | 06
#0809-d310 @A: 16 01 08 17 | 12
#0810-d310 @A: 03 09 17 30 | 08
#0811-d310 @A: 32 31 17 01 | 03
#0812-d310 @A: 11 22 17 27 | 05
#0813-d310 @A: 17 35 20 31 | 04
#0814-d310 @A: 30 15 35 17 | 02
#0815-d310 @A: 35 14 10 13 | 09
#0816-d310 @A: 03 13 14 23 | 01
#0817-d310 @A: 14 31 13 11 | 10
#0818-d310 @A: 27 14 02 06 | 11
#0819-d310 @A: 14 12 09 10 | 07
#0820-d310 @A: 24 08 14 29 | 06
#0821-d310 @A: 25 08 16 13 | 12
#0822-d310 @A: 13 25 35 27 | 08
#0823-d310 @A: 25 12 13 21 | 03
#0824-d310 @A: 12 07 25 27 | 05
#0825-d310 @A: 22 25 32 15 | 04
#0826-d310 @A: 03 30 29 25 | 02
#0827-d310 @A: 13 07 03 30 | 09
#0828-d310 @A: 06 13 16 35 | 01
#0829-d310 @A: 02 15 16 13 | 10
#0830-d310 @A: 13 09 32 23 | 11
#0831-d310 @A: 13 11 01 27 | 07
#0832-d310 @A: 13 32 30 15 | 06
#0833-d310 @A: 13 24 35 22 | 12
#0834-d310 @A: 02 07 15 10 | 08
#0835-d310 @A: 35 18 22 07 | 03
#0836-d310 @A: 21 15 31 16 | 05
#0837-d310 @A: 11 23 12 16 | 04
#0838-d310 @A: 16 12 15 08 | 02
#0839-d310 @A: 27 06 32 01 | 09
#0840-d310 @A: 24 06 01 11 | 01
#0841-d310 @A: 21 12 15 06 | 10
#0842-d310 @A: 22 20 35 06 | 11
#0843-d310 @A: 27 09 23 01 | 07
#0844-d310 @A: 35 09 10 20 | 06
#0845-d310 @A: 09 29 22 21 | 12
#0846-d310 @A: 09 23 11 35 | 08
#0847-d310 @A: 35 30 29 09 | 03
#0848-d310 @A: 27 10 24 21 | 05
#0849-d310 @A: 27 11 10 03 | 04
#0850-d310 @A: 24 11 20 27 | 02
#0851-d310 @A: 27 08 30 11 | 09
#0852-d310 @A: 27 15 12 24 | 01
#0853-d310 @A: 11 27 18 29 | 10
#0854-d310 @A: 24 29 20 10 | 11
#0855-d310 @A: 35 10 29 11 | 07
#0856-d310 @A: 18 12 29 10 | 06
#0857-d310 @A: 12 15 02 32 | 12
#0858-d310 @A: 31 24 02 11 | 08
#0859-d310 @A: 26 09 28 21 | 03
#0860-d310 @A: 08 26 28 35 | 05
#0861-d310 @A: 02 26 35 28 | 04
#0862-d310 @A: 12 33 28 01 | 02
#0863-d310 @A: 06 14 28 23 | 09
#0864-d310 @A: 14 28 21 24 | 01
#0865-d310 @A: 28 25 20 18 | 10
#0866-d310 @A: 18 27 06 28 | 11
#0867-d310 @A: 27 28 09 03 | 07
#0868-d310 @A: 01 28 23 10 | 06
#0869-d310 @A: 21 20 23 28 | 12
#0870-d310 @A: 19 25 22 26 | 08
#0871-d310 @A: 35 19 10 26 | 03
#0872-d310 @A: 31 19 33 09 | 05
#0873-d310 @A: 23 34 19 06 | 04
#0874-d310 @A: 14 17 19 15 | 02
#0875-d310 @A: 30 19 27 25 | 09
#0876-d310 @A: 19 27 29 09 | 01
#0877-d310 @A: 11 03 19 32 | 10
#0878-d310 @A: 32 08 19 29 | 11
#0879-d310 @A: 23 12 15 19 | 07
#0880-d310 @A: 03 34 17 26 | 06
#0881-d310 @A: 34 23 26 09 | 12
#0882-d310 @A: 22 14 04 26 | 08
#0883-d310 @A: 26 05 24 25 | 03
#0884-d310 @A: 29 26 35 05 | 05
#0885-d310 @A: 17 09 06 26 | 04
#0886-d310 @A: 26 21 15 17 | 02
#0887-d310 @A: 32 08 17 26 | 09
#0888-d310 @A: 26 13 21 14 | 01
#0889-d310 @A: 26 14 12 06 | 10
#0890-d310 @A: 09 24 14 26 | 11
#0891-d310 @A: 31 25 26 07 | 07
#0892-d310 @A: 27 02 26 10 | 06
#0893-d310 @A: 20 22 12 26 | 12
#0894-d310 @A: 26 22 24 30 | 08
#0895-d310 @A: 33 24 34 27 | 03
#0896-d310 @A: 33 05 29 13 | 05
#0897-d310 @A: 16 20 17 33 | 04
#0898-d310 @A: 14 27 33 08 | 02
#0899-d310 @A: 33 02 12 14 | 09
#0900-d310 @A: 01 22 33 25 | 01
#0901-d310 @A: 12 25 08 33 | 10
#0902-d310 @A: 33 02 20 07 | 11
#0903-d310 @A: 33 21 16 02 | 07
#0904-d310 @A: 21 09 11 33 | 06
#0905-d310 @A: 35 32 33 21 | 12
#0906-d310 @A: 15 33 30 20 | 08
#0907-d310 @A: 15 34 05 17 | 03
#0908-d310 @A: 09 25 35 34 | 05
#0909-d310 @A: 25 34 03 11 | 04
#0910-d310 @A: 07 24 34 13 | 02
#0911-d310 @A: 16 34 32 01 | 09
#0912-d310 @A: 32 10 34 06 | 01
#0913-d310 @A: 13 04 07 05 | 10
#0914-d310 @A: 04 08 05 09 | 11
#0915-d310 @A: 08 07 04 17 | 07
#0916-d310 @A: 17 21 04 27 | 06
#0917-d310 @A: 04 09 15 14 | 12
#0918-d310 @A: 06 13 04 23 | 08
#0919-d310 @A: 13 04 21 35 | 03
#0920-d310 @A: 07 04 35 03 | 05
#0921-d310 @A: 04 08 20 16 | 04
#0922-d310 @A: 04 22 02 09 | 02
#0923-d310 @A: 04 03 18 31 | 09
#0924-d310 @A: 05 13 17 11 | 01
#0925-d310 @A: 30 17 16 05 | 10
#0926-d310 @A: 11 07 25 05 | 11
#0927-d310 @A: 23 25 05 01 | 07
#0928-d310 @A: 05 03 13 16 | 06
#0929-d310 @A: 08 05 15 13 | 12
#0930-d310 @A: 29 09 05 12 | 08
#0931-d310 @A: 31 05 24 01 | 03
#0932-d310 @A: 12 05 11 08 | 05
#0933-d310 @A: 08 02 25 14 | 04
#0934-d310 @A: 03 01 14 16 | 02
#0935-d310 @A: 14 08 21 15 | 09
#0936-d310 @A: 32 14 30 11 | 01
#0937-d310 @A: 18 20 03 14 | 10
#0938-d310 @A: 14 15 03 35 | 11
#0939-d310 @A: 25 02 13 27 | 07
#0940-d310 @A: 25 07 03 06 | 06
#0941-d310 @A: 20 25 12 03 | 12
#0942-d310 @A: 09 13 15 16 | 08
#0943-d310 @A: 23 30 16 13 | 03
#0944-d310 @A: 27 12 09 13 | 05
#0945-d310 @A: 29 21 30 13 | 04
#0946-d310 @A: 13 18 23 11 | 02
#0947-d310 @A: 13 03 35 29 | 09
#0948-d310 @A: 29 13 31 02 | 01
#0949-d310 @A: 27 16 20 07 | 10
#0950-d310 @A: 10 06 11 07 | 11
#0951-d310 @A: 21 07 27 09 | 07
#0952-d310 @A: 07 27 35 01 | 06
#0953-d310 @A: 01 12 11 07 | 12
#0954-d310 @A: 07 02 32 03 | 08
#0955-d310 @A: 20 03 07 24 | 03
#0956-d310 @A: 07 20 08 22 | 05
#0957-d310 @A: 07 29 35 20 | 04
#0958-d310 @A: 30 15 16 03 | 02
#0959-d310 @A: 24 16 30 31 | 09
#0960-d310 @A: 16 22 29 15 | 01
#0961-d310 @A: 18 32 06 35 | 10
#0962-d310 @A: 06 24 29 35 | 11
#0963-d310 @A: 09 10 01 15 | 07
#0964-d310 @A: 03 20 09 23 | 06
#0965-d310 @A: 11 20 09 15 | 12
#0966-d310 @A: 15 30 22 09 | 08
#0967-d310 @A: 18 08 09 35 | 03
#0968-d310 @A: 15 23 01 02 | 05
#0969-d310 @A: 31 01 20 15 | 04
#0970-d310 @A: 35 10 27 31 | 02
#0971-d310 @A: 11 21 10 15 | 09
#0972-d310 @A: 12 08 10 32 | 01
#0973-d310 @A: 15 12 20 10 | 10
#0974-d310 @A: 24 10 08 03 | 11
#0975-d310 @A: 02 19 32 28 | 07
#0976-d310 @A: 18 22 26 28 | 06
#0977-d310 @A: 25 28 29 33 | 12
#0978-d310 @A: 28 34 20 06 | 08
#0979-d310 @A: 27 12 28 05 | 03
#0980-d310 @A: 30 14 28 25 | 05
#0981-d310 @A: 10 27 28 14 | 04
#0982-d310 @A: 01 13 28 29 | 02
#0983-d310 @A: 28 16 08 07 | 09
#0984-d310 @A: 28 12 06 07 | 01
#0985-d310 @A: 28 24 10 07 | 10
#0986-d310 @A: 16 28 35 10 | 11
#0987-d310 @A: 02 09 27 28 | 07
#0988-d310 @A: 22 01 28 27 | 06
#0989-d310 @A: 32 35 28 20 | 12
#0990-d310 @A: 28 24 35 23 | 08
#0991-d310 @A: 02 11 20 28 | 03
#0992-d310 @A: 12 29 28 20 | 05
#0993-d310 @A: 18 35 28 12 | 04
#0994-d310 @A: 23 19 14 26 | 02
#0995-d310 @A: 07 03 19 33 | 09
#0996-d310 @A: 34 29 19 16 | 01
#0997-d310 @A: 27 22 34 19 | 10
#0998-d310 @A: 19 15 04 05 | 11
#0999-d310 @A: 17 29 04 19 | 07
#1000-d310 @A: 19 09 04 25 | 06
#1001-d310 @A: 17 19 02 07 | 12
#1002-d310 @A: 09 22 14 19 | 08
#1003-d310 @A: 14 29 31 19 | 03
#1004-d310 @A: 21 13 19 09 | 05
#1005-d310 @A: 07 19 22 31 | 04
#1006-d310 @A: 19 12 09 06 | 02
#1007-d310 @A: 19 02 10 12 | 09
#1008-d310 @A: 18 19 03 23 | 01
#1009-d310 @A: 03 19 35 30 | 10
#1010-d310 @A: 11 33 26 04 | 11
#1011-d310 @A: 33 14 26 18 | 07
#1012-d310 @A: 05 27 18 26 | 06
#1013-d310 @A: 13 26 15 07 | 12
#1014-d310 @A: 26 24 29 16 | 08
#1015-d310 @A: 29 26 31 21 | 03
#1016-d310 @A: 15 26 30 23 | 05
#1017-d310 @A: 23 22 35 26 | 04
#1018-d310 @A: 12 24 26 08 | 02
#1019-d310 @A: 31 26 18 24 | 09
#1020-d310 @A: 33 04 05 20 | 01
#1021-d310 @A: 33 25 35 04 | 10
#1022-d310 @A: 30 33 17 21 | 11
#1023-d310 @A: 33 16 29 27 | 07
#1024-d310 @A: 33 35 10 06 | 06
#1025-d310 @A: 01 27 31 33 | 12
#1026-d310 @A: 33 29 21 12 | 08
#1027-d310 @A: 32 23 24 33 | 03
#1028-d310 @A: 20 11 33 22 | 05
#1029-d310 @A: 15 12 35 33 | 04
#1030-d310 @A: 34 20 13 04 | 02
#1031-d310 @A: 34 05 18 35 | 09
#1032-d310 @A: 18 17 34 23 | 01
#1033-d310 @A: 34 15 16 35 | 10
#1034-d310 @A: 10 29 09 34 | 11
#1035-d310 @A: 15 34 09 21 | 07
#1036-d310 @A: 34 31 35 11 | 06
#1037-d310 @A: 05 04 14 02 | 12
#1038-d310 @A: 13 17 04 22 | 08
#1039-d310 @A: 03 04 10 17 | 03
#1040-d310 @A: 13 04 12 16 | 05
#1041-d310 @A: 15 04 13 10 | 04
#1042-d310 @A: 01 11 20 04 | 02
#1043-d310 @A: 30 15 27 04 | 09
#1044-d310 @A: 20 04 35 24 | 01
#1045-d310 @A: 04 29 22 31 | 10
#1046-d310 @A: 08 17 05 06 | 11
#1047-d310 @A: 05 17 09 31 | 07
#1048-d310 @A: 05 27 10 13 | 06
#1049-d310 @A: 07 05 01 15 | 12
#1050-d310 @A: 32 07 05 10 | 08
#1051-d310 @A: 27 05 16 35 | 03
#1052-d310 @A: 01 05 20 09 | 05
#1053-d310 @A: 05 15 29 21 | 04
#1054-d310 @A: 23 20 05 08 | 02
#1055-d310 @A: 30 11 05 31 | 09
#1056-d310 @A: 22 05 35 02 | 01
#1057-d310 @A: 13 23 25 17 | 10
#1058-d310 @A: 17 20 15 25 | 11
#1059-d310 @A: 16 35 17 07 | 07
#1060-d310 @A: 09 21 10 17 | 06
#1061-d310 @A: 23 15 01 17 | 12
#1062-d310 @A: 03 11 17 23 | 08
#1063-d310 @A: 03 22 17 20 | 03
#1064-d310 @A: 18 17 30 11 | 05
#1065-d310 @A: 02 29 17 30 | 04
#1066-d310 @A: 13 22 27 14 | 02
#1067-d310 @A: 01 14 07 02 | 09
#1068-d310 @A: 27 14 07 31 | 01
#1069-d310 @A: 14 15 07 20 | 10
#1070-d310 @A: 14 21 03 11 | 11
#1071-d310 @A: 32 22 14 31 | 07
#1072-d310 @A: 08 14 30 03 | 06
#1073-d310 @A: 03 24 12 14 | 12
#1074-d310 @A: 31 12 14 30 | 08
#1075-d310 @A: 22 08 14 35 | 03
#1076-d310 @A: 24 14 31 35 | 05
#1077-d310 @A: 35 16 30 25 | 04
#1078-d310 @A: 08 25 24 06 | 02
#1079-d310 @A: 21 25 09 08 | 09
#1080-d310 @A: 25 01 15 12 | 01
#1081-d310 @A: 15 03 18 25 | 10
#1082-d310 @A: 13 01 07 08 | 11
#1083-d310 @A: 21 20 13 03 | 07
#1084-d310 @A: 13 24 32 18 | 06
#1085-d310 @A: 18 22 13 20 | 12
#1086-d310 @A: 20 13 08 35 | 08
#1087-d310 @A: 13 29 22 11 | 03
#1088-d310 @A: 13 02 12 24 | 05
#1089-d310 @A: 07 09 23 10 | 04
#1090-d310 @A: 07 20 10 01 | 02
#1091-d310 @A: 21 29 07 18 | 09
#1092-d310 @A: 07 32 31 35 | 01
#1093-d310 @A: 15 30 18 07 | 10
#1094-d310 @A: 11 22 07 30 | 11
#1095-d310 @A: 16 06 23 01 | 07
#1096-d310 @A: 06 02 08 16 | 06
#1097-d310 @A: 11 16 32 31 | 12
#1098-d310 @A: 22 31 16 03 | 08
#1099-d310 @A: 16 02 35 29 | 03
#1100-d310 @A: 06 18 01 22 | 05
#1101-d310 @A: 20 12 32 06 | 04
#1102-d310 @A: 06 30 31 29 | 02
#1103-d310 @A: 06 15 08 35 | 09
#1104-d310 @A: 06 18 12 11 | 01
#1105-d310 @A: 09 22 27 35 | 10
#1106-d310 @A: 03 22 32 09 | 11
#1107-d310 @A: 29 09 11 32 | 07
#1108-d310 @A: 02 31 20 09 | 06
#1109-d310 @A: 29 09 31 24 | 12
#1110-d310 @A: 21 01 18 11 | 08
#1111-d310 @A: 32 30 18 01 | 03
#1112-d310 @A: 29 23 11 01 | 05
#1113-d310 @A: 20 18 35 01 | 04
#1114-d310 @A: 01 30 11 03 | 02
#1115-d310 @A: 35 31 29 01 | 09
#1116-d310 @A: 12 10 22 27 | 01
#1117-d310 @A: 21 30 12 27 | 10
#1118-d310 @A: 11 27 31 21 | 11
#1119-d310 @A: 27 12 11 32 | 07
#1120-d310 @A: 10 03 21 18 | 06
#1121-d310 @A: 18 23 10 35 | 12
#1122-d310 @A: 12 11 30 10 | 08
#1123-d310 @A: 35 30 08 10 | 03
#1124-d310 @A: 02 24 22 20 | 05
#1125-d310 @A: 22 03 15 02 | 04
#1126-d310 @A: 28 24 34 26 | 02
#1127-d310 @A: 17 28 26 05 | 09
#1128-d310 @A: 11 28 26 06 | 01
#1129-d310 @A: 12 26 28 10 | 10
#1130-d310 @A: 18 05 07 28 | 11
#1131-d310 @A: 06 13 24 28 | 07
#1132-d310 @A: 21 06 02 28 | 06
#1133-d310 @A: 05 30 34 19 | 12
#1134-d310 @A: 04 06 19 21 | 08
#1135-d310 @A: 35 19 05 09 | 03
#1136-d310 @A: 03 19 05 24 | 05
#1137-d310 @A: 09 19 17 32 | 04
#1138-d310 @A: 19 25 35 08 | 02
#1139-d310 @A: 13 16 19 22 | 09
#1140-d310 @A: 32 18 07 19 | 01
#1141-d310 @A: 19 08 16 10 | 10
#1142-d310 @A: 23 19 31 30 | 11
#1143-d310 @A: 23 19 29 22 | 07
#1144-d310 @A: 19 35 18 31 | 06
#1145-d310 @A: 35 04 26 27 | 12
#1146-d310 @A: 26 06 05 15 | 08
#1147-d310 @A: 26 25 17 11 | 03
#1148-d310 @A: 17 29 18 26 | 05
#1149-d310 @A: 18 12 25 26 | 04
#1150-d310 @A: 09 13 11 26 | 02
#1151-d310 @A: 01 26 13 23 | 09
#1152-d310 @A: 03 13 32 26 | 01
#1153-d310 @A: 22 07 27 26 | 10
#1154-d310 @A: 07 30 10 26 | 11
#1155-d310 @A: 07 21 26 12 | 07
#1156-d310 @A: 06 31 26 16 | 06
#1157-d310 @A: 10 15 26 16 | 12
#1158-d310 @A: 10 26 18 06 | 08
#1159-d310 @A: 09 12 30 26 | 03
#1160-d310 @A: 27 31 23 26 | 05
#1161-d310 @A: 08 26 15 20 | 04
#1162-d310 @A: 33 13 34 21 | 02
#1163-d310 @A: 04 06 15 33 | 09
#1164-d310 @A: 04 21 31 33 | 01
#1165-d310 @A: 05 33 10 12 | 10
#1166-d310 @A: 24 17 33 15 | 11
#1167-d310 @A: 25 21 33 14 | 07
#1168-d310 @A: 33 24 14 06 | 06
#1169-d310 @A: 33 14 23 01 | 12
#1170-d310 @A: 10 14 33 22 | 08
#1171-d310 @A: 11 33 16 25 | 03
#1172-d310 @A: 12 06 13 33 | 05
#1173-d310 @A: 07 06 33 08 | 04
#1174-d310 @A: 06 23 27 33 | 02
#1175-d310 @A: 22 29 33 06 | 09
#1176-d310 @A: 27 33 30 09 | 01
#1177-d310 @A: 33 32 09 10 | 10
#1178-d310 @A: 32 20 18 33 | 11
#1179-d310 @A: 12 22 33 23 | 07
#1180-d310 @A: 33 22 18 08 | 06
#1181-d310 @A: 31 04 10 34 | 12
#1182-d310 @A: 09 14 31 34 | 08
#1183-d310 @A: 30 23 34 07 | 03
#1184-d310 @A: 06 21 27 34 | 05
#1185-d310 @A: 21 02 01 34 | 04
#1186-d310 @A: 22 32 34 02 | 02
#1187-d310 @A: 31 34 23 03 | 09
#1188-d310 @A: 31 08 34 24 | 01
#1189-d310 @A: 17 14 04 23 | 10
#1190-d310 @A: 04 11 14 25 | 11
#1191-d310 @A: 03 25 13 04 | 07
#1192-d310 @A: 04 25 20 21 | 06
#1193-d310 @A: 04 07 01 18 | 12
#1194-d310 @A: 04 07 10 22 | 08
#1195-d310 @A: 02 04 12 16 | 03
#1196-d310 @A: 04 21 24 18 | 05
#1197-d310 @A: 21 24 04 02 | 04
#1198-d310 @A: 29 11 04 03 | 02
#1199-d310 @A: 20 05 17 29 | 09
#1200-d310 @A: 22 13 05 25 | 01
#1201-d310 @A: 25 15 16 05 | 10
#1202-d310 @A: 05 01 16 12 | 11
#1203-d310 @A: 06 05 23 09 | 07
#1204-d310 @A: 32 20 03 05 | 06
#1205-d310 @A: 35 30 05 22 | 12
#1206-d310 @A: 15 12 22 05 | 08
#1207-d310 @A: 02 12 31 05 | 03
#1208-d310 @A: 25 14 24 17 | 05
#1209-d310 @A: 27 17 32 25 | 04
#1210-d310 @A: 32 17 13 10 | 02
#1211-d310 @A: 03 07 27 17 | 09
#1212-d310 @A: 31 07 21 17 | 01
#1213-d310 @A: 20 17 06 24 | 10
#1214-d310 @A: 20 01 17 27 | 11
#1215-d310 @A: 17 10 18 01 | 07
#1216-d310 @A: 22 17 10 35 | 06
#1217-d310 @A: 02 17 23 11 | 12
#1218-d310 @A: 17 03 18 35 | 08
#1219-d310 @A: 17 15 29 12 | 03
#1220-d310 @A: 25 31 16 14 | 05
#1221-d310 @A: 23 07 29 14 | 04
#1222-d310 @A: 16 23 10 14 | 02
#1223-d310 @A: 35 23 21 14 | 09
#1224-d310 @A: 14 12 23 08 | 01
#1225-d310 @A: 14 35 30 20 | 10
#1226-d310 @A: 30 13 25 01 | 11
#1227-d310 @A: 15 27 25 06 | 07
#1228-d310 @A: 02 01 25 22 | 06
#1229-d310 @A: 25 15 35 21 | 12
#1230-d310 @A: 20 30 08 25 | 08
#1231-d310 @A: 35 11 25 20 | 03
#1232-d310 @A: 24 25 03 02 | 05
#1233-d310 @A: 30 24 25 11 | 04
#1234-d310 @A: 07 13 27 23 | 02
#1235-d310 @A: 13 35 02 07 | 09
#1236-d310 @A: 02 22 13 06 | 01
#1237-d310 @A: 12 24 13 01 | 10
#1238-d310 @A: 08 10 13 29 | 11
#1239-d310 @A: 13 23 15 20 | 07
#1240-d310 @A: 15 22 03 13 | 06
#1241-d310 @A: 18 30 35 13 | 12
#1242-d310 @A: 21 07 06 20 | 08
#1243-d310 @A: 07 09 12 15 | 03
#1244-d310 @A: 07 11 31 29 | 05
#1245-d310 @A: 16 27 01 24 | 04
#1246-d310 @A: 10 11 01 16 | 02
#1247-d310 @A: 29 21 20 16 | 09
#1248-d310 @A: 16 03 29 32 | 01
#1249-d310 @A: 27 06 09 10 | 10
#1250-d310 @A: 08 06 09 32 | 11
#1251-d310 @A: 21 06 24 31 | 07
#1252-d310 @A: 18 06 24 23 | 06
#1253-d310 @A: 06 03 31 20 | 12
#1254-d310 @A: 12 22 06 03 | 08
#1255-d310 @A: 21 09 20 32 | 03
#1256-d310 @A: 09 18 12 21 | 05
#1257-d310 @A: 08 23 30 09 | 04
#1258-d310 @A: 20 08 09 12 | 02
#1259-d310 @A: 09 29 18 20 | 09
#1260-d310 @A: 03 09 08 29 | 01
#1261-d310 @A: 12 09 03 35 | 10
#1262-d310 @A: 01 32 21 24 | 11
#1263-d310 @A: 29 01 15 32 | 07
#1264-d310 @A: 01 23 30 20 | 06
#1265-d310 @A: 12 01 22 29 | 12
#1266-d310 @A: 10 30 29 27 | 08
#1267-d310 @A: 27 24 31 32 | 03
#1268-d310 @A: 23 30 27 35 | 05
#1269-d310 @A: 15 27 23 18 | 04
#1270-d310 @A: 20 27 30 22 | 02
#1271-d310 @A: 15 29 03 27 | 09
#1272-d310 @A: 24 15 02 27 | 01
#1273-d310 @A: 27 24 22 29 | 10
#1274-d310 @A: 10 21 20 22 | 11
#1275-d310 @A: 32 29 10 23 | 07
#1276-d310 @A: 29 02 10 20 | 06
#1277-d310 @A: 10 31 15 29 | 12
#1278-d310 @A: 04 19 14 28 | 08
#1279-d310 @A: 28 25 19 24 | 03
#1280-d310 @A: 16 26 13 28 | 05
#1281-d310 @A: 14 33 28 35 | 04
#1282-d310 @A: 07 28 20 33 | 02
#1283-d310 @A: 09 28 22 33 | 09
#1284-d310 @A: 28 04 30 13 | 01
#1285-d310 @A: 08 25 05 28 | 10
#1286-d310 @A: 02 28 07 05 | 11
#1287-d310 @A: 05 28 23 22 | 07
#1288-d310 @A: 18 14 17 28 | 06
#1289-d310 @A: 12 28 09 17 | 12
#1290-d310 @A: 24 01 17 28 | 08
#1291-d310 @A: 30 31 28 17 | 03
#1292-d310 @A: 22 02 14 28 | 05
#1293-d310 @A: 15 23 09 28 | 04
#1294-d310 @A: 23 12 28 02 | 02
#1295-d310 @A: 28 31 24 20 | 09
#1296-d310 @A: 15 08 28 24 | 01
#1297-d310 @A: 04 26 19 24 | 10
#1298-d310 @A: 19 07 26 11 | 11
#1299-d310 @A: 16 04 33 19 | 07
#1300-d310 @A: 17 21 19 34 | 06
#1301-d310 @A: 34 19 14 12 | 12
#1302-d310 @A: 34 03 13 19 | 08
#1303-d310 @A: 10 24 19 34 | 03
#1304-d310 @A: 32 04 19 01 | 05
#1305-d310 @A: 10 05 22 19 | 04
#1306-d310 @A: 14 03 19 25 | 02
#1307-d310 @A: 13 19 02 23 | 09
#1308-d310 @A: 32 19 16 06 | 01
#1309-d310 @A: 09 01 19 30 | 10
#1310-d310 @A: 24 23 09 19 | 11
#1311-d310 @A: 20 03 15 19 | 07
#1312-d310 @A: 20 33 26 23 | 06
#1313-d310 @A: 26 30 34 14 | 12
#1314-d310 @A: 23 34 02 26 | 08
#1315-d310 @A: 34 15 26 22 | 03
#1316-d310 @A: 17 02 04 26 | 05
#1317-d310 @A: 06 32 26 04 | 04
#1318-d310 @A: 09 26 04 29 | 02
#1319-d310 @A: 26 05 32 14 | 09
#1320-d310 @A: 30 27 26 17 | 01
#1321-d310 @A: 11 26 14 01 | 10
#1322-d310 @A: 31 02 26 07 | 11
#1323-d310 @A: 21 26 08 16 | 07
#1324-d310 @A: 08 18 11 26 | 06
#1325-d310 @A: 07 34 33 12 | 12
#1326-d310 @A: 09 05 15 33 | 08
#1327-d310 @A: 33 17 08 10 | 03
#1328-d310 @A: 33 13 15 25 | 05
#1329-d310 @A: 33 15 07 27 | 04
#1330-d310 @A: 32 16 30 33 | 02
#1331-d310 @A: 33 20 32 02 | 09
#1332-d310 @A: 18 30 33 12 | 01
#1333-d310 @A: 34 17 27 12 | 10
#1334-d310 @A: 31 34 14 02 | 11
#1335-d310 @A: 02 25 06 34 | 07
#1336-d310 @A: 34 10 27 25 | 06
#1337-d310 @A: 30 16 34 10 | 12
#1338-d310 @A: 35 05 04 10 | 08
#1339-d310 @A: 17 18 04 25 | 03
#1340-d310 @A: 27 12 14 04 | 05
#1341-d310 @A: 08 04 14 31 | 04
#1342-d310 @A: 27 11 07 04 | 02
#1343-d310 @A: 35 16 04 18 | 09
#1344-d310 @A: 06 04 01 02 | 01
#1345-d310 @A: 20 03 30 04 | 10
#1346-d310 @A: 31 11 15 04 | 11
#1347-d310 @A: 12 17 05 07 | 07
#1348-d310 @A: 13 24 14 05 | 06
#1349-d310 @A: 14 20 22 05 | 12
#1350-d310 @A: 03 25 09 05 | 08
#1351-d310 @A: 31 05 13 20 | 03
#1352-d310 @A: 01 27 05 30 | 05
#1353-d310 @A: 11 05 02 27 | 04
#1354-d310 @A: 17 22 14 07 | 02
#1355-d310 @A: 14 17 12 01 | 09
#1356-d310 @A: 18 21 17 16 | 01
#1357-d310 @A: 16 32 17 24 | 10
#1358-d310 @A: 17 12 22 16 | 11
#1359-d310 @A: 09 29 23 17 | 07
#1360-d310 @A: 21 22 17 32 | 06
#1361-d310 @A: 17 24 21 12 | 12
#1362-d310 @A: 31 17 22 23 | 08
#1363-d310 @A: 12 17 30 08 | 03
#1364-d310 @A: 17 18 15 31 | 05
#1365-d310 @A: 06 25 14 13 | 04
#1366-d310 @A: 32 07 14 06 | 02
#1367-d310 @A: 11 07 09 14 | 09
#1368-d310 @A: 07 14 10 03 | 01
#1369-d310 @A: 09 18 14 16 | 10
#1370-d310 @A: 09 30 14 06 | 11
#1371-d310 @A: 14 10 06 15 | 07
#1372-d310 @A: 14 01 10 30 | 06
#1373-d310 @A: 24 11 22 14 | 12
#1374-d310 @A: 07 09 20 25 | 08
#1375-d310 @A: 32 25 29 06 | 03
#1376-d310 @A: 10 09 25 18 | 05
#1377-d310 @A: 25 24 22 20 | 04
#1378-d310 @A: 11 12 25 02 | 02
#1379-d310 @A: 16 10 13 20 | 09
#1380-d310 @A: 13 30 20 11 | 01
#1381-d310 @A: 03 11 13 08 | 10
#1382-d310 @A: 13 03 12 18 | 11
#1383-d310 @A: 32 23 07 03 | 07
#1384-d310 @A: 30 16 06 20 | 06
#1385-d310 @A: 16 31 27 09 | 12
#1386-d310 @A: 20 16 27 02 | 08
#1387-d310 @A: 16 31 10 12 | 03
#1388-d310 @A: 18 32 22 16 | 05
#1389-d310 @A: 03 16 24 23 | 04
#1390-d310 @A: 01 09 21 06 | 02
#1391-d310 @A: 31 09 06 35 | 09
#1392-d310 @A: 11 21 08 06 | 01
#1393-d310 @A: 30 32 06 02 | 10
#1394-d310 @A: 06 15 32 31 | 11
#1395-d310 @A: 06 03 35 11 | 07
#1396-d310 @A: 29 06 12 08 | 06
#1397-d310 @A: 02 09 29 32 | 12
#1398-d310 @A: 30 09 24 20 | 08
#1399-d310 @A: 11 02 09 03 | 03
#1400-d310 @A: 01 10 29 21 | 05
#1401-d310 @A: 29 03 20 01 | 04
#1402-d310 @A: 35 30 01 12 | 02
#1403-d310 @A: 01 15 18 08 | 09
#1404-d310 @A: 32 27 10 18 | 01
#1405-d310 @A: 23 32 22 27 | 10
#1406-d310 @A: 32 35 29 27 | 11
#1407-d310 @A: 23 12 27 29 | 07
#1408-d310 @A: 08 27 18 02 | 06
#1409-d310 @A: 12 27 02 35 | 12
#1410-d310 @A: 35 03 10 32 | 08
#1411-d310 @A: 10 32 02 24 | 03
#1412-d310 @A: 08 20 10 11 | 05
#1413-d310 @A: 18 02 21 20 | 04
#1414-d310 @A: 15 11 29 02 | 02
#1415-d310 @A: 26 28 19 29 | 09
#1416-d310 @A: 19 28 01 21 | 01
#1417-d310 @A: 28 35 19 27 | 10
#1418-d310 @A: 32 28 26 33 | 11
#1419-d310 @A: 13 28 18 33 | 07
#1420-d310 @A: 28 34 32 13 | 06
#1421-d310 @A: 18 04 28 23 | 12
#1422-d310 @A: 14 28 05 15 | 08
#1423-d310 @A: 05 30 06 28 | 03
#1424-d310 @A: 20 28 05 11 | 05
#1425-d310 @A: 32 06 17 28 | 04
#1426-d310 @A: 28 10 17 20 | 02
#1427-d310 @A: 20 09 28 14 | 09
#1428-d310 @A: 25 13 28 09 | 01
#1429-d310 @A: 25 28 06 35 | 10
#1430-d310 @A: 30 28 16 27 | 11
#1431-d310 @A: 31 29 23 28 | 07
#1432-d310 @A: 08 28 20 03 | 06
#1433-d310 @A: 31 28 15 12 | 12
#1434-d310 @A: 08 29 28 02 | 08
#1435-d310 @A: 23 19 33 13 | 03
#1436-d310 @A: 04 12 19 20 | 05
#1437-d310 @A: 19 14 05 07 | 04
#1438-d310 @A: 23 19 16 05 | 02
#1439-d310 @A: 29 19 11 05 | 09
#1440-d310 @A: 17 19 11 06 | 01
#1441-d310 @A: 19 11 14 08 | 10
#1442-d310 @A: 01 25 19 06 | 11
#1443-d310 @A: 19 29 25 20 | 07
#1444-d310 @A: 19 02 31 25 | 06
#1445-d310 @A: 01 10 12 19 | 12
#1446-d310 @A: 01 22 20 19 | 08
#1447-d310 @A: 11 01 31 19 | 03
#1448-d310 @A: 19 08 15 30 | 05
#1449-d310 @A: 15 19 11 22 | 04
#1450-d310 @A: 19 22 12 18 | 02
#1451-d310 @A: 04 26 31 17 | 09
#1452-d310 @A: 10 26 03 05 | 01
#1453-d310 @A: 23 26 16 17 | 10
#1454-d310 @A: 20 13 25 26 | 11
#1455-d310 @A: 32 26 35 25 | 07
#1456-d310 @A: 26 24 27 13 | 06
#1457-d310 @A: 26 09 35 16 | 12
#1458-d310 @A: 26 10 11 23 | 08
#1459-d310 @A: 32 26 22 29 | 03
#1460-d310 @A: 23 03 26 12 | 05
#1461-d310 @A: 11 35 30 26 | 04
#1462-d310 @A: 18 26 02 30 | 02
#1463-d310 @A: 22 08 26 31 | 09
#1464-d310 @A: 03 33 04 02 | 01
#1465-d310 @A: 05 01 33 02 | 10
#1466-d310 @A: 33 15 31 14 | 11
#1467-d310 @A: 13 07 33 22 | 07
#1468-d310 @A: 11 10 33 13 | 06
#1469-d310 @A: 01 30 06 33 | 12
#1470-d310 @A: 02 33 11 06 | 08
#1471-d310 @A: 11 04 16 34 | 03
#1472-d310 @A: 10 34 05 21 | 05
#1473-d310 @A: 18 14 34 01 | 04
#1474-d310 @A: 35 27 14 34 | 02
#1475-d310 @A: 34 14 08 10 | 09
#1476-d310 @A: 30 21 25 34 | 01
#1477-d310 @A: 24 29 34 25 | 10
#1478-d310 @A: 06 16 34 12 | 11
#1479-d310 @A: 15 24 06 34 | 07
#1480-d310 @A: 34 32 24 09 | 06
#1481-d310 @A: 34 09 30 18 | 12
#1482-d310 @A: 12 03 34 10 | 08
#1483-d310 @A: 22 34 21 18 | 03
#1484-d310 @A: 15 20 34 32 | 05
#1485-d310 @A: 24 04 16 05 | 04
#1486-d310 @A: 04 11 05 06 | 02
#1487-d310 @A: 35 01 04 17 | 09
#1488-d310 @A: 07 24 04 14 | 01
#1489-d310 @A: 20 14 10 04 | 10
#1490-d310 @A: 14 04 35 02 | 11
#1491-d310 @A: 04 25 27 08 | 07
#1492-d310 @A: 24 09 04 06 | 06
#1493-d310 @A: 09 04 32 12 | 12
#1494-d310 @A: 10 04 30 24 | 08
#1495-d310 @A: 21 12 11 04 | 03
#1496-d310 @A: 04 08 29 21 | 05
#1497-d310 @A: 20 04 32 22 | 04
#1498-d310 @A: 15 12 04 03 | 02
#1499-d310 @A: 17 22 05 01 | 09
#1500-d310 @A: 05 24 35 32 | 01
#1501-d310 @A: 12 05 24 20 | 10
#1502-d310 @A: 22 31 18 05 | 11
#1503-d310 @A: 29 05 18 08 | 07
#1504-d310 @A: 17 10 31 14 | 06
#1505-d310 @A: 06 12 17 10 | 12
#1506-d310 @A: 23 21 17 08 | 08
#1507-d310 @A: 35 17 29 21 | 03
#1508-d310 @A: 32 18 12 17 | 05
#1509-d310 @A: 23 30 24 17 | 04
#1510-d310 @A: 17 30 29 22 | 02
#1511-d310 @A: 14 01 25 08 | 09
#1512-d310 @A: 13 02 18 14 | 01
#1513-d310 @A: 12 14 07 16 | 10
#1514-d310 @A: 14 02 30 16 | 11
#1515-d310 @A: 14 20 24 23 | 07
#1516-d310 @A: 31 18 23 14 | 06
#1517-d310 @A: 24 29 02 14 | 12
#1518-d310 @A: 07 24 16 25 | 08
#1519-d310 @A: 12 09 16 25 | 03
#1520-d310 @A: 11 06 25 09 | 05
#1521-d310 @A: 03 25 21 24 | 04
#1522-d310 @A: 08 18 25 23 | 02
#1523-d310 @A: 22 25 30 18 | 09
#1524-d310 @A: 12 22 35 25 | 01
#1525-d310 @A: 16 27 21 13 | 10
#1526-d310 @A: 13 23 31 08 | 11
#1527-d310 @A: 18 13 15 29 | 07
#1528-d310 @A: 07 02 06 18 | 06
#1529-d310 @A: 07 09 24 01 | 12
#1530-d310 @A: 22 01 23 07 | 08
#1531-d310 @A: 29 32 07 30 | 03
#1532-d310 @A: 12 20 07 30 | 05
#1533-d310 @A: 08 15 07 29 | 04
#1534-d310 @A: 35 24 07 11 | 02
#1535-d310 @A: 01 29 09 16 | 09
#1536-d310 @A: 16 21 24 22 | 01
#1537-d310 @A: 16 31 23 35 | 10
#1538-d310 @A: 30 16 29 12 | 11
#1539-d310 @A: 18 30 03 06 | 07
#1540-d310 @A: 02 09 21 12 | 06
#1541-d310 @A: 32 35 09 15 | 12
#1542-d310 @A: 09 15 03 24 | 08
#1543-d310 @A: 21 01 12 20 | 03
#1544-d310 @A: 08 01 30 21 | 05
#1545-d310 @A: 21 35 01 22 | 04
#1546-d310 @A: 03 12 32 01 | 02
#1547-d310 @A: 27 23 10 20 | 09
#1548-d310 @A: 21 32 27 02 | 01
#1549-d310 @A: 31 03 27 02 | 10
#1550-d310 @A: 30 31 03 10 | 11
#1551-d310 @A: 21 23 02 22 | 07
#1552-d310 @A: 31 23 02 35 | 06
#1553-d310 @A: 20 12 02 08 | 12
#1554-d310 @A: 28 30 19 20 | 08
#1555-d310 @A: 34 28 16 02 | 03
#1556-d310 @A: 28 01 03 34 | 05
#1557-d310 @A: 04 27 24 28 | 04
#1558-d310 @A: 08 12 04 28 | 02
#1559-d310 @A: 22 28 14 03 | 09
#1560-d310 @A: 16 25 23 28 | 01
#1561-d310 @A: 02 28 20 25 | 10
#1562-d310 @A: 35 28 30 07 | 11
#1563-d310 @A: 28 16 15 06 | 07
#1564-d310 @A: 18 28 11 16 | 06
#1565-d310 @A: 28 31 03 32 | 12
#1566-d310 @A: 28 11 24 03 | 08
#1567-d310 @A: 08 31 28 11 | 03
#1568-d310 @A: 18 04 19 34 | 05
#1569-d310 @A: 01 08 34 19 | 04
#1570-d310 @A: 04 19 31 27 | 02
#1571-d310 @A: 19 04 23 10 | 09
#1572-d310 @A: 05 01 19 13 | 01
#1573-d310 @A: 31 19 05 06 | 10
#1574-d310 @A: 14 16 30 19 | 11
#1575-d310 @A: 25 18 16 19 | 07
#1576-d310 @A: 13 06 19 29 | 06
#1577-d310 @A: 24 20 19 13 | 12
#1578-d310 @A: 19 16 21 07 | 08
#1579-d310 @A: 19 24 35 16 | 03
#1580-d310 @A: 19 32 27 21 | 05
#1581-d310 @A: 11 21 19 23 | 04
#1582-d310 @A: 21 03 31 19 | 02
#1583-d310 @A: 19 20 11 18 | 09
#1584-d310 @A: 18 30 19 29 | 01
#1585-d310 @A: 26 33 05 31 | 10
#1586-d310 @A: 08 33 26 30 | 11
#1587-d310 @A: 34 25 26 16 | 07
#1588-d310 @A: 26 13 29 34 | 06
#1589-d310 @A: 26 15 04 01 | 12
#1590-d310 @A: 17 26 13 12 | 08
#1591-d310 @A: 29 10 26 14 | 03
#1592-d310 @A: 01 25 26 29 | 05
#1593-d310 @A: 26 27 25 21 | 04
#1594-d310 @A: 26 07 29 03 | 02
#1595-d310 @A: 27 06 29 26 | 09
#1596-d310 @A: 09 26 03 18 | 01
#1597-d310 @A: 01 10 26 32 | 10
#1598-d310 @A: 30 32 31 26 | 11
#1599-d310 @A: 03 20 35 26 | 07
#1600-d310 @A: 02 26 15 20 | 06
#1601-d310 @A: 26 31 12 35 | 12
#1602-d310 @A: 22 32 34 33 | 08
#1603-d310 @A: 16 05 22 33 | 03
#1604-d310 @A: 05 21 33 27 | 05
#1605-d310 @A: 06 31 17 33 | 04
#1606-d310 @A: 17 27 18 33 | 02
#1607-d310 @A: 33 13 09 08 | 09
#1608-d310 @A: 16 06 09 33 | 01
#1609-d310 @A: 21 16 10 33 | 10
#1610-d310 @A: 33 16 18 15 | 11
#1611-d310 @A: 09 12 33 24 | 07
#1612-d310 @A: 11 15 33 01 | 06
#1613-d310 @A: 35 33 20 27 | 12
#1614-d310 @A: 21 08 33 03 | 08
#1615-d310 @A: 21 15 22 33 | 03
#1616-d310 @A: 29 08 20 33 | 05
#1617-d310 @A: 12 31 20 33 | 04
#1618-d310 @A: 03 12 11 33 | 02
#1619-d310 @A: 23 25 34 04 | 09
#1620-d310 @A: 06 04 34 35 | 01
#1621-d310 @A: 04 27 34 32 | 10
#1622-d310 @A: 17 13 34 08 | 11
#1623-d310 @A: 10 13 23 34 | 07
#1624-d310 @A: 15 31 07 34 | 06
#1625-d310 @A: 12 34 01 09 | 12
#1626-d310 @A: 01 27 15 34 | 08
#1627-d310 @A: 03 34 10 02 | 03
#1628-d310 @A: 34 12 31 22 | 05
#1629-d310 @A: 12 34 24 35 | 04
#1630-d310 @A: 03 27 04 05 | 02
#1631-d310 @A: 05 18 04 12 | 09
#1632-d310 @A: 25 10 04 12 | 01
#1633-d310 @A: 07 23 04 12 | 10
#1634-d310 @A: 29 02 04 23 | 11
#1635-d310 @A: 11 18 22 04 | 07
#1636-d310 @A: 02 05 17 08 | 06
#1637-d310 @A: 03 05 31 14 | 12
#1638-d310 @A: 05 25 16 02 | 08
#1639-d310 @A: 25 10 05 20 | 03
#1640-d310 @A: 06 05 27 22 | 05
#1641-d310 @A: 30 05 10 15 | 04
#1642-d310 @A: 11 22 32 05 | 02
#1643-d310 @A: 31 29 05 32 | 09
#1644-d310 @A: 03 29 23 05 | 01
#1645-d310 @A: 35 20 05 15 | 10
#1646-d310 @A: 14 16 11 17 | 11
#1647-d310 @A: 29 17 14 27 | 07
#1648-d310 @A: 03 14 32 17 | 06
#1649-d310 @A: 20 13 17 07 | 12
#1650-d310 @A: 01 29 06 17 | 08
#1651-d310 @A: 20 08 18 17 | 03
#1652-d310 @A: 35 14 01 09 | 05
#1653-d310 @A: 14 21 27 01 | 04
#1654-d310 @A: 31 20 21 14 | 02
#1655-d310 @A: 14 32 18 08 | 09
#1656-d310 @A: 29 14 18 22 | 01
#1657-d310 @A: 24 25 09 27 | 10
#1658-d310 @A: 27 01 18 25 | 11
#1659-d310 @A: 25 23 02 30 | 07
#1660-d310 @A: 15 24 23 25 | 06
#1661-d310 @A: 16 13 07 32 | 12
#1662-d310 @A: 12 07 10 13 | 08
#1663-d310 @A: 27 03 13 06 | 03
#1664-d310 @A: 22 13 32 01 | 05
#1665-d310 @A: 08 13 21 32 | 04
#1666-d310 @A: 32 13 29 20 | 02
#1667-d310 @A: 32 11 02 13 | 09
#1668-d310 @A: 15 12 13 11 | 01
#1669-d310 @A: 12 08 13 22 | 10
#1670-d310 @A: 29 12 13 31 | 11
#1671-d310 @A: 07 16 01 30 | 07
#1672-d310 @A: 07 16 02 11 | 06
#1673-d310 @A: 07 03 01 31 | 12
#1674-d310 @A: 30 07 24 21 | 08
#1675-d310 @A: 18 23 20 07 | 03
#1676-d310 @A: 29 24 07 12 | 05
#1677-d310 @A: 16 12 21 32 | 04
#1678-d310 @A: 20 16 15 24 | 02
#1679-d310 @A: 08 30 16 22 | 09
#1680-d310 @A: 12 18 24 16 | 01
#1681-d310 @A: 03 08 06 23 | 10
#1682-d310 @A: 11 06 30 15 | 11
#1683-d310 @A: 32 31 18 09 | 07
#1684-d310 @A: 08 02 30 09 | 06
#1685-d310 @A: 01 20 35 02 | 12
#1686-d310 @A: 02 11 08 01 | 08
#1687-d310 @A: 29 27 20 31 | 03
#1688-d310 @A: 31 21 10 08 | 05
#1689-d310 @A: 22 03 29 10 | 04
