#0001-d343 @A: 19 10 20 09 | 06
#0002-d343 @A: 19 28 12 09 | 09
#0003-d343 @A: 15 08 19 26 | 01
#0004-d343 @A: 10 25 15 19 | 12
#0005-d343 @A: 31 32 19 15 | 10
#0006-d343 @A: 35 15 03 19 | 05
#0007-d343 @A: 34 14 05 19 | 02
#0008-d343 @A: 23 19 05 04 | 11
#0009-d343 @A: 05 27 19 32 | 03
#0010-d343 @A: 30 19 27 26 | 08
#0011-d343 @A: 33 17 07 19 | 04
#0012-d343 @A: 19 30 31 24 | 07
#0013-d343 @A: 03 13 19 11 | 06
#0014-d343 @A: 13 19 35 06 | 09
#0015-d343 @A: 21 19 11 10 | 01
#0016-d343 @A: 20 28 19 02 | 12
#0017-d343 @A: 31 20 12 19 | 10
#0018-d343 @A: 23 27 17 19 | 05
#0019-d343 @A: 30 02 05 09 | 02
#0020-d343 @A: 09 10 05 23 | 11
#0021-d343 @A: 29 26 09 20 | 03
#0022-d343 @A: 09 29 16 32 | 08
#0023-d343 @A: 26 21 09 30 | 04
#0024-d343 @A: 09 26 14 27 | 07
#0025-d343 @A: 30 20 09 07 | 06
#0026-d343 @A: 11 09 23 07 | 09
#0027-d343 @A: 22 09 33 34 | 01
#0028-d343 @A: 24 27 33 09 | 12
#0029-d343 @A: 24 16 09 04 | 10
#0030-d343 @A: 09 02 21 13 | 05
#0031-d343 @A: 09 35 11 08 | 02
#0032-d343 @A: 17 11 09 16 | 11
#0033-d343 @A: 09 16 08 02 | 03
#0034-d343 @A: 08 09 22 31 | 08
#0035-d343 @A: 15 29 21 24 | 04
#0036-d343 @A: 35 07 15 22 | 07
#0037-d343 @A: 15 30 01 04 | 06
#0038-d343 @A: 06 30 35 15 | 09
#0039-d343 @A: 04 34 08 15 | 01
#0040-d343 @A: 01 15 11 33 | 12
#0041-d343 @A: 13 21 22 15 | 10
#0042-d343 @A: 15 04 11 23 | 05
#0043-d343 @A: 20 15 04 18 | 02
#0044-d343 @A: 35 02 15 12 | 11
#0045-d343 @A: 23 15 20 06 | 03
#0046-d343 @A: 29 05 28 10 | 08
#0047-d343 @A: 07 05 03 35 | 04
#0048-d343 @A: 32 20 30 05 | 07
#0049-d343 @A: 35 05 30 17 | 06
#0050-d343 @A: 12 30 21 05 | 09
#0051-d343 @A: 05 11 13 17 | 01
#0052-d343 @A: 05 10 18 32 | 12
#0053-d343 @A: 18 31 05 08 | 10
#0054-d343 @A: 26 02 29 25 | 05
#0055-d343 @A: 07 31 29 30 | 02
#0056-d343 @A: 07 29 35 25 | 11
#0057-d343 @A: 14 07 29 20 | 03
#0058-d343 @A: 29 17 24 30 | 08
#0059-d343 @A: 04 29 32 20 | 04
#0060-d343 @A: 01 29 14 08 | 07
#0061-d343 @A: 06 29 23 17 | 06
#0062-d343 @A: 06 03 14 29 | 09
#0063-d343 @A: 26 30 33 20 | 01
#0064-d343 @A: 06 02 33 26 | 12
#0065-d343 @A: 26 24 12 27 | 10
#0066-d343 @A: 08 32 26 11 | 05
#0067-d343 @A: 35 18 28 26 | 02
#0068-d343 @A: 26 18 12 25 | 11
#0069-d343 @A: 20 08 26 31 | 03
#0070-d343 @A: 17 20 26 18 | 08
#0071-d343 @A: 23 26 27 31 | 04
#0072-d343 @A: 30 07 13 03 | 07
#0073-d343 @A: 30 07 17 11 | 06
#0074-d343 @A: 07 24 04 22 | 09
#0075-d343 @A: 08 24 07 23 | 01
#0076-d343 @A: 18 13 07 10 | 12
#0077-d343 @A: 13 07 35 12 | 10
#0078-d343 @A: 35 07 02 17 | 05
#0079-d343 @A: 23 25 03 07 | 02
#0080-d343 @A: 23 07 31 01 | 11
#0081-d343 @A: 06 21 18 07 | 03
#0082-d343 @A: 30 34 03 02 | 08
#0083-d343 @A: 24 01 33 30 | 04
#0084-d343 @A: 11 30 06 08 | 07
#0085-d343 @A: 30 18 22 10 | 06
#0086-d343 @A: 16 30 22 08 | 09
#0087-d343 @A: 23 27 34 24 | 01
#0088-d343 @A: 33 24 14 32 | 12
#0089-d343 @A: 06 33 24 35 | 10
#0090-d343 @A: 33 04 06 13 | 05
#0091-d343 @A: 33 25 13 35 | 02
#0092-d343 @A: 04 32 16 33 | 11
#0093-d343 @A: 14 04 18 33 | 03
#0094-d343 @A: 25 28 33 31 | 08
#0095-d343 @A: 22 20 31 33 | 04
#0096-d343 @A: 16 14 33 03 | 07
#0097-d343 @A: 02 17 24 13 | 06
#0098-d343 @A: 31 10 24 04 | 09
#0099-d343 @A: 20 04 24 02 | 01
#0100-d343 @A: 31 24 28 04 | 12
#0101-d343 @A: 11 10 08 24 | 10
#0102-d343 @A: 32 24 11 22 | 05
#0103-d343 @A: 24 20 17 32 | 02
#0104-d343 @A: 17 12 24 25 | 11
#0105-d343 @A: 24 25 18 21 | 03
#0106-d343 @A: 20 24 25 23 | 08
#0107-d343 @A: 13 04 21 35 | 04
#0108-d343 @A: 31 28 35 13 | 07
#0109-d343 @A: 35 13 17 20 | 06
#0110-d343 @A: 08 01 13 20 | 09
#0111-d343 @A: 06 01 13 23 | 01
#0112-d343 @A: 13 17 01 27 | 12
#0113-d343 @A: 13 18 27 16 | 10
#0114-d343 @A: 13 21 27 23 | 05
#0115-d343 @A: 17 04 11 28 | 02
#0116-d343 @A: 12 14 04 17 | 11
#0117-d343 @A: 31 08 04 06 | 03
#0118-d343 @A: 06 04 03 20 | 08
#0119-d343 @A: 20 11 16 02 | 04
#0120-d343 @A: 27 11 22 14 | 07
#0121-d343 @A: 11 21 14 06 | 06
#0122-d343 @A: 10 08 20 21 | 09
#0123-d343 @A: 28 17 18 10 | 01
#0124-d343 @A: 28 18 32 02 | 12
#0125-d343 @A: 01 27 21 02 | 10
#0126-d343 @A: 31 32 21 22 | 05
#0127-d343 @A: 32 20 23 18 | 02
#0128-d343 @A: 12 01 35 21 | 11
#0129-d343 @A: 01 03 35 06 | 03
#0130-d343 @A: 23 01 14 28 | 08
#0131-d343 @A: 20 28 03 22 | 04
#0132-d343 @A: 14 30 19 29 | 07
#0133-d343 @A: 24 29 19 12 | 06
#0134-d343 @A: 23 26 19 28 | 09
#0135-d343 @A: 13 19 20 07 | 01
#0136-d343 @A: 01 19 24 03 | 12
#0137-d343 @A: 23 13 19 10 | 10
#0138-d343 @A: 19 17 02 11 | 05
#0139-d343 @A: 27 19 10 18 | 02
#0140-d343 @A: 19 14 31 02 | 11
#0141-d343 @A: 19 03 14 20 | 03
#0142-d343 @A: 09 15 25 05 | 08
#0143-d343 @A: 11 18 09 15 | 04
#0144-d343 @A: 15 27 28 09 | 07
#0145-d343 @A: 09 22 29 24 | 06
#0146-d343 @A: 31 07 09 26 | 09
#0147-d343 @A: 28 09 32 26 | 01
#0148-d343 @A: 09 30 31 34 | 12
#0149-d343 @A: 30 18 35 09 | 10
#0150-d343 @A: 09 16 34 10 | 05
#0151-d343 @A: 34 09 17 27 | 02
#0152-d343 @A: 09 04 02 31 | 11
#0153-d343 @A: 09 32 27 04 | 03
#0154-d343 @A: 09 17 04 35 | 08
#0155-d343 @A: 28 09 35 03 | 04
#0156-d343 @A: 22 23 25 09 | 07
#0157-d343 @A: 31 20 25 09 | 06
#0158-d343 @A: 09 17 28 22 | 09
#0159-d343 @A: 16 27 31 09 | 01
#0160-d343 @A: 27 15 26 05 | 12
#0161-d343 @A: 04 15 29 33 | 10
#0162-d343 @A: 30 18 32 15 | 05
#0163-d343 @A: 15 24 08 33 | 02
#0164-d343 @A: 17 11 15 24 | 11
#0165-d343 @A: 13 12 15 10 | 03
#0166-d343 @A: 31 01 18 15 | 08
#0167-d343 @A: 15 01 21 17 | 04
#0168-d343 @A: 25 24 29 05 | 07
#0169-d343 @A: 27 13 05 30 | 06
#0170-d343 @A: 06 05 31 30 | 09
#0171-d343 @A: 24 05 31 33 | 01
#0172-d343 @A: 27 04 33 05 | 12
#0173-d343 @A: 01 35 05 33 | 10
#0174-d343 @A: 13 04 05 01 | 05
#0175-d343 @A: 25 02 13 05 | 02
#0176-d343 @A: 08 28 05 12 | 11
#0177-d343 @A: 26 35 23 29 | 03
#0178-d343 @A: 17 13 33 29 | 08
#0179-d343 @A: 29 06 24 13 | 04
#0180-d343 @A: 28 17 29 24 | 07
#0181-d343 @A: 16 13 29 04 | 06
#0182-d343 @A: 10 29 11 22 | 09
#0183-d343 @A: 29 22 32 08 | 01
#0184-d343 @A: 29 27 06 25 | 12
#0185-d343 @A: 13 24 07 26 | 10
#0186-d343 @A: 11 18 26 30 | 05
#0187-d343 @A: 34 14 28 26 | 02
#0188-d343 @A: 26 33 22 24 | 11
#0189-d343 @A: 26 11 33 16 | 03
#0190-d343 @A: 31 26 35 24 | 08
#0191-d343 @A: 24 28 08 26 | 04
#0192-d343 @A: 26 03 12 10 | 07
#0193-d343 @A: 35 06 18 26 | 06
#0194-d343 @A: 20 06 26 25 | 09
#0195-d343 @A: 07 35 08 33 | 01
#0196-d343 @A: 07 11 06 13 | 12
#0197-d343 @A: 31 07 02 13 | 10
#0198-d343 @A: 07 11 25 04 | 05
#0199-d343 @A: 16 11 32 07 | 02
#0200-d343 @A: 10 21 07 03 | 11
#0201-d343 @A: 27 12 07 16 | 03
#0202-d343 @A: 27 07 18 23 | 08
#0203-d343 @A: 07 17 14 23 | 04
#0204-d343 @A: 04 24 30 21 | 07
#0205-d343 @A: 35 28 30 23 | 06
#0206-d343 @A: 14 01 12 30 | 09
#0207-d343 @A: 01 03 08 30 | 01
#0208-d343 @A: 14 20 30 22 | 12
#0209-d343 @A: 33 11 24 34 | 10
#0210-d343 @A: 16 24 32 34 | 05
#0211-d343 @A: 34 10 20 04 | 02
#0212-d343 @A: 21 04 14 34 | 11
#0213-d343 @A: 11 27 34 32 | 03
#0214-d343 @A: 34 35 10 03 | 08
#0215-d343 @A: 02 12 08 34 | 04
#0216-d343 @A: 34 06 16 27 | 07
#0217-d343 @A: 24 21 33 13 | 06
#0218-d343 @A: 18 35 33 11 | 09
#0219-d343 @A: 32 33 01 27 | 01
#0220-d343 @A: 06 31 01 33 | 12
#0221-d343 @A: 01 17 33 20 | 10
#0222-d343 @A: 03 22 08 33 | 05
#0223-d343 @A: 17 08 33 18 | 02
#0224-d343 @A: 03 27 23 33 | 11
#0225-d343 @A: 12 24 13 04 | 03
#0226-d343 @A: 24 32 01 13 | 08
#0227-d343 @A: 24 04 01 18 | 04
#0228-d343 @A: 24 25 35 11 | 07
#0229-d343 @A: 27 03 31 24 | 06
#0230-d343 @A: 14 23 24 31 | 09
#0231-d343 @A: 24 03 06 28 | 01
#0232-d343 @A: 28 11 20 13 | 12
#0233-d343 @A: 08 14 21 13 | 10
#0234-d343 @A: 11 02 04 01 | 05
#0235-d343 @A: 11 27 04 21 | 02
#0236-d343 @A: 04 23 35 03 | 11
#0237-d343 @A: 04 25 06 16 | 03
#0238-d343 @A: 22 04 18 31 | 08
#0239-d343 @A: 22 04 17 20 | 04
#0240-d343 @A: 23 21 17 04 | 07
#0241-d343 @A: 25 11 21 01 | 06
#0242-d343 @A: 17 11 21 03 | 09
#0243-d343 @A: 35 31 10 02 | 01
#0244-d343 @A: 10 27 12 21 | 12
#0245-d343 @A: 23 10 08 28 | 10
#0246-d343 @A: 25 23 02 01 | 05
#0247-d343 @A: 02 20 12 18 | 02
#0248-d343 @A: 08 02 31 23 | 11
#0249-d343 @A: 23 02 03 17 | 03
#0250-d343 @A: 20 12 32 35 | 08
#0251-d343 @A: 31 08 32 25 | 04
#0252-d343 @A: 18 01 14 32 | 07
#0253-d343 @A: 18 32 08 16 | 06
#0254-d343 @A: 03 08 32 20 | 09
#0255-d343 @A: 35 23 12 08 | 01
#0256-d343 @A: 03 18 35 27 | 12
#0257-d343 @A: 35 06 31 14 | 10
#0258-d343 @A: 20 16 35 28 | 05
#0259-d343 @A: 28 01 08 17 | 02
#0260-d343 @A: 06 08 16 28 | 11
#0261-d343 @A: 28 16 22 31 | 03
#0262-d343 @A: 19 23 29 09 | 08
#0263-d343 @A: 22 33 15 19 | 04
#0264-d343 @A: 14 28 19 15 | 07
#0265-d343 @A: 19 05 22 26 | 06
#0266-d343 @A: 01 05 30 19 | 09
#0267-d343 @A: 13 19 05 08 | 01
#0268-d343 @A: 25 29 19 04 | 12
#0269-d343 @A: 19 18 29 16 | 10
#0270-d343 @A: 26 13 19 25 | 05
#0271-d343 @A: 04 26 19 16 | 02
#0272-d343 @A: 19 33 30 25 | 11
#0273-d343 @A: 19 03 30 10 | 03
#0274-d343 @A: 19 32 34 35 | 08
#0275-d343 @A: 19 11 24 06 | 04
#0276-d343 @A: 21 19 02 24 | 07
#0277-d343 @A: 35 19 14 04 | 06
#0278-d343 @A: 19 31 01 10 | 09
#0279-d343 @A: 19 16 25 27 | 01
#0280-d343 @A: 22 01 18 19 | 12
#0281-d343 @A: 06 14 01 19 | 10
#0282-d343 @A: 19 03 28 01 | 05
#0283-d343 @A: 08 31 19 16 | 02
#0284-d343 @A: 21 14 19 16 | 11
#0285-d343 @A: 35 15 14 09 | 03
#0286-d343 @A: 17 07 09 05 | 08
#0287-d343 @A: 09 33 29 31 | 04
#0288-d343 @A: 02 17 09 29 | 07
#0289-d343 @A: 25 11 26 09 | 06
#0290-d343 @A: 09 35 01 26 | 09
#0291-d343 @A: 02 24 09 07 | 01
#0292-d343 @A: 14 07 09 10 | 12
#0293-d343 @A: 07 28 25 09 | 10
#0294-d343 @A: 30 32 01 09 | 05
#0295-d343 @A: 17 30 22 09 | 02
#0296-d343 @A: 09 24 35 20 | 11
#0297-d343 @A: 28 11 09 08 | 03
#0298-d343 @A: 35 09 22 10 | 08
#0299-d343 @A: 03 02 09 35 | 04
#0300-d343 @A: 02 01 14 09 | 07
#0301-d343 @A: 09 23 27 02 | 06
#0302-d343 @A: 18 09 25 16 | 09
#0303-d343 @A: 18 09 14 22 | 01
#0304-d343 @A: 11 29 05 15 | 12
#0305-d343 @A: 33 05 28 15 | 10
#0306-d343 @A: 05 06 15 13 | 05
#0307-d343 @A: 22 30 15 29 | 02
#0308-d343 @A: 15 25 26 35 | 11
#0309-d343 @A: 26 17 15 22 | 03
#0310-d343 @A: 06 33 07 15 | 08
#0311-d343 @A: 10 16 07 15 | 04
#0312-d343 @A: 21 15 33 02 | 07
#0313-d343 @A: 32 16 13 15 | 06
#0314-d343 @A: 14 15 04 10 | 09
#0315-d343 @A: 32 21 15 11 | 01
#0316-d343 @A: 15 06 22 11 | 12
#0317-d343 @A: 15 32 08 10 | 10
#0318-d343 @A: 22 15 20 10 | 05
#0319-d343 @A: 14 02 15 06 | 02
#0320-d343 @A: 01 20 15 12 | 11
#0321-d343 @A: 18 15 06 16 | 03
#0322-d343 @A: 35 26 05 20 | 08
#0323-d343 @A: 24 05 34 04 | 04
#0324-d343 @A: 23 05 34 31 | 07
#0325-d343 @A: 16 24 13 05 | 06
#0326-d343 @A: 32 12 24 05 | 09
#0327-d343 @A: 24 05 27 35 | 01
#0328-d343 @A: 31 05 12 22 | 12
#0329-d343 @A: 21 08 17 05 | 10
#0330-d343 @A: 04 07 29 08 | 05
#0331-d343 @A: 31 28 29 07 | 02
#0332-d343 @A: 08 29 33 02 | 11
#0333-d343 @A: 25 32 11 29 | 03
#0334-d343 @A: 20 10 29 18 | 08
#0335-d343 @A: 08 25 17 29 | 04
#0336-d343 @A: 29 12 27 17 | 07
#0337-d343 @A: 29 21 12 03 | 06
#0338-d343 @A: 20 08 29 06 | 09
#0339-d343 @A: 14 27 29 23 | 01
#0340-d343 @A: 07 04 06 26 | 12
#0341-d343 @A: 26 32 22 07 | 10
#0342-d343 @A: 26 30 01 34 | 05
#0343-d343 @A: 25 26 04 34 | 02
#0344-d343 @A: 32 27 26 13 | 11
#0345-d343 @A: 01 03 26 13 | 03
#0346-d343 @A: 10 11 06 26 | 08
#0347-d343 @A: 10 35 26 27 | 04
#0348-d343 @A: 02 18 26 21 | 07
#0349-d343 @A: 27 20 26 16 | 06
#0350-d343 @A: 07 28 04 33 | 09
#0351-d343 @A: 13 01 07 25 | 01
#0352-d343 @A: 35 07 18 31 | 12
#0353-d343 @A: 12 22 07 08 | 10
#0354-d343 @A: 23 07 12 21 | 05
#0355-d343 @A: 28 16 14 07 | 02
#0356-d343 @A: 20 17 21 07 | 11
#0357-d343 @A: 23 03 07 28 | 03
#0358-d343 @A: 30 31 33 08 | 08
#0359-d343 @A: 08 13 30 24 | 04
#0360-d343 @A: 25 06 03 30 | 07
#0361-d343 @A: 18 17 03 30 | 06
#0362-d343 @A: 14 35 34 24 | 09
#0363-d343 @A: 32 34 23 13 | 01
#0364-d343 @A: 22 04 34 02 | 12
#0365-d343 @A: 01 34 04 35 | 10
#0366-d343 @A: 34 32 18 06 | 05
#0367-d343 @A: 25 01 14 34 | 02
#0368-d343 @A: 31 22 14 34 | 11
#0369-d343 @A: 24 33 32 28 | 03
#0370-d343 @A: 32 33 03 13 | 08
#0371-d343 @A: 04 03 33 10 | 04
#0372-d343 @A: 10 23 02 33 | 07
#0373-d343 @A: 25 06 22 33 | 06
#0374-d343 @A: 33 06 03 12 | 09
#0375-d343 @A: 33 16 01 22 | 01
#0376-d343 @A: 27 14 33 08 | 12
#0377-d343 @A: 33 16 18 20 | 10
#0378-d343 @A: 27 32 02 24 | 05
#0379-d343 @A: 31 24 25 06 | 02
#0380-d343 @A: 01 31 08 24 | 11
#0381-d343 @A: 24 08 18 27 | 03
#0382-d343 @A: 31 22 16 24 | 08
#0383-d343 @A: 20 03 22 24 | 04
#0384-d343 @A: 17 18 06 24 | 07
#0385-d343 @A: 16 24 27 21 | 06
#0386-d343 @A: 04 22 13 10 | 09
#0387-d343 @A: 28 13 04 27 | 01
#0388-d343 @A: 13 10 31 03 | 12
#0389-d343 @A: 13 02 23 22 | 10
#0390-d343 @A: 13 32 06 20 | 05
#0391-d343 @A: 17 14 13 25 | 02
#0392-d343 @A: 06 17 13 12 | 11
#0393-d343 @A: 13 31 01 14 | 03
#0394-d343 @A: 13 28 17 16 | 08
#0395-d343 @A: 02 10 04 21 | 04
#0396-d343 @A: 16 18 04 17 | 07
#0397-d343 @A: 31 10 28 11 | 06
#0398-d343 @A: 11 18 14 25 | 09
#0399-d343 @A: 25 11 31 03 | 01
#0400-d343 @A: 11 03 12 08 | 12
#0401-d343 @A: 11 20 12 14 | 10
#0402-d343 @A: 17 18 01 10 | 05
#0403-d343 @A: 21 10 14 18 | 02
#0404-d343 @A: 21 25 02 35 | 11
#0405-d343 @A: 14 02 16 25 | 03
#0406-d343 @A: 12 03 27 32 | 08
#0407-d343 @A: 16 35 12 18 | 04
#0408-d343 @A: 35 27 08 17 | 07
#0409-d343 @A: 23 35 22 18 | 06
#0410-d343 @A: 23 28 27 06 | 09
#0411-d343 @A: 01 19 09 17 | 01
#0412-d343 @A: 15 19 20 16 | 12
#0413-d343 @A: 05 18 35 19 | 10
#0414-d343 @A: 19 26 14 10 | 05
#0415-d343 @A: 07 23 19 35 | 02
#0416-d343 @A: 01 19 34 11 | 11
#0417-d343 @A: 34 19 28 16 | 03
#0418-d343 @A: 27 02 33 19 | 08
#0419-d343 @A: 08 19 32 24 | 04
#0420-d343 @A: 35 22 19 24 | 07
#0421-d343 @A: 17 19 13 04 | 06
#0422-d343 @A: 18 13 19 14 | 09
#0423-d343 @A: 19 28 11 25 | 01
#0424-d343 @A: 23 22 12 19 | 12
#0425-d343 @A: 21 19 23 01 | 10
#0426-d343 @A: 09 33 15 16 | 05
#0427-d343 @A: 09 01 24 05 | 02
#0428-d343 @A: 05 35 09 21 | 11
#0429-d343 @A: 29 09 18 07 | 03
#0430-d343 @A: 26 09 12 02 | 08
#0431-d343 @A: 07 09 01 04 | 04
#0432-d343 @A: 34 09 28 31 | 07
#0433-d343 @A: 32 18 33 09 | 06
#0434-d343 @A: 21 09 33 08 | 09
#0435-d343 @A: 09 13 16 23 | 01
#0436-d343 @A: 09 08 04 10 | 12
#0437-d343 @A: 09 28 04 16 | 10
#0438-d343 @A: 09 06 11 32 | 05
#0439-d343 @A: 09 10 21 32 | 02
#0440-d343 @A: 14 09 10 28 | 11
#0441-d343 @A: 25 03 09 17 | 03
#0442-d343 @A: 21 09 12 17 | 08
#0443-d343 @A: 01 20 22 09 | 04
#0444-d343 @A: 21 20 09 18 | 07
#0445-d343 @A: 26 30 15 23 | 06
#0446-d343 @A: 32 14 15 26 | 09
#0447-d343 @A: 21 14 15 07 | 01
#0448-d343 @A: 15 34 25 24 | 12
#0449-d343 @A: 12 15 22 24 | 10
#0450-d343 @A: 04 31 15 35 | 05
#0451-d343 @A: 21 15 06 04 | 02
#0452-d343 @A: 10 15 35 23 | 11
#0453-d343 @A: 32 15 02 03 | 03
#0454-d343 @A: 21 18 08 15 | 08
#0455-d343 @A: 11 05 07 22 | 04
#0456-d343 @A: 10 05 30 14 | 07
#0457-d343 @A: 12 03 05 34 | 06
#0458-d343 @A: 20 13 33 05 | 09
#0459-d343 @A: 05 08 11 33 | 01
#0460-d343 @A: 05 18 24 23 | 12
#0461-d343 @A: 14 04 02 05 | 10
#0462-d343 @A: 12 18 04 05 | 05
#0463-d343 @A: 02 05 10 20 | 02
#0464-d343 @A: 05 22 25 17 | 11
#0465-d343 @A: 05 18 16 22 | 03
#0466-d343 @A: 06 05 14 18 | 08
#0467-d343 @A: 29 06 26 30 | 04
#0468-d343 @A: 26 29 01 33 | 07
#0469-d343 @A: 03 29 07 24 | 06
#0470-d343 @A: 29 32 23 07 | 09
#0471-d343 @A: 29 30 10 04 | 01
#0472-d343 @A: 06 29 34 04 | 12
#0473-d343 @A: 28 33 11 29 | 10
#0474-d343 @A: 18 29 33 25 | 05
#0475-d343 @A: 32 13 29 21 | 02
#0476-d343 @A: 10 25 29 31 | 11
#0477-d343 @A: 02 25 29 28 | 03
#0478-d343 @A: 29 28 22 35 | 08
#0479-d343 @A: 20 17 29 03 | 04
#0480-d343 @A: 26 11 27 07 | 07
#0481-d343 @A: 30 26 31 04 | 06
#0482-d343 @A: 11 20 34 26 | 09
#0483-d343 @A: 26 33 04 21 | 01
#0484-d343 @A: 33 35 26 03 | 12
#0485-d343 @A: 26 24 10 23 | 10
#0486-d343 @A: 18 04 10 26 | 05
#0487-d343 @A: 32 20 26 10 | 02
#0488-d343 @A: 28 06 26 25 | 11
#0489-d343 @A: 17 31 12 26 | 03
#0490-d343 @A: 01 26 21 08 | 08
#0491-d343 @A: 27 01 26 18 | 04
#0492-d343 @A: 23 06 03 26 | 07
#0493-d343 @A: 14 07 30 33 | 06
#0494-d343 @A: 07 23 30 10 | 09
#0495-d343 @A: 30 07 28 17 | 01
#0496-d343 @A: 07 24 06 34 | 12
#0497-d343 @A: 32 07 13 17 | 10
#0498-d343 @A: 03 07 02 04 | 05
#0499-d343 @A: 14 07 02 11 | 02
#0500-d343 @A: 32 10 07 27 | 11
#0501-d343 @A: 06 07 02 23 | 03
#0502-d343 @A: 18 25 07 08 | 08
#0503-d343 @A: 17 07 01 08 | 04
#0504-d343 @A: 22 07 17 16 | 07
#0505-d343 @A: 33 32 30 12 | 06
#0506-d343 @A: 33 30 35 21 | 09
#0507-d343 @A: 24 25 30 02 | 01
#0508-d343 @A: 25 13 30 23 | 12
#0509-d343 @A: 16 03 04 30 | 10
#0510-d343 @A: 35 30 03 11 | 05
#0511-d343 @A: 23 30 28 11 | 02
#0512-d343 @A: 30 08 02 32 | 11
#0513-d343 @A: 30 12 02 28 | 03
#0514-d343 @A: 18 08 30 12 | 08
#0515-d343 @A: 18 06 01 30 | 04
#0516-d343 @A: 14 30 27 03 | 07
#0517-d343 @A: 27 22 25 34 | 06
#0518-d343 @A: 34 16 25 03 | 09
#0519-d343 @A: 34 22 20 08 | 01
#0520-d343 @A: 23 34 03 18 | 12
#0521-d343 @A: 16 14 34 17 | 10
#0522-d343 @A: 21 10 33 31 | 05
#0523-d343 @A: 33 20 12 27 | 02
#0524-d343 @A: 06 16 08 33 | 11
#0525-d343 @A: 06 22 28 33 | 03
#0526-d343 @A: 20 28 33 21 | 08
#0527-d343 @A: 14 11 24 04 | 04
#0528-d343 @A: 24 28 16 11 | 07
#0529-d343 @A: 18 24 31 12 | 06
#0530-d343 @A: 24 21 28 23 | 09
#0531-d343 @A: 01 13 16 02 | 01
#0532-d343 @A: 13 31 12 25 | 12
#0533-d343 @A: 16 13 25 22 | 10
#0534-d343 @A: 13 12 21 18 | 05
#0535-d343 @A: 18 20 13 31 | 02
#0536-d343 @A: 18 06 13 28 | 11
#0537-d343 @A: 31 13 06 16 | 03
#0538-d343 @A: 04 31 23 25 | 08
#0539-d343 @A: 31 04 01 12 | 04
#0540-d343 @A: 21 12 22 04 | 07
#0541-d343 @A: 27 04 23 12 | 06
#0542-d343 @A: 04 27 03 01 | 09
#0543-d343 @A: 11 17 10 12 | 01
#0544-d343 @A: 11 23 35 01 | 12
#0545-d343 @A: 14 03 01 11 | 10
#0546-d343 @A: 31 18 11 27 | 05
#0547-d343 @A: 14 08 10 35 | 02
#0548-d343 @A: 16 20 10 01 | 11
#0549-d343 @A: 10 08 17 03 | 03
#0550-d343 @A: 22 10 23 27 | 08
#0551-d343 @A: 16 27 10 03 | 04
#0552-d343 @A: 02 27 20 25 | 07
#0553-d343 @A: 17 02 22 14 | 06
#0554-d343 @A: 02 28 21 22 | 09
#0555-d343 @A: 16 18 02 23 | 01
#0556-d343 @A: 23 12 32 06 | 12
#0557-d343 @A: 32 23 31 16 | 10
#0558-d343 @A: 25 35 18 01 | 05
#0559-d343 @A: 17 35 23 25 | 02
#0560-d343 @A: 35 03 17 12 | 11
#0561-d343 @A: 22 21 16 35 | 03
#0562-d343 @A: 14 35 27 21 | 08
#0563-d343 @A: 25 23 28 18 | 04
#0564-d343 @A: 02 25 19 09 | 07
#0565-d343 @A: 19 15 12 05 | 06
#0566-d343 @A: 15 19 27 11 | 09
#0567-d343 @A: 33 12 26 19 | 01
#0568-d343 @A: 19 26 11 23 | 12
#0569-d343 @A: 06 26 19 32 | 10
#0570-d343 @A: 21 19 35 26 | 05
#0571-d343 @A: 34 30 19 20 | 02
#0572-d343 @A: 12 30 11 19 | 11
#0573-d343 @A: 12 34 04 19 | 03
#0574-d343 @A: 19 11 33 14 | 08
#0575-d343 @A: 35 19 25 12 | 04
#0576-d343 @A: 17 20 19 25 | 07
#0577-d343 @A: 09 02 15 20 | 06
#0578-d343 @A: 09 35 29 06 | 09
#0579-d343 @A: 07 20 28 09 | 01
#0580-d343 @A: 03 09 33 30 | 12
#0581-d343 @A: 30 10 09 12 | 10
#0582-d343 @A: 21 24 11 09 | 05
#0583-d343 @A: 21 16 01 09 | 02
#0584-d343 @A: 20 08 09 27 | 11
#0585-d343 @A: 14 23 09 20 | 03
#0586-d343 @A: 14 05 24 15 | 08
#0587-d343 @A: 15 23 02 29 | 04
#0588-d343 @A: 31 29 16 15 | 07
#0589-d343 @A: 18 26 15 33 | 06
#0590-d343 @A: 31 02 15 26 | 09
#0591-d343 @A: 08 15 07 13 | 01
#0592-d343 @A: 15 25 07 02 | 12
#0593-d343 @A: 33 30 15 27 | 10
#0594-d343 @A: 06 34 10 15 | 05
#0595-d343 @A: 35 34 15 21 | 02
#0596-d343 @A: 32 25 15 33 | 11
#0597-d343 @A: 03 20 33 15 | 03
#0598-d343 @A: 15 13 24 31 | 08
#0599-d343 @A: 35 15 18 13 | 04
#0600-d343 @A: 10 15 03 18 | 07
#0601-d343 @A: 15 35 28 32 | 06
#0602-d343 @A: 12 15 25 27 | 09
#0603-d343 @A: 06 12 08 15 | 01
#0604-d343 @A: 31 03 15 12 | 12
#0605-d343 @A: 15 14 31 20 | 10
#0606-d343 @A: 05 02 26 17 | 05
#0607-d343 @A: 05 33 18 07 | 02
#0608-d343 @A: 16 05 04 07 | 11
#0609-d343 @A: 05 02 28 07 | 03
#0610-d343 @A: 13 32 31 05 | 08
#0611-d343 @A: 01 32 11 05 | 04
#0612-d343 @A: 11 05 12 27 | 07
#0613-d343 @A: 05 11 16 21 | 06
#0614-d343 @A: 06 05 10 03 | 09
#0615-d343 @A: 08 05 14 32 | 01
#0616-d343 @A: 05 20 08 12 | 12
#0617-d343 @A: 05 01 16 03 | 10
#0618-d343 @A: 27 01 05 23 | 05
#0619-d343 @A: 20 16 17 05 | 02
#0620-d343 @A: 05 17 28 14 | 11
#0621-d343 @A: 17 26 29 16 | 03
#0622-d343 @A: 30 35 29 27 | 08
#0623-d343 @A: 24 01 29 35 | 04
#0624-d343 @A: 11 29 18 17 | 07
#0625-d343 @A: 16 29 28 32 | 06
#0626-d343 @A: 29 20 22 12 | 09
#0627-d343 @A: 18 22 06 29 | 01
#0628-d343 @A: 03 27 29 28 | 12
#0629-d343 @A: 12 07 30 26 | 10
#0630-d343 @A: 07 28 34 26 | 05
#0631-d343 @A: 07 20 26 03 | 02
#0632-d343 @A: 12 34 14 26 | 11
#0633-d343 @A: 25 26 08 33 | 03
#0634-d343 @A: 13 26 35 16 | 08
#0635-d343 @A: 26 14 22 13 | 04
#0636-d343 @A: 08 26 17 04 | 07
#0637-d343 @A: 26 27 08 02 | 06
#0638-d343 @A: 28 17 26 31 | 09
#0639-d343 @A: 22 07 23 34 | 01
#0640-d343 @A: 07 13 27 33 | 12
#0641-d343 @A: 31 24 07 17 | 10
#0642-d343 @A: 13 07 04 23 | 05
#0643-d343 @A: 07 08 14 31 | 02
#0644-d343 @A: 06 08 03 07 | 11
#0645-d343 @A: 18 07 14 16 | 03
#0646-d343 @A: 17 07 03 27 | 08
#0647-d343 @A: 10 33 16 30 | 04
#0648-d343 @A: 30 02 33 22 | 07
#0649-d343 @A: 04 30 35 32 | 06
#0650-d343 @A: 30 21 02 11 | 09
#0651-d343 @A: 10 30 27 02 | 01
#0652-d343 @A: 21 10 01 30 | 12
#0653-d343 @A: 28 01 27 30 | 10
#0654-d343 @A: 23 04 34 33 | 05
#0655-d343 @A: 33 34 03 21 | 02
#0656-d343 @A: 34 10 24 21 | 11
#0657-d343 @A: 10 34 13 27 | 03
#0658-d343 @A: 18 35 02 34 | 08
#0659-d343 @A: 31 34 06 12 | 04
#0660-d343 @A: 34 01 06 08 | 07
#0661-d343 @A: 18 22 34 17 | 06
#0662-d343 @A: 28 34 21 06 | 09
#0663-d343 @A: 04 22 35 33 | 01
#0664-d343 @A: 33 11 10 27 | 12
#0665-d343 @A: 02 03 33 31 | 10
#0666-d343 @A: 33 17 22 12 | 05
#0667-d343 @A: 33 18 27 06 | 02
#0668-d343 @A: 27 33 17 31 | 11
#0669-d343 @A: 10 13 14 24 | 03
#0670-d343 @A: 11 18 16 24 | 08
#0671-d343 @A: 03 10 32 24 | 04
#0672-d343 @A: 02 12 16 24 | 07
#0673-d343 @A: 20 16 24 08 | 06
#0674-d343 @A: 04 13 18 02 | 09
#0675-d343 @A: 13 02 27 03 | 01
#0676-d343 @A: 25 06 18 13 | 12
#0677-d343 @A: 13 08 17 16 | 10
#0678-d343 @A: 17 13 23 18 | 05
#0679-d343 @A: 32 22 03 04 | 02
#0680-d343 @A: 04 27 25 18 | 11
#0681-d343 @A: 08 16 01 04 | 03
#0682-d343 @A: 18 21 03 04 | 08
#0683-d343 @A: 11 25 06 23 | 04
#0684-d343 @A: 22 23 11 08 | 07
#0685-d343 @A: 03 18 06 11 | 06
#0686-d343 @A: 28 06 14 11 | 09
#0687-d343 @A: 10 32 02 01 | 01
#0688-d343 @A: 25 08 10 12 | 12
#0689-d343 @A: 28 22 10 27 | 10
#0690-d343 @A: 06 17 08 02 | 05
#0691-d343 @A: 17 27 16 02 | 02
#0692-d343 @A: 01 08 32 35 | 11
#0693-d343 @A: 01 32 12 16 | 03
#0694-d343 @A: 12 17 08 32 | 08
#0695-d343 @A: 27 35 25 31 | 04
#0696-d343 @A: 08 35 31 03 | 07
#0697-d343 @A: 19 21 09 15 | 06
#0698-d343 @A: 09 34 26 19 | 09
#0699-d343 @A: 19 32 14 09 | 01
#0700-d343 @A: 19 08 18 09 | 12
#0701-d343 @A: 19 06 15 29 | 10
#0702-d343 @A: 19 05 33 21 | 05
#0703-d343 @A: 02 03 19 05 | 02
#0704-d343 @A: 13 29 27 19 | 11
#0705-d343 @A: 19 18 24 26 | 03
#0706-d343 @A: 19 04 30 22 | 08
#0707-d343 @A: 28 19 33 08 | 04
#0708-d343 @A: 14 19 24 27 | 07
#0709-d343 @A: 19 02 04 08 | 06
#0710-d343 @A: 32 19 18 04 | 09
#0711-d343 @A: 35 19 16 11 | 01
#0712-d343 @A: 25 08 01 19 | 12
#0713-d343 @A: 03 21 19 08 | 10
#0714-d343 @A: 05 14 09 29 | 05
#0715-d343 @A: 03 09 05 32 | 02
#0716-d343 @A: 25 09 29 30 | 11
#0717-d343 @A: 26 08 03 09 | 03
#0718-d343 @A: 11 34 14 09 | 08
#0719-d343 @A: 09 34 02 06 | 04
#0720-d343 @A: 34 09 32 20 | 07
#0721-d343 @A: 28 09 01 24 | 06
#0722-d343 @A: 13 17 10 09 | 09
#0723-d343 @A: 10 11 03 09 | 01
#0724-d343 @A: 10 18 09 02 | 12
#0725-d343 @A: 18 09 06 12 | 10
#0726-d343 @A: 15 07 23 05 | 05
#0727-d343 @A: 33 15 10 05 | 02
#0728-d343 @A: 04 05 15 03 | 11
#0729-d343 @A: 25 15 14 29 | 03
#0730-d343 @A: 26 28 15 30 | 08
#0731-d343 @A: 32 15 20 07 | 04
#0732-d343 @A: 03 24 30 15 | 07
#0733-d343 @A: 15 34 13 17 | 06
#0734-d343 @A: 15 28 10 34 | 09
#0735-d343 @A: 02 15 27 34 | 01
#0736-d343 @A: 02 15 28 03 | 12
#0737-d343 @A: 23 25 21 15 | 10
#0738-d343 @A: 21 15 28 16 | 05
#0739-d343 @A: 05 34 26 21 | 02
#0740-d343 @A: 26 33 05 14 | 11
#0741-d343 @A: 28 26 22 05 | 03
#0742-d343 @A: 20 27 05 07 | 08
#0743-d343 @A: 11 05 23 30 | 04
#0744-d343 @A: 33 25 34 05 | 07
#0745-d343 @A: 34 02 01 05 | 06
#0746-d343 @A: 05 33 06 23 | 09
#0747-d343 @A: 21 05 04 32 | 01
#0748-d343 @A: 05 02 27 31 | 12
#0749-d343 @A: 31 05 16 25 | 10
#0750-d343 @A: 12 01 06 05 | 05
#0751-d343 @A: 13 07 22 29 | 02
#0752-d343 @A: 07 29 06 16 | 11
#0753-d343 @A: 23 30 21 29 | 03
#0754-d343 @A: 02 29 20 34 | 08
#0755-d343 @A: 06 29 11 31 | 04
#0756-d343 @A: 20 21 11 29 | 07
#0757-d343 @A: 10 29 17 32 | 06
#0758-d343 @A: 03 29 23 16 | 09
#0759-d343 @A: 10 07 17 26 | 01
#0760-d343 @A: 23 04 26 02 | 12
#0761-d343 @A: 06 32 30 07 | 10
#0762-d343 @A: 25 10 34 07 | 05
#0763-d343 @A: 03 07 14 34 | 02
#0764-d343 @A: 11 12 07 24 | 11
#0765-d343 @A: 10 07 04 12 | 03
#0766-d343 @A: 08 07 20 11 | 08
#0767-d343 @A: 01 12 03 07 | 04
#0768-d343 @A: 07 28 06 01 | 07
#0769-d343 @A: 16 20 07 23 | 06
#0770-d343 @A: 30 25 34 11 | 09
#0771-d343 @A: 34 30 22 12 | 01
#0772-d343 @A: 30 33 13 18 | 12
#0773-d343 @A: 30 14 04 13 | 10
#0774-d343 @A: 20 30 13 10 | 05
#0775-d343 @A: 32 13 30 22 | 02
#0776-d343 @A: 16 32 30 27 | 11
#0777-d343 @A: 14 16 30 35 | 03
#0778-d343 @A: 22 30 03 23 | 08
#0779-d343 @A: 12 34 35 33 | 04
#0780-d343 @A: 13 34 22 35 | 07
#0781-d343 @A: 34 21 13 01 | 06
#0782-d343 @A: 11 02 34 23 | 09
#0783-d343 @A: 12 34 20 17 | 01
#0784-d343 @A: 08 14 34 18 | 12
#0785-d343 @A: 02 33 18 24 | 10
#0786-d343 @A: 03 33 24 25 | 05
#0787-d343 @A: 33 22 11 13 | 02
#0788-d343 @A: 10 33 35 20 | 11
#0789-d343 @A: 16 25 24 01 | 03
#0790-d343 @A: 12 27 28 24 | 08
#0791-d343 @A: 06 01 24 21 | 04
#0792-d343 @A: 20 04 11 13 | 07
#0793-d343 @A: 11 16 10 13 | 06
#0794-d343 @A: 25 10 32 13 | 09
#0795-d343 @A: 13 28 01 32 | 01
#0796-d343 @A: 22 01 12 13 | 12
#0797-d343 @A: 03 13 22 17 | 10
#0798-d343 @A: 16 20 14 13 | 05
#0799-d343 @A: 04 17 27 10 | 02
#0800-d343 @A: 08 21 04 25 | 11
#0801-d343 @A: 06 28 04 01 | 03
#0802-d343 @A: 16 11 14 08 | 08
#0803-d343 @A: 17 31 11 14 | 04
#0804-d343 @A: 20 23 17 11 | 07
#0805-d343 @A: 23 18 25 10 | 06
#0806-d343 @A: 14 06 10 25 | 09
#0807-d343 @A: 20 10 12 23 | 01
#0808-d343 @A: 10 27 14 01 | 12
#0809-d343 @A: 18 10 16 31 | 10
#0810-d343 @A: 02 06 12 25 | 05
#0811-d343 @A: 20 03 02 01 | 02
#0812-d343 @A: 02 14 08 28 | 11
#0813-d343 @A: 14 35 23 32 | 03
#0814-d343 @A: 25 01 32 22 | 08
#0815-d343 @A: 32 31 06 28 | 04
#0816-d343 @A: 03 14 17 32 | 07
#0817-d343 @A: 28 31 12 03 | 06
#0818-d343 @A: 33 19 06 09 | 09
#0819-d343 @A: 24 20 05 19 | 01
#0820-d343 @A: 29 19 21 34 | 12
#0821-d343 @A: 34 07 31 19 | 10
#0822-d343 @A: 04 07 21 19 | 05
#0823-d343 @A: 19 01 07 16 | 02
#0824-d343 @A: 19 18 33 34 | 11
#0825-d343 @A: 23 32 33 19 | 03
#0826-d343 @A: 08 33 20 19 | 08
#0827-d343 @A: 20 19 11 32 | 04
#0828-d343 @A: 02 16 19 32 | 07
#0829-d343 @A: 09 15 29 12 | 06
#0830-d343 @A: 09 01 34 15 | 09
#0831-d343 @A: 18 09 05 28 | 01
#0832-d343 @A: 09 26 24 17 | 12
#0833-d343 @A: 09 18 26 13 | 10
#0834-d343 @A: 07 09 34 13 | 05
#0835-d343 @A: 32 08 09 07 | 02
#0836-d343 @A: 09 06 22 07 | 11
#0837-d343 @A: 04 34 09 18 | 03
#0838-d343 @A: 33 23 28 09 | 08
#0839-d343 @A: 24 10 25 09 | 04
#0840-d343 @A: 32 24 09 31 | 07
#0841-d343 @A: 25 09 13 04 | 06
#0842-d343 @A: 14 09 25 08 | 09
#0843-d343 @A: 23 09 12 03 | 01
#0844-d343 @A: 22 03 09 21 | 12
#0845-d343 @A: 09 31 21 14 | 10
#0846-d343 @A: 05 20 15 34 | 05
#0847-d343 @A: 29 17 15 07 | 02
#0848-d343 @A: 34 15 29 18 | 11
#0849-d343 @A: 29 20 15 13 | 03
#0850-d343 @A: 24 15 20 26 | 08
#0851-d343 @A: 15 11 26 12 | 04
#0852-d343 @A: 26 15 10 21 | 07
#0853-d343 @A: 07 15 12 34 | 06
#0854-d343 @A: 30 34 15 14 | 09
#0855-d343 @A: 34 15 32 22 | 01
#0856-d343 @A: 33 17 35 15 | 12
#0857-d343 @A: 02 15 01 24 | 10
#0858-d343 @A: 28 23 13 15 | 05
#0859-d343 @A: 17 04 25 15 | 02
#0860-d343 @A: 02 10 15 17 | 11
#0861-d343 @A: 01 15 35 27 | 03
#0862-d343 @A: 15 21 16 12 | 08
#0863-d343 @A: 08 14 22 15 | 04
#0864-d343 @A: 08 31 15 28 | 07
#0865-d343 @A: 27 23 15 08 | 06
#0866-d343 @A: 06 15 03 17 | 09
#0867-d343 @A: 21 27 15 03 | 01
#0868-d343 @A: 05 29 10 08 | 12
#0869-d343 @A: 06 05 29 32 | 10
#0870-d343 @A: 05 16 12 29 | 05
#0871-d343 @A: 34 06 05 11 | 02
#0872-d343 @A: 22 10 34 05 | 11
#0873-d343 @A: 28 34 05 03 | 03
#0874-d343 @A: 03 11 24 05 | 08
#0875-d343 @A: 31 04 20 05 | 04
#0876-d343 @A: 10 12 35 05 | 07
#0877-d343 @A: 21 05 28 32 | 06
#0878-d343 @A: 25 05 12 14 | 09
#0879-d343 @A: 21 01 05 18 | 01
#0880-d343 @A: 10 29 13 26 | 12
#0881-d343 @A: 32 29 30 03 | 10
#0882-d343 @A: 31 29 24 34 | 05
#0883-d343 @A: 35 17 29 34 | 02
#0884-d343 @A: 29 24 33 20 | 11
#0885-d343 @A: 18 13 01 29 | 03
#0886-d343 @A: 31 29 13 23 | 08
#0887-d343 @A: 29 02 04 12 | 04
#0888-d343 @A: 35 11 29 12 | 07
#0889-d343 @A: 35 29 22 03 | 06
#0890-d343 @A: 01 27 16 29 | 09
#0891-d343 @A: 29 08 27 03 | 01
#0892-d343 @A: 29 14 22 16 | 12
#0893-d343 @A: 26 30 25 32 | 10
#0894-d343 @A: 33 26 27 34 | 05
#0895-d343 @A: 28 12 33 26 | 02
#0896-d343 @A: 32 21 26 24 | 11
#0897-d343 @A: 11 21 13 26 | 03
#0898-d343 @A: 13 20 26 02 | 08
#0899-d343 @A: 35 11 17 26 | 04
#0900-d343 @A: 10 22 26 25 | 07
#0901-d343 @A: 06 16 01 26 | 06
#0902-d343 @A: 26 01 17 14 | 09
#0903-d343 @A: 26 22 18 08 | 01
#0904-d343 @A: 26 21 22 27 | 12
#0905-d343 @A: 26 18 23 14 | 10
#0906-d343 @A: 04 30 18 07 | 05
#0907-d343 @A: 27 35 07 34 | 02
#0908-d343 @A: 07 16 33 24 | 11
#0909-d343 @A: 20 24 07 10 | 03
#0910-d343 @A: 07 32 35 24 | 08
#0911-d343 @A: 07 10 08 02 | 04
#0912-d343 @A: 10 07 35 06 | 07
#0913-d343 @A: 32 02 18 07 | 06
#0914-d343 @A: 07 20 12 25 | 09
#0915-d343 @A: 18 07 01 20 | 01
#0916-d343 @A: 08 18 07 28 | 12
#0917-d343 @A: 07 22 31 27 | 10
#0918-d343 @A: 28 30 25 34 | 05
#0919-d343 @A: 23 17 30 33 | 02
#0920-d343 @A: 30 24 32 23 | 11
#0921-d343 @A: 13 30 35 31 | 03
#0922-d343 @A: 22 31 11 30 | 08
#0923-d343 @A: 17 01 25 30 | 04
#0924-d343 @A: 14 25 30 21 | 07
#0925-d343 @A: 30 20 12 03 | 06
#0926-d343 @A: 27 22 30 01 | 09
#0927-d343 @A: 23 30 14 08 | 01
#0928-d343 @A: 21 18 28 30 | 12
#0929-d343 @A: 14 06 30 17 | 10
#0930-d343 @A: 30 21 17 27 | 05
#0931-d343 @A: 34 10 33 01 | 02
#0932-d343 @A: 35 11 34 31 | 11
#0933-d343 @A: 25 02 34 32 | 03
#0934-d343 @A: 16 02 31 34 | 08
#0935-d343 @A: 20 18 34 25 | 04
#0936-d343 @A: 33 12 13 02 | 07
#0937-d343 @A: 12 33 04 08 | 06
#0938-d343 @A: 20 25 11 33 | 09
#0939-d343 @A: 25 10 17 33 | 01
#0940-d343 @A: 33 18 10 12 | 12
#0941-d343 @A: 31 33 25 14 | 10
#0942-d343 @A: 16 23 25 33 | 05
#0943-d343 @A: 31 33 16 12 | 02
#0944-d343 @A: 33 21 20 23 | 11
#0945-d343 @A: 24 14 28 13 | 03
#0946-d343 @A: 18 24 35 10 | 08
#0947-d343 @A: 10 01 24 12 | 04
#0948-d343 @A: 24 23 35 02 | 07
#0949-d343 @A: 24 12 21 08 | 06
#0950-d343 @A: 27 11 35 13 | 09
#0951-d343 @A: 13 08 25 11 | 01
#0952-d343 @A: 13 14 23 12 | 12
#0953-d343 @A: 06 22 13 08 | 10
#0954-d343 @A: 14 06 27 13 | 05
#0955-d343 @A: 21 03 13 28 | 02
#0956-d343 @A: 04 17 11 32 | 11
#0957-d343 @A: 04 28 32 08 | 03
#0958-d343 @A: 25 14 22 04 | 08
#0959-d343 @A: 12 04 16 20 | 04
#0960-d343 @A: 04 06 22 01 | 07
#0961-d343 @A: 04 14 01 23 | 06
#0962-d343 @A: 04 16 22 23 | 09
#0963-d343 @A: 06 18 04 23 | 01
#0964-d343 @A: 03 17 04 31 | 12
#0965-d343 @A: 11 35 10 32 | 10
#0966-d343 @A: 11 31 20 10 | 05
#0967-d343 @A: 20 11 18 22 | 02
#0968-d343 @A: 16 22 03 11 | 11
#0969-d343 @A: 27 11 23 16 | 03
#0970-d343 @A: 25 10 16 21 | 08
#0971-d343 @A: 12 22 10 16 | 04
#0972-d343 @A: 10 01 03 23 | 07
#0973-d343 @A: 27 10 31 08 | 06
#0974-d343 @A: 23 21 10 06 | 09
#0975-d343 @A: 02 03 18 14 | 01
#0976-d343 @A: 02 17 27 28 | 12
#0977-d343 @A: 03 16 32 35 | 10
#0978-d343 @A: 23 32 21 08 | 05
#0979-d343 @A: 22 20 32 16 | 02
#0980-d343 @A: 35 12 22 14 | 11
#0981-d343 @A: 20 27 35 23 | 03
#0982-d343 @A: 21 27 28 31 | 08
#0983-d343 @A: 31 19 09 05 | 04
#0984-d343 @A: 22 19 09 11 | 07
#0985-d343 @A: 25 19 11 05 | 06
#0986-d343 @A: 26 29 31 19 | 09
#0987-d343 @A: 01 19 29 32 | 01
#0988-d343 @A: 19 07 25 24 | 12
#0989-d343 @A: 22 34 19 16 | 10
#0990-d343 @A: 19 16 33 13 | 05
#0991-d343 @A: 19 24 28 35 | 02
#0992-d343 @A: 10 32 22 19 | 11
#0993-d343 @A: 17 35 19 10 | 03
#0994-d343 @A: 20 19 02 23 | 08
#0995-d343 @A: 18 06 19 20 | 04
#0996-d343 @A: 31 23 19 03 | 07
#0997-d343 @A: 15 09 26 06 | 06
#0998-d343 @A: 30 15 08 09 | 09
#0999-d343 @A: 08 34 05 09 | 01
#1000-d343 @A: 11 09 05 20 | 12
#1001-d343 @A: 28 29 09 21 | 10
#1002-d343 @A: 07 33 09 25 | 05
#1003-d343 @A: 06 13 30 09 | 02
#1004-d343 @A: 30 13 28 09 | 11
#1005-d343 @A: 04 09 20 33 | 03
#1006-d343 @A: 33 17 14 09 | 08
#1007-d343 @A: 31 09 11 13 | 04
#1008-d343 @A: 09 13 03 14 | 07
#1009-d343 @A: 02 09 32 22 | 06
#1010-d343 @A: 09 27 25 01 | 09
#1011-d343 @A: 27 09 22 12 | 01
#1012-d343 @A: 08 23 09 17 | 12
#1013-d343 @A: 17 31 18 09 | 10
#1014-d343 @A: 08 05 15 01 | 05
#1015-d343 @A: 17 15 18 05 | 02
#1016-d343 @A: 05 21 31 15 | 11
#1017-d343 @A: 15 03 29 26 | 03
#1018-d343 @A: 07 15 27 04 | 08
#1019-d343 @A: 30 15 10 11 | 04
#1020-d343 @A: 30 12 15 17 | 07
#1021-d343 @A: 14 13 15 11 | 06
#1022-d343 @A: 17 31 08 15 | 09
#1023-d343 @A: 16 03 15 08 | 01
#1024-d343 @A: 18 27 15 14 | 12
#1025-d343 @A: 15 16 17 23 | 10
#1026-d343 @A: 29 26 18 05 | 05
#1027-d343 @A: 26 05 16 32 | 02
#1028-d343 @A: 07 05 32 25 | 11
#1029-d343 @A: 17 05 34 32 | 03
#1030-d343 @A: 21 13 10 05 | 08
#1031-d343 @A: 23 05 13 35 | 04
#1032-d343 @A: 05 02 18 11 | 07
#1033-d343 @A: 27 05 11 28 | 06
#1034-d343 @A: 06 08 05 25 | 09
#1035-d343 @A: 05 25 03 21 | 01
#1036-d343 @A: 14 05 22 01 | 12
#1037-d343 @A: 22 05 27 03 | 10
#1038-d343 @A: 14 17 05 27 | 05
#1039-d343 @A: 13 26 28 29 | 02
#1040-d343 @A: 27 04 26 29 | 11
#1041-d343 @A: 34 07 29 11 | 03
#1042-d343 @A: 16 33 34 29 | 08
#1043-d343 @A: 34 25 29 13 | 04
#1044-d343 @A: 23 10 34 29 | 07
#1045-d343 @A: 22 29 27 33 | 06
#1046-d343 @A: 24 29 10 16 | 09
#1047-d343 @A: 18 29 24 32 | 01
#1048-d343 @A: 02 29 11 13 | 12
#1049-d343 @A: 27 21 18 29 | 10
#1050-d343 @A: 34 18 07 26 | 05
#1051-d343 @A: 25 07 16 26 | 02
#1052-d343 @A: 16 24 30 26 | 11
#1053-d343 @A: 22 26 35 30 | 03
#1054-d343 @A: 34 26 17 23 | 08
#1055-d343 @A: 25 24 14 26 | 04
#1056-d343 @A: 22 11 26 04 | 07
#1057-d343 @A: 04 20 26 14 | 06
#1058-d343 @A: 25 26 03 27 | 09
#1059-d343 @A: 21 26 25 17 | 01
#1060-d343 @A: 08 26 12 16 | 12
#1061-d343 @A: 31 16 14 26 | 10
#1062-d343 @A: 16 21 23 26 | 05
#1063-d343 @A: 02 30 07 16 | 02
#1064-d343 @A: 10 07 11 01 | 11
#1065-d343 @A: 07 21 11 35 | 03
#1066-d343 @A: 07 28 35 10 | 08
#1067-d343 @A: 07 18 17 12 | 04
#1068-d343 @A: 16 07 03 31 | 07
#1069-d343 @A: 24 30 18 34 | 06
#1070-d343 @A: 34 35 23 30 | 09
#1071-d343 @A: 30 20 11 24 | 01
#1072-d343 @A: 04 17 30 02 | 12
#1073-d343 @A: 08 30 25 27 | 10
#1074-d343 @A: 30 16 18 21 | 05
#1075-d343 @A: 16 04 11 34 | 02
#1076-d343 @A: 11 08 17 34 | 11
#1077-d343 @A: 34 10 32 12 | 03
#1078-d343 @A: 18 34 27 12 | 08
#1079-d343 @A: 23 34 16 12 | 04
#1080-d343 @A: 34 08 27 21 | 07
#1081-d343 @A: 06 03 22 34 | 06
#1082-d343 @A: 34 03 20 31 | 09
#1083-d343 @A: 34 23 14 06 | 01
#1084-d343 @A: 02 33 35 14 | 12
#1085-d343 @A: 16 33 02 28 | 10
#1086-d343 @A: 33 28 14 35 | 05
#1087-d343 @A: 12 33 25 01 | 02
#1088-d343 @A: 18 01 03 33 | 11
#1089-d343 @A: 03 27 33 28 | 03
#1090-d343 @A: 10 24 22 02 | 08
#1091-d343 @A: 24 25 08 22 | 04
#1092-d343 @A: 03 14 12 24 | 07
#1093-d343 @A: 13 32 14 02 | 06
#1094-d343 @A: 13 22 12 28 | 09
#1095-d343 @A: 20 13 23 03 | 01
#1096-d343 @A: 10 04 12 28 | 12
#1097-d343 @A: 03 04 25 12 | 10
#1098-d343 @A: 20 21 04 01 | 05
#1099-d343 @A: 08 04 23 20 | 02
#1100-d343 @A: 16 21 04 31 | 11
#1101-d343 @A: 25 17 27 11 | 03
#1102-d343 @A: 01 12 18 11 | 08
#1103-d343 @A: 11 18 12 28 | 04
#1104-d343 @A: 01 20 11 06 | 07
#1105-d343 @A: 10 17 21 22 | 06
#1106-d343 @A: 06 16 17 10 | 09
#1107-d343 @A: 12 02 03 22 | 01
#1108-d343 @A: 01 31 28 02 | 12
#1109-d343 @A: 16 02 22 06 | 10
#1110-d343 @A: 31 02 18 06 | 05
#1111-d343 @A: 35 32 25 06 | 02
#1112-d343 @A: 35 32 27 22 | 11
#1113-d343 @A: 32 31 35 17 | 03
#1114-d343 @A: 12 32 28 25 | 08
#1115-d343 @A: 32 31 20 01 | 04
#1116-d343 @A: 18 17 27 32 | 07
#1117-d343 @A: 14 32 03 28 | 06
#1118-d343 @A: 06 28 35 12 | 09
#1119-d343 @A: 31 22 01 35 | 01
#1120-d343 @A: 17 14 35 18 | 12
#1121-d343 @A: 22 25 14 28 | 10
#1122-d343 @A: 20 14 28 12 | 05
#1123-d343 @A: 19 12 07 09 | 02
#1124-d343 @A: 03 19 09 04 | 11
#1125-d343 @A: 35 19 27 09 | 03
#1126-d343 @A: 17 14 19 15 | 08
#1127-d343 @A: 06 28 19 05 | 04
#1128-d343 @A: 11 29 19 08 | 07
#1129-d343 @A: 19 22 29 02 | 06
#1130-d343 @A: 19 07 13 28 | 09
#1131-d343 @A: 13 19 21 30 | 01
#1132-d343 @A: 23 19 18 30 | 12
#1133-d343 @A: 03 27 34 19 | 10
#1134-d343 @A: 12 13 19 32 | 05
#1135-d343 @A: 19 10 04 06 | 02
#1136-d343 @A: 04 20 19 27 | 11
#1137-d343 @A: 02 12 10 19 | 03
#1138-d343 @A: 19 28 32 10 | 08
#1139-d343 @A: 19 21 25 32 | 04
#1140-d343 @A: 25 19 14 23 | 07
#1141-d343 @A: 27 01 19 12 | 06
#1142-d343 @A: 12 08 19 14 | 09
#1143-d343 @A: 18 03 19 12 | 01
#1144-d343 @A: 16 19 12 17 | 12
#1145-d343 @A: 22 08 17 19 | 10
#1146-d343 @A: 22 20 19 21 | 05
#1147-d343 @A: 31 28 19 18 | 02
#1148-d343 @A: 17 28 19 21 | 11
#1149-d343 @A: 13 09 15 27 | 03
#1150-d343 @A: 09 17 15 32 | 08
#1151-d343 @A: 05 27 09 18 | 04
#1152-d343 @A: 04 09 29 21 | 07
#1153-d343 @A: 09 01 29 11 | 06
#1154-d343 @A: 09 29 10 27 | 09
#1155-d343 @A: 09 22 26 16 | 01
#1156-d343 @A: 09 34 23 21 | 12
#1157-d343 @A: 09 23 35 33 | 10
#1158-d343 @A: 09 24 18 03 | 05
#1159-d343 @A: 09 12 32 25 | 02
#1160-d343 @A: 09 12 01 08 | 11
#1161-d343 @A: 06 20 09 17 | 03
#1162-d343 @A: 15 01 26 07 | 08
#1163-d343 @A: 07 15 18 24 | 04
#1164-d343 @A: 07 12 15 28 | 07
#1165-d343 @A: 15 31 25 30 | 06
#1166-d343 @A: 15 11 34 03 | 09
#1167-d343 @A: 15 14 33 12 | 01
#1168-d343 @A: 35 24 16 15 | 12
#1169-d343 @A: 16 04 15 02 | 10
#1170-d343 @A: 11 15 25 16 | 05
#1171-d343 @A: 01 32 15 23 | 02
#1172-d343 @A: 15 08 20 25 | 11
#1173-d343 @A: 15 12 23 18 | 03
#1174-d343 @A: 15 18 20 28 | 08
#1175-d343 @A: 17 20 27 15 | 04
#1176-d343 @A: 27 34 29 05 | 07
#1177-d343 @A: 29 13 03 05 | 06
#1178-d343 @A: 21 05 02 29 | 09
#1179-d343 @A: 05 20 29 23 | 01
#1180-d343 @A: 26 13 12 05 | 12
#1181-d343 @A: 26 05 11 31 | 10
#1182-d343 @A: 05 07 30 34 | 05
#1183-d343 @A: 24 22 30 05 | 02
#1184-d343 @A: 04 05 08 30 | 11
#1185-d343 @A: 17 05 03 33 | 03
#1186-d343 @A: 05 08 24 02 | 08
#1187-d343 @A: 10 11 05 04 | 04
#1188-d343 @A: 20 01 25 05 | 07
#1189-d343 @A: 17 05 01 31 | 06
#1190-d343 @A: 11 14 26 29 | 09
#1191-d343 @A: 02 30 29 18 | 01
#1192-d343 @A: 14 34 29 32 | 12
#1193-d343 @A: 21 29 06 33 | 10
#1194-d343 @A: 13 14 29 35 | 05
#1195-d343 @A: 01 04 17 29 | 02
#1196-d343 @A: 02 10 29 03 | 11
#1197-d343 @A: 12 29 10 06 | 03
#1198-d343 @A: 29 25 03 01 | 08
#1199-d343 @A: 18 12 14 29 | 04
#1200-d343 @A: 23 22 01 29 | 07
#1201-d343 @A: 29 18 23 08 | 06
#1202-d343 @A: 18 14 29 28 | 09
#1203-d343 @A: 20 06 29 28 | 01
#1204-d343 @A: 29 21 14 17 | 12
#1205-d343 @A: 34 31 10 26 | 10
#1206-d343 @A: 26 11 28 02 | 05
#1207-d343 @A: 01 26 31 25 | 02
#1208-d343 @A: 31 03 26 22 | 11
#1209-d343 @A: 23 20 26 22 | 03
#1210-d343 @A: 26 18 16 03 | 08
#1211-d343 @A: 07 24 30 27 | 04
#1212-d343 @A: 30 07 21 08 | 07
#1213-d343 @A: 33 20 07 34 | 06
#1214-d343 @A: 16 07 08 34 | 09
#1215-d343 @A: 11 07 33 03 | 01
#1216-d343 @A: 07 02 01 33 | 12
#1217-d343 @A: 07 25 31 21 | 10
#1218-d343 @A: 07 06 17 25 | 05
#1219-d343 @A: 30 11 33 04 | 02
#1220-d343 @A: 25 30 20 04 | 11
#1221-d343 @A: 31 10 32 30 | 03
#1222-d343 @A: 30 31 01 02 | 08
#1223-d343 @A: 30 22 21 06 | 04
#1224-d343 @A: 30 18 31 14 | 07
#1225-d343 @A: 18 30 27 20 | 06
#1226-d343 @A: 31 23 30 20 | 09
#1227-d343 @A: 28 31 30 14 | 01
#1228-d343 @A: 23 06 30 27 | 12
#1229-d343 @A: 33 02 34 17 | 10
#1230-d343 @A: 32 34 08 33 | 05
#1231-d343 @A: 34 17 33 28 | 02
#1232-d343 @A: 24 34 08 03 | 11
#1233-d343 @A: 34 24 28 20 | 03
#1234-d343 @A: 04 31 34 32 | 08
#1235-d343 @A: 22 34 11 21 | 04
#1236-d343 @A: 01 34 31 27 | 07
#1237-d343 @A: 03 34 17 01 | 06
#1238-d343 @A: 06 17 21 34 | 09
#1239-d343 @A: 14 34 20 27 | 01
#1240-d343 @A: 13 33 08 10 | 12
#1241-d343 @A: 13 28 33 10 | 10
#1242-d343 @A: 33 31 11 32 | 05
#1243-d343 @A: 02 20 32 33 | 02
#1244-d343 @A: 01 18 33 28 | 11
#1245-d343 @A: 13 35 03 24 | 03
#1246-d343 @A: 24 25 13 27 | 08
#1247-d343 @A: 35 24 21 17 | 04
#1248-d343 @A: 12 06 20 24 | 07
#1249-d343 @A: 24 08 14 17 | 06
#1250-d343 @A: 22 18 24 28 | 09
#1251-d343 @A: 22 17 24 27 | 01
#1252-d343 @A: 14 06 24 16 | 12
#1253-d343 @A: 13 04 31 27 | 10
#1254-d343 @A: 21 25 20 13 | 05
#1255-d343 @A: 21 13 17 31 | 02
#1256-d343 @A: 04 11 08 18 | 11
#1257-d343 @A: 02 28 35 04 | 03
#1258-d343 @A: 14 03 04 08 | 08
#1259-d343 @A: 04 28 14 21 | 04
#1260-d343 @A: 02 22 11 35 | 07
#1261-d343 @A: 11 06 02 27 | 06
#1262-d343 @A: 06 16 11 12 | 09
#1263-d343 @A: 22 01 11 28 | 01
#1264-d343 @A: 03 18 28 11 | 12
#1265-d343 @A: 14 10 16 32 | 10
#1266-d343 @A: 10 31 14 12 | 05
#1267-d343 @A: 10 06 22 31 | 02
#1268-d343 @A: 10 23 17 31 | 11
#1269-d343 @A: 10 20 17 14 | 03
#1270-d343 @A: 02 18 25 17 | 08
#1271-d343 @A: 08 20 02 14 | 04
#1272-d343 @A: 22 18 02 27 | 07
#1273-d343 @A: 32 21 18 35 | 06
#1274-d343 @A: 16 25 17 32 | 09
#1275-d343 @A: 32 25 14 20 | 01
#1276-d343 @A: 32 06 08 27 | 12
#1277-d343 @A: 08 35 16 25 | 10
#1278-d343 @A: 01 17 16 35 | 05
#1279-d343 @A: 35 21 06 08 | 02
#1280-d343 @A: 20 31 16 35 | 11
#1281-d343 @A: 21 31 23 35 | 03
#1282-d343 @A: 14 27 25 28 | 08
#1283-d343 @A: 16 27 18 28 | 04
#1284-d343 @A: 19 09 24 13 | 07
#1285-d343 @A: 19 23 15 34 | 06
#1286-d343 @A: 01 19 15 13 | 09
#1287-d343 @A: 05 29 19 17 | 01
#1288-d343 @A: 19 07 10 29 | 12
#1289-d343 @A: 19 26 01 20 | 10
#1290-d343 @A: 19 03 17 26 | 05
#1291-d343 @A: 19 32 07 03 | 02
#1292-d343 @A: 19 07 14 22 | 11
#1293-d343 @A: 22 28 19 30 | 03
#1294-d343 @A: 24 19 34 17 | 08
#1295-d343 @A: 19 34 13 02 | 04
#1296-d343 @A: 19 06 34 25 | 07
#1297-d343 @A: 10 33 19 24 | 06
#1298-d343 @A: 19 01 33 04 | 09
#1299-d343 @A: 31 19 35 33 | 01
#1300-d343 @A: 04 19 11 31 | 12
#1301-d343 @A: 25 22 19 03 | 10
#1302-d343 @A: 31 18 19 25 | 05
#1303-d343 @A: 06 19 12 21 | 02
#1304-d343 @A: 28 19 27 08 | 11
#1305-d343 @A: 19 06 27 22 | 03
#1306-d343 @A: 10 09 15 31 | 08
#1307-d343 @A: 09 12 05 33 | 04
#1308-d343 @A: 35 16 09 07 | 07
#1309-d343 @A: 14 09 24 30 | 06
#1310-d343 @A: 33 11 02 09 | 09
#1311-d343 @A: 14 04 06 09 | 01
#1312-d343 @A: 02 28 09 06 | 12
#1313-d343 @A: 12 14 16 09 | 10
#1314-d343 @A: 09 23 01 18 | 05
#1315-d343 @A: 31 06 23 09 | 02
#1316-d343 @A: 09 03 06 27 | 11
#1317-d343 @A: 05 22 15 02 | 03
#1318-d343 @A: 15 32 05 35 | 08
#1319-d343 @A: 29 15 32 27 | 04
#1320-d343 @A: 35 29 15 08 | 07
#1321-d343 @A: 15 29 28 01 | 06
#1322-d343 @A: 34 15 26 16 | 09
#1323-d343 @A: 22 28 04 15 | 01
#1324-d343 @A: 01 15 03 22 | 12
#1325-d343 @A: 06 31 27 15 | 10
#1326-d343 @A: 05 01 10 26 | 05
#1327-d343 @A: 14 13 05 07 | 02
#1328-d343 @A: 35 05 16 34 | 11
#1329-d343 @A: 17 05 04 06 | 03
#1330-d343 @A: 14 05 11 35 | 08
#1331-d343 @A: 27 10 25 05 | 04
#1332-d343 @A: 05 23 32 02 | 07
#1333-d343 @A: 23 12 17 05 | 06
#1334-d343 @A: 16 27 08 05 | 09
#1335-d343 @A: 03 08 05 23 | 01
#1336-d343 @A: 23 05 22 21 | 12
#1337-d343 @A: 21 06 27 05 | 10
#1338-d343 @A: 34 26 22 29 | 05
#1339-d343 @A: 07 27 02 29 | 02
#1340-d343 @A: 34 29 30 08 | 11
#1341-d343 @A: 16 11 29 30 | 03
#1342-d343 @A: 30 29 28 08 | 08
#1343-d343 @A: 34 12 01 29 | 04
#1344-d343 @A: 34 29 23 28 | 07
#1345-d343 @A: 29 10 35 21 | 06
#1346-d343 @A: 29 23 25 12 | 09
#1347-d343 @A: 25 29 16 20 | 01
#1348-d343 @A: 16 29 28 12 | 12
#1349-d343 @A: 16 21 29 08 | 10
#1350-d343 @A: 02 34 26 24 | 05
#1351-d343 @A: 34 03 26 32 | 02
#1352-d343 @A: 03 24 04 26 | 11
#1353-d343 @A: 26 04 03 28 | 03
#1354-d343 @A: 26 28 16 10 | 08
#1355-d343 @A: 32 35 26 02 | 04
#1356-d343 @A: 22 26 02 01 | 07
#1357-d343 @A: 18 32 26 31 | 06
#1358-d343 @A: 23 01 26 12 | 09
#1359-d343 @A: 12 26 21 20 | 01
#1360-d343 @A: 26 27 20 28 | 12
#1361-d343 @A: 07 35 30 01 | 10
#1362-d343 @A: 30 07 22 25 | 05
#1363-d343 @A: 07 17 34 04 | 02
#1364-d343 @A: 07 31 04 33 | 11
#1365-d343 @A: 07 28 24 22 | 03
#1366-d343 @A: 28 11 21 07 | 08
#1367-d343 @A: 20 02 07 22 | 04
#1368-d343 @A: 06 27 07 01 | 07
#1369-d343 @A: 06 31 07 20 | 06
#1370-d343 @A: 16 34 30 13 | 09
#1371-d343 @A: 30 28 20 33 | 01
#1372-d343 @A: 30 10 25 35 | 12
#1373-d343 @A: 30 02 23 12 | 10
#1374-d343 @A: 12 27 30 31 | 05
#1375-d343 @A: 31 17 30 16 | 02
#1376-d343 @A: 16 03 30 28 | 11
#1377-d343 @A: 34 33 14 13 | 03
#1378-d343 @A: 20 24 34 13 | 08
#1379-d343 @A: 14 02 10 34 | 04
#1380-d343 @A: 23 34 25 08 | 07
#1381-d343 @A: 17 31 34 25 | 06
#1382-d343 @A: 24 04 17 33 | 09
#1383-d343 @A: 33 21 12 11 | 01
#1384-d343 @A: 33 11 06 17 | 12
#1385-d343 @A: 21 33 22 18 | 10
#1386-d343 @A: 23 13 24 11 | 05
#1387-d343 @A: 24 31 02 11 | 02
#1388-d343 @A: 20 27 24 01 | 11
#1389-d343 @A: 03 16 24 17 | 03
#1390-d343 @A: 03 23 24 21 | 08
#1391-d343 @A: 13 08 04 32 | 04
#1392-d343 @A: 18 32 13 11 | 07
#1393-d343 @A: 10 13 06 02 | 06
#1394-d343 @A: 03 08 18 13 | 09
#1395-d343 @A: 10 04 32 23 | 01
#1396-d343 @A: 35 04 16 10 | 12
#1397-d343 @A: 02 04 06 32 | 10
#1398-d343 @A: 32 03 23 11 | 05
#1399-d343 @A: 31 11 23 12 | 02
#1400-d343 @A: 01 08 27 11 | 11
#1401-d343 @A: 23 18 21 11 | 03
#1402-d343 @A: 28 25 03 10 | 08
#1403-d343 @A: 01 10 22 08 | 04
#1404-d343 @A: 18 10 06 08 | 07
#1405-d343 @A: 22 31 02 25 | 06
#1406-d343 @A: 21 22 08 02 | 09
#1407-d343 @A: 17 02 20 31 | 01
#1408-d343 @A: 03 21 16 02 | 12
#1409-d343 @A: 14 21 02 23 | 10
#1410-d343 @A: 32 03 18 25 | 05
#1411-d343 @A: 18 32 12 22 | 02
#1412-d343 @A: 06 32 14 22 | 11
#1413-d343 @A: 23 22 32 28 | 03
#1414-d343 @A: 31 06 32 03 | 08
#1415-d343 @A: 16 21 06 32 | 04
#1416-d343 @A: 20 32 17 28 | 07
#1417-d343 @A: 20 35 01 14 | 06
#1418-d343 @A: 22 17 06 35 | 09
#1419-d343 @A: 03 21 20 35 | 01
#1420-d343 @A: 15 30 19 07 | 12
#1421-d343 @A: 15 04 24 19 | 10
#1422-d343 @A: 15 19 02 18 | 05
#1423-d343 @A: 03 33 19 29 | 02
#1424-d343 @A: 28 29 04 19 | 11
#1425-d343 @A: 32 17 19 30 | 03
#1426-d343 @A: 34 08 10 19 | 08
#1427-d343 @A: 23 16 24 19 | 04
#1428-d343 @A: 19 02 35 01 | 07
#1429-d343 @A: 18 19 17 21 | 06
#1430-d343 @A: 19 16 03 06 | 09
#1431-d343 @A: 24 23 09 15 | 01
#1432-d343 @A: 09 22 15 04 | 12
#1433-d343 @A: 26 09 05 04 | 10
#1434-d343 @A: 09 34 29 03 | 05
#1435-d343 @A: 23 09 30 04 | 02
#1436-d343 @A: 09 11 27 30 | 11
#1437-d343 @A: 24 09 06 08 | 03
#1438-d343 @A: 35 32 13 09 | 08
#1439-d343 @A: 35 31 12 09 | 04
#1440-d343 @A: 21 25 09 06 | 07
#1441-d343 @A: 30 15 16 05 | 06
#1442-d343 @A: 04 26 15 13 | 09
#1443-d343 @A: 07 31 15 11 | 01
#1444-d343 @A: 31 15 34 33 | 12
#1445-d343 @A: 10 15 24 27 | 10
#1446-d343 @A: 06 32 24 15 | 05
#1447-d343 @A: 13 03 25 15 | 02
#1448-d343 @A: 28 11 15 35 | 11
#1449-d343 @A: 06 15 01 25 | 03
#1450-d343 @A: 30 33 05 29 | 08
#1451-d343 @A: 03 26 30 05 | 04
#1452-d343 @A: 24 26 05 06 | 07
#1453-d343 @A: 21 24 05 07 | 06
#1454-d343 @A: 10 05 17 24 | 09
#1455-d343 @A: 25 05 28 04 | 01
#1456-d343 @A: 06 05 35 02 | 12
#1457-d343 @A: 28 01 35 05 | 10
#1458-d343 @A: 22 05 06 20 | 05
#1459-d343 @A: 31 20 05 28 | 02
#1460-d343 @A: 14 03 31 05 | 11
#1461-d343 @A: 05 23 16 14 | 03
#1462-d343 @A: 14 20 05 21 | 08
#1463-d343 @A: 21 07 26 29 | 04
#1464-d343 @A: 26 32 29 12 | 07
#1465-d343 @A: 29 10 33 14 | 06
#1466-d343 @A: 35 32 33 29 | 09
#1467-d343 @A: 24 11 29 27 | 01
#1468-d343 @A: 14 02 29 24 | 12
#1469-d343 @A: 03 11 04 29 | 10
#1470-d343 @A: 04 35 29 18 | 05
#1471-d343 @A: 16 02 29 35 | 02
#1472-d343 @A: 18 31 03 29 | 11
#1473-d343 @A: 26 23 33 07 | 03
#1474-d343 @A: 35 26 08 34 | 08
#1475-d343 @A: 26 24 01 11 | 04
#1476-d343 @A: 23 08 13 26 | 07
#1477-d343 @A: 06 22 26 12 | 06
#1478-d343 @A: 01 26 28 21 | 09
#1479-d343 @A: 08 14 06 26 | 01
#1480-d343 @A: 27 26 17 06 | 12
#1481-d343 @A: 26 03 21 14 | 10
#1482-d343 @A: 21 02 34 07 | 05
#1483-d343 @A: 32 34 07 01 | 02
#1484-d343 @A: 07 10 33 22 | 11
#1485-d343 @A: 33 07 32 21 | 03
#1486-d343 @A: 04 32 07 14 | 08
#1487-d343 @A: 22 01 07 21 | 04
#1488-d343 @A: 10 30 06 24 | 07
#1489-d343 @A: 35 30 24 12 | 06
#1490-d343 @A: 30 28 32 04 | 09
#1491-d343 @A: 11 30 32 14 | 01
#1492-d343 @A: 35 30 02 20 | 12
#1493-d343 @A: 16 12 30 25 | 10
#1494-d343 @A: 17 08 30 20 | 05
#1495-d343 @A: 34 24 22 01 | 02
#1496-d343 @A: 02 13 34 28 | 11
#1497-d343 @A: 13 08 34 31 | 03
#1498-d343 @A: 34 28 18 04 | 08
#1499-d343 @A: 32 34 28 11 | 04
#1500-d343 @A: 27 28 35 34 | 07
#1501-d343 @A: 16 01 34 18 | 06
#1502-d343 @A: 23 34 20 01 | 09
#1503-d343 @A: 34 08 28 22 | 01
#1504-d343 @A: 25 02 33 04 | 12
#1505-d343 @A: 06 32 33 10 | 10
#1506-d343 @A: 33 23 08 01 | 05
#1507-d343 @A: 24 13 22 18 | 02
#1508-d343 @A: 35 24 04 08 | 11
#1509-d343 @A: 03 24 06 02 | 03
#1510-d343 @A: 01 24 23 17 | 08
#1511-d343 @A: 23 06 24 22 | 04
#1512-d343 @A: 21 14 24 22 | 07
#1513-d343 @A: 21 24 20 31 | 06
#1514-d343 @A: 10 01 35 13 | 09
#1515-d343 @A: 02 08 35 13 | 01
#1516-d343 @A: 27 12 13 08 | 12
#1517-d343 @A: 13 16 03 12 | 10
#1518-d343 @A: 04 11 06 35 | 05
#1519-d343 @A: 04 01 10 25 | 02
#1520-d343 @A: 16 04 27 14 | 11
#1521-d343 @A: 02 25 10 11 | 03
#1522-d343 @A: 10 11 23 14 | 08
#1523-d343 @A: 11 12 32 02 | 04
#1524-d343 @A: 11 12 25 22 | 07
#1525-d343 @A: 11 22 17 01 | 06
#1526-d343 @A: 10 20 25 03 | 09
#1527-d343 @A: 16 08 10 23 | 01
#1528-d343 @A: 14 03 10 22 | 12
#1529-d343 @A: 17 21 32 02 | 10
#1530-d343 @A: 08 02 25 03 | 05
#1531-d343 @A: 02 17 01 12 | 02
#1532-d343 @A: 12 14 02 27 | 11
#1533-d343 @A: 23 28 02 31 | 03
#1534-d343 @A: 21 20 02 06 | 08
#1535-d343 @A: 23 32 25 27 | 04
#1536-d343 @A: 12 14 32 21 | 07
#1537-d343 @A: 01 21 03 32 | 06
#1538-d343 @A: 35 22 25 20 | 09
#1539-d343 @A: 28 35 17 25 | 01
#1540-d343 @A: 08 18 35 20 | 12
#1541-d343 @A: 23 35 06 16 | 10
#1542-d343 @A: 08 17 03 28 | 05
#1543-d343 @A: 30 09 16 19 | 02
#1544-d343 @A: 06 05 19 07 | 11
#1545-d343 @A: 10 19 05 16 | 03
#1546-d343 @A: 20 29 35 19 | 08
#1547-d343 @A: 26 19 02 07 | 04
#1548-d343 @A: 11 19 18 07 | 07
#1549-d343 @A: 27 08 19 07 | 06
#1550-d343 @A: 19 30 02 06 | 09
#1551-d343 @A: 19 35 08 30 | 01
#1552-d343 @A: 22 19 13 31 | 12
#1553-d343 @A: 23 19 06 08 | 10
#1554-d343 @A: 19 31 06 17 | 05
#1555-d343 @A: 31 27 21 19 | 02
#1556-d343 @A: 09 03 07 15 | 11
#1557-d343 @A: 05 13 09 22 | 03
#1558-d343 @A: 06 09 05 16 | 08
#1559-d343 @A: 13 29 09 08 | 04
#1560-d343 @A: 09 26 10 33 | 07
#1561-d343 @A: 09 32 23 26 | 06
#1562-d343 @A: 27 09 21 07 | 09
#1563-d343 @A: 34 24 12 09 | 01
#1564-d343 @A: 34 35 09 25 | 12
#1565-d343 @A: 09 13 01 33 | 10
#1566-d343 @A: 20 12 13 09 | 05
#1567-d343 @A: 04 12 11 09 | 02
#1568-d343 @A: 06 01 09 10 | 11
#1569-d343 @A: 01 03 31 09 | 03
#1570-d343 @A: 03 09 20 16 | 08
#1571-d343 @A: 15 01 29 10 | 04
#1572-d343 @A: 13 02 30 15 | 07
#1573-d343 @A: 30 21 15 20 | 06
#1574-d343 @A: 13 15 33 23 | 09
#1575-d343 @A: 28 24 15 25 | 01
#1576-d343 @A: 12 04 15 32 | 12
#1577-d343 @A: 15 11 08 02 | 10
#1578-d343 @A: 20 15 35 11 | 05
#1579-d343 @A: 18 22 25 15 | 02
#1580-d343 @A: 01 16 15 14 | 11
#1581-d343 @A: 15 23 22 31 | 03
#1582-d343 @A: 22 15 27 16 | 08
#1583-d343 @A: 17 28 06 15 | 04
#1584-d343 @A: 03 23 14 15 | 07
#1585-d343 @A: 05 29 01 07 | 06
#1586-d343 @A: 04 29 05 22 | 09
#1587-d343 @A: 35 29 31 05 | 01
#1588-d343 @A: 07 05 08 26 | 12
#1589-d343 @A: 26 25 23 05 | 10
#1590-d343 @A: 10 31 07 05 | 05
#1591-d343 @A: 12 02 07 05 | 02
#1592-d343 @A: 05 24 28 30 | 11
#1593-d343 @A: 25 30 18 05 | 03
#1594-d343 @A: 18 13 34 05 | 08
#1595-d343 @A: 16 02 33 05 | 04
#1596-d343 @A: 22 33 05 32 | 07
#1597-d343 @A: 05 08 13 28 | 06
#1598-d343 @A: 05 35 25 04 | 09
#1599-d343 @A: 05 08 35 22 | 01
#1600-d343 @A: 03 20 05 18 | 12
#1601-d343 @A: 16 23 05 28 | 10
#1602-d343 @A: 08 24 29 26 | 05
#1603-d343 @A: 12 07 29 33 | 02
#1604-d343 @A: 12 13 30 29 | 11
#1605-d343 @A: 01 29 20 30 | 03
#1606-d343 @A: 11 29 23 33 | 08
#1607-d343 @A: 29 24 23 04 | 04
#1608-d343 @A: 29 04 14 31 | 07
#1609-d343 @A: 31 29 02 32 | 06
#1610-d343 @A: 29 02 06 01 | 09
#1611-d343 @A: 21 22 29 25 | 01
#1612-d343 @A: 12 29 31 08 | 12
#1613-d343 @A: 31 29 01 21 | 10
#1614-d343 @A: 29 22 31 17 | 05
#1615-d343 @A: 27 20 29 31 | 02
#1616-d343 @A: 26 07 14 35 | 11
#1617-d343 @A: 13 26 17 30 | 03
#1618-d343 @A: 08 26 10 30 | 08
#1619-d343 @A: 14 26 30 02 | 04
#1620-d343 @A: 13 06 26 34 | 07
#1621-d343 @A: 13 26 33 31 | 06
#1622-d343 @A: 32 26 33 17 | 09
#1623-d343 @A: 01 04 26 32 | 01
#1624-d343 @A: 12 26 04 35 | 12
#1625-d343 @A: 11 26 02 03 | 10
#1626-d343 @A: 02 16 10 26 | 05
#1627-d343 @A: 21 31 26 06 | 02
#1628-d343 @A: 24 01 14 07 | 11
#1629-d343 @A: 07 16 13 21 | 03
#1630-d343 @A: 04 35 07 20 | 08
#1631-d343 @A: 12 32 07 31 | 04
#1632-d343 @A: 32 27 07 28 | 07
#1633-d343 @A: 14 27 07 25 | 06
#1634-d343 @A: 14 06 07 12 | 09
#1635-d343 @A: 07 18 22 03 | 01
#1636-d343 @A: 06 30 34 33 | 12
#1637-d343 @A: 04 27 34 30 | 10
#1638-d343 @A: 17 34 30 10 | 05
#1639-d343 @A: 34 30 21 32 | 02
#1640-d343 @A: 11 01 30 13 | 11
#1641-d343 @A: 30 04 06 12 | 03
#1642-d343 @A: 10 28 30 06 | 08
#1643-d343 @A: 23 16 01 30 | 04
#1644-d343 @A: 03 31 30 21 | 07
#1645-d343 @A: 30 20 06 16 | 06
#1646-d343 @A: 04 13 03 34 | 09
#1647-d343 @A: 34 12 11 13 | 01
#1648-d343 @A: 10 11 34 18 | 12
#1649-d343 @A: 35 20 34 06 | 10
#1650-d343 @A: 12 34 21 25 | 05
#1651-d343 @A: 34 01 28 12 | 02
#1652-d343 @A: 34 31 18 21 | 11
#1653-d343 @A: 20 21 34 16 | 03
#1654-d343 @A: 33 23 24 12 | 08
#1655-d343 @A: 27 35 33 16 | 04
#1656-d343 @A: 33 21 25 27 | 07
#1657-d343 @A: 14 21 01 33 | 06
#1658-d343 @A: 33 14 22 23 | 09
#1659-d343 @A: 31 23 18 33 | 01
#1660-d343 @A: 16 21 17 33 | 12
#1661-d343 @A: 20 14 06 33 | 10
#1662-d343 @A: 25 04 24 32 | 05
#1663-d343 @A: 27 04 24 06 | 02
#1664-d343 @A: 24 10 28 02 | 11
#1665-d343 @A: 14 18 20 24 | 03
#1666-d343 @A: 28 13 25 21 | 08
#1667-d343 @A: 27 20 13 22 | 04
#1668-d343 @A: 21 06 13 03 | 07
#1669-d343 @A: 04 02 27 35 | 06
#1670-d343 @A: 22 04 08 27 | 09
#1671-d343 @A: 20 23 04 28 | 01
#1672-d343 @A: 11 31 01 16 | 12
#1673-d343 @A: 21 11 08 31 | 10
#1674-d343 @A: 27 03 20 11 | 05
#1675-d343 @A: 12 28 21 10 | 02
#1676-d343 @A: 28 20 01 10 | 11
#1677-d343 @A: 10 06 20 27 | 03
#1678-d343 @A: 21 12 02 31 | 08
#1679-d343 @A: 01 18 02 08 | 04
#1680-d343 @A: 01 17 32 06 | 07
#1681-d343 @A: 17 23 22 32 | 06
#1682-d343 @A: 27 14 32 31 | 09
#1683-d343 @A: 32 27 21 20 | 01
#1684-d343 @A: 14 03 35 25 | 12
#1685-d343 @A: 06 27 35 12 | 10
#1686-d343 @A: 21 35 28 08 | 05
#1687-d343 @A: 25 16 01 28 | 02
#1688-d343 @A: 28 25 20 08 | 11
#1689-d343 @A: 23 12 28 17 | 03
