#0001-d143 @A: 27 09 34 08 | 08
#0002-d143 @A: 30 34 12 08 | 06
#0003-d143 @A: 16 08 27 30 | 05
#0004-d143 @A: 05 30 08 13 | 09
#0005-d143 @A: 16 31 15 08 | 10
#0006-d143 @A: 33 08 07 12 | 02
#0007-d143 @A: 31 08 04 17 | 12
#0008-d143 @A: 35 28 08 05 | 04
#0009-d143 @A: 03 13 08 35 | 11
#0010-d143 @A: 27 08 25 20 | 01
#0011-d143 @A: 23 10 08 20 | 03
#0012-d143 @A: 08 20 34 18 | 07
#0013-d143 @A: 08 33 34 25 | 08
#0014-d143 @A: 11 21 28 08 | 06
#0015-d143 @A: 32 28 24 08 | 05
#0016-d143 @A: 08 10 03 02 | 09
#0017-d143 @A: 22 18 03 08 | 10
#0018-d143 @A: 23 24 08 19 | 02
#0019-d143 @A: 34 08 17 23 | 12
#0020-d143 @A: 08 32 01 34 | 04
#0021-d143 @A: 32 17 06 08 | 11
#0022-d143 @A: 09 29 14 30 | 01
#0023-d143 @A: 19 09 02 30 | 03
#0024-d143 @A: 09 29 16 35 | 07
#0025-d143 @A: 28 12 09 03 | 08
#0026-d143 @A: 11 09 31 04 | 06
#0027-d143 @A: 09 07 22 25 | 05
#0028-d143 @A: 09 13 28 05 | 09
#0029-d143 @A: 34 28 11 09 | 10
#0030-d143 @A: 09 05 23 22 | 02
#0031-d143 @A: 19 31 23 09 | 12
#0032-d143 @A: 34 09 06 19 | 04
#0033-d143 @A: 29 30 05 01 | 11
#0034-d143 @A: 15 20 27 30 | 01
#0035-d143 @A: 10 30 15 25 | 03
#0036-d143 @A: 33 15 24 30 | 07
#0037-d143 @A: 26 30 12 20 | 08
#0038-d143 @A: 05 16 30 12 | 06
#0039-d143 @A: 03 30 21 28 | 05
#0040-d143 @A: 02 26 13 30 | 09
#0041-d143 @A: 01 30 31 02 | 10
#0042-d143 @A: 26 10 16 30 | 02
#0043-d143 @A: 30 13 10 23 | 12
#0044-d143 @A: 32 13 30 16 | 04
#0045-d143 @A: 30 13 24 07 | 11
#0046-d143 @A: 34 03 30 05 | 01
#0047-d143 @A: 30 19 07 34 | 03
#0048-d143 @A: 32 19 30 01 | 07
#0049-d143 @A: 29 12 27 15 | 08
#0050-d143 @A: 15 29 16 01 | 06
#0051-d143 @A: 07 12 14 29 | 05
#0052-d143 @A: 14 27 29 35 | 09
#0053-d143 @A: 29 31 18 20 | 10
#0054-d143 @A: 20 05 29 07 | 02
#0055-d143 @A: 16 29 25 26 | 12
#0056-d143 @A: 01 26 29 21 | 04
#0057-d143 @A: 22 18 29 23 | 11
#0058-d143 @A: 19 14 18 29 | 01
#0059-d143 @A: 13 29 34 17 | 03
#0060-d143 @A: 22 33 29 24 | 07
#0061-d143 @A: 11 29 27 17 | 08
#0062-d143 @A: 15 12 28 34 | 06
#0063-d143 @A: 12 15 26 03 | 05
#0064-d143 @A: 15 04 19 16 | 09
#0065-d143 @A: 27 16 15 35 | 10
#0066-d143 @A: 15 35 22 19 | 02
#0067-d143 @A: 35 06 24 15 | 12
#0068-d143 @A: 35 07 01 15 | 04
#0069-d143 @A: 15 07 18 20 | 11
#0070-d143 @A: 13 27 28 15 | 01
#0071-d143 @A: 02 05 07 15 | 03
#0072-d143 @A: 32 15 27 05 | 07
#0073-d143 @A: 33 04 20 12 | 08
#0074-d143 @A: 04 28 02 12 | 06
#0075-d143 @A: 12 22 04 17 | 05
#0076-d143 @A: 35 24 12 20 | 09
#0077-d143 @A: 12 02 25 05 | 10
#0078-d143 @A: 21 12 11 18 | 02
#0079-d143 @A: 21 34 12 13 | 12
#0080-d143 @A: 26 18 33 12 | 04
#0081-d143 @A: 01 23 12 06 | 11
#0082-d143 @A: 19 31 12 01 | 01
#0083-d143 @A: 14 04 20 18 | 03
#0084-d143 @A: 26 28 04 25 | 07
#0085-d143 @A: 25 05 10 04 | 08
#0086-d143 @A: 22 34 25 04 | 06
#0087-d143 @A: 03 05 28 04 | 05
#0088-d143 @A: 33 04 01 21 | 09
#0089-d143 @A: 03 16 04 22 | 10
#0090-d143 @A: 23 04 06 14 | 02
#0091-d143 @A: 17 14 04 19 | 12
#0092-d143 @A: 04 31 23 34 | 04
#0093-d143 @A: 05 04 26 32 | 11
#0094-d143 @A: 07 20 35 22 | 01
#0095-d143 @A: 10 01 28 35 | 03
#0096-d143 @A: 28 21 35 06 | 07
#0097-d143 @A: 02 14 35 07 | 08
#0098-d143 @A: 35 11 23 10 | 06
#0099-d143 @A: 24 18 35 01 | 05
#0100-d143 @A: 35 27 31 18 | 09
#0101-d143 @A: 31 17 06 35 | 10
#0102-d143 @A: 35 27 01 26 | 02
#0103-d143 @A: 33 27 01 35 | 12
#0104-d143 @A: 32 26 33 35 | 04
#0105-d143 @A: 20 32 02 10 | 11
#0106-d143 @A: 10 22 24 20 | 01
#0107-d143 @A: 14 07 20 34 | 03
#0108-d143 @A: 25 17 28 13 | 07
#0109-d143 @A: 33 02 18 25 | 08
#0110-d143 @A: 14 10 16 25 | 06
#0111-d143 @A: 14 05 25 33 | 05
#0112-d143 @A: 25 27 01 31 | 09
#0113-d143 @A: 01 25 26 03 | 10
#0114-d143 @A: 19 25 33 32 | 02
#0115-d143 @A: 21 02 07 28 | 12
#0116-d143 @A: 18 28 16 33 | 04
#0117-d143 @A: 28 27 05 23 | 11
#0118-d143 @A: 28 26 05 31 | 01
#0119-d143 @A: 31 11 28 07 | 03
#0120-d143 @A: 34 02 21 14 | 07
#0121-d143 @A: 16 26 24 02 | 08
#0122-d143 @A: 19 02 23 34 | 06
#0123-d143 @A: 26 06 17 02 | 05
#0124-d143 @A: 16 10 18 01 | 09
#0125-d143 @A: 03 19 18 10 | 10
#0126-d143 @A: 11 34 05 10 | 02
#0127-d143 @A: 34 07 10 06 | 12
#0128-d143 @A: 17 10 26 19 | 04
#0129-d143 @A: 07 17 21 18 | 11
#0130-d143 @A: 21 06 16 26 | 01
#0131-d143 @A: 21 24 07 22 | 03
#0132-d143 @A: 01 24 14 21 | 07
#0133-d143 @A: 24 26 21 05 | 08
#0134-d143 @A: 19 21 17 31 | 06
#0135-d143 @A: 07 18 23 06 | 05
#0136-d143 @A: 07 26 34 18 | 09
#0137-d143 @A: 33 19 31 18 | 10
#0138-d143 @A: 26 18 03 11 | 02
#0139-d143 @A: 19 18 06 11 | 12
#0140-d143 @A: 31 23 32 16 | 04
#0141-d143 @A: 17 03 16 31 | 11
#0142-d143 @A: 17 27 32 16 | 01
#0143-d143 @A: 13 34 05 14 | 03
#0144-d143 @A: 13 14 19 07 | 07
#0145-d143 @A: 05 06 24 13 | 08
#0146-d143 @A: 31 06 13 26 | 06
#0147-d143 @A: 13 03 33 06 | 05
#0148-d143 @A: 03 07 14 22 | 09
#0149-d143 @A: 22 19 23 11 | 10
#0150-d143 @A: 11 24 32 22 | 02
#0151-d143 @A: 34 01 11 22 | 12
#0152-d143 @A: 26 22 01 31 | 04
#0153-d143 @A: 17 27 22 03 | 11
#0154-d143 @A: 24 26 14 33 | 01
#0155-d143 @A: 09 08 29 05 | 03
#0156-d143 @A: 08 09 15 07 | 07
#0157-d143 @A: 28 08 09 02 | 08
#0158-d143 @A: 08 14 30 18 | 06
#0159-d143 @A: 08 17 30 03 | 05
#0160-d143 @A: 33 17 30 08 | 09
#0161-d143 @A: 08 11 12 13 | 10
#0162-d143 @A: 08 04 33 02 | 02
#0163-d143 @A: 08 19 04 34 | 12
#0164-d143 @A: 28 08 13 34 | 04
#0165-d143 @A: 13 08 21 06 | 11
#0166-d143 @A: 31 01 08 06 | 01
#0167-d143 @A: 03 01 27 08 | 03
#0168-d143 @A: 08 05 19 01 | 07
#0169-d143 @A: 18 09 05 30 | 08
#0170-d143 @A: 13 09 32 29 | 06
#0171-d143 @A: 19 09 27 29 | 05
#0172-d143 @A: 15 02 34 09 | 09
#0173-d143 @A: 04 35 06 09 | 10
#0174-d143 @A: 25 09 14 04 | 02
#0175-d143 @A: 35 03 31 09 | 12
#0176-d143 @A: 20 31 09 25 | 04
#0177-d143 @A: 14 22 09 20 | 11
#0178-d143 @A: 07 01 20 09 | 01
#0179-d143 @A: 25 06 10 09 | 03
#0180-d143 @A: 21 09 25 16 | 07
#0181-d143 @A: 09 05 21 02 | 08
#0182-d143 @A: 09 33 10 26 | 06
#0183-d143 @A: 13 09 18 01 | 05
#0184-d143 @A: 19 16 07 09 | 09
#0185-d143 @A: 17 27 09 31 | 10
#0186-d143 @A: 12 19 29 30 | 02
#0187-d143 @A: 30 02 29 11 | 12
#0188-d143 @A: 30 32 10 29 | 04
#0189-d143 @A: 30 16 31 29 | 11
#0190-d143 @A: 29 22 30 13 | 01
#0191-d143 @A: 15 32 12 30 | 03
#0192-d143 @A: 35 07 30 12 | 07
#0193-d143 @A: 30 12 25 27 | 08
#0194-d143 @A: 27 04 30 28 | 06
#0195-d143 @A: 04 30 10 19 | 05
#0196-d143 @A: 20 30 10 34 | 09
#0197-d143 @A: 30 16 01 25 | 10
#0198-d143 @A: 24 28 30 16 | 02
#0199-d143 @A: 27 22 30 02 | 12
#0200-d143 @A: 18 30 16 03 | 04
#0201-d143 @A: 30 22 16 23 | 11
#0202-d143 @A: 32 03 11 30 | 01
#0203-d143 @A: 02 29 15 32 | 03
#0204-d143 @A: 15 29 34 18 | 07
#0205-d143 @A: 29 13 26 12 | 08
#0206-d143 @A: 31 28 29 35 | 06
#0207-d143 @A: 20 23 29 32 | 05
#0208-d143 @A: 20 29 33 32 | 09
#0209-d143 @A: 29 16 28 34 | 10
#0210-d143 @A: 01 02 18 29 | 02
#0211-d143 @A: 29 21 23 19 | 12
#0212-d143 @A: 29 01 14 32 | 04
#0213-d143 @A: 03 05 29 24 | 11
#0214-d143 @A: 29 33 26 07 | 01
#0215-d143 @A: 03 20 15 22 | 03
#0216-d143 @A: 32 10 15 21 | 07
#0217-d143 @A: 13 10 15 06 | 08
#0218-d143 @A: 10 17 15 05 | 06
#0219-d143 @A: 15 21 13 14 | 05
#0220-d143 @A: 21 22 15 23 | 09
#0221-d143 @A: 01 15 22 18 | 10
#0222-d143 @A: 06 18 15 27 | 02
#0223-d143 @A: 22 15 32 31 | 12
#0224-d143 @A: 07 24 15 31 | 04
#0225-d143 @A: 17 31 26 15 | 11
#0226-d143 @A: 32 33 15 19 | 01
#0227-d143 @A: 21 12 04 19 | 03
#0228-d143 @A: 12 13 31 04 | 07
#0229-d143 @A: 27 12 35 21 | 08
#0230-d143 @A: 12 20 22 34 | 06
#0231-d143 @A: 28 10 12 32 | 05
#0232-d143 @A: 21 01 12 02 | 09
#0233-d143 @A: 02 12 16 06 | 10
#0234-d143 @A: 32 12 24 02 | 02
#0235-d143 @A: 12 31 10 21 | 12
#0236-d143 @A: 10 12 16 07 | 04
#0237-d143 @A: 12 34 16 19 | 11
#0238-d143 @A: 24 01 12 34 | 01
#0239-d143 @A: 32 05 12 31 | 03
#0240-d143 @A: 35 25 17 04 | 07
#0241-d143 @A: 35 07 18 04 | 08
#0242-d143 @A: 20 19 22 04 | 06
#0243-d143 @A: 32 20 17 04 | 05
#0244-d143 @A: 04 34 07 28 | 09
#0245-d143 @A: 04 03 02 13 | 10
#0246-d143 @A: 23 22 04 02 | 02
#0247-d143 @A: 03 14 04 11 | 12
#0248-d143 @A: 04 01 31 24 | 04
#0249-d143 @A: 35 10 19 20 | 11
#0250-d143 @A: 13 01 20 35 | 01
#0251-d143 @A: 28 11 35 18 | 03
#0252-d143 @A: 22 10 13 35 | 07
#0253-d143 @A: 23 35 07 16 | 08
#0254-d143 @A: 07 24 35 26 | 06
#0255-d143 @A: 35 33 24 19 | 05
#0256-d143 @A: 06 10 20 18 | 09
#0257-d143 @A: 23 05 20 11 | 10
#0258-d143 @A: 18 02 34 25 | 02
#0259-d143 @A: 32 02 13 25 | 12
#0260-d143 @A: 10 17 25 27 | 04
#0261-d143 @A: 25 21 22 27 | 11
#0262-d143 @A: 07 25 27 05 | 01
#0263-d143 @A: 19 25 03 05 | 03
#0264-d143 @A: 06 25 17 11 | 07
#0265-d143 @A: 10 02 23 28 | 08
#0266-d143 @A: 02 22 32 28 | 06
#0267-d143 @A: 22 28 14 21 | 05
#0268-d143 @A: 28 31 18 16 | 09
#0269-d143 @A: 23 11 28 06 | 10
#0270-d143 @A: 32 17 23 28 | 02
#0271-d143 @A: 03 34 28 17 | 12
#0272-d143 @A: 27 33 31 28 | 04
#0273-d143 @A: 21 02 22 19 | 11
#0274-d143 @A: 02 07 16 31 | 01
#0275-d143 @A: 32 27 34 02 | 03
#0276-d143 @A: 21 16 10 24 | 07
#0277-d143 @A: 32 23 14 10 | 08
#0278-d143 @A: 24 33 10 11 | 06
#0279-d143 @A: 10 01 27 32 | 05
#0280-d143 @A: 32 07 13 21 | 09
#0281-d143 @A: 21 26 17 34 | 10
#0282-d143 @A: 27 21 32 11 | 02
#0283-d143 @A: 13 26 18 17 | 12
#0284-d143 @A: 33 14 32 18 | 04
#0285-d143 @A: 34 18 06 01 | 11
#0286-d143 @A: 31 03 18 01 | 01
#0287-d143 @A: 05 31 14 16 | 03
#0288-d143 @A: 16 19 17 23 | 07
#0289-d143 @A: 27 19 31 16 | 08
#0290-d143 @A: 13 22 11 14 | 06
#0291-d143 @A: 03 31 13 07 | 05
#0292-d143 @A: 27 06 07 13 | 09
#0293-d143 @A: 05 32 13 11 | 10
#0294-d143 @A: 23 31 17 22 | 02
#0295-d143 @A: 22 33 23 11 | 12
#0296-d143 @A: 07 22 26 11 | 04
#0297-d143 @A: 33 31 17 14 | 11
#0298-d143 @A: 33 05 31 26 | 01
#0299-d143 @A: 09 08 10 32 | 03
#0300-d143 @A: 08 02 30 24 | 07
#0301-d143 @A: 13 15 24 08 | 08
#0302-d143 @A: 12 07 21 08 | 06
#0303-d143 @A: 08 04 05 20 | 05
#0304-d143 @A: 04 25 03 08 | 09
#0305-d143 @A: 32 04 13 08 | 10
#0306-d143 @A: 08 20 33 26 | 02
#0307-d143 @A: 10 25 08 24 | 12
#0308-d143 @A: 02 05 08 31 | 04
#0309-d143 @A: 19 08 06 10 | 11
#0310-d143 @A: 07 17 08 14 | 01
#0311-d143 @A: 11 24 08 17 | 03
#0312-d143 @A: 27 21 30 09 | 07
#0313-d143 @A: 30 22 09 17 | 08
#0314-d143 @A: 17 29 09 15 | 06
#0315-d143 @A: 34 13 09 04 | 05
#0316-d143 @A: 20 05 35 09 | 09
#0317-d143 @A: 22 28 06 09 | 10
#0318-d143 @A: 32 27 28 09 | 02
#0319-d143 @A: 17 02 32 09 | 12
#0320-d143 @A: 09 24 17 16 | 04
#0321-d143 @A: 31 09 07 14 | 11
#0322-d143 @A: 27 09 03 05 | 01
#0323-d143 @A: 09 06 11 03 | 03
#0324-d143 @A: 13 12 30 17 | 07
#0325-d143 @A: 22 30 14 12 | 08
#0326-d143 @A: 35 25 30 19 | 06
#0327-d143 @A: 21 20 30 32 | 05
#0328-d143 @A: 31 23 28 30 | 09
#0329-d143 @A: 30 21 26 14 | 10
#0330-d143 @A: 05 24 30 27 | 02
#0331-d143 @A: 34 30 32 26 | 12
#0332-d143 @A: 26 30 31 19 | 04
#0333-d143 @A: 26 30 11 27 | 11
#0334-d143 @A: 32 12 35 29 | 01
#0335-d143 @A: 03 29 22 35 | 03
#0336-d143 @A: 29 11 21 20 | 07
#0337-d143 @A: 29 28 25 05 | 08
#0338-d143 @A: 28 26 29 02 | 06
#0339-d143 @A: 02 24 29 10 | 05
#0340-d143 @A: 17 10 16 29 | 09
#0341-d143 @A: 22 29 21 17 | 10
#0342-d143 @A: 18 27 13 29 | 02
#0343-d143 @A: 13 16 07 29 | 12
#0344-d143 @A: 29 24 23 11 | 04
#0345-d143 @A: 23 29 34 33 | 11
#0346-d143 @A: 29 31 19 32 | 01
#0347-d143 @A: 03 29 06 26 | 03
#0348-d143 @A: 04 15 25 23 | 07
#0349-d143 @A: 26 20 25 15 | 08
#0350-d143 @A: 15 17 13 20 | 06
#0351-d143 @A: 25 15 16 34 | 05
#0352-d143 @A: 28 07 10 15 | 09
#0353-d143 @A: 21 28 15 19 | 10
#0354-d143 @A: 32 15 16 18 | 02
#0355-d143 @A: 32 24 15 14 | 12
#0356-d143 @A: 24 17 34 15 | 04
#0357-d143 @A: 26 01 15 34 | 11
#0358-d143 @A: 15 27 31 11 | 01
#0359-d143 @A: 15 17 33 27 | 03
#0360-d143 @A: 15 11 06 33 | 07
#0361-d143 @A: 23 12 04 35 | 08
#0362-d143 @A: 12 32 20 13 | 06
#0363-d143 @A: 28 31 25 12 | 05
#0364-d143 @A: 12 10 25 01 | 09
#0365-d143 @A: 06 12 10 17 | 10
#0366-d143 @A: 33 21 16 12 | 02
#0367-d143 @A: 22 11 12 27 | 12
#0368-d143 @A: 26 23 12 34 | 04
#0369-d143 @A: 01 33 24 12 | 11
#0370-d143 @A: 12 34 05 06 | 01
#0371-d143 @A: 12 07 27 17 | 03
#0372-d143 @A: 07 12 01 26 | 07
#0373-d143 @A: 12 03 11 19 | 08
#0374-d143 @A: 24 13 04 20 | 06
#0375-d143 @A: 28 06 04 18 | 05
#0376-d143 @A: 18 04 27 02 | 09
#0377-d143 @A: 16 02 04 05 | 10
#0378-d143 @A: 04 26 01 02 | 02
#0379-d143 @A: 22 04 21 01 | 12
#0380-d143 @A: 04 24 11 19 | 04
#0381-d143 @A: 32 04 11 34 | 11
#0382-d143 @A: 27 07 04 19 | 01
#0383-d143 @A: 17 04 26 33 | 03
#0384-d143 @A: 27 28 20 35 | 07
#0385-d143 @A: 10 25 35 21 | 08
#0386-d143 @A: 13 35 25 23 | 06
#0387-d143 @A: 35 22 21 32 | 05
#0388-d143 @A: 22 16 35 06 | 09
#0389-d143 @A: 24 11 35 27 | 10
#0390-d143 @A: 31 35 26 34 | 02
#0391-d143 @A: 27 19 06 35 | 12
#0392-d143 @A: 03 35 32 27 | 04
#0393-d143 @A: 06 28 02 20 | 11
#0394-d143 @A: 20 27 26 24 | 01
#0395-d143 @A: 03 24 20 32 | 03
#0396-d143 @A: 20 32 07 27 | 07
#0397-d143 @A: 26 11 20 19 | 08
#0398-d143 @A: 03 25 10 28 | 06
#0399-d143 @A: 25 23 28 07 | 05
#0400-d143 @A: 25 10 31 22 | 09
#0401-d143 @A: 18 27 23 25 | 10
#0402-d143 @A: 16 25 06 13 | 02
#0403-d143 @A: 26 19 22 25 | 12
#0404-d143 @A: 14 19 01 25 | 04
#0405-d143 @A: 25 24 27 32 | 11
#0406-d143 @A: 19 17 25 34 | 01
#0407-d143 @A: 25 27 06 26 | 03
#0408-d143 @A: 28 21 05 16 | 07
#0409-d143 @A: 28 34 23 01 | 08
#0410-d143 @A: 17 31 28 01 | 06
#0411-d143 @A: 02 27 10 16 | 05
#0412-d143 @A: 02 22 34 16 | 09
#0413-d143 @A: 02 13 33 24 | 10
#0414-d143 @A: 26 34 03 02 | 02
#0415-d143 @A: 02 31 03 32 | 12
#0416-d143 @A: 10 23 33 18 | 04
#0417-d143 @A: 23 18 21 03 | 11
#0418-d143 @A: 18 05 21 06 | 01
#0419-d143 @A: 03 21 31 24 | 03
#0420-d143 @A: 32 03 01 21 | 07
#0421-d143 @A: 18 23 17 05 | 08
#0422-d143 @A: 17 14 26 16 | 06
#0423-d143 @A: 05 23 01 16 | 05
#0424-d143 @A: 26 19 03 16 | 09
#0425-d143 @A: 14 13 17 06 | 10
#0426-d143 @A: 06 33 22 26 | 02
#0427-d143 @A: 19 06 22 07 | 12
#0428-d143 @A: 01 32 06 22 | 04
#0429-d143 @A: 34 14 33 06 | 11
#0430-d143 @A: 31 09 21 08 | 01
#0431-d143 @A: 30 32 08 22 | 03
#0432-d143 @A: 29 08 14 21 | 07
#0433-d143 @A: 29 16 32 08 | 08
#0434-d143 @A: 23 12 25 08 | 06
#0435-d143 @A: 05 08 22 25 | 05
#0436-d143 @A: 16 08 01 28 | 09
#0437-d143 @A: 08 22 02 11 | 10
#0438-d143 @A: 10 08 11 18 | 02
#0439-d143 @A: 06 07 08 16 | 12
#0440-d143 @A: 31 03 08 34 | 04
#0441-d143 @A: 32 05 07 08 | 11
#0442-d143 @A: 35 09 30 34 | 01
#0443-d143 @A: 09 12 29 10 | 03
#0444-d143 @A: 29 26 09 11 | 07
#0445-d143 @A: 21 24 09 15 | 08
#0446-d143 @A: 16 03 09 15 | 06
#0447-d143 @A: 26 13 15 09 | 05
#0448-d143 @A: 09 22 15 11 | 09
#0449-d143 @A: 01 09 15 33 | 10
#0450-d143 @A: 02 12 09 27 | 02
#0451-d143 @A: 21 14 12 09 | 12
#0452-d143 @A: 02 04 20 09 | 04
#0453-d143 @A: 33 09 04 06 | 11
#0454-d143 @A: 35 28 09 17 | 01
#0455-d143 @A: 24 02 09 25 | 03
#0456-d143 @A: 09 07 33 25 | 07
#0457-d143 @A: 09 02 06 23 | 08
#0458-d143 @A: 26 16 34 09 | 06
#0459-d143 @A: 01 06 09 27 | 05
#0460-d143 @A: 06 07 17 09 | 09
#0461-d143 @A: 30 04 03 15 | 10
#0462-d143 @A: 21 30 04 05 | 02
#0463-d143 @A: 01 04 17 30 | 12
#0464-d143 @A: 10 30 35 24 | 04
#0465-d143 @A: 02 20 03 30 | 11
#0466-d143 @A: 20 18 30 33 | 01
#0467-d143 @A: 30 25 28 34 | 03
#0468-d143 @A: 24 25 21 30 | 07
#0469-d143 @A: 18 30 19 28 | 08
#0470-d143 @A: 23 30 18 02 | 06
#0471-d143 @A: 30 33 07 02 | 05
#0472-d143 @A: 10 22 30 05 | 09
#0473-d143 @A: 10 30 06 27 | 10
#0474-d143 @A: 21 30 33 22 | 02
#0475-d143 @A: 34 13 30 18 | 12
#0476-d143 @A: 05 11 19 30 | 04
#0477-d143 @A: 04 22 32 29 | 11
#0478-d143 @A: 29 25 03 32 | 01
#0479-d143 @A: 21 18 29 10 | 03
#0480-d143 @A: 10 06 29 05 | 07
#0481-d143 @A: 23 17 29 14 | 08
#0482-d143 @A: 24 26 32 29 | 06
#0483-d143 @A: 29 32 05 17 | 05
#0484-d143 @A: 29 33 17 03 | 09
#0485-d143 @A: 29 17 01 06 | 10
#0486-d143 @A: 12 01 04 15 | 02
#0487-d143 @A: 21 15 20 04 | 12
#0488-d143 @A: 34 04 15 10 | 04
#0489-d143 @A: 07 15 04 13 | 11
#0490-d143 @A: 02 20 15 14 | 01
#0491-d143 @A: 34 13 31 15 | 03
#0492-d143 @A: 23 15 05 34 | 07
#0493-d143 @A: 03 01 15 17 | 08
#0494-d143 @A: 12 25 26 21 | 06
#0495-d143 @A: 25 03 13 12 | 05
#0496-d143 @A: 13 16 12 22 | 09
#0497-d143 @A: 27 12 14 23 | 10
#0498-d143 @A: 11 35 04 13 | 02
#0499-d143 @A: 31 18 04 25 | 12
#0500-d143 @A: 28 21 04 23 | 04
#0501-d143 @A: 17 24 04 28 | 11
#0502-d143 @A: 10 22 04 06 | 01
#0503-d143 @A: 34 04 03 24 | 03
#0504-d143 @A: 11 04 06 05 | 07
#0505-d143 @A: 35 25 20 11 | 08
#0506-d143 @A: 32 20 35 16 | 06
#0507-d143 @A: 23 31 35 20 | 05
#0508-d143 @A: 22 02 35 05 | 09
#0509-d143 @A: 31 05 21 35 | 10
#0510-d143 @A: 35 24 05 16 | 02
#0511-d143 @A: 17 35 27 05 | 12
#0512-d143 @A: 20 10 07 25 | 04
#0513-d143 @A: 34 28 20 32 | 11
#0514-d143 @A: 20 13 21 19 | 01
#0515-d143 @A: 20 11 06 22 | 03
#0516-d143 @A: 19 31 20 14 | 07
#0517-d143 @A: 27 17 20 34 | 08
#0518-d143 @A: 32 20 31 11 | 06
#0519-d143 @A: 28 27 25 16 | 05
#0520-d143 @A: 28 33 13 25 | 09
#0521-d143 @A: 21 02 31 25 | 10
#0522-d143 @A: 13 05 25 21 | 02
#0523-d143 @A: 25 13 11 18 | 12
#0524-d143 @A: 11 25 14 31 | 04
#0525-d143 @A: 11 23 25 32 | 11
#0526-d143 @A: 24 26 31 25 | 01
#0527-d143 @A: 24 11 25 05 | 03
#0528-d143 @A: 26 32 25 17 | 07
#0529-d143 @A: 17 18 28 02 | 08
#0530-d143 @A: 19 10 28 11 | 06
#0531-d143 @A: 13 28 32 18 | 05
#0532-d143 @A: 16 28 13 19 | 09
#0533-d143 @A: 16 11 32 28 | 10
#0534-d143 @A: 28 14 34 31 | 02
#0535-d143 @A: 17 27 06 28 | 12
#0536-d143 @A: 16 02 11 18 | 04
#0537-d143 @A: 17 13 02 16 | 11
#0538-d143 @A: 02 13 06 11 | 01
#0539-d143 @A: 34 02 01 17 | 03
#0540-d143 @A: 17 11 19 02 | 07
#0541-d143 @A: 21 01 19 10 | 08
#0542-d143 @A: 21 33 10 03 | 06
#0543-d143 @A: 11 31 10 24 | 05
#0544-d143 @A: 03 07 10 01 | 09
#0545-d143 @A: 26 21 11 23 | 10
#0546-d143 @A: 34 05 01 21 | 02
#0547-d143 @A: 21 01 07 27 | 12
#0548-d143 @A: 07 21 06 03 | 04
#0549-d143 @A: 18 14 26 01 | 11
#0550-d143 @A: 18 01 19 23 | 01
#0551-d143 @A: 07 18 05 03 | 03
#0552-d143 @A: 18 32 19 26 | 07
#0553-d143 @A: 32 14 34 16 | 08
#0554-d143 @A: 03 27 14 16 | 06
#0555-d143 @A: 16 26 01 32 | 05
#0556-d143 @A: 22 13 23 06 | 09
#0557-d143 @A: 32 14 27 13 | 10
#0558-d143 @A: 13 23 11 07 | 02
#0559-d143 @A: 13 32 19 23 | 12
#0560-d143 @A: 27 13 24 17 | 04
#0561-d143 @A: 13 05 01 31 | 11
#0562-d143 @A: 03 27 19 13 | 01
#0563-d143 @A: 26 22 34 14 | 03
#0564-d143 @A: 05 22 19 14 | 07
#0565-d143 @A: 24 23 22 01 | 08
#0566-d143 @A: 22 23 34 07 | 06
#0567-d143 @A: 27 22 26 23 | 05
#0568-d143 @A: 22 26 03 24 | 09
#0569-d143 @A: 19 27 22 32 | 10
#0570-d143 @A: 17 01 22 19 | 02
#0571-d143 @A: 34 33 03 32 | 12
#0572-d143 @A: 31 33 06 32 | 04
#0573-d143 @A: 09 17 08 13 | 11
#0574-d143 @A: 23 08 33 09 | 01
#0575-d143 @A: 35 08 30 04 | 03
#0576-d143 @A: 01 25 08 29 | 07
#0577-d143 @A: 08 05 12 15 | 08
#0578-d143 @A: 15 35 17 08 | 06
#0579-d143 @A: 08 23 28 15 | 05
#0580-d143 @A: 08 12 28 27 | 09
#0581-d143 @A: 14 08 02 12 | 10
#0582-d143 @A: 17 18 12 08 | 02
#0583-d143 @A: 22 08 04 07 | 12
#0584-d143 @A: 26 08 20 31 | 04
#0585-d143 @A: 22 31 08 28 | 11
#0586-d143 @A: 13 08 31 18 | 01
#0587-d143 @A: 13 18 08 33 | 03
#0588-d143 @A: 23 22 14 08 | 07
#0589-d143 @A: 08 11 07 34 | 08
#0590-d143 @A: 33 01 03 08 | 06
#0591-d143 @A: 24 29 09 28 | 05
#0592-d143 @A: 09 12 05 04 | 09
#0593-d143 @A: 13 12 07 09 | 10
#0594-d143 @A: 09 19 12 17 | 02
#0595-d143 @A: 26 22 04 09 | 12
#0596-d143 @A: 20 10 09 27 | 04
#0597-d143 @A: 09 20 21 17 | 11
#0598-d143 @A: 13 09 25 27 | 01
#0599-d143 @A: 34 09 25 01 | 03
#0600-d143 @A: 24 28 09 33 | 07
#0601-d143 @A: 01 16 02 09 | 08
#0602-d143 @A: 09 10 21 23 | 06
#0603-d143 @A: 05 10 09 16 | 05
#0604-d143 @A: 27 09 18 16 | 09
#0605-d143 @A: 18 09 31 22 | 10
#0606-d143 @A: 11 09 24 18 | 02
#0607-d143 @A: 09 34 17 14 | 12
#0608-d143 @A: 14 06 05 09 | 04
#0609-d143 @A: 09 06 32 26 | 11
#0610-d143 @A: 25 30 29 18 | 01
#0611-d143 @A: 04 30 24 12 | 03
#0612-d143 @A: 18 04 26 30 | 07
#0613-d143 @A: 13 20 30 31 | 08
#0614-d143 @A: 21 17 30 02 | 06
#0615-d143 @A: 30 10 31 33 | 05
#0616-d143 @A: 01 30 13 21 | 09
#0617-d143 @A: 30 14 31 27 | 10
#0618-d143 @A: 30 17 24 26 | 02
#0619-d143 @A: 30 19 27 17 | 12
#0620-d143 @A: 15 29 35 25 | 04
#0621-d143 @A: 12 20 29 01 | 11
#0622-d143 @A: 28 29 12 11 | 01
#0623-d143 @A: 16 04 23 29 | 03
#0624-d143 @A: 17 35 29 18 | 07
#0625-d143 @A: 20 26 22 29 | 08
#0626-d143 @A: 29 14 16 02 | 06
#0627-d143 @A: 29 33 02 34 | 05
#0628-d143 @A: 01 10 29 13 | 09
#0629-d143 @A: 18 11 32 29 | 10
#0630-d143 @A: 06 24 29 14 | 02
#0631-d143 @A: 19 24 29 07 | 12
#0632-d143 @A: 01 29 11 19 | 04
#0633-d143 @A: 13 15 12 23 | 11
#0634-d143 @A: 04 15 33 05 | 01
#0635-d143 @A: 25 03 15 02 | 03
#0636-d143 @A: 21 33 25 15 | 07
#0637-d143 @A: 17 28 16 15 | 08
#0638-d143 @A: 24 15 22 28 | 06
#0639-d143 @A: 15 03 28 33 | 05
#0640-d143 @A: 10 15 16 23 | 09
#0641-d143 @A: 16 15 05 13 | 10
#0642-d143 @A: 26 15 13 33 | 02
#0643-d143 @A: 01 05 15 24 | 12
#0644-d143 @A: 19 34 15 32 | 04
#0645-d143 @A: 32 11 15 17 | 11
#0646-d143 @A: 18 12 10 27 | 01
#0647-d143 @A: 06 18 12 13 | 03
#0648-d143 @A: 13 05 27 12 | 07
#0649-d143 @A: 01 05 12 11 | 08
#0650-d143 @A: 33 19 06 12 | 06
#0651-d143 @A: 19 35 28 04 | 05
#0652-d143 @A: 20 06 04 25 | 09
#0653-d143 @A: 07 02 04 10 | 10
#0654-d143 @A: 10 04 23 18 | 02
#0655-d143 @A: 16 27 04 13 | 12
#0656-d143 @A: 34 04 27 14 | 04
#0657-d143 @A: 04 23 11 17 | 11
#0658-d143 @A: 04 31 03 26 | 01
#0659-d143 @A: 18 35 02 06 | 03
#0660-d143 @A: 35 03 10 16 | 07
#0661-d143 @A: 26 32 35 10 | 08
#0662-d143 @A: 34 35 16 13 | 06
#0663-d143 @A: 07 22 35 33 | 05
#0664-d143 @A: 35 19 14 34 | 09
#0665-d143 @A: 03 06 35 34 | 10
#0666-d143 @A: 35 05 26 03 | 02
#0667-d143 @A: 25 20 24 18 | 12
#0668-d143 @A: 16 31 10 20 | 04
#0669-d143 @A: 05 10 13 20 | 11
#0670-d143 @A: 16 23 20 34 | 01
#0671-d143 @A: 01 14 23 20 | 03
#0672-d143 @A: 14 17 20 24 | 07
#0673-d143 @A: 20 06 32 05 | 08
#0674-d143 @A: 18 22 25 06 | 06
#0675-d143 @A: 26 16 33 25 | 05
#0676-d143 @A: 25 13 24 19 | 09
#0677-d143 @A: 22 17 33 25 | 10
#0678-d143 @A: 06 01 33 25 | 02
#0679-d143 @A: 28 21 10 17 | 12
#0680-d143 @A: 18 28 27 22 | 04
#0681-d143 @A: 26 28 16 23 | 11
#0682-d143 @A: 22 28 01 03 | 01
#0683-d143 @A: 07 28 06 14 | 03
#0684-d143 @A: 28 34 26 06 | 07
#0685-d143 @A: 05 32 19 28 | 08
#0686-d143 @A: 31 02 18 10 | 06
#0687-d143 @A: 10 19 05 02 | 05
#0688-d143 @A: 27 02 13 21 | 09
#0689-d143 @A: 24 07 02 11 | 10
#0690-d143 @A: 05 26 11 02 | 02
#0691-d143 @A: 32 33 02 01 | 12
#0692-d143 @A: 07 10 13 18 | 04
#0693-d143 @A: 10 26 18 22 | 11
#0694-d143 @A: 13 31 10 32 | 01
#0695-d143 @A: 05 32 03 10 | 03
#0696-d143 @A: 16 21 18 14 | 07
#0697-d143 @A: 21 23 05 07 | 08
#0698-d143 @A: 06 24 21 11 | 06
#0699-d143 @A: 31 34 21 07 | 05
#0700-d143 @A: 34 17 22 18 | 09
#0701-d143 @A: 17 11 14 18 | 10
#0702-d143 @A: 18 03 27 24 | 02
#0703-d143 @A: 03 16 24 23 | 12
#0704-d143 @A: 03 34 16 11 | 04
#0705-d143 @A: 16 06 17 34 | 11
#0706-d143 @A: 16 01 33 31 | 01
#0707-d143 @A: 16 07 32 03 | 03
#0708-d143 @A: 13 14 23 33 | 07
#0709-d143 @A: 31 13 14 24 | 08
#0710-d143 @A: 26 24 23 13 | 06
#0711-d143 @A: 32 24 13 01 | 05
#0712-d143 @A: 34 13 06 32 | 09
#0713-d143 @A: 01 34 33 22 | 10
#0714-d143 @A: 07 27 14 33 | 02
#0715-d143 @A: 07 24 17 33 | 12
#0716-d143 @A: 08 01 09 30 | 04
#0717-d143 @A: 20 09 08 12 | 11
#0718-d143 @A: 19 30 21 08 | 01
#0719-d143 @A: 26 30 06 08 | 03
#0720-d143 @A: 33 08 15 10 | 07
#0721-d143 @A: 27 08 04 21 | 08
#0722-d143 @A: 32 35 18 08 | 06
#0723-d143 @A: 33 35 08 31 | 05
#0724-d143 @A: 21 24 20 08 | 09
#0725-d143 @A: 22 13 08 20 | 10
#0726-d143 @A: 26 08 28 07 | 02
#0727-d143 @A: 18 08 07 02 | 12
#0728-d143 @A: 08 17 27 02 | 04
#0729-d143 @A: 31 14 08 32 | 11
#0730-d143 @A: 23 27 08 32 | 01
#0731-d143 @A: 23 06 08 05 | 03
#0732-d143 @A: 08 27 31 24 | 07
#0733-d143 @A: 11 32 08 26 | 08
#0734-d143 @A: 20 24 09 30 | 06
#0735-d143 @A: 03 04 09 29 | 05
#0736-d143 @A: 09 18 19 15 | 09
#0737-d143 @A: 13 33 12 09 | 10
#0738-d143 @A: 22 09 24 12 | 02
#0739-d143 @A: 04 28 16 09 | 12
#0740-d143 @A: 14 33 04 09 | 04
#0741-d143 @A: 35 23 18 09 | 11
#0742-d143 @A: 17 25 03 09 | 01
#0743-d143 @A: 10 09 13 19 | 03
#0744-d143 @A: 33 21 34 09 | 07
#0745-d143 @A: 32 09 01 31 | 08
#0746-d143 @A: 14 30 15 17 | 06
#0747-d143 @A: 16 14 04 30 | 05
#0748-d143 @A: 20 17 30 35 | 09
#0749-d143 @A: 35 28 30 32 | 10
#0750-d143 @A: 30 01 22 20 | 02
#0751-d143 @A: 16 11 17 30 | 12
#0752-d143 @A: 22 33 13 30 | 04
#0753-d143 @A: 14 34 06 30 | 11
#0754-d143 @A: 05 30 23 32 | 01
#0755-d143 @A: 01 30 26 33 | 03
#0756-d143 @A: 06 19 03 30 | 07
#0757-d143 @A: 12 24 18 29 | 08
#0758-d143 @A: 12 33 31 29 | 06
#0759-d143 @A: 20 04 29 35 | 05
#0760-d143 @A: 29 16 33 04 | 09
#0761-d143 @A: 05 35 29 11 | 10
#0762-d143 @A: 27 20 29 02 | 02
#0763-d143 @A: 21 28 29 32 | 12
#0764-d143 @A: 27 28 07 29 | 04
#0765-d143 @A: 21 03 02 29 | 11
#0766-d143 @A: 05 02 29 13 | 01
#0767-d143 @A: 10 33 14 29 | 03
#0768-d143 @A: 27 29 21 16 | 07
#0769-d143 @A: 13 29 01 33 | 08
#0770-d143 @A: 17 15 21 12 | 06
#0771-d143 @A: 35 34 20 15 | 05
#0772-d143 @A: 32 35 13 15 | 09
#0773-d143 @A: 28 25 06 15 | 10
#0774-d143 @A: 21 25 15 07 | 02
#0775-d143 @A: 25 15 18 17 | 12
#0776-d143 @A: 02 21 16 15 | 04
#0777-d143 @A: 01 02 13 15 | 11
#0778-d143 @A: 18 31 15 21 | 01
#0779-d143 @A: 05 15 18 14 | 03
#0780-d143 @A: 14 16 15 33 | 07
#0781-d143 @A: 34 15 14 03 | 08
#0782-d143 @A: 15 01 27 19 | 06
#0783-d143 @A: 12 35 17 16 | 05
#0784-d143 @A: 12 19 25 20 | 09
#0785-d143 @A: 05 20 12 18 | 10
#0786-d143 @A: 12 33 17 20 | 02
#0787-d143 @A: 32 25 12 22 | 12
#0788-d143 @A: 12 25 33 23 | 04
#0789-d143 @A: 12 19 13 02 | 11
#0790-d143 @A: 03 17 24 12 | 01
#0791-d143 @A: 05 03 33 12 | 03
#0792-d143 @A: 35 02 04 32 | 07
#0793-d143 @A: 10 35 04 27 | 08
#0794-d143 @A: 24 04 35 22 | 06
#0795-d143 @A: 10 16 04 32 | 05
#0796-d143 @A: 22 04 11 18 | 09
#0797-d143 @A: 04 18 33 22 | 10
#0798-d143 @A: 18 32 04 01 | 02
#0799-d143 @A: 01 07 23 04 | 12
#0800-d143 @A: 06 07 04 26 | 04
#0801-d143 @A: 26 35 25 18 | 11
#0802-d143 @A: 35 22 25 01 | 01
#0803-d143 @A: 34 35 05 25 | 03
#0804-d143 @A: 34 35 28 02 | 07
#0805-d143 @A: 21 17 35 13 | 08
#0806-d143 @A: 33 16 23 35 | 06
#0807-d143 @A: 17 01 14 35 | 05
#0808-d143 @A: 19 35 23 05 | 09
#0809-d143 @A: 19 01 03 35 | 10
#0810-d143 @A: 13 20 26 28 | 02
#0811-d143 @A: 20 14 05 03 | 12
#0812-d143 @A: 07 23 20 26 | 04
#0813-d143 @A: 06 24 07 20 | 11
#0814-d143 @A: 20 01 26 06 | 01
#0815-d143 @A: 28 25 11 22 | 03
#0816-d143 @A: 25 31 32 34 | 07
#0817-d143 @A: 25 31 17 07 | 08
#0818-d143 @A: 28 16 02 03 | 06
#0819-d143 @A: 28 24 02 13 | 05
#0820-d143 @A: 27 10 24 28 | 09
#0821-d143 @A: 31 13 28 21 | 10
#0822-d143 @A: 06 19 28 24 | 02
#0823-d143 @A: 31 03 19 28 | 12
#0824-d143 @A: 17 11 26 28 | 04
#0825-d143 @A: 06 10 21 02 | 11
#0826-d143 @A: 02 34 13 10 | 01
#0827-d143 @A: 19 10 02 33 | 03
#0828-d143 @A: 02 18 22 24 | 07
#0829-d143 @A: 02 19 32 16 | 08
#0830-d143 @A: 05 02 24 17 | 06
#0831-d143 @A: 18 14 10 24 | 05
#0832-d143 @A: 10 33 22 16 | 09
#0833-d143 @A: 10 33 34 13 | 10
#0834-d143 @A: 05 10 24 23 | 02
#0835-d143 @A: 26 10 23 06 | 12
#0836-d143 @A: 17 03 23 10 | 04
#0837-d143 @A: 07 27 10 11 | 11
#0838-d143 @A: 27 17 21 14 | 01
#0839-d143 @A: 21 19 32 06 | 03
#0840-d143 @A: 33 18 01 23 | 07
#0841-d143 @A: 18 06 17 03 | 08
#0842-d143 @A: 24 16 33 05 | 06
#0843-d143 @A: 24 16 19 01 | 05
#0844-d143 @A: 32 06 16 24 | 09
#0845-d143 @A: 05 34 16 07 | 10
#0846-d143 @A: 11 26 16 31 | 02
#0847-d143 @A: 17 16 07 01 | 12
#0848-d143 @A: 22 07 17 13 | 04
#0849-d143 @A: 34 23 13 03 | 11
#0850-d143 @A: 19 11 13 34 | 01
#0851-d143 @A: 13 01 34 07 | 03
#0852-d143 @A: 31 13 11 17 | 07
#0853-d143 @A: 07 31 13 33 | 08
#0854-d143 @A: 13 19 06 01 | 06
#0855-d143 @A: 32 03 17 13 | 05
#0856-d143 @A: 22 11 31 03 | 09
#0857-d143 @A: 07 23 03 33 | 10
#0858-d143 @A: 33 23 06 17 | 02
#0859-d143 @A: 33 03 34 24 | 12
#0860-d143 @A: 01 05 19 33 | 04
#0861-d143 @A: 08 12 31 29 | 11
#0862-d143 @A: 24 35 29 08 | 01
#0863-d143 @A: 07 08 29 10 | 03
#0864-d143 @A: 08 32 15 25 | 07
#0865-d143 @A: 16 12 08 04 | 08
#0866-d143 @A: 10 12 08 26 | 06
#0867-d143 @A: 34 35 22 08 | 05
#0868-d143 @A: 07 35 27 08 | 09
#0869-d143 @A: 08 03 20 28 | 10
#0870-d143 @A: 08 14 11 20 | 02
#0871-d143 @A: 33 08 06 16 | 12
#0872-d143 @A: 17 08 26 01 | 04
#0873-d143 @A: 12 30 11 09 | 11
#0874-d143 @A: 04 30 32 09 | 01
#0875-d143 @A: 34 09 29 20 | 03
#0876-d143 @A: 23 25 29 09 | 07
#0877-d143 @A: 14 09 15 35 | 08
#0878-d143 @A: 15 01 09 10 | 06
#0879-d143 @A: 21 04 07 09 | 05
#0880-d143 @A: 01 28 09 21 | 09
#0881-d143 @A: 26 09 21 03 | 10
#0882-d143 @A: 16 13 09 31 | 02
#0883-d143 @A: 32 09 16 22 | 12
#0884-d143 @A: 24 09 31 06 | 04
#0885-d143 @A: 31 09 03 33 | 11
#0886-d143 @A: 26 19 05 09 | 01
#0887-d143 @A: 30 15 18 24 | 03
#0888-d143 @A: 34 02 30 04 | 07
#0889-d143 @A: 35 30 22 11 | 08
#0890-d143 @A: 01 30 06 35 | 06
#0891-d143 @A: 30 07 25 02 | 05
#0892-d143 @A: 30 13 25 14 | 09
#0893-d143 @A: 21 30 16 34 | 10
#0894-d143 @A: 32 16 30 33 | 02
#0895-d143 @A: 26 01 30 23 | 12
#0896-d143 @A: 29 04 24 15 | 04
#0897-d143 @A: 15 20 19 29 | 11
#0898-d143 @A: 15 28 29 14 | 01
#0899-d143 @A: 29 11 13 15 | 03
#0900-d143 @A: 10 29 35 34 | 07
#0901-d143 @A: 25 29 13 31 | 08
#0902-d143 @A: 34 22 31 29 | 06
#0903-d143 @A: 29 23 07 03 | 05
#0904-d143 @A: 29 17 24 31 | 09
#0905-d143 @A: 34 27 29 05 | 10
#0906-d143 @A: 01 31 29 07 | 02
#0907-d143 @A: 17 29 07 26 | 12
#0908-d143 @A: 12 15 31 20 | 04
#0909-d143 @A: 24 25 12 15 | 11
#0910-d143 @A: 12 15 16 14 | 01
#0911-d143 @A: 14 22 15 04 | 03
#0912-d143 @A: 15 11 26 04 | 07
#0913-d143 @A: 17 04 15 06 | 08
#0914-d143 @A: 10 15 11 20 | 06
#0915-d143 @A: 16 15 06 20 | 05
#0916-d143 @A: 15 22 10 27 | 09
#0917-d143 @A: 15 22 33 31 | 10
#0918-d143 @A: 14 15 07 23 | 02
#0919-d143 @A: 15 07 17 19 | 12
#0920-d143 @A: 15 06 32 03 | 04
#0921-d143 @A: 03 04 18 12 | 11
#0922-d143 @A: 03 35 02 12 | 01
#0923-d143 @A: 22 12 31 35 | 03
#0924-d143 @A: 01 13 28 12 | 07
#0925-d143 @A: 28 22 12 05 | 08
#0926-d143 @A: 23 19 28 12 | 06
#0927-d143 @A: 24 31 16 12 | 05
#0928-d143 @A: 12 05 14 24 | 09
#0929-d143 @A: 26 12 32 27 | 10
#0930-d143 @A: 33 10 04 25 | 02
#0931-d143 @A: 32 21 25 04 | 12
#0932-d143 @A: 28 04 22 13 | 04
#0933-d143 @A: 18 04 24 21 | 11
#0934-d143 @A: 16 04 17 21 | 01
#0935-d143 @A: 04 01 14 05 | 03
#0936-d143 @A: 26 19 23 04 | 07
#0937-d143 @A: 07 24 04 05 | 08
#0938-d143 @A: 27 31 04 32 | 06
#0939-d143 @A: 19 03 04 32 | 05
#0940-d143 @A: 35 27 02 25 | 09
#0941-d143 @A: 31 35 25 16 | 10
#0942-d143 @A: 02 21 24 35 | 02
#0943-d143 @A: 31 35 13 02 | 12
#0944-d143 @A: 35 18 11 33 | 04
#0945-d143 @A: 34 27 35 23 | 11
#0946-d143 @A: 11 31 35 01 | 01
#0947-d143 @A: 31 07 35 32 | 03
#0948-d143 @A: 33 17 35 05 | 07
#0949-d143 @A: 35 11 17 03 | 08
#0950-d143 @A: 25 03 33 20 | 06
#0951-d143 @A: 22 02 31 20 | 05
#0952-d143 @A: 20 21 33 13 | 09
#0953-d143 @A: 05 26 20 16 | 10
#0954-d143 @A: 24 11 34 20 | 02
#0955-d143 @A: 11 01 03 20 | 12
#0956-d143 @A: 10 25 18 32 | 04
#0957-d143 @A: 18 21 25 19 | 11
#0958-d143 @A: 25 16 18 07 | 01
#0959-d143 @A: 14 03 18 25 | 03
#0960-d143 @A: 23 24 25 14 | 07
#0961-d143 @A: 19 23 06 25 | 08
#0962-d143 @A: 07 24 25 34 | 06
#0963-d143 @A: 25 31 11 33 | 05
#0964-d143 @A: 11 25 19 27 | 09
#0965-d143 @A: 14 28 02 19 | 10
#0966-d143 @A: 17 33 28 02 | 02
#0967-d143 @A: 28 05 10 33 | 12
#0968-d143 @A: 24 28 01 11 | 04
#0969-d143 @A: 34 19 28 27 | 11
#0970-d143 @A: 28 03 11 27 | 01
#0971-d143 @A: 19 28 01 26 | 03
#0972-d143 @A: 21 02 18 26 | 07
#0973-d143 @A: 14 02 33 01 | 08
#0974-d143 @A: 34 24 06 02 | 06
#0975-d143 @A: 02 11 34 31 | 05
#0976-d143 @A: 02 11 27 33 | 09
#0977-d143 @A: 01 02 07 19 | 10
#0978-d143 @A: 27 34 21 10 | 02
#0979-d143 @A: 19 14 27 10 | 12
#0980-d143 @A: 31 01 23 10 | 04
#0981-d143 @A: 10 26 34 24 | 11
#0982-d143 @A: 10 19 31 34 | 01
#0983-d143 @A: 33 21 18 05 | 03
#0984-d143 @A: 31 22 16 21 | 07
#0985-d143 @A: 21 19 14 03 | 08
#0986-d143 @A: 26 31 32 21 | 06
#0987-d143 @A: 11 17 21 33 | 05
#0988-d143 @A: 23 18 31 26 | 09
#0989-d143 @A: 31 34 24 18 | 10
#0990-d143 @A: 24 18 33 06 | 02
#0991-d143 @A: 07 18 24 32 | 12
#0992-d143 @A: 03 34 32 18 | 04
#0993-d143 @A: 14 22 16 01 | 11
#0994-d143 @A: 33 17 16 34 | 01
#0995-d143 @A: 11 05 16 27 | 03
#0996-d143 @A: 16 06 05 03 | 07
#0997-d143 @A: 22 19 31 13 | 08
#0998-d143 @A: 23 17 01 13 | 06
#0999-d143 @A: 07 26 05 13 | 05
#1000-d143 @A: 22 17 06 24 | 09
#1001-d143 @A: 11 25 08 09 | 10
#1002-d143 @A: 06 18 08 09 | 02
#1003-d143 @A: 06 28 29 08 | 12
#1004-d143 @A: 29 13 19 08 | 04
#1005-d143 @A: 08 11 29 33 | 11
#1006-d143 @A: 22 12 08 01 | 01
#1007-d143 @A: 35 08 10 31 | 03
#1008-d143 @A: 21 23 08 35 | 07
#1009-d143 @A: 08 17 28 19 | 08
#1010-d143 @A: 08 23 13 02 | 06
#1011-d143 @A: 21 05 10 08 | 05
#1012-d143 @A: 08 34 14 24 | 09
#1013-d143 @A: 08 31 23 07 | 10
#1014-d143 @A: 33 19 34 08 | 02
#1015-d143 @A: 27 08 33 05 | 12
#1016-d143 @A: 06 16 30 09 | 04
#1017-d143 @A: 09 07 29 18 | 11
#1018-d143 @A: 12 16 23 09 | 01
#1019-d143 @A: 35 33 02 09 | 03
#1020-d143 @A: 35 09 13 24 | 07
#1021-d143 @A: 27 22 35 09 | 08
#1022-d143 @A: 20 33 05 09 | 06
#1023-d143 @A: 28 09 26 10 | 05
#1024-d143 @A: 10 14 09 02 | 09
#1025-d143 @A: 03 09 10 22 | 10
#1026-d143 @A: 21 13 11 09 | 02
#1027-d143 @A: 14 09 13 23 | 12
#1028-d143 @A: 14 09 27 26 | 04
#1029-d143 @A: 17 09 26 23 | 11
#1030-d143 @A: 26 24 09 01 | 01
#1031-d143 @A: 09 05 07 11 | 03
#1032-d143 @A: 05 01 17 09 | 07
#1033-d143 @A: 31 15 30 35 | 08
#1034-d143 @A: 15 19 13 30 | 06
#1035-d143 @A: 21 30 12 23 | 05
#1036-d143 @A: 18 12 30 01 | 09
#1037-d143 @A: 25 11 30 04 | 10
#1038-d143 @A: 23 30 04 33 | 02
#1039-d143 @A: 16 19 20 30 | 12
#1040-d143 @A: 28 11 13 30 | 04
#1041-d143 @A: 30 10 18 17 | 11
#1042-d143 @A: 07 22 30 18 | 01
#1043-d143 @A: 31 18 30 06 | 03
#1044-d143 @A: 27 18 32 30 | 07
#1045-d143 @A: 06 24 23 30 | 08
#1046-d143 @A: 31 32 24 30 | 06
#1047-d143 @A: 05 33 30 34 | 05
#1048-d143 @A: 06 33 27 30 | 09
#1049-d143 @A: 26 07 03 30 | 10
#1050-d143 @A: 32 17 07 30 | 02
#1051-d143 @A: 29 15 18 33 | 12
#1052-d143 @A: 05 12 29 21 | 04
#1053-d143 @A: 06 12 29 22 | 11
#1054-d143 @A: 29 20 03 13 | 01
#1055-d143 @A: 28 22 19 29 | 03
#1056-d143 @A: 29 21 33 19 | 07
#1057-d143 @A: 03 29 31 14 | 08
#1058-d143 @A: 11 29 06 31 | 06
#1059-d143 @A: 15 35 18 10 | 05
#1060-d143 @A: 14 27 15 25 | 09
#1061-d143 @A: 28 11 02 15 | 10
#1062-d143 @A: 15 16 22 26 | 02
#1063-d143 @A: 06 31 15 23 | 12
#1064-d143 @A: 23 15 32 01 | 04
#1065-d143 @A: 04 11 10 12 | 11
#1066-d143 @A: 04 12 32 06 | 01
#1067-d143 @A: 12 23 20 17 | 03
#1068-d143 @A: 25 14 12 34 | 07
#1069-d143 @A: 21 24 12 28 | 08
#1070-d143 @A: 33 34 12 28 | 06
#1071-d143 @A: 31 12 02 17 | 05
#1072-d143 @A: 16 21 32 12 | 09
#1073-d143 @A: 03 22 12 21 | 10
#1074-d143 @A: 26 12 16 18 | 02
#1075-d143 @A: 23 12 18 32 | 12
#1076-d143 @A: 03 01 12 14 | 04
#1077-d143 @A: 23 03 12 05 | 11
#1078-d143 @A: 04 20 16 01 | 01
#1079-d143 @A: 26 34 20 04 | 03
#1080-d143 @A: 25 01 13 04 | 07
#1081-d143 @A: 04 02 14 24 | 08
#1082-d143 @A: 34 04 16 18 | 06
#1083-d143 @A: 33 19 13 04 | 05
#1084-d143 @A: 04 14 32 07 | 09
#1085-d143 @A: 05 34 04 17 | 10
#1086-d143 @A: 32 07 04 33 | 02
#1087-d143 @A: 20 35 21 14 | 12
#1088-d143 @A: 33 14 20 35 | 04
#1089-d143 @A: 06 25 35 33 | 11
#1090-d143 @A: 16 35 28 14 | 01
#1091-d143 @A: 14 35 06 10 | 03
#1092-d143 @A: 01 21 16 35 | 07
#1093-d143 @A: 21 35 34 11 | 08
#1094-d143 @A: 19 32 17 35 | 06
#1095-d143 @A: 22 20 28 17 | 05
#1096-d143 @A: 19 07 20 28 | 09
#1097-d143 @A: 02 20 23 21 | 10
#1098-d143 @A: 20 21 16 07 | 02
#1099-d143 @A: 20 05 22 21 | 12
#1100-d143 @A: 20 22 16 27 | 04
#1101-d143 @A: 24 23 33 20 | 11
#1102-d143 @A: 06 31 34 20 | 01
#1103-d143 @A: 02 23 16 25 | 03
#1104-d143 @A: 01 25 23 21 | 07
#1105-d143 @A: 03 11 21 25 | 08
#1106-d143 @A: 05 25 32 16 | 06
#1107-d143 @A: 25 05 23 26 | 05
#1108-d143 @A: 01 25 24 17 | 09
#1109-d143 @A: 27 03 34 25 | 10
#1110-d143 @A: 31 05 25 06 | 02
#1111-d143 @A: 31 28 27 02 | 12
#1112-d143 @A: 28 14 13 10 | 04
#1113-d143 @A: 13 06 28 03 | 11
#1114-d143 @A: 14 28 26 24 | 01
#1115-d143 @A: 28 14 11 05 | 03
#1116-d143 @A: 23 19 28 33 | 07
#1117-d143 @A: 28 33 11 32 | 08
#1118-d143 @A: 02 18 32 05 | 06
#1119-d143 @A: 23 02 01 27 | 05
#1120-d143 @A: 23 02 32 26 | 09
#1121-d143 @A: 07 17 02 23 | 10
#1122-d143 @A: 26 19 27 02 | 02
#1123-d143 @A: 33 26 02 03 | 12
#1124-d143 @A: 01 32 11 02 | 04
#1125-d143 @A: 32 06 07 02 | 11
#1126-d143 @A: 13 03 21 10 | 01
#1127-d143 @A: 11 16 13 10 | 03
#1128-d143 @A: 16 22 19 10 | 07
#1129-d143 @A: 10 22 32 07 | 08
#1130-d143 @A: 19 07 10 23 | 06
#1131-d143 @A: 06 07 10 33 | 05
#1132-d143 @A: 17 10 01 33 | 09
#1133-d143 @A: 11 19 21 16 | 10
#1134-d143 @A: 21 23 27 33 | 02
#1135-d143 @A: 32 31 17 18 | 12
#1136-d143 @A: 07 16 14 24 | 04
#1137-d143 @A: 01 11 06 16 | 11
#1138-d143 @A: 13 22 27 01 | 01
#1139-d143 @A: 01 11 13 26 | 03
#1140-d143 @A: 31 22 05 24 | 07
#1141-d143 @A: 33 14 19 17 | 08
#1142-d143 @A: 09 08 35 26 | 06
#1143-d143 @A: 09 03 24 08 | 05
#1144-d143 @A: 11 30 08 15 | 09
#1145-d143 @A: 29 08 18 26 | 10
#1146-d143 @A: 22 08 06 15 | 02
#1147-d143 @A: 27 26 15 08 | 12
#1148-d143 @A: 06 24 08 12 | 04
#1149-d143 @A: 08 03 12 32 | 11
#1150-d143 @A: 04 14 08 28 | 01
#1151-d143 @A: 02 08 04 06 | 03
#1152-d143 @A: 01 02 35 08 | 07
#1153-d143 @A: 19 08 32 20 | 08
#1154-d143 @A: 02 26 08 25 | 06
#1155-d143 @A: 07 13 25 08 | 05
#1156-d143 @A: 01 21 18 08 | 09
#1157-d143 @A: 08 14 33 21 | 10
#1158-d143 @A: 14 26 19 08 | 02
#1159-d143 @A: 09 15 30 23 | 12
#1160-d143 @A: 21 29 06 09 | 04
#1161-d143 @A: 09 33 27 29 | 11
#1162-d143 @A: 15 05 25 09 | 01
#1163-d143 @A: 09 12 32 34 | 03
#1164-d143 @A: 04 09 17 18 | 07
#1165-d143 @A: 02 35 09 11 | 08
#1166-d143 @A: 21 19 35 09 | 06
#1167-d143 @A: 25 19 28 09 | 05
#1168-d143 @A: 18 09 03 02 | 09
#1169-d143 @A: 33 17 18 09 | 10
#1170-d143 @A: 09 14 24 19 | 02
#1171-d143 @A: 01 23 03 09 | 12
#1172-d143 @A: 20 06 29 30 | 04
#1173-d143 @A: 15 01 30 28 | 11
#1174-d143 @A: 07 15 16 30 | 01
#1175-d143 @A: 22 30 34 15 | 03
#1176-d143 @A: 15 30 26 05 | 07
#1177-d143 @A: 30 28 06 12 | 08
#1178-d143 @A: 30 12 03 31 | 06
#1179-d143 @A: 04 22 31 30 | 05
#1180-d143 @A: 30 20 18 11 | 09
#1181-d143 @A: 30 06 25 32 | 10
#1182-d143 @A: 06 21 22 30 | 02
#1183-d143 @A: 24 22 30 19 | 12
#1184-d143 @A: 11 23 30 34 | 04
#1185-d143 @A: 27 23 07 30 | 11
#1186-d143 @A: 30 31 34 17 | 01
#1187-d143 @A: 30 34 27 01 | 03
#1188-d143 @A: 27 04 29 25 | 07
#1189-d143 @A: 28 04 01 29 | 08
#1190-d143 @A: 04 13 14 29 | 06
#1191-d143 @A: 10 29 28 20 | 05
#1192-d143 @A: 16 29 20 24 | 09
#1193-d143 @A: 18 28 03 29 | 10
#1194-d143 @A: 02 07 22 29 | 02
#1195-d143 @A: 05 14 26 29 | 12
#1196-d143 @A: 05 29 31 23 | 04
#1197-d143 @A: 15 18 12 02 | 11
#1198-d143 @A: 33 15 12 02 | 01
#1199-d143 @A: 15 10 12 19 | 03
#1200-d143 @A: 26 21 15 35 | 07
#1201-d143 @A: 22 15 17 02 | 08
#1202-d143 @A: 14 11 19 15 | 06
#1203-d143 @A: 19 15 26 24 | 05
#1204-d143 @A: 34 15 06 11 | 09
#1205-d143 @A: 31 15 03 05 | 10
#1206-d143 @A: 14 12 26 04 | 02
#1207-d143 @A: 12 34 35 18 | 12
#1208-d143 @A: 28 12 20 16 | 04
#1209-d143 @A: 12 02 20 11 | 11
#1210-d143 @A: 20 12 07 03 | 01
#1211-d143 @A: 10 12 23 22 | 03
#1212-d143 @A: 34 03 12 10 | 07
#1213-d143 @A: 18 14 12 31 | 08
#1214-d143 @A: 24 12 19 27 | 06
#1215-d143 @A: 24 12 26 11 | 05
#1216-d143 @A: 31 27 12 34 | 09
#1217-d143 @A: 11 17 34 12 | 10
#1218-d143 @A: 07 06 12 31 | 02
#1219-d143 @A: 12 06 27 03 | 12
#1220-d143 @A: 12 19 07 05 | 04
#1221-d143 @A: 26 04 35 16 | 11
#1222-d143 @A: 33 35 03 04 | 01
#1223-d143 @A: 28 20 11 04 | 03
#1224-d143 @A: 20 07 31 04 | 07
#1225-d143 @A: 02 25 19 04 | 08
#1226-d143 @A: 31 10 28 04 | 06
#1227-d143 @A: 28 33 31 04 | 05
#1228-d143 @A: 06 04 34 21 | 09
#1229-d143 @A: 16 04 31 06 | 10
#1230-d143 @A: 05 27 04 22 | 02
#1231-d143 @A: 27 03 23 04 | 12
#1232-d143 @A: 28 35 25 24 | 04
#1233-d143 @A: 35 23 28 22 | 11
#1234-d143 @A: 10 13 35 33 | 01
#1235-d143 @A: 33 35 07 21 | 03
#1236-d143 @A: 03 35 24 14 | 07
#1237-d143 @A: 23 35 24 17 | 08
#1238-d143 @A: 05 06 07 35 | 06
#1239-d143 @A: 06 35 11 26 | 05
#1240-d143 @A: 19 35 07 11 | 09
#1241-d143 @A: 17 20 25 02 | 10
#1242-d143 @A: 28 18 01 20 | 02
#1243-d143 @A: 02 18 19 20 | 12
#1244-d143 @A: 02 07 20 13 | 04
#1245-d143 @A: 20 27 18 21 | 11
#1246-d143 @A: 20 26 14 32 | 01
#1247-d143 @A: 34 33 31 20 | 03
#1248-d143 @A: 20 03 27 31 | 07
#1249-d143 @A: 27 01 05 20 | 08
#1250-d143 @A: 25 14 28 32 | 06
#1251-d143 @A: 10 02 11 25 | 05
#1252-d143 @A: 25 11 34 26 | 09
#1253-d143 @A: 19 07 32 25 | 10
#1254-d143 @A: 27 28 14 01 | 02
#1255-d143 @A: 24 03 07 28 | 12
#1256-d143 @A: 01 28 07 32 | 04
#1257-d143 @A: 02 06 22 03 | 11
#1258-d143 @A: 23 02 05 14 | 01
#1259-d143 @A: 02 27 11 14 | 03
#1260-d143 @A: 01 06 02 14 | 07
#1261-d143 @A: 19 06 02 31 | 08
#1262-d143 @A: 01 34 10 14 | 06
#1263-d143 @A: 10 01 06 24 | 05
#1264-d143 @A: 07 26 31 10 | 09
#1265-d143 @A: 11 07 14 21 | 10
#1266-d143 @A: 21 34 32 23 | 02
#1267-d143 @A: 17 06 21 23 | 12
#1268-d143 @A: 06 27 21 31 | 04
#1269-d143 @A: 01 21 17 11 | 11
#1270-d143 @A: 06 24 26 18 | 01
#1271-d143 @A: 18 24 17 19 | 03
#1272-d143 @A: 16 14 11 23 | 07
#1273-d143 @A: 26 22 13 32 | 08
#1274-d143 @A: 03 13 11 24 | 06
#1275-d143 @A: 19 17 05 13 | 05
#1276-d143 @A: 27 14 22 24 | 09
#1277-d143 @A: 14 32 17 22 | 10
#1278-d143 @A: 05 17 11 22 | 02
#1279-d143 @A: 31 30 08 25 | 12
#1280-d143 @A: 08 11 04 29 | 04
#1281-d143 @A: 02 29 08 34 | 11
#1282-d143 @A: 01 15 08 20 | 01
#1283-d143 @A: 02 15 08 19 | 03
#1284-d143 @A: 24 04 26 08 | 07
#1285-d143 @A: 14 25 08 35 | 08
#1286-d143 @A: 08 25 21 17 | 06
#1287-d143 @A: 08 27 13 10 | 05
#1288-d143 @A: 17 08 10 22 | 09
#1289-d143 @A: 08 24 05 18 | 10
#1290-d143 @A: 19 08 18 27 | 02
#1291-d143 @A: 22 24 16 08 | 12
#1292-d143 @A: 16 05 08 17 | 04
#1293-d143 @A: 08 11 06 27 | 11
#1294-d143 @A: 08 05 11 03 | 01
#1295-d143 @A: 08 19 07 03 | 03
#1296-d143 @A: 19 09 33 30 | 07
#1297-d143 @A: 02 31 09 29 | 08
#1298-d143 @A: 28 09 31 15 | 06
#1299-d143 @A: 12 09 25 18 | 05
#1300-d143 @A: 07 10 09 35 | 09
#1301-d143 @A: 28 23 20 09 | 10
#1302-d143 @A: 20 06 09 13 | 02
#1303-d143 @A: 09 18 14 28 | 12
#1304-d143 @A: 33 11 16 09 | 04
#1305-d143 @A: 09 01 14 11 | 11
#1306-d143 @A: 09 03 14 32 | 01
#1307-d143 @A: 23 24 09 34 | 03
#1308-d143 @A: 27 24 09 07 | 07
#1309-d143 @A: 29 26 30 35 | 08
#1310-d143 @A: 33 30 25 29 | 06
#1311-d143 @A: 34 24 29 30 | 05
#1312-d143 @A: 03 30 29 27 | 09
#1313-d143 @A: 16 30 35 02 | 10
#1314-d143 @A: 14 35 05 30 | 02
#1315-d143 @A: 30 14 28 20 | 12
#1316-d143 @A: 25 17 23 30 | 04
#1317-d143 @A: 28 33 30 14 | 11
#1318-d143 @A: 10 14 03 30 | 01
#1319-d143 @A: 11 01 30 10 | 03
#1320-d143 @A: 30 14 07 01 | 07
#1321-d143 @A: 03 30 24 01 | 08
#1322-d143 @A: 31 05 30 07 | 06
#1323-d143 @A: 17 30 05 06 | 05
#1324-d143 @A: 10 29 15 31 | 09
#1325-d143 @A: 05 29 22 15 | 10
#1326-d143 @A: 07 06 15 29 | 02
#1327-d143 @A: 29 23 02 12 | 12
#1328-d143 @A: 29 03 12 16 | 04
#1329-d143 @A: 29 04 02 17 | 11
#1330-d143 @A: 18 04 05 29 | 01
#1331-d143 @A: 29 20 25 14 | 03
#1332-d143 @A: 25 29 34 21 | 07
#1333-d143 @A: 29 24 25 22 | 08
#1334-d143 @A: 28 29 23 13 | 06
#1335-d143 @A: 11 22 16 29 | 05
#1336-d143 @A: 34 11 29 14 | 09
#1337-d143 @A: 32 29 34 07 | 10
#1338-d143 @A: 29 17 03 19 | 02
#1339-d143 @A: 12 15 11 35 | 12
#1340-d143 @A: 18 13 15 03 | 04
#1341-d143 @A: 14 01 15 31 | 11
#1342-d143 @A: 25 12 07 04 | 01
#1343-d143 @A: 35 12 06 25 | 03
#1344-d143 @A: 28 18 07 12 | 07
#1345-d143 @A: 27 12 33 22 | 08
#1346-d143 @A: 24 12 23 07 | 06
#1347-d143 @A: 12 32 07 11 | 05
#1348-d143 @A: 12 32 17 01 | 09
#1349-d143 @A: 04 34 35 01 | 10
#1350-d143 @A: 04 17 13 10 | 02
#1351-d143 @A: 27 04 06 24 | 12
#1352-d143 @A: 03 07 04 17 | 04
#1353-d143 @A: 22 18 14 35 | 11
#1354-d143 @A: 26 35 19 13 | 01
#1355-d143 @A: 26 35 22 17 | 03
#1356-d143 @A: 32 35 14 11 | 07
#1357-d143 @A: 24 35 32 34 | 08
#1358-d143 @A: 34 07 35 17 | 06
#1359-d143 @A: 01 35 32 05 | 05
#1360-d143 @A: 20 25 13 34 | 09
#1361-d143 @A: 24 31 28 20 | 10
#1362-d143 @A: 33 02 16 20 | 02
#1363-d143 @A: 05 20 34 02 | 12
#1364-d143 @A: 20 27 10 33 | 04
#1365-d143 @A: 01 31 21 20 | 11
#1366-d143 @A: 20 17 18 16 | 01
#1367-d143 @A: 20 06 14 27 | 03
#1368-d143 @A: 06 23 20 03 | 07
#1369-d143 @A: 05 31 17 20 | 08
#1370-d143 @A: 17 20 19 06 | 06
#1371-d143 @A: 25 02 01 28 | 05
#1372-d143 @A: 22 02 14 25 | 09
#1373-d143 @A: 26 10 25 13 | 10
#1374-d143 @A: 10 23 25 34 | 02
#1375-d143 @A: 25 06 24 03 | 12
#1376-d143 @A: 06 01 25 07 | 04
#1377-d143 @A: 34 28 22 10 | 11
#1378-d143 @A: 23 24 28 18 | 01
#1379-d143 @A: 22 07 16 28 | 03
#1380-d143 @A: 24 34 28 05 | 07
#1381-d143 @A: 01 06 28 05 | 08
#1382-d143 @A: 28 03 26 32 | 06
#1383-d143 @A: 33 21 06 02 | 05
#1384-d143 @A: 23 03 02 11 | 09
#1385-d143 @A: 02 05 03 01 | 10
#1386-d143 @A: 21 11 22 10 | 02
#1387-d143 @A: 24 32 10 19 | 12
#1388-d143 @A: 10 24 17 07 | 04
#1389-d143 @A: 10 17 34 32 | 11
#1390-d143 @A: 05 27 31 10 | 01
#1391-d143 @A: 11 10 06 32 | 03
#1392-d143 @A: 24 27 23 21 | 07
#1393-d143 @A: 24 34 21 19 | 08
#1394-d143 @A: 21 24 33 31 | 06
#1395-d143 @A: 19 05 27 21 | 05
#1396-d143 @A: 26 07 21 19 | 09
#1397-d143 @A: 05 18 19 34 | 10
#1398-d143 @A: 34 07 33 18 | 02
#1399-d143 @A: 31 05 18 11 | 12
#1400-d143 @A: 01 17 27 18 | 04
#1401-d143 @A: 33 16 27 13 | 11
#1402-d143 @A: 34 31 01 16 | 01
#1403-d143 @A: 13 27 31 23 | 03
#1404-d143 @A: 31 22 06 14 | 07
#1405-d143 @A: 14 33 03 22 | 08
#1406-d143 @A: 27 34 22 06 | 06
#1407-d143 @A: 22 07 27 31 | 05
#1408-d143 @A: 26 33 27 19 | 09
#1409-d143 @A: 11 19 07 33 | 10
#1410-d143 @A: 23 04 08 09 | 02
#1411-d143 @A: 09 22 08 19 | 12
#1412-d143 @A: 08 30 23 29 | 04
#1413-d143 @A: 08 07 30 20 | 11
#1414-d143 @A: 20 17 29 08 | 01
#1415-d143 @A: 10 14 08 15 | 03
#1416-d143 @A: 11 35 08 16 | 07
#1417-d143 @A: 19 25 08 16 | 08
#1418-d143 @A: 25 08 06 34 | 06
#1419-d143 @A: 08 28 22 33 | 05
#1420-d143 @A: 10 34 16 08 | 09
#1421-d143 @A: 21 08 26 22 | 10
#1422-d143 @A: 16 23 08 18 | 02
#1423-d143 @A: 08 26 13 16 | 12
#1424-d143 @A: 13 14 01 08 | 04
#1425-d143 @A: 27 05 08 14 | 11
#1426-d143 @A: 26 03 08 23 | 01
#1427-d143 @A: 28 07 30 09 | 03
#1428-d143 @A: 30 10 31 09 | 07
#1429-d143 @A: 09 13 03 30 | 08
#1430-d143 @A: 15 12 06 09 | 06
#1431-d143 @A: 27 15 04 09 | 05
#1432-d143 @A: 12 31 26 09 | 09
#1433-d143 @A: 24 10 09 04 | 10
#1434-d143 @A: 25 35 32 09 | 02
#1435-d143 @A: 16 11 20 09 | 12
#1436-d143 @A: 02 07 09 26 | 04
#1437-d143 @A: 34 18 09 10 | 11
#1438-d143 @A: 33 32 22 09 | 01
#1439-d143 @A: 32 23 09 07 | 03
#1440-d143 @A: 24 32 09 05 | 07
#1441-d143 @A: 34 07 09 03 | 08
#1442-d143 @A: 15 30 29 21 | 06
#1443-d143 @A: 04 30 29 07 | 05
#1444-d143 @A: 28 17 30 29 | 09
#1445-d143 @A: 12 30 33 35 | 10
#1446-d143 @A: 02 30 12 10 | 02
#1447-d143 @A: 20 04 30 23 | 12
#1448-d143 @A: 13 04 06 30 | 04
#1449-d143 @A: 21 30 18 35 | 11
#1450-d143 @A: 30 35 13 27 | 01
#1451-d143 @A: 03 25 30 22 | 03
#1452-d143 @A: 30 32 02 14 | 07
#1453-d143 @A: 21 30 07 10 | 08
#1454-d143 @A: 19 14 23 30 | 06
#1455-d143 @A: 24 14 30 11 | 05
#1456-d143 @A: 11 07 30 06 | 09
#1457-d143 @A: 26 15 29 23 | 10
#1458-d143 @A: 34 04 12 29 | 02
#1459-d143 @A: 29 17 12 25 | 12
#1460-d143 @A: 29 02 35 19 | 04
#1461-d143 @A: 07 35 29 21 | 11
#1462-d143 @A: 13 29 06 35 | 01
#1463-d143 @A: 06 02 25 29 | 03
#1464-d143 @A: 19 29 25 10 | 07
#1465-d143 @A: 27 01 29 24 | 08
#1466-d143 @A: 34 26 29 19 | 06
#1467-d143 @A: 03 01 34 29 | 05
#1468-d143 @A: 27 26 31 29 | 09
#1469-d143 @A: 05 29 06 33 | 10
#1470-d143 @A: 07 22 15 12 | 02
#1471-d143 @A: 05 04 15 35 | 12
#1472-d143 @A: 04 31 02 15 | 04
#1473-d143 @A: 28 15 35 03 | 11
#1474-d143 @A: 35 15 02 23 | 01
#1475-d143 @A: 28 20 05 15 | 03
#1476-d143 @A: 23 15 20 24 | 07
#1477-d143 @A: 07 20 33 15 | 08
#1478-d143 @A: 13 22 25 15 | 06
#1479-d143 @A: 10 15 03 24 | 05
#1480-d143 @A: 27 21 15 03 | 09
#1481-d143 @A: 21 01 15 06 | 10
#1482-d143 @A: 15 06 26 14 | 02
#1483-d143 @A: 23 27 17 15 | 12
#1484-d143 @A: 15 23 33 26 | 04
#1485-d143 @A: 32 07 26 15 | 11
#1486-d143 @A: 03 15 07 11 | 01
#1487-d143 @A: 35 12 26 28 | 03
#1488-d143 @A: 10 35 05 12 | 07
#1489-d143 @A: 35 14 13 12 | 08
#1490-d143 @A: 20 12 21 06 | 06
#1491-d143 @A: 12 17 28 14 | 05
#1492-d143 @A: 26 22 02 12 | 09
#1493-d143 @A: 12 10 24 13 | 10
#1494-d143 @A: 18 12 22 19 | 02
#1495-d143 @A: 33 14 12 11 | 12
#1496-d143 @A: 03 04 35 21 | 04
#1497-d143 @A: 16 04 25 24 | 11
#1498-d143 @A: 21 11 04 02 | 01
#1499-d143 @A: 14 21 10 04 | 03
#1500-d143 @A: 04 13 26 21 | 07
#1501-d143 @A: 04 01 27 11 | 08
#1502-d143 @A: 26 35 20 02 | 06
#1503-d143 @A: 35 14 26 23 | 05
#1504-d143 @A: 25 20 28 21 | 09
#1505-d143 @A: 03 20 25 16 | 10
#1506-d143 @A: 25 23 22 20 | 02
#1507-d143 @A: 26 10 21 20 | 12
#1508-d143 @A: 20 17 01 10 | 04
#1509-d143 @A: 20 32 22 18 | 11
#1510-d143 @A: 13 20 16 14 | 01
#1511-d143 @A: 20 11 27 13 | 03
#1512-d143 @A: 19 05 24 20 | 07
#1513-d143 @A: 19 20 01 34 | 08
#1514-d143 @A: 17 03 26 20 | 06
#1515-d143 @A: 01 11 33 20 | 05
#1516-d143 @A: 33 25 27 24 | 09
#1517-d143 @A: 16 28 06 10 | 10
#1518-d143 @A: 18 28 21 34 | 02
#1519-d143 @A: 26 21 27 28 | 12
#1520-d143 @A: 31 06 32 28 | 04
#1521-d143 @A: 05 28 07 17 | 11
#1522-d143 @A: 01 02 22 10 | 01
#1523-d143 @A: 05 22 33 02 | 03
#1524-d143 @A: 02 23 31 24 | 07
#1525-d143 @A: 05 27 06 02 | 08
#1526-d143 @A: 03 07 27 02 | 06
#1527-d143 @A: 14 10 11 26 | 05
#1528-d143 @A: 10 03 06 31 | 09
#1529-d143 @A: 18 21 22 13 | 10
#1530-d143 @A: 21 13 23 16 | 02
#1531-d143 @A: 21 31 14 23 | 12
#1532-d143 @A: 27 32 21 33 | 04
#1533-d143 @A: 05 17 03 21 | 11
#1534-d143 @A: 22 18 05 16 | 01
#1535-d143 @A: 07 27 14 18 | 03
#1536-d143 @A: 06 14 32 18 | 07
#1537-d143 @A: 07 19 18 31 | 08
#1538-d143 @A: 27 18 26 05 | 06
#1539-d143 @A: 27 33 03 18 | 05
#1540-d143 @A: 01 07 18 11 | 09
#1541-d143 @A: 27 34 16 24 | 10
#1542-d143 @A: 07 16 05 33 | 02
#1543-d143 @A: 34 13 22 24 | 12
#1544-d143 @A: 11 05 33 13 | 04
#1545-d143 @A: 17 33 13 32 | 11
#1546-d143 @A: 19 22 34 03 | 01
#1547-d143 @A: 22 07 01 05 | 03
#1548-d143 @A: 09 16 14 08 | 07
#1549-d143 @A: 30 10 28 08 | 08
#1550-d143 @A: 15 29 03 08 | 06
#1551-d143 @A: 22 29 08 27 | 05
#1552-d143 @A: 15 08 04 18 | 09
#1553-d143 @A: 34 21 08 15 | 10
#1554-d143 @A: 19 35 08 12 | 02
#1555-d143 @A: 10 08 04 01 | 12
#1556-d143 @A: 20 06 08 35 | 04
#1557-d143 @A: 02 16 08 20 | 11
#1558-d143 @A: 18 25 08 28 | 01
#1559-d143 @A: 21 32 08 02 | 03
#1560-d143 @A: 03 16 08 21 | 07
#1561-d143 @A: 03 14 06 08 | 08
#1562-d143 @A: 23 08 11 01 | 06
#1563-d143 @A: 33 32 24 08 | 05
#1564-d143 @A: 08 24 01 07 | 09
#1565-d143 @A: 08 26 05 34 | 10
#1566-d143 @A: 31 11 19 08 | 02
#1567-d143 @A: 09 30 26 25 | 12
#1568-d143 @A: 09 01 22 29 | 04
#1569-d143 @A: 09 15 32 20 | 11
#1570-d143 @A: 01 09 35 12 | 01
#1571-d143 @A: 09 01 19 04 | 03
#1572-d143 @A: 18 09 26 20 | 07
#1573-d143 @A: 20 19 03 09 | 08
#1574-d143 @A: 02 09 22 13 | 06
#1575-d143 @A: 17 10 09 11 | 05
#1576-d143 @A: 18 09 21 32 | 09
#1577-d143 @A: 34 22 21 09 | 10
#1578-d143 @A: 23 11 27 09 | 02
#1579-d143 @A: 09 31 34 05 | 12
#1580-d143 @A: 09 32 19 11 | 04
#1581-d143 @A: 02 15 06 30 | 11
#1582-d143 @A: 30 03 35 23 | 01
#1583-d143 @A: 25 30 05 20 | 03
#1584-d143 @A: 02 30 05 28 | 07
#1585-d143 @A: 26 30 22 28 | 08
#1586-d143 @A: 11 31 21 30 | 06
#1587-d143 @A: 33 11 30 03 | 05
#1588-d143 @A: 10 04 26 29 | 09
#1589-d143 @A: 31 29 21 04 | 10
#1590-d143 @A: 19 29 06 04 | 02
#1591-d143 @A: 35 28 33 29 | 12
#1592-d143 @A: 01 23 29 35 | 04
#1593-d143 @A: 25 29 11 07 | 11
#1594-d143 @A: 22 14 29 10 | 01
#1595-d143 @A: 27 10 29 23 | 03
#1596-d143 @A: 10 29 03 11 | 07
#1597-d143 @A: 13 21 24 29 | 08
#1598-d143 @A: 16 29 18 06 | 06
#1599-d143 @A: 05 16 29 19 | 05
#1600-d143 @A: 06 34 23 29 | 09
#1601-d143 @A: 27 29 06 32 | 10
#1602-d143 @A: 04 15 32 28 | 02
#1603-d143 @A: 33 15 34 35 | 12
#1604-d143 @A: 15 19 31 25 | 04
#1605-d143 @A: 01 15 11 25 | 11
#1606-d143 @A: 15 26 18 28 | 01
#1607-d143 @A: 26 15 10 02 | 03
#1608-d143 @A: 24 02 15 27 | 07
#1609-d143 @A: 15 11 05 21 | 08
#1610-d143 @A: 23 15 18 11 | 06
#1611-d143 @A: 11 15 24 16 | 05
#1612-d143 @A: 15 19 23 03 | 09
#1613-d143 @A: 34 27 07 15 | 10
#1614-d143 @A: 15 06 19 05 | 02
#1615-d143 @A: 12 04 20 27 | 12
#1616-d143 @A: 14 10 12 20 | 04
#1617-d143 @A: 11 16 12 25 | 11
#1618-d143 @A: 02 12 07 34 | 01
#1619-d143 @A: 12 32 33 10 | 03
#1620-d143 @A: 12 01 16 27 | 07
#1621-d143 @A: 06 11 14 12 | 08
#1622-d143 @A: 19 14 32 12 | 06
#1623-d143 @A: 11 12 23 31 | 05
#1624-d143 @A: 12 17 05 26 | 09
#1625-d143 @A: 19 26 06 12 | 10
#1626-d143 @A: 04 31 14 35 | 02
#1627-d143 @A: 04 20 10 03 | 12
#1628-d143 @A: 19 04 18 13 | 04
#1629-d143 @A: 04 11 07 16 | 11
#1630-d143 @A: 04 23 05 13 | 01
#1631-d143 @A: 23 32 04 24 | 03
#1632-d143 @A: 33 11 04 24 | 07
#1633-d143 @A: 27 34 04 33 | 08
#1634-d143 @A: 31 04 05 19 | 06
#1635-d143 @A: 17 26 27 04 | 05
#1636-d143 @A: 01 03 06 04 | 09
#1637-d143 @A: 03 18 35 20 | 10
#1638-d143 @A: 07 35 25 03 | 02
#1639-d143 @A: 35 13 07 28 | 12
#1640-d143 @A: 10 02 35 17 | 04
#1641-d143 @A: 35 16 18 19 | 11
#1642-d143 @A: 13 18 35 05 | 01
#1643-d143 @A: 32 23 06 35 | 03
#1644-d143 @A: 19 35 31 24 | 07
#1645-d143 @A: 32 25 01 20 | 08
#1646-d143 @A: 20 28 06 33 | 06
#1647-d143 @A: 24 02 01 20 | 05
#1648-d143 @A: 03 20 34 21 | 09
#1649-d143 @A: 23 18 20 13 | 10
#1650-d143 @A: 19 33 20 22 | 02
#1651-d143 @A: 27 19 23 20 | 12
#1652-d143 @A: 20 17 07 11 | 04
#1653-d143 @A: 14 21 25 06 | 11
#1654-d143 @A: 25 05 18 01 | 01
#1655-d143 @A: 17 25 22 16 | 03
#1656-d143 @A: 25 05 14 17 | 07
#1657-d143 @A: 14 25 07 26 | 08
#1658-d143 @A: 31 03 23 25 | 06
#1659-d143 @A: 18 10 05 28 | 05
#1660-d143 @A: 21 28 26 33 | 09
#1661-d143 @A: 23 14 03 28 | 10
#1662-d143 @A: 28 01 07 33 | 02
#1663-d143 @A: 18 02 14 13 | 12
#1664-d143 @A: 26 14 31 02 | 04
#1665-d143 @A: 02 03 14 17 | 11
#1666-d143 @A: 33 02 31 23 | 01
#1667-d143 @A: 24 03 02 19 | 03
#1668-d143 @A: 31 14 17 10 | 07
#1669-d143 @A: 07 05 10 14 | 08
#1670-d143 @A: 26 03 10 27 | 06
#1671-d143 @A: 05 10 01 26 | 05
#1672-d143 @A: 14 32 05 21 | 09
#1673-d143 @A: 24 21 17 32 | 10
#1674-d143 @A: 24 13 18 16 | 02
#1675-d143 @A: 18 34 23 14 | 12
#1676-d143 @A: 34 27 11 18 | 04
#1677-d143 @A: 03 01 13 16 | 11
#1678-d143 @A: 16 14 06 19 | 01
#1679-d143 @A: 06 27 16 23 | 03
#1680-d143 @A: 07 26 27 16 | 07
#1681-d143 @A: 03 19 16 33 | 08
#1682-d143 @A: 05 03 22 13 | 06
#1683-d143 @A: 26 14 13 03 | 05
#1684-d143 @A: 26 13 34 27 | 09
#1685-d143 @A: 03 23 32 22 | 10
#1686-d143 @A: 22 34 32 05 | 02
#1687-d143 @A: 22 06 05 26 | 12
#1688-d143 @A: 33 32 23 05 | 04
#1689-d143 @A: 33 11 34 26 | 11
