#0001-d226 @A: 26 05 28 02 | 02
#0002-d226 @A: 28 33 11 01 | 06
#0003-d226 @A: 28 24 32 35 | 05
#0004-d226 @A: 13 33 16 28 | 04
#0005-d226 @A: 28 30 13 07 | 07
#0006-d226 @A: 31 24 12 28 | 12
#0007-d226 @A: 31 23 18 28 | 03
#0008-d226 @A: 28 12 10 08 | 11
#0009-d226 @A: 06 23 08 28 | 09
#0010-d226 @A: 29 10 28 19 | 01
#0011-d226 @A: 28 14 11 20 | 08
#0012-d226 @A: 18 25 28 20 | 10
#0013-d226 @A: 06 21 28 10 | 02
#0014-d226 @A: 20 28 29 15 | 06
#0015-d226 @A: 16 15 04 02 | 05
#0016-d226 @A: 22 26 04 02 | 04
#0017-d226 @A: 25 08 01 04 | 07
#0018-d226 @A: 09 35 04 07 | 12
#0019-d226 @A: 35 04 10 11 | 03
#0020-d226 @A: 20 23 04 35 | 11
#0021-d226 @A: 16 08 03 04 | 09
#0022-d226 @A: 04 13 09 16 | 01
#0023-d226 @A: 25 16 04 32 | 08
#0024-d226 @A: 04 17 07 23 | 10
#0025-d226 @A: 34 11 05 04 | 02
#0026-d226 @A: 19 08 22 04 | 06
#0027-d226 @A: 08 04 09 23 | 05
#0028-d226 @A: 14 19 30 04 | 04
#0029-d226 @A: 33 13 12 04 | 07
#0030-d226 @A: 13 04 32 21 | 12
#0031-d226 @A: 11 25 12 04 | 03
#0032-d226 @A: 26 04 03 05 | 11
#0033-d226 @A: 25 33 23 04 | 09
#0034-d226 @A: 04 18 24 26 | 01
#0035-d226 @A: 04 29 21 24 | 08
#0036-d226 @A: 29 04 15 22 | 10
#0037-d226 @A: 14 23 01 02 | 02
#0038-d226 @A: 02 18 35 07 | 06
#0039-d226 @A: 02 35 22 23 | 05
#0040-d226 @A: 02 15 14 31 | 04
#0041-d226 @A: 02 29 34 11 | 07
#0042-d226 @A: 21 02 13 24 | 12
#0043-d226 @A: 26 12 02 24 | 03
#0044-d226 @A: 30 02 12 09 | 11
#0045-d226 @A: 29 03 09 02 | 09
#0046-d226 @A: 25 02 21 20 | 01
#0047-d226 @A: 17 09 02 21 | 08
#0048-d226 @A: 30 18 22 02 | 10
#0049-d226 @A: 29 02 22 21 | 02
#0050-d226 @A: 16 31 29 01 | 06
#0051-d226 @A: 01 13 16 25 | 05
#0052-d226 @A: 01 03 07 27 | 04
#0053-d226 @A: 22 31 01 13 | 07
#0054-d226 @A: 17 01 31 12 | 12
#0055-d226 @A: 01 31 06 11 | 03
#0056-d226 @A: 01 25 31 21 | 11
#0057-d226 @A: 15 01 31 27 | 09
#0058-d226 @A: 11 01 08 17 | 01
#0059-d226 @A: 01 13 21 03 | 08
#0060-d226 @A: 01 33 30 10 | 10
#0061-d226 @A: 01 33 24 18 | 02
#0062-d226 @A: 21 01 29 33 | 06
#0063-d226 @A: 09 10 21 01 | 05
#0064-d226 @A: 10 01 27 18 | 04
#0065-d226 @A: 10 06 01 22 | 07
#0066-d226 @A: 01 26 18 05 | 12
#0067-d226 @A: 35 16 20 18 | 03
#0068-d226 @A: 35 12 07 17 | 11
#0069-d226 @A: 25 12 32 35 | 09
#0070-d226 @A: 03 23 35 18 | 01
#0071-d226 @A: 03 14 21 35 | 08
#0072-d226 @A: 35 09 26 05 | 10
#0073-d226 @A: 34 12 33 16 | 02
#0074-d226 @A: 16 34 03 27 | 06
#0075-d226 @A: 12 21 08 16 | 05
#0076-d226 @A: 25 16 12 14 | 04
#0077-d226 @A: 20 03 32 16 | 07
#0078-d226 @A: 25 17 16 20 | 12
#0079-d226 @A: 27 29 16 24 | 03
#0080-d226 @A: 31 20 32 07 | 11
#0081-d226 @A: 03 34 33 07 | 09
#0082-d226 @A: 13 22 08 07 | 01
#0083-d226 @A: 07 06 13 12 | 08
#0084-d226 @A: 14 25 07 13 | 10
#0085-d226 @A: 32 14 18 07 | 02
#0086-d226 @A: 09 27 14 07 | 06
#0087-d226 @A: 07 15 26 10 | 05
#0088-d226 @A: 24 18 07 20 | 04
#0089-d226 @A: 05 09 07 20 | 07
#0090-d226 @A: 31 12 19 21 | 12
#0091-d226 @A: 23 19 06 31 | 03
#0092-d226 @A: 10 13 11 31 | 11
#0093-d226 @A: 09 03 24 31 | 09
#0094-d226 @A: 17 23 32 31 | 01
#0095-d226 @A: 26 25 31 32 | 08
#0096-d226 @A: 27 25 31 22 | 10
#0097-d226 @A: 18 27 31 20 | 02
#0098-d226 @A: 31 27 29 21 | 06
#0099-d226 @A: 19 11 34 08 | 05
#0100-d226 @A: 34 25 26 10 | 04
#0101-d226 @A: 30 24 17 34 | 07
#0102-d226 @A: 34 29 15 24 | 12
#0103-d226 @A: 21 18 15 34 | 03
#0104-d226 @A: 08 05 14 32 | 11
#0105-d226 @A: 22 27 08 18 | 09
#0106-d226 @A: 05 20 29 08 | 01
#0107-d226 @A: 19 11 23 24 | 08
#0108-d226 @A: 25 22 26 19 | 10
#0109-d226 @A: 24 05 19 21 | 02
#0110-d226 @A: 13 12 22 27 | 06
#0111-d226 @A: 13 03 27 29 | 05
#0112-d226 @A: 14 18 13 30 | 04
#0113-d226 @A: 05 13 27 10 | 07
#0114-d226 @A: 06 10 15 13 | 12
#0115-d226 @A: 17 09 13 29 | 03
#0116-d226 @A: 15 20 13 27 | 11
#0117-d226 @A: 30 20 05 13 | 09
#0118-d226 @A: 21 12 11 22 | 01
#0119-d226 @A: 23 06 12 03 | 08
#0120-d226 @A: 33 03 12 10 | 10
#0121-d226 @A: 23 29 24 12 | 02
#0122-d226 @A: 12 05 24 33 | 06
#0123-d226 @A: 30 18 24 12 | 05
#0124-d226 @A: 14 11 23 03 | 04
#0125-d226 @A: 11 33 29 27 | 07
#0126-d226 @A: 24 26 10 11 | 12
#0127-d226 @A: 22 11 20 06 | 03
#0128-d226 @A: 11 05 21 15 | 11
#0129-d226 @A: 06 11 30 18 | 09
#0130-d226 @A: 24 03 20 25 | 01
#0131-d226 @A: 06 29 03 10 | 08
#0132-d226 @A: 24 33 27 32 | 10
#0133-d226 @A: 27 32 17 06 | 02
#0134-d226 @A: 17 26 05 32 | 06
#0135-d226 @A: 27 30 32 18 | 05
#0136-d226 @A: 14 23 24 22 | 04
#0137-d226 @A: 25 15 23 06 | 07
#0138-d226 @A: 23 20 09 17 | 12
#0139-d226 @A: 23 22 09 18 | 03
#0140-d226 @A: 21 14 25 10 | 11
#0141-d226 @A: 17 06 14 25 | 09
#0142-d226 @A: 14 17 30 09 | 01
#0143-d226 @A: 20 24 14 21 | 08
#0144-d226 @A: 14 22 29 09 | 10
#0145-d226 @A: 05 25 30 26 | 02
#0146-d226 @A: 31 02 07 28 | 06
#0147-d226 @A: 28 02 32 09 | 05
#0148-d226 @A: 01 19 28 30 | 04
#0149-d226 @A: 33 28 35 12 | 07
#0150-d226 @A: 09 19 28 16 | 12
#0151-d226 @A: 28 12 16 20 | 03
#0152-d226 @A: 28 19 07 33 | 11
#0153-d226 @A: 23 29 28 07 | 09
#0154-d226 @A: 19 28 18 34 | 01
#0155-d226 @A: 32 28 34 13 | 08
#0156-d226 @A: 19 24 28 14 | 10
#0157-d226 @A: 28 22 26 17 | 02
#0158-d226 @A: 21 24 30 28 | 06
#0159-d226 @A: 04 07 29 02 | 05
#0160-d226 @A: 20 04 15 01 | 04
#0161-d226 @A: 04 16 30 35 | 07
#0162-d226 @A: 10 07 12 04 | 12
#0163-d226 @A: 09 14 04 31 | 03
#0164-d226 @A: 17 04 08 21 | 11
#0165-d226 @A: 19 04 33 03 | 09
#0166-d226 @A: 26 04 19 10 | 01
#0167-d226 @A: 12 04 32 27 | 08
#0168-d226 @A: 14 12 18 04 | 10
#0169-d226 @A: 15 11 04 23 | 02
#0170-d226 @A: 05 04 32 10 | 06
#0171-d226 @A: 09 04 21 30 | 05
#0172-d226 @A: 15 04 27 06 | 04
#0173-d226 @A: 01 07 02 06 | 07
#0174-d226 @A: 15 02 13 01 | 12
#0175-d226 @A: 33 02 16 14 | 03
#0176-d226 @A: 03 20 02 07 | 11
#0177-d226 @A: 18 31 02 25 | 09
#0178-d226 @A: 12 02 34 17 | 01
#0179-d226 @A: 33 02 23 08 | 08
#0180-d226 @A: 13 02 26 06 | 10
#0181-d226 @A: 05 03 12 02 | 02
#0182-d226 @A: 02 32 26 29 | 06
#0183-d226 @A: 30 17 33 02 | 05
#0184-d226 @A: 20 10 02 05 | 04
#0185-d226 @A: 15 18 02 26 | 07
#0186-d226 @A: 01 13 29 35 | 12
#0187-d226 @A: 35 01 32 21 | 03
#0188-d226 @A: 25 35 01 20 | 11
#0189-d226 @A: 16 01 17 07 | 09
#0190-d226 @A: 14 07 29 01 | 01
#0191-d226 @A: 14 31 01 18 | 08
#0192-d226 @A: 34 01 13 09 | 10
#0193-d226 @A: 34 01 06 27 | 02
#0194-d226 @A: 05 01 14 11 | 06
#0195-d226 @A: 01 25 10 15 | 05
#0196-d226 @A: 17 25 01 26 | 04
#0197-d226 @A: 22 05 01 18 | 07
#0198-d226 @A: 24 34 35 16 | 12
#0199-d226 @A: 19 17 35 16 | 03
#0200-d226 @A: 16 35 11 05 | 11
#0201-d226 @A: 35 14 07 33 | 09
#0202-d226 @A: 35 11 20 31 | 01
#0203-d226 @A: 06 31 21 35 | 08
#0204-d226 @A: 08 23 35 14 | 10
#0205-d226 @A: 35 12 19 06 | 02
#0206-d226 @A: 29 11 12 35 | 06
#0207-d226 @A: 10 12 18 35 | 05
#0208-d226 @A: 20 23 35 26 | 04
#0209-d226 @A: 33 17 18 35 | 07
#0210-d226 @A: 05 10 17 35 | 12
#0211-d226 @A: 35 26 30 15 | 03
#0212-d226 @A: 21 05 18 35 | 11
#0213-d226 @A: 08 16 31 30 | 09
#0214-d226 @A: 17 34 16 14 | 01
#0215-d226 @A: 08 19 16 24 | 08
#0216-d226 @A: 19 10 11 16 | 10
#0217-d226 @A: 16 06 19 03 | 02
#0218-d226 @A: 16 33 19 05 | 06
#0219-d226 @A: 12 16 03 09 | 05
#0220-d226 @A: 16 17 12 18 | 04
#0221-d226 @A: 03 11 16 15 | 07
#0222-d226 @A: 11 29 16 32 | 12
#0223-d226 @A: 18 16 27 25 | 03
#0224-d226 @A: 10 17 16 21 | 11
#0225-d226 @A: 12 24 19 07 | 09
#0226-d226 @A: 17 19 06 07 | 01
#0227-d226 @A: 32 13 07 27 | 08
#0228-d226 @A: 10 13 33 07 | 10
#0229-d226 @A: 20 07 23 11 | 02
#0230-d226 @A: 07 24 30 32 | 06
#0231-d226 @A: 18 07 09 25 | 05
#0232-d226 @A: 27 05 17 07 | 04
#0233-d226 @A: 05 07 18 06 | 07
#0234-d226 @A: 31 11 26 06 | 12
#0235-d226 @A: 21 31 18 22 | 03
#0236-d226 @A: 19 29 34 17 | 11
#0237-d226 @A: 13 34 26 32 | 09
#0238-d226 @A: 24 13 14 34 | 01
#0239-d226 @A: 34 05 12 21 | 08
#0240-d226 @A: 34 26 23 11 | 10
#0241-d226 @A: 23 08 19 05 | 02
#0242-d226 @A: 23 13 29 08 | 06
#0243-d226 @A: 22 20 14 08 | 05
#0244-d226 @A: 08 33 26 27 | 04
#0245-d226 @A: 25 20 08 27 | 07
#0246-d226 @A: 17 10 08 06 | 12
#0247-d226 @A: 08 24 10 20 | 03
#0248-d226 @A: 09 08 22 15 | 11
#0249-d226 @A: 29 08 22 26 | 09
#0250-d226 @A: 11 06 13 19 | 01
#0251-d226 @A: 12 09 19 10 | 08
#0252-d226 @A: 26 12 19 27 | 10
#0253-d226 @A: 26 32 03 19 | 02
#0254-d226 @A: 15 19 33 27 | 06
#0255-d226 @A: 27 25 19 09 | 05
#0256-d226 @A: 05 17 19 18 | 04
#0257-d226 @A: 24 06 19 15 | 07
#0258-d226 @A: 09 05 30 19 | 12
#0259-d226 @A: 29 19 22 27 | 03
#0260-d226 @A: 19 21 27 30 | 11
#0261-d226 @A: 24 10 13 25 | 09
#0262-d226 @A: 24 25 26 13 | 01
#0263-d226 @A: 17 27 12 15 | 08
#0264-d226 @A: 03 30 27 11 | 10
#0265-d226 @A: 17 11 21 27 | 02
#0266-d226 @A: 09 11 29 15 | 06
#0267-d226 @A: 25 33 03 17 | 05
#0268-d226 @A: 25 30 06 03 | 04
#0269-d226 @A: 20 10 30 03 | 07
#0270-d226 @A: 24 03 18 21 | 12
#0271-d226 @A: 03 30 22 15 | 03
#0272-d226 @A: 09 33 32 18 | 11
#0273-d226 @A: 32 22 33 30 | 09
#0274-d226 @A: 15 17 18 32 | 01
#0275-d226 @A: 20 09 32 06 | 08
#0276-d226 @A: 23 18 17 25 | 10
#0277-d226 @A: 25 24 23 09 | 02
#0278-d226 @A: 18 23 10 15 | 06
#0279-d226 @A: 18 06 23 24 | 05
#0280-d226 @A: 27 06 20 23 | 04
#0281-d226 @A: 23 26 15 27 | 07
#0282-d226 @A: 22 15 25 14 | 12
#0283-d226 @A: 06 27 21 14 | 03
#0284-d226 @A: 29 25 27 26 | 11
#0285-d226 @A: 28 18 10 04 | 09
#0286-d226 @A: 28 13 17 01 | 01
#0287-d226 @A: 01 28 15 26 | 08
#0288-d226 @A: 03 16 05 28 | 10
#0289-d226 @A: 22 17 28 07 | 02
#0290-d226 @A: 27 31 19 28 | 06
#0291-d226 @A: 22 34 29 28 | 05
#0292-d226 @A: 28 08 13 20 | 04
#0293-d226 @A: 08 28 27 14 | 07
#0294-d226 @A: 28 32 11 18 | 12
#0295-d226 @A: 26 33 28 11 | 03
#0296-d226 @A: 10 25 28 22 | 11
#0297-d226 @A: 29 28 25 09 | 09
#0298-d226 @A: 34 02 10 04 | 01
#0299-d226 @A: 04 01 11 30 | 08
#0300-d226 @A: 11 04 33 16 | 10
#0301-d226 @A: 07 19 32 04 | 02
#0302-d226 @A: 15 04 24 07 | 06
#0303-d226 @A: 33 04 14 34 | 05
#0304-d226 @A: 06 26 04 08 | 04
#0305-d226 @A: 20 04 19 12 | 07
#0306-d226 @A: 04 09 29 19 | 12
#0307-d226 @A: 05 29 04 13 | 03
#0308-d226 @A: 03 04 14 24 | 11
#0309-d226 @A: 30 20 04 29 | 09
#0310-d226 @A: 01 31 02 20 | 01
#0311-d226 @A: 02 32 01 24 | 08
#0312-d226 @A: 34 09 35 02 | 10
#0313-d226 @A: 35 21 02 19 | 02
#0314-d226 @A: 32 33 02 07 | 06
#0315-d226 @A: 34 15 03 02 | 05
#0316-d226 @A: 14 02 18 08 | 04
#0317-d226 @A: 23 25 02 12 | 07
#0318-d226 @A: 33 11 20 02 | 12
#0319-d226 @A: 10 02 23 06 | 03
#0320-d226 @A: 02 29 24 10 | 11
#0321-d226 @A: 27 17 02 26 | 09
#0322-d226 @A: 27 24 02 06 | 01
#0323-d226 @A: 18 15 29 02 | 08
#0324-d226 @A: 03 01 35 17 | 10
#0325-d226 @A: 21 34 16 01 | 02
#0326-d226 @A: 32 07 25 01 | 06
#0327-d226 @A: 11 01 15 34 | 05
#0328-d226 @A: 29 01 08 18 | 04
#0329-d226 @A: 25 19 23 01 | 07
#0330-d226 @A: 01 13 33 32 | 12
#0331-d226 @A: 25 09 12 01 | 03
#0332-d226 @A: 12 27 30 01 | 11
#0333-d226 @A: 03 33 01 22 | 09
#0334-d226 @A: 15 01 32 14 | 01
#0335-d226 @A: 01 17 06 29 | 08
#0336-d226 @A: 24 01 20 09 | 10
#0337-d226 @A: 30 27 26 01 | 02
#0338-d226 @A: 21 05 30 01 | 06
#0339-d226 @A: 07 34 35 11 | 05
#0340-d226 @A: 25 07 08 35 | 04
#0341-d226 @A: 30 35 07 05 | 07
#0342-d226 @A: 18 34 14 35 | 12
#0343-d226 @A: 19 20 03 35 | 03
#0344-d226 @A: 35 23 21 13 | 11
#0345-d226 @A: 10 29 35 33 | 09
#0346-d226 @A: 22 29 17 35 | 01
#0347-d226 @A: 22 35 27 30 | 08
#0348-d226 @A: 06 20 35 29 | 10
#0349-d226 @A: 35 15 29 05 | 02
#0350-d226 @A: 16 25 07 31 | 06
#0351-d226 @A: 32 16 19 34 | 05
#0352-d226 @A: 24 11 12 16 | 04
#0353-d226 @A: 25 33 09 16 | 07
#0354-d226 @A: 33 15 16 30 | 12
#0355-d226 @A: 20 16 15 10 | 03
#0356-d226 @A: 22 20 30 16 | 11
#0357-d226 @A: 22 07 19 31 | 09
#0358-d226 @A: 12 18 34 07 | 01
#0359-d226 @A: 07 17 34 20 | 08
#0360-d226 @A: 29 07 05 34 | 10
#0361-d226 @A: 19 07 03 30 | 02
#0362-d226 @A: 06 30 20 07 | 06
#0363-d226 @A: 19 31 10 08 | 05
#0364-d226 @A: 30 26 31 08 | 04
#0365-d226 @A: 11 31 21 32 | 07
#0366-d226 @A: 31 26 14 06 | 12
#0367-d226 @A: 26 09 21 31 | 03
#0368-d226 @A: 30 19 13 34 | 11
#0369-d226 @A: 19 34 23 20 | 09
#0370-d226 @A: 25 34 11 13 | 01
#0371-d226 @A: 13 10 34 21 | 08
#0372-d226 @A: 22 23 11 34 | 10
#0373-d226 @A: 23 09 15 34 | 02
#0374-d226 @A: 34 25 21 33 | 06
#0375-d226 @A: 34 10 09 20 | 05
#0376-d226 @A: 29 09 34 06 | 04
#0377-d226 @A: 34 15 20 22 | 07
#0378-d226 @A: 19 32 08 09 | 12
#0379-d226 @A: 15 12 13 08 | 03
#0380-d226 @A: 03 26 08 13 | 11
#0381-d226 @A: 14 03 08 30 | 09
#0382-d226 @A: 32 27 08 29 | 01
#0383-d226 @A: 15 08 17 20 | 08
#0384-d226 @A: 12 19 03 27 | 10
#0385-d226 @A: 17 24 33 19 | 02
#0386-d226 @A: 15 30 25 19 | 06
#0387-d226 @A: 30 19 17 20 | 05
#0388-d226 @A: 21 19 29 06 | 04
#0389-d226 @A: 13 03 32 15 | 07
#0390-d226 @A: 09 18 06 13 | 12
#0391-d226 @A: 15 12 10 26 | 03
#0392-d226 @A: 05 22 20 12 | 11
#0393-d226 @A: 05 11 03 06 | 09
#0394-d226 @A: 11 33 25 24 | 01
#0395-d226 @A: 10 21 11 33 | 08
#0396-d226 @A: 11 33 06 15 | 10
#0397-d226 @A: 27 09 22 11 | 02
#0398-d226 @A: 03 26 10 30 | 06
#0399-d226 @A: 15 09 17 03 | 05
#0400-d226 @A: 17 03 20 06 | 04
#0401-d226 @A: 03 20 15 18 | 07
#0402-d226 @A: 14 23 05 06 | 12
#0403-d226 @A: 33 10 23 24 | 03
#0404-d226 @A: 20 23 18 33 | 11
#0405-d226 @A: 09 05 10 23 | 09
#0406-d226 @A: 21 10 23 29 | 01
#0407-d226 @A: 23 29 05 26 | 08
#0408-d226 @A: 33 30 14 24 | 10
#0409-d226 @A: 27 33 22 14 | 02
#0410-d226 @A: 18 33 26 14 | 06
#0411-d226 @A: 14 29 17 27 | 05
#0412-d226 @A: 10 26 33 20 | 04
#0413-d226 @A: 05 06 26 10 | 07
#0414-d226 @A: 26 27 22 21 | 12
#0415-d226 @A: 04 19 13 28 | 03
#0416-d226 @A: 02 28 34 06 | 11
#0417-d226 @A: 28 12 19 02 | 09
#0418-d226 @A: 28 01 34 05 | 01
#0419-d226 @A: 01 03 28 20 | 08
#0420-d226 @A: 35 07 03 28 | 10
#0421-d226 @A: 26 28 16 06 | 02
#0422-d226 @A: 28 24 31 26 | 06
#0423-d226 @A: 11 34 10 28 | 05
#0424-d226 @A: 28 13 03 06 | 04
#0425-d226 @A: 28 17 32 12 | 07
#0426-d226 @A: 06 28 15 17 | 12
#0427-d226 @A: 13 02 22 04 | 03
#0428-d226 @A: 02 32 04 30 | 11
#0429-d226 @A: 24 04 13 01 | 09
#0430-d226 @A: 35 21 26 04 | 01
#0431-d226 @A: 14 16 04 10 | 08
#0432-d226 @A: 20 04 07 14 | 10
#0433-d226 @A: 31 27 34 04 | 02
#0434-d226 @A: 12 06 31 04 | 06
#0435-d226 @A: 04 08 24 34 | 05
#0436-d226 @A: 22 18 04 34 | 04
#0437-d226 @A: 12 23 04 22 | 07
#0438-d226 @A: 04 03 10 15 | 12
#0439-d226 @A: 04 06 22 32 | 03
#0440-d226 @A: 15 04 09 25 | 11
#0441-d226 @A: 27 04 09 18 | 09
#0442-d226 @A: 27 04 05 21 | 01
#0443-d226 @A: 01 08 26 02 | 08
#0444-d226 @A: 19 05 01 02 | 10
#0445-d226 @A: 31 35 02 24 | 02
#0446-d226 @A: 35 02 13 30 | 06
#0447-d226 @A: 35 10 26 02 | 05
#0448-d226 @A: 02 34 20 16 | 04
#0449-d226 @A: 02 07 25 26 | 07
#0450-d226 @A: 02 12 10 31 | 12
#0451-d226 @A: 34 32 22 02 | 03
#0452-d226 @A: 02 08 19 17 | 11
#0453-d226 @A: 32 18 02 03 | 09
#0454-d226 @A: 33 21 02 06 | 01
#0455-d226 @A: 17 02 05 24 | 08
#0456-d226 @A: 09 02 20 15 | 10
#0457-d226 @A: 22 02 15 27 | 02
#0458-d226 @A: 24 12 35 01 | 06
#0459-d226 @A: 01 15 16 19 | 05
#0460-d226 @A: 01 07 34 31 | 04
#0461-d226 @A: 32 07 01 26 | 07
#0462-d226 @A: 23 34 01 18 | 12
#0463-d226 @A: 01 08 13 30 | 03
#0464-d226 @A: 01 08 15 06 | 11
#0465-d226 @A: 01 13 11 18 | 09
#0466-d226 @A: 13 01 17 26 | 01
#0467-d226 @A: 11 01 03 12 | 08
#0468-d226 @A: 05 10 01 24 | 10
#0469-d226 @A: 13 35 16 26 | 02
#0470-d226 @A: 22 35 16 12 | 06
#0471-d226 @A: 24 35 13 07 | 05
#0472-d226 @A: 26 27 35 07 | 04
#0473-d226 @A: 26 35 17 31 | 07
#0474-d226 @A: 05 34 35 23 | 12
#0475-d226 @A: 35 08 18 13 | 03
#0476-d226 @A: 05 19 32 35 | 11
#0477-d226 @A: 11 13 35 32 | 09
#0478-d226 @A: 25 15 03 35 | 01
#0479-d226 @A: 33 32 35 26 | 08
#0480-d226 @A: 24 15 35 09 | 10
#0481-d226 @A: 30 29 35 18 | 02
#0482-d226 @A: 07 13 19 16 | 06
#0483-d226 @A: 16 22 07 11 | 05
#0484-d226 @A: 14 16 07 05 | 04
#0485-d226 @A: 34 26 05 16 | 07
#0486-d226 @A: 17 08 16 33 | 12
#0487-d226 @A: 27 16 19 14 | 03
#0488-d226 @A: 20 13 16 14 | 11
#0489-d226 @A: 13 17 06 16 | 09
#0490-d226 @A: 06 32 16 12 | 01
#0491-d226 @A: 26 03 20 16 | 08
#0492-d226 @A: 24 16 10 32 | 10
#0493-d226 @A: 22 16 29 33 | 02
#0494-d226 @A: 05 16 18 10 | 06
#0495-d226 @A: 27 16 26 18 | 05
#0496-d226 @A: 16 18 15 22 | 04
#0497-d226 @A: 29 07 08 11 | 07
#0498-d226 @A: 14 23 07 19 | 12
#0499-d226 @A: 33 07 06 29 | 03
#0500-d226 @A: 27 07 06 10 | 11
#0501-d226 @A: 09 24 07 29 | 09
#0502-d226 @A: 22 29 07 18 | 01
#0503-d226 @A: 31 23 08 25 | 08
#0504-d226 @A: 31 12 25 15 | 10
#0505-d226 @A: 31 15 10 09 | 02
#0506-d226 @A: 24 20 31 17 | 06
#0507-d226 @A: 18 29 31 09 | 05
#0508-d226 @A: 22 06 31 15 | 04
#0509-d226 @A: 23 08 17 34 | 07
#0510-d226 @A: 34 25 08 14 | 12
#0511-d226 @A: 14 34 19 05 | 03
#0512-d226 @A: 27 14 11 34 | 11
#0513-d226 @A: 34 15 10 17 | 09
#0514-d226 @A: 29 10 34 18 | 01
#0515-d226 @A: 15 06 05 34 | 08
#0516-d226 @A: 21 34 26 15 | 10
#0517-d226 @A: 19 08 13 21 | 02
#0518-d226 @A: 25 08 19 06 | 06
#0519-d226 @A: 24 14 12 08 | 05
#0520-d226 @A: 11 14 08 09 | 04
#0521-d226 @A: 20 08 32 26 | 07
#0522-d226 @A: 13 09 24 19 | 12
#0523-d226 @A: 19 14 12 17 | 03
#0524-d226 @A: 11 27 19 32 | 11
#0525-d226 @A: 11 14 19 33 | 09
#0526-d226 @A: 03 24 32 19 | 01
#0527-d226 @A: 19 14 32 06 | 08
#0528-d226 @A: 24 26 19 09 | 10
#0529-d226 @A: 20 24 27 19 | 02
#0530-d226 @A: 17 12 23 13 | 06
#0531-d226 @A: 09 13 23 11 | 05
#0532-d226 @A: 14 27 13 26 | 04
#0533-d226 @A: 13 05 33 18 | 07
#0534-d226 @A: 21 13 33 30 | 12
#0535-d226 @A: 13 29 06 30 | 03
#0536-d226 @A: 26 13 21 29 | 11
#0537-d226 @A: 23 12 11 18 | 09
#0538-d226 @A: 11 15 12 14 | 01
#0539-d226 @A: 32 12 03 21 | 08
#0540-d226 @A: 22 12 25 06 | 10
#0541-d226 @A: 20 10 17 12 | 02
#0542-d226 @A: 21 29 12 09 | 06
#0543-d226 @A: 20 27 12 21 | 05
#0544-d226 @A: 23 25 32 11 | 04
#0545-d226 @A: 27 11 10 20 | 07
#0546-d226 @A: 26 11 05 15 | 12
#0547-d226 @A: 20 03 05 23 | 03
#0548-d226 @A: 30 33 29 03 | 11
#0549-d226 @A: 17 10 24 03 | 09
#0550-d226 @A: 09 03 10 18 | 01
#0551-d226 @A: 18 29 17 03 | 08
#0552-d226 @A: 03 27 09 20 | 10
#0553-d226 @A: 32 17 33 29 | 02
#0554-d226 @A: 09 32 25 30 | 06
#0555-d226 @A: 26 27 10 32 | 05
#0556-d226 @A: 26 24 32 21 | 04
#0557-d226 @A: 32 09 29 05 | 07
#0558-d226 @A: 23 33 15 14 | 12
#0559-d226 @A: 14 21 15 17 | 03
#0560-d226 @A: 30 14 29 21 | 11
#0561-d226 @A: 20 17 15 26 | 09
#0562-d226 @A: 09 26 22 20 | 01
#0563-d226 @A: 23 05 28 04 | 08
#0564-d226 @A: 09 35 28 20 | 10
#0565-d226 @A: 31 28 21 13 | 02
#0566-d226 @A: 25 28 31 11 | 06
#0567-d226 @A: 28 08 26 17 | 05
#0568-d226 @A: 15 28 11 19 | 04
#0569-d226 @A: 10 28 17 33 | 07
#0570-d226 @A: 28 18 33 30 | 12
#0571-d226 @A: 29 28 17 21 | 03
#0572-d226 @A: 22 28 15 24 | 11
#0573-d226 @A: 15 30 09 28 | 09
#0574-d226 @A: 17 02 31 04 | 01
#0575-d226 @A: 24 04 12 02 | 08
#0576-d226 @A: 01 04 03 06 | 10
#0577-d226 @A: 04 01 23 29 | 02
#0578-d226 @A: 07 33 08 04 | 06
#0579-d226 @A: 04 07 11 06 | 05
#0580-d226 @A: 03 04 07 05 | 04
#0581-d226 @A: 22 07 04 21 | 07
#0582-d226 @A: 26 31 13 04 | 12
#0583-d226 @A: 27 23 04 19 | 03
#0584-d226 @A: 13 04 11 27 | 11
#0585-d226 @A: 11 26 04 17 | 09
#0586-d226 @A: 04 03 32 09 | 01
#0587-d226 @A: 14 29 04 32 | 08
#0588-d226 @A: 21 20 10 04 | 10
#0589-d226 @A: 17 22 04 30 | 02
#0590-d226 @A: 24 04 05 09 | 06
#0591-d226 @A: 15 30 04 18 | 05
#0592-d226 @A: 12 29 02 01 | 04
#0593-d226 @A: 35 29 02 16 | 07
#0594-d226 @A: 02 21 03 16 | 12
#0595-d226 @A: 17 13 02 07 | 03
#0596-d226 @A: 07 05 02 21 | 11
#0597-d226 @A: 02 22 31 08 | 09
#0598-d226 @A: 08 02 29 30 | 01
#0599-d226 @A: 33 12 18 02 | 08
#0600-d226 @A: 11 17 02 32 | 10
#0601-d226 @A: 02 30 03 24 | 02
#0602-d226 @A: 02 10 18 21 | 06
#0603-d226 @A: 02 06 05 29 | 05
#0604-d226 @A: 35 01 10 07 | 04
#0605-d226 @A: 19 01 31 24 | 07
#0606-d226 @A: 09 01 33 31 | 12
#0607-d226 @A: 01 24 23 08 | 03
#0608-d226 @A: 22 14 01 19 | 11
#0609-d226 @A: 12 01 23 21 | 09
#0610-d226 @A: 11 25 22 01 | 01
#0611-d226 @A: 01 29 20 10 | 08
#0612-d226 @A: 05 01 27 29 | 10
#0613-d226 @A: 01 15 21 22 | 02
#0614-d226 @A: 31 27 35 07 | 06
#0615-d226 @A: 15 07 20 35 | 05
#0616-d226 @A: 18 35 19 31 | 04
#0617-d226 @A: 18 09 35 11 | 07
#0618-d226 @A: 35 21 24 33 | 12
#0619-d226 @A: 35 10 24 06 | 03
#0620-d226 @A: 10 27 35 21 | 11
#0621-d226 @A: 26 29 35 22 | 09
#0622-d226 @A: 31 34 16 10 | 01
#0623-d226 @A: 15 13 16 34 | 08
#0624-d226 @A: 08 20 16 11 | 10
#0625-d226 @A: 11 26 16 32 | 02
#0626-d226 @A: 32 17 22 16 | 06
#0627-d226 @A: 16 24 15 25 | 05
#0628-d226 @A: 16 21 30 25 | 04
#0629-d226 @A: 22 16 30 26 | 07
#0630-d226 @A: 07 19 34 15 | 12
#0631-d226 @A: 08 14 17 07 | 03
#0632-d226 @A: 07 26 19 24 | 11
#0633-d226 @A: 11 13 07 15 | 09
#0634-d226 @A: 07 20 21 13 | 01
#0635-d226 @A: 23 07 22 03 | 08
#0636-d226 @A: 09 33 17 07 | 10
#0637-d226 @A: 22 25 20 07 | 02
#0638-d226 @A: 15 05 07 25 | 06
#0639-d226 @A: 07 06 21 25 | 05
#0640-d226 @A: 07 10 17 18 | 04
#0641-d226 @A: 34 31 12 22 | 07
#0642-d226 @A: 19 15 03 31 | 12
#0643-d226 @A: 10 27 31 32 | 03
#0644-d226 @A: 20 31 15 30 | 11
#0645-d226 @A: 31 05 22 29 | 09
#0646-d226 @A: 13 08 05 34 | 01
#0647-d226 @A: 06 34 08 12 | 08
#0648-d226 @A: 22 06 34 19 | 10
#0649-d226 @A: 03 13 34 22 | 02
#0650-d226 @A: 34 32 09 14 | 06
#0651-d226 @A: 20 34 25 06 | 05
#0652-d226 @A: 30 25 18 34 | 04
#0653-d226 @A: 26 17 24 34 | 07
#0654-d226 @A: 11 08 24 13 | 12
#0655-d226 @A: 17 25 08 12 | 03
#0656-d226 @A: 27 03 21 08 | 11
#0657-d226 @A: 08 23 10 22 | 09
#0658-d226 @A: 10 33 08 25 | 01
#0659-d226 @A: 10 26 08 09 | 08
#0660-d226 @A: 22 05 08 17 | 10
#0661-d226 @A: 13 19 25 12 | 02
#0662-d226 @A: 13 19 05 03 | 06
#0663-d226 @A: 12 19 32 30 | 05
#0664-d226 @A: 30 24 19 29 | 04
#0665-d226 @A: 12 13 21 14 | 07
#0666-d226 @A: 20 11 13 03 | 12
#0667-d226 @A: 33 21 26 13 | 03
#0668-d226 @A: 06 25 05 13 | 11
#0669-d226 @A: 10 13 17 30 | 09
#0670-d226 @A: 12 21 17 33 | 01
#0671-d226 @A: 10 12 30 21 | 08
#0672-d226 @A: 06 12 17 30 | 10
#0673-d226 @A: 20 12 24 06 | 02
#0674-d226 @A: 10 11 25 09 | 06
#0675-d226 @A: 25 05 30 11 | 05
#0676-d226 @A: 30 10 15 11 | 04
#0677-d226 @A: 06 03 33 09 | 07
#0678-d226 @A: 25 24 32 29 | 12
#0679-d226 @A: 27 15 05 14 | 03
#0680-d226 @A: 06 20 15 14 | 11
#0681-d226 @A: 28 35 04 06 | 09
#0682-d226 @A: 15 28 04 08 | 01
#0683-d226 @A: 11 28 02 22 | 08
#0684-d226 @A: 28 33 03 02 | 10
#0685-d226 @A: 19 35 25 28 | 02
#0686-d226 @A: 32 07 28 16 | 06
#0687-d226 @A: 18 28 08 07 | 05
#0688-d226 @A: 28 05 07 24 | 04
#0689-d226 @A: 34 28 15 33 | 07
#0690-d226 @A: 12 28 15 03 | 12
#0691-d226 @A: 28 30 22 12 | 03
#0692-d226 @A: 03 10 27 28 | 11
#0693-d226 @A: 21 33 23 28 | 09
#0694-d226 @A: 21 25 15 28 | 01
#0695-d226 @A: 27 29 06 28 | 08
#0696-d226 @A: 04 20 08 02 | 10
#0697-d226 @A: 12 16 01 04 | 02
#0698-d226 @A: 01 34 17 04 | 06
#0699-d226 @A: 34 35 29 04 | 05
#0700-d226 @A: 35 04 15 14 | 04
#0701-d226 @A: 21 04 16 31 | 07
#0702-d226 @A: 07 04 30 26 | 12
#0703-d226 @A: 04 18 31 24 | 03
#0704-d226 @A: 04 20 13 06 | 11
#0705-d226 @A: 12 04 20 26 | 09
#0706-d226 @A: 14 04 27 25 | 01
#0707-d226 @A: 20 09 33 04 | 08
#0708-d226 @A: 04 10 17 25 | 10
#0709-d226 @A: 18 01 02 09 | 02
#0710-d226 @A: 35 33 05 02 | 06
#0711-d226 @A: 32 27 16 02 | 05
#0712-d226 @A: 19 07 02 09 | 04
#0713-d226 @A: 02 31 29 19 | 07
#0714-d226 @A: 02 31 27 33 | 12
#0715-d226 @A: 02 27 08 34 | 03
#0716-d226 @A: 14 02 21 34 | 11
#0717-d226 @A: 22 03 02 19 | 09
#0718-d226 @A: 12 32 20 02 | 01
#0719-d226 @A: 21 23 02 11 | 08
#0720-d226 @A: 33 02 25 22 | 10
#0721-d226 @A: 30 10 02 25 | 02
#0722-d226 @A: 09 25 06 02 | 06
#0723-d226 @A: 27 29 02 25 | 05
#0724-d226 @A: 10 27 09 02 | 04
#0725-d226 @A: 29 17 02 20 | 07
#0726-d226 @A: 21 20 26 02 | 12
#0727-d226 @A: 35 27 14 01 | 03
#0728-d226 @A: 16 18 32 01 | 11
#0729-d226 @A: 23 07 01 33 | 09
#0730-d226 @A: 12 19 01 34 | 01
#0731-d226 @A: 29 11 19 01 | 08
#0732-d226 @A: 01 13 14 06 | 10
#0733-d226 @A: 03 23 01 09 | 02
#0734-d226 @A: 10 14 01 26 | 06
#0735-d226 @A: 01 05 25 33 | 05
#0736-d226 @A: 01 27 33 20 | 04
#0737-d226 @A: 25 30 17 01 | 07
#0738-d226 @A: 24 01 29 22 | 12
#0739-d226 @A: 01 15 09 05 | 03
#0740-d226 @A: 16 35 03 13 | 11
#0741-d226 @A: 35 31 12 03 | 09
#0742-d226 @A: 34 35 10 25 | 01
#0743-d226 @A: 19 08 30 35 | 08
#0744-d226 @A: 22 19 35 11 | 10
#0745-d226 @A: 35 12 09 14 | 02
#0746-d226 @A: 05 35 12 27 | 06
#0747-d226 @A: 30 21 11 35 | 05
#0748-d226 @A: 16 05 25 34 | 04
#0749-d226 @A: 26 08 16 25 | 07
#0750-d226 @A: 26 16 19 17 | 12
#0751-d226 @A: 16 12 26 29 | 03
#0752-d226 @A: 14 18 11 16 | 11
#0753-d226 @A: 16 30 03 23 | 09
#0754-d226 @A: 10 21 16 26 | 01
#0755-d226 @A: 09 17 16 24 | 08
#0756-d226 @A: 16 22 06 27 | 10
#0757-d226 @A: 07 12 09 31 | 02
#0758-d226 @A: 07 33 31 24 | 06
#0759-d226 @A: 07 03 12 25 | 05
#0760-d226 @A: 29 12 32 07 | 04
#0761-d226 @A: 09 34 31 19 | 07
#0762-d226 @A: 31 18 34 03 | 12
#0763-d226 @A: 13 14 27 31 | 03
#0764-d226 @A: 30 31 12 33 | 11
#0765-d226 @A: 17 15 11 31 | 09
#0766-d226 @A: 30 14 32 31 | 01
#0767-d226 @A: 05 31 14 20 | 08
#0768-d226 @A: 25 31 17 09 | 10
#0769-d226 @A: 24 32 12 34 | 02
#0770-d226 @A: 27 23 34 12 | 06
#0771-d226 @A: 34 32 05 03 | 05
#0772-d226 @A: 32 34 20 27 | 04
#0773-d226 @A: 34 33 20 29 | 07
#0774-d226 @A: 25 34 22 09 | 12
#0775-d226 @A: 34 05 27 24 | 03
#0776-d226 @A: 27 34 30 29 | 11
#0777-d226 @A: 20 21 30 34 | 09
#0778-d226 @A: 22 34 05 30 | 01
#0779-d226 @A: 08 29 33 19 | 08
#0780-d226 @A: 08 32 12 33 | 10
#0781-d226 @A: 18 15 11 08 | 02
#0782-d226 @A: 06 03 32 08 | 06
#0783-d226 @A: 03 23 15 08 | 05
#0784-d226 @A: 08 15 29 25 | 04
#0785-d226 @A: 05 21 08 10 | 07
#0786-d226 @A: 08 29 17 24 | 12
#0787-d226 @A: 24 08 05 06 | 03
#0788-d226 @A: 08 20 21 18 | 11
#0789-d226 @A: 19 33 22 13 | 09
#0790-d226 @A: 17 21 25 19 | 01
#0791-d226 @A: 19 05 29 25 | 08
#0792-d226 @A: 27 10 17 19 | 10
#0793-d226 @A: 06 27 05 19 | 02
#0794-d226 @A: 26 15 29 19 | 06
#0795-d226 @A: 13 23 05 32 | 05
#0796-d226 @A: 22 10 13 18 | 04
#0797-d226 @A: 13 15 24 17 | 07
#0798-d226 @A: 18 20 17 13 | 12
#0799-d226 @A: 13 24 30 22 | 03
#0800-d226 @A: 13 21 06 22 | 11
#0801-d226 @A: 29 33 25 12 | 09
#0802-d226 @A: 30 15 29 12 | 01
#0803-d226 @A: 32 33 03 11 | 08
#0804-d226 @A: 18 25 11 03 | 10
#0805-d226 @A: 22 15 32 11 | 02
#0806-d226 @A: 25 06 11 27 | 06
#0807-d226 @A: 17 05 11 20 | 05
#0808-d226 @A: 17 30 21 03 | 04
#0809-d226 @A: 24 03 22 26 | 07
#0810-d226 @A: 06 10 32 33 | 12
#0811-d226 @A: 32 24 22 09 | 03
#0812-d226 @A: 15 24 20 32 | 11
#0813-d226 @A: 05 25 21 23 | 09
#0814-d226 @A: 23 06 30 09 | 01
#0815-d226 @A: 27 23 05 22 | 08
#0816-d226 @A: 05 18 23 29 | 10
#0817-d226 @A: 20 33 17 14 | 02
#0818-d226 @A: 25 20 09 14 | 06
#0819-d226 @A: 27 24 10 14 | 05
#0820-d226 @A: 18 10 14 20 | 04
#0821-d226 @A: 24 06 14 09 | 07
#0822-d226 @A: 14 20 30 27 | 12
#0823-d226 @A: 33 17 26 30 | 03
#0824-d226 @A: 26 24 29 30 | 11
#0825-d226 @A: 28 32 33 04 | 09
#0826-d226 @A: 02 28 24 08 | 01
#0827-d226 @A: 12 06 01 28 | 08
#0828-d226 @A: 13 22 28 35 | 10
#0829-d226 @A: 10 28 30 16 | 02
#0830-d226 @A: 30 28 34 31 | 06
#0831-d226 @A: 28 09 08 34 | 05
#0832-d226 @A: 03 34 28 17 | 04
#0833-d226 @A: 20 28 34 26 | 07
#0834-d226 @A: 05 19 28 22 | 12
#0835-d226 @A: 28 09 13 05 | 03
#0836-d226 @A: 27 11 28 12 | 11
#0837-d226 @A: 09 28 12 23 | 09
#0838-d226 @A: 28 11 21 03 | 01
#0839-d226 @A: 28 23 30 11 | 08
#0840-d226 @A: 28 17 05 25 | 10
#0841-d226 @A: 28 26 27 09 | 02
#0842-d226 @A: 27 22 28 21 | 06
#0843-d226 @A: 28 21 26 18 | 05
#0844-d226 @A: 19 02 04 06 | 04
#0845-d226 @A: 01 35 05 04 | 07
#0846-d226 @A: 01 14 04 21 | 12
#0847-d226 @A: 35 24 19 04 | 03
#0848-d226 @A: 35 03 22 04 | 11
#0849-d226 @A: 19 18 16 04 | 09
#0850-d226 @A: 13 04 07 34 | 01
#0851-d226 @A: 29 04 31 08 | 08
#0852-d226 @A: 34 19 04 25 | 10
#0853-d226 @A: 04 32 15 34 | 02
#0854-d226 @A: 11 32 08 04 | 06
#0855-d226 @A: 18 04 08 05 | 05
#0856-d226 @A: 14 13 23 04 | 04
#0857-d226 @A: 05 12 04 15 | 07
#0858-d226 @A: 17 14 04 11 | 12
#0859-d226 @A: 25 04 29 06 | 03
#0860-d226 @A: 01 02 10 17 | 11
#0861-d226 @A: 02 08 35 12 | 09
#0862-d226 @A: 03 35 10 02 | 01
#0863-d226 @A: 02 16 24 18 | 08
#0864-d226 @A: 02 22 07 12 | 10
#0865-d226 @A: 34 31 05 02 | 02
#0866-d226 @A: 09 23 02 31 | 06
#0867-d226 @A: 08 13 06 02 | 05
#0868-d226 @A: 02 23 19 15 | 04
#0869-d226 @A: 19 02 24 25 | 07
#0870-d226 @A: 02 13 09 14 | 12
#0871-d226 @A: 27 12 02 14 | 03
#0872-d226 @A: 14 11 26 02 | 11
#0873-d226 @A: 27 30 05 02 | 09
#0874-d226 @A: 01 23 35 15 | 01
#0875-d226 @A: 16 01 08 05 | 08
#0876-d226 @A: 16 20 23 01 | 10
#0877-d226 @A: 07 01 12 20 | 02
#0878-d226 @A: 34 01 08 33 | 06
#0879-d226 @A: 34 01 10 32 | 05
#0880-d226 @A: 01 34 25 29 | 04
#0881-d226 @A: 27 08 19 01 | 07
#0882-d226 @A: 19 13 01 20 | 12
#0883-d226 @A: 19 01 03 18 | 03
#0884-d226 @A: 19 17 32 01 | 11
#0885-d226 @A: 23 13 01 27 | 09
#0886-d226 @A: 33 26 01 12 | 01
#0887-d226 @A: 35 06 14 16 | 08
#0888-d226 @A: 35 08 33 09 | 10
#0889-d226 @A: 35 21 15 08 | 02
#0890-d226 @A: 12 20 13 35 | 06
#0891-d226 @A: 35 14 25 11 | 05
#0892-d226 @A: 35 03 32 29 | 04
#0893-d226 @A: 27 33 03 35 | 07
#0894-d226 @A: 29 14 24 35 | 12
#0895-d226 @A: 29 21 35 25 | 03
#0896-d226 @A: 35 09 22 21 | 11
#0897-d226 @A: 03 16 07 18 | 09
#0898-d226 @A: 16 31 32 05 | 01
#0899-d226 @A: 21 11 13 16 | 08
#0900-d226 @A: 09 16 27 23 | 10
#0901-d226 @A: 10 14 07 31 | 02
#0902-d226 @A: 34 07 30 08 | 06
#0903-d226 @A: 13 09 07 03 | 05
#0904-d226 @A: 15 06 07 32 | 04
#0905-d226 @A: 27 23 25 07 | 07
#0906-d226 @A: 05 33 22 07 | 12
#0907-d226 @A: 10 22 07 15 | 03
#0908-d226 @A: 06 07 22 09 | 11
#0909-d226 @A: 33 34 26 31 | 09
#0910-d226 @A: 19 32 33 31 | 01
#0911-d226 @A: 23 31 24 13 | 08
#0912-d226 @A: 23 14 31 12 | 10
#0913-d226 @A: 31 12 26 23 | 02
#0914-d226 @A: 03 31 22 32 | 06
#0915-d226 @A: 31 22 17 33 | 05
#0916-d226 @A: 21 31 05 33 | 04
#0917-d226 @A: 05 10 31 25 | 07
#0918-d226 @A: 22 24 10 31 | 12
#0919-d226 @A: 10 06 20 31 | 03
#0920-d226 @A: 27 26 31 05 | 11
#0921-d226 @A: 08 21 34 29 | 09
#0922-d226 @A: 09 34 03 11 | 01
#0923-d226 @A: 12 08 18 19 | 08
#0924-d226 @A: 08 15 19 14 | 10
#0925-d226 @A: 12 09 08 05 | 02
#0926-d226 @A: 11 08 22 03 | 06
#0927-d226 @A: 30 32 23 08 | 05
#0928-d226 @A: 08 06 20 33 | 04
#0929-d226 @A: 24 08 30 27 | 07
#0930-d226 @A: 26 13 05 19 | 12
#0931-d226 @A: 29 19 23 03 | 03
#0932-d226 @A: 30 18 23 19 | 11
#0933-d226 @A: 19 06 33 30 | 09
#0934-d226 @A: 15 05 19 20 | 01
#0935-d226 @A: 10 03 14 13 | 08
#0936-d226 @A: 30 15 23 13 | 10
#0937-d226 @A: 24 33 13 20 | 02
#0938-d226 @A: 13 15 09 33 | 06
#0939-d226 @A: 27 09 13 30 | 05
#0940-d226 @A: 30 25 12 20 | 04
#0941-d226 @A: 15 24 12 10 | 07
#0942-d226 @A: 10 12 22 29 | 12
#0943-d226 @A: 17 29 12 05 | 03
#0944-d226 @A: 29 18 12 27 | 11
#0945-d226 @A: 26 12 30 06 | 09
#0946-d226 @A: 11 25 26 09 | 01
#0947-d226 @A: 09 06 21 11 | 08
#0948-d226 @A: 25 05 27 03 | 10
#0949-d226 @A: 26 21 25 03 | 02
#0950-d226 @A: 26 09 32 23 | 06
#0951-d226 @A: 23 18 32 21 | 05
#0952-d226 @A: 18 29 32 06 | 04
#0953-d226 @A: 14 30 25 23 | 07
#0954-d226 @A: 23 14 27 18 | 12
#0955-d226 @A: 23 06 22 33 | 03
#0956-d226 @A: 10 27 23 30 | 11
#0957-d226 @A: 06 24 26 23 | 09
#0958-d226 @A: 29 23 27 15 | 01
#0959-d226 @A: 09 05 14 18 | 08
#0960-d226 @A: 24 26 33 05 | 10
#0961-d226 @A: 10 13 02 28 | 02
#0962-d226 @A: 02 23 27 28 | 06
#0963-d226 @A: 20 28 02 30 | 05
#0964-d226 @A: 01 28 18 35 | 04
#0965-d226 @A: 16 28 01 24 | 07
#0966-d226 @A: 28 32 29 01 | 12
#0967-d226 @A: 23 01 22 28 | 03
#0968-d226 @A: 14 28 01 09 | 11
#0969-d226 @A: 35 16 28 27 | 09
#0970-d226 @A: 35 11 17 28 | 01
#0971-d226 @A: 16 28 15 23 | 08
#0972-d226 @A: 21 14 16 28 | 10
#0973-d226 @A: 31 28 33 08 | 02
#0974-d226 @A: 31 28 17 14 | 06
#0975-d226 @A: 03 08 28 19 | 05
#0976-d226 @A: 13 24 27 28 | 04
#0977-d226 @A: 20 23 28 32 | 07
#0978-d226 @A: 28 32 27 05 | 12
#0979-d226 @A: 09 04 11 02 | 03
#0980-d226 @A: 32 01 31 04 | 11
#0981-d226 @A: 04 20 24 16 | 09
#0982-d226 @A: 04 07 26 33 | 01
#0983-d226 @A: 31 19 05 04 | 08
#0984-d226 @A: 21 19 04 11 | 10
#0985-d226 @A: 18 13 04 03 | 02
#0986-d226 @A: 18 21 25 04 | 06
#0987-d226 @A: 04 10 24 30 | 05
#0988-d226 @A: 10 04 29 27 | 04
#0989-d226 @A: 17 18 06 04 | 07
#0990-d226 @A: 06 05 30 04 | 12
#0991-d226 @A: 01 02 16 22 | 03
#0992-d226 @A: 02 16 13 12 | 11
#0993-d226 @A: 11 25 16 02 | 09
#0994-d226 @A: 08 07 02 15 | 01
#0995-d226 @A: 21 02 30 31 | 08
#0996-d226 @A: 34 18 13 02 | 10
#0997-d226 @A: 26 03 34 02 | 02
#0998-d226 @A: 14 06 02 03 | 06
#0999-d226 @A: 09 33 02 24 | 05
#1000-d226 @A: 17 15 02 25 | 04
#1001-d226 @A: 22 24 02 20 | 07
#1002-d226 @A: 02 22 05 09 | 12
#1003-d226 @A: 02 15 30 06 | 03
#1004-d226 @A: 35 19 33 01 | 11
#1005-d226 @A: 01 06 30 35 | 09
#1006-d226 @A: 16 10 03 01 | 01
#1007-d226 @A: 26 01 16 24 | 08
#1008-d226 @A: 07 11 01 24 | 10
#1009-d226 @A: 01 19 31 26 | 02
#1010-d226 @A: 03 34 24 01 | 06
#1011-d226 @A: 19 01 09 06 | 05
#1012-d226 @A: 01 21 11 20 | 04
#1013-d226 @A: 21 26 23 01 | 07
#1014-d226 @A: 20 17 22 01 | 12
#1015-d226 @A: 06 05 20 01 | 03
#1016-d226 @A: 08 16 35 10 | 11
#1017-d226 @A: 32 16 35 33 | 09
#1018-d226 @A: 19 29 35 07 | 01
#1019-d226 @A: 35 32 07 22 | 08
#1020-d226 @A: 35 06 07 23 | 10
#1021-d226 @A: 34 33 35 13 | 02
#1022-d226 @A: 26 35 08 11 | 06
#1023-d226 @A: 35 13 19 15 | 05
#1024-d226 @A: 23 35 19 09 | 04
#1025-d226 @A: 05 20 24 35 | 07
#1026-d226 @A: 35 22 06 05 | 12
#1027-d226 @A: 26 07 16 34 | 03
#1028-d226 @A: 16 12 31 27 | 11
#1029-d226 @A: 13 08 27 16 | 09
#1030-d226 @A: 29 19 16 12 | 01
#1031-d226 @A: 22 16 19 25 | 08
#1032-d226 @A: 12 10 23 16 | 10
#1033-d226 @A: 16 05 12 30 | 02
#1034-d226 @A: 16 17 11 23 | 06
#1035-d226 @A: 14 26 09 16 | 05
#1036-d226 @A: 20 16 21 06 | 04
#1037-d226 @A: 16 15 29 06 | 07
#1038-d226 @A: 17 21 07 31 | 12
#1039-d226 @A: 07 08 12 27 | 03
#1040-d226 @A: 12 07 08 26 | 11
#1041-d226 @A: 30 07 14 12 | 09
#1042-d226 @A: 03 10 11 07 | 01
#1043-d226 @A: 32 07 11 05 | 08
#1044-d226 @A: 11 07 21 14 | 10
#1045-d226 @A: 03 17 07 32 | 02
#1046-d226 @A: 23 32 07 09 | 06
#1047-d226 @A: 07 23 22 26 | 05
#1048-d226 @A: 07 21 09 15 | 04
#1049-d226 @A: 27 20 07 29 | 07
#1050-d226 @A: 34 15 08 31 | 12
#1051-d226 @A: 13 08 09 31 | 03
#1052-d226 @A: 08 11 31 12 | 11
#1053-d226 @A: 08 14 31 21 | 09
#1054-d226 @A: 31 18 06 08 | 01
#1055-d226 @A: 19 17 13 31 | 08
#1056-d226 @A: 13 12 31 05 | 10
#1057-d226 @A: 03 30 31 13 | 02
#1058-d226 @A: 25 31 20 33 | 06
#1059-d226 @A: 29 33 31 15 | 05
#1060-d226 @A: 09 31 20 21 | 04
#1061-d226 @A: 31 27 06 30 | 07
#1062-d226 @A: 08 18 32 34 | 12
#1063-d226 @A: 03 34 12 30 | 03
#1064-d226 @A: 25 23 34 03 | 11
#1065-d226 @A: 03 29 14 34 | 09
#1066-d226 @A: 06 33 34 17 | 01
#1067-d226 @A: 15 34 27 25 | 08
#1068-d226 @A: 30 10 06 34 | 10
#1069-d226 @A: 12 20 08 23 | 02
#1070-d226 @A: 24 33 08 15 | 06
#1071-d226 @A: 33 08 05 27 | 05
#1072-d226 @A: 19 20 33 10 | 04
#1073-d226 @A: 11 33 13 17 | 07
#1074-d226 @A: 21 05 13 17 | 12
#1075-d226 @A: 24 13 18 29 | 03
#1076-d226 @A: 13 09 20 22 | 11
#1077-d226 @A: 32 10 12 11 | 09
#1078-d226 @A: 15 32 23 12 | 01
#1079-d226 @A: 26 32 14 12 | 08
#1080-d226 @A: 33 09 22 12 | 10
#1081-d226 @A: 17 12 22 24 | 02
#1082-d226 @A: 32 11 14 24 | 06
#1083-d226 @A: 32 30 20 11 | 05
#1084-d226 @A: 05 22 24 11 | 04
#1085-d226 @A: 20 33 03 21 | 07
#1086-d226 @A: 17 06 03 26 | 12
#1087-d226 @A: 05 21 09 03 | 03
#1088-d226 @A: 17 09 10 32 | 11
#1089-d226 @A: 10 29 32 30 | 09
#1090-d226 @A: 18 32 24 05 | 01
#1091-d226 @A: 27 32 09 15 | 08
#1092-d226 @A: 18 22 20 32 | 10
#1093-d226 @A: 17 23 22 15 | 02
#1094-d226 @A: 23 26 18 30 | 06
#1095-d226 @A: 25 15 26 14 | 05
#1096-d226 @A: 10 05 14 30 | 04
#1097-d226 @A: 14 20 30 26 | 07
#1098-d226 @A: 21 22 14 05 | 12
#1099-d226 @A: 24 20 27 26 | 03
#1100-d226 @A: 15 22 06 26 | 11
#1101-d226 @A: 21 04 28 02 | 09
#1102-d226 @A: 04 28 31 20 | 01
#1103-d226 @A: 03 28 04 30 | 08
#1104-d226 @A: 02 35 28 15 | 10
#1105-d226 @A: 02 14 28 29 | 02
#1106-d226 @A: 01 21 28 08 | 06
#1107-d226 @A: 34 21 28 35 | 05
#1108-d226 @A: 12 35 28 26 | 04
#1109-d226 @A: 28 16 31 22 | 07
#1110-d226 @A: 28 08 25 16 | 12
#1111-d226 @A: 34 28 27 07 | 03
#1112-d226 @A: 28 26 13 07 | 11
#1113-d226 @A: 11 08 28 05 | 09
#1114-d226 @A: 08 30 28 17 | 01
#1115-d226 @A: 32 28 25 03 | 08
#1116-d226 @A: 25 14 28 33 | 10
#1117-d226 @A: 27 33 09 28 | 02
#1118-d226 @A: 06 25 28 24 | 06
#1119-d226 @A: 28 27 25 30 | 05
#1120-d226 @A: 10 09 28 24 | 04
#1121-d226 @A: 20 21 05 28 | 07
#1122-d226 @A: 04 02 33 01 | 12
#1123-d226 @A: 27 04 02 03 | 03
#1124-d226 @A: 01 22 09 04 | 11
#1125-d226 @A: 35 18 32 04 | 09
#1126-d226 @A: 16 04 23 06 | 01
#1127-d226 @A: 16 29 17 04 | 08
#1128-d226 @A: 23 34 30 04 | 10
#1129-d226 @A: 08 12 30 04 | 02
#1130-d226 @A: 11 03 04 29 | 06
#1131-d226 @A: 04 23 24 32 | 05
#1132-d226 @A: 26 14 04 29 | 04
#1133-d226 @A: 04 17 33 05 | 07
#1134-d226 @A: 04 27 30 33 | 12
#1135-d226 @A: 33 21 04 15 | 03
#1136-d226 @A: 01 21 02 27 | 11
#1137-d226 @A: 02 26 16 31 | 09
#1138-d226 @A: 05 16 23 02 | 01
#1139-d226 @A: 02 07 11 27 | 08
#1140-d226 @A: 30 07 02 23 | 10
#1141-d226 @A: 34 02 33 19 | 02
#1142-d226 @A: 23 02 34 24 | 06
#1143-d226 @A: 08 02 25 05 | 05
#1144-d226 @A: 10 32 02 19 | 04
#1145-d226 @A: 20 02 14 19 | 07
#1146-d226 @A: 23 13 02 20 | 12
#1147-d226 @A: 33 29 13 02 | 03
#1148-d226 @A: 02 12 06 11 | 11
#1149-d226 @A: 08 01 31 35 | 09
#1150-d226 @A: 01 08 07 09 | 01
#1151-d226 @A: 01 21 07 19 | 08
#1152-d226 @A: 01 26 34 29 | 10
#1153-d226 @A: 10 01 13 12 | 02
#1154-d226 @A: 01 32 05 12 | 06
#1155-d226 @A: 01 14 33 12 | 05
#1156-d226 @A: 01 25 14 03 | 04
#1157-d226 @A: 01 03 29 15 | 07
#1158-d226 @A: 06 32 23 01 | 12
#1159-d226 @A: 01 06 25 18 | 03
#1160-d226 @A: 24 30 01 15 | 11
#1161-d226 @A: 01 30 09 29 | 09
#1162-d226 @A: 20 01 30 18 | 01
#1163-d226 @A: 07 16 21 35 | 08
#1164-d226 @A: 17 31 34 35 | 10
#1165-d226 @A: 03 35 06 34 | 02
#1166-d226 @A: 24 22 35 08 | 06
#1167-d226 @A: 13 10 35 09 | 05
#1168-d226 @A: 35 22 20 10 | 04
#1169-d226 @A: 35 20 21 17 | 07
#1170-d226 @A: 15 17 35 30 | 12
#1171-d226 @A: 16 31 19 20 | 03
#1172-d226 @A: 11 09 16 31 | 11
#1173-d226 @A: 23 16 33 31 | 09
#1174-d226 @A: 03 14 16 22 | 01
#1175-d226 @A: 16 25 29 03 | 08
#1176-d226 @A: 14 16 15 09 | 10
#1177-d226 @A: 25 16 06 10 | 02
#1178-d226 @A: 21 16 15 27 | 06
#1179-d226 @A: 05 16 29 21 | 05
#1180-d226 @A: 31 18 11 07 | 04
#1181-d226 @A: 07 03 06 31 | 07
#1182-d226 @A: 07 15 23 31 | 12
#1183-d226 @A: 32 21 34 07 | 03
#1184-d226 @A: 07 10 23 34 | 11
#1185-d226 @A: 24 07 06 34 | 09
#1186-d226 @A: 07 08 24 03 | 01
#1187-d226 @A: 10 32 08 07 | 08
#1188-d226 @A: 10 05 19 07 | 10
#1189-d226 @A: 21 07 03 29 | 02
#1190-d226 @A: 07 25 30 33 | 06
#1191-d226 @A: 07 33 27 21 | 05
#1192-d226 @A: 07 30 09 10 | 04
#1193-d226 @A: 14 31 06 34 | 07
#1194-d226 @A: 08 24 31 32 | 12
#1195-d226 @A: 11 19 30 31 | 03
#1196-d226 @A: 14 25 31 19 | 11
#1197-d226 @A: 31 33 13 06 | 09
#1198-d226 @A: 32 31 18 12 | 01
#1199-d226 @A: 27 03 23 31 | 08
#1200-d226 @A: 21 10 03 31 | 10
#1201-d226 @A: 31 15 26 03 | 02
#1202-d226 @A: 25 06 32 31 | 06
#1203-d226 @A: 22 20 31 23 | 05
#1204-d226 @A: 31 29 10 17 | 04
#1205-d226 @A: 31 17 05 06 | 07
#1206-d226 @A: 30 24 31 05 | 12
#1207-d226 @A: 05 18 31 15 | 03
#1208-d226 @A: 34 13 27 17 | 11
#1209-d226 @A: 14 10 34 12 | 09
#1210-d226 @A: 34 26 12 09 | 01
#1211-d226 @A: 06 11 34 32 | 08
#1212-d226 @A: 34 05 17 09 | 10
#1213-d226 @A: 23 19 08 26 | 02
#1214-d226 @A: 14 08 13 33 | 06
#1215-d226 @A: 23 11 27 08 | 05
#1216-d226 @A: 18 08 03 33 | 04
#1217-d226 @A: 08 24 25 18 | 07
#1218-d226 @A: 09 08 10 29 | 12
#1219-d226 @A: 15 10 27 08 | 03
#1220-d226 @A: 09 27 08 06 | 11
#1221-d226 @A: 20 08 30 09 | 09
#1222-d226 @A: 19 29 13 14 | 01
#1223-d226 @A: 19 17 11 03 | 08
#1224-d226 @A: 19 11 20 09 | 10
#1225-d226 @A: 19 22 21 20 | 02
#1226-d226 @A: 30 13 26 11 | 06
#1227-d226 @A: 13 26 23 10 | 05
#1228-d226 @A: 18 13 27 21 | 04
#1229-d226 @A: 20 13 26 18 | 07
#1230-d226 @A: 12 26 03 25 | 12
#1231-d226 @A: 33 06 27 12 | 03
#1232-d226 @A: 20 33 15 12 | 11
#1233-d226 @A: 25 12 18 05 | 09
#1234-d226 @A: 10 11 22 17 | 01
#1235-d226 @A: 21 29 11 18 | 08
#1236-d226 @A: 03 17 14 05 | 10
#1237-d226 @A: 05 33 15 03 | 02
#1238-d226 @A: 03 17 22 27 | 06
#1239-d226 @A: 03 26 09 18 | 05
#1240-d226 @A: 32 33 14 21 | 04
#1241-d226 @A: 23 29 33 09 | 07
#1242-d226 @A: 33 23 05 30 | 12
#1243-d226 @A: 15 20 21 23 | 03
#1244-d226 @A: 05 14 33 29 | 11
#1245-d226 @A: 18 29 14 25 | 09
#1246-d226 @A: 17 21 14 26 | 01
#1247-d226 @A: 24 18 15 14 | 08
#1248-d226 @A: 17 10 18 26 | 10
#1249-d226 @A: 29 17 18 26 | 02
#1250-d226 @A: 07 04 25 28 | 06
#1251-d226 @A: 14 04 22 28 | 05
#1252-d226 @A: 25 04 28 26 | 04
#1253-d226 @A: 10 01 31 28 | 07
#1254-d226 @A: 28 35 23 10 | 12
#1255-d226 @A: 30 14 28 35 | 03
#1256-d226 @A: 06 16 11 28 | 11
#1257-d226 @A: 16 28 29 18 | 09
#1258-d226 @A: 32 15 28 31 | 01
#1259-d226 @A: 14 34 23 28 | 08
#1260-d226 @A: 20 28 24 34 | 10
#1261-d226 @A: 28 22 08 32 | 02
#1262-d226 @A: 14 28 19 26 | 06
#1263-d226 @A: 20 06 19 28 | 05
#1264-d226 @A: 12 18 28 13 | 04
#1265-d226 @A: 14 13 15 28 | 07
#1266-d226 @A: 03 28 22 09 | 12
#1267-d226 @A: 06 05 28 33 | 03
#1268-d226 @A: 05 15 10 28 | 11
#1269-d226 @A: 17 28 24 18 | 09
#1270-d226 @A: 15 27 28 18 | 01
#1271-d226 @A: 28 30 05 29 | 08
#1272-d226 @A: 25 04 02 35 | 10
#1273-d226 @A: 07 04 01 18 | 02
#1274-d226 @A: 04 17 13 35 | 06
#1275-d226 @A: 27 16 04 07 | 05
#1276-d226 @A: 26 04 16 23 | 04
#1277-d226 @A: 04 31 10 23 | 07
#1278-d226 @A: 04 12 09 34 | 12
#1279-d226 @A: 34 21 04 06 | 03
#1280-d226 @A: 06 08 04 14 | 11
#1281-d226 @A: 03 21 04 23 | 09
#1282-d226 @A: 04 22 10 33 | 01
#1283-d226 @A: 01 03 02 08 | 08
#1284-d226 @A: 10 02 11 08 | 10
#1285-d226 @A: 13 19 02 27 | 02
#1286-d226 @A: 02 13 11 05 | 06
#1287-d226 @A: 02 21 15 12 | 05
#1288-d226 @A: 15 02 11 24 | 04
#1289-d226 @A: 05 32 02 15 | 07
#1290-d226 @A: 23 02 14 26 | 12
#1291-d226 @A: 14 22 10 02 | 03
#1292-d226 @A: 26 02 09 30 | 11
#1293-d226 @A: 22 34 01 35 | 09
#1294-d226 @A: 26 03 35 01 | 01
#1295-d226 @A: 16 27 11 01 | 08
#1296-d226 @A: 23 01 31 30 | 10
#1297-d226 @A: 01 23 05 17 | 02
#1298-d226 @A: 17 01 33 15 | 06
#1299-d226 @A: 24 01 27 25 | 05
#1300-d226 @A: 01 18 17 21 | 04
#1301-d226 @A: 35 31 29 23 | 07
#1302-d226 @A: 35 19 27 34 | 12
#1303-d226 @A: 03 08 05 35 | 03
#1304-d226 @A: 35 14 19 10 | 11
#1305-d226 @A: 13 06 35 27 | 09
#1306-d226 @A: 23 12 30 35 | 01
#1307-d226 @A: 20 32 14 35 | 08
#1308-d226 @A: 35 24 23 17 | 10
#1309-d226 @A: 24 14 26 35 | 02
#1310-d226 @A: 35 33 20 30 | 06
#1311-d226 @A: 35 05 09 25 | 05
#1312-d226 @A: 18 35 25 22 | 04
#1313-d226 @A: 09 17 35 06 | 07
#1314-d226 @A: 24 35 18 27 | 12
#1315-d226 @A: 35 06 18 15 | 03
#1316-d226 @A: 23 07 16 24 | 11
#1317-d226 @A: 16 31 18 13 | 09
#1318-d226 @A: 16 24 14 31 | 01
#1319-d226 @A: 22 08 34 16 | 08
#1320-d226 @A: 34 18 16 06 | 10
#1321-d226 @A: 14 29 16 08 | 02
#1322-d226 @A: 24 05 16 13 | 06
#1323-d226 @A: 18 30 09 16 | 05
#1324-d226 @A: 05 08 07 31 | 04
#1325-d226 @A: 07 31 29 13 | 07
#1326-d226 @A: 11 07 19 25 | 12
#1327-d226 @A: 27 19 07 18 | 03
#1328-d226 @A: 23 05 07 12 | 11
#1329-d226 @A: 24 10 07 21 | 09
#1330-d226 @A: 17 07 09 26 | 01
#1331-d226 @A: 27 22 24 07 | 08
#1332-d226 @A: 15 27 30 07 | 10
#1333-d226 @A: 29 07 26 06 | 02
#1334-d226 @A: 32 34 31 29 | 06
#1335-d226 @A: 21 31 23 34 | 05
#1336-d226 @A: 34 24 31 25 | 04
#1337-d226 @A: 27 17 31 08 | 07
#1338-d226 @A: 33 14 03 31 | 12
#1339-d226 @A: 29 30 25 31 | 03
#1340-d226 @A: 31 22 26 10 | 11
#1341-d226 @A: 24 06 29 31 | 09
#1342-d226 @A: 31 30 22 09 | 01
#1343-d226 @A: 34 18 08 26 | 08
#1344-d226 @A: 34 23 06 13 | 10
#1345-d226 @A: 20 11 34 12 | 02
#1346-d226 @A: 34 25 32 17 | 06
#1347-d226 @A: 26 34 14 22 | 05
#1348-d226 @A: 18 34 20 05 | 04
#1349-d226 @A: 08 12 29 03 | 07
#1350-d226 @A: 08 33 30 11 | 12
#1351-d226 @A: 30 08 10 18 | 03
#1352-d226 @A: 08 17 09 18 | 11
#1353-d226 @A: 19 18 13 32 | 09
#1354-d226 @A: 12 19 11 05 | 01
#1355-d226 @A: 14 19 09 03 | 08
#1356-d226 @A: 19 25 10 03 | 10
#1357-d226 @A: 19 32 22 23 | 02
#1358-d226 @A: 29 15 32 19 | 06
#1359-d226 @A: 10 30 22 19 | 05
#1360-d226 @A: 19 22 18 24 | 04
#1361-d226 @A: 15 19 18 09 | 07
#1362-d226 @A: 26 06 19 21 | 12
#1363-d226 @A: 25 27 33 13 | 03
#1364-d226 @A: 13 21 09 25 | 11
#1365-d226 @A: 05 22 15 13 | 09
#1366-d226 @A: 32 14 22 12 | 01
#1367-d226 @A: 24 12 21 25 | 08
#1368-d226 @A: 12 20 18 09 | 10
#1369-d226 @A: 06 21 12 18 | 02
#1370-d226 @A: 10 14 11 06 | 06
#1371-d226 @A: 18 11 10 24 | 05
#1372-d226 @A: 11 05 10 29 | 04
#1373-d226 @A: 25 03 22 21 | 07
#1374-d226 @A: 03 06 18 27 | 12
#1375-d226 @A: 32 25 27 21 | 03
#1376-d226 @A: 21 10 32 22 | 11
#1377-d226 @A: 32 27 26 06 | 09
#1378-d226 @A: 21 29 32 20 | 01
#1379-d226 @A: 26 18 22 32 | 08
#1380-d226 @A: 23 27 24 21 | 10
#1381-d226 @A: 05 23 24 15 | 02
#1382-d226 @A: 23 21 22 30 | 06
#1383-d226 @A: 33 14 10 09 | 05
#1384-d226 @A: 33 14 06 18 | 04
#1385-d226 @A: 22 33 26 05 | 07
#1386-d226 @A: 28 12 29 04 | 12
#1387-d226 @A: 17 28 04 09 | 03
#1388-d226 @A: 02 28 25 01 | 11
#1389-d226 @A: 02 05 28 18 | 09
#1390-d226 @A: 01 15 28 07 | 01
#1391-d226 @A: 31 28 05 35 | 08
#1392-d226 @A: 21 28 12 07 | 10
#1393-d226 @A: 11 28 09 07 | 02
#1394-d226 @A: 06 07 28 14 | 06
#1395-d226 @A: 25 12 34 28 | 05
#1396-d226 @A: 28 03 26 23 | 04
#1397-d226 @A: 03 14 18 28 | 07
#1398-d226 @A: 32 10 28 14 | 12
#1399-d226 @A: 32 06 30 28 | 03
#1400-d226 @A: 10 26 29 28 | 11
#1401-d226 @A: 28 18 22 06 | 09
#1402-d226 @A: 23 18 02 04 | 01
#1403-d226 @A: 02 05 14 04 | 08
#1404-d226 @A: 26 09 01 04 | 10
#1405-d226 @A: 08 35 04 27 | 02
#1406-d226 @A: 15 31 13 04 | 06
#1407-d226 @A: 11 04 22 31 | 05
#1408-d226 @A: 04 34 20 03 | 04
#1409-d226 @A: 15 17 04 19 | 07
#1410-d226 @A: 17 03 04 12 | 12
#1411-d226 @A: 17 32 04 20 | 03
#1412-d226 @A: 04 33 06 24 | 11
#1413-d226 @A: 05 04 25 20 | 09
#1414-d226 @A: 22 20 27 04 | 01
#1415-d226 @A: 02 11 01 35 | 08
#1416-d226 @A: 20 35 02 27 | 10
#1417-d226 @A: 10 16 02 07 | 02
#1418-d226 @A: 19 16 02 30 | 06
#1419-d226 @A: 02 25 07 34 | 05
#1420-d226 @A: 03 31 11 02 | 04
#1421-d226 @A: 08 02 32 21 | 07
#1422-d226 @A: 11 19 02 18 | 12
#1423-d226 @A: 02 33 19 26 | 03
#1424-d226 @A: 17 23 02 03 | 11
#1425-d226 @A: 32 02 23 29 | 09
#1426-d226 @A: 32 02 14 25 | 01
#1427-d226 @A: 15 02 33 10 | 08
#1428-d226 @A: 18 17 27 02 | 10
#1429-d226 @A: 06 17 02 22 | 02
#1430-d226 @A: 20 18 02 06 | 06
#1431-d226 @A: 35 16 01 09 | 05
#1432-d226 @A: 08 22 12 01 | 04
#1433-d226 @A: 14 10 08 01 | 07
#1434-d226 @A: 09 32 11 01 | 12
#1435-d226 @A: 30 03 32 01 | 03
#1436-d226 @A: 01 14 17 24 | 11
#1437-d226 @A: 24 21 01 06 | 09
#1438-d226 @A: 35 31 16 15 | 01
#1439-d226 @A: 35 31 25 13 | 08
#1440-d226 @A: 32 35 31 09 | 10
#1441-d226 @A: 35 22 31 14 | 02
#1442-d226 @A: 10 35 31 30 | 06
#1443-d226 @A: 08 35 34 20 | 05
#1444-d226 @A: 26 06 35 34 | 04
#1445-d226 @A: 06 08 11 35 | 07
#1446-d226 @A: 05 35 14 13 | 12
#1447-d226 @A: 11 03 35 24 | 03
#1448-d226 @A: 32 10 15 35 | 11
#1449-d226 @A: 22 33 15 35 | 09
#1450-d226 @A: 27 35 17 25 | 01
#1451-d226 @A: 09 29 35 27 | 08
#1452-d226 @A: 15 16 07 12 | 10
#1453-d226 @A: 20 33 07 16 | 02
#1454-d226 @A: 16 11 30 34 | 06
#1455-d226 @A: 29 23 34 16 | 05
#1456-d226 @A: 21 19 23 16 | 04
#1457-d226 @A: 30 13 32 16 | 07
#1458-d226 @A: 29 10 13 16 | 12
#1459-d226 @A: 33 16 03 24 | 03
#1460-d226 @A: 27 10 33 16 | 11
#1461-d226 @A: 16 33 21 18 | 09
#1462-d226 @A: 10 16 09 22 | 01
#1463-d226 @A: 17 16 27 30 | 08
#1464-d226 @A: 15 17 16 05 | 10
#1465-d226 @A: 20 09 29 16 | 02
#1466-d226 @A: 34 14 22 07 | 06
#1467-d226 @A: 08 07 20 19 | 05
#1468-d226 @A: 11 07 30 17 | 04
#1469-d226 @A: 03 14 07 26 | 07
#1470-d226 @A: 07 25 24 17 | 12
#1471-d226 @A: 15 07 17 29 | 03
#1472-d226 @A: 18 30 07 21 | 11
#1473-d226 @A: 31 20 34 13 | 09
#1474-d226 @A: 34 31 11 33 | 01
#1475-d226 @A: 31 20 03 08 | 08
#1476-d226 @A: 30 17 18 31 | 10
#1477-d226 @A: 15 24 31 21 | 02
#1478-d226 @A: 05 27 31 09 | 06
#1479-d226 @A: 19 21 03 34 | 05
#1480-d226 @A: 34 30 26 19 | 04
#1481-d226 @A: 34 11 18 17 | 07
#1482-d226 @A: 24 11 34 21 | 12
#1483-d226 @A: 33 34 32 23 | 03
#1484-d226 @A: 14 15 34 30 | 11
#1485-d226 @A: 34 18 33 27 | 09
#1486-d226 @A: 10 34 22 27 | 01
#1487-d226 @A: 34 17 21 22 | 08
#1488-d226 @A: 08 17 03 13 | 10
#1489-d226 @A: 26 14 08 05 | 02
#1490-d226 @A: 22 21 33 08 | 06
#1491-d226 @A: 08 21 24 09 | 05
#1492-d226 @A: 26 24 08 15 | 04
#1493-d226 @A: 21 08 30 26 | 07
#1494-d226 @A: 19 12 33 23 | 12
#1495-d226 @A: 22 19 15 12 | 03
#1496-d226 @A: 14 18 21 19 | 11
#1497-d226 @A: 19 18 33 25 | 09
#1498-d226 @A: 22 19 17 09 | 01
#1499-d226 @A: 13 30 12 11 | 08
#1500-d226 @A: 12 13 26 22 | 10
#1501-d226 @A: 13 11 22 14 | 02
#1502-d226 @A: 23 33 13 03 | 06
#1503-d226 @A: 32 10 20 13 | 05
#1504-d226 @A: 24 06 32 13 | 04
#1505-d226 @A: 13 29 32 22 | 07
#1506-d226 @A: 25 22 17 13 | 12
#1507-d226 @A: 29 13 25 20 | 03
#1508-d226 @A: 25 18 13 15 | 11
#1509-d226 @A: 12 20 14 03 | 09
#1510-d226 @A: 03 22 18 12 | 01
#1511-d226 @A: 14 06 29 12 | 08
#1512-d226 @A: 06 05 12 10 | 10
#1513-d226 @A: 12 24 09 27 | 02
#1514-d226 @A: 12 05 26 21 | 06
#1515-d226 @A: 06 11 29 23 | 05
#1516-d226 @A: 33 18 22 11 | 04
#1517-d226 @A: 17 24 06 11 | 07
#1518-d226 @A: 09 24 11 30 | 12
#1519-d226 @A: 11 09 26 29 | 03
#1520-d226 @A: 18 05 27 11 | 11
#1521-d226 @A: 11 30 22 29 | 09
#1522-d226 @A: 03 10 32 23 | 01
#1523-d226 @A: 26 29 33 03 | 08
#1524-d226 @A: 03 05 29 24 | 10
#1525-d226 @A: 20 29 22 03 | 02
#1526-d226 @A: 06 15 21 03 | 06
#1527-d226 @A: 32 15 25 33 | 05
#1528-d226 @A: 32 05 20 33 | 04
#1529-d226 @A: 18 25 32 10 | 07
#1530-d226 @A: 30 15 32 21 | 12
#1531-d226 @A: 14 23 10 17 | 03
#1532-d226 @A: 25 26 23 33 | 11
#1533-d226 @A: 20 23 10 25 | 09
#1534-d226 @A: 30 29 17 23 | 01
#1535-d226 @A: 06 23 17 21 | 08
#1536-d226 @A: 20 23 30 24 | 10
#1537-d226 @A: 05 24 14 25 | 02
#1538-d226 @A: 22 17 18 14 | 06
#1539-d226 @A: 22 30 06 14 | 05
#1540-d226 @A: 06 09 33 26 | 04
#1541-d226 @A: 27 28 01 04 | 07
#1542-d226 @A: 16 28 04 34 | 12
#1543-d226 @A: 28 04 11 24 | 03
#1544-d226 @A: 16 02 28 17 | 11
#1545-d226 @A: 28 35 08 29 | 09
#1546-d226 @A: 10 20 28 07 | 01
#1547-d226 @A: 31 29 03 28 | 08
#1548-d226 @A: 09 31 28 06 | 10
#1549-d226 @A: 32 21 28 19 | 02
#1550-d226 @A: 23 28 17 19 | 06
#1551-d226 @A: 13 29 11 28 | 05
#1552-d226 @A: 25 23 13 28 | 04
#1553-d226 @A: 28 14 05 12 | 07
#1554-d226 @A: 24 28 03 23 | 12
#1555-d226 @A: 32 30 28 26 | 03
#1556-d226 @A: 29 24 28 33 | 11
#1557-d226 @A: 20 28 22 33 | 09
#1558-d226 @A: 20 27 17 28 | 01
#1559-d226 @A: 21 28 18 09 | 08
#1560-d226 @A: 01 10 04 19 | 10
#1561-d226 @A: 04 35 31 33 | 02
#1562-d226 @A: 35 12 21 04 | 06
#1563-d226 @A: 22 16 05 04 | 05
#1564-d226 @A: 30 31 04 07 | 04
#1565-d226 @A: 04 25 03 31 | 07
#1566-d226 @A: 34 26 27 04 | 12
#1567-d226 @A: 04 13 10 08 | 03
#1568-d226 @A: 13 04 25 30 | 11
#1569-d226 @A: 04 11 20 18 | 09
#1570-d226 @A: 04 15 32 26 | 01
#1571-d226 @A: 29 04 33 18 | 08
#1572-d226 @A: 22 04 25 24 | 10
#1573-d226 @A: 10 09 04 06 | 02
#1574-d226 @A: 04 17 27 24 | 06
#1575-d226 @A: 34 02 01 30 | 05
#1576-d226 @A: 06 02 32 35 | 04
#1577-d226 @A: 35 17 14 02 | 07
#1578-d226 @A: 16 06 31 02 | 12
#1579-d226 @A: 08 09 16 02 | 03
#1580-d226 @A: 02 24 14 07 | 11
#1581-d226 @A: 02 31 13 32 | 09
#1582-d226 @A: 13 02 25 03 | 01
#1583-d226 @A: 14 30 02 11 | 08
#1584-d226 @A: 01 30 14 16 | 10
#1585-d226 @A: 06 33 01 16 | 02
#1586-d226 @A: 01 13 05 07 | 06
#1587-d226 @A: 30 07 22 01 | 05
#1588-d226 @A: 03 01 05 31 | 04
#1589-d226 @A: 34 20 14 01 | 07
#1590-d226 @A: 20 32 08 01 | 12
#1591-d226 @A: 18 01 15 12 | 03
#1592-d226 @A: 01 10 11 23 | 11
#1593-d226 @A: 22 26 11 01 | 09
#1594-d226 @A: 27 22 32 01 | 01
#1595-d226 @A: 17 01 27 09 | 08
#1596-d226 @A: 06 26 01 20 | 10
#1597-d226 @A: 16 23 25 35 | 02
#1598-d226 @A: 15 35 34 12 | 06
#1599-d226 @A: 30 32 35 34 | 05
#1600-d226 @A: 08 35 17 32 | 04
#1601-d226 @A: 19 26 18 35 | 07
#1602-d226 @A: 11 23 35 33 | 12
#1603-d226 @A: 15 11 27 35 | 03
#1604-d226 @A: 03 09 35 30 | 11
#1605-d226 @A: 23 32 27 35 | 09
#1606-d226 @A: 06 33 25 35 | 01
#1607-d226 @A: 35 30 25 24 | 08
#1608-d226 @A: 26 20 25 35 | 10
#1609-d226 @A: 16 09 07 34 | 02
#1610-d226 @A: 16 07 08 06 | 06
#1611-d226 @A: 07 16 30 29 | 05
#1612-d226 @A: 16 17 31 03 | 04
#1613-d226 @A: 32 16 08 15 | 07
#1614-d226 @A: 18 16 23 08 | 12
#1615-d226 @A: 16 13 22 23 | 03
#1616-d226 @A: 23 14 16 32 | 11
#1617-d226 @A: 09 21 16 32 | 09
#1618-d226 @A: 15 26 16 33 | 01
#1619-d226 @A: 21 22 24 16 | 08
#1620-d226 @A: 16 06 24 30 | 10
#1621-d226 @A: 05 06 16 09 | 02
#1622-d226 @A: 20 16 27 05 | 06
#1623-d226 @A: 07 18 26 31 | 05
#1624-d226 @A: 08 21 07 23 | 04
#1625-d226 @A: 18 23 07 13 | 07
#1626-d226 @A: 07 12 11 33 | 12
#1627-d226 @A: 11 26 21 07 | 03
#1628-d226 @A: 15 03 14 07 | 11
#1629-d226 @A: 07 18 15 33 | 09
#1630-d226 @A: 07 29 10 25 | 01
#1631-d226 @A: 07 26 05 20 | 08
#1632-d226 @A: 31 20 12 29 | 10
#1633-d226 @A: 11 31 05 23 | 02
#1634-d226 @A: 31 11 14 29 | 06
#1635-d226 @A: 24 27 31 11 | 05
#1636-d226 @A: 10 18 33 31 | 04
#1637-d226 @A: 20 26 31 29 | 07
#1638-d226 @A: 08 34 10 03 | 12
#1639-d226 @A: 34 19 10 24 | 03
#1640-d226 @A: 13 12 34 29 | 11
#1641-d226 @A: 34 05 10 33 | 09
#1642-d226 @A: 24 33 34 22 | 01
#1643-d226 @A: 33 30 09 34 | 08
#1644-d226 @A: 09 34 24 18 | 10
#1645-d226 @A: 34 27 09 21 | 02
#1646-d226 @A: 13 25 08 32 | 06
#1647-d226 @A: 25 11 08 21 | 05
#1648-d226 @A: 03 08 25 09 | 04
#1649-d226 @A: 30 22 25 08 | 07
#1650-d226 @A: 05 30 08 15 | 12
#1651-d226 @A: 29 06 22 08 | 03
#1652-d226 @A: 30 21 06 08 | 11
#1653-d226 @A: 13 19 23 10 | 09
#1654-d226 @A: 26 19 20 11 | 01
#1655-d226 @A: 20 32 25 19 | 08
#1656-d226 @A: 33 09 19 21 | 10
#1657-d226 @A: 15 19 10 21 | 02
#1658-d226 @A: 19 06 10 18 | 06
#1659-d226 @A: 20 19 18 29 | 05
#1660-d226 @A: 03 13 12 24 | 04
#1661-d226 @A: 13 12 09 32 | 07
#1662-d226 @A: 17 13 14 32 | 12
#1663-d226 @A: 26 09 15 13 | 03
#1664-d226 @A: 21 15 29 13 | 11
#1665-d226 @A: 09 11 12 17 | 09
#1666-d226 @A: 26 11 18 12 | 01
#1667-d226 @A: 26 17 12 23 | 08
#1668-d226 @A: 27 12 25 10 | 10
#1669-d226 @A: 09 06 12 15 | 02
#1670-d226 @A: 26 03 11 27 | 06
#1671-d226 @A: 09 11 05 33 | 05
#1672-d226 @A: 17 29 11 25 | 04
#1673-d226 @A: 20 15 11 25 | 07
#1674-d226 @A: 29 11 24 20 | 12
#1675-d226 @A: 14 32 27 03 | 03
#1676-d226 @A: 22 10 03 05 | 11
#1677-d226 @A: 15 03 24 27 | 09
#1678-d226 @A: 22 06 03 24 | 01
#1679-d226 @A: 03 30 05 18 | 08
#1680-d226 @A: 05 25 32 22 | 10
#1681-d226 @A: 17 24 21 32 | 02
#1682-d226 @A: 17 05 32 30 | 06
#1683-d226 @A: 32 21 06 05 | 05
#1684-d226 @A: 14 09 23 21 | 04
#1685-d226 @A: 14 23 29 20 | 07
#1686-d226 @A: 23 33 27 17 | 12
#1687-d226 @A: 25 23 22 29 | 03
#1688-d226 @A: 29 15 14 10 | 11
#1689-d226 @A: 25 06 26 18 | 09
