#0001-d273 @A: 30 06 35 03 | 09
#0002-d273 @A: 33 35 31 30 | 01
#0003-d273 @A: 17 01 30 32 | 03
#0004-d273 @A: 21 34 24 30 | 07
#0005-d273 @A: 30 32 21 08 | 08
#0006-d273 @A: 30 21 11 27 | 06
#0007-d273 @A: 30 15 03 20 | 05
#0008-d273 @A: 30 29 25 16 | 12
#0009-d273 @A: 04 13 07 30 | 10
#0010-d273 @A: 30 07 25 12 | 11
#0011-d273 @A: 30 14 04 25 | 04
#0012-d273 @A: 05 12 30 06 | 02
#0013-d273 @A: 04 27 30 05 | 09
#0014-d273 @A: 30 31 34 04 | 01
#0015-d273 @A: 30 22 09 08 | 03
#0016-d273 @A: 30 31 11 02 | 07
#0017-d273 @A: 30 22 03 10 | 08
#0018-d273 @A: 20 30 10 11 | 06
#0019-d273 @A: 35 01 10 29 | 05
#0020-d273 @A: 11 23 08 35 | 12
#0021-d273 @A: 35 17 08 12 | 10
#0022-d273 @A: 10 24 15 35 | 11
#0023-d273 @A: 26 24 14 35 | 04
#0024-d273 @A: 05 29 11 35 | 02
#0025-d273 @A: 35 18 05 02 | 09
#0026-d273 @A: 14 09 35 03 | 01
#0027-d273 @A: 19 14 31 35 | 03
#0028-d273 @A: 32 34 35 11 | 07
#0029-d273 @A: 35 32 27 10 | 08
#0030-d273 @A: 05 01 21 09 | 06
#0031-d273 @A: 06 18 15 01 | 05
#0032-d273 @A: 15 04 01 12 | 12
#0033-d273 @A: 05 15 03 01 | 10
#0034-d273 @A: 01 16 20 24 | 11
#0035-d273 @A: 01 18 07 16 | 04
#0036-d273 @A: 27 01 06 13 | 02
#0037-d273 @A: 03 13 01 02 | 09
#0038-d273 @A: 01 11 25 09 | 01
#0039-d273 @A: 01 28 14 25 | 03
#0040-d273 @A: 01 06 03 32 | 07
#0041-d273 @A: 01 22 27 19 | 08
#0042-d273 @A: 23 08 17 32 | 06
#0043-d273 @A: 23 12 08 21 | 05
#0044-d273 @A: 31 07 23 15 | 12
#0045-d273 @A: 23 15 18 04 | 10
#0046-d273 @A: 23 08 15 09 | 11
#0047-d273 @A: 24 23 13 28 | 04
#0048-d273 @A: 31 23 25 16 | 02
#0049-d273 @A: 32 06 23 16 | 09
#0050-d273 @A: 07 33 23 06 | 01
#0051-d273 @A: 09 23 26 28 | 03
#0052-d273 @A: 04 08 23 31 | 07
#0053-d273 @A: 19 23 09 10 | 08
#0054-d273 @A: 27 20 28 23 | 06
#0055-d273 @A: 07 21 17 19 | 05
#0056-d273 @A: 02 15 17 07 | 12
#0057-d273 @A: 17 16 33 24 | 10
#0058-d273 @A: 17 08 16 20 | 11
#0059-d273 @A: 05 17 27 16 | 04
#0060-d273 @A: 14 28 17 16 | 02
#0061-d273 @A: 06 28 17 07 | 09
#0062-d273 @A: 14 13 17 26 | 01
#0063-d273 @A: 17 26 29 02 | 03
#0064-d273 @A: 18 17 26 20 | 07
#0065-d273 @A: 18 17 06 32 | 08
#0066-d273 @A: 03 22 17 09 | 06
#0067-d273 @A: 33 02 18 17 | 05
#0068-d273 @A: 33 17 14 31 | 12
#0069-d273 @A: 17 03 18 27 | 10
#0070-d273 @A: 10 28 32 17 | 11
#0071-d273 @A: 15 16 21 28 | 04
#0072-d273 @A: 21 12 15 09 | 02
#0073-d273 @A: 29 13 21 16 | 09
#0074-d273 @A: 07 28 02 21 | 01
#0075-d273 @A: 20 25 03 21 | 03
#0076-d273 @A: 29 26 14 21 | 07
#0077-d273 @A: 27 21 33 26 | 08
#0078-d273 @A: 32 06 04 21 | 06
#0079-d273 @A: 21 34 14 18 | 05
#0080-d273 @A: 16 15 20 11 | 12
#0081-d273 @A: 05 22 15 06 | 10
#0082-d273 @A: 15 22 11 04 | 11
#0083-d273 @A: 15 05 29 27 | 04
#0084-d273 @A: 15 33 02 03 | 02
#0085-d273 @A: 31 15 27 02 | 09
#0086-d273 @A: 15 34 31 14 | 01
#0087-d273 @A: 11 15 18 12 | 03
#0088-d273 @A: 31 16 13 24 | 07
#0089-d273 @A: 16 26 24 34 | 08
#0090-d273 @A: 24 02 03 16 | 06
#0091-d273 @A: 19 13 07 24 | 05
#0092-d273 @A: 07 24 10 28 | 12
#0093-d273 @A: 18 05 24 25 | 10
#0094-d273 @A: 04 19 24 22 | 11
#0095-d273 @A: 24 08 29 33 | 04
#0096-d273 @A: 24 12 33 03 | 02
#0097-d273 @A: 14 24 33 20 | 09
#0098-d273 @A: 31 20 24 18 | 01
#0099-d273 @A: 16 11 22 07 | 03
#0100-d273 @A: 34 08 16 06 | 07
#0101-d273 @A: 14 12 02 16 | 08
#0102-d273 @A: 27 19 11 16 | 06
#0103-d273 @A: 16 11 03 32 | 05
#0104-d273 @A: 08 07 13 20 | 12
#0105-d273 @A: 11 25 07 08 | 10
#0106-d273 @A: 02 07 31 04 | 11
#0107-d273 @A: 07 03 28 32 | 04
#0108-d273 @A: 13 11 25 05 | 02
#0109-d273 @A: 31 06 12 13 | 09
#0110-d273 @A: 13 08 29 34 | 01
#0111-d273 @A: 13 11 29 32 | 03
#0112-d273 @A: 13 18 09 32 | 07
#0113-d273 @A: 02 27 32 25 | 08
#0114-d273 @A: 03 25 33 32 | 06
#0115-d273 @A: 14 04 08 26 | 05
#0116-d273 @A: 09 11 02 26 | 12
#0117-d273 @A: 26 18 09 14 | 10
#0118-d273 @A: 26 14 10 33 | 11
#0119-d273 @A: 27 18 26 11 | 04
#0120-d273 @A: 27 02 06 04 | 02
#0121-d273 @A: 06 31 28 02 | 09
#0122-d273 @A: 06 02 12 32 | 01
#0123-d273 @A: 34 10 11 06 | 03
#0124-d273 @A: 19 10 28 04 | 07
#0125-d273 @A: 03 32 18 04 | 08
#0126-d273 @A: 22 29 05 09 | 06
#0127-d273 @A: 29 11 19 10 | 05
#0128-d273 @A: 22 03 33 29 | 12
#0129-d273 @A: 05 08 12 11 | 10
#0130-d273 @A: 09 03 08 19 | 11
#0131-d273 @A: 08 34 02 11 | 04
#0132-d273 @A: 08 28 10 27 | 02
#0133-d273 @A: 14 33 05 02 | 09
#0134-d273 @A: 12 19 05 27 | 01
#0135-d273 @A: 22 28 33 05 | 03
#0136-d273 @A: 03 27 32 05 | 07
#0137-d273 @A: 28 19 20 14 | 08
#0138-d273 @A: 33 28 11 27 | 06
#0139-d273 @A: 35 30 02 15 | 05
#0140-d273 @A: 30 29 35 09 | 12
#0141-d273 @A: 34 05 30 35 | 10
#0142-d273 @A: 05 11 30 01 | 11
#0143-d273 @A: 10 30 01 12 | 04
#0144-d273 @A: 17 29 30 03 | 02
#0145-d273 @A: 05 10 30 17 | 09
#0146-d273 @A: 30 02 06 24 | 01
#0147-d273 @A: 27 08 30 24 | 03
#0148-d273 @A: 06 16 19 30 | 07
#0149-d273 @A: 30 16 34 11 | 08
#0150-d273 @A: 20 30 31 25 | 06
#0151-d273 @A: 30 06 18 26 | 05
#0152-d273 @A: 30 29 26 33 | 12
#0153-d273 @A: 04 30 08 03 | 10
#0154-d273 @A: 11 15 01 35 | 11
#0155-d273 @A: 33 23 35 16 | 04
#0156-d273 @A: 17 31 35 15 | 02
#0157-d273 @A: 35 21 27 13 | 09
#0158-d273 @A: 06 14 35 15 | 01
#0159-d273 @A: 15 28 35 10 | 03
#0160-d273 @A: 35 11 24 07 | 07
#0161-d273 @A: 06 07 29 35 | 08
#0162-d273 @A: 25 08 35 05 | 06
#0163-d273 @A: 26 27 05 35 | 05
#0164-d273 @A: 34 09 19 35 | 12
#0165-d273 @A: 14 11 35 02 | 10
#0166-d273 @A: 35 11 19 18 | 11
#0167-d273 @A: 22 10 35 31 | 04
#0168-d273 @A: 25 23 32 01 | 02
#0169-d273 @A: 23 11 01 26 | 09
#0170-d273 @A: 15 01 21 19 | 01
#0171-d273 @A: 02 01 06 21 | 03
#0172-d273 @A: 20 01 21 08 | 07
#0173-d273 @A: 01 27 03 21 | 08
#0174-d273 @A: 34 07 24 01 | 06
#0175-d273 @A: 24 01 18 09 | 05
#0176-d273 @A: 16 27 01 25 | 12
#0177-d273 @A: 04 28 01 16 | 10
#0178-d273 @A: 07 01 09 08 | 11
#0179-d273 @A: 27 01 07 05 | 04
#0180-d273 @A: 26 01 32 22 | 02
#0181-d273 @A: 11 02 18 01 | 09
#0182-d273 @A: 01 33 18 28 | 01
#0183-d273 @A: 23 17 24 07 | 03
#0184-d273 @A: 23 17 09 13 | 07
#0185-d273 @A: 17 18 05 23 | 08
#0186-d273 @A: 10 14 17 23 | 06
#0187-d273 @A: 33 15 23 21 | 05
#0188-d273 @A: 21 23 06 18 | 12
#0189-d273 @A: 21 04 23 19 | 10
#0190-d273 @A: 21 14 23 09 | 11
#0191-d273 @A: 15 29 02 23 | 04
#0192-d273 @A: 34 23 25 24 | 02
#0193-d273 @A: 23 06 11 13 | 09
#0194-d273 @A: 23 06 31 29 | 01
#0195-d273 @A: 06 23 12 22 | 03
#0196-d273 @A: 23 33 12 34 | 07
#0197-d273 @A: 33 23 22 27 | 08
#0198-d273 @A: 10 23 32 03 | 06
#0199-d273 @A: 31 23 32 20 | 05
#0200-d273 @A: 21 22 17 15 | 12
#0201-d273 @A: 18 16 13 17 | 10
#0202-d273 @A: 32 16 17 26 | 11
#0203-d273 @A: 07 29 17 33 | 04
#0204-d273 @A: 05 08 17 07 | 02
#0205-d273 @A: 26 10 17 08 | 09
#0206-d273 @A: 26 17 19 27 | 01
#0207-d273 @A: 04 09 17 18 | 03
#0208-d273 @A: 04 10 31 17 | 07
#0209-d273 @A: 27 02 17 34 | 08
#0210-d273 @A: 13 15 21 25 | 06
#0211-d273 @A: 34 15 21 06 | 05
#0212-d273 @A: 21 09 16 26 | 12
#0213-d273 @A: 04 16 21 18 | 10
#0214-d273 @A: 20 21 16 02 | 11
#0215-d273 @A: 07 21 09 33 | 04
#0216-d273 @A: 26 03 06 21 | 02
#0217-d273 @A: 21 05 34 04 | 09
#0218-d273 @A: 12 28 21 04 | 01
#0219-d273 @A: 21 33 10 18 | 03
#0220-d273 @A: 12 21 11 31 | 07
#0221-d273 @A: 11 20 22 21 | 08
#0222-d273 @A: 06 24 15 27 | 06
#0223-d273 @A: 15 08 32 24 | 05
#0224-d273 @A: 15 27 24 28 | 12
#0225-d273 @A: 15 32 16 13 | 10
#0226-d273 @A: 15 34 04 08 | 11
#0227-d273 @A: 32 15 14 29 | 04
#0228-d273 @A: 15 31 33 09 | 02
#0229-d273 @A: 32 11 33 15 | 09
#0230-d273 @A: 10 15 18 32 | 01
#0231-d273 @A: 24 04 13 32 | 03
#0232-d273 @A: 33 06 32 24 | 07
#0233-d273 @A: 06 24 28 14 | 08
#0234-d273 @A: 31 04 24 03 | 06
#0235-d273 @A: 19 29 18 24 | 05
#0236-d273 @A: 12 24 34 08 | 12
#0237-d273 @A: 09 34 24 33 | 10
#0238-d273 @A: 24 09 11 32 | 11
#0239-d273 @A: 34 19 24 28 | 04
#0240-d273 @A: 31 24 22 12 | 02
#0241-d273 @A: 27 18 24 12 | 09
#0242-d273 @A: 24 12 28 11 | 01
#0243-d273 @A: 34 32 24 14 | 03
#0244-d273 @A: 02 25 06 16 | 07
#0245-d273 @A: 25 16 04 34 | 08
#0246-d273 @A: 25 16 05 03 | 06
#0247-d273 @A: 05 26 16 19 | 05
#0248-d273 @A: 20 16 26 22 | 12
#0249-d273 @A: 22 03 06 16 | 10
#0250-d273 @A: 16 05 29 31 | 11
#0251-d273 @A: 16 09 31 10 | 04
#0252-d273 @A: 18 09 16 27 | 02
#0253-d273 @A: 20 27 12 16 | 09
#0254-d273 @A: 07 13 31 29 | 01
#0255-d273 @A: 32 13 07 05 | 03
#0256-d273 @A: 07 09 13 11 | 07
#0257-d273 @A: 27 04 09 07 | 08
#0258-d273 @A: 08 07 29 10 | 06
#0259-d273 @A: 32 03 07 09 | 05
#0260-d273 @A: 02 07 12 18 | 12
#0261-d273 @A: 20 07 19 22 | 10
#0262-d273 @A: 10 20 32 07 | 11
#0263-d273 @A: 14 22 07 10 | 04
#0264-d273 @A: 04 26 18 13 | 02
#0265-d273 @A: 09 08 13 26 | 09
#0266-d273 @A: 05 13 33 26 | 01
#0267-d273 @A: 26 31 13 19 | 03
#0268-d273 @A: 26 28 18 13 | 07
#0269-d273 @A: 13 10 27 08 | 08
#0270-d273 @A: 34 02 13 28 | 06
#0271-d273 @A: 13 34 33 31 | 05
#0272-d273 @A: 03 32 14 13 | 12
#0273-d273 @A: 20 03 22 13 | 10
#0274-d273 @A: 12 13 20 32 | 11
#0275-d273 @A: 14 13 22 11 | 04
#0276-d273 @A: 25 06 05 34 | 02
#0277-d273 @A: 33 25 09 06 | 09
#0278-d273 @A: 29 32 04 25 | 01
#0279-d273 @A: 11 03 25 27 | 03
#0280-d273 @A: 31 14 25 27 | 07
#0281-d273 @A: 18 25 12 32 | 08
#0282-d273 @A: 26 08 27 06 | 06
#0283-d273 @A: 04 29 26 22 | 05
#0284-d273 @A: 26 03 20 09 | 12
#0285-d273 @A: 34 31 26 09 | 10
#0286-d273 @A: 26 03 22 02 | 11
#0287-d273 @A: 02 27 20 26 | 04
#0288-d273 @A: 03 26 10 27 | 02
#0289-d273 @A: 26 11 32 10 | 09
#0290-d273 @A: 08 14 06 11 | 01
#0291-d273 @A: 06 32 28 20 | 03
#0292-d273 @A: 29 04 05 18 | 07
#0293-d273 @A: 02 20 18 04 | 08
#0294-d273 @A: 27 31 04 19 | 06
#0295-d273 @A: 10 33 22 04 | 05
#0296-d273 @A: 04 28 33 14 | 12
#0297-d273 @A: 34 12 11 04 | 10
#0298-d273 @A: 29 08 27 22 | 11
#0299-d273 @A: 14 09 19 29 | 04
#0300-d273 @A: 12 03 32 29 | 02
#0301-d273 @A: 18 27 29 10 | 09
#0302-d273 @A: 14 02 32 08 | 01
#0303-d273 @A: 22 08 14 33 | 03
#0304-d273 @A: 18 34 08 20 | 07
#0305-d273 @A: 31 02 12 05 | 08
#0306-d273 @A: 03 05 19 18 | 06
#0307-d273 @A: 11 32 05 19 | 05
#0308-d273 @A: 05 27 33 34 | 12
#0309-d273 @A: 22 14 05 18 | 10
#0310-d273 @A: 05 32 12 14 | 11
#0311-d273 @A: 20 34 09 28 | 04
#0312-d273 @A: 20 10 28 02 | 02
#0313-d273 @A: 28 18 03 12 | 09
#0314-d273 @A: 27 30 17 23 | 01
#0315-d273 @A: 30 29 23 11 | 03
#0316-d273 @A: 24 17 30 20 | 07
#0317-d273 @A: 29 30 15 21 | 08
#0318-d273 @A: 30 07 21 02 | 06
#0319-d273 @A: 28 14 30 21 | 05
#0320-d273 @A: 08 30 15 11 | 12
#0321-d273 @A: 30 16 13 27 | 10
#0322-d273 @A: 30 20 06 07 | 11
#0323-d273 @A: 30 26 31 08 | 04
#0324-d273 @A: 19 02 34 30 | 02
#0325-d273 @A: 14 30 03 02 | 09
#0326-d273 @A: 32 20 30 19 | 01
#0327-d273 @A: 14 04 23 35 | 03
#0328-d273 @A: 35 10 17 21 | 07
#0329-d273 @A: 35 17 32 05 | 08
#0330-d273 @A: 15 16 35 25 | 06
#0331-d273 @A: 35 12 15 05 | 05
#0332-d273 @A: 13 16 35 02 | 12
#0333-d273 @A: 18 35 16 28 | 10
#0334-d273 @A: 22 14 35 16 | 11
#0335-d273 @A: 07 31 08 35 | 04
#0336-d273 @A: 35 04 28 20 | 02
#0337-d273 @A: 35 33 29 12 | 09
#0338-d273 @A: 32 22 35 09 | 01
#0339-d273 @A: 12 34 35 18 | 03
#0340-d273 @A: 20 01 13 23 | 07
#0341-d273 @A: 23 29 03 01 | 08
#0342-d273 @A: 10 17 01 25 | 06
#0343-d273 @A: 04 17 01 19 | 05
#0344-d273 @A: 21 13 10 01 | 12
#0345-d273 @A: 01 07 32 15 | 10
#0346-d273 @A: 05 12 01 13 | 11
#0347-d273 @A: 01 25 08 12 | 04
#0348-d273 @A: 01 06 12 09 | 02
#0349-d273 @A: 29 02 05 01 | 09
#0350-d273 @A: 20 29 01 32 | 01
#0351-d273 @A: 32 01 02 33 | 03
#0352-d273 @A: 34 01 14 33 | 07
#0353-d273 @A: 31 32 01 12 | 08
#0354-d273 @A: 23 07 20 21 | 06
#0355-d273 @A: 27 25 23 06 | 05
#0356-d273 @A: 28 25 33 23 | 12
#0357-d273 @A: 20 05 06 23 | 10
#0358-d273 @A: 04 05 23 02 | 11
#0359-d273 @A: 03 05 33 23 | 04
#0360-d273 @A: 18 12 09 23 | 02
#0361-d273 @A: 19 12 11 23 | 09
#0362-d273 @A: 10 31 23 11 | 01
#0363-d273 @A: 23 27 12 10 | 03
#0364-d273 @A: 24 17 25 02 | 07
#0365-d273 @A: 09 17 16 25 | 08
#0366-d273 @A: 29 17 16 10 | 06
#0367-d273 @A: 17 04 05 22 | 05
#0368-d273 @A: 17 12 08 28 | 12
#0369-d273 @A: 12 33 22 17 | 10
#0370-d273 @A: 18 34 10 17 | 11
#0371-d273 @A: 16 15 31 21 | 04
#0372-d273 @A: 08 15 03 21 | 02
#0373-d273 @A: 21 12 13 24 | 09
#0374-d273 @A: 31 21 06 24 | 01
#0375-d273 @A: 34 16 07 21 | 03
#0376-d273 @A: 16 10 21 06 | 07
#0377-d273 @A: 28 16 20 21 | 08
#0378-d273 @A: 25 34 08 21 | 06
#0379-d273 @A: 28 21 26 11 | 05
#0380-d273 @A: 03 21 04 09 | 12
#0381-d273 @A: 21 02 09 31 | 10
#0382-d273 @A: 21 18 09 19 | 11
#0383-d273 @A: 21 09 22 27 | 04
#0384-d273 @A: 15 24 11 25 | 02
#0385-d273 @A: 05 19 24 15 | 09
#0386-d273 @A: 07 34 25 15 | 01
#0387-d273 @A: 15 06 02 13 | 03
#0388-d273 @A: 15 14 33 13 | 07
#0389-d273 @A: 15 08 27 25 | 08
#0390-d273 @A: 06 19 04 15 | 06
#0391-d273 @A: 15 10 03 29 | 05
#0392-d273 @A: 08 34 28 15 | 12
#0393-d273 @A: 15 34 09 20 | 10
#0394-d273 @A: 02 34 15 12 | 11
#0395-d273 @A: 02 20 15 32 | 04
#0396-d273 @A: 24 31 07 25 | 02
#0397-d273 @A: 25 03 24 08 | 09
#0398-d273 @A: 24 27 26 29 | 01
#0399-d273 @A: 09 05 24 04 | 03
#0400-d273 @A: 12 02 24 09 | 07
#0401-d273 @A: 02 34 18 24 | 08
#0402-d273 @A: 25 26 11 16 | 06
#0403-d273 @A: 16 09 11 12 | 05
#0404-d273 @A: 16 18 02 32 | 12
#0405-d273 @A: 16 12 19 31 | 10
#0406-d273 @A: 22 16 33 34 | 11
#0407-d273 @A: 12 22 10 16 | 04
#0408-d273 @A: 25 22 07 13 | 02
#0409-d273 @A: 26 32 25 07 | 09
#0410-d273 @A: 07 18 08 06 | 01
#0411-d273 @A: 05 34 07 12 | 03
#0412-d273 @A: 07 19 33 14 | 07
#0413-d273 @A: 03 07 18 10 | 08
#0414-d273 @A: 28 34 11 07 | 06
#0415-d273 @A: 04 20 13 25 | 05
#0416-d273 @A: 03 13 33 09 | 12
#0417-d273 @A: 33 13 22 02 | 10
#0418-d273 @A: 13 02 32 10 | 11
#0419-d273 @A: 13 18 33 19 | 04
#0420-d273 @A: 31 13 10 20 | 02
#0421-d273 @A: 25 31 08 06 | 09
#0422-d273 @A: 25 05 27 10 | 01
#0423-d273 @A: 11 25 02 12 | 03
#0424-d273 @A: 34 32 20 25 | 07
#0425-d273 @A: 25 22 32 11 | 08
#0426-d273 @A: 02 28 04 26 | 06
#0427-d273 @A: 19 02 26 18 | 05
#0428-d273 @A: 03 27 06 19 | 12
#0429-d273 @A: 34 12 14 06 | 10
#0430-d273 @A: 32 20 22 06 | 11
#0431-d273 @A: 22 27 06 11 | 04
#0432-d273 @A: 29 04 08 19 | 02
#0433-d273 @A: 14 09 31 04 | 09
#0434-d273 @A: 31 29 33 19 | 01
#0435-d273 @A: 05 08 14 20 | 03
#0436-d273 @A: 22 12 08 32 | 07
#0437-d273 @A: 09 31 05 19 | 08
#0438-d273 @A: 05 03 09 10 | 06
#0439-d273 @A: 09 10 28 33 | 05
#0440-d273 @A: 27 02 14 28 | 12
#0441-d273 @A: 34 18 22 28 | 10
#0442-d273 @A: 35 02 28 30 | 11
#0443-d273 @A: 15 30 32 23 | 04
#0444-d273 @A: 30 25 09 21 | 02
#0445-d273 @A: 19 30 12 15 | 09
#0446-d273 @A: 30 04 11 24 | 01
#0447-d273 @A: 31 24 30 14 | 03
#0448-d273 @A: 05 30 28 13 | 07
#0449-d273 @A: 13 20 30 34 | 08
#0450-d273 @A: 03 30 27 33 | 06
#0451-d273 @A: 33 30 22 11 | 05
#0452-d273 @A: 03 30 34 32 | 12
#0453-d273 @A: 30 22 12 20 | 10
#0454-d273 @A: 35 19 01 16 | 11
#0455-d273 @A: 26 01 03 35 | 04
#0456-d273 @A: 05 01 35 20 | 02
#0457-d273 @A: 23 05 22 35 | 09
#0458-d273 @A: 17 16 35 11 | 01
#0459-d273 @A: 07 17 18 35 | 03
#0460-d273 @A: 04 17 35 34 | 07
#0461-d273 @A: 35 18 15 21 | 08
#0462-d273 @A: 20 35 04 15 | 06
#0463-d273 @A: 08 15 33 35 | 05
#0464-d273 @A: 24 32 35 25 | 12
#0465-d273 @A: 03 27 24 35 | 10
#0466-d273 @A: 06 02 26 35 | 11
#0467-d273 @A: 29 03 08 35 | 04
#0468-d273 @A: 10 19 03 35 | 02
#0469-d273 @A: 18 35 20 22 | 09
#0470-d273 @A: 17 23 06 01 | 01
#0471-d273 @A: 23 24 12 01 | 03
#0472-d273 @A: 23 27 31 01 | 07
#0473-d273 @A: 15 27 01 17 | 08
#0474-d273 @A: 01 19 28 17 | 06
#0475-d273 @A: 29 01 21 18 | 05
#0476-d273 @A: 01 04 06 24 | 12
#0477-d273 @A: 01 07 25 14 | 10
#0478-d273 @A: 11 08 01 29 | 11
#0479-d273 @A: 09 02 34 01 | 04
#0480-d273 @A: 10 09 33 01 | 02
#0481-d273 @A: 09 03 31 01 | 09
#0482-d273 @A: 15 16 24 23 | 01
#0483-d273 @A: 23 26 12 15 | 03
#0484-d273 @A: 23 34 15 10 | 07
#0485-d273 @A: 29 23 16 19 | 08
#0486-d273 @A: 16 02 11 23 | 06
#0487-d273 @A: 25 10 23 07 | 05
#0488-d273 @A: 34 07 26 23 | 12
#0489-d273 @A: 23 29 09 25 | 10
#0490-d273 @A: 20 29 26 23 | 11
#0491-d273 @A: 26 08 23 22 | 04
#0492-d273 @A: 23 09 04 34 | 02
#0493-d273 @A: 14 08 23 29 | 09
#0494-d273 @A: 12 20 23 14 | 01
#0495-d273 @A: 21 05 17 14 | 03
#0496-d273 @A: 17 24 13 27 | 07
#0497-d273 @A: 19 02 16 17 | 08
#0498-d273 @A: 07 20 04 17 | 06
#0499-d273 @A: 17 05 03 11 | 05
#0500-d273 @A: 28 12 02 17 | 12
#0501-d273 @A: 17 19 12 34 | 10
#0502-d273 @A: 31 34 17 22 | 11
#0503-d273 @A: 32 17 14 27 | 04
#0504-d273 @A: 34 11 28 17 | 02
#0505-d273 @A: 21 15 11 10 | 09
#0506-d273 @A: 13 07 21 03 | 01
#0507-d273 @A: 11 21 29 06 | 03
#0508-d273 @A: 11 02 21 04 | 07
#0509-d273 @A: 22 19 21 28 | 08
#0510-d273 @A: 33 31 03 21 | 06
#0511-d273 @A: 14 32 21 11 | 05
#0512-d273 @A: 15 10 07 16 | 12
#0513-d273 @A: 27 15 13 18 | 10
#0514-d273 @A: 26 11 29 15 | 11
#0515-d273 @A: 20 15 08 26 | 04
#0516-d273 @A: 10 26 15 05 | 02
#0517-d273 @A: 15 04 05 28 | 09
#0518-d273 @A: 15 11 14 09 | 01
#0519-d273 @A: 33 31 28 15 | 03
#0520-d273 @A: 15 27 03 12 | 07
#0521-d273 @A: 15 11 34 27 | 08
#0522-d273 @A: 22 13 26 24 | 06
#0523-d273 @A: 26 08 05 24 | 05
#0524-d273 @A: 04 29 24 34 | 12
#0525-d273 @A: 11 19 24 33 | 10
#0526-d273 @A: 03 14 24 11 | 11
#0527-d273 @A: 27 24 34 22 | 04
#0528-d273 @A: 16 26 14 07 | 02
#0529-d273 @A: 08 16 33 07 | 09
#0530-d273 @A: 27 07 28 16 | 01
#0531-d273 @A: 03 26 29 16 | 03
#0532-d273 @A: 08 28 06 16 | 07
#0533-d273 @A: 16 06 33 27 | 08
#0534-d273 @A: 14 09 33 16 | 06
#0535-d273 @A: 20 31 16 33 | 05
#0536-d273 @A: 18 03 16 20 | 12
#0537-d273 @A: 32 16 14 20 | 10
#0538-d273 @A: 07 27 13 26 | 11
#0539-d273 @A: 29 07 02 25 | 04
#0540-d273 @A: 08 07 32 04 | 02
#0541-d273 @A: 29 05 20 07 | 09
#0542-d273 @A: 22 34 09 07 | 01
#0543-d273 @A: 13 26 02 25 | 03
#0544-d273 @A: 13 14 25 06 | 07
#0545-d273 @A: 13 06 03 08 | 08
#0546-d273 @A: 13 08 04 11 | 06
#0547-d273 @A: 19 13 14 27 | 05
#0548-d273 @A: 13 33 12 10 | 12
#0549-d273 @A: 28 13 31 03 | 10
#0550-d273 @A: 13 10 18 22 | 11
#0551-d273 @A: 13 27 12 11 | 04
#0552-d273 @A: 03 26 04 25 | 02
#0553-d273 @A: 28 25 34 26 | 09
#0554-d273 @A: 03 29 14 25 | 01
#0555-d273 @A: 25 29 11 34 | 03
#0556-d273 @A: 25 10 34 03 | 07
#0557-d273 @A: 34 25 31 12 | 08
#0558-d273 @A: 25 34 22 14 | 06
#0559-d273 @A: 05 32 06 26 | 05
#0560-d273 @A: 34 04 27 26 | 12
#0561-d273 @A: 29 26 05 34 | 10
#0562-d273 @A: 03 26 11 08 | 11
#0563-d273 @A: 12 10 26 02 | 04
#0564-d273 @A: 19 32 28 26 | 02
#0565-d273 @A: 31 26 18 03 | 09
#0566-d273 @A: 22 26 31 11 | 01
#0567-d273 @A: 28 20 26 22 | 03
#0568-d273 @A: 10 29 06 12 | 07
#0569-d273 @A: 06 11 09 18 | 08
#0570-d273 @A: 12 06 19 18 | 06
#0571-d273 @A: 31 10 03 06 | 05
#0572-d273 @A: 09 11 04 10 | 12
#0573-d273 @A: 18 34 04 33 | 10
#0574-d273 @A: 14 03 34 04 | 11
#0575-d273 @A: 31 27 28 04 | 04
#0576-d273 @A: 04 22 20 31 | 02
#0577-d273 @A: 09 03 18 29 | 09
#0578-d273 @A: 12 29 20 09 | 01
#0579-d273 @A: 10 29 32 22 | 03
#0580-d273 @A: 02 05 10 08 | 07
#0581-d273 @A: 27 09 08 12 | 08
#0582-d273 @A: 12 19 08 02 | 06
#0583-d273 @A: 31 20 08 19 | 05
#0584-d273 @A: 28 08 18 32 | 12
#0585-d273 @A: 10 34 08 22 | 10
#0586-d273 @A: 03 02 20 05 | 11
#0587-d273 @A: 10 19 05 20 | 04
#0588-d273 @A: 22 12 05 03 | 02
#0589-d273 @A: 20 22 05 34 | 09
#0590-d273 @A: 34 12 28 31 | 01
#0591-d273 @A: 26 35 11 30 | 03
#0592-d273 @A: 24 30 15 01 | 07
#0593-d273 @A: 30 23 07 22 | 08
#0594-d273 @A: 05 31 23 30 | 06
#0595-d273 @A: 30 28 17 26 | 05
#0596-d273 @A: 26 21 12 30 | 12
#0597-d273 @A: 15 18 30 16 | 10
#0598-d273 @A: 16 10 24 30 | 11
#0599-d273 @A: 30 18 24 13 | 04
#0600-d273 @A: 16 30 07 31 | 02
#0601-d273 @A: 04 33 16 30 | 09
#0602-d273 @A: 07 19 26 30 | 01
#0603-d273 @A: 07 30 29 34 | 03
#0604-d273 @A: 33 07 30 10 | 07
#0605-d273 @A: 20 05 30 26 | 08
#0606-d273 @A: 30 14 33 32 | 06
#0607-d273 @A: 18 31 30 28 | 05
#0608-d273 @A: 32 12 11 30 | 12
#0609-d273 @A: 13 03 35 17 | 10
#0610-d273 @A: 25 35 33 17 | 11
#0611-d273 @A: 21 35 24 22 | 04
#0612-d273 @A: 21 02 29 35 | 02
#0613-d273 @A: 08 14 21 35 | 09
#0614-d273 @A: 21 19 35 05 | 01
#0615-d273 @A: 26 16 31 35 | 03
#0616-d273 @A: 07 35 20 27 | 07
#0617-d273 @A: 13 05 35 10 | 08
#0618-d273 @A: 35 13 19 28 | 06
#0619-d273 @A: 35 32 33 13 | 05
#0620-d273 @A: 11 25 35 20 | 12
#0621-d273 @A: 26 28 35 12 | 10
#0622-d273 @A: 27 35 12 06 | 11
#0623-d273 @A: 29 04 31 35 | 04
#0624-d273 @A: 04 35 22 08 | 02
#0625-d273 @A: 02 09 08 35 | 09
#0626-d273 @A: 35 27 33 14 | 01
#0627-d273 @A: 20 31 03 35 | 03
#0628-d273 @A: 10 14 35 20 | 07
#0629-d273 @A: 16 01 31 17 | 08
#0630-d273 @A: 01 25 26 21 | 06
#0631-d273 @A: 15 26 34 01 | 05
#0632-d273 @A: 01 15 08 10 | 12
#0633-d273 @A: 11 13 01 24 | 10
#0634-d273 @A: 01 24 32 05 | 11
#0635-d273 @A: 11 07 10 01 | 04
#0636-d273 @A: 02 26 08 01 | 02
#0637-d273 @A: 26 31 10 01 | 09
#0638-d273 @A: 08 01 04 33 | 01
#0639-d273 @A: 05 01 19 34 | 03
#0640-d273 @A: 01 09 14 22 | 07
#0641-d273 @A: 22 12 01 02 | 08
#0642-d273 @A: 31 22 01 33 | 06
#0643-d273 @A: 01 03 12 34 | 05
#0644-d273 @A: 18 34 01 32 | 12
#0645-d273 @A: 25 11 17 23 | 10
#0646-d273 @A: 23 16 13 26 | 11
#0647-d273 @A: 11 28 16 23 | 04
#0648-d273 @A: 23 04 27 13 | 02
#0649-d273 @A: 02 23 31 26 | 09
#0650-d273 @A: 33 23 11 14 | 01
#0651-d273 @A: 17 25 21 04 | 03
#0652-d273 @A: 25 21 17 28 | 07
#0653-d273 @A: 18 15 17 28 | 08
#0654-d273 @A: 17 05 34 24 | 06
#0655-d273 @A: 16 17 04 14 | 05
#0656-d273 @A: 28 03 17 05 | 12
#0657-d273 @A: 03 20 12 17 | 10
#0658-d273 @A: 20 31 17 28 | 11
#0659-d273 @A: 20 21 05 15 | 04
#0660-d273 @A: 26 18 21 24 | 02
#0661-d273 @A: 05 21 24 03 | 09
#0662-d273 @A: 21 27 08 07 | 01
#0663-d273 @A: 11 13 26 21 | 03
#0664-d273 @A: 22 13 08 21 | 07
#0665-d273 @A: 06 08 33 21 | 08
#0666-d273 @A: 21 18 20 12 | 06
#0667-d273 @A: 24 15 20 07 | 05
#0668-d273 @A: 22 33 15 24 | 12
#0669-d273 @A: 03 04 07 15 | 10
#0670-d273 @A: 04 13 10 15 | 11
#0671-d273 @A: 05 08 15 13 | 04
#0672-d273 @A: 08 15 29 31 | 02
#0673-d273 @A: 18 15 22 09 | 09
#0674-d273 @A: 18 20 33 15 | 01
#0675-d273 @A: 22 10 27 15 | 03
#0676-d273 @A: 24 05 22 07 | 07
#0677-d273 @A: 14 05 28 24 | 08
#0678-d273 @A: 19 03 34 24 | 06
#0679-d273 @A: 24 22 11 18 | 05
#0680-d273 @A: 04 19 16 07 | 12
#0681-d273 @A: 22 25 16 19 | 10
#0682-d273 @A: 16 26 06 12 | 11
#0683-d273 @A: 16 33 02 29 | 04
#0684-d273 @A: 16 34 09 03 | 02
#0685-d273 @A: 06 32 07 27 | 09
#0686-d273 @A: 19 02 09 07 | 01
#0687-d273 @A: 12 14 09 07 | 03
#0688-d273 @A: 27 02 03 07 | 07
#0689-d273 @A: 33 27 07 31 | 08
#0690-d273 @A: 20 34 33 07 | 06
#0691-d273 @A: 25 34 13 09 | 05
#0692-d273 @A: 04 06 13 33 | 12
#0693-d273 @A: 04 29 13 28 | 10
#0694-d273 @A: 05 13 04 31 | 11
#0695-d273 @A: 05 25 04 19 | 04
#0696-d273 @A: 18 28 25 05 | 02
#0697-d273 @A: 18 25 02 09 | 09
#0698-d273 @A: 02 25 20 14 | 01
#0699-d273 @A: 25 33 19 10 | 03
#0700-d273 @A: 25 10 14 11 | 07
#0701-d273 @A: 26 06 19 29 | 08
#0702-d273 @A: 26 05 29 28 | 06
#0703-d273 @A: 08 26 33 28 | 05
#0704-d273 @A: 04 18 10 06 | 12
#0705-d273 @A: 06 05 14 19 | 10
#0706-d273 @A: 09 06 34 27 | 11
#0707-d273 @A: 33 19 34 06 | 04
#0708-d273 @A: 06 14 22 31 | 02
#0709-d273 @A: 33 02 04 09 | 09
#0710-d273 @A: 27 22 04 03 | 01
#0711-d273 @A: 31 29 27 09 | 03
#0712-d273 @A: 29 18 14 28 | 07
#0713-d273 @A: 27 34 29 28 | 08
#0714-d273 @A: 11 27 14 29 | 06
#0715-d273 @A: 02 09 08 28 | 05
#0716-d273 @A: 09 08 14 34 | 12
#0717-d273 @A: 32 19 08 27 | 10
#0718-d273 @A: 10 31 14 08 | 11
#0719-d273 @A: 27 28 05 09 | 04
#0720-d273 @A: 35 08 30 20 | 02
#0721-d273 @A: 33 21 01 30 | 09
#0722-d273 @A: 30 31 29 01 | 01
#0723-d273 @A: 24 30 19 23 | 03
#0724-d273 @A: 23 30 20 16 | 07
#0725-d273 @A: 30 23 14 26 | 08
#0726-d273 @A: 26 17 30 09 | 06
#0727-d273 @A: 30 15 14 05 | 05
#0728-d273 @A: 30 33 34 15 | 12
#0729-d273 @A: 28 24 03 30 | 10
#0730-d273 @A: 26 27 25 30 | 11
#0731-d273 @A: 30 06 22 04 | 04
#0732-d273 @A: 04 28 30 08 | 02
#0733-d273 @A: 12 30 08 29 | 09
#0734-d273 @A: 20 29 18 30 | 01
#0735-d273 @A: 09 14 20 30 | 03
#0736-d273 @A: 18 30 32 27 | 07
#0737-d273 @A: 30 34 27 14 | 08
#0738-d273 @A: 27 01 35 08 | 06
#0739-d273 @A: 12 35 32 23 | 05
#0740-d273 @A: 24 35 09 17 | 12
#0741-d273 @A: 35 26 19 15 | 10
#0742-d273 @A: 34 35 15 22 | 11
#0743-d273 @A: 18 16 24 35 | 04
#0744-d273 @A: 16 09 35 05 | 02
#0745-d273 @A: 35 19 07 25 | 09
#0746-d273 @A: 11 35 13 31 | 01
#0747-d273 @A: 29 25 22 35 | 03
#0748-d273 @A: 26 18 29 35 | 07
#0749-d273 @A: 35 08 26 34 | 08
#0750-d273 @A: 35 20 32 26 | 06
#0751-d273 @A: 06 05 33 35 | 05
#0752-d273 @A: 04 35 03 05 | 12
#0753-d273 @A: 29 35 28 32 | 10
#0754-d273 @A: 02 33 19 35 | 11
#0755-d273 @A: 02 20 12 35 | 04
#0756-d273 @A: 22 27 02 35 | 02
#0757-d273 @A: 01 08 05 23 | 09
#0758-d273 @A: 01 24 17 03 | 01
#0759-d273 @A: 14 01 21 24 | 03
#0760-d273 @A: 15 02 16 01 | 07
#0761-d273 @A: 01 16 11 06 | 08
#0762-d273 @A: 13 04 34 01 | 06
#0763-d273 @A: 01 09 13 28 | 05
#0764-d273 @A: 06 20 01 25 | 12
#0765-d273 @A: 26 12 01 29 | 10
#0766-d273 @A: 11 01 32 27 | 11
#0767-d273 @A: 01 32 27 28 | 04
#0768-d273 @A: 23 26 17 03 | 02
#0769-d273 @A: 10 21 05 23 | 09
#0770-d273 @A: 15 06 23 03 | 01
#0771-d273 @A: 29 28 23 15 | 03
#0772-d273 @A: 23 24 06 14 | 07
#0773-d273 @A: 24 23 04 20 | 08
#0774-d273 @A: 23 26 18 10 | 06
#0775-d273 @A: 32 04 23 11 | 05
#0776-d273 @A: 18 34 29 23 | 12
#0777-d273 @A: 05 19 23 28 | 10
#0778-d273 @A: 03 23 02 18 | 11
#0779-d273 @A: 03 20 23 19 | 04
#0780-d273 @A: 18 23 19 27 | 02
#0781-d273 @A: 33 31 23 18 | 09
#0782-d273 @A: 17 06 21 20 | 01
#0783-d273 @A: 15 24 18 17 | 03
#0784-d273 @A: 06 15 17 16 | 07
#0785-d273 @A: 15 33 17 26 | 08
#0786-d273 @A: 07 17 12 16 | 06
#0787-d273 @A: 32 22 07 17 | 05
#0788-d273 @A: 13 20 29 17 | 12
#0789-d273 @A: 17 25 18 14 | 10
#0790-d273 @A: 05 17 29 12 | 11
#0791-d273 @A: 09 02 17 14 | 04
#0792-d273 @A: 17 02 03 10 | 02
#0793-d273 @A: 20 27 17 22 | 09
#0794-d273 @A: 28 13 33 21 | 01
#0795-d273 @A: 21 25 14 33 | 03
#0796-d273 @A: 29 04 12 21 | 07
#0797-d273 @A: 03 19 29 21 | 08
#0798-d273 @A: 31 32 21 05 | 06
#0799-d273 @A: 09 21 32 10 | 05
#0800-d273 @A: 21 28 09 32 | 12
#0801-d273 @A: 21 34 11 09 | 10
#0802-d273 @A: 34 21 22 03 | 11
#0803-d273 @A: 22 32 18 21 | 04
#0804-d273 @A: 32 34 27 21 | 02
#0805-d273 @A: 15 09 16 04 | 09
#0806-d273 @A: 13 07 12 15 | 01
#0807-d273 @A: 15 02 04 26 | 03
#0808-d273 @A: 15 29 20 06 | 07
#0809-d273 @A: 15 02 08 18 | 08
#0810-d273 @A: 05 15 18 31 | 06
#0811-d273 @A: 22 19 15 03 | 05
#0812-d273 @A: 11 15 14 28 | 12
#0813-d273 @A: 12 25 16 24 | 10
#0814-d273 @A: 24 07 33 18 | 11
#0815-d273 @A: 29 24 06 22 | 04
#0816-d273 @A: 06 08 20 24 | 02
#0817-d273 @A: 24 27 19 09 | 09
#0818-d273 @A: 24 19 12 14 | 01
#0819-d273 @A: 34 24 11 20 | 03
#0820-d273 @A: 13 08 12 16 | 07
#0821-d273 @A: 16 04 11 05 | 08
#0822-d273 @A: 02 16 28 19 | 06
#0823-d273 @A: 33 16 19 32 | 05
#0824-d273 @A: 11 10 16 18 | 12
#0825-d273 @A: 22 28 32 16 | 10
#0826-d273 @A: 07 26 12 08 | 11
#0827-d273 @A: 14 07 04 29 | 04
#0828-d273 @A: 07 08 19 34 | 02
#0829-d273 @A: 03 14 20 07 | 09
#0830-d273 @A: 31 07 34 32 | 01
#0831-d273 @A: 12 11 07 20 | 03
#0832-d273 @A: 13 28 25 20 | 07
#0833-d273 @A: 06 20 26 13 | 08
#0834-d273 @A: 06 13 29 18 | 06
#0835-d273 @A: 31 13 18 02 | 05
#0836-d273 @A: 22 13 32 19 | 12
#0837-d273 @A: 04 25 11 18 | 10
#0838-d273 @A: 29 20 25 08 | 11
#0839-d273 @A: 29 25 33 05 | 04
#0840-d273 @A: 27 20 09 25 | 02
#0841-d273 @A: 34 25 27 19 | 09
#0842-d273 @A: 31 25 33 11 | 01
#0843-d273 @A: 27 22 25 18 | 03
#0844-d273 @A: 26 03 12 14 | 07
#0845-d273 @A: 14 27 26 22 | 08
#0846-d273 @A: 04 09 06 29 | 06
#0847-d273 @A: 32 14 09 06 | 05
#0848-d273 @A: 20 02 10 06 | 12
#0849-d273 @A: 32 19 10 06 | 10
#0850-d273 @A: 14 03 06 33 | 11
#0851-d273 @A: 31 06 34 18 | 04
#0852-d273 @A: 28 09 04 11 | 02
#0853-d273 @A: 03 28 04 34 | 09
#0854-d273 @A: 18 31 12 04 | 01
#0855-d273 @A: 34 04 32 10 | 03
#0856-d273 @A: 29 10 31 02 | 07
#0857-d273 @A: 19 28 18 29 | 08
#0858-d273 @A: 33 29 14 18 | 06
#0859-d273 @A: 19 05 33 08 | 05
#0860-d273 @A: 08 10 11 33 | 12
#0861-d273 @A: 03 08 32 20 | 10
#0862-d273 @A: 11 28 20 08 | 11
#0863-d273 @A: 05 09 33 12 | 04
#0864-d273 @A: 02 27 05 11 | 02
#0865-d273 @A: 34 31 11 05 | 09
#0866-d273 @A: 10 11 05 22 | 01
#0867-d273 @A: 19 28 12 09 | 03
#0868-d273 @A: 16 35 30 21 | 07
#0869-d273 @A: 17 08 19 30 | 08
#0870-d273 @A: 06 21 14 30 | 06
#0871-d273 @A: 30 25 15 28 | 05
#0872-d273 @A: 30 15 31 06 | 12
#0873-d273 @A: 24 30 09 07 | 10
#0874-d273 @A: 05 18 30 07 | 11
#0875-d273 @A: 34 10 30 26 | 04
#0876-d273 @A: 09 28 30 06 | 02
#0877-d273 @A: 14 11 18 30 | 09
#0878-d273 @A: 35 01 21 32 | 01
#0879-d273 @A: 35 01 06 31 | 03
#0880-d273 @A: 15 35 23 27 | 07
#0881-d273 @A: 35 19 23 13 | 08
#0882-d273 @A: 25 23 03 35 | 06
#0883-d273 @A: 35 06 10 23 | 05
#0884-d273 @A: 31 28 35 23 | 12
#0885-d273 @A: 21 07 04 35 | 10
#0886-d273 @A: 35 21 06 09 | 11
#0887-d273 @A: 35 13 15 29 | 04
#0888-d273 @A: 35 24 28 25 | 02
#0889-d273 @A: 35 16 12 04 | 09
#0890-d273 @A: 16 32 29 35 | 01
#0891-d273 @A: 35 10 16 08 | 03
#0892-d273 @A: 35 16 34 27 | 07
#0893-d273 @A: 25 27 04 35 | 08
#0894-d273 @A: 28 05 11 35 | 06
#0895-d273 @A: 34 02 35 03 | 05
#0896-d273 @A: 35 10 34 33 | 12
#0897-d273 @A: 10 12 11 35 | 10
#0898-d273 @A: 10 16 23 01 | 11
#0899-d273 @A: 23 01 04 07 | 04
#0900-d273 @A: 01 19 33 23 | 02
#0901-d273 @A: 12 16 01 21 | 09
#0902-d273 @A: 28 01 15 02 | 01
#0903-d273 @A: 29 22 07 01 | 03
#0904-d273 @A: 05 01 04 14 | 07
#0905-d273 @A: 31 21 23 17 | 08
#0906-d273 @A: 13 32 23 21 | 06
#0907-d273 @A: 04 23 03 16 | 05
#0908-d273 @A: 05 12 23 16 | 12
#0909-d273 @A: 19 23 05 07 | 10
#0910-d273 @A: 02 13 23 08 | 11
#0911-d273 @A: 08 23 19 06 | 04
#0912-d273 @A: 23 06 34 02 | 02
#0913-d273 @A: 32 05 29 23 | 09
#0914-d273 @A: 02 23 14 27 | 01
#0915-d273 @A: 21 17 09 29 | 03
#0916-d273 @A: 17 27 13 28 | 07
#0917-d273 @A: 17 19 31 25 | 08
#0918-d273 @A: 17 18 08 29 | 06
#0919-d273 @A: 19 17 20 33 | 05
#0920-d273 @A: 17 14 19 03 | 12
#0921-d273 @A: 08 09 24 21 | 10
#0922-d273 @A: 21 32 07 29 | 11
#0923-d273 @A: 19 11 21 25 | 04
#0924-d273 @A: 02 21 26 05 | 02
#0925-d273 @A: 26 21 20 10 | 09
#0926-d273 @A: 10 08 21 04 | 01
#0927-d273 @A: 28 34 21 10 | 03
#0928-d273 @A: 24 15 26 31 | 07
#0929-d273 @A: 09 03 24 15 | 08
#0930-d273 @A: 26 15 07 18 | 06
#0931-d273 @A: 15 07 11 06 | 05
#0932-d273 @A: 26 03 15 13 | 12
#0933-d273 @A: 15 04 33 29 | 10
#0934-d273 @A: 15 12 20 28 | 11
#0935-d273 @A: 15 14 27 20 | 04
#0936-d273 @A: 24 14 16 05 | 02
#0937-d273 @A: 24 28 09 16 | 09
#0938-d273 @A: 13 14 08 24 | 01
#0939-d273 @A: 24 09 10 26 | 03
#0940-d273 @A: 24 11 05 06 | 07
#0941-d273 @A: 20 24 19 02 | 08
#0942-d273 @A: 18 20 24 28 | 06
#0943-d273 @A: 27 29 16 07 | 05
#0944-d273 @A: 33 18 16 25 | 12
#0945-d273 @A: 18 16 26 08 | 10
#0946-d273 @A: 10 16 32 05 | 11
#0947-d273 @A: 16 05 34 28 | 04
#0948-d273 @A: 32 16 34 12 | 02
#0949-d273 @A: 34 16 20 10 | 09
#0950-d273 @A: 13 07 28 08 | 01
#0951-d273 @A: 26 02 33 07 | 03
#0952-d273 @A: 11 19 31 07 | 07
#0953-d273 @A: 07 33 32 12 | 08
#0954-d273 @A: 22 03 31 07 | 06
#0955-d273 @A: 22 07 12 27 | 05
#0956-d273 @A: 13 27 25 29 | 12
#0957-d273 @A: 02 13 27 09 | 10
#0958-d273 @A: 33 20 27 13 | 11
#0959-d273 @A: 14 13 22 28 | 04
#0960-d273 @A: 06 12 25 04 | 02
#0961-d273 @A: 19 25 14 32 | 09
#0962-d273 @A: 06 22 26 34 | 01
#0963-d273 @A: 05 12 04 26 | 03
#0964-d273 @A: 10 22 19 26 | 07
#0965-d273 @A: 20 33 11 26 | 08
#0966-d273 @A: 06 29 08 02 | 06
#0967-d273 @A: 22 06 18 33 | 05
#0968-d273 @A: 04 12 02 03 | 12
#0969-d273 @A: 34 02 22 04 | 10
#0970-d273 @A: 28 02 04 22 | 11
#0971-d273 @A: 19 34 04 20 | 04
#0972-d273 @A: 32 04 31 33 | 02
#0973-d273 @A: 20 10 27 04 | 09
#0974-d273 @A: 31 29 28 08 | 01
#0975-d273 @A: 02 09 32 29 | 03
#0976-d273 @A: 02 18 22 29 | 07
#0977-d273 @A: 19 22 29 34 | 08
#0978-d273 @A: 28 29 22 03 | 06
#0979-d273 @A: 31 29 32 18 | 05
#0980-d273 @A: 32 05 09 08 | 12
#0981-d273 @A: 08 10 20 09 | 10
#0982-d273 @A: 02 08 20 22 | 11
#0983-d273 @A: 22 18 08 03 | 04
#0984-d273 @A: 28 14 03 08 | 02
#0985-d273 @A: 32 18 11 08 | 09
#0986-d273 @A: 14 28 31 09 | 01
#0987-d273 @A: 02 11 18 28 | 03
#0988-d273 @A: 27 19 33 28 | 07
#0989-d273 @A: 32 33 28 12 | 08
#0990-d273 @A: 32 30 35 07 | 06
#0991-d273 @A: 10 13 23 30 | 05
#0992-d273 @A: 04 30 23 12 | 12
#0993-d273 @A: 28 32 30 23 | 10
#0994-d273 @A: 30 25 17 34 | 11
#0995-d273 @A: 15 07 27 30 | 04
#0996-d273 @A: 30 16 08 05 | 02
#0997-d273 @A: 30 16 32 09 | 09
#0998-d273 @A: 30 29 13 22 | 01
#0999-d273 @A: 13 30 12 14 | 03
#1000-d273 @A: 30 18 09 31 | 07
#1001-d273 @A: 18 30 02 10 | 08
#1002-d273 @A: 28 34 30 33 | 06
#1003-d273 @A: 02 23 35 07 | 05
#1004-d273 @A: 35 12 21 03 | 12
#1005-d273 @A: 03 15 32 35 | 10
#1006-d273 @A: 35 33 22 07 | 11
#1007-d273 @A: 35 07 14 28 | 04
#1008-d273 @A: 13 22 06 35 | 02
#1009-d273 @A: 04 09 35 13 | 09
#1010-d273 @A: 18 35 25 06 | 01
#1011-d273 @A: 35 12 25 14 | 03
#1012-d273 @A: 06 35 28 33 | 07
#1013-d273 @A: 20 35 33 09 | 08
#1014-d273 @A: 32 31 35 02 | 06
#1015-d273 @A: 28 27 35 03 | 05
#1016-d273 @A: 03 22 35 11 | 12
#1017-d273 @A: 13 01 22 17 | 10
#1018-d273 @A: 13 15 31 01 | 11
#1019-d273 @A: 31 24 01 08 | 04
#1020-d273 @A: 27 01 02 24 | 02
#1021-d273 @A: 16 05 22 01 | 09
#1022-d273 @A: 22 25 01 03 | 01
#1023-d273 @A: 27 01 26 09 | 03
#1024-d273 @A: 06 10 05 01 | 07
#1025-d273 @A: 01 04 11 31 | 08
#1026-d273 @A: 29 28 11 01 | 06
#1027-d273 @A: 19 01 18 31 | 05
#1028-d273 @A: 12 01 20 19 | 12
#1029-d273 @A: 10 01 31 28 | 10
#1030-d273 @A: 33 26 24 23 | 11
#1031-d273 @A: 23 08 10 24 | 04
#1032-d273 @A: 13 07 23 18 | 02
#1033-d273 @A: 23 05 09 26 | 09
#1034-d273 @A: 20 23 08 33 | 01
#1035-d273 @A: 12 31 03 23 | 03
#1036-d273 @A: 23 18 28 10 | 07
#1037-d273 @A: 26 21 34 17 | 08
#1038-d273 @A: 08 17 02 21 | 06
#1039-d273 @A: 12 17 21 27 | 05
#1040-d273 @A: 29 15 17 34 | 12
#1041-d273 @A: 17 05 15 09 | 10
#1042-d273 @A: 06 17 24 12 | 11
#1043-d273 @A: 24 11 17 08 | 04
#1044-d273 @A: 24 17 33 28 | 02
#1045-d273 @A: 07 13 10 17 | 09
#1046-d273 @A: 25 26 12 17 | 01
#1047-d273 @A: 06 09 08 17 | 03
#1048-d273 @A: 02 17 05 06 | 07
#1049-d273 @A: 17 04 02 32 | 08
#1050-d273 @A: 24 19 16 21 | 06
#1051-d273 @A: 24 20 21 29 | 05
#1052-d273 @A: 08 11 21 16 | 12
#1053-d273 @A: 07 18 25 21 | 10
#1054-d273 @A: 21 12 06 07 | 11
#1055-d273 @A: 11 07 05 21 | 04
#1056-d273 @A: 20 13 21 09 | 02
#1057-d273 @A: 04 26 31 21 | 09
#1058-d273 @A: 21 28 06 29 | 01
#1059-d273 @A: 06 27 21 05 | 03
#1060-d273 @A: 05 29 08 21 | 07
#1061-d273 @A: 31 22 21 29 | 08
#1062-d273 @A: 02 03 21 32 | 06
#1063-d273 @A: 19 34 21 31 | 05
#1064-d273 @A: 21 19 32 12 | 12
#1065-d273 @A: 03 14 10 21 | 10
#1066-d273 @A: 14 21 31 20 | 11
#1067-d273 @A: 15 27 26 16 | 04
#1068-d273 @A: 32 19 15 34 | 02
#1069-d273 @A: 09 16 06 24 | 09
#1070-d273 @A: 24 27 04 16 | 01
#1071-d273 @A: 24 07 02 08 | 03
#1072-d273 @A: 14 18 24 10 | 07
#1073-d273 @A: 05 20 13 16 | 08
#1074-d273 @A: 33 11 13 16 | 06
#1075-d273 @A: 28 16 25 29 | 05
#1076-d273 @A: 10 04 16 26 | 12
#1077-d273 @A: 31 04 16 06 | 10
#1078-d273 @A: 14 29 16 06 | 11
#1079-d273 @A: 16 29 09 08 | 04
#1080-d273 @A: 33 03 16 10 | 02
#1081-d273 @A: 06 03 07 25 | 09
#1082-d273 @A: 26 03 05 07 | 01
#1083-d273 @A: 22 18 07 04 | 03
#1084-d273 @A: 02 13 20 11 | 07
#1085-d273 @A: 13 34 10 19 | 08
#1086-d273 @A: 27 13 03 34 | 06
#1087-d273 @A: 10 26 25 06 | 05
#1088-d273 @A: 25 05 22 26 | 12
#1089-d273 @A: 09 25 32 31 | 10
#1090-d273 @A: 12 25 20 10 | 11
#1091-d273 @A: 25 28 11 22 | 04
#1092-d273 @A: 09 26 12 32 | 02
#1093-d273 @A: 19 34 26 11 | 09
#1094-d273 @A: 26 32 18 33 | 01
#1095-d273 @A: 22 18 26 12 | 03
#1096-d273 @A: 06 02 14 18 | 07
#1097-d273 @A: 03 06 12 11 | 08
#1098-d273 @A: 31 32 11 06 | 06
#1099-d273 @A: 08 04 20 12 | 05
#1100-d273 @A: 05 20 04 33 | 12
#1101-d273 @A: 27 11 33 04 | 10
#1102-d273 @A: 03 11 20 04 | 11
#1103-d273 @A: 09 29 10 34 | 04
#1104-d273 @A: 11 29 22 12 | 02
#1105-d273 @A: 02 05 19 22 | 09
#1106-d273 @A: 05 12 28 10 | 01
#1107-d273 @A: 30 14 17 35 | 03
#1108-d273 @A: 01 30 26 13 | 07
#1109-d273 @A: 30 01 34 06 | 08
#1110-d273 @A: 30 01 27 20 | 06
#1111-d273 @A: 30 21 20 04 | 05
#1112-d273 @A: 30 26 22 15 | 12
#1113-d273 @A: 25 24 30 22 | 10
#1114-d273 @A: 02 30 09 05 | 11
#1115-d273 @A: 33 30 20 02 | 04
#1116-d273 @A: 12 02 27 30 | 02
#1117-d273 @A: 19 31 03 30 | 09
#1118-d273 @A: 22 28 30 27 | 01
#1119-d273 @A: 12 07 01 35 | 03
#1120-d273 @A: 25 01 35 34 | 07
#1121-d273 @A: 28 34 01 35 | 08
#1122-d273 @A: 26 23 35 21 | 06
#1123-d273 @A: 35 26 17 22 | 05
#1124-d273 @A: 06 35 19 17 | 12
#1125-d273 @A: 35 21 34 20 | 10
#1126-d273 @A: 18 08 35 13 | 11
#1127-d273 @A: 26 35 33 04 | 04
#1128-d273 @A: 06 35 11 04 | 02
#1129-d273 @A: 20 29 35 19 | 09
#1130-d273 @A: 18 09 10 35 | 01
#1131-d273 @A: 01 21 23 34 | 03
#1132-d273 @A: 17 05 01 33 | 07
#1133-d273 @A: 01 17 18 12 | 08
#1134-d273 @A: 01 21 24 28 | 06
#1135-d273 @A: 22 21 01 04 | 05
#1136-d273 @A: 01 15 09 29 | 12
#1137-d273 @A: 01 29 16 34 | 10
#1138-d273 @A: 03 08 16 01 | 11
#1139-d273 @A: 01 02 07 20 | 04
#1140-d273 @A: 25 13 01 18 | 02
#1141-d273 @A: 25 01 04 02 | 09
#1142-d273 @A: 04 01 26 20 | 01
#1143-d273 @A: 20 01 33 03 | 03
#1144-d273 @A: 10 32 01 14 | 07
#1145-d273 @A: 20 01 11 14 | 08
#1146-d273 @A: 23 17 15 19 | 06
#1147-d273 @A: 33 23 17 04 | 05
#1148-d273 @A: 04 28 17 23 | 12
#1149-d273 @A: 21 03 23 28 | 10
#1150-d273 @A: 07 16 09 23 | 11
#1151-d273 @A: 08 27 16 23 | 04
#1152-d273 @A: 03 07 23 08 | 02
#1153-d273 @A: 13 12 25 23 | 09
#1154-d273 @A: 02 23 09 20 | 01
#1155-d273 @A: 19 23 31 22 | 03
#1156-d273 @A: 11 23 20 18 | 07
#1157-d273 @A: 20 23 34 27 | 08
#1158-d273 @A: 21 32 24 17 | 06
#1159-d273 @A: 08 14 17 15 | 05
#1160-d273 @A: 14 17 06 07 | 12
#1161-d273 @A: 08 25 17 22 | 10
#1162-d273 @A: 29 17 32 19 | 11
#1163-d273 @A: 09 10 12 17 | 04
#1164-d273 @A: 17 18 19 22 | 02
#1165-d273 @A: 11 17 12 14 | 09
#1166-d273 @A: 25 24 27 21 | 01
#1167-d273 @A: 25 21 32 16 | 03
#1168-d273 @A: 34 21 13 02 | 07
#1169-d273 @A: 27 18 21 02 | 08
#1170-d273 @A: 02 10 22 21 | 06
#1171-d273 @A: 03 21 11 18 | 05
#1172-d273 @A: 21 18 27 28 | 12
#1173-d273 @A: 14 12 22 21 | 10
#1174-d273 @A: 04 14 15 24 | 11
#1175-d273 @A: 15 24 29 12 | 04
#1176-d273 @A: 15 33 16 12 | 02
#1177-d273 @A: 28 26 07 15 | 09
#1178-d273 @A: 15 07 05 33 | 01
#1179-d273 @A: 13 15 20 19 | 03
#1180-d273 @A: 31 25 15 04 | 07
#1181-d273 @A: 12 06 08 15 | 08
#1182-d273 @A: 06 15 22 28 | 06
#1183-d273 @A: 27 19 33 15 | 05
#1184-d273 @A: 10 15 19 31 | 12
#1185-d273 @A: 18 15 03 34 | 10
#1186-d273 @A: 16 24 32 07 | 11
#1187-d273 @A: 24 29 16 11 | 04
#1188-d273 @A: 25 13 33 24 | 02
#1189-d273 @A: 24 13 09 29 | 09
#1190-d273 @A: 04 10 24 25 | 01
#1191-d273 @A: 04 32 28 24 | 03
#1192-d273 @A: 05 29 10 24 | 07
#1193-d273 @A: 24 27 10 33 | 08
#1194-d273 @A: 10 24 31 34 | 06
#1195-d273 @A: 11 24 27 31 | 05
#1196-d273 @A: 10 24 32 12 | 12
#1197-d273 @A: 27 32 24 20 | 10
#1198-d273 @A: 25 20 16 07 | 11
#1199-d273 @A: 16 10 13 28 | 04
#1200-d273 @A: 16 06 05 18 | 02
#1201-d273 @A: 22 09 16 02 | 09
#1202-d273 @A: 16 03 33 28 | 01
#1203-d273 @A: 22 16 32 27 | 03
#1204-d273 @A: 26 11 04 07 | 07
#1205-d273 @A: 31 26 07 20 | 08
#1206-d273 @A: 18 11 29 07 | 06
#1207-d273 @A: 05 20 28 07 | 05
#1208-d273 @A: 28 07 18 09 | 12
#1209-d273 @A: 10 02 34 07 | 10
#1210-d273 @A: 32 19 18 07 | 11
#1211-d273 @A: 07 10 31 12 | 04
#1212-d273 @A: 34 07 14 11 | 02
#1213-d273 @A: 14 13 05 29 | 09
#1214-d273 @A: 13 09 12 19 | 01
#1215-d273 @A: 22 13 31 09 | 03
#1216-d273 @A: 13 12 03 18 | 07
#1217-d273 @A: 13 18 20 14 | 08
#1218-d273 @A: 26 25 29 31 | 06
#1219-d273 @A: 26 25 33 08 | 05
#1220-d273 @A: 25 28 10 06 | 12
#1221-d273 @A: 09 04 25 08 | 10
#1222-d273 @A: 25 28 08 19 | 11
#1223-d273 @A: 32 25 10 08 | 04
#1224-d273 @A: 19 03 25 02 | 02
#1225-d273 @A: 18 25 20 19 | 09
#1226-d273 @A: 33 22 25 20 | 01
#1227-d273 @A: 28 32 31 25 | 03
#1228-d273 @A: 25 12 28 27 | 07
#1229-d273 @A: 26 09 33 22 | 08
#1230-d273 @A: 26 32 14 31 | 06
#1231-d273 @A: 34 12 26 20 | 05
#1232-d273 @A: 06 08 05 04 | 12
#1233-d273 @A: 09 03 06 02 | 10
#1234-d273 @A: 06 09 31 20 | 11
#1235-d273 @A: 11 33 02 06 | 04
#1236-d273 @A: 03 34 20 06 | 02
#1237-d273 @A: 09 22 12 04 | 09
#1238-d273 @A: 04 12 27 32 | 01
#1239-d273 @A: 10 33 20 29 | 03
#1240-d273 @A: 31 34 03 29 | 07
#1241-d273 @A: 14 29 31 12 | 08
#1242-d273 @A: 34 05 03 08 | 06
#1243-d273 @A: 08 12 31 33 | 05
#1244-d273 @A: 08 32 34 33 | 12
#1245-d273 @A: 20 31 05 27 | 10
#1246-d273 @A: 18 20 05 32 | 11
#1247-d273 @A: 28 20 09 03 | 04
#1248-d273 @A: 10 04 30 35 | 02
#1249-d273 @A: 30 01 02 23 | 09
#1250-d273 @A: 03 01 07 30 | 01
#1251-d273 @A: 04 01 09 30 | 03
#1252-d273 @A: 18 17 30 21 | 07
#1253-d273 @A: 15 04 30 17 | 08
#1254-d273 @A: 22 30 17 16 | 06
#1255-d273 @A: 17 02 13 30 | 05
#1256-d273 @A: 06 30 17 33 | 12
#1257-d273 @A: 06 30 32 13 | 10
#1258-d273 @A: 32 05 25 30 | 11
#1259-d273 @A: 03 30 18 25 | 04
#1260-d273 @A: 06 29 27 30 | 02
#1261-d273 @A: 29 04 02 30 | 09
#1262-d273 @A: 09 33 19 30 | 01
#1263-d273 @A: 11 03 09 30 | 03
#1264-d273 @A: 09 30 34 12 | 07
#1265-d273 @A: 10 09 27 30 | 08
#1266-d273 @A: 02 32 30 22 | 06
#1267-d273 @A: 02 01 17 35 | 05
#1268-d273 @A: 01 18 04 35 | 12
#1269-d273 @A: 17 35 23 20 | 10
#1270-d273 @A: 17 29 35 27 | 11
#1271-d273 @A: 21 35 11 33 | 04
#1272-d273 @A: 34 24 06 35 | 02
#1273-d273 @A: 20 16 06 35 | 09
#1274-d273 @A: 02 25 10 35 | 01
#1275-d273 @A: 35 32 06 08 | 03
#1276-d273 @A: 35 14 29 34 | 07
#1277-d273 @A: 18 35 27 31 | 08
#1278-d273 @A: 14 32 18 35 | 06
#1279-d273 @A: 28 23 01 07 | 05
#1280-d273 @A: 11 17 01 21 | 12
#1281-d273 @A: 01 17 14 29 | 10
#1282-d273 @A: 01 20 15 22 | 11
#1283-d273 @A: 01 24 19 26 | 04
#1284-d273 @A: 22 01 24 10 | 02
#1285-d273 @A: 09 13 01 16 | 09
#1286-d273 @A: 01 31 25 05 | 01
#1287-d273 @A: 01 26 14 06 | 03
#1288-d273 @A: 08 01 06 22 | 07
#1289-d273 @A: 08 19 01 14 | 08
#1290-d273 @A: 11 01 03 19 | 06
#1291-d273 @A: 27 33 18 01 | 05
#1292-d273 @A: 31 01 20 34 | 12
#1293-d273 @A: 22 23 17 29 | 10
#1294-d273 @A: 17 12 23 02 | 11
#1295-d273 @A: 23 24 21 11 | 04
#1296-d273 @A: 21 16 23 22 | 02
#1297-d273 @A: 21 29 23 27 | 09
#1298-d273 @A: 22 13 23 15 | 01
#1299-d273 @A: 13 03 24 23 | 03
#1300-d273 @A: 07 23 12 29 | 07
#1301-d273 @A: 33 29 23 13 | 08
#1302-d273 @A: 26 04 06 23 | 06
#1303-d273 @A: 02 23 10 33 | 05
#1304-d273 @A: 34 19 23 14 | 12
#1305-d273 @A: 20 10 23 22 | 10
#1306-d273 @A: 13 11 15 17 | 11
#1307-d273 @A: 15 17 03 25 | 04
#1308-d273 @A: 20 17 15 10 | 02
#1309-d273 @A: 17 04 24 26 | 09
#1310-d273 @A: 24 19 10 17 | 01
#1311-d273 @A: 31 08 13 17 | 03
#1312-d273 @A: 06 22 17 10 | 07
#1313-d273 @A: 11 17 19 09 | 08
#1314-d273 @A: 17 31 02 20 | 06
#1315-d273 @A: 22 02 17 11 | 05
#1316-d273 @A: 33 11 17 34 | 12
#1317-d273 @A: 17 32 31 03 | 10
#1318-d273 @A: 17 20 11 32 | 11
#1319-d273 @A: 17 10 27 11 | 04
#1320-d273 @A: 24 21 15 02 | 02
#1321-d273 @A: 14 21 15 07 | 09
#1322-d273 @A: 32 15 26 21 | 01
#1323-d273 @A: 21 24 07 10 | 03
#1324-d273 @A: 05 18 13 21 | 07
#1325-d273 @A: 06 25 22 21 | 08
#1326-d273 @A: 21 10 25 29 | 06
#1327-d273 @A: 26 21 08 19 | 05
#1328-d273 @A: 31 08 18 21 | 12
#1329-d273 @A: 31 21 05 28 | 10
#1330-d273 @A: 19 02 14 21 | 11
#1331-d273 @A: 27 20 21 19 | 04
#1332-d273 @A: 21 32 33 20 | 02
#1333-d273 @A: 29 16 22 15 | 09
#1334-d273 @A: 15 22 08 07 | 01
#1335-d273 @A: 03 15 13 28 | 03
#1336-d273 @A: 29 15 25 18 | 07
#1337-d273 @A: 15 09 26 06 | 08
#1338-d273 @A: 32 05 04 15 | 06
#1339-d273 @A: 09 10 02 15 | 05
#1340-d273 @A: 32 15 27 09 | 12
#1341-d273 @A: 15 14 18 19 | 10
#1342-d273 @A: 32 28 19 15 | 11
#1343-d273 @A: 15 12 10 14 | 04
#1344-d273 @A: 29 24 03 07 | 02
#1345-d273 @A: 24 09 25 14 | 09
#1346-d273 @A: 32 24 26 02 | 01
#1347-d273 @A: 24 26 11 12 | 03
#1348-d273 @A: 08 24 18 04 | 07
#1349-d273 @A: 12 20 24 05 | 08
#1350-d273 @A: 22 31 28 24 | 06
#1351-d273 @A: 16 02 04 08 | 05
#1352-d273 @A: 12 18 16 29 | 12
#1353-d273 @A: 19 16 09 20 | 10
#1354-d273 @A: 16 19 14 10 | 11
#1355-d273 @A: 25 33 07 04 | 04
#1356-d273 @A: 09 25 07 05 | 02
#1357-d273 @A: 07 29 09 26 | 09
#1358-d273 @A: 28 07 29 12 | 01
#1359-d273 @A: 07 31 28 19 | 03
#1360-d273 @A: 07 11 03 33 | 07
#1361-d273 @A: 14 31 18 07 | 08
#1362-d273 @A: 29 10 13 26 | 06
#1363-d273 @A: 04 13 29 03 | 05
#1364-d273 @A: 10 11 03 13 | 12
#1365-d273 @A: 12 29 25 19 | 10
#1366-d273 @A: 25 09 12 03 | 11
#1367-d273 @A: 25 02 03 28 | 04
#1368-d273 @A: 25 33 27 12 | 02
#1369-d273 @A: 10 31 18 25 | 09
#1370-d273 @A: 26 33 31 06 | 01
#1371-d273 @A: 19 09 04 26 | 03
#1372-d273 @A: 33 03 26 34 | 07
#1373-d273 @A: 29 03 06 05 | 08
#1374-d273 @A: 06 29 32 34 | 06
#1375-d273 @A: 31 11 28 06 | 05
#1376-d273 @A: 29 27 33 32 | 12
#1377-d273 @A: 29 22 20 14 | 10
#1378-d273 @A: 09 18 33 08 | 11
#1379-d273 @A: 18 08 10 19 | 04
#1380-d273 @A: 11 22 19 08 | 02
#1381-d273 @A: 03 10 12 08 | 09
#1382-d273 @A: 31 08 27 34 | 01
#1383-d273 @A: 27 14 09 05 | 03
#1384-d273 @A: 32 05 02 28 | 07
#1385-d273 @A: 22 33 32 05 | 08
#1386-d273 @A: 12 10 18 05 | 06
#1387-d273 @A: 32 34 14 28 | 05
#1388-d273 @A: 23 35 30 18 | 12
#1389-d273 @A: 13 25 35 30 | 10
#1390-d273 @A: 01 16 30 14 | 11
#1391-d273 @A: 30 25 23 33 | 04
#1392-d273 @A: 23 30 09 06 | 02
#1393-d273 @A: 30 34 23 08 | 09
#1394-d273 @A: 13 21 31 30 | 01
#1395-d273 @A: 21 05 30 22 | 03
#1396-d273 @A: 30 09 15 13 | 07
#1397-d273 @A: 03 24 26 30 | 08
#1398-d273 @A: 33 05 30 24 | 06
#1399-d273 @A: 30 02 26 16 | 05
#1400-d273 @A: 03 12 30 16 | 12
#1401-d273 @A: 33 28 30 07 | 10
#1402-d273 @A: 33 30 08 13 | 11
#1403-d273 @A: 04 30 32 26 | 04
#1404-d273 @A: 30 10 06 08 | 02
#1405-d273 @A: 19 30 14 22 | 09
#1406-d273 @A: 30 33 18 12 | 01
#1407-d273 @A: 27 22 30 31 | 03
#1408-d273 @A: 22 34 30 18 | 07
#1409-d273 @A: 09 23 01 35 | 08
#1410-d273 @A: 35 01 24 33 | 06
#1411-d273 @A: 13 35 01 14 | 05
#1412-d273 @A: 13 35 20 24 | 12
#1413-d273 @A: 19 08 35 24 | 10
#1414-d273 @A: 31 24 35 05 | 11
#1415-d273 @A: 07 14 05 35 | 04
#1416-d273 @A: 25 35 09 26 | 02
#1417-d273 @A: 27 35 09 11 | 09
#1418-d273 @A: 22 19 12 35 | 01
#1419-d273 @A: 01 22 18 23 | 03
#1420-d273 @A: 07 26 17 01 | 07
#1421-d273 @A: 08 01 34 17 | 08
#1422-d273 @A: 09 20 01 17 | 06
#1423-d273 @A: 01 33 15 25 | 05
#1424-d273 @A: 25 29 01 24 | 12
#1425-d273 @A: 32 01 04 16 | 10
#1426-d273 @A: 33 01 07 13 | 11
#1427-d273 @A: 07 01 19 06 | 04
#1428-d273 @A: 13 08 32 01 | 02
#1429-d273 @A: 03 26 01 28 | 09
#1430-d273 @A: 28 06 01 05 | 01
#1431-d273 @A: 10 04 01 03 | 03
#1432-d273 @A: 05 28 08 01 | 07
#1433-d273 @A: 31 14 02 01 | 08
#1434-d273 @A: 11 33 12 01 | 06
#1435-d273 @A: 27 10 34 01 | 05
#1436-d273 @A: 01 11 22 34 | 12
#1437-d273 @A: 25 23 15 20 | 10
#1438-d273 @A: 27 24 23 05 | 11
#1439-d273 @A: 31 24 23 09 | 04
#1440-d273 @A: 23 32 14 07 | 02
#1441-d273 @A: 27 11 23 07 | 09
#1442-d273 @A: 05 34 23 13 | 01
#1443-d273 @A: 13 31 23 14 | 03
#1444-d273 @A: 23 19 26 25 | 07
#1445-d273 @A: 04 22 23 25 | 08
#1446-d273 @A: 08 25 23 18 | 06
#1447-d273 @A: 14 05 25 23 | 05
#1448-d273 @A: 27 23 26 32 | 12
#1449-d273 @A: 22 23 08 28 | 10
#1450-d273 @A: 23 27 03 09 | 11
#1451-d273 @A: 02 23 32 19 | 04
#1452-d273 @A: 28 33 02 23 | 02
#1453-d273 @A: 23 34 03 11 | 09
#1454-d273 @A: 14 03 22 23 | 01
#1455-d273 @A: 23 14 28 12 | 03
#1456-d273 @A: 32 23 34 22 | 07
#1457-d273 @A: 17 03 21 16 | 08
#1458-d273 @A: 32 12 15 17 | 06
#1459-d273 @A: 31 24 17 29 | 05
#1460-d273 @A: 25 07 27 17 | 12
#1461-d273 @A: 07 31 17 09 | 10
#1462-d273 @A: 07 17 03 34 | 11
#1463-d273 @A: 17 13 25 32 | 04
#1464-d273 @A: 13 19 17 05 | 02
#1465-d273 @A: 20 05 25 17 | 09
#1466-d273 @A: 26 11 17 06 | 01
#1467-d273 @A: 04 03 17 06 | 03
#1468-d273 @A: 17 06 31 27 | 07
#1469-d273 @A: 04 17 08 27 | 08
#1470-d273 @A: 09 33 27 17 | 06
#1471-d273 @A: 21 04 24 33 | 05
#1472-d273 @A: 16 27 14 21 | 12
#1473-d273 @A: 19 13 21 06 | 10
#1474-d273 @A: 21 13 04 14 | 11
#1475-d273 @A: 31 27 10 21 | 04
#1476-d273 @A: 21 10 12 34 | 02
#1477-d273 @A: 13 24 34 15 | 09
#1478-d273 @A: 07 19 29 15 | 01
#1479-d273 @A: 15 25 14 26 | 03
#1480-d273 @A: 32 25 15 06 | 07
#1481-d273 @A: 33 06 15 10 | 08
#1482-d273 @A: 22 08 24 16 | 06
#1483-d273 @A: 24 26 07 06 | 05
#1484-d273 @A: 02 05 24 13 | 12
#1485-d273 @A: 25 06 24 19 | 10
#1486-d273 @A: 03 24 06 18 | 11
#1487-d273 @A: 29 02 14 24 | 04
#1488-d273 @A: 24 33 02 31 | 02
#1489-d273 @A: 25 16 13 10 | 09
#1490-d273 @A: 16 13 22 04 | 01
#1491-d273 @A: 13 16 34 14 | 03
#1492-d273 @A: 31 28 16 26 | 07
#1493-d273 @A: 18 16 31 22 | 08
#1494-d273 @A: 14 11 31 16 | 06
#1495-d273 @A: 14 13 07 02 | 05
#1496-d273 @A: 04 07 28 25 | 12
#1497-d273 @A: 09 07 20 18 | 10
#1498-d273 @A: 32 11 07 02 | 11
#1499-d273 @A: 12 19 07 03 | 04
#1500-d273 @A: 07 10 27 19 | 02
#1501-d273 @A: 10 07 28 22 | 09
#1502-d273 @A: 32 34 26 13 | 01
#1503-d273 @A: 13 05 09 06 | 03
#1504-d273 @A: 13 06 28 12 | 07
#1505-d273 @A: 02 13 19 04 | 08
#1506-d273 @A: 29 13 12 02 | 06
#1507-d273 @A: 32 13 31 27 | 05
#1508-d273 @A: 34 18 11 13 | 12
#1509-d273 @A: 13 32 28 11 | 10
#1510-d273 @A: 18 34 26 25 | 11
#1511-d273 @A: 22 09 25 10 | 04
#1512-d273 @A: 22 09 28 25 | 02
#1513-d273 @A: 25 33 02 34 | 09
#1514-d273 @A: 26 08 32 29 | 01
#1515-d273 @A: 05 11 26 14 | 03
#1516-d273 @A: 33 19 26 12 | 07
#1517-d273 @A: 26 32 03 19 | 08
#1518-d273 @A: 14 20 19 26 | 06
#1519-d273 @A: 26 12 27 31 | 05
#1520-d273 @A: 18 04 28 06 | 12
#1521-d273 @A: 04 20 06 14 | 10
#1522-d273 @A: 06 09 22 19 | 11
#1523-d273 @A: 06 19 31 02 | 04
#1524-d273 @A: 06 11 20 19 | 02
#1525-d273 @A: 12 33 20 06 | 09
#1526-d273 @A: 09 20 32 04 | 01
#1527-d273 @A: 14 04 11 19 | 03
#1528-d273 @A: 18 04 14 27 | 07
#1529-d273 @A: 14 22 32 04 | 08
#1530-d273 @A: 27 02 29 19 | 06
#1531-d273 @A: 03 29 02 11 | 05
#1532-d273 @A: 28 29 20 33 | 12
#1533-d273 @A: 20 27 03 29 | 10
#1534-d273 @A: 31 29 11 20 | 11
#1535-d273 @A: 12 34 27 29 | 04
#1536-d273 @A: 02 08 33 27 | 02
#1537-d273 @A: 02 08 03 31 | 09
#1538-d273 @A: 18 12 14 08 | 01
#1539-d273 @A: 20 27 08 11 | 03
#1540-d273 @A: 05 09 20 11 | 07
#1541-d273 @A: 32 34 02 05 | 08
#1542-d273 @A: 11 18 05 33 | 06
#1543-d273 @A: 31 03 05 14 | 05
#1544-d273 @A: 10 05 34 14 | 12
#1545-d273 @A: 10 28 03 11 | 10
#1546-d273 @A: 22 30 35 01 | 11
#1547-d273 @A: 35 30 12 24 | 04
#1548-d273 @A: 27 35 30 19 | 02
#1549-d273 @A: 30 19 25 01 | 09
#1550-d273 @A: 18 30 01 08 | 01
#1551-d273 @A: 20 30 01 28 | 03
#1552-d273 @A: 23 21 03 30 | 07
#1553-d273 @A: 30 17 07 11 | 08
#1554-d273 @A: 30 31 12 17 | 06
#1555-d273 @A: 30 21 19 10 | 05
#1556-d273 @A: 25 10 15 30 | 12
#1557-d273 @A: 24 30 29 32 | 10
#1558-d273 @A: 16 28 12 30 | 11
#1559-d273 @A: 14 30 08 07 | 04
#1560-d273 @A: 03 13 05 30 | 02
#1561-d273 @A: 11 30 13 19 | 09
#1562-d273 @A: 30 11 25 06 | 01
#1563-d273 @A: 30 25 08 02 | 03
#1564-d273 @A: 19 30 04 18 | 07
#1565-d273 @A: 19 29 05 30 | 08
#1566-d273 @A: 30 14 29 10 | 06
#1567-d273 @A: 10 30 29 28 | 05
#1568-d273 @A: 19 11 28 30 | 12
#1569-d273 @A: 10 30 32 31 | 10
#1570-d273 @A: 23 24 35 29 | 11
#1571-d273 @A: 34 23 35 31 | 04
#1572-d273 @A: 22 17 35 28 | 02
#1573-d273 @A: 35 31 21 25 | 09
#1574-d273 @A: 08 21 35 28 | 01
#1575-d273 @A: 35 09 07 15 | 03
#1576-d273 @A: 15 09 28 35 | 07
#1577-d273 @A: 35 24 04 02 | 08
#1578-d273 @A: 16 07 35 03 | 06
#1579-d273 @A: 13 34 35 07 | 05
#1580-d273 @A: 07 35 26 10 | 12
#1581-d273 @A: 12 26 13 35 | 10
#1582-d273 @A: 32 04 35 19 | 11
#1583-d273 @A: 31 35 09 12 | 04
#1584-d273 @A: 03 35 18 33 | 02
#1585-d273 @A: 14 23 01 15 | 09
#1586-d273 @A: 01 31 07 21 | 01
#1587-d273 @A: 33 16 26 01 | 03
#1588-d273 @A: 13 01 19 29 | 07
#1589-d273 @A: 26 18 05 01 | 08
#1590-d273 @A: 29 33 06 01 | 06
#1591-d273 @A: 29 01 27 04 | 05
#1592-d273 @A: 01 09 19 32 | 12
#1593-d273 @A: 10 19 02 01 | 10
#1594-d273 @A: 14 03 18 01 | 11
#1595-d273 @A: 18 01 20 10 | 04
#1596-d273 @A: 12 27 01 14 | 02
#1597-d273 @A: 01 12 22 28 | 09
#1598-d273 @A: 17 34 23 16 | 01
#1599-d273 @A: 02 21 25 23 | 03
#1600-d273 @A: 05 23 11 15 | 07
#1601-d273 @A: 22 23 02 24 | 08
#1602-d273 @A: 18 23 32 24 | 06
#1603-d273 @A: 16 14 18 23 | 05
#1604-d273 @A: 06 23 34 28 | 12
#1605-d273 @A: 04 23 10 29 | 10
#1606-d273 @A: 09 32 23 33 | 11
#1607-d273 @A: 23 22 11 09 | 04
#1608-d273 @A: 21 13 17 33 | 02
#1609-d273 @A: 22 17 14 24 | 09
#1610-d273 @A: 34 13 17 06 | 01
#1611-d273 @A: 04 12 17 13 | 03
#1612-d273 @A: 17 25 29 06 | 07
#1613-d273 @A: 31 26 05 17 | 08
#1614-d273 @A: 17 11 29 04 | 06
#1615-d273 @A: 17 09 28 29 | 05
#1616-d273 @A: 17 03 08 33 | 12
#1617-d273 @A: 09 32 17 34 | 10
#1618-d273 @A: 10 32 17 33 | 11
#1619-d273 @A: 17 18 31 11 | 04
#1620-d273 @A: 17 14 20 34 | 02
#1621-d273 @A: 04 15 27 21 | 09
#1622-d273 @A: 21 16 33 05 | 01
#1623-d273 @A: 07 21 22 26 | 03
#1624-d273 @A: 12 21 05 25 | 07
#1625-d273 @A: 33 34 21 29 | 08
#1626-d273 @A: 02 21 12 33 | 06
#1627-d273 @A: 21 33 22 19 | 05
#1628-d273 @A: 19 08 16 15 | 12
#1629-d273 @A: 05 16 15 34 | 10
#1630-d273 @A: 03 16 14 15 | 11
#1631-d273 @A: 05 25 02 15 | 04
#1632-d273 @A: 25 15 09 19 | 02
#1633-d273 @A: 15 25 12 22 | 09
#1634-d273 @A: 19 02 11 15 | 01
#1635-d273 @A: 14 15 22 02 | 03
#1636-d273 @A: 03 11 31 15 | 07
#1637-d273 @A: 12 15 31 20 | 08
#1638-d273 @A: 22 32 31 15 | 06
#1639-d273 @A: 24 07 04 12 | 05
#1640-d273 @A: 14 07 27 24 | 12
#1641-d273 @A: 24 06 10 13 | 10
#1642-d273 @A: 24 25 26 20 | 11
#1643-d273 @A: 26 24 08 28 | 04
#1644-d273 @A: 02 29 28 24 | 02
#1645-d273 @A: 24 22 09 20 | 09
#1646-d273 @A: 10 11 02 24 | 01
#1647-d273 @A: 32 24 19 31 | 03
#1648-d273 @A: 03 22 32 24 | 07
#1649-d273 @A: 24 10 20 03 | 08
#1650-d273 @A: 06 16 07 13 | 06
#1651-d273 @A: 16 02 07 05 | 05
#1652-d273 @A: 19 16 03 13 | 12
#1653-d273 @A: 14 16 25 08 | 10
#1654-d273 @A: 29 16 20 04 | 11
#1655-d273 @A: 16 32 31 08 | 04
#1656-d273 @A: 34 02 16 31 | 02
#1657-d273 @A: 10 16 02 27 | 09
#1658-d273 @A: 34 16 18 19 | 01
#1659-d273 @A: 27 16 03 31 | 03
#1660-d273 @A: 04 07 06 34 | 07
#1661-d273 @A: 07 06 05 31 | 08
#1662-d273 @A: 09 06 07 10 | 06
#1663-d273 @A: 22 02 07 06 | 05
#1664-d273 @A: 07 05 10 04 | 12
#1665-d273 @A: 07 18 27 34 | 10
#1666-d273 @A: 25 08 19 13 | 11
#1667-d273 @A: 31 13 03 25 | 04
#1668-d273 @A: 27 13 22 05 | 02
#1669-d273 @A: 10 09 13 14 | 09
#1670-d273 @A: 22 12 13 34 | 01
#1671-d273 @A: 22 25 02 31 | 03
#1672-d273 @A: 26 28 06 27 | 07
#1673-d273 @A: 26 14 02 34 | 08
#1674-d273 @A: 28 10 26 14 | 06
#1675-d273 @A: 06 28 19 03 | 05
#1676-d273 @A: 27 20 06 18 | 12
#1677-d273 @A: 10 06 14 27 | 10
#1678-d273 @A: 10 04 02 14 | 11
#1679-d273 @A: 03 33 04 19 | 04
#1680-d273 @A: 04 12 19 10 | 02
#1681-d273 @A: 04 14 12 33 | 09
#1682-d273 @A: 11 09 33 29 | 01
#1683-d273 @A: 34 29 20 02 | 03
#1684-d273 @A: 08 05 31 22 | 07
#1685-d273 @A: 05 18 27 08 | 08
#1686-d273 @A: 09 31 11 08 | 06
#1687-d273 @A: 14 08 03 27 | 05
#1688-d273 @A: 34 18 09 05 | 12
#1689-d273 @A: 31 05 33 10 | 10
