#0001-d314 @A: 28 21 34 15 | 11
#0002-d314 @A: 24 25 21 12 | 12
#0003-d314 @A: 20 11 21 25 | 10
#0004-d314 @A: 02 21 13 18 | 09
#0005-d314 @A: 21 22 13 03 | 07
#0006-d314 @A: 21 12 09 14 | 06
#0007-d314 @A: 21 12 07 18 | 01
#0008-d314 @A: 21 12 10 01 | 03
#0009-d314 @A: 07 21 19 31 | 02
#0010-d314 @A: 21 08 18 14 | 08
#0011-d314 @A: 34 18 11 21 | 04
#0012-d314 @A: 19 27 29 21 | 05
#0013-d314 @A: 16 27 30 21 | 11
#0014-d314 @A: 16 21 24 10 | 12
#0015-d314 @A: 23 15 10 07 | 10
#0016-d314 @A: 25 29 15 06 | 09
#0017-d314 @A: 20 15 02 06 | 07
#0018-d314 @A: 15 28 03 06 | 06
#0019-d314 @A: 32 05 15 25 | 01
#0020-d314 @A: 15 22 02 33 | 03
#0021-d314 @A: 33 20 13 15 | 02
#0022-d314 @A: 15 32 31 33 | 08
#0023-d314 @A: 26 22 15 32 | 04
#0024-d314 @A: 07 19 15 34 | 05
#0025-d314 @A: 20 18 16 15 | 11
#0026-d314 @A: 16 15 30 10 | 12
#0027-d314 @A: 06 02 10 23 | 10
#0028-d314 @A: 03 23 32 02 | 09
#0029-d314 @A: 30 23 12 02 | 07
#0030-d314 @A: 23 02 31 29 | 06
#0031-d314 @A: 13 23 16 08 | 01
#0032-d314 @A: 32 23 08 28 | 03
#0033-d314 @A: 23 32 22 17 | 02
#0034-d314 @A: 04 12 16 23 | 08
#0035-d314 @A: 05 23 09 12 | 04
#0036-d314 @A: 35 12 23 31 | 05
#0037-d314 @A: 23 30 09 22 | 11
#0038-d314 @A: 07 24 35 23 | 12
#0039-d314 @A: 08 23 11 22 | 10
#0040-d314 @A: 23 28 27 31 | 09
#0041-d314 @A: 17 23 29 18 | 07
#0042-d314 @A: 26 16 23 33 | 06
#0043-d314 @A: 25 18 06 24 | 01
#0044-d314 @A: 25 06 22 16 | 03
#0045-d314 @A: 32 28 29 06 | 02
#0046-d314 @A: 33 06 18 12 | 08
#0047-d314 @A: 12 06 01 19 | 04
#0048-d314 @A: 30 07 09 06 | 05
#0049-d314 @A: 22 06 10 09 | 11
#0050-d314 @A: 06 22 07 03 | 12
#0051-d314 @A: 06 08 20 28 | 10
#0052-d314 @A: 06 17 18 22 | 09
#0053-d314 @A: 29 31 06 27 | 07
#0054-d314 @A: 16 06 33 14 | 06
#0055-d314 @A: 01 27 03 06 | 01
#0056-d314 @A: 06 17 24 10 | 03
#0057-d314 @A: 13 04 25 19 | 02
#0058-d314 @A: 33 25 32 34 | 08
#0059-d314 @A: 12 20 25 17 | 04
#0060-d314 @A: 22 28 25 24 | 05
#0061-d314 @A: 01 33 25 05 | 11
#0062-d314 @A: 24 14 25 29 | 12
#0063-d314 @A: 13 31 35 02 | 10
#0064-d314 @A: 16 02 32 20 | 09
#0065-d314 @A: 22 12 02 27 | 07
#0066-d314 @A: 02 29 12 11 | 06
#0067-d314 @A: 22 01 04 02 | 01
#0068-d314 @A: 19 04 02 11 | 03
#0069-d314 @A: 07 02 10 31 | 02
#0070-d314 @A: 01 11 20 02 | 08
#0071-d314 @A: 02 08 17 28 | 04
#0072-d314 @A: 26 05 19 02 | 05
#0073-d314 @A: 35 02 19 17 | 11
#0074-d314 @A: 11 20 04 13 | 12
#0075-d314 @A: 13 33 09 29 | 10
#0076-d314 @A: 35 13 09 11 | 09
#0077-d314 @A: 24 07 30 13 | 07
#0078-d314 @A: 20 13 01 18 | 06
#0079-d314 @A: 18 29 08 13 | 01
#0080-d314 @A: 13 11 31 10 | 03
#0081-d314 @A: 05 29 13 10 | 02
#0082-d314 @A: 27 33 14 13 | 08
#0083-d314 @A: 08 05 32 12 | 04
#0084-d314 @A: 27 32 04 16 | 05
#0085-d314 @A: 32 09 31 03 | 11
#0086-d314 @A: 05 32 07 03 | 12
#0087-d314 @A: 17 20 32 19 | 10
#0088-d314 @A: 32 18 08 24 | 09
#0089-d314 @A: 01 22 08 32 | 07
#0090-d314 @A: 32 10 30 31 | 06
#0091-d314 @A: 30 29 22 32 | 01
#0092-d314 @A: 17 32 24 35 | 03
#0093-d314 @A: 12 04 28 33 | 02
#0094-d314 @A: 01 09 27 12 | 08
#0095-d314 @A: 10 07 12 28 | 04
#0096-d314 @A: 20 12 26 11 | 05
#0097-d314 @A: 05 18 31 12 | 11
#0098-d314 @A: 27 18 19 12 | 12
#0099-d314 @A: 19 12 26 10 | 10
#0100-d314 @A: 33 12 16 10 | 09
#0101-d314 @A: 34 27 12 35 | 07
#0102-d314 @A: 29 17 03 12 | 06
#0103-d314 @A: 08 07 04 35 | 01
#0104-d314 @A: 04 03 18 28 | 03
#0105-d314 @A: 14 28 04 05 | 02
#0106-d314 @A: 01 17 19 04 | 08
#0107-d314 @A: 26 04 30 34 | 04
#0108-d314 @A: 20 09 29 08 | 05
#0109-d314 @A: 18 08 09 16 | 11
#0110-d314 @A: 09 01 28 31 | 12
#0111-d314 @A: 14 09 31 34 | 10
#0112-d314 @A: 17 19 09 34 | 09
#0113-d314 @A: 03 17 35 09 | 07
#0114-d314 @A: 07 08 34 20 | 06
#0115-d314 @A: 31 07 11 33 | 01
#0116-d314 @A: 07 26 01 27 | 03
#0117-d314 @A: 29 27 07 24 | 02
#0118-d314 @A: 17 11 07 26 | 08
#0119-d314 @A: 24 14 16 07 | 04
#0120-d314 @A: 24 03 10 07 | 05
#0121-d314 @A: 20 35 29 05 | 11
#0122-d314 @A: 20 17 33 35 | 12
#0123-d314 @A: 30 20 24 16 | 10
#0124-d314 @A: 26 08 29 05 | 09
#0125-d314 @A: 01 27 19 08 | 07
#0126-d314 @A: 24 27 08 16 | 06
#0127-d314 @A: 26 08 24 03 | 01
#0128-d314 @A: 28 11 34 33 | 03
#0129-d314 @A: 17 26 28 27 | 02
#0130-d314 @A: 28 10 11 35 | 08
#0131-d314 @A: 24 35 14 28 | 04
#0132-d314 @A: 10 34 17 28 | 05
#0133-d314 @A: 18 26 14 05 | 11
#0134-d314 @A: 18 19 01 35 | 12
#0135-d314 @A: 19 26 34 18 | 10
#0136-d314 @A: 10 19 29 18 | 09
#0137-d314 @A: 34 18 24 17 | 07
#0138-d314 @A: 31 30 03 16 | 06
#0139-d314 @A: 22 14 03 05 | 01
#0140-d314 @A: 14 11 22 05 | 03
#0141-d314 @A: 29 19 22 35 | 02
#0142-d314 @A: 22 26 29 14 | 08
#0143-d314 @A: 14 33 11 27 | 04
#0144-d314 @A: 21 23 29 11 | 05
#0145-d314 @A: 06 21 33 32 | 11
#0146-d314 @A: 25 07 10 21 | 12
#0147-d314 @A: 21 02 26 09 | 10
#0148-d314 @A: 03 04 21 31 | 09
#0149-d314 @A: 22 21 35 09 | 07
#0150-d314 @A: 18 21 28 19 | 06
#0151-d314 @A: 35 01 05 21 | 01
#0152-d314 @A: 21 14 05 34 | 03
#0153-d314 @A: 17 30 21 01 | 02
#0154-d314 @A: 15 23 08 26 | 08
#0155-d314 @A: 15 08 34 06 | 04
#0156-d314 @A: 12 15 25 01 | 05
#0157-d314 @A: 18 13 15 09 | 11
#0158-d314 @A: 12 15 32 16 | 12
#0159-d314 @A: 19 28 32 15 | 10
#0160-d314 @A: 34 15 20 04 | 09
#0161-d314 @A: 09 15 22 34 | 07
#0162-d314 @A: 22 15 31 07 | 06
#0163-d314 @A: 15 20 10 31 | 01
#0164-d314 @A: 28 11 15 29 | 03
#0165-d314 @A: 19 15 35 10 | 02
#0166-d314 @A: 33 01 16 15 | 08
#0167-d314 @A: 16 15 35 27 | 04
#0168-d314 @A: 15 14 27 03 | 05
#0169-d314 @A: 17 07 06 23 | 11
#0170-d314 @A: 22 06 31 23 | 12
#0171-d314 @A: 23 06 27 33 | 10
#0172-d314 @A: 25 22 27 23 | 09
#0173-d314 @A: 05 32 16 23 | 07
#0174-d314 @A: 23 12 14 07 | 06
#0175-d314 @A: 27 12 23 20 | 01
#0176-d314 @A: 22 24 12 23 | 03
#0177-d314 @A: 22 26 07 23 | 02
#0178-d314 @A: 14 05 23 20 | 08
#0179-d314 @A: 30 05 23 08 | 04
#0180-d314 @A: 26 01 28 23 | 05
#0181-d314 @A: 23 16 27 11 | 11
#0182-d314 @A: 11 30 23 24 | 12
#0183-d314 @A: 09 06 25 05 | 10
#0184-d314 @A: 32 06 01 02 | 09
#0185-d314 @A: 06 09 02 17 | 07
#0186-d314 @A: 06 13 18 19 | 06
#0187-d314 @A: 14 01 06 04 | 01
#0188-d314 @A: 11 27 06 07 | 03
#0189-d314 @A: 17 05 27 06 | 02
#0190-d314 @A: 16 06 29 01 | 08
#0191-d314 @A: 06 30 03 11 | 04
#0192-d314 @A: 32 02 25 17 | 05
#0193-d314 @A: 32 13 16 25 | 11
#0194-d314 @A: 13 11 25 16 | 12
#0195-d314 @A: 01 32 25 31 | 10
#0196-d314 @A: 18 25 01 28 | 09
#0197-d314 @A: 29 10 03 25 | 07
#0198-d314 @A: 13 19 32 02 | 06
#0199-d314 @A: 09 07 13 02 | 01
#0200-d314 @A: 12 20 05 02 | 03
#0201-d314 @A: 35 04 02 09 | 02
#0202-d314 @A: 35 02 07 29 | 08
#0203-d314 @A: 02 26 20 28 | 04
#0204-d314 @A: 02 28 35 05 | 05
#0205-d314 @A: 30 19 27 02 | 11
#0206-d314 @A: 26 02 10 33 | 12
#0207-d314 @A: 01 02 26 30 | 10
#0208-d314 @A: 02 03 16 10 | 09
#0209-d314 @A: 26 13 20 32 | 07
#0210-d314 @A: 12 13 14 20 | 06
#0211-d314 @A: 24 13 18 12 | 01
#0212-d314 @A: 13 03 12 35 | 03
#0213-d314 @A: 04 09 30 13 | 02
#0214-d314 @A: 14 16 13 09 | 08
#0215-d314 @A: 03 13 07 20 | 04
#0216-d314 @A: 35 13 18 34 | 05
#0217-d314 @A: 19 13 30 10 | 11
#0218-d314 @A: 13 24 19 03 | 12
#0219-d314 @A: 26 27 11 13 | 10
#0220-d314 @A: 13 17 01 27 | 09
#0221-d314 @A: 13 14 34 24 | 07
#0222-d314 @A: 04 31 19 32 | 06
#0223-d314 @A: 28 16 32 31 | 01
#0224-d314 @A: 19 27 26 32 | 03
#0225-d314 @A: 16 32 19 10 | 02
#0226-d314 @A: 30 32 24 26 | 08
#0227-d314 @A: 34 30 17 32 | 04
#0228-d314 @A: 12 27 31 04 | 05
#0229-d314 @A: 22 09 29 12 | 11
#0230-d314 @A: 07 12 22 35 | 12
#0231-d314 @A: 28 12 19 31 | 10
#0232-d314 @A: 24 12 17 14 | 09
#0233-d314 @A: 04 17 22 09 | 07
#0234-d314 @A: 28 07 27 04 | 06
#0235-d314 @A: 05 22 04 07 | 01
#0236-d314 @A: 04 20 28 01 | 03
#0237-d314 @A: 04 31 08 16 | 02
#0238-d314 @A: 24 04 14 30 | 08
#0239-d314 @A: 20 07 09 19 | 04
#0240-d314 @A: 29 28 09 07 | 05
#0241-d314 @A: 10 07 09 05 | 11
#0242-d314 @A: 26 20 33 09 | 12
#0243-d314 @A: 35 31 09 08 | 10
#0244-d314 @A: 09 33 16 27 | 09
#0245-d314 @A: 14 09 03 33 | 07
#0246-d314 @A: 30 14 09 01 | 06
#0247-d314 @A: 07 35 20 28 | 01
#0248-d314 @A: 08 07 30 28 | 03
#0249-d314 @A: 34 07 08 11 | 02
#0250-d314 @A: 18 07 22 27 | 08
#0251-d314 @A: 19 07 35 11 | 04
#0252-d314 @A: 27 07 14 30 | 05
#0253-d314 @A: 30 34 07 29 | 11
#0254-d314 @A: 07 10 29 17 | 12
#0255-d314 @A: 34 07 03 01 | 10
#0256-d314 @A: 08 18 33 20 | 09
#0257-d314 @A: 33 01 20 10 | 07
#0258-d314 @A: 17 16 27 20 | 06
#0259-d314 @A: 35 16 20 26 | 01
#0260-d314 @A: 08 17 24 29 | 03
#0261-d314 @A: 28 03 27 30 | 02
#0262-d314 @A: 18 19 24 16 | 08
#0263-d314 @A: 14 18 01 03 | 04
#0264-d314 @A: 14 31 27 19 | 05
#0265-d314 @A: 17 03 19 31 | 11
#0266-d314 @A: 11 16 31 17 | 12
#0267-d314 @A: 29 31 10 16 | 10
#0268-d314 @A: 31 34 14 11 | 09
#0269-d314 @A: 16 10 22 05 | 07
#0270-d314 @A: 35 16 22 33 | 06
#0271-d314 @A: 22 34 27 26 | 01
#0272-d314 @A: 01 27 22 16 | 03
#0273-d314 @A: 11 05 29 10 | 02
#0274-d314 @A: 10 11 26 30 | 08
#0275-d314 @A: 16 15 21 06 | 04
#0276-d314 @A: 21 15 03 25 | 05
#0277-d314 @A: 21 17 15 04 | 11
#0278-d314 @A: 21 22 10 15 | 12
#0279-d314 @A: 19 06 21 23 | 10
#0280-d314 @A: 25 17 21 23 | 09
#0281-d314 @A: 21 23 02 27 | 07
#0282-d314 @A: 21 12 23 03 | 06
#0283-d314 @A: 05 21 08 06 | 01
#0284-d314 @A: 33 21 31 25 | 03
#0285-d314 @A: 35 32 21 11 | 02
#0286-d314 @A: 34 21 27 04 | 08
#0287-d314 @A: 09 31 21 27 | 04
#0288-d314 @A: 10 21 20 34 | 05
#0289-d314 @A: 28 21 33 16 | 11
#0290-d314 @A: 21 33 05 27 | 12
#0291-d314 @A: 01 33 21 11 | 10
#0292-d314 @A: 26 14 21 24 | 09
#0293-d314 @A: 15 34 23 18 | 07
#0294-d314 @A: 25 27 07 15 | 06
#0295-d314 @A: 15 35 30 02 | 01
#0296-d314 @A: 02 15 29 10 | 03
#0297-d314 @A: 34 32 15 13 | 02
#0298-d314 @A: 15 07 13 12 | 08
#0299-d314 @A: 15 09 29 32 | 04
#0300-d314 @A: 08 04 18 15 | 05
#0301-d314 @A: 04 11 15 03 | 11
#0302-d314 @A: 15 09 33 11 | 12
#0303-d314 @A: 15 01 09 26 | 10
#0304-d314 @A: 15 22 01 18 | 09
#0305-d314 @A: 26 15 19 17 | 07
#0306-d314 @A: 15 19 30 29 | 06
#0307-d314 @A: 26 35 15 29 | 01
#0308-d314 @A: 13 14 23 25 | 03
#0309-d314 @A: 33 13 02 23 | 02
#0310-d314 @A: 04 23 13 17 | 08
#0311-d314 @A: 12 23 10 18 | 04
#0312-d314 @A: 23 18 24 04 | 05
#0313-d314 @A: 34 23 01 04 | 11
#0314-d314 @A: 14 23 08 09 | 12
#0315-d314 @A: 31 23 20 19 | 10
#0316-d314 @A: 23 03 30 14 | 09
#0317-d314 @A: 08 32 03 06 | 07
#0318-d314 @A: 35 12 28 06 | 06
#0319-d314 @A: 14 06 31 12 | 01
#0320-d314 @A: 06 28 14 09 | 03
#0321-d314 @A: 14 07 06 08 | 02
#0322-d314 @A: 20 11 05 06 | 08
#0323-d314 @A: 17 14 20 06 | 04
#0324-d314 @A: 11 06 33 22 | 05
#0325-d314 @A: 26 33 24 06 | 11
#0326-d314 @A: 33 04 25 02 | 12
#0327-d314 @A: 12 08 13 25 | 10
#0328-d314 @A: 32 18 25 26 | 09
#0329-d314 @A: 25 14 22 12 | 07
#0330-d314 @A: 03 11 25 12 | 06
#0331-d314 @A: 31 22 25 04 | 01
#0332-d314 @A: 10 25 35 04 | 03
#0333-d314 @A: 07 25 03 16 | 02
#0334-d314 @A: 25 08 34 24 | 08
#0335-d314 @A: 14 28 25 31 | 04
#0336-d314 @A: 31 11 30 25 | 05
#0337-d314 @A: 27 25 19 16 | 11
#0338-d314 @A: 19 14 25 10 | 12
#0339-d314 @A: 02 12 13 11 | 10
#0340-d314 @A: 10 02 08 13 | 09
#0341-d314 @A: 32 33 12 02 | 07
#0342-d314 @A: 03 12 02 14 | 06
#0343-d314 @A: 09 24 02 31 | 01
#0344-d314 @A: 29 09 05 02 | 03
#0345-d314 @A: 02 07 34 18 | 02
#0346-d314 @A: 02 07 01 33 | 08
#0347-d314 @A: 02 33 20 31 | 04
#0348-d314 @A: 02 19 22 20 | 05
#0349-d314 @A: 24 16 17 02 | 11
#0350-d314 @A: 11 14 02 16 | 12
#0351-d314 @A: 14 02 10 17 | 10
#0352-d314 @A: 32 08 13 14 | 09
#0353-d314 @A: 32 33 13 22 | 07
#0354-d314 @A: 28 07 13 26 | 06
#0355-d314 @A: 28 20 19 13 | 01
#0356-d314 @A: 24 17 26 13 | 03
#0357-d314 @A: 13 01 10 14 | 02
#0358-d314 @A: 13 14 29 03 | 08
#0359-d314 @A: 04 09 33 32 | 04
#0360-d314 @A: 26 07 04 32 | 05
#0361-d314 @A: 30 28 04 32 | 11
#0362-d314 @A: 09 32 24 20 | 12
#0363-d314 @A: 32 33 08 07 | 10
#0364-d314 @A: 32 28 33 24 | 09
#0365-d314 @A: 18 32 22 34 | 07
#0366-d314 @A: 32 19 18 03 | 06
#0367-d314 @A: 27 05 10 32 | 01
#0368-d314 @A: 34 32 29 35 | 03
#0369-d314 @A: 04 22 19 12 | 02
#0370-d314 @A: 24 28 09 12 | 08
#0371-d314 @A: 18 12 26 22 | 04
#0372-d314 @A: 12 14 05 16 | 05
#0373-d314 @A: 27 12 17 33 | 11
#0374-d314 @A: 33 12 01 14 | 12
#0375-d314 @A: 26 03 01 12 | 10
#0376-d314 @A: 11 09 31 04 | 09
#0377-d314 @A: 20 04 05 18 | 07
#0378-d314 @A: 14 17 04 08 | 06
#0379-d314 @A: 35 14 19 04 | 01
#0380-d314 @A: 04 34 11 24 | 03
#0381-d314 @A: 08 03 07 09 | 02
#0382-d314 @A: 33 09 07 31 | 08
#0383-d314 @A: 09 07 11 29 | 04
#0384-d314 @A: 09 11 08 30 | 05
#0385-d314 @A: 09 28 35 18 | 11
#0386-d314 @A: 03 34 09 05 | 12
#0387-d314 @A: 34 26 09 29 | 10
#0388-d314 @A: 16 10 20 07 | 09
#0389-d314 @A: 11 07 22 16 | 07
#0390-d314 @A: 07 35 05 30 | 06
#0391-d314 @A: 14 07 05 29 | 01
#0392-d314 @A: 01 35 14 07 | 03
#0393-d314 @A: 20 35 03 30 | 02
#0394-d314 @A: 11 29 24 20 | 08
#0395-d314 @A: 08 19 14 28 | 04
#0396-d314 @A: 08 35 05 19 | 05
#0397-d314 @A: 33 08 27 10 | 11
#0398-d314 @A: 08 30 16 33 | 12
#0399-d314 @A: 27 08 35 03 | 10
#0400-d314 @A: 17 01 26 08 | 09
#0401-d314 @A: 28 31 29 30 | 07
#0402-d314 @A: 29 33 10 28 | 06
#0403-d314 @A: 28 03 14 16 | 01
#0404-d314 @A: 18 24 14 31 | 03
#0405-d314 @A: 05 01 18 27 | 02
#0406-d314 @A: 29 05 31 34 | 08
#0407-d314 @A: 10 31 01 19 | 04
#0408-d314 @A: 33 31 14 17 | 05
#0409-d314 @A: 30 31 27 26 | 11
#0410-d314 @A: 24 35 31 16 | 12
#0411-d314 @A: 05 35 22 34 | 10
#0412-d314 @A: 19 26 30 22 | 09
#0413-d314 @A: 03 17 30 22 | 07
#0414-d314 @A: 30 34 22 11 | 06
#0415-d314 @A: 05 18 15 21 | 01
#0416-d314 @A: 14 23 29 21 | 03
#0417-d314 @A: 21 11 17 06 | 02
#0418-d314 @A: 29 21 32 25 | 08
#0419-d314 @A: 07 13 34 21 | 04
#0420-d314 @A: 27 13 10 21 | 05
#0421-d314 @A: 24 32 21 07 | 11
#0422-d314 @A: 32 20 35 21 | 12
#0423-d314 @A: 21 32 03 26 | 10
#0424-d314 @A: 33 21 08 12 | 09
#0425-d314 @A: 27 21 28 12 | 07
#0426-d314 @A: 04 33 20 21 | 06
#0427-d314 @A: 22 14 28 21 | 01
#0428-d314 @A: 16 29 18 21 | 03
#0429-d314 @A: 35 17 21 10 | 02
#0430-d314 @A: 35 20 23 15 | 08
#0431-d314 @A: 15 33 06 09 | 04
#0432-d314 @A: 24 06 15 22 | 05
#0433-d314 @A: 25 15 26 13 | 11
#0434-d314 @A: 24 15 25 11 | 12
#0435-d314 @A: 02 13 15 16 | 10
#0436-d314 @A: 18 15 02 19 | 09
#0437-d314 @A: 12 22 05 15 | 07
#0438-d314 @A: 07 04 15 33 | 06
#0439-d314 @A: 03 07 15 30 | 01
#0440-d314 @A: 27 15 20 28 | 03
#0441-d314 @A: 31 08 15 17 | 02
#0442-d314 @A: 22 01 11 15 | 08
#0443-d314 @A: 15 34 35 33 | 04
#0444-d314 @A: 26 16 14 15 | 05
#0445-d314 @A: 29 34 03 15 | 11
#0446-d314 @A: 32 06 23 30 | 12
#0447-d314 @A: 34 12 23 06 | 10
#0448-d314 @A: 04 23 11 06 | 09
#0449-d314 @A: 23 25 32 35 | 07
#0450-d314 @A: 05 25 23 29 | 06
#0451-d314 @A: 32 31 26 23 | 01
#0452-d314 @A: 04 08 33 23 | 03
#0453-d314 @A: 28 23 09 10 | 02
#0454-d314 @A: 33 23 09 18 | 08
#0455-d314 @A: 07 01 05 23 | 04
#0456-d314 @A: 20 11 35 23 | 05
#0457-d314 @A: 31 03 23 33 | 11
#0458-d314 @A: 30 29 33 23 | 12
#0459-d314 @A: 23 24 26 27 | 10
#0460-d314 @A: 10 23 35 30 | 09
#0461-d314 @A: 30 23 17 26 | 07
#0462-d314 @A: 29 34 16 23 | 06
#0463-d314 @A: 03 17 23 34 | 01
#0464-d314 @A: 02 14 18 06 | 03
#0465-d314 @A: 06 13 07 29 | 02
#0466-d314 @A: 13 06 20 30 | 08
#0467-d314 @A: 12 06 08 17 | 04
#0468-d314 @A: 06 08 04 27 | 05
#0469-d314 @A: 06 31 09 19 | 11
#0470-d314 @A: 07 18 06 05 | 12
#0471-d314 @A: 20 29 18 06 | 10
#0472-d314 @A: 14 30 34 06 | 09
#0473-d314 @A: 10 25 02 20 | 07
#0474-d314 @A: 02 25 29 08 | 06
#0475-d314 @A: 32 09 25 14 | 01
#0476-d314 @A: 04 12 25 30 | 03
#0477-d314 @A: 03 04 25 08 | 02
#0478-d314 @A: 25 22 09 33 | 08
#0479-d314 @A: 26 25 33 07 | 04
#0480-d314 @A: 25 22 26 20 | 05
#0481-d314 @A: 25 19 28 17 | 11
#0482-d314 @A: 05 24 35 25 | 12
#0483-d314 @A: 30 33 10 25 | 10
#0484-d314 @A: 26 29 25 11 | 09
#0485-d314 @A: 34 25 10 16 | 07
#0486-d314 @A: 30 02 09 32 | 06
#0487-d314 @A: 29 12 19 02 | 01
#0488-d314 @A: 30 02 08 04 | 03
#0489-d314 @A: 02 20 01 09 | 02
#0490-d314 @A: 02 33 09 08 | 08
#0491-d314 @A: 31 02 22 18 | 04
#0492-d314 @A: 18 10 02 27 | 05
#0493-d314 @A: 11 02 22 26 | 11
#0494-d314 @A: 02 17 34 05 | 12
#0495-d314 @A: 33 02 30 17 | 10
#0496-d314 @A: 14 29 02 33 | 09
#0497-d314 @A: 35 02 26 27 | 07
#0498-d314 @A: 16 34 02 27 | 06
#0499-d314 @A: 30 03 02 24 | 01
#0500-d314 @A: 34 12 04 13 | 03
#0501-d314 @A: 13 18 04 33 | 02
#0502-d314 @A: 29 31 13 20 | 08
#0503-d314 @A: 28 13 11 22 | 04
#0504-d314 @A: 28 01 24 13 | 05
#0505-d314 @A: 22 18 14 13 | 11
#0506-d314 @A: 19 13 34 05 | 12
#0507-d314 @A: 12 30 32 07 | 10
#0508-d314 @A: 22 03 32 12 | 09
#0509-d314 @A: 32 04 18 35 | 07
#0510-d314 @A: 32 31 08 29 | 06
#0511-d314 @A: 08 32 11 03 | 01
#0512-d314 @A: 28 18 10 32 | 03
#0513-d314 @A: 32 16 14 30 | 02
#0514-d314 @A: 24 10 32 14 | 08
#0515-d314 @A: 12 04 03 20 | 04
#0516-d314 @A: 09 12 10 03 | 05
#0517-d314 @A: 12 09 11 34 | 11
#0518-d314 @A: 31 11 12 08 | 12
#0519-d314 @A: 33 30 26 12 | 10
#0520-d314 @A: 33 34 03 12 | 09
#0521-d314 @A: 12 11 35 27 | 07
#0522-d314 @A: 26 12 29 27 | 06
#0523-d314 @A: 34 12 10 29 | 01
#0524-d314 @A: 04 20 19 27 | 03
#0525-d314 @A: 04 08 22 26 | 02
#0526-d314 @A: 04 08 34 05 | 08
#0527-d314 @A: 26 19 28 04 | 04
#0528-d314 @A: 16 18 04 01 | 05
#0529-d314 @A: 04 26 33 01 | 11
#0530-d314 @A: 17 04 26 10 | 12
#0531-d314 @A: 05 09 22 08 | 10
#0532-d314 @A: 10 31 09 18 | 09
#0533-d314 @A: 09 05 26 24 | 07
#0534-d314 @A: 17 09 33 24 | 06
#0535-d314 @A: 03 09 01 24 | 01
#0536-d314 @A: 26 07 08 31 | 03
#0537-d314 @A: 26 19 07 24 | 02
#0538-d314 @A: 03 31 20 28 | 08
#0539-d314 @A: 28 19 11 20 | 04
#0540-d314 @A: 20 18 31 17 | 05
#0541-d314 @A: 34 08 28 16 | 11
#0542-d314 @A: 08 16 05 01 | 12
#0543-d314 @A: 14 28 01 27 | 10
#0544-d314 @A: 17 28 35 16 | 09
#0545-d314 @A: 30 26 16 28 | 07
#0546-d314 @A: 33 18 10 24 | 06
#0547-d314 @A: 22 14 16 31 | 01
#0548-d314 @A: 19 31 11 05 | 03
#0549-d314 @A: 27 16 31 05 | 02
#0550-d314 @A: 24 22 30 35 | 08
#0551-d314 @A: 14 19 11 03 | 04
#0552-d314 @A: 15 32 21 30 | 05
#0553-d314 @A: 21 08 35 15 | 11
#0554-d314 @A: 11 21 15 19 | 12
#0555-d314 @A: 10 21 08 23 | 10
#0556-d314 @A: 22 21 23 01 | 09
#0557-d314 @A: 34 23 30 21 | 07
#0558-d314 @A: 21 25 14 06 | 06
#0559-d314 @A: 06 27 07 21 | 01
#0560-d314 @A: 21 03 20 06 | 03
#0561-d314 @A: 21 10 06 31 | 02
#0562-d314 @A: 02 25 21 16 | 08
#0563-d314 @A: 21 20 30 02 | 04
#0564-d314 @A: 02 29 28 21 | 05
#0565-d314 @A: 21 17 12 05 | 11
#0566-d314 @A: 16 21 22 04 | 12
#0567-d314 @A: 29 09 21 10 | 10
#0568-d314 @A: 14 21 07 20 | 09
#0569-d314 @A: 01 08 07 21 | 07
#0570-d314 @A: 16 07 35 21 | 06
#0571-d314 @A: 29 26 07 21 | 01
#0572-d314 @A: 21 31 20 26 | 03
#0573-d314 @A: 21 31 11 28 | 02
#0574-d314 @A: 22 18 33 21 | 08
#0575-d314 @A: 29 05 21 03 | 04
#0576-d314 @A: 11 21 14 24 | 05
#0577-d314 @A: 21 01 29 34 | 11
#0578-d314 @A: 15 32 18 06 | 12
#0579-d314 @A: 01 15 31 06 | 10
#0580-d314 @A: 06 10 26 15 | 09
#0581-d314 @A: 35 15 09 25 | 07
#0582-d314 @A: 14 15 09 02 | 06
#0583-d314 @A: 15 08 02 05 | 01
#0584-d314 @A: 28 13 15 29 | 03
#0585-d314 @A: 15 31 13 27 | 02
#0586-d314 @A: 10 08 32 15 | 08
#0587-d314 @A: 12 15 04 35 | 04
#0588-d314 @A: 30 28 15 12 | 05
#0589-d314 @A: 12 15 03 24 | 11
#0590-d314 @A: 15 04 09 10 | 12
#0591-d314 @A: 10 33 05 15 | 10
#0592-d314 @A: 26 30 15 05 | 09
#0593-d314 @A: 33 30 15 24 | 07
#0594-d314 @A: 01 35 15 24 | 06
#0595-d314 @A: 34 17 14 15 | 01
#0596-d314 @A: 23 16 06 24 | 03
#0597-d314 @A: 01 23 25 02 | 02
#0598-d314 @A: 23 07 25 34 | 08
#0599-d314 @A: 23 07 20 02 | 04
#0600-d314 @A: 14 23 02 35 | 05
#0601-d314 @A: 07 27 13 23 | 11
#0602-d314 @A: 14 19 23 32 | 12
#0603-d314 @A: 05 11 09 23 | 10
#0604-d314 @A: 23 03 20 08 | 09
#0605-d314 @A: 23 20 34 26 | 07
#0606-d314 @A: 18 08 27 23 | 06
#0607-d314 @A: 08 34 23 22 | 01
#0608-d314 @A: 28 18 14 23 | 03
#0609-d314 @A: 23 19 34 33 | 02
#0610-d314 @A: 13 33 25 06 | 08
#0611-d314 @A: 03 34 25 06 | 04
#0612-d314 @A: 06 02 07 19 | 05
#0613-d314 @A: 02 06 08 16 | 11
#0614-d314 @A: 11 09 32 06 | 12
#0615-d314 @A: 20 06 27 32 | 10
#0616-d314 @A: 05 32 06 26 | 09
#0617-d314 @A: 17 06 32 16 | 07
#0618-d314 @A: 30 06 12 22 | 06
#0619-d314 @A: 33 06 22 04 | 01
#0620-d314 @A: 06 22 29 08 | 03
#0621-d314 @A: 18 28 34 06 | 02
#0622-d314 @A: 19 29 06 05 | 08
#0623-d314 @A: 17 06 19 33 | 04
#0624-d314 @A: 06 34 27 19 | 05
#0625-d314 @A: 12 27 25 32 | 11
#0626-d314 @A: 33 20 25 14 | 12
#0627-d314 @A: 26 28 25 34 | 10
#0628-d314 @A: 01 19 25 24 | 09
#0629-d314 @A: 25 24 30 27 | 07
#0630-d314 @A: 01 25 27 10 | 06
#0631-d314 @A: 16 25 26 01 | 01
#0632-d314 @A: 11 34 17 25 | 03
#0633-d314 @A: 03 04 02 13 | 02
#0634-d314 @A: 02 20 24 04 | 08
#0635-d314 @A: 27 09 11 02 | 04
#0636-d314 @A: 03 20 18 02 | 05
#0637-d314 @A: 24 26 18 02 | 11
#0638-d314 @A: 24 01 02 29 | 12
#0639-d314 @A: 12 09 13 17 | 10
#0640-d314 @A: 12 13 31 33 | 09
#0641-d314 @A: 29 13 01 12 | 07
#0642-d314 @A: 08 04 01 13 | 06
#0643-d314 @A: 04 13 24 31 | 01
#0644-d314 @A: 09 19 08 13 | 03
#0645-d314 @A: 34 09 13 28 | 02
#0646-d314 @A: 13 08 07 17 | 08
#0647-d314 @A: 07 31 13 14 | 04
#0648-d314 @A: 27 13 28 18 | 05
#0649-d314 @A: 10 13 31 28 | 11
#0650-d314 @A: 28 22 13 17 | 12
#0651-d314 @A: 20 34 32 05 | 10
#0652-d314 @A: 32 16 08 35 | 09
#0653-d314 @A: 32 16 18 33 | 07
#0654-d314 @A: 27 03 32 29 | 06
#0655-d314 @A: 29 32 01 10 | 01
#0656-d314 @A: 18 04 14 12 | 03
#0657-d314 @A: 04 14 11 12 | 02
#0658-d314 @A: 09 34 07 12 | 08
#0659-d314 @A: 22 33 12 20 | 04
#0660-d314 @A: 31 12 17 26 | 05
#0661-d314 @A: 11 12 22 10 | 11
#0662-d314 @A: 19 33 12 11 | 12
#0663-d314 @A: 12 16 19 17 | 10
#0664-d314 @A: 27 12 10 24 | 09
#0665-d314 @A: 04 07 24 09 | 07
#0666-d314 @A: 20 07 17 04 | 06
#0667-d314 @A: 24 08 19 04 | 01
#0668-d314 @A: 18 34 04 31 | 03
#0669-d314 @A: 04 10 31 33 | 02
#0670-d314 @A: 04 19 05 33 | 08
#0671-d314 @A: 03 04 30 05 | 04
#0672-d314 @A: 04 17 29 34 | 05
#0673-d314 @A: 09 07 22 01 | 11
#0674-d314 @A: 18 20 34 09 | 12
#0675-d314 @A: 16 09 20 11 | 10
#0676-d314 @A: 33 09 28 19 | 09
#0677-d314 @A: 17 09 30 29 | 07
#0678-d314 @A: 20 07 31 27 | 06
#0679-d314 @A: 34 24 05 07 | 01
#0680-d314 @A: 07 35 33 19 | 03
#0681-d314 @A: 17 30 07 16 | 02
#0682-d314 @A: 14 30 07 11 | 08
#0683-d314 @A: 14 31 08 20 | 04
#0684-d314 @A: 24 26 20 01 | 05
#0685-d314 @A: 08 34 18 30 | 11
#0686-d314 @A: 17 03 08 05 | 12
#0687-d314 @A: 26 33 19 08 | 10
#0688-d314 @A: 34 01 08 10 | 09
#0689-d314 @A: 28 19 05 27 | 07
#0690-d314 @A: 05 34 28 01 | 06
#0691-d314 @A: 28 33 26 14 | 01
#0692-d314 @A: 14 17 28 30 | 03
#0693-d314 @A: 03 28 17 24 | 02
#0694-d314 @A: 10 18 05 34 | 08
#0695-d314 @A: 18 35 11 24 | 04
#0696-d314 @A: 30 33 31 19 | 05
#0697-d314 @A: 34 35 30 31 | 11
#0698-d314 @A: 03 35 31 14 | 12
#0699-d314 @A: 31 35 11 03 | 10
#0700-d314 @A: 34 03 31 26 | 09
#0701-d314 @A: 26 03 22 35 | 07
#0702-d314 @A: 15 13 21 19 | 06
#0703-d314 @A: 13 21 32 23 | 01
#0704-d314 @A: 04 35 23 21 | 03
#0705-d314 @A: 13 06 17 21 | 02
#0706-d314 @A: 06 04 24 21 | 08
#0707-d314 @A: 18 06 21 01 | 04
#0708-d314 @A: 18 21 25 35 | 05
#0709-d314 @A: 24 02 21 22 | 11
#0710-d314 @A: 24 21 20 13 | 12
#0711-d314 @A: 32 21 05 04 | 10
#0712-d314 @A: 32 18 17 21 | 09
#0713-d314 @A: 04 28 21 09 | 07
#0714-d314 @A: 09 21 18 24 | 06
#0715-d314 @A: 08 20 16 21 | 01
#0716-d314 @A: 21 08 24 28 | 03
#0717-d314 @A: 30 21 08 22 | 02
#0718-d314 @A: 19 34 21 16 | 08
#0719-d314 @A: 26 34 17 21 | 04
#0720-d314 @A: 21 01 16 03 | 05
#0721-d314 @A: 28 16 15 23 | 11
#0722-d314 @A: 17 30 15 06 | 12
#0723-d314 @A: 16 25 04 15 | 10
#0724-d314 @A: 15 26 07 02 | 09
#0725-d314 @A: 31 03 02 15 | 07
#0726-d314 @A: 13 11 15 05 | 06
#0727-d314 @A: 32 17 15 07 | 01
#0728-d314 @A: 15 31 34 12 | 03
#0729-d314 @A: 17 15 09 27 | 02
#0730-d314 @A: 15 18 07 24 | 08
#0731-d314 @A: 30 15 20 11 | 04
#0732-d314 @A: 15 27 30 18 | 05
#0733-d314 @A: 19 33 15 27 | 11
#0734-d314 @A: 24 26 15 34 | 12
#0735-d314 @A: 03 06 13 23 | 10
#0736-d314 @A: 06 23 26 14 | 09
#0737-d314 @A: 25 33 23 11 | 07
#0738-d314 @A: 25 16 30 23 | 06
#0739-d314 @A: 20 33 32 23 | 01
#0740-d314 @A: 12 23 01 08 | 03
#0741-d314 @A: 28 23 12 11 | 02
#0742-d314 @A: 22 23 04 14 | 08
#0743-d314 @A: 23 07 30 31 | 04
#0744-d314 @A: 23 17 35 08 | 05
#0745-d314 @A: 34 23 05 27 | 11
#0746-d314 @A: 03 27 10 23 | 12
#0747-d314 @A: 25 11 06 28 | 10
#0748-d314 @A: 06 04 13 26 | 09
#0749-d314 @A: 35 06 08 13 | 07
#0750-d314 @A: 28 06 16 13 | 06
#0751-d314 @A: 07 06 20 33 | 01
#0752-d314 @A: 10 18 06 16 | 03
#0753-d314 @A: 06 35 05 14 | 02
#0754-d314 @A: 03 29 06 30 | 08
#0755-d314 @A: 02 25 09 27 | 04
#0756-d314 @A: 03 22 02 25 | 05
#0757-d314 @A: 10 18 13 25 | 11
#0758-d314 @A: 13 34 29 25 | 12
#0759-d314 @A: 25 12 29 31 | 10
#0760-d314 @A: 14 07 25 04 | 09
#0761-d314 @A: 07 29 25 22 | 07
#0762-d314 @A: 25 14 26 08 | 06
#0763-d314 @A: 02 12 16 28 | 01
#0764-d314 @A: 04 14 02 31 | 03
#0765-d314 @A: 20 08 02 35 | 02
#0766-d314 @A: 28 02 34 31 | 08
#0767-d314 @A: 02 28 10 22 | 04
#0768-d314 @A: 11 17 05 02 | 05
#0769-d314 @A: 19 24 02 34 | 11
#0770-d314 @A: 03 02 17 01 | 12
#0771-d314 @A: 34 11 10 02 | 10
#0772-d314 @A: 13 32 09 10 | 09
#0773-d314 @A: 32 13 01 07 | 07
#0774-d314 @A: 27 30 13 12 | 06
#0775-d314 @A: 20 04 16 13 | 01
#0776-d314 @A: 08 31 30 13 | 03
#0777-d314 @A: 13 16 19 31 | 02
#0778-d314 @A: 16 26 13 22 | 08
#0779-d314 @A: 10 17 33 13 | 04
#0780-d314 @A: 01 26 13 35 | 05
#0781-d314 @A: 30 29 13 11 | 11
#0782-d314 @A: 12 09 32 26 | 12
#0783-d314 @A: 04 34 32 11 | 10
#0784-d314 @A: 14 18 32 20 | 09
#0785-d314 @A: 20 32 22 31 | 07
#0786-d314 @A: 01 32 20 30 | 06
#0787-d314 @A: 32 28 05 22 | 01
#0788-d314 @A: 11 28 32 17 | 03
#0789-d314 @A: 18 32 19 11 | 02
#0790-d314 @A: 01 32 34 19 | 08
#0791-d314 @A: 32 10 35 33 | 04
#0792-d314 @A: 33 03 30 32 | 05
#0793-d314 @A: 26 34 10 32 | 11
#0794-d314 @A: 29 14 32 17 | 12
#0795-d314 @A: 18 20 12 35 | 10
#0796-d314 @A: 31 08 10 12 | 09
#0797-d314 @A: 01 12 28 22 | 07
#0798-d314 @A: 19 30 16 04 | 06
#0799-d314 @A: 03 27 33 04 | 01
#0800-d314 @A: 24 29 04 33 | 03
#0801-d314 @A: 27 29 10 04 | 02
#0802-d314 @A: 28 22 26 09 | 08
#0803-d314 @A: 22 24 09 14 | 04
#0804-d314 @A: 16 17 09 05 | 05
#0805-d314 @A: 19 16 26 09 | 11
#0806-d314 @A: 19 01 09 29 | 12
#0807-d314 @A: 17 09 14 26 | 10
#0808-d314 @A: 09 29 16 03 | 09
#0809-d314 @A: 30 07 18 33 | 07
#0810-d314 @A: 05 07 16 19 | 06
#0811-d314 @A: 19 17 14 07 | 01
#0812-d314 @A: 03 14 07 26 | 03
#0813-d314 @A: 01 24 07 11 | 02
#0814-d314 @A: 14 08 20 11 | 08
#0815-d314 @A: 20 19 01 05 | 04
#0816-d314 @A: 05 17 20 30 | 05
#0817-d314 @A: 24 35 20 19 | 11
#0818-d314 @A: 34 30 19 20 | 12
#0819-d314 @A: 29 20 14 19 | 10
#0820-d314 @A: 27 10 20 35 | 09
#0821-d314 @A: 30 14 26 20 | 07
#0822-d314 @A: 01 17 34 20 | 06
#0823-d314 @A: 28 08 11 16 | 01
#0824-d314 @A: 08 05 10 14 | 03
#0825-d314 @A: 17 19 30 08 | 02
#0826-d314 @A: 03 30 10 08 | 08
#0827-d314 @A: 11 05 01 28 | 04
#0828-d314 @A: 10 19 24 28 | 05
#0829-d314 @A: 27 33 35 28 | 11
#0830-d314 @A: 30 28 34 33 | 12
#0831-d314 @A: 29 28 01 35 | 10
#0832-d314 @A: 11 28 26 14 | 09
#0833-d314 @A: 14 29 34 28 | 07
#0834-d314 @A: 03 18 30 26 | 06
#0835-d314 @A: 35 22 31 10 | 01
#0836-d314 @A: 26 22 31 24 | 03
#0837-d314 @A: 26 33 29 31 | 02
#0838-d314 @A: 33 24 31 01 | 08
#0839-d314 @A: 31 27 34 01 | 04
#0840-d314 @A: 31 14 01 29 | 05
#0841-d314 @A: 33 17 22 01 | 11
#0842-d314 @A: 11 05 26 03 | 12
#0843-d314 @A: 33 11 29 03 | 10
#0844-d314 @A: 24 10 11 16 | 09
#0845-d314 @A: 03 17 11 10 | 07
#0846-d314 @A: 07 15 09 21 | 06
#0847-d314 @A: 28 25 21 13 | 01
#0848-d314 @A: 31 02 21 17 | 03
#0849-d314 @A: 21 14 13 04 | 02
#0850-d314 @A: 13 05 09 21 | 08
#0851-d314 @A: 21 09 32 16 | 04
#0852-d314 @A: 29 08 04 21 | 05
#0853-d314 @A: 08 31 21 34 | 11
#0854-d314 @A: 21 26 16 05 | 12
#0855-d314 @A: 30 05 21 10 | 10
#0856-d314 @A: 27 21 35 14 | 09
#0857-d314 @A: 17 21 03 27 | 07
#0858-d314 @A: 27 24 01 21 | 06
#0859-d314 @A: 34 21 35 24 | 01
#0860-d314 @A: 15 22 23 29 | 03
#0861-d314 @A: 10 11 23 15 | 02
#0862-d314 @A: 12 27 15 06 | 08
#0863-d314 @A: 02 15 32 24 | 04
#0864-d314 @A: 14 35 15 32 | 05
#0865-d314 @A: 27 24 15 04 | 11
#0866-d314 @A: 09 15 08 24 | 12
#0867-d314 @A: 19 20 15 08 | 10
#0868-d314 @A: 11 18 17 15 | 09
#0869-d314 @A: 15 05 19 31 | 07
#0870-d314 @A: 05 17 15 24 | 06
#0871-d314 @A: 33 15 03 26 | 01
#0872-d314 @A: 27 15 34 10 | 03
#0873-d314 @A: 24 29 16 15 | 02
#0874-d314 @A: 01 15 17 10 | 08
#0875-d314 @A: 25 06 23 08 | 04
#0876-d314 @A: 23 25 26 12 | 05
#0877-d314 @A: 20 04 23 25 | 11
#0878-d314 @A: 25 03 18 23 | 12
#0879-d314 @A: 32 02 11 23 | 10
#0880-d314 @A: 02 26 04 23 | 09
#0881-d314 @A: 28 23 24 02 | 07
#0882-d314 @A: 22 05 02 23 | 06
#0883-d314 @A: 23 10 13 20 | 01
#0884-d314 @A: 24 23 29 13 | 03
#0885-d314 @A: 23 09 01 32 | 02
#0886-d314 @A: 34 32 23 24 | 08
#0887-d314 @A: 35 09 19 23 | 04
#0888-d314 @A: 28 07 23 19 | 05
#0889-d314 @A: 29 28 23 20 | 11
#0890-d314 @A: 18 23 20 30 | 12
#0891-d314 @A: 23 20 22 16 | 10
#0892-d314 @A: 31 08 24 23 | 09
#0893-d314 @A: 23 24 14 33 | 07
#0894-d314 @A: 27 01 23 30 | 06
#0895-d314 @A: 23 03 35 16 | 01
#0896-d314 @A: 23 11 17 14 | 03
#0897-d314 @A: 01 23 03 29 | 02
#0898-d314 @A: 06 30 31 02 | 08
#0899-d314 @A: 34 02 06 22 | 04
#0900-d314 @A: 06 12 32 13 | 05
#0901-d314 @A: 05 06 04 12 | 11
#0902-d314 @A: 20 06 12 09 | 12
#0903-d314 @A: 26 12 07 06 | 10
#0904-d314 @A: 10 04 06 20 | 09
#0905-d314 @A: 28 07 24 06 | 07
#0906-d314 @A: 05 22 20 06 | 06
#0907-d314 @A: 19 26 06 20 | 01
#0908-d314 @A: 03 06 31 18 | 03
#0909-d314 @A: 19 27 06 11 | 02
#0910-d314 @A: 01 30 33 06 | 08
#0911-d314 @A: 16 27 26 06 | 04
#0912-d314 @A: 26 06 34 01 | 05
#0913-d314 @A: 29 06 14 11 | 11
#0914-d314 @A: 02 25 07 28 | 12
#0915-d314 @A: 11 07 02 25 | 10
#0916-d314 @A: 17 25 13 30 | 09
#0917-d314 @A: 03 12 28 25 | 07
#0918-d314 @A: 18 25 12 34 | 06
#0919-d314 @A: 08 04 11 25 | 01
#0920-d314 @A: 25 05 26 04 | 03
#0921-d314 @A: 07 24 31 25 | 02
#0922-d314 @A: 08 25 01 20 | 08
#0923-d314 @A: 19 18 20 25 | 04
#0924-d314 @A: 08 28 35 25 | 05
#0925-d314 @A: 31 25 18 16 | 11
#0926-d314 @A: 19 05 25 03 | 12
#0927-d314 @A: 33 35 25 03 | 10
#0928-d314 @A: 13 02 22 29 | 09
#0929-d314 @A: 02 01 34 13 | 07
#0930-d314 @A: 34 08 02 12 | 06
#0931-d314 @A: 31 02 12 01 | 01
#0932-d314 @A: 16 02 07 04 | 03
#0933-d314 @A: 24 02 33 27 | 02
#0934-d314 @A: 03 02 34 35 | 08
#0935-d314 @A: 13 03 32 28 | 04
#0936-d314 @A: 35 13 28 04 | 05
#0937-d314 @A: 13 27 03 09 | 11
#0938-d314 @A: 13 16 07 18 | 12
#0939-d314 @A: 26 13 18 31 | 10
#0940-d314 @A: 30 16 01 13 | 09
#0941-d314 @A: 31 32 24 12 | 07
#0942-d314 @A: 05 11 12 32 | 06
#0943-d314 @A: 17 32 05 01 | 01
#0944-d314 @A: 33 27 01 32 | 03
#0945-d314 @A: 12 07 29 04 | 02
#0946-d314 @A: 12 33 35 09 | 08
#0947-d314 @A: 11 07 18 12 | 04
#0948-d314 @A: 24 20 29 12 | 05
#0949-d314 @A: 30 12 19 03 | 11
#0950-d314 @A: 16 01 34 12 | 12
#0951-d314 @A: 07 01 31 04 | 10
#0952-d314 @A: 20 22 35 04 | 09
#0953-d314 @A: 04 30 18 11 | 07
#0954-d314 @A: 26 04 27 14 | 06
#0955-d314 @A: 27 04 17 30 | 01
#0956-d314 @A: 03 29 04 35 | 03
#0957-d314 @A: 05 20 31 09 | 02
#0958-d314 @A: 35 09 34 01 | 08
#0959-d314 @A: 24 09 29 35 | 04
#0960-d314 @A: 18 20 26 07 | 05
#0961-d314 @A: 20 22 07 24 | 11
#0962-d314 @A: 01 07 16 28 | 12
#0963-d314 @A: 07 18 03 35 | 10
#0964-d314 @A: 07 33 27 34 | 09
#0965-d314 @A: 22 30 20 28 | 07
#0966-d314 @A: 20 27 24 05 | 06
#0967-d314 @A: 27 01 20 29 | 01
#0968-d314 @A: 19 31 08 18 | 03
#0969-d314 @A: 18 08 17 10 | 02
#0970-d314 @A: 33 05 08 24 | 08
#0971-d314 @A: 17 34 08 33 | 04
#0972-d314 @A: 30 01 08 35 | 05
#0973-d314 @A: 31 28 33 18 | 11
#0974-d314 @A: 30 28 24 05 | 12
#0975-d314 @A: 24 27 34 28 | 10
#0976-d314 @A: 01 10 28 30 | 09
#0977-d314 @A: 05 17 18 19 | 07
#0978-d314 @A: 18 33 16 11 | 06
#0979-d314 @A: 18 16 27 03 | 01
#0980-d314 @A: 26 16 18 17 | 03
#0981-d314 @A: 01 24 30 18 | 02
#0982-d314 @A: 19 22 31 34 | 08
#0983-d314 @A: 31 30 22 01 | 04
#0984-d314 @A: 31 26 01 05 | 05
#0985-d314 @A: 31 26 14 10 | 11
#0986-d314 @A: 11 29 31 01 | 12
#0987-d314 @A: 11 17 19 22 | 10
#0988-d314 @A: 14 01 22 19 | 09
#0989-d314 @A: 30 33 22 14 | 07
#0990-d314 @A: 24 22 27 11 | 06
#0991-d314 @A: 05 11 29 35 | 01
#0992-d314 @A: 01 21 20 15 | 03
#0993-d314 @A: 15 33 21 14 | 02
#0994-d314 @A: 23 21 18 26 | 08
#0995-d314 @A: 06 02 21 35 | 04
#0996-d314 @A: 25 21 19 09 | 05
#0997-d314 @A: 11 03 21 02 | 11
#0998-d314 @A: 31 21 01 13 | 12
#0999-d314 @A: 21 34 12 32 | 10
#1000-d314 @A: 17 09 08 21 | 09
#1001-d314 @A: 21 22 07 17 | 07
#1002-d314 @A: 10 33 19 21 | 06
#1003-d314 @A: 17 21 24 19 | 01
#1004-d314 @A: 21 16 17 14 | 03
#1005-d314 @A: 05 06 15 23 | 02
#1006-d314 @A: 32 15 11 07 | 08
#1007-d314 @A: 32 03 15 20 | 04
#1008-d314 @A: 12 15 09 19 | 05
#1009-d314 @A: 09 15 31 16 | 11
#1010-d314 @A: 07 20 15 05 | 12
#1011-d314 @A: 33 15 29 18 | 10
#1012-d314 @A: 03 17 15 16 | 09
#1013-d314 @A: 09 29 23 06 | 07
#1014-d314 @A: 20 06 23 01 | 06
#1015-d314 @A: 23 18 35 06 | 01
#1016-d314 @A: 09 24 25 23 | 03
#1017-d314 @A: 08 02 23 19 | 02
#1018-d314 @A: 13 23 26 09 | 08
#1019-d314 @A: 32 29 12 23 | 04
#1020-d314 @A: 32 04 10 23 | 05
#1021-d314 @A: 23 05 31 04 | 11
#1022-d314 @A: 23 24 17 20 | 12
#1023-d314 @A: 31 01 23 18 | 10
#1024-d314 @A: 22 23 19 18 | 09
#1025-d314 @A: 03 19 23 26 | 07
#1026-d314 @A: 29 26 23 10 | 06
#1027-d314 @A: 17 01 14 23 | 01
#1028-d314 @A: 14 10 34 23 | 03
#1029-d314 @A: 06 04 32 25 | 02
#1030-d314 @A: 25 12 10 06 | 08
#1031-d314 @A: 25 06 20 35 | 04
#1032-d314 @A: 04 02 29 06 | 05
#1033-d314 @A: 32 06 09 35 | 11
#1034-d314 @A: 06 09 04 16 | 12
#1035-d314 @A: 06 28 05 10 | 10
#1036-d314 @A: 24 11 31 06 | 09
#1037-d314 @A: 14 06 19 03 | 07
#1038-d314 @A: 10 27 06 30 | 06
#1039-d314 @A: 06 17 34 35 | 01
#1040-d314 @A: 25 02 19 31 | 03
#1041-d314 @A: 32 10 25 22 | 02
#1042-d314 @A: 05 12 25 07 | 08
#1043-d314 @A: 33 19 25 12 | 04
#1044-d314 @A: 18 04 27 25 | 05
#1045-d314 @A: 07 17 09 25 | 11
#1046-d314 @A: 10 25 08 09 | 12
#1047-d314 @A: 09 28 25 30 | 10
#1048-d314 @A: 07 30 20 25 | 09
#1049-d314 @A: 25 20 16 29 | 07
#1050-d314 @A: 25 16 08 17 | 06
#1051-d314 @A: 25 17 18 33 | 01
#1052-d314 @A: 25 27 35 31 | 03
#1053-d314 @A: 01 22 35 25 | 02
#1054-d314 @A: 27 25 05 14 | 08
#1055-d314 @A: 25 03 01 30 | 04
#1056-d314 @A: 11 10 25 01 | 05
#1057-d314 @A: 02 13 26 12 | 11
#1058-d314 @A: 05 13 02 30 | 12
#1059-d314 @A: 09 18 12 02 | 10
#1060-d314 @A: 02 27 14 20 | 09
#1061-d314 @A: 22 08 02 14 | 07
#1062-d314 @A: 02 11 28 30 | 06
#1063-d314 @A: 02 35 18 33 | 01
#1064-d314 @A: 16 02 35 01 | 03
#1065-d314 @A: 13 30 18 32 | 02
#1066-d314 @A: 13 31 32 17 | 08
#1067-d314 @A: 09 35 20 13 | 04
#1068-d314 @A: 13 08 05 20 | 05
#1069-d314 @A: 13 22 08 24 | 11
#1070-d314 @A: 13 24 08 11 | 12
#1071-d314 @A: 26 14 13 19 | 10
#1072-d314 @A: 26 33 34 13 | 09
#1073-d314 @A: 03 33 13 16 | 07
#1074-d314 @A: 29 13 16 27 | 06
#1075-d314 @A: 20 10 12 32 | 01
#1076-d314 @A: 12 01 18 32 | 03
#1077-d314 @A: 32 04 24 22 | 02
#1078-d314 @A: 04 32 14 03 | 08
#1079-d314 @A: 22 32 19 09 | 04
#1080-d314 @A: 32 07 22 16 | 05
#1081-d314 @A: 28 26 32 35 | 11
#1082-d314 @A: 32 03 11 22 | 12
#1083-d314 @A: 32 29 24 05 | 10
#1084-d314 @A: 19 32 33 29 | 09
#1085-d314 @A: 24 32 11 26 | 07
#1086-d314 @A: 30 11 01 32 | 06
#1087-d314 @A: 10 32 17 03 | 01
#1088-d314 @A: 12 01 04 24 | 03
#1089-d314 @A: 07 08 19 12 | 02
#1090-d314 @A: 12 28 26 08 | 08
#1091-d314 @A: 18 30 12 16 | 04
#1092-d314 @A: 05 19 12 24 | 05
#1093-d314 @A: 12 24 17 11 | 11
#1094-d314 @A: 09 18 04 26 | 12
#1095-d314 @A: 09 04 19 03 | 10
#1096-d314 @A: 07 04 11 28 | 09
#1097-d314 @A: 04 20 29 26 | 07
#1098-d314 @A: 22 29 11 04 | 06
#1099-d314 @A: 05 04 24 10 | 01
#1100-d314 @A: 16 17 04 33 | 03
#1101-d314 @A: 33 14 34 04 | 02
#1102-d314 @A: 04 26 35 24 | 08
#1103-d314 @A: 09 22 20 27 | 04
#1104-d314 @A: 09 28 18 11 | 05
#1105-d314 @A: 09 16 30 35 | 11
#1106-d314 @A: 09 14 35 10 | 12
#1107-d314 @A: 10 01 09 16 | 10
#1108-d314 @A: 07 31 29 18 | 09
#1109-d314 @A: 19 07 27 10 | 07
#1110-d314 @A: 24 01 17 07 | 06
#1111-d314 @A: 24 20 10 08 | 01
#1112-d314 @A: 26 20 10 05 | 03
#1113-d314 @A: 20 19 33 16 | 02
#1114-d314 @A: 20 34 33 24 | 08
#1115-d314 @A: 33 29 20 03 | 04
#1116-d314 @A: 20 14 34 35 | 05
#1117-d314 @A: 14 24 03 20 | 11
#1118-d314 @A: 01 08 31 03 | 12
#1119-d314 @A: 22 08 03 33 | 10
#1120-d314 @A: 08 01 26 11 | 09
#1121-d314 @A: 27 28 22 29 | 07
#1122-d314 @A: 24 19 28 11 | 06
#1123-d314 @A: 35 18 05 16 | 01
#1124-d314 @A: 14 33 19 18 | 03
#1125-d314 @A: 33 26 27 18 | 02
#1126-d314 @A: 22 05 31 17 | 08
#1127-d314 @A: 31 35 33 05 | 04
#1128-d314 @A: 05 31 10 03 | 05
#1129-d314 @A: 26 31 35 19 | 11
#1130-d314 @A: 22 03 19 27 | 12
#1131-d314 @A: 14 17 22 35 | 10
#1132-d314 @A: 22 10 01 26 | 09
#1133-d314 @A: 03 22 34 10 | 07
#1134-d314 @A: 11 16 30 35 | 06
#1135-d314 @A: 24 23 15 21 | 01
#1136-d314 @A: 05 23 21 28 | 03
#1137-d314 @A: 06 21 12 29 | 02
#1138-d314 @A: 09 21 34 06 | 08
#1139-d314 @A: 06 21 22 26 | 04
#1140-d314 @A: 30 25 21 26 | 05
#1141-d314 @A: 21 02 19 04 | 11
#1142-d314 @A: 21 13 33 30 | 12
#1143-d314 @A: 29 13 35 21 | 10
#1144-d314 @A: 12 26 04 21 | 09
#1145-d314 @A: 21 04 10 18 | 07
#1146-d314 @A: 28 21 10 26 | 06
#1147-d314 @A: 33 29 21 17 | 01
#1148-d314 @A: 03 33 21 24 | 03
#1149-d314 @A: 16 11 21 26 | 02
#1150-d314 @A: 15 23 19 25 | 08
#1151-d314 @A: 01 23 13 15 | 04
#1152-d314 @A: 06 13 15 14 | 05
#1153-d314 @A: 15 14 25 18 | 11
#1154-d314 @A: 04 15 05 13 | 12
#1155-d314 @A: 03 13 15 08 | 10
#1156-d314 @A: 01 32 15 04 | 09
#1157-d314 @A: 11 12 16 15 | 07
#1158-d314 @A: 04 22 15 03 | 06
#1159-d314 @A: 09 15 30 20 | 01
#1160-d314 @A: 15 28 05 09 | 03
#1161-d314 @A: 07 16 08 15 | 02
#1162-d314 @A: 15 01 29 07 | 08
#1163-d314 @A: 08 14 15 30 | 04
#1164-d314 @A: 05 15 16 34 | 05
#1165-d314 @A: 14 24 15 19 | 11
#1166-d314 @A: 18 16 23 02 | 12
#1167-d314 @A: 19 13 23 12 | 10
#1168-d314 @A: 35 23 22 13 | 09
#1169-d314 @A: 32 18 23 07 | 07
#1170-d314 @A: 04 09 27 23 | 06
#1171-d314 @A: 04 29 19 23 | 01
#1172-d314 @A: 09 07 16 23 | 03
#1173-d314 @A: 07 03 23 11 | 02
#1174-d314 @A: 01 11 18 23 | 08
#1175-d314 @A: 10 19 23 05 | 04
#1176-d314 @A: 17 33 23 05 | 05
#1177-d314 @A: 35 26 05 23 | 11
#1178-d314 @A: 23 05 03 24 | 12
#1179-d314 @A: 19 23 30 24 | 10
#1180-d314 @A: 23 17 16 10 | 09
#1181-d314 @A: 25 02 06 26 | 07
#1182-d314 @A: 01 06 07 25 | 06
#1183-d314 @A: 13 06 27 02 | 01
#1184-d314 @A: 04 06 31 35 | 03
#1185-d314 @A: 08 06 01 09 | 02
#1186-d314 @A: 07 16 31 06 | 08
#1187-d314 @A: 10 19 08 06 | 04
#1188-d314 @A: 24 06 30 08 | 05
#1189-d314 @A: 33 06 05 34 | 11
#1190-d314 @A: 06 29 33 35 | 12
#1191-d314 @A: 03 33 10 06 | 10
#1192-d314 @A: 06 29 10 14 | 09
#1193-d314 @A: 12 25 02 35 | 07
#1194-d314 @A: 03 13 25 31 | 06
#1195-d314 @A: 05 16 25 28 | 01
#1196-d314 @A: 19 34 35 25 | 03
#1197-d314 @A: 25 33 24 16 | 02
#1198-d314 @A: 35 25 16 14 | 08
#1199-d314 @A: 25 01 17 29 | 04
#1200-d314 @A: 14 13 02 28 | 05
#1201-d314 @A: 12 04 10 02 | 11
#1202-d314 @A: 09 02 22 16 | 12
#1203-d314 @A: 07 02 24 08 | 10
#1204-d314 @A: 27 07 02 03 | 09
#1205-d314 @A: 30 28 02 18 | 07
#1206-d314 @A: 19 02 28 01 | 06
#1207-d314 @A: 02 26 31 16 | 01
#1208-d314 @A: 10 01 05 02 | 03
#1209-d314 @A: 14 02 24 05 | 02
#1210-d314 @A: 34 26 14 02 | 08
#1211-d314 @A: 02 10 34 30 | 04
#1212-d314 @A: 35 05 32 13 | 05
#1213-d314 @A: 19 13 07 22 | 11
#1214-d314 @A: 17 03 13 18 | 12
#1215-d314 @A: 19 17 29 13 | 10
#1216-d314 @A: 11 03 01 13 | 09
#1217-d314 @A: 07 27 32 09 | 07
#1218-d314 @A: 20 07 29 32 | 06
#1219-d314 @A: 32 28 34 07 | 01
#1220-d314 @A: 27 32 17 08 | 03
#1221-d314 @A: 30 05 32 19 | 02
#1222-d314 @A: 32 33 17 26 | 08
#1223-d314 @A: 32 29 26 16 | 04
#1224-d314 @A: 24 16 32 01 | 05
#1225-d314 @A: 01 20 12 07 | 11
#1226-d314 @A: 27 12 16 07 | 12
#1227-d314 @A: 20 34 28 12 | 10
#1228-d314 @A: 12 05 34 26 | 09
#1229-d314 @A: 12 01 30 05 | 07
#1230-d314 @A: 16 35 12 29 | 06
#1231-d314 @A: 28 04 10 08 | 01
#1232-d314 @A: 19 34 10 04 | 03
#1233-d314 @A: 35 30 33 04 | 02
#1234-d314 @A: 01 04 35 27 | 08
#1235-d314 @A: 17 35 04 11 | 04
#1236-d314 @A: 08 28 27 09 | 05
#1237-d314 @A: 14 29 27 09 | 11
#1238-d314 @A: 09 10 24 30 | 12
#1239-d314 @A: 01 17 09 11 | 10
#1240-d314 @A: 18 28 07 17 | 09
#1241-d314 @A: 07 28 31 05 | 07
#1242-d314 @A: 26 07 05 17 | 06
#1243-d314 @A: 07 16 29 33 | 01
#1244-d314 @A: 03 07 33 17 | 03
#1245-d314 @A: 10 33 07 14 | 02
#1246-d314 @A: 20 24 18 28 | 08
#1247-d314 @A: 22 20 03 01 | 04
#1248-d314 @A: 10 03 19 20 | 05
#1249-d314 @A: 28 05 08 18 | 11
#1250-d314 @A: 26 08 34 35 | 12
#1251-d314 @A: 28 19 30 35 | 10
#1252-d314 @A: 19 03 34 28 | 09
#1253-d314 @A: 11 03 28 27 | 07
#1254-d314 @A: 28 35 10 03 | 06
#1255-d314 @A: 28 24 26 29 | 01
#1256-d314 @A: 14 18 17 27 | 03
#1257-d314 @A: 18 29 34 27 | 02
#1258-d314 @A: 30 10 14 18 | 08
#1259-d314 @A: 03 29 18 24 | 04
#1260-d314 @A: 19 29 24 31 | 05
#1261-d314 @A: 27 17 10 31 | 11
#1262-d314 @A: 17 31 24 30 | 12
#1263-d314 @A: 19 10 17 22 | 10
#1264-d314 @A: 17 24 27 22 | 09
#1265-d314 @A: 22 10 24 29 | 07
#1266-d314 @A: 05 34 27 11 | 06
#1267-d314 @A: 17 11 27 30 | 01
#1268-d314 @A: 02 15 12 21 | 03
#1269-d314 @A: 07 33 23 21 | 02
#1270-d314 @A: 21 25 34 22 | 08
#1271-d314 @A: 13 21 12 16 | 04
#1272-d314 @A: 13 11 07 21 | 05
#1273-d314 @A: 21 13 08 26 | 11
#1274-d314 @A: 12 22 21 31 | 12
#1275-d314 @A: 35 30 12 21 | 10
#1276-d314 @A: 22 09 11 21 | 09
#1277-d314 @A: 20 29 21 22 | 07
#1278-d314 @A: 21 31 28 35 | 06
#1279-d314 @A: 34 21 03 18 | 01
#1280-d314 @A: 21 24 05 31 | 03
#1281-d314 @A: 03 21 19 35 | 02
#1282-d314 @A: 01 21 19 26 | 08
#1283-d314 @A: 14 21 19 30 | 04
#1284-d314 @A: 33 21 35 26 | 05
#1285-d314 @A: 15 23 12 33 | 11
#1286-d314 @A: 06 26 15 11 | 12
#1287-d314 @A: 02 34 25 15 | 10
#1288-d314 @A: 24 15 20 25 | 09
#1289-d314 @A: 17 25 15 22 | 07
#1290-d314 @A: 15 02 04 28 | 06
#1291-d314 @A: 22 30 15 13 | 01
#1292-d314 @A: 15 11 13 34 | 03
#1293-d314 @A: 12 15 08 29 | 02
#1294-d314 @A: 26 15 31 04 | 08
#1295-d314 @A: 15 29 14 04 | 04
#1296-d314 @A: 15 14 22 20 | 05
#1297-d314 @A: 01 28 08 15 | 11
#1298-d314 @A: 15 08 27 11 | 12
#1299-d314 @A: 24 15 31 28 | 10
#1300-d314 @A: 15 28 22 35 | 09
#1301-d314 @A: 22 19 16 15 | 07
#1302-d314 @A: 29 05 15 27 | 06
#1303-d314 @A: 03 15 05 35 | 01
#1304-d314 @A: 15 05 14 01 | 03
#1305-d314 @A: 06 04 28 23 | 02
#1306-d314 @A: 13 05 18 23 | 08
#1307-d314 @A: 23 31 13 34 | 04
#1308-d314 @A: 23 19 13 11 | 05
#1309-d314 @A: 17 12 23 28 | 11
#1310-d314 @A: 23 07 03 04 | 12
#1311-d314 @A: 31 09 17 23 | 10
#1312-d314 @A: 14 27 23 16 | 09
#1313-d314 @A: 23 26 34 11 | 07
#1314-d314 @A: 19 30 06 25 | 06
#1315-d314 @A: 24 02 12 06 | 01
#1316-d314 @A: 11 02 06 35 | 03
#1317-d314 @A: 06 31 13 05 | 02
#1318-d314 @A: 06 13 01 22 | 08
#1319-d314 @A: 10 06 32 07 | 04
#1320-d314 @A: 34 32 31 06 | 05
#1321-d314 @A: 06 34 07 04 | 11
#1322-d314 @A: 27 06 18 09 | 12
#1323-d314 @A: 09 26 03 06 | 10
#1324-d314 @A: 06 10 08 11 | 09
#1325-d314 @A: 06 31 28 26 | 07
#1326-d314 @A: 19 06 22 28 | 06
#1327-d314 @A: 35 27 06 22 | 01
#1328-d314 @A: 34 06 24 29 | 03
#1329-d314 @A: 25 05 02 18 | 02
#1330-d314 @A: 25 13 20 27 | 08
#1331-d314 @A: 25 13 22 05 | 04
#1332-d314 @A: 25 28 32 20 | 05
#1333-d314 @A: 32 25 27 11 | 11
#1334-d314 @A: 25 34 09 04 | 12
#1335-d314 @A: 04 24 17 25 | 10
#1336-d314 @A: 25 07 18 08 | 09
#1337-d314 @A: 22 19 25 08 | 07
#1338-d314 @A: 30 22 18 25 | 06
#1339-d314 @A: 25 30 05 34 | 01
#1340-d314 @A: 25 10 17 05 | 03
#1341-d314 @A: 19 11 25 30 | 02
#1342-d314 @A: 25 17 14 03 | 08
#1343-d314 @A: 32 07 02 14 | 04
#1344-d314 @A: 32 26 02 08 | 05
#1345-d314 @A: 31 02 32 05 | 11
#1346-d314 @A: 35 22 32 02 | 12
#1347-d314 @A: 10 19 02 09 | 10
#1348-d314 @A: 02 18 08 01 | 09
#1349-d314 @A: 08 27 31 02 | 07
#1350-d314 @A: 02 33 19 03 | 06
#1351-d314 @A: 19 02 14 16 | 01
#1352-d314 @A: 02 26 03 29 | 03
#1353-d314 @A: 13 12 10 22 | 02
#1354-d314 @A: 10 13 07 04 | 08
#1355-d314 @A: 22 27 13 04 | 04
#1356-d314 @A: 22 34 20 13 | 05
#1357-d314 @A: 08 34 13 27 | 11
#1358-d314 @A: 05 01 13 03 | 12
#1359-d314 @A: 13 35 27 19 | 10
#1360-d314 @A: 24 33 13 35 | 09
#1361-d314 @A: 26 30 29 13 | 07
#1362-d314 @A: 34 13 16 17 | 06
#1363-d314 @A: 19 32 35 12 | 01
#1364-d314 @A: 20 31 11 32 | 03
#1365-d314 @A: 18 32 31 27 | 02
#1366-d314 @A: 34 27 32 14 | 08
#1367-d314 @A: 32 03 16 34 | 04
#1368-d314 @A: 16 32 29 11 | 05
#1369-d314 @A: 03 31 07 12 | 11
#1370-d314 @A: 08 18 12 03 | 12
#1371-d314 @A: 22 17 12 34 | 10
#1372-d314 @A: 26 12 14 35 | 09
#1373-d314 @A: 31 04 29 09 | 07
#1374-d314 @A: 04 20 30 31 | 06
#1375-d314 @A: 34 22 28 04 | 01
#1376-d314 @A: 18 04 29 22 | 03
#1377-d314 @A: 29 16 05 04 | 02
#1378-d314 @A: 11 26 33 04 | 08
#1379-d314 @A: 34 04 16 35 | 04
#1380-d314 @A: 10 16 14 04 | 05
#1381-d314 @A: 01 10 11 04 | 11
#1382-d314 @A: 24 03 04 34 | 12
#1383-d314 @A: 28 20 16 09 | 10
#1384-d314 @A: 30 09 08 26 | 09
#1385-d314 @A: 09 18 17 01 | 07
#1386-d314 @A: 30 09 33 05 | 06
#1387-d314 @A: 11 19 09 10 | 01
#1388-d314 @A: 10 27 26 09 | 03
#1389-d314 @A: 09 27 34 30 | 02
#1390-d314 @A: 09 26 35 11 | 08
#1391-d314 @A: 11 09 03 24 | 04
#1392-d314 @A: 11 20 10 07 | 05
#1393-d314 @A: 31 34 17 07 | 11
#1394-d314 @A: 07 14 34 22 | 12
#1395-d314 @A: 10 07 35 34 | 10
#1396-d314 @A: 33 05 28 20 | 09
#1397-d314 @A: 10 18 20 22 | 07
#1398-d314 @A: 22 11 20 18 | 06
#1399-d314 @A: 20 01 16 14 | 01
#1400-d314 @A: 03 08 19 16 | 03
#1401-d314 @A: 35 14 33 08 | 02
#1402-d314 @A: 26 16 08 10 | 08
#1403-d314 @A: 11 26 31 18 | 04
#1404-d314 @A: 24 22 05 18 | 05
#1405-d314 @A: 24 35 18 27 | 11
#1406-d314 @A: 26 29 18 01 | 12
#1407-d314 @A: 16 14 18 34 | 10
#1408-d314 @A: 11 18 14 10 | 09
#1409-d314 @A: 14 30 05 31 | 07
#1410-d314 @A: 31 01 16 17 | 06
#1411-d314 @A: 24 34 10 31 | 01
#1412-d314 @A: 05 33 22 26 | 03
#1413-d314 @A: 22 05 30 27 | 02
#1414-d314 @A: 29 21 31 15 | 08
#1415-d314 @A: 21 26 15 27 | 04
#1416-d314 @A: 20 23 09 21 | 05
#1417-d314 @A: 23 31 16 21 | 11
#1418-d314 @A: 28 21 06 30 | 12
#1419-d314 @A: 02 21 10 32 | 10
#1420-d314 @A: 19 32 21 08 | 09
#1421-d314 @A: 21 01 32 28 | 07
#1422-d314 @A: 19 21 12 20 | 06
#1423-d314 @A: 11 30 12 21 | 01
#1424-d314 @A: 21 30 04 07 | 03
#1425-d314 @A: 27 04 11 21 | 02
#1426-d314 @A: 33 01 09 21 | 08
#1427-d314 @A: 11 05 21 08 | 04
#1428-d314 @A: 30 21 31 18 | 05
#1429-d314 @A: 19 21 05 22 | 11
#1430-d314 @A: 27 21 10 11 | 12
#1431-d314 @A: 30 29 21 24 | 10
#1432-d314 @A: 15 23 17 02 | 09
#1433-d314 @A: 32 27 23 15 | 07
#1434-d314 @A: 15 30 23 04 | 06
#1435-d314 @A: 15 09 23 03 | 01
#1436-d314 @A: 08 15 25 33 | 03
#1437-d314 @A: 28 25 10 15 | 02
#1438-d314 @A: 31 30 25 15 | 08
#1439-d314 @A: 31 15 11 02 | 04
#1440-d314 @A: 15 27 02 01 | 05
#1441-d314 @A: 24 13 15 10 | 11
#1442-d314 @A: 12 26 20 15 | 12
#1443-d314 @A: 07 28 15 14 | 10
#1444-d314 @A: 17 15 29 20 | 09
#1445-d314 @A: 15 18 31 35 | 07
#1446-d314 @A: 03 18 15 10 | 06
#1447-d314 @A: 14 11 35 15 | 01
#1448-d314 @A: 30 01 15 34 | 03
#1449-d314 @A: 25 28 23 33 | 02
#1450-d314 @A: 25 31 10 23 | 08
#1451-d314 @A: 23 34 35 28 | 04
#1452-d314 @A: 33 35 01 23 | 05
#1453-d314 @A: 25 31 06 17 | 11
#1454-d314 @A: 10 06 13 34 | 12
#1455-d314 @A: 22 14 32 06 | 10
#1456-d314 @A: 11 06 12 01 | 09
#1457-d314 @A: 18 04 30 06 | 07
#1458-d314 @A: 31 06 20 24 | 06
#1459-d314 @A: 34 16 06 20 | 01
#1460-d314 @A: 18 06 26 08 | 03
#1461-d314 @A: 03 35 24 06 | 02
#1462-d314 @A: 19 25 07 32 | 08
#1463-d314 @A: 24 03 25 32 | 04
#1464-d314 @A: 12 25 16 09 | 05
#1465-d314 @A: 28 04 29 25 | 11
#1466-d314 @A: 29 18 25 09 | 12
#1467-d314 @A: 25 20 34 31 | 10
#1468-d314 @A: 08 05 31 25 | 09
#1469-d314 @A: 05 18 11 25 | 07
#1470-d314 @A: 19 29 26 25 | 06
#1471-d314 @A: 25 03 26 27 | 01
#1472-d314 @A: 25 34 17 27 | 03
#1473-d314 @A: 30 29 35 25 | 02
#1474-d314 @A: 26 24 10 25 | 08
#1475-d314 @A: 20 17 02 13 | 04
#1476-d314 @A: 32 02 04 34 | 05
#1477-d314 @A: 02 29 32 18 | 11
#1478-d314 @A: 02 12 17 07 | 12
#1479-d314 @A: 04 17 02 18 | 10
#1480-d314 @A: 28 09 03 02 | 09
#1481-d314 @A: 34 02 29 20 | 07
#1482-d314 @A: 11 02 18 08 | 06
#1483-d314 @A: 16 33 05 02 | 01
#1484-d314 @A: 02 11 33 24 | 03
#1485-d314 @A: 33 05 13 07 | 02
#1486-d314 @A: 08 33 13 28 | 08
#1487-d314 @A: 27 05 13 26 | 04
#1488-d314 @A: 13 17 05 14 | 05
#1489-d314 @A: 33 19 13 01 | 11
#1490-d314 @A: 30 14 35 13 | 12
#1491-d314 @A: 03 13 26 10 | 10
#1492-d314 @A: 34 30 03 13 | 09
#1493-d314 @A: 14 12 32 28 | 07
#1494-d314 @A: 08 04 32 20 | 06
#1495-d314 @A: 34 32 09 08 | 01
#1496-d314 @A: 05 09 32 18 | 03
#1497-d314 @A: 14 05 33 32 | 02
#1498-d314 @A: 35 32 03 01 | 08
#1499-d314 @A: 26 32 14 01 | 04
#1500-d314 @A: 08 12 30 20 | 05
#1501-d314 @A: 16 12 31 20 | 11
#1502-d314 @A: 16 22 12 08 | 12
#1503-d314 @A: 29 12 28 18 | 10
#1504-d314 @A: 29 05 33 12 | 09
#1505-d314 @A: 03 12 27 05 | 07
#1506-d314 @A: 35 12 10 05 | 06
#1507-d314 @A: 34 12 19 14 | 01
#1508-d314 @A: 35 17 01 12 | 03
#1509-d314 @A: 12 30 17 10 | 02
#1510-d314 @A: 12 34 30 24 | 08
#1511-d314 @A: 14 04 20 09 | 04
#1512-d314 @A: 04 01 09 05 | 05
#1513-d314 @A: 07 18 04 19 | 11
#1514-d314 @A: 17 04 31 28 | 12
#1515-d314 @A: 04 16 28 24 | 10
#1516-d314 @A: 30 10 22 04 | 09
#1517-d314 @A: 11 16 04 05 | 07
#1518-d314 @A: 03 16 04 26 | 06
#1519-d314 @A: 03 01 04 10 | 01
#1520-d314 @A: 26 07 35 09 | 03
#1521-d314 @A: 03 22 09 18 | 02
#1522-d314 @A: 05 09 19 14 | 08
#1523-d314 @A: 19 24 27 09 | 04
#1524-d314 @A: 09 10 34 33 | 05
#1525-d314 @A: 16 34 24 09 | 11
#1526-d314 @A: 08 10 22 07 | 12
#1527-d314 @A: 28 07 22 33 | 10
#1528-d314 @A: 19 01 07 30 | 09
#1529-d314 @A: 07 19 29 03 | 07
#1530-d314 @A: 26 07 34 16 | 06
#1531-d314 @A: 14 28 10 20 | 01
#1532-d314 @A: 05 16 03 20 | 03
#1533-d314 @A: 17 20 03 26 | 02
#1534-d314 @A: 31 28 08 22 | 08
#1535-d314 @A: 08 35 18 22 | 04
#1536-d314 @A: 08 10 35 29 | 05
#1537-d314 @A: 08 17 11 29 | 11
#1538-d314 @A: 34 08 14 03 | 12
#1539-d314 @A: 14 24 01 08 | 10
#1540-d314 @A: 16 18 28 22 | 09
#1541-d314 @A: 28 29 05 17 | 07
#1542-d314 @A: 19 28 16 29 | 06
#1543-d314 @A: 30 05 18 29 | 01
#1544-d314 @A: 18 01 34 33 | 03
#1545-d314 @A: 18 35 14 29 | 02
#1546-d314 @A: 11 16 18 03 | 08
#1547-d314 @A: 33 31 22 27 | 04
#1548-d314 @A: 22 31 29 03 | 05
#1549-d314 @A: 35 29 31 17 | 11
#1550-d314 @A: 22 29 01 05 | 12
#1551-d314 @A: 22 33 19 24 | 10
#1552-d314 @A: 33 29 22 34 | 09
#1553-d314 @A: 27 22 10 14 | 07
#1554-d314 @A: 30 34 16 22 | 06
#1555-d314 @A: 34 24 22 01 | 01
#1556-d314 @A: 34 01 11 35 | 03
#1557-d314 @A: 01 21 04 25 | 02
#1558-d314 @A: 20 21 05 25 | 08
#1559-d314 @A: 25 27 21 08 | 04
#1560-d314 @A: 02 07 05 21 | 05
#1561-d314 @A: 02 21 03 08 | 11
#1562-d314 @A: 34 21 33 02 | 12
#1563-d314 @A: 21 14 02 01 | 10
#1564-d314 @A: 31 32 14 21 | 09
#1565-d314 @A: 22 27 21 32 | 07
#1566-d314 @A: 30 09 21 03 | 06
#1567-d314 @A: 03 28 21 07 | 01
#1568-d314 @A: 20 17 21 28 | 03
#1569-d314 @A: 18 20 27 21 | 02
#1570-d314 @A: 03 10 21 14 | 08
#1571-d314 @A: 23 14 31 15 | 04
#1572-d314 @A: 06 04 19 15 | 05
#1573-d314 @A: 35 15 06 07 | 11
#1574-d314 @A: 13 15 35 17 | 12
#1575-d314 @A: 18 15 12 17 | 10
#1576-d314 @A: 12 10 14 15 | 09
#1577-d314 @A: 27 22 15 08 | 07
#1578-d314 @A: 26 18 28 15 | 06
#1579-d314 @A: 17 28 33 15 | 01
#1580-d314 @A: 01 19 15 03 | 03
#1581-d314 @A: 02 23 09 34 | 02
#1582-d314 @A: 28 13 30 23 | 08
#1583-d314 @A: 23 29 07 08 | 04
#1584-d314 @A: 03 28 22 23 | 05
#1585-d314 @A: 22 31 11 23 | 11
#1586-d314 @A: 10 33 22 23 | 12
#1587-d314 @A: 27 19 23 17 | 10
#1588-d314 @A: 16 01 19 23 | 09
#1589-d314 @A: 35 29 27 23 | 07
#1590-d314 @A: 23 24 10 01 | 06
#1591-d314 @A: 28 06 27 25 | 01
#1592-d314 @A: 02 06 28 33 | 03
#1593-d314 @A: 05 06 03 02 | 02
#1594-d314 @A: 13 09 24 06 | 08
#1595-d314 @A: 13 06 18 11 | 04
#1596-d314 @A: 19 32 06 24 | 05
#1597-d314 @A: 03 06 12 16 | 11
#1598-d314 @A: 04 17 06 03 | 12
#1599-d314 @A: 06 08 33 31 | 10
#1600-d314 @A: 01 28 06 17 | 09
#1601-d314 @A: 06 16 05 30 | 07
#1602-d314 @A: 01 05 24 06 | 06
#1603-d314 @A: 16 06 19 35 | 01
#1604-d314 @A: 06 14 27 24 | 03
#1605-d314 @A: 06 30 26 35 | 02
#1606-d314 @A: 01 10 06 35 | 08
#1607-d314 @A: 29 26 17 06 | 04
#1608-d314 @A: 16 06 11 34 | 05
#1609-d314 @A: 24 13 02 25 | 11
#1610-d314 @A: 30 14 25 02 | 12
#1611-d314 @A: 01 09 25 13 | 10
#1612-d314 @A: 13 25 35 07 | 09
#1613-d314 @A: 32 30 08 25 | 07
#1614-d314 @A: 20 09 25 03 | 06
#1615-d314 @A: 25 09 26 31 | 01
#1616-d314 @A: 14 09 11 25 | 03
#1617-d314 @A: 11 25 22 35 | 02
#1618-d314 @A: 25 29 27 33 | 08
#1619-d314 @A: 25 26 35 17 | 04
#1620-d314 @A: 14 01 25 34 | 05
#1621-d314 @A: 02 27 32 28 | 11
#1622-d314 @A: 05 04 27 02 | 12
#1623-d314 @A: 02 07 22 30 | 10
#1624-d314 @A: 17 22 02 26 | 09
#1625-d314 @A: 27 29 02 17 | 07
#1626-d314 @A: 02 24 10 35 | 06
#1627-d314 @A: 16 30 29 02 | 01
#1628-d314 @A: 32 04 29 13 | 03
#1629-d314 @A: 13 27 24 32 | 02
#1630-d314 @A: 11 32 13 14 | 08
#1631-d314 @A: 12 28 05 13 | 04
#1632-d314 @A: 31 13 09 22 | 05
#1633-d314 @A: 13 24 05 16 | 11
#1634-d314 @A: 33 11 13 17 | 12
#1635-d314 @A: 13 16 35 10 | 10
#1636-d314 @A: 04 12 32 17 | 09
#1637-d314 @A: 09 17 32 28 | 07
#1638-d314 @A: 31 35 32 07 | 06
#1639-d314 @A: 33 11 10 32 | 01
#1640-d314 @A: 30 27 35 32 | 03
#1641-d314 @A: 12 04 08 09 | 02
#1642-d314 @A: 12 30 31 09 | 08
#1643-d314 @A: 24 12 07 33 | 04
#1644-d314 @A: 08 27 14 12 | 05
#1645-d314 @A: 35 24 08 12 | 11
#1646-d314 @A: 16 24 12 26 | 12
#1647-d314 @A: 30 14 12 29 | 10
#1648-d314 @A: 04 05 35 17 | 09
#1649-d314 @A: 30 04 29 01 | 07
#1650-d314 @A: 07 18 09 14 | 06
#1651-d314 @A: 20 09 17 10 | 01
#1652-d314 @A: 30 19 09 18 | 03
#1653-d314 @A: 09 27 35 05 | 02
#1654-d314 @A: 27 07 08 05 | 08
#1655-d314 @A: 07 18 10 01 | 04
#1656-d314 @A: 24 05 07 11 | 05
#1657-d314 @A: 17 27 07 35 | 11
#1658-d314 @A: 30 07 10 26 | 12
#1659-d314 @A: 20 17 08 22 | 10
#1660-d314 @A: 08 26 20 27 | 09
#1661-d314 @A: 27 20 11 31 | 07
#1662-d314 @A: 31 01 20 35 | 06
#1663-d314 @A: 33 20 30 27 | 01
#1664-d314 @A: 20 17 33 11 | 03
#1665-d314 @A: 03 20 27 34 | 02
#1666-d314 @A: 30 10 29 20 | 08
#1667-d314 @A: 34 11 03 20 | 04
#1668-d314 @A: 29 08 28 03 | 05
#1669-d314 @A: 11 08 19 26 | 11
#1670-d314 @A: 29 08 19 34 | 12
#1671-d314 @A: 11 33 08 35 | 10
#1672-d314 @A: 08 33 01 29 | 09
#1673-d314 @A: 29 27 08 30 | 07
#1674-d314 @A: 29 08 16 14 | 06
#1675-d314 @A: 05 28 26 03 | 01
#1676-d314 @A: 33 28 01 03 | 03
#1677-d314 @A: 16 10 27 28 | 02
#1678-d314 @A: 18 05 03 33 | 08
#1679-d314 @A: 11 29 18 27 | 04
#1680-d314 @A: 10 26 35 18 | 05
#1681-d314 @A: 17 30 18 35 | 11
#1682-d314 @A: 31 16 34 33 | 12
#1683-d314 @A: 31 27 24 03 | 10
#1684-d314 @A: 17 16 29 22 | 09
#1685-d314 @A: 03 22 24 16 | 07
#1686-d314 @A: 11 33 30 05 | 06
#1687-d314 @A: 16 11 01 19 | 01
#1688-d314 @A: 34 29 19 11 | 03
#1689-d314 @A: 14 01 27 11 | 02
