#0001-d346 @A: 18 15 22 03 | 01
#0002-d346 @A: 29 31 22 14 | 08
#0003-d346 @A: 07 03 22 35 | 11
#0004-d346 @A: 04 35 19 22 | 07
#0005-d346 @A: 22 23 17 06 | 03
#0006-d346 @A: 22 06 05 20 | 05
#0007-d346 @A: 27 06 02 22 | 02
#0008-d346 @A: 22 08 02 01 | 12
#0009-d346 @A: 07 20 11 22 | 10
#0010-d346 @A: 31 03 22 05 | 04
#0011-d346 @A: 34 19 13 22 | 09
#0012-d346 @A: 22 24 27 23 | 06
#0013-d346 @A: 07 23 29 22 | 01
#0014-d346 @A: 22 30 33 21 | 08
#0015-d346 @A: 33 22 10 02 | 11
#0016-d346 @A: 33 35 32 15 | 07
#0017-d346 @A: 32 15 08 09 | 03
#0018-d346 @A: 20 32 06 14 | 05
#0019-d346 @A: 32 14 16 31 | 02
#0020-d346 @A: 28 32 21 35 | 12
#0021-d346 @A: 35 32 26 29 | 10
#0022-d346 @A: 08 32 24 35 | 04
#0023-d346 @A: 32 23 07 35 | 09
#0024-d346 @A: 05 32 31 35 | 06
#0025-d346 @A: 32 28 27 09 | 01
#0026-d346 @A: 32 26 34 19 | 08
#0027-d346 @A: 10 01 23 32 | 11
#0028-d346 @A: 05 20 32 01 | 07
#0029-d346 @A: 32 29 17 08 | 03
#0030-d346 @A: 09 03 32 10 | 05
#0031-d346 @A: 12 32 17 03 | 02
#0032-d346 @A: 34 18 07 32 | 12
#0033-d346 @A: 21 32 17 10 | 10
#0034-d346 @A: 13 14 15 35 | 04
#0035-d346 @A: 14 30 15 16 | 09
#0036-d346 @A: 35 15 17 28 | 06
#0037-d346 @A: 26 35 02 15 | 01
#0038-d346 @A: 04 15 35 11 | 08
#0039-d346 @A: 07 35 15 27 | 11
#0040-d346 @A: 03 15 04 28 | 07
#0041-d346 @A: 13 26 30 15 | 03
#0042-d346 @A: 15 04 06 18 | 05
#0043-d346 @A: 29 15 06 27 | 02
#0044-d346 @A: 23 01 19 15 | 12
#0045-d346 @A: 18 13 15 11 | 10
#0046-d346 @A: 15 02 13 08 | 04
#0047-d346 @A: 16 15 13 27 | 09
#0048-d346 @A: 24 21 23 15 | 06
#0049-d346 @A: 35 04 24 14 | 01
#0050-d346 @A: 14 35 33 10 | 08
#0051-d346 @A: 01 14 16 28 | 11
#0052-d346 @A: 09 14 28 34 | 07
#0053-d346 @A: 20 26 14 19 | 03
#0054-d346 @A: 14 01 29 03 | 05
#0055-d346 @A: 01 31 10 14 | 02
#0056-d346 @A: 11 24 27 14 | 12
#0057-d346 @A: 14 11 31 18 | 10
#0058-d346 @A: 05 02 04 14 | 04
#0059-d346 @A: 13 20 29 14 | 09
#0060-d346 @A: 07 33 14 13 | 06
#0061-d346 @A: 05 33 18 14 | 01
#0062-d346 @A: 07 05 14 16 | 08
#0063-d346 @A: 07 28 35 04 | 11
#0064-d346 @A: 13 12 35 28 | 07
#0065-d346 @A: 31 28 09 35 | 03
#0066-d346 @A: 07 35 26 20 | 05
#0067-d346 @A: 35 09 27 26 | 02
#0068-d346 @A: 35 06 01 25 | 12
#0069-d346 @A: 12 01 27 35 | 10
#0070-d346 @A: 08 29 35 27 | 04
#0071-d346 @A: 04 20 33 35 | 09
#0072-d346 @A: 35 23 33 05 | 06
#0073-d346 @A: 35 21 29 23 | 01
#0074-d346 @A: 25 35 24 27 | 08
#0075-d346 @A: 24 35 17 31 | 11
#0076-d346 @A: 35 34 17 18 | 07
#0077-d346 @A: 34 16 35 24 | 03
#0078-d346 @A: 35 17 16 33 | 05
#0079-d346 @A: 16 35 02 12 | 02
#0080-d346 @A: 26 19 28 01 | 12
#0081-d346 @A: 01 28 20 08 | 10
#0082-d346 @A: 13 28 11 10 | 04
#0083-d346 @A: 11 02 28 27 | 09
#0084-d346 @A: 28 34 11 25 | 06
#0085-d346 @A: 33 08 28 07 | 01
#0086-d346 @A: 17 28 18 03 | 08
#0087-d346 @A: 04 24 28 13 | 11
#0088-d346 @A: 33 28 04 31 | 07
#0089-d346 @A: 02 28 13 31 | 03
#0090-d346 @A: 34 23 24 28 | 05
#0091-d346 @A: 28 27 20 31 | 02
#0092-d346 @A: 27 29 28 30 | 12
#0093-d346 @A: 16 07 24 28 | 10
#0094-d346 @A: 06 16 26 25 | 04
#0095-d346 @A: 21 08 23 26 | 09
#0096-d346 @A: 26 18 34 03 | 06
#0097-d346 @A: 04 26 27 12 | 01
#0098-d346 @A: 31 21 26 04 | 08
#0099-d346 @A: 26 20 31 02 | 11
#0100-d346 @A: 26 09 20 05 | 07
#0101-d346 @A: 26 05 02 34 | 03
#0102-d346 @A: 26 17 02 07 | 05
#0103-d346 @A: 27 11 06 33 | 02
#0104-d346 @A: 08 06 09 27 | 12
#0105-d346 @A: 30 31 03 06 | 10
#0106-d346 @A: 06 21 31 20 | 04
#0107-d346 @A: 10 06 33 34 | 09
#0108-d346 @A: 21 07 29 06 | 06
#0109-d346 @A: 30 02 06 10 | 01
#0110-d346 @A: 03 01 08 21 | 08
#0111-d346 @A: 04 01 18 31 | 11
#0112-d346 @A: 07 13 01 27 | 07
#0113-d346 @A: 01 16 24 13 | 03
#0114-d346 @A: 01 05 25 18 | 05
#0115-d346 @A: 08 02 04 11 | 02
#0116-d346 @A: 11 17 03 27 | 12
#0117-d346 @A: 31 20 11 12 | 10
#0118-d346 @A: 17 11 05 33 | 04
#0119-d346 @A: 24 11 19 05 | 09
#0120-d346 @A: 30 04 23 08 | 06
#0121-d346 @A: 10 19 13 08 | 01
#0122-d346 @A: 08 05 09 24 | 08
#0123-d346 @A: 31 19 30 03 | 11
#0124-d346 @A: 17 10 33 03 | 07
#0125-d346 @A: 02 29 09 03 | 03
#0126-d346 @A: 17 19 03 16 | 05
#0127-d346 @A: 31 05 13 04 | 02
#0128-d346 @A: 09 04 24 10 | 12
#0129-d346 @A: 04 16 29 17 | 10
#0130-d346 @A: 17 09 13 27 | 04
#0131-d346 @A: 17 33 13 25 | 09
#0132-d346 @A: 05 33 10 13 | 06
#0133-d346 @A: 21 33 13 12 | 01
#0134-d346 @A: 13 18 10 30 | 08
#0135-d346 @A: 12 13 19 05 | 11
#0136-d346 @A: 09 23 25 10 | 07
#0137-d346 @A: 34 20 25 17 | 03
#0138-d346 @A: 24 20 02 12 | 05
#0139-d346 @A: 30 27 05 17 | 02
#0140-d346 @A: 19 09 33 02 | 12
#0141-d346 @A: 32 09 22 35 | 10
#0142-d346 @A: 12 15 22 02 | 04
#0143-d346 @A: 16 35 01 22 | 09
#0144-d346 @A: 22 33 35 08 | 06
#0145-d346 @A: 13 22 35 25 | 01
#0146-d346 @A: 34 03 22 28 | 08
#0147-d346 @A: 17 01 22 07 | 11
#0148-d346 @A: 03 10 11 22 | 07
#0149-d346 @A: 24 22 31 08 | 03
#0150-d346 @A: 03 22 23 09 | 05
#0151-d346 @A: 34 18 22 25 | 02
#0152-d346 @A: 22 05 02 30 | 12
#0153-d346 @A: 14 32 26 02 | 10
#0154-d346 @A: 14 21 13 32 | 04
#0155-d346 @A: 32 19 35 16 | 09
#0156-d346 @A: 06 24 32 02 | 06
#0157-d346 @A: 32 11 19 09 | 01
#0158-d346 @A: 04 07 32 27 | 08
#0159-d346 @A: 19 20 32 05 | 11
#0160-d346 @A: 34 24 32 09 | 07
#0161-d346 @A: 10 29 32 34 | 03
#0162-d346 @A: 32 29 33 05 | 05
#0163-d346 @A: 16 32 02 33 | 02
#0164-d346 @A: 24 18 21 32 | 12
#0165-d346 @A: 25 21 32 07 | 10
#0166-d346 @A: 32 05 17 07 | 04
#0167-d346 @A: 14 11 23 15 | 09
#0168-d346 @A: 14 12 15 08 | 06
#0169-d346 @A: 31 25 15 35 | 01
#0170-d346 @A: 20 15 30 28 | 08
#0171-d346 @A: 15 08 26 29 | 11
#0172-d346 @A: 15 03 20 06 | 07
#0173-d346 @A: 01 34 08 15 | 03
#0174-d346 @A: 25 04 15 01 | 05
#0175-d346 @A: 17 01 15 13 | 02
#0176-d346 @A: 15 21 11 17 | 12
#0177-d346 @A: 15 34 08 19 | 10
#0178-d346 @A: 15 03 33 23 | 04
#0179-d346 @A: 23 04 15 12 | 09
#0180-d346 @A: 27 04 33 15 | 06
#0181-d346 @A: 21 15 31 13 | 01
#0182-d346 @A: 15 20 17 19 | 08
#0183-d346 @A: 25 21 34 15 | 11
#0184-d346 @A: 33 25 05 15 | 07
#0185-d346 @A: 17 30 15 33 | 03
#0186-d346 @A: 02 15 25 30 | 05
#0187-d346 @A: 30 09 24 15 | 02
#0188-d346 @A: 10 15 02 09 | 12
#0189-d346 @A: 16 10 19 15 | 10
#0190-d346 @A: 15 07 21 02 | 04
#0191-d346 @A: 12 28 11 14 | 09
#0192-d346 @A: 26 04 14 10 | 06
#0193-d346 @A: 31 12 13 14 | 01
#0194-d346 @A: 14 12 24 18 | 08
#0195-d346 @A: 10 18 14 17 | 11
#0196-d346 @A: 14 16 02 25 | 07
#0197-d346 @A: 24 14 07 17 | 03
#0198-d346 @A: 21 26 35 12 | 05
#0199-d346 @A: 13 10 35 06 | 02
#0200-d346 @A: 11 35 10 01 | 12
#0201-d346 @A: 35 03 01 34 | 10
#0202-d346 @A: 35 04 13 17 | 04
#0203-d346 @A: 20 30 27 35 | 09
#0204-d346 @A: 19 31 35 24 | 06
#0205-d346 @A: 35 25 34 02 | 01
#0206-d346 @A: 30 02 24 35 | 08
#0207-d346 @A: 06 26 28 33 | 11
#0208-d346 @A: 12 26 31 28 | 07
#0209-d346 @A: 21 06 11 28 | 03
#0210-d346 @A: 03 07 27 28 | 05
#0211-d346 @A: 29 23 28 04 | 02
#0212-d346 @A: 28 10 25 33 | 12
#0213-d346 @A: 05 12 28 25 | 10
#0214-d346 @A: 28 30 09 07 | 04
#0215-d346 @A: 05 17 09 28 | 09
#0216-d346 @A: 28 07 19 21 | 06
#0217-d346 @A: 19 06 26 02 | 01
#0218-d346 @A: 02 26 04 01 | 08
#0219-d346 @A: 24 26 01 09 | 11
#0220-d346 @A: 13 26 08 33 | 07
#0221-d346 @A: 08 26 31 27 | 03
#0222-d346 @A: 08 24 19 26 | 05
#0223-d346 @A: 04 03 26 09 | 02
#0224-d346 @A: 03 26 20 30 | 12
#0225-d346 @A: 03 27 26 02 | 10
#0226-d346 @A: 26 33 04 23 | 04
#0227-d346 @A: 27 13 10 26 | 09
#0228-d346 @A: 27 30 33 26 | 06
#0229-d346 @A: 26 19 29 25 | 01
#0230-d346 @A: 10 12 26 29 | 08
#0231-d346 @A: 26 10 17 30 | 11
#0232-d346 @A: 29 01 08 06 | 07
#0233-d346 @A: 04 11 13 06 | 03
#0234-d346 @A: 27 06 19 04 | 05
#0235-d346 @A: 06 25 05 13 | 02
#0236-d346 @A: 13 24 30 06 | 12
#0237-d346 @A: 06 33 09 20 | 10
#0238-d346 @A: 21 06 12 24 | 04
#0239-d346 @A: 33 01 23 27 | 09
#0240-d346 @A: 24 17 05 01 | 06
#0241-d346 @A: 31 08 11 05 | 01
#0242-d346 @A: 11 09 33 08 | 08
#0243-d346 @A: 27 11 10 04 | 11
#0244-d346 @A: 02 34 11 23 | 07
#0245-d346 @A: 30 12 11 34 | 03
#0246-d346 @A: 33 30 11 10 | 05
#0247-d346 @A: 05 30 11 18 | 02
#0248-d346 @A: 08 03 29 24 | 12
#0249-d346 @A: 34 04 08 27 | 10
#0250-d346 @A: 10 08 20 33 | 04
#0251-d346 @A: 16 02 31 08 | 09
#0252-d346 @A: 30 08 29 33 | 06
#0253-d346 @A: 21 33 05 08 | 01
#0254-d346 @A: 08 10 30 24 | 08
#0255-d346 @A: 31 23 18 03 | 11
#0256-d346 @A: 03 12 27 20 | 07
#0257-d346 @A: 24 03 20 09 | 03
#0258-d346 @A: 05 03 25 24 | 05
#0259-d346 @A: 29 03 07 10 | 02
#0260-d346 @A: 03 10 12 21 | 12
#0261-d346 @A: 13 02 04 27 | 10
#0262-d346 @A: 19 25 27 04 | 04
#0263-d346 @A: 24 27 04 17 | 09
#0264-d346 @A: 04 31 17 09 | 06
#0265-d346 @A: 16 04 25 34 | 01
#0266-d346 @A: 04 05 29 09 | 08
#0267-d346 @A: 33 34 13 24 | 11
#0268-d346 @A: 24 29 21 13 | 07
#0269-d346 @A: 17 13 21 07 | 03
#0270-d346 @A: 21 02 09 13 | 05
#0271-d346 @A: 02 17 16 13 | 02
#0272-d346 @A: 10 33 24 23 | 12
#0273-d346 @A: 23 09 25 19 | 10
#0274-d346 @A: 12 16 23 29 | 04
#0275-d346 @A: 16 09 23 05 | 09
#0276-d346 @A: 33 20 05 34 | 06
#0277-d346 @A: 34 20 18 09 | 01
#0278-d346 @A: 24 29 07 20 | 08
#0279-d346 @A: 17 12 20 29 | 11
#0280-d346 @A: 30 02 20 21 | 07
#0281-d346 @A: 16 20 05 21 | 03
#0282-d346 @A: 27 17 31 10 | 05
#0283-d346 @A: 19 34 33 27 | 02
#0284-d346 @A: 33 10 27 18 | 12
#0285-d346 @A: 27 25 16 09 | 10
#0286-d346 @A: 30 10 27 09 | 04
#0287-d346 @A: 21 31 25 29 | 09
#0288-d346 @A: 16 21 17 31 | 06
#0289-d346 @A: 21 19 33 12 | 01
#0290-d346 @A: 08 32 03 22 | 08
#0291-d346 @A: 20 34 32 22 | 11
#0292-d346 @A: 32 02 18 22 | 07
#0293-d346 @A: 14 33 22 15 | 03
#0294-d346 @A: 22 27 07 14 | 05
#0295-d346 @A: 23 35 26 22 | 02
#0296-d346 @A: 06 22 24 19 | 12
#0297-d346 @A: 22 20 03 01 | 10
#0298-d346 @A: 22 07 12 08 | 04
#0299-d346 @A: 31 22 33 34 | 09
#0300-d346 @A: 21 02 34 22 | 06
#0301-d346 @A: 18 22 33 07 | 01
#0302-d346 @A: 24 02 25 22 | 08
#0303-d346 @A: 22 02 16 29 | 11
#0304-d346 @A: 17 22 12 21 | 07
#0305-d346 @A: 35 11 32 30 | 03
#0306-d346 @A: 10 27 35 32 | 05
#0307-d346 @A: 28 32 26 30 | 02
#0308-d346 @A: 13 28 32 34 | 12
#0309-d346 @A: 32 08 06 12 | 10
#0310-d346 @A: 06 32 29 31 | 04
#0311-d346 @A: 13 32 11 20 | 09
#0312-d346 @A: 23 17 32 13 | 06
#0313-d346 @A: 32 25 13 19 | 01
#0314-d346 @A: 31 32 17 20 | 08
#0315-d346 @A: 32 25 20 10 | 11
#0316-d346 @A: 29 16 32 21 | 07
#0317-d346 @A: 15 19 11 14 | 03
#0318-d346 @A: 29 15 28 11 | 05
#0319-d346 @A: 15 04 26 07 | 02
#0320-d346 @A: 10 26 23 15 | 12
#0321-d346 @A: 23 05 01 15 | 10
#0322-d346 @A: 20 15 04 10 | 04
#0323-d346 @A: 21 15 29 04 | 09
#0324-d346 @A: 17 15 27 20 | 06
#0325-d346 @A: 15 19 05 02 | 01
#0326-d346 @A: 35 28 29 14 | 08
#0327-d346 @A: 30 14 31 35 | 11
#0328-d346 @A: 26 08 14 16 | 07
#0329-d346 @A: 14 06 07 03 | 03
#0330-d346 @A: 04 06 25 14 | 05
#0331-d346 @A: 27 14 21 06 | 02
#0332-d346 @A: 13 14 23 04 | 12
#0333-d346 @A: 14 27 04 16 | 10
#0334-d346 @A: 18 13 27 14 | 04
#0335-d346 @A: 05 20 14 31 | 09
#0336-d346 @A: 33 14 30 24 | 06
#0337-d346 @A: 30 17 14 12 | 01
#0338-d346 @A: 14 10 19 09 | 08
#0339-d346 @A: 08 28 35 25 | 11
#0340-d346 @A: 31 11 27 35 | 07
#0341-d346 @A: 34 35 07 05 | 03
#0342-d346 @A: 12 24 10 35 | 05
#0343-d346 @A: 29 30 17 35 | 02
#0344-d346 @A: 35 21 17 02 | 12
#0345-d346 @A: 07 13 28 26 | 10
#0346-d346 @A: 26 27 24 28 | 04
#0347-d346 @A: 01 33 12 28 | 09
#0348-d346 @A: 04 08 28 17 | 06
#0349-d346 @A: 28 13 18 08 | 01
#0350-d346 @A: 20 21 03 28 | 08
#0351-d346 @A: 25 03 09 28 | 11
#0352-d346 @A: 34 28 29 33 | 07
#0353-d346 @A: 28 33 09 18 | 03
#0354-d346 @A: 26 06 11 12 | 05
#0355-d346 @A: 34 26 24 06 | 02
#0356-d346 @A: 26 23 34 01 | 12
#0357-d346 @A: 17 11 13 26 | 10
#0358-d346 @A: 05 13 26 03 | 04
#0359-d346 @A: 05 23 31 26 | 09
#0360-d346 @A: 23 17 16 26 | 06
#0361-d346 @A: 26 19 07 27 | 01
#0362-d346 @A: 07 33 26 10 | 08
#0363-d346 @A: 24 26 10 02 | 11
#0364-d346 @A: 26 16 29 05 | 07
#0365-d346 @A: 01 09 06 31 | 03
#0366-d346 @A: 33 06 05 04 | 05
#0367-d346 @A: 16 06 13 20 | 02
#0368-d346 @A: 13 09 06 19 | 12
#0369-d346 @A: 06 23 20 07 | 10
#0370-d346 @A: 30 33 06 07 | 04
#0371-d346 @A: 06 05 24 16 | 09
#0372-d346 @A: 12 29 06 30 | 06
#0373-d346 @A: 17 02 06 29 | 01
#0374-d346 @A: 19 10 06 17 | 08
#0375-d346 @A: 23 11 01 18 | 11
#0376-d346 @A: 20 04 24 01 | 07
#0377-d346 @A: 29 01 13 23 | 03
#0378-d346 @A: 30 31 01 13 | 05
#0379-d346 @A: 33 05 30 01 | 02
#0380-d346 @A: 01 29 09 17 | 12
#0381-d346 @A: 05 01 02 16 | 10
#0382-d346 @A: 29 11 04 12 | 04
#0383-d346 @A: 11 09 18 25 | 09
#0384-d346 @A: 16 24 11 29 | 06
#0385-d346 @A: 04 25 31 08 | 01
#0386-d346 @A: 08 31 20 09 | 08
#0387-d346 @A: 20 08 05 17 | 11
#0388-d346 @A: 29 16 34 08 | 07
#0389-d346 @A: 08 02 17 10 | 03
#0390-d346 @A: 04 27 03 25 | 05
#0391-d346 @A: 23 17 03 30 | 02
#0392-d346 @A: 03 20 18 10 | 12
#0393-d346 @A: 03 31 02 21 | 10
#0394-d346 @A: 03 16 09 07 | 04
#0395-d346 @A: 04 20 16 23 | 09
#0396-d346 @A: 04 29 02 10 | 06
#0397-d346 @A: 30 13 25 16 | 01
#0398-d346 @A: 07 13 12 24 | 08
#0399-d346 @A: 19 17 29 13 | 11
#0400-d346 @A: 33 23 34 25 | 07
#0401-d346 @A: 18 23 19 21 | 03
#0402-d346 @A: 23 29 02 19 | 05
#0403-d346 @A: 23 02 12 21 | 02
#0404-d346 @A: 20 29 05 30 | 12
#0405-d346 @A: 27 17 29 34 | 10
#0406-d346 @A: 25 02 27 33 | 04
#0407-d346 @A: 27 33 24 29 | 09
#0408-d346 @A: 29 27 12 18 | 06
#0409-d346 @A: 27 30 19 05 | 01
#0410-d346 @A: 10 27 16 05 | 08
#0411-d346 @A: 07 27 16 21 | 11
#0412-d346 @A: 16 31 33 18 | 07
#0413-d346 @A: 09 24 31 29 | 03
#0414-d346 @A: 19 34 18 10 | 05
#0415-d346 @A: 15 22 16 32 | 02
#0416-d346 @A: 06 22 26 15 | 12
#0417-d346 @A: 22 08 15 04 | 10
#0418-d346 @A: 21 10 22 15 | 04
#0419-d346 @A: 08 14 22 21 | 09
#0420-d346 @A: 34 14 13 22 | 06
#0421-d346 @A: 19 22 14 05 | 01
#0422-d346 @A: 34 04 35 22 | 08
#0423-d346 @A: 22 35 20 24 | 11
#0424-d346 @A: 28 22 02 17 | 07
#0425-d346 @A: 26 22 29 13 | 03
#0426-d346 @A: 07 26 22 25 | 05
#0427-d346 @A: 21 01 22 06 | 02
#0428-d346 @A: 03 22 06 16 | 12
#0429-d346 @A: 24 06 22 04 | 10
#0430-d346 @A: 22 13 18 01 | 04
#0431-d346 @A: 19 22 01 10 | 09
#0432-d346 @A: 22 08 09 10 | 06
#0433-d346 @A: 18 12 22 05 | 01
#0434-d346 @A: 32 15 34 14 | 08
#0435-d346 @A: 02 15 27 32 | 11
#0436-d346 @A: 28 08 02 32 | 07
#0437-d346 @A: 28 32 03 29 | 03
#0438-d346 @A: 24 05 26 32 | 05
#0439-d346 @A: 03 05 06 32 | 02
#0440-d346 @A: 27 06 18 32 | 12
#0441-d346 @A: 32 01 21 27 | 10
#0442-d346 @A: 34 01 31 32 | 04
#0443-d346 @A: 03 18 32 11 | 09
#0444-d346 @A: 32 29 09 18 | 06
#0445-d346 @A: 15 26 09 14 | 01
#0446-d346 @A: 15 06 10 14 | 08
#0447-d346 @A: 35 15 34 12 | 11
#0448-d346 @A: 12 26 16 15 | 07
#0449-d346 @A: 01 15 16 31 | 03
#0450-d346 @A: 03 29 15 31 | 05
#0451-d346 @A: 24 15 10 07 | 02
#0452-d346 @A: 06 11 35 14 | 12
#0453-d346 @A: 35 34 08 14 | 10
#0454-d346 @A: 26 14 03 12 | 04
#0455-d346 @A: 26 14 17 31 | 09
#0456-d346 @A: 08 06 24 14 | 06
#0457-d346 @A: 13 06 09 14 | 01
#0458-d346 @A: 29 14 34 06 | 08
#0459-d346 @A: 01 04 08 14 | 11
#0460-d346 @A: 11 13 25 14 | 07
#0461-d346 @A: 34 14 03 20 | 03
#0462-d346 @A: 14 31 03 09 | 05
#0463-d346 @A: 14 23 31 33 | 02
#0464-d346 @A: 07 20 30 14 | 12
#0465-d346 @A: 14 21 18 34 | 10
#0466-d346 @A: 24 01 28 35 | 04
#0467-d346 @A: 28 11 18 35 | 09
#0468-d346 @A: 26 30 06 35 | 06
#0469-d346 @A: 06 35 19 25 | 01
#0470-d346 @A: 21 35 11 08 | 08
#0471-d346 @A: 31 35 29 04 | 11
#0472-d346 @A: 13 30 35 05 | 07
#0473-d346 @A: 30 35 25 33 | 03
#0474-d346 @A: 02 33 35 07 | 05
#0475-d346 @A: 35 05 25 21 | 02
#0476-d346 @A: 12 19 29 35 | 12
#0477-d346 @A: 07 21 35 30 | 10
#0478-d346 @A: 17 10 09 35 | 04
#0479-d346 @A: 26 11 28 09 | 09
#0480-d346 @A: 26 05 28 04 | 06
#0481-d346 @A: 11 07 28 01 | 01
#0482-d346 @A: 01 13 28 21 | 08
#0483-d346 @A: 20 28 04 09 | 11
#0484-d346 @A: 27 28 18 04 | 07
#0485-d346 @A: 31 28 07 23 | 03
#0486-d346 @A: 28 16 21 33 | 05
#0487-d346 @A: 28 10 18 05 | 02
#0488-d346 @A: 30 21 28 25 | 12
#0489-d346 @A: 24 30 17 28 | 10
#0490-d346 @A: 01 26 21 11 | 04
#0491-d346 @A: 26 08 18 12 | 09
#0492-d346 @A: 16 10 03 26 | 06
#0493-d346 @A: 26 21 33 34 | 01
#0494-d346 @A: 05 19 26 18 | 08
#0495-d346 @A: 29 07 26 09 | 11
#0496-d346 @A: 02 06 01 23 | 07
#0497-d346 @A: 20 01 06 17 | 03
#0498-d346 @A: 06 34 03 09 | 05
#0499-d346 @A: 23 06 05 19 | 02
#0500-d346 @A: 33 12 06 18 | 12
#0501-d346 @A: 07 18 06 24 | 10
#0502-d346 @A: 21 25 02 06 | 04
#0503-d346 @A: 25 08 01 17 | 09
#0504-d346 @A: 23 01 07 03 | 06
#0505-d346 @A: 27 09 03 01 | 01
#0506-d346 @A: 21 04 23 01 | 08
#0507-d346 @A: 20 29 31 01 | 11
#0508-d346 @A: 21 01 31 05 | 07
#0509-d346 @A: 17 01 10 34 | 03
#0510-d346 @A: 25 16 01 07 | 05
#0511-d346 @A: 02 29 24 01 | 02
#0512-d346 @A: 29 16 01 30 | 12
#0513-d346 @A: 30 17 01 21 | 10
#0514-d346 @A: 19 08 27 11 | 04
#0515-d346 @A: 20 11 04 34 | 09
#0516-d346 @A: 05 13 11 02 | 06
#0517-d346 @A: 23 05 11 27 | 01
#0518-d346 @A: 31 21 23 11 | 08
#0519-d346 @A: 31 11 10 07 | 11
#0520-d346 @A: 21 33 07 11 | 07
#0521-d346 @A: 11 10 24 18 | 03
#0522-d346 @A: 11 02 21 18 | 05
#0523-d346 @A: 25 10 05 11 | 02
#0524-d346 @A: 10 21 11 29 | 12
#0525-d346 @A: 02 07 11 30 | 10
#0526-d346 @A: 11 19 21 16 | 04
#0527-d346 @A: 17 08 31 03 | 09
#0528-d346 @A: 12 13 08 04 | 06
#0529-d346 @A: 08 30 34 05 | 01
#0530-d346 @A: 19 07 33 08 | 08
#0531-d346 @A: 08 21 29 12 | 11
#0532-d346 @A: 04 24 03 23 | 07
#0533-d346 @A: 04 03 31 16 | 03
#0534-d346 @A: 13 03 34 25 | 05
#0535-d346 @A: 18 24 03 33 | 02
#0536-d346 @A: 25 03 17 29 | 12
#0537-d346 @A: 25 03 02 10 | 10
#0538-d346 @A: 02 30 03 16 | 04
#0539-d346 @A: 31 10 04 23 | 09
#0540-d346 @A: 24 12 34 04 | 06
#0541-d346 @A: 12 04 10 07 | 01
#0542-d346 @A: 18 34 16 13 | 08
#0543-d346 @A: 09 34 05 13 | 11
#0544-d346 @A: 19 29 33 13 | 07
#0545-d346 @A: 29 13 09 16 | 03
#0546-d346 @A: 23 18 10 21 | 05
#0547-d346 @A: 23 02 09 30 | 02
#0548-d346 @A: 21 34 20 07 | 12
#0549-d346 @A: 25 20 30 09 | 10
#0550-d346 @A: 25 18 27 31 | 04
#0551-d346 @A: 27 34 10 02 | 09
#0552-d346 @A: 12 34 21 27 | 06
#0553-d346 @A: 27 05 33 09 | 01
#0554-d346 @A: 05 27 07 25 | 08
#0555-d346 @A: 24 27 16 30 | 11
#0556-d346 @A: 31 29 33 10 | 07
#0557-d346 @A: 31 24 30 18 | 03
#0558-d346 @A: 18 31 17 05 | 05
#0559-d346 @A: 16 31 19 25 | 02
#0560-d346 @A: 31 10 30 21 | 12
#0561-d346 @A: 21 09 07 31 | 10
#0562-d346 @A: 02 25 19 18 | 04
#0563-d346 @A: 18 12 19 09 | 09
#0564-d346 @A: 17 24 21 19 | 06
#0565-d346 @A: 31 22 17 15 | 01
#0566-d346 @A: 15 19 22 12 | 08
#0567-d346 @A: 28 14 24 22 | 11
#0568-d346 @A: 12 22 01 14 | 07
#0569-d346 @A: 03 22 14 25 | 03
#0570-d346 @A: 09 04 22 14 | 05
#0571-d346 @A: 23 22 10 14 | 02
#0572-d346 @A: 22 31 09 26 | 12
#0573-d346 @A: 18 26 10 22 | 10
#0574-d346 @A: 22 06 30 08 | 04
#0575-d346 @A: 34 05 22 01 | 09
#0576-d346 @A: 11 22 21 25 | 06
#0577-d346 @A: 22 08 25 27 | 01
#0578-d346 @A: 16 23 22 13 | 08
#0579-d346 @A: 13 22 27 21 | 11
#0580-d346 @A: 19 22 27 23 | 07
#0581-d346 @A: 31 22 02 23 | 03
#0582-d346 @A: 27 34 22 16 | 05
#0583-d346 @A: 22 19 02 16 | 02
#0584-d346 @A: 28 05 15 32 | 12
#0585-d346 @A: 15 32 06 25 | 10
#0586-d346 @A: 15 01 32 18 | 04
#0587-d346 @A: 14 28 04 32 | 09
#0588-d346 @A: 32 23 14 09 | 06
#0589-d346 @A: 17 27 14 32 | 01
#0590-d346 @A: 32 05 10 14 | 08
#0591-d346 @A: 17 35 01 32 | 11
#0592-d346 @A: 32 34 26 11 | 07
#0593-d346 @A: 32 26 09 13 | 03
#0594-d346 @A: 06 32 11 17 | 05
#0595-d346 @A: 32 21 04 11 | 02
#0596-d346 @A: 29 27 11 32 | 12
#0597-d346 @A: 02 12 32 11 | 10
#0598-d346 @A: 21 08 31 32 | 04
#0599-d346 @A: 32 27 31 03 | 09
#0600-d346 @A: 21 32 03 33 | 06
#0601-d346 @A: 02 32 10 13 | 01
#0602-d346 @A: 12 19 23 32 | 08
#0603-d346 @A: 02 21 05 32 | 11
#0604-d346 @A: 24 14 20 15 | 07
#0605-d346 @A: 18 15 35 23 | 03
#0606-d346 @A: 15 06 28 19 | 05
#0607-d346 @A: 12 28 27 15 | 02
#0608-d346 @A: 33 06 02 15 | 12
#0609-d346 @A: 10 08 31 15 | 10
#0610-d346 @A: 05 16 15 04 | 04
#0611-d346 @A: 05 34 18 15 | 09
#0612-d346 @A: 15 10 17 25 | 06
#0613-d346 @A: 06 14 17 28 | 01
#0614-d346 @A: 28 14 30 13 | 08
#0615-d346 @A: 26 14 27 34 | 11
#0616-d346 @A: 06 19 08 14 | 07
#0617-d346 @A: 21 04 30 14 | 03
#0618-d346 @A: 27 12 14 25 | 05
#0619-d346 @A: 31 18 19 14 | 02
#0620-d346 @A: 05 25 34 14 | 12
#0621-d346 @A: 25 29 30 14 | 10
#0622-d346 @A: 21 29 17 14 | 04
#0623-d346 @A: 10 09 12 14 | 09
#0624-d346 @A: 04 35 26 25 | 06
#0625-d346 @A: 06 16 09 35 | 01
#0626-d346 @A: 35 29 34 11 | 08
#0627-d346 @A: 13 20 03 35 | 11
#0628-d346 @A: 11 17 31 28 | 07
#0629-d346 @A: 13 05 28 23 | 03
#0630-d346 @A: 13 20 28 19 | 05
#0631-d346 @A: 18 19 28 16 | 02
#0632-d346 @A: 24 29 25 28 | 12
#0633-d346 @A: 06 26 05 27 | 10
#0634-d346 @A: 01 26 27 18 | 04
#0635-d346 @A: 34 26 30 16 | 09
#0636-d346 @A: 24 30 26 07 | 06
#0637-d346 @A: 26 30 21 05 | 01
#0638-d346 @A: 08 03 06 25 | 08
#0639-d346 @A: 20 06 25 27 | 11
#0640-d346 @A: 06 19 20 33 | 07
#0641-d346 @A: 31 19 06 09 | 03
#0642-d346 @A: 29 25 06 33 | 05
#0643-d346 @A: 06 17 18 25 | 02
#0644-d346 @A: 10 25 06 24 | 12
#0645-d346 @A: 17 06 07 12 | 10
#0646-d346 @A: 11 08 01 13 | 04
#0647-d346 @A: 01 20 02 11 | 09
#0648-d346 @A: 13 01 33 03 | 06
#0649-d346 @A: 01 04 30 27 | 01
#0650-d346 @A: 20 13 01 09 | 08
#0651-d346 @A: 10 30 20 01 | 11
#0652-d346 @A: 27 05 01 29 | 07
#0653-d346 @A: 17 01 02 18 | 03
#0654-d346 @A: 12 01 30 24 | 05
#0655-d346 @A: 12 21 01 07 | 02
#0656-d346 @A: 16 03 11 08 | 12
#0657-d346 @A: 08 27 11 12 | 10
#0658-d346 @A: 20 27 11 21 | 04
#0659-d346 @A: 33 34 11 18 | 09
#0660-d346 @A: 24 09 11 12 | 06
#0661-d346 @A: 04 08 33 03 | 01
#0662-d346 @A: 20 30 13 08 | 08
#0663-d346 @A: 08 19 29 24 | 11
#0664-d346 @A: 31 07 03 13 | 07
#0665-d346 @A: 03 05 34 29 | 03
#0666-d346 @A: 34 16 19 03 | 05
#0667-d346 @A: 24 03 17 02 | 02
#0668-d346 @A: 09 21 03 17 | 12
#0669-d346 @A: 04 13 25 29 | 10
#0670-d346 @A: 04 17 07 18 | 04
#0671-d346 @A: 04 07 25 24 | 09
#0672-d346 @A: 04 24 29 30 | 06
#0673-d346 @A: 21 04 24 02 | 01
#0674-d346 @A: 10 16 30 04 | 08
#0675-d346 @A: 09 02 16 04 | 11
#0676-d346 @A: 34 12 29 13 | 07
#0677-d346 @A: 09 07 13 10 | 03
#0678-d346 @A: 12 05 16 13 | 05
#0679-d346 @A: 27 23 18 20 | 02
#0680-d346 @A: 20 31 30 23 | 12
#0681-d346 @A: 23 34 17 21 | 10
#0682-d346 @A: 30 33 12 23 | 04
#0683-d346 @A: 07 23 05 21 | 09
#0684-d346 @A: 29 33 21 20 | 06
#0685-d346 @A: 07 20 16 18 | 01
#0686-d346 @A: 25 16 24 20 | 08
#0687-d346 @A: 20 24 19 16 | 11
#0688-d346 @A: 34 05 27 31 | 07
#0689-d346 @A: 34 27 25 30 | 03
#0690-d346 @A: 17 33 27 07 | 05
#0691-d346 @A: 24 27 12 05 | 02
#0692-d346 @A: 09 19 24 27 | 12
#0693-d346 @A: 07 30 12 27 | 10
#0694-d346 @A: 12 17 02 27 | 04
#0695-d346 @A: 17 27 12 19 | 09
#0696-d346 @A: 24 34 31 21 | 06
#0697-d346 @A: 31 34 02 09 | 01
#0698-d346 @A: 07 31 29 17 | 08
#0699-d346 @A: 22 32 11 05 | 11
#0700-d346 @A: 22 14 20 17 | 07
#0701-d346 @A: 29 10 22 35 | 03
#0702-d346 @A: 22 12 28 23 | 05
#0703-d346 @A: 06 22 31 25 | 02
#0704-d346 @A: 08 23 22 11 | 12
#0705-d346 @A: 11 09 22 27 | 10
#0706-d346 @A: 19 11 25 22 | 04
#0707-d346 @A: 24 22 30 03 | 09
#0708-d346 @A: 04 13 22 30 | 06
#0709-d346 @A: 23 04 05 22 | 01
#0710-d346 @A: 34 24 22 17 | 08
#0711-d346 @A: 29 24 22 18 | 11
#0712-d346 @A: 32 16 06 28 | 07
#0713-d346 @A: 01 33 32 08 | 03
#0714-d346 @A: 01 29 04 32 | 05
#0715-d346 @A: 01 30 19 32 | 02
#0716-d346 @A: 23 20 29 32 | 12
#0717-d346 @A: 32 18 05 23 | 10
#0718-d346 @A: 09 32 20 07 | 04
#0719-d346 @A: 32 33 30 31 | 09
#0720-d346 @A: 32 17 31 19 | 06
#0721-d346 @A: 34 25 12 32 | 01
#0722-d346 @A: 32 33 25 18 | 08
#0723-d346 @A: 30 32 17 18 | 11
#0724-d346 @A: 30 32 25 24 | 07
#0725-d346 @A: 32 29 02 30 | 03
#0726-d346 @A: 21 12 32 09 | 05
#0727-d346 @A: 15 14 05 03 | 02
#0728-d346 @A: 15 16 35 08 | 12
#0729-d346 @A: 26 18 15 28 | 10
#0730-d346 @A: 08 15 06 17 | 04
#0731-d346 @A: 34 15 30 06 | 09
#0732-d346 @A: 11 27 34 15 | 06
#0733-d346 @A: 12 33 11 15 | 01
#0734-d346 @A: 15 18 08 20 | 08
#0735-d346 @A: 02 04 15 34 | 11
#0736-d346 @A: 10 15 34 13 | 07
#0737-d346 @A: 25 27 23 15 | 03
#0738-d346 @A: 15 05 20 12 | 05
#0739-d346 @A: 05 29 15 10 | 02
#0740-d346 @A: 27 28 10 14 | 12
#0741-d346 @A: 26 14 06 01 | 10
#0742-d346 @A: 17 33 01 14 | 04
#0743-d346 @A: 11 03 14 21 | 09
#0744-d346 @A: 27 14 33 08 | 06
#0745-d346 @A: 23 14 03 16 | 01
#0746-d346 @A: 04 20 12 14 | 08
#0747-d346 @A: 29 14 04 33 | 11
#0748-d346 @A: 13 10 14 16 | 07
#0749-d346 @A: 27 09 14 20 | 03
#0750-d346 @A: 34 02 24 14 | 05
#0751-d346 @A: 09 07 14 18 | 02
#0752-d346 @A: 14 25 09 17 | 12
#0753-d346 @A: 06 35 05 28 | 10
#0754-d346 @A: 01 31 02 35 | 04
#0755-d346 @A: 13 24 23 35 | 09
#0756-d346 @A: 20 34 19 35 | 06
#0757-d346 @A: 09 34 33 35 | 01
#0758-d346 @A: 10 35 34 21 | 08
#0759-d346 @A: 18 09 24 35 | 11
#0760-d346 @A: 29 16 35 07 | 07
#0761-d346 @A: 02 35 09 05 | 03
#0762-d346 @A: 26 08 28 03 | 05
#0763-d346 @A: 10 26 28 34 | 02
#0764-d346 @A: 13 28 06 29 | 12
#0765-d346 @A: 27 17 01 28 | 10
#0766-d346 @A: 11 04 28 16 | 04
#0767-d346 @A: 08 28 16 27 | 09
#0768-d346 @A: 28 34 12 08 | 06
#0769-d346 @A: 20 23 10 28 | 01
#0770-d346 @A: 28 23 33 17 | 08
#0771-d346 @A: 34 28 19 05 | 11
#0772-d346 @A: 28 34 02 16 | 07
#0773-d346 @A: 33 30 02 28 | 03
#0774-d346 @A: 25 28 18 16 | 05
#0775-d346 @A: 29 07 28 18 | 02
#0776-d346 @A: 02 28 18 12 | 12
#0777-d346 @A: 08 10 11 26 | 10
#0778-d346 @A: 23 26 11 24 | 04
#0779-d346 @A: 11 26 27 16 | 09
#0780-d346 @A: 08 25 09 26 | 06
#0781-d346 @A: 26 25 23 20 | 01
#0782-d346 @A: 23 07 27 26 | 08
#0783-d346 @A: 07 34 26 12 | 11
#0784-d346 @A: 02 18 26 25 | 07
#0785-d346 @A: 05 26 07 18 | 03
#0786-d346 @A: 17 29 24 26 | 05
#0787-d346 @A: 26 12 02 09 | 02
#0788-d346 @A: 01 13 34 06 | 12
#0789-d346 @A: 11 21 19 06 | 10
#0790-d346 @A: 04 08 16 06 | 04
#0791-d346 @A: 08 06 33 31 | 09
#0792-d346 @A: 17 04 06 10 | 06
#0793-d346 @A: 23 30 06 27 | 01
#0794-d346 @A: 20 06 30 18 | 08
#0795-d346 @A: 10 12 06 31 | 11
#0796-d346 @A: 34 02 06 18 | 07
#0797-d346 @A: 06 07 19 18 | 03
#0798-d346 @A: 17 24 09 06 | 05
#0799-d346 @A: 06 16 29 10 | 02
#0800-d346 @A: 12 19 06 30 | 12
#0801-d346 @A: 11 12 03 01 | 10
#0802-d346 @A: 13 04 10 01 | 04
#0803-d346 @A: 19 27 01 13 | 09
#0804-d346 @A: 20 23 12 01 | 06
#0805-d346 @A: 23 17 31 01 | 01
#0806-d346 @A: 33 01 16 34 | 08
#0807-d346 @A: 16 01 05 19 | 11
#0808-d346 @A: 13 33 16 11 | 07
#0809-d346 @A: 24 05 11 34 | 03
#0810-d346 @A: 07 11 16 34 | 05
#0811-d346 @A: 29 18 17 11 | 02
#0812-d346 @A: 02 08 03 20 | 12
#0813-d346 @A: 03 34 07 08 | 10
#0814-d346 @A: 21 02 27 08 | 04
#0815-d346 @A: 18 16 05 08 | 09
#0816-d346 @A: 07 08 25 29 | 06
#0817-d346 @A: 12 25 08 02 | 01
#0818-d346 @A: 30 17 07 08 | 08
#0819-d346 @A: 30 07 03 04 | 11
#0820-d346 @A: 29 03 16 33 | 07
#0821-d346 @A: 30 03 29 21 | 03
#0822-d346 @A: 04 05 27 20 | 05
#0823-d346 @A: 34 04 07 29 | 02
#0824-d346 @A: 10 04 21 33 | 12
#0825-d346 @A: 19 23 30 13 | 10
#0826-d346 @A: 13 33 29 18 | 04
#0827-d346 @A: 18 13 05 21 | 09
#0828-d346 @A: 12 13 17 18 | 06
#0829-d346 @A: 07 29 30 13 | 01
#0830-d346 @A: 12 02 30 13 | 08
#0831-d346 @A: 23 12 10 27 | 11
#0832-d346 @A: 09 33 23 21 | 07
#0833-d346 @A: 18 24 25 23 | 03
#0834-d346 @A: 09 17 23 18 | 05
#0835-d346 @A: 30 23 24 05 | 02
#0836-d346 @A: 23 12 24 17 | 12
#0837-d346 @A: 07 23 10 17 | 10
#0838-d346 @A: 34 12 20 10 | 04
#0839-d346 @A: 19 07 20 02 | 09
#0840-d346 @A: 31 27 16 29 | 06
#0841-d346 @A: 27 05 18 02 | 01
#0842-d346 @A: 16 12 31 07 | 08
#0843-d346 @A: 32 17 22 04 | 11
#0844-d346 @A: 35 05 15 22 | 07
#0845-d346 @A: 15 30 27 22 | 03
#0846-d346 @A: 06 18 14 22 | 05
#0847-d346 @A: 35 30 28 22 | 02
#0848-d346 @A: 35 06 22 12 | 12
#0849-d346 @A: 35 27 22 18 | 10
#0850-d346 @A: 31 21 22 35 | 04
#0851-d346 @A: 27 05 28 22 | 09
#0852-d346 @A: 27 22 17 26 | 06
#0853-d346 @A: 01 23 22 25 | 01
#0854-d346 @A: 22 31 20 18 | 08
#0855-d346 @A: 30 12 22 20 | 11
#0856-d346 @A: 25 22 33 12 | 07
#0857-d346 @A: 19 22 07 25 | 03
#0858-d346 @A: 25 22 16 17 | 05
#0859-d346 @A: 29 19 30 22 | 02
#0860-d346 @A: 10 11 15 32 | 12
#0861-d346 @A: 12 15 32 31 | 10
#0862-d346 @A: 15 32 19 07 | 04
#0863-d346 @A: 12 14 35 32 | 09
#0864-d346 @A: 01 32 14 25 | 06
#0865-d346 @A: 35 32 18 13 | 01
#0866-d346 @A: 28 32 20 33 | 08
#0867-d346 @A: 28 32 25 17 | 11
#0868-d346 @A: 06 32 26 21 | 07
#0869-d346 @A: 26 10 31 32 | 03
#0870-d346 @A: 06 13 07 32 | 05
#0871-d346 @A: 33 23 06 32 | 02
#0872-d346 @A: 16 09 32 01 | 12
#0873-d346 @A: 25 32 08 05 | 10
#0874-d346 @A: 03 32 34 04 | 04
#0875-d346 @A: 33 04 32 13 | 09
#0876-d346 @A: 20 30 32 04 | 06
#0877-d346 @A: 24 20 27 32 | 01
#0878-d346 @A: 32 10 16 18 | 08
#0879-d346 @A: 35 09 15 20 | 11
#0880-d346 @A: 15 35 18 19 | 07
#0881-d346 @A: 28 16 23 15 | 03
#0882-d346 @A: 24 15 02 28 | 05
#0883-d346 @A: 26 03 15 25 | 02
#0884-d346 @A: 26 20 34 15 | 12
#0885-d346 @A: 26 21 15 27 | 10
#0886-d346 @A: 33 26 15 19 | 04
#0887-d346 @A: 21 06 15 16 | 09
#0888-d346 @A: 24 05 15 13 | 06
#0889-d346 @A: 29 23 17 15 | 01
#0890-d346 @A: 15 27 19 31 | 08
#0891-d346 @A: 34 15 16 09 | 11
#0892-d346 @A: 18 10 15 12 | 07
#0893-d346 @A: 19 23 14 35 | 03
#0894-d346 @A: 28 03 14 33 | 05
#0895-d346 @A: 26 11 29 14 | 02
#0896-d346 @A: 26 13 24 14 | 12
#0897-d346 @A: 07 21 14 26 | 10
#0898-d346 @A: 06 14 31 02 | 04
#0899-d346 @A: 14 01 05 13 | 09
#0900-d346 @A: 03 08 14 10 | 06
#0901-d346 @A: 09 14 08 29 | 01
#0902-d346 @A: 14 02 13 03 | 08
#0903-d346 @A: 34 33 14 12 | 11
#0904-d346 @A: 14 07 10 25 | 07
#0905-d346 @A: 35 26 33 11 | 03
#0906-d346 @A: 01 35 05 04 | 05
#0907-d346 @A: 13 35 11 19 | 02
#0908-d346 @A: 03 05 35 08 | 12
#0909-d346 @A: 19 35 02 08 | 10
#0910-d346 @A: 04 27 35 21 | 04
#0911-d346 @A: 27 35 34 13 | 09
#0912-d346 @A: 29 13 35 02 | 06
#0913-d346 @A: 35 17 23 20 | 01
#0914-d346 @A: 02 27 23 35 | 08
#0915-d346 @A: 27 19 10 35 | 11
#0916-d346 @A: 24 33 21 35 | 07
#0917-d346 @A: 07 17 35 25 | 03
#0918-d346 @A: 12 17 05 35 | 05
#0919-d346 @A: 09 07 12 35 | 02
#0920-d346 @A: 28 26 29 01 | 12
#0921-d346 @A: 17 21 28 26 | 10
#0922-d346 @A: 06 30 04 28 | 04
#0923-d346 @A: 11 03 28 30 | 09
#0924-d346 @A: 03 16 28 13 | 06
#0925-d346 @A: 28 24 12 03 | 01
#0926-d346 @A: 25 04 28 02 | 08
#0927-d346 @A: 29 31 28 05 | 11
#0928-d346 @A: 21 09 24 28 | 07
#0929-d346 @A: 17 10 29 28 | 03
#0930-d346 @A: 28 10 09 16 | 05
#0931-d346 @A: 26 07 08 06 | 02
#0932-d346 @A: 26 01 20 16 | 12
#0933-d346 @A: 07 01 31 26 | 10
#0934-d346 @A: 16 13 19 26 | 04
#0935-d346 @A: 26 20 29 27 | 09
#0936-d346 @A: 29 21 26 18 | 06
#0937-d346 @A: 26 30 12 25 | 01
#0938-d346 @A: 06 21 03 23 | 08
#0939-d346 @A: 18 06 16 23 | 11
#0940-d346 @A: 29 18 05 06 | 07
#0941-d346 @A: 12 25 09 06 | 03
#0942-d346 @A: 02 05 06 12 | 05
#0943-d346 @A: 25 27 11 01 | 02
#0944-d346 @A: 19 02 01 11 | 12
#0945-d346 @A: 04 03 17 01 | 10
#0946-d346 @A: 03 25 30 01 | 04
#0947-d346 @A: 02 01 25 13 | 09
#0948-d346 @A: 27 20 34 01 | 06
#0949-d346 @A: 34 12 18 01 | 01
#0950-d346 @A: 25 01 34 09 | 08
#0951-d346 @A: 24 01 25 21 | 11
#0952-d346 @A: 19 24 25 01 | 07
#0953-d346 @A: 08 34 17 11 | 03
#0954-d346 @A: 19 03 23 11 | 05
#0955-d346 @A: 17 04 11 23 | 02
#0956-d346 @A: 11 16 12 18 | 12
#0957-d346 @A: 09 29 30 11 | 10
#0958-d346 @A: 29 07 11 05 | 04
#0959-d346 @A: 11 07 17 19 | 09
#0960-d346 @A: 08 19 30 04 | 06
#0961-d346 @A: 05 07 04 08 | 01
#0962-d346 @A: 08 10 18 34 | 08
#0963-d346 @A: 10 21 08 25 | 11
#0964-d346 @A: 03 13 10 23 | 07
#0965-d346 @A: 07 20 03 17 | 03
#0966-d346 @A: 18 27 19 03 | 05
#0967-d346 @A: 12 03 09 33 | 02
#0968-d346 @A: 21 24 03 07 | 12
#0969-d346 @A: 30 03 10 05 | 10
#0970-d346 @A: 27 04 09 23 | 04
#0971-d346 @A: 18 34 04 23 | 09
#0972-d346 @A: 09 04 07 33 | 06
#0973-d346 @A: 17 12 25 04 | 01
#0974-d346 @A: 31 27 23 13 | 08
#0975-d346 @A: 09 12 23 13 | 11
#0976-d346 @A: 02 07 13 34 | 07
#0977-d346 @A: 09 13 30 33 | 03
#0978-d346 @A: 23 34 12 05 | 05
#0979-d346 @A: 23 19 34 17 | 02
#0980-d346 @A: 23 07 18 12 | 12
#0981-d346 @A: 19 27 29 20 | 10
#0982-d346 @A: 16 20 31 34 | 04
#0983-d346 @A: 34 29 20 02 | 09
#0984-d346 @A: 31 27 09 12 | 06
#0985-d346 @A: 34 31 17 12 | 01
#0986-d346 @A: 16 24 31 10 | 08
#0987-d346 @A: 12 22 27 32 | 11
#0988-d346 @A: 22 15 28 25 | 07
#0989-d346 @A: 23 34 22 15 | 03
#0990-d346 @A: 28 22 29 08 | 05
#0991-d346 @A: 16 22 28 31 | 02
#0992-d346 @A: 03 26 22 21 | 12
#0993-d346 @A: 11 29 22 01 | 10
#0994-d346 @A: 22 10 01 24 | 04
#0995-d346 @A: 12 11 13 22 | 09
#0996-d346 @A: 31 22 19 08 | 06
#0997-d346 @A: 22 20 25 04 | 01
#0998-d346 @A: 31 22 10 13 | 08
#0999-d346 @A: 20 22 19 21 | 11
#1000-d346 @A: 29 22 17 33 | 07
#1001-d346 @A: 22 25 05 09 | 03
#1002-d346 @A: 16 24 21 22 | 05
#1003-d346 @A: 05 22 29 21 | 02
#1004-d346 @A: 22 10 17 05 | 12
#1005-d346 @A: 10 12 16 22 | 10
#1006-d346 @A: 32 15 07 03 | 04
#1007-d346 @A: 32 15 20 21 | 09
#1008-d346 @A: 25 32 03 35 | 06
#1009-d346 @A: 11 23 32 28 | 01
#1010-d346 @A: 03 32 26 01 | 08
#1011-d346 @A: 32 01 30 06 | 11
#1012-d346 @A: 01 32 12 13 | 07
#1013-d346 @A: 27 32 30 08 | 03
#1014-d346 @A: 25 23 32 04 | 05
#1015-d346 @A: 31 04 32 02 | 02
#1016-d346 @A: 04 19 32 10 | 12
#1017-d346 @A: 24 23 32 31 | 10
#1018-d346 @A: 17 32 33 09 | 04
#1019-d346 @A: 32 30 07 10 | 09
#1020-d346 @A: 35 06 15 24 | 06
#1021-d346 @A: 28 15 33 13 | 01
#1022-d346 @A: 15 30 01 11 | 08
#1023-d346 @A: 31 02 15 11 | 11
#1024-d346 @A: 15 30 08 03 | 07
#1025-d346 @A: 04 15 19 24 | 03
#1026-d346 @A: 18 16 15 02 | 05
#1027-d346 @A: 15 07 09 25 | 02
#1028-d346 @A: 12 09 17 15 | 12
#1029-d346 @A: 18 14 35 26 | 10
#1030-d346 @A: 35 17 14 03 | 04
#1031-d346 @A: 21 09 14 35 | 09
#1032-d346 @A: 19 14 28 24 | 06
#1033-d346 @A: 26 14 23 30 | 01
#1034-d346 @A: 06 14 05 30 | 08
#1035-d346 @A: 09 30 01 14 | 11
#1036-d346 @A: 14 11 30 08 | 07
#1037-d346 @A: 11 07 14 04 | 03
#1038-d346 @A: 13 14 08 17 | 05
#1039-d346 @A: 03 04 14 18 | 02
#1040-d346 @A: 23 07 14 34 | 12
#1041-d346 @A: 34 14 17 16 | 10
#1042-d346 @A: 10 24 29 14 | 04
#1043-d346 @A: 35 19 28 03 | 09
#1044-d346 @A: 18 06 35 21 | 06
#1045-d346 @A: 01 23 09 35 | 01
#1046-d346 @A: 21 35 01 20 | 08
#1047-d346 @A: 09 13 11 35 | 11
#1048-d346 @A: 11 35 20 25 | 07
#1049-d346 @A: 09 08 04 35 | 03
#1050-d346 @A: 35 23 16 31 | 05
#1051-d346 @A: 34 23 30 35 | 02
#1052-d346 @A: 05 18 35 20 | 12
#1053-d346 @A: 05 19 35 21 | 10
#1054-d346 @A: 28 06 02 03 | 04
#1055-d346 @A: 28 27 06 34 | 09
#1056-d346 @A: 28 24 31 06 | 06
#1057-d346 @A: 01 09 28 02 | 01
#1058-d346 @A: 09 23 08 28 | 08
#1059-d346 @A: 12 28 21 04 | 11
#1060-d346 @A: 21 28 23 27 | 07
#1061-d346 @A: 28 20 07 25 | 03
#1062-d346 @A: 18 28 30 34 | 05
#1063-d346 @A: 09 29 12 28 | 02
#1064-d346 @A: 13 06 26 02 | 12
#1065-d346 @A: 06 23 09 26 | 10
#1066-d346 @A: 04 26 30 11 | 04
#1067-d346 @A: 02 30 26 08 | 09
#1068-d346 @A: 20 17 04 26 | 06
#1069-d346 @A: 13 20 12 26 | 01
#1070-d346 @A: 25 26 05 17 | 08
#1071-d346 @A: 11 05 01 06 | 11
#1072-d346 @A: 08 11 18 06 | 07
#1073-d346 @A: 03 29 06 11 | 03
#1074-d346 @A: 23 06 10 11 | 05
#1075-d346 @A: 25 06 11 30 | 02
#1076-d346 @A: 04 03 06 12 | 12
#1077-d346 @A: 20 02 06 04 | 10
#1078-d346 @A: 06 34 21 04 | 04
#1079-d346 @A: 25 34 07 06 | 09
#1080-d346 @A: 33 06 21 17 | 06
#1081-d346 @A: 16 06 17 30 | 01
#1082-d346 @A: 23 01 08 16 | 08
#1083-d346 @A: 24 18 08 01 | 11
#1084-d346 @A: 01 19 29 04 | 07
#1085-d346 @A: 07 34 01 24 | 03
#1086-d346 @A: 19 18 01 33 | 05
#1087-d346 @A: 12 29 25 01 | 02
#1088-d346 @A: 13 07 11 23 | 12
#1089-d346 @A: 10 11 20 19 | 10
#1090-d346 @A: 19 34 30 11 | 04
#1091-d346 @A: 11 34 09 10 | 09
#1092-d346 @A: 11 24 17 25 | 06
#1093-d346 @A: 11 21 12 05 | 01
#1094-d346 @A: 08 09 03 13 | 08
#1095-d346 @A: 23 13 25 08 | 11
#1096-d346 @A: 20 08 23 24 | 07
#1097-d346 @A: 08 17 27 23 | 03
#1098-d346 @A: 25 33 16 08 | 05
#1099-d346 @A: 08 07 21 18 | 02
#1100-d346 @A: 07 08 02 24 | 12
#1101-d346 @A: 10 08 12 05 | 10
#1102-d346 @A: 03 24 34 10 | 04
#1103-d346 @A: 03 16 12 25 | 09
#1104-d346 @A: 03 17 16 05 | 06
#1105-d346 @A: 04 07 20 31 | 01
#1106-d346 @A: 04 20 31 19 | 08
#1107-d346 @A: 30 04 18 33 | 11
#1108-d346 @A: 04 19 18 05 | 07
#1109-d346 @A: 12 04 18 09 | 03
#1110-d346 @A: 21 04 19 09 | 05
#1111-d346 @A: 34 23 20 13 | 02
#1112-d346 @A: 30 23 21 13 | 12
#1113-d346 @A: 20 13 21 10 | 10
#1114-d346 @A: 10 34 23 16 | 04
#1115-d346 @A: 33 23 19 16 | 09
#1116-d346 @A: 23 05 25 29 | 06
#1117-d346 @A: 16 27 02 20 | 01
#1118-d346 @A: 07 20 33 12 | 08
#1119-d346 @A: 20 18 17 21 | 11
#1120-d346 @A: 19 09 30 20 | 07
#1121-d346 @A: 09 17 02 20 | 03
#1122-d346 @A: 27 16 33 12 | 05
#1123-d346 @A: 27 18 16 17 | 02
#1124-d346 @A: 17 27 25 21 | 12
#1125-d346 @A: 34 25 31 10 | 10
#1126-d346 @A: 31 07 34 30 | 04
#1127-d346 @A: 19 33 31 05 | 09
#1128-d346 @A: 25 31 30 17 | 06
#1129-d346 @A: 16 25 31 05 | 01
#1130-d346 @A: 30 09 16 31 | 08
#1131-d346 @A: 12 19 24 34 | 11
#1132-d346 @A: 28 22 01 32 | 07
#1133-d346 @A: 22 29 32 25 | 03
#1134-d346 @A: 11 15 22 24 | 05
#1135-d346 @A: 29 22 15 20 | 02
#1136-d346 @A: 04 22 10 28 | 12
#1137-d346 @A: 18 22 21 28 | 10
#1138-d346 @A: 19 22 28 09 | 04
#1139-d346 @A: 11 22 30 31 | 09
#1140-d346 @A: 22 08 05 13 | 06
#1141-d346 @A: 22 08 20 16 | 01
#1142-d346 @A: 12 03 29 22 | 08
#1143-d346 @A: 27 04 29 22 | 11
#1144-d346 @A: 07 22 04 21 | 07
#1145-d346 @A: 22 09 20 21 | 03
#1146-d346 @A: 34 29 22 30 | 05
#1147-d346 @A: 34 22 12 09 | 02
#1148-d346 @A: 05 33 16 22 | 12
#1149-d346 @A: 23 15 30 32 | 10
#1150-d346 @A: 03 19 06 32 | 04
#1151-d346 @A: 09 32 11 31 | 09
#1152-d346 @A: 04 08 32 10 | 06
#1153-d346 @A: 25 13 32 31 | 01
#1154-d346 @A: 16 32 23 27 | 08
#1155-d346 @A: 05 32 34 16 | 11
#1156-d346 @A: 10 33 32 12 | 07
#1157-d346 @A: 07 14 28 15 | 03
#1158-d346 @A: 14 29 15 02 | 05
#1159-d346 @A: 10 15 35 30 | 02
#1160-d346 @A: 15 26 05 11 | 12
#1161-d346 @A: 01 15 02 03 | 10
#1162-d346 @A: 15 08 25 11 | 04
#1163-d346 @A: 03 12 13 15 | 09
#1164-d346 @A: 03 10 15 27 | 06
#1165-d346 @A: 03 24 15 16 | 01
#1166-d346 @A: 20 15 25 13 | 08
#1167-d346 @A: 29 24 34 15 | 11
#1168-d346 @A: 33 29 15 09 | 07
#1169-d346 @A: 21 09 15 05 | 03
#1170-d346 @A: 14 23 35 25 | 05
#1171-d346 @A: 14 35 16 20 | 02
#1172-d346 @A: 20 14 26 33 | 12
#1173-d346 @A: 14 01 19 17 | 10
#1174-d346 @A: 02 08 14 23 | 04
#1175-d346 @A: 14 21 24 05 | 09
#1176-d346 @A: 12 29 14 05 | 06
#1177-d346 @A: 21 14 02 10 | 01
#1178-d346 @A: 14 12 02 19 | 08
#1179-d346 @A: 16 26 35 28 | 11
#1180-d346 @A: 35 33 28 27 | 07
#1181-d346 @A: 26 03 24 35 | 03
#1182-d346 @A: 04 06 23 35 | 05
#1183-d346 @A: 27 17 35 06 | 02
#1184-d346 @A: 01 09 19 35 | 12
#1185-d346 @A: 24 11 07 35 | 10
#1186-d346 @A: 08 13 35 07 | 04
#1187-d346 @A: 27 35 16 03 | 09
#1188-d346 @A: 29 03 35 18 | 06
#1189-d346 @A: 33 29 12 35 | 01
#1190-d346 @A: 10 19 33 35 | 08
#1191-d346 @A: 12 35 25 18 | 11
#1192-d346 @A: 09 35 25 29 | 07
#1193-d346 @A: 16 25 10 35 | 03
#1194-d346 @A: 06 08 10 28 | 05
#1195-d346 @A: 06 23 25 28 | 02
#1196-d346 @A: 06 20 28 12 | 12
#1197-d346 @A: 28 34 04 01 | 10
#1198-d346 @A: 28 24 11 08 | 04
#1199-d346 @A: 28 16 20 29 | 09
#1200-d346 @A: 29 28 19 31 | 06
#1201-d346 @A: 28 16 17 12 | 01
#1202-d346 @A: 06 04 29 26 | 08
#1203-d346 @A: 10 01 26 25 | 11
#1204-d346 @A: 26 17 01 12 | 07
#1205-d346 @A: 26 11 03 07 | 03
#1206-d346 @A: 20 18 26 11 | 05
#1207-d346 @A: 03 26 29 23 | 02
#1208-d346 @A: 26 13 25 21 | 12
#1209-d346 @A: 26 24 33 25 | 10
#1210-d346 @A: 33 29 26 02 | 04
#1211-d346 @A: 09 18 30 26 | 09
#1212-d346 @A: 26 09 21 10 | 06
#1213-d346 @A: 19 12 10 26 | 01
#1214-d346 @A: 19 09 17 26 | 08
#1215-d346 @A: 06 04 07 01 | 11
#1216-d346 @A: 24 06 03 27 | 07
#1217-d346 @A: 06 21 30 09 | 03
#1218-d346 @A: 06 05 07 09 | 05
#1219-d346 @A: 16 11 17 01 | 02
#1220-d346 @A: 10 27 08 01 | 12
#1221-d346 @A: 19 01 21 08 | 10
#1222-d346 @A: 24 31 01 03 | 04
#1223-d346 @A: 31 19 07 01 | 09
#1224-d346 @A: 18 09 21 01 | 06
#1225-d346 @A: 03 11 05 04 | 01
#1226-d346 @A: 25 11 23 03 | 08
#1227-d346 @A: 13 34 21 11 | 11
#1228-d346 @A: 23 11 33 29 | 07
#1229-d346 @A: 23 11 30 16 | 03
#1230-d346 @A: 12 31 11 19 | 05
#1231-d346 @A: 33 02 24 11 | 02
#1232-d346 @A: 12 17 11 10 | 12
#1233-d346 @A: 19 08 12 03 | 10
#1234-d346 @A: 08 13 34 31 | 04
#1235-d346 @A: 13 29 08 10 | 09
#1236-d346 @A: 08 23 20 19 | 06
#1237-d346 @A: 08 27 20 07 | 01
#1238-d346 @A: 08 24 25 34 | 08
#1239-d346 @A: 08 17 09 16 | 11
#1240-d346 @A: 13 21 03 04 | 07
#1241-d346 @A: 13 19 21 03 | 03
#1242-d346 @A: 34 23 03 27 | 05
#1243-d346 @A: 03 05 21 27 | 02
#1244-d346 @A: 03 19 33 24 | 12
#1245-d346 @A: 03 18 02 07 | 10
#1246-d346 @A: 03 10 02 19 | 04
#1247-d346 @A: 12 07 05 03 | 09
#1248-d346 @A: 13 04 18 20 | 06
#1249-d346 @A: 19 02 04 13 | 01
#1250-d346 @A: 05 04 25 30 | 08
#1251-d346 @A: 12 04 16 19 | 11
#1252-d346 @A: 13 02 33 23 | 07
#1253-d346 @A: 07 05 20 13 | 03
#1254-d346 @A: 18 25 13 07 | 05
#1255-d346 @A: 18 02 13 24 | 02
#1256-d346 @A: 13 19 18 24 | 12
#1257-d346 @A: 10 17 24 13 | 10
#1258-d346 @A: 29 05 13 17 | 04
#1259-d346 @A: 02 25 17 23 | 09
#1260-d346 @A: 17 24 20 33 | 06
#1261-d346 @A: 30 20 16 33 | 01
#1262-d346 @A: 18 29 20 25 | 08
#1263-d346 @A: 20 02 05 25 | 11
#1264-d346 @A: 12 20 25 19 | 07
#1265-d346 @A: 12 09 16 20 | 03
#1266-d346 @A: 21 33 31 27 | 05
#1267-d346 @A: 27 02 30 31 | 02
#1268-d346 @A: 07 27 09 34 | 12
#1269-d346 @A: 10 27 24 21 | 10
#1270-d346 @A: 09 27 29 21 | 04
#1271-d346 @A: 19 27 02 21 | 09
#1272-d346 @A: 31 17 02 33 | 06
#1273-d346 @A: 25 07 02 31 | 01
#1274-d346 @A: 10 21 19 31 | 08
#1275-d346 @A: 32 30 14 22 | 11
#1276-d346 @A: 32 21 22 23 | 07
#1277-d346 @A: 07 32 22 31 | 03
#1278-d346 @A: 07 15 13 22 | 05
#1279-d346 @A: 26 22 03 19 | 02
#1280-d346 @A: 13 22 06 33 | 12
#1281-d346 @A: 02 04 03 22 | 10
#1282-d346 @A: 04 22 12 31 | 04
#1283-d346 @A: 10 22 20 27 | 09
#1284-d346 @A: 22 09 30 17 | 06
#1285-d346 @A: 15 24 04 32 | 01
#1286-d346 @A: 13 32 29 15 | 08
#1287-d346 @A: 11 33 32 14 | 11
#1288-d346 @A: 31 18 28 32 | 07
#1289-d346 @A: 18 32 04 26 | 03
#1290-d346 @A: 26 12 23 32 | 05
#1291-d346 @A: 27 32 26 25 | 02
#1292-d346 @A: 26 19 21 32 | 12
#1293-d346 @A: 02 07 01 32 | 10
#1294-d346 @A: 20 16 32 03 | 04
#1295-d346 @A: 27 32 13 05 | 09
#1296-d346 @A: 32 27 34 33 | 06
#1297-d346 @A: 02 32 09 25 | 01
#1298-d346 @A: 29 12 32 24 | 08
#1299-d346 @A: 17 16 32 24 | 11
#1300-d346 @A: 01 15 10 28 | 07
#1301-d346 @A: 34 31 28 15 | 03
#1302-d346 @A: 33 08 15 24 | 05
#1303-d346 @A: 04 13 09 15 | 02
#1304-d346 @A: 31 15 30 04 | 12
#1305-d346 @A: 15 02 23 20 | 10
#1306-d346 @A: 15 07 18 31 | 04
#1307-d346 @A: 15 33 07 34 | 09
#1308-d346 @A: 30 29 18 15 | 06
#1309-d346 @A: 15 12 24 25 | 01
#1310-d346 @A: 30 25 15 19 | 08
#1311-d346 @A: 29 15 19 21 | 11
#1312-d346 @A: 05 30 15 07 | 07
#1313-d346 @A: 05 15 17 02 | 03
#1314-d346 @A: 09 14 05 11 | 05
#1315-d346 @A: 25 08 20 14 | 02
#1316-d346 @A: 14 07 08 31 | 12
#1317-d346 @A: 14 30 27 03 | 10
#1318-d346 @A: 14 19 04 34 | 04
#1319-d346 @A: 19 14 27 16 | 09
#1320-d346 @A: 34 30 14 10 | 06
#1321-d346 @A: 16 29 18 14 | 01
#1322-d346 @A: 14 02 12 07 | 08
#1323-d346 @A: 34 35 20 28 | 11
#1324-d346 @A: 02 28 10 35 | 07
#1325-d346 @A: 08 35 26 17 | 03
#1326-d346 @A: 31 26 34 35 | 05
#1327-d346 @A: 35 30 19 26 | 02
#1328-d346 @A: 35 05 10 26 | 12
#1329-d346 @A: 35 06 03 33 | 10
#1330-d346 @A: 30 01 08 35 | 04
#1331-d346 @A: 35 18 33 01 | 09
#1332-d346 @A: 12 23 35 11 | 06
#1333-d346 @A: 35 18 31 08 | 01
#1334-d346 @A: 30 35 18 16 | 08
#1335-d346 @A: 07 18 10 35 | 11
#1336-d346 @A: 35 05 29 24 | 07
#1337-d346 @A: 26 23 28 02 | 03
#1338-d346 @A: 28 25 13 27 | 05
#1339-d346 @A: 20 24 18 28 | 02
#1340-d346 @A: 34 17 28 07 | 12
#1341-d346 @A: 05 02 07 28 | 10
#1342-d346 @A: 26 17 06 03 | 04
#1343-d346 @A: 31 25 11 26 | 09
#1344-d346 @A: 31 26 13 16 | 06
#1345-d346 @A: 26 19 31 23 | 01
#1346-d346 @A: 34 17 26 09 | 08
#1347-d346 @A: 06 10 01 03 | 11
#1348-d346 @A: 06 27 16 01 | 07
#1349-d346 @A: 06 19 34 01 | 03
#1350-d346 @A: 04 31 27 06 | 05
#1351-d346 @A: 27 06 07 10 | 02
#1352-d346 @A: 05 17 06 34 | 12
#1353-d346 @A: 16 12 06 34 | 10
#1354-d346 @A: 31 33 11 01 | 04
#1355-d346 @A: 12 31 08 01 | 09
#1356-d346 @A: 16 18 03 01 | 06
#1357-d346 @A: 01 33 09 10 | 01
#1358-d346 @A: 21 01 33 02 | 08
#1359-d346 @A: 01 30 18 07 | 11
#1360-d346 @A: 05 09 01 12 | 07
#1361-d346 @A: 11 29 20 08 | 03
#1362-d346 @A: 31 04 11 24 | 05
#1363-d346 @A: 17 20 30 11 | 02
#1364-d346 @A: 11 25 02 29 | 12
#1365-d346 @A: 11 30 24 21 | 10
#1366-d346 @A: 23 08 12 03 | 04
#1367-d346 @A: 20 04 08 21 | 09
#1368-d346 @A: 23 31 29 08 | 06
#1369-d346 @A: 08 34 09 21 | 01
#1370-d346 @A: 12 33 17 08 | 08
#1371-d346 @A: 16 12 08 24 | 11
#1372-d346 @A: 20 03 04 29 | 07
#1373-d346 @A: 23 03 20 05 | 03
#1374-d346 @A: 02 03 05 33 | 05
#1375-d346 @A: 30 12 18 03 | 02
#1376-d346 @A: 19 04 33 23 | 12
#1377-d346 @A: 23 07 04 02 | 10
#1378-d346 @A: 16 24 33 04 | 04
#1379-d346 @A: 12 02 04 33 | 09
#1380-d346 @A: 05 24 18 04 | 06
#1381-d346 @A: 04 18 21 16 | 01
#1382-d346 @A: 24 13 20 31 | 08
#1383-d346 @A: 31 18 13 09 | 11
#1384-d346 @A: 25 21 16 23 | 07
#1385-d346 @A: 09 24 23 07 | 03
#1386-d346 @A: 29 23 30 10 | 05
#1387-d346 @A: 20 30 18 19 | 02
#1388-d346 @A: 20 25 21 12 | 12
#1389-d346 @A: 07 24 31 27 | 10
#1390-d346 @A: 18 27 30 21 | 04
#1391-d346 @A: 27 25 10 29 | 09
#1392-d346 @A: 31 34 29 18 | 06
#1393-d346 @A: 31 34 19 02 | 01
#1394-d346 @A: 09 25 33 31 | 08
#1395-d346 @A: 24 12 33 31 | 11
#1396-d346 @A: 31 12 21 18 | 07
#1397-d346 @A: 05 12 30 31 | 03
#1398-d346 @A: 34 07 19 12 | 05
#1399-d346 @A: 30 07 19 16 | 02
#1400-d346 @A: 22 26 33 32 | 12
#1401-d346 @A: 33 22 32 19 | 10
#1402-d346 @A: 22 15 01 09 | 04
#1403-d346 @A: 02 22 35 14 | 09
#1404-d346 @A: 28 26 20 22 | 06
#1405-d346 @A: 22 30 01 26 | 01
#1406-d346 @A: 22 26 11 02 | 08
#1407-d346 @A: 16 04 22 26 | 11
#1408-d346 @A: 09 29 22 06 | 07
#1409-d346 @A: 04 22 01 33 | 03
#1410-d346 @A: 22 04 11 18 | 05
#1411-d346 @A: 13 22 03 17 | 02
#1412-d346 @A: 20 33 22 23 | 12
#1413-d346 @A: 22 09 33 24 | 10
#1414-d346 @A: 25 22 30 10 | 04
#1415-d346 @A: 07 22 05 24 | 09
#1416-d346 @A: 16 30 07 22 | 06
#1417-d346 @A: 09 22 02 07 | 01
#1418-d346 @A: 26 17 15 32 | 08
#1419-d346 @A: 07 29 14 32 | 11
#1420-d346 @A: 19 32 29 14 | 07
#1421-d346 @A: 20 02 35 32 | 03
#1422-d346 @A: 20 32 08 26 | 05
#1423-d346 @A: 07 32 16 26 | 02
#1424-d346 @A: 24 32 01 11 | 12
#1425-d346 @A: 32 07 08 11 | 10
#1426-d346 @A: 32 08 13 16 | 04
#1427-d346 @A: 19 08 32 18 | 09
#1428-d346 @A: 23 03 32 02 | 06
#1429-d346 @A: 18 20 12 32 | 01
#1430-d346 @A: 34 32 02 17 | 08
#1431-d346 @A: 32 30 12 16 | 11
#1432-d346 @A: 14 17 15 04 | 07
#1433-d346 @A: 31 27 15 14 | 03
#1434-d346 @A: 15 25 18 14 | 05
#1435-d346 @A: 29 15 35 01 | 02
#1436-d346 @A: 08 15 21 28 | 12
#1437-d346 @A: 33 26 01 15 | 10
#1438-d346 @A: 15 11 07 06 | 04
#1439-d346 @A: 31 15 06 05 | 09
#1440-d346 @A: 15 20 07 01 | 06
#1441-d346 @A: 15 09 11 03 | 01
#1442-d346 @A: 11 20 16 15 | 08
#1443-d346 @A: 05 27 15 08 | 11
#1444-d346 @A: 20 15 33 31 | 07
#1445-d346 @A: 09 15 18 27 | 03
#1446-d346 @A: 15 33 21 18 | 05
#1447-d346 @A: 12 07 29 15 | 02
#1448-d346 @A: 16 07 15 17 | 12
#1449-d346 @A: 07 14 01 35 | 10
#1450-d346 @A: 27 35 05 14 | 04
#1451-d346 @A: 14 28 31 21 | 09
#1452-d346 @A: 14 23 06 12 | 06
#1453-d346 @A: 16 33 06 14 | 01
#1454-d346 @A: 14 01 23 24 | 08
#1455-d346 @A: 14 02 27 01 | 11
#1456-d346 @A: 19 14 25 03 | 07
#1457-d346 @A: 14 07 19 13 | 03
#1458-d346 @A: 29 14 23 27 | 05
#1459-d346 @A: 30 19 14 21 | 02
#1460-d346 @A: 08 02 35 06 | 12
#1461-d346 @A: 06 35 29 20 | 10
#1462-d346 @A: 11 16 05 35 | 04
#1463-d346 @A: 10 08 23 35 | 09
#1464-d346 @A: 04 35 10 03 | 06
#1465-d346 @A: 30 04 35 12 | 01
#1466-d346 @A: 35 31 33 13 | 08
#1467-d346 @A: 16 13 35 21 | 11
#1468-d346 @A: 20 10 35 31 | 07
#1469-d346 @A: 01 18 06 28 | 03
#1470-d346 @A: 01 28 19 12 | 05
#1471-d346 @A: 10 03 28 31 | 02
#1472-d346 @A: 17 28 13 20 | 12
#1473-d346 @A: 28 21 34 05 | 10
#1474-d346 @A: 29 21 02 28 | 04
#1475-d346 @A: 30 28 10 12 | 09
#1476-d346 @A: 28 05 16 30 | 06
#1477-d346 @A: 02 28 30 19 | 01
#1478-d346 @A: 07 21 28 10 | 08
#1479-d346 @A: 10 20 06 26 | 11
#1480-d346 @A: 31 26 18 06 | 07
#1481-d346 @A: 26 01 08 05 | 03
#1482-d346 @A: 19 04 26 11 | 05
#1483-d346 @A: 24 26 08 04 | 02
#1484-d346 @A: 03 26 33 31 | 12
#1485-d346 @A: 34 04 26 13 | 10
#1486-d346 @A: 25 34 26 29 | 04
#1487-d346 @A: 33 17 18 26 | 09
#1488-d346 @A: 16 26 02 21 | 06
#1489-d346 @A: 33 24 06 01 | 01
#1490-d346 @A: 16 11 31 06 | 08
#1491-d346 @A: 06 13 21 08 | 11
#1492-d346 @A: 23 08 05 06 | 07
#1493-d346 @A: 13 06 31 17 | 03
#1494-d346 @A: 23 06 34 31 | 05
#1495-d346 @A: 11 09 04 01 | 02
#1496-d346 @A: 01 20 33 25 | 12
#1497-d346 @A: 21 01 34 29 | 10
#1498-d346 @A: 34 30 02 01 | 04
#1499-d346 @A: 18 29 10 01 | 09
#1500-d346 @A: 01 10 21 16 | 06
#1501-d346 @A: 11 03 24 13 | 01
#1502-d346 @A: 29 31 13 11 | 08
#1503-d346 @A: 25 07 12 11 | 11
#1504-d346 @A: 11 07 17 09 | 07
#1505-d346 @A: 09 16 21 11 | 03
#1506-d346 @A: 18 09 08 02 | 05
#1507-d346 @A: 30 08 21 16 | 02
#1508-d346 @A: 16 10 07 08 | 12
#1509-d346 @A: 08 19 17 05 | 10
#1510-d346 @A: 08 19 16 09 | 04
#1511-d346 @A: 21 03 34 16 | 09
#1512-d346 @A: 07 03 33 25 | 06
#1513-d346 @A: 05 09 03 18 | 01
#1514-d346 @A: 07 04 16 13 | 08
#1515-d346 @A: 04 17 34 33 | 11
#1516-d346 @A: 34 09 30 04 | 07
#1517-d346 @A: 17 30 02 04 | 03
#1518-d346 @A: 04 17 05 21 | 05
#1519-d346 @A: 17 13 30 34 | 02
#1520-d346 @A: 25 12 31 23 | 12
#1521-d346 @A: 02 29 18 23 | 10
#1522-d346 @A: 07 19 24 23 | 04
#1523-d346 @A: 24 30 34 20 | 09
#1524-d346 @A: 05 10 24 20 | 06
#1525-d346 @A: 10 29 20 09 | 01
#1526-d346 @A: 16 17 20 10 | 08
#1527-d346 @A: 27 18 24 34 | 11
#1528-d346 @A: 24 02 09 27 | 07
#1529-d346 @A: 05 24 31 02 | 03
#1530-d346 @A: 29 02 31 12 | 05
#1531-d346 @A: 09 31 05 10 | 02
#1532-d346 @A: 19 29 09 34 | 12
#1533-d346 @A: 19 30 17 33 | 10
#1534-d346 @A: 25 19 02 17 | 04
#1535-d346 @A: 10 30 19 24 | 09
#1536-d346 @A: 05 07 19 09 | 06
#1537-d346 @A: 06 22 10 32 | 01
#1538-d346 @A: 32 22 24 13 | 08
#1539-d346 @A: 22 26 05 14 | 11
#1540-d346 @A: 11 14 22 16 | 07
#1541-d346 @A: 22 35 11 17 | 03
#1542-d346 @A: 07 22 06 28 | 05
#1543-d346 @A: 33 11 22 28 | 02
#1544-d346 @A: 13 09 28 22 | 12
#1545-d346 @A: 22 34 08 26 | 10
#1546-d346 @A: 22 24 26 12 | 04
#1547-d346 @A: 34 22 06 11 | 09
#1548-d346 @A: 22 31 27 01 | 06
#1549-d346 @A: 22 17 18 08 | 01
#1550-d346 @A: 27 33 03 22 | 08
#1551-d346 @A: 13 22 02 20 | 11
#1552-d346 @A: 23 22 18 30 | 07
#1553-d346 @A: 34 22 07 10 | 03
#1554-d346 @A: 19 22 17 18 | 05
#1555-d346 @A: 22 18 16 09 | 02
#1556-d346 @A: 18 08 14 32 | 12
#1557-d346 @A: 03 24 14 32 | 10
#1558-d346 @A: 32 34 06 35 | 04
#1559-d346 @A: 32 35 16 04 | 09
#1560-d346 @A: 19 28 27 32 | 06
#1561-d346 @A: 10 32 24 28 | 01
#1562-d346 @A: 32 12 28 07 | 08
#1563-d346 @A: 32 09 06 04 | 11
#1564-d346 @A: 25 32 11 16 | 07
#1565-d346 @A: 23 32 08 34 | 03
#1566-d346 @A: 32 13 30 03 | 05
#1567-d346 @A: 04 32 12 05 | 02
#1568-d346 @A: 30 21 32 34 | 12
#1569-d346 @A: 07 24 33 32 | 10
#1570-d346 @A: 02 19 32 24 | 04
#1571-d346 @A: 30 05 32 09 | 09
#1572-d346 @A: 14 01 21 15 | 06
#1573-d346 @A: 35 21 03 15 | 01
#1574-d346 @A: 06 09 28 15 | 08
#1575-d346 @A: 31 24 15 26 | 11
#1576-d346 @A: 06 01 12 15 | 07
#1577-d346 @A: 23 15 13 06 | 03
#1578-d346 @A: 24 15 27 01 | 05
#1579-d346 @A: 08 15 23 07 | 02
#1580-d346 @A: 03 34 17 15 | 12
#1581-d346 @A: 03 15 09 19 | 10
#1582-d346 @A: 19 13 31 15 | 04
#1583-d346 @A: 23 31 09 15 | 09
#1584-d346 @A: 10 33 15 16 | 06
#1585-d346 @A: 17 24 15 18 | 01
#1586-d346 @A: 15 29 16 25 | 08
#1587-d346 @A: 30 15 21 12 | 11
#1588-d346 @A: 25 14 26 28 | 07
#1589-d346 @A: 28 14 08 05 | 03
#1590-d346 @A: 23 28 18 14 | 05
#1591-d346 @A: 28 02 20 14 | 02
#1592-d346 @A: 01 11 14 34 | 12
#1593-d346 @A: 18 20 14 01 | 10
#1594-d346 @A: 14 11 20 10 | 04
#1595-d346 @A: 14 02 17 11 | 09
#1596-d346 @A: 14 34 04 31 | 06
#1597-d346 @A: 14 20 21 23 | 01
#1598-d346 @A: 14 23 17 05 | 08
#1599-d346 @A: 14 24 31 25 | 11
#1600-d346 @A: 14 33 21 25 | 07
#1601-d346 @A: 19 25 14 33 | 03
#1602-d346 @A: 02 09 33 14 | 05
#1603-d346 @A: 14 02 18 30 | 02
#1604-d346 @A: 09 14 24 16 | 12
#1605-d346 @A: 12 16 14 21 | 10
#1606-d346 @A: 03 28 23 35 | 04
#1607-d346 @A: 35 26 13 01 | 09
#1608-d346 @A: 31 06 07 35 | 06
#1609-d346 @A: 11 03 02 35 | 01
#1610-d346 @A: 35 12 20 08 | 08
#1611-d346 @A: 03 12 35 31 | 11
#1612-d346 @A: 09 30 35 03 | 07
#1613-d346 @A: 35 18 02 04 | 03
#1614-d346 @A: 19 17 35 07 | 05
#1615-d346 @A: 03 01 05 28 | 02
#1616-d346 @A: 28 01 23 30 | 12
#1617-d346 @A: 01 28 25 31 | 10
#1618-d346 @A: 05 20 11 28 | 04
#1619-d346 @A: 19 28 33 11 | 09
#1620-d346 @A: 28 08 30 31 | 06
#1621-d346 @A: 08 19 28 25 | 01
#1622-d346 @A: 19 17 28 04 | 08
#1623-d346 @A: 10 19 23 28 | 11
#1624-d346 @A: 24 28 05 33 | 07
#1625-d346 @A: 23 26 13 18 | 03
#1626-d346 @A: 20 24 21 26 | 05
#1627-d346 @A: 29 31 30 26 | 02
#1628-d346 @A: 33 05 26 12 | 12
#1629-d346 @A: 09 26 16 33 | 10
#1630-d346 @A: 16 26 18 24 | 04
#1631-d346 @A: 11 24 06 20 | 09
#1632-d346 @A: 11 06 02 09 | 06
#1633-d346 @A: 08 34 06 20 | 01
#1634-d346 @A: 18 03 06 13 | 08
#1635-d346 @A: 12 13 27 06 | 11
#1636-d346 @A: 06 23 29 24 | 07
#1637-d346 @A: 06 09 18 10 | 03
#1638-d346 @A: 16 29 19 06 | 05
#1639-d346 @A: 21 06 05 10 | 02
#1640-d346 @A: 06 02 16 07 | 12
#1641-d346 @A: 09 01 07 08 | 10
#1642-d346 @A: 03 19 20 01 | 04
#1643-d346 @A: 12 04 01 16 | 09
#1644-d346 @A: 01 33 29 07 | 06
#1645-d346 @A: 10 07 01 05 | 01
#1646-d346 @A: 02 10 01 12 | 08
#1647-d346 @A: 33 11 03 20 | 11
#1648-d346 @A: 03 11 34 31 | 07
#1649-d346 @A: 33 11 25 04 | 03
#1650-d346 @A: 11 30 13 27 | 05
#1651-d346 @A: 23 09 20 11 | 02
#1652-d346 @A: 27 18 07 11 | 12
#1653-d346 @A: 18 19 29 11 | 10
#1654-d346 @A: 16 10 11 02 | 04
#1655-d346 @A: 08 27 18 03 | 09
#1656-d346 @A: 29 04 08 18 | 06
#1657-d346 @A: 13 24 08 27 | 01
#1658-d346 @A: 33 08 18 23 | 08
#1659-d346 @A: 33 08 02 34 | 11
#1660-d346 @A: 08 25 18 30 | 07
#1661-d346 @A: 21 17 08 24 | 03
#1662-d346 @A: 08 02 05 29 | 05
#1663-d346 @A: 30 08 12 09 | 02
#1664-d346 @A: 07 04 19 03 | 12
#1665-d346 @A: 03 13 27 29 | 10
#1666-d346 @A: 31 03 25 20 | 04
#1667-d346 @A: 34 30 03 33 | 09
#1668-d346 @A: 34 03 12 02 | 06
#1669-d346 @A: 18 03 21 25 | 01
#1670-d346 @A: 19 03 05 29 | 08
#1671-d346 @A: 05 10 04 34 | 11
#1672-d346 @A: 10 25 04 18 | 07
#1673-d346 @A: 21 09 04 25 | 03
#1674-d346 @A: 33 13 27 20 | 05
#1675-d346 @A: 13 25 24 09 | 02
#1676-d346 @A: 25 13 10 12 | 12
#1677-d346 @A: 23 09 29 34 | 10
#1678-d346 @A: 23 16 07 33 | 04
#1679-d346 @A: 07 30 23 25 | 09
#1680-d346 @A: 02 23 24 16 | 06
#1681-d346 @A: 02 10 05 23 | 01
#1682-d346 @A: 18 02 33 20 | 08
#1683-d346 @A: 20 10 07 02 | 11
#1684-d346 @A: 07 02 29 27 | 07
#1685-d346 @A: 05 31 33 07 | 03
#1686-d346 @A: 10 31 18 02 | 05
#1687-d346 @A: 25 21 19 34 | 02
#1688-d346 @A: 25 19 10 05 | 12
#1689-d346 @A: 19 07 29 10 | 10
