#0001-d127 @A: 30 16 31 07 | 05
#0002-d127 @A: 31 35 26 16 | 07
#0003-d127 @A: 16 05 31 33 | 04
#0004-d127 @A: 01 31 15 16 | 09
#0005-d127 @A: 29 31 24 16 | 03
#0006-d127 @A: 31 22 16 28 | 08
#0007-d127 @A: 31 16 10 21 | 12
#0008-d127 @A: 31 20 16 06 | 02
#0009-d127 @A: 09 16 12 31 | 11
#0010-d127 @A: 31 13 25 16 | 10
#0011-d127 @A: 34 17 16 31 | 01
#0012-d127 @A: 16 19 31 18 | 06
#0013-d127 @A: 02 23 31 16 | 05
#0014-d127 @A: 08 16 31 04 | 07
#0015-d127 @A: 31 24 16 03 | 04
#0016-d127 @A: 16 31 14 11 | 09
#0017-d127 @A: 32 31 16 27 | 03
#0018-d127 @A: 31 35 24 30 | 08
#0019-d127 @A: 31 05 10 30 | 12
#0020-d127 @A: 30 31 15 32 | 02
#0021-d127 @A: 31 30 28 29 | 11
#0022-d127 @A: 01 31 30 33 | 10
#0023-d127 @A: 30 21 13 31 | 01
#0024-d127 @A: 06 30 12 31 | 06
#0025-d127 @A: 31 30 20 11 | 05
#0026-d127 @A: 30 25 31 08 | 07
#0027-d127 @A: 18 17 30 31 | 04
#0028-d127 @A: 27 30 31 19 | 09
#0029-d127 @A: 31 30 26 23 | 03
#0030-d127 @A: 09 04 31 30 | 08
#0031-d127 @A: 30 34 31 22 | 12
#0032-d127 @A: 31 14 02 30 | 02
#0033-d127 @A: 30 31 03 02 | 11
#0034-d127 @A: 05 14 31 35 | 10
#0035-d127 @A: 13 35 15 31 | 01
#0036-d127 @A: 35 10 29 31 | 06
#0037-d127 @A: 31 35 11 28 | 05
#0038-d127 @A: 01 31 35 02 | 07
#0039-d127 @A: 07 35 21 31 | 04
#0040-d127 @A: 06 34 31 35 | 09
#0041-d127 @A: 20 32 35 31 | 03
#0042-d127 @A: 33 12 31 35 | 08
#0043-d127 @A: 35 25 18 31 | 12
#0044-d127 @A: 35 17 31 22 | 02
#0045-d127 @A: 35 19 31 09 | 11
#0046-d127 @A: 35 08 31 23 | 10
#0047-d127 @A: 31 27 04 35 | 01
#0048-d127 @A: 35 10 31 03 | 06
#0049-d127 @A: 31 05 26 15 | 05
#0050-d127 @A: 17 31 29 05 | 07
#0051-d127 @A: 02 05 28 31 | 04
#0052-d127 @A: 01 05 07 31 | 09
#0053-d127 @A: 21 31 05 09 | 03
#0054-d127 @A: 24 05 31 06 | 08
#0055-d127 @A: 05 31 08 20 | 12
#0056-d127 @A: 05 18 31 12 | 02
#0057-d127 @A: 05 03 31 12 | 11
#0058-d127 @A: 31 05 25 32 | 10
#0059-d127 @A: 05 19 31 13 | 01
#0060-d127 @A: 05 31 23 11 | 06
#0061-d127 @A: 04 34 31 05 | 05
#0062-d127 @A: 22 05 27 31 | 07
#0063-d127 @A: 19 29 31 15 | 04
#0064-d127 @A: 15 08 31 28 | 09
#0065-d127 @A: 24 21 15 31 | 03
#0066-d127 @A: 06 31 27 15 | 08
#0067-d127 @A: 31 15 20 18 | 12
#0068-d127 @A: 31 15 12 22 | 02
#0069-d127 @A: 25 15 31 33 | 11
#0070-d127 @A: 02 17 31 15 | 10
#0071-d127 @A: 10 15 23 31 | 01
#0072-d127 @A: 31 07 15 04 | 06
#0073-d127 @A: 34 11 31 15 | 05
#0074-d127 @A: 14 31 09 15 | 07
#0075-d127 @A: 15 33 03 31 | 04
#0076-d127 @A: 31 29 01 26 | 09
#0077-d127 @A: 29 14 31 21 | 03
#0078-d127 @A: 31 18 06 29 | 08
#0079-d127 @A: 31 34 20 29 | 12
#0080-d127 @A: 29 20 31 03 | 02
#0081-d127 @A: 07 31 29 12 | 11
#0082-d127 @A: 29 31 27 25 | 10
#0083-d127 @A: 23 09 31 29 | 01
#0084-d127 @A: 31 33 04 29 | 06
#0085-d127 @A: 31 22 29 11 | 05
#0086-d127 @A: 29 32 31 08 | 07
#0087-d127 @A: 02 29 31 13 | 04
#0088-d127 @A: 34 28 01 31 | 09
#0089-d127 @A: 18 28 21 31 | 03
#0090-d127 @A: 31 06 26 28 | 08
#0091-d127 @A: 28 20 07 31 | 12
#0092-d127 @A: 12 28 13 31 | 02
#0093-d127 @A: 25 24 28 31 | 11
#0094-d127 @A: 09 17 31 28 | 10
#0095-d127 @A: 19 10 28 31 | 01
#0096-d127 @A: 28 23 31 14 | 06
#0097-d127 @A: 04 31 32 28 | 05
#0098-d127 @A: 31 13 28 03 | 07
#0099-d127 @A: 31 28 33 27 | 04
#0100-d127 @A: 31 21 27 01 | 09
#0101-d127 @A: 14 06 01 31 | 03
#0102-d127 @A: 31 20 01 19 | 08
#0103-d127 @A: 24 12 01 31 | 12
#0104-d127 @A: 11 01 25 31 | 02
#0105-d127 @A: 31 32 01 17 | 11
#0106-d127 @A: 01 23 31 04 | 10
#0107-d127 @A: 10 01 18 31 | 01
#0108-d127 @A: 22 13 31 01 | 06
#0109-d127 @A: 31 01 03 22 | 05
#0110-d127 @A: 08 01 09 31 | 07
#0111-d127 @A: 17 06 21 31 | 04
#0112-d127 @A: 21 22 20 31 | 09
#0113-d127 @A: 11 21 31 12 | 03
#0114-d127 @A: 02 21 31 25 | 08
#0115-d127 @A: 21 08 19 31 | 12
#0116-d127 @A: 23 31 21 33 | 02
#0117-d127 @A: 31 26 04 21 | 11
#0118-d127 @A: 32 31 21 34 | 10
#0119-d127 @A: 32 21 31 03 | 01
#0120-d127 @A: 31 06 25 10 | 06
#0121-d127 @A: 07 31 19 06 | 05
#0122-d127 @A: 23 06 31 32 | 07
#0123-d127 @A: 31 06 13 04 | 04
#0124-d127 @A: 06 04 31 03 | 09
#0125-d127 @A: 06 31 11 09 | 03
#0126-d127 @A: 31 33 06 22 | 08
#0127-d127 @A: 31 06 08 02 | 12
#0128-d127 @A: 14 12 31 20 | 02
#0129-d127 @A: 09 20 31 25 | 11
#0130-d127 @A: 31 17 20 33 | 10
#0131-d127 @A: 23 31 20 24 | 01
#0132-d127 @A: 04 31 10 20 | 06
#0133-d127 @A: 26 31 20 13 | 05
#0134-d127 @A: 20 27 02 31 | 07
#0135-d127 @A: 25 26 31 12 | 04
#0136-d127 @A: 10 17 31 12 | 09
#0137-d127 @A: 32 19 31 12 | 03
#0138-d127 @A: 31 27 12 23 | 08
#0139-d127 @A: 31 12 02 04 | 12
#0140-d127 @A: 31 12 34 08 | 02
#0141-d127 @A: 25 07 17 31 | 11
#0142-d127 @A: 19 25 31 14 | 10
#0143-d127 @A: 25 34 23 31 | 01
#0144-d127 @A: 22 25 31 04 | 06
#0145-d127 @A: 03 18 31 25 | 05
#0146-d127 @A: 31 17 19 24 | 07
#0147-d127 @A: 23 13 31 17 | 04
#0148-d127 @A: 03 17 23 31 | 09
#0149-d127 @A: 17 14 31 04 | 03
#0150-d127 @A: 11 26 31 17 | 08
#0151-d127 @A: 31 08 17 27 | 12
#0152-d127 @A: 23 22 19 31 | 02
#0153-d127 @A: 11 31 19 04 | 11
#0154-d127 @A: 19 26 02 31 | 10
#0155-d127 @A: 33 31 34 19 | 01
#0156-d127 @A: 19 31 34 03 | 06
#0157-d127 @A: 31 18 23 07 | 05
#0158-d127 @A: 04 18 31 24 | 07
#0159-d127 @A: 18 31 32 11 | 04
#0160-d127 @A: 31 13 18 09 | 09
#0161-d127 @A: 18 26 27 31 | 03
#0162-d127 @A: 22 18 31 08 | 08
#0163-d127 @A: 18 31 14 34 | 12
#0164-d127 @A: 31 02 18 33 | 02
#0165-d127 @A: 24 11 31 08 | 11
#0166-d127 @A: 32 02 31 24 | 10
#0167-d127 @A: 24 13 33 31 | 01
#0168-d127 @A: 27 24 31 09 | 06
#0169-d127 @A: 31 26 24 34 | 05
#0170-d127 @A: 22 14 31 24 | 07
#0171-d127 @A: 10 07 24 31 | 04
#0172-d127 @A: 27 11 31 13 | 09
#0173-d127 @A: 02 31 10 11 | 03
#0174-d127 @A: 31 09 11 03 | 08
#0175-d127 @A: 33 07 31 11 | 12
#0176-d127 @A: 14 32 13 31 | 02
#0177-d127 @A: 26 32 22 31 | 11
#0178-d127 @A: 31 10 33 32 | 10
#0179-d127 @A: 32 03 31 08 | 01
#0180-d127 @A: 31 07 32 09 | 06
#0181-d127 @A: 13 10 31 08 | 05
#0182-d127 @A: 07 34 13 31 | 07
#0183-d127 @A: 27 26 31 03 | 04
#0184-d127 @A: 34 31 10 27 | 09
#0185-d127 @A: 14 27 07 31 | 03
#0186-d127 @A: 10 14 26 31 | 08
#0187-d127 @A: 31 07 26 08 | 12
#0188-d127 @A: 31 33 09 26 | 02
#0189-d127 @A: 22 09 31 10 | 11
#0190-d127 @A: 22 07 31 02 | 10
#0191-d127 @A: 14 33 08 31 | 01
#0192-d127 @A: 31 03 14 07 | 06
#0193-d127 @A: 34 02 09 31 | 05
#0194-d127 @A: 18 16 35 30 | 07
#0195-d127 @A: 05 30 16 24 | 04
#0196-d127 @A: 15 16 10 30 | 09
#0197-d127 @A: 30 16 09 29 | 03
#0198-d127 @A: 28 30 32 16 | 08
#0199-d127 @A: 16 11 30 01 | 12
#0200-d127 @A: 22 30 21 16 | 02
#0201-d127 @A: 33 16 06 30 | 11
#0202-d127 @A: 30 08 16 20 | 10
#0203-d127 @A: 12 16 13 30 | 01
#0204-d127 @A: 16 27 30 25 | 06
#0205-d127 @A: 30 17 26 16 | 05
#0206-d127 @A: 30 16 19 34 | 07
#0207-d127 @A: 14 16 23 30 | 04
#0208-d127 @A: 02 04 30 16 | 09
#0209-d127 @A: 16 03 08 30 | 03
#0210-d127 @A: 02 05 16 35 | 08
#0211-d127 @A: 35 15 16 12 | 12
#0212-d127 @A: 29 14 16 35 | 02
#0213-d127 @A: 16 19 35 28 | 11
#0214-d127 @A: 32 35 16 01 | 10
#0215-d127 @A: 16 24 21 35 | 01
#0216-d127 @A: 35 06 11 16 | 06
#0217-d127 @A: 20 16 35 13 | 05
#0218-d127 @A: 25 35 34 16 | 07
#0219-d127 @A: 33 35 16 17 | 04
#0220-d127 @A: 16 23 09 35 | 09
#0221-d127 @A: 04 07 35 16 | 03
#0222-d127 @A: 08 27 16 35 | 08
#0223-d127 @A: 16 03 35 27 | 12
#0224-d127 @A: 10 22 16 35 | 02
#0225-d127 @A: 15 34 16 05 | 11
#0226-d127 @A: 27 29 05 16 | 10
#0227-d127 @A: 28 16 05 18 | 01
#0228-d127 @A: 05 09 16 01 | 06
#0229-d127 @A: 21 05 26 16 | 05
#0230-d127 @A: 05 06 13 16 | 07
#0231-d127 @A: 20 05 16 32 | 04
#0232-d127 @A: 16 05 12 07 | 09
#0233-d127 @A: 05 16 25 11 | 03
#0234-d127 @A: 17 08 16 05 | 08
#0235-d127 @A: 14 19 05 16 | 12
#0236-d127 @A: 16 22 23 05 | 02
#0237-d127 @A: 04 16 05 10 | 11
#0238-d127 @A: 07 03 05 16 | 10
#0239-d127 @A: 29 15 16 26 | 01
#0240-d127 @A: 28 16 15 07 | 06
#0241-d127 @A: 21 16 17 15 | 05
#0242-d127 @A: 15 14 16 06 | 07
#0243-d127 @A: 27 20 16 15 | 04
#0244-d127 @A: 15 25 16 18 | 09
#0245-d127 @A: 19 16 15 24 | 03
#0246-d127 @A: 33 23 16 15 | 08
#0247-d127 @A: 03 23 15 16 | 12
#0248-d127 @A: 11 04 16 15 | 02
#0249-d127 @A: 32 09 15 16 | 11
#0250-d127 @A: 15 13 16 22 | 10
#0251-d127 @A: 15 02 16 08 | 01
#0252-d127 @A: 29 16 28 34 | 06
#0253-d127 @A: 20 29 01 16 | 05
#0254-d127 @A: 16 18 29 21 | 07
#0255-d127 @A: 29 19 16 06 | 04
#0256-d127 @A: 11 12 29 16 | 09
#0257-d127 @A: 33 16 29 25 | 03
#0258-d127 @A: 16 02 29 17 | 08
#0259-d127 @A: 32 16 23 29 | 12
#0260-d127 @A: 04 16 22 29 | 02
#0261-d127 @A: 18 03 16 29 | 11
#0262-d127 @A: 13 16 29 10 | 10
#0263-d127 @A: 16 29 07 08 | 01
#0264-d127 @A: 03 34 29 16 | 06
#0265-d127 @A: 16 01 26 28 | 05
#0266-d127 @A: 09 16 28 21 | 07
#0267-d127 @A: 16 28 02 06 | 04
#0268-d127 @A: 20 28 16 10 | 09
#0269-d127 @A: 20 16 28 03 | 03
#0270-d127 @A: 33 12 16 28 | 08
#0271-d127 @A: 08 28 25 16 | 12
#0272-d127 @A: 16 28 24 17 | 02
#0273-d127 @A: 23 11 28 16 | 11
#0274-d127 @A: 04 16 27 28 | 10
#0275-d127 @A: 16 14 28 13 | 01
#0276-d127 @A: 16 13 01 21 | 06
#0277-d127 @A: 24 16 06 01 | 05
#0278-d127 @A: 16 27 01 12 | 07
#0279-d127 @A: 02 01 16 25 | 04
#0280-d127 @A: 22 01 16 17 | 09
#0281-d127 @A: 10 16 01 19 | 03
#0282-d127 @A: 23 16 34 01 | 08
#0283-d127 @A: 01 18 16 04 | 12
#0284-d127 @A: 26 01 16 03 | 02
#0285-d127 @A: 16 14 08 01 | 11
#0286-d127 @A: 33 07 16 01 | 10
#0287-d127 @A: 06 21 08 16 | 01
#0288-d127 @A: 11 20 16 21 | 06
#0289-d127 @A: 21 16 34 12 | 05
#0290-d127 @A: 19 25 16 21 | 07
#0291-d127 @A: 16 27 23 21 | 04
#0292-d127 @A: 33 04 16 21 | 09
#0293-d127 @A: 07 32 21 16 | 03
#0294-d127 @A: 16 21 02 14 | 08
#0295-d127 @A: 16 33 21 03 | 12
#0296-d127 @A: 06 16 22 12 | 02
#0297-d127 @A: 25 16 07 06 | 11
#0298-d127 @A: 18 06 17 16 | 10
#0299-d127 @A: 16 06 23 26 | 01
#0300-d127 @A: 06 04 34 16 | 06
#0301-d127 @A: 06 11 16 03 | 05
#0302-d127 @A: 16 06 32 10 | 07
#0303-d127 @A: 16 06 09 27 | 04
#0304-d127 @A: 16 20 12 18 | 09
#0305-d127 @A: 26 16 25 20 | 03
#0306-d127 @A: 14 16 20 17 | 08
#0307-d127 @A: 16 20 07 19 | 12
#0308-d127 @A: 04 16 20 23 | 02
#0309-d127 @A: 34 20 16 24 | 11
#0310-d127 @A: 16 33 20 22 | 10
#0311-d127 @A: 09 20 02 16 | 01
#0312-d127 @A: 24 16 25 12 | 06
#0313-d127 @A: 32 17 12 16 | 05
#0314-d127 @A: 19 26 12 16 | 07
#0315-d127 @A: 23 16 12 08 | 04
#0316-d127 @A: 14 04 16 12 | 09
#0317-d127 @A: 16 22 03 12 | 03
#0318-d127 @A: 16 10 12 02 | 08
#0319-d127 @A: 17 09 25 16 | 12
#0320-d127 @A: 10 25 23 16 | 02
#0321-d127 @A: 32 16 04 25 | 11
#0322-d127 @A: 32 25 03 16 | 10
#0323-d127 @A: 22 16 25 14 | 01
#0324-d127 @A: 17 16 27 19 | 06
#0325-d127 @A: 17 23 16 07 | 05
#0326-d127 @A: 17 13 16 04 | 07
#0327-d127 @A: 11 10 16 17 | 04
#0328-d127 @A: 17 02 03 16 | 09
#0329-d127 @A: 23 16 19 13 | 03
#0330-d127 @A: 04 09 19 16 | 08
#0331-d127 @A: 19 11 16 02 | 12
#0332-d127 @A: 19 22 32 16 | 02
#0333-d127 @A: 10 19 03 16 | 11
#0334-d127 @A: 19 08 33 16 | 10
#0335-d127 @A: 16 23 18 24 | 01
#0336-d127 @A: 26 04 24 16 | 06
#0337-d127 @A: 16 09 04 03 | 05
#0338-d127 @A: 16 11 18 08 | 07
#0339-d127 @A: 02 18 32 16 | 04
#0340-d127 @A: 18 13 16 33 | 09
#0341-d127 @A: 22 27 18 16 | 03
#0342-d127 @A: 18 26 16 34 | 08
#0343-d127 @A: 10 16 07 18 | 12
#0344-d127 @A: 18 16 14 09 | 02
#0345-d127 @A: 11 16 32 24 | 11
#0346-d127 @A: 13 16 08 24 | 10
#0347-d127 @A: 10 27 16 24 | 01
#0348-d127 @A: 02 16 24 22 | 06
#0349-d127 @A: 24 14 16 07 | 05
#0350-d127 @A: 16 24 09 33 | 07
#0351-d127 @A: 16 11 13 34 | 04
#0352-d127 @A: 33 11 16 27 | 09
#0353-d127 @A: 16 26 09 11 | 03
#0354-d127 @A: 22 07 11 16 | 08
#0355-d127 @A: 32 26 16 13 | 12
#0356-d127 @A: 32 16 34 08 | 02
#0357-d127 @A: 32 14 16 33 | 11
#0358-d127 @A: 13 16 27 02 | 10
#0359-d127 @A: 03 13 16 14 | 01
#0360-d127 @A: 13 09 07 16 | 06
#0361-d127 @A: 26 16 14 27 | 05
#0362-d127 @A: 07 34 27 16 | 07
#0363-d127 @A: 22 26 16 08 | 04
#0364-d127 @A: 26 16 33 10 | 09
#0365-d127 @A: 02 16 07 26 | 03
#0366-d127 @A: 34 22 16 09 | 08
#0367-d127 @A: 10 08 09 16 | 12
#0368-d127 @A: 16 14 10 34 | 02
#0369-d127 @A: 02 34 33 16 | 11
#0370-d127 @A: 30 35 05 25 | 10
#0371-d127 @A: 15 08 35 30 | 01
#0372-d127 @A: 30 33 29 35 | 06
#0373-d127 @A: 30 22 28 35 | 05
#0374-d127 @A: 35 30 01 34 | 07
#0375-d127 @A: 35 21 17 30 | 04
#0376-d127 @A: 30 21 35 03 | 09
#0377-d127 @A: 35 02 06 30 | 03
#0378-d127 @A: 30 35 10 20 | 08
#0379-d127 @A: 35 12 30 09 | 12
#0380-d127 @A: 13 35 19 30 | 02
#0381-d127 @A: 30 04 23 35 | 11
#0382-d127 @A: 35 30 11 32 | 10
#0383-d127 @A: 27 14 30 35 | 01
#0384-d127 @A: 26 30 07 35 | 06
#0385-d127 @A: 05 15 30 09 | 05
#0386-d127 @A: 05 30 29 14 | 07
#0387-d127 @A: 30 13 05 28 | 04
#0388-d127 @A: 27 05 30 01 | 09
#0389-d127 @A: 12 05 30 21 | 03
#0390-d127 @A: 06 30 05 07 | 08
#0391-d127 @A: 30 20 05 34 | 12
#0392-d127 @A: 05 30 17 11 | 02
#0393-d127 @A: 19 33 05 30 | 11
#0394-d127 @A: 05 30 23 08 | 10
#0395-d127 @A: 04 30 05 32 | 01
#0396-d127 @A: 05 30 02 18 | 06
#0397-d127 @A: 30 03 11 05 | 05
#0398-d127 @A: 05 26 22 30 | 07
#0399-d127 @A: 29 15 30 11 | 04
#0400-d127 @A: 30 15 33 28 | 09
#0401-d127 @A: 03 30 15 28 | 03
#0402-d127 @A: 22 30 01 15 | 08
#0403-d127 @A: 30 15 21 27 | 12
#0404-d127 @A: 15 30 06 34 | 02
#0405-d127 @A: 15 12 20 30 | 11
#0406-d127 @A: 24 15 25 30 | 10
#0407-d127 @A: 15 30 07 17 | 01
#0408-d127 @A: 30 26 15 19 | 06
#0409-d127 @A: 23 30 15 02 | 05
#0410-d127 @A: 15 30 18 04 | 07
#0411-d127 @A: 13 30 14 15 | 04
#0412-d127 @A: 01 29 30 24 | 09
#0413-d127 @A: 10 21 30 29 | 03
#0414-d127 @A: 29 30 27 06 | 08
#0415-d127 @A: 20 30 29 32 | 12
#0416-d127 @A: 08 29 30 12 | 02
#0417-d127 @A: 30 26 29 25 | 11
#0418-d127 @A: 29 17 30 22 | 10
#0419-d127 @A: 18 19 30 29 | 01
#0420-d127 @A: 34 29 23 30 | 06
#0421-d127 @A: 29 30 13 04 | 05
#0422-d127 @A: 29 03 30 24 | 07
#0423-d127 @A: 07 30 02 29 | 04
#0424-d127 @A: 30 28 01 02 | 09
#0425-d127 @A: 28 21 30 08 | 03
#0426-d127 @A: 06 30 09 28 | 08
#0427-d127 @A: 28 19 30 20 | 12
#0428-d127 @A: 11 30 12 28 | 02
#0429-d127 @A: 30 25 28 17 | 11
#0430-d127 @A: 30 27 28 23 | 10
#0431-d127 @A: 28 30 04 10 | 01
#0432-d127 @A: 30 18 26 28 | 06
#0433-d127 @A: 28 24 30 14 | 05
#0434-d127 @A: 30 28 34 07 | 07
#0435-d127 @A: 01 21 26 30 | 04
#0436-d127 @A: 18 06 01 30 | 09
#0437-d127 @A: 14 30 01 20 | 03
#0438-d127 @A: 12 01 30 32 | 08
#0439-d127 @A: 01 09 25 30 | 12
#0440-d127 @A: 17 01 10 30 | 02
#0441-d127 @A: 30 01 03 17 | 11
#0442-d127 @A: 30 01 08 19 | 10
#0443-d127 @A: 01 23 30 13 | 01
#0444-d127 @A: 30 07 01 04 | 06
#0445-d127 @A: 30 32 06 21 | 05
#0446-d127 @A: 33 20 21 30 | 07
#0447-d127 @A: 30 21 25 11 | 04
#0448-d127 @A: 07 30 21 19 | 09
#0449-d127 @A: 18 21 23 30 | 03
#0450-d127 @A: 04 21 14 30 | 08
#0451-d127 @A: 30 24 21 02 | 12
#0452-d127 @A: 09 21 34 30 | 02
#0453-d127 @A: 30 26 06 20 | 11
#0454-d127 @A: 30 25 06 14 | 10
#0455-d127 @A: 17 06 08 30 | 01
#0456-d127 @A: 11 06 30 19 | 06
#0457-d127 @A: 23 06 10 30 | 05
#0458-d127 @A: 22 06 30 04 | 07
#0459-d127 @A: 03 06 18 30 | 04
#0460-d127 @A: 06 13 30 24 | 09
#0461-d127 @A: 30 20 02 25 | 03
#0462-d127 @A: 24 30 17 20 | 08
#0463-d127 @A: 20 22 23 30 | 12
#0464-d127 @A: 04 27 30 20 | 02
#0465-d127 @A: 09 20 18 30 | 11
#0466-d127 @A: 13 07 20 30 | 10
#0467-d127 @A: 30 03 20 33 | 01
#0468-d127 @A: 25 30 12 33 | 06
#0469-d127 @A: 02 30 12 17 | 05
#0470-d127 @A: 22 30 19 12 | 07
#0471-d127 @A: 24 30 23 12 | 04
#0472-d127 @A: 12 26 30 04 | 09
#0473-d127 @A: 14 30 12 18 | 03
#0474-d127 @A: 03 13 30 12 | 08
#0475-d127 @A: 34 12 30 27 | 12
#0476-d127 @A: 07 10 12 30 | 02
#0477-d127 @A: 19 25 32 30 | 11
#0478-d127 @A: 25 23 07 30 | 10
#0479-d127 @A: 30 25 34 04 | 01
#0480-d127 @A: 25 04 30 03 | 06
#0481-d127 @A: 25 22 30 18 | 05
#0482-d127 @A: 10 13 30 25 | 07
#0483-d127 @A: 19 30 14 17 | 04
#0484-d127 @A: 30 32 23 17 | 09
#0485-d127 @A: 33 30 04 17 | 03
#0486-d127 @A: 30 13 17 34 | 08
#0487-d127 @A: 30 17 27 09 | 12
#0488-d127 @A: 30 09 23 19 | 02
#0489-d127 @A: 19 30 04 24 | 11
#0490-d127 @A: 02 30 19 10 | 10
#0491-d127 @A: 30 03 19 09 | 01
#0492-d127 @A: 23 04 03 30 | 06
#0493-d127 @A: 23 11 30 33 | 05
#0494-d127 @A: 04 11 30 08 | 07
#0495-d127 @A: 30 08 24 18 | 04
#0496-d127 @A: 11 18 10 30 | 09
#0497-d127 @A: 34 18 30 32 | 03
#0498-d127 @A: 18 30 13 27 | 08
#0499-d127 @A: 33 18 07 30 | 12
#0500-d127 @A: 34 24 11 30 | 02
#0501-d127 @A: 24 30 10 32 | 11
#0502-d127 @A: 30 33 24 27 | 10
#0503-d127 @A: 30 24 09 26 | 01
#0504-d127 @A: 30 07 24 22 | 06
#0505-d127 @A: 30 13 11 09 | 05
#0506-d127 @A: 27 26 30 11 | 07
#0507-d127 @A: 11 22 30 02 | 04
#0508-d127 @A: 14 07 30 11 | 09
#0509-d127 @A: 30 02 13 32 | 03
#0510-d127 @A: 32 30 07 27 | 08
#0511-d127 @A: 26 32 30 14 | 12
#0512-d127 @A: 30 26 03 32 | 02
#0513-d127 @A: 32 22 09 30 | 11
#0514-d127 @A: 32 08 33 30 | 10
#0515-d127 @A: 30 26 13 33 | 01
#0516-d127 @A: 13 30 22 08 | 06
#0517-d127 @A: 27 10 22 30 | 05
#0518-d127 @A: 30 08 27 02 | 07
#0519-d127 @A: 34 30 27 03 | 04
#0520-d127 @A: 26 30 08 10 | 09
#0521-d127 @A: 26 02 34 30 | 03
#0522-d127 @A: 22 14 33 30 | 08
#0523-d127 @A: 30 07 03 22 | 12
#0524-d127 @A: 09 14 10 30 | 02
#0525-d127 @A: 03 10 14 30 | 11
#0526-d127 @A: 10 33 34 30 | 10
#0527-d127 @A: 30 14 34 08 | 01
#0528-d127 @A: 09 30 08 07 | 06
#0529-d127 @A: 09 30 33 02 | 05
#0530-d127 @A: 27 05 35 15 | 07
#0531-d127 @A: 05 29 35 11 | 04
#0532-d127 @A: 21 35 05 28 | 09
#0533-d127 @A: 05 01 35 08 | 03
#0534-d127 @A: 06 05 35 18 | 08
#0535-d127 @A: 09 20 05 35 | 12
#0536-d127 @A: 13 05 12 35 | 02
#0537-d127 @A: 35 17 05 32 | 11
#0538-d127 @A: 03 35 05 17 | 10
#0539-d127 @A: 35 07 05 19 | 01
#0540-d127 @A: 23 10 35 05 | 06
#0541-d127 @A: 35 04 26 05 | 05
#0542-d127 @A: 24 35 22 05 | 07
#0543-d127 @A: 33 35 05 34 | 04
#0544-d127 @A: 29 32 35 15 | 09
#0545-d127 @A: 35 15 09 28 | 03
#0546-d127 @A: 35 07 01 15 | 08
#0547-d127 @A: 21 02 15 35 | 12
#0548-d127 @A: 15 35 10 06 | 02
#0549-d127 @A: 24 20 35 15 | 11
#0550-d127 @A: 25 15 26 35 | 10
#0551-d127 @A: 17 35 15 11 | 01
#0552-d127 @A: 14 35 15 19 | 06
#0553-d127 @A: 23 15 35 22 | 05
#0554-d127 @A: 04 35 15 34 | 07
#0555-d127 @A: 18 33 15 35 | 04
#0556-d127 @A: 15 13 35 03 | 09
#0557-d127 @A: 35 28 29 01 | 03
#0558-d127 @A: 29 35 27 21 | 08
#0559-d127 @A: 06 35 07 29 | 12
#0560-d127 @A: 35 02 29 20 | 02
#0561-d127 @A: 29 22 12 35 | 11
#0562-d127 @A: 13 35 29 25 | 10
#0563-d127 @A: 29 26 35 17 | 01
#0564-d127 @A: 19 35 29 24 | 06
#0565-d127 @A: 35 29 19 03 | 05
#0566-d127 @A: 23 29 35 18 | 07
#0567-d127 @A: 35 04 29 09 | 04
#0568-d127 @A: 29 35 08 34 | 09
#0569-d127 @A: 06 28 13 35 | 03
#0570-d127 @A: 06 03 35 28 | 08
#0571-d127 @A: 35 28 08 20 | 12
#0572-d127 @A: 28 35 12 32 | 02
#0573-d127 @A: 28 35 25 33 | 11
#0574-d127 @A: 28 02 35 17 | 10
#0575-d127 @A: 35 28 34 23 | 01
#0576-d127 @A: 04 28 14 35 | 06
#0577-d127 @A: 27 18 28 35 | 05
#0578-d127 @A: 24 35 28 07 | 07
#0579-d127 @A: 10 28 35 26 | 04
#0580-d127 @A: 01 18 35 21 | 09
#0581-d127 @A: 35 06 01 12 | 03
#0582-d127 @A: 27 35 20 01 | 08
#0583-d127 @A: 35 25 01 10 | 12
#0584-d127 @A: 17 01 13 35 | 02
#0585-d127 @A: 11 35 01 19 | 11
#0586-d127 @A: 14 01 35 23 | 10
#0587-d127 @A: 04 22 01 35 | 01
#0588-d127 @A: 35 24 09 01 | 06
#0589-d127 @A: 26 33 01 35 | 05
#0590-d127 @A: 35 01 03 09 | 07
#0591-d127 @A: 21 35 06 26 | 04
#0592-d127 @A: 34 35 21 20 | 09
#0593-d127 @A: 35 21 08 12 | 03
#0594-d127 @A: 21 35 25 32 | 08
#0595-d127 @A: 35 22 19 21 | 12
#0596-d127 @A: 23 21 13 35 | 02
#0597-d127 @A: 04 21 35 11 | 11
#0598-d127 @A: 21 10 33 35 | 10
#0599-d127 @A: 35 14 21 09 | 01
#0600-d127 @A: 20 22 06 35 | 06
#0601-d127 @A: 06 35 09 25 | 05
#0602-d127 @A: 06 14 17 35 | 07
#0603-d127 @A: 06 32 19 35 | 04
#0604-d127 @A: 35 06 24 23 | 09
#0605-d127 @A: 06 04 35 08 | 03
#0606-d127 @A: 27 06 35 33 | 08
#0607-d127 @A: 11 35 20 12 | 12
#0608-d127 @A: 35 20 14 25 | 02
#0609-d127 @A: 17 07 35 20 | 11
#0610-d127 @A: 19 35 20 18 | 10
#0611-d127 @A: 20 35 26 23 | 01
#0612-d127 @A: 20 04 33 35 | 06
#0613-d127 @A: 03 20 32 35 | 05
#0614-d127 @A: 25 17 35 12 | 07
#0615-d127 @A: 12 02 19 35 | 04
#0616-d127 @A: 07 35 12 23 | 09
#0617-d127 @A: 18 04 35 12 | 03
#0618-d127 @A: 35 03 12 18 | 08
#0619-d127 @A: 35 24 27 12 | 12
#0620-d127 @A: 12 34 35 26 | 02
#0621-d127 @A: 12 14 35 10 | 11
#0622-d127 @A: 27 35 25 19 | 10
#0623-d127 @A: 23 11 25 35 | 01
#0624-d127 @A: 02 35 25 04 | 06
#0625-d127 @A: 08 25 24 35 | 05
#0626-d127 @A: 35 22 25 07 | 07
#0627-d127 @A: 08 25 03 35 | 04
#0628-d127 @A: 17 19 35 34 | 09
#0629-d127 @A: 23 17 35 27 | 03
#0630-d127 @A: 04 24 35 17 | 08
#0631-d127 @A: 17 18 35 08 | 12
#0632-d127 @A: 09 35 10 17 | 02
#0633-d127 @A: 23 33 19 35 | 11
#0634-d127 @A: 04 19 35 10 | 10
#0635-d127 @A: 35 19 26 08 | 01
#0636-d127 @A: 23 35 32 02 | 06
#0637-d127 @A: 23 35 07 03 | 05
#0638-d127 @A: 11 03 04 35 | 07
#0639-d127 @A: 13 04 32 35 | 04
#0640-d127 @A: 02 18 24 35 | 09
#0641-d127 @A: 35 34 11 18 | 03
#0642-d127 @A: 32 18 10 35 | 08
#0643-d127 @A: 13 14 18 35 | 12
#0644-d127 @A: 22 35 18 26 | 02
#0645-d127 @A: 35 07 09 18 | 11
#0646-d127 @A: 24 11 10 35 | 10
#0647-d127 @A: 24 35 32 34 | 01
#0648-d127 @A: 32 03 35 24 | 06
#0649-d127 @A: 13 24 35 26 | 05
#0650-d127 @A: 35 33 14 24 | 07
#0651-d127 @A: 11 35 13 02 | 04
#0652-d127 @A: 27 11 07 35 | 09
#0653-d127 @A: 26 11 14 35 | 03
#0654-d127 @A: 11 09 35 22 | 08
#0655-d127 @A: 33 35 08 11 | 12
#0656-d127 @A: 35 26 32 27 | 02
#0657-d127 @A: 08 35 22 32 | 11
#0658-d127 @A: 14 35 07 32 | 10
#0659-d127 @A: 33 35 09 32 | 01
#0660-d127 @A: 35 13 22 27 | 06
#0661-d127 @A: 13 34 35 10 | 05
#0662-d127 @A: 13 35 09 08 | 07
#0663-d127 @A: 07 13 35 33 | 04
#0664-d127 @A: 35 10 02 27 | 09
#0665-d127 @A: 09 27 35 34 | 03
#0666-d127 @A: 35 26 34 03 | 08
#0667-d127 @A: 35 09 26 02 | 12
#0668-d127 @A: 22 35 14 34 | 02
#0669-d127 @A: 02 22 33 35 | 11
#0670-d127 @A: 03 33 22 35 | 10
#0671-d127 @A: 07 08 35 10 | 01
#0672-d127 @A: 02 08 14 35 | 06
#0673-d127 @A: 14 03 35 02 | 05
#0674-d127 @A: 07 34 35 02 | 07
#0675-d127 @A: 15 05 29 07 | 04
#0676-d127 @A: 28 05 15 10 | 09
#0677-d127 @A: 05 01 15 13 | 03
#0678-d127 @A: 11 05 21 15 | 08
#0679-d127 @A: 32 15 05 06 | 12
#0680-d127 @A: 05 20 17 15 | 02
#0681-d127 @A: 15 20 03 05 | 11
#0682-d127 @A: 12 15 05 08 | 10
#0683-d127 @A: 05 25 02 15 | 01
#0684-d127 @A: 18 19 15 05 | 06
#0685-d127 @A: 05 24 15 23 | 05
#0686-d127 @A: 33 04 15 05 | 07
#0687-d127 @A: 15 22 14 05 | 04
#0688-d127 @A: 29 05 26 28 | 09
#0689-d127 @A: 29 05 01 25 | 03
#0690-d127 @A: 21 29 24 05 | 08
#0691-d127 @A: 09 29 06 05 | 12
#0692-d127 @A: 05 13 20 29 | 02
#0693-d127 @A: 05 32 12 29 | 11
#0694-d127 @A: 08 19 05 29 | 10
#0695-d127 @A: 23 33 05 29 | 01
#0696-d127 @A: 05 29 18 04 | 06
#0697-d127 @A: 26 29 03 05 | 05
#0698-d127 @A: 05 29 22 10 | 07
#0699-d127 @A: 29 34 05 02 | 04
#0700-d127 @A: 32 01 28 05 | 09
#0701-d127 @A: 14 05 06 28 | 03
#0702-d127 @A: 20 05 28 24 | 08
#0703-d127 @A: 05 12 28 17 | 12
#0704-d127 @A: 05 28 25 22 | 02
#0705-d127 @A: 19 05 27 28 | 11
#0706-d127 @A: 09 05 28 23 | 10
#0707-d127 @A: 08 05 28 04 | 01
#0708-d127 @A: 05 11 28 34 | 06
#0709-d127 @A: 32 03 05 28 | 05
#0710-d127 @A: 33 28 07 05 | 07
#0711-d127 @A: 22 21 05 01 | 04
#0712-d127 @A: 26 05 01 06 | 09
#0713-d127 @A: 01 20 18 05 | 03
#0714-d127 @A: 01 10 05 12 | 08
#0715-d127 @A: 01 17 05 33 | 12
#0716-d127 @A: 05 01 19 34 | 02
#0717-d127 @A: 23 02 01 05 | 11
#0718-d127 @A: 04 14 05 01 | 10
#0719-d127 @A: 11 24 01 05 | 01
#0720-d127 @A: 33 01 05 03 | 06
#0721-d127 @A: 34 06 05 21 | 05
#0722-d127 @A: 20 21 14 05 | 07
#0723-d127 @A: 25 33 05 21 | 04
#0724-d127 @A: 21 25 05 03 | 09
#0725-d127 @A: 21 05 02 17 | 03
#0726-d127 @A: 21 19 32 05 | 08
#0727-d127 @A: 23 21 05 04 | 12
#0728-d127 @A: 18 21 27 05 | 02
#0729-d127 @A: 13 08 05 21 | 11
#0730-d127 @A: 07 10 05 21 | 10
#0731-d127 @A: 20 06 10 05 | 01
#0732-d127 @A: 05 12 33 06 | 06
#0733-d127 @A: 06 25 05 08 | 05
#0734-d127 @A: 06 17 05 22 | 07
#0735-d127 @A: 02 05 06 19 | 04
#0736-d127 @A: 05 23 27 06 | 09
#0737-d127 @A: 06 11 05 04 | 03
#0738-d127 @A: 06 03 14 05 | 08
#0739-d127 @A: 05 22 20 12 | 12
#0740-d127 @A: 20 25 05 19 | 02
#0741-d127 @A: 23 20 07 05 | 11
#0742-d127 @A: 05 20 02 04 | 10
#0743-d127 @A: 11 05 20 27 | 01
#0744-d127 @A: 26 20 33 05 | 06
#0745-d127 @A: 25 09 05 12 | 05
#0746-d127 @A: 05 24 12 19 | 07
#0747-d127 @A: 23 12 05 34 | 04
#0748-d127 @A: 05 04 12 27 | 09
#0749-d127 @A: 14 05 11 12 | 03
#0750-d127 @A: 26 02 12 05 | 08
#0751-d127 @A: 13 05 17 25 | 12
#0752-d127 @A: 18 25 05 23 | 02
#0753-d127 @A: 05 25 04 24 | 11
#0754-d127 @A: 05 25 14 27 | 10
#0755-d127 @A: 05 25 10 26 | 01
#0756-d127 @A: 07 25 05 34 | 06
#0757-d127 @A: 05 17 09 19 | 05
#0758-d127 @A: 05 23 17 14 | 07
#0759-d127 @A: 05 04 07 17 | 04
#0760-d127 @A: 18 17 26 05 | 09
#0761-d127 @A: 05 24 17 10 | 03
#0762-d127 @A: 27 17 34 05 | 08
#0763-d127 @A: 05 19 23 26 | 12
#0764-d127 @A: 05 19 04 22 | 02
#0765-d127 @A: 18 05 03 19 | 11
#0766-d127 @A: 10 05 19 11 | 10
#0767-d127 @A: 05 32 13 23 | 01
#0768-d127 @A: 22 23 05 03 | 06
#0769-d127 @A: 05 09 04 13 | 05
#0770-d127 @A: 05 04 13 03 | 07
#0771-d127 @A: 33 24 18 05 | 04
#0772-d127 @A: 11 18 05 09 | 09
#0773-d127 @A: 32 18 05 14 | 03
#0774-d127 @A: 13 18 07 05 | 08
#0775-d127 @A: 34 05 22 18 | 12
#0776-d127 @A: 05 18 10 08 | 02
#0777-d127 @A: 05 24 26 32 | 11
#0778-d127 @A: 13 34 05 24 | 10
#0779-d127 @A: 02 24 27 05 | 01
#0780-d127 @A: 03 22 05 24 | 06
#0781-d127 @A: 24 14 08 05 | 05
#0782-d127 @A: 07 05 24 09 | 07
#0783-d127 @A: 02 32 11 05 | 04
#0784-d127 @A: 05 11 33 13 | 09
#0785-d127 @A: 05 26 07 11 | 03
#0786-d127 @A: 05 22 08 11 | 08
#0787-d127 @A: 33 32 05 27 | 12
#0788-d127 @A: 05 22 32 07 | 02
#0789-d127 @A: 10 34 32 05 | 11
#0790-d127 @A: 05 09 32 08 | 10
#0791-d127 @A: 10 05 27 13 | 01
#0792-d127 @A: 26 05 13 14 | 06
#0793-d127 @A: 05 22 02 13 | 05
#0794-d127 @A: 26 05 27 09 | 07
#0795-d127 @A: 07 08 05 27 | 04
#0796-d127 @A: 27 02 03 05 | 09
#0797-d127 @A: 05 08 34 26 | 03
#0798-d127 @A: 22 33 09 05 | 08
#0799-d127 @A: 05 14 33 10 | 12
#0800-d127 @A: 05 10 03 34 | 02
#0801-d127 @A: 09 10 05 02 | 11
#0802-d127 @A: 09 05 08 03 | 10
#0803-d127 @A: 08 33 02 05 | 01
#0804-d127 @A: 14 34 09 05 | 06
#0805-d127 @A: 07 05 14 02 | 05
#0806-d127 @A: 28 15 24 29 | 07
#0807-d127 @A: 27 01 15 29 | 04
#0808-d127 @A: 03 29 15 01 | 09
#0809-d127 @A: 29 15 21 33 | 03
#0810-d127 @A: 06 15 20 29 | 08
#0811-d127 @A: 29 15 12 10 | 12
#0812-d127 @A: 08 25 15 29 | 02
#0813-d127 @A: 14 29 15 17 | 11
#0814-d127 @A: 23 13 29 15 | 10
#0815-d127 @A: 29 15 02 04 | 01
#0816-d127 @A: 15 18 22 29 | 06
#0817-d127 @A: 29 34 15 09 | 05
#0818-d127 @A: 28 15 01 11 | 07
#0819-d127 @A: 34 28 15 21 | 04
#0820-d127 @A: 22 06 15 28 | 09
#0821-d127 @A: 28 14 20 15 | 03
#0822-d127 @A: 12 15 28 26 | 08
#0823-d127 @A: 28 15 25 27 | 12
#0824-d127 @A: 17 15 28 32 | 02
#0825-d127 @A: 15 19 28 02 | 11
#0826-d127 @A: 15 28 23 18 | 10
#0827-d127 @A: 15 13 04 28 | 01
#0828-d127 @A: 01 08 15 21 | 06
#0829-d127 @A: 01 15 19 06 | 05
#0830-d127 @A: 10 01 20 15 | 07
#0831-d127 @A: 15 12 01 18 | 04
#0832-d127 @A: 01 34 25 15 | 09
#0833-d127 @A: 01 17 26 15 | 03
#0834-d127 @A: 01 09 23 15 | 08
#0835-d127 @A: 32 04 15 01 | 12
#0836-d127 @A: 15 01 24 02 | 02
#0837-d127 @A: 01 33 14 15 | 11
#0838-d127 @A: 15 02 03 01 | 10
#0839-d127 @A: 15 13 21 06 | 01
#0840-d127 @A: 26 20 15 21 | 06
#0841-d127 @A: 21 12 15 07 | 05
#0842-d127 @A: 22 21 25 15 | 07
#0843-d127 @A: 21 15 19 10 | 04
#0844-d127 @A: 23 14 15 21 | 09
#0845-d127 @A: 04 21 15 09 | 03
#0846-d127 @A: 15 21 18 32 | 08
#0847-d127 @A: 24 21 15 03 | 12
#0848-d127 @A: 15 06 12 09 | 02
#0849-d127 @A: 25 15 11 06 | 11
#0850-d127 @A: 17 06 15 33 | 10
#0851-d127 @A: 15 06 23 07 | 01
#0852-d127 @A: 26 06 04 15 | 06
#0853-d127 @A: 02 15 06 18 | 05
#0854-d127 @A: 15 24 08 06 | 07
#0855-d127 @A: 32 03 15 06 | 04
#0856-d127 @A: 20 15 25 07 | 09
#0857-d127 @A: 19 20 15 34 | 03
#0858-d127 @A: 23 20 08 15 | 08
#0859-d127 @A: 20 04 22 15 | 12
#0860-d127 @A: 09 11 15 20 | 02
#0861-d127 @A: 15 20 33 32 | 11
#0862-d127 @A: 13 20 15 02 | 10
#0863-d127 @A: 12 13 25 15 | 01
#0864-d127 @A: 12 27 15 17 | 06
#0865-d127 @A: 33 19 15 12 | 05
#0866-d127 @A: 12 15 11 23 | 07
#0867-d127 @A: 15 24 12 04 | 04
#0868-d127 @A: 12 32 15 14 | 09
#0869-d127 @A: 12 02 15 34 | 03
#0870-d127 @A: 03 12 09 15 | 08
#0871-d127 @A: 25 15 10 17 | 12
#0872-d127 @A: 19 15 25 09 | 02
#0873-d127 @A: 19 25 15 03 | 11
#0874-d127 @A: 15 25 32 23 | 10
#0875-d127 @A: 25 04 15 14 | 01
#0876-d127 @A: 17 19 22 15 | 06
#0877-d127 @A: 17 15 23 34 | 05
#0878-d127 @A: 17 04 08 15 | 07
#0879-d127 @A: 18 13 15 17 | 04
#0880-d127 @A: 09 24 15 17 | 09
#0881-d127 @A: 22 15 17 03 | 03
#0882-d127 @A: 19 15 04 23 | 08
#0883-d127 @A: 19 11 13 15 | 12
#0884-d127 @A: 19 15 32 08 | 02
#0885-d127 @A: 19 15 07 27 | 11
#0886-d127 @A: 27 26 15 23 | 10
#0887-d127 @A: 27 04 10 15 | 01
#0888-d127 @A: 27 03 15 04 | 06
#0889-d127 @A: 27 24 18 15 | 05
#0890-d127 @A: 11 18 15 26 | 07
#0891-d127 @A: 34 15 18 10 | 04
#0892-d127 @A: 18 03 15 10 | 09
#0893-d127 @A: 09 15 08 18 | 03
#0894-d127 @A: 15 07 14 18 | 08
#0895-d127 @A: 24 11 33 15 | 12
#0896-d127 @A: 32 15 24 22 | 02
#0897-d127 @A: 10 15 13 24 | 11
#0898-d127 @A: 15 24 26 14 | 10
#0899-d127 @A: 34 07 15 24 | 01
#0900-d127 @A: 07 11 32 15 | 06
#0901-d127 @A: 11 15 08 27 | 05
#0902-d127 @A: 22 10 15 11 | 07
#0903-d127 @A: 15 14 11 02 | 04
#0904-d127 @A: 11 03 07 15 | 09
#0905-d127 @A: 32 15 27 13 | 03
#0906-d127 @A: 15 34 32 26 | 08
#0907-d127 @A: 10 32 02 15 | 12
#0908-d127 @A: 09 13 26 15 | 02
#0909-d127 @A: 13 15 07 08 | 11
#0910-d127 @A: 13 33 34 15 | 10
#0911-d127 @A: 15 27 22 09 | 01
#0912-d127 @A: 27 15 34 14 | 06
#0913-d127 @A: 33 02 27 15 | 05
#0914-d127 @A: 02 22 15 26 | 07
#0915-d127 @A: 15 10 07 26 | 04
#0916-d127 @A: 15 26 08 33 | 09
#0917-d127 @A: 03 14 26 15 | 03
#0918-d127 @A: 15 22 08 34 | 08
#0919-d127 @A: 15 07 22 33 | 12
#0920-d127 @A: 14 10 15 08 | 02
#0921-d127 @A: 09 10 33 15 | 11
#0922-d127 @A: 08 34 03 15 | 10
#0923-d127 @A: 07 02 09 15 | 01
#0924-d127 @A: 02 28 29 21 | 06
#0925-d127 @A: 29 28 08 06 | 05
#0926-d127 @A: 28 20 29 09 | 07
#0927-d127 @A: 28 29 27 12 | 04
#0928-d127 @A: 25 14 28 29 | 09
#0929-d127 @A: 28 17 33 29 | 03
#0930-d127 @A: 29 22 19 28 | 08
#0931-d127 @A: 29 23 28 10 | 12
#0932-d127 @A: 29 04 28 11 | 02
#0933-d127 @A: 18 13 29 28 | 11
#0934-d127 @A: 28 07 29 32 | 10
#0935-d127 @A: 14 03 29 28 | 01
#0936-d127 @A: 34 21 29 01 | 06
#0937-d127 @A: 10 29 01 06 | 05
#0938-d127 @A: 12 14 01 29 | 07
#0939-d127 @A: 18 01 17 29 | 04
#0940-d127 @A: 29 19 01 07 | 09
#0941-d127 @A: 23 29 11 01 | 03
#0942-d127 @A: 01 04 08 29 | 08
#0943-d127 @A: 29 32 22 01 | 12
#0944-d127 @A: 33 13 01 29 | 02
#0945-d127 @A: 09 02 29 01 | 11
#0946-d127 @A: 21 22 29 06 | 10
#0947-d127 @A: 20 08 29 21 | 01
#0948-d127 @A: 26 21 29 12 | 06
#0949-d127 @A: 29 12 21 03 | 05
#0950-d127 @A: 25 09 29 21 | 07
#0951-d127 @A: 21 13 29 17 | 04
#0952-d127 @A: 19 21 29 11 | 09
#0953-d127 @A: 07 29 23 21 | 03
#0954-d127 @A: 29 04 32 21 | 08
#0955-d127 @A: 13 06 12 29 | 12
#0956-d127 @A: 06 25 24 29 | 02
#0957-d127 @A: 06 29 34 17 | 11
#0958-d127 @A: 29 06 23 04 | 10
#0959-d127 @A: 06 02 11 29 | 01
#0960-d127 @A: 29 32 33 06 | 06
#0961-d127 @A: 06 13 03 29 | 05
#0962-d127 @A: 06 14 26 29 | 07
#0963-d127 @A: 20 29 12 33 | 04
#0964-d127 @A: 10 25 20 29 | 09
#0965-d127 @A: 20 29 17 27 | 03
#0966-d127 @A: 20 29 26 19 | 08
#0967-d127 @A: 23 14 20 29 | 12
#0968-d127 @A: 24 29 04 20 | 02
#0969-d127 @A: 29 11 20 18 | 11
#0970-d127 @A: 29 07 20 22 | 10
#0971-d127 @A: 18 29 12 25 | 01
#0972-d127 @A: 24 12 17 29 | 06
#0973-d127 @A: 19 12 29 09 | 05
#0974-d127 @A: 29 23 12 02 | 07
#0975-d127 @A: 04 12 34 29 | 04
#0976-d127 @A: 11 17 25 29 | 09
#0977-d127 @A: 02 19 25 29 | 03
#0978-d127 @A: 25 29 23 22 | 08
#0979-d127 @A: 25 07 29 04 | 12
#0980-d127 @A: 34 25 32 29 | 02
#0981-d127 @A: 03 25 29 07 | 11
#0982-d127 @A: 17 19 29 32 | 10
#0983-d127 @A: 29 23 17 08 | 01
#0984-d127 @A: 29 17 04 10 | 06
#0985-d127 @A: 29 17 04 03 | 05
#0986-d127 @A: 09 17 29 07 | 07
#0987-d127 @A: 19 23 27 29 | 04
#0988-d127 @A: 14 04 29 19 | 09
#0989-d127 @A: 29 34 19 13 | 03
#0990-d127 @A: 29 19 33 10 | 08
#0991-d127 @A: 23 24 26 29 | 12
#0992-d127 @A: 03 29 23 08 | 02
#0993-d127 @A: 26 29 27 04 | 11
#0994-d127 @A: 29 24 18 34 | 10
#0995-d127 @A: 27 18 29 32 | 01
#0996-d127 @A: 29 26 18 07 | 06
#0997-d127 @A: 18 14 29 10 | 05
#0998-d127 @A: 29 18 02 08 | 07
#0999-d127 @A: 18 33 09 29 | 04
#1000-d127 @A: 24 11 09 29 | 09
#1001-d127 @A: 29 32 13 24 | 03
#1002-d127 @A: 14 29 24 27 | 08
#1003-d127 @A: 08 24 29 22 | 12
#1004-d127 @A: 29 10 24 02 | 02
#1005-d127 @A: 07 24 29 33 | 11
#1006-d127 @A: 32 29 14 11 | 10
#1007-d127 @A: 29 07 11 13 | 01
#1008-d127 @A: 27 29 11 34 | 06
#1009-d127 @A: 11 26 33 29 | 05
#1010-d127 @A: 10 29 11 08 | 07
#1011-d127 @A: 29 03 11 10 | 04
#1012-d127 @A: 03 32 27 29 | 09
#1013-d127 @A: 26 32 29 02 | 03
#1014-d127 @A: 29 10 32 09 | 08
#1015-d127 @A: 27 13 29 09 | 12
#1016-d127 @A: 08 26 29 13 | 02
#1017-d127 @A: 14 13 29 22 | 11
#1018-d127 @A: 22 27 29 02 | 10
#1019-d127 @A: 29 27 07 10 | 01
#1020-d127 @A: 33 08 27 29 | 06
#1021-d127 @A: 26 22 29 09 | 05
#1022-d127 @A: 29 34 10 26 | 07
#1023-d127 @A: 34 22 33 29 | 04
#1024-d127 @A: 22 29 03 02 | 09
#1025-d127 @A: 08 09 14 29 | 03
#1026-d127 @A: 34 29 14 07 | 08
#1027-d127 @A: 29 02 14 33 | 12
#1028-d127 @A: 09 03 33 29 | 02
#1029-d127 @A: 10 01 28 21 | 11
#1030-d127 @A: 28 27 06 01 | 10
#1031-d127 @A: 22 01 20 28 | 01
#1032-d127 @A: 08 01 28 12 | 06
#1033-d127 @A: 25 01 18 28 | 05
#1034-d127 @A: 14 17 01 28 | 07
#1035-d127 @A: 09 28 01 19 | 04
#1036-d127 @A: 23 07 28 01 | 09
#1037-d127 @A: 28 04 33 01 | 03
#1038-d127 @A: 03 18 01 28 | 08
#1039-d127 @A: 01 13 24 28 | 12
#1040-d127 @A: 21 06 11 28 | 02
#1041-d127 @A: 28 20 27 21 | 11
#1042-d127 @A: 12 25 28 21 | 10
#1043-d127 @A: 28 21 22 17 | 01
#1044-d127 @A: 19 13 28 21 | 06
#1045-d127 @A: 21 24 23 28 | 05
#1046-d127 @A: 21 28 04 07 | 07
#1047-d127 @A: 21 28 26 32 | 04
#1048-d127 @A: 14 33 21 28 | 09
#1049-d127 @A: 28 21 03 34 | 03
#1050-d127 @A: 32 20 06 28 | 08
#1051-d127 @A: 12 06 07 28 | 12
#1052-d127 @A: 06 25 34 28 | 02
#1053-d127 @A: 06 10 28 17 | 11
#1054-d127 @A: 28 19 06 18 | 10
#1055-d127 @A: 28 23 06 33 | 01
#1056-d127 @A: 24 06 28 04 | 06
#1057-d127 @A: 02 20 28 12 | 05
#1058-d127 @A: 20 25 11 28 | 07
#1059-d127 @A: 20 34 28 17 | 04
#1060-d127 @A: 13 28 20 23 | 09
#1061-d127 @A: 28 20 04 26 | 03
#1062-d127 @A: 18 20 28 33 | 08
#1063-d127 @A: 12 28 14 19 | 12
#1064-d127 @A: 23 12 28 04 | 02
#1065-d127 @A: 03 23 12 28 | 11
#1066-d127 @A: 12 28 34 18 | 10
#1067-d127 @A: 10 28 24 12 | 01
#1068-d127 @A: 22 12 09 28 | 06
#1069-d127 @A: 19 25 07 28 | 05
#1070-d127 @A: 25 28 02 23 | 07
#1071-d127 @A: 28 09 04 25 | 04
#1072-d127 @A: 25 28 32 10 | 09
#1073-d127 @A: 13 28 25 26 | 03
#1074-d127 @A: 33 03 25 28 | 08
#1075-d127 @A: 19 08 17 28 | 12
#1076-d127 @A: 23 17 26 28 | 02
#1077-d127 @A: 28 04 18 17 | 11
#1078-d127 @A: 11 28 17 07 | 10
#1079-d127 @A: 27 28 17 13 | 01
#1080-d127 @A: 28 03 17 10 | 06
#1081-d127 @A: 23 19 28 32 | 05
#1082-d127 @A: 34 04 19 28 | 07
#1083-d127 @A: 33 28 24 19 | 04
#1084-d127 @A: 03 24 28 19 | 09
#1085-d127 @A: 19 28 11 26 | 03
#1086-d127 @A: 23 22 08 28 | 08
#1087-d127 @A: 04 28 22 02 | 12
#1088-d127 @A: 28 03 04 33 | 02
#1089-d127 @A: 18 22 28 24 | 11
#1090-d127 @A: 14 28 18 11 | 10
#1091-d127 @A: 28 32 08 18 | 01
#1092-d127 @A: 09 18 10 28 | 06
#1093-d127 @A: 07 28 18 02 | 05
#1094-d127 @A: 11 24 02 28 | 07
#1095-d127 @A: 28 27 32 24 | 04
#1096-d127 @A: 24 08 26 28 | 09
#1097-d127 @A: 09 24 34 28 | 03
#1098-d127 @A: 28 32 11 09 | 08
#1099-d127 @A: 11 08 28 13 | 12
#1100-d127 @A: 11 27 10 28 | 02
#1101-d127 @A: 28 22 33 11 | 11
#1102-d127 @A: 03 11 28 08 | 10
#1103-d127 @A: 13 28 22 32 | 01
#1104-d127 @A: 14 34 32 28 | 06
#1105-d127 @A: 02 28 32 33 | 05
#1106-d127 @A: 07 13 28 10 | 07
#1107-d127 @A: 28 02 13 34 | 04
#1108-d127 @A: 09 33 28 13 | 09
#1109-d127 @A: 27 02 28 26 | 03
#1110-d127 @A: 28 07 27 22 | 08
#1111-d127 @A: 34 28 27 08 | 12
#1112-d127 @A: 28 27 14 09 | 02
#1113-d127 @A: 27 07 28 03 | 11
#1114-d127 @A: 14 28 26 22 | 10
#1115-d127 @A: 34 33 28 26 | 01
#1116-d127 @A: 09 07 26 28 | 06
#1117-d127 @A: 03 28 02 26 | 05
#1118-d127 @A: 10 28 34 22 | 07
#1119-d127 @A: 22 09 03 28 | 04
#1120-d127 @A: 10 08 33 28 | 09
#1121-d127 @A: 10 14 02 28 | 03
#1122-d127 @A: 14 08 28 07 | 08
#1123-d127 @A: 28 09 02 08 | 12
#1124-d127 @A: 01 25 21 06 | 02
#1125-d127 @A: 21 02 20 01 | 11
#1126-d127 @A: 21 01 33 12 | 10
#1127-d127 @A: 11 21 17 01 | 01
#1128-d127 @A: 14 21 19 01 | 06
#1129-d127 @A: 21 23 32 01 | 05
#1130-d127 @A: 21 01 04 24 | 07
#1131-d127 @A: 01 03 14 21 | 04
#1132-d127 @A: 09 07 01 21 | 09
#1133-d127 @A: 01 20 34 06 | 03
#1134-d127 @A: 01 06 07 17 | 08
#1135-d127 @A: 23 22 01 06 | 12
#1136-d127 @A: 01 04 02 06 | 02
#1137-d127 @A: 01 11 06 13 | 11
#1138-d127 @A: 06 09 32 01 | 10
#1139-d127 @A: 01 06 08 33 | 01
#1140-d127 @A: 34 03 01 06 | 06
#1141-d127 @A: 20 01 12 09 | 05
#1142-d127 @A: 20 01 25 24 | 07
#1143-d127 @A: 17 01 20 08 | 04
#1144-d127 @A: 03 20 01 19 | 09
#1145-d127 @A: 33 01 20 23 | 03
#1146-d127 @A: 20 04 01 13 | 08
#1147-d127 @A: 20 11 07 01 | 12
#1148-d127 @A: 01 32 20 26 | 02
#1149-d127 @A: 12 01 22 25 | 11
#1150-d127 @A: 01 17 12 34 | 10
#1151-d127 @A: 01 19 12 13 | 01
#1152-d127 @A: 01 12 26 23 | 06
#1153-d127 @A: 04 01 12 11 | 05
#1154-d127 @A: 01 27 03 12 | 07
#1155-d127 @A: 01 07 12 02 | 04
#1156-d127 @A: 01 27 25 17 | 09
#1157-d127 @A: 01 19 33 25 | 03
#1158-d127 @A: 08 25 23 01 | 08
#1159-d127 @A: 01 03 25 23 | 12
#1160-d127 @A: 25 26 01 04 | 02
#1161-d127 @A: 01 32 14 25 | 11
#1162-d127 @A: 13 01 25 07 | 10
#1163-d127 @A: 01 02 17 19 | 01
#1164-d127 @A: 01 17 23 24 | 06
#1165-d127 @A: 01 17 04 09 | 05
#1166-d127 @A: 19 18 23 01 | 07
#1167-d127 @A: 19 04 27 01 | 04
#1168-d127 @A: 32 24 19 01 | 09
#1169-d127 @A: 26 19 22 01 | 03
#1170-d127 @A: 01 10 27 23 | 08
#1171-d127 @A: 01 34 04 10 | 12
#1172-d127 @A: 03 01 04 08 | 02
#1173-d127 @A: 07 01 24 18 | 11
#1174-d127 @A: 01 02 11 18 | 10
#1175-d127 @A: 18 32 33 01 | 01
#1176-d127 @A: 08 18 13 01 | 06
#1177-d127 @A: 34 27 01 18 | 05
#1178-d127 @A: 18 14 01 26 | 07
#1179-d127 @A: 01 09 22 18 | 04
#1180-d127 @A: 24 11 03 01 | 09
#1181-d127 @A: 24 01 08 27 | 03
#1182-d127 @A: 01 10 24 26 | 08
#1183-d127 @A: 24 22 33 01 | 12
#1184-d127 @A: 01 14 24 34 | 02
#1185-d127 @A: 11 10 01 32 | 11
#1186-d127 @A: 11 22 27 01 | 10
#1187-d127 @A: 11 26 08 01 | 01
#1188-d127 @A: 11 01 14 09 | 06
#1189-d127 @A: 33 11 01 34 | 05
#1190-d127 @A: 01 13 32 34 | 07
#1191-d127 @A: 01 32 13 03 | 04
#1192-d127 @A: 01 32 02 27 | 09
#1193-d127 @A: 07 08 01 32 | 03
#1194-d127 @A: 01 13 14 27 | 08
#1195-d127 @A: 01 02 13 26 | 12
#1196-d127 @A: 01 10 13 09 | 02
#1197-d127 @A: 26 27 07 01 | 11
#1198-d127 @A: 33 27 09 01 | 10
#1199-d127 @A: 26 01 09 34 | 01
#1200-d127 @A: 10 08 01 22 | 06
#1201-d127 @A: 22 02 14 01 | 05
#1202-d127 @A: 07 01 34 22 | 07
#1203-d127 @A: 07 01 14 10 | 04
#1204-d127 @A: 33 10 01 02 | 09
#1205-d127 @A: 10 07 01 03 | 03
#1206-d127 @A: 08 02 34 01 | 08
#1207-d127 @A: 06 20 21 07 | 12
#1208-d127 @A: 21 06 14 12 | 02
#1209-d127 @A: 21 06 27 19 | 11
#1210-d127 @A: 23 21 06 02 | 10
#1211-d127 @A: 03 06 23 21 | 01
#1212-d127 @A: 21 04 10 06 | 06
#1213-d127 @A: 18 09 06 21 | 05
#1214-d127 @A: 24 06 21 33 | 07
#1215-d127 @A: 20 12 21 10 | 04
#1216-d127 @A: 21 20 13 25 | 09
#1217-d127 @A: 17 21 32 20 | 03
#1218-d127 @A: 17 03 20 21 | 08
#1219-d127 @A: 21 20 24 19 | 12
#1220-d127 @A: 21 23 20 09 | 02
#1221-d127 @A: 20 04 21 18 | 11
#1222-d127 @A: 17 21 09 12 | 10
#1223-d127 @A: 21 19 18 12 | 01
#1224-d127 @A: 22 21 23 12 | 06
#1225-d127 @A: 04 21 13 12 | 05
#1226-d127 @A: 32 21 24 12 | 07
#1227-d127 @A: 12 27 21 02 | 04
#1228-d127 @A: 17 08 25 21 | 09
#1229-d127 @A: 25 21 26 23 | 03
#1230-d127 @A: 21 27 04 25 | 08
#1231-d127 @A: 34 18 25 21 | 12
#1232-d127 @A: 24 25 21 07 | 02
#1233-d127 @A: 25 14 21 10 | 11
#1234-d127 @A: 17 19 33 21 | 10
#1235-d127 @A: 21 23 10 17 | 01
#1236-d127 @A: 04 34 21 17 | 06
#1237-d127 @A: 17 21 18 14 | 05
#1238-d127 @A: 17 21 24 27 | 07
#1239-d127 @A: 07 26 17 21 | 04
#1240-d127 @A: 23 34 19 21 | 09
#1241-d127 @A: 04 19 21 02 | 03
#1242-d127 @A: 26 19 09 21 | 08
#1243-d127 @A: 03 19 21 22 | 12
#1244-d127 @A: 08 11 23 21 | 02
#1245-d127 @A: 08 22 04 21 | 11
#1246-d127 @A: 03 04 02 21 | 10
#1247-d127 @A: 24 21 18 11 | 01
#1248-d127 @A: 13 10 18 21 | 06
#1249-d127 @A: 26 02 18 21 | 05
#1250-d127 @A: 18 03 21 26 | 07
#1251-d127 @A: 21 18 22 33 | 04
#1252-d127 @A: 08 07 21 18 | 09
#1253-d127 @A: 14 13 24 21 | 03
#1254-d127 @A: 24 26 22 21 | 08
#1255-d127 @A: 21 09 10 24 | 12
#1256-d127 @A: 08 24 21 34 | 02
#1257-d127 @A: 11 32 33 21 | 11
#1258-d127 @A: 22 11 13 21 | 10
#1259-d127 @A: 09 27 11 21 | 01
#1260-d127 @A: 03 21 11 27 | 06
#1261-d127 @A: 21 11 10 26 | 05
#1262-d127 @A: 11 34 14 21 | 07
#1263-d127 @A: 11 02 07 21 | 04
#1264-d127 @A: 09 21 32 13 | 09
#1265-d127 @A: 21 14 27 32 | 03
#1266-d127 @A: 10 32 22 21 | 08
#1267-d127 @A: 08 02 21 32 | 12
#1268-d127 @A: 07 21 13 27 | 02
#1269-d127 @A: 13 34 26 21 | 11
#1270-d127 @A: 03 13 21 10 | 10
#1271-d127 @A: 13 33 02 21 | 01
#1272-d127 @A: 27 26 21 33 | 06
#1273-d127 @A: 27 22 21 34 | 05
#1274-d127 @A: 08 21 10 27 | 07
#1275-d127 @A: 26 21 08 14 | 04
#1276-d127 @A: 22 07 14 21 | 09
#1277-d127 @A: 02 22 09 21 | 03
#1278-d127 @A: 02 21 10 34 | 08
#1279-d127 @A: 33 21 08 09 | 12
#1280-d127 @A: 08 09 03 21 | 02
#1281-d127 @A: 07 33 21 34 | 11
#1282-d127 @A: 03 21 07 34 | 10
#1283-d127 @A: 06 20 12 24 | 01
#1284-d127 @A: 25 06 33 20 | 06
#1285-d127 @A: 06 17 02 20 | 05
#1286-d127 @A: 06 20 19 14 | 07
#1287-d127 @A: 06 23 20 11 | 04
#1288-d127 @A: 09 04 06 20 | 09
#1289-d127 @A: 08 20 06 18 | 03
#1290-d127 @A: 20 06 13 27 | 08
#1291-d127 @A: 06 20 03 02 | 12
#1292-d127 @A: 12 02 06 25 | 02
#1293-d127 @A: 12 17 06 26 | 11
#1294-d127 @A: 19 12 34 06 | 10
#1295-d127 @A: 18 23 12 06 | 01
#1296-d127 @A: 06 04 32 12 | 06
#1297-d127 @A: 06 27 11 12 | 05
#1298-d127 @A: 12 03 26 06 | 07
#1299-d127 @A: 08 06 12 10 | 04
#1300-d127 @A: 06 25 17 32 | 09
#1301-d127 @A: 26 25 19 06 | 03
#1302-d127 @A: 25 06 13 23 | 08
#1303-d127 @A: 04 18 06 25 | 12
#1304-d127 @A: 27 22 25 06 | 02
#1305-d127 @A: 06 03 25 22 | 11
#1306-d127 @A: 13 06 17 19 | 10
#1307-d127 @A: 06 17 03 19 | 01
#1308-d127 @A: 23 17 09 06 | 06
#1309-d127 @A: 06 04 17 27 | 05
#1310-d127 @A: 24 17 06 11 | 07
#1311-d127 @A: 23 06 08 19 | 04
#1312-d127 @A: 04 33 19 06 | 09
#1313-d127 @A: 19 22 24 06 | 03
#1314-d127 @A: 09 19 06 10 | 08
#1315-d127 @A: 34 06 23 14 | 12
#1316-d127 @A: 07 04 06 14 | 02
#1317-d127 @A: 14 24 18 06 | 11
#1318-d127 @A: 11 18 06 22 | 10
#1319-d127 @A: 18 06 32 13 | 01
#1320-d127 @A: 27 18 07 06 | 06
#1321-d127 @A: 10 26 18 06 | 05
#1322-d127 @A: 34 06 33 18 | 07
#1323-d127 @A: 24 32 06 07 | 04
#1324-d127 @A: 06 26 24 27 | 09
#1325-d127 @A: 06 34 24 10 | 03
#1326-d127 @A: 06 03 08 24 | 08
#1327-d127 @A: 24 09 02 06 | 12
#1328-d127 @A: 32 06 11 26 | 02
#1329-d127 @A: 11 07 06 10 | 11
#1330-d127 @A: 11 06 08 34 | 10
#1331-d127 @A: 33 11 14 06 | 01
#1332-d127 @A: 08 27 32 06 | 06
#1333-d127 @A: 34 22 32 06 | 05
#1334-d127 @A: 14 32 06 02 | 07
#1335-d127 @A: 03 13 06 27 | 04
#1336-d127 @A: 26 06 22 13 | 09
#1337-d127 @A: 13 10 33 06 | 03
#1338-d127 @A: 14 08 06 13 | 08
#1339-d127 @A: 09 13 06 34 | 12
#1340-d127 @A: 13 06 07 02 | 02
#1341-d127 @A: 10 06 14 27 | 11
#1342-d127 @A: 34 27 06 02 | 10
#1343-d127 @A: 26 08 06 09 | 01
#1344-d127 @A: 34 26 06 07 | 06
#1345-d127 @A: 26 02 33 06 | 05
#1346-d127 @A: 22 06 10 02 | 07
#1347-d127 @A: 08 22 06 07 | 04
#1348-d127 @A: 09 22 14 06 | 09
#1349-d127 @A: 06 09 10 03 | 03
#1350-d127 @A: 06 33 09 07 | 08
#1351-d127 @A: 33 03 06 07 | 12
#1352-d127 @A: 12 25 20 34 | 02
#1353-d127 @A: 17 13 12 20 | 11
#1354-d127 @A: 20 27 19 12 | 10
#1355-d127 @A: 23 32 20 12 | 01
#1356-d127 @A: 12 20 07 04 | 06
#1357-d127 @A: 08 26 12 20 | 05
#1358-d127 @A: 12 03 20 08 | 07
#1359-d127 @A: 17 25 22 20 | 04
#1360-d127 @A: 23 25 20 27 | 09
#1361-d127 @A: 08 25 20 04 | 03
#1362-d127 @A: 32 18 20 25 | 08
#1363-d127 @A: 20 25 34 03 | 12
#1364-d127 @A: 17 19 10 20 | 02
#1365-d127 @A: 17 23 20 18 | 11
#1366-d127 @A: 20 11 17 04 | 10
#1367-d127 @A: 20 09 17 26 | 01
#1368-d127 @A: 19 23 20 02 | 06
#1369-d127 @A: 04 32 19 20 | 05
#1370-d127 @A: 19 22 20 11 | 07
#1371-d127 @A: 20 19 13 33 | 04
#1372-d127 @A: 19 08 09 20 | 09
#1373-d127 @A: 23 03 20 11 | 03
#1374-d127 @A: 10 20 23 34 | 08
#1375-d127 @A: 26 04 20 03 | 12
#1376-d127 @A: 14 04 34 20 | 02
#1377-d127 @A: 26 24 20 18 | 11
#1378-d127 @A: 18 20 22 13 | 10
#1379-d127 @A: 20 10 18 27 | 01
#1380-d127 @A: 14 20 18 02 | 06
#1381-d127 @A: 07 20 34 18 | 05
#1382-d127 @A: 18 03 07 20 | 07
#1383-d127 @A: 24 20 13 11 | 04
#1384-d127 @A: 32 20 08 24 | 09
#1385-d127 @A: 13 24 20 03 | 03
#1386-d127 @A: 24 20 27 07 | 08
#1387-d127 @A: 22 24 09 20 | 12
#1388-d127 @A: 14 24 20 10 | 02
#1389-d127 @A: 02 20 33 24 | 11
#1390-d127 @A: 11 32 34 20 | 10
#1391-d127 @A: 20 11 02 26 | 01
#1392-d127 @A: 20 33 11 10 | 06
#1393-d127 @A: 14 20 11 08 | 05
#1394-d127 @A: 10 13 32 20 | 07
#1395-d127 @A: 20 09 32 27 | 04
#1396-d127 @A: 32 14 22 20 | 09
#1397-d127 @A: 02 07 20 32 | 03
#1398-d127 @A: 34 08 20 13 | 08
#1399-d127 @A: 20 09 14 13 | 12
#1400-d127 @A: 20 26 34 27 | 02
#1401-d127 @A: 27 20 22 08 | 11
#1402-d127 @A: 27 20 03 10 | 10
#1403-d127 @A: 14 27 33 20 | 01
#1404-d127 @A: 26 22 10 20 | 06
#1405-d127 @A: 14 26 07 20 | 05
#1406-d127 @A: 20 22 14 03 | 07
#1407-d127 @A: 20 02 22 34 | 04
#1408-d127 @A: 08 20 10 02 | 09
#1409-d127 @A: 09 10 07 20 | 03
#1410-d127 @A: 33 07 08 20 | 08
#1411-d127 @A: 20 34 09 33 | 12
#1412-d127 @A: 03 20 07 09 | 02
#1413-d127 @A: 12 11 25 19 | 11
#1414-d127 @A: 23 14 25 12 | 10
#1415-d127 @A: 10 12 04 25 | 01
#1416-d127 @A: 25 32 12 27 | 06
#1417-d127 @A: 12 25 07 08 | 05
#1418-d127 @A: 14 12 03 25 | 07
#1419-d127 @A: 07 17 12 19 | 04
#1420-d127 @A: 17 33 23 12 | 09
#1421-d127 @A: 12 04 22 17 | 03
#1422-d127 @A: 12 18 11 17 | 08
#1423-d127 @A: 03 24 12 17 | 12
#1424-d127 @A: 14 17 08 12 | 02
#1425-d127 @A: 23 10 12 19 | 11
#1426-d127 @A: 19 04 08 12 | 10
#1427-d127 @A: 12 03 19 04 | 01
#1428-d127 @A: 23 12 32 03 | 06
#1429-d127 @A: 12 13 09 23 | 05
#1430-d127 @A: 33 12 04 09 | 07
#1431-d127 @A: 24 18 09 12 | 04
#1432-d127 @A: 12 32 18 07 | 09
#1433-d127 @A: 18 13 12 02 | 03
#1434-d127 @A: 12 27 18 08 | 08
#1435-d127 @A: 26 18 33 12 | 12
#1436-d127 @A: 10 12 18 22 | 02
#1437-d127 @A: 26 24 11 12 | 11
#1438-d127 @A: 24 13 12 07 | 10
#1439-d127 @A: 34 24 22 12 | 01
#1440-d127 @A: 24 33 12 08 | 06
#1441-d127 @A: 24 12 14 02 | 05
#1442-d127 @A: 11 32 22 12 | 07
#1443-d127 @A: 10 13 12 11 | 04
#1444-d127 @A: 10 03 12 11 | 09
#1445-d127 @A: 08 09 11 12 | 03
#1446-d127 @A: 07 34 12 11 | 08
#1447-d127 @A: 11 02 33 12 | 12
#1448-d127 @A: 13 08 12 32 | 02
#1449-d127 @A: 12 26 10 32 | 11
#1450-d127 @A: 33 34 12 32 | 10
#1451-d127 @A: 02 12 32 09 | 01
#1452-d127 @A: 26 27 12 13 | 06
#1453-d127 @A: 22 33 12 13 | 05
#1454-d127 @A: 13 12 14 34 | 07
#1455-d127 @A: 22 14 27 12 | 04
#1456-d127 @A: 27 12 33 10 | 09
#1457-d127 @A: 12 07 27 09 | 03
#1458-d127 @A: 26 07 12 22 | 08
#1459-d127 @A: 26 12 09 14 | 12
#1460-d127 @A: 12 02 22 08 | 02
#1461-d127 @A: 09 34 12 10 | 11
#1462-d127 @A: 12 14 07 33 | 10
#1463-d127 @A: 12 03 33 34 | 01
#1464-d127 @A: 03 12 07 02 | 06
#1465-d127 @A: 19 17 25 18 | 05
#1466-d127 @A: 25 17 23 04 | 07
#1467-d127 @A: 17 14 25 24 | 04
#1468-d127 @A: 25 17 34 26 | 09
#1469-d127 @A: 03 25 17 26 | 03
#1470-d127 @A: 02 33 25 17 | 08
#1471-d127 @A: 23 19 24 25 | 12
#1472-d127 @A: 13 25 04 19 | 02
#1473-d127 @A: 25 22 34 19 | 11
#1474-d127 @A: 25 10 08 19 | 10
#1475-d127 @A: 33 25 09 23 | 01
#1476-d127 @A: 25 04 11 33 | 06
#1477-d127 @A: 13 24 25 18 | 05
#1478-d127 @A: 07 18 25 11 | 07
#1479-d127 @A: 18 25 02 27 | 04
#1480-d127 @A: 26 25 18 09 | 09
#1481-d127 @A: 33 10 25 18 | 03
#1482-d127 @A: 18 08 25 14 | 08
#1483-d127 @A: 25 27 24 11 | 12
#1484-d127 @A: 09 24 32 25 | 02
#1485-d127 @A: 27 03 25 24 | 11
#1486-d127 @A: 24 33 25 26 | 10
#1487-d127 @A: 25 10 22 24 | 01
#1488-d127 @A: 24 34 02 25 | 06
#1489-d127 @A: 32 25 11 08 | 05
#1490-d127 @A: 14 13 25 11 | 07
#1491-d127 @A: 03 13 25 11 | 04
#1492-d127 @A: 26 25 11 22 | 09
#1493-d127 @A: 11 10 34 25 | 03
#1494-d127 @A: 09 02 25 11 | 08
#1495-d127 @A: 33 32 25 13 | 12
#1496-d127 @A: 07 25 32 26 | 02
#1497-d127 @A: 22 02 32 25 | 11
#1498-d127 @A: 34 27 25 13 | 10
#1499-d127 @A: 22 25 13 09 | 01
#1500-d127 @A: 02 08 25 13 | 06
#1501-d127 @A: 25 08 27 26 | 05
#1502-d127 @A: 25 27 10 09 | 07
#1503-d127 @A: 27 03 25 09 | 04
#1504-d127 @A: 27 07 33 25 | 09
#1505-d127 @A: 02 25 26 14 | 03
#1506-d127 @A: 33 25 22 08 | 08
#1507-d127 @A: 25 02 10 07 | 12
#1508-d127 @A: 25 10 02 03 | 02
#1509-d127 @A: 09 34 25 08 | 11
#1510-d127 @A: 14 34 33 25 | 10
#1511-d127 @A: 14 07 25 09 | 01
#1512-d127 @A: 17 11 23 19 | 06
#1513-d127 @A: 17 19 04 26 | 05
#1514-d127 @A: 17 02 23 22 | 07
#1515-d127 @A: 02 04 32 17 | 04
#1516-d127 @A: 32 18 24 17 | 09
#1517-d127 @A: 27 33 17 18 | 03
#1518-d127 @A: 07 18 17 22 | 08
#1519-d127 @A: 10 02 17 18 | 12
#1520-d127 @A: 18 09 34 17 | 02
#1521-d127 @A: 03 18 09 17 | 11
#1522-d127 @A: 13 17 24 22 | 10
#1523-d127 @A: 17 24 26 02 | 01
#1524-d127 @A: 07 08 24 17 | 06
#1525-d127 @A: 24 34 33 17 | 05
#1526-d127 @A: 07 17 24 03 | 07
#1527-d127 @A: 17 11 13 32 | 04
#1528-d127 @A: 17 11 14 27 | 09
#1529-d127 @A: 17 22 34 11 | 03
#1530-d127 @A: 11 02 17 08 | 08
#1531-d127 @A: 11 34 03 17 | 12
#1532-d127 @A: 11 17 09 33 | 02
#1533-d127 @A: 17 27 10 32 | 11
#1534-d127 @A: 32 26 08 17 | 10
#1535-d127 @A: 17 33 22 32 | 01
#1536-d127 @A: 09 14 32 17 | 06
#1537-d127 @A: 07 32 17 34 | 05
#1538-d127 @A: 33 17 32 03 | 07
#1539-d127 @A: 17 26 10 13 | 04
#1540-d127 @A: 08 13 33 17 | 09
#1541-d127 @A: 13 17 03 08 | 03
#1542-d127 @A: 13 14 07 17 | 08
#1543-d127 @A: 17 02 09 13 | 12
#1544-d127 @A: 22 17 27 26 | 02
#1545-d127 @A: 14 27 03 17 | 11
#1546-d127 @A: 07 17 27 02 | 10
#1547-d127 @A: 33 26 14 17 | 01
#1548-d127 @A: 14 22 17 10 | 06
#1549-d127 @A: 22 09 17 08 | 05
#1550-d127 @A: 17 34 08 10 | 07
#1551-d127 @A: 10 33 07 17 | 04
#1552-d127 @A: 17 14 02 34 | 09
#1553-d127 @A: 27 23 03 19 | 03
#1554-d127 @A: 19 23 07 14 | 08
#1555-d127 @A: 19 18 07 04 | 12
#1556-d127 @A: 19 10 18 24 | 02
#1557-d127 @A: 11 19 18 33 | 11
#1558-d127 @A: 18 19 09 32 | 10
#1559-d127 @A: 19 26 18 13 | 01
#1560-d127 @A: 14 19 18 27 | 06
#1561-d127 @A: 02 22 18 19 | 05
#1562-d127 @A: 34 18 19 08 | 07
#1563-d127 @A: 24 19 14 11 | 04
#1564-d127 @A: 19 24 09 13 | 09
#1565-d127 @A: 24 27 19 34 | 03
#1566-d127 @A: 26 19 24 07 | 08
#1567-d127 @A: 02 24 19 08 | 12
#1568-d127 @A: 19 11 27 32 | 02
#1569-d127 @A: 03 11 26 19 | 11
#1570-d127 @A: 07 08 19 11 | 10
#1571-d127 @A: 19 09 34 11 | 01
#1572-d127 @A: 13 07 32 19 | 06
#1573-d127 @A: 33 32 19 26 | 05
#1574-d127 @A: 10 14 32 19 | 07
#1575-d127 @A: 34 19 02 32 | 04
#1576-d127 @A: 03 02 19 32 | 09
#1577-d127 @A: 27 19 13 08 | 03
#1578-d127 @A: 19 13 22 10 | 08
#1579-d127 @A: 13 14 19 02 | 12
#1580-d127 @A: 03 19 13 07 | 02
#1581-d127 @A: 10 26 19 27 | 11
#1582-d127 @A: 27 19 33 22 | 10
#1583-d127 @A: 19 27 02 09 | 01
#1584-d127 @A: 14 34 19 26 | 06
#1585-d127 @A: 19 33 03 26 | 05
#1586-d127 @A: 08 22 14 19 | 07
#1587-d127 @A: 22 09 19 07 | 04
#1588-d127 @A: 10 07 19 34 | 09
#1589-d127 @A: 19 14 08 03 | 03
#1590-d127 @A: 19 33 14 09 | 08
#1591-d127 @A: 33 02 19 07 | 12
#1592-d127 @A: 04 10 18 23 | 02
#1593-d127 @A: 24 34 23 04 | 11
#1594-d127 @A: 23 11 32 04 | 10
#1595-d127 @A: 13 04 23 08 | 01
#1596-d127 @A: 07 27 04 23 | 06
#1597-d127 @A: 04 14 23 26 | 05
#1598-d127 @A: 09 23 22 04 | 07
#1599-d127 @A: 02 04 33 23 | 04
#1600-d127 @A: 03 24 18 23 | 09
#1601-d127 @A: 13 18 11 23 | 03
#1602-d127 @A: 18 23 32 26 | 08
#1603-d127 @A: 18 09 23 27 | 12
#1604-d127 @A: 14 18 23 22 | 02
#1605-d127 @A: 08 23 18 33 | 11
#1606-d127 @A: 02 23 18 34 | 10
#1607-d127 @A: 24 23 22 11 | 01
#1608-d127 @A: 24 14 23 32 | 06
#1609-d127 @A: 24 23 13 27 | 05
#1610-d127 @A: 33 23 24 10 | 07
#1611-d127 @A: 08 09 24 23 | 04
#1612-d127 @A: 07 23 24 02 | 09
#1613-d127 @A: 27 23 02 11 | 03
#1614-d127 @A: 26 23 34 11 | 08
#1615-d127 @A: 11 10 14 23 | 12
#1616-d127 @A: 11 07 09 23 | 02
#1617-d127 @A: 22 27 23 32 | 11
#1618-d127 @A: 08 23 10 32 | 10
#1619-d127 @A: 23 32 34 09 | 01
#1620-d127 @A: 23 07 32 33 | 06
#1621-d127 @A: 07 13 26 23 | 05
#1622-d127 @A: 23 22 34 13 | 07
#1623-d127 @A: 02 10 13 23 | 04
#1624-d127 @A: 14 23 13 33 | 09
#1625-d127 @A: 23 33 03 13 | 03
#1626-d127 @A: 08 23 14 27 | 08
#1627-d127 @A: 27 34 33 23 | 12
#1628-d127 @A: 33 22 26 23 | 02
#1629-d127 @A: 09 23 10 26 | 11
#1630-d127 @A: 03 26 10 23 | 10
#1631-d127 @A: 08 26 02 23 | 01
#1632-d127 @A: 23 10 07 22 | 06
#1633-d127 @A: 08 34 07 23 | 05
#1634-d127 @A: 34 03 14 23 | 07
#1635-d127 @A: 09 14 23 02 | 04
#1636-d127 @A: 02 03 23 09 | 09
#1637-d127 @A: 04 11 27 18 | 03
#1638-d127 @A: 18 32 22 04 | 08
#1639-d127 @A: 34 13 04 18 | 12
#1640-d127 @A: 08 04 26 18 | 02
#1641-d127 @A: 33 04 14 18 | 11
#1642-d127 @A: 04 14 18 03 | 10
#1643-d127 @A: 09 04 02 18 | 01
#1644-d127 @A: 04 24 11 07 | 06
#1645-d127 @A: 33 32 04 24 | 05
#1646-d127 @A: 04 13 02 24 | 07
#1647-d127 @A: 27 22 04 24 | 04
#1648-d127 @A: 04 08 24 10 | 09
#1649-d127 @A: 24 04 10 03 | 03
#1650-d127 @A: 04 24 09 14 | 08
#1651-d127 @A: 26 04 13 11 | 12
#1652-d127 @A: 22 14 04 11 | 02
#1653-d127 @A: 09 10 11 04 | 11
#1654-d127 @A: 34 04 11 02 | 10
#1655-d127 @A: 27 34 32 04 | 01
#1656-d127 @A: 32 04 09 26 | 06
#1657-d127 @A: 07 10 04 32 | 05
#1658-d127 @A: 32 04 08 14 | 07
#1659-d127 @A: 07 04 03 32 | 04
#1660-d127 @A: 04 27 13 33 | 09
#1661-d127 @A: 13 07 04 22 | 03
#1662-d127 @A: 13 04 10 14 | 08
#1663-d127 @A: 27 04 09 08 | 12
#1664-d127 @A: 14 04 27 02 | 02
#1665-d127 @A: 04 22 26 34 | 11
#1666-d127 @A: 26 02 10 04 | 10
#1667-d127 @A: 33 07 04 26 | 01
#1668-d127 @A: 33 10 22 04 | 06
#1669-d127 @A: 04 03 22 34 | 05
#1670-d127 @A: 33 04 08 34 | 07
#1671-d127 @A: 04 07 02 08 | 04
#1672-d127 @A: 07 34 04 09 | 09
#1673-d127 @A: 18 11 03 22 | 03
#1674-d127 @A: 34 03 32 18 | 08
#1675-d127 @A: 03 18 13 02 | 12
#1676-d127 @A: 33 27 03 18 | 02
#1677-d127 @A: 03 02 08 18 | 11
#1678-d127 @A: 24 09 03 26 | 10
#1679-d127 @A: 03 33 14 24 | 01
#1680-d127 @A: 02 24 34 03 | 06
#1681-d127 @A: 03 14 11 32 | 05
#1682-d127 @A: 03 02 33 11 | 07
#1683-d127 @A: 32 22 10 03 | 04
#1684-d127 @A: 09 03 32 14 | 09
#1685-d127 @A: 03 22 26 13 | 03
#1686-d127 @A: 09 34 13 03 | 08
#1687-d127 @A: 22 08 03 27 | 12
#1688-d127 @A: 26 08 07 03 | 02
#1689-d127 @A: 10 03 33 08 | 11
