#0001-d295 @A: 06 05 31 04 | 04
#0002-d295 @A: 06 17 05 02 | 12
#0003-d295 @A: 06 05 25 34 | 10
#0004-d295 @A: 05 33 06 12 | 01
#0005-d295 @A: 13 18 06 05 | 09
#0006-d295 @A: 26 06 05 15 | 03
#0007-d295 @A: 24 06 05 11 | 02
#0008-d295 @A: 27 06 05 01 | 11
#0009-d295 @A: 03 06 05 22 | 06
#0010-d295 @A: 35 05 28 06 | 08
#0011-d295 @A: 30 06 05 14 | 05
#0012-d295 @A: 05 16 32 06 | 07
#0013-d295 @A: 05 20 21 06 | 04
#0014-d295 @A: 06 08 23 05 | 12
#0015-d295 @A: 19 13 06 05 | 10
#0016-d295 @A: 09 29 06 05 | 01
#0017-d295 @A: 10 07 05 06 | 09
#0018-d295 @A: 13 17 04 05 | 03
#0019-d295 @A: 25 04 05 24 | 02
#0020-d295 @A: 05 10 04 12 | 11
#0021-d295 @A: 18 15 04 05 | 06
#0022-d295 @A: 04 33 05 34 | 08
#0023-d295 @A: 11 05 04 28 | 05
#0024-d295 @A: 01 05 04 22 | 07
#0025-d295 @A: 29 27 05 04 | 04
#0026-d295 @A: 08 05 35 04 | 12
#0027-d295 @A: 05 04 14 32 | 10
#0028-d295 @A: 05 07 16 04 | 01
#0029-d295 @A: 20 05 04 02 | 09
#0030-d295 @A: 04 03 23 05 | 03
#0031-d295 @A: 05 30 26 04 | 02
#0032-d295 @A: 21 05 04 09 | 11
#0033-d295 @A: 19 21 05 04 | 06
#0034-d295 @A: 05 09 17 25 | 08
#0035-d295 @A: 05 28 12 17 | 05
#0036-d295 @A: 24 05 17 18 | 07
#0037-d295 @A: 17 29 05 15 | 04
#0038-d295 @A: 05 21 33 17 | 12
#0039-d295 @A: 05 31 11 17 | 10
#0040-d295 @A: 01 17 05 30 | 01
#0041-d295 @A: 05 17 27 10 | 09
#0042-d295 @A: 22 05 17 34 | 03
#0043-d295 @A: 35 17 05 32 | 02
#0044-d295 @A: 26 05 17 14 | 11
#0045-d295 @A: 17 05 16 03 | 06
#0046-d295 @A: 20 05 17 08 | 08
#0047-d295 @A: 17 07 05 23 | 05
#0048-d295 @A: 24 17 19 05 | 07
#0049-d295 @A: 25 02 12 05 | 04
#0050-d295 @A: 14 25 18 05 | 12
#0051-d295 @A: 05 15 21 25 | 10
#0052-d295 @A: 05 25 31 33 | 01
#0053-d295 @A: 11 25 03 05 | 09
#0054-d295 @A: 13 01 25 05 | 03
#0055-d295 @A: 05 27 08 25 | 02
#0056-d295 @A: 05 25 32 22 | 11
#0057-d295 @A: 19 05 25 22 | 06
#0058-d295 @A: 25 05 10 35 | 08
#0059-d295 @A: 05 25 28 16 | 05
#0060-d295 @A: 05 29 25 20 | 07
#0061-d295 @A: 05 30 25 23 | 04
#0062-d295 @A: 07 05 25 26 | 12
#0063-d295 @A: 12 16 18 05 | 10
#0064-d295 @A: 08 05 15 12 | 01
#0065-d295 @A: 12 11 05 13 | 09
#0066-d295 @A: 01 12 07 05 | 03
#0067-d295 @A: 32 05 27 12 | 02
#0068-d295 @A: 26 12 05 22 | 11
#0069-d295 @A: 12 05 34 35 | 06
#0070-d295 @A: 05 14 21 12 | 08
#0071-d295 @A: 05 12 20 24 | 05
#0072-d295 @A: 31 12 23 05 | 07
#0073-d295 @A: 30 05 29 12 | 04
#0074-d295 @A: 05 12 03 09 | 12
#0075-d295 @A: 12 34 05 19 | 10
#0076-d295 @A: 33 18 02 05 | 01
#0077-d295 @A: 11 05 18 09 | 09
#0078-d295 @A: 32 05 01 18 | 03
#0079-d295 @A: 27 30 05 18 | 02
#0080-d295 @A: 19 18 27 05 | 11
#0081-d295 @A: 05 31 22 18 | 06
#0082-d295 @A: 18 35 07 05 | 08
#0083-d295 @A: 05 03 20 18 | 05
#0084-d295 @A: 23 34 05 18 | 07
#0085-d295 @A: 29 18 26 05 | 04
#0086-d295 @A: 08 18 10 05 | 12
#0087-d295 @A: 05 21 28 18 | 10
#0088-d295 @A: 33 15 05 30 | 01
#0089-d295 @A: 05 15 11 32 | 09
#0090-d295 @A: 15 01 02 05 | 03
#0091-d295 @A: 27 15 05 31 | 02
#0092-d295 @A: 05 22 15 28 | 11
#0093-d295 @A: 13 05 15 35 | 06
#0094-d295 @A: 03 05 15 14 | 08
#0095-d295 @A: 15 05 16 24 | 05
#0096-d295 @A: 15 09 20 05 | 07
#0097-d295 @A: 05 15 23 10 | 04
#0098-d295 @A: 28 15 19 05 | 12
#0099-d295 @A: 15 07 34 05 | 10
#0100-d295 @A: 33 07 11 05 | 01
#0101-d295 @A: 09 05 01 33 | 09
#0102-d295 @A: 33 27 05 16 | 03
#0103-d295 @A: 22 13 05 33 | 02
#0104-d295 @A: 29 05 33 35 | 11
#0105-d295 @A: 14 33 05 10 | 06
#0106-d295 @A: 05 23 33 20 | 08
#0107-d295 @A: 24 05 32 33 | 05
#0108-d295 @A: 28 26 33 05 | 07
#0109-d295 @A: 33 05 19 26 | 04
#0110-d295 @A: 05 03 08 33 | 12
#0111-d295 @A: 05 01 11 14 | 10
#0112-d295 @A: 11 26 05 27 | 01
#0113-d295 @A: 05 22 29 11 | 09
#0114-d295 @A: 05 11 35 21 | 03
#0115-d295 @A: 11 05 08 16 | 02
#0116-d295 @A: 11 20 05 34 | 11
#0117-d295 @A: 23 11 02 05 | 06
#0118-d295 @A: 11 10 05 30 | 08
#0119-d295 @A: 19 10 11 05 | 05
#0120-d295 @A: 35 01 24 05 | 07
#0121-d295 @A: 05 31 16 01 | 04
#0122-d295 @A: 05 01 10 20 | 12
#0123-d295 @A: 28 05 23 01 | 10
#0124-d295 @A: 19 05 23 01 | 01
#0125-d295 @A: 01 29 05 03 | 09
#0126-d295 @A: 26 34 01 05 | 03
#0127-d295 @A: 21 05 08 01 | 02
#0128-d295 @A: 09 05 27 22 | 11
#0129-d295 @A: 03 05 35 27 | 06
#0130-d295 @A: 27 05 14 34 | 08
#0131-d295 @A: 13 27 05 20 | 05
#0132-d295 @A: 05 27 23 24 | 07
#0133-d295 @A: 27 28 05 02 | 04
#0134-d295 @A: 07 21 05 27 | 12
#0135-d295 @A: 05 22 35 02 | 10
#0136-d295 @A: 05 22 24 14 | 01
#0137-d295 @A: 22 10 16 05 | 09
#0138-d295 @A: 22 20 05 07 | 03
#0139-d295 @A: 23 22 05 21 | 02
#0140-d295 @A: 22 08 30 05 | 11
#0141-d295 @A: 31 05 14 35 | 06
#0142-d295 @A: 09 16 35 05 | 08
#0143-d295 @A: 20 35 05 30 | 05
#0144-d295 @A: 23 26 35 05 | 07
#0145-d295 @A: 05 19 35 32 | 04
#0146-d295 @A: 16 05 13 14 | 12
#0147-d295 @A: 20 05 28 14 | 10
#0148-d295 @A: 05 14 19 20 | 01
#0149-d295 @A: 14 09 23 05 | 09
#0150-d295 @A: 02 14 29 05 | 03
#0151-d295 @A: 14 05 07 08 | 02
#0152-d295 @A: 20 16 05 26 | 11
#0153-d295 @A: 16 29 23 05 | 06
#0154-d295 @A: 05 16 02 21 | 08
#0155-d295 @A: 30 16 34 05 | 05
#0156-d295 @A: 16 19 30 05 | 07
#0157-d295 @A: 32 20 31 05 | 04
#0158-d295 @A: 05 13 32 23 | 12
#0159-d295 @A: 10 29 32 05 | 10
#0160-d295 @A: 32 05 28 03 | 01
#0161-d295 @A: 02 05 07 32 | 09
#0162-d295 @A: 26 08 32 05 | 03
#0163-d295 @A: 09 30 05 32 | 02
#0164-d295 @A: 32 05 21 34 | 11
#0165-d295 @A: 13 08 29 05 | 06
#0166-d295 @A: 21 05 13 10 | 08
#0167-d295 @A: 13 05 34 28 | 05
#0168-d295 @A: 07 05 13 03 | 07
#0169-d295 @A: 13 05 02 30 | 04
#0170-d295 @A: 09 05 26 13 | 12
#0171-d295 @A: 13 05 24 31 | 10
#0172-d295 @A: 28 05 29 07 | 01
#0173-d295 @A: 05 29 21 24 | 09
#0174-d295 @A: 29 05 19 03 | 03
#0175-d295 @A: 34 05 31 29 | 02
#0176-d295 @A: 09 28 05 10 | 11
#0177-d295 @A: 05 26 02 10 | 06
#0178-d295 @A: 10 05 34 24 | 08
#0179-d295 @A: 19 05 10 08 | 05
#0180-d295 @A: 10 03 31 05 | 07
#0181-d295 @A: 24 08 28 05 | 04
#0182-d295 @A: 05 31 28 30 | 12
#0183-d295 @A: 07 05 19 02 | 10
#0184-d295 @A: 30 24 05 07 | 01
#0185-d295 @A: 07 09 05 31 | 09
#0186-d295 @A: 02 05 09 24 | 03
#0187-d295 @A: 31 02 08 05 | 02
#0188-d295 @A: 05 34 02 03 | 11
#0189-d295 @A: 24 03 26 05 | 06
#0190-d295 @A: 26 21 31 05 | 08
#0191-d295 @A: 08 34 05 09 | 05
#0192-d295 @A: 31 05 19 09 | 07
#0193-d295 @A: 30 03 05 21 | 04
#0194-d295 @A: 06 04 32 17 | 12
#0195-d295 @A: 04 25 06 13 | 10
#0196-d295 @A: 06 12 04 24 | 01
#0197-d295 @A: 18 04 03 06 | 09
#0198-d295 @A: 06 10 15 04 | 03
#0199-d295 @A: 29 06 33 04 | 02
#0200-d295 @A: 11 26 06 04 | 11
#0201-d295 @A: 34 04 01 06 | 06
#0202-d295 @A: 27 04 06 08 | 08
#0203-d295 @A: 04 22 06 28 | 05
#0204-d295 @A: 04 07 35 06 | 07
#0205-d295 @A: 14 04 06 02 | 04
#0206-d295 @A: 16 04 06 30 | 12
#0207-d295 @A: 04 06 09 20 | 10
#0208-d295 @A: 04 06 23 21 | 01
#0209-d295 @A: 08 04 06 19 | 09
#0210-d295 @A: 06 17 21 25 | 03
#0211-d295 @A: 22 12 17 06 | 02
#0212-d295 @A: 17 06 09 18 | 11
#0213-d295 @A: 06 15 17 16 | 06
#0214-d295 @A: 17 33 10 06 | 08
#0215-d295 @A: 06 13 11 17 | 05
#0216-d295 @A: 29 01 06 17 | 07
#0217-d295 @A: 27 17 28 06 | 04
#0218-d295 @A: 17 35 30 06 | 12
#0219-d295 @A: 17 34 06 14 | 10
#0220-d295 @A: 06 17 03 20 | 01
#0221-d295 @A: 06 17 31 23 | 09
#0222-d295 @A: 06 08 07 17 | 03
#0223-d295 @A: 07 06 19 17 | 02
#0224-d295 @A: 06 24 17 26 | 11
#0225-d295 @A: 12 30 25 06 | 06
#0226-d295 @A: 18 25 06 07 | 08
#0227-d295 @A: 32 15 06 25 | 05
#0228-d295 @A: 06 25 33 03 | 07
#0229-d295 @A: 11 02 25 06 | 04
#0230-d295 @A: 01 06 25 28 | 12
#0231-d295 @A: 25 06 10 27 | 10
#0232-d295 @A: 31 06 25 22 | 01
#0233-d295 @A: 06 29 35 25 | 09
#0234-d295 @A: 25 08 14 06 | 03
#0235-d295 @A: 09 25 06 16 | 02
#0236-d295 @A: 20 25 26 06 | 11
#0237-d295 @A: 06 25 23 24 | 06
#0238-d295 @A: 25 06 19 31 | 08
#0239-d295 @A: 18 02 06 12 | 05
#0240-d295 @A: 31 15 12 06 | 07
#0241-d295 @A: 14 11 12 06 | 04
#0242-d295 @A: 09 06 12 01 | 12
#0243-d295 @A: 27 12 07 06 | 10
#0244-d295 @A: 06 35 12 32 | 01
#0245-d295 @A: 13 12 06 16 | 09
#0246-d295 @A: 34 20 12 06 | 03
#0247-d295 @A: 06 20 12 19 | 02
#0248-d295 @A: 12 06 29 23 | 11
#0249-d295 @A: 12 03 06 10 | 06
#0250-d295 @A: 12 06 26 28 | 08
#0251-d295 @A: 12 06 21 08 | 05
#0252-d295 @A: 18 06 15 30 | 07
#0253-d295 @A: 27 33 06 18 | 04
#0254-d295 @A: 06 11 32 18 | 12
#0255-d295 @A: 18 16 06 01 | 10
#0256-d295 @A: 06 18 29 22 | 01
#0257-d295 @A: 35 06 34 18 | 09
#0258-d295 @A: 14 06 21 18 | 03
#0259-d295 @A: 20 06 10 18 | 02
#0260-d295 @A: 06 18 23 26 | 11
#0261-d295 @A: 19 06 18 32 | 06
#0262-d295 @A: 18 24 28 06 | 08
#0263-d295 @A: 18 31 06 08 | 05
#0264-d295 @A: 06 30 19 18 | 07
#0265-d295 @A: 06 02 15 33 | 04
#0266-d295 @A: 03 06 15 11 | 12
#0267-d295 @A: 15 21 01 06 | 10
#0268-d295 @A: 24 27 15 06 | 01
#0269-d295 @A: 19 15 27 06 | 09
#0270-d295 @A: 34 06 15 22 | 03
#0271-d295 @A: 06 35 15 08 | 02
#0272-d295 @A: 06 15 14 13 | 11
#0273-d295 @A: 20 06 29 15 | 06
#0274-d295 @A: 06 07 15 23 | 08
#0275-d295 @A: 15 09 28 06 | 05
#0276-d295 @A: 28 11 06 33 | 07
#0277-d295 @A: 33 13 06 01 | 04
#0278-d295 @A: 22 33 06 07 | 12
#0279-d295 @A: 21 06 33 35 | 10
#0280-d295 @A: 33 06 14 26 | 01
#0281-d295 @A: 16 24 06 33 | 09
#0282-d295 @A: 30 20 33 06 | 03
#0283-d295 @A: 06 33 32 23 | 02
#0284-d295 @A: 33 02 19 06 | 11
#0285-d295 @A: 33 09 08 06 | 06
#0286-d295 @A: 34 31 33 06 | 08
#0287-d295 @A: 01 11 06 08 | 05
#0288-d295 @A: 06 27 11 29 | 07
#0289-d295 @A: 22 11 30 06 | 04
#0290-d295 @A: 11 35 06 16 | 12
#0291-d295 @A: 06 20 11 07 | 10
#0292-d295 @A: 34 06 11 23 | 01
#0293-d295 @A: 06 31 11 10 | 09
#0294-d295 @A: 11 21 06 09 | 03
#0295-d295 @A: 11 34 19 06 | 02
#0296-d295 @A: 01 22 26 06 | 11
#0297-d295 @A: 35 31 06 01 | 06
#0298-d295 @A: 32 01 14 06 | 08
#0299-d295 @A: 02 01 06 20 | 05
#0300-d295 @A: 06 01 30 23 | 07
#0301-d295 @A: 06 19 29 01 | 04
#0302-d295 @A: 10 01 24 06 | 12
#0303-d295 @A: 06 01 03 07 | 10
#0304-d295 @A: 22 32 06 27 | 01
#0305-d295 @A: 35 02 27 06 | 09
#0306-d295 @A: 06 09 27 14 | 03
#0307-d295 @A: 16 31 06 27 | 02
#0308-d295 @A: 06 20 23 27 | 11
#0309-d295 @A: 30 13 06 27 | 06
#0310-d295 @A: 06 34 26 27 | 08
#0311-d295 @A: 06 27 03 21 | 05
#0312-d295 @A: 22 13 35 06 | 07
#0313-d295 @A: 22 14 06 10 | 04
#0314-d295 @A: 16 22 02 06 | 12
#0315-d295 @A: 22 20 08 06 | 10
#0316-d295 @A: 22 06 23 09 | 01
#0317-d295 @A: 22 26 06 19 | 09
#0318-d295 @A: 24 21 22 06 | 03
#0319-d295 @A: 14 03 35 06 | 02
#0320-d295 @A: 06 35 24 20 | 11
#0321-d295 @A: 35 10 06 23 | 06
#0322-d295 @A: 35 19 06 10 | 08
#0323-d295 @A: 26 09 35 06 | 05
#0324-d295 @A: 07 06 16 14 | 07
#0325-d295 @A: 20 31 14 06 | 04
#0326-d295 @A: 28 14 23 06 | 12
#0327-d295 @A: 14 06 24 29 | 10
#0328-d295 @A: 21 06 14 19 | 01
#0329-d295 @A: 28 16 20 06 | 09
#0330-d295 @A: 03 06 23 16 | 03
#0331-d295 @A: 29 16 21 06 | 02
#0332-d295 @A: 10 16 26 06 | 11
#0333-d295 @A: 16 24 06 19 | 06
#0334-d295 @A: 16 06 34 08 | 08
#0335-d295 @A: 06 20 13 32 | 05
#0336-d295 @A: 23 02 13 06 | 07
#0337-d295 @A: 23 19 06 03 | 04
#0338-d295 @A: 29 08 32 06 | 12
#0339-d295 @A: 06 21 32 10 | 10
#0340-d295 @A: 32 06 28 34 | 01
#0341-d295 @A: 26 32 07 06 | 09
#0342-d295 @A: 06 30 02 32 | 03
#0343-d295 @A: 24 31 06 32 | 02
#0344-d295 @A: 32 09 06 03 | 11
#0345-d295 @A: 06 10 29 13 | 06
#0346-d295 @A: 08 13 06 28 | 08
#0347-d295 @A: 06 24 07 13 | 05
#0348-d295 @A: 06 13 26 21 | 07
#0349-d295 @A: 31 09 13 06 | 04
#0350-d295 @A: 06 13 03 34 | 12
#0351-d295 @A: 29 06 28 30 | 10
#0352-d295 @A: 34 06 07 29 | 01
#0353-d295 @A: 06 29 02 03 | 09
#0354-d295 @A: 31 06 26 29 | 03
#0355-d295 @A: 28 10 06 02 | 02
#0356-d295 @A: 10 08 30 06 | 11
#0357-d295 @A: 10 06 09 34 | 06
#0358-d295 @A: 07 21 28 06 | 08
#0359-d295 @A: 06 09 28 19 | 05
#0360-d295 @A: 28 06 03 31 | 07
#0361-d295 @A: 07 06 02 09 | 04
#0362-d295 @A: 06 31 30 07 | 12
#0363-d295 @A: 08 26 06 02 | 10
#0364-d295 @A: 24 06 34 02 | 01
#0365-d295 @A: 02 21 06 31 | 09
#0366-d295 @A: 30 26 06 03 | 03
#0367-d295 @A: 08 03 06 24 | 02
#0368-d295 @A: 24 09 06 30 | 11
#0369-d295 @A: 06 34 30 21 | 06
#0370-d295 @A: 25 35 04 17 | 08
#0371-d295 @A: 08 04 17 12 | 05
#0372-d295 @A: 17 18 04 34 | 07
#0373-d295 @A: 17 04 15 26 | 04
#0374-d295 @A: 33 17 04 30 | 12
#0375-d295 @A: 17 11 04 14 | 10
#0376-d295 @A: 17 11 19 04 | 01
#0377-d295 @A: 21 01 04 17 | 09
#0378-d295 @A: 24 27 04 17 | 03
#0379-d295 @A: 22 04 17 03 | 02
#0380-d295 @A: 04 28 16 17 | 11
#0381-d295 @A: 20 04 17 23 | 06
#0382-d295 @A: 29 10 04 17 | 08
#0383-d295 @A: 07 04 09 17 | 05
#0384-d295 @A: 04 17 02 31 | 07
#0385-d295 @A: 03 12 25 04 | 04
#0386-d295 @A: 04 25 18 09 | 12
#0387-d295 @A: 28 15 04 25 | 10
#0388-d295 @A: 25 07 33 04 | 01
#0389-d295 @A: 11 04 25 22 | 09
#0390-d295 @A: 04 31 01 25 | 03
#0391-d295 @A: 27 25 04 30 | 02
#0392-d295 @A: 04 29 25 14 | 11
#0393-d295 @A: 16 34 04 25 | 06
#0394-d295 @A: 04 25 20 08 | 08
#0395-d295 @A: 04 23 10 25 | 05
#0396-d295 @A: 21 32 04 25 | 07
#0397-d295 @A: 29 04 25 19 | 04
#0398-d295 @A: 02 25 04 26 | 12
#0399-d295 @A: 18 12 29 04 | 10
#0400-d295 @A: 15 04 34 12 | 01
#0401-d295 @A: 04 19 12 15 | 09
#0402-d295 @A: 26 33 04 12 | 03
#0403-d295 @A: 12 04 07 11 | 02
#0404-d295 @A: 04 12 01 30 | 11
#0405-d295 @A: 12 04 22 27 | 06
#0406-d295 @A: 12 04 13 35 | 08
#0407-d295 @A: 12 31 04 14 | 05
#0408-d295 @A: 16 12 02 04 | 07
#0409-d295 @A: 20 21 12 04 | 04
#0410-d295 @A: 12 32 23 04 | 12
#0411-d295 @A: 04 28 09 12 | 10
#0412-d295 @A: 04 18 33 13 | 01
#0413-d295 @A: 04 11 24 18 | 09
#0414-d295 @A: 07 18 04 01 | 03
#0415-d295 @A: 04 18 10 27 | 02
#0416-d295 @A: 04 18 22 08 | 11
#0417-d295 @A: 35 04 18 02 | 06
#0418-d295 @A: 18 04 26 14 | 08
#0419-d295 @A: 04 16 32 18 | 05
#0420-d295 @A: 30 18 04 20 | 07
#0421-d295 @A: 23 28 18 04 | 04
#0422-d295 @A: 18 04 19 13 | 12
#0423-d295 @A: 18 31 04 21 | 10
#0424-d295 @A: 33 21 04 15 | 01
#0425-d295 @A: 11 08 15 04 | 09
#0426-d295 @A: 01 15 03 04 | 03
#0427-d295 @A: 16 04 27 15 | 02
#0428-d295 @A: 04 29 15 22 | 11
#0429-d295 @A: 35 14 15 04 | 06
#0430-d295 @A: 20 07 15 04 | 08
#0431-d295 @A: 23 24 04 15 | 05
#0432-d295 @A: 32 02 04 15 | 07
#0433-d295 @A: 13 09 15 04 | 04
#0434-d295 @A: 30 15 31 04 | 12
#0435-d295 @A: 02 04 11 33 | 10
#0436-d295 @A: 32 04 01 33 | 01
#0437-d295 @A: 09 33 04 27 | 09
#0438-d295 @A: 10 04 22 33 | 03
#0439-d295 @A: 03 04 33 35 | 02
#0440-d295 @A: 24 04 14 33 | 11
#0441-d295 @A: 33 04 14 19 | 06
#0442-d295 @A: 33 04 08 16 | 08
#0443-d295 @A: 04 28 33 20 | 05
#0444-d295 @A: 33 31 04 23 | 07
#0445-d295 @A: 10 11 01 04 | 04
#0446-d295 @A: 34 04 11 27 | 12
#0447-d295 @A: 35 11 29 04 | 10
#0448-d295 @A: 04 31 16 11 | 01
#0449-d295 @A: 04 11 20 32 | 09
#0450-d295 @A: 04 11 09 23 | 03
#0451-d295 @A: 21 13 11 04 | 02
#0452-d295 @A: 03 04 30 11 | 11
#0453-d295 @A: 27 04 01 02 | 06
#0454-d295 @A: 35 09 01 04 | 08
#0455-d295 @A: 08 01 04 14 | 05
#0456-d295 @A: 04 01 29 16 | 07
#0457-d295 @A: 20 01 04 24 | 04
#0458-d295 @A: 23 04 26 01 | 12
#0459-d295 @A: 01 04 19 32 | 10
#0460-d295 @A: 01 04 28 13 | 01
#0461-d295 @A: 35 21 04 27 | 09
#0462-d295 @A: 14 27 04 13 | 03
#0463-d295 @A: 04 20 26 27 | 02
#0464-d295 @A: 04 23 27 07 | 11
#0465-d295 @A: 03 27 04 32 | 06
#0466-d295 @A: 27 04 28 31 | 08
#0467-d295 @A: 27 04 19 34 | 05
#0468-d295 @A: 22 34 04 35 | 07
#0469-d295 @A: 04 22 14 21 | 04
#0470-d295 @A: 22 26 16 04 | 12
#0471-d295 @A: 20 22 13 04 | 10
#0472-d295 @A: 04 22 23 02 | 01
#0473-d295 @A: 09 32 04 22 | 09
#0474-d295 @A: 04 22 28 19 | 03
#0475-d295 @A: 30 04 22 07 | 02
#0476-d295 @A: 04 22 24 31 | 11
#0477-d295 @A: 04 10 35 16 | 06
#0478-d295 @A: 31 20 04 35 | 08
#0479-d295 @A: 30 23 35 04 | 05
#0480-d295 @A: 23 19 35 04 | 07
#0481-d295 @A: 32 26 35 04 | 04
#0482-d295 @A: 04 24 35 28 | 12
#0483-d295 @A: 14 16 04 09 | 10
#0484-d295 @A: 14 20 10 04 | 01
#0485-d295 @A: 34 23 04 14 | 09
#0486-d295 @A: 28 04 14 30 | 03
#0487-d295 @A: 14 04 07 03 | 02
#0488-d295 @A: 20 03 16 04 | 11
#0489-d295 @A: 13 23 04 16 | 06
#0490-d295 @A: 04 24 21 16 | 08
#0491-d295 @A: 19 03 16 04 | 05
#0492-d295 @A: 20 19 04 23 | 07
#0493-d295 @A: 20 04 29 34 | 04
#0494-d295 @A: 04 23 29 08 | 12
#0495-d295 @A: 32 04 13 08 | 10
#0496-d295 @A: 24 29 04 32 | 01
#0497-d295 @A: 32 04 10 30 | 09
#0498-d295 @A: 07 32 04 28 | 03
#0499-d295 @A: 34 31 04 32 | 02
#0500-d295 @A: 30 13 04 29 | 11
#0501-d295 @A: 10 13 04 24 | 06
#0502-d295 @A: 13 34 04 07 | 08
#0503-d295 @A: 13 03 02 04 | 05
#0504-d295 @A: 31 04 26 13 | 07
#0505-d295 @A: 29 28 04 03 | 04
#0506-d295 @A: 07 04 29 02 | 12
#0507-d295 @A: 21 26 29 04 | 10
#0508-d295 @A: 29 04 31 09 | 01
#0509-d295 @A: 21 04 10 28 | 09
#0510-d295 @A: 31 10 04 07 | 03
#0511-d295 @A: 04 10 09 02 | 02
#0512-d295 @A: 10 04 02 19 | 11
#0513-d295 @A: 26 04 03 10 | 06
#0514-d295 @A: 10 04 34 08 | 08
#0515-d295 @A: 28 04 02 34 | 05
#0516-d295 @A: 08 28 26 04 | 07
#0517-d295 @A: 24 04 07 26 | 04
#0518-d295 @A: 21 07 08 04 | 12
#0519-d295 @A: 30 19 07 04 | 10
#0520-d295 @A: 08 24 02 04 | 01
#0521-d295 @A: 04 02 30 21 | 09
#0522-d295 @A: 09 04 34 26 | 03
#0523-d295 @A: 31 19 04 26 | 02
#0524-d295 @A: 03 09 04 24 | 11
#0525-d295 @A: 04 09 19 24 | 06
#0526-d295 @A: 04 30 34 24 | 08
#0527-d295 @A: 09 08 30 04 | 05
#0528-d295 @A: 08 31 04 03 | 07
#0529-d295 @A: 04 21 34 03 | 04
#0530-d295 @A: 17 07 25 12 | 12
#0531-d295 @A: 17 25 29 18 | 10
#0532-d295 @A: 15 25 11 17 | 01
#0533-d295 @A: 17 08 33 25 | 09
#0534-d295 @A: 17 01 32 25 | 03
#0535-d295 @A: 17 25 03 27 | 02
#0536-d295 @A: 25 17 22 28 | 11
#0537-d295 @A: 25 14 10 17 | 06
#0538-d295 @A: 14 25 17 19 | 08
#0539-d295 @A: 31 17 16 25 | 05
#0540-d295 @A: 24 20 25 17 | 07
#0541-d295 @A: 25 02 23 17 | 04
#0542-d295 @A: 25 26 17 13 | 12
#0543-d295 @A: 25 34 17 30 | 10
#0544-d295 @A: 12 17 18 10 | 01
#0545-d295 @A: 17 12 03 15 | 09
#0546-d295 @A: 33 17 12 31 | 03
#0547-d295 @A: 17 11 12 21 | 02
#0548-d295 @A: 17 24 12 01 | 11
#0549-d295 @A: 17 13 27 12 | 06
#0550-d295 @A: 12 02 17 35 | 08
#0551-d295 @A: 17 29 14 12 | 05
#0552-d295 @A: 09 17 12 16 | 07
#0553-d295 @A: 20 12 26 17 | 04
#0554-d295 @A: 12 30 17 23 | 12
#0555-d295 @A: 17 32 12 34 | 10
#0556-d295 @A: 19 17 28 12 | 01
#0557-d295 @A: 33 17 18 15 | 09
#0558-d295 @A: 17 18 11 07 | 03
#0559-d295 @A: 01 31 17 18 | 02
#0560-d295 @A: 27 17 21 18 | 11
#0561-d295 @A: 22 18 17 26 | 06
#0562-d295 @A: 17 35 28 18 | 08
#0563-d295 @A: 17 14 18 02 | 05
#0564-d295 @A: 13 18 17 16 | 07
#0565-d295 @A: 19 18 17 16 | 04
#0566-d295 @A: 18 20 32 17 | 12
#0567-d295 @A: 23 03 18 17 | 10
#0568-d295 @A: 17 30 08 18 | 01
#0569-d295 @A: 01 17 15 28 | 09
#0570-d295 @A: 15 01 19 17 | 03
#0571-d295 @A: 27 17 08 15 | 02
#0572-d295 @A: 15 22 10 17 | 11
#0573-d295 @A: 17 35 15 34 | 06
#0574-d295 @A: 17 14 21 15 | 08
#0575-d295 @A: 30 17 20 15 | 05
#0576-d295 @A: 09 17 15 23 | 07
#0577-d295 @A: 15 07 17 32 | 04
#0578-d295 @A: 15 31 17 13 | 12
#0579-d295 @A: 02 17 24 15 | 10
#0580-d295 @A: 11 17 33 32 | 01
#0581-d295 @A: 33 17 01 22 | 09
#0582-d295 @A: 27 33 17 07 | 03
#0583-d295 @A: 35 33 17 24 | 02
#0584-d295 @A: 28 14 17 33 | 11
#0585-d295 @A: 17 33 16 29 | 06
#0586-d295 @A: 17 09 33 20 | 08
#0587-d295 @A: 23 26 17 33 | 05
#0588-d295 @A: 33 17 13 03 | 07
#0589-d295 @A: 17 33 02 34 | 04
#0590-d295 @A: 33 03 17 19 | 12
#0591-d295 @A: 02 17 01 11 | 10
#0592-d295 @A: 27 30 17 11 | 01
#0593-d295 @A: 22 17 08 11 | 09
#0594-d295 @A: 10 35 11 17 | 03
#0595-d295 @A: 26 17 11 16 | 02
#0596-d295 @A: 20 17 11 28 | 11
#0597-d295 @A: 11 23 29 17 | 06
#0598-d295 @A: 17 11 24 34 | 08
#0599-d295 @A: 17 09 11 03 | 05
#0600-d295 @A: 17 26 01 27 | 07
#0601-d295 @A: 01 35 03 17 | 04
#0602-d295 @A: 01 09 14 17 | 12
#0603-d295 @A: 01 16 10 17 | 10
#0604-d295 @A: 20 01 17 13 | 01
#0605-d295 @A: 08 01 23 17 | 09
#0606-d295 @A: 07 01 34 17 | 03
#0607-d295 @A: 17 29 27 22 | 02
#0608-d295 @A: 35 17 09 27 | 11
#0609-d295 @A: 17 14 31 27 | 06
#0610-d295 @A: 17 32 27 16 | 08
#0611-d295 @A: 02 27 20 17 | 05
#0612-d295 @A: 23 17 27 34 | 07
#0613-d295 @A: 10 17 19 27 | 04
#0614-d295 @A: 22 17 35 14 | 12
#0615-d295 @A: 17 16 21 22 | 10
#0616-d295 @A: 17 31 20 22 | 01
#0617-d295 @A: 23 17 32 22 | 09
#0618-d295 @A: 32 17 19 22 | 03
#0619-d295 @A: 22 13 17 07 | 02
#0620-d295 @A: 02 22 30 17 | 11
#0621-d295 @A: 17 22 24 09 | 06
#0622-d295 @A: 17 35 16 07 | 08
#0623-d295 @A: 20 17 29 35 | 05
#0624-d295 @A: 17 35 23 21 | 07
#0625-d295 @A: 08 17 13 35 | 04
#0626-d295 @A: 35 26 31 17 | 12
#0627-d295 @A: 17 19 08 35 | 10
#0628-d295 @A: 14 16 30 17 | 01
#0629-d295 @A: 14 07 20 17 | 09
#0630-d295 @A: 13 17 23 14 | 03
#0631-d295 @A: 14 17 32 08 | 02
#0632-d295 @A: 03 24 14 17 | 11
#0633-d295 @A: 17 20 16 34 | 06
#0634-d295 @A: 16 23 24 17 | 08
#0635-d295 @A: 17 08 16 02 | 05
#0636-d295 @A: 17 21 20 10 | 07
#0637-d295 @A: 20 31 19 17 | 04
#0638-d295 @A: 23 17 19 29 | 12
#0639-d295 @A: 17 10 23 28 | 10
#0640-d295 @A: 13 17 21 32 | 01
#0641-d295 @A: 32 30 17 29 | 09
#0642-d295 @A: 24 17 10 32 | 03
#0643-d295 @A: 09 17 28 32 | 02
#0644-d295 @A: 17 32 02 26 | 11
#0645-d295 @A: 32 03 17 31 | 06
#0646-d295 @A: 24 17 13 29 | 08
#0647-d295 @A: 10 30 13 17 | 05
#0648-d295 @A: 17 10 19 13 | 07
#0649-d295 @A: 02 13 28 17 | 04
#0650-d295 @A: 34 17 09 13 | 12
#0651-d295 @A: 21 29 28 17 | 10
#0652-d295 @A: 29 17 07 31 | 01
#0653-d295 @A: 17 02 09 29 | 09
#0654-d295 @A: 17 03 29 26 | 03
#0655-d295 @A: 29 34 08 17 | 02
#0656-d295 @A: 17 02 10 07 | 11
#0657-d295 @A: 08 26 10 17 | 06
#0658-d295 @A: 10 31 09 17 | 08
#0659-d295 @A: 17 34 03 10 | 05
#0660-d295 @A: 28 07 17 26 | 07
#0661-d295 @A: 24 28 30 17 | 04
#0662-d295 @A: 17 28 08 03 | 12
#0663-d295 @A: 17 28 34 31 | 10
#0664-d295 @A: 24 17 07 21 | 01
#0665-d295 @A: 03 07 30 17 | 09
#0666-d295 @A: 30 17 19 02 | 03
#0667-d295 @A: 21 03 17 02 | 02
#0668-d295 @A: 17 30 09 26 | 11
#0669-d295 @A: 17 21 26 34 | 06
#0670-d295 @A: 17 26 19 34 | 08
#0671-d295 @A: 08 17 31 24 | 05
#0672-d295 @A: 08 09 17 21 | 07
#0673-d295 @A: 19 17 21 09 | 04
#0674-d295 @A: 21 30 31 17 | 12
#0675-d295 @A: 25 12 31 18 | 10
#0676-d295 @A: 25 12 24 15 | 01
#0677-d295 @A: 25 12 33 28 | 09
#0678-d295 @A: 12 11 29 25 | 03
#0679-d295 @A: 25 12 01 10 | 02
#0680-d295 @A: 12 27 25 14 | 11
#0681-d295 @A: 25 27 12 19 | 06
#0682-d295 @A: 22 25 08 12 | 08
#0683-d295 @A: 21 35 12 25 | 05
#0684-d295 @A: 25 32 16 12 | 07
#0685-d295 @A: 12 25 13 20 | 04
#0686-d295 @A: 34 12 25 23 | 12
#0687-d295 @A: 25 26 12 09 | 10
#0688-d295 @A: 25 02 15 18 | 01
#0689-d295 @A: 35 25 18 33 | 09
#0690-d295 @A: 13 25 18 11 | 03
#0691-d295 @A: 18 25 03 01 | 02
#0692-d295 @A: 18 25 27 28 | 11
#0693-d295 @A: 10 25 18 22 | 06
#0694-d295 @A: 16 18 08 25 | 08
#0695-d295 @A: 20 34 18 25 | 05
#0696-d295 @A: 23 32 25 18 | 07
#0697-d295 @A: 19 25 02 18 | 04
#0698-d295 @A: 18 26 25 24 | 12
#0699-d295 @A: 25 30 21 18 | 10
#0700-d295 @A: 33 10 25 15 | 01
#0701-d295 @A: 15 01 09 25 | 09
#0702-d295 @A: 15 13 27 25 | 03
#0703-d295 @A: 14 15 25 22 | 02
#0704-d295 @A: 15 35 26 25 | 11
#0705-d295 @A: 15 07 16 25 | 06
#0706-d295 @A: 15 03 25 20 | 08
#0707-d295 @A: 23 15 25 08 | 05
#0708-d295 @A: 15 25 29 30 | 07
#0709-d295 @A: 25 10 15 19 | 04
#0710-d295 @A: 34 31 25 15 | 12
#0711-d295 @A: 33 26 25 11 | 10
#0712-d295 @A: 33 02 01 25 | 01
#0713-d295 @A: 25 33 32 27 | 09
#0714-d295 @A: 22 25 24 33 | 03
#0715-d295 @A: 14 33 25 34 | 02
#0716-d295 @A: 25 16 30 33 | 11
#0717-d295 @A: 33 21 20 25 | 06
#0718-d295 @A: 23 33 25 09 | 08
#0719-d295 @A: 29 33 13 25 | 05
#0720-d295 @A: 34 19 33 25 | 07
#0721-d295 @A: 30 11 01 25 | 04
#0722-d295 @A: 25 27 11 09 | 12
#0723-d295 @A: 34 35 11 25 | 10
#0724-d295 @A: 25 35 19 11 | 01
#0725-d295 @A: 25 14 11 21 | 09
#0726-d295 @A: 16 11 25 10 | 03
#0727-d295 @A: 25 23 20 11 | 02
#0728-d295 @A: 11 25 32 07 | 11
#0729-d295 @A: 25 11 08 28 | 06
#0730-d295 @A: 24 25 11 31 | 08
#0731-d295 @A: 27 24 25 01 | 05
#0732-d295 @A: 01 25 34 22 | 07
#0733-d295 @A: 08 35 01 25 | 04
#0734-d295 @A: 14 25 01 26 | 12
#0735-d295 @A: 01 16 21 25 | 10
#0736-d295 @A: 01 20 25 07 | 01
#0737-d295 @A: 25 29 23 01 | 09
#0738-d295 @A: 19 01 25 09 | 03
#0739-d295 @A: 22 27 26 25 | 02
#0740-d295 @A: 27 35 16 25 | 11
#0741-d295 @A: 31 27 25 20 | 06
#0742-d295 @A: 25 27 21 23 | 08
#0743-d295 @A: 25 07 27 29 | 05
#0744-d295 @A: 27 25 34 02 | 07
#0745-d295 @A: 35 22 03 25 | 04
#0746-d295 @A: 13 25 16 22 | 12
#0747-d295 @A: 25 22 20 30 | 10
#0748-d295 @A: 22 07 23 25 | 01
#0749-d295 @A: 29 09 22 25 | 09
#0750-d295 @A: 25 02 22 21 | 03
#0751-d295 @A: 25 14 28 35 | 02
#0752-d295 @A: 25 35 20 32 | 11
#0753-d295 @A: 23 35 13 25 | 06
#0754-d295 @A: 07 25 09 35 | 08
#0755-d295 @A: 02 25 24 35 | 05
#0756-d295 @A: 30 31 25 35 | 07
#0757-d295 @A: 03 16 14 25 | 04
#0758-d295 @A: 09 25 20 14 | 12
#0759-d295 @A: 23 14 25 31 | 10
#0760-d295 @A: 25 14 32 02 | 01
#0761-d295 @A: 13 25 24 14 | 09
#0762-d295 @A: 25 14 30 07 | 03
#0763-d295 @A: 02 16 20 25 | 02
#0764-d295 @A: 23 25 16 26 | 11
#0765-d295 @A: 25 19 16 32 | 06
#0766-d295 @A: 24 16 29 25 | 08
#0767-d295 @A: 10 28 20 25 | 05
#0768-d295 @A: 25 26 20 19 | 07
#0769-d295 @A: 23 25 03 28 | 04
#0770-d295 @A: 25 23 28 19 | 12
#0771-d295 @A: 34 32 25 13 | 10
#0772-d295 @A: 29 32 03 25 | 01
#0773-d295 @A: 32 25 09 10 | 09
#0774-d295 @A: 31 32 28 25 | 03
#0775-d295 @A: 32 25 30 26 | 02
#0776-d295 @A: 08 32 25 24 | 11
#0777-d295 @A: 02 10 13 25 | 06
#0778-d295 @A: 25 30 13 28 | 08
#0779-d295 @A: 07 21 25 13 | 05
#0780-d295 @A: 13 25 19 26 | 07
#0781-d295 @A: 25 13 09 08 | 04
#0782-d295 @A: 13 03 31 25 | 12
#0783-d295 @A: 10 29 25 21 | 10
#0784-d295 @A: 25 28 34 29 | 01
#0785-d295 @A: 02 31 25 29 | 09
#0786-d295 @A: 08 29 25 26 | 03
#0787-d295 @A: 34 25 07 10 | 02
#0788-d295 @A: 10 26 31 25 | 11
#0789-d295 @A: 24 30 25 10 | 06
#0790-d295 @A: 03 10 25 08 | 08
#0791-d295 @A: 24 07 28 25 | 05
#0792-d295 @A: 28 02 09 25 | 07
#0793-d295 @A: 25 28 21 26 | 04
#0794-d295 @A: 07 02 25 03 | 12
#0795-d295 @A: 08 25 07 31 | 10
#0796-d295 @A: 25 07 19 21 | 01
#0797-d295 @A: 02 08 30 25 | 09
#0798-d295 @A: 26 34 25 03 | 03
#0799-d295 @A: 09 25 34 24 | 02
#0800-d295 @A: 24 25 19 30 | 11
#0801-d295 @A: 24 25 21 03 | 06
#0802-d295 @A: 25 08 19 03 | 08
#0803-d295 @A: 25 34 08 21 | 05
#0804-d295 @A: 25 30 09 03 | 07
#0805-d295 @A: 25 21 31 09 | 04
#0806-d295 @A: 15 12 13 18 | 12
#0807-d295 @A: 18 07 12 33 | 10
#0808-d295 @A: 18 33 19 12 | 01
#0809-d295 @A: 18 11 12 34 | 09
#0810-d295 @A: 01 12 18 27 | 03
#0811-d295 @A: 24 22 18 12 | 02
#0812-d295 @A: 08 18 12 35 | 11
#0813-d295 @A: 09 18 12 14 | 06
#0814-d295 @A: 20 12 28 18 | 08
#0815-d295 @A: 23 21 12 18 | 05
#0816-d295 @A: 12 18 26 32 | 07
#0817-d295 @A: 18 30 12 03 | 04
#0818-d295 @A: 33 29 12 15 | 12
#0819-d295 @A: 30 15 11 12 | 10
#0820-d295 @A: 15 01 12 26 | 01
#0821-d295 @A: 27 09 15 12 | 09
#0822-d295 @A: 02 12 22 15 | 03
#0823-d295 @A: 35 07 12 15 | 02
#0824-d295 @A: 12 10 14 15 | 11
#0825-d295 @A: 15 16 21 12 | 06
#0826-d295 @A: 12 32 20 15 | 08
#0827-d295 @A: 23 15 12 28 | 05
#0828-d295 @A: 08 11 12 33 | 07
#0829-d295 @A: 01 16 33 12 | 04
#0830-d295 @A: 24 12 33 27 | 12
#0831-d295 @A: 32 22 12 33 | 10
#0832-d295 @A: 12 35 33 30 | 01
#0833-d295 @A: 02 14 33 12 | 09
#0834-d295 @A: 03 12 33 20 | 03
#0835-d295 @A: 33 12 23 10 | 02
#0836-d295 @A: 21 12 33 13 | 11
#0837-d295 @A: 09 34 12 33 | 06
#0838-d295 @A: 33 19 21 12 | 08
#0839-d295 @A: 12 11 28 01 | 05
#0840-d295 @A: 27 11 02 12 | 07
#0841-d295 @A: 31 12 22 11 | 04
#0842-d295 @A: 26 12 35 11 | 12
#0843-d295 @A: 24 12 16 11 | 10
#0844-d295 @A: 20 09 11 12 | 01
#0845-d295 @A: 03 23 12 11 | 09
#0846-d295 @A: 10 12 11 32 | 03
#0847-d295 @A: 19 13 12 11 | 02
#0848-d295 @A: 22 01 12 03 | 11
#0849-d295 @A: 35 29 12 01 | 06
#0850-d295 @A: 14 01 12 34 | 08
#0851-d295 @A: 20 01 31 12 | 05
#0852-d295 @A: 23 02 01 12 | 07
#0853-d295 @A: 01 21 12 32 | 04
#0854-d295 @A: 12 13 08 01 | 12
#0855-d295 @A: 19 01 12 10 | 10
#0856-d295 @A: 31 27 35 12 | 01
#0857-d295 @A: 16 27 12 30 | 09
#0858-d295 @A: 27 20 08 12 | 03
#0859-d295 @A: 26 12 27 23 | 02
#0860-d295 @A: 03 12 27 29 | 11
#0861-d295 @A: 10 12 34 27 | 06
#0862-d295 @A: 21 28 27 12 | 08
#0863-d295 @A: 12 22 35 28 | 05
#0864-d295 @A: 07 22 12 14 | 07
#0865-d295 @A: 34 22 16 12 | 04
#0866-d295 @A: 20 22 12 29 | 12
#0867-d295 @A: 22 23 13 12 | 10
#0868-d295 @A: 09 22 12 10 | 01
#0869-d295 @A: 21 12 22 30 | 09
#0870-d295 @A: 03 19 12 22 | 03
#0871-d295 @A: 35 14 12 24 | 02
#0872-d295 @A: 16 12 35 03 | 11
#0873-d295 @A: 19 35 16 12 | 06
#0874-d295 @A: 10 20 35 12 | 08
#0875-d295 @A: 35 09 23 12 | 05
#0876-d295 @A: 14 16 26 12 | 07
#0877-d295 @A: 14 12 20 30 | 04
#0878-d295 @A: 23 08 12 14 | 12
#0879-d295 @A: 32 12 14 28 | 10
#0880-d295 @A: 03 14 12 13 | 01
#0881-d295 @A: 26 14 19 12 | 09
#0882-d295 @A: 20 16 12 23 | 03
#0883-d295 @A: 29 12 16 28 | 02
#0884-d295 @A: 12 10 16 08 | 11
#0885-d295 @A: 16 12 07 31 | 06
#0886-d295 @A: 20 12 02 07 | 08
#0887-d295 @A: 24 07 12 23 | 05
#0888-d295 @A: 23 07 19 12 | 07
#0889-d295 @A: 32 13 12 07 | 04
#0890-d295 @A: 02 29 12 32 | 12
#0891-d295 @A: 32 24 30 12 | 10
#0892-d295 @A: 32 12 24 19 | 01
#0893-d295 @A: 08 12 03 32 | 09
#0894-d295 @A: 31 09 12 32 | 03
#0895-d295 @A: 29 12 34 13 | 02
#0896-d295 @A: 26 10 13 12 | 11
#0897-d295 @A: 12 24 13 28 | 06
#0898-d295 @A: 09 12 13 02 | 08
#0899-d295 @A: 31 12 13 30 | 05
#0900-d295 @A: 10 12 31 29 | 07
#0901-d295 @A: 08 12 07 29 | 04
#0902-d295 @A: 29 12 26 24 | 12
#0903-d295 @A: 29 21 12 09 | 10
#0904-d295 @A: 29 12 19 31 | 01
#0905-d295 @A: 28 10 12 07 | 09
#0906-d295 @A: 02 30 12 10 | 03
#0907-d295 @A: 12 24 10 21 | 02
#0908-d295 @A: 02 03 28 12 | 11
#0909-d295 @A: 28 31 08 12 | 06
#0910-d295 @A: 12 30 34 28 | 08
#0911-d295 @A: 07 26 12 03 | 05
#0912-d295 @A: 12 09 30 07 | 07
#0913-d295 @A: 34 07 21 12 | 04
#0914-d295 @A: 02 21 12 26 | 12
#0915-d295 @A: 24 12 02 31 | 10
#0916-d295 @A: 08 12 02 34 | 01
#0917-d295 @A: 02 09 19 12 | 09
#0918-d295 @A: 12 26 08 30 | 03
#0919-d295 @A: 26 12 31 34 | 02
#0920-d295 @A: 12 09 24 08 | 11
#0921-d295 @A: 03 12 34 24 | 06
#0922-d295 @A: 12 30 08 19 | 08
#0923-d295 @A: 12 03 21 31 | 05
#0924-d295 @A: 11 18 21 15 | 07
#0925-d295 @A: 18 15 08 01 | 04
#0926-d295 @A: 18 15 27 03 | 12
#0927-d295 @A: 18 22 15 07 | 10
#0928-d295 @A: 15 09 18 35 | 01
#0929-d295 @A: 15 14 34 18 | 09
#0930-d295 @A: 26 16 15 18 | 03
#0931-d295 @A: 24 18 20 15 | 02
#0932-d295 @A: 29 15 23 18 | 11
#0933-d295 @A: 18 15 32 28 | 06
#0934-d295 @A: 15 10 18 31 | 08
#0935-d295 @A: 15 09 19 18 | 05
#0936-d295 @A: 33 18 30 11 | 07
#0937-d295 @A: 24 33 01 18 | 04
#0938-d295 @A: 18 22 09 33 | 12
#0939-d295 @A: 32 14 18 33 | 10
#0940-d295 @A: 33 31 16 18 | 01
#0941-d295 @A: 29 33 20 18 | 09
#0942-d295 @A: 08 18 23 33 | 03
#0943-d295 @A: 26 33 18 10 | 02
#0944-d295 @A: 34 28 18 33 | 11
#0945-d295 @A: 21 18 33 03 | 06
#0946-d295 @A: 11 18 26 01 | 08
#0947-d295 @A: 11 08 27 18 | 05
#0948-d295 @A: 18 11 22 02 | 07
#0949-d295 @A: 22 18 19 11 | 04
#0950-d295 @A: 18 03 35 11 | 12
#0951-d295 @A: 18 11 28 14 | 10
#0952-d295 @A: 16 18 29 11 | 01
#0953-d295 @A: 11 31 20 18 | 09
#0954-d295 @A: 18 10 23 11 | 03
#0955-d295 @A: 22 01 18 28 | 02
#0956-d295 @A: 01 18 13 35 | 11
#0957-d295 @A: 01 18 30 14 | 06
#0958-d295 @A: 23 18 20 01 | 08
#0959-d295 @A: 18 01 21 29 | 05
#0960-d295 @A: 10 18 34 01 | 07
#0961-d295 @A: 18 19 01 28 | 04
#0962-d295 @A: 01 02 09 18 | 12
#0963-d295 @A: 22 27 18 34 | 10
#0964-d295 @A: 18 27 24 35 | 01
#0965-d295 @A: 14 27 07 18 | 09
#0966-d295 @A: 16 27 18 02 | 03
#0967-d295 @A: 20 09 18 27 | 02
#0968-d295 @A: 23 27 13 18 | 11
#0969-d295 @A: 32 18 29 27 | 06
#0970-d295 @A: 31 18 26 27 | 08
#0971-d295 @A: 22 35 18 32 | 05
#0972-d295 @A: 18 13 14 22 | 07
#0973-d295 @A: 18 16 22 03 | 04
#0974-d295 @A: 22 21 20 18 | 12
#0975-d295 @A: 18 22 30 23 | 10
#0976-d295 @A: 14 18 29 35 | 01
#0977-d295 @A: 16 18 21 35 | 09
#0978-d295 @A: 26 35 20 18 | 03
#0979-d295 @A: 31 23 35 18 | 02
#0980-d295 @A: 35 10 30 18 | 11
#0981-d295 @A: 18 31 35 19 | 06
#0982-d295 @A: 10 14 16 18 | 08
#0983-d295 @A: 20 18 14 08 | 05
#0984-d295 @A: 24 23 14 18 | 07
#0985-d295 @A: 23 19 18 14 | 04
#0986-d295 @A: 14 18 31 03 | 12
#0987-d295 @A: 07 16 18 20 | 10
#0988-d295 @A: 16 09 23 18 | 01
#0989-d295 @A: 28 30 18 16 | 09
#0990-d295 @A: 24 18 34 16 | 03
#0991-d295 @A: 02 13 18 20 | 02
#0992-d295 @A: 08 20 19 18 | 11
#0993-d295 @A: 07 23 18 02 | 06
#0994-d295 @A: 30 18 13 32 | 08
#0995-d295 @A: 10 07 18 32 | 05
#0996-d295 @A: 32 31 18 02 | 07
#0997-d295 @A: 24 18 32 09 | 04
#0998-d295 @A: 32 21 08 18 | 12
#0999-d295 @A: 18 34 03 32 | 10
#1000-d295 @A: 18 13 03 29 | 01
#1001-d295 @A: 18 28 10 13 | 09
#1002-d295 @A: 07 18 09 13 | 03
#1003-d295 @A: 08 18 26 13 | 02
#1004-d295 @A: 24 18 21 13 | 11
#1005-d295 @A: 13 18 31 34 | 06
#1006-d295 @A: 29 18 10 09 | 08
#1007-d295 @A: 31 18 28 29 | 05
#1008-d295 @A: 18 29 07 30 | 07
#1009-d295 @A: 02 18 34 29 | 04
#1010-d295 @A: 18 29 24 08 | 12
#1011-d295 @A: 29 18 24 19 | 10
#1012-d295 @A: 07 19 10 18 | 01
#1013-d295 @A: 10 21 18 02 | 09
#1014-d295 @A: 18 10 24 03 | 03
#1015-d295 @A: 18 07 28 03 | 02
#1016-d295 @A: 02 18 28 08 | 11
#1017-d295 @A: 18 09 28 26 | 06
#1018-d295 @A: 18 21 26 07 | 08
#1019-d295 @A: 31 24 07 18 | 05
#1020-d295 @A: 34 07 08 18 | 07
#1021-d295 @A: 18 03 26 02 | 04
#1022-d295 @A: 24 30 02 18 | 12
#1023-d295 @A: 34 18 30 26 | 10
#1024-d295 @A: 21 26 19 18 | 01
#1025-d295 @A: 03 08 09 18 | 09
#1026-d295 @A: 31 30 18 09 | 03
#1027-d295 @A: 21 09 18 34 | 02
#1028-d295 @A: 18 03 34 19 | 11
#1029-d295 @A: 15 11 33 24 | 06
#1030-d295 @A: 33 15 07 01 | 08
#1031-d295 @A: 27 15 26 33 | 05
#1032-d295 @A: 15 08 33 22 | 07
#1033-d295 @A: 33 15 32 35 | 04
#1034-d295 @A: 14 15 09 33 | 12
#1035-d295 @A: 15 33 03 16 | 10
#1036-d295 @A: 31 20 33 15 | 01
#1037-d295 @A: 33 23 34 15 | 09
#1038-d295 @A: 19 32 15 33 | 03
#1039-d295 @A: 13 15 28 33 | 02
#1040-d295 @A: 15 01 11 29 | 11
#1041-d295 @A: 27 07 15 11 | 06
#1042-d295 @A: 11 22 35 15 | 08
#1043-d295 @A: 26 14 15 11 | 05
#1044-d295 @A: 15 11 28 16 | 07
#1045-d295 @A: 11 15 13 20 | 04
#1046-d295 @A: 23 31 11 15 | 12
#1047-d295 @A: 02 11 10 15 | 10
#1048-d295 @A: 09 34 11 15 | 01
#1049-d295 @A: 19 15 11 30 | 09
#1050-d295 @A: 27 10 01 15 | 03
#1051-d295 @A: 22 01 15 31 | 02
#1052-d295 @A: 01 15 35 30 | 11
#1053-d295 @A: 01 14 24 15 | 06
#1054-d295 @A: 32 16 01 15 | 08
#1055-d295 @A: 20 15 01 34 | 05
#1056-d295 @A: 15 13 23 01 | 07
#1057-d295 @A: 15 22 27 21 | 04
#1058-d295 @A: 27 29 15 35 | 12
#1059-d295 @A: 15 30 27 14 | 10
#1060-d295 @A: 15 28 20 27 | 01
#1061-d295 @A: 27 15 02 23 | 09
#1062-d295 @A: 15 27 32 34 | 03
#1063-d295 @A: 09 22 15 16 | 02
#1064-d295 @A: 22 20 23 15 | 11
#1065-d295 @A: 15 20 19 22 | 06
#1066-d295 @A: 15 30 32 22 | 08
#1067-d295 @A: 13 24 22 15 | 05
#1068-d295 @A: 22 15 03 26 | 07
#1069-d295 @A: 16 31 15 35 | 04
#1070-d295 @A: 21 35 15 20 | 12
#1071-d295 @A: 35 15 03 23 | 10
#1072-d295 @A: 15 24 35 10 | 01
#1073-d295 @A: 02 35 15 28 | 09
#1074-d295 @A: 35 15 19 34 | 03
#1075-d295 @A: 15 08 14 16 | 02
#1076-d295 @A: 14 02 15 20 | 11
#1077-d295 @A: 32 14 23 15 | 06
#1078-d295 @A: 15 31 29 14 | 08
#1079-d295 @A: 15 28 14 07 | 05
#1080-d295 @A: 24 14 19 15 | 07
#1081-d295 @A: 15 10 16 20 | 04
#1082-d295 @A: 30 15 16 23 | 12
#1083-d295 @A: 34 16 15 13 | 10
#1084-d295 @A: 13 16 19 15 | 01
#1085-d295 @A: 15 29 02 16 | 09
#1086-d295 @A: 20 15 08 26 | 03
#1087-d295 @A: 21 26 23 15 | 02
#1088-d295 @A: 23 15 19 34 | 11
#1089-d295 @A: 13 15 32 26 | 06
#1090-d295 @A: 15 32 29 09 | 08
#1091-d295 @A: 15 32 08 10 | 05
#1092-d295 @A: 03 24 15 32 | 07
#1093-d295 @A: 21 32 31 15 | 04
#1094-d295 @A: 15 21 13 29 | 12
#1095-d295 @A: 13 10 15 07 | 10
#1096-d295 @A: 08 02 13 15 | 01
#1097-d295 @A: 03 13 30 15 | 09
#1098-d295 @A: 15 29 10 03 | 03
#1099-d295 @A: 15 08 29 28 | 02
#1100-d295 @A: 15 24 07 29 | 11
#1101-d295 @A: 29 26 34 15 | 06
#1102-d295 @A: 08 19 29 15 | 08
#1103-d295 @A: 10 26 15 28 | 05
#1104-d295 @A: 09 30 15 10 | 07
#1105-d295 @A: 10 15 21 34 | 04
#1106-d295 @A: 15 28 31 24 | 12
#1107-d295 @A: 28 15 21 30 | 10
#1108-d295 @A: 03 34 28 15 | 01
#1109-d295 @A: 15 02 21 07 | 09
#1110-d295 @A: 31 07 26 15 | 03
#1111-d295 @A: 30 15 08 07 | 02
#1112-d295 @A: 15 09 07 03 | 11
#1113-d295 @A: 19 15 31 07 | 06
#1114-d295 @A: 02 26 15 09 | 08
#1115-d295 @A: 34 30 15 02 | 05
#1116-d295 @A: 03 02 15 31 | 07
#1117-d295 @A: 15 21 02 19 | 04
#1118-d295 @A: 15 26 30 24 | 12
#1119-d295 @A: 19 15 03 26 | 10
#1120-d295 @A: 15 08 34 24 | 01
#1121-d295 @A: 15 21 09 24 | 09
#1122-d295 @A: 15 09 31 08 | 03
#1123-d295 @A: 21 15 03 08 | 02
#1124-d295 @A: 01 35 33 11 | 11
#1125-d295 @A: 33 21 27 11 | 06
#1126-d295 @A: 33 11 34 22 | 08
#1127-d295 @A: 14 33 29 11 | 05
#1128-d295 @A: 11 33 16 09 | 07
#1129-d295 @A: 11 20 33 10 | 04
#1130-d295 @A: 23 11 13 33 | 12
#1131-d295 @A: 09 11 19 33 | 10
#1132-d295 @A: 31 11 03 33 | 01
#1133-d295 @A: 01 30 33 27 | 09
#1134-d295 @A: 01 14 31 33 | 03
#1135-d295 @A: 33 26 01 20 | 02
#1136-d295 @A: 01 23 21 33 | 11
#1137-d295 @A: 01 29 28 33 | 06
#1138-d295 @A: 03 10 33 01 | 08
#1139-d295 @A: 01 08 33 34 | 05
#1140-d295 @A: 33 19 01 30 | 07
#1141-d295 @A: 33 03 27 22 | 04
#1142-d295 @A: 27 13 35 33 | 12
#1143-d295 @A: 27 08 33 14 | 10
#1144-d295 @A: 19 33 16 27 | 01
#1145-d295 @A: 34 20 27 33 | 09
#1146-d295 @A: 33 27 23 28 | 03
#1147-d295 @A: 33 31 29 27 | 02
#1148-d295 @A: 02 33 10 27 | 11
#1149-d295 @A: 26 22 33 35 | 06
#1150-d295 @A: 14 30 22 33 | 08
#1151-d295 @A: 16 33 22 28 | 05
#1152-d295 @A: 02 20 33 22 | 07
#1153-d295 @A: 23 22 33 29 | 04
#1154-d295 @A: 07 33 19 22 | 12
#1155-d295 @A: 21 31 33 22 | 10
#1156-d295 @A: 07 35 33 14 | 01
#1157-d295 @A: 16 33 35 34 | 09
#1158-d295 @A: 20 35 33 08 | 03
#1159-d295 @A: 19 20 35 33 | 02
#1160-d295 @A: 33 35 02 23 | 11
#1161-d295 @A: 09 35 10 33 | 06
#1162-d295 @A: 33 28 35 31 | 08
#1163-d295 @A: 14 16 21 33 | 05
#1164-d295 @A: 13 14 20 33 | 07
#1165-d295 @A: 03 33 14 23 | 04
#1166-d295 @A: 32 20 33 16 | 12
#1167-d295 @A: 23 16 33 07 | 10
#1168-d295 @A: 33 16 13 10 | 01
#1169-d295 @A: 33 16 26 02 | 09
#1170-d295 @A: 07 20 33 24 | 03
#1171-d295 @A: 23 33 24 30 | 02
#1172-d295 @A: 19 08 23 33 | 11
#1173-d295 @A: 31 13 33 32 | 06
#1174-d295 @A: 21 29 32 33 | 08
#1175-d295 @A: 32 33 34 10 | 05
#1176-d295 @A: 28 33 32 08 | 07
#1177-d295 @A: 33 32 07 30 | 04
#1178-d295 @A: 32 09 02 33 | 12
#1179-d295 @A: 03 26 33 32 | 10
#1180-d295 @A: 33 29 19 13 | 01
#1181-d295 @A: 13 07 08 33 | 09
#1182-d295 @A: 02 13 24 33 | 03
#1183-d295 @A: 33 26 34 13 | 02
#1184-d295 @A: 09 13 30 33 | 11
#1185-d295 @A: 29 24 10 33 | 06
#1186-d295 @A: 26 29 33 07 | 08
#1187-d295 @A: 29 33 08 02 | 05
#1188-d295 @A: 29 03 33 09 | 07
#1189-d295 @A: 33 30 29 34 | 04
#1190-d295 @A: 10 28 30 33 | 12
#1191-d295 @A: 10 33 28 19 | 10
#1192-d295 @A: 07 33 10 21 | 01
#1193-d295 @A: 10 31 08 33 | 09
#1194-d295 @A: 07 09 28 33 | 03
#1195-d295 @A: 02 21 28 33 | 02
#1196-d295 @A: 03 28 33 24 | 11
#1197-d295 @A: 31 33 07 02 | 06
#1198-d295 @A: 34 33 07 03 | 08
#1199-d295 @A: 30 02 03 33 | 05
#1200-d295 @A: 26 24 08 33 | 07
#1201-d295 @A: 33 21 26 09 | 04
#1202-d295 @A: 30 26 33 31 | 12
#1203-d295 @A: 24 09 33 31 | 10
#1204-d295 @A: 34 33 21 24 | 01
#1205-d295 @A: 33 31 19 24 | 09
#1206-d295 @A: 30 21 33 08 | 03
#1207-d295 @A: 01 27 31 11 | 02
#1208-d295 @A: 22 01 11 09 | 11
#1209-d295 @A: 11 01 16 07 | 06
#1210-d295 @A: 21 20 11 01 | 08
#1211-d295 @A: 01 11 20 19 | 05
#1212-d295 @A: 24 01 23 11 | 07
#1213-d295 @A: 11 03 01 32 | 04
#1214-d295 @A: 13 01 11 34 | 12
#1215-d295 @A: 24 22 27 11 | 10
#1216-d295 @A: 28 27 11 35 | 01
#1217-d295 @A: 10 14 27 11 | 09
#1218-d295 @A: 14 11 19 27 | 03
#1219-d295 @A: 16 13 27 11 | 02
#1220-d295 @A: 20 27 11 03 | 11
#1221-d295 @A: 27 11 32 23 | 06
#1222-d295 @A: 14 22 03 11 | 08
#1223-d295 @A: 32 22 16 11 | 05
#1224-d295 @A: 22 20 26 11 | 07
#1225-d295 @A: 11 28 23 22 | 04
#1226-d295 @A: 22 11 13 10 | 12
#1227-d295 @A: 11 22 21 07 | 10
#1228-d295 @A: 11 08 35 14 | 01
#1229-d295 @A: 20 02 35 11 | 09
#1230-d295 @A: 11 35 07 23 | 03
#1231-d295 @A: 35 11 32 30 | 02
#1232-d295 @A: 31 35 13 11 | 11
#1233-d295 @A: 35 11 24 09 | 06
#1234-d295 @A: 11 14 34 16 | 08
#1235-d295 @A: 20 24 11 14 | 05
#1236-d295 @A: 11 30 23 14 | 07
#1237-d295 @A: 11 32 14 09 | 04
#1238-d295 @A: 07 11 13 14 | 12
#1239-d295 @A: 02 31 11 14 | 10
#1240-d295 @A: 20 30 11 16 | 01
#1241-d295 @A: 16 21 23 11 | 09
#1242-d295 @A: 16 03 02 11 | 03
#1243-d295 @A: 11 16 19 26 | 02
#1244-d295 @A: 08 11 29 20 | 11
#1245-d295 @A: 11 26 08 23 | 06
#1246-d295 @A: 19 21 11 23 | 08
#1247-d295 @A: 32 29 13 11 | 05
#1248-d295 @A: 24 11 28 32 | 07
#1249-d295 @A: 32 02 11 21 | 04
#1250-d295 @A: 11 02 19 32 | 12
#1251-d295 @A: 26 11 32 34 | 10
#1252-d295 @A: 11 08 32 31 | 01
#1253-d295 @A: 11 09 28 13 | 09
#1254-d295 @A: 13 26 11 02 | 03
#1255-d295 @A: 13 03 11 24 | 02
#1256-d295 @A: 08 13 11 30 | 11
#1257-d295 @A: 10 29 34 11 | 06
#1258-d295 @A: 29 11 26 28 | 08
#1259-d295 @A: 03 29 07 11 | 05
#1260-d295 @A: 07 19 11 29 | 07
#1261-d295 @A: 24 11 02 29 | 04
#1262-d295 @A: 09 30 11 29 | 12
#1263-d295 @A: 29 11 21 31 | 10
#1264-d295 @A: 03 11 28 10 | 01
#1265-d295 @A: 09 07 10 11 | 09
#1266-d295 @A: 10 26 24 11 | 03
#1267-d295 @A: 10 08 11 21 | 02
#1268-d295 @A: 07 28 11 31 | 11
#1269-d295 @A: 02 30 28 11 | 06
#1270-d295 @A: 11 24 28 19 | 08
#1271-d295 @A: 21 34 11 28 | 05
#1272-d295 @A: 11 07 02 34 | 07
#1273-d295 @A: 26 11 07 30 | 04
#1274-d295 @A: 07 11 08 24 | 12
#1275-d295 @A: 11 09 02 08 | 10
#1276-d295 @A: 31 09 11 26 | 01
#1277-d295 @A: 03 26 11 21 | 09
#1278-d295 @A: 11 24 21 30 | 03
#1279-d295 @A: 34 11 03 08 | 02
#1280-d295 @A: 08 11 03 19 | 11
#1281-d295 @A: 11 31 30 34 | 06
#1282-d295 @A: 11 30 19 31 | 08
#1283-d295 @A: 01 22 13 27 | 05
#1284-d295 @A: 34 01 35 27 | 07
#1285-d295 @A: 14 21 01 27 | 04
#1286-d295 @A: 01 27 16 09 | 12
#1287-d295 @A: 01 29 27 20 | 10
#1288-d295 @A: 23 01 03 27 | 01
#1289-d295 @A: 08 32 01 27 | 09
#1290-d295 @A: 27 01 07 28 | 03
#1291-d295 @A: 21 27 19 01 | 02
#1292-d295 @A: 22 01 21 35 | 11
#1293-d295 @A: 02 14 01 22 | 06
#1294-d295 @A: 22 16 30 01 | 08
#1295-d295 @A: 22 32 20 01 | 05
#1296-d295 @A: 10 01 23 22 | 07
#1297-d295 @A: 01 29 07 22 | 04
#1298-d295 @A: 19 01 22 02 | 12
#1299-d295 @A: 08 01 24 22 | 10
#1300-d295 @A: 01 14 10 35 | 01
#1301-d295 @A: 35 16 02 01 | 09
#1302-d295 @A: 35 01 20 28 | 03
#1303-d295 @A: 01 32 23 35 | 02
#1304-d295 @A: 35 07 26 01 | 11
#1305-d295 @A: 19 01 35 26 | 06
#1306-d295 @A: 14 01 16 28 | 08
#1307-d295 @A: 14 16 01 19 | 05
#1308-d295 @A: 20 14 03 01 | 07
#1309-d295 @A: 07 01 14 23 | 04
#1310-d295 @A: 29 14 01 13 | 12
#1311-d295 @A: 20 01 08 16 | 10
#1312-d295 @A: 01 34 23 16 | 01
#1313-d295 @A: 13 16 26 01 | 09
#1314-d295 @A: 03 24 01 16 | 03
#1315-d295 @A: 30 01 20 09 | 02
#1316-d295 @A: 23 01 09 31 | 11
#1317-d295 @A: 09 32 13 01 | 06
#1318-d295 @A: 26 29 01 32 | 08
#1319-d295 @A: 28 01 32 10 | 05
#1320-d295 @A: 32 31 07 01 | 07
#1321-d295 @A: 02 32 24 01 | 04
#1322-d295 @A: 34 01 32 30 | 12
#1323-d295 @A: 13 31 01 10 | 10
#1324-d295 @A: 01 07 02 13 | 01
#1325-d295 @A: 01 30 24 13 | 09
#1326-d295 @A: 08 01 13 19 | 03
#1327-d295 @A: 21 13 01 03 | 02
#1328-d295 @A: 29 01 02 10 | 11
#1329-d295 @A: 31 24 01 29 | 06
#1330-d295 @A: 29 01 08 30 | 08
#1331-d295 @A: 34 09 29 01 | 05
#1332-d295 @A: 07 08 10 01 | 07
#1333-d295 @A: 30 10 26 01 | 04
#1334-d295 @A: 10 21 09 01 | 12
#1335-d295 @A: 01 19 07 28 | 10
#1336-d295 @A: 28 01 26 02 | 01
#1337-d295 @A: 28 24 34 01 | 09
#1338-d295 @A: 28 08 01 09 | 03
#1339-d295 @A: 03 28 01 30 | 02
#1340-d295 @A: 31 21 28 01 | 11
#1341-d295 @A: 07 01 09 24 | 06
#1342-d295 @A: 30 21 07 01 | 08
#1343-d295 @A: 08 02 01 03 | 05
#1344-d295 @A: 31 30 01 02 | 07
#1345-d295 @A: 21 01 34 02 | 04
#1346-d295 @A: 26 21 24 01 | 12
#1347-d295 @A: 26 31 01 08 | 10
#1348-d295 @A: 03 26 09 01 | 01
#1349-d295 @A: 03 19 24 01 | 09
#1350-d295 @A: 01 34 31 03 | 03
#1351-d295 @A: 34 01 19 31 | 02
#1352-d295 @A: 22 30 27 35 | 11
#1353-d295 @A: 27 22 14 28 | 06
#1354-d295 @A: 22 27 16 07 | 08
#1355-d295 @A: 22 27 20 10 | 05
#1356-d295 @A: 27 31 23 22 | 07
#1357-d295 @A: 02 27 08 22 | 04
#1358-d295 @A: 22 08 27 19 | 12
#1359-d295 @A: 14 35 27 26 | 10
#1360-d295 @A: 20 27 07 35 | 01
#1361-d295 @A: 23 35 27 08 | 09
#1362-d295 @A: 35 10 27 32 | 03
#1363-d295 @A: 27 30 35 19 | 02
#1364-d295 @A: 16 24 14 27 | 11
#1365-d295 @A: 14 32 27 20 | 06
#1366-d295 @A: 29 23 27 14 | 08
#1367-d295 @A: 14 02 03 27 | 05
#1368-d295 @A: 20 27 21 16 | 07
#1369-d295 @A: 10 27 16 23 | 04
#1370-d295 @A: 26 29 27 16 | 12
#1371-d295 @A: 28 27 16 34 | 10
#1372-d295 @A: 16 03 08 27 | 01
#1373-d295 @A: 29 19 27 20 | 09
#1374-d295 @A: 20 24 27 30 | 03
#1375-d295 @A: 27 19 23 02 | 02
#1376-d295 @A: 23 09 30 27 | 11
#1377-d295 @A: 32 27 13 02 | 06
#1378-d295 @A: 27 28 32 26 | 08
#1379-d295 @A: 27 07 24 32 | 05
#1380-d295 @A: 21 32 27 09 | 07
#1381-d295 @A: 27 31 32 30 | 04
#1382-d295 @A: 31 19 27 32 | 12
#1383-d295 @A: 29 28 27 13 | 10
#1384-d295 @A: 27 10 08 13 | 01
#1385-d295 @A: 19 28 27 13 | 09
#1386-d295 @A: 27 13 31 07 | 03
#1387-d295 @A: 26 27 03 13 | 02
#1388-d295 @A: 13 27 24 09 | 11
#1389-d295 @A: 13 21 34 27 | 06
#1390-d295 @A: 10 29 30 27 | 08
#1391-d295 @A: 27 21 02 29 | 05
#1392-d295 @A: 29 34 27 24 | 07
#1393-d295 @A: 27 29 09 08 | 04
#1394-d295 @A: 10 24 28 27 | 12
#1395-d295 @A: 07 03 27 10 | 10
#1396-d295 @A: 27 09 26 10 | 01
#1397-d295 @A: 10 21 27 31 | 09
#1398-d295 @A: 30 08 28 27 | 03
#1399-d295 @A: 28 03 27 09 | 02
#1400-d295 @A: 02 07 30 27 | 11
#1401-d295 @A: 27 08 26 07 | 06
#1402-d295 @A: 27 24 07 19 | 08
#1403-d295 @A: 07 27 34 09 | 05
#1404-d295 @A: 27 26 02 24 | 07
#1405-d295 @A: 09 31 02 27 | 04
#1406-d295 @A: 26 27 19 09 | 12
#1407-d295 @A: 26 21 27 30 | 10
#1408-d295 @A: 21 27 24 08 | 01
#1409-d295 @A: 24 27 03 31 | 09
#1410-d295 @A: 34 08 27 31 | 03
#1411-d295 @A: 27 34 03 30 | 02
#1412-d295 @A: 03 31 19 27 | 11
#1413-d295 @A: 22 16 35 29 | 06
#1414-d295 @A: 22 20 35 09 | 08
#1415-d295 @A: 23 24 22 35 | 05
#1416-d295 @A: 10 35 07 22 | 07
#1417-d295 @A: 31 35 08 22 | 04
#1418-d295 @A: 22 19 09 35 | 12
#1419-d295 @A: 14 22 16 31 | 10
#1420-d295 @A: 20 34 22 14 | 01
#1421-d295 @A: 22 14 26 23 | 09
#1422-d295 @A: 22 32 14 29 | 03
#1423-d295 @A: 13 22 14 19 | 02
#1424-d295 @A: 14 22 08 09 | 11
#1425-d295 @A: 24 16 20 22 | 06
#1426-d295 @A: 23 08 16 22 | 08
#1427-d295 @A: 22 16 23 19 | 05
#1428-d295 @A: 20 19 22 10 | 07
#1429-d295 @A: 20 22 03 28 | 04
#1430-d295 @A: 34 23 03 22 | 12
#1431-d295 @A: 32 22 03 13 | 10
#1432-d295 @A: 22 32 31 10 | 01
#1433-d295 @A: 32 28 22 21 | 09
#1434-d295 @A: 08 32 22 07 | 03
#1435-d295 @A: 32 22 34 02 | 02
#1436-d295 @A: 22 24 26 32 | 11
#1437-d295 @A: 29 22 02 13 | 06
#1438-d295 @A: 31 28 22 13 | 08
#1439-d295 @A: 30 26 22 13 | 05
#1440-d295 @A: 22 34 13 08 | 07
#1441-d295 @A: 22 13 21 09 | 04
#1442-d295 @A: 10 29 26 22 | 12
#1443-d295 @A: 22 29 28 24 | 10
#1444-d295 @A: 22 19 29 24 | 01
#1445-d295 @A: 03 08 22 29 | 09
#1446-d295 @A: 22 31 30 29 | 03
#1447-d295 @A: 22 21 34 29 | 02
#1448-d295 @A: 22 08 10 28 | 11
#1449-d295 @A: 10 22 02 24 | 06
#1450-d295 @A: 30 34 10 22 | 08
#1451-d295 @A: 03 21 22 10 | 05
#1452-d295 @A: 22 28 02 07 | 07
#1453-d295 @A: 28 34 22 26 | 04
#1454-d295 @A: 22 09 28 30 | 12
#1455-d295 @A: 22 09 26 07 | 10
#1456-d295 @A: 24 22 34 07 | 01
#1457-d295 @A: 22 03 31 07 | 09
#1458-d295 @A: 31 02 22 26 | 03
#1459-d295 @A: 22 03 02 09 | 02
#1460-d295 @A: 22 08 26 21 | 11
#1461-d295 @A: 03 30 24 22 | 06
#1462-d295 @A: 22 31 09 34 | 08
#1463-d295 @A: 22 19 30 34 | 05
#1464-d295 @A: 21 31 22 19 | 07
#1465-d295 @A: 32 14 35 16 | 04
#1466-d295 @A: 35 20 23 14 | 12
#1467-d295 @A: 13 09 35 14 | 10
#1468-d295 @A: 14 02 35 30 | 01
#1469-d295 @A: 02 19 14 35 | 09
#1470-d295 @A: 14 35 34 21 | 03
#1471-d295 @A: 16 13 20 35 | 02
#1472-d295 @A: 23 35 16 28 | 11
#1473-d295 @A: 30 26 35 16 | 06
#1474-d295 @A: 35 16 08 24 | 08
#1475-d295 @A: 35 34 03 20 | 05
#1476-d295 @A: 34 23 29 35 | 07
#1477-d295 @A: 13 32 35 28 | 04
#1478-d295 @A: 29 32 35 31 | 12
#1479-d295 @A: 21 32 07 35 | 10
#1480-d295 @A: 35 32 03 02 | 01
#1481-d295 @A: 35 24 34 32 | 09
#1482-d295 @A: 32 08 35 09 | 03
#1483-d295 @A: 29 35 13 07 | 02
#1484-d295 @A: 03 10 35 13 | 11
#1485-d295 @A: 35 07 19 13 | 06
#1486-d295 @A: 02 35 13 34 | 08
#1487-d295 @A: 35 13 24 26 | 05
#1488-d295 @A: 21 35 13 30 | 07
#1489-d295 @A: 35 29 10 08 | 04
#1490-d295 @A: 29 28 35 09 | 12
#1491-d295 @A: 19 29 35 28 | 10
#1492-d295 @A: 35 29 02 26 | 01
#1493-d295 @A: 29 24 35 30 | 09
#1494-d295 @A: 21 03 35 29 | 03
#1495-d295 @A: 35 34 28 10 | 02
#1496-d295 @A: 02 10 35 31 | 11
#1497-d295 @A: 21 10 35 26 | 06
#1498-d295 @A: 35 30 28 07 | 08
#1499-d295 @A: 28 35 26 03 | 05
#1500-d295 @A: 08 21 35 28 | 07
#1501-d295 @A: 07 02 35 08 | 04
#1502-d295 @A: 24 35 07 03 | 12
#1503-d295 @A: 35 03 19 07 | 10
#1504-d295 @A: 34 07 35 31 | 01
#1505-d295 @A: 02 21 35 09 | 09
#1506-d295 @A: 35 34 26 08 | 03
#1507-d295 @A: 35 21 31 24 | 02
#1508-d295 @A: 35 24 19 21 | 11
#1509-d295 @A: 08 35 30 03 | 06
#1510-d295 @A: 09 35 34 30 | 08
#1511-d295 @A: 31 03 35 09 | 05
#1512-d295 @A: 16 14 29 20 | 07
#1513-d295 @A: 14 16 02 23 | 04
#1514-d295 @A: 20 14 26 21 | 12
#1515-d295 @A: 10 14 23 21 | 10
#1516-d295 @A: 32 13 14 10 | 01
#1517-d295 @A: 32 34 07 14 | 09
#1518-d295 @A: 14 31 26 32 | 03
#1519-d295 @A: 21 14 24 32 | 02
#1520-d295 @A: 30 03 32 14 | 11
#1521-d295 @A: 03 32 14 19 | 06
#1522-d295 @A: 13 14 28 26 | 08
#1523-d295 @A: 13 14 21 02 | 05
#1524-d295 @A: 08 13 31 14 | 07
#1525-d295 @A: 14 34 30 13 | 04
#1526-d295 @A: 14 19 31 13 | 12
#1527-d295 @A: 28 10 14 29 | 10
#1528-d295 @A: 14 07 09 29 | 01
#1529-d295 @A: 26 29 30 14 | 09
#1530-d295 @A: 21 08 29 14 | 03
#1531-d295 @A: 19 30 14 29 | 02
#1532-d295 @A: 14 29 03 34 | 11
#1533-d295 @A: 10 14 07 24 | 06
#1534-d295 @A: 14 10 02 08 | 08
#1535-d295 @A: 10 34 14 26 | 05
#1536-d295 @A: 03 09 14 10 | 07
#1537-d295 @A: 10 30 14 31 | 04
#1538-d295 @A: 34 14 19 10 | 12
#1539-d295 @A: 24 28 02 14 | 10
#1540-d295 @A: 08 14 34 28 | 01
#1541-d295 @A: 19 28 08 14 | 09
#1542-d295 @A: 14 28 09 31 | 03
#1543-d295 @A: 28 03 14 21 | 02
#1544-d295 @A: 07 02 26 14 | 11
#1545-d295 @A: 09 19 07 14 | 06
#1546-d295 @A: 14 21 31 07 | 08
#1547-d295 @A: 34 14 02 09 | 05
#1548-d295 @A: 14 26 24 09 | 07
#1549-d295 @A: 26 08 14 03 | 04
#1550-d295 @A: 24 30 08 14 | 12
#1551-d295 @A: 24 34 14 31 | 10
#1552-d295 @A: 21 14 09 30 | 01
#1553-d295 @A: 20 19 07 16 | 09
#1554-d295 @A: 20 31 09 16 | 03
#1555-d295 @A: 32 31 23 16 | 02
#1556-d295 @A: 24 13 16 32 | 11
#1557-d295 @A: 16 32 29 34 | 06
#1558-d295 @A: 10 16 03 32 | 08
#1559-d295 @A: 28 32 16 02 | 05
#1560-d295 @A: 07 16 09 32 | 07
#1561-d295 @A: 16 32 21 26 | 04
#1562-d295 @A: 32 16 30 08 | 12
#1563-d295 @A: 29 16 13 09 | 10
#1564-d295 @A: 16 28 03 13 | 01
#1565-d295 @A: 13 16 07 30 | 09
#1566-d295 @A: 31 13 16 02 | 03
#1567-d295 @A: 08 21 16 13 | 02
#1568-d295 @A: 10 07 16 29 | 11
#1569-d295 @A: 02 16 29 19 | 06
#1570-d295 @A: 08 16 31 29 | 08
#1571-d295 @A: 29 03 30 16 | 05
#1572-d295 @A: 16 10 31 28 | 07
#1573-d295 @A: 34 16 02 10 | 04
#1574-d295 @A: 09 10 24 16 | 12
#1575-d295 @A: 30 16 10 21 | 10
#1576-d295 @A: 16 10 19 21 | 01
#1577-d295 @A: 28 16 08 07 | 09
#1578-d295 @A: 26 24 28 16 | 03
#1579-d295 @A: 16 21 28 09 | 02
#1580-d295 @A: 16 31 28 19 | 11
#1581-d295 @A: 02 16 07 24 | 06
#1582-d295 @A: 26 07 34 16 | 08
#1583-d295 @A: 16 21 03 07 | 05
#1584-d295 @A: 02 30 09 16 | 07
#1585-d295 @A: 16 34 02 19 | 04
#1586-d295 @A: 08 26 09 16 | 12
#1587-d295 @A: 31 16 26 03 | 10
#1588-d295 @A: 24 16 30 31 | 01
#1589-d295 @A: 19 16 09 08 | 09
#1590-d295 @A: 16 34 09 03 | 03
#1591-d295 @A: 34 16 31 21 | 02
#1592-d295 @A: 20 23 24 32 | 11
#1593-d295 @A: 23 30 20 13 | 06
#1594-d295 @A: 23 20 29 10 | 08
#1595-d295 @A: 23 08 28 20 | 05
#1596-d295 @A: 20 31 07 23 | 07
#1597-d295 @A: 02 09 20 23 | 04
#1598-d295 @A: 20 26 23 03 | 12
#1599-d295 @A: 20 21 34 23 | 10
#1600-d295 @A: 13 32 19 20 | 01
#1601-d295 @A: 28 29 20 32 | 09
#1602-d295 @A: 02 10 32 20 | 03
#1603-d295 @A: 07 03 20 32 | 02
#1604-d295 @A: 09 20 32 26 | 11
#1605-d295 @A: 08 32 20 34 | 06
#1606-d295 @A: 20 30 21 32 | 08
#1607-d295 @A: 29 26 20 13 | 05
#1608-d295 @A: 13 09 10 20 | 07
#1609-d295 @A: 20 13 07 28 | 04
#1610-d295 @A: 34 20 24 13 | 12
#1611-d295 @A: 03 08 20 13 | 10
#1612-d295 @A: 20 21 31 13 | 01
#1613-d295 @A: 29 21 07 20 | 09
#1614-d295 @A: 29 20 30 02 | 03
#1615-d295 @A: 20 09 24 29 | 02
#1616-d295 @A: 29 03 20 31 | 11
#1617-d295 @A: 07 20 10 26 | 06
#1618-d295 @A: 08 20 10 24 | 08
#1619-d295 @A: 10 20 30 03 | 05
#1620-d295 @A: 20 10 31 34 | 07
#1621-d295 @A: 02 20 31 28 | 04
#1622-d295 @A: 28 26 30 20 | 12
#1623-d295 @A: 20 21 24 28 | 10
#1624-d295 @A: 20 28 09 34 | 01
#1625-d295 @A: 28 34 19 20 | 09
#1626-d295 @A: 07 09 08 20 | 03
#1627-d295 @A: 20 34 30 07 | 02
#1628-d295 @A: 34 02 26 20 | 11
#1629-d295 @A: 02 20 03 24 | 06
#1630-d295 @A: 02 24 19 20 | 08
#1631-d295 @A: 08 21 02 20 | 05
#1632-d295 @A: 31 24 20 26 | 07
#1633-d295 @A: 20 31 08 30 | 04
#1634-d295 @A: 30 09 19 20 | 12
#1635-d295 @A: 09 20 21 03 | 10
#1636-d295 @A: 03 19 21 20 | 01
#1637-d295 @A: 07 23 32 29 | 09
#1638-d295 @A: 23 32 26 10 | 03
#1639-d295 @A: 32 28 23 30 | 02
#1640-d295 @A: 08 02 32 23 | 11
#1641-d295 @A: 34 09 23 32 | 06
#1642-d295 @A: 19 23 32 09 | 08
#1643-d295 @A: 23 21 03 32 | 05
#1644-d295 @A: 13 31 29 23 | 07
#1645-d295 @A: 34 23 10 13 | 04
#1646-d295 @A: 21 23 13 28 | 12
#1647-d295 @A: 26 13 07 23 | 10
#1648-d295 @A: 08 13 24 23 | 01
#1649-d295 @A: 24 19 23 13 | 09
#1650-d295 @A: 03 23 09 13 | 03
#1651-d295 @A: 29 02 28 23 | 02
#1652-d295 @A: 29 26 09 23 | 11
#1653-d295 @A: 23 24 29 03 | 06
#1654-d295 @A: 30 23 29 21 | 08
#1655-d295 @A: 10 30 23 07 | 05
#1656-d295 @A: 23 02 03 10 | 07
#1657-d295 @A: 23 24 10 31 | 04
#1658-d295 @A: 23 08 09 10 | 12
#1659-d295 @A: 23 19 10 31 | 10
#1660-d295 @A: 07 28 23 34 | 01
#1661-d295 @A: 28 26 23 31 | 09
#1662-d295 @A: 24 09 23 28 | 03
#1663-d295 @A: 23 03 08 07 | 02
#1664-d295 @A: 21 09 23 07 | 11
#1665-d295 @A: 02 23 26 30 | 06
#1666-d295 @A: 24 02 23 21 | 08
#1667-d295 @A: 34 23 02 31 | 05
#1668-d295 @A: 34 24 26 23 | 07
#1669-d295 @A: 23 19 26 30 | 04
#1670-d295 @A: 30 08 23 34 | 12
#1671-d295 @A: 21 23 08 31 | 10
#1672-d295 @A: 23 31 03 30 | 01
#1673-d295 @A: 29 26 19 32 | 09
#1674-d295 @A: 32 10 30 19 | 03
#1675-d295 @A: 21 32 28 19 | 02
#1676-d295 @A: 34 32 07 19 | 11
#1677-d295 @A: 19 08 21 32 | 06
#1678-d295 @A: 13 03 02 19 | 08
#1679-d295 @A: 09 34 13 19 | 05
#1680-d295 @A: 13 21 30 19 | 07
#1681-d295 @A: 09 19 10 29 | 04
#1682-d295 @A: 21 19 34 29 | 12
#1683-d295 @A: 26 24 19 10 | 10
#1684-d295 @A: 09 03 19 10 | 01
#1685-d295 @A: 02 26 28 19 | 09
#1686-d295 @A: 19 30 28 03 | 03
#1687-d295 @A: 19 08 07 26 | 02
#1688-d295 @A: 31 19 08 02 | 11
#1689-d295 @A: 24 08 34 19 | 06
