#0001-d122 @A: 29 16 30 06 | 01
#0002-d122 @A: 22 30 16 05 | 07
#0003-d122 @A: 06 04 16 33 | 11
#0004-d122 @A: 04 23 16 19 | 08
#0005-d122 @A: 16 29 12 04 | 03
#0006-d122 @A: 26 07 04 16 | 06
#0007-d122 @A: 23 16 13 17 | 02
#0008-d122 @A: 31 19 17 16 | 05
#0009-d122 @A: 08 16 09 18 | 10
#0010-d122 @A: 25 01 23 16 | 04
#0011-d122 @A: 32 12 08 16 | 09
#0012-d122 @A: 11 24 35 16 | 12
#0013-d122 @A: 10 21 22 16 | 01
#0014-d122 @A: 16 27 29 14 | 07
#0015-d122 @A: 16 15 14 03 | 11
#0016-d122 @A: 28 34 16 08 | 08
#0017-d122 @A: 33 16 05 09 | 03
#0018-d122 @A: 21 29 15 16 | 06
#0019-d122 @A: 31 05 06 30 | 02
#0020-d122 @A: 20 30 06 32 | 05
#0021-d122 @A: 31 30 04 20 | 10
#0022-d122 @A: 04 18 17 30 | 04
#0023-d122 @A: 26 23 04 30 | 09
#0024-d122 @A: 17 30 19 33 | 12
#0025-d122 @A: 30 19 07 05 | 01
#0026-d122 @A: 18 15 30 01 | 07
#0027-d122 @A: 30 01 34 35 | 11
#0028-d122 @A: 25 26 30 08 | 08
#0029-d122 @A: 32 30 27 02 | 03
#0030-d122 @A: 14 09 30 17 | 06
#0031-d122 @A: 29 32 30 14 | 02
#0032-d122 @A: 33 23 21 30 | 05
#0033-d122 @A: 25 30 10 05 | 10
#0034-d122 @A: 02 10 20 30 | 04
#0035-d122 @A: 02 26 04 06 | 09
#0036-d122 @A: 22 04 05 06 | 12
#0037-d122 @A: 13 22 06 12 | 01
#0038-d122 @A: 06 20 23 19 | 07
#0039-d122 @A: 06 31 21 22 | 11
#0040-d122 @A: 06 25 14 31 | 08
#0041-d122 @A: 01 18 28 06 | 03
#0042-d122 @A: 20 06 18 33 | 06
#0043-d122 @A: 12 07 06 11 | 02
#0044-d122 @A: 26 06 24 08 | 05
#0045-d122 @A: 35 24 27 06 | 10
#0046-d122 @A: 23 06 14 10 | 04
#0047-d122 @A: 21 06 03 35 | 09
#0048-d122 @A: 21 04 13 01 | 12
#0049-d122 @A: 35 04 15 13 | 01
#0050-d122 @A: 10 35 19 04 | 07
#0051-d122 @A: 04 09 12 31 | 11
#0052-d122 @A: 04 10 18 32 | 08
#0053-d122 @A: 09 11 04 08 | 03
#0054-d122 @A: 26 04 35 08 | 06
#0055-d122 @A: 04 34 15 25 | 02
#0056-d122 @A: 04 15 28 05 | 05
#0057-d122 @A: 23 13 31 26 | 10
#0058-d122 @A: 31 08 13 32 | 04
#0059-d122 @A: 13 18 22 14 | 09
#0060-d122 @A: 09 35 22 13 | 12
#0061-d122 @A: 13 32 25 24 | 01
#0062-d122 @A: 05 03 13 34 | 07
#0063-d122 @A: 13 23 33 10 | 11
#0064-d122 @A: 13 09 33 28 | 08
#0065-d122 @A: 25 23 13 28 | 03
#0066-d122 @A: 13 29 28 20 | 06
#0067-d122 @A: 19 01 15 14 | 02
#0068-d122 @A: 19 12 02 17 | 05
#0069-d122 @A: 11 08 14 19 | 10
#0070-d122 @A: 11 29 32 19 | 04
#0071-d122 @A: 19 22 23 27 | 09
#0072-d122 @A: 25 17 19 14 | 12
#0073-d122 @A: 34 02 19 10 | 01
#0074-d122 @A: 08 33 03 19 | 07
#0075-d122 @A: 19 33 02 23 | 11
#0076-d122 @A: 29 19 02 15 | 08
#0077-d122 @A: 31 03 35 18 | 03
#0078-d122 @A: 31 12 03 17 | 06
#0079-d122 @A: 31 33 11 27 | 02
#0080-d122 @A: 33 31 35 26 | 05
#0081-d122 @A: 24 31 29 27 | 10
#0082-d122 @A: 20 31 07 03 | 04
#0083-d122 @A: 09 02 31 29 | 09
#0084-d122 @A: 24 34 01 18 | 12
#0085-d122 @A: 22 18 20 17 | 01
#0086-d122 @A: 18 34 21 07 | 07
#0087-d122 @A: 07 18 33 09 | 11
#0088-d122 @A: 18 03 02 09 | 08
#0089-d122 @A: 03 18 08 25 | 03
#0090-d122 @A: 27 01 11 12 | 06
#0091-d122 @A: 07 05 01 11 | 02
#0092-d122 @A: 01 17 09 35 | 05
#0093-d122 @A: 07 01 08 34 | 10
#0094-d122 @A: 01 02 07 03 | 04
#0095-d122 @A: 03 01 09 25 | 09
#0096-d122 @A: 15 03 21 01 | 12
#0097-d122 @A: 12 34 35 26 | 01
#0098-d122 @A: 23 12 15 10 | 07
#0099-d122 @A: 12 08 21 05 | 11
#0100-d122 @A: 29 10 12 08 | 08
#0101-d122 @A: 26 22 11 33 | 03
#0102-d122 @A: 26 20 11 17 | 06
#0103-d122 @A: 15 14 11 22 | 02
#0104-d122 @A: 11 10 17 22 | 05
#0105-d122 @A: 14 33 03 11 | 10
#0106-d122 @A: 09 23 24 11 | 04
#0107-d122 @A: 10 09 11 28 | 09
#0108-d122 @A: 27 26 35 21 | 12
#0109-d122 @A: 26 05 17 21 | 01
#0110-d122 @A: 26 10 29 34 | 07
#0111-d122 @A: 26 07 28 29 | 11
#0112-d122 @A: 09 22 07 27 | 08
#0113-d122 @A: 14 22 29 17 | 03
#0114-d122 @A: 14 22 33 24 | 06
#0115-d122 @A: 29 07 22 34 | 02
#0116-d122 @A: 22 25 21 28 | 05
#0117-d122 @A: 32 27 05 08 | 10
#0118-d122 @A: 27 08 02 34 | 04
#0119-d122 @A: 33 27 28 10 | 09
#0120-d122 @A: 27 08 20 10 | 12
#0121-d122 @A: 09 34 14 08 | 01
#0122-d122 @A: 09 03 14 20 | 07
#0123-d122 @A: 20 14 15 08 | 11
#0124-d122 @A: 28 25 34 17 | 08
#0125-d122 @A: 08 29 28 17 | 03
#0126-d122 @A: 32 35 21 23 | 06
#0127-d122 @A: 35 25 32 05 | 02
#0128-d122 @A: 23 03 34 32 | 05
#0129-d122 @A: 10 23 32 25 | 10
#0130-d122 @A: 24 08 23 32 | 04
#0131-d122 @A: 25 32 02 29 | 09
#0132-d122 @A: 08 35 20 34 | 12
#0133-d122 @A: 33 35 28 23 | 01
#0134-d122 @A: 20 24 08 33 | 07
#0135-d122 @A: 13 16 25 09 | 11
#0136-d122 @A: 14 19 28 16 | 08
#0137-d122 @A: 31 16 25 03 | 03
#0138-d122 @A: 18 16 05 14 | 06
#0139-d122 @A: 35 18 07 16 | 02
#0140-d122 @A: 17 16 26 01 | 05
#0141-d122 @A: 16 01 02 34 | 10
#0142-d122 @A: 15 16 35 12 | 04
#0143-d122 @A: 11 27 02 16 | 09
#0144-d122 @A: 11 16 25 08 | 12
#0145-d122 @A: 16 17 32 25 | 01
#0146-d122 @A: 34 16 21 25 | 07
#0147-d122 @A: 29 02 33 16 | 11
#0148-d122 @A: 05 10 16 28 | 08
#0149-d122 @A: 11 08 30 06 | 03
#0150-d122 @A: 03 11 30 04 | 06
#0151-d122 @A: 30 03 13 27 | 02
#0152-d122 @A: 30 19 03 35 | 05
#0153-d122 @A: 09 30 22 01 | 10
#0154-d122 @A: 11 24 03 30 | 04
#0155-d122 @A: 28 22 30 02 | 09
#0156-d122 @A: 25 27 30 20 | 12
#0157-d122 @A: 30 03 14 02 | 01
#0158-d122 @A: 17 23 32 30 | 07
#0159-d122 @A: 10 29 30 09 | 11
#0160-d122 @A: 10 04 06 01 | 08
#0161-d122 @A: 04 06 11 28 | 03
#0162-d122 @A: 34 19 35 06 | 06
#0163-d122 @A: 06 31 01 33 | 02
#0164-d122 @A: 18 06 12 21 | 05
#0165-d122 @A: 18 09 32 06 | 10
#0166-d122 @A: 29 06 18 10 | 04
#0167-d122 @A: 11 06 27 20 | 09
#0168-d122 @A: 24 11 34 06 | 12
#0169-d122 @A: 15 06 05 33 | 01
#0170-d122 @A: 05 03 23 06 | 07
#0171-d122 @A: 06 02 08 10 | 11
#0172-d122 @A: 13 04 34 11 | 08
#0173-d122 @A: 04 24 13 14 | 03
#0174-d122 @A: 34 08 19 04 | 06
#0175-d122 @A: 26 04 21 18 | 02
#0176-d122 @A: 07 17 04 11 | 05
#0177-d122 @A: 22 32 04 29 | 10
#0178-d122 @A: 10 04 22 15 | 04
#0179-d122 @A: 34 04 21 14 | 09
#0180-d122 @A: 05 02 14 04 | 12
#0181-d122 @A: 23 09 25 04 | 01
#0182-d122 @A: 04 25 10 20 | 07
#0183-d122 @A: 32 19 33 13 | 11
#0184-d122 @A: 18 13 01 07 | 08
#0185-d122 @A: 13 26 01 34 | 03
#0186-d122 @A: 01 10 13 17 | 06
#0187-d122 @A: 23 12 21 13 | 02
#0188-d122 @A: 13 22 08 11 | 05
#0189-d122 @A: 20 11 24 13 | 10
#0190-d122 @A: 29 26 32 13 | 04
#0191-d122 @A: 09 26 03 13 | 09
#0192-d122 @A: 27 05 22 13 | 12
#0193-d122 @A: 32 10 13 22 | 01
#0194-d122 @A: 17 13 35 25 | 07
#0195-d122 @A: 07 33 13 15 | 11
#0196-d122 @A: 08 13 02 20 | 08
#0197-d122 @A: 31 19 11 26 | 03
#0198-d122 @A: 28 31 35 19 | 06
#0199-d122 @A: 19 18 28 17 | 02
#0200-d122 @A: 22 34 19 01 | 05
#0201-d122 @A: 29 19 12 22 | 10
#0202-d122 @A: 35 19 22 33 | 04
#0203-d122 @A: 07 20 19 22 | 09
#0204-d122 @A: 05 19 25 09 | 12
#0205-d122 @A: 29 19 25 08 | 01
#0206-d122 @A: 25 17 18 31 | 07
#0207-d122 @A: 01 20 22 31 | 11
#0208-d122 @A: 01 17 31 29 | 08
#0209-d122 @A: 25 11 12 31 | 03
#0210-d122 @A: 12 29 31 32 | 06
#0211-d122 @A: 31 22 26 08 | 02
#0212-d122 @A: 31 21 24 32 | 05
#0213-d122 @A: 10 31 34 33 | 10
#0214-d122 @A: 10 31 09 03 | 04
#0215-d122 @A: 10 18 14 26 | 09
#0216-d122 @A: 35 15 18 26 | 12
#0217-d122 @A: 18 07 27 02 | 01
#0218-d122 @A: 05 34 18 02 | 07
#0219-d122 @A: 18 20 07 10 | 11
#0220-d122 @A: 08 18 05 23 | 08
#0221-d122 @A: 01 03 23 11 | 03
#0222-d122 @A: 01 26 23 35 | 06
#0223-d122 @A: 21 01 32 27 | 02
#0224-d122 @A: 01 17 14 28 | 05
#0225-d122 @A: 02 35 10 01 | 10
#0226-d122 @A: 28 34 01 03 | 04
#0227-d122 @A: 33 09 01 21 | 09
#0228-d122 @A: 10 20 33 01 | 12
#0229-d122 @A: 21 01 29 07 | 01
#0230-d122 @A: 10 12 17 32 | 07
#0231-d122 @A: 08 03 07 12 | 11
#0232-d122 @A: 20 03 12 10 | 08
#0233-d122 @A: 09 14 35 11 | 03
#0234-d122 @A: 34 20 33 11 | 06
#0235-d122 @A: 21 29 11 25 | 02
#0236-d122 @A: 25 26 27 14 | 05
#0237-d122 @A: 02 26 14 17 | 10
#0238-d122 @A: 26 23 25 34 | 04
#0239-d122 @A: 34 20 26 28 | 09
#0240-d122 @A: 33 29 26 09 | 12
#0241-d122 @A: 26 07 23 02 | 01
#0242-d122 @A: 24 22 35 17 | 07
#0243-d122 @A: 33 28 22 20 | 11
#0244-d122 @A: 03 28 08 22 | 08
#0245-d122 @A: 25 17 10 27 | 03
#0246-d122 @A: 34 33 27 23 | 06
#0247-d122 @A: 03 27 20 23 | 02
#0248-d122 @A: 08 07 27 23 | 05
#0249-d122 @A: 28 02 24 27 | 10
#0250-d122 @A: 14 07 33 34 | 04
#0251-d122 @A: 14 07 29 10 | 09
#0252-d122 @A: 14 07 08 24 | 12
#0253-d122 @A: 23 29 14 20 | 01
#0254-d122 @A: 09 14 24 20 | 07
#0255-d122 @A: 34 17 07 05 | 11
#0256-d122 @A: 05 17 33 23 | 08
#0257-d122 @A: 33 15 29 17 | 03
#0258-d122 @A: 17 07 29 23 | 06
#0259-d122 @A: 34 08 21 32 | 02
#0260-d122 @A: 02 23 28 32 | 05
#0261-d122 @A: 10 08 09 32 | 10
#0262-d122 @A: 20 28 32 05 | 04
#0263-d122 @A: 05 35 02 03 | 09
#0264-d122 @A: 05 35 21 09 | 12
#0265-d122 @A: 15 10 25 35 | 01
#0266-d122 @A: 03 07 24 20 | 07
#0267-d122 @A: 24 29 15 21 | 11
#0268-d122 @A: 16 23 12 06 | 08
#0269-d122 @A: 21 16 26 13 | 03
#0270-d122 @A: 31 16 22 29 | 06
#0271-d122 @A: 01 18 16 10 | 02
#0272-d122 @A: 01 16 14 07 | 05
#0273-d122 @A: 24 01 25 16 | 10
#0274-d122 @A: 08 14 16 26 | 04
#0275-d122 @A: 20 17 27 16 | 09
#0276-d122 @A: 23 16 14 32 | 12
#0277-d122 @A: 33 28 16 07 | 01
#0278-d122 @A: 17 30 06 10 | 07
#0279-d122 @A: 13 09 30 31 | 11
#0280-d122 @A: 30 13 22 29 | 08
#0281-d122 @A: 18 26 02 30 | 03
#0282-d122 @A: 30 18 32 03 | 06
#0283-d122 @A: 01 30 23 12 | 02
#0284-d122 @A: 30 01 21 20 | 05
#0285-d122 @A: 30 27 17 12 | 10
#0286-d122 @A: 32 15 30 11 | 04
#0287-d122 @A: 17 30 26 29 | 09
#0288-d122 @A: 15 33 30 35 | 12
#0289-d122 @A: 30 28 34 07 | 01
#0290-d122 @A: 06 21 04 19 | 07
#0291-d122 @A: 06 19 18 08 | 11
#0292-d122 @A: 25 01 06 19 | 08
#0293-d122 @A: 02 31 12 06 | 03
#0294-d122 @A: 29 31 06 28 | 06
#0295-d122 @A: 06 24 14 01 | 02
#0296-d122 @A: 06 17 29 12 | 05
#0297-d122 @A: 21 14 11 06 | 10
#0298-d122 @A: 17 03 11 06 | 04
#0299-d122 @A: 06 02 11 32 | 09
#0300-d122 @A: 10 06 35 27 | 12
#0301-d122 @A: 25 29 33 06 | 01
#0302-d122 @A: 15 06 23 08 | 07
#0303-d122 @A: 13 04 05 26 | 11
#0304-d122 @A: 31 34 04 32 | 08
#0305-d122 @A: 26 01 09 04 | 03
#0306-d122 @A: 01 04 23 14 | 06
#0307-d122 @A: 12 25 04 17 | 02
#0308-d122 @A: 04 11 32 33 | 05
#0309-d122 @A: 34 17 04 26 | 10
#0310-d122 @A: 04 32 15 26 | 04
#0311-d122 @A: 07 26 04 24 | 09
#0312-d122 @A: 22 17 28 04 | 12
#0313-d122 @A: 34 24 04 22 | 01
#0314-d122 @A: 27 32 03 04 | 07
#0315-d122 @A: 27 24 21 04 | 11
#0316-d122 @A: 17 04 32 08 | 08
#0317-d122 @A: 10 23 02 04 | 03
#0318-d122 @A: 31 15 18 13 | 06
#0319-d122 @A: 25 02 31 13 | 02
#0320-d122 @A: 05 32 18 13 | 05
#0321-d122 @A: 27 13 11 21 | 10
#0322-d122 @A: 27 15 02 13 | 04
#0323-d122 @A: 15 14 34 13 | 09
#0324-d122 @A: 17 13 34 24 | 12
#0325-d122 @A: 20 34 13 07 | 01
#0326-d122 @A: 34 13 25 10 | 07
#0327-d122 @A: 13 05 29 33 | 11
#0328-d122 @A: 13 02 07 10 | 08
#0329-d122 @A: 28 13 21 08 | 03
#0330-d122 @A: 05 10 31 19 | 06
#0331-d122 @A: 26 19 20 18 | 02
#0332-d122 @A: 18 19 27 09 | 05
#0333-d122 @A: 15 26 12 19 | 10
#0334-d122 @A: 19 03 27 11 | 04
#0335-d122 @A: 19 26 23 28 | 09
#0336-d122 @A: 24 05 22 19 | 12
#0337-d122 @A: 32 27 19 07 | 01
#0338-d122 @A: 19 07 29 03 | 07
#0339-d122 @A: 11 24 31 23 | 11
#0340-d122 @A: 29 05 14 31 | 08
#0341-d122 @A: 31 35 20 17 | 03
#0342-d122 @A: 28 31 21 34 | 06
#0343-d122 @A: 03 24 02 31 | 02
#0344-d122 @A: 31 28 15 07 | 05
#0345-d122 @A: 08 18 27 24 | 10
#0346-d122 @A: 14 18 09 23 | 04
#0347-d122 @A: 10 35 17 18 | 09
#0348-d122 @A: 08 17 33 18 | 12
#0349-d122 @A: 34 25 33 18 | 01
#0350-d122 @A: 18 23 07 25 | 07
#0351-d122 @A: 20 02 18 28 | 11
#0352-d122 @A: 28 01 12 26 | 08
#0353-d122 @A: 17 27 01 08 | 03
#0354-d122 @A: 34 01 05 25 | 06
#0355-d122 @A: 10 08 03 01 | 02
#0356-d122 @A: 21 02 25 01 | 05
#0357-d122 @A: 20 01 02 29 | 10
#0358-d122 @A: 12 24 32 11 | 04
#0359-d122 @A: 12 14 26 24 | 09
#0360-d122 @A: 29 27 12 33 | 12
#0361-d122 @A: 20 12 02 27 | 01
#0362-d122 @A: 09 25 12 10 | 07
#0363-d122 @A: 25 28 12 05 | 11
#0364-d122 @A: 26 11 27 08 | 08
#0365-d122 @A: 11 26 14 28 | 03
#0366-d122 @A: 34 32 22 11 | 06
#0367-d122 @A: 17 11 14 24 | 02
#0368-d122 @A: 14 11 05 32 | 05
#0369-d122 @A: 08 34 11 10 | 10
#0370-d122 @A: 11 33 02 10 | 04
#0371-d122 @A: 10 07 25 11 | 09
#0372-d122 @A: 17 22 09 26 | 12
#0373-d122 @A: 26 07 22 32 | 01
#0374-d122 @A: 34 26 07 27 | 07
#0375-d122 @A: 27 24 10 26 | 11
#0376-d122 @A: 26 24 32 03 | 08
#0377-d122 @A: 33 03 23 26 | 03
#0378-d122 @A: 24 26 02 09 | 06
#0379-d122 @A: 32 17 22 02 | 02
#0380-d122 @A: 05 32 22 23 | 05
#0381-d122 @A: 22 09 21 34 | 10
#0382-d122 @A: 23 15 09 22 | 04
#0383-d122 @A: 20 10 22 23 | 09
#0384-d122 @A: 09 22 05 29 | 12
#0385-d122 @A: 14 32 35 27 | 01
#0386-d122 @A: 09 34 28 27 | 07
#0387-d122 @A: 33 15 08 27 | 11
#0388-d122 @A: 27 25 33 02 | 08
#0389-d122 @A: 05 03 28 27 | 03
#0390-d122 @A: 05 27 02 09 | 06
#0391-d122 @A: 17 14 03 32 | 02
#0392-d122 @A: 14 32 28 25 | 05
#0393-d122 @A: 14 34 02 28 | 10
#0394-d122 @A: 03 24 14 10 | 04
#0395-d122 @A: 09 28 14 29 | 09
#0396-d122 @A: 17 34 02 33 | 12
#0397-d122 @A: 34 15 23 17 | 01
#0398-d122 @A: 03 10 05 17 | 07
#0399-d122 @A: 32 28 34 10 | 11
#0400-d122 @A: 29 07 32 08 | 08
#0401-d122 @A: 05 35 20 33 | 03
#0402-d122 @A: 29 35 07 24 | 06
#0403-d122 @A: 30 07 09 16 | 02
#0404-d122 @A: 05 16 04 17 | 05
#0405-d122 @A: 13 10 16 35 | 10
#0406-d122 @A: 10 03 16 19 | 04
#0407-d122 @A: 15 31 01 16 | 09
#0408-d122 @A: 31 27 09 16 | 12
#0409-d122 @A: 28 31 23 16 | 01
#0410-d122 @A: 15 18 16 11 | 07
#0411-d122 @A: 16 23 18 22 | 11
#0412-d122 @A: 11 14 16 12 | 08
#0413-d122 @A: 11 16 35 23 | 03
#0414-d122 @A: 20 35 16 14 | 06
#0415-d122 @A: 16 32 29 34 | 02
#0416-d122 @A: 07 21 24 16 | 05
#0417-d122 @A: 24 15 16 09 | 10
#0418-d122 @A: 15 05 16 08 | 04
#0419-d122 @A: 06 12 30 25 | 09
#0420-d122 @A: 33 12 04 30 | 12
#0421-d122 @A: 15 30 13 12 | 01
#0422-d122 @A: 30 11 31 17 | 07
#0423-d122 @A: 18 33 14 30 | 11
#0424-d122 @A: 30 27 15 26 | 08
#0425-d122 @A: 25 24 30 22 | 03
#0426-d122 @A: 07 30 24 27 | 06
#0427-d122 @A: 28 03 30 17 | 02
#0428-d122 @A: 08 30 17 21 | 05
#0429-d122 @A: 34 15 30 10 | 10
#0430-d122 @A: 33 09 30 02 | 04
#0431-d122 @A: 30 33 25 28 | 09
#0432-d122 @A: 30 07 08 20 | 12
#0433-d122 @A: 21 05 30 02 | 01
#0434-d122 @A: 28 10 30 08 | 07
#0435-d122 @A: 04 06 18 25 | 11
#0436-d122 @A: 13 10 06 26 | 08
#0437-d122 @A: 13 32 06 21 | 03
#0438-d122 @A: 18 06 19 24 | 06
#0439-d122 @A: 06 09 12 19 | 02
#0440-d122 @A: 31 06 24 33 | 05
#0441-d122 @A: 26 06 17 18 | 10
#0442-d122 @A: 22 03 06 18 | 04
#0443-d122 @A: 01 06 27 05 | 09
#0444-d122 @A: 27 12 03 06 | 12
#0445-d122 @A: 28 33 06 12 | 01
#0446-d122 @A: 12 05 06 10 | 07
#0447-d122 @A: 35 11 25 06 | 11
#0448-d122 @A: 06 27 22 08 | 08
#0449-d122 @A: 06 20 22 34 | 03
#0450-d122 @A: 06 17 14 20 | 06
#0451-d122 @A: 33 07 06 02 | 02
#0452-d122 @A: 06 07 29 09 | 05
#0453-d122 @A: 20 15 06 07 | 10
#0454-d122 @A: 25 23 06 21 | 04
#0455-d122 @A: 22 04 13 23 | 09
#0456-d122 @A: 07 04 14 13 | 12
#0457-d122 @A: 17 04 13 29 | 01
#0458-d122 @A: 18 04 31 01 | 07
#0459-d122 @A: 04 08 18 27 | 11
#0460-d122 @A: 01 03 17 04 | 08
#0461-d122 @A: 15 11 04 12 | 03
#0462-d122 @A: 11 27 04 05 | 06
#0463-d122 @A: 04 14 22 27 | 02
#0464-d122 @A: 02 17 35 04 | 05
#0465-d122 @A: 03 24 04 35 | 10
#0466-d122 @A: 04 03 10 34 | 04
#0467-d122 @A: 15 04 10 24 | 09
#0468-d122 @A: 20 21 04 28 | 12
#0469-d122 @A: 13 28 19 27 | 01
#0470-d122 @A: 31 33 13 12 | 07
#0471-d122 @A: 34 35 31 13 | 11
#0472-d122 @A: 13 18 24 07 | 08
#0473-d122 @A: 02 22 01 13 | 03
#0474-d122 @A: 10 12 13 11 | 06
#0475-d122 @A: 34 09 13 12 | 02
#0476-d122 @A: 13 17 26 27 | 05
#0477-d122 @A: 02 13 33 14 | 10
#0478-d122 @A: 13 03 02 17 | 04
#0479-d122 @A: 23 13 35 05 | 09
#0480-d122 @A: 15 13 29 03 | 12
#0481-d122 @A: 13 07 21 05 | 01
#0482-d122 @A: 10 13 21 15 | 07
#0483-d122 @A: 13 24 02 10 | 11
#0484-d122 @A: 22 31 19 02 | 08
#0485-d122 @A: 32 31 19 23 | 03
#0486-d122 @A: 23 18 19 35 | 06
#0487-d122 @A: 32 14 19 10 | 02
#0488-d122 @A: 35 14 21 19 | 05
#0489-d122 @A: 14 33 05 19 | 10
#0490-d122 @A: 03 34 19 15 | 04
#0491-d122 @A: 34 19 29 20 | 09
#0492-d122 @A: 15 10 07 19 | 12
#0493-d122 @A: 19 05 28 29 | 01
#0494-d122 @A: 12 28 31 18 | 07
#0495-d122 @A: 31 11 21 18 | 11
#0496-d122 @A: 18 22 09 31 | 08
#0497-d122 @A: 32 25 27 31 | 03
#0498-d122 @A: 08 31 02 17 | 06
#0499-d122 @A: 34 08 05 31 | 02
#0500-d122 @A: 31 21 15 23 | 05
#0501-d122 @A: 22 32 18 35 | 10
#0502-d122 @A: 22 34 10 18 | 04
#0503-d122 @A: 32 27 18 28 | 09
#0504-d122 @A: 18 03 07 05 | 12
#0505-d122 @A: 27 14 09 01 | 01
#0506-d122 @A: 14 05 35 01 | 07
#0507-d122 @A: 09 10 34 01 | 11
#0508-d122 @A: 20 01 34 15 | 08
#0509-d122 @A: 23 01 07 24 | 03
#0510-d122 @A: 29 25 01 10 | 06
#0511-d122 @A: 11 34 12 05 | 02
#0512-d122 @A: 12 11 08 33 | 05
#0513-d122 @A: 27 23 12 26 | 10
#0514-d122 @A: 26 05 32 12 | 04
#0515-d122 @A: 14 12 02 32 | 09
#0516-d122 @A: 12 35 14 10 | 12
#0517-d122 @A: 15 12 14 29 | 01
#0518-d122 @A: 35 17 28 12 | 07
#0519-d122 @A: 17 15 12 05 | 11
#0520-d122 @A: 33 34 03 12 | 08
#0521-d122 @A: 09 03 24 12 | 03
#0522-d122 @A: 12 08 28 23 | 06
#0523-d122 @A: 32 11 03 26 | 02
#0524-d122 @A: 11 34 27 35 | 05
#0525-d122 @A: 10 11 20 32 | 10
#0526-d122 @A: 03 25 34 11 | 04
#0527-d122 @A: 15 11 33 09 | 09
#0528-d122 @A: 25 28 11 02 | 12
#0529-d122 @A: 26 28 32 17 | 01
#0530-d122 @A: 10 03 26 07 | 07
#0531-d122 @A: 17 22 35 21 | 11
#0532-d122 @A: 07 25 03 22 | 08
#0533-d122 @A: 08 07 22 10 | 03
#0534-d122 @A: 23 17 35 27 | 06
#0535-d122 @A: 23 27 21 28 | 02
#0536-d122 @A: 27 08 09 29 | 05
#0537-d122 @A: 23 14 02 15 | 10
#0538-d122 @A: 09 25 14 15 | 04
#0539-d122 @A: 32 17 09 24 | 09
#0540-d122 @A: 17 07 20 02 | 12
#0541-d122 @A: 28 17 23 20 | 01
#0542-d122 @A: 29 32 23 15 | 07
#0543-d122 @A: 21 32 15 28 | 11
#0544-d122 @A: 15 23 35 03 | 08
#0545-d122 @A: 35 10 03 28 | 03
#0546-d122 @A: 28 08 03 24 | 06
#0547-d122 @A: 16 10 14 30 | 02
#0548-d122 @A: 16 19 07 06 | 05
#0549-d122 @A: 16 06 35 05 | 10
#0550-d122 @A: 10 06 16 25 | 04
#0551-d122 @A: 11 16 10 04 | 09
#0552-d122 @A: 04 22 08 16 | 12
#0553-d122 @A: 16 13 19 15 | 01
#0554-d122 @A: 13 34 16 22 | 07
#0555-d122 @A: 13 16 03 32 | 11
#0556-d122 @A: 19 16 24 08 | 08
#0557-d122 @A: 34 16 31 11 | 03
#0558-d122 @A: 17 18 16 02 | 06
#0559-d122 @A: 16 35 25 27 | 02
#0560-d122 @A: 21 09 16 14 | 05
#0561-d122 @A: 16 10 08 17 | 10
#0562-d122 @A: 03 34 16 07 | 04
#0563-d122 @A: 20 16 34 10 | 09
#0564-d122 @A: 03 23 16 09 | 12
#0565-d122 @A: 29 16 08 03 | 01
#0566-d122 @A: 07 16 29 05 | 07
#0567-d122 @A: 23 02 21 16 | 11
#0568-d122 @A: 09 16 02 10 | 08
#0569-d122 @A: 02 16 15 20 | 03
#0570-d122 @A: 06 02 30 19 | 06
#0571-d122 @A: 30 18 06 07 | 02
#0572-d122 @A: 21 30 06 24 | 05
#0573-d122 @A: 05 32 04 30 | 10
#0574-d122 @A: 21 13 30 14 | 04
#0575-d122 @A: 30 17 20 13 | 09
#0576-d122 @A: 11 20 19 30 | 12
#0577-d122 @A: 19 09 26 30 | 01
#0578-d122 @A: 18 31 30 10 | 07
#0579-d122 @A: 01 30 31 26 | 11
#0580-d122 @A: 14 28 31 30 | 08
#0581-d122 @A: 31 29 21 30 | 03
#0582-d122 @A: 22 30 18 08 | 06
#0583-d122 @A: 30 27 18 21 | 02
#0584-d122 @A: 29 11 27 30 | 05
#0585-d122 @A: 27 35 07 30 | 10
#0586-d122 @A: 21 03 34 30 | 04
#0587-d122 @A: 23 29 05 30 | 09
#0588-d122 @A: 20 09 06 04 | 12
#0589-d122 @A: 13 15 06 25 | 01
#0590-d122 @A: 33 06 19 27 | 07
#0591-d122 @A: 06 18 05 11 | 11
#0592-d122 @A: 11 34 06 01 | 08
#0593-d122 @A: 21 17 01 06 | 03
#0594-d122 @A: 06 34 08 29 | 06
#0595-d122 @A: 29 20 03 06 | 02
#0596-d122 @A: 21 09 06 28 | 05
#0597-d122 @A: 06 10 24 09 | 10
#0598-d122 @A: 10 06 15 28 | 04
#0599-d122 @A: 32 04 13 02 | 09
#0600-d122 @A: 04 19 01 29 | 12
#0601-d122 @A: 04 31 26 28 | 01
#0602-d122 @A: 04 17 31 33 | 07
#0603-d122 @A: 04 18 11 24 | 11
#0604-d122 @A: 22 04 18 07 | 08
#0605-d122 @A: 18 04 35 20 | 03
#0606-d122 @A: 02 01 27 04 | 06
#0607-d122 @A: 04 27 26 20 | 02
#0608-d122 @A: 33 21 04 27 | 05
#0609-d122 @A: 25 04 29 27 | 10
#0610-d122 @A: 07 32 28 04 | 04
#0611-d122 @A: 04 33 23 15 | 09
#0612-d122 @A: 04 03 23 28 | 12
#0613-d122 @A: 04 08 23 29 | 01
#0614-d122 @A: 18 13 19 02 | 07
#0615-d122 @A: 19 13 21 22 | 11
#0616-d122 @A: 08 35 13 19 | 08
#0617-d122 @A: 18 11 20 13 | 03
#0618-d122 @A: 27 13 18 25 | 06
#0619-d122 @A: 29 13 18 08 | 02
#0620-d122 @A: 01 28 32 13 | 05
#0621-d122 @A: 12 13 27 08 | 10
#0622-d122 @A: 17 28 13 11 | 04
#0623-d122 @A: 27 13 32 34 | 09
#0624-d122 @A: 09 27 20 13 | 12
#0625-d122 @A: 13 20 14 32 | 01
#0626-d122 @A: 15 09 13 05 | 07
#0627-d122 @A: 19 20 14 31 | 11
#0628-d122 @A: 01 19 33 28 | 08
#0629-d122 @A: 12 07 34 19 | 03
#0630-d122 @A: 19 26 32 21 | 06
#0631-d122 @A: 05 19 26 03 | 02
#0632-d122 @A: 19 35 20 27 | 05
#0633-d122 @A: 19 32 17 35 | 10
#0634-d122 @A: 09 19 29 17 | 04
#0635-d122 @A: 35 19 24 09 | 09
#0636-d122 @A: 19 33 29 10 | 12
#0637-d122 @A: 20 28 19 03 | 01
#0638-d122 @A: 19 02 07 28 | 07
#0639-d122 @A: 22 11 23 31 | 11
#0640-d122 @A: 07 08 11 31 | 08
#0641-d122 @A: 31 22 05 17 | 03
#0642-d122 @A: 31 14 02 35 | 06
#0643-d122 @A: 10 17 23 31 | 02
#0644-d122 @A: 15 31 05 25 | 05
#0645-d122 @A: 35 01 08 18 | 10
#0646-d122 @A: 18 14 12 25 | 04
#0647-d122 @A: 12 33 18 32 | 09
#0648-d122 @A: 29 12 35 18 | 12
#0649-d122 @A: 02 18 29 23 | 01
#0650-d122 @A: 28 23 10 18 | 07
#0651-d122 @A: 15 28 18 09 | 11
#0652-d122 @A: 15 10 08 18 | 08
#0653-d122 @A: 25 01 11 32 | 03
#0654-d122 @A: 23 01 29 27 | 06
#0655-d122 @A: 17 33 01 07 | 02
#0656-d122 @A: 33 01 25 08 | 05
#0657-d122 @A: 01 28 15 23 | 10
#0658-d122 @A: 02 23 01 05 | 04
#0659-d122 @A: 14 26 07 12 | 09
#0660-d122 @A: 32 12 15 27 | 12
#0661-d122 @A: 24 28 35 12 | 01
#0662-d122 @A: 24 34 15 12 | 07
#0663-d122 @A: 08 09 15 12 | 11
#0664-d122 @A: 29 20 12 25 | 08
#0665-d122 @A: 10 12 29 24 | 03
#0666-d122 @A: 34 21 26 11 | 06
#0667-d122 @A: 22 11 21 02 | 02
#0668-d122 @A: 17 32 11 21 | 05
#0669-d122 @A: 08 11 17 35 | 10
#0670-d122 @A: 02 11 08 23 | 04
#0671-d122 @A: 05 11 21 15 | 09
#0672-d122 @A: 03 14 26 35 | 12
#0673-d122 @A: 26 17 35 07 | 01
#0674-d122 @A: 26 33 34 15 | 07
#0675-d122 @A: 29 24 34 26 | 11
#0676-d122 @A: 33 23 26 24 | 08
#0677-d122 @A: 20 03 26 21 | 03
#0678-d122 @A: 20 05 26 23 | 06
#0679-d122 @A: 26 15 09 10 | 02
#0680-d122 @A: 02 28 26 21 | 05
#0681-d122 @A: 10 26 05 08 | 10
#0682-d122 @A: 27 29 21 22 | 04
#0683-d122 @A: 14 34 03 22 | 09
#0684-d122 @A: 25 34 22 02 | 12
#0685-d122 @A: 02 23 03 22 | 01
#0686-d122 @A: 27 10 15 14 | 07
#0687-d122 @A: 27 33 24 09 | 11
#0688-d122 @A: 27 05 09 24 | 08
#0689-d122 @A: 35 15 14 17 | 03
#0690-d122 @A: 10 34 14 05 | 06
#0691-d122 @A: 09 14 07 02 | 02
#0692-d122 @A: 17 20 29 32 | 05
#0693-d122 @A: 09 34 17 20 | 10
#0694-d122 @A: 07 09 03 17 | 04
#0695-d122 @A: 15 24 03 17 | 09
#0696-d122 @A: 17 29 21 03 | 12
#0697-d122 @A: 25 29 05 17 | 01
#0698-d122 @A: 07 34 32 15 | 07
#0699-d122 @A: 10 32 07 05 | 11
#0700-d122 @A: 32 02 15 05 | 08
#0701-d122 @A: 34 10 23 35 | 03
#0702-d122 @A: 21 15 35 34 | 06
#0703-d122 @A: 09 21 25 24 | 02
#0704-d122 @A: 08 30 16 13 | 05
#0705-d122 @A: 17 16 30 34 | 10
#0706-d122 @A: 16 03 30 20 | 04
#0707-d122 @A: 16 14 34 06 | 09
#0708-d122 @A: 03 04 16 18 | 12
#0709-d122 @A: 28 01 04 16 | 01
#0710-d122 @A: 29 16 13 01 | 07
#0711-d122 @A: 19 16 11 09 | 11
#0712-d122 @A: 31 16 10 26 | 08
#0713-d122 @A: 01 27 16 03 | 03
#0714-d122 @A: 12 17 16 21 | 06
#0715-d122 @A: 07 12 10 16 | 02
#0716-d122 @A: 11 07 16 32 | 05
#0717-d122 @A: 28 16 11 21 | 10
#0718-d122 @A: 22 35 28 16 | 04
#0719-d122 @A: 27 34 16 24 | 09
#0720-d122 @A: 33 08 23 16 | 12
#0721-d122 @A: 29 25 16 28 | 01
#0722-d122 @A: 06 30 03 01 | 07
#0723-d122 @A: 28 30 04 13 | 11
#0724-d122 @A: 13 30 05 01 | 08
#0725-d122 @A: 31 22 03 30 | 03
#0726-d122 @A: 18 12 30 05 | 06
#0727-d122 @A: 30 23 20 18 | 02
#0728-d122 @A: 02 17 30 01 | 05
#0729-d122 @A: 30 10 01 32 | 10
#0730-d122 @A: 22 25 11 30 | 04
#0731-d122 @A: 35 30 32 26 | 09
#0732-d122 @A: 20 30 35 22 | 12
#0733-d122 @A: 07 33 03 30 | 01
#0734-d122 @A: 29 30 20 33 | 07
#0735-d122 @A: 03 10 23 30 | 11
#0736-d122 @A: 03 15 30 05 | 08
#0737-d122 @A: 29 30 28 15 | 03
#0738-d122 @A: 13 04 27 06 | 06
#0739-d122 @A: 06 29 13 11 | 02
#0740-d122 @A: 17 19 06 15 | 05
#0741-d122 @A: 35 29 06 01 | 10
#0742-d122 @A: 26 33 06 14 | 04
#0743-d122 @A: 23 06 26 29 | 09
#0744-d122 @A: 14 07 32 06 | 12
#0745-d122 @A: 34 09 06 23 | 01
#0746-d122 @A: 03 33 06 10 | 07
#0747-d122 @A: 15 06 02 21 | 11
#0748-d122 @A: 24 06 25 29 | 08
#0749-d122 @A: 28 04 12 19 | 03
#0750-d122 @A: 19 02 11 04 | 06
#0751-d122 @A: 04 03 14 19 | 02
#0752-d122 @A: 23 31 04 27 | 05
#0753-d122 @A: 17 31 04 24 | 10
#0754-d122 @A: 04 21 10 31 | 04
#0755-d122 @A: 01 05 04 33 | 09
#0756-d122 @A: 04 08 02 12 | 12
#0757-d122 @A: 04 33 14 35 | 01
#0758-d122 @A: 04 35 23 07 | 07
#0759-d122 @A: 07 04 24 33 | 11
#0760-d122 @A: 07 05 08 04 | 08
#0761-d122 @A: 04 28 24 20 | 03
#0762-d122 @A: 22 13 31 07 | 06
#0763-d122 @A: 03 11 13 35 | 02
#0764-d122 @A: 13 20 03 22 | 05
#0765-d122 @A: 23 14 13 27 | 10
#0766-d122 @A: 27 13 35 33 | 04
#0767-d122 @A: 13 35 14 29 | 09
#0768-d122 @A: 25 33 24 13 | 12
#0769-d122 @A: 13 24 09 28 | 01
#0770-d122 @A: 13 10 20 05 | 07
#0771-d122 @A: 31 24 19 01 | 11
#0772-d122 @A: 19 27 01 10 | 08
#0773-d122 @A: 20 19 01 08 | 03
#0774-d122 @A: 25 27 19 12 | 06
#0775-d122 @A: 35 05 19 12 | 02
#0776-d122 @A: 07 24 19 11 | 05
#0777-d122 @A: 10 17 19 26 | 10
#0778-d122 @A: 25 35 19 26 | 04
#0779-d122 @A: 05 19 27 17 | 09
#0780-d122 @A: 09 33 19 34 | 12
#0781-d122 @A: 25 19 03 02 | 01
#0782-d122 @A: 09 08 28 19 | 07
#0783-d122 @A: 02 19 08 05 | 11
#0784-d122 @A: 10 19 24 21 | 08
#0785-d122 @A: 18 34 23 31 | 03
#0786-d122 @A: 01 31 05 28 | 06
#0787-d122 @A: 31 14 10 11 | 02
#0788-d122 @A: 09 26 31 14 | 05
#0789-d122 @A: 17 31 26 15 | 10
#0790-d122 @A: 15 32 33 31 | 04
#0791-d122 @A: 29 15 34 31 | 09
#0792-d122 @A: 33 07 23 31 | 12
#0793-d122 @A: 23 31 03 29 | 01
#0794-d122 @A: 21 05 31 20 | 07
#0795-d122 @A: 18 29 01 32 | 11
#0796-d122 @A: 32 08 11 18 | 08
#0797-d122 @A: 11 18 35 33 | 03
#0798-d122 @A: 18 24 14 02 | 06
#0799-d122 @A: 17 24 33 18 | 02
#0800-d122 @A: 18 21 03 23 | 05
#0801-d122 @A: 18 28 08 07 | 10
#0802-d122 @A: 25 10 18 02 | 04
#0803-d122 @A: 12 32 01 07 | 09
#0804-d122 @A: 20 24 12 01 | 12
#0805-d122 @A: 28 11 35 01 | 01
#0806-d122 @A: 27 01 26 33 | 07
#0807-d122 @A: 20 01 07 27 | 11
#0808-d122 @A: 29 34 33 01 | 08
#0809-d122 @A: 15 01 09 29 | 03
#0810-d122 @A: 01 20 25 28 | 06
#0811-d122 @A: 33 26 17 12 | 02
#0812-d122 @A: 12 22 17 34 | 05
#0813-d122 @A: 09 28 12 22 | 10
#0814-d122 @A: 27 09 35 12 | 04
#0815-d122 @A: 34 28 12 15 | 09
#0816-d122 @A: 02 07 12 25 | 12
#0817-d122 @A: 23 26 11 09 | 01
#0818-d122 @A: 24 22 11 15 | 07
#0819-d122 @A: 33 25 11 17 | 11
#0820-d122 @A: 24 11 21 33 | 08
#0821-d122 @A: 23 05 11 10 | 03
#0822-d122 @A: 09 26 32 27 | 06
#0823-d122 @A: 34 02 09 26 | 02
#0824-d122 @A: 07 05 09 26 | 05
#0825-d122 @A: 20 25 26 07 | 10
#0826-d122 @A: 05 34 33 22 | 04
#0827-d122 @A: 22 15 08 34 | 09
#0828-d122 @A: 05 15 20 22 | 12
#0829-d122 @A: 03 27 35 08 | 01
#0830-d122 @A: 27 03 34 29 | 07
#0831-d122 @A: 28 27 02 29 | 11
#0832-d122 @A: 07 21 15 14 | 08
#0833-d122 @A: 02 14 29 08 | 03
#0834-d122 @A: 09 17 23 21 | 06
#0835-d122 @A: 25 09 17 08 | 02
#0836-d122 @A: 33 02 35 24 | 05
#0837-d122 @A: 07 35 09 10 | 10
#0838-d122 @A: 35 20 23 02 | 04
#0839-d122 @A: 28 15 35 02 | 09
#0840-d122 @A: 34 24 23 28 | 12
#0841-d122 @A: 30 18 25 16 | 01
#0842-d122 @A: 16 12 30 02 | 07
#0843-d122 @A: 30 16 26 11 | 11
#0844-d122 @A: 16 02 06 13 | 08
#0845-d122 @A: 03 26 16 06 | 03
#0846-d122 @A: 06 20 16 28 | 06
#0847-d122 @A: 28 24 16 06 | 02
#0848-d122 @A: 20 04 16 13 | 05
#0849-d122 @A: 31 16 14 13 | 10
#0850-d122 @A: 16 07 13 27 | 04
#0851-d122 @A: 19 12 33 16 | 09
#0852-d122 @A: 33 18 16 27 | 12
#0853-d122 @A: 07 16 12 24 | 01
#0854-d122 @A: 17 35 16 03 | 07
#0855-d122 @A: 24 10 17 16 | 11
#0856-d122 @A: 20 16 23 07 | 08
#0857-d122 @A: 15 16 07 25 | 03
#0858-d122 @A: 16 08 02 07 | 06
#0859-d122 @A: 19 10 30 13 | 02
#0860-d122 @A: 13 24 29 30 | 05
#0861-d122 @A: 08 19 32 30 | 10
#0862-d122 @A: 24 32 30 19 | 04
#0863-d122 @A: 25 30 35 31 | 09
#0864-d122 @A: 11 30 18 28 | 12
#0865-d122 @A: 30 28 27 01 | 01
#0866-d122 @A: 12 21 11 30 | 07
#0867-d122 @A: 30 32 12 09 | 11
#0868-d122 @A: 11 34 30 14 | 08
#0869-d122 @A: 26 22 30 34 | 03
#0870-d122 @A: 22 30 27 33 | 06
#0871-d122 @A: 30 24 14 28 | 02
#0872-d122 @A: 30 29 34 02 | 05
#0873-d122 @A: 24 30 23 20 | 10
#0874-d122 @A: 02 15 30 08 | 04
#0875-d122 @A: 07 03 06 04 | 09
#0876-d122 @A: 06 15 29 04 | 12
#0877-d122 @A: 06 03 19 31 | 01
#0878-d122 @A: 31 06 09 11 | 07
#0879-d122 @A: 34 06 17 31 | 11
#0880-d122 @A: 01 32 06 23 | 08
#0881-d122 @A: 26 08 12 06 | 03
#0882-d122 @A: 27 26 06 28 | 06
#0883-d122 @A: 25 06 17 22 | 02
#0884-d122 @A: 22 15 35 06 | 05
#0885-d122 @A: 10 07 06 34 | 10
#0886-d122 @A: 25 20 06 08 | 04
#0887-d122 @A: 29 05 06 21 | 09
#0888-d122 @A: 20 04 19 17 | 12
#0889-d122 @A: 34 12 04 01 | 01
#0890-d122 @A: 03 22 04 26 | 07
#0891-d122 @A: 33 09 22 04 | 11
#0892-d122 @A: 21 04 17 15 | 08
#0893-d122 @A: 05 29 04 34 | 03
#0894-d122 @A: 09 04 07 15 | 06
#0895-d122 @A: 25 04 28 08 | 02
#0896-d122 @A: 29 02 21 04 | 05
#0897-d122 @A: 01 19 13 23 | 10
#0898-d122 @A: 11 13 19 07 | 04
#0899-d122 @A: 35 13 18 21 | 09
#0900-d122 @A: 01 08 14 13 | 12
#0901-d122 @A: 13 20 12 26 | 01
#0902-d122 @A: 28 12 14 13 | 07
#0903-d122 @A: 32 13 11 09 | 11
#0904-d122 @A: 24 13 23 35 | 08
#0905-d122 @A: 34 13 33 08 | 03
#0906-d122 @A: 13 33 21 20 | 06
#0907-d122 @A: 08 23 03 13 | 02
#0908-d122 @A: 13 15 23 20 | 05
#0909-d122 @A: 19 31 01 09 | 10
#0910-d122 @A: 01 18 19 03 | 04
#0911-d122 @A: 19 34 32 18 | 09
#0912-d122 @A: 17 11 19 01 | 12
#0913-d122 @A: 33 12 24 19 | 01
#0914-d122 @A: 07 19 08 26 | 07
#0915-d122 @A: 22 19 03 32 | 11
#0916-d122 @A: 19 22 10 28 | 08
#0917-d122 @A: 02 09 35 19 | 03
#0918-d122 @A: 19 24 02 34 | 06
#0919-d122 @A: 19 07 25 33 | 02
#0920-d122 @A: 19 09 21 03 | 05
#0921-d122 @A: 19 21 29 23 | 10
#0922-d122 @A: 10 23 08 19 | 04
#0923-d122 @A: 14 08 18 31 | 09
#0924-d122 @A: 02 31 32 18 | 12
#0925-d122 @A: 31 24 20 18 | 01
#0926-d122 @A: 11 02 31 01 | 07
#0927-d122 @A: 31 34 14 01 | 11
#0928-d122 @A: 21 12 26 31 | 08
#0929-d122 @A: 11 03 31 28 | 03
#0930-d122 @A: 34 26 03 31 | 06
#0931-d122 @A: 22 18 21 01 | 02
#0932-d122 @A: 20 01 18 14 | 05
#0933-d122 @A: 12 08 20 18 | 10
#0934-d122 @A: 12 10 18 24 | 04
#0935-d122 @A: 18 08 34 26 | 09
#0936-d122 @A: 32 22 24 18 | 12
#0937-d122 @A: 27 35 05 18 | 01
#0938-d122 @A: 18 34 14 35 | 07
#0939-d122 @A: 28 03 18 33 | 11
#0940-d122 @A: 25 20 15 18 | 08
#0941-d122 @A: 18 29 15 05 | 03
#0942-d122 @A: 01 05 12 29 | 06
#0943-d122 @A: 14 29 11 01 | 02
#0944-d122 @A: 26 07 01 15 | 05
#0945-d122 @A: 25 22 27 01 | 10
#0946-d122 @A: 03 22 35 01 | 04
#0947-d122 @A: 17 01 34 32 | 09
#0948-d122 @A: 21 10 28 01 | 12
#0949-d122 @A: 26 12 22 02 | 01
#0950-d122 @A: 23 12 35 22 | 07
#0951-d122 @A: 21 03 32 12 | 11
#0952-d122 @A: 09 12 20 07 | 08
#0953-d122 @A: 11 28 27 22 | 03
#0954-d122 @A: 17 11 27 15 | 06
#0955-d122 @A: 29 07 11 33 | 02
#0956-d122 @A: 05 28 11 33 | 05
#0957-d122 @A: 03 11 21 10 | 10
#0958-d122 @A: 26 22 24 21 | 04
#0959-d122 @A: 14 05 15 26 | 09
#0960-d122 @A: 20 26 35 10 | 12
#0961-d122 @A: 20 26 02 33 | 01
#0962-d122 @A: 15 20 26 29 | 07
#0963-d122 @A: 20 21 14 22 | 11
#0964-d122 @A: 07 22 21 23 | 08
#0965-d122 @A: 07 22 02 15 | 03
#0966-d122 @A: 05 22 10 02 | 06
#0967-d122 @A: 22 08 20 29 | 02
#0968-d122 @A: 27 33 14 20 | 05
#0969-d122 @A: 28 08 27 14 | 10
#0970-d122 @A: 33 17 27 32 | 04
#0971-d122 @A: 17 27 02 21 | 09
#0972-d122 @A: 27 20 21 34 | 12
#0973-d122 @A: 10 03 27 02 | 01
#0974-d122 @A: 29 27 15 07 | 07
#0975-d122 @A: 08 21 27 25 | 11
#0976-d122 @A: 14 25 29 34 | 08
#0977-d122 @A: 07 08 15 17 | 03
#0978-d122 @A: 17 28 09 05 | 06
#0979-d122 @A: 17 10 29 02 | 02
#0980-d122 @A: 35 10 33 32 | 05
#0981-d122 @A: 03 32 35 07 | 10
#0982-d122 @A: 08 28 32 35 | 04
#0983-d122 @A: 34 33 32 24 | 09
#0984-d122 @A: 34 32 05 09 | 12
#0985-d122 @A: 33 32 21 05 | 01
#0986-d122 @A: 15 24 32 02 | 07
#0987-d122 @A: 02 21 33 35 | 11
#0988-d122 @A: 20 07 35 21 | 08
#0989-d122 @A: 29 35 25 23 | 03
#0990-d122 @A: 24 10 34 07 | 06
#0991-d122 @A: 16 24 30 33 | 02
#0992-d122 @A: 06 31 18 16 | 05
#0993-d122 @A: 09 17 16 06 | 10
#0994-d122 @A: 13 12 05 16 | 04
#0995-d122 @A: 16 08 19 27 | 09
#0996-d122 @A: 31 26 24 16 | 12
#0997-d122 @A: 31 16 32 05 | 01
#0998-d122 @A: 31 21 07 16 | 07
#0999-d122 @A: 09 16 01 12 | 11
#1000-d122 @A: 27 16 12 28 | 08
#1001-d122 @A: 27 32 10 16 | 03
#1002-d122 @A: 14 33 16 17 | 06
#1003-d122 @A: 09 16 34 15 | 02
#1004-d122 @A: 33 20 25 16 | 05
#1005-d122 @A: 03 05 16 24 | 10
#1006-d122 @A: 29 20 16 09 | 04
#1007-d122 @A: 34 04 06 30 | 09
#1008-d122 @A: 21 26 06 30 | 12
#1009-d122 @A: 06 09 30 27 | 01
#1010-d122 @A: 13 35 30 02 | 07
#1011-d122 @A: 31 02 30 23 | 11
#1012-d122 @A: 21 32 22 30 | 08
#1013-d122 @A: 14 30 27 05 | 03
#1014-d122 @A: 25 17 30 07 | 06
#1015-d122 @A: 24 17 30 02 | 02
#1016-d122 @A: 05 30 35 24 | 05
#1017-d122 @A: 23 09 30 28 | 10
#1018-d122 @A: 06 17 23 04 | 04
#1019-d122 @A: 19 11 06 10 | 09
#1020-d122 @A: 31 06 07 26 | 12
#1021-d122 @A: 18 06 35 02 | 01
#1022-d122 @A: 22 28 06 14 | 07
#1023-d122 @A: 33 06 32 22 | 11
#1024-d122 @A: 29 32 27 06 | 08
#1025-d122 @A: 02 06 17 28 | 03
#1026-d122 @A: 35 32 24 06 | 06
#1027-d122 @A: 25 03 06 28 | 02
#1028-d122 @A: 06 05 25 07 | 05
#1029-d122 @A: 05 02 20 06 | 10
#1030-d122 @A: 19 13 09 04 | 04
#1031-d122 @A: 13 03 04 31 | 09
#1032-d122 @A: 12 04 18 13 | 12
#1033-d122 @A: 10 04 08 13 | 01
#1034-d122 @A: 14 15 04 31 | 07
#1035-d122 @A: 09 34 04 18 | 11
#1036-d122 @A: 29 18 33 04 | 08
#1037-d122 @A: 20 04 32 01 | 03
#1038-d122 @A: 04 12 03 35 | 06
#1039-d122 @A: 04 11 14 20 | 02
#1040-d122 @A: 07 02 04 34 | 05
#1041-d122 @A: 10 04 09 05 | 10
#1042-d122 @A: 13 24 26 19 | 04
#1043-d122 @A: 31 13 28 10 | 09
#1044-d122 @A: 13 09 18 17 | 12
#1045-d122 @A: 01 13 12 25 | 01
#1046-d122 @A: 20 35 01 13 | 07
#1047-d122 @A: 02 13 11 26 | 11
#1048-d122 @A: 13 32 15 17 | 08
#1049-d122 @A: 19 18 11 25 | 03
#1050-d122 @A: 22 18 15 19 | 06
#1051-d122 @A: 20 12 19 32 | 02
#1052-d122 @A: 19 26 29 27 | 05
#1053-d122 @A: 01 03 32 31 | 10
#1054-d122 @A: 31 24 12 22 | 04
#1055-d122 @A: 23 14 12 31 | 09
#1056-d122 @A: 32 31 35 11 | 12
#1057-d122 @A: 02 27 31 26 | 01
#1058-d122 @A: 14 27 03 31 | 07
#1059-d122 @A: 27 31 28 17 | 11
#1060-d122 @A: 14 35 24 31 | 08
#1061-d122 @A: 33 25 21 31 | 03
#1062-d122 @A: 03 08 15 31 | 06
#1063-d122 @A: 02 31 03 21 | 02
#1064-d122 @A: 27 18 34 01 | 05
#1065-d122 @A: 01 23 18 33 | 10
#1066-d122 @A: 18 25 32 21 | 04
#1067-d122 @A: 09 21 18 10 | 09
#1068-d122 @A: 18 09 05 20 | 12
#1069-d122 @A: 18 24 09 29 | 01
#1070-d122 @A: 21 28 05 18 | 07
#1071-d122 @A: 21 08 01 11 | 11
#1072-d122 @A: 10 14 22 01 | 08
#1073-d122 @A: 01 23 17 22 | 03
#1074-d122 @A: 29 01 22 28 | 06
#1075-d122 @A: 15 01 02 33 | 02
#1076-d122 @A: 05 01 08 09 | 05
#1077-d122 @A: 29 11 26 12 | 10
#1078-d122 @A: 12 32 28 11 | 04
#1079-d122 @A: 14 17 12 08 | 09
#1080-d122 @A: 34 02 23 12 | 12
#1081-d122 @A: 21 12 29 34 | 01
#1082-d122 @A: 29 03 12 28 | 07
#1083-d122 @A: 23 12 07 05 | 11
#1084-d122 @A: 09 23 29 12 | 08
#1085-d122 @A: 12 24 02 23 | 03
#1086-d122 @A: 12 09 02 21 | 06
#1087-d122 @A: 24 28 26 11 | 02
#1088-d122 @A: 22 07 11 35 | 05
#1089-d122 @A: 09 11 27 25 | 10
#1090-d122 @A: 05 17 11 02 | 04
#1091-d122 @A: 11 21 07 09 | 09
#1092-d122 @A: 22 29 26 35 | 12
#1093-d122 @A: 17 26 25 03 | 01
#1094-d122 @A: 21 25 09 26 | 07
#1095-d122 @A: 25 24 26 20 | 11
#1096-d122 @A: 22 02 27 35 | 08
#1097-d122 @A: 20 22 27 24 | 03
#1098-d122 @A: 25 35 22 14 | 06
#1099-d122 @A: 03 02 24 22 | 02
#1100-d122 @A: 10 22 03 29 | 05
#1101-d122 @A: 09 08 22 02 | 10
#1102-d122 @A: 05 27 34 15 | 04
#1103-d122 @A: 09 21 15 27 | 09
#1104-d122 @A: 14 33 25 23 | 12
#1105-d122 @A: 05 08 17 20 | 01
#1106-d122 @A: 02 32 33 08 | 07
#1107-d122 @A: 25 08 15 32 | 11
#1108-d122 @A: 10 32 24 20 | 08
#1109-d122 @A: 34 07 35 25 | 03
#1110-d122 @A: 35 05 34 28 | 06
#1111-d122 @A: 35 29 07 02 | 02
#1112-d122 @A: 24 23 10 05 | 05
#1113-d122 @A: 30 28 32 16 | 10
#1114-d122 @A: 16 35 30 21 | 04
#1115-d122 @A: 24 22 16 13 | 09
#1116-d122 @A: 16 02 19 32 | 12
#1117-d122 @A: 16 26 12 25 | 01
#1118-d122 @A: 03 11 16 05 | 07
#1119-d122 @A: 22 20 16 26 | 11
#1120-d122 @A: 16 07 22 17 | 08
#1121-d122 @A: 16 17 15 28 | 03
#1122-d122 @A: 16 03 28 02 | 06
#1123-d122 @A: 21 20 08 16 | 02
#1124-d122 @A: 06 30 15 14 | 05
#1125-d122 @A: 30 19 22 04 | 10
#1126-d122 @A: 27 04 30 10 | 04
#1127-d122 @A: 29 35 30 04 | 09
#1128-d122 @A: 09 30 21 04 | 12
#1129-d122 @A: 09 24 30 04 | 01
#1130-d122 @A: 25 02 04 30 | 07
#1131-d122 @A: 15 19 30 31 | 11
#1132-d122 @A: 31 30 24 34 | 08
#1133-d122 @A: 09 30 35 18 | 03
#1134-d122 @A: 15 17 22 30 | 06
#1135-d122 @A: 34 30 08 23 | 02
#1136-d122 @A: 05 30 08 33 | 05
#1137-d122 @A: 04 08 06 31 | 10
#1138-d122 @A: 13 28 34 06 | 04
#1139-d122 @A: 03 06 13 24 | 09
#1140-d122 @A: 27 14 06 18 | 12
#1141-d122 @A: 34 06 18 15 | 01
#1142-d122 @A: 06 01 15 12 | 07
#1143-d122 @A: 32 06 34 12 | 11
#1144-d122 @A: 25 32 06 26 | 08
#1145-d122 @A: 29 02 06 22 | 03
#1146-d122 @A: 27 07 06 17 | 06
#1147-d122 @A: 24 17 06 05 | 02
#1148-d122 @A: 06 33 08 09 | 05
#1149-d122 @A: 07 06 23 28 | 10
#1150-d122 @A: 04 23 19 24 | 04
#1151-d122 @A: 04 28 14 18 | 09
#1152-d122 @A: 01 04 15 08 | 12
#1153-d122 @A: 11 04 26 25 | 01
#1154-d122 @A: 04 35 11 21 | 07
#1155-d122 @A: 04 21 25 07 | 11
#1156-d122 @A: 04 23 21 05 | 08
#1157-d122 @A: 13 19 31 29 | 03
#1158-d122 @A: 12 19 13 03 | 06
#1159-d122 @A: 13 19 25 20 | 02
#1160-d122 @A: 13 18 03 10 | 05
#1161-d122 @A: 01 15 11 13 | 10
#1162-d122 @A: 28 13 35 26 | 04
#1163-d122 @A: 13 17 22 33 | 09
#1164-d122 @A: 03 07 13 28 | 12
#1165-d122 @A: 07 29 13 25 | 01
#1166-d122 @A: 13 09 23 02 | 07
#1167-d122 @A: 31 19 33 18 | 11
#1168-d122 @A: 19 18 12 10 | 08
#1169-d122 @A: 19 14 18 07 | 03
#1170-d122 @A: 01 02 26 19 | 06
#1171-d122 @A: 01 35 07 19 | 02
#1172-d122 @A: 15 11 19 35 | 05
#1173-d122 @A: 19 11 34 28 | 10
#1174-d122 @A: 14 19 23 34 | 04
#1175-d122 @A: 12 31 35 07 | 09
#1176-d122 @A: 22 33 31 14 | 12
#1177-d122 @A: 35 31 10 22 | 01
#1178-d122 @A: 31 21 14 32 | 07
#1179-d122 @A: 09 17 32 31 | 11
#1180-d122 @A: 34 31 20 02 | 08
#1181-d122 @A: 21 08 09 31 | 03
#1182-d122 @A: 10 20 29 31 | 06
#1183-d122 @A: 28 20 31 08 | 02
#1184-d122 @A: 01 09 11 18 | 05
#1185-d122 @A: 12 11 03 18 | 10
#1186-d122 @A: 17 18 23 12 | 04
#1187-d122 @A: 22 29 18 11 | 09
#1188-d122 @A: 18 10 27 11 | 12
#1189-d122 @A: 23 18 15 27 | 01
#1190-d122 @A: 18 25 28 35 | 07
#1191-d122 @A: 05 25 24 18 | 11
#1192-d122 @A: 18 29 20 21 | 08
#1193-d122 @A: 10 11 01 26 | 03
#1194-d122 @A: 01 14 21 26 | 06
#1195-d122 @A: 01 17 24 26 | 02
#1196-d122 @A: 01 26 32 08 | 05
#1197-d122 @A: 27 35 15 01 | 10
#1198-d122 @A: 34 23 21 01 | 04
#1199-d122 @A: 05 01 03 20 | 09
#1200-d122 @A: 10 05 01 15 | 12
#1201-d122 @A: 17 11 12 09 | 01
#1202-d122 @A: 22 12 32 25 | 07
#1203-d122 @A: 14 12 27 21 | 11
#1204-d122 @A: 35 25 12 21 | 08
#1205-d122 @A: 34 25 08 12 | 03
#1206-d122 @A: 25 15 33 12 | 06
#1207-d122 @A: 12 20 21 15 | 02
#1208-d122 @A: 27 07 14 11 | 05
#1209-d122 @A: 27 11 32 23 | 10
#1210-d122 @A: 34 15 11 02 | 04
#1211-d122 @A: 03 08 20 11 | 09
#1212-d122 @A: 28 08 15 11 | 12
#1213-d122 @A: 22 21 15 26 | 01
#1214-d122 @A: 32 14 26 34 | 07
#1215-d122 @A: 26 10 32 02 | 11
#1216-d122 @A: 28 26 08 33 | 08
#1217-d122 @A: 03 26 28 15 | 03
#1218-d122 @A: 09 08 20 26 | 06
#1219-d122 @A: 26 05 29 02 | 02
#1220-d122 @A: 26 29 21 08 | 05
#1221-d122 @A: 26 05 29 24 | 10
#1222-d122 @A: 28 34 22 23 | 04
#1223-d122 @A: 22 21 05 03 | 09
#1224-d122 @A: 22 10 24 08 | 12
#1225-d122 @A: 03 27 24 23 | 01
#1226-d122 @A: 28 25 27 07 | 07
#1227-d122 @A: 15 33 28 14 | 11
#1228-d122 @A: 10 03 25 14 | 08
#1229-d122 @A: 14 07 25 08 | 03
#1230-d122 @A: 07 20 05 14 | 06
#1231-d122 @A: 28 05 23 14 | 02
#1232-d122 @A: 17 33 10 09 | 05
#1233-d122 @A: 29 23 24 17 | 10
#1234-d122 @A: 02 09 17 15 | 04
#1235-d122 @A: 21 25 17 20 | 09
#1236-d122 @A: 20 34 32 25 | 12
#1237-d122 @A: 09 32 28 03 | 01
#1238-d122 @A: 02 03 20 32 | 07
#1239-d122 @A: 09 32 20 21 | 11
#1240-d122 @A: 29 32 10 21 | 08
#1241-d122 @A: 09 34 35 03 | 03
#1242-d122 @A: 35 15 08 29 | 06
#1243-d122 @A: 02 08 25 35 | 02
#1244-d122 @A: 10 24 35 25 | 05
#1245-d122 @A: 10 35 05 29 | 10
#1246-d122 @A: 24 25 03 34 | 04
#1247-d122 @A: 30 16 15 04 | 09
#1248-d122 @A: 16 01 19 30 | 12
#1249-d122 @A: 22 06 11 16 | 01
#1250-d122 @A: 16 06 21 27 | 07
#1251-d122 @A: 04 02 16 31 | 11
#1252-d122 @A: 14 04 25 16 | 08
#1253-d122 @A: 09 04 35 16 | 03
#1254-d122 @A: 26 34 19 16 | 06
#1255-d122 @A: 16 01 05 21 | 02
#1256-d122 @A: 05 26 16 27 | 05
#1257-d122 @A: 02 26 35 16 | 10
#1258-d122 @A: 28 09 16 26 | 04
#1259-d122 @A: 15 27 16 22 | 09
#1260-d122 @A: 02 16 05 25 | 12
#1261-d122 @A: 30 13 06 33 | 01
#1262-d122 @A: 01 30 04 07 | 07
#1263-d122 @A: 30 13 18 34 | 11
#1264-d122 @A: 12 31 34 30 | 08
#1265-d122 @A: 24 18 26 30 | 03
#1266-d122 @A: 01 33 30 11 | 06
#1267-d122 @A: 08 01 29 30 | 02
#1268-d122 @A: 12 28 20 30 | 05
#1269-d122 @A: 14 30 26 20 | 10
#1270-d122 @A: 14 30 35 23 | 04
#1271-d122 @A: 20 34 05 30 | 09
#1272-d122 @A: 29 25 03 30 | 12
#1273-d122 @A: 23 15 07 30 | 01
#1274-d122 @A: 07 21 10 30 | 07
#1275-d122 @A: 24 12 04 06 | 11
#1276-d122 @A: 19 05 06 13 | 08
#1277-d122 @A: 06 23 13 18 | 03
#1278-d122 @A: 06 13 07 35 | 06
#1279-d122 @A: 26 22 06 19 | 02
#1280-d122 @A: 15 27 06 31 | 05
#1281-d122 @A: 06 31 10 32 | 10
#1282-d122 @A: 01 07 06 22 | 04
#1283-d122 @A: 05 26 06 34 | 09
#1284-d122 @A: 27 06 34 25 | 12
#1285-d122 @A: 06 08 03 32 | 01
#1286-d122 @A: 02 25 09 06 | 07
#1287-d122 @A: 04 33 25 13 | 11
#1288-d122 @A: 18 04 11 23 | 08
#1289-d122 @A: 04 18 02 15 | 03
#1290-d122 @A: 25 01 04 35 | 06
#1291-d122 @A: 12 27 07 04 | 02
#1292-d122 @A: 23 04 12 32 | 05
#1293-d122 @A: 14 26 04 29 | 10
#1294-d122 @A: 14 10 17 04 | 04
#1295-d122 @A: 04 33 03 02 | 09
#1296-d122 @A: 04 03 21 08 | 12
#1297-d122 @A: 04 29 07 20 | 01
#1298-d122 @A: 24 04 25 08 | 07
#1299-d122 @A: 14 13 26 19 | 11
#1300-d122 @A: 01 27 13 31 | 08
#1301-d122 @A: 31 13 11 05 | 03
#1302-d122 @A: 31 13 15 24 | 06
#1303-d122 @A: 10 27 13 29 | 02
#1304-d122 @A: 17 13 14 05 | 05
#1305-d122 @A: 13 07 32 23 | 10
#1306-d122 @A: 23 13 29 34 | 04
#1307-d122 @A: 13 21 03 25 | 09
#1308-d122 @A: 29 21 13 09 | 12
#1309-d122 @A: 05 02 13 28 | 01
#1310-d122 @A: 31 27 19 21 | 07
#1311-d122 @A: 34 19 25 31 | 11
#1312-d122 @A: 01 21 19 12 | 08
#1313-d122 @A: 05 19 32 01 | 03
#1314-d122 @A: 19 27 17 24 | 06
#1315-d122 @A: 25 14 24 19 | 02
#1316-d122 @A: 19 07 17 21 | 05
#1317-d122 @A: 15 32 19 09 | 10
#1318-d122 @A: 19 21 05 34 | 04
#1319-d122 @A: 24 03 29 19 | 09
#1320-d122 @A: 23 19 15 05 | 12
#1321-d122 @A: 10 20 19 09 | 01
#1322-d122 @A: 28 15 25 19 | 07
#1323-d122 @A: 19 21 08 15 | 11
#1324-d122 @A: 05 26 18 31 | 08
#1325-d122 @A: 01 31 12 10 | 03
#1326-d122 @A: 15 11 20 31 | 06
#1327-d122 @A: 32 31 20 26 | 02
#1328-d122 @A: 35 27 29 31 | 05
#1329-d122 @A: 31 14 07 17 | 10
#1330-d122 @A: 31 09 15 35 | 04
#1331-d122 @A: 31 09 24 07 | 09
#1332-d122 @A: 23 25 31 20 | 12
#1333-d122 @A: 31 10 25 08 | 01
#1334-d122 @A: 24 31 08 05 | 07
#1335-d122 @A: 09 18 12 26 | 11
#1336-d122 @A: 18 07 15 12 | 08
#1337-d122 @A: 14 11 18 02 | 03
#1338-d122 @A: 34 17 11 18 | 06
#1339-d122 @A: 23 26 18 32 | 02
#1340-d122 @A: 33 18 22 02 | 05
#1341-d122 @A: 18 17 27 29 | 10
#1342-d122 @A: 32 18 15 14 | 04
#1343-d122 @A: 35 18 08 24 | 09
#1344-d122 @A: 33 21 15 18 | 12
#1345-d122 @A: 18 05 33 10 | 01
#1346-d122 @A: 21 08 18 02 | 07
#1347-d122 @A: 17 20 01 12 | 11
#1348-d122 @A: 14 33 32 01 | 08
#1349-d122 @A: 15 17 25 01 | 03
#1350-d122 @A: 01 32 09 02 | 06
#1351-d122 @A: 35 01 21 24 | 02
#1352-d122 @A: 01 24 03 33 | 05
#1353-d122 @A: 09 07 01 28 | 10
#1354-d122 @A: 27 34 12 10 | 04
#1355-d122 @A: 20 34 14 12 | 09
#1356-d122 @A: 24 25 17 12 | 12
#1357-d122 @A: 12 33 20 23 | 01
#1358-d122 @A: 23 03 25 12 | 07
#1359-d122 @A: 03 12 09 05 | 11
#1360-d122 @A: 12 21 07 28 | 08
#1361-d122 @A: 10 28 12 02 | 03
#1362-d122 @A: 23 11 14 17 | 06
#1363-d122 @A: 15 23 25 11 | 02
#1364-d122 @A: 23 28 11 29 | 05
#1365-d122 @A: 07 33 26 21 | 10
#1366-d122 @A: 33 25 26 05 | 04
#1367-d122 @A: 08 02 03 26 | 09
#1368-d122 @A: 15 26 25 02 | 12
#1369-d122 @A: 20 32 22 27 | 01
#1370-d122 @A: 14 32 22 08 | 07
#1371-d122 @A: 24 22 07 32 | 11
#1372-d122 @A: 22 05 08 35 | 08
#1373-d122 @A: 33 03 22 15 | 03
#1374-d122 @A: 22 23 29 33 | 06
#1375-d122 @A: 28 07 22 05 | 02
#1376-d122 @A: 17 14 34 27 | 05
#1377-d122 @A: 33 27 09 03 | 10
#1378-d122 @A: 07 27 33 05 | 04
#1379-d122 @A: 21 03 07 27 | 09
#1380-d122 @A: 24 33 29 14 | 12
#1381-d122 @A: 03 14 23 07 | 01
#1382-d122 @A: 21 05 14 25 | 07
#1383-d122 @A: 35 34 29 17 | 11
#1384-d122 @A: 34 08 03 17 | 08
#1385-d122 @A: 17 34 21 10 | 03
#1386-d122 @A: 17 15 20 10 | 06
#1387-d122 @A: 21 24 17 20 | 02
#1388-d122 @A: 32 35 34 02 | 05
#1389-d122 @A: 09 29 35 32 | 10
#1390-d122 @A: 03 15 32 10 | 04
#1391-d122 @A: 23 20 08 32 | 09
#1392-d122 @A: 28 32 24 05 | 12
#1393-d122 @A: 34 35 24 20 | 01
#1394-d122 @A: 07 08 35 33 | 07
#1395-d122 @A: 20 03 35 25 | 11
#1396-d122 @A: 35 08 23 09 | 08
#1397-d122 @A: 09 20 28 35 | 03
#1398-d122 @A: 35 21 29 28 | 06
#1399-d122 @A: 33 16 31 30 | 02
#1400-d122 @A: 01 06 16 08 | 05
#1401-d122 @A: 32 16 21 04 | 10
#1402-d122 @A: 24 16 02 04 | 04
#1403-d122 @A: 11 16 33 13 | 09
#1404-d122 @A: 25 22 16 19 | 12
#1405-d122 @A: 19 35 16 29 | 01
#1406-d122 @A: 19 20 16 05 | 07
#1407-d122 @A: 16 12 20 31 | 11
#1408-d122 @A: 16 35 31 08 | 08
#1409-d122 @A: 18 26 16 29 | 03
#1410-d122 @A: 24 16 18 23 | 06
#1411-d122 @A: 11 20 01 16 | 02
#1412-d122 @A: 01 35 16 32 | 05
#1413-d122 @A: 12 03 22 16 | 10
#1414-d122 @A: 17 16 29 11 | 04
#1415-d122 @A: 26 32 16 33 | 09
#1416-d122 @A: 16 32 09 22 | 12
#1417-d122 @A: 34 35 16 33 | 01
#1418-d122 @A: 16 15 10 33 | 07
#1419-d122 @A: 10 23 16 29 | 11
#1420-d122 @A: 22 30 23 06 | 08
#1421-d122 @A: 13 11 30 23 | 03
#1422-d122 @A: 13 30 07 26 | 06
#1423-d122 @A: 18 30 19 29 | 02
#1424-d122 @A: 19 30 12 14 | 05
#1425-d122 @A: 30 19 23 25 | 10
#1426-d122 @A: 31 08 27 30 | 04
#1427-d122 @A: 31 07 32 30 | 09
#1428-d122 @A: 25 14 30 01 | 12
#1429-d122 @A: 15 24 01 30 | 01
#1430-d122 @A: 30 29 07 12 | 07
#1431-d122 @A: 35 30 10 11 | 11
#1432-d122 @A: 09 30 11 05 | 08
#1433-d122 @A: 30 22 14 07 | 03
#1434-d122 @A: 17 35 30 05 | 06
#1435-d122 @A: 33 32 34 30 | 02
#1436-d122 @A: 09 25 30 34 | 05
#1437-d122 @A: 30 20 09 15 | 10
#1438-d122 @A: 35 32 06 04 | 04
#1439-d122 @A: 31 20 13 06 | 09
#1440-d122 @A: 19 29 14 06 | 12
#1441-d122 @A: 35 23 31 06 | 01
#1442-d122 @A: 06 35 26 09 | 07
#1443-d122 @A: 02 27 23 06 | 11
#1444-d122 @A: 08 06 35 14 | 08
#1445-d122 @A: 05 06 09 14 | 03
#1446-d122 @A: 06 35 33 17 | 06
#1447-d122 @A: 21 06 34 33 | 02
#1448-d122 @A: 09 03 06 15 | 05
#1449-d122 @A: 07 08 06 21 | 10
#1450-d122 @A: 19 31 04 07 | 04
#1451-d122 @A: 04 18 19 05 | 09
#1452-d122 @A: 25 31 04 22 | 12
#1453-d122 @A: 05 24 01 04 | 01
#1454-d122 @A: 10 04 12 26 | 07
#1455-d122 @A: 21 12 22 04 | 11
#1456-d122 @A: 28 27 35 04 | 08
#1457-d122 @A: 14 04 32 09 | 03
#1458-d122 @A: 32 04 24 29 | 06
#1459-d122 @A: 34 20 04 23 | 02
#1460-d122 @A: 20 04 33 08 | 05
#1461-d122 @A: 03 29 09 04 | 10
#1462-d122 @A: 04 05 03 25 | 04
#1463-d122 @A: 04 02 09 28 | 09
#1464-d122 @A: 17 31 21 13 | 12
#1465-d122 @A: 26 13 33 18 | 01
#1466-d122 @A: 33 03 13 01 | 07
#1467-d122 @A: 08 01 24 13 | 11
#1468-d122 @A: 13 12 27 24 | 08
#1469-d122 @A: 09 13 10 14 | 03
#1470-d122 @A: 02 34 21 13 | 06
#1471-d122 @A: 08 07 09 13 | 02
#1472-d122 @A: 08 25 05 13 | 05
#1473-d122 @A: 19 12 31 08 | 10
#1474-d122 @A: 28 19 01 24 | 04
#1475-d122 @A: 23 19 11 12 | 09
#1476-d122 @A: 19 05 11 22 | 12
#1477-d122 @A: 11 21 33 19 | 01
#1478-d122 @A: 15 20 33 19 | 07
#1479-d122 @A: 19 21 10 25 | 11
#1480-d122 @A: 21 20 19 02 | 08
#1481-d122 @A: 31 18 27 20 | 03
#1482-d122 @A: 29 07 31 18 | 06
#1483-d122 @A: 25 31 07 01 | 02
#1484-d122 @A: 01 08 31 23 | 05
#1485-d122 @A: 31 25 29 26 | 10
#1486-d122 @A: 09 33 20 31 | 04
#1487-d122 @A: 33 02 28 31 | 09
#1488-d122 @A: 29 33 08 31 | 12
#1489-d122 @A: 31 15 10 02 | 01
#1490-d122 @A: 28 25 31 24 | 07
#1491-d122 @A: 01 25 26 18 | 11
#1492-d122 @A: 27 22 12 18 | 08
#1493-d122 @A: 22 18 28 26 | 03
#1494-d122 @A: 18 05 25 22 | 06
#1495-d122 @A: 29 18 14 03 | 02
#1496-d122 @A: 07 17 32 18 | 05
#1497-d122 @A: 18 03 34 20 | 10
#1498-d122 @A: 34 29 28 18 | 04
#1499-d122 @A: 25 29 18 09 | 09
#1500-d122 @A: 15 18 28 24 | 12
#1501-d122 @A: 03 01 14 12 | 01
#1502-d122 @A: 33 35 12 01 | 07
#1503-d122 @A: 26 01 22 05 | 11
#1504-d122 @A: 22 01 24 09 | 08
#1505-d122 @A: 01 20 23 09 | 03
#1506-d122 @A: 28 08 02 01 | 06
#1507-d122 @A: 29 01 24 02 | 02
#1508-d122 @A: 33 12 02 05 | 05
#1509-d122 @A: 12 33 21 10 | 10
#1510-d122 @A: 02 15 12 03 | 04
#1511-d122 @A: 21 05 24 12 | 09
#1512-d122 @A: 24 11 27 25 | 12
#1513-d122 @A: 20 29 11 35 | 01
#1514-d122 @A: 11 07 34 23 | 07
#1515-d122 @A: 09 11 34 29 | 11
#1516-d122 @A: 15 07 11 03 | 08
#1517-d122 @A: 21 23 11 20 | 03
#1518-d122 @A: 10 15 11 29 | 06
#1519-d122 @A: 05 02 11 24 | 02
#1520-d122 @A: 24 08 29 11 | 05
#1521-d122 @A: 14 26 22 23 | 10
#1522-d122 @A: 08 17 26 23 | 04
#1523-d122 @A: 24 26 35 15 | 09
#1524-d122 @A: 03 17 27 22 | 12
#1525-d122 @A: 21 33 22 08 | 01
#1526-d122 @A: 22 23 25 08 | 07
#1527-d122 @A: 25 15 22 29 | 11
#1528-d122 @A: 28 22 24 29 | 08
#1529-d122 @A: 23 25 27 05 | 03
#1530-d122 @A: 24 05 34 14 | 06
#1531-d122 @A: 05 14 03 08 | 02
#1532-d122 @A: 21 23 14 24 | 05
#1533-d122 @A: 14 20 02 25 | 10
#1534-d122 @A: 21 14 02 10 | 04
#1535-d122 @A: 07 28 10 17 | 09
#1536-d122 @A: 07 17 28 24 | 12
#1537-d122 @A: 08 17 15 24 | 01
#1538-d122 @A: 35 20 32 15 | 07
#1539-d122 @A: 32 33 03 25 | 11
#1540-d122 @A: 09 23 33 32 | 08
#1541-d122 @A: 25 32 07 09 | 03
#1542-d122 @A: 29 33 03 35 | 06
#1543-d122 @A: 35 09 25 33 | 02
#1544-d122 @A: 09 08 34 24 | 05
#1545-d122 @A: 24 34 21 28 | 10
#1546-d122 @A: 07 24 25 02 | 04
#1547-d122 @A: 24 20 05 07 | 09
#1548-d122 @A: 23 25 24 15 | 12
#1549-d122 @A: 24 08 21 02 | 01
#1550-d122 @A: 27 30 16 23 | 07
#1551-d122 @A: 15 32 06 16 | 11
#1552-d122 @A: 27 16 04 34 | 08
#1553-d122 @A: 28 18 13 16 | 03
#1554-d122 @A: 19 21 16 18 | 06
#1555-d122 @A: 34 18 16 12 | 02
#1556-d122 @A: 20 16 18 32 | 05
#1557-d122 @A: 01 22 16 33 | 10
#1558-d122 @A: 16 23 15 26 | 04
#1559-d122 @A: 16 22 14 02 | 09
#1560-d122 @A: 14 24 16 32 | 12
#1561-d122 @A: 05 34 16 23 | 01
#1562-d122 @A: 33 16 21 03 | 07
#1563-d122 @A: 29 24 20 16 | 11
#1564-d122 @A: 30 35 06 28 | 08
#1565-d122 @A: 08 14 04 30 | 03
#1566-d122 @A: 32 25 30 13 | 06
#1567-d122 @A: 19 34 30 27 | 02
#1568-d122 @A: 21 19 28 30 | 05
#1569-d122 @A: 10 24 31 30 | 10
#1570-d122 @A: 03 12 30 26 | 04
#1571-d122 @A: 22 10 30 12 | 09
#1572-d122 @A: 12 08 35 30 | 12
#1573-d122 @A: 30 24 08 12 | 01
#1574-d122 @A: 02 07 30 11 | 07
#1575-d122 @A: 33 26 10 30 | 11
#1576-d122 @A: 26 05 28 30 | 08
#1577-d122 @A: 30 09 08 03 | 03
#1578-d122 @A: 25 21 30 15 | 06
#1579-d122 @A: 06 12 14 04 | 02
#1580-d122 @A: 01 13 09 06 | 05
#1581-d122 @A: 03 13 06 14 | 10
#1582-d122 @A: 13 06 17 08 | 04
#1583-d122 @A: 28 32 06 19 | 09
#1584-d122 @A: 01 26 06 20 | 12
#1585-d122 @A: 02 14 01 06 | 01
#1586-d122 @A: 06 35 12 20 | 07
#1587-d122 @A: 26 11 15 06 | 11
#1588-d122 @A: 11 06 23 33 | 08
#1589-d122 @A: 24 23 22 06 | 03
#1590-d122 @A: 10 22 09 06 | 06
#1591-d122 @A: 32 05 17 06 | 02
#1592-d122 @A: 02 03 06 34 | 05
#1593-d122 @A: 15 24 07 06 | 10
#1594-d122 @A: 20 06 24 02 | 04
#1595-d122 @A: 20 06 21 10 | 09
#1596-d122 @A: 06 28 05 08 | 12
#1597-d122 @A: 04 19 26 33 | 01
#1598-d122 @A: 15 27 19 04 | 07
#1599-d122 @A: 04 19 32 25 | 11
#1600-d122 @A: 04 31 11 29 | 08
#1601-d122 @A: 05 31 04 35 | 03
#1602-d122 @A: 01 04 22 11 | 06
#1603-d122 @A: 05 04 12 20 | 02
#1604-d122 @A: 04 22 35 34 | 05
#1605-d122 @A: 02 20 04 22 | 10
#1606-d122 @A: 04 17 09 27 | 04
#1607-d122 @A: 34 33 28 04 | 09
#1608-d122 @A: 10 04 07 33 | 12
#1609-d122 @A: 15 04 03 20 | 01
#1610-d122 @A: 29 10 28 04 | 07
#1611-d122 @A: 13 17 34 19 | 11
#1612-d122 @A: 12 13 17 07 | 08
#1613-d122 @A: 35 32 12 13 | 03
#1614-d122 @A: 13 12 29 02 | 06
#1615-d122 @A: 13 11 14 25 | 02
#1616-d122 @A: 25 13 22 26 | 05
#1617-d122 @A: 08 15 13 26 | 10
#1618-d122 @A: 13 22 15 28 | 04
#1619-d122 @A: 13 21 24 05 | 09
#1620-d122 @A: 14 09 19 22 | 12
#1621-d122 @A: 08 17 22 19 | 01
#1622-d122 @A: 19 14 27 02 | 07
#1623-d122 @A: 03 17 19 23 | 11
#1624-d122 @A: 09 19 07 23 | 08
#1625-d122 @A: 20 24 15 19 | 03
#1626-d122 @A: 01 31 21 35 | 06
#1627-d122 @A: 15 31 22 12 | 02
#1628-d122 @A: 31 05 27 12 | 05
#1629-d122 @A: 22 31 27 34 | 10
#1630-d122 @A: 22 32 28 31 | 04
#1631-d122 @A: 10 31 07 27 | 09
#1632-d122 @A: 34 09 07 31 | 12
#1633-d122 @A: 05 33 03 31 | 01
#1634-d122 @A: 31 02 05 07 | 07
#1635-d122 @A: 09 23 31 05 | 11
#1636-d122 @A: 09 25 31 28 | 08
#1637-d122 @A: 01 02 18 12 | 03
#1638-d122 @A: 05 18 17 01 | 06
#1639-d122 @A: 26 11 07 18 | 02
#1640-d122 @A: 18 03 27 26 | 05
#1641-d122 @A: 21 14 17 18 | 10
#1642-d122 @A: 15 17 18 03 | 04
#1643-d122 @A: 21 18 03 24 | 09
#1644-d122 @A: 01 22 12 08 | 12
#1645-d122 @A: 24 11 01 10 | 01
#1646-d122 @A: 03 26 01 29 | 07
#1647-d122 @A: 32 15 01 22 | 11
#1648-d122 @A: 01 24 32 27 | 08
#1649-d122 @A: 23 07 10 01 | 03
#1650-d122 @A: 11 22 12 20 | 06
#1651-d122 @A: 35 02 12 11 | 02
#1652-d122 @A: 22 14 05 12 | 05
#1653-d122 @A: 12 22 33 07 | 10
#1654-d122 @A: 33 12 14 09 | 04
#1655-d122 @A: 11 35 26 05 | 09
#1656-d122 @A: 22 03 09 11 | 12
#1657-d122 @A: 03 11 02 29 | 01
#1658-d122 @A: 28 07 11 20 | 07
#1659-d122 @A: 11 09 02 20 | 11
#1660-d122 @A: 05 20 11 25 | 08
#1661-d122 @A: 11 08 05 29 | 03
#1662-d122 @A: 26 10 22 27 | 06
#1663-d122 @A: 26 10 23 21 | 02
#1664-d122 @A: 26 25 28 10 | 05
#1665-d122 @A: 10 22 25 33 | 10
#1666-d122 @A: 25 09 22 20 | 04
#1667-d122 @A: 27 15 14 24 | 09
#1668-d122 @A: 27 15 25 03 | 12
#1669-d122 @A: 10 09 23 27 | 01
#1670-d122 @A: 27 15 20 28 | 07
#1671-d122 @A: 10 21 05 27 | 11
#1672-d122 @A: 20 29 05 27 | 08
#1673-d122 @A: 28 14 07 35 | 03
#1674-d122 @A: 33 14 29 21 | 06
#1675-d122 @A: 10 33 14 08 | 02
#1676-d122 @A: 28 21 03 14 | 05
#1677-d122 @A: 14 08 21 23 | 10
#1678-d122 @A: 20 14 10 28 | 04
#1679-d122 @A: 03 33 17 20 | 09
#1680-d122 @A: 17 28 33 21 | 12
#1681-d122 @A: 02 23 17 25 | 01
#1682-d122 @A: 20 07 33 32 | 07
#1683-d122 @A: 33 32 29 28 | 11
#1684-d122 @A: 05 03 32 29 | 08
#1685-d122 @A: 02 21 32 07 | 03
#1686-d122 @A: 07 35 15 05 | 06
#1687-d122 @A: 21 10 08 35 | 02
#1688-d122 @A: 33 24 15 05 | 05
#1689-d122 @A: 28 10 33 24 | 10
