#0001-d198 @A: 17 07 20 05 | 09
#0002-d198 @A: 20 31 18 17 | 06
#0003-d198 @A: 17 03 20 25 | 03
#0004-d198 @A: 07 17 10 14 | 05
#0005-d198 @A: 31 33 19 17 | 12
#0006-d198 @A: 31 14 01 17 | 04
#0007-d198 @A: 34 17 08 31 | 11
#0008-d198 @A: 35 17 10 05 | 02
#0009-d198 @A: 13 17 14 32 | 08
#0010-d198 @A: 28 04 17 06 | 10
#0011-d198 @A: 33 17 02 21 | 01
#0012-d198 @A: 01 21 34 17 | 07
#0013-d198 @A: 17 27 30 25 | 09
#0014-d198 @A: 14 17 19 06 | 06
#0015-d198 @A: 27 17 11 05 | 03
#0016-d198 @A: 20 29 07 06 | 05
#0017-d198 @A: 20 16 07 09 | 12
#0018-d198 @A: 22 31 13 20 | 04
#0019-d198 @A: 29 10 11 20 | 11
#0020-d198 @A: 20 21 18 29 | 02
#0021-d198 @A: 32 29 08 20 | 08
#0022-d198 @A: 04 20 19 33 | 10
#0023-d198 @A: 26 20 03 33 | 01
#0024-d198 @A: 09 21 20 23 | 07
#0025-d198 @A: 35 22 20 15 | 09
#0026-d198 @A: 20 08 30 04 | 06
#0027-d198 @A: 14 04 20 35 | 03
#0028-d198 @A: 18 20 35 06 | 05
#0029-d198 @A: 32 20 14 11 | 12
#0030-d198 @A: 05 02 20 11 | 04
#0031-d198 @A: 10 24 19 07 | 11
#0032-d198 @A: 32 13 07 15 | 02
#0033-d198 @A: 13 24 11 07 | 08
#0034-d198 @A: 07 16 28 30 | 10
#0035-d198 @A: 05 28 07 11 | 01
#0036-d198 @A: 21 01 07 09 | 07
#0037-d198 @A: 23 25 07 16 | 09
#0038-d198 @A: 06 16 27 07 | 06
#0039-d198 @A: 01 19 04 07 | 03
#0040-d198 @A: 03 07 04 14 | 05
#0041-d198 @A: 04 25 34 07 | 12
#0042-d198 @A: 08 03 07 22 | 04
#0043-d198 @A: 24 08 07 14 | 11
#0044-d198 @A: 35 03 07 06 | 02
#0045-d198 @A: 27 14 19 07 | 08
#0046-d198 @A: 34 07 22 09 | 10
#0047-d198 @A: 16 13 05 31 | 01
#0048-d198 @A: 31 13 23 03 | 07
#0049-d198 @A: 35 13 31 30 | 09
#0050-d198 @A: 25 33 31 21 | 06
#0051-d198 @A: 01 11 21 31 | 03
#0052-d198 @A: 03 21 31 34 | 05
#0053-d198 @A: 25 31 01 03 | 12
#0054-d198 @A: 15 02 31 06 | 04
#0055-d198 @A: 15 31 22 26 | 11
#0056-d198 @A: 03 24 31 09 | 02
#0057-d198 @A: 23 12 35 31 | 08
#0058-d198 @A: 22 06 09 31 | 10
#0059-d198 @A: 09 31 32 12 | 01
#0060-d198 @A: 11 31 27 26 | 07
#0061-d198 @A: 09 35 29 10 | 09
#0062-d198 @A: 03 02 28 29 | 06
#0063-d198 @A: 12 28 29 11 | 03
#0064-d198 @A: 29 21 34 33 | 05
#0065-d198 @A: 21 16 11 29 | 12
#0066-d198 @A: 05 29 26 21 | 04
#0067-d198 @A: 35 01 29 19 | 11
#0068-d198 @A: 29 02 01 12 | 02
#0069-d198 @A: 08 03 29 30 | 08
#0070-d198 @A: 03 24 29 18 | 10
#0071-d198 @A: 05 12 18 29 | 01
#0072-d198 @A: 32 19 29 09 | 07
#0073-d198 @A: 26 10 15 13 | 09
#0074-d198 @A: 10 33 01 26 | 06
#0075-d198 @A: 10 33 06 19 | 03
#0076-d198 @A: 25 21 10 14 | 05
#0077-d198 @A: 19 10 25 16 | 12
#0078-d198 @A: 23 04 03 10 | 04
#0079-d198 @A: 10 30 06 08 | 11
#0080-d198 @A: 23 10 35 02 | 02
#0081-d198 @A: 10 26 25 23 | 08
#0082-d198 @A: 26 27 10 06 | 10
#0083-d198 @A: 10 09 32 18 | 01
#0084-d198 @A: 28 34 03 13 | 07
#0085-d198 @A: 33 15 22 13 | 09
#0086-d198 @A: 19 33 30 13 | 06
#0087-d198 @A: 13 16 27 15 | 03
#0088-d198 @A: 35 16 13 24 | 05
#0089-d198 @A: 09 14 13 16 | 12
#0090-d198 @A: 15 01 09 13 | 04
#0091-d198 @A: 13 06 01 35 | 11
#0092-d198 @A: 08 24 13 32 | 02
#0093-d198 @A: 13 06 14 27 | 08
#0094-d198 @A: 05 06 13 09 | 10
#0095-d198 @A: 13 12 26 32 | 01
#0096-d198 @A: 27 18 32 13 | 07
#0097-d198 @A: 11 18 26 13 | 09
#0098-d198 @A: 33 25 28 04 | 06
#0099-d198 @A: 28 27 33 06 | 03
#0100-d198 @A: 35 21 28 05 | 05
#0101-d198 @A: 26 14 04 28 | 12
#0102-d198 @A: 28 24 03 14 | 04
#0103-d198 @A: 28 23 09 35 | 11
#0104-d198 @A: 27 12 28 32 | 02
#0105-d198 @A: 26 28 02 12 | 08
#0106-d198 @A: 18 28 34 22 | 10
#0107-d198 @A: 16 04 21 33 | 01
#0108-d198 @A: 21 12 33 08 | 07
#0109-d198 @A: 33 01 09 24 | 09
#0110-d198 @A: 05 04 27 33 | 06
#0111-d198 @A: 08 03 19 33 | 03
#0112-d198 @A: 03 33 02 35 | 05
#0113-d198 @A: 12 32 33 18 | 12
#0114-d198 @A: 18 19 33 27 | 04
#0115-d198 @A: 24 01 21 30 | 11
#0116-d198 @A: 21 26 06 30 | 02
#0117-d198 @A: 21 18 02 09 | 08
#0118-d198 @A: 30 21 19 34 | 10
#0119-d198 @A: 35 16 30 01 | 01
#0120-d198 @A: 35 14 16 15 | 07
#0121-d198 @A: 16 32 26 15 | 09
#0122-d198 @A: 16 14 25 27 | 06
#0123-d198 @A: 19 16 18 09 | 03
#0124-d198 @A: 24 08 25 01 | 05
#0125-d198 @A: 01 30 27 22 | 12
#0126-d198 @A: 18 22 01 05 | 04
#0127-d198 @A: 34 11 19 01 | 11
#0128-d198 @A: 15 04 24 22 | 02
#0129-d198 @A: 08 09 24 15 | 08
#0130-d198 @A: 24 03 15 26 | 10
#0131-d198 @A: 15 32 12 30 | 01
#0132-d198 @A: 05 22 09 15 | 07
#0133-d198 @A: 19 23 15 05 | 09
#0134-d198 @A: 08 09 04 19 | 06
#0135-d198 @A: 12 19 30 04 | 03
#0136-d198 @A: 04 30 34 27 | 05
#0137-d198 @A: 09 04 05 02 | 12
#0138-d198 @A: 22 18 08 09 | 04
#0139-d198 @A: 32 26 08 11 | 11
#0140-d198 @A: 22 05 24 03 | 02
#0141-d198 @A: 32 03 22 34 | 08
#0142-d198 @A: 14 24 35 12 | 10
#0143-d198 @A: 24 34 11 27 | 01
#0144-d198 @A: 22 24 30 19 | 07
#0145-d198 @A: 06 09 35 14 | 09
#0146-d198 @A: 35 02 11 14 | 06
#0147-d198 @A: 23 05 35 14 | 03
#0148-d198 @A: 02 30 32 35 | 05
#0149-d198 @A: 25 23 32 19 | 12
#0150-d198 @A: 14 26 34 23 | 04
#0151-d198 @A: 34 17 20 28 | 11
#0152-d198 @A: 17 14 02 20 | 02
#0153-d198 @A: 17 24 18 07 | 08
#0154-d198 @A: 11 12 10 17 | 10
#0155-d198 @A: 21 17 22 13 | 01
#0156-d198 @A: 13 17 34 12 | 07
#0157-d198 @A: 24 16 17 14 | 09
#0158-d198 @A: 15 17 35 19 | 06
#0159-d198 @A: 11 17 24 04 | 03
#0160-d198 @A: 35 17 25 06 | 05
#0161-d198 @A: 11 17 22 25 | 12
#0162-d198 @A: 19 17 34 05 | 04
#0163-d198 @A: 04 07 02 20 | 11
#0164-d198 @A: 23 07 20 32 | 02
#0165-d198 @A: 31 20 33 14 | 08
#0166-d198 @A: 31 06 21 20 | 10
#0167-d198 @A: 20 03 29 22 | 01
#0168-d198 @A: 20 14 30 10 | 07
#0169-d198 @A: 20 19 10 32 | 09
#0170-d198 @A: 20 01 28 23 | 06
#0171-d198 @A: 15 09 20 28 | 03
#0172-d198 @A: 20 12 23 16 | 05
#0173-d198 @A: 01 22 08 20 | 12
#0174-d198 @A: 25 18 20 11 | 04
#0175-d198 @A: 22 05 20 06 | 11
#0176-d198 @A: 07 31 05 18 | 02
#0177-d198 @A: 13 29 07 22 | 08
#0178-d198 @A: 07 01 33 22 | 10
#0179-d198 @A: 33 03 32 07 | 01
#0180-d198 @A: 23 07 27 15 | 07
#0181-d198 @A: 11 07 15 02 | 09
#0182-d198 @A: 03 30 07 24 | 06
#0183-d198 @A: 14 11 25 07 | 03
#0184-d198 @A: 09 07 02 06 | 05
#0185-d198 @A: 07 18 06 30 | 12
#0186-d198 @A: 07 12 19 34 | 04
#0187-d198 @A: 31 02 29 10 | 11
#0188-d198 @A: 32 33 29 31 | 02
#0189-d198 @A: 26 10 31 16 | 08
#0190-d198 @A: 18 13 31 08 | 10
#0191-d198 @A: 27 31 16 28 | 01
#0192-d198 @A: 31 16 28 23 | 07
#0193-d198 @A: 31 03 14 16 | 09
#0194-d198 @A: 18 01 31 24 | 06
#0195-d198 @A: 15 31 23 25 | 03
#0196-d198 @A: 15 18 11 31 | 05
#0197-d198 @A: 32 06 04 31 | 12
#0198-d198 @A: 26 31 35 03 | 04
#0199-d198 @A: 31 25 34 18 | 11
#0200-d198 @A: 26 31 19 02 | 02
#0201-d198 @A: 34 23 09 31 | 08
#0202-d198 @A: 29 10 26 28 | 10
#0203-d198 @A: 13 23 18 29 | 01
#0204-d198 @A: 16 29 33 18 | 07
#0205-d198 @A: 29 21 22 01 | 09
#0206-d198 @A: 21 04 09 29 | 06
#0207-d198 @A: 12 16 29 35 | 03
#0208-d198 @A: 01 03 29 04 | 05
#0209-d198 @A: 18 01 09 29 | 12
#0210-d198 @A: 03 12 26 29 | 04
#0211-d198 @A: 29 14 19 12 | 11
#0212-d198 @A: 32 12 29 34 | 02
#0213-d198 @A: 05 14 34 29 | 08
#0214-d198 @A: 30 32 29 14 | 10
#0215-d198 @A: 23 30 29 32 | 01
#0216-d198 @A: 33 10 12 28 | 07
#0217-d198 @A: 18 10 33 08 | 09
#0218-d198 @A: 16 27 21 10 | 06
#0219-d198 @A: 15 21 05 10 | 03
#0220-d198 @A: 10 21 03 26 | 05
#0221-d198 @A: 08 10 35 32 | 12
#0222-d198 @A: 05 12 10 14 | 04
#0223-d198 @A: 14 13 34 33 | 11
#0224-d198 @A: 04 24 13 34 | 02
#0225-d198 @A: 19 32 25 13 | 08
#0226-d198 @A: 33 35 09 28 | 10
#0227-d198 @A: 28 02 01 21 | 01
#0228-d198 @A: 16 28 35 06 | 07
#0229-d198 @A: 12 01 28 04 | 09
#0230-d198 @A: 03 04 05 28 | 06
#0231-d198 @A: 09 03 06 28 | 03
#0232-d198 @A: 33 01 32 08 | 05
#0233-d198 @A: 15 24 33 18 | 12
#0234-d198 @A: 33 11 25 02 | 04
#0235-d198 @A: 12 33 06 23 | 11
#0236-d198 @A: 05 16 21 01 | 02
#0237-d198 @A: 05 21 08 18 | 08
#0238-d198 @A: 26 14 21 34 | 10
#0239-d198 @A: 16 02 12 15 | 01
#0240-d198 @A: 34 23 16 04 | 07
#0241-d198 @A: 27 08 16 03 | 09
#0242-d198 @A: 16 09 35 03 | 06
#0243-d198 @A: 24 22 16 11 | 03
#0244-d198 @A: 02 25 05 16 | 05
#0245-d198 @A: 16 11 09 25 | 12
#0246-d198 @A: 32 23 16 06 | 04
#0247-d198 @A: 11 32 12 16 | 11
#0248-d198 @A: 22 16 32 27 | 02
#0249-d198 @A: 32 01 15 18 | 08
#0250-d198 @A: 04 01 08 34 | 10
#0251-d198 @A: 18 01 25 06 | 01
#0252-d198 @A: 27 01 25 34 | 07
#0253-d198 @A: 23 25 01 05 | 09
#0254-d198 @A: 01 06 27 23 | 06
#0255-d198 @A: 19 18 12 01 | 03
#0256-d198 @A: 01 02 18 11 | 05
#0257-d198 @A: 35 08 34 15 | 12
#0258-d198 @A: 12 08 25 15 | 04
#0259-d198 @A: 23 06 08 15 | 11
#0260-d198 @A: 05 06 15 27 | 02
#0261-d198 @A: 15 06 09 32 | 08
#0262-d198 @A: 15 19 22 06 | 10
#0263-d198 @A: 19 30 14 15 | 01
#0264-d198 @A: 02 25 19 04 | 07
#0265-d198 @A: 12 04 14 32 | 09
#0266-d198 @A: 02 08 22 12 | 06
#0267-d198 @A: 12 30 08 09 | 03
#0268-d198 @A: 26 27 18 08 | 05
#0269-d198 @A: 23 03 24 02 | 12
#0270-d198 @A: 27 03 18 25 | 04
#0271-d198 @A: 03 27 14 05 | 11
#0272-d198 @A: 03 19 14 11 | 02
#0273-d198 @A: 18 02 26 03 | 08
#0274-d198 @A: 09 19 24 35 | 10
#0275-d198 @A: 24 19 25 11 | 01
#0276-d198 @A: 24 09 06 26 | 07
#0277-d198 @A: 34 26 24 05 | 09
#0278-d198 @A: 18 35 05 09 | 06
#0279-d198 @A: 26 09 34 35 | 03
#0280-d198 @A: 23 09 12 19 | 05
#0281-d198 @A: 23 27 11 30 | 12
#0282-d198 @A: 20 17 30 15 | 04
#0283-d198 @A: 08 20 17 11 | 11
#0284-d198 @A: 35 17 32 20 | 02
#0285-d198 @A: 17 12 07 01 | 08
#0286-d198 @A: 31 17 28 12 | 10
#0287-d198 @A: 02 34 17 29 | 01
#0288-d198 @A: 01 17 05 28 | 07
#0289-d198 @A: 17 16 21 08 | 09
#0290-d198 @A: 14 17 03 15 | 06
#0291-d198 @A: 03 19 18 17 | 03
#0292-d198 @A: 25 02 17 18 | 05
#0293-d198 @A: 02 26 17 11 | 12
#0294-d198 @A: 18 32 05 17 | 04
#0295-d198 @A: 17 30 18 09 | 11
#0296-d198 @A: 03 11 20 07 | 02
#0297-d198 @A: 21 20 10 08 | 08
#0298-d198 @A: 25 04 20 10 | 10
#0299-d198 @A: 06 03 10 20 | 01
#0300-d198 @A: 10 09 24 20 | 07
#0301-d198 @A: 20 34 35 13 | 09
#0302-d198 @A: 20 05 32 13 | 06
#0303-d198 @A: 28 04 20 32 | 03
#0304-d198 @A: 25 35 20 33 | 05
#0305-d198 @A: 21 11 20 15 | 12
#0306-d198 @A: 03 04 21 20 | 04
#0307-d198 @A: 20 22 19 21 | 11
#0308-d198 @A: 02 16 20 30 | 02
#0309-d198 @A: 20 04 01 18 | 08
#0310-d198 @A: 01 20 06 11 | 10
#0311-d198 @A: 09 34 01 20 | 01
#0312-d198 @A: 15 14 20 08 | 07
#0313-d198 @A: 34 23 15 20 | 09
#0314-d198 @A: 20 24 05 08 | 06
#0315-d198 @A: 26 25 20 05 | 03
#0316-d198 @A: 20 02 26 06 | 05
#0317-d198 @A: 20 27 14 18 | 12
#0318-d198 @A: 30 20 27 05 | 04
#0319-d198 @A: 19 09 20 11 | 11
#0320-d198 @A: 04 31 29 07 | 02
#0321-d198 @A: 28 10 07 23 | 08
#0322-d198 @A: 14 13 01 07 | 10
#0323-d198 @A: 13 07 23 06 | 01
#0324-d198 @A: 21 07 32 28 | 07
#0325-d198 @A: 08 28 07 04 | 09
#0326-d198 @A: 28 07 24 02 | 06
#0327-d198 @A: 24 07 27 33 | 03
#0328-d198 @A: 21 07 14 16 | 05
#0329-d198 @A: 34 07 15 03 | 12
#0330-d198 @A: 07 15 35 18 | 04
#0331-d198 @A: 30 12 27 07 | 11
#0332-d198 @A: 27 32 34 07 | 02
#0333-d198 @A: 07 23 02 11 | 08
#0334-d198 @A: 31 05 33 10 | 10
#0335-d198 @A: 13 31 28 33 | 01
#0336-d198 @A: 31 14 28 15 | 07
#0337-d198 @A: 34 31 30 12 | 09
#0338-d198 @A: 18 14 31 02 | 06
#0339-d198 @A: 05 22 31 14 | 03
#0340-d198 @A: 23 19 22 31 | 05
#0341-d198 @A: 19 31 11 05 | 12
#0342-d198 @A: 27 29 10 33 | 04
#0343-d198 @A: 22 29 10 34 | 11
#0344-d198 @A: 33 29 25 01 | 02
#0345-d198 @A: 15 26 33 29 | 08
#0346-d198 @A: 16 29 04 32 | 10
#0347-d198 @A: 15 29 18 19 | 01
#0348-d198 @A: 08 18 29 25 | 07
#0349-d198 @A: 29 08 26 06 | 09
#0350-d198 @A: 24 27 14 29 | 06
#0351-d198 @A: 29 23 24 34 | 03
#0352-d198 @A: 30 12 25 29 | 05
#0353-d198 @A: 25 29 14 22 | 12
#0354-d198 @A: 33 10 13 23 | 04
#0355-d198 @A: 28 10 04 02 | 11
#0356-d198 @A: 25 24 28 10 | 02
#0357-d198 @A: 16 06 10 32 | 08
#0358-d198 @A: 10 19 27 01 | 10
#0359-d198 @A: 04 10 35 22 | 01
#0360-d198 @A: 14 10 03 32 | 07
#0361-d198 @A: 18 10 02 24 | 09
#0362-d198 @A: 10 30 27 18 | 06
#0363-d198 @A: 13 28 09 08 | 03
#0364-d198 @A: 21 13 32 01 | 05
#0365-d198 @A: 01 13 04 26 | 12
#0366-d198 @A: 34 13 05 01 | 04
#0367-d198 @A: 15 04 13 25 | 11
#0368-d198 @A: 15 13 11 35 | 02
#0369-d198 @A: 08 35 26 13 | 08
#0370-d198 @A: 23 35 08 13 | 10
#0371-d198 @A: 13 02 35 18 | 01
#0372-d198 @A: 11 13 06 25 | 07
#0373-d198 @A: 18 13 14 19 | 09
#0374-d198 @A: 34 18 13 30 | 06
#0375-d198 @A: 22 11 05 13 | 03
#0376-d198 @A: 32 28 33 15 | 05
#0377-d198 @A: 28 01 14 16 | 12
#0378-d198 @A: 28 34 14 27 | 04
#0379-d198 @A: 30 27 28 09 | 11
#0380-d198 @A: 11 34 26 28 | 02
#0381-d198 @A: 22 03 21 33 | 08
#0382-d198 @A: 33 16 14 30 | 10
#0383-d198 @A: 15 01 30 33 | 01
#0384-d198 @A: 03 23 01 33 | 07
#0385-d198 @A: 04 33 35 18 | 09
#0386-d198 @A: 04 33 22 14 | 06
#0387-d198 @A: 33 14 02 19 | 03
#0388-d198 @A: 18 05 33 02 | 05
#0389-d198 @A: 19 11 33 32 | 12
#0390-d198 @A: 18 27 11 21 | 04
#0391-d198 @A: 16 03 01 22 | 11
#0392-d198 @A: 08 18 16 15 | 02
#0393-d198 @A: 04 34 02 16 | 08
#0394-d198 @A: 03 23 16 08 | 10
#0395-d198 @A: 05 16 09 23 | 01
#0396-d198 @A: 02 26 01 25 | 07
#0397-d198 @A: 30 11 26 15 | 09
#0398-d198 @A: 03 08 04 25 | 06
#0399-d198 @A: 11 08 18 04 | 03
#0400-d198 @A: 12 04 35 09 | 05
#0401-d198 @A: 04 26 09 25 | 12
#0402-d198 @A: 14 30 04 06 | 04
#0403-d198 @A: 27 04 12 23 | 11
#0404-d198 @A: 05 22 04 30 | 02
#0405-d198 @A: 23 08 25 30 | 08
#0406-d198 @A: 19 08 27 30 | 10
#0407-d198 @A: 08 34 02 18 | 01
#0408-d198 @A: 32 25 03 11 | 07
#0409-d198 @A: 19 32 06 03 | 09
#0410-d198 @A: 05 32 12 03 | 06
#0411-d198 @A: 02 30 03 19 | 03
#0412-d198 @A: 24 32 35 27 | 05
#0413-d198 @A: 09 24 32 25 | 12
#0414-d198 @A: 24 34 12 06 | 04
#0415-d198 @A: 06 22 14 24 | 11
#0416-d198 @A: 09 24 27 22 | 02
#0417-d198 @A: 24 22 23 11 | 08
#0418-d198 @A: 12 05 35 06 | 10
#0419-d198 @A: 11 12 35 19 | 01
#0420-d198 @A: 35 27 05 34 | 07
#0421-d198 @A: 23 25 14 11 | 09
#0422-d198 @A: 22 12 23 14 | 06
#0423-d198 @A: 16 20 01 17 | 03
#0424-d198 @A: 25 17 07 08 | 05
#0425-d198 @A: 19 17 22 07 | 12
#0426-d198 @A: 17 31 22 29 | 04
#0427-d198 @A: 26 13 31 17 | 11
#0428-d198 @A: 05 31 17 21 | 02
#0429-d198 @A: 21 10 17 06 | 08
#0430-d198 @A: 19 10 17 08 | 10
#0431-d198 @A: 19 27 13 17 | 01
#0432-d198 @A: 28 03 17 26 | 07
#0433-d198 @A: 26 25 33 17 | 09
#0434-d198 @A: 17 16 26 04 | 06
#0435-d198 @A: 16 17 23 35 | 03
#0436-d198 @A: 17 08 02 32 | 05
#0437-d198 @A: 12 35 03 17 | 12
#0438-d198 @A: 09 06 17 27 | 04
#0439-d198 @A: 02 06 17 30 | 11
#0440-d198 @A: 23 12 17 30 | 02
#0441-d198 @A: 27 14 17 22 | 08
#0442-d198 @A: 26 17 18 22 | 10
#0443-d198 @A: 07 22 24 20 | 01
#0444-d198 @A: 31 29 19 20 | 07
#0445-d198 @A: 20 31 10 15 | 09
#0446-d198 @A: 29 16 20 27 | 06
#0447-d198 @A: 20 13 15 12 | 03
#0448-d198 @A: 08 20 19 13 | 05
#0449-d198 @A: 13 20 23 25 | 12
#0450-d198 @A: 04 16 05 20 | 04
#0451-d198 @A: 20 18 15 03 | 11
#0452-d198 @A: 08 20 35 27 | 02
#0453-d198 @A: 25 24 06 20 | 08
#0454-d198 @A: 32 30 20 26 | 10
#0455-d198 @A: 13 07 09 31 | 01
#0456-d198 @A: 21 07 31 23 | 07
#0457-d198 @A: 30 07 15 31 | 09
#0458-d198 @A: 29 10 30 07 | 06
#0459-d198 @A: 03 07 09 29 | 03
#0460-d198 @A: 02 07 21 10 | 05
#0461-d198 @A: 35 07 05 33 | 12
#0462-d198 @A: 26 27 04 07 | 04
#0463-d198 @A: 07 12 25 26 | 11
#0464-d198 @A: 07 14 32 09 | 02
#0465-d198 @A: 07 26 18 32 | 08
#0466-d198 @A: 28 21 29 31 | 10
#0467-d198 @A: 31 18 29 35 | 01
#0468-d198 @A: 10 18 04 31 | 07
#0469-d198 @A: 09 31 10 25 | 09
#0470-d198 @A: 13 31 06 03 | 06
#0471-d198 @A: 31 32 28 01 | 03
#0472-d198 @A: 24 28 31 11 | 05
#0473-d198 @A: 18 33 09 31 | 12
#0474-d198 @A: 03 11 31 08 | 04
#0475-d198 @A: 31 08 30 26 | 11
#0476-d198 @A: 03 18 31 32 | 02
#0477-d198 @A: 06 12 31 26 | 08
#0478-d198 @A: 31 30 27 32 | 10
#0479-d198 @A: 27 09 31 05 | 01
#0480-d198 @A: 13 10 29 05 | 07
#0481-d198 @A: 28 18 29 13 | 09
#0482-d198 @A: 04 13 33 29 | 06
#0483-d198 @A: 29 30 13 16 | 03
#0484-d198 @A: 32 35 29 28 | 05
#0485-d198 @A: 33 29 09 23 | 12
#0486-d198 @A: 21 08 19 29 | 04
#0487-d198 @A: 29 15 16 09 | 11
#0488-d198 @A: 29 01 24 05 | 02
#0489-d198 @A: 15 35 02 29 | 08
#0490-d198 @A: 12 29 22 15 | 10
#0491-d198 @A: 29 04 25 24 | 01
#0492-d198 @A: 29 22 06 32 | 07
#0493-d198 @A: 09 02 14 29 | 09
#0494-d198 @A: 11 26 29 14 | 06
#0495-d198 @A: 27 10 24 13 | 03
#0496-d198 @A: 10 14 08 28 | 05
#0497-d198 @A: 35 10 27 28 | 12
#0498-d198 @A: 10 30 01 12 | 04
#0499-d198 @A: 32 25 10 30 | 11
#0500-d198 @A: 11 06 05 10 | 02
#0501-d198 @A: 12 19 10 22 | 08
#0502-d198 @A: 30 34 02 10 | 10
#0503-d198 @A: 19 09 02 10 | 01
#0504-d198 @A: 34 10 32 11 | 07
#0505-d198 @A: 28 21 19 13 | 09
#0506-d198 @A: 27 13 33 09 | 06
#0507-d198 @A: 06 13 16 04 | 03
#0508-d198 @A: 18 13 22 16 | 05
#0509-d198 @A: 24 13 23 32 | 12
#0510-d198 @A: 30 26 13 14 | 04
#0511-d198 @A: 26 33 28 21 | 11
#0512-d198 @A: 24 21 06 28 | 02
#0513-d198 @A: 28 09 01 25 | 08
#0514-d198 @A: 24 15 28 23 | 10
#0515-d198 @A: 26 15 06 28 | 01
#0516-d198 @A: 28 35 30 04 | 07
#0517-d198 @A: 24 08 18 28 | 09
#0518-d198 @A: 28 23 26 08 | 06
#0519-d198 @A: 35 34 28 19 | 03
#0520-d198 @A: 14 28 02 06 | 05
#0521-d198 @A: 14 12 30 28 | 12
#0522-d198 @A: 12 09 34 28 | 04
#0523-d198 @A: 28 14 09 19 | 11
#0524-d198 @A: 11 27 19 28 | 02
#0525-d198 @A: 02 18 19 28 | 08
#0526-d198 @A: 02 28 30 22 | 10
#0527-d198 @A: 25 19 33 12 | 01
#0528-d198 @A: 32 33 14 05 | 07
#0529-d198 @A: 21 26 35 16 | 09
#0530-d198 @A: 21 01 27 04 | 06
#0531-d198 @A: 01 06 21 03 | 03
#0532-d198 @A: 21 34 15 24 | 05
#0533-d198 @A: 05 04 21 06 | 12
#0534-d198 @A: 08 03 21 09 | 04
#0535-d198 @A: 11 21 08 35 | 11
#0536-d198 @A: 27 12 21 34 | 02
#0537-d198 @A: 26 18 12 21 | 08
#0538-d198 @A: 14 32 19 21 | 10
#0539-d198 @A: 32 23 21 30 | 01
#0540-d198 @A: 16 08 19 01 | 07
#0541-d198 @A: 27 01 16 02 | 09
#0542-d198 @A: 24 32 16 03 | 06
#0543-d198 @A: 06 34 03 16 | 03
#0544-d198 @A: 16 22 25 06 | 05
#0545-d198 @A: 26 18 16 25 | 12
#0546-d198 @A: 27 16 02 23 | 04
#0547-d198 @A: 32 01 04 35 | 11
#0548-d198 @A: 30 32 03 01 | 02
#0549-d198 @A: 14 02 30 01 | 08
#0550-d198 @A: 11 01 27 32 | 10
#0551-d198 @A: 09 32 05 01 | 01
#0552-d198 @A: 14 24 15 23 | 07
#0553-d198 @A: 18 09 25 15 | 09
#0554-d198 @A: 15 30 18 22 | 06
#0555-d198 @A: 19 32 15 34 | 03
#0556-d198 @A: 06 04 24 03 | 05
#0557-d198 @A: 30 18 25 04 | 12
#0558-d198 @A: 27 32 19 04 | 04
#0559-d198 @A: 05 34 08 25 | 11
#0560-d198 @A: 19 06 18 08 | 02
#0561-d198 @A: 26 22 08 34 | 08
#0562-d198 @A: 03 34 25 19 | 10
#0563-d198 @A: 19 14 23 03 | 01
#0564-d198 @A: 02 32 27 03 | 07
#0565-d198 @A: 34 09 03 02 | 09
#0566-d198 @A: 05 09 19 03 | 06
#0567-d198 @A: 27 12 25 24 | 03
#0568-d198 @A: 18 27 05 24 | 05
#0569-d198 @A: 11 34 23 35 | 12
#0570-d198 @A: 18 06 30 23 | 04
#0571-d198 @A: 24 20 17 19 | 11
#0572-d198 @A: 17 23 06 20 | 02
#0573-d198 @A: 10 25 01 17 | 08
#0574-d198 @A: 17 10 34 15 | 10
#0575-d198 @A: 17 11 13 01 | 01
#0576-d198 @A: 08 17 14 33 | 07
#0577-d198 @A: 14 11 17 21 | 09
#0578-d198 @A: 17 35 27 16 | 06
#0579-d198 @A: 01 09 17 08 | 03
#0580-d198 @A: 04 15 18 17 | 05
#0581-d198 @A: 25 17 05 24 | 12
#0582-d198 @A: 19 26 17 12 | 04
#0583-d198 @A: 22 17 02 05 | 11
#0584-d198 @A: 20 07 13 30 | 02
#0585-d198 @A: 14 28 07 20 | 08
#0586-d198 @A: 07 01 32 20 | 10
#0587-d198 @A: 20 31 05 35 | 01
#0588-d198 @A: 29 20 15 05 | 07
#0589-d198 @A: 20 27 10 34 | 09
#0590-d198 @A: 33 18 20 28 | 06
#0591-d198 @A: 16 33 06 20 | 03
#0592-d198 @A: 21 24 20 02 | 05
#0593-d198 @A: 34 20 15 16 | 12
#0594-d198 @A: 03 27 20 24 | 04
#0595-d198 @A: 32 20 03 09 | 11
#0596-d198 @A: 25 20 12 32 | 02
#0597-d198 @A: 06 20 34 19 | 08
#0598-d198 @A: 09 06 20 30 | 10
#0599-d198 @A: 27 22 23 20 | 01
#0600-d198 @A: 18 19 05 20 | 07
#0601-d198 @A: 07 31 08 21 | 09
#0602-d198 @A: 07 24 31 35 | 06
#0603-d198 @A: 07 14 12 31 | 03
#0604-d198 @A: 35 07 25 10 | 05
#0605-d198 @A: 03 01 28 07 | 12
#0606-d198 @A: 26 07 35 28 | 04
#0607-d198 @A: 04 21 12 07 | 11
#0608-d198 @A: 21 05 03 07 | 02
#0609-d198 @A: 16 07 26 24 | 08
#0610-d198 @A: 05 27 07 01 | 10
#0611-d198 @A: 07 19 15 08 | 01
#0612-d198 @A: 15 07 22 25 | 07
#0613-d198 @A: 05 07 15 26 | 09
#0614-d198 @A: 11 07 12 06 | 06
#0615-d198 @A: 07 06 14 26 | 03
#0616-d198 @A: 02 34 07 26 | 05
#0617-d198 @A: 29 09 31 11 | 12
#0618-d198 @A: 31 16 18 21 | 04
#0619-d198 @A: 31 21 26 09 | 11
#0620-d198 @A: 01 31 34 16 | 02
#0621-d198 @A: 05 31 34 04 | 08
#0622-d198 @A: 23 31 14 06 | 10
#0623-d198 @A: 14 09 30 31 | 01
#0624-d198 @A: 19 32 31 22 | 07
#0625-d198 @A: 06 24 10 29 | 09
#0626-d198 @A: 29 13 24 09 | 06
#0627-d198 @A: 06 28 01 29 | 03
#0628-d198 @A: 24 28 30 29 | 05
#0629-d198 @A: 29 22 35 33 | 12
#0630-d198 @A: 03 21 29 14 | 04
#0631-d198 @A: 29 30 35 27 | 11
#0632-d198 @A: 06 29 09 25 | 02
#0633-d198 @A: 23 29 06 34 | 08
#0634-d198 @A: 10 18 28 15 | 10
#0635-d198 @A: 35 14 33 10 | 01
#0636-d198 @A: 21 24 22 10 | 07
#0637-d198 @A: 30 35 21 10 | 09
#0638-d198 @A: 24 01 10 32 | 06
#0639-d198 @A: 08 04 10 26 | 03
#0640-d198 @A: 02 03 05 10 | 05
#0641-d198 @A: 25 10 02 06 | 12
#0642-d198 @A: 25 11 10 26 | 04
#0643-d198 @A: 05 10 18 26 | 11
#0644-d198 @A: 10 30 05 19 | 02
#0645-d198 @A: 27 08 13 21 | 08
#0646-d198 @A: 22 13 01 24 | 10
#0647-d198 @A: 03 19 04 13 | 01
#0648-d198 @A: 14 02 25 13 | 07
#0649-d198 @A: 06 12 30 13 | 09
#0650-d198 @A: 13 12 02 11 | 06
#0651-d198 @A: 28 33 30 03 | 03
#0652-d198 @A: 21 15 04 28 | 05
#0653-d198 @A: 23 11 21 28 | 12
#0654-d198 @A: 16 08 28 26 | 04
#0655-d198 @A: 28 35 08 25 | 11
#0656-d198 @A: 35 03 28 11 | 02
#0657-d198 @A: 09 32 26 28 | 08
#0658-d198 @A: 19 33 01 21 | 10
#0659-d198 @A: 24 33 14 21 | 01
#0660-d198 @A: 33 02 04 08 | 07
#0661-d198 @A: 04 09 33 03 | 09
#0662-d198 @A: 33 34 18 03 | 06
#0663-d198 @A: 02 22 33 27 | 03
#0664-d198 @A: 33 09 02 30 | 05
#0665-d198 @A: 11 18 33 30 | 12
#0666-d198 @A: 21 03 16 02 | 04
#0667-d198 @A: 21 12 14 09 | 11
#0668-d198 @A: 12 30 02 21 | 02
#0669-d198 @A: 02 14 21 22 | 08
#0670-d198 @A: 02 21 05 27 | 10
#0671-d198 @A: 01 06 16 15 | 01
#0672-d198 @A: 03 16 26 30 | 07
#0673-d198 @A: 16 12 26 05 | 09
#0674-d198 @A: 18 27 34 16 | 06
#0675-d198 @A: 16 02 19 11 | 03
#0676-d198 @A: 34 16 26 19 | 05
#0677-d198 @A: 16 05 34 32 | 12
#0678-d198 @A: 09 05 30 16 | 04
#0679-d198 @A: 15 11 01 04 | 11
#0680-d198 @A: 01 27 15 08 | 02
#0681-d198 @A: 15 24 01 14 | 08
#0682-d198 @A: 04 24 01 02 | 10
#0683-d198 @A: 03 27 01 09 | 01
#0684-d198 @A: 23 24 12 01 | 07
#0685-d198 @A: 01 34 22 23 | 09
#0686-d198 @A: 30 01 26 05 | 06
#0687-d198 @A: 22 32 15 08 | 03
#0688-d198 @A: 34 12 14 15 | 05
#0689-d198 @A: 34 15 09 27 | 12
#0690-d198 @A: 15 27 22 11 | 04
#0691-d198 @A: 22 34 15 02 | 11
#0692-d198 @A: 02 04 06 12 | 02
#0693-d198 @A: 04 19 06 11 | 08
#0694-d198 @A: 11 30 04 32 | 10
#0695-d198 @A: 08 25 06 14 | 01
#0696-d198 @A: 08 11 09 06 | 07
#0697-d198 @A: 14 27 08 12 | 09
#0698-d198 @A: 08 34 14 09 | 06
#0699-d198 @A: 32 34 30 08 | 03
#0700-d198 @A: 26 05 09 08 | 05
#0701-d198 @A: 24 06 23 25 | 12
#0702-d198 @A: 09 02 24 11 | 04
#0703-d198 @A: 06 19 35 27 | 11
#0704-d198 @A: 12 35 34 22 | 02
#0705-d198 @A: 18 14 30 35 | 08
#0706-d198 @A: 11 06 23 19 | 10
#0707-d198 @A: 27 23 34 18 | 01
#0708-d198 @A: 09 17 20 29 | 07
#0709-d198 @A: 17 07 15 16 | 09
#0710-d198 @A: 17 07 03 02 | 06
#0711-d198 @A: 35 30 17 07 | 03
#0712-d198 @A: 35 17 02 31 | 05
#0713-d198 @A: 17 29 28 19 | 12
#0714-d198 @A: 01 29 17 32 | 04
#0715-d198 @A: 03 13 10 17 | 11
#0716-d198 @A: 17 10 28 32 | 02
#0717-d198 @A: 28 22 17 24 | 08
#0718-d198 @A: 23 28 27 17 | 10
#0719-d198 @A: 17 33 06 15 | 01
#0720-d198 @A: 33 04 17 12 | 07
#0721-d198 @A: 33 30 17 32 | 09
#0722-d198 @A: 17 30 04 01 | 06
#0723-d198 @A: 17 32 11 15 | 03
#0724-d198 @A: 22 35 17 08 | 05
#0725-d198 @A: 25 14 12 17 | 12
#0726-d198 @A: 22 17 34 06 | 04
#0727-d198 @A: 26 17 06 05 | 11
#0728-d198 @A: 17 23 32 14 | 02
#0729-d198 @A: 20 16 12 31 | 08
#0730-d198 @A: 26 29 20 35 | 10
#0731-d198 @A: 25 20 21 13 | 01
#0732-d198 @A: 20 27 33 21 | 07
#0733-d198 @A: 15 33 02 20 | 09
#0734-d198 @A: 20 24 01 35 | 06
#0735-d198 @A: 03 20 23 26 | 03
#0736-d198 @A: 02 25 34 20 | 05
#0737-d198 @A: 25 30 22 20 | 12
#0738-d198 @A: 20 12 30 18 | 04
#0739-d198 @A: 05 34 20 12 | 11
#0740-d198 @A: 20 22 09 14 | 02
#0741-d198 @A: 27 20 19 02 | 08
#0742-d198 @A: 31 32 07 10 | 10
#0743-d198 @A: 07 01 26 31 | 01
#0744-d198 @A: 08 07 10 05 | 07
#0745-d198 @A: 35 13 07 27 | 09
#0746-d198 @A: 07 25 21 24 | 06
#0747-d198 @A: 16 08 07 32 | 03
#0748-d198 @A: 02 01 07 35 | 05
#0749-d198 @A: 24 06 07 15 | 12
#0750-d198 @A: 35 04 23 07 | 04
#0751-d198 @A: 09 07 12 24 | 11
#0752-d198 @A: 07 32 06 25 | 02
#0753-d198 @A: 06 34 05 07 | 08
#0754-d198 @A: 02 07 05 14 | 10
#0755-d198 @A: 07 18 11 19 | 01
#0756-d198 @A: 09 19 07 30 | 07
#0757-d198 @A: 08 29 14 31 | 09
#0758-d198 @A: 10 31 30 28 | 06
#0759-d198 @A: 19 10 21 31 | 03
#0760-d198 @A: 31 24 34 10 | 05
#0761-d198 @A: 04 31 27 13 | 12
#0762-d198 @A: 28 09 31 04 | 04
#0763-d198 @A: 18 26 28 31 | 11
#0764-d198 @A: 27 31 08 33 | 02
#0765-d198 @A: 31 12 03 33 | 08
#0766-d198 @A: 12 01 31 15 | 10
#0767-d198 @A: 06 31 19 25 | 01
#0768-d198 @A: 31 34 19 09 | 07
#0769-d198 @A: 10 23 01 29 | 09
#0770-d198 @A: 21 13 29 06 | 06
#0771-d198 @A: 29 28 15 08 | 03
#0772-d198 @A: 24 29 02 16 | 05
#0773-d198 @A: 29 27 04 08 | 12
#0774-d198 @A: 11 29 08 02 | 04
#0775-d198 @A: 29 02 27 26 | 11
#0776-d198 @A: 19 34 29 27 | 02
#0777-d198 @A: 10 13 19 35 | 08
#0778-d198 @A: 10 16 04 12 | 10
#0779-d198 @A: 08 11 24 10 | 01
#0780-d198 @A: 05 22 10 25 | 07
#0781-d198 @A: 22 11 10 02 | 09
#0782-d198 @A: 13 02 28 15 | 06
#0783-d198 @A: 13 28 27 25 | 03
#0784-d198 @A: 12 13 19 16 | 05
#0785-d198 @A: 01 18 03 13 | 12
#0786-d198 @A: 04 23 05 13 | 04
#0787-d198 @A: 14 13 03 08 | 11
#0788-d198 @A: 03 22 35 13 | 02
#0789-d198 @A: 09 26 13 03 | 08
#0790-d198 @A: 02 13 32 09 | 10
#0791-d198 @A: 22 13 32 30 | 01
#0792-d198 @A: 22 09 13 19 | 07
#0793-d198 @A: 28 34 01 33 | 09
#0794-d198 @A: 11 01 28 08 | 06
#0795-d198 @A: 19 24 04 28 | 03
#0796-d198 @A: 28 03 06 23 | 05
#0797-d198 @A: 06 11 30 28 | 12
#0798-d198 @A: 23 28 19 18 | 04
#0799-d198 @A: 23 30 34 28 | 11
#0800-d198 @A: 27 33 01 35 | 02
#0801-d198 @A: 12 33 05 01 | 08
#0802-d198 @A: 35 15 33 12 | 10
#0803-d198 @A: 32 33 25 27 | 01
#0804-d198 @A: 22 33 11 06 | 07
#0805-d198 @A: 33 32 34 26 | 09
#0806-d198 @A: 33 19 22 34 | 06
#0807-d198 @A: 27 15 21 35 | 03
#0808-d198 @A: 18 24 21 04 | 05
#0809-d198 @A: 21 03 11 24 | 12
#0810-d198 @A: 12 21 24 32 | 04
#0811-d198 @A: 35 34 32 21 | 11
#0812-d198 @A: 18 23 21 25 | 02
#0813-d198 @A: 14 30 21 27 | 08
#0814-d198 @A: 21 02 34 11 | 10
#0815-d198 @A: 32 26 02 21 | 01
#0816-d198 @A: 18 21 22 32 | 07
#0817-d198 @A: 21 26 19 11 | 09
#0818-d198 @A: 23 21 05 11 | 06
#0819-d198 @A: 16 09 01 04 | 03
#0820-d198 @A: 25 04 16 35 | 05
#0821-d198 @A: 16 06 12 08 | 12
#0822-d198 @A: 11 14 34 16 | 04
#0823-d198 @A: 22 14 16 19 | 11
#0824-d198 @A: 18 01 23 35 | 02
#0825-d198 @A: 19 22 25 01 | 08
#0826-d198 @A: 01 27 12 06 | 10
#0827-d198 @A: 22 15 04 23 | 01
#0828-d198 @A: 09 15 30 35 | 07
#0829-d198 @A: 14 27 32 15 | 09
#0830-d198 @A: 04 03 34 11 | 06
#0831-d198 @A: 14 09 04 27 | 03
#0832-d198 @A: 02 32 18 04 | 05
#0833-d198 @A: 04 19 26 05 | 12
#0834-d198 @A: 03 08 35 18 | 04
#0835-d198 @A: 34 11 12 08 | 11
#0836-d198 @A: 11 05 14 08 | 02
#0837-d198 @A: 08 32 23 27 | 08
#0838-d198 @A: 23 12 18 03 | 10
#0839-d198 @A: 24 22 35 18 | 01
#0840-d198 @A: 30 24 02 25 | 07
#0841-d198 @A: 26 22 24 12 | 09
#0842-d198 @A: 26 24 32 14 | 06
#0843-d198 @A: 24 09 14 05 | 03
#0844-d198 @A: 35 02 12 25 | 05
#0845-d198 @A: 09 35 25 22 | 12
#0846-d198 @A: 11 34 18 35 | 04
#0847-d198 @A: 34 32 23 02 | 11
#0848-d198 @A: 33 10 20 17 | 02
#0849-d198 @A: 20 17 13 06 | 08
#0850-d198 @A: 21 17 20 26 | 10
#0851-d198 @A: 17 06 31 07 | 01
#0852-d198 @A: 31 17 03 30 | 07
#0853-d198 @A: 15 25 17 29 | 09
#0854-d198 @A: 18 28 17 16 | 06
#0855-d198 @A: 28 02 17 09 | 03
#0856-d198 @A: 33 27 34 17 | 05
#0857-d198 @A: 23 33 17 34 | 12
#0858-d198 @A: 34 17 09 16 | 04
#0859-d198 @A: 17 02 24 15 | 11
#0860-d198 @A: 17 25 32 34 | 02
#0861-d198 @A: 09 17 25 19 | 08
#0862-d198 @A: 12 32 17 06 | 10
#0863-d198 @A: 05 14 30 17 | 01
#0864-d198 @A: 07 26 10 20 | 07
#0865-d198 @A: 33 20 12 07 | 09
#0866-d198 @A: 20 21 07 34 | 06
#0867-d198 @A: 18 20 08 07 | 03
#0868-d198 @A: 20 29 28 25 | 05
#0869-d198 @A: 12 10 20 35 | 12
#0870-d198 @A: 04 13 09 20 | 04
#0871-d198 @A: 30 21 20 28 | 11
#0872-d198 @A: 26 20 28 01 | 02
#0873-d198 @A: 20 28 08 06 | 08
#0874-d198 @A: 02 28 35 20 | 10
#0875-d198 @A: 33 11 24 20 | 01
#0876-d198 @A: 22 32 33 20 | 07
#0877-d198 @A: 14 05 20 21 | 09
#0878-d198 @A: 25 08 16 20 | 06
#0879-d198 @A: 30 01 19 20 | 03
#0880-d198 @A: 02 20 03 08 | 05
#0881-d198 @A: 26 12 20 08 | 12
#0882-d198 @A: 30 20 03 35 | 04
#0883-d198 @A: 20 03 12 19 | 11
#0884-d198 @A: 25 20 27 09 | 02
#0885-d198 @A: 14 12 06 20 | 08
#0886-d198 @A: 27 20 11 12 | 10
#0887-d198 @A: 26 09 18 20 | 01
#0888-d198 @A: 18 04 13 07 | 07
#0889-d198 @A: 28 25 18 07 | 09
#0890-d198 @A: 01 25 07 30 | 06
#0891-d198 @A: 24 05 07 04 | 03
#0892-d198 @A: 30 03 23 07 | 05
#0893-d198 @A: 09 18 07 27 | 12
#0894-d198 @A: 19 02 07 32 | 04
#0895-d198 @A: 23 05 34 07 | 11
#0896-d198 @A: 26 07 11 09 | 02
#0897-d198 @A: 12 29 13 31 | 08
#0898-d198 @A: 05 29 31 03 | 10
#0899-d198 @A: 31 24 26 29 | 01
#0900-d198 @A: 10 23 31 27 | 07
#0901-d198 @A: 13 19 01 31 | 09
#0902-d198 @A: 31 08 28 19 | 06
#0903-d198 @A: 35 31 21 12 | 03
#0904-d198 @A: 30 04 16 31 | 05
#0905-d198 @A: 35 31 32 16 | 12
#0906-d198 @A: 03 31 19 15 | 04
#0907-d198 @A: 15 31 05 24 | 11
#0908-d198 @A: 04 23 32 31 | 02
#0909-d198 @A: 12 31 02 05 | 08
#0910-d198 @A: 12 22 31 18 | 10
#0911-d198 @A: 26 32 31 05 | 01
#0912-d198 @A: 29 15 32 10 | 07
#0913-d198 @A: 32 03 29 13 | 09
#0914-d198 @A: 13 29 25 35 | 06
#0915-d198 @A: 29 24 19 33 | 03
#0916-d198 @A: 21 25 02 29 | 05
#0917-d198 @A: 11 15 29 24 | 12
#0918-d198 @A: 18 26 04 29 | 04
#0919-d198 @A: 26 25 29 32 | 11
#0920-d198 @A: 18 14 29 06 | 02
#0921-d198 @A: 06 11 29 27 | 08
#0922-d198 @A: 05 32 02 29 | 10
#0923-d198 @A: 10 03 16 33 | 01
#0924-d198 @A: 08 10 16 09 | 07
#0925-d198 @A: 24 15 12 10 | 09
#0926-d198 @A: 15 11 19 10 | 06
#0927-d198 @A: 10 30 04 03 | 03
#0928-d198 @A: 10 04 14 24 | 05
#0929-d198 @A: 10 02 35 26 | 12
#0930-d198 @A: 26 14 10 19 | 04
#0931-d198 @A: 28 13 22 04 | 11
#0932-d198 @A: 28 13 23 22 | 02
#0933-d198 @A: 16 13 34 21 | 08
#0934-d198 @A: 15 13 21 23 | 10
#0935-d198 @A: 13 05 24 21 | 01
#0936-d198 @A: 35 14 21 13 | 07
#0937-d198 @A: 13 24 02 03 | 09
#0938-d198 @A: 13 25 09 30 | 06
#0939-d198 @A: 19 02 13 34 | 03
#0940-d198 @A: 34 13 09 11 | 05
#0941-d198 @A: 28 33 25 23 | 12
#0942-d198 @A: 12 16 21 28 | 04
#0943-d198 @A: 28 34 21 08 | 11
#0944-d198 @A: 28 16 09 24 | 02
#0945-d198 @A: 28 25 32 14 | 08
#0946-d198 @A: 11 28 32 02 | 10
#0947-d198 @A: 22 05 32 28 | 01
#0948-d198 @A: 30 28 32 19 | 07
#0949-d198 @A: 33 15 21 09 | 09
#0950-d198 @A: 33 06 35 21 | 06
#0951-d198 @A: 27 12 33 16 | 03
#0952-d198 @A: 24 25 33 03 | 05
#0953-d198 @A: 23 35 33 32 | 12
#0954-d198 @A: 33 25 34 30 | 04
#0955-d198 @A: 30 12 22 33 | 11
#0956-d198 @A: 15 21 16 22 | 02
#0957-d198 @A: 01 14 21 08 | 08
#0958-d198 @A: 23 08 21 01 | 10
#0959-d198 @A: 15 03 21 25 | 01
#0960-d198 @A: 15 19 21 02 | 07
#0961-d198 @A: 04 21 02 35 | 09
#0962-d198 @A: 03 21 23 34 | 06
#0963-d198 @A: 19 21 18 25 | 03
#0964-d198 @A: 11 21 12 22 | 05
#0965-d198 @A: 21 32 09 30 | 12
#0966-d198 @A: 12 24 16 01 | 04
#0967-d198 @A: 16 04 15 19 | 11
#0968-d198 @A: 24 25 15 16 | 02
#0969-d198 @A: 30 08 24 16 | 08
#0970-d198 @A: 30 06 16 19 | 10
#0971-d198 @A: 12 22 09 16 | 01
#0972-d198 @A: 22 02 16 26 | 07
#0973-d198 @A: 16 11 18 05 | 09
#0974-d198 @A: 35 15 05 01 | 06
#0975-d198 @A: 01 04 23 11 | 03
#0976-d198 @A: 01 03 14 35 | 05
#0977-d198 @A: 01 02 05 06 | 12
#0978-d198 @A: 09 19 06 01 | 04
#0979-d198 @A: 27 24 30 15 | 11
#0980-d198 @A: 15 09 14 11 | 02
#0981-d198 @A: 05 18 34 15 | 08
#0982-d198 @A: 04 08 24 35 | 10
#0983-d198 @A: 18 09 06 04 | 01
#0984-d198 @A: 26 12 04 11 | 07
#0985-d198 @A: 22 19 18 04 | 09
#0986-d198 @A: 06 08 32 05 | 06
#0987-d198 @A: 05 06 08 23 | 03
#0988-d198 @A: 08 02 23 22 | 05
#0989-d198 @A: 19 22 11 08 | 12
#0990-d198 @A: 11 05 26 03 | 04
#0991-d198 @A: 06 11 24 35 | 11
#0992-d198 @A: 24 35 34 30 | 02
#0993-d198 @A: 18 25 24 14 | 08
#0994-d198 @A: 24 12 05 30 | 10
#0995-d198 @A: 14 11 24 30 | 01
#0996-d198 @A: 35 27 25 11 | 07
#0997-d198 @A: 32 22 35 14 | 09
#0998-d198 @A: 32 23 05 18 | 06
#0999-d198 @A: 17 27 04 20 | 03
#1000-d198 @A: 17 09 07 33 | 05
#1001-d198 @A: 17 34 07 11 | 12
#1002-d198 @A: 07 23 17 19 | 04
#1003-d198 @A: 17 29 30 21 | 11
#1004-d198 @A: 29 14 17 04 | 02
#1005-d198 @A: 02 10 16 17 | 08
#1006-d198 @A: 26 24 17 10 | 10
#1007-d198 @A: 33 13 17 18 | 01
#1008-d198 @A: 13 15 05 17 | 07
#1009-d198 @A: 17 21 28 25 | 09
#1010-d198 @A: 17 30 28 08 | 06
#1011-d198 @A: 35 17 33 24 | 03
#1012-d198 @A: 17 35 18 21 | 05
#1013-d198 @A: 16 30 17 12 | 12
#1014-d198 @A: 18 17 27 01 | 04
#1015-d198 @A: 17 02 19 01 | 11
#1016-d198 @A: 04 08 17 05 | 02
#1017-d198 @A: 17 14 34 18 | 08
#1018-d198 @A: 14 20 29 01 | 10
#1019-d198 @A: 28 20 05 10 | 01
#1020-d198 @A: 21 01 12 20 | 07
#1021-d198 @A: 20 15 25 01 | 09
#1022-d198 @A: 20 26 15 19 | 06
#1023-d198 @A: 32 06 27 20 | 03
#1024-d198 @A: 12 20 09 02 | 05
#1025-d198 @A: 03 07 27 31 | 12
#1026-d198 @A: 29 21 15 07 | 04
#1027-d198 @A: 12 07 10 13 | 11
#1028-d198 @A: 10 07 16 11 | 02
#1029-d198 @A: 08 07 34 13 | 08
#1030-d198 @A: 19 13 07 05 | 10
#1031-d198 @A: 23 07 08 33 | 01
#1032-d198 @A: 07 04 35 11 | 07
#1033-d198 @A: 32 07 12 35 | 09
#1034-d198 @A: 07 09 05 25 | 06
#1035-d198 @A: 14 22 07 18 | 03
#1036-d198 @A: 26 22 30 07 | 05
#1037-d198 @A: 14 13 31 10 | 12
#1038-d198 @A: 10 12 08 31 | 04
#1039-d198 @A: 15 16 31 33 | 11
#1040-d198 @A: 31 06 30 33 | 02
#1041-d198 @A: 33 23 31 30 | 08
#1042-d198 @A: 08 22 31 16 | 10
#1043-d198 @A: 31 16 24 06 | 01
#1044-d198 @A: 04 01 31 22 | 07
#1045-d198 @A: 04 15 08 31 | 09
#1046-d198 @A: 31 35 15 25 | 06
#1047-d198 @A: 14 31 27 35 | 03
#1048-d198 @A: 10 29 14 16 | 05
#1049-d198 @A: 25 10 03 29 | 12
#1050-d198 @A: 29 13 01 27 | 04
#1051-d198 @A: 15 13 14 29 | 11
#1052-d198 @A: 11 13 29 19 | 02
#1053-d198 @A: 16 22 29 28 | 08
#1054-d198 @A: 29 28 14 23 | 10
#1055-d198 @A: 23 21 04 29 | 01
#1056-d198 @A: 19 16 29 03 | 07
#1057-d198 @A: 04 29 35 06 | 09
#1058-d198 @A: 15 25 10 33 | 06
#1059-d198 @A: 10 21 18 01 | 03
#1060-d198 @A: 03 15 09 10 | 05
#1061-d198 @A: 34 10 06 14 | 12
#1062-d198 @A: 10 11 23 32 | 04
#1063-d198 @A: 13 28 24 26 | 11
#1064-d198 @A: 28 13 35 12 | 02
#1065-d198 @A: 13 26 16 33 | 08
#1066-d198 @A: 04 21 30 13 | 10
#1067-d198 @A: 03 30 15 13 | 01
#1068-d198 @A: 13 05 04 35 | 07
#1069-d198 @A: 13 18 06 24 | 09
#1070-d198 @A: 18 25 05 13 | 06
#1071-d198 @A: 18 12 09 13 | 03
#1072-d198 @A: 13 27 30 02 | 05
#1073-d198 @A: 13 34 19 23 | 12
#1074-d198 @A: 28 05 15 16 | 04
#1075-d198 @A: 16 04 11 28 | 11
#1076-d198 @A: 16 03 25 28 | 02
#1077-d198 @A: 28 01 27 24 | 08
#1078-d198 @A: 15 28 25 11 | 10
#1079-d198 @A: 30 34 28 15 | 01
#1080-d198 @A: 28 04 27 18 | 07
#1081-d198 @A: 05 02 28 34 | 09
#1082-d198 @A: 30 05 18 28 | 06
#1083-d198 @A: 28 26 22 19 | 03
#1084-d198 @A: 01 06 33 04 | 05
#1085-d198 @A: 15 33 02 23 | 12
#1086-d198 @A: 24 23 04 33 | 04
#1087-d198 @A: 06 33 14 03 | 11
#1088-d198 @A: 12 09 11 33 | 02
#1089-d198 @A: 09 19 33 26 | 08
#1090-d198 @A: 21 25 22 08 | 10
#1091-d198 @A: 08 21 02 06 | 01
#1092-d198 @A: 03 21 19 35 | 07
#1093-d198 @A: 12 25 21 06 | 09
#1094-d198 @A: 21 22 06 27 | 06
#1095-d198 @A: 21 12 23 02 | 03
#1096-d198 @A: 12 05 19 21 | 05
#1097-d198 @A: 01 16 32 25 | 12
#1098-d198 @A: 15 16 11 03 | 04
#1099-d198 @A: 04 03 18 16 | 11
#1100-d198 @A: 16 24 04 27 | 02
#1101-d198 @A: 16 11 26 06 | 08
#1102-d198 @A: 12 16 18 14 | 10
#1103-d198 @A: 11 27 16 30 | 01
#1104-d198 @A: 01 26 22 06 | 07
#1105-d198 @A: 01 12 22 32 | 09
#1106-d198 @A: 01 32 34 02 | 06
#1107-d198 @A: 26 01 18 34 | 03
#1108-d198 @A: 06 30 25 15 | 05
#1109-d198 @A: 15 06 34 11 | 12
#1110-d198 @A: 32 04 25 22 | 04
#1111-d198 @A: 23 06 04 02 | 11
#1112-d198 @A: 34 18 12 04 | 02
#1113-d198 @A: 26 04 30 02 | 08
#1114-d198 @A: 04 26 23 19 | 10
#1115-d198 @A: 34 24 19 08 | 01
#1116-d198 @A: 11 08 25 30 | 07
#1117-d198 @A: 03 11 02 06 | 09
#1118-d198 @A: 03 22 26 14 | 06
#1119-d198 @A: 23 05 03 27 | 03
#1120-d198 @A: 06 02 27 24 | 05
#1121-d198 @A: 06 19 05 24 | 12
#1122-d198 @A: 24 14 34 02 | 04
#1123-d198 @A: 34 24 09 18 | 11
#1124-d198 @A: 18 26 24 23 | 02
#1125-d198 @A: 32 11 24 05 | 08
#1126-d198 @A: 25 22 35 23 | 10
#1127-d198 @A: 25 35 30 19 | 01
#1128-d198 @A: 26 35 32 06 | 07
#1129-d198 @A: 23 26 35 06 | 09
#1130-d198 @A: 22 02 19 35 | 06
#1131-d198 @A: 07 17 21 27 | 03
#1132-d198 @A: 17 15 09 31 | 05
#1133-d198 @A: 04 25 31 17 | 12
#1134-d198 @A: 17 24 31 32 | 04
#1135-d198 @A: 29 17 08 13 | 11
#1136-d198 @A: 12 24 17 29 | 02
#1137-d198 @A: 04 10 09 17 | 08
#1138-d198 @A: 17 24 30 13 | 10
#1139-d198 @A: 01 03 17 33 | 01
#1140-d198 @A: 32 17 03 21 | 07
#1141-d198 @A: 24 09 21 17 | 09
#1142-d198 @A: 17 14 23 21 | 06
#1143-d198 @A: 17 01 22 15 | 03
#1144-d198 @A: 15 26 08 17 | 05
#1145-d198 @A: 35 04 17 34 | 12
#1146-d198 @A: 17 06 03 08 | 04
#1147-d198 @A: 24 23 17 08 | 11
#1148-d198 @A: 03 23 11 17 | 02
#1149-d198 @A: 14 09 17 26 | 08
#1150-d198 @A: 17 27 26 32 | 10
#1151-d198 @A: 09 32 17 22 | 01
#1152-d198 @A: 07 19 35 20 | 07
#1153-d198 @A: 11 04 31 20 | 09
#1154-d198 @A: 20 33 29 30 | 06
#1155-d198 @A: 20 29 34 24 | 03
#1156-d198 @A: 05 29 23 20 | 05
#1157-d198 @A: 11 13 28 20 | 12
#1158-d198 @A: 14 24 20 13 | 04
#1159-d198 @A: 16 19 28 20 | 11
#1160-d198 @A: 20 24 16 18 | 02
#1161-d198 @A: 11 35 16 20 | 08
#1162-d198 @A: 20 14 26 16 | 10
#1163-d198 @A: 04 20 22 34 | 01
#1164-d198 @A: 07 12 23 29 | 07
#1165-d198 @A: 07 34 18 29 | 09
#1166-d198 @A: 07 06 10 04 | 06
#1167-d198 @A: 15 12 28 07 | 03
#1168-d198 @A: 33 26 08 07 | 05
#1169-d198 @A: 35 21 22 07 | 12
#1170-d198 @A: 01 07 18 16 | 04
#1171-d198 @A: 07 35 16 34 | 11
#1172-d198 @A: 06 01 07 08 | 02
#1173-d198 @A: 07 01 34 24 | 08
#1174-d198 @A: 04 07 09 15 | 10
#1175-d198 @A: 07 12 18 02 | 01
#1176-d198 @A: 07 22 12 05 | 07
#1177-d198 @A: 34 30 07 14 | 09
#1178-d198 @A: 31 29 06 34 | 06
#1179-d198 @A: 01 02 33 31 | 03
#1180-d198 @A: 35 34 33 31 | 05
#1181-d198 @A: 08 01 05 31 | 12
#1182-d198 @A: 01 09 31 35 | 04
#1183-d198 @A: 23 14 31 01 | 11
#1184-d198 @A: 04 12 24 31 | 02
#1185-d198 @A: 31 19 04 35 | 08
#1186-d198 @A: 08 24 31 02 | 10
#1187-d198 @A: 31 32 25 08 | 01
#1188-d198 @A: 24 14 31 19 | 07
#1189-d198 @A: 25 12 11 31 | 09
#1190-d198 @A: 06 11 14 31 | 06
#1191-d198 @A: 02 34 31 27 | 03
#1192-d198 @A: 02 31 11 30 | 05
#1193-d198 @A: 26 29 13 34 | 12
#1194-d198 @A: 04 28 29 34 | 04
#1195-d198 @A: 08 16 29 34 | 11
#1196-d198 @A: 03 34 35 29 | 02
#1197-d198 @A: 29 35 27 23 | 08
#1198-d198 @A: 29 27 25 05 | 10
#1199-d198 @A: 29 05 06 30 | 01
#1200-d198 @A: 23 19 02 29 | 07
#1201-d198 @A: 32 18 29 11 | 09
#1202-d198 @A: 29 09 34 30 | 06
#1203-d198 @A: 10 09 21 13 | 03
#1204-d198 @A: 22 13 08 10 | 05
#1205-d198 @A: 34 25 10 13 | 12
#1206-d198 @A: 13 11 30 10 | 04
#1207-d198 @A: 10 28 34 16 | 11
#1208-d198 @A: 35 10 18 16 | 02
#1209-d198 @A: 10 01 11 03 | 08
#1210-d198 @A: 35 34 10 01 | 10
#1211-d198 @A: 04 10 27 15 | 01
#1212-d198 @A: 34 03 10 08 | 07
#1213-d198 @A: 12 10 03 27 | 09
#1214-d198 @A: 10 06 09 12 | 06
#1215-d198 @A: 10 09 34 05 | 03
#1216-d198 @A: 26 22 10 32 | 05
#1217-d198 @A: 01 28 30 13 | 12
#1218-d198 @A: 12 03 13 21 | 04
#1219-d198 @A: 13 11 16 08 | 11
#1220-d198 @A: 08 13 02 01 | 02
#1221-d198 @A: 13 01 25 12 | 08
#1222-d198 @A: 13 27 03 11 | 10
#1223-d198 @A: 22 14 13 12 | 01
#1224-d198 @A: 23 13 26 12 | 07
#1225-d198 @A: 02 23 14 13 | 09
#1226-d198 @A: 28 15 22 03 | 06
#1227-d198 @A: 09 28 23 04 | 03
#1228-d198 @A: 28 24 34 32 | 05
#1229-d198 @A: 28 06 34 25 | 12
#1230-d198 @A: 22 28 12 25 | 04
#1231-d198 @A: 28 06 19 12 | 11
#1232-d198 @A: 28 32 18 06 | 02
#1233-d198 @A: 33 08 16 05 | 08
#1234-d198 @A: 16 24 34 33 | 10
#1235-d198 @A: 26 33 02 24 | 01
#1236-d198 @A: 02 33 32 06 | 07
#1237-d198 @A: 09 34 33 06 | 09
#1238-d198 @A: 02 12 33 34 | 06
#1239-d198 @A: 11 33 14 27 | 03
#1240-d198 @A: 30 33 26 27 | 05
#1241-d198 @A: 23 26 33 05 | 12
#1242-d198 @A: 24 21 16 23 | 04
#1243-d198 @A: 06 14 15 21 | 11
#1244-d198 @A: 04 11 25 21 | 02
#1245-d198 @A: 21 34 09 25 | 08
#1246-d198 @A: 23 26 21 27 | 10
#1247-d198 @A: 30 26 23 16 | 01
#1248-d198 @A: 08 01 18 30 | 07
#1249-d198 @A: 26 01 09 12 | 09
#1250-d198 @A: 05 01 23 30 | 06
#1251-d198 @A: 05 03 08 15 | 03
#1252-d198 @A: 14 05 25 15 | 05
#1253-d198 @A: 19 15 27 25 | 12
#1254-d198 @A: 18 23 08 04 | 04
#1255-d198 @A: 12 04 05 25 | 11
#1256-d198 @A: 02 14 08 26 | 02
#1257-d198 @A: 08 22 30 14 | 08
#1258-d198 @A: 19 02 05 08 | 10
#1259-d198 @A: 03 26 06 25 | 01
#1260-d198 @A: 03 12 09 25 | 07
#1261-d198 @A: 25 14 03 30 | 09
#1262-d198 @A: 03 18 09 14 | 06
#1263-d198 @A: 24 02 05 35 | 03
#1264-d198 @A: 18 26 30 24 | 05
#1265-d198 @A: 25 18 32 35 | 12
#1266-d198 @A: 06 35 30 22 | 04
#1267-d198 @A: 09 02 27 35 | 11
#1268-d198 @A: 18 26 19 35 | 02
#1269-d198 @A: 12 34 25 23 | 08
#1270-d198 @A: 12 20 22 17 | 10
#1271-d198 @A: 13 28 07 17 | 01
#1272-d198 @A: 17 07 04 32 | 07
#1273-d198 @A: 26 23 17 31 | 09
#1274-d198 @A: 11 29 17 35 | 06
#1275-d198 @A: 17 13 02 04 | 03
#1276-d198 @A: 33 16 17 22 | 05
#1277-d198 @A: 12 21 15 17 | 12
#1278-d198 @A: 01 17 06 24 | 04
#1279-d198 @A: 27 24 08 17 | 11
#1280-d198 @A: 12 17 08 18 | 02
#1281-d198 @A: 06 17 11 18 | 08
#1282-d198 @A: 05 12 09 17 | 10
#1283-d198 @A: 02 18 17 23 | 01
#1284-d198 @A: 30 17 34 26 | 07
#1285-d198 @A: 13 20 02 29 | 09
#1286-d198 @A: 10 22 20 16 | 06
#1287-d198 @A: 20 28 27 22 | 03
#1288-d198 @A: 21 09 20 35 | 05
#1289-d198 @A: 03 20 01 05 | 12
#1290-d198 @A: 15 04 06 20 | 04
#1291-d198 @A: 20 34 14 03 | 11
#1292-d198 @A: 30 20 23 35 | 02
#1293-d198 @A: 19 20 14 25 | 08
#1294-d198 @A: 31 11 33 07 | 10
#1295-d198 @A: 22 31 07 02 | 01
#1296-d198 @A: 07 02 33 29 | 07
#1297-d198 @A: 07 32 24 29 | 09
#1298-d198 @A: 29 07 35 14 | 06
#1299-d198 @A: 10 07 34 33 | 03
#1300-d198 @A: 01 10 07 15 | 05
#1301-d198 @A: 18 10 07 03 | 12
#1302-d198 @A: 27 07 10 22 | 04
#1303-d198 @A: 07 21 18 33 | 11
#1304-d198 @A: 21 07 19 06 | 02
#1305-d198 @A: 11 07 30 21 | 08
#1306-d198 @A: 07 04 16 22 | 10
#1307-d198 @A: 07 09 01 23 | 01
#1308-d198 @A: 35 09 08 07 | 07
#1309-d198 @A: 07 03 19 26 | 09
#1310-d198 @A: 26 23 07 22 | 06
#1311-d198 @A: 31 01 29 30 | 03
#1312-d198 @A: 10 35 31 11 | 05
#1313-d198 @A: 13 21 31 02 | 12
#1314-d198 @A: 21 32 15 31 | 04
#1315-d198 @A: 31 21 30 22 | 11
#1316-d198 @A: 31 06 08 35 | 02
#1317-d198 @A: 25 31 26 14 | 08
#1318-d198 @A: 25 27 22 31 | 10
#1319-d198 @A: 30 05 31 25 | 01
#1320-d198 @A: 31 27 18 06 | 07
#1321-d198 @A: 31 34 32 14 | 09
#1322-d198 @A: 31 18 30 19 | 06
#1323-d198 @A: 19 29 04 10 | 03
#1324-d198 @A: 14 29 28 33 | 05
#1325-d198 @A: 08 33 29 09 | 12
#1326-d198 @A: 11 03 29 33 | 04
#1327-d198 @A: 35 29 21 24 | 11
#1328-d198 @A: 29 04 05 11 | 02
#1329-d198 @A: 29 22 08 24 | 08
#1330-d198 @A: 25 03 23 29 | 10
#1331-d198 @A: 29 23 26 11 | 01
#1332-d198 @A: 26 29 30 19 | 07
#1333-d198 @A: 29 19 22 05 | 09
#1334-d198 @A: 13 33 10 02 | 06
#1335-d198 @A: 04 13 10 32 | 03
#1336-d198 @A: 28 03 19 10 | 05
#1337-d198 @A: 32 21 33 10 | 12
#1338-d198 @A: 23 10 06 21 | 04
#1339-d198 @A: 10 15 06 35 | 11
#1340-d198 @A: 22 14 15 10 | 02
#1341-d198 @A: 12 10 18 25 | 08
#1342-d198 @A: 23 12 10 05 | 10
#1343-d198 @A: 18 11 10 14 | 01
#1344-d198 @A: 34 19 10 18 | 07
#1345-d198 @A: 26 09 30 10 | 09
#1346-d198 @A: 32 16 28 13 | 06
#1347-d198 @A: 21 33 11 13 | 03
#1348-d198 @A: 05 33 13 03 | 05
#1349-d198 @A: 13 24 33 12 | 12
#1350-d198 @A: 13 24 19 15 | 04
#1351-d198 @A: 27 05 12 13 | 11
#1352-d198 @A: 13 27 22 34 | 02
#1353-d198 @A: 19 15 01 28 | 08
#1354-d198 @A: 12 28 08 05 | 10
#1355-d198 @A: 27 28 08 02 | 01
#1356-d198 @A: 28 30 26 25 | 07
#1357-d198 @A: 02 28 05 23 | 09
#1358-d198 @A: 18 09 28 11 | 06
#1359-d198 @A: 21 33 23 22 | 03
#1360-d198 @A: 21 30 05 33 | 05
#1361-d198 @A: 11 33 16 01 | 12
#1362-d198 @A: 33 09 16 32 | 04
#1363-d198 @A: 14 18 33 01 | 11
#1364-d198 @A: 11 15 08 33 | 02
#1365-d198 @A: 03 33 27 15 | 08
#1366-d198 @A: 35 26 33 11 | 10
#1367-d198 @A: 26 06 18 33 | 01
#1368-d198 @A: 11 34 33 05 | 07
#1369-d198 @A: 16 24 19 21 | 09
#1370-d198 @A: 21 35 25 01 | 06
#1371-d198 @A: 22 21 04 26 | 03
#1372-d198 @A: 25 05 21 32 | 05
#1373-d198 @A: 27 09 21 19 | 12
#1374-d198 @A: 01 16 19 23 | 04
#1375-d198 @A: 35 16 22 05 | 11
#1376-d198 @A: 06 05 16 14 | 02
#1377-d198 @A: 18 16 06 02 | 08
#1378-d198 @A: 14 16 32 02 | 10
#1379-d198 @A: 19 05 16 27 | 01
#1380-d198 @A: 18 32 30 16 | 07
#1381-d198 @A: 16 30 34 22 | 09
#1382-d198 @A: 08 01 03 26 | 06
#1383-d198 @A: 35 12 08 01 | 03
#1384-d198 @A: 35 11 01 22 | 05
#1385-d198 @A: 05 25 11 01 | 12
#1386-d198 @A: 30 06 34 01 | 04
#1387-d198 @A: 09 22 01 02 | 11
#1388-d198 @A: 19 32 26 01 | 02
#1389-d198 @A: 01 09 30 11 | 08
#1390-d198 @A: 04 26 35 15 | 10
#1391-d198 @A: 14 04 02 15 | 01
#1392-d198 @A: 23 35 15 03 | 07
#1393-d198 @A: 26 34 25 15 | 09
#1394-d198 @A: 09 12 19 15 | 06
#1395-d198 @A: 15 02 27 18 | 03
#1396-d198 @A: 26 02 15 09 | 05
#1397-d198 @A: 03 04 27 35 | 12
#1398-d198 @A: 27 04 25 06 | 04
#1399-d198 @A: 34 04 19 14 | 11
#1400-d198 @A: 08 19 26 25 | 02
#1401-d198 @A: 34 08 27 06 | 08
#1402-d198 @A: 32 19 08 12 | 10
#1403-d198 @A: 08 18 32 14 | 01
#1404-d198 @A: 32 27 08 09 | 07
#1405-d198 @A: 03 14 02 12 | 09
#1406-d198 @A: 18 23 09 03 | 06
#1407-d198 @A: 09 03 22 30 | 03
#1408-d198 @A: 25 35 26 24 | 05
#1409-d198 @A: 22 24 02 32 | 12
#1410-d198 @A: 30 19 23 24 | 04
#1411-d198 @A: 25 35 14 34 | 11
#1412-d198 @A: 02 35 06 34 | 02
#1413-d198 @A: 26 12 35 30 | 08
#1414-d198 @A: 30 11 35 05 | 10
#1415-d198 @A: 09 23 02 25 | 01
#1416-d198 @A: 17 29 10 18 | 07
#1417-d198 @A: 27 29 03 17 | 09
#1418-d198 @A: 17 16 13 25 | 06
#1419-d198 @A: 09 17 13 35 | 03
#1420-d198 @A: 17 28 27 15 | 05
#1421-d198 @A: 17 14 35 28 | 12
#1422-d198 @A: 05 17 03 16 | 04
#1423-d198 @A: 16 32 17 19 | 11
#1424-d198 @A: 23 25 04 17 | 02
#1425-d198 @A: 23 05 17 22 | 08
#1426-d198 @A: 27 07 15 20 | 10
#1427-d198 @A: 27 01 31 20 | 01
#1428-d198 @A: 18 13 20 10 | 07
#1429-d198 @A: 13 20 01 33 | 09
#1430-d198 @A: 20 16 03 13 | 06
#1431-d198 @A: 27 26 13 20 | 03
#1432-d198 @A: 13 23 20 11 | 05
#1433-d198 @A: 28 24 20 12 | 12
#1434-d198 @A: 09 33 20 05 | 04
#1435-d198 @A: 21 20 32 16 | 11
#1436-d198 @A: 08 19 20 23 | 02
#1437-d198 @A: 22 20 02 18 | 08
#1438-d198 @A: 34 32 20 18 | 10
#1439-d198 @A: 29 12 08 07 | 01
#1440-d198 @A: 25 29 19 07 | 07
#1441-d198 @A: 33 07 13 06 | 09
#1442-d198 @A: 06 28 22 07 | 06
#1443-d198 @A: 07 33 25 16 | 03
#1444-d198 @A: 14 07 33 15 | 05
#1445-d198 @A: 04 07 30 33 | 12
#1446-d198 @A: 03 16 12 07 | 04
#1447-d198 @A: 08 07 27 11 | 11
#1448-d198 @A: 08 02 07 30 | 02
#1449-d198 @A: 11 22 07 32 | 08
#1450-d198 @A: 30 32 05 07 | 10
#1451-d198 @A: 16 29 31 25 | 01
#1452-d198 @A: 29 31 15 27 | 07
#1453-d198 @A: 29 31 08 23 | 09
#1454-d198 @A: 10 03 22 31 | 06
#1455-d198 @A: 25 24 31 13 | 03
#1456-d198 @A: 28 06 31 05 | 05
#1457-d198 @A: 31 04 33 26 | 12
#1458-d198 @A: 33 22 24 31 | 04
#1459-d198 @A: 31 14 04 21 | 11
#1460-d198 @A: 27 21 31 24 | 02
#1461-d198 @A: 02 31 04 03 | 08
#1462-d198 @A: 19 27 12 31 | 10
#1463-d198 @A: 18 11 23 31 | 01
#1464-d198 @A: 22 34 31 11 | 07
#1465-d198 @A: 21 10 29 12 | 09
#1466-d198 @A: 29 08 10 01 | 06
#1467-d198 @A: 06 03 29 15 | 03
#1468-d198 @A: 04 02 29 22 | 05
#1469-d198 @A: 11 29 25 34 | 12
#1470-d198 @A: 02 29 19 06 | 04
#1471-d198 @A: 12 09 27 29 | 11
#1472-d198 @A: 22 29 18 27 | 02
#1473-d198 @A: 26 22 29 09 | 08
#1474-d198 @A: 16 10 01 13 | 10
#1475-d198 @A: 28 21 10 11 | 01
#1476-d198 @A: 30 10 24 33 | 07
#1477-d198 @A: 09 22 33 10 | 09
#1478-d198 @A: 04 21 34 10 | 06
#1479-d198 @A: 15 23 10 30 | 03
#1480-d198 @A: 22 18 10 06 | 05
#1481-d198 @A: 32 02 12 10 | 12
#1482-d198 @A: 14 02 27 10 | 04
#1483-d198 @A: 11 27 10 09 | 11
#1484-d198 @A: 05 13 28 14 | 02
#1485-d198 @A: 21 13 18 15 | 08
#1486-d198 @A: 06 15 08 13 | 10
#1487-d198 @A: 14 04 11 13 | 01
#1488-d198 @A: 08 30 05 13 | 07
#1489-d198 @A: 26 25 22 13 | 09
#1490-d198 @A: 32 13 34 06 | 06
#1491-d198 @A: 02 13 26 05 | 03
#1492-d198 @A: 30 23 09 13 | 05
#1493-d198 @A: 16 02 33 28 | 12
#1494-d198 @A: 24 05 33 28 | 04
#1495-d198 @A: 28 27 21 03 | 11
#1496-d198 @A: 03 08 32 28 | 02
#1497-d198 @A: 23 12 32 28 | 08
#1498-d198 @A: 35 33 19 16 | 10
#1499-d198 @A: 23 33 16 11 | 01
#1500-d198 @A: 04 15 34 33 | 07
#1501-d198 @A: 24 04 33 32 | 09
#1502-d198 @A: 33 35 30 08 | 06
#1503-d198 @A: 33 12 26 14 | 03
#1504-d198 @A: 26 05 33 22 | 05
#1505-d198 @A: 06 16 21 09 | 12
#1506-d198 @A: 30 21 15 08 | 04
#1507-d198 @A: 32 04 21 08 | 11
#1508-d198 @A: 21 11 05 09 | 02
#1509-d198 @A: 08 35 16 02 | 08
#1510-d198 @A: 12 34 25 16 | 10
#1511-d198 @A: 26 09 27 16 | 01
#1512-d198 @A: 15 01 32 23 | 07
#1513-d198 @A: 04 14 01 25 | 09
#1514-d198 @A: 03 01 34 12 | 06
#1515-d198 @A: 01 06 32 14 | 03
#1516-d198 @A: 14 11 12 01 | 05
#1517-d198 @A: 26 27 01 14 | 12
#1518-d198 @A: 01 22 14 34 | 04
#1519-d198 @A: 02 01 23 26 | 11
#1520-d198 @A: 32 03 35 15 | 02
#1521-d198 @A: 06 18 12 15 | 08
#1522-d198 @A: 14 15 26 18 | 10
#1523-d198 @A: 05 15 30 02 | 01
#1524-d198 @A: 03 04 32 26 | 07
#1525-d198 @A: 12 27 22 04 | 09
#1526-d198 @A: 09 11 22 04 | 06
#1527-d198 @A: 12 08 11 23 | 03
#1528-d198 @A: 14 08 09 23 | 05
#1529-d198 @A: 06 27 30 03 | 12
#1530-d198 @A: 22 03 27 19 | 04
#1531-d198 @A: 11 22 03 18 | 11
#1532-d198 @A: 05 30 03 34 | 02
#1533-d198 @A: 24 25 22 34 | 08
#1534-d198 @A: 32 30 06 24 | 10
#1535-d198 @A: 02 24 12 19 | 01
#1536-d198 @A: 11 12 24 18 | 07
#1537-d198 @A: 09 24 23 27 | 09
#1538-d198 @A: 35 26 27 22 | 06
#1539-d198 @A: 32 35 09 11 | 03
#1540-d198 @A: 19 23 27 25 | 05
#1541-d198 @A: 23 30 14 22 | 12
#1542-d198 @A: 17 26 07 29 | 04
#1543-d198 @A: 31 10 17 27 | 11
#1544-d198 @A: 16 11 31 17 | 02
#1545-d198 @A: 17 33 05 29 | 08
#1546-d198 @A: 16 17 29 06 | 10
#1547-d198 @A: 29 23 15 17 | 01
#1548-d198 @A: 17 30 22 10 | 07
#1549-d198 @A: 23 10 17 09 | 09
#1550-d198 @A: 17 23 01 13 | 06
#1551-d198 @A: 17 33 11 28 | 03
#1552-d198 @A: 19 17 04 21 | 05
#1553-d198 @A: 35 26 01 17 | 12
#1554-d198 @A: 17 22 03 04 | 04
#1555-d198 @A: 34 24 17 03 | 11
#1556-d198 @A: 11 03 09 17 | 02
#1557-d198 @A: 02 17 12 27 | 08
#1558-d198 @A: 17 19 11 30 | 10
#1559-d198 @A: 25 31 20 07 | 01
#1560-d198 @A: 03 28 20 31 | 07
#1561-d198 @A: 08 31 09 20 | 09
#1562-d198 @A: 31 24 30 20 | 06
#1563-d198 @A: 32 31 20 02 | 03
#1564-d198 @A: 23 31 02 20 | 05
#1565-d198 @A: 26 31 20 34 | 12
#1566-d198 @A: 29 12 20 04 | 04
#1567-d198 @A: 01 20 10 02 | 11
#1568-d198 @A: 20 10 23 24 | 02
#1569-d198 @A: 08 20 34 33 | 08
#1570-d198 @A: 18 20 33 23 | 10
#1571-d198 @A: 24 15 32 20 | 01
#1572-d198 @A: 20 04 26 24 | 07
#1573-d198 @A: 23 20 04 14 | 09
#1574-d198 @A: 11 20 34 30 | 06
#1575-d198 @A: 26 20 11 22 | 03
#1576-d198 @A: 28 07 31 34 | 05
#1577-d198 @A: 31 19 16 07 | 12
#1578-d198 @A: 28 27 29 07 | 04
#1579-d198 @A: 07 16 29 05 | 11
#1580-d198 @A: 01 29 11 07 | 02
#1581-d198 @A: 07 10 09 28 | 08
#1582-d198 @A: 21 07 26 13 | 10
#1583-d198 @A: 13 16 02 07 | 01
#1584-d198 @A: 03 25 07 13 | 07
#1585-d198 @A: 19 33 07 28 | 09
#1586-d198 @A: 07 35 23 24 | 06
#1587-d198 @A: 27 07 25 02 | 03
#1588-d198 @A: 14 07 18 23 | 05
#1589-d198 @A: 31 10 06 01 | 12
#1590-d198 @A: 31 34 15 13 | 04
#1591-d198 @A: 32 11 31 13 | 11
#1592-d198 @A: 22 28 31 35 | 02
#1593-d198 @A: 28 31 25 02 | 08
#1594-d198 @A: 16 09 31 02 | 10
#1595-d198 @A: 24 05 31 23 | 01
#1596-d198 @A: 09 29 05 28 | 07
#1597-d198 @A: 06 12 29 33 | 09
#1598-d198 @A: 27 32 29 21 | 06
#1599-d198 @A: 01 16 29 26 | 03
#1600-d198 @A: 16 29 22 23 | 05
#1601-d198 @A: 15 29 01 34 | 12
#1602-d198 @A: 04 15 30 29 | 04
#1603-d198 @A: 08 05 29 35 | 11
#1604-d198 @A: 02 18 30 29 | 02
#1605-d198 @A: 11 29 22 30 | 08
#1606-d198 @A: 06 13 10 28 | 10
#1607-d198 @A: 28 22 10 01 | 01
#1608-d198 @A: 11 04 10 33 | 07
#1609-d198 @A: 23 19 10 33 | 09
#1610-d198 @A: 30 15 16 10 | 06
#1611-d198 @A: 05 10 24 16 | 03
#1612-d198 @A: 14 16 23 10 | 05
#1613-d198 @A: 10 05 01 04 | 12
#1614-d198 @A: 10 09 14 01 | 04
#1615-d198 @A: 08 02 10 15 | 11
#1616-d198 @A: 25 08 10 27 | 02
#1617-d198 @A: 08 23 10 34 | 08
#1618-d198 @A: 03 24 10 35 | 10
#1619-d198 @A: 12 26 34 10 | 01
#1620-d198 @A: 10 05 27 32 | 07
#1621-d198 @A: 10 18 23 22 | 09
#1622-d198 @A: 25 13 33 08 | 06
#1623-d198 @A: 13 32 33 35 | 03
#1624-d198 @A: 16 23 13 27 | 05
#1625-d198 @A: 12 13 04 08 | 12
#1626-d198 @A: 02 13 06 22 | 04
#1627-d198 @A: 13 26 19 06 | 11
#1628-d198 @A: 33 08 28 22 | 02
#1629-d198 @A: 14 21 18 28 | 08
#1630-d198 @A: 09 28 21 22 | 10
#1631-d198 @A: 18 35 01 28 | 01
#1632-d198 @A: 35 24 15 28 | 07
#1633-d198 @A: 12 28 03 18 | 09
#1634-d198 @A: 28 05 19 25 | 06
#1635-d198 @A: 14 22 28 11 | 03
#1636-d198 @A: 05 26 28 27 | 05
#1637-d198 @A: 05 15 33 19 | 12
#1638-d198 @A: 08 33 24 06 | 04
#1639-d198 @A: 33 06 05 25 | 11
#1640-d198 @A: 14 09 33 25 | 02
#1641-d198 @A: 33 18 22 25 | 08
#1642-d198 @A: 23 27 33 14 | 10
#1643-d198 @A: 25 21 16 30 | 01
#1644-d198 @A: 01 26 21 15 | 07
#1645-d198 @A: 26 24 08 21 | 09
#1646-d198 @A: 18 21 03 30 | 06
#1647-d198 @A: 35 21 19 23 | 03
#1648-d198 @A: 21 25 27 26 | 05
#1649-d198 @A: 34 18 21 06 | 12
#1650-d198 @A: 06 32 11 21 | 04
#1651-d198 @A: 34 05 22 21 | 11
#1652-d198 @A: 23 18 15 16 | 02
#1653-d198 @A: 08 14 16 04 | 08
#1654-d198 @A: 15 02 03 01 | 10
#1655-d198 @A: 03 24 19 01 | 01
#1656-d198 @A: 26 01 11 24 | 07
#1657-d198 @A: 05 14 01 19 | 09
#1658-d198 @A: 15 03 04 12 | 06
#1659-d198 @A: 15 05 04 32 | 03
#1660-d198 @A: 02 25 15 32 | 05
#1661-d198 @A: 26 15 12 27 | 12
#1662-d198 @A: 23 12 15 26 | 04
#1663-d198 @A: 15 05 12 11 | 11
#1664-d198 @A: 15 11 23 09 | 02
#1665-d198 @A: 04 06 08 22 | 08
#1666-d198 @A: 30 04 24 09 | 10
#1667-d198 @A: 34 06 04 26 | 01
#1668-d198 @A: 18 05 14 04 | 07
#1669-d198 @A: 04 02 11 27 | 09
#1670-d198 @A: 23 02 04 30 | 06
#1671-d198 @A: 09 32 04 34 | 03
#1672-d198 @A: 08 24 03 12 | 05
#1673-d198 @A: 19 14 08 35 | 12
#1674-d198 @A: 25 02 09 08 | 04
#1675-d198 @A: 08 27 22 05 | 11
#1676-d198 @A: 35 25 03 05 | 02
#1677-d198 @A: 03 02 22 25 | 08
#1678-d198 @A: 12 06 03 22 | 10
#1679-d198 @A: 03 18 05 06 | 01
#1680-d198 @A: 03 12 30 11 | 07
#1681-d198 @A: 03 27 26 34 | 09
#1682-d198 @A: 22 03 32 23 | 06
#1683-d198 @A: 27 26 24 19 | 03
#1684-d198 @A: 19 18 32 24 | 05
#1685-d198 @A: 12 27 35 18 | 12
#1686-d198 @A: 14 35 26 05 | 04
#1687-d198 @A: 32 19 05 35 | 11
#1688-d198 @A: 23 22 09 06 | 02
#1689-d198 @A: 26 09 32 23 | 08
