#0001-d228 @A: 20 05 35 02 | 03
#0002-d228 @A: 20 25 18 17 | 01
#0003-d228 @A: 18 02 20 33 | 07
#0004-d228 @A: 14 34 20 30 | 06
#0005-d228 @A: 21 34 20 08 | 05
#0006-d228 @A: 31 20 15 24 | 08
#0007-d228 @A: 23 17 03 20 | 09
#0008-d228 @A: 26 20 12 04 | 10
#0009-d228 @A: 12 24 20 27 | 04
#0010-d228 @A: 27 06 20 16 | 11
#0011-d228 @A: 25 11 08 20 | 12
#0012-d228 @A: 04 08 20 06 | 02
#0013-d228 @A: 08 20 33 14 | 03
#0014-d228 @A: 20 27 29 08 | 01
#0015-d228 @A: 27 20 19 08 | 07
#0016-d228 @A: 20 24 17 05 | 06
#0017-d228 @A: 22 21 05 20 | 05
#0018-d228 @A: 23 32 04 20 | 08
#0019-d228 @A: 29 02 10 20 | 09
#0020-d228 @A: 31 34 17 35 | 10
#0021-d228 @A: 35 31 09 27 | 04
#0022-d228 @A: 23 31 26 35 | 11
#0023-d228 @A: 31 06 05 35 | 12
#0024-d228 @A: 08 16 12 35 | 02
#0025-d228 @A: 35 17 10 05 | 03
#0026-d228 @A: 28 27 35 22 | 01
#0027-d228 @A: 23 02 27 35 | 07
#0028-d228 @A: 13 18 34 12 | 06
#0029-d228 @A: 30 18 04 03 | 05
#0030-d228 @A: 18 12 30 22 | 08
#0031-d228 @A: 11 19 18 09 | 09
#0032-d228 @A: 33 18 09 28 | 10
#0033-d228 @A: 18 26 03 02 | 04
#0034-d228 @A: 03 16 18 32 | 11
#0035-d228 @A: 03 28 15 18 | 12
#0036-d228 @A: 27 13 18 22 | 02
#0037-d228 @A: 23 24 11 18 | 03
#0038-d228 @A: 10 24 29 18 | 01
#0039-d228 @A: 02 29 04 18 | 07
#0040-d228 @A: 18 32 29 33 | 06
#0041-d228 @A: 01 25 34 19 | 05
#0042-d228 @A: 29 01 27 34 | 08
#0043-d228 @A: 31 03 01 09 | 09
#0044-d228 @A: 21 01 16 09 | 10
#0045-d228 @A: 31 16 29 01 | 04
#0046-d228 @A: 14 01 12 07 | 11
#0047-d228 @A: 16 13 01 25 | 12
#0048-d228 @A: 25 11 15 01 | 02
#0049-d228 @A: 25 01 17 10 | 03
#0050-d228 @A: 06 29 08 01 | 01
#0051-d228 @A: 01 08 10 14 | 07
#0052-d228 @A: 01 06 19 28 | 06
#0053-d228 @A: 23 24 01 17 | 05
#0054-d228 @A: 14 01 17 04 | 08
#0055-d228 @A: 01 23 05 11 | 09
#0056-d228 @A: 01 11 29 02 | 10
#0057-d228 @A: 24 01 32 29 | 04
#0058-d228 @A: 10 01 02 33 | 11
#0059-d228 @A: 09 30 34 28 | 12
#0060-d228 @A: 06 34 30 11 | 02
#0061-d228 @A: 03 34 23 13 | 03
#0062-d228 @A: 12 02 26 34 | 01
#0063-d228 @A: 16 19 34 12 | 07
#0064-d228 @A: 17 12 34 22 | 06
#0065-d228 @A: 33 26 15 34 | 05
#0066-d228 @A: 16 34 28 27 | 08
#0067-d228 @A: 34 15 21 19 | 09
#0068-d228 @A: 30 09 06 21 | 10
#0069-d228 @A: 22 16 30 31 | 04
#0070-d228 @A: 03 17 30 13 | 11
#0071-d228 @A: 03 19 30 33 | 12
#0072-d228 @A: 30 12 21 07 | 02
#0073-d228 @A: 30 11 19 12 | 03
#0074-d228 @A: 13 32 07 30 | 01
#0075-d228 @A: 27 33 13 30 | 07
#0076-d228 @A: 30 15 06 08 | 06
#0077-d228 @A: 19 02 30 14 | 05
#0078-d228 @A: 33 07 05 09 | 08
#0079-d228 @A: 09 26 02 06 | 09
#0080-d228 @A: 24 09 25 08 | 10
#0081-d228 @A: 09 21 14 10 | 04
#0082-d228 @A: 14 32 09 04 | 11
#0083-d228 @A: 07 05 31 12 | 12
#0084-d228 @A: 26 31 12 22 | 02
#0085-d228 @A: 31 26 29 17 | 03
#0086-d228 @A: 25 31 28 05 | 01
#0087-d228 @A: 08 27 31 15 | 07
#0088-d228 @A: 32 23 17 31 | 06
#0089-d228 @A: 03 12 06 24 | 05
#0090-d228 @A: 29 03 07 10 | 08
#0091-d228 @A: 27 10 03 33 | 09
#0092-d228 @A: 06 12 07 33 | 10
#0093-d228 @A: 12 06 14 16 | 04
#0094-d228 @A: 05 11 17 12 | 11
#0095-d228 @A: 14 12 17 33 | 12
#0096-d228 @A: 17 12 28 10 | 02
#0097-d228 @A: 04 12 21 05 | 03
#0098-d228 @A: 23 12 14 05 | 01
#0099-d228 @A: 23 12 24 04 | 07
#0100-d228 @A: 26 11 13 07 | 06
#0101-d228 @A: 21 08 07 25 | 05
#0102-d228 @A: 17 11 02 07 | 08
#0103-d228 @A: 27 21 07 32 | 09
#0104-d228 @A: 10 07 14 32 | 10
#0105-d228 @A: 22 26 08 13 | 04
#0106-d228 @A: 13 26 28 15 | 11
#0107-d228 @A: 13 10 19 26 | 12
#0108-d228 @A: 17 14 26 11 | 02
#0109-d228 @A: 33 11 26 29 | 03
#0110-d228 @A: 26 24 28 33 | 01
#0111-d228 @A: 16 13 22 24 | 07
#0112-d228 @A: 14 17 13 29 | 06
#0113-d228 @A: 13 28 32 22 | 05
#0114-d228 @A: 04 13 28 14 | 08
#0115-d228 @A: 16 08 10 23 | 09
#0116-d228 @A: 16 17 11 21 | 10
#0117-d228 @A: 33 22 16 17 | 04
#0118-d228 @A: 23 17 16 29 | 11
#0119-d228 @A: 32 16 21 04 | 12
#0120-d228 @A: 22 10 16 14 | 02
#0121-d228 @A: 19 25 22 02 | 03
#0122-d228 @A: 08 05 17 29 | 01
#0123-d228 @A: 22 08 17 02 | 07
#0124-d228 @A: 17 10 27 08 | 06
#0125-d228 @A: 02 24 23 08 | 05
#0126-d228 @A: 21 23 04 08 | 08
#0127-d228 @A: 15 04 05 02 | 09
#0128-d228 @A: 15 04 28 21 | 10
#0129-d228 @A: 04 10 22 19 | 04
#0130-d228 @A: 18 01 11 20 | 11
#0131-d228 @A: 06 20 01 10 | 12
#0132-d228 @A: 20 34 31 33 | 02
#0133-d228 @A: 20 34 11 07 | 03
#0134-d228 @A: 20 26 10 34 | 01
#0135-d228 @A: 20 23 30 06 | 07
#0136-d228 @A: 02 30 32 20 | 06
#0137-d228 @A: 27 20 26 09 | 05
#0138-d228 @A: 20 15 03 06 | 08
#0139-d228 @A: 20 15 12 14 | 09
#0140-d228 @A: 20 16 23 07 | 10
#0141-d228 @A: 19 07 15 20 | 04
#0142-d228 @A: 10 20 33 07 | 11
#0143-d228 @A: 25 29 20 26 | 12
#0144-d228 @A: 15 17 20 11 | 02
#0145-d228 @A: 05 20 29 28 | 03
#0146-d228 @A: 24 04 14 20 | 01
#0147-d228 @A: 20 10 28 14 | 07
#0148-d228 @A: 13 18 21 35 | 06
#0149-d228 @A: 19 18 35 10 | 05
#0150-d228 @A: 01 09 35 02 | 08
#0151-d228 @A: 35 01 16 27 | 09
#0152-d228 @A: 31 30 28 35 | 10
#0153-d228 @A: 07 35 30 02 | 04
#0154-d228 @A: 29 30 06 35 | 11
#0155-d228 @A: 30 19 35 06 | 12
#0156-d228 @A: 31 33 35 07 | 02
#0157-d228 @A: 35 12 21 03 | 03
#0158-d228 @A: 03 07 35 11 | 01
#0159-d228 @A: 13 22 35 03 | 07
#0160-d228 @A: 35 17 26 13 | 06
#0161-d228 @A: 14 16 26 35 | 05
#0162-d228 @A: 24 16 35 15 | 08
#0163-d228 @A: 19 23 08 35 | 09
#0164-d228 @A: 29 17 21 35 | 10
#0165-d228 @A: 33 11 35 04 | 04
#0166-d228 @A: 35 02 28 11 | 11
#0167-d228 @A: 21 05 35 27 | 12
#0168-d228 @A: 32 27 35 04 | 02
#0169-d228 @A: 24 18 09 26 | 03
#0170-d228 @A: 09 04 25 18 | 01
#0171-d228 @A: 15 09 18 21 | 07
#0172-d228 @A: 28 18 31 27 | 06
#0173-d228 @A: 07 24 12 18 | 05
#0174-d228 @A: 33 12 18 11 | 08
#0175-d228 @A: 25 06 24 18 | 09
#0176-d228 @A: 11 18 10 17 | 10
#0177-d228 @A: 05 33 04 18 | 04
#0178-d228 @A: 12 01 34 31 | 11
#0179-d228 @A: 34 01 10 03 | 12
#0180-d228 @A: 21 01 34 13 | 02
#0181-d228 @A: 23 06 34 01 | 03
#0182-d228 @A: 01 30 14 16 | 01
#0183-d228 @A: 06 04 30 01 | 07
#0184-d228 @A: 33 26 01 09 | 06
#0185-d228 @A: 09 10 01 27 | 05
#0186-d228 @A: 01 03 07 13 | 08
#0187-d228 @A: 29 01 23 12 | 09
#0188-d228 @A: 08 24 01 07 | 10
#0189-d228 @A: 13 01 33 08 | 04
#0190-d228 @A: 16 15 33 01 | 11
#0191-d228 @A: 10 16 01 11 | 12
#0192-d228 @A: 28 01 16 04 | 02
#0193-d228 @A: 19 01 05 15 | 03
#0194-d228 @A: 10 01 32 21 | 01
#0195-d228 @A: 01 33 14 32 | 07
#0196-d228 @A: 17 30 08 34 | 06
#0197-d228 @A: 34 14 09 19 | 05
#0198-d228 @A: 13 29 34 07 | 08
#0199-d228 @A: 33 08 34 07 | 09
#0200-d228 @A: 29 34 21 05 | 10
#0201-d228 @A: 34 14 02 21 | 04
#0202-d228 @A: 31 06 17 30 | 11
#0203-d228 @A: 02 29 03 30 | 12
#0204-d228 @A: 04 16 30 12 | 02
#0205-d228 @A: 30 14 15 07 | 03
#0206-d228 @A: 21 13 16 30 | 01
#0207-d228 @A: 06 16 24 30 | 07
#0208-d228 @A: 02 15 30 16 | 06
#0209-d228 @A: 17 05 14 30 | 05
#0210-d228 @A: 11 21 23 30 | 08
#0211-d228 @A: 30 19 28 05 | 09
#0212-d228 @A: 13 09 12 19 | 10
#0213-d228 @A: 09 11 25 13 | 04
#0214-d228 @A: 09 15 08 02 | 11
#0215-d228 @A: 09 22 17 24 | 12
#0216-d228 @A: 23 02 09 17 | 02
#0217-d228 @A: 11 09 32 05 | 03
#0218-d228 @A: 11 33 23 09 | 01
#0219-d228 @A: 22 32 09 21 | 07
#0220-d228 @A: 04 09 02 21 | 06
#0221-d228 @A: 04 09 29 27 | 05
#0222-d228 @A: 03 19 17 31 | 08
#0223-d228 @A: 15 14 31 26 | 09
#0224-d228 @A: 17 31 28 33 | 10
#0225-d228 @A: 21 31 24 04 | 04
#0226-d228 @A: 29 31 14 27 | 11
#0227-d228 @A: 31 23 10 29 | 12
#0228-d228 @A: 08 19 26 03 | 02
#0229-d228 @A: 13 03 21 08 | 03
#0230-d228 @A: 03 15 25 32 | 01
#0231-d228 @A: 08 03 04 14 | 07
#0232-d228 @A: 23 03 22 06 | 06
#0233-d228 @A: 03 17 33 05 | 05
#0234-d228 @A: 22 10 11 03 | 08
#0235-d228 @A: 03 32 02 05 | 09
#0236-d228 @A: 22 24 33 03 | 10
#0237-d228 @A: 06 19 07 12 | 04
#0238-d228 @A: 16 10 12 25 | 11
#0239-d228 @A: 24 02 12 22 | 12
#0240-d228 @A: 26 24 13 06 | 02
#0241-d228 @A: 26 15 24 08 | 03
#0242-d228 @A: 26 22 28 11 | 01
#0243-d228 @A: 26 23 14 04 | 07
#0244-d228 @A: 13 32 15 29 | 06
#0245-d228 @A: 17 13 11 32 | 05
#0246-d228 @A: 24 23 14 13 | 08
#0247-d228 @A: 02 27 13 21 | 09
#0248-d228 @A: 10 05 24 16 | 10
#0249-d228 @A: 27 16 21 22 | 04
#0250-d228 @A: 17 04 25 28 | 11
#0251-d228 @A: 25 17 32 19 | 12
#0252-d228 @A: 21 04 11 25 | 02
#0253-d228 @A: 25 33 11 14 | 03
#0254-d228 @A: 10 21 29 25 | 01
#0255-d228 @A: 33 32 25 21 | 07
#0256-d228 @A: 02 06 28 08 | 06
#0257-d228 @A: 27 08 22 11 | 05
#0258-d228 @A: 10 08 33 11 | 08
#0259-d228 @A: 32 04 08 28 | 09
#0260-d228 @A: 06 11 17 19 | 10
#0261-d228 @A: 06 02 05 23 | 04
#0262-d228 @A: 06 23 28 04 | 11
#0263-d228 @A: 31 35 04 20 | 12
#0264-d228 @A: 08 22 20 18 | 02
#0265-d228 @A: 05 01 20 31 | 03
#0266-d228 @A: 16 20 34 24 | 01
#0267-d228 @A: 20 30 11 12 | 07
#0268-d228 @A: 28 30 20 15 | 06
#0269-d228 @A: 20 19 26 09 | 05
#0270-d228 @A: 29 09 15 20 | 08
#0271-d228 @A: 02 20 07 03 | 09
#0272-d228 @A: 13 25 23 20 | 10
#0273-d228 @A: 22 10 25 20 | 04
#0274-d228 @A: 17 20 29 33 | 11
#0275-d228 @A: 21 20 29 11 | 12
#0276-d228 @A: 20 14 11 27 | 02
#0277-d228 @A: 20 11 04 02 | 03
#0278-d228 @A: 23 27 20 22 | 01
#0279-d228 @A: 27 20 32 33 | 07
#0280-d228 @A: 35 16 18 22 | 06
#0281-d228 @A: 25 34 10 35 | 05
#0282-d228 @A: 27 19 35 09 | 08
#0283-d228 @A: 13 35 31 29 | 09
#0284-d228 @A: 35 12 27 13 | 10
#0285-d228 @A: 35 27 15 07 | 04
#0286-d228 @A: 35 13 14 08 | 11
#0287-d228 @A: 17 35 23 28 | 12
#0288-d228 @A: 11 23 22 35 | 02
#0289-d228 @A: 32 29 35 11 | 03
#0290-d228 @A: 24 35 02 29 | 01
#0291-d228 @A: 02 35 21 19 | 07
#0292-d228 @A: 30 01 10 18 | 06
#0293-d228 @A: 01 21 18 08 | 05
#0294-d228 @A: 11 18 03 09 | 08
#0295-d228 @A: 12 23 18 09 | 09
#0296-d228 @A: 15 23 31 18 | 10
#0297-d228 @A: 18 17 07 03 | 04
#0298-d228 @A: 18 03 10 08 | 11
#0299-d228 @A: 07 05 08 18 | 12
#0300-d228 @A: 07 06 23 18 | 02
#0301-d228 @A: 07 15 18 04 | 03
#0302-d228 @A: 18 07 21 11 | 01
#0303-d228 @A: 15 13 14 18 | 07
#0304-d228 @A: 16 27 15 18 | 06
#0305-d228 @A: 32 06 18 08 | 05
#0306-d228 @A: 05 10 18 15 | 08
#0307-d228 @A: 18 29 17 28 | 09
#0308-d228 @A: 18 22 24 28 | 10
#0309-d228 @A: 32 18 10 28 | 04
#0310-d228 @A: 01 34 26 32 | 11
#0311-d228 @A: 19 30 01 21 | 12
#0312-d228 @A: 31 25 33 01 | 02
#0313-d228 @A: 31 27 01 06 | 03
#0314-d228 @A: 19 32 01 03 | 01
#0315-d228 @A: 29 22 07 01 | 07
#0316-d228 @A: 17 01 19 13 | 06
#0317-d228 @A: 21 24 01 15 | 05
#0318-d228 @A: 21 02 17 01 | 08
#0319-d228 @A: 21 01 33 05 | 09
#0320-d228 @A: 01 22 21 04 | 10
#0321-d228 @A: 33 02 01 19 | 04
#0322-d228 @A: 34 30 25 26 | 11
#0323-d228 @A: 31 14 34 09 | 12
#0324-d228 @A: 25 13 34 31 | 02
#0325-d228 @A: 13 34 11 08 | 03
#0326-d228 @A: 34 05 13 02 | 01
#0327-d228 @A: 21 16 25 34 | 07
#0328-d228 @A: 34 08 25 32 | 06
#0329-d228 @A: 34 08 15 04 | 05
#0330-d228 @A: 05 08 34 23 | 08
#0331-d228 @A: 34 21 24 06 | 09
#0332-d228 @A: 17 27 34 04 | 10
#0333-d228 @A: 05 34 04 10 | 04
#0334-d228 @A: 28 10 34 22 | 11
#0335-d228 @A: 10 27 14 34 | 12
#0336-d228 @A: 34 19 27 23 | 02
#0337-d228 @A: 34 33 28 02 | 03
#0338-d228 @A: 30 11 31 09 | 01
#0339-d228 @A: 02 25 30 09 | 07
#0340-d228 @A: 30 02 26 31 | 06
#0341-d228 @A: 24 30 15 03 | 05
#0342-d228 @A: 17 30 07 33 | 08
#0343-d228 @A: 26 30 05 32 | 09
#0344-d228 @A: 30 25 15 10 | 10
#0345-d228 @A: 11 17 30 22 | 04
#0346-d228 @A: 21 30 14 32 | 11
#0347-d228 @A: 09 32 26 31 | 12
#0348-d228 @A: 09 13 31 22 | 02
#0349-d228 @A: 26 10 12 09 | 03
#0350-d228 @A: 09 11 07 16 | 01
#0351-d228 @A: 17 05 09 26 | 07
#0352-d228 @A: 25 09 15 19 | 06
#0353-d228 @A: 24 32 09 23 | 05
#0354-d228 @A: 33 04 09 19 | 08
#0355-d228 @A: 31 29 15 03 | 09
#0356-d228 @A: 28 13 31 07 | 10
#0357-d228 @A: 26 05 16 31 | 04
#0358-d228 @A: 13 15 31 06 | 11
#0359-d228 @A: 08 16 31 28 | 12
#0360-d228 @A: 31 16 06 33 | 02
#0361-d228 @A: 10 06 04 31 | 03
#0362-d228 @A: 04 33 31 15 | 01
#0363-d228 @A: 28 31 22 04 | 07
#0364-d228 @A: 27 22 31 10 | 06
#0365-d228 @A: 03 26 12 33 | 05
#0366-d228 @A: 33 28 13 03 | 08
#0367-d228 @A: 22 03 16 25 | 09
#0368-d228 @A: 11 05 03 19 | 10
#0369-d228 @A: 03 22 05 04 | 04
#0370-d228 @A: 24 28 03 10 | 11
#0371-d228 @A: 22 03 32 29 | 12
#0372-d228 @A: 12 15 07 23 | 02
#0373-d228 @A: 23 06 12 25 | 03
#0374-d228 @A: 25 12 02 17 | 01
#0375-d228 @A: 28 14 12 25 | 07
#0376-d228 @A: 10 06 12 05 | 06
#0377-d228 @A: 15 04 10 12 | 05
#0378-d228 @A: 12 14 04 11 | 08
#0379-d228 @A: 29 12 24 05 | 09
#0380-d228 @A: 10 32 12 19 | 10
#0381-d228 @A: 19 07 08 25 | 04
#0382-d228 @A: 19 10 07 11 | 11
#0383-d228 @A: 14 07 29 33 | 12
#0384-d228 @A: 16 22 06 26 | 02
#0385-d228 @A: 10 16 26 15 | 03
#0386-d228 @A: 10 26 24 11 | 01
#0387-d228 @A: 26 23 21 24 | 07
#0388-d228 @A: 26 23 33 10 | 06
#0389-d228 @A: 27 26 32 29 | 05
#0390-d228 @A: 06 16 02 13 | 08
#0391-d228 @A: 13 10 08 15 | 09
#0392-d228 @A: 02 33 13 11 | 10
#0393-d228 @A: 13 28 05 27 | 04
#0394-d228 @A: 13 29 23 22 | 11
#0395-d228 @A: 08 16 15 21 | 12
#0396-d228 @A: 08 27 04 16 | 02
#0397-d228 @A: 22 05 16 11 | 03
#0398-d228 @A: 14 24 16 28 | 01
#0399-d228 @A: 28 23 33 16 | 07
#0400-d228 @A: 27 17 32 25 | 06
#0401-d228 @A: 10 28 11 25 | 05
#0402-d228 @A: 29 32 05 25 | 08
#0403-d228 @A: 29 19 24 25 | 09
#0404-d228 @A: 10 21 08 22 | 10
#0405-d228 @A: 10 06 15 21 | 04
#0406-d228 @A: 15 06 29 33 | 11
#0407-d228 @A: 11 33 06 28 | 12
#0408-d228 @A: 28 27 06 10 | 02
#0409-d228 @A: 32 33 19 06 | 03
#0410-d228 @A: 17 27 21 15 | 01
#0411-d228 @A: 14 32 15 24 | 07
#0412-d228 @A: 02 15 24 10 | 06
#0413-d228 @A: 17 19 27 24 | 05
#0414-d228 @A: 23 24 19 04 | 08
#0415-d228 @A: 01 20 14 35 | 09
#0416-d228 @A: 10 20 35 15 | 10
#0417-d228 @A: 35 19 20 11 | 04
#0418-d228 @A: 24 20 35 22 | 11
#0419-d228 @A: 18 20 34 23 | 12
#0420-d228 @A: 34 20 09 25 | 02
#0421-d228 @A: 20 30 13 04 | 03
#0422-d228 @A: 14 03 20 09 | 01
#0423-d228 @A: 09 32 06 20 | 07
#0424-d228 @A: 33 21 09 20 | 06
#0425-d228 @A: 20 08 28 07 | 05
#0426-d228 @A: 04 29 07 20 | 08
#0427-d228 @A: 20 02 26 13 | 09
#0428-d228 @A: 06 26 11 20 | 10
#0429-d228 @A: 20 17 19 16 | 04
#0430-d228 @A: 33 20 24 11 | 11
#0431-d228 @A: 23 28 11 20 | 12
#0432-d228 @A: 28 20 21 27 | 02
#0433-d228 @A: 26 18 35 10 | 03
#0434-d228 @A: 30 13 35 01 | 01
#0435-d228 @A: 01 08 31 35 | 07
#0436-d228 @A: 23 04 01 35 | 06
#0437-d228 @A: 30 35 27 34 | 05
#0438-d228 @A: 06 04 34 35 | 08
#0439-d228 @A: 09 14 30 35 | 09
#0440-d228 @A: 32 24 30 35 | 10
#0441-d228 @A: 35 09 12 17 | 04
#0442-d228 @A: 35 15 22 31 | 11
#0443-d228 @A: 02 31 35 21 | 12
#0444-d228 @A: 35 33 03 16 | 02
#0445-d228 @A: 19 35 03 14 | 03
#0446-d228 @A: 35 06 12 22 | 01
#0447-d228 @A: 35 24 28 12 | 07
#0448-d228 @A: 13 35 33 23 | 06
#0449-d228 @A: 08 22 25 35 | 05
#0450-d228 @A: 14 27 17 35 | 08
#0451-d228 @A: 29 18 09 01 | 09
#0452-d228 @A: 01 02 22 18 | 10
#0453-d228 @A: 34 18 02 09 | 04
#0454-d228 @A: 34 18 06 10 | 11
#0455-d228 @A: 24 15 18 34 | 12
#0456-d228 @A: 16 11 30 18 | 02
#0457-d228 @A: 25 16 18 31 | 03
#0458-d228 @A: 18 11 31 02 | 01
#0459-d228 @A: 08 16 18 24 | 07
#0460-d228 @A: 02 08 25 18 | 06
#0461-d228 @A: 27 21 18 25 | 05
#0462-d228 @A: 19 32 08 18 | 08
#0463-d228 @A: 06 15 18 19 | 09
#0464-d228 @A: 04 18 21 10 | 10
#0465-d228 @A: 01 24 09 30 | 04
#0466-d228 @A: 03 01 22 26 | 11
#0467-d228 @A: 08 01 04 12 | 12
#0468-d228 @A: 25 26 01 28 | 02
#0469-d228 @A: 01 28 06 13 | 03
#0470-d228 @A: 25 27 08 01 | 01
#0471-d228 @A: 25 32 23 01 | 07
#0472-d228 @A: 05 22 28 01 | 06
#0473-d228 @A: 10 28 01 23 | 05
#0474-d228 @A: 05 30 34 12 | 08
#0475-d228 @A: 34 10 30 13 | 09
#0476-d228 @A: 02 07 31 34 | 10
#0477-d228 @A: 11 26 34 31 | 04
#0478-d228 @A: 31 15 10 34 | 11
#0479-d228 @A: 26 23 34 07 | 12
#0480-d228 @A: 29 26 34 14 | 02
#0481-d228 @A: 22 15 34 13 | 03
#0482-d228 @A: 15 25 34 28 | 01
#0483-d228 @A: 28 34 05 14 | 07
#0484-d228 @A: 32 34 22 14 | 06
#0485-d228 @A: 34 33 23 32 | 05
#0486-d228 @A: 23 09 13 30 | 08
#0487-d228 @A: 32 27 30 09 | 09
#0488-d228 @A: 31 13 30 14 | 10
#0489-d228 @A: 06 32 03 30 | 04
#0490-d228 @A: 12 30 26 14 | 11
#0491-d228 @A: 30 12 28 13 | 12
#0492-d228 @A: 29 25 07 30 | 02
#0493-d228 @A: 13 11 15 30 | 03
#0494-d228 @A: 11 28 30 27 | 01
#0495-d228 @A: 30 05 22 10 | 07
#0496-d228 @A: 22 24 21 30 | 06
#0497-d228 @A: 30 02 10 23 | 05
#0498-d228 @A: 09 29 03 21 | 08
#0499-d228 @A: 27 13 09 15 | 09
#0500-d228 @A: 11 09 04 10 | 10
#0501-d228 @A: 09 22 05 27 | 04
#0502-d228 @A: 27 28 02 09 | 11
#0503-d228 @A: 31 11 06 12 | 12
#0504-d228 @A: 31 15 25 17 | 02
#0505-d228 @A: 31 25 23 19 | 03
#0506-d228 @A: 28 23 31 21 | 01
#0507-d228 @A: 22 28 31 19 | 07
#0508-d228 @A: 12 03 16 07 | 06
#0509-d228 @A: 12 02 03 19 | 05
#0510-d228 @A: 15 13 03 05 | 08
#0511-d228 @A: 08 22 15 03 | 09
#0512-d228 @A: 15 10 03 19 | 10
#0513-d228 @A: 29 17 03 24 | 04
#0514-d228 @A: 11 03 29 04 | 11
#0515-d228 @A: 11 03 02 27 | 12
#0516-d228 @A: 21 27 24 03 | 02
#0517-d228 @A: 21 03 19 24 | 03
#0518-d228 @A: 32 12 26 06 | 01
#0519-d228 @A: 26 17 15 12 | 07
#0520-d228 @A: 16 28 11 12 | 06
#0521-d228 @A: 12 08 29 25 | 05
#0522-d228 @A: 15 12 27 25 | 08
#0523-d228 @A: 26 10 07 17 | 09
#0524-d228 @A: 07 22 21 26 | 10
#0525-d228 @A: 07 13 14 19 | 04
#0526-d228 @A: 06 25 32 07 | 11
#0527-d228 @A: 11 07 25 05 | 12
#0528-d228 @A: 27 29 17 07 | 02
#0529-d228 @A: 17 25 26 06 | 03
#0530-d228 @A: 08 04 26 05 | 01
#0531-d228 @A: 08 26 32 10 | 07
#0532-d228 @A: 17 33 02 26 | 06
#0533-d228 @A: 23 05 29 26 | 05
#0534-d228 @A: 04 02 26 19 | 08
#0535-d228 @A: 13 25 08 28 | 09
#0536-d228 @A: 28 02 13 29 | 10
#0537-d228 @A: 32 16 06 29 | 04
#0538-d228 @A: 05 28 16 17 | 11
#0539-d228 @A: 22 16 11 19 | 12
#0540-d228 @A: 16 11 23 04 | 02
#0541-d228 @A: 29 16 24 21 | 03
#0542-d228 @A: 22 32 19 16 | 01
#0543-d228 @A: 16 32 02 28 | 07
#0544-d228 @A: 25 27 29 11 | 06
#0545-d228 @A: 28 15 08 17 | 05
#0546-d228 @A: 23 11 08 17 | 08
#0547-d228 @A: 08 02 05 11 | 09
#0548-d228 @A: 21 32 11 08 | 10
#0549-d228 @A: 24 19 33 08 | 04
#0550-d228 @A: 19 08 21 28 | 11
#0551-d228 @A: 22 33 06 05 | 12
#0552-d228 @A: 05 28 11 15 | 02
#0553-d228 @A: 27 05 33 15 | 03
#0554-d228 @A: 15 28 23 24 | 01
#0555-d228 @A: 19 24 15 28 | 07
#0556-d228 @A: 22 21 29 15 | 06
#0557-d228 @A: 29 19 22 17 | 05
#0558-d228 @A: 19 21 14 04 | 08
#0559-d228 @A: 10 29 19 23 | 09
#0560-d228 @A: 35 03 30 20 | 10
#0561-d228 @A: 26 20 07 35 | 04
#0562-d228 @A: 01 30 21 20 | 11
#0563-d228 @A: 20 04 25 01 | 12
#0564-d228 @A: 11 31 20 16 | 02
#0565-d228 @A: 32 31 25 20 | 03
#0566-d228 @A: 20 22 32 11 | 01
#0567-d228 @A: 22 14 20 19 | 07
#0568-d228 @A: 06 35 02 18 | 06
#0569-d228 @A: 02 34 08 35 | 05
#0570-d228 @A: 17 16 35 30 | 08
#0571-d228 @A: 35 23 09 21 | 09
#0572-d228 @A: 14 35 03 31 | 10
#0573-d228 @A: 25 35 11 31 | 04
#0574-d228 @A: 19 05 35 07 | 11
#0575-d228 @A: 35 15 26 06 | 12
#0576-d228 @A: 02 15 13 35 | 02
#0577-d228 @A: 25 06 28 35 | 03
#0578-d228 @A: 10 35 29 08 | 01
#0579-d228 @A: 04 22 35 17 | 07
#0580-d228 @A: 05 11 35 24 | 06
#0581-d228 @A: 35 28 21 32 | 05
#0582-d228 @A: 14 35 10 04 | 08
#0583-d228 @A: 27 18 01 03 | 09
#0584-d228 @A: 18 05 09 30 | 10
#0585-d228 @A: 29 31 18 30 | 04
#0586-d228 @A: 25 18 30 28 | 11
#0587-d228 @A: 14 18 08 30 | 12
#0588-d228 @A: 33 31 18 03 | 02
#0589-d228 @A: 18 31 07 32 | 03
#0590-d228 @A: 31 08 18 26 | 01
#0591-d228 @A: 13 24 03 18 | 07
#0592-d228 @A: 18 28 12 08 | 06
#0593-d228 @A: 18 16 02 07 | 05
#0594-d228 @A: 15 26 18 22 | 08
#0595-d228 @A: 18 17 04 16 | 09
#0596-d228 @A: 22 18 11 29 | 10
#0597-d228 @A: 18 22 27 19 | 04
#0598-d228 @A: 18 04 19 28 | 11
#0599-d228 @A: 34 14 15 01 | 12
#0600-d228 @A: 03 28 01 30 | 02
#0601-d228 @A: 01 30 05 25 | 03
#0602-d228 @A: 01 09 14 25 | 01
#0603-d228 @A: 01 15 02 31 | 07
#0604-d228 @A: 27 01 26 12 | 06
#0605-d228 @A: 10 01 13 12 | 05
#0606-d228 @A: 11 01 27 24 | 08
#0607-d228 @A: 01 32 05 04 | 09
#0608-d228 @A: 27 02 01 04 | 10
#0609-d228 @A: 09 03 34 16 | 04
#0610-d228 @A: 09 34 29 06 | 11
#0611-d228 @A: 10 34 21 12 | 12
#0612-d228 @A: 16 02 22 34 | 02
#0613-d228 @A: 22 24 29 34 | 03
#0614-d228 @A: 30 07 31 04 | 01
#0615-d228 @A: 19 07 24 30 | 07
#0616-d228 @A: 08 30 13 29 | 06
#0617-d228 @A: 24 02 30 13 | 05
#0618-d228 @A: 32 08 16 30 | 08
#0619-d228 @A: 30 19 25 04 | 09
#0620-d228 @A: 02 28 30 17 | 10
#0621-d228 @A: 22 27 30 02 | 04
#0622-d228 @A: 30 33 29 22 | 11
#0623-d228 @A: 23 14 28 30 | 12
#0624-d228 @A: 04 31 09 08 | 02
#0625-d228 @A: 06 23 09 31 | 03
#0626-d228 @A: 27 09 12 03 | 01
#0627-d228 @A: 08 09 03 28 | 07
#0628-d228 @A: 09 12 24 15 | 06
#0629-d228 @A: 07 06 15 09 | 05
#0630-d228 @A: 09 15 26 11 | 08
#0631-d228 @A: 09 13 32 08 | 09
#0632-d228 @A: 09 28 16 19 | 10
#0633-d228 @A: 09 21 08 27 | 04
#0634-d228 @A: 11 23 31 13 | 11
#0635-d228 @A: 31 10 25 08 | 12
#0636-d228 @A: 19 31 29 15 | 02
#0637-d228 @A: 17 31 05 02 | 03
#0638-d228 @A: 14 10 11 31 | 01
#0639-d228 @A: 29 24 31 33 | 07
#0640-d228 @A: 03 12 13 29 | 06
#0641-d228 @A: 12 08 02 03 | 05
#0642-d228 @A: 19 07 03 27 | 08
#0643-d228 @A: 03 10 25 26 | 09
#0644-d228 @A: 06 19 03 16 | 10
#0645-d228 @A: 24 02 03 16 | 04
#0646-d228 @A: 23 05 03 24 | 11
#0647-d228 @A: 03 29 05 27 | 12
#0648-d228 @A: 23 03 32 21 | 02
#0649-d228 @A: 03 04 28 27 | 03
#0650-d228 @A: 29 12 07 11 | 01
#0651-d228 @A: 16 26 21 12 | 07
#0652-d228 @A: 22 12 11 25 | 06
#0653-d228 @A: 12 06 08 27 | 05
#0654-d228 @A: 12 05 22 19 | 08
#0655-d228 @A: 29 33 12 21 | 09
#0656-d228 @A: 29 12 22 14 | 10
#0657-d228 @A: 04 27 12 22 | 04
#0658-d228 @A: 06 26 05 07 | 11
#0659-d228 @A: 13 27 07 08 | 12
#0660-d228 @A: 17 07 15 16 | 02
#0661-d228 @A: 14 17 23 07 | 03
#0662-d228 @A: 14 24 07 05 | 01
#0663-d228 @A: 04 07 27 24 | 07
#0664-d228 @A: 33 07 02 24 | 06
#0665-d228 @A: 13 16 27 26 | 05
#0666-d228 @A: 33 26 27 04 | 08
#0667-d228 @A: 28 13 16 10 | 09
#0668-d228 @A: 13 32 06 21 | 10
#0669-d228 @A: 02 04 13 22 | 04
#0670-d228 @A: 13 27 19 29 | 11
#0671-d228 @A: 14 16 32 17 | 12
#0672-d228 @A: 02 10 16 17 | 02
#0673-d228 @A: 32 16 33 05 | 03
#0674-d228 @A: 05 25 27 04 | 01
#0675-d228 @A: 25 02 28 21 | 07
#0676-d228 @A: 22 06 19 08 | 06
#0677-d228 @A: 08 05 32 27 | 05
#0678-d228 @A: 11 06 27 15 | 08
#0679-d228 @A: 32 28 05 06 | 09
#0680-d228 @A: 06 24 23 10 | 10
#0681-d228 @A: 21 27 04 06 | 04
#0682-d228 @A: 22 33 02 15 | 11
#0683-d228 @A: 14 27 04 15 | 12
#0684-d228 @A: 28 33 15 10 | 02
#0685-d228 @A: 11 32 14 19 | 03
#0686-d228 @A: 29 02 19 11 | 01
#0687-d228 @A: 24 32 19 02 | 07
#0688-d228 @A: 30 18 20 24 | 06
#0689-d228 @A: 29 18 03 20 | 05
#0690-d228 @A: 18 32 20 15 | 08
#0691-d228 @A: 20 29 13 01 | 09
#0692-d228 @A: 01 08 20 32 | 10
#0693-d228 @A: 01 22 15 20 | 04
#0694-d228 @A: 11 13 03 20 | 11
#0695-d228 @A: 20 32 16 26 | 12
#0696-d228 @A: 22 33 26 20 | 02
#0697-d228 @A: 16 20 04 15 | 03
#0698-d228 @A: 04 20 17 10 | 01
#0699-d228 @A: 28 32 24 20 | 07
#0700-d228 @A: 32 14 29 20 | 06
#0701-d228 @A: 28 04 20 33 | 05
#0702-d228 @A: 33 01 35 34 | 08
#0703-d228 @A: 06 09 35 24 | 09
#0704-d228 @A: 09 35 19 17 | 10
#0705-d228 @A: 10 09 28 35 | 04
#0706-d228 @A: 19 12 35 29 | 11
#0707-d228 @A: 28 16 35 07 | 12
#0708-d228 @A: 11 13 16 35 | 02
#0709-d228 @A: 35 16 25 32 | 03
#0710-d228 @A: 35 24 19 16 | 01
#0711-d228 @A: 35 16 04 02 | 07
#0712-d228 @A: 35 24 17 33 | 06
#0713-d228 @A: 10 35 21 11 | 05
#0714-d228 @A: 14 29 23 35 | 08
#0715-d228 @A: 01 23 18 26 | 09
#0716-d228 @A: 06 01 15 18 | 10
#0717-d228 @A: 34 18 08 29 | 04
#0718-d228 @A: 09 22 18 07 | 11
#0719-d228 @A: 16 18 09 14 | 12
#0720-d228 @A: 31 14 18 17 | 02
#0721-d228 @A: 25 18 03 19 | 03
#0722-d228 @A: 26 29 19 18 | 01
#0723-d228 @A: 25 33 13 18 | 07
#0724-d228 @A: 17 18 13 02 | 06
#0725-d228 @A: 23 18 16 21 | 05
#0726-d228 @A: 25 22 32 18 | 08
#0727-d228 @A: 23 18 17 05 | 09
#0728-d228 @A: 18 24 32 04 | 10
#0729-d228 @A: 27 18 14 33 | 04
#0730-d228 @A: 24 25 01 34 | 11
#0731-d228 @A: 30 15 27 01 | 12
#0732-d228 @A: 01 19 31 07 | 02
#0733-d228 @A: 02 06 01 03 | 03
#0734-d228 @A: 03 11 01 32 | 01
#0735-d228 @A: 01 12 16 24 | 07
#0736-d228 @A: 01 14 27 13 | 06
#0737-d228 @A: 17 27 05 01 | 05
#0738-d228 @A: 28 01 29 21 | 08
#0739-d228 @A: 01 32 27 22 | 09
#0740-d228 @A: 19 29 01 04 | 10
#0741-d228 @A: 34 31 30 23 | 04
#0742-d228 @A: 30 34 19 26 | 11
#0743-d228 @A: 27 05 31 34 | 12
#0744-d228 @A: 31 24 34 19 | 02
#0745-d228 @A: 34 06 03 33 | 03
#0746-d228 @A: 13 34 14 33 | 01
#0747-d228 @A: 17 16 06 34 | 07
#0748-d228 @A: 17 11 29 34 | 06
#0749-d228 @A: 34 02 10 11 | 05
#0750-d228 @A: 34 23 27 24 | 08
#0751-d228 @A: 09 03 19 30 | 09
#0752-d228 @A: 21 31 15 30 | 10
#0753-d228 @A: 06 30 02 12 | 04
#0754-d228 @A: 07 11 10 30 | 11
#0755-d228 @A: 08 27 26 30 | 12
#0756-d228 @A: 25 27 06 30 | 02
#0757-d228 @A: 17 23 19 30 | 03
#0758-d228 @A: 05 30 29 11 | 01
#0759-d228 @A: 27 21 29 30 | 07
#0760-d228 @A: 29 28 30 04 | 06
#0761-d228 @A: 09 33 31 12 | 05
#0762-d228 @A: 10 09 31 07 | 08
#0763-d228 @A: 03 07 09 23 | 09
#0764-d228 @A: 07 09 04 12 | 10
#0765-d228 @A: 23 16 09 26 | 04
#0766-d228 @A: 05 02 24 09 | 11
#0767-d228 @A: 05 28 09 21 | 12
#0768-d228 @A: 29 33 09 02 | 02
#0769-d228 @A: 12 21 08 31 | 03
#0770-d228 @A: 28 15 31 12 | 01
#0771-d228 @A: 31 29 12 02 | 07
#0772-d228 @A: 29 31 06 07 | 06
#0773-d228 @A: 31 24 16 23 | 05
#0774-d228 @A: 29 31 11 08 | 08
#0775-d228 @A: 31 05 14 08 | 09
#0776-d228 @A: 04 31 17 11 | 10
#0777-d228 @A: 05 10 19 31 | 04
#0778-d228 @A: 04 07 03 06 | 11
#0779-d228 @A: 03 26 32 13 | 12
#0780-d228 @A: 03 26 05 28 | 02
#0781-d228 @A: 27 25 13 03 | 03
#0782-d228 @A: 06 03 16 10 | 01
#0783-d228 @A: 03 24 11 08 | 07
#0784-d228 @A: 03 10 21 17 | 06
#0785-d228 @A: 03 23 11 14 | 05
#0786-d228 @A: 03 33 14 21 | 08
#0787-d228 @A: 23 10 03 04 | 09
#0788-d228 @A: 07 26 28 12 | 10
#0789-d228 @A: 15 33 19 12 | 04
#0790-d228 @A: 12 27 33 23 | 11
#0791-d228 @A: 06 02 27 07 | 12
#0792-d228 @A: 27 05 07 10 | 02
#0793-d228 @A: 07 28 04 10 | 03
#0794-d228 @A: 26 14 32 25 | 01
#0795-d228 @A: 06 19 05 26 | 07
#0796-d228 @A: 28 17 26 27 | 06
#0797-d228 @A: 14 22 27 26 | 05
#0798-d228 @A: 26 29 22 02 | 08
#0799-d228 @A: 05 17 25 13 | 09
#0800-d228 @A: 13 15 08 19 | 10
#0801-d228 @A: 13 14 11 05 | 04
#0802-d228 @A: 29 13 21 04 | 11
#0803-d228 @A: 29 33 16 25 | 12
#0804-d228 @A: 16 29 15 05 | 02
#0805-d228 @A: 28 22 29 16 | 03
#0806-d228 @A: 25 17 22 29 | 01
#0807-d228 @A: 25 11 19 28 | 07
#0808-d228 @A: 23 25 24 22 | 06
#0809-d228 @A: 24 10 14 25 | 05
#0810-d228 @A: 24 25 27 28 | 08
#0811-d228 @A: 25 23 04 02 | 09
#0812-d228 @A: 08 24 14 29 | 10
#0813-d228 @A: 04 29 08 22 | 04
#0814-d228 @A: 10 02 19 08 | 11
#0815-d228 @A: 29 21 06 19 | 12
#0816-d228 @A: 06 22 27 29 | 02
#0817-d228 @A: 14 29 06 04 | 03
#0818-d228 @A: 32 23 06 14 | 01
#0819-d228 @A: 33 14 06 10 | 07
#0820-d228 @A: 17 02 15 29 | 06
#0821-d228 @A: 33 15 32 17 | 05
#0822-d228 @A: 10 15 29 27 | 08
#0823-d228 @A: 35 18 20 28 | 09
#0824-d228 @A: 20 16 21 35 | 10
#0825-d228 @A: 13 18 20 07 | 04
#0826-d228 @A: 18 33 20 19 | 11
#0827-d228 @A: 20 09 01 23 | 12
#0828-d228 @A: 03 20 28 34 | 02
#0829-d228 @A: 02 20 31 06 | 03
#0830-d228 @A: 20 19 31 21 | 01
#0831-d228 @A: 29 22 20 31 | 07
#0832-d228 @A: 03 22 20 12 | 06
#0833-d228 @A: 08 20 24 13 | 05
#0834-d228 @A: 10 13 27 20 | 08
#0835-d228 @A: 25 15 20 02 | 09
#0836-d228 @A: 20 05 32 19 | 10
#0837-d228 @A: 11 35 18 34 | 04
#0838-d228 @A: 35 18 27 08 | 11
#0839-d228 @A: 26 21 35 01 | 12
#0840-d228 @A: 35 15 01 28 | 02
#0841-d228 @A: 35 19 22 01 | 03
#0842-d228 @A: 34 14 35 12 | 01
#0843-d228 @A: 35 11 30 08 | 07
#0844-d228 @A: 35 03 15 17 | 06
#0845-d228 @A: 05 35 26 12 | 05
#0846-d228 @A: 07 32 22 35 | 08
#0847-d228 @A: 35 29 26 04 | 09
#0848-d228 @A: 35 26 33 32 | 10
#0849-d228 @A: 35 13 10 06 | 04
#0850-d228 @A: 25 05 23 35 | 11
#0851-d228 @A: 24 04 35 08 | 12
#0852-d228 @A: 35 24 10 27 | 02
#0853-d228 @A: 01 18 05 24 | 03
#0854-d228 @A: 31 34 21 18 | 01
#0855-d228 @A: 18 09 13 10 | 07
#0856-d228 @A: 18 09 27 06 | 06
#0857-d228 @A: 18 22 06 31 | 05
#0858-d228 @A: 29 26 12 18 | 08
#0859-d228 @A: 17 06 18 12 | 09
#0860-d228 @A: 12 18 27 32 | 10
#0861-d228 @A: 07 10 25 18 | 04
#0862-d228 @A: 17 19 18 07 | 11
#0863-d228 @A: 04 06 26 18 | 12
#0864-d228 @A: 13 29 16 18 | 02
#0865-d228 @A: 28 18 11 04 | 03
#0866-d228 @A: 14 18 02 24 | 01
#0867-d228 @A: 19 24 18 14 | 07
#0868-d228 @A: 04 23 22 18 | 06
#0869-d228 @A: 07 01 17 34 | 05
#0870-d228 @A: 01 26 11 30 | 08
#0871-d228 @A: 30 02 01 08 | 09
#0872-d228 @A: 09 04 13 01 | 10
#0873-d228 @A: 16 23 03 01 | 04
#0874-d228 @A: 01 13 23 02 | 11
#0875-d228 @A: 25 01 22 06 | 12
#0876-d228 @A: 11 14 21 01 | 02
#0877-d228 @A: 14 01 22 24 | 03
#0878-d228 @A: 33 01 27 28 | 01
#0879-d228 @A: 34 03 21 30 | 07
#0880-d228 @A: 09 34 11 12 | 06
#0881-d228 @A: 34 05 11 03 | 05
#0882-d228 @A: 27 12 07 34 | 08
#0883-d228 @A: 34 04 07 25 | 09
#0884-d228 @A: 22 07 34 06 | 10
#0885-d228 @A: 26 13 04 34 | 04
#0886-d228 @A: 34 32 13 16 | 11
#0887-d228 @A: 34 08 17 19 | 12
#0888-d228 @A: 34 10 33 29 | 02
#0889-d228 @A: 31 30 05 03 | 03
#0890-d228 @A: 12 30 27 31 | 01
#0891-d228 @A: 30 23 26 03 | 07
#0892-d228 @A: 30 08 23 12 | 06
#0893-d228 @A: 06 13 05 30 | 05
#0894-d228 @A: 19 08 16 30 | 08
#0895-d228 @A: 21 05 30 08 | 09
#0896-d228 @A: 28 04 26 09 | 10
#0897-d228 @A: 05 16 09 25 | 04
#0898-d228 @A: 09 16 33 08 | 11
#0899-d228 @A: 25 06 09 10 | 12
#0900-d228 @A: 09 22 28 23 | 02
#0901-d228 @A: 10 13 03 31 | 03
#0902-d228 @A: 31 13 27 17 | 01
#0903-d228 @A: 31 29 19 16 | 07
#0904-d228 @A: 31 11 27 32 | 06
#0905-d228 @A: 33 31 32 10 | 05
#0906-d228 @A: 03 14 13 06 | 08
#0907-d228 @A: 08 29 03 16 | 09
#0908-d228 @A: 03 16 28 21 | 10
#0909-d228 @A: 25 33 03 08 | 04
#0910-d228 @A: 02 14 17 03 | 11
#0911-d228 @A: 04 32 17 03 | 12
#0912-d228 @A: 22 14 28 03 | 02
#0913-d228 @A: 32 03 27 14 | 03
#0914-d228 @A: 02 23 03 28 | 01
#0915-d228 @A: 22 13 12 33 | 07
#0916-d228 @A: 05 12 02 27 | 06
#0917-d228 @A: 12 19 23 21 | 05
#0918-d228 @A: 10 12 02 14 | 08
#0919-d228 @A: 12 04 32 33 | 09
#0920-d228 @A: 27 19 28 12 | 10
#0921-d228 @A: 07 19 33 26 | 04
#0922-d228 @A: 07 22 05 13 | 11
#0923-d228 @A: 10 07 13 23 | 12
#0924-d228 @A: 07 14 16 08 | 02
#0925-d228 @A: 22 16 07 04 | 03
#0926-d228 @A: 22 15 25 07 | 01
#0927-d228 @A: 08 10 07 06 | 07
#0928-d228 @A: 07 02 15 28 | 06
#0929-d228 @A: 11 07 28 24 | 05
#0930-d228 @A: 28 07 05 23 | 08
#0931-d228 @A: 29 05 07 02 | 09
#0932-d228 @A: 23 02 22 07 | 10
#0933-d228 @A: 14 07 28 27 | 04
#0934-d228 @A: 17 16 24 26 | 11
#0935-d228 @A: 08 06 33 26 | 12
#0936-d228 @A: 27 23 26 06 | 02
#0937-d228 @A: 19 26 14 15 | 03
#0938-d228 @A: 17 21 04 26 | 01
#0939-d228 @A: 23 17 22 26 | 07
#0940-d228 @A: 26 21 05 11 | 06
#0941-d228 @A: 23 26 11 02 | 05
#0942-d228 @A: 05 24 26 27 | 08
#0943-d228 @A: 26 32 21 02 | 09
#0944-d228 @A: 22 13 10 17 | 10
#0945-d228 @A: 13 05 24 04 | 04
#0946-d228 @A: 13 19 23 05 | 11
#0947-d228 @A: 10 05 32 13 | 12
#0948-d228 @A: 25 16 27 14 | 02
#0949-d228 @A: 21 16 19 05 | 03
#0950-d228 @A: 23 05 27 16 | 01
#0951-d228 @A: 16 04 29 10 | 07
#0952-d228 @A: 16 27 32 10 | 06
#0953-d228 @A: 08 25 15 14 | 05
#0954-d228 @A: 25 15 33 24 | 08
#0955-d228 @A: 24 05 21 25 | 09
#0956-d228 @A: 10 21 19 25 | 10
#0957-d228 @A: 05 22 24 08 | 04
#0958-d228 @A: 33 08 21 02 | 11
#0959-d228 @A: 06 04 15 32 | 12
#0960-d228 @A: 04 06 17 02 | 02
#0961-d228 @A: 24 28 06 29 | 03
#0962-d228 @A: 04 15 17 24 | 01
#0963-d228 @A: 14 15 05 21 | 07
#0964-d228 @A: 15 28 27 32 | 06
#0965-d228 @A: 14 28 10 19 | 05
#0966-d228 @A: 17 35 20 08 | 08
#0967-d228 @A: 20 04 18 27 | 09
#0968-d228 @A: 20 33 01 03 | 10
#0969-d228 @A: 34 13 20 17 | 04
#0970-d228 @A: 34 13 19 20 | 11
#0971-d228 @A: 09 30 08 20 | 12
#0972-d228 @A: 29 16 20 30 | 02
#0973-d228 @A: 20 10 24 09 | 03
#0974-d228 @A: 31 27 20 03 | 01
#0975-d228 @A: 13 20 31 21 | 07
#0976-d228 @A: 03 04 20 21 | 06
#0977-d228 @A: 03 04 19 20 | 05
#0978-d228 @A: 13 20 12 05 | 08
#0979-d228 @A: 20 15 33 13 | 09
#0980-d228 @A: 25 05 20 14 | 10
#0981-d228 @A: 02 20 27 17 | 04
#0982-d228 @A: 09 18 32 35 | 11
#0983-d228 @A: 35 34 26 24 | 12
#0984-d228 @A: 35 34 13 28 | 02
#0985-d228 @A: 35 34 23 15 | 03
#0986-d228 @A: 28 34 35 19 | 01
#0987-d228 @A: 22 26 30 35 | 07
#0988-d228 @A: 06 03 35 27 | 06
#0989-d228 @A: 29 35 15 12 | 05
#0990-d228 @A: 25 24 35 13 | 08
#0991-d228 @A: 06 16 23 35 | 09
#0992-d228 @A: 15 35 25 21 | 10
#0993-d228 @A: 08 35 21 06 | 04
#0994-d228 @A: 17 11 06 35 | 11
#0995-d228 @A: 16 01 18 34 | 12
#0996-d228 @A: 33 18 07 01 | 02
#0997-d228 @A: 18 13 32 01 | 03
#0998-d228 @A: 28 18 01 14 | 01
#0999-d228 @A: 18 34 05 19 | 07
#1000-d228 @A: 18 13 05 31 | 06
#1001-d228 @A: 18 26 07 14 | 05
#1002-d228 @A: 08 18 11 15 | 08
#1003-d228 @A: 08 23 33 18 | 09
#1004-d228 @A: 28 05 18 02 | 10
#1005-d228 @A: 02 18 23 32 | 04
#1006-d228 @A: 34 09 05 01 | 11
#1007-d228 @A: 30 01 17 29 | 12
#1008-d228 @A: 06 09 01 17 | 02
#1009-d228 @A: 01 09 32 15 | 03
#1010-d228 @A: 07 31 21 01 | 01
#1011-d228 @A: 26 01 17 08 | 07
#1012-d228 @A: 01 26 19 24 | 06
#1013-d228 @A: 02 28 24 01 | 05
#1014-d228 @A: 23 09 34 04 | 08
#1015-d228 @A: 31 22 34 08 | 09
#1016-d228 @A: 03 29 34 19 | 10
#1017-d228 @A: 07 02 34 19 | 04
#1018-d228 @A: 16 26 34 08 | 11
#1019-d228 @A: 34 14 06 08 | 12
#1020-d228 @A: 34 04 24 28 | 02
#1021-d228 @A: 32 29 34 04 | 03
#1022-d228 @A: 29 34 02 23 | 01
#1023-d228 @A: 33 21 30 26 | 07
#1024-d228 @A: 30 32 25 11 | 06
#1025-d228 @A: 04 05 23 30 | 05
#1026-d228 @A: 33 30 05 02 | 08
#1027-d228 @A: 27 04 10 30 | 09
#1028-d228 @A: 09 02 31 16 | 10
#1029-d228 @A: 03 02 13 09 | 04
#1030-d228 @A: 33 32 09 03 | 11
#1031-d228 @A: 21 09 12 25 | 12
#1032-d228 @A: 08 05 12 09 | 02
#1033-d228 @A: 24 07 09 29 | 03
#1034-d228 @A: 13 26 09 29 | 01
#1035-d228 @A: 13 17 09 16 | 07
#1036-d228 @A: 28 25 32 09 | 06
#1037-d228 @A: 21 11 24 09 | 05
#1038-d228 @A: 09 14 05 29 | 08
#1039-d228 @A: 04 12 25 31 | 09
#1040-d228 @A: 27 07 16 31 | 10
#1041-d228 @A: 31 07 15 11 | 04
#1042-d228 @A: 13 31 33 26 | 11
#1043-d228 @A: 31 26 27 25 | 12
#1044-d228 @A: 14 06 31 25 | 02
#1045-d228 @A: 10 24 17 31 | 03
#1046-d228 @A: 21 31 05 10 | 01
#1047-d228 @A: 04 29 05 31 | 07
#1048-d228 @A: 02 32 22 31 | 06
#1049-d228 @A: 31 19 14 33 | 05
#1050-d228 @A: 32 19 04 31 | 08
#1051-d228 @A: 12 03 11 15 | 09
#1052-d228 @A: 03 07 33 15 | 10
#1053-d228 @A: 03 05 21 07 | 04
#1054-d228 @A: 26 21 03 15 | 11
#1055-d228 @A: 24 14 03 26 | 12
#1056-d228 @A: 19 13 22 03 | 02
#1057-d228 @A: 03 15 16 14 | 03
#1058-d228 @A: 06 08 03 17 | 01
#1059-d228 @A: 19 26 25 12 | 07
#1060-d228 @A: 08 17 12 13 | 06
#1061-d228 @A: 21 13 12 15 | 05
#1062-d228 @A: 11 12 13 24 | 08
#1063-d228 @A: 04 29 12 17 | 09
#1064-d228 @A: 08 07 26 02 | 10
#1065-d228 @A: 07 26 15 32 | 04
#1066-d228 @A: 07 14 25 13 | 11
#1067-d228 @A: 07 24 22 10 | 12
#1068-d228 @A: 14 07 04 21 | 02
#1069-d228 @A: 21 23 07 29 | 03
#1070-d228 @A: 07 32 02 04 | 01
#1071-d228 @A: 29 19 07 28 | 07
#1072-d228 @A: 19 26 27 16 | 06
#1073-d228 @A: 05 26 15 25 | 05
#1074-d228 @A: 32 04 11 26 | 08
#1075-d228 @A: 28 23 26 32 | 09
#1076-d228 @A: 26 19 28 32 | 10
#1077-d228 @A: 16 05 13 08 | 04
#1078-d228 @A: 13 25 19 11 | 11
#1079-d228 @A: 13 25 10 02 | 12
#1080-d228 @A: 24 06 19 13 | 02
#1081-d228 @A: 17 13 21 33 | 03
#1082-d228 @A: 23 05 13 21 | 01
#1083-d228 @A: 32 14 13 02 | 07
#1084-d228 @A: 13 28 33 19 | 06
#1085-d228 @A: 14 29 11 16 | 05
#1086-d228 @A: 25 23 17 33 | 08
#1087-d228 @A: 14 25 22 04 | 09
#1088-d228 @A: 28 22 25 33 | 10
#1089-d228 @A: 02 25 33 27 | 04
#1090-d228 @A: 11 28 14 08 | 11
#1091-d228 @A: 24 28 08 21 | 12
#1092-d228 @A: 02 08 04 10 | 02
#1093-d228 @A: 15 23 17 06 | 03
#1094-d228 @A: 06 15 05 24 | 01
#1095-d228 @A: 17 14 24 06 | 07
#1096-d228 @A: 06 02 11 24 | 06
#1097-d228 @A: 06 10 32 11 | 05
#1098-d228 @A: 22 24 06 04 | 08
#1099-d228 @A: 14 10 17 15 | 09
#1100-d228 @A: 15 17 02 19 | 10
#1101-d228 @A: 19 15 23 11 | 04
#1102-d228 @A: 10 22 32 15 | 11
#1103-d228 @A: 14 23 15 33 | 12
#1104-d228 @A: 04 29 23 15 | 02
#1105-d228 @A: 12 20 23 35 | 03
#1106-d228 @A: 13 32 35 20 | 01
#1107-d228 @A: 20 12 18 21 | 07
#1108-d228 @A: 05 26 20 18 | 06
#1109-d228 @A: 18 06 20 14 | 05
#1110-d228 @A: 26 01 24 20 | 08
#1111-d228 @A: 34 27 20 15 | 09
#1112-d228 @A: 30 29 20 19 | 10
#1113-d228 @A: 20 16 22 09 | 04
#1114-d228 @A: 04 20 09 05 | 11
#1115-d228 @A: 31 20 14 07 | 12
#1116-d228 @A: 19 12 20 24 | 02
#1117-d228 @A: 07 24 06 20 | 03
#1118-d228 @A: 07 20 21 15 | 01
#1119-d228 @A: 16 08 02 20 | 07
#1120-d228 @A: 19 06 25 20 | 06
#1121-d228 @A: 08 15 05 20 | 05
#1122-d228 @A: 20 17 22 14 | 08
#1123-d228 @A: 20 11 05 10 | 09
#1124-d228 @A: 05 33 23 20 | 10
#1125-d228 @A: 24 19 20 10 | 04
#1126-d228 @A: 22 02 28 20 | 11
#1127-d228 @A: 23 35 30 18 | 12
#1128-d228 @A: 05 35 18 03 | 02
#1129-d228 @A: 18 25 35 14 | 03
#1130-d228 @A: 24 01 03 35 | 01
#1131-d228 @A: 01 11 12 35 | 07
#1132-d228 @A: 07 05 01 35 | 06
#1133-d228 @A: 01 22 35 10 | 05
#1134-d228 @A: 04 21 30 35 | 08
#1135-d228 @A: 35 33 02 12 | 09
#1136-d228 @A: 07 25 17 35 | 10
#1137-d228 @A: 04 19 13 35 | 04
#1138-d228 @A: 15 32 35 08 | 11
#1139-d228 @A: 02 17 32 35 | 12
#1140-d228 @A: 35 22 05 29 | 02
#1141-d228 @A: 35 14 24 21 | 03
#1142-d228 @A: 04 01 31 18 | 01
#1143-d228 @A: 28 07 34 18 | 07
#1144-d228 @A: 18 34 05 25 | 06
#1145-d228 @A: 34 04 14 18 | 05
#1146-d228 @A: 30 18 07 27 | 08
#1147-d228 @A: 30 18 17 15 | 09
#1148-d228 @A: 05 18 12 16 | 10
#1149-d228 @A: 18 16 26 33 | 04
#1150-d228 @A: 04 13 08 18 | 11
#1151-d228 @A: 05 29 06 18 | 12
#1152-d228 @A: 17 18 27 24 | 02
#1153-d228 @A: 11 05 27 18 | 03
#1154-d228 @A: 05 22 14 18 | 01
#1155-d228 @A: 10 22 33 18 | 07
#1156-d228 @A: 01 34 30 22 | 06
#1157-d228 @A: 01 12 33 30 | 05
#1158-d228 @A: 09 22 12 01 | 08
#1159-d228 @A: 01 10 31 26 | 09
#1160-d228 @A: 22 31 01 17 | 10
#1161-d228 @A: 01 29 03 14 | 04
#1162-d228 @A: 12 01 32 02 | 11
#1163-d228 @A: 01 07 16 32 | 12
#1164-d228 @A: 01 06 07 11 | 02
#1165-d228 @A: 01 15 07 10 | 03
#1166-d228 @A: 15 08 23 01 | 01
#1167-d228 @A: 30 04 34 02 | 07
#1168-d228 @A: 34 31 29 28 | 06
#1169-d228 @A: 34 03 15 02 | 05
#1170-d228 @A: 12 16 34 29 | 08
#1171-d228 @A: 05 34 17 32 | 09
#1172-d228 @A: 27 02 32 34 | 10
#1173-d228 @A: 09 03 30 22 | 04
#1174-d228 @A: 07 09 26 30 | 11
#1175-d228 @A: 09 17 30 04 | 12
#1176-d228 @A: 25 31 30 24 | 02
#1177-d228 @A: 33 31 08 30 | 03
#1178-d228 @A: 25 14 03 30 | 01
#1179-d228 @A: 13 22 30 25 | 07
#1180-d228 @A: 30 23 22 15 | 06
#1181-d228 @A: 15 05 09 31 | 05
#1182-d228 @A: 03 09 10 15 | 08
#1183-d228 @A: 12 09 28 06 | 09
#1184-d228 @A: 07 09 25 27 | 10
#1185-d228 @A: 14 09 08 26 | 04
#1186-d228 @A: 08 09 22 06 | 11
#1187-d228 @A: 17 33 10 09 | 12
#1188-d228 @A: 11 02 22 09 | 02
#1189-d228 @A: 10 09 05 23 | 03
#1190-d228 @A: 09 10 22 29 | 01
#1191-d228 @A: 09 27 23 14 | 07
#1192-d228 @A: 09 32 19 29 | 06
#1193-d228 @A: 07 22 03 31 | 05
#1194-d228 @A: 03 04 26 31 | 08
#1195-d228 @A: 03 08 31 32 | 09
#1196-d228 @A: 03 21 31 11 | 10
#1197-d228 @A: 25 31 23 07 | 04
#1198-d228 @A: 31 17 08 07 | 11
#1199-d228 @A: 26 06 21 31 | 12
#1200-d228 @A: 31 16 15 32 | 02
#1201-d228 @A: 31 16 21 14 | 03
#1202-d228 @A: 11 08 31 19 | 01
#1203-d228 @A: 24 02 31 27 | 07
#1204-d228 @A: 31 28 02 10 | 06
#1205-d228 @A: 16 13 03 04 | 05
#1206-d228 @A: 11 06 25 03 | 08
#1207-d228 @A: 03 22 27 17 | 09
#1208-d228 @A: 32 07 17 12 | 10
#1209-d228 @A: 23 12 26 13 | 04
#1210-d228 @A: 13 12 06 04 | 11
#1211-d228 @A: 12 21 32 24 | 12
#1212-d228 @A: 33 10 24 12 | 02
#1213-d228 @A: 22 21 12 28 | 03
#1214-d228 @A: 21 12 14 27 | 01
#1215-d228 @A: 08 07 11 04 | 07
#1216-d228 @A: 21 17 07 24 | 06
#1217-d228 @A: 04 23 33 07 | 05
#1218-d228 @A: 15 02 26 27 | 08
#1219-d228 @A: 24 04 26 02 | 09
#1220-d228 @A: 26 27 21 10 | 10
#1221-d228 @A: 13 06 23 08 | 04
#1222-d228 @A: 24 28 13 17 | 11
#1223-d228 @A: 23 17 13 04 | 12
#1224-d228 @A: 13 11 27 04 | 02
#1225-d228 @A: 05 33 29 13 | 03
#1226-d228 @A: 33 24 32 13 | 01
#1227-d228 @A: 10 33 13 04 | 07
#1228-d228 @A: 16 08 25 17 | 06
#1229-d228 @A: 16 02 25 11 | 05
#1230-d228 @A: 16 33 04 24 | 08
#1231-d228 @A: 33 04 25 06 | 09
#1232-d228 @A: 24 25 17 11 | 10
#1233-d228 @A: 25 05 22 02 | 04
#1234-d228 @A: 02 14 29 25 | 11
#1235-d228 @A: 25 27 10 23 | 12
#1236-d228 @A: 08 32 24 17 | 02
#1237-d228 @A: 28 33 29 08 | 03
#1238-d228 @A: 06 15 22 28 | 01
#1239-d228 @A: 06 29 10 17 | 07
#1240-d228 @A: 10 22 02 06 | 06
#1241-d228 @A: 06 19 27 02 | 05
#1242-d228 @A: 22 15 05 17 | 08
#1243-d228 @A: 10 11 15 23 | 09
#1244-d228 @A: 04 05 19 17 | 10
#1245-d228 @A: 19 33 17 21 | 04
#1246-d228 @A: 19 29 05 33 | 11
#1247-d228 @A: 35 34 29 20 | 12
#1248-d228 @A: 25 20 27 35 | 02
#1249-d228 @A: 35 06 20 33 | 03
#1250-d228 @A: 16 01 17 20 | 01
#1251-d228 @A: 20 12 32 34 | 07
#1252-d228 @A: 20 10 31 30 | 06
#1253-d228 @A: 20 17 30 26 | 05
#1254-d228 @A: 28 31 26 20 | 08
#1255-d228 @A: 20 03 08 26 | 09
#1256-d228 @A: 03 20 10 32 | 10
#1257-d228 @A: 12 20 33 16 | 04
#1258-d228 @A: 20 08 10 12 | 11
#1259-d228 @A: 13 20 14 16 | 12
#1260-d228 @A: 06 20 13 22 | 02
#1261-d228 @A: 25 20 16 28 | 03
#1262-d228 @A: 10 23 20 21 | 01
#1263-d228 @A: 20 02 19 28 | 07
#1264-d228 @A: 18 31 35 24 | 06
#1265-d228 @A: 18 15 33 35 | 05
#1266-d228 @A: 09 35 34 22 | 08
#1267-d228 @A: 32 03 34 35 | 09
#1268-d228 @A: 05 34 16 35 | 10
#1269-d228 @A: 09 35 29 16 | 04
#1270-d228 @A: 19 31 35 26 | 11
#1271-d228 @A: 07 35 06 14 | 12
#1272-d228 @A: 26 25 02 35 | 02
#1273-d228 @A: 28 26 08 35 | 03
#1274-d228 @A: 11 15 14 35 | 01
#1275-d228 @A: 35 32 15 19 | 07
#1276-d228 @A: 35 02 14 22 | 06
#1277-d228 @A: 14 35 28 33 | 05
#1278-d228 @A: 27 33 29 35 | 08
#1279-d228 @A: 19 18 01 12 | 09
#1280-d228 @A: 30 32 18 34 | 10
#1281-d228 @A: 06 30 18 33 | 04
#1282-d228 @A: 02 21 18 30 | 11
#1283-d228 @A: 03 23 18 25 | 12
#1284-d228 @A: 25 11 26 18 | 02
#1285-d228 @A: 18 26 17 32 | 03
#1286-d228 @A: 18 28 26 21 | 01
#1287-d228 @A: 15 19 18 16 | 07
#1288-d228 @A: 19 02 18 23 | 06
#1289-d228 @A: 04 34 01 11 | 05
#1290-d228 @A: 09 01 07 28 | 08
#1291-d228 @A: 24 31 13 01 | 09
#1292-d228 @A: 12 01 03 17 | 10
#1293-d228 @A: 05 12 01 15 | 04
#1294-d228 @A: 16 02 26 01 | 11
#1295-d228 @A: 26 29 15 01 | 12
#1296-d228 @A: 11 01 22 13 | 02
#1297-d228 @A: 01 22 08 16 | 03
#1298-d228 @A: 24 01 33 06 | 01
#1299-d228 @A: 11 01 24 19 | 07
#1300-d228 @A: 01 05 02 14 | 06
#1301-d228 @A: 27 19 14 01 | 05
#1302-d228 @A: 33 01 04 29 | 08
#1303-d228 @A: 07 30 24 34 | 09
#1304-d228 @A: 34 30 33 16 | 10
#1305-d228 @A: 29 15 34 30 | 04
#1306-d228 @A: 21 09 26 34 | 11
#1307-d228 @A: 09 10 08 34 | 12
#1308-d228 @A: 34 31 24 03 | 02
#1309-d228 @A: 12 06 15 34 | 03
#1310-d228 @A: 34 16 07 10 | 01
#1311-d228 @A: 34 06 26 28 | 07
#1312-d228 @A: 02 34 25 06 | 06
#1313-d228 @A: 21 32 34 15 | 05
#1314-d228 @A: 21 34 17 28 | 08
#1315-d228 @A: 34 11 24 14 | 09
#1316-d228 @A: 27 11 21 34 | 10
#1317-d228 @A: 24 34 33 05 | 04
#1318-d228 @A: 10 16 09 30 | 11
#1319-d228 @A: 30 09 33 15 | 12
#1320-d228 @A: 32 30 15 12 | 02
#1321-d228 @A: 07 30 16 05 | 03
#1322-d228 @A: 30 06 26 10 | 01
#1323-d228 @A: 29 30 24 26 | 07
#1324-d228 @A: 13 30 19 32 | 06
#1325-d228 @A: 16 30 25 23 | 05
#1326-d228 @A: 11 04 24 30 | 08
#1327-d228 @A: 30 14 02 11 | 09
#1328-d228 @A: 31 09 25 29 | 10
#1329-d228 @A: 14 12 09 13 | 04
#1330-d228 @A: 19 07 09 21 | 11
#1331-d228 @A: 14 07 09 02 | 12
#1332-d228 @A: 09 13 33 06 | 02
#1333-d228 @A: 28 15 16 09 | 03
#1334-d228 @A: 15 22 14 09 | 01
#1335-d228 @A: 09 24 14 33 | 07
#1336-d228 @A: 33 04 22 09 | 06
#1337-d228 @A: 10 09 32 02 | 05
#1338-d228 @A: 31 12 03 23 | 08
#1339-d228 @A: 06 28 03 31 | 09
#1340-d228 @A: 31 19 27 12 | 10
#1341-d228 @A: 08 02 13 31 | 04
#1342-d228 @A: 31 24 08 06 | 11
#1343-d228 @A: 33 22 14 31 | 12
#1344-d228 @A: 31 14 02 04 | 02
#1345-d228 @A: 27 04 31 23 | 03
#1346-d228 @A: 27 07 26 03 | 01
#1347-d228 @A: 25 28 03 07 | 07
#1348-d228 @A: 11 28 17 03 | 06
#1349-d228 @A: 05 10 14 03 | 05
#1350-d228 @A: 02 22 21 03 | 08
#1351-d228 @A: 28 03 19 23 | 09
#1352-d228 @A: 07 12 08 22 | 10
#1353-d228 @A: 12 11 08 26 | 04
#1354-d228 @A: 15 33 12 08 | 11
#1355-d228 @A: 12 27 11 10 | 12
#1356-d228 @A: 29 32 12 10 | 02
#1357-d228 @A: 06 17 07 13 | 03
#1358-d228 @A: 32 07 33 11 | 01
#1359-d228 @A: 07 33 28 21 | 07
#1360-d228 @A: 21 25 13 26 | 06
#1361-d228 @A: 16 26 25 04 | 05
#1362-d228 @A: 29 08 21 26 | 08
#1363-d228 @A: 19 21 26 11 | 09
#1364-d228 @A: 14 26 05 33 | 10
#1365-d228 @A: 19 26 23 22 | 04
#1366-d228 @A: 19 13 16 02 | 11
#1367-d228 @A: 15 04 13 25 | 12
#1368-d228 @A: 11 29 13 10 | 02
#1369-d228 @A: 10 24 13 21 | 03
#1370-d228 @A: 16 25 19 14 | 01
#1371-d228 @A: 27 16 11 33 | 07
#1372-d228 @A: 21 10 16 33 | 06
#1373-d228 @A: 32 16 23 22 | 05
#1374-d228 @A: 05 06 08 25 | 08
#1375-d228 @A: 32 24 25 02 | 09
#1376-d228 @A: 10 04 32 25 | 10
#1377-d228 @A: 29 28 25 23 | 04
#1378-d228 @A: 08 10 28 05 | 11
#1379-d228 @A: 19 08 14 29 | 12
#1380-d228 @A: 23 28 27 08 | 02
#1381-d228 @A: 05 17 21 06 | 03
#1382-d228 @A: 27 06 17 33 | 01
#1383-d228 @A: 29 23 11 06 | 07
#1384-d228 @A: 32 24 06 27 | 06
#1385-d228 @A: 15 33 21 11 | 05
#1386-d228 @A: 23 15 32 05 | 08
#1387-d228 @A: 24 27 15 22 | 09
#1388-d228 @A: 17 33 19 10 | 10
#1389-d228 @A: 02 05 24 19 | 04
#1390-d228 @A: 10 18 20 16 | 11
#1391-d228 @A: 20 02 01 34 | 12
#1392-d228 @A: 20 27 07 01 | 02
#1393-d228 @A: 22 30 20 07 | 03
#1394-d228 @A: 20 25 33 30 | 01
#1395-d228 @A: 20 05 30 27 | 07
#1396-d228 @A: 20 07 17 09 | 06
#1397-d228 @A: 09 13 20 28 | 05
#1398-d228 @A: 31 08 23 20 | 08
#1399-d228 @A: 32 05 20 07 | 09
#1400-d228 @A: 06 20 25 21 | 10
#1401-d228 @A: 24 20 21 02 | 04
#1402-d228 @A: 29 24 20 23 | 11
#1403-d228 @A: 01 18 35 17 | 12
#1404-d228 @A: 35 29 07 18 | 02
#1405-d228 @A: 25 35 01 29 | 03
#1406-d228 @A: 32 35 06 01 | 01
#1407-d228 @A: 30 10 33 35 | 07
#1408-d228 @A: 09 35 26 03 | 06
#1409-d228 @A: 25 33 09 35 | 05
#1410-d228 @A: 35 03 04 25 | 08
#1411-d228 @A: 08 35 03 23 | 09
#1412-d228 @A: 03 35 28 29 | 10
#1413-d228 @A: 10 07 35 12 | 04
#1414-d228 @A: 27 26 35 11 | 11
#1415-d228 @A: 08 33 05 35 | 12
#1416-d228 @A: 14 35 05 32 | 02
#1417-d228 @A: 33 35 21 22 | 03
#1418-d228 @A: 32 23 10 35 | 01
#1419-d228 @A: 01 18 12 25 | 07
#1420-d228 @A: 18 34 22 03 | 06
#1421-d228 @A: 18 13 30 26 | 05
#1422-d228 @A: 09 18 08 17 | 08
#1423-d228 @A: 03 18 12 14 | 09
#1424-d228 @A: 15 18 02 12 | 10
#1425-d228 @A: 18 06 11 13 | 04
#1426-d228 @A: 28 13 18 23 | 11
#1427-d228 @A: 25 15 29 18 | 12
#1428-d228 @A: 21 18 22 17 | 02
#1429-d228 @A: 14 18 11 32 | 03
#1430-d228 @A: 32 21 05 18 | 01
#1431-d228 @A: 23 18 10 14 | 07
#1432-d228 @A: 08 19 09 01 | 06
#1433-d228 @A: 31 28 11 01 | 05
#1434-d228 @A: 14 31 23 01 | 08
#1435-d228 @A: 21 03 25 01 | 09
#1436-d228 @A: 01 03 05 08 | 10
#1437-d228 @A: 26 07 01 04 | 04
#1438-d228 @A: 26 14 06 01 | 11
#1439-d228 @A: 16 06 05 01 | 12
#1440-d228 @A: 10 29 05 01 | 02
#1441-d228 @A: 27 21 23 01 | 03
#1442-d228 @A: 01 33 23 22 | 01
#1443-d228 @A: 07 34 32 09 | 07
#1444-d228 @A: 16 04 34 31 | 06
#1445-d228 @A: 06 31 32 34 | 05
#1446-d228 @A: 03 34 12 04 | 08
#1447-d228 @A: 17 03 34 26 | 09
#1448-d228 @A: 29 03 25 34 | 10
#1449-d228 @A: 25 33 12 34 | 04
#1450-d228 @A: 24 34 08 12 | 11
#1451-d228 @A: 06 27 34 13 | 12
#1452-d228 @A: 25 34 11 23 | 02
#1453-d228 @A: 23 34 10 17 | 03
#1454-d228 @A: 22 11 33 34 | 01
#1455-d228 @A: 19 11 34 04 | 07
#1456-d228 @A: 32 24 34 10 | 06
#1457-d228 @A: 33 19 34 22 | 05
#1458-d228 @A: 30 09 12 29 | 08
#1459-d228 @A: 30 10 03 12 | 09
#1460-d228 @A: 27 03 30 16 | 10
#1461-d228 @A: 03 33 30 11 | 04
#1462-d228 @A: 17 24 12 30 | 11
#1463-d228 @A: 07 06 28 30 | 12
#1464-d228 @A: 26 30 28 16 | 02
#1465-d228 @A: 25 04 30 08 | 03
#1466-d228 @A: 30 10 24 08 | 01
#1467-d228 @A: 22 08 30 28 | 07
#1468-d228 @A: 14 06 30 22 | 06
#1469-d228 @A: 10 30 17 32 | 05
#1470-d228 @A: 05 30 28 24 | 08
#1471-d228 @A: 21 10 28 30 | 09
#1472-d228 @A: 14 33 04 30 | 10
#1473-d228 @A: 29 14 30 10 | 04
#1474-d228 @A: 32 29 23 30 | 11
#1475-d228 @A: 30 27 10 19 | 12
#1476-d228 @A: 21 09 17 31 | 02
#1477-d228 @A: 09 28 31 24 | 03
#1478-d228 @A: 02 19 31 09 | 01
#1479-d228 @A: 05 06 03 09 | 07
#1480-d228 @A: 16 09 06 04 | 06
#1481-d228 @A: 27 09 24 16 | 05
#1482-d228 @A: 23 09 25 15 | 08
#1483-d228 @A: 11 14 09 06 | 09
#1484-d228 @A: 09 11 27 17 | 10
#1485-d228 @A: 29 09 28 11 | 04
#1486-d228 @A: 05 23 09 19 | 11
#1487-d228 @A: 24 09 19 22 | 12
#1488-d228 @A: 22 31 05 23 | 02
#1489-d228 @A: 33 31 27 21 | 03
#1490-d228 @A: 31 28 32 14 | 01
#1491-d228 @A: 03 12 25 05 | 07
#1492-d228 @A: 32 24 03 07 | 06
#1493-d228 @A: 06 03 29 26 | 05
#1494-d228 @A: 03 02 33 04 | 08
#1495-d228 @A: 26 25 24 12 | 09
#1496-d228 @A: 12 13 32 25 | 10
#1497-d228 @A: 15 12 22 16 | 04
#1498-d228 @A: 27 17 16 12 | 11
#1499-d228 @A: 16 23 12 02 | 12
#1500-d228 @A: 02 11 21 12 | 02
#1501-d228 @A: 12 11 32 23 | 03
#1502-d228 @A: 28 33 12 05 | 01
#1503-d228 @A: 23 10 22 12 | 07
#1504-d228 @A: 12 02 28 04 | 06
#1505-d228 @A: 07 26 33 25 | 05
#1506-d228 @A: 33 16 13 07 | 08
#1507-d228 @A: 24 07 15 13 | 09
#1508-d228 @A: 25 24 07 16 | 10
#1509-d228 @A: 08 32 23 07 | 04
#1510-d228 @A: 04 17 07 05 | 11
#1511-d228 @A: 22 07 28 17 | 12
#1512-d228 @A: 11 07 22 14 | 02
#1513-d228 @A: 19 21 07 22 | 03
#1514-d228 @A: 13 10 26 14 | 01
#1515-d228 @A: 17 19 28 26 | 07
#1516-d228 @A: 32 24 26 22 | 06
#1517-d228 @A: 28 29 10 26 | 05
#1518-d228 @A: 13 16 15 23 | 08
#1519-d228 @A: 24 13 27 29 | 09
#1520-d228 @A: 27 13 32 23 | 10
#1521-d228 @A: 02 21 05 16 | 04
#1522-d228 @A: 04 05 16 14 | 11
#1523-d228 @A: 14 16 33 02 | 12
#1524-d228 @A: 16 19 33 23 | 02
#1525-d228 @A: 16 29 27 02 | 03
#1526-d228 @A: 21 23 25 14 | 01
#1527-d228 @A: 17 08 14 21 | 07
#1528-d228 @A: 14 05 08 19 | 06
#1529-d228 @A: 08 29 32 02 | 05
#1530-d228 @A: 14 02 15 06 | 08
#1531-d228 @A: 17 32 06 22 | 09
#1532-d228 @A: 06 14 05 27 | 10
#1533-d228 @A: 14 19 06 23 | 04
#1534-d228 @A: 29 24 11 15 | 11
#1535-d228 @A: 02 23 15 21 | 12
#1536-d228 @A: 14 15 29 28 | 02
#1537-d228 @A: 11 27 19 33 | 03
#1538-d228 @A: 35 11 20 09 | 01
#1539-d228 @A: 20 31 09 18 | 07
#1540-d228 @A: 01 12 28 20 | 06
#1541-d228 @A: 20 23 01 19 | 05
#1542-d228 @A: 06 20 05 34 | 08
#1543-d228 @A: 34 04 20 22 | 09
#1544-d228 @A: 09 02 20 12 | 10
#1545-d228 @A: 17 31 12 20 | 04
#1546-d228 @A: 05 16 20 03 | 11
#1547-d228 @A: 25 24 03 20 | 12
#1548-d228 @A: 12 25 20 07 | 02
#1549-d228 @A: 29 12 20 06 | 03
#1550-d228 @A: 23 26 15 20 | 01
#1551-d228 @A: 20 26 14 21 | 07
#1552-d228 @A: 20 17 06 28 | 06
#1553-d228 @A: 32 21 17 20 | 05
#1554-d228 @A: 20 23 02 14 | 08
#1555-d228 @A: 35 18 12 04 | 09
#1556-d228 @A: 34 07 21 35 | 10
#1557-d228 @A: 12 30 25 35 | 04
#1558-d228 @A: 15 30 05 35 | 11
#1559-d228 @A: 09 35 08 07 | 12
#1560-d228 @A: 05 13 09 35 | 02
#1561-d228 @A: 04 35 09 15 | 03
#1562-d228 @A: 35 31 32 12 | 01
#1563-d228 @A: 35 31 16 10 | 07
#1564-d228 @A: 10 35 02 03 | 06
#1565-d228 @A: 07 13 04 35 | 05
#1566-d228 @A: 35 23 24 07 | 08
#1567-d228 @A: 19 35 33 25 | 09
#1568-d228 @A: 05 04 28 35 | 10
#1569-d228 @A: 18 26 34 27 | 04
#1570-d228 @A: 17 18 34 33 | 11
#1571-d228 @A: 30 18 31 19 | 12
#1572-d228 @A: 12 10 31 18 | 02
#1573-d228 @A: 21 18 03 06 | 03
#1574-d228 @A: 13 18 21 19 | 01
#1575-d228 @A: 28 16 06 18 | 07
#1576-d228 @A: 21 18 24 33 | 06
#1577-d228 @A: 29 21 18 14 | 05
#1578-d228 @A: 27 23 29 18 | 08
#1579-d228 @A: 10 18 27 02 | 09
#1580-d228 @A: 01 34 28 08 | 10
#1581-d228 @A: 01 31 30 32 | 04
#1582-d228 @A: 23 01 30 07 | 11
#1583-d228 @A: 09 11 01 08 | 12
#1584-d228 @A: 01 15 03 04 | 02
#1585-d228 @A: 06 21 01 12 | 03
#1586-d228 @A: 01 25 02 07 | 01
#1587-d228 @A: 26 05 13 01 | 07
#1588-d228 @A: 13 01 15 17 | 06
#1589-d228 @A: 19 16 10 01 | 05
#1590-d228 @A: 17 33 11 01 | 08
#1591-d228 @A: 32 01 28 17 | 09
#1592-d228 @A: 01 04 10 24 | 10
#1593-d228 @A: 24 34 13 09 | 04
#1594-d228 @A: 17 15 34 09 | 11
#1595-d228 @A: 33 09 34 27 | 12
#1596-d228 @A: 07 34 03 14 | 02
#1597-d228 @A: 03 08 27 34 | 03
#1598-d228 @A: 23 34 28 12 | 01
#1599-d228 @A: 05 07 34 15 | 07
#1600-d228 @A: 05 34 22 26 | 06
#1601-d228 @A: 15 16 11 34 | 05
#1602-d228 @A: 14 16 34 23 | 08
#1603-d228 @A: 17 14 25 34 | 09
#1604-d228 @A: 22 25 34 27 | 10
#1605-d228 @A: 04 19 06 34 | 04
#1606-d228 @A: 02 24 17 34 | 11
#1607-d228 @A: 34 32 28 11 | 12
#1608-d228 @A: 23 21 22 34 | 02
#1609-d228 @A: 33 21 04 34 | 03
#1610-d228 @A: 34 19 32 10 | 01
#1611-d228 @A: 03 07 30 08 | 07
#1612-d228 @A: 15 26 30 04 | 06
#1613-d228 @A: 30 25 17 21 | 05
#1614-d228 @A: 22 19 30 15 | 08
#1615-d228 @A: 23 17 27 30 | 09
#1616-d228 @A: 27 14 24 30 | 10
#1617-d228 @A: 23 30 24 33 | 04
#1618-d228 @A: 04 30 22 32 | 11
#1619-d228 @A: 30 32 33 28 | 12
#1620-d228 @A: 09 03 17 25 | 02
#1621-d228 @A: 03 04 24 09 | 03
#1622-d228 @A: 16 12 32 09 | 01
#1623-d228 @A: 07 09 13 21 | 07
#1624-d228 @A: 22 25 09 26 | 06
#1625-d228 @A: 23 29 08 09 | 05
#1626-d228 @A: 06 10 09 19 | 08
#1627-d228 @A: 14 28 17 09 | 09
#1628-d228 @A: 32 09 29 17 | 10
#1629-d228 @A: 03 17 16 31 | 04
#1630-d228 @A: 02 31 03 25 | 11
#1631-d228 @A: 13 31 12 16 | 12
#1632-d228 @A: 31 14 12 24 | 02
#1633-d228 @A: 24 31 07 26 | 03
#1634-d228 @A: 31 06 13 19 | 01
#1635-d228 @A: 13 31 32 04 | 07
#1636-d228 @A: 21 22 31 25 | 06
#1637-d228 @A: 05 11 33 31 | 05
#1638-d228 @A: 22 31 24 11 | 08
#1639-d228 @A: 32 24 05 31 | 09
#1640-d228 @A: 29 21 32 31 | 10
#1641-d228 @A: 33 02 23 31 | 04
#1642-d228 @A: 12 28 32 03 | 11
#1643-d228 @A: 16 11 03 26 | 12
#1644-d228 @A: 03 27 23 15 | 02
#1645-d228 @A: 33 29 03 23 | 03
#1646-d228 @A: 07 12 02 13 | 01
#1647-d228 @A: 32 12 08 14 | 07
#1648-d228 @A: 04 08 19 12 | 06
#1649-d228 @A: 23 17 21 12 | 05
#1650-d228 @A: 12 19 14 17 | 08
#1651-d228 @A: 32 05 22 12 | 09
#1652-d228 @A: 29 28 12 27 | 10
#1653-d228 @A: 16 26 29 07 | 04
#1654-d228 @A: 21 07 16 06 | 11
#1655-d228 @A: 07 19 16 04 | 12
#1656-d228 @A: 29 07 08 15 | 02
#1657-d228 @A: 11 23 07 27 | 03
#1658-d228 @A: 21 02 07 10 | 01
#1659-d228 @A: 27 22 07 33 | 07
#1660-d228 @A: 07 23 19 32 | 06
#1661-d228 @A: 29 28 07 32 | 05
#1662-d228 @A: 25 08 23 26 | 08
#1663-d228 @A: 26 02 10 05 | 09
#1664-d228 @A: 22 10 26 04 | 10
#1665-d228 @A: 02 14 26 28 | 04
#1666-d228 @A: 29 06 25 13 | 11
#1667-d228 @A: 28 13 11 21 | 12
#1668-d228 @A: 22 14 21 13 | 02
#1669-d228 @A: 15 06 16 25 | 03
#1670-d228 @A: 11 06 08 16 | 01
#1671-d228 @A: 16 24 11 32 | 07
#1672-d228 @A: 10 33 05 25 | 06
#1673-d228 @A: 25 19 05 27 | 05
#1674-d228 @A: 29 04 25 24 | 08
#1675-d228 @A: 08 33 17 04 | 09
#1676-d228 @A: 33 27 08 24 | 10
#1677-d228 @A: 14 08 22 23 | 04
#1678-d228 @A: 32 22 08 33 | 11
#1679-d228 @A: 02 27 08 14 | 12
#1680-d228 @A: 04 06 11 05 | 02
#1681-d228 @A: 06 21 11 22 | 03
#1682-d228 @A: 14 06 28 21 | 01
#1683-d228 @A: 33 23 21 06 | 07
#1684-d228 @A: 06 02 29 21 | 06
#1685-d228 @A: 02 32 33 06 | 05
#1686-d228 @A: 11 22 15 04 | 08
#1687-d228 @A: 15 11 02 32 | 09
#1688-d228 @A: 27 19 15 04 | 10
#1689-d228 @A: 27 19 32 21 | 04
