#0001-d258 @A: 19 17 24 04 | 10
#0002-d258 @A: 19 32 17 16 | 05
#0003-d258 @A: 17 08 18 35 | 01
#0004-d258 @A: 05 32 07 17 | 06
#0005-d258 @A: 17 26 12 05 | 08
#0006-d258 @A: 32 10 06 17 | 12
#0007-d258 @A: 29 06 05 17 | 07
#0008-d258 @A: 28 20 17 09 | 09
#0009-d258 @A: 01 17 12 28 | 03
#0010-d258 @A: 30 04 29 17 | 02
#0011-d258 @A: 23 11 10 17 | 11
#0012-d258 @A: 17 27 32 21 | 04
#0013-d258 @A: 15 23 27 17 | 10
#0014-d258 @A: 21 22 31 17 | 05
#0015-d258 @A: 35 31 30 17 | 01
#0016-d258 @A: 30 32 25 17 | 06
#0017-d258 @A: 35 17 03 11 | 08
#0018-d258 @A: 23 25 13 17 | 12
#0019-d258 @A: 25 05 17 18 | 07
#0020-d258 @A: 26 32 19 34 | 09
#0021-d258 @A: 30 20 08 19 | 03
#0022-d258 @A: 02 19 08 25 | 02
#0023-d258 @A: 19 13 12 33 | 11
#0024-d258 @A: 09 28 19 33 | 04
#0025-d258 @A: 22 19 14 07 | 10
#0026-d258 @A: 20 19 28 01 | 05
#0027-d258 @A: 19 03 20 29 | 01
#0028-d258 @A: 18 19 20 13 | 06
#0029-d258 @A: 24 19 12 09 | 08
#0030-d258 @A: 19 16 28 22 | 12
#0031-d258 @A: 19 30 28 18 | 07
#0032-d258 @A: 28 15 05 19 | 09
#0033-d258 @A: 18 19 10 01 | 03
#0034-d258 @A: 14 19 21 29 | 02
#0035-d258 @A: 11 35 19 22 | 11
#0036-d258 @A: 31 09 11 19 | 04
#0037-d258 @A: 31 35 13 19 | 10
#0038-d258 @A: 19 32 35 23 | 05
#0039-d258 @A: 08 34 10 12 | 01
#0040-d258 @A: 05 33 26 34 | 06
#0041-d258 @A: 01 33 34 27 | 08
#0042-d258 @A: 20 07 15 34 | 12
#0043-d258 @A: 34 11 07 12 | 07
#0044-d258 @A: 34 07 14 13 | 09
#0045-d258 @A: 34 21 26 02 | 03
#0046-d258 @A: 34 06 28 10 | 02
#0047-d258 @A: 23 20 14 34 | 11
#0048-d258 @A: 34 11 24 02 | 04
#0049-d258 @A: 34 24 32 27 | 10
#0050-d258 @A: 16 34 27 05 | 05
#0051-d258 @A: 15 18 25 34 | 01
#0052-d258 @A: 03 08 31 33 | 06
#0053-d258 @A: 26 30 07 08 | 08
#0054-d258 @A: 08 06 32 07 | 12
#0055-d258 @A: 07 31 08 27 | 07
#0056-d258 @A: 08 20 31 13 | 09
#0057-d258 @A: 08 04 13 12 | 03
#0058-d258 @A: 14 04 08 30 | 02
#0059-d258 @A: 08 28 29 09 | 11
#0060-d258 @A: 08 28 25 15 | 04
#0061-d258 @A: 08 31 29 14 | 10
#0062-d258 @A: 08 03 22 30 | 05
#0063-d258 @A: 13 21 22 08 | 01
#0064-d258 @A: 08 05 31 22 | 06
#0065-d258 @A: 27 14 07 33 | 08
#0066-d258 @A: 21 33 26 24 | 12
#0067-d258 @A: 33 06 30 18 | 07
#0068-d258 @A: 35 25 12 33 | 09
#0069-d258 @A: 11 04 29 33 | 03
#0070-d258 @A: 01 24 33 02 | 02
#0071-d258 @A: 09 15 23 33 | 11
#0072-d258 @A: 32 20 29 07 | 04
#0073-d258 @A: 24 07 13 12 | 10
#0074-d258 @A: 07 31 04 10 | 05
#0075-d258 @A: 07 22 02 16 | 01
#0076-d258 @A: 21 14 07 09 | 06
#0077-d258 @A: 20 05 26 16 | 08
#0078-d258 @A: 27 20 10 26 | 12
#0079-d258 @A: 24 26 12 23 | 07
#0080-d258 @A: 26 24 31 16 | 09
#0081-d258 @A: 13 26 24 14 | 03
#0082-d258 @A: 24 26 22 02 | 02
#0083-d258 @A: 25 13 27 26 | 11
#0084-d258 @A: 11 26 03 09 | 04
#0085-d258 @A: 20 06 11 04 | 10
#0086-d258 @A: 06 20 10 05 | 05
#0087-d258 @A: 06 13 30 12 | 01
#0088-d258 @A: 31 06 04 29 | 06
#0089-d258 @A: 01 16 06 24 | 08
#0090-d258 @A: 28 06 09 24 | 12
#0091-d258 @A: 22 16 06 35 | 07
#0092-d258 @A: 06 16 15 32 | 09
#0093-d258 @A: 14 06 25 28 | 03
#0094-d258 @A: 06 13 23 22 | 02
#0095-d258 @A: 21 06 25 35 | 11
#0096-d258 @A: 12 10 20 09 | 04
#0097-d258 @A: 11 18 20 16 | 10
#0098-d258 @A: 29 20 22 10 | 05
#0099-d258 @A: 20 13 27 05 | 01
#0100-d258 @A: 30 20 21 18 | 06
#0101-d258 @A: 20 15 03 25 | 08
#0102-d258 @A: 35 12 02 04 | 12
#0103-d258 @A: 24 12 10 30 | 07
#0104-d258 @A: 11 01 12 16 | 09
#0105-d258 @A: 22 27 09 12 | 03
#0106-d258 @A: 01 13 27 12 | 02
#0107-d258 @A: 05 03 09 12 | 11
#0108-d258 @A: 21 18 35 12 | 04
#0109-d258 @A: 35 01 03 12 | 10
#0110-d258 @A: 10 04 14 18 | 05
#0111-d258 @A: 10 04 29 32 | 01
#0112-d258 @A: 14 32 04 35 | 06
#0113-d258 @A: 02 05 25 04 | 08
#0114-d258 @A: 04 11 27 25 | 12
#0115-d258 @A: 09 03 04 23 | 07
#0116-d258 @A: 21 31 04 35 | 09
#0117-d258 @A: 24 10 02 09 | 03
#0118-d258 @A: 24 14 02 30 | 02
#0119-d258 @A: 24 03 05 02 | 11
#0120-d258 @A: 27 15 24 21 | 04
#0121-d258 @A: 15 24 23 11 | 10
#0122-d258 @A: 05 01 16 22 | 05
#0123-d258 @A: 35 16 18 09 | 01
#0124-d258 @A: 15 11 16 05 | 06
#0125-d258 @A: 13 25 16 15 | 08
#0126-d258 @A: 27 28 10 14 | 12
#0127-d258 @A: 28 10 13 03 | 07
#0128-d258 @A: 14 03 28 15 | 09
#0129-d258 @A: 09 18 28 21 | 03
#0130-d258 @A: 23 01 21 28 | 02
#0131-d258 @A: 13 28 11 23 | 11
#0132-d258 @A: 15 31 23 28 | 04
#0133-d258 @A: 31 32 10 09 | 10
#0134-d258 @A: 10 11 05 18 | 05
#0135-d258 @A: 25 31 35 10 | 01
#0136-d258 @A: 01 18 30 14 | 06
#0137-d258 @A: 31 14 15 11 | 08
#0138-d258 @A: 32 25 14 15 | 12
#0139-d258 @A: 35 29 02 27 | 07
#0140-d258 @A: 13 05 29 02 | 09
#0141-d258 @A: 11 01 09 29 | 03
#0142-d258 @A: 29 30 31 25 | 02
#0143-d258 @A: 21 31 18 29 | 11
#0144-d258 @A: 23 25 29 03 | 04
#0145-d258 @A: 01 02 35 13 | 10
#0146-d258 @A: 30 05 09 18 | 05
#0147-d258 @A: 18 11 23 15 | 01
#0148-d258 @A: 17 19 31 33 | 06
#0149-d258 @A: 26 17 34 06 | 08
#0150-d258 @A: 04 17 34 16 | 12
#0151-d258 @A: 34 10 17 27 | 07
#0152-d258 @A: 29 17 13 34 | 09
#0153-d258 @A: 17 27 24 07 | 03
#0154-d258 @A: 17 29 07 35 | 02
#0155-d258 @A: 17 15 26 09 | 11
#0156-d258 @A: 17 20 29 02 | 04
#0157-d258 @A: 31 17 29 12 | 10
#0158-d258 @A: 02 12 17 13 | 05
#0159-d258 @A: 17 18 30 12 | 01
#0160-d258 @A: 25 14 17 04 | 06
#0161-d258 @A: 10 16 17 35 | 08
#0162-d258 @A: 17 16 29 11 | 12
#0163-d258 @A: 17 28 03 29 | 07
#0164-d258 @A: 22 11 17 32 | 09
#0165-d258 @A: 19 12 22 08 | 03
#0166-d258 @A: 33 03 19 07 | 02
#0167-d258 @A: 19 12 27 26 | 11
#0168-d258 @A: 19 10 26 01 | 04
#0169-d258 @A: 19 12 06 32 | 10
#0170-d258 @A: 19 06 35 24 | 05
#0171-d258 @A: 05 01 12 19 | 01
#0172-d258 @A: 29 19 35 28 | 06
#0173-d258 @A: 02 30 19 28 | 08
#0174-d258 @A: 19 11 14 10 | 12
#0175-d258 @A: 30 09 22 19 | 07
#0176-d258 @A: 19 25 05 22 | 09
#0177-d258 @A: 19 30 03 23 | 03
#0178-d258 @A: 24 08 35 34 | 02
#0179-d258 @A: 34 07 33 32 | 11
#0180-d258 @A: 33 11 34 20 | 04
#0181-d258 @A: 33 24 34 03 | 10
#0182-d258 @A: 06 34 07 31 | 05
#0183-d258 @A: 07 04 34 03 | 01
#0184-d258 @A: 34 26 04 11 | 06
#0185-d258 @A: 22 24 10 34 | 08
#0186-d258 @A: 16 25 34 35 | 12
#0187-d258 @A: 34 14 30 28 | 07
#0188-d258 @A: 21 34 03 10 | 09
#0189-d258 @A: 30 05 34 13 | 03
#0190-d258 @A: 23 05 34 03 | 02
#0191-d258 @A: 31 34 01 32 | 11
#0192-d258 @A: 33 08 21 16 | 04
#0193-d258 @A: 33 08 14 25 | 10
#0194-d258 @A: 29 08 35 33 | 05
#0195-d258 @A: 07 10 08 09 | 01
#0196-d258 @A: 08 11 06 27 | 06
#0197-d258 @A: 35 08 06 13 | 08
#0198-d258 @A: 08 12 32 05 | 12
#0199-d258 @A: 28 08 32 04 | 07
#0200-d258 @A: 24 30 18 08 | 09
#0201-d258 @A: 28 02 01 08 | 03
#0202-d258 @A: 28 08 18 23 | 02
#0203-d258 @A: 08 32 10 35 | 11
#0204-d258 @A: 02 09 18 08 | 04
#0205-d258 @A: 30 15 23 08 | 10
#0206-d258 @A: 13 03 08 18 | 05
#0207-d258 @A: 01 08 13 32 | 01
#0208-d258 @A: 07 20 33 21 | 06
#0209-d258 @A: 23 07 16 33 | 08
#0210-d258 @A: 02 07 31 33 | 12
#0211-d258 @A: 33 23 26 14 | 07
#0212-d258 @A: 26 01 03 33 | 09
#0213-d258 @A: 04 13 33 20 | 03
#0214-d258 @A: 31 33 28 12 | 02
#0215-d258 @A: 01 14 04 33 | 11
#0216-d258 @A: 33 02 14 15 | 04
#0217-d258 @A: 21 18 33 02 | 10
#0218-d258 @A: 22 33 30 13 | 05
#0219-d258 @A: 22 33 03 21 | 01
#0220-d258 @A: 21 31 09 33 | 06
#0221-d258 @A: 11 13 33 32 | 08
#0222-d258 @A: 03 32 05 33 | 12
#0223-d258 @A: 07 05 26 10 | 07
#0224-d258 @A: 07 26 21 29 | 09
#0225-d258 @A: 15 27 26 07 | 03
#0226-d258 @A: 07 21 02 06 | 02
#0227-d258 @A: 21 07 04 12 | 11
#0228-d258 @A: 12 16 25 07 | 04
#0229-d258 @A: 24 07 29 23 | 10
#0230-d258 @A: 07 24 30 31 | 05
#0231-d258 @A: 11 07 10 16 | 01
#0232-d258 @A: 28 02 07 05 | 06
#0233-d258 @A: 02 10 23 07 | 08
#0234-d258 @A: 35 18 27 07 | 12
#0235-d258 @A: 07 15 01 13 | 07
#0236-d258 @A: 14 15 26 06 | 09
#0237-d258 @A: 06 35 26 29 | 03
#0238-d258 @A: 20 03 12 26 | 02
#0239-d258 @A: 32 01 20 26 | 11
#0240-d258 @A: 31 30 26 04 | 04
#0241-d258 @A: 29 16 26 01 | 10
#0242-d258 @A: 16 03 26 02 | 05
#0243-d258 @A: 29 26 22 13 | 01
#0244-d258 @A: 03 27 22 26 | 06
#0245-d258 @A: 26 21 11 32 | 08
#0246-d258 @A: 26 21 15 05 | 12
#0247-d258 @A: 06 21 12 14 | 07
#0248-d258 @A: 04 02 22 06 | 09
#0249-d258 @A: 23 06 10 14 | 03
#0250-d258 @A: 10 06 13 29 | 02
#0251-d258 @A: 10 06 25 09 | 11
#0252-d258 @A: 13 06 09 14 | 04
#0253-d258 @A: 23 29 06 15 | 10
#0254-d258 @A: 06 23 30 27 | 05
#0255-d258 @A: 22 09 06 01 | 01
#0256-d258 @A: 03 06 23 11 | 06
#0257-d258 @A: 15 05 13 06 | 08
#0258-d258 @A: 15 06 32 18 | 12
#0259-d258 @A: 25 04 10 20 | 07
#0260-d258 @A: 04 15 20 29 | 09
#0261-d258 @A: 20 04 09 21 | 03
#0262-d258 @A: 20 23 24 10 | 02
#0263-d258 @A: 20 29 13 16 | 11
#0264-d258 @A: 10 28 20 11 | 04
#0265-d258 @A: 20 14 28 31 | 10
#0266-d258 @A: 20 21 28 25 | 05
#0267-d258 @A: 20 27 03 11 | 01
#0268-d258 @A: 20 23 03 01 | 06
#0269-d258 @A: 12 05 16 04 | 08
#0270-d258 @A: 24 12 14 22 | 12
#0271-d258 @A: 12 27 16 14 | 07
#0272-d258 @A: 12 30 22 16 | 09
#0273-d258 @A: 12 01 25 09 | 03
#0274-d258 @A: 01 12 21 31 | 02
#0275-d258 @A: 14 05 24 04 | 11
#0276-d258 @A: 24 04 02 32 | 04
#0277-d258 @A: 29 05 04 03 | 10
#0278-d258 @A: 31 32 04 25 | 05
#0279-d258 @A: 09 05 23 24 | 01
#0280-d258 @A: 16 02 10 15 | 06
#0281-d258 @A: 10 16 09 27 | 08
#0282-d258 @A: 29 16 35 14 | 12
#0283-d258 @A: 02 23 16 14 | 07
#0284-d258 @A: 31 13 27 16 | 09
#0285-d258 @A: 25 22 21 16 | 03
#0286-d258 @A: 32 16 23 09 | 02
#0287-d258 @A: 15 31 16 21 | 11
#0288-d258 @A: 11 25 16 32 | 04
#0289-d258 @A: 32 16 35 03 | 10
#0290-d258 @A: 25 28 09 27 | 05
#0291-d258 @A: 27 35 31 28 | 01
#0292-d258 @A: 30 01 15 28 | 06
#0293-d258 @A: 10 25 22 18 | 08
#0294-d258 @A: 10 18 03 09 | 12
#0295-d258 @A: 14 23 22 01 | 07
#0296-d258 @A: 02 23 29 21 | 09
#0297-d258 @A: 29 27 22 18 | 03
#0298-d258 @A: 30 13 29 27 | 02
#0299-d258 @A: 29 22 31 35 | 11
#0300-d258 @A: 21 01 35 29 | 04
#0301-d258 @A: 21 29 31 05 | 10
#0302-d258 @A: 22 02 25 09 | 05
#0303-d258 @A: 15 02 11 22 | 01
#0304-d258 @A: 02 09 01 03 | 06
#0305-d258 @A: 35 02 30 25 | 08
#0306-d258 @A: 02 11 31 21 | 12
#0307-d258 @A: 15 25 02 21 | 07
#0308-d258 @A: 02 13 25 31 | 09
#0309-d258 @A: 31 03 02 23 | 03
#0310-d258 @A: 17 28 19 21 | 02
#0311-d258 @A: 33 35 17 34 | 11
#0312-d258 @A: 24 23 33 17 | 04
#0313-d258 @A: 26 24 17 18 | 10
#0314-d258 @A: 17 30 02 06 | 05
#0315-d258 @A: 17 16 12 09 | 01
#0316-d258 @A: 17 10 22 14 | 06
#0317-d258 @A: 25 31 09 17 | 08
#0318-d258 @A: 30 15 17 13 | 12
#0319-d258 @A: 23 17 35 21 | 07
#0320-d258 @A: 03 25 21 17 | 09
#0321-d258 @A: 25 11 05 17 | 03
#0322-d258 @A: 34 30 06 19 | 02
#0323-d258 @A: 29 19 34 05 | 11
#0324-d258 @A: 19 16 33 25 | 04
#0325-d258 @A: 19 24 11 07 | 10
#0326-d258 @A: 31 19 29 07 | 05
#0327-d258 @A: 19 06 23 28 | 01
#0328-d258 @A: 35 14 19 20 | 06
#0329-d258 @A: 19 15 16 04 | 08
#0330-d258 @A: 03 19 24 22 | 12
#0331-d258 @A: 19 16 18 15 | 07
#0332-d258 @A: 25 27 35 19 | 09
#0333-d258 @A: 15 23 13 19 | 03
#0334-d258 @A: 19 03 32 15 | 02
#0335-d258 @A: 08 21 14 34 | 11
#0336-d258 @A: 34 16 26 23 | 04
#0337-d258 @A: 34 16 09 06 | 10
#0338-d258 @A: 32 28 34 20 | 05
#0339-d258 @A: 04 30 34 12 | 01
#0340-d258 @A: 28 01 24 34 | 06
#0341-d258 @A: 31 34 28 16 | 08
#0342-d258 @A: 13 16 02 34 | 12
#0343-d258 @A: 10 14 05 34 | 07
#0344-d258 @A: 34 31 30 23 | 09
#0345-d258 @A: 13 21 34 31 | 03
#0346-d258 @A: 21 23 15 34 | 02
#0347-d258 @A: 11 35 15 34 | 11
#0348-d258 @A: 23 25 34 32 | 04
#0349-d258 @A: 33 08 11 07 | 10
#0350-d258 @A: 08 13 02 33 | 05
#0351-d258 @A: 20 06 08 26 | 01
#0352-d258 @A: 26 08 11 12 | 06
#0353-d258 @A: 06 08 02 05 | 08
#0354-d258 @A: 32 08 18 20 | 12
#0355-d258 @A: 31 11 08 04 | 07
#0356-d258 @A: 24 13 29 08 | 09
#0357-d258 @A: 25 08 16 29 | 03
#0358-d258 @A: 11 16 22 08 | 02
#0359-d258 @A: 01 08 31 15 | 11
#0360-d258 @A: 27 26 02 33 | 04
#0361-d258 @A: 20 14 03 33 | 10
#0362-d258 @A: 09 33 22 20 | 05
#0363-d258 @A: 23 33 21 12 | 01
#0364-d258 @A: 32 28 33 16 | 06
#0365-d258 @A: 10 28 21 33 | 08
#0366-d258 @A: 33 27 13 10 | 12
#0367-d258 @A: 25 01 05 33 | 07
#0368-d258 @A: 26 12 07 31 | 09
#0369-d258 @A: 01 26 07 02 | 03
#0370-d258 @A: 09 20 06 07 | 02
#0371-d258 @A: 10 07 20 13 | 11
#0372-d258 @A: 07 20 05 31 | 04
#0373-d258 @A: 18 07 12 22 | 10
#0374-d258 @A: 27 04 01 07 | 05
#0375-d258 @A: 30 07 04 18 | 01
#0376-d258 @A: 11 07 18 02 | 06
#0377-d258 @A: 35 03 07 27 | 08
#0378-d258 @A: 23 26 04 06 | 12
#0379-d258 @A: 35 20 26 04 | 07
#0380-d258 @A: 04 26 05 13 | 09
#0381-d258 @A: 26 01 14 28 | 03
#0382-d258 @A: 26 10 02 18 | 02
#0383-d258 @A: 13 09 26 31 | 11
#0384-d258 @A: 15 26 03 31 | 04
#0385-d258 @A: 03 25 26 05 | 10
#0386-d258 @A: 18 32 31 26 | 05
#0387-d258 @A: 22 20 06 21 | 01
#0388-d258 @A: 09 06 12 04 | 06
#0389-d258 @A: 12 06 29 22 | 08
#0390-d258 @A: 06 24 02 13 | 12
#0391-d258 @A: 16 06 03 27 | 07
#0392-d258 @A: 06 28 21 13 | 09
#0393-d258 @A: 10 21 06 11 | 03
#0394-d258 @A: 01 13 11 06 | 02
#0395-d258 @A: 06 25 13 32 | 11
#0396-d258 @A: 23 35 06 31 | 04
#0397-d258 @A: 25 05 23 06 | 10
#0398-d258 @A: 01 23 06 32 | 05
#0399-d258 @A: 29 24 31 20 | 01
#0400-d258 @A: 21 02 24 20 | 06
#0401-d258 @A: 15 28 16 20 | 08
#0402-d258 @A: 14 20 02 11 | 12
#0403-d258 @A: 30 14 20 22 | 07
#0404-d258 @A: 21 23 20 27 | 09
#0405-d258 @A: 20 11 22 23 | 03
#0406-d258 @A: 20 09 30 35 | 02
#0407-d258 @A: 13 32 03 20 | 11
#0408-d258 @A: 35 25 18 20 | 04
#0409-d258 @A: 18 24 12 10 | 10
#0410-d258 @A: 03 12 10 02 | 05
#0411-d258 @A: 03 29 12 14 | 01
#0412-d258 @A: 12 18 27 13 | 06
#0413-d258 @A: 12 23 27 25 | 08
#0414-d258 @A: 30 35 15 12 | 12
#0415-d258 @A: 03 12 11 15 | 07
#0416-d258 @A: 05 13 23 12 | 09
#0417-d258 @A: 32 18 23 12 | 03
#0418-d258 @A: 16 01 28 04 | 02
#0419-d258 @A: 04 10 16 13 | 11
#0420-d258 @A: 30 04 02 16 | 04
#0421-d258 @A: 28 30 10 04 | 10
#0422-d258 @A: 22 03 35 04 | 05
#0423-d258 @A: 04 32 03 21 | 01
#0424-d258 @A: 35 11 04 05 | 06
#0425-d258 @A: 23 15 25 04 | 08
#0426-d258 @A: 04 31 18 25 | 12
#0427-d258 @A: 24 09 29 18 | 07
#0428-d258 @A: 03 35 24 29 | 09
#0429-d258 @A: 30 09 24 03 | 03
#0430-d258 @A: 24 09 13 01 | 02
#0431-d258 @A: 30 32 11 24 | 11
#0432-d258 @A: 25 05 13 24 | 04
#0433-d258 @A: 28 16 30 11 | 10
#0434-d258 @A: 31 16 32 02 | 05
#0435-d258 @A: 03 16 30 31 | 01
#0436-d258 @A: 16 13 05 32 | 06
#0437-d258 @A: 10 31 01 28 | 08
#0438-d258 @A: 09 02 28 31 | 12
#0439-d258 @A: 22 28 30 32 | 07
#0440-d258 @A: 22 11 18 28 | 09
#0441-d258 @A: 28 01 03 22 | 03
#0442-d258 @A: 29 01 10 15 | 02
#0443-d258 @A: 10 30 31 15 | 11
#0444-d258 @A: 31 30 10 18 | 04
#0445-d258 @A: 25 27 02 14 | 10
#0446-d258 @A: 27 13 14 21 | 05
#0447-d258 @A: 30 21 25 14 | 01
#0448-d258 @A: 01 30 14 03 | 06
#0449-d258 @A: 14 18 21 25 | 08
#0450-d258 @A: 01 14 11 32 | 12
#0451-d258 @A: 30 29 22 05 | 07
#0452-d258 @A: 01 22 29 25 | 09
#0453-d258 @A: 29 23 05 11 | 03
#0454-d258 @A: 30 27 02 15 | 02
#0455-d258 @A: 22 02 18 35 | 11
#0456-d258 @A: 03 02 18 15 | 04
#0457-d258 @A: 22 13 18 32 | 10
#0458-d258 @A: 17 10 19 03 | 05
#0459-d258 @A: 01 17 19 29 | 01
#0460-d258 @A: 05 09 19 17 | 06
#0461-d258 @A: 34 17 08 22 | 08
#0462-d258 @A: 24 34 09 17 | 12
#0463-d258 @A: 07 13 17 33 | 07
#0464-d258 @A: 04 22 33 17 | 09
#0465-d258 @A: 07 17 14 26 | 03
#0466-d258 @A: 17 03 24 26 | 02
#0467-d258 @A: 17 06 16 21 | 11
#0468-d258 @A: 14 17 06 35 | 04
#0469-d258 @A: 11 20 12 17 | 10
#0470-d258 @A: 20 24 17 14 | 05
#0471-d258 @A: 17 30 12 03 | 01
#0472-d258 @A: 04 17 23 01 | 06
#0473-d258 @A: 16 24 05 17 | 08
#0474-d258 @A: 10 18 29 17 | 12
#0475-d258 @A: 27 11 17 13 | 07
#0476-d258 @A: 01 17 27 31 | 09
#0477-d258 @A: 13 17 32 31 | 03
#0478-d258 @A: 19 08 01 33 | 02
#0479-d258 @A: 16 08 19 07 | 11
#0480-d258 @A: 09 08 19 04 | 04
#0481-d258 @A: 18 11 19 08 | 10
#0482-d258 @A: 04 05 19 07 | 05
#0483-d258 @A: 19 21 07 15 | 01
#0484-d258 @A: 19 26 16 09 | 06
#0485-d258 @A: 21 20 12 19 | 08
#0486-d258 @A: 20 02 19 27 | 12
#0487-d258 @A: 27 19 24 16 | 07
#0488-d258 @A: 31 15 24 19 | 09
#0489-d258 @A: 19 29 10 25 | 03
#0490-d258 @A: 14 31 23 19 | 02
#0491-d258 @A: 30 01 27 19 | 11
#0492-d258 @A: 25 21 19 32 | 04
#0493-d258 @A: 05 03 19 35 | 10
#0494-d258 @A: 14 33 34 31 | 05
#0495-d258 @A: 34 02 33 30 | 01
#0496-d258 @A: 07 29 01 34 | 06
#0497-d258 @A: 34 14 26 27 | 08
#0498-d258 @A: 12 34 06 23 | 12
#0499-d258 @A: 34 27 12 29 | 07
#0500-d258 @A: 34 18 16 21 | 09
#0501-d258 @A: 10 31 02 34 | 03
#0502-d258 @A: 30 34 03 27 | 02
#0503-d258 @A: 33 10 08 18 | 11
#0504-d258 @A: 14 05 08 07 | 04
#0505-d258 @A: 08 07 03 02 | 10
#0506-d258 @A: 22 14 26 08 | 05
#0507-d258 @A: 22 23 28 08 | 01
#0508-d258 @A: 10 02 22 08 | 06
#0509-d258 @A: 22 01 08 27 | 08
#0510-d258 @A: 32 15 08 09 | 12
#0511-d258 @A: 08 30 25 05 | 07
#0512-d258 @A: 24 18 07 33 | 09
#0513-d258 @A: 33 22 07 29 | 03
#0514-d258 @A: 26 06 33 13 | 02
#0515-d258 @A: 26 22 12 33 | 11
#0516-d258 @A: 26 33 30 16 | 04
#0517-d258 @A: 30 06 20 33 | 10
#0518-d258 @A: 33 11 14 06 | 05
#0519-d258 @A: 33 29 20 01 | 01
#0520-d258 @A: 15 33 04 10 | 06
#0521-d258 @A: 18 14 33 27 | 08
#0522-d258 @A: 30 03 35 33 | 12
#0523-d258 @A: 26 18 07 20 | 07
#0524-d258 @A: 06 27 07 29 | 09
#0525-d258 @A: 07 12 20 23 | 03
#0526-d258 @A: 04 09 28 07 | 02
#0527-d258 @A: 22 07 23 04 | 11
#0528-d258 @A: 15 24 07 02 | 04
#0529-d258 @A: 09 24 32 07 | 10
#0530-d258 @A: 18 07 28 14 | 05
#0531-d258 @A: 07 29 30 28 | 01
#0532-d258 @A: 11 25 07 14 | 06
#0533-d258 @A: 07 02 35 11 | 08
#0534-d258 @A: 07 03 23 15 | 12
#0535-d258 @A: 06 12 01 26 | 07
#0536-d258 @A: 26 20 21 31 | 09
#0537-d258 @A: 29 04 02 26 | 03
#0538-d258 @A: 24 35 26 28 | 02
#0539-d258 @A: 28 25 02 26 | 11
#0540-d258 @A: 26 23 29 10 | 04
#0541-d258 @A: 26 15 23 22 | 10
#0542-d258 @A: 26 35 22 01 | 05
#0543-d258 @A: 23 35 09 26 | 01
#0544-d258 @A: 21 23 26 13 | 06
#0545-d258 @A: 35 25 11 26 | 08
#0546-d258 @A: 31 06 05 12 | 12
#0547-d258 @A: 10 03 06 24 | 07
#0548-d258 @A: 28 32 06 02 | 09
#0549-d258 @A: 22 11 30 06 | 03
#0550-d258 @A: 16 12 20 31 | 02
#0551-d258 @A: 14 20 12 05 | 11
#0552-d258 @A: 01 25 16 20 | 04
#0553-d258 @A: 20 02 32 10 | 10
#0554-d258 @A: 03 22 05 20 | 05
#0555-d258 @A: 09 20 03 31 | 01
#0556-d258 @A: 20 11 30 01 | 06
#0557-d258 @A: 21 13 20 01 | 08
#0558-d258 @A: 31 32 20 11 | 12
#0559-d258 @A: 01 29 04 12 | 07
#0560-d258 @A: 32 04 27 12 | 09
#0561-d258 @A: 24 12 02 27 | 03
#0562-d258 @A: 02 28 12 11 | 02
#0563-d258 @A: 15 14 18 12 | 11
#0564-d258 @A: 12 31 27 15 | 04
#0565-d258 @A: 32 12 11 09 | 10
#0566-d258 @A: 12 13 35 09 | 05
#0567-d258 @A: 27 04 24 23 | 01
#0568-d258 @A: 16 29 04 27 | 06
#0569-d258 @A: 04 13 11 22 | 08
#0570-d258 @A: 18 04 23 22 | 12
#0571-d258 @A: 25 13 03 04 | 07
#0572-d258 @A: 24 30 16 29 | 09
#0573-d258 @A: 16 24 13 23 | 03
#0574-d258 @A: 24 02 28 23 | 02
#0575-d258 @A: 27 24 25 18 | 11
#0576-d258 @A: 11 24 18 35 | 04
#0577-d258 @A: 15 13 24 35 | 10
#0578-d258 @A: 24 31 25 23 | 05
#0579-d258 @A: 10 16 25 14 | 01
#0580-d258 @A: 10 16 22 18 | 06
#0581-d258 @A: 31 16 05 25 | 08
#0582-d258 @A: 31 32 29 28 | 12
#0583-d258 @A: 30 27 10 22 | 07
#0584-d258 @A: 27 01 10 35 | 09
#0585-d258 @A: 15 22 10 21 | 03
#0586-d258 @A: 10 09 30 21 | 02
#0587-d258 @A: 21 23 10 31 | 11
#0588-d258 @A: 35 15 10 05 | 04
#0589-d258 @A: 22 27 14 35 | 10
#0590-d258 @A: 31 09 14 27 | 05
#0591-d258 @A: 14 27 03 23 | 01
#0592-d258 @A: 30 31 14 13 | 06
#0593-d258 @A: 23 21 11 14 | 08
#0594-d258 @A: 02 32 15 29 | 12
#0595-d258 @A: 35 32 13 29 | 07
#0596-d258 @A: 29 18 13 35 | 09
#0597-d258 @A: 01 27 32 02 | 03
#0598-d258 @A: 22 02 30 31 | 02
#0599-d258 @A: 32 05 22 02 | 11
#0600-d258 @A: 09 32 02 35 | 04
#0601-d258 @A: 01 25 02 23 | 10
#0602-d258 @A: 09 15 18 27 | 05
#0603-d258 @A: 01 18 03 22 | 01
#0604-d258 @A: 31 01 18 09 | 06
#0605-d258 @A: 19 17 34 25 | 08
#0606-d258 @A: 05 01 34 17 | 12
#0607-d258 @A: 07 21 17 08 | 07
#0608-d258 @A: 35 17 08 26 | 09
#0609-d258 @A: 08 01 20 17 | 03
#0610-d258 @A: 08 17 11 02 | 02
#0611-d258 @A: 17 33 25 20 | 11
#0612-d258 @A: 28 17 30 33 | 04
#0613-d258 @A: 09 17 29 33 | 10
#0614-d258 @A: 17 03 33 02 | 05
#0615-d258 @A: 07 04 11 17 | 01
#0616-d258 @A: 01 17 07 10 | 06
#0617-d258 @A: 18 07 31 17 | 08
#0618-d258 @A: 27 04 17 26 | 12
#0619-d258 @A: 20 17 18 15 | 07
#0620-d258 @A: 17 23 32 20 | 09
#0621-d258 @A: 05 10 17 02 | 03
#0622-d258 @A: 17 21 11 09 | 02
#0623-d258 @A: 09 01 17 35 | 11
#0624-d258 @A: 05 35 17 13 | 04
#0625-d258 @A: 05 23 17 31 | 10
#0626-d258 @A: 33 19 26 11 | 05
#0627-d258 @A: 10 12 07 19 | 01
#0628-d258 @A: 02 07 19 09 | 06
#0629-d258 @A: 26 19 31 28 | 08
#0630-d258 @A: 02 19 26 15 | 12
#0631-d258 @A: 21 26 35 19 | 07
#0632-d258 @A: 03 19 12 16 | 09
#0633-d258 @A: 19 24 01 32 | 03
#0634-d258 @A: 10 28 32 19 | 02
#0635-d258 @A: 32 14 19 02 | 11
#0636-d258 @A: 22 32 31 19 | 04
#0637-d258 @A: 19 21 18 05 | 10
#0638-d258 @A: 19 03 11 25 | 05
#0639-d258 @A: 21 06 33 34 | 01
#0640-d258 @A: 23 29 33 34 | 06
#0641-d258 @A: 34 27 02 07 | 08
#0642-d258 @A: 26 22 18 34 | 12
#0643-d258 @A: 16 20 30 34 | 07
#0644-d258 @A: 18 34 10 20 | 09
#0645-d258 @A: 34 02 18 28 | 03
#0646-d258 @A: 28 27 15 34 | 02
#0647-d258 @A: 11 34 25 30 | 11
#0648-d258 @A: 34 05 35 32 | 04
#0649-d258 @A: 07 08 21 18 | 10
#0650-d258 @A: 26 23 03 08 | 05
#0651-d258 @A: 08 25 22 06 | 01
#0652-d258 @A: 20 08 05 29 | 06
#0653-d258 @A: 14 08 12 15 | 08
#0654-d258 @A: 08 04 29 22 | 12
#0655-d258 @A: 16 24 08 09 | 07
#0656-d258 @A: 14 03 10 08 | 09
#0657-d258 @A: 08 21 11 15 | 03
#0658-d258 @A: 26 33 20 28 | 02
#0659-d258 @A: 33 35 13 28 | 11
#0660-d258 @A: 33 10 14 32 | 04
#0661-d258 @A: 14 29 33 13 | 10
#0662-d258 @A: 33 35 27 23 | 05
#0663-d258 @A: 05 22 33 23 | 01
#0664-d258 @A: 33 25 15 30 | 06
#0665-d258 @A: 07 11 26 20 | 08
#0666-d258 @A: 28 23 26 07 | 12
#0667-d258 @A: 12 06 07 03 | 07
#0668-d258 @A: 07 30 06 10 | 09
#0669-d258 @A: 01 03 07 16 | 03
#0670-d258 @A: 07 21 10 27 | 02
#0671-d258 @A: 07 15 30 22 | 11
#0672-d258 @A: 07 21 22 35 | 04
#0673-d258 @A: 13 07 22 05 | 10
#0674-d258 @A: 07 22 25 03 | 05
#0675-d258 @A: 15 07 35 09 | 01
#0676-d258 @A: 26 04 15 12 | 06
#0677-d258 @A: 26 16 28 27 | 08
#0678-d258 @A: 16 10 26 22 | 12
#0679-d258 @A: 32 26 14 16 | 07
#0680-d258 @A: 02 35 26 10 | 09
#0681-d258 @A: 26 31 22 25 | 03
#0682-d258 @A: 25 26 09 21 | 02
#0683-d258 @A: 18 35 09 26 | 11
#0684-d258 @A: 15 26 11 01 | 04
#0685-d258 @A: 05 32 23 26 | 10
#0686-d258 @A: 27 06 20 18 | 05
#0687-d258 @A: 12 18 06 03 | 01
#0688-d258 @A: 27 04 06 14 | 06
#0689-d258 @A: 31 24 06 27 | 08
#0690-d258 @A: 06 16 14 05 | 12
#0691-d258 @A: 28 29 06 01 | 07
#0692-d258 @A: 02 06 10 27 | 09
#0693-d258 @A: 06 35 10 18 | 03
#0694-d258 @A: 09 21 06 23 | 02
#0695-d258 @A: 06 31 01 30 | 11
#0696-d258 @A: 12 28 20 04 | 04
#0697-d258 @A: 20 24 01 12 | 10
#0698-d258 @A: 20 28 24 22 | 05
#0699-d258 @A: 27 29 20 14 | 01
#0700-d258 @A: 27 01 20 09 | 06
#0701-d258 @A: 20 09 13 23 | 08
#0702-d258 @A: 23 20 30 25 | 12
#0703-d258 @A: 05 20 35 25 | 07
#0704-d258 @A: 12 28 24 21 | 09
#0705-d258 @A: 11 10 12 22 | 03
#0706-d258 @A: 02 01 18 12 | 02
#0707-d258 @A: 27 21 35 12 | 11
#0708-d258 @A: 05 12 15 25 | 04
#0709-d258 @A: 24 01 04 10 | 10
#0710-d258 @A: 35 23 16 04 | 05
#0711-d258 @A: 28 15 11 04 | 01
#0712-d258 @A: 29 14 04 23 | 06
#0713-d258 @A: 02 31 14 04 | 08
#0714-d258 @A: 04 15 09 27 | 12
#0715-d258 @A: 04 23 13 32 | 07
#0716-d258 @A: 05 04 15 32 | 09
#0717-d258 @A: 24 14 11 16 | 03
#0718-d258 @A: 24 29 28 11 | 02
#0719-d258 @A: 28 30 24 27 | 11
#0720-d258 @A: 29 10 27 24 | 04
#0721-d258 @A: 31 21 14 24 | 10
#0722-d258 @A: 24 32 21 05 | 05
#0723-d258 @A: 24 35 01 23 | 01
#0724-d258 @A: 16 28 14 09 | 06
#0725-d258 @A: 29 16 05 28 | 08
#0726-d258 @A: 23 16 27 11 | 12
#0727-d258 @A: 35 21 16 09 | 07
#0728-d258 @A: 09 16 25 03 | 09
#0729-d258 @A: 23 21 16 30 | 03
#0730-d258 @A: 13 16 11 21 | 02
#0731-d258 @A: 28 10 22 05 | 11
#0732-d258 @A: 14 28 29 22 | 04
#0733-d258 @A: 27 32 13 28 | 10
#0734-d258 @A: 11 22 09 28 | 05
#0735-d258 @A: 05 09 21 28 | 01
#0736-d258 @A: 15 28 32 21 | 06
#0737-d258 @A: 28 35 25 01 | 08
#0738-d258 @A: 14 09 29 10 | 12
#0739-d258 @A: 03 32 27 10 | 07
#0740-d258 @A: 23 30 10 13 | 09
#0741-d258 @A: 25 22 14 13 | 03
#0742-d258 @A: 14 32 03 09 | 02
#0743-d258 @A: 15 05 27 29 | 11
#0744-d258 @A: 25 21 29 13 | 04
#0745-d258 @A: 29 05 03 18 | 10
#0746-d258 @A: 02 35 22 23 | 05
#0747-d258 @A: 13 09 02 21 | 01
#0748-d258 @A: 03 02 13 15 | 06
#0749-d258 @A: 33 10 17 26 | 08
#0750-d258 @A: 33 12 32 17 | 12
#0751-d258 @A: 15 11 17 33 | 07
#0752-d258 @A: 07 25 02 17 | 09
#0753-d258 @A: 17 22 16 20 | 03
#0754-d258 @A: 17 28 24 32 | 02
#0755-d258 @A: 10 21 17 29 | 11
#0756-d258 @A: 10 13 09 17 | 04
#0757-d258 @A: 14 17 15 29 | 10
#0758-d258 @A: 03 27 17 05 | 05
#0759-d258 @A: 17 01 22 30 | 01
#0760-d258 @A: 17 15 22 05 | 06
#0761-d258 @A: 16 34 21 19 | 08
#0762-d258 @A: 23 19 34 18 | 12
#0763-d258 @A: 03 08 19 28 | 07
#0764-d258 @A: 16 19 11 20 | 09
#0765-d258 @A: 19 12 04 23 | 03
#0766-d258 @A: 14 12 28 19 | 02
#0767-d258 @A: 04 28 19 25 | 11
#0768-d258 @A: 04 19 03 02 | 04
#0769-d258 @A: 19 30 04 35 | 10
#0770-d258 @A: 16 14 19 13 | 05
#0771-d258 @A: 19 16 05 02 | 01
#0772-d258 @A: 19 32 02 18 | 06
#0773-d258 @A: 32 27 05 19 | 08
#0774-d258 @A: 19 21 11 01 | 12
#0775-d258 @A: 19 05 13 11 | 07
#0776-d258 @A: 01 25 19 13 | 09
#0777-d258 @A: 01 04 08 34 | 03
#0778-d258 @A: 16 34 08 32 | 02
#0779-d258 @A: 06 18 34 07 | 11
#0780-d258 @A: 07 28 22 34 | 04
#0781-d258 @A: 35 34 26 12 | 10
#0782-d258 @A: 06 04 34 32 | 05
#0783-d258 @A: 04 34 27 20 | 01
#0784-d258 @A: 04 10 34 23 | 06
#0785-d258 @A: 04 34 09 14 | 08
#0786-d258 @A: 03 34 11 16 | 12
#0787-d258 @A: 34 29 25 28 | 07
#0788-d258 @A: 21 34 35 28 | 09
#0789-d258 @A: 29 34 30 10 | 03
#0790-d258 @A: 14 32 34 18 | 02
#0791-d258 @A: 11 09 34 13 | 11
#0792-d258 @A: 35 03 31 34 | 04
#0793-d258 @A: 07 35 04 08 | 10
#0794-d258 @A: 25 04 26 08 | 05
#0795-d258 @A: 08 24 01 26 | 01
#0796-d258 @A: 26 08 10 13 | 06
#0797-d258 @A: 06 08 30 16 | 08
#0798-d258 @A: 08 29 06 03 | 12
#0799-d258 @A: 02 09 12 08 | 07
#0800-d258 @A: 12 31 08 35 | 09
#0801-d258 @A: 08 23 04 02 | 03
#0802-d258 @A: 27 16 18 08 | 02
#0803-d258 @A: 14 23 08 13 | 11
#0804-d258 @A: 25 29 18 08 | 04
#0805-d258 @A: 08 03 25 01 | 10
#0806-d258 @A: 12 07 09 33 | 05
#0807-d258 @A: 24 07 10 33 | 01
#0808-d258 @A: 10 33 16 06 | 06
#0809-d258 @A: 32 06 29 33 | 08
#0810-d258 @A: 12 18 28 33 | 12
#0811-d258 @A: 35 33 24 04 | 07
#0812-d258 @A: 02 28 22 33 | 09
#0813-d258 @A: 05 33 10 29 | 03
#0814-d258 @A: 27 21 33 25 | 02
#0815-d258 @A: 33 27 03 15 | 11
#0816-d258 @A: 01 11 22 33 | 04
#0817-d258 @A: 33 35 21 11 | 10
#0818-d258 @A: 35 33 05 31 | 05
#0819-d258 @A: 20 14 04 07 | 01
#0820-d258 @A: 24 07 20 35 | 06
#0821-d258 @A: 30 07 27 12 | 08
#0822-d258 @A: 07 24 28 25 | 12
#0823-d258 @A: 31 07 14 16 | 07
#0824-d258 @A: 07 03 13 30 | 09
#0825-d258 @A: 13 25 35 07 | 03
#0826-d258 @A: 05 18 13 07 | 02
#0827-d258 @A: 32 31 07 35 | 11
#0828-d258 @A: 06 11 16 26 | 04
#0829-d258 @A: 05 18 26 06 | 10
#0830-d258 @A: 13 12 26 16 | 05
#0831-d258 @A: 10 04 03 26 | 01
#0832-d258 @A: 01 26 09 04 | 06
#0833-d258 @A: 04 21 26 18 | 08
#0834-d258 @A: 09 24 27 26 | 12
#0835-d258 @A: 30 26 28 03 | 07
#0836-d258 @A: 14 02 26 05 | 09
#0837-d258 @A: 06 23 16 20 | 03
#0838-d258 @A: 29 21 24 06 | 02
#0839-d258 @A: 16 06 29 02 | 11
#0840-d258 @A: 27 06 05 09 | 04
#0841-d258 @A: 27 06 25 01 | 10
#0842-d258 @A: 18 09 23 06 | 05
#0843-d258 @A: 22 12 20 02 | 01
#0844-d258 @A: 32 16 20 24 | 06
#0845-d258 @A: 02 20 16 09 | 08
#0846-d258 @A: 20 30 27 31 | 12
#0847-d258 @A: 22 20 18 09 | 07
#0848-d258 @A: 35 20 32 21 | 09
#0849-d258 @A: 28 27 12 03 | 03
#0850-d258 @A: 14 10 12 31 | 02
#0851-d258 @A: 29 10 35 12 | 11
#0852-d258 @A: 31 12 09 30 | 04
#0853-d258 @A: 04 24 09 29 | 10
#0854-d258 @A: 16 18 13 04 | 05
#0855-d258 @A: 29 04 28 21 | 01
#0856-d258 @A: 18 15 28 04 | 06
#0857-d258 @A: 21 27 04 30 | 08
#0858-d258 @A: 31 27 03 04 | 12
#0859-d258 @A: 15 04 21 13 | 07
#0860-d258 @A: 04 05 21 23 | 09
#0861-d258 @A: 14 23 32 24 | 03
#0862-d258 @A: 22 27 24 13 | 02
#0863-d258 @A: 03 24 27 25 | 11
#0864-d258 @A: 09 24 21 22 | 04
#0865-d258 @A: 32 24 22 15 | 10
#0866-d258 @A: 15 24 05 30 | 05
#0867-d258 @A: 28 35 16 02 | 01
#0868-d258 @A: 15 35 27 16 | 06
#0869-d258 @A: 13 09 16 22 | 08
#0870-d258 @A: 16 23 22 31 | 12
#0871-d258 @A: 31 09 01 16 | 07
#0872-d258 @A: 30 16 32 01 | 09
#0873-d258 @A: 28 29 10 02 | 03
#0874-d258 @A: 02 21 28 14 | 02
#0875-d258 @A: 30 13 28 25 | 11
#0876-d258 @A: 18 28 32 11 | 04
#0877-d258 @A: 02 01 10 30 | 10
#0878-d258 @A: 27 10 15 25 | 05
#0879-d258 @A: 22 01 10 13 | 01
#0880-d258 @A: 03 31 10 22 | 06
#0881-d258 @A: 35 13 21 10 | 08
#0882-d258 @A: 13 11 10 15 | 12
#0883-d258 @A: 21 01 05 14 | 07
#0884-d258 @A: 29 09 35 05 | 09
#0885-d258 @A: 29 11 03 31 | 03
#0886-d258 @A: 32 29 01 18 | 02
#0887-d258 @A: 27 01 18 21 | 11
#0888-d258 @A: 35 18 31 23 | 04
#0889-d258 @A: 27 19 17 14 | 10
#0890-d258 @A: 17 19 18 22 | 05
#0891-d258 @A: 30 17 19 11 | 01
#0892-d258 @A: 34 17 31 20 | 06
#0893-d258 @A: 14 17 11 34 | 08
#0894-d258 @A: 27 08 17 28 | 12
#0895-d258 @A: 17 08 32 14 | 07
#0896-d258 @A: 31 07 28 17 | 09
#0897-d258 @A: 06 17 12 27 | 03
#0898-d258 @A: 11 17 31 06 | 02
#0899-d258 @A: 20 04 05 17 | 11
#0900-d258 @A: 02 04 18 17 | 04
#0901-d258 @A: 09 17 04 32 | 10
#0902-d258 @A: 17 01 16 02 | 05
#0903-d258 @A: 31 17 14 03 | 01
#0904-d258 @A: 34 07 19 35 | 06
#0905-d258 @A: 34 19 31 04 | 08
#0906-d258 @A: 03 34 19 14 | 12
#0907-d258 @A: 19 24 08 21 | 07
#0908-d258 @A: 08 15 35 19 | 09
#0909-d258 @A: 27 33 06 19 | 03
#0910-d258 @A: 19 24 26 20 | 02
#0911-d258 @A: 26 30 29 19 | 11
#0912-d258 @A: 06 04 19 01 | 04
#0913-d258 @A: 31 06 19 16 | 10
#0914-d258 @A: 06 19 09 29 | 05
#0915-d258 @A: 11 06 02 19 | 01
#0916-d258 @A: 20 25 19 31 | 06
#0917-d258 @A: 04 10 27 19 | 08
#0918-d258 @A: 10 19 05 24 | 12
#0919-d258 @A: 19 14 24 25 | 07
#0920-d258 @A: 24 19 29 02 | 09
#0921-d258 @A: 16 19 29 23 | 03
#0922-d258 @A: 16 35 01 19 | 02
#0923-d258 @A: 13 02 19 22 | 11
#0924-d258 @A: 09 23 27 19 | 04
#0925-d258 @A: 23 22 21 19 | 10
#0926-d258 @A: 11 08 34 05 | 05
#0927-d258 @A: 33 34 25 04 | 01
#0928-d258 @A: 18 09 33 34 | 06
#0929-d258 @A: 06 05 34 22 | 08
#0930-d258 @A: 34 20 05 24 | 12
#0931-d258 @A: 34 12 22 01 | 07
#0932-d258 @A: 34 03 32 12 | 09
#0933-d258 @A: 14 01 35 34 | 03
#0934-d258 @A: 18 02 29 34 | 02
#0935-d258 @A: 09 05 34 25 | 11
#0936-d258 @A: 34 18 30 13 | 04
#0937-d258 @A: 18 34 03 11 | 10
#0938-d258 @A: 08 27 04 33 | 05
#0939-d258 @A: 15 07 08 29 | 01
#0940-d258 @A: 21 08 04 06 | 06
#0941-d258 @A: 20 24 11 08 | 08
#0942-d258 @A: 02 08 15 20 | 12
#0943-d258 @A: 22 32 20 08 | 07
#0944-d258 @A: 29 12 08 21 | 09
#0945-d258 @A: 16 10 28 08 | 03
#0946-d258 @A: 08 29 30 01 | 02
#0947-d258 @A: 27 08 35 30 | 11
#0948-d258 @A: 11 09 25 08 | 04
#0949-d258 @A: 32 30 31 08 | 10
#0950-d258 @A: 25 08 31 21 | 05
#0951-d258 @A: 11 03 32 08 | 01
#0952-d258 @A: 05 08 23 01 | 06
#0953-d258 @A: 01 33 28 07 | 08
#0954-d258 @A: 15 05 33 07 | 12
#0955-d258 @A: 24 05 12 33 | 07
#0956-d258 @A: 11 27 12 33 | 09
#0957-d258 @A: 02 09 33 04 | 03
#0958-d258 @A: 33 16 22 14 | 02
#0959-d258 @A: 28 27 29 33 | 11
#0960-d258 @A: 13 25 33 09 | 04
#0961-d258 @A: 13 21 05 33 | 10
#0962-d258 @A: 06 07 22 26 | 05
#0963-d258 @A: 16 26 07 35 | 01
#0964-d258 @A: 03 20 07 28 | 06
#0965-d258 @A: 07 30 02 20 | 08
#0966-d258 @A: 07 20 18 01 | 12
#0967-d258 @A: 14 07 12 35 | 07
#0968-d258 @A: 10 29 03 07 | 09
#0969-d258 @A: 18 07 15 10 | 03
#0970-d258 @A: 29 02 07 14 | 02
#0971-d258 @A: 11 29 07 13 | 11
#0972-d258 @A: 13 07 09 27 | 04
#0973-d258 @A: 11 09 23 07 | 10
#0974-d258 @A: 25 23 21 07 | 05
#0975-d258 @A: 07 13 31 23 | 01
#0976-d258 @A: 06 10 26 31 | 06
#0977-d258 @A: 06 21 26 27 | 08
#0978-d258 @A: 23 26 20 02 | 12
#0979-d258 @A: 21 12 26 10 | 07
#0980-d258 @A: 26 15 25 24 | 09
#0981-d258 @A: 18 26 28 25 | 03
#0982-d258 @A: 01 13 26 30 | 02
#0983-d258 @A: 32 26 15 13 | 11
#0984-d258 @A: 31 28 06 18 | 04
#0985-d258 @A: 30 29 14 06 | 10
#0986-d258 @A: 05 06 30 03 | 05
#0987-d258 @A: 01 03 06 21 | 01
#0988-d258 @A: 06 03 31 13 | 06
#0989-d258 @A: 20 24 04 03 | 08
#0990-d258 @A: 16 10 20 03 | 12
#0991-d258 @A: 02 18 20 23 | 07
#0992-d258 @A: 20 27 25 22 | 09
#0993-d258 @A: 20 30 21 03 | 03
#0994-d258 @A: 16 15 12 29 | 02
#0995-d258 @A: 12 11 21 25 | 11
#0996-d258 @A: 24 22 16 04 | 04
#0997-d258 @A: 28 24 31 04 | 10
#0998-d258 @A: 24 21 04 11 | 05
#0999-d258 @A: 13 28 04 14 | 01
#1000-d258 @A: 32 18 04 35 | 06
#1001-d258 @A: 16 18 02 14 | 08
#1002-d258 @A: 01 27 16 21 | 12
#1003-d258 @A: 09 15 28 13 | 07
#1004-d258 @A: 32 23 28 03 | 09
#1005-d258 @A: 01 09 10 23 | 03
#1006-d258 @A: 31 13 10 05 | 02
#1007-d258 @A: 10 01 03 05 | 11
#1008-d258 @A: 27 30 14 32 | 04
#1009-d258 @A: 05 14 35 30 | 10
#1010-d258 @A: 23 32 29 22 | 05
#1011-d258 @A: 30 11 29 15 | 01
#1012-d258 @A: 23 35 29 30 | 06
#1013-d258 @A: 15 31 29 13 | 08
#1014-d258 @A: 11 09 27 02 | 12
#1015-d258 @A: 27 05 31 02 | 07
#1016-d258 @A: 02 25 32 03 | 09
#1017-d258 @A: 18 11 31 27 | 03
#1018-d258 @A: 18 23 27 01 | 02
#1019-d258 @A: 35 30 15 18 | 11
#1020-d258 @A: 19 08 13 17 | 04
#1021-d258 @A: 19 17 35 12 | 10
#1022-d258 @A: 17 33 01 06 | 05
#1023-d258 @A: 33 16 27 17 | 01
#1024-d258 @A: 29 32 26 17 | 06
#1025-d258 @A: 02 17 26 31 | 08
#1026-d258 @A: 21 18 17 06 | 12
#1027-d258 @A: 17 12 15 24 | 07
#1028-d258 @A: 17 04 35 28 | 09
#1029-d258 @A: 04 02 21 17 | 03
#1030-d258 @A: 31 17 15 04 | 02
#1031-d258 @A: 17 01 11 24 | 11
#1032-d258 @A: 16 13 28 17 | 04
#1033-d258 @A: 17 14 16 30 | 10
#1034-d258 @A: 16 17 03 23 | 05
#1035-d258 @A: 13 18 11 17 | 01
#1036-d258 @A: 19 13 34 10 | 06
#1037-d258 @A: 14 08 19 06 | 08
#1038-d258 @A: 11 19 08 23 | 12
#1039-d258 @A: 10 19 23 33 | 07
#1040-d258 @A: 19 07 13 26 | 09
#1041-d258 @A: 25 06 19 07 | 03
#1042-d258 @A: 06 19 22 10 | 02
#1043-d258 @A: 30 19 25 12 | 11
#1044-d258 @A: 19 13 28 24 | 04
#1045-d258 @A: 02 19 10 21 | 10
#1046-d258 @A: 19 25 09 15 | 05
#1047-d258 @A: 05 30 19 31 | 01
#1048-d258 @A: 01 31 03 19 | 06
#1049-d258 @A: 33 28 08 34 | 08
#1050-d258 @A: 34 26 08 31 | 12
#1051-d258 @A: 33 09 10 34 | 07
#1052-d258 @A: 07 09 34 26 | 09
#1053-d258 @A: 06 14 34 24 | 03
#1054-d258 @A: 34 29 06 11 | 02
#1055-d258 @A: 34 06 02 35 | 11
#1056-d258 @A: 20 13 34 12 | 04
#1057-d258 @A: 02 25 34 20 | 10
#1058-d258 @A: 13 24 04 34 | 05
#1059-d258 @A: 05 34 28 04 | 01
#1060-d258 @A: 18 34 24 31 | 06
#1061-d258 @A: 34 10 01 16 | 08
#1062-d258 @A: 16 22 29 34 | 12
#1063-d258 @A: 02 34 09 23 | 07
#1064-d258 @A: 34 30 35 22 | 09
#1065-d258 @A: 11 31 22 34 | 03
#1066-d258 @A: 15 25 34 22 | 02
#1067-d258 @A: 08 33 26 09 | 11
#1068-d258 @A: 30 10 08 33 | 04
#1069-d258 @A: 07 08 01 12 | 10
#1070-d258 @A: 22 24 07 08 | 05
#1071-d258 @A: 28 08 07 13 | 01
#1072-d258 @A: 14 18 26 08 | 06
#1073-d258 @A: 06 31 08 28 | 08
#1074-d258 @A: 23 08 12 16 | 12
#1075-d258 @A: 14 01 08 16 | 07
#1076-d258 @A: 08 02 16 27 | 09
#1077-d258 @A: 29 08 11 10 | 03
#1078-d258 @A: 08 27 09 03 | 02
#1079-d258 @A: 08 15 05 03 | 11
#1080-d258 @A: 31 08 18 15 | 04
#1081-d258 @A: 07 06 33 35 | 10
#1082-d258 @A: 33 04 07 30 | 05
#1083-d258 @A: 33 28 15 06 | 01
#1084-d258 @A: 02 23 33 06 | 06
#1085-d258 @A: 06 33 03 09 | 08
#1086-d258 @A: 16 11 02 33 | 12
#1087-d258 @A: 11 33 28 05 | 07
#1088-d258 @A: 33 09 14 35 | 09
#1089-d258 @A: 15 18 33 22 | 03
#1090-d258 @A: 13 33 23 03 | 02
#1091-d258 @A: 33 35 03 18 | 11
#1092-d258 @A: 03 26 07 32 | 04
#1093-d258 @A: 06 15 07 04 | 10
#1094-d258 @A: 14 28 07 32 | 05
#1095-d258 @A: 22 10 32 07 | 01
#1096-d258 @A: 23 07 27 32 | 06
#1097-d258 @A: 07 11 30 21 | 08
#1098-d258 @A: 23 35 07 05 | 12
#1099-d258 @A: 11 10 26 24 | 07
#1100-d258 @A: 14 21 03 26 | 09
#1101-d258 @A: 31 26 35 14 | 03
#1102-d258 @A: 11 27 30 26 | 02
#1103-d258 @A: 01 26 23 27 | 11
#1104-d258 @A: 05 30 26 09 | 04
#1105-d258 @A: 26 30 32 35 | 10
#1106-d258 @A: 04 16 25 06 | 05
#1107-d258 @A: 06 01 02 15 | 01
#1108-d258 @A: 06 35 11 09 | 06
#1109-d258 @A: 11 05 32 06 | 08
#1110-d258 @A: 25 06 18 11 | 12
#1111-d258 @A: 31 23 20 04 | 07
#1112-d258 @A: 20 18 04 03 | 09
#1113-d258 @A: 24 20 25 09 | 03
#1114-d258 @A: 20 29 28 23 | 02
#1115-d258 @A: 20 14 10 01 | 11
#1116-d258 @A: 14 13 15 20 | 04
#1117-d258 @A: 20 35 11 29 | 10
#1118-d258 @A: 15 27 32 20 | 05
#1119-d258 @A: 31 20 01 35 | 01
#1120-d258 @A: 12 04 31 22 | 06
#1121-d258 @A: 12 23 10 28 | 08
#1122-d258 @A: 15 12 23 02 | 12
#1123-d258 @A: 22 21 05 12 | 07
#1124-d258 @A: 09 21 15 12 | 09
#1125-d258 @A: 30 12 23 01 | 03
#1126-d258 @A: 15 01 32 12 | 02
#1127-d258 @A: 23 32 31 12 | 11
#1128-d258 @A: 09 16 11 04 | 04
#1129-d258 @A: 09 10 22 04 | 10
#1130-d258 @A: 22 01 04 32 | 05
#1131-d258 @A: 04 05 09 31 | 01
#1132-d258 @A: 18 11 04 21 | 06
#1133-d258 @A: 02 24 25 16 | 08
#1134-d258 @A: 10 15 24 28 | 12
#1135-d258 @A: 24 18 02 13 | 07
#1136-d258 @A: 05 18 15 24 | 09
#1137-d258 @A: 01 15 03 24 | 03
#1138-d258 @A: 25 32 35 24 | 02
#1139-d258 @A: 05 10 16 23 | 11
#1140-d258 @A: 30 18 16 29 | 04
#1141-d258 @A: 31 13 28 22 | 10
#1142-d258 @A: 18 01 35 28 | 05
#1143-d258 @A: 28 05 32 25 | 01
#1144-d258 @A: 10 14 02 13 | 06
#1145-d258 @A: 15 03 09 10 | 08
#1146-d258 @A: 32 10 05 30 | 12
#1147-d258 @A: 30 25 10 03 | 07
#1148-d258 @A: 10 23 18 21 | 09
#1149-d258 @A: 14 11 18 29 | 03
#1150-d258 @A: 01 15 14 27 | 02
#1151-d258 @A: 05 22 09 14 | 11
#1152-d258 @A: 01 14 31 25 | 04
#1153-d258 @A: 21 09 29 27 | 10
#1154-d258 @A: 03 29 09 13 | 05
#1155-d258 @A: 03 30 32 29 | 01
#1156-d258 @A: 01 32 29 05 | 06
#1157-d258 @A: 02 05 15 09 | 08
#1158-d258 @A: 03 30 11 02 | 12
#1159-d258 @A: 02 11 32 23 | 07
#1160-d258 @A: 18 21 13 15 | 09
#1161-d258 @A: 17 26 19 22 | 03
#1162-d258 @A: 21 12 34 17 | 02
#1163-d258 @A: 02 17 32 34 | 11
#1164-d258 @A: 08 12 17 25 | 04
#1165-d258 @A: 03 17 04 08 | 10
#1166-d258 @A: 23 17 29 08 | 05
#1167-d258 @A: 21 17 33 14 | 01
#1168-d258 @A: 22 17 12 07 | 06
#1169-d258 @A: 17 15 16 07 | 08
#1170-d258 @A: 17 23 30 26 | 12
#1171-d258 @A: 10 30 17 20 | 07
#1172-d258 @A: 14 12 17 23 | 09
#1173-d258 @A: 18 17 28 27 | 03
#1174-d258 @A: 09 17 22 23 | 02
#1175-d258 @A: 03 17 32 01 | 11
#1176-d258 @A: 23 34 24 19 | 04
#1177-d258 @A: 32 29 08 19 | 10
#1178-d258 @A: 29 19 15 33 | 05
#1179-d258 @A: 01 07 23 19 | 01
#1180-d258 @A: 26 19 18 03 | 06
#1181-d258 @A: 19 05 06 21 | 08
#1182-d258 @A: 10 15 19 20 | 12
#1183-d258 @A: 19 12 31 02 | 07
#1184-d258 @A: 04 11 19 32 | 09
#1185-d258 @A: 19 16 10 30 | 03
#1186-d258 @A: 18 19 35 14 | 02
#1187-d258 @A: 15 34 08 06 | 11
#1188-d258 @A: 30 08 34 09 | 04
#1189-d258 @A: 21 07 05 34 | 10
#1190-d258 @A: 24 26 30 34 | 05
#1191-d258 @A: 03 34 29 26 | 01
#1192-d258 @A: 04 35 29 34 | 06
#1193-d258 @A: 04 15 02 34 | 08
#1194-d258 @A: 04 21 22 34 | 12
#1195-d258 @A: 14 29 32 34 | 07
#1196-d258 @A: 02 22 34 14 | 09
#1197-d258 @A: 31 34 29 09 | 03
#1198-d258 @A: 34 27 21 11 | 02
#1199-d258 @A: 22 03 09 34 | 11
#1200-d258 @A: 32 24 08 33 | 04
#1201-d258 @A: 18 06 08 04 | 10
#1202-d258 @A: 08 06 24 23 | 05
#1203-d258 @A: 06 01 10 08 | 01
#1204-d258 @A: 20 16 04 08 | 06
#1205-d258 @A: 35 28 08 20 | 08
#1206-d258 @A: 24 08 28 05 | 12
#1207-d258 @A: 08 24 27 14 | 07
#1208-d258 @A: 16 03 13 08 | 09
#1209-d258 @A: 14 02 35 08 | 03
#1210-d258 @A: 27 21 08 05 | 02
#1211-d258 @A: 08 13 27 15 | 11
#1212-d258 @A: 30 08 22 18 | 04
#1213-d258 @A: 23 21 08 32 | 10
#1214-d258 @A: 25 08 23 35 | 05
#1215-d258 @A: 26 18 33 13 | 01
#1216-d258 @A: 06 05 04 33 | 06
#1217-d258 @A: 06 31 33 25 | 08
#1218-d258 @A: 15 12 20 33 | 12
#1219-d258 @A: 33 20 35 16 | 07
#1220-d258 @A: 30 33 14 12 | 09
#1221-d258 @A: 31 04 33 16 | 03
#1222-d258 @A: 28 33 04 23 | 02
#1223-d258 @A: 33 31 24 13 | 11
#1224-d258 @A: 25 10 33 02 | 04
#1225-d258 @A: 01 33 30 09 | 10
#1226-d258 @A: 33 31 32 15 | 05
#1227-d258 @A: 32 35 33 01 | 01
#1228-d258 @A: 07 06 16 13 | 06
#1229-d258 @A: 12 05 29 07 | 08
#1230-d258 @A: 07 32 02 12 | 12
#1231-d258 @A: 32 04 16 07 | 07
#1232-d258 @A: 25 29 07 04 | 09
#1233-d258 @A: 24 07 14 03 | 03
#1234-d258 @A: 07 16 28 21 | 02
#1235-d258 @A: 18 32 07 16 | 11
#1236-d258 @A: 07 15 14 10 | 04
#1237-d258 @A: 09 30 25 07 | 10
#1238-d258 @A: 01 05 07 09 | 05
#1239-d258 @A: 01 31 07 11 | 01
#1240-d258 @A: 26 32 06 24 | 06
#1241-d258 @A: 12 14 26 09 | 08
#1242-d258 @A: 29 24 05 26 | 12
#1243-d258 @A: 18 23 26 29 | 07
#1244-d258 @A: 26 27 32 31 | 09
#1245-d258 @A: 22 30 21 26 | 03
#1246-d258 @A: 11 22 05 26 | 02
#1247-d258 @A: 31 26 23 11 | 11
#1248-d258 @A: 13 03 26 35 | 04
#1249-d258 @A: 35 06 12 20 | 10
#1250-d258 @A: 14 06 20 32 | 05
#1251-d258 @A: 20 06 25 29 | 01
#1252-d258 @A: 06 02 31 20 | 06
#1253-d258 @A: 06 04 35 10 | 08
#1254-d258 @A: 30 35 28 06 | 12
#1255-d258 @A: 21 06 15 30 | 07
#1256-d258 @A: 06 15 11 25 | 09
#1257-d258 @A: 03 15 35 06 | 03
#1258-d258 @A: 35 01 05 06 | 02
#1259-d258 @A: 01 20 02 04 | 11
#1260-d258 @A: 13 24 20 30 | 04
#1261-d258 @A: 20 16 14 21 | 10
#1262-d258 @A: 15 31 20 22 | 05
#1263-d258 @A: 20 05 11 21 | 01
#1264-d258 @A: 11 20 25 13 | 06
#1265-d258 @A: 20 15 23 35 | 08
#1266-d258 @A: 04 29 18 12 | 12
#1267-d258 @A: 12 10 16 32 | 07
#1268-d258 @A: 05 12 10 27 | 09
#1269-d258 @A: 01 14 12 02 | 03
#1270-d258 @A: 09 23 29 12 | 02
#1271-d258 @A: 12 23 03 22 | 11
#1272-d258 @A: 12 11 09 18 | 04
#1273-d258 @A: 13 12 11 31 | 10
#1274-d258 @A: 03 25 12 31 | 05
#1275-d258 @A: 16 14 03 04 | 01
#1276-d258 @A: 25 01 04 21 | 06
#1277-d258 @A: 01 31 04 13 | 08
#1278-d258 @A: 16 23 18 24 | 12
#1279-d258 @A: 35 24 10 14 | 07
#1280-d258 @A: 14 24 01 29 | 09
#1281-d258 @A: 01 25 24 30 | 03
#1282-d258 @A: 03 23 21 24 | 02
#1283-d258 @A: 05 18 16 28 | 11
#1284-d258 @A: 29 16 32 21 | 04
#1285-d258 @A: 15 16 09 30 | 10
#1286-d258 @A: 13 35 30 16 | 05
#1287-d258 @A: 03 21 16 05 | 01
#1288-d258 @A: 16 01 15 23 | 06
#1289-d258 @A: 23 35 14 28 | 08
#1290-d258 @A: 21 03 11 28 | 12
#1291-d258 @A: 27 31 11 10 | 07
#1292-d258 @A: 10 05 09 11 | 09
#1293-d258 @A: 11 30 10 35 | 03
#1294-d258 @A: 11 10 25 01 | 02
#1295-d258 @A: 23 25 14 09 | 11
#1296-d258 @A: 14 05 23 15 | 04
#1297-d258 @A: 05 23 14 18 | 10
#1298-d258 @A: 22 02 29 03 | 05
#1299-d258 @A: 11 02 29 25 | 01
#1300-d258 @A: 09 22 15 29 | 06
#1301-d258 @A: 27 21 03 02 | 08
#1302-d258 @A: 27 02 05 18 | 12
#1303-d258 @A: 05 30 18 32 | 07
#1304-d258 @A: 23 17 19 02 | 09
#1305-d258 @A: 17 07 34 30 | 03
#1306-d258 @A: 15 03 17 34 | 02
#1307-d258 @A: 17 18 01 34 | 11
#1308-d258 @A: 23 17 07 06 | 04
#1309-d258 @A: 17 13 20 26 | 10
#1310-d258 @A: 26 25 16 17 | 05
#1311-d258 @A: 26 01 17 21 | 01
#1312-d258 @A: 04 17 13 06 | 06
#1313-d258 @A: 17 22 28 06 | 08
#1314-d258 @A: 17 21 15 20 | 12
#1315-d258 @A: 17 04 12 10 | 07
#1316-d258 @A: 24 10 17 31 | 09
#1317-d258 @A: 17 35 24 02 | 03
#1318-d258 @A: 17 18 09 32 | 02
#1319-d258 @A: 17 01 25 15 | 11
#1320-d258 @A: 34 33 22 19 | 04
#1321-d258 @A: 19 34 20 09 | 10
#1322-d258 @A: 26 05 19 08 | 05
#1323-d258 @A: 19 31 08 10 | 01
#1324-d258 @A: 19 30 24 33 | 06
#1325-d258 @A: 02 35 33 19 | 08
#1326-d258 @A: 19 07 27 28 | 12
#1327-d258 @A: 24 19 06 18 | 07
#1328-d258 @A: 22 04 19 20 | 09
#1329-d258 @A: 29 12 11 19 | 03
#1330-d258 @A: 19 04 13 29 | 02
#1331-d258 @A: 19 09 14 01 | 11
#1332-d258 @A: 15 19 30 14 | 04
#1333-d258 @A: 30 19 21 13 | 10
#1334-d258 @A: 18 34 12 08 | 05
#1335-d258 @A: 07 24 16 34 | 01
#1336-d258 @A: 34 07 25 10 | 06
#1337-d258 @A: 25 06 34 03 | 08
#1338-d258 @A: 34 03 02 28 | 12
#1339-d258 @A: 27 34 09 35 | 07
#1340-d258 @A: 34 27 31 25 | 09
#1341-d258 @A: 22 13 32 34 | 03
#1342-d258 @A: 34 32 21 09 | 02
#1343-d258 @A: 34 03 01 13 | 11
#1344-d258 @A: 25 20 07 08 | 04
#1345-d258 @A: 16 08 26 15 | 10
#1346-d258 @A: 28 21 26 08 | 05
#1347-d258 @A: 20 21 08 10 | 01
#1348-d258 @A: 08 31 24 02 | 06
#1349-d258 @A: 09 22 35 08 | 08
#1350-d258 @A: 01 21 09 08 | 12
#1351-d258 @A: 13 05 08 09 | 07
#1352-d258 @A: 08 13 11 30 | 09
#1353-d258 @A: 11 08 01 35 | 03
#1354-d258 @A: 32 33 26 04 | 02
#1355-d258 @A: 33 35 26 15 | 11
#1356-d258 @A: 20 33 05 02 | 04
#1357-d258 @A: 02 33 12 29 | 10
#1358-d258 @A: 18 04 33 05 | 05
#1359-d258 @A: 15 33 24 16 | 01
#1360-d258 @A: 24 28 14 33 | 06
#1361-d258 @A: 11 33 24 09 | 08
#1362-d258 @A: 33 01 13 16 | 12
#1363-d258 @A: 27 30 33 05 | 07
#1364-d258 @A: 30 31 11 33 | 09
#1365-d258 @A: 23 33 32 30 | 03
#1366-d258 @A: 28 07 11 06 | 02
#1367-d258 @A: 21 01 07 24 | 11
#1368-d258 @A: 07 27 25 05 | 04
#1369-d258 @A: 03 11 05 07 | 10
#1370-d258 @A: 07 23 18 03 | 05
#1371-d258 @A: 26 25 12 29 | 01
#1372-d258 @A: 28 15 26 29 | 06
#1373-d258 @A: 30 10 26 14 | 08
#1374-d258 @A: 05 26 27 35 | 12
#1375-d258 @A: 32 22 26 09 | 07
#1376-d258 @A: 15 01 26 18 | 09
#1377-d258 @A: 24 20 15 06 | 03
#1378-d258 @A: 10 12 15 06 | 02
#1379-d258 @A: 18 02 06 31 | 11
#1380-d258 @A: 09 32 30 06 | 04
#1381-d258 @A: 01 13 18 06 | 10
#1382-d258 @A: 20 14 18 24 | 05
#1383-d258 @A: 28 20 13 02 | 01
#1384-d258 @A: 30 20 05 28 | 06
#1385-d258 @A: 09 32 20 05 | 08
#1386-d258 @A: 15 05 20 01 | 12
#1387-d258 @A: 28 35 05 12 | 07
#1388-d258 @A: 12 21 13 03 | 09
#1389-d258 @A: 01 04 24 18 | 03
#1390-d258 @A: 02 27 28 04 | 02
#1391-d258 @A: 10 04 02 11 | 11
#1392-d258 @A: 25 30 22 04 | 04
#1393-d258 @A: 13 30 09 04 | 10
#1394-d258 @A: 04 11 30 23 | 05
#1395-d258 @A: 04 03 30 15 | 01
#1396-d258 @A: 28 03 24 18 | 06
#1397-d258 @A: 10 13 24 32 | 08
#1398-d258 @A: 24 09 15 14 | 12
#1399-d258 @A: 35 11 27 24 | 07
#1400-d258 @A: 01 05 27 24 | 09
#1401-d258 @A: 30 23 24 22 | 03
#1402-d258 @A: 35 24 05 22 | 02
#1403-d258 @A: 21 30 35 24 | 11
#1404-d258 @A: 32 25 18 24 | 04
#1405-d258 @A: 16 31 03 18 | 10
#1406-d258 @A: 18 28 13 10 | 05
#1407-d258 @A: 11 01 27 28 | 01
#1408-d258 @A: 22 35 28 15 | 06
#1409-d258 @A: 23 28 09 30 | 08
#1410-d258 @A: 35 03 09 28 | 12
#1411-d258 @A: 28 35 11 32 | 07
#1412-d258 @A: 11 31 25 28 | 09
#1413-d258 @A: 18 10 32 27 | 03
#1414-d258 @A: 23 15 32 10 | 02
#1415-d258 @A: 14 25 05 29 | 11
#1416-d258 @A: 15 35 14 21 | 04
#1417-d258 @A: 14 35 11 13 | 10
#1418-d258 @A: 31 14 05 32 | 05
#1419-d258 @A: 02 29 09 30 | 01
#1420-d258 @A: 27 31 29 23 | 06
#1421-d258 @A: 25 09 32 29 | 08
#1422-d258 @A: 05 35 02 21 | 12
#1423-d258 @A: 01 11 02 05 | 07
#1424-d258 @A: 22 31 05 18 | 09
#1425-d258 @A: 25 13 18 23 | 03
#1426-d258 @A: 34 17 23 28 | 02
#1427-d258 @A: 17 05 33 08 | 11
#1428-d258 @A: 24 17 30 08 | 04
#1429-d258 @A: 16 17 08 31 | 10
#1430-d258 @A: 17 15 08 10 | 05
#1431-d258 @A: 33 18 16 17 | 01
#1432-d258 @A: 17 28 26 11 | 06
#1433-d258 @A: 25 24 17 06 | 08
#1434-d258 @A: 17 28 25 10 | 12
#1435-d258 @A: 17 15 28 02 | 07
#1436-d258 @A: 02 09 14 17 | 09
#1437-d258 @A: 18 17 03 14 | 03
#1438-d258 @A: 22 17 13 03 | 02
#1439-d258 @A: 35 25 22 17 | 11
#1440-d258 @A: 32 35 17 15 | 04
#1441-d258 @A: 34 19 28 11 | 10
#1442-d258 @A: 01 34 19 02 | 05
#1443-d258 @A: 19 33 32 20 | 01
#1444-d258 @A: 14 05 33 19 | 06
#1445-d258 @A: 07 18 19 29 | 08
#1446-d258 @A: 07 32 30 19 | 12
#1447-d258 @A: 14 04 26 19 | 07
#1448-d258 @A: 26 18 19 27 | 09
#1449-d258 @A: 23 25 19 26 | 03
#1450-d258 @A: 19 20 06 13 | 02
#1451-d258 @A: 05 20 23 19 | 11
#1452-d258 @A: 19 31 12 18 | 04
#1453-d258 @A: 18 19 04 09 | 10
#1454-d258 @A: 15 01 19 22 | 05
#1455-d258 @A: 19 09 21 03 | 01
#1456-d258 @A: 19 13 32 09 | 06
#1457-d258 @A: 23 07 34 08 | 08
#1458-d258 @A: 34 03 08 20 | 12
#1459-d258 @A: 34 08 02 29 | 07
#1460-d258 @A: 25 08 34 13 | 09
#1461-d258 @A: 20 34 26 22 | 03
#1462-d258 @A: 15 26 10 34 | 02
#1463-d258 @A: 06 01 20 34 | 11
#1464-d258 @A: 20 35 34 10 | 04
#1465-d258 @A: 28 09 34 12 | 10
#1466-d258 @A: 34 05 12 02 | 05
#1467-d258 @A: 15 14 34 16 | 01
#1468-d258 @A: 11 10 34 32 | 06
#1469-d258 @A: 22 27 23 34 | 08
#1470-d258 @A: 01 34 30 21 | 12
#1471-d258 @A: 08 06 12 33 | 07
#1472-d258 @A: 15 33 08 22 | 09
#1473-d258 @A: 27 26 29 08 | 03
#1474-d258 @A: 20 09 08 14 | 02
#1475-d258 @A: 30 28 08 12 | 11
#1476-d258 @A: 14 08 11 28 | 04
#1477-d258 @A: 08 27 32 25 | 10
#1478-d258 @A: 08 23 31 09 | 05
#1479-d258 @A: 29 31 26 33 | 01
#1480-d258 @A: 33 24 22 06 | 06
#1481-d258 @A: 33 20 27 24 | 08
#1482-d258 @A: 31 18 33 20 | 12
#1483-d258 @A: 29 33 25 24 | 07
#1484-d258 @A: 03 25 33 28 | 09
#1485-d258 @A: 33 03 11 10 | 03
#1486-d258 @A: 21 33 29 30 | 02
#1487-d258 @A: 33 15 18 29 | 11
#1488-d258 @A: 27 33 22 31 | 04
#1489-d258 @A: 33 32 27 09 | 10
#1490-d258 @A: 32 25 33 22 | 05
#1491-d258 @A: 04 24 26 07 | 01
#1492-d258 @A: 24 07 05 06 | 06
#1493-d258 @A: 06 01 14 07 | 08
#1494-d258 @A: 04 02 13 07 | 12
#1495-d258 @A: 29 16 09 07 | 07
#1496-d258 @A: 07 10 35 28 | 09
#1497-d258 @A: 11 07 27 22 | 03
#1498-d258 @A: 25 18 09 07 | 02
#1499-d258 @A: 30 35 07 01 | 11
#1500-d258 @A: 03 07 31 21 | 04
#1501-d258 @A: 07 01 32 25 | 10
#1502-d258 @A: 26 28 06 05 | 05
#1503-d258 @A: 26 02 09 06 | 01
#1504-d258 @A: 25 14 26 20 | 06
#1505-d258 @A: 15 26 30 20 | 08
#1506-d258 @A: 26 18 16 12 | 12
#1507-d258 @A: 32 12 28 26 | 07
#1508-d258 @A: 30 26 02 12 | 09
#1509-d258 @A: 22 28 26 04 | 03
#1510-d258 @A: 09 28 26 10 | 02
#1511-d258 @A: 26 10 32 25 | 11
#1512-d258 @A: 14 11 29 26 | 04
#1513-d258 @A: 18 26 11 30 | 10
#1514-d258 @A: 05 01 31 26 | 05
#1515-d258 @A: 06 16 29 18 | 01
#1516-d258 @A: 14 03 06 02 | 06
#1517-d258 @A: 22 27 06 15 | 08
#1518-d258 @A: 06 32 27 35 | 12
#1519-d258 @A: 06 03 22 32 | 07
#1520-d258 @A: 30 04 32 20 | 09
#1521-d258 @A: 13 35 20 22 | 03
#1522-d258 @A: 09 11 20 15 | 02
#1523-d258 @A: 12 24 25 04 | 11
#1524-d258 @A: 04 11 14 12 | 04
#1525-d258 @A: 16 35 24 12 | 10
#1526-d258 @A: 24 29 32 12 | 05
#1527-d258 @A: 13 10 12 25 | 01
#1528-d258 @A: 14 12 13 32 | 06
#1529-d258 @A: 21 30 32 12 | 08
#1530-d258 @A: 12 05 30 11 | 12
#1531-d258 @A: 05 27 04 22 | 07
#1532-d258 @A: 13 27 04 35 | 09
#1533-d258 @A: 03 04 01 11 | 03
#1534-d258 @A: 35 15 01 04 | 02
#1535-d258 @A: 03 28 16 24 | 11
#1536-d258 @A: 10 16 24 21 | 04
#1537-d258 @A: 11 24 22 25 | 10
#1538-d258 @A: 31 22 24 01 | 05
#1539-d258 @A: 31 35 09 24 | 01
#1540-d258 @A: 03 24 32 31 | 06
#1541-d258 @A: 27 32 16 22 | 08
#1542-d258 @A: 25 27 16 30 | 12
#1543-d258 @A: 25 01 16 18 | 07
#1544-d258 @A: 09 01 32 28 | 09
#1545-d258 @A: 28 31 21 30 | 03
#1546-d258 @A: 05 13 28 01 | 02
#1547-d258 @A: 32 21 01 10 | 11
#1548-d258 @A: 10 35 23 03 | 04
#1549-d258 @A: 32 21 22 14 | 10
#1550-d258 @A: 14 22 03 11 | 05
#1551-d258 @A: 11 30 09 14 | 01
#1552-d258 @A: 13 05 03 14 | 06
#1553-d258 @A: 32 29 11 27 | 08
#1554-d258 @A: 21 29 03 15 | 12
#1555-d258 @A: 35 29 25 15 | 07
#1556-d258 @A: 23 02 13 27 | 09
#1557-d258 @A: 01 21 02 22 | 03
#1558-d258 @A: 13 30 02 32 | 02
#1559-d258 @A: 25 30 18 02 | 11
#1560-d258 @A: 03 27 18 30 | 04
#1561-d258 @A: 07 20 17 19 | 10
#1562-d258 @A: 19 15 17 06 | 05
#1563-d258 @A: 17 09 08 06 | 01
#1564-d258 @A: 09 17 03 07 | 06
#1565-d258 @A: 06 17 03 20 | 08
#1566-d258 @A: 35 20 27 17 | 12
#1567-d258 @A: 17 29 24 22 | 07
#1568-d258 @A: 17 13 21 24 | 09
#1569-d258 @A: 05 14 28 17 | 03
#1570-d258 @A: 01 13 17 14 | 02
#1571-d258 @A: 27 17 29 25 | 11
#1572-d258 @A: 17 02 27 22 | 04
#1573-d258 @A: 30 27 09 17 | 10
#1574-d258 @A: 05 17 30 21 | 05
#1575-d258 @A: 30 18 17 23 | 01
#1576-d258 @A: 19 08 27 34 | 06
#1577-d258 @A: 34 19 15 12 | 08
#1578-d258 @A: 21 19 33 04 | 12
#1579-d258 @A: 19 25 33 18 | 07
#1580-d258 @A: 03 26 19 06 | 09
#1581-d258 @A: 09 19 10 35 | 03
#1582-d258 @A: 27 19 29 22 | 02
#1583-d258 @A: 27 31 19 21 | 11
#1584-d258 @A: 11 27 15 19 | 04
#1585-d258 @A: 13 27 03 19 | 10
#1586-d258 @A: 12 34 16 33 | 05
#1587-d258 @A: 34 15 33 13 | 01
#1588-d258 @A: 26 13 28 34 | 06
#1589-d258 @A: 34 26 25 01 | 08
#1590-d258 @A: 27 34 13 06 | 12
#1591-d258 @A: 34 20 29 21 | 07
#1592-d258 @A: 12 24 31 34 | 09
#1593-d258 @A: 25 34 14 12 | 03
#1594-d258 @A: 27 18 34 04 | 02
#1595-d258 @A: 29 15 34 24 | 11
#1596-d258 @A: 24 34 21 25 | 04
#1597-d258 @A: 01 09 15 34 | 10
#1598-d258 @A: 30 34 32 15 | 05
#1599-d258 @A: 01 11 34 23 | 01
#1600-d258 @A: 13 35 23 34 | 06
#1601-d258 @A: 15 31 05 34 | 08
#1602-d258 @A: 05 18 35 34 | 12
#1603-d258 @A: 20 08 23 33 | 07
#1604-d258 @A: 02 08 32 26 | 09
#1605-d258 @A: 08 20 12 27 | 03
#1606-d258 @A: 03 12 08 24 | 02
#1607-d258 @A: 24 15 08 04 | 11
#1608-d258 @A: 08 04 05 10 | 04
#1609-d258 @A: 24 10 08 25 | 10
#1610-d258 @A: 35 08 16 05 | 05
#1611-d258 @A: 08 10 27 23 | 01
#1612-d258 @A: 08 21 30 02 | 06
#1613-d258 @A: 35 21 03 08 | 08
#1614-d258 @A: 08 05 18 01 | 12
#1615-d258 @A: 25 07 26 33 | 07
#1616-d258 @A: 31 10 20 33 | 09
#1617-d258 @A: 03 12 04 33 | 03
#1618-d258 @A: 01 12 10 33 | 02
#1619-d258 @A: 16 29 33 03 | 11
#1620-d258 @A: 09 05 16 33 | 04
#1621-d258 @A: 10 22 35 33 | 10
#1622-d258 @A: 32 21 33 02 | 05
#1623-d258 @A: 01 15 21 33 | 01
#1624-d258 @A: 23 25 11 33 | 06
#1625-d258 @A: 18 33 01 11 | 08
#1626-d258 @A: 18 32 23 33 | 12
#1627-d258 @A: 23 33 31 01 | 07
#1628-d258 @A: 27 07 20 16 | 09
#1629-d258 @A: 01 20 07 22 | 03
#1630-d258 @A: 07 28 12 15 | 02
#1631-d258 @A: 07 30 05 16 | 11
#1632-d258 @A: 30 14 07 23 | 04
#1633-d258 @A: 09 31 07 22 | 10
#1634-d258 @A: 32 07 13 21 | 05
#1635-d258 @A: 11 15 32 07 | 01
#1636-d258 @A: 07 15 31 25 | 06
#1637-d258 @A: 06 25 30 26 | 08
#1638-d258 @A: 20 29 26 09 | 12
#1639-d258 @A: 26 16 04 21 | 07
#1640-d258 @A: 11 02 26 13 | 09
#1641-d258 @A: 28 06 20 27 | 03
#1642-d258 @A: 11 12 24 06 | 02
#1643-d258 @A: 16 12 06 28 | 11
#1644-d258 @A: 02 25 12 06 | 04
#1645-d258 @A: 30 24 04 06 | 10
#1646-d258 @A: 04 06 03 28 | 05
#1647-d258 @A: 31 14 06 22 | 01
#1648-d258 @A: 06 14 22 18 | 06
#1649-d258 @A: 31 09 15 06 | 08
#1650-d258 @A: 06 32 21 31 | 12
#1651-d258 @A: 30 12 29 20 | 07
#1652-d258 @A: 20 18 05 12 | 09
#1653-d258 @A: 20 25 32 12 | 03
#1654-d258 @A: 29 20 28 18 | 02
#1655-d258 @A: 03 35 20 02 | 11
#1656-d258 @A: 21 02 12 16 | 04
#1657-d258 @A: 13 28 12 29 | 10
#1658-d258 @A: 28 12 22 25 | 05
#1659-d258 @A: 15 13 12 22 | 01
#1660-d258 @A: 12 32 22 35 | 06
#1661-d258 @A: 23 12 11 35 | 08
#1662-d258 @A: 18 03 12 25 | 12
#1663-d258 @A: 21 04 14 10 | 07
#1664-d258 @A: 15 14 22 04 | 09
#1665-d258 @A: 04 09 25 35 | 03
#1666-d258 @A: 30 01 05 04 | 02
#1667-d258 @A: 24 21 18 22 | 11
#1668-d258 @A: 24 11 13 03 | 04
#1669-d258 @A: 11 05 24 31 | 10
#1670-d258 @A: 25 16 23 28 | 05
#1671-d258 @A: 16 29 10 31 | 01
#1672-d258 @A: 15 22 03 16 | 06
#1673-d258 @A: 31 16 11 35 | 08
#1674-d258 @A: 28 21 27 22 | 12
#1675-d258 @A: 23 28 27 05 | 07
#1676-d258 @A: 31 28 03 05 | 09
#1677-d258 @A: 22 10 23 25 | 03
#1678-d258 @A: 21 10 05 25 | 02
#1679-d258 @A: 05 27 11 14 | 11
#1680-d258 @A: 09 14 18 13 | 04
#1681-d258 @A: 13 18 14 31 | 10
#1682-d258 @A: 14 03 35 25 | 05
#1683-d258 @A: 31 29 02 01 | 01
#1684-d258 @A: 03 01 29 27 | 06
#1685-d258 @A: 11 22 29 21 | 08
#1686-d258 @A: 13 29 23 01 | 12
#1687-d258 @A: 23 05 02 30 | 07
#1688-d258 @A: 35 31 15 02 | 09
#1689-d258 @A: 21 03 32 18 | 03
