#0001-d329 @A: 22 21 27 08 | 07
#0002-d329 @A: 22 26 21 14 | 11
#0003-d329 @A: 17 08 21 26 | 01
#0004-d329 @A: 17 33 21 26 | 02
#0005-d329 @A: 21 22 13 09 | 03
#0006-d329 @A: 21 09 01 16 | 12
#0007-d329 @A: 30 21 03 29 | 04
#0008-d329 @A: 21 17 12 07 | 06
#0009-d329 @A: 07 16 08 21 | 09
#0010-d329 @A: 32 18 23 21 | 05
#0011-d329 @A: 22 18 06 21 | 08
#0012-d329 @A: 17 21 25 18 | 10
#0013-d329 @A: 02 21 32 13 | 07
#0014-d329 @A: 16 21 32 14 | 11
#0015-d329 @A: 21 19 12 11 | 01
#0016-d329 @A: 21 32 08 01 | 02
#0017-d329 @A: 32 29 06 21 | 03
#0018-d329 @A: 21 25 10 12 | 12
#0019-d329 @A: 21 05 16 20 | 04
#0020-d329 @A: 17 21 16 30 | 06
#0021-d329 @A: 27 26 16 18 | 09
#0022-d329 @A: 04 26 14 27 | 05
#0023-d329 @A: 27 26 23 32 | 08
#0024-d329 @A: 08 26 10 27 | 10
#0025-d329 @A: 34 27 09 05 | 07
#0026-d329 @A: 08 03 27 01 | 11
#0027-d329 @A: 02 01 07 27 | 01
#0028-d329 @A: 07 16 27 05 | 02
#0029-d329 @A: 34 29 27 15 | 03
#0030-d329 @A: 10 01 27 25 | 12
#0031-d329 @A: 17 27 22 01 | 04
#0032-d329 @A: 27 04 02 25 | 06
#0033-d329 @A: 17 27 06 02 | 09
#0034-d329 @A: 08 25 27 33 | 05
#0035-d329 @A: 11 35 27 28 | 08
#0036-d329 @A: 35 07 13 26 | 10
#0037-d329 @A: 23 26 10 13 | 07
#0038-d329 @A: 20 29 34 26 | 11
#0039-d329 @A: 16 31 26 30 | 01
#0040-d329 @A: 01 24 22 26 | 02
#0041-d329 @A: 14 26 29 23 | 03
#0042-d329 @A: 26 11 25 32 | 12
#0043-d329 @A: 35 26 12 29 | 04
#0044-d329 @A: 26 01 17 11 | 06
#0045-d329 @A: 29 22 26 04 | 09
#0046-d329 @A: 26 05 25 17 | 05
#0047-d329 @A: 23 17 04 26 | 08
#0048-d329 @A: 26 11 16 08 | 10
#0049-d329 @A: 25 03 19 09 | 07
#0050-d329 @A: 07 14 09 02 | 11
#0051-d329 @A: 07 09 29 30 | 01
#0052-d329 @A: 09 18 23 31 | 02
#0053-d329 @A: 25 32 09 18 | 03
#0054-d329 @A: 13 08 29 09 | 12
#0055-d329 @A: 09 23 13 15 | 04
#0056-d329 @A: 08 12 24 09 | 06
#0057-d329 @A: 14 09 35 29 | 09
#0058-d329 @A: 20 06 09 32 | 05
#0059-d329 @A: 04 32 33 09 | 08
#0060-d329 @A: 09 16 12 11 | 10
#0061-d329 @A: 09 20 16 15 | 07
#0062-d329 @A: 09 02 25 28 | 11
#0063-d329 @A: 09 23 28 05 | 01
#0064-d329 @A: 09 06 35 17 | 02
#0065-d329 @A: 22 07 03 31 | 03
#0066-d329 @A: 03 30 18 17 | 12
#0067-d329 @A: 35 03 20 13 | 04
#0068-d329 @A: 34 03 01 30 | 06
#0069-d329 @A: 24 03 30 31 | 09
#0070-d329 @A: 03 17 31 12 | 05
#0071-d329 @A: 03 06 12 24 | 08
#0072-d329 @A: 29 14 17 03 | 10
#0073-d329 @A: 35 03 28 14 | 07
#0074-d329 @A: 03 33 02 06 | 11
#0075-d329 @A: 05 22 03 17 | 01
#0076-d329 @A: 16 05 03 04 | 02
#0077-d329 @A: 11 03 35 08 | 03
#0078-d329 @A: 33 04 03 16 | 12
#0079-d329 @A: 28 29 07 24 | 04
#0080-d329 @A: 14 07 30 01 | 06
#0081-d329 @A: 07 25 17 14 | 09
#0082-d329 @A: 19 22 10 07 | 05
#0083-d329 @A: 07 06 33 12 | 08
#0084-d329 @A: 22 35 02 07 | 10
#0085-d329 @A: 07 05 06 02 | 07
#0086-d329 @A: 07 23 22 04 | 11
#0087-d329 @A: 06 20 35 07 | 01
#0088-d329 @A: 18 14 13 16 | 02
#0089-d329 @A: 10 13 11 18 | 03
#0090-d329 @A: 34 05 06 18 | 12
#0091-d329 @A: 24 18 02 32 | 04
#0092-d329 @A: 11 18 14 32 | 06
#0093-d329 @A: 18 05 30 32 | 09
#0094-d329 @A: 18 23 29 28 | 05
#0095-d329 @A: 08 05 18 22 | 08
#0096-d329 @A: 16 11 18 05 | 10
#0097-d329 @A: 06 18 25 08 | 07
#0098-d329 @A: 28 16 18 06 | 11
#0099-d329 @A: 32 15 34 13 | 01
#0100-d329 @A: 34 12 13 08 | 02
#0101-d329 @A: 14 13 05 24 | 03
#0102-d329 @A: 25 14 10 13 | 12
#0103-d329 @A: 13 11 02 19 | 04
#0104-d329 @A: 13 06 16 19 | 06
#0105-d329 @A: 10 13 04 06 | 09
#0106-d329 @A: 05 16 22 13 | 05
#0107-d329 @A: 28 13 30 35 | 08
#0108-d329 @A: 31 17 34 14 | 10
#0109-d329 @A: 34 04 10 32 | 07
#0110-d329 @A: 08 05 32 34 | 11
#0111-d329 @A: 10 02 12 34 | 01
#0112-d329 @A: 16 29 12 34 | 02
#0113-d329 @A: 01 28 34 06 | 03
#0114-d329 @A: 05 25 34 33 | 12
#0115-d329 @A: 30 16 28 34 | 04
#0116-d329 @A: 19 24 08 31 | 06
#0117-d329 @A: 33 31 12 14 | 09
#0118-d329 @A: 16 14 10 31 | 05
#0119-d329 @A: 31 29 30 12 | 08
#0120-d329 @A: 31 12 28 20 | 10
#0121-d329 @A: 06 31 29 04 | 07
#0122-d329 @A: 29 17 31 33 | 11
#0123-d329 @A: 31 15 22 02 | 01
#0124-d329 @A: 28 17 31 15 | 02
#0125-d329 @A: 04 31 20 15 | 03
#0126-d329 @A: 31 35 05 22 | 12
#0127-d329 @A: 31 22 23 16 | 04
#0128-d329 @A: 28 25 31 30 | 06
#0129-d329 @A: 04 08 31 28 | 09
#0130-d329 @A: 30 11 17 31 | 05
#0131-d329 @A: 24 35 14 32 | 08
#0132-d329 @A: 14 25 23 24 | 10
#0133-d329 @A: 19 24 11 04 | 07
#0134-d329 @A: 11 17 06 24 | 11
#0135-d329 @A: 20 24 35 16 | 01
#0136-d329 @A: 02 25 33 14 | 02
#0137-d329 @A: 30 14 22 05 | 03
#0138-d329 @A: 25 14 05 11 | 12
#0139-d329 @A: 35 19 10 12 | 04
#0140-d329 @A: 15 12 32 01 | 06
#0141-d329 @A: 12 02 08 32 | 09
#0142-d329 @A: 04 11 32 01 | 05
#0143-d329 @A: 05 32 04 22 | 08
#0144-d329 @A: 22 25 32 08 | 10
#0145-d329 @A: 06 12 20 15 | 07
#0146-d329 @A: 33 02 12 20 | 11
#0147-d329 @A: 25 04 35 12 | 01
#0148-d329 @A: 01 16 22 30 | 02
#0149-d329 @A: 11 10 35 02 | 03
#0150-d329 @A: 02 10 16 04 | 12
#0151-d329 @A: 30 05 10 16 | 04
#0152-d329 @A: 25 10 08 35 | 06
#0153-d329 @A: 22 29 23 15 | 09
#0154-d329 @A: 15 29 08 33 | 05
#0155-d329 @A: 22 20 29 02 | 08
#0156-d329 @A: 08 22 29 06 | 10
#0157-d329 @A: 35 11 29 06 | 07
#0158-d329 @A: 05 15 33 30 | 11
#0159-d329 @A: 21 27 34 07 | 01
#0160-d329 @A: 27 21 24 14 | 02
#0161-d329 @A: 04 21 27 29 | 03
#0162-d329 @A: 21 07 26 05 | 12
#0163-d329 @A: 21 24 09 30 | 04
#0164-d329 @A: 18 10 16 21 | 06
#0165-d329 @A: 24 21 28 13 | 09
#0166-d329 @A: 21 01 13 11 | 05
#0167-d329 @A: 13 05 29 21 | 08
#0168-d329 @A: 21 10 24 05 | 10
#0169-d329 @A: 28 21 19 32 | 07
#0170-d329 @A: 12 10 33 21 | 11
#0171-d329 @A: 21 12 22 28 | 01
#0172-d329 @A: 21 15 25 16 | 02
#0173-d329 @A: 21 33 23 28 | 03
#0174-d329 @A: 35 21 28 16 | 12
#0175-d329 @A: 30 01 27 26 | 04
#0176-d329 @A: 09 27 07 19 | 06
#0177-d329 @A: 14 27 09 25 | 09
#0178-d329 @A: 07 04 27 17 | 05
#0179-d329 @A: 27 11 14 13 | 08
#0180-d329 @A: 30 10 34 27 | 10
#0181-d329 @A: 27 22 31 14 | 07
#0182-d329 @A: 04 27 10 19 | 11
#0183-d329 @A: 27 11 33 01 | 01
#0184-d329 @A: 33 29 16 27 | 02
#0185-d329 @A: 05 22 02 27 | 03
#0186-d329 @A: 22 23 27 35 | 12
#0187-d329 @A: 30 04 27 05 | 04
#0188-d329 @A: 16 27 04 11 | 06
#0189-d329 @A: 30 09 34 26 | 09
#0190-d329 @A: 25 09 26 01 | 05
#0191-d329 @A: 12 26 03 22 | 08
#0192-d329 @A: 26 07 22 18 | 10
#0193-d329 @A: 33 07 13 26 | 07
#0194-d329 @A: 07 06 34 26 | 11
#0195-d329 @A: 05 34 19 26 | 01
#0196-d329 @A: 26 32 16 34 | 02
#0197-d329 @A: 32 24 08 26 | 03
#0198-d329 @A: 24 26 29 06 | 12
#0199-d329 @A: 26 15 32 06 | 04
#0200-d329 @A: 12 26 10 05 | 06
#0201-d329 @A: 26 16 12 23 | 09
#0202-d329 @A: 35 02 23 26 | 05
#0203-d329 @A: 16 25 22 26 | 08
#0204-d329 @A: 03 30 35 09 | 10
#0205-d329 @A: 33 09 25 07 | 07
#0206-d329 @A: 18 01 09 33 | 11
#0207-d329 @A: 09 15 31 34 | 01
#0208-d329 @A: 06 09 24 14 | 02
#0209-d329 @A: 09 01 05 24 | 03
#0210-d329 @A: 04 09 24 29 | 12
#0211-d329 @A: 20 12 14 09 | 04
#0212-d329 @A: 19 02 09 23 | 06
#0213-d329 @A: 02 04 32 09 | 09
#0214-d329 @A: 22 23 20 09 | 05
#0215-d329 @A: 09 20 17 30 | 08
#0216-d329 @A: 13 03 07 11 | 10
#0217-d329 @A: 07 05 24 03 | 07
#0218-d329 @A: 03 31 18 02 | 11
#0219-d329 @A: 18 19 03 05 | 01
#0220-d329 @A: 06 11 03 18 | 02
#0221-d329 @A: 03 24 34 28 | 03
#0222-d329 @A: 03 25 04 31 | 12
#0223-d329 @A: 03 01 32 14 | 04
#0224-d329 @A: 03 20 12 29 | 06
#0225-d329 @A: 03 29 06 01 | 09
#0226-d329 @A: 17 23 02 03 | 05
#0227-d329 @A: 25 11 03 23 | 08
#0228-d329 @A: 06 17 25 03 | 10
#0229-d329 @A: 23 03 28 16 | 07
#0230-d329 @A: 07 14 18 24 | 11
#0231-d329 @A: 13 06 07 24 | 01
#0232-d329 @A: 28 07 19 13 | 02
#0233-d329 @A: 01 13 17 07 | 03
#0234-d329 @A: 29 07 19 02 | 12
#0235-d329 @A: 11 30 07 15 | 04
#0236-d329 @A: 20 22 33 07 | 06
#0237-d329 @A: 05 30 07 28 | 09
#0238-d329 @A: 30 07 25 35 | 05
#0239-d329 @A: 34 01 18 20 | 08
#0240-d329 @A: 31 25 18 12 | 10
#0241-d329 @A: 25 19 24 18 | 07
#0242-d329 @A: 18 14 28 01 | 11
#0243-d329 @A: 29 18 08 01 | 01
#0244-d329 @A: 18 25 20 22 | 02
#0245-d329 @A: 33 18 16 35 | 03
#0246-d329 @A: 35 24 13 10 | 12
#0247-d329 @A: 12 22 13 20 | 04
#0248-d329 @A: 13 06 35 22 | 06
#0249-d329 @A: 33 13 20 23 | 09
#0250-d329 @A: 02 01 05 34 | 05
#0251-d329 @A: 30 15 34 23 | 08
#0252-d329 @A: 16 06 15 34 | 10
#0253-d329 @A: 34 35 02 06 | 07
#0254-d329 @A: 05 17 34 23 | 11
#0255-d329 @A: 34 33 20 11 | 01
#0256-d329 @A: 10 24 33 31 | 02
#0257-d329 @A: 31 14 29 15 | 03
#0258-d329 @A: 10 06 31 19 | 12
#0259-d329 @A: 32 23 29 31 | 04
#0260-d329 @A: 15 30 31 32 | 06
#0261-d329 @A: 15 08 12 31 | 09
#0262-d329 @A: 28 31 33 15 | 05
#0263-d329 @A: 31 35 04 16 | 08
#0264-d329 @A: 12 28 24 19 | 10
#0265-d329 @A: 14 04 19 33 | 07
#0266-d329 @A: 02 06 16 14 | 11
#0267-d329 @A: 19 33 02 12 | 01
#0268-d329 @A: 19 20 15 05 | 02
#0269-d329 @A: 15 11 19 06 | 03
#0270-d329 @A: 28 02 19 22 | 12
#0271-d329 @A: 06 35 25 19 | 04
#0272-d329 @A: 08 30 25 19 | 06
#0273-d329 @A: 19 06 23 08 | 09
#0274-d329 @A: 04 06 17 19 | 05
#0275-d329 @A: 32 29 35 22 | 08
#0276-d329 @A: 28 16 15 32 | 10
#0277-d329 @A: 35 32 28 02 | 07
#0278-d329 @A: 20 32 11 17 | 11
#0279-d329 @A: 12 11 15 17 | 01
#0280-d329 @A: 12 06 08 11 | 02
#0281-d329 @A: 04 15 01 30 | 03
#0282-d329 @A: 15 10 33 02 | 12
#0283-d329 @A: 10 30 28 22 | 04
#0284-d329 @A: 22 08 11 10 | 06
#0285-d329 @A: 23 10 06 05 | 09
#0286-d329 @A: 35 25 33 10 | 05
#0287-d329 @A: 04 23 08 10 | 08
#0288-d329 @A: 02 16 08 29 | 10
#0289-d329 @A: 25 20 29 06 | 07
#0290-d329 @A: 20 30 16 29 | 11
#0291-d329 @A: 05 33 16 08 | 01
#0292-d329 @A: 27 01 15 21 | 02
#0293-d329 @A: 06 30 26 21 | 03
#0294-d329 @A: 09 21 03 08 | 12
#0295-d329 @A: 15 32 21 09 | 04
#0296-d329 @A: 04 10 21 09 | 06
#0297-d329 @A: 21 14 04 03 | 09
#0298-d329 @A: 32 03 21 05 | 05
#0299-d329 @A: 07 01 18 21 | 08
#0300-d329 @A: 10 07 21 11 | 10
#0301-d329 @A: 21 23 35 13 | 07
#0302-d329 @A: 24 08 34 21 | 11
#0303-d329 @A: 21 01 14 34 | 01
#0304-d329 @A: 21 32 10 30 | 02
#0305-d329 @A: 33 15 32 21 | 03
#0306-d329 @A: 04 12 23 21 | 12
#0307-d329 @A: 21 33 01 30 | 04
#0308-d329 @A: 05 15 21 22 | 06
#0309-d329 @A: 22 04 02 21 | 09
#0310-d329 @A: 04 25 11 21 | 05
#0311-d329 @A: 26 28 12 27 | 08
#0312-d329 @A: 18 09 27 08 | 10
#0313-d329 @A: 29 27 09 20 | 07
#0314-d329 @A: 27 33 09 23 | 11
#0315-d329 @A: 29 27 11 03 | 01
#0316-d329 @A: 27 03 33 20 | 02
#0317-d329 @A: 25 27 11 18 | 03
#0318-d329 @A: 34 27 31 25 | 12
#0319-d329 @A: 27 02 34 24 | 04
#0320-d329 @A: 19 34 27 23 | 06
#0321-d329 @A: 27 23 16 24 | 09
#0322-d329 @A: 27 23 06 15 | 05
#0323-d329 @A: 16 15 27 08 | 08
#0324-d329 @A: 25 22 30 27 | 10
#0325-d329 @A: 27 30 11 08 | 07
#0326-d329 @A: 26 07 16 03 | 11
#0327-d329 @A: 14 03 26 30 | 01
#0328-d329 @A: 26 05 14 18 | 02
#0329-d329 @A: 28 24 26 14 | 03
#0330-d329 @A: 10 11 26 24 | 12
#0331-d329 @A: 26 06 19 01 | 04
#0332-d329 @A: 10 16 26 01 | 06
#0333-d329 @A: 16 33 01 26 | 09
#0334-d329 @A: 26 02 28 16 | 05
#0335-d329 @A: 05 26 08 28 | 08
#0336-d329 @A: 35 25 28 26 | 10
#0337-d329 @A: 33 30 26 23 | 07
#0338-d329 @A: 14 09 16 03 | 11
#0339-d329 @A: 07 17 31 09 | 01
#0340-d329 @A: 20 09 18 24 | 02
#0341-d329 @A: 15 18 10 09 | 03
#0342-d329 @A: 09 22 01 34 | 12
#0343-d329 @A: 10 25 09 31 | 04
#0344-d329 @A: 35 31 11 09 | 06
#0345-d329 @A: 09 19 30 28 | 09
#0346-d329 @A: 09 11 08 19 | 05
#0347-d329 @A: 02 17 09 15 | 08
#0348-d329 @A: 06 09 28 15 | 10
#0349-d329 @A: 33 05 09 02 | 07
#0350-d329 @A: 16 23 09 30 | 11
#0351-d329 @A: 14 03 07 33 | 01
#0352-d329 @A: 10 02 03 07 | 02
#0353-d329 @A: 04 18 01 03 | 03
#0354-d329 @A: 14 02 03 13 | 12
#0355-d329 @A: 23 13 03 01 | 04
#0356-d329 @A: 23 19 29 03 | 06
#0357-d329 @A: 30 03 20 32 | 09
#0358-d329 @A: 18 31 35 07 | 05
#0359-d329 @A: 07 08 18 12 | 08
#0360-d329 @A: 18 16 07 30 | 10
#0361-d329 @A: 30 13 07 31 | 07
#0362-d329 @A: 02 34 17 07 | 11
#0363-d329 @A: 28 31 14 07 | 01
#0364-d329 @A: 10 07 14 04 | 02
#0365-d329 @A: 07 19 12 23 | 03
#0366-d329 @A: 29 10 07 01 | 12
#0367-d329 @A: 23 07 10 28 | 04
#0368-d329 @A: 15 11 07 33 | 06
#0369-d329 @A: 04 33 30 07 | 09
#0370-d329 @A: 34 35 18 25 | 05
#0371-d329 @A: 14 02 29 18 | 08
#0372-d329 @A: 18 19 15 32 | 10
#0373-d329 @A: 18 02 12 19 | 07
#0374-d329 @A: 19 17 10 18 | 11
#0375-d329 @A: 35 11 01 18 | 01
#0376-d329 @A: 14 13 34 06 | 02
#0377-d329 @A: 24 13 19 20 | 03
#0378-d329 @A: 19 33 10 13 | 12
#0379-d329 @A: 32 16 29 13 | 04
#0380-d329 @A: 01 13 05 10 | 06
#0381-d329 @A: 13 01 02 35 | 09
#0382-d329 @A: 28 08 06 13 | 05
#0383-d329 @A: 16 13 20 28 | 08
#0384-d329 @A: 11 13 04 35 | 10
#0385-d329 @A: 04 16 17 13 | 07
#0386-d329 @A: 01 34 31 08 | 11
#0387-d329 @A: 34 16 14 19 | 01
#0388-d329 @A: 17 12 34 01 | 02
#0389-d329 @A: 15 05 35 34 | 03
#0390-d329 @A: 11 31 10 12 | 12
#0391-d329 @A: 25 08 02 31 | 04
#0392-d329 @A: 08 31 30 22 | 06
#0393-d329 @A: 25 35 17 31 | 09
#0394-d329 @A: 14 29 24 16 | 05
#0395-d329 @A: 02 20 05 24 | 08
#0396-d329 @A: 06 30 05 24 | 10
#0397-d329 @A: 33 23 25 24 | 07
#0398-d329 @A: 04 20 06 24 | 11
#0399-d329 @A: 25 14 35 01 | 01
#0400-d329 @A: 14 01 16 04 | 02
#0401-d329 @A: 14 33 28 29 | 03
#0402-d329 @A: 11 14 02 08 | 12
#0403-d329 @A: 30 04 14 25 | 04
#0404-d329 @A: 16 19 10 25 | 06
#0405-d329 @A: 20 19 22 30 | 09
#0406-d329 @A: 05 04 19 25 | 05
#0407-d329 @A: 16 19 05 17 | 08
#0408-d329 @A: 35 23 11 19 | 10
#0409-d329 @A: 32 35 15 11 | 07
#0410-d329 @A: 08 32 15 04 | 11
#0411-d329 @A: 16 33 23 32 | 01
#0412-d329 @A: 05 22 25 12 | 02
#0413-d329 @A: 04 12 22 17 | 03
#0414-d329 @A: 25 28 12 11 | 12
#0415-d329 @A: 12 20 17 23 | 04
#0416-d329 @A: 01 23 33 10 | 06
#0417-d329 @A: 15 02 11 01 | 09
#0418-d329 @A: 15 01 16 05 | 05
#0419-d329 @A: 08 10 29 28 | 08
#0420-d329 @A: 35 10 04 15 | 10
#0421-d329 @A: 10 22 06 02 | 07
#0422-d329 @A: 17 02 20 10 | 11
#0423-d329 @A: 05 11 04 10 | 01
#0424-d329 @A: 35 30 10 23 | 02
#0425-d329 @A: 29 15 35 08 | 03
#0426-d329 @A: 05 30 23 29 | 12
#0427-d329 @A: 20 05 29 11 | 04
#0428-d329 @A: 04 29 17 20 | 06
#0429-d329 @A: 33 17 25 15 | 09
#0430-d329 @A: 33 15 17 04 | 05
#0431-d329 @A: 21 27 06 13 | 08
#0432-d329 @A: 27 05 21 23 | 10
#0433-d329 @A: 26 25 31 21 | 07
#0434-d329 @A: 21 20 31 09 | 11
#0435-d329 @A: 05 09 14 21 | 01
#0436-d329 @A: 21 19 09 35 | 02
#0437-d329 @A: 21 24 07 23 | 03
#0438-d329 @A: 21 07 33 35 | 12
#0439-d329 @A: 18 19 20 21 | 04
#0440-d329 @A: 16 12 13 21 | 06
#0441-d329 @A: 34 21 23 31 | 09
#0442-d329 @A: 34 02 19 21 | 05
#0443-d329 @A: 11 21 34 15 | 08
#0444-d329 @A: 34 25 06 21 | 10
#0445-d329 @A: 21 35 12 14 | 07
#0446-d329 @A: 29 17 19 21 | 11
#0447-d329 @A: 30 19 21 04 | 01
#0448-d329 @A: 12 32 21 20 | 02
#0449-d329 @A: 10 15 20 21 | 03
#0450-d329 @A: 02 21 16 23 | 12
#0451-d329 @A: 30 25 21 20 | 04
#0452-d329 @A: 04 08 35 21 | 06
#0453-d329 @A: 32 30 09 27 | 09
#0454-d329 @A: 34 27 03 16 | 05
#0455-d329 @A: 27 07 18 28 | 08
#0456-d329 @A: 18 15 33 27 | 10
#0457-d329 @A: 27 01 11 34 | 07
#0458-d329 @A: 28 27 32 14 | 11
#0459-d329 @A: 05 12 19 27 | 01
#0460-d329 @A: 08 19 29 27 | 02
#0461-d329 @A: 32 27 05 29 | 03
#0462-d329 @A: 22 27 11 12 | 12
#0463-d329 @A: 12 17 27 33 | 04
#0464-d329 @A: 05 17 27 15 | 06
#0465-d329 @A: 03 26 09 32 | 09
#0466-d329 @A: 22 03 26 33 | 05
#0467-d329 @A: 26 10 18 30 | 08
#0468-d329 @A: 20 26 01 31 | 10
#0469-d329 @A: 19 33 25 26 | 07
#0470-d329 @A: 25 26 23 15 | 11
#0471-d329 @A: 26 35 20 15 | 01
#0472-d329 @A: 26 28 30 17 | 02
#0473-d329 @A: 16 26 04 20 | 03
#0474-d329 @A: 03 09 23 07 | 12
#0475-d329 @A: 12 03 09 05 | 04
#0476-d329 @A: 01 07 08 09 | 06
#0477-d329 @A: 01 02 18 09 | 09
#0478-d329 @A: 18 16 09 29 | 05
#0479-d329 @A: 24 13 25 09 | 08
#0480-d329 @A: 22 10 32 09 | 10
#0481-d329 @A: 12 09 30 01 | 07
#0482-d329 @A: 02 09 29 12 | 11
#0483-d329 @A: 12 15 04 09 | 01
#0484-d329 @A: 11 15 09 05 | 02
#0485-d329 @A: 25 23 06 09 | 03
#0486-d329 @A: 25 09 11 30 | 12
#0487-d329 @A: 25 09 16 04 | 04
#0488-d329 @A: 32 03 13 06 | 06
#0489-d329 @A: 12 35 03 34 | 09
#0490-d329 @A: 03 35 24 19 | 05
#0491-d329 @A: 24 01 17 03 | 08
#0492-d329 @A: 15 10 03 32 | 10
#0493-d329 @A: 03 01 12 16 | 07
#0494-d329 @A: 03 10 12 08 | 11
#0495-d329 @A: 29 03 25 16 | 01
#0496-d329 @A: 04 06 03 22 | 02
#0497-d329 @A: 33 03 17 23 | 03
#0498-d329 @A: 07 13 05 12 | 12
#0499-d329 @A: 15 10 07 13 | 04
#0500-d329 @A: 34 11 07 14 | 06
#0501-d329 @A: 08 34 07 35 | 09
#0502-d329 @A: 31 32 06 07 | 05
#0503-d329 @A: 33 07 02 31 | 08
#0504-d329 @A: 32 07 20 14 | 10
#0505-d329 @A: 19 08 07 05 | 07
#0506-d329 @A: 32 07 33 01 | 11
#0507-d329 @A: 10 12 30 07 | 01
#0508-d329 @A: 15 07 25 12 | 02
#0509-d329 @A: 12 02 07 16 | 03
#0510-d329 @A: 23 16 06 07 | 12
#0511-d329 @A: 14 31 18 04 | 04
#0512-d329 @A: 29 18 05 31 | 06
#0513-d329 @A: 18 10 08 14 | 09
#0514-d329 @A: 18 06 20 14 | 05
#0515-d329 @A: 18 16 12 20 | 08
#0516-d329 @A: 15 23 18 05 | 10
#0517-d329 @A: 18 15 16 35 | 07
#0518-d329 @A: 18 11 17 02 | 11
#0519-d329 @A: 22 18 11 04 | 01
#0520-d329 @A: 18 28 05 17 | 02
#0521-d329 @A: 17 06 33 18 | 03
#0522-d329 @A: 14 13 31 23 | 12
#0523-d329 @A: 32 19 13 31 | 04
#0524-d329 @A: 01 13 08 19 | 06
#0525-d329 @A: 19 31 34 35 | 09
#0526-d329 @A: 17 29 34 24 | 05
#0527-d329 @A: 25 24 34 22 | 08
#0528-d329 @A: 24 34 16 05 | 10
#0529-d329 @A: 24 34 35 04 | 07
#0530-d329 @A: 28 05 34 14 | 11
#0531-d329 @A: 06 32 34 19 | 01
#0532-d329 @A: 23 34 12 32 | 02
#0533-d329 @A: 29 11 34 30 | 03
#0534-d329 @A: 22 04 34 28 | 12
#0535-d329 @A: 30 34 22 35 | 04
#0536-d329 @A: 25 11 16 34 | 06
#0537-d329 @A: 34 06 04 11 | 09
#0538-d329 @A: 06 34 20 30 | 05
#0539-d329 @A: 24 15 10 19 | 08
#0540-d329 @A: 28 24 32 01 | 10
#0541-d329 @A: 24 10 16 12 | 07
#0542-d329 @A: 06 24 02 01 | 11
#0543-d329 @A: 08 24 02 15 | 01
#0544-d329 @A: 23 24 28 02 | 02
#0545-d329 @A: 30 24 20 28 | 03
#0546-d329 @A: 19 10 05 14 | 12
#0547-d329 @A: 14 01 10 17 | 04
#0548-d329 @A: 14 29 05 01 | 06
#0549-d329 @A: 29 14 30 08 | 09
#0550-d329 @A: 15 14 20 30 | 05
#0551-d329 @A: 05 14 04 02 | 08
#0552-d329 @A: 02 35 14 17 | 10
#0553-d329 @A: 14 04 17 11 | 07
#0554-d329 @A: 14 35 16 30 | 11
#0555-d329 @A: 19 29 11 32 | 01
#0556-d329 @A: 29 19 35 16 | 02
#0557-d329 @A: 28 16 19 08 | 03
#0558-d329 @A: 20 35 19 08 | 12
#0559-d329 @A: 02 32 22 23 | 04
#0560-d329 @A: 32 08 28 17 | 06
#0561-d329 @A: 12 04 02 20 | 09
#0562-d329 @A: 12 33 30 22 | 05
#0563-d329 @A: 12 11 23 05 | 08
#0564-d329 @A: 04 33 25 12 | 10
#0565-d329 @A: 28 23 12 06 | 07
#0566-d329 @A: 12 28 35 08 | 11
#0567-d329 @A: 17 01 15 06 | 01
#0568-d329 @A: 04 22 01 20 | 02
#0569-d329 @A: 01 20 05 25 | 03
#0570-d329 @A: 04 01 25 23 | 12
#0571-d329 @A: 28 23 01 11 | 04
#0572-d329 @A: 06 20 01 16 | 06
#0573-d329 @A: 11 29 10 15 | 09
#0574-d329 @A: 29 02 30 10 | 05
#0575-d329 @A: 29 10 16 06 | 08
#0576-d329 @A: 10 29 17 35 | 10
#0577-d329 @A: 16 10 20 22 | 07
#0578-d329 @A: 05 35 29 02 | 11
#0579-d329 @A: 08 25 29 11 | 01
#0580-d329 @A: 04 16 29 23 | 02
#0581-d329 @A: 33 17 02 30 | 03
#0582-d329 @A: 22 33 08 05 | 12
#0583-d329 @A: 35 33 17 22 | 04
#0584-d329 @A: 30 16 25 33 | 06
#0585-d329 @A: 21 35 03 27 | 09
#0586-d329 @A: 17 10 27 21 | 05
#0587-d329 @A: 18 21 13 26 | 08
#0588-d329 @A: 34 21 17 09 | 10
#0589-d329 @A: 11 21 09 33 | 07
#0590-d329 @A: 25 01 03 21 | 11
#0591-d329 @A: 07 31 02 21 | 01
#0592-d329 @A: 21 29 20 07 | 02
#0593-d329 @A: 21 13 08 10 | 03
#0594-d329 @A: 13 33 21 25 | 12
#0595-d329 @A: 34 21 04 16 | 04
#0596-d329 @A: 29 28 21 31 | 06
#0597-d329 @A: 05 30 31 21 | 09
#0598-d329 @A: 21 11 24 32 | 05
#0599-d329 @A: 24 21 22 16 | 08
#0600-d329 @A: 10 14 02 21 | 10
#0601-d329 @A: 01 35 21 30 | 07
#0602-d329 @A: 05 08 21 25 | 11
#0603-d329 @A: 19 26 25 27 | 01
#0604-d329 @A: 27 03 17 09 | 02
#0605-d329 @A: 22 09 27 24 | 03
#0606-d329 @A: 09 06 27 11 | 12
#0607-d329 @A: 07 27 20 13 | 04
#0608-d329 @A: 35 10 07 27 | 06
#0609-d329 @A: 17 12 27 18 | 09
#0610-d329 @A: 18 29 27 06 | 05
#0611-d329 @A: 13 33 27 14 | 08
#0612-d329 @A: 31 27 33 35 | 10
#0613-d329 @A: 08 12 14 27 | 07
#0614-d329 @A: 20 14 27 01 | 11
#0615-d329 @A: 14 10 27 29 | 01
#0616-d329 @A: 02 32 19 27 | 02
#0617-d329 @A: 27 01 29 16 | 03
#0618-d329 @A: 26 04 07 09 | 12
#0619-d329 @A: 34 23 26 03 | 04
#0620-d329 @A: 03 24 26 20 | 06
#0621-d329 @A: 13 26 29 11 | 09
#0622-d329 @A: 13 26 08 02 | 05
#0623-d329 @A: 20 13 26 30 | 08
#0624-d329 @A: 11 34 26 12 | 10
#0625-d329 @A: 02 25 24 26 | 07
#0626-d329 @A: 32 17 26 14 | 11
#0627-d329 @A: 15 16 14 26 | 01
#0628-d329 @A: 01 02 29 26 | 02
#0629-d329 @A: 26 05 33 28 | 03
#0630-d329 @A: 05 16 26 06 | 12
#0631-d329 @A: 11 26 28 04 | 04
#0632-d329 @A: 07 32 09 28 | 06
#0633-d329 @A: 07 09 06 10 | 09
#0634-d329 @A: 09 17 18 14 | 05
#0635-d329 @A: 19 09 18 06 | 08
#0636-d329 @A: 13 33 24 09 | 10
#0637-d329 @A: 13 19 09 05 | 07
#0638-d329 @A: 13 09 12 17 | 11
#0639-d329 @A: 10 09 13 30 | 01
#0640-d329 @A: 08 09 14 32 | 02
#0641-d329 @A: 28 14 09 10 | 03
#0642-d329 @A: 17 09 01 19 | 12
#0643-d329 @A: 08 09 15 25 | 04
#0644-d329 @A: 09 22 02 11 | 06
#0645-d329 @A: 17 04 08 09 | 09
#0646-d329 @A: 07 06 03 08 | 05
#0647-d329 @A: 03 29 15 18 | 08
#0648-d329 @A: 13 03 29 04 | 10
#0649-d329 @A: 03 13 30 22 | 07
#0650-d329 @A: 33 13 03 05 | 11
#0651-d329 @A: 10 31 29 03 | 01
#0652-d329 @A: 14 11 03 24 | 02
#0653-d329 @A: 22 03 14 23 | 03
#0654-d329 @A: 08 03 22 19 | 12
#0655-d329 @A: 23 30 03 12 | 04
#0656-d329 @A: 28 02 05 03 | 06
#0657-d329 @A: 02 08 03 04 | 09
#0658-d329 @A: 04 23 03 20 | 05
#0659-d329 @A: 33 34 07 18 | 08
#0660-d329 @A: 32 07 22 24 | 10
#0661-d329 @A: 12 24 35 07 | 07
#0662-d329 @A: 24 33 07 05 | 11
#0663-d329 @A: 06 07 29 14 | 01
#0664-d329 @A: 30 17 07 19 | 02
#0665-d329 @A: 01 07 32 16 | 03
#0666-d329 @A: 12 06 07 01 | 12
#0667-d329 @A: 07 04 05 01 | 04
#0668-d329 @A: 15 28 07 22 | 06
#0669-d329 @A: 04 07 20 25 | 09
#0670-d329 @A: 07 28 08 33 | 05
#0671-d329 @A: 04 06 30 07 | 08
#0672-d329 @A: 05 13 18 20 | 10
#0673-d329 @A: 31 18 32 16 | 07
#0674-d329 @A: 18 24 28 08 | 11
#0675-d329 @A: 12 04 18 10 | 01
#0676-d329 @A: 33 12 29 18 | 02
#0677-d329 @A: 16 02 22 18 | 03
#0678-d329 @A: 05 02 25 18 | 12
#0679-d329 @A: 30 23 18 22 | 04
#0680-d329 @A: 11 33 22 18 | 06
#0681-d329 @A: 23 35 04 18 | 09
#0682-d329 @A: 28 30 11 18 | 05
#0683-d329 @A: 17 35 08 18 | 08
#0684-d329 @A: 31 34 13 11 | 10
#0685-d329 @A: 06 31 12 13 | 07
#0686-d329 @A: 24 01 15 13 | 11
#0687-d329 @A: 28 32 25 13 | 01
#0688-d329 @A: 29 06 13 17 | 02
#0689-d329 @A: 35 29 13 33 | 03
#0690-d329 @A: 13 22 15 08 | 12
#0691-d329 @A: 13 15 05 04 | 04
#0692-d329 @A: 24 31 32 34 | 06
#0693-d329 @A: 02 34 29 31 | 09
#0694-d329 @A: 32 33 10 34 | 05
#0695-d329 @A: 17 35 11 34 | 08
#0696-d329 @A: 24 31 29 11 | 10
#0697-d329 @A: 24 31 15 16 | 07
#0698-d329 @A: 01 31 14 02 | 11
#0699-d329 @A: 23 31 19 17 | 01
#0700-d329 @A: 31 20 25 23 | 02
#0701-d329 @A: 30 06 23 31 | 03
#0702-d329 @A: 11 04 31 23 | 12
#0703-d329 @A: 06 08 31 20 | 04
#0704-d329 @A: 01 33 24 12 | 06
#0705-d329 @A: 15 11 24 28 | 09
#0706-d329 @A: 16 11 33 24 | 05
#0707-d329 @A: 33 24 35 20 | 08
#0708-d329 @A: 14 30 32 33 | 10
#0709-d329 @A: 30 10 11 14 | 07
#0710-d329 @A: 23 20 14 02 | 11
#0711-d329 @A: 28 20 14 08 | 01
#0712-d329 @A: 20 14 11 16 | 02
#0713-d329 @A: 14 33 20 16 | 03
#0714-d329 @A: 01 22 19 32 | 12
#0715-d329 @A: 05 19 10 33 | 04
#0716-d329 @A: 19 02 20 25 | 06
#0717-d329 @A: 35 16 10 32 | 09
#0718-d329 @A: 20 32 22 15 | 05
#0719-d329 @A: 28 32 06 22 | 08
#0720-d329 @A: 22 01 12 10 | 10
#0721-d329 @A: 33 15 12 16 | 07
#0722-d329 @A: 17 28 12 02 | 11
#0723-d329 @A: 23 33 08 12 | 01
#0724-d329 @A: 17 25 08 01 | 02
#0725-d329 @A: 35 17 01 20 | 03
#0726-d329 @A: 16 15 23 10 | 12
#0727-d329 @A: 30 17 15 10 | 04
#0728-d329 @A: 10 28 35 06 | 06
#0729-d329 @A: 16 11 10 28 | 09
#0730-d329 @A: 15 28 04 29 | 05
#0731-d329 @A: 29 06 23 02 | 08
#0732-d329 @A: 02 11 29 04 | 10
#0733-d329 @A: 25 35 23 29 | 07
#0734-d329 @A: 21 27 09 28 | 11
#0735-d329 @A: 03 11 21 26 | 01
#0736-d329 @A: 12 21 26 15 | 02
#0737-d329 @A: 29 35 21 18 | 03
#0738-d329 @A: 30 13 34 21 | 12
#0739-d329 @A: 13 25 21 19 | 04
#0740-d329 @A: 33 34 06 21 | 06
#0741-d329 @A: 32 31 21 17 | 09
#0742-d329 @A: 21 23 10 19 | 05
#0743-d329 @A: 21 16 22 33 | 08
#0744-d329 @A: 22 21 35 20 | 10
#0745-d329 @A: 21 17 06 20 | 07
#0746-d329 @A: 07 27 11 26 | 11
#0747-d329 @A: 13 09 01 27 | 01
#0748-d329 @A: 12 09 27 35 | 02
#0749-d329 @A: 31 03 27 28 | 03
#0750-d329 @A: 30 13 27 18 | 12
#0751-d329 @A: 18 01 24 27 | 04
#0752-d329 @A: 27 33 18 30 | 06
#0753-d329 @A: 13 27 08 25 | 09
#0754-d329 @A: 27 33 28 34 | 05
#0755-d329 @A: 04 27 08 34 | 08
#0756-d329 @A: 27 30 19 31 | 10
#0757-d329 @A: 06 24 19 27 | 07
#0758-d329 @A: 10 28 27 24 | 11
#0759-d329 @A: 14 06 27 35 | 01
#0760-d329 @A: 27 08 35 05 | 02
#0761-d329 @A: 17 27 25 23 | 03
#0762-d329 @A: 27 06 28 04 | 12
#0763-d329 @A: 03 13 25 26 | 04
#0764-d329 @A: 05 26 03 29 | 06
#0765-d329 @A: 18 12 06 26 | 09
#0766-d329 @A: 15 01 26 18 | 05
#0767-d329 @A: 17 26 18 20 | 08
#0768-d329 @A: 31 35 26 14 | 10
#0769-d329 @A: 17 26 02 31 | 07
#0770-d329 @A: 26 24 33 15 | 11
#0771-d329 @A: 26 19 10 02 | 01
#0772-d329 @A: 19 26 08 15 | 02
#0773-d329 @A: 33 12 03 09 | 03
#0774-d329 @A: 13 16 09 07 | 12
#0775-d329 @A: 34 09 32 11 | 04
#0776-d329 @A: 08 34 10 09 | 06
#0777-d329 @A: 06 09 29 34 | 09
#0778-d329 @A: 09 31 04 19 | 05
#0779-d329 @A: 09 24 35 23 | 08
#0780-d329 @A: 09 19 14 22 | 10
#0781-d329 @A: 29 19 15 09 | 07
#0782-d329 @A: 09 01 29 11 | 11
#0783-d329 @A: 09 33 20 10 | 01
#0784-d329 @A: 05 09 29 25 | 02
#0785-d329 @A: 04 09 05 06 | 03
#0786-d329 @A: 03 19 04 07 | 12
#0787-d329 @A: 35 18 03 10 | 04
#0788-d329 @A: 03 14 31 08 | 06
#0789-d329 @A: 31 35 32 03 | 09
#0790-d329 @A: 03 23 31 15 | 05
#0791-d329 @A: 11 03 31 20 | 08
#0792-d329 @A: 19 03 06 14 | 10
#0793-d329 @A: 17 28 03 19 | 07
#0794-d329 @A: 15 01 33 03 | 11
#0795-d329 @A: 06 10 03 33 | 01
#0796-d329 @A: 25 03 15 20 | 02
#0797-d329 @A: 02 03 20 16 | 03
#0798-d329 @A: 25 35 22 03 | 12
#0799-d329 @A: 03 25 28 08 | 04
#0800-d329 @A: 11 18 07 19 | 06
#0801-d329 @A: 15 18 07 06 | 09
#0802-d329 @A: 14 08 13 07 | 05
#0803-d329 @A: 24 34 01 07 | 08
#0804-d329 @A: 19 34 15 07 | 10
#0805-d329 @A: 33 17 34 07 | 07
#0806-d329 @A: 22 01 07 25 | 11
#0807-d329 @A: 29 07 23 33 | 01
#0808-d329 @A: 07 30 20 02 | 02
#0809-d329 @A: 20 05 07 22 | 03
#0810-d329 @A: 04 07 08 11 | 12
#0811-d329 @A: 34 18 15 12 | 04
#0812-d329 @A: 01 22 18 31 | 06
#0813-d329 @A: 18 33 24 25 | 09
#0814-d329 @A: 12 01 18 05 | 05
#0815-d329 @A: 28 18 02 10 | 08
#0816-d329 @A: 15 18 20 28 | 10
#0817-d329 @A: 20 35 18 02 | 07
#0818-d329 @A: 33 23 05 18 | 11
#0819-d329 @A: 34 19 04 13 | 01
#0820-d329 @A: 29 13 20 31 | 02
#0821-d329 @A: 24 11 13 12 | 03
#0822-d329 @A: 01 13 32 20 | 12
#0823-d329 @A: 32 05 11 13 | 04
#0824-d329 @A: 15 13 17 20 | 06
#0825-d329 @A: 13 22 25 04 | 09
#0826-d329 @A: 05 35 17 13 | 05
#0827-d329 @A: 20 13 11 25 | 08
#0828-d329 @A: 06 13 20 23 | 10
#0829-d329 @A: 04 13 20 08 | 07
#0830-d329 @A: 19 17 34 20 | 11
#0831-d329 @A: 33 29 04 34 | 01
#0832-d329 @A: 08 34 22 16 | 02
#0833-d329 @A: 08 20 34 11 | 03
#0834-d329 @A: 01 12 35 31 | 12
#0835-d329 @A: 31 06 28 02 | 04
#0836-d329 @A: 31 20 33 30 | 06
#0837-d329 @A: 19 24 22 23 | 09
#0838-d329 @A: 32 12 24 05 | 05
#0839-d329 @A: 24 23 32 06 | 08
#0840-d329 @A: 24 20 15 23 | 10
#0841-d329 @A: 35 24 25 11 | 07
#0842-d329 @A: 24 16 28 04 | 11
#0843-d329 @A: 24 08 16 06 | 01
#0844-d329 @A: 28 04 14 19 | 02
#0845-d329 @A: 11 23 15 14 | 03
#0846-d329 @A: 06 17 14 30 | 12
#0847-d329 @A: 33 22 19 11 | 04
#0848-d329 @A: 28 19 25 23 | 06
#0849-d329 @A: 32 10 02 01 | 09
#0850-d329 @A: 25 02 15 32 | 05
#0851-d329 @A: 23 11 32 16 | 08
#0852-d329 @A: 20 08 01 10 | 10
#0853-d329 @A: 01 23 06 35 | 07
#0854-d329 @A: 23 29 20 10 | 11
#0855-d329 @A: 15 06 10 08 | 01
#0856-d329 @A: 08 05 10 02 | 02
#0857-d329 @A: 16 17 10 33 | 03
#0858-d329 @A: 29 15 05 06 | 12
#0859-d329 @A: 28 22 29 25 | 04
#0860-d329 @A: 05 20 29 33 | 06
#0861-d329 @A: 20 28 35 29 | 09
#0862-d329 @A: 15 33 22 06 | 05
#0863-d329 @A: 06 25 33 28 | 08
#0864-d329 @A: 04 33 20 28 | 10
#0865-d329 @A: 27 21 19 16 | 07
#0866-d329 @A: 09 21 07 25 | 11
#0867-d329 @A: 18 21 12 03 | 01
#0868-d329 @A: 06 21 19 07 | 02
#0869-d329 @A: 18 08 21 31 | 03
#0870-d329 @A: 05 21 12 34 | 12
#0871-d329 @A: 33 21 05 31 | 04
#0872-d329 @A: 19 05 21 01 | 06
#0873-d329 @A: 22 29 21 01 | 09
#0874-d329 @A: 02 17 21 05 | 05
#0875-d329 @A: 30 02 28 21 | 08
#0876-d329 @A: 22 23 25 21 | 10
#0877-d329 @A: 05 04 21 33 | 07
#0878-d329 @A: 23 08 20 21 | 11
#0879-d329 @A: 33 08 20 21 | 01
#0880-d329 @A: 06 31 26 27 | 02
#0881-d329 @A: 30 07 27 03 | 03
#0882-d329 @A: 24 08 07 27 | 12
#0883-d329 @A: 35 13 19 27 | 04
#0884-d329 @A: 13 12 27 02 | 06
#0885-d329 @A: 27 23 13 29 | 09
#0886-d329 @A: 31 27 04 24 | 05
#0887-d329 @A: 31 10 23 27 | 08
#0888-d329 @A: 35 27 31 29 | 10
#0889-d329 @A: 27 24 15 12 | 07
#0890-d329 @A: 06 27 08 32 | 11
#0891-d329 @A: 29 25 27 12 | 01
#0892-d329 @A: 27 01 06 05 | 02
#0893-d329 @A: 25 27 15 35 | 03
#0894-d329 @A: 20 02 08 27 | 12
#0895-d329 @A: 27 16 28 22 | 04
#0896-d329 @A: 30 20 27 23 | 06
#0897-d329 @A: 17 30 27 35 | 09
#0898-d329 @A: 16 19 26 09 | 05
#0899-d329 @A: 28 09 20 26 | 08
#0900-d329 @A: 03 15 26 17 | 10
#0901-d329 @A: 17 26 13 34 | 07
#0902-d329 @A: 26 13 22 19 | 11
#0903-d329 @A: 32 26 13 12 | 01
#0904-d329 @A: 26 15 24 34 | 02
#0905-d329 @A: 34 25 26 10 | 03
#0906-d329 @A: 22 32 31 26 | 12
#0907-d329 @A: 12 26 02 14 | 04
#0908-d329 @A: 06 10 26 14 | 06
#0909-d329 @A: 33 35 14 26 | 09
#0910-d329 @A: 01 12 26 08 | 05
#0911-d329 @A: 22 30 26 02 | 08
#0912-d329 @A: 26 23 28 22 | 10
#0913-d329 @A: 26 04 25 06 | 07
#0914-d329 @A: 06 23 11 26 | 11
#0915-d329 @A: 26 20 06 33 | 01
#0916-d329 @A: 09 10 03 11 | 02
#0917-d329 @A: 09 12 28 18 | 03
#0918-d329 @A: 09 16 02 34 | 12
#0919-d329 @A: 06 01 09 31 | 04
#0920-d329 @A: 29 22 33 09 | 06
#0921-d329 @A: 09 16 28 17 | 09
#0922-d329 @A: 07 20 03 18 | 05
#0923-d329 @A: 03 01 07 15 | 08
#0924-d329 @A: 03 18 28 13 | 10
#0925-d329 @A: 34 13 05 03 | 07
#0926-d329 @A: 14 10 20 03 | 11
#0927-d329 @A: 03 19 02 01 | 01
#0928-d329 @A: 05 03 08 15 | 02
#0929-d329 @A: 03 02 30 25 | 03
#0930-d329 @A: 30 04 03 28 | 12
#0931-d329 @A: 35 06 16 03 | 04
#0932-d329 @A: 17 03 16 11 | 06
#0933-d329 @A: 08 03 20 17 | 09
#0934-d329 @A: 07 02 13 18 | 05
#0935-d329 @A: 07 04 34 31 | 08
#0936-d329 @A: 31 07 11 01 | 10
#0937-d329 @A: 23 25 05 07 | 07
#0938-d329 @A: 08 23 07 30 | 11
#0939-d329 @A: 17 06 07 28 | 01
#0940-d329 @A: 29 22 13 18 | 02
#0941-d329 @A: 29 34 18 04 | 03
#0942-d329 @A: 10 18 20 31 | 12
#0943-d329 @A: 24 29 18 10 | 04
#0944-d329 @A: 35 18 14 19 | 06
#0945-d329 @A: 18 12 29 11 | 09
#0946-d329 @A: 10 18 23 01 | 05
#0947-d329 @A: 15 02 30 18 | 08
#0948-d329 @A: 15 11 18 08 | 10
#0949-d329 @A: 35 18 30 06 | 07
#0950-d329 @A: 24 13 31 22 | 11
#0951-d329 @A: 25 01 31 13 | 01
#0952-d329 @A: 13 19 29 10 | 02
#0953-d329 @A: 13 30 19 15 | 03
#0954-d329 @A: 13 01 33 02 | 12
#0955-d329 @A: 17 02 13 22 | 04
#0956-d329 @A: 02 13 05 23 | 06
#0957-d329 @A: 05 13 25 06 | 09
#0958-d329 @A: 17 11 13 08 | 05
#0959-d329 @A: 20 16 31 34 | 08
#0960-d329 @A: 24 30 34 14 | 10
#0961-d329 @A: 19 25 01 34 | 07
#0962-d329 @A: 10 11 23 34 | 11
#0963-d329 @A: 25 28 17 34 | 01
#0964-d329 @A: 01 24 23 31 | 02
#0965-d329 @A: 25 31 19 29 | 03
#0966-d329 @A: 12 32 31 04 | 12
#0967-d329 @A: 31 02 20 32 | 04
#0968-d329 @A: 30 31 01 10 | 06
#0969-d329 @A: 31 01 28 16 | 09
#0970-d329 @A: 31 02 04 30 | 05
#0971-d329 @A: 16 33 04 31 | 08
#0972-d329 @A: 24 17 19 32 | 10
#0973-d329 @A: 29 24 32 15 | 07
#0974-d329 @A: 24 10 04 01 | 11
#0975-d329 @A: 06 15 24 22 | 01
#0976-d329 @A: 04 22 24 30 | 02
#0977-d329 @A: 12 14 19 25 | 03
#0978-d329 @A: 20 29 19 14 | 12
#0979-d329 @A: 23 14 32 10 | 04
#0980-d329 @A: 15 10 14 12 | 06
#0981-d329 @A: 08 15 17 14 | 09
#0982-d329 @A: 14 17 22 28 | 05
#0983-d329 @A: 35 23 14 08 | 08
#0984-d329 @A: 33 32 08 19 | 10
#0985-d329 @A: 29 19 12 06 | 07
#0986-d329 @A: 04 19 35 02 | 11
#0987-d329 @A: 22 25 32 33 | 01
#0988-d329 @A: 25 23 32 30 | 02
#0989-d329 @A: 25 32 17 04 | 03
#0990-d329 @A: 28 23 32 04 | 12
#0991-d329 @A: 04 16 30 32 | 04
#0992-d329 @A: 12 35 23 15 | 06
#0993-d329 @A: 06 25 12 02 | 09
#0994-d329 @A: 22 12 08 23 | 05
#0995-d329 @A: 12 06 22 30 | 08
#0996-d329 @A: 35 22 16 12 | 10
#0997-d329 @A: 12 08 16 05 | 07
#0998-d329 @A: 16 12 04 06 | 11
#0999-d329 @A: 11 30 04 12 | 01
#1000-d329 @A: 25 15 01 28 | 02
#1001-d329 @A: 28 33 01 22 | 03
#1002-d329 @A: 01 25 06 11 | 12
#1003-d329 @A: 05 15 28 10 | 04
#1004-d329 @A: 30 10 25 06 | 06
#1005-d329 @A: 08 10 16 17 | 09
#1006-d329 @A: 29 22 16 11 | 05
#1007-d329 @A: 29 04 05 08 | 08
#1008-d329 @A: 17 28 11 29 | 10
#1009-d329 @A: 03 13 21 17 | 07
#1010-d329 @A: 20 34 21 03 | 11
#1011-d329 @A: 21 03 19 15 | 01
#1012-d329 @A: 14 30 18 21 | 02
#1013-d329 @A: 22 34 32 21 | 03
#1014-d329 @A: 29 21 34 10 | 12
#1015-d329 @A: 21 04 31 01 | 04
#1016-d329 @A: 14 21 23 17 | 06
#1017-d329 @A: 15 08 30 21 | 09
#1018-d329 @A: 06 08 21 02 | 05
#1019-d329 @A: 27 26 05 13 | 08
#1020-d329 @A: 34 22 26 27 | 10
#1021-d329 @A: 16 10 27 09 | 07
#1022-d329 @A: 23 27 03 18 | 11
#1023-d329 @A: 27 03 25 24 | 01
#1024-d329 @A: 14 27 05 03 | 02
#1025-d329 @A: 18 19 22 27 | 03
#1026-d329 @A: 32 27 13 04 | 12
#1027-d329 @A: 27 22 24 33 | 04
#1028-d329 @A: 16 14 27 17 | 06
#1029-d329 @A: 12 10 27 20 | 09
#1030-d329 @A: 35 27 04 01 | 05
#1031-d329 @A: 15 02 10 27 | 08
#1032-d329 @A: 27 15 30 28 | 10
#1033-d329 @A: 27 08 23 28 | 07
#1034-d329 @A: 18 26 09 35 | 11
#1035-d329 @A: 09 26 05 22 | 01
#1036-d329 @A: 26 24 30 07 | 02
#1037-d329 @A: 17 10 26 07 | 03
#1038-d329 @A: 15 26 07 29 | 12
#1039-d329 @A: 02 18 26 34 | 04
#1040-d329 @A: 31 26 28 34 | 06
#1041-d329 @A: 31 10 26 15 | 09
#1042-d329 @A: 10 26 32 20 | 05
#1043-d329 @A: 35 22 26 10 | 08
#1044-d329 @A: 04 02 26 15 | 10
#1045-d329 @A: 02 11 05 26 | 07
#1046-d329 @A: 23 26 05 20 | 11
#1047-d329 @A: 04 26 05 35 | 01
#1048-d329 @A: 03 22 09 18 | 02
#1049-d329 @A: 13 09 03 31 | 03
#1050-d329 @A: 34 09 07 20 | 12
#1051-d329 @A: 12 07 09 22 | 04
#1052-d329 @A: 09 13 34 18 | 06
#1053-d329 @A: 02 09 20 13 | 09
#1054-d329 @A: 28 13 09 11 | 05
#1055-d329 @A: 28 24 09 31 | 08
#1056-d329 @A: 30 14 31 09 | 10
#1057-d329 @A: 09 19 33 15 | 07
#1058-d329 @A: 17 29 09 32 | 11
#1059-d329 @A: 08 35 09 02 | 01
#1060-d329 @A: 06 22 09 16 | 02
#1061-d329 @A: 35 09 04 22 | 03
#1062-d329 @A: 04 09 11 20 | 12
#1063-d329 @A: 03 34 14 15 | 04
#1064-d329 @A: 19 11 34 03 | 06
#1065-d329 @A: 03 17 10 34 | 09
#1066-d329 @A: 03 29 34 08 | 05
#1067-d329 @A: 03 35 34 33 | 08
#1068-d329 @A: 24 22 03 29 | 10
#1069-d329 @A: 03 15 02 35 | 07
#1070-d329 @A: 11 15 03 04 | 11
#1071-d329 @A: 32 13 07 23 | 01
#1072-d329 @A: 16 29 31 07 | 02
#1073-d329 @A: 05 31 07 15 | 03
#1074-d329 @A: 32 07 08 29 | 12
#1075-d329 @A: 12 04 07 29 | 04
#1076-d329 @A: 11 07 23 29 | 06
#1077-d329 @A: 16 04 15 07 | 09
#1078-d329 @A: 07 22 11 06 | 05
#1079-d329 @A: 25 28 16 07 | 08
#1080-d329 @A: 35 07 23 17 | 10
#1081-d329 @A: 06 01 13 18 | 07
#1082-d329 @A: 34 18 30 31 | 11
#1083-d329 @A: 34 19 18 08 | 01
#1084-d329 @A: 16 18 34 17 | 02
#1085-d329 @A: 19 31 18 28 | 03
#1086-d329 @A: 18 14 12 23 | 12
#1087-d329 @A: 10 32 18 06 | 04
#1088-d329 @A: 29 18 20 32 | 06
#1089-d329 @A: 04 10 33 18 | 09
#1090-d329 @A: 15 18 17 04 | 05
#1091-d329 @A: 28 35 18 22 | 08
#1092-d329 @A: 01 16 13 34 | 10
#1093-d329 @A: 13 34 20 10 | 07
#1094-d329 @A: 13 25 02 34 | 11
#1095-d329 @A: 31 30 33 13 | 01
#1096-d329 @A: 14 13 17 19 | 02
#1097-d329 @A: 13 14 32 22 | 03
#1098-d329 @A: 13 28 12 10 | 12
#1099-d329 @A: 13 11 23 22 | 04
#1100-d329 @A: 13 16 08 23 | 06
#1101-d329 @A: 13 11 30 06 | 09
#1102-d329 @A: 06 16 33 13 | 05
#1103-d329 @A: 04 14 12 34 | 08
#1104-d329 @A: 01 34 33 14 | 10
#1105-d329 @A: 14 25 29 34 | 07
#1106-d329 @A: 14 22 34 20 | 11
#1107-d329 @A: 30 12 19 34 | 01
#1108-d329 @A: 15 34 22 17 | 02
#1109-d329 @A: 20 04 34 05 | 03
#1110-d329 @A: 31 10 24 17 | 12
#1111-d329 @A: 31 19 05 02 | 04
#1112-d329 @A: 31 28 22 11 | 06
#1113-d329 @A: 22 20 31 17 | 09
#1114-d329 @A: 05 31 23 08 | 05
#1115-d329 @A: 31 11 06 05 | 08
#1116-d329 @A: 19 01 24 30 | 10
#1117-d329 @A: 19 29 05 24 | 07
#1118-d329 @A: 01 16 24 11 | 11
#1119-d329 @A: 24 22 05 28 | 01
#1120-d329 @A: 11 08 24 23 | 02
#1121-d329 @A: 23 24 17 30 | 03
#1122-d329 @A: 28 24 35 17 | 12
#1123-d329 @A: 25 22 02 14 | 04
#1124-d329 @A: 11 35 22 14 | 06
#1125-d329 @A: 23 14 16 05 | 09
#1126-d329 @A: 14 06 33 08 | 05
#1127-d329 @A: 10 32 19 08 | 08
#1128-d329 @A: 15 22 19 12 | 10
#1129-d329 @A: 19 22 35 17 | 07
#1130-d329 @A: 19 11 16 30 | 11
#1131-d329 @A: 19 30 33 35 | 01
#1132-d329 @A: 30 28 12 32 | 02
#1133-d329 @A: 12 32 35 17 | 03
#1134-d329 @A: 15 17 23 32 | 12
#1135-d329 @A: 32 11 02 06 | 04
#1136-d329 @A: 05 28 20 32 | 06
#1137-d329 @A: 20 32 23 35 | 09
#1138-d329 @A: 06 32 35 04 | 05
#1139-d329 @A: 05 12 20 30 | 08
#1140-d329 @A: 25 16 12 17 | 10
#1141-d329 @A: 25 01 16 02 | 07
#1142-d329 @A: 11 01 30 20 | 11
#1143-d329 @A: 16 01 35 08 | 01
#1144-d329 @A: 10 29 04 25 | 02
#1145-d329 @A: 33 10 11 28 | 03
#1146-d329 @A: 33 11 02 29 | 12
#1147-d329 @A: 30 29 28 06 | 04
#1148-d329 @A: 15 35 23 33 | 06
#1149-d329 @A: 11 04 33 35 | 09
#1150-d329 @A: 20 26 21 27 | 05
#1151-d329 @A: 02 33 21 27 | 08
#1152-d329 @A: 01 21 26 23 | 10
#1153-d329 @A: 21 10 28 26 | 07
#1154-d329 @A: 16 29 21 26 | 11
#1155-d329 @A: 03 21 31 16 | 01
#1156-d329 @A: 03 23 21 06 | 02
#1157-d329 @A: 04 07 21 13 | 03
#1158-d329 @A: 14 21 15 07 | 12
#1159-d329 @A: 18 21 34 28 | 04
#1160-d329 @A: 20 21 13 14 | 06
#1161-d329 @A: 01 24 20 21 | 09
#1162-d329 @A: 29 21 33 24 | 05
#1163-d329 @A: 04 17 21 24 | 08
#1164-d329 @A: 08 14 19 21 | 10
#1165-d329 @A: 11 29 14 21 | 07
#1166-d329 @A: 25 21 28 14 | 11
#1167-d329 @A: 21 12 29 08 | 01
#1168-d329 @A: 22 21 17 11 | 02
#1169-d329 @A: 30 21 23 11 | 03
#1170-d329 @A: 04 20 28 21 | 12
#1171-d329 @A: 17 29 26 27 | 04
#1172-d329 @A: 26 04 27 33 | 06
#1173-d329 @A: 22 03 32 27 | 09
#1174-d329 @A: 03 04 12 27 | 05
#1175-d329 @A: 27 32 35 18 | 08
#1176-d329 @A: 17 27 24 13 | 10
#1177-d329 @A: 34 27 06 12 | 07
#1178-d329 @A: 34 27 20 35 | 11
#1179-d329 @A: 24 27 30 29 | 01
#1180-d329 @A: 27 19 15 14 | 02
#1181-d329 @A: 27 12 16 32 | 03
#1182-d329 @A: 10 11 27 32 | 12
#1183-d329 @A: 20 15 27 11 | 04
#1184-d329 @A: 06 20 22 27 | 06
#1185-d329 @A: 26 12 09 31 | 09
#1186-d329 @A: 26 31 33 09 | 05
#1187-d329 @A: 26 31 19 03 | 08
#1188-d329 @A: 10 03 26 04 | 10
#1189-d329 @A: 24 23 18 26 | 07
#1190-d329 @A: 02 18 26 33 | 11
#1191-d329 @A: 13 26 24 16 | 01
#1192-d329 @A: 12 34 26 33 | 02
#1193-d329 @A: 20 25 14 26 | 03
#1194-d329 @A: 11 19 20 26 | 12
#1195-d329 @A: 10 26 29 33 | 04
#1196-d329 @A: 02 20 26 06 | 06
#1197-d329 @A: 26 33 11 08 | 09
#1198-d329 @A: 24 15 09 03 | 05
#1199-d329 @A: 06 02 03 09 | 08
#1200-d329 @A: 15 09 07 35 | 10
#1201-d329 @A: 34 14 23 09 | 07
#1202-d329 @A: 09 08 31 16 | 11
#1203-d329 @A: 09 01 32 23 | 01
#1204-d329 @A: 23 12 09 10 | 02
#1205-d329 @A: 35 10 01 09 | 03
#1206-d329 @A: 09 04 28 01 | 12
#1207-d329 @A: 05 10 17 09 | 04
#1208-d329 @A: 30 09 22 15 | 06
#1209-d329 @A: 22 09 25 17 | 09
#1210-d329 @A: 35 33 09 06 | 05
#1211-d329 @A: 03 07 35 29 | 08
#1212-d329 @A: 25 03 18 14 | 10
#1213-d329 @A: 13 08 03 24 | 07
#1214-d329 @A: 13 03 12 19 | 11
#1215-d329 @A: 24 08 33 03 | 01
#1216-d329 @A: 19 16 03 32 | 02
#1217-d329 @A: 03 25 32 12 | 03
#1218-d329 @A: 03 02 29 32 | 12
#1219-d329 @A: 11 03 22 01 | 04
#1220-d329 @A: 15 30 06 03 | 06
#1221-d329 @A: 06 03 20 05 | 09
#1222-d329 @A: 18 25 07 10 | 05
#1223-d329 @A: 29 25 13 07 | 08
#1224-d329 @A: 16 10 34 07 | 10
#1225-d329 @A: 07 31 10 08 | 07
#1226-d329 @A: 22 14 16 07 | 11
#1227-d329 @A: 07 35 14 05 | 01
#1228-d329 @A: 19 07 32 25 | 02
#1229-d329 @A: 19 01 35 07 | 03
#1230-d329 @A: 07 25 02 11 | 12
#1231-d329 @A: 28 07 20 11 | 04
#1232-d329 @A: 18 24 13 04 | 06
#1233-d329 @A: 32 13 18 08 | 09
#1234-d329 @A: 17 18 24 22 | 05
#1235-d329 @A: 22 32 12 18 | 08
#1236-d329 @A: 01 32 18 17 | 10
#1237-d329 @A: 08 23 18 02 | 07
#1238-d329 @A: 16 18 23 25 | 11
#1239-d329 @A: 11 23 18 20 | 01
#1240-d329 @A: 28 31 05 13 | 02
#1241-d329 @A: 13 17 32 10 | 03
#1242-d329 @A: 30 13 01 29 | 12
#1243-d329 @A: 02 06 13 15 | 04
#1244-d329 @A: 11 13 16 15 | 06
#1245-d329 @A: 04 28 02 13 | 09
#1246-d329 @A: 08 13 05 30 | 05
#1247-d329 @A: 34 24 10 06 | 08
#1248-d329 @A: 14 10 34 35 | 10
#1249-d329 @A: 34 20 25 32 | 07
#1250-d329 @A: 10 01 15 34 | 11
#1251-d329 @A: 15 08 28 34 | 01
#1252-d329 @A: 04 02 34 23 | 02
#1253-d329 @A: 08 02 34 30 | 03
#1254-d329 @A: 28 34 23 20 | 12
#1255-d329 @A: 24 14 20 31 | 04
#1256-d329 @A: 10 31 28 32 | 06
#1257-d329 @A: 08 31 32 11 | 09
#1258-d329 @A: 31 02 12 23 | 05
#1259-d329 @A: 11 31 15 25 | 08
#1260-d329 @A: 02 16 11 31 | 10
#1261-d329 @A: 25 22 06 31 | 07
#1262-d329 @A: 04 24 14 15 | 11
#1263-d329 @A: 28 19 24 33 | 01
#1264-d329 @A: 10 25 32 24 | 02
#1265-d329 @A: 12 01 24 25 | 03
#1266-d329 @A: 02 24 17 16 | 12
#1267-d329 @A: 05 04 23 24 | 04
#1268-d329 @A: 06 25 24 28 | 06
#1269-d329 @A: 01 14 12 11 | 09
#1270-d329 @A: 06 15 25 14 | 05
#1271-d329 @A: 14 20 05 17 | 08
#1272-d329 @A: 16 14 08 25 | 10
#1273-d329 @A: 12 08 04 19 | 07
#1274-d329 @A: 01 29 19 33 | 11
#1275-d329 @A: 25 19 15 17 | 01
#1276-d329 @A: 22 05 06 19 | 02
#1277-d329 @A: 16 23 19 20 | 03
#1278-d329 @A: 17 20 19 33 | 12
#1279-d329 @A: 32 29 10 12 | 04
#1280-d329 @A: 25 29 01 32 | 06
#1281-d329 @A: 01 30 06 32 | 09
#1282-d329 @A: 02 16 05 32 | 05
#1283-d329 @A: 02 32 23 33 | 08
#1284-d329 @A: 30 11 32 22 | 10
#1285-d329 @A: 12 28 01 29 | 07
#1286-d329 @A: 05 29 17 12 | 11
#1287-d329 @A: 05 35 33 12 | 01
#1288-d329 @A: 20 11 12 35 | 02
#1289-d329 @A: 02 28 01 20 | 03
#1290-d329 @A: 28 01 05 35 | 12
#1291-d329 @A: 17 30 05 01 | 04
#1292-d329 @A: 22 10 15 25 | 06
#1293-d329 @A: 10 23 02 25 | 09
#1294-d329 @A: 22 17 23 10 | 05
#1295-d329 @A: 20 35 10 05 | 08
#1296-d329 @A: 10 08 33 30 | 10
#1297-d329 @A: 02 29 17 25 | 07
#1298-d329 @A: 23 08 29 17 | 11
#1299-d329 @A: 29 04 35 30 | 01
#1300-d329 @A: 05 11 06 33 | 02
#1301-d329 @A: 31 27 21 11 | 03
#1302-d329 @A: 32 04 21 26 | 12
#1303-d329 @A: 03 21 07 28 | 04
#1304-d329 @A: 24 03 21 02 | 06
#1305-d329 @A: 19 03 33 21 | 09
#1306-d329 @A: 21 07 22 30 | 05
#1307-d329 @A: 05 18 04 21 | 08
#1308-d329 @A: 31 22 21 19 | 10
#1309-d329 @A: 21 10 31 35 | 07
#1310-d329 @A: 29 25 21 24 | 11
#1311-d329 @A: 28 01 17 21 | 01
#1312-d329 @A: 15 35 21 17 | 02
#1313-d329 @A: 11 20 21 02 | 03
#1314-d329 @A: 06 28 05 21 | 12
#1315-d329 @A: 31 02 27 09 | 04
#1316-d329 @A: 27 07 22 29 | 06
#1317-d329 @A: 07 27 25 06 | 09
#1318-d329 @A: 10 18 05 27 | 05
#1319-d329 @A: 28 13 34 27 | 08
#1320-d329 @A: 31 27 16 13 | 10
#1321-d329 @A: 27 34 32 17 | 07
#1322-d329 @A: 32 01 31 27 | 11
#1323-d329 @A: 27 31 05 20 | 01
#1324-d329 @A: 08 27 17 31 | 02
#1325-d329 @A: 20 32 27 24 | 03
#1326-d329 @A: 19 06 27 33 | 12
#1327-d329 @A: 33 32 05 27 | 04
#1328-d329 @A: 28 17 20 27 | 06
#1329-d329 @A: 30 16 06 27 | 09
#1330-d329 @A: 13 06 09 26 | 05
#1331-d329 @A: 26 17 24 09 | 08
#1332-d329 @A: 11 14 26 09 | 10
#1333-d329 @A: 26 09 23 08 | 07
#1334-d329 @A: 26 35 03 01 | 11
#1335-d329 @A: 01 26 07 28 | 01
#1336-d329 @A: 26 07 25 08 | 02
#1337-d329 @A: 19 18 26 04 | 03
#1338-d329 @A: 29 25 18 26 | 12
#1339-d329 @A: 04 26 01 34 | 04
#1340-d329 @A: 26 12 24 04 | 06
#1341-d329 @A: 26 19 28 29 | 09
#1342-d329 @A: 30 26 15 05 | 05
#1343-d329 @A: 26 20 08 22 | 08
#1344-d329 @A: 30 26 04 08 | 10
#1345-d329 @A: 09 03 34 04 | 07
#1346-d329 @A: 20 03 09 01 | 11
#1347-d329 @A: 24 34 09 19 | 01
#1348-d329 @A: 12 34 25 09 | 02
#1349-d329 @A: 28 34 35 09 | 03
#1350-d329 @A: 09 34 33 16 | 12
#1351-d329 @A: 15 01 09 14 | 04
#1352-d329 @A: 09 19 12 32 | 06
#1353-d329 @A: 09 05 02 30 | 09
#1354-d329 @A: 09 20 08 05 | 05
#1355-d329 @A: 17 32 07 03 | 08
#1356-d329 @A: 32 34 18 03 | 10
#1357-d329 @A: 03 24 10 23 | 07
#1358-d329 @A: 23 03 32 08 | 11
#1359-d329 @A: 03 22 16 15 | 01
#1360-d329 @A: 05 23 03 35 | 02
#1361-d329 @A: 12 34 28 07 | 03
#1362-d329 @A: 31 07 24 25 | 12
#1363-d329 @A: 10 20 24 07 | 04
#1364-d329 @A: 04 07 02 24 | 06
#1365-d329 @A: 07 32 12 11 | 09
#1366-d329 @A: 23 07 20 01 | 05
#1367-d329 @A: 15 07 08 20 | 08
#1368-d329 @A: 17 31 18 13 | 10
#1369-d329 @A: 13 23 18 19 | 07
#1370-d329 @A: 18 34 24 11 | 11
#1371-d329 @A: 24 18 12 30 | 01
#1372-d329 @A: 18 01 16 19 | 02
#1373-d329 @A: 30 18 29 19 | 03
#1374-d329 @A: 13 15 33 34 | 12
#1375-d329 @A: 35 14 15 13 | 04
#1376-d329 @A: 13 12 29 15 | 06
#1377-d329 @A: 33 13 12 11 | 09
#1378-d329 @A: 17 23 28 13 | 05
#1379-d329 @A: 23 04 13 30 | 08
#1380-d329 @A: 20 34 24 12 | 10
#1381-d329 @A: 24 33 34 30 | 07
#1382-d329 @A: 32 02 14 34 | 11
#1383-d329 @A: 34 28 19 10 | 01
#1384-d329 @A: 34 22 19 29 | 02
#1385-d329 @A: 23 34 33 19 | 03
#1386-d329 @A: 34 32 35 01 | 12
#1387-d329 @A: 30 34 04 17 | 04
#1388-d329 @A: 17 31 29 01 | 06
#1389-d329 @A: 01 06 33 31 | 09
#1390-d329 @A: 22 31 33 23 | 05
#1391-d329 @A: 14 08 01 24 | 08
#1392-d329 @A: 24 33 17 14 | 10
#1393-d329 @A: 24 29 20 08 | 07
#1394-d329 @A: 02 11 30 24 | 11
#1395-d329 @A: 22 08 35 24 | 01
#1396-d329 @A: 30 16 25 24 | 02
#1397-d329 @A: 06 12 14 32 | 03
#1398-d329 @A: 32 05 15 14 | 12
#1399-d329 @A: 22 01 14 06 | 04
#1400-d329 @A: 14 23 30 28 | 06
#1401-d329 @A: 19 15 16 02 | 09
#1402-d329 @A: 23 19 04 15 | 05
#1403-d329 @A: 15 28 35 19 | 08
#1404-d329 @A: 22 19 04 16 | 10
#1405-d329 @A: 11 28 05 19 | 07
#1406-d329 @A: 22 32 17 16 | 11
#1407-d329 @A: 30 08 32 35 | 01
#1408-d329 @A: 12 25 20 08 | 02
#1409-d329 @A: 15 20 01 29 | 03
#1410-d329 @A: 30 01 02 23 | 12
#1411-d329 @A: 05 11 01 08 | 04
#1412-d329 @A: 01 33 05 17 | 06
#1413-d329 @A: 20 01 33 25 | 09
#1414-d329 @A: 06 04 08 01 | 05
#1415-d329 @A: 11 17 10 25 | 08
#1416-d329 @A: 10 28 04 17 | 10
#1417-d329 @A: 29 30 15 25 | 07
#1418-d329 @A: 29 22 17 30 | 11
#1419-d329 @A: 06 30 29 33 | 01
#1420-d329 @A: 16 33 28 02 | 02
#1421-d329 @A: 18 02 27 21 | 03
#1422-d329 @A: 25 32 21 27 | 12
#1423-d329 @A: 02 26 09 21 | 04
#1424-d329 @A: 18 21 09 11 | 06
#1425-d329 @A: 29 09 21 23 | 09
#1426-d329 @A: 22 03 10 21 | 05
#1427-d329 @A: 32 07 35 21 | 08
#1428-d329 @A: 21 18 24 15 | 10
#1429-d329 @A: 18 21 14 33 | 07
#1430-d329 @A: 31 21 13 15 | 11
#1431-d329 @A: 21 10 01 06 | 01
#1432-d329 @A: 15 29 21 02 | 02
#1433-d329 @A: 21 16 11 06 | 03
#1434-d329 @A: 15 27 26 09 | 12
#1435-d329 @A: 26 03 27 02 | 04
#1436-d329 @A: 24 26 27 35 | 06
#1437-d329 @A: 27 15 03 13 | 09
#1438-d329 @A: 27 10 06 03 | 05
#1439-d329 @A: 31 27 12 07 | 08
#1440-d329 @A: 23 27 14 07 | 10
#1441-d329 @A: 27 11 24 05 | 07
#1442-d329 @A: 11 27 19 17 | 11
#1443-d329 @A: 02 29 28 27 | 01
#1444-d329 @A: 15 04 27 22 | 02
#1445-d329 @A: 02 11 23 27 | 03
#1446-d329 @A: 02 35 27 16 | 12
#1447-d329 @A: 08 03 26 18 | 04
#1448-d329 @A: 26 03 06 28 | 06
#1449-d329 @A: 14 19 07 26 | 09
#1450-d329 @A: 26 32 02 07 | 05
#1451-d329 @A: 07 20 26 12 | 08
#1452-d329 @A: 26 31 11 18 | 10
#1453-d329 @A: 28 32 18 26 | 07
#1454-d329 @A: 13 04 26 31 | 11
#1455-d329 @A: 26 15 28 13 | 01
#1456-d329 @A: 26 24 31 05 | 02
#1457-d329 @A: 32 19 35 26 | 03
#1458-d329 @A: 26 12 17 19 | 12
#1459-d329 @A: 30 23 19 26 | 04
#1460-d329 @A: 32 26 33 29 | 06
#1461-d329 @A: 12 30 26 25 | 09
#1462-d329 @A: 08 26 06 35 | 05
#1463-d329 @A: 26 11 30 35 | 08
#1464-d329 @A: 17 35 26 16 | 10
#1465-d329 @A: 28 03 29 09 | 07
#1466-d329 @A: 18 07 09 05 | 11
#1467-d329 @A: 09 04 14 13 | 01
#1468-d329 @A: 13 09 35 32 | 02
#1469-d329 @A: 05 31 09 32 | 03
#1470-d329 @A: 09 31 29 22 | 12
#1471-d329 @A: 09 08 22 28 | 04
#1472-d329 @A: 09 35 05 16 | 06
#1473-d329 @A: 30 28 33 09 | 09
#1474-d329 @A: 30 08 06 09 | 05
#1475-d329 @A: 34 25 03 07 | 08
#1476-d329 @A: 18 03 16 24 | 10
#1477-d329 @A: 03 13 16 10 | 07
#1478-d329 @A: 03 32 33 31 | 11
#1479-d329 @A: 03 05 01 31 | 01
#1480-d329 @A: 32 28 11 03 | 02
#1481-d329 @A: 28 03 15 12 | 03
#1482-d329 @A: 10 03 25 05 | 12
#1483-d329 @A: 11 30 05 03 | 04
#1484-d329 @A: 03 11 33 30 | 06
#1485-d329 @A: 35 03 17 04 | 09
#1486-d329 @A: 07 34 18 23 | 05
#1487-d329 @A: 34 07 13 22 | 08
#1488-d329 @A: 30 34 07 32 | 10
#1489-d329 @A: 24 17 15 07 | 07
#1490-d329 @A: 10 07 32 05 | 11
#1491-d329 @A: 07 16 35 11 | 01
#1492-d329 @A: 20 17 07 16 | 02
#1493-d329 @A: 18 10 34 22 | 03
#1494-d329 @A: 18 05 35 24 | 12
#1495-d329 @A: 22 18 15 14 | 04
#1496-d329 @A: 01 18 30 25 | 06
#1497-d329 @A: 04 02 18 06 | 09
#1498-d329 @A: 23 18 17 06 | 05
#1499-d329 @A: 16 18 08 04 | 08
#1500-d329 @A: 08 18 30 20 | 10
#1501-d329 @A: 29 13 35 34 | 07
#1502-d329 @A: 30 32 24 13 | 11
#1503-d329 @A: 30 12 14 13 | 01
#1504-d329 @A: 28 13 29 14 | 02
#1505-d329 @A: 01 12 13 04 | 03
#1506-d329 @A: 28 22 13 01 | 12
#1507-d329 @A: 30 02 16 13 | 04
#1508-d329 @A: 34 31 12 22 | 06
#1509-d329 @A: 10 34 31 05 | 09
#1510-d329 @A: 08 34 33 31 | 05
#1511-d329 @A: 32 28 34 29 | 08
#1512-d329 @A: 23 01 34 29 | 10
#1513-d329 @A: 15 25 04 34 | 07
#1514-d329 @A: 22 02 34 33 | 11
#1515-d329 @A: 02 11 34 28 | 01
#1516-d329 @A: 34 25 30 05 | 02
#1517-d329 @A: 25 34 08 23 | 03
#1518-d329 @A: 16 34 23 35 | 12
#1519-d329 @A: 24 02 31 35 | 04
#1520-d329 @A: 19 11 31 14 | 06
#1521-d329 @A: 14 32 25 31 | 09
#1522-d329 @A: 05 12 31 14 | 05
#1523-d329 @A: 10 22 31 04 | 08
#1524-d329 @A: 06 15 35 31 | 10
#1525-d329 @A: 16 31 25 05 | 07
#1526-d329 @A: 25 31 33 11 | 11
#1527-d329 @A: 31 23 28 35 | 01
#1528-d329 @A: 17 06 16 31 | 02
#1529-d329 @A: 14 22 24 10 | 03
#1530-d329 @A: 24 12 29 23 | 12
#1531-d329 @A: 15 25 05 24 | 04
#1532-d329 @A: 20 22 11 24 | 06
#1533-d329 @A: 14 22 12 29 | 09
#1534-d329 @A: 28 16 12 14 | 05
#1535-d329 @A: 02 28 14 15 | 08
#1536-d329 @A: 04 08 22 14 | 10
#1537-d329 @A: 05 08 06 14 | 07
#1538-d329 @A: 35 14 20 04 | 11
#1539-d329 @A: 19 30 02 06 | 01
#1540-d329 @A: 02 08 19 17 | 02
#1541-d329 @A: 32 35 05 25 | 03
#1542-d329 @A: 17 32 11 33 | 12
#1543-d329 @A: 32 08 16 20 | 04
#1544-d329 @A: 05 02 15 12 | 06
#1545-d329 @A: 15 30 12 16 | 09
#1546-d329 @A: 12 30 35 02 | 05
#1547-d329 @A: 28 12 04 05 | 08
#1548-d329 @A: 06 35 12 05 | 10
#1549-d329 @A: 30 12 17 08 | 07
#1550-d329 @A: 15 23 01 08 | 11
#1551-d329 @A: 02 22 01 08 | 01
#1552-d329 @A: 22 05 01 23 | 02
#1553-d329 @A: 23 17 01 16 | 03
#1554-d329 @A: 08 33 01 04 | 12
#1555-d329 @A: 28 25 20 10 | 04
#1556-d329 @A: 11 06 10 20 | 06
#1557-d329 @A: 04 23 06 33 | 09
#1558-d329 @A: 21 27 12 30 | 05
#1559-d329 @A: 34 35 26 21 | 08
#1560-d329 @A: 19 24 21 26 | 10
#1561-d329 @A: 06 21 09 12 | 07
#1562-d329 @A: 31 21 24 12 | 11
#1563-d329 @A: 31 21 14 06 | 01
#1564-d329 @A: 24 35 06 21 | 02
#1565-d329 @A: 02 12 01 21 | 03
#1566-d329 @A: 28 21 23 15 | 12
#1567-d329 @A: 04 21 15 06 | 04
#1568-d329 @A: 21 02 25 35 | 06
#1569-d329 @A: 05 11 35 21 | 09
#1570-d329 @A: 08 11 28 21 | 05
#1571-d329 @A: 23 04 27 09 | 08
#1572-d329 @A: 19 03 27 20 | 10
#1573-d329 @A: 32 27 07 15 | 07
#1574-d329 @A: 07 10 33 27 | 11
#1575-d329 @A: 34 18 14 27 | 01
#1576-d329 @A: 18 15 27 31 | 02
#1577-d329 @A: 27 20 18 04 | 03
#1578-d329 @A: 22 13 27 10 | 12
#1579-d329 @A: 14 27 30 02 | 04
#1580-d329 @A: 01 28 27 19 | 06
#1581-d329 @A: 01 23 12 27 | 09
#1582-d329 @A: 27 05 28 25 | 05
#1583-d329 @A: 25 27 16 20 | 08
#1584-d329 @A: 09 29 10 26 | 10
#1585-d329 @A: 23 31 07 26 | 07
#1586-d329 @A: 01 26 13 14 | 11
#1587-d329 @A: 34 14 26 08 | 01
#1588-d329 @A: 26 08 29 31 | 02
#1589-d329 @A: 32 26 05 01 | 03
#1590-d329 @A: 30 32 29 26 | 12
#1591-d329 @A: 26 11 22 15 | 04
#1592-d329 @A: 06 17 22 26 | 06
#1593-d329 @A: 11 24 09 07 | 09
#1594-d329 @A: 18 09 30 04 | 05
#1595-d329 @A: 24 09 32 16 | 08
#1596-d329 @A: 09 24 02 10 | 10
#1597-d329 @A: 05 09 14 33 | 07
#1598-d329 @A: 10 20 19 09 | 11
#1599-d329 @A: 09 20 35 25 | 01
#1600-d329 @A: 09 23 11 17 | 02
#1601-d329 @A: 09 17 08 33 | 03
#1602-d329 @A: 03 07 14 12 | 12
#1603-d329 @A: 18 03 28 33 | 04
#1604-d329 @A: 03 06 34 31 | 06
#1605-d329 @A: 02 22 03 34 | 09
#1606-d329 @A: 03 24 04 32 | 05
#1607-d329 @A: 30 19 10 03 | 08
#1608-d329 @A: 11 02 03 12 | 10
#1609-d329 @A: 10 03 01 28 | 07
#1610-d329 @A: 33 25 29 03 | 11
#1611-d329 @A: 03 20 28 22 | 01
#1612-d329 @A: 08 16 30 03 | 02
#1613-d329 @A: 32 18 04 07 | 03
#1614-d329 @A: 18 17 29 07 | 12
#1615-d329 @A: 07 05 29 34 | 04
#1616-d329 @A: 20 07 19 31 | 06
#1617-d329 @A: 07 19 16 24 | 09
#1618-d329 @A: 07 19 16 33 | 05
#1619-d329 @A: 07 15 23 02 | 08
#1620-d329 @A: 07 02 08 28 | 10
#1621-d329 @A: 07 08 22 17 | 07
#1622-d329 @A: 11 07 17 05 | 11
#1623-d329 @A: 04 07 28 35 | 01
#1624-d329 @A: 13 18 12 35 | 02
#1625-d329 @A: 18 25 13 15 | 03
#1626-d329 @A: 08 18 13 33 | 12
#1627-d329 @A: 18 31 24 06 | 04
#1628-d329 @A: 33 18 31 19 | 06
#1629-d329 @A: 18 32 20 33 | 09
#1630-d329 @A: 04 28 18 25 | 05
#1631-d329 @A: 23 34 13 24 | 08
#1632-d329 @A: 31 10 02 13 | 10
#1633-d329 @A: 13 35 08 31 | 07
#1634-d329 @A: 29 02 13 24 | 11
#1635-d329 @A: 32 33 35 13 | 01
#1636-d329 @A: 12 13 25 23 | 02
#1637-d329 @A: 04 13 33 22 | 03
#1638-d329 @A: 17 30 25 13 | 12
#1639-d329 @A: 35 16 13 25 | 04
#1640-d329 @A: 17 13 33 28 | 06
#1641-d329 @A: 34 02 15 20 | 09
#1642-d329 @A: 11 22 34 05 | 05
#1643-d329 @A: 23 22 06 34 | 08
#1644-d329 @A: 06 34 17 08 | 10
#1645-d329 @A: 31 19 12 16 | 07
#1646-d329 @A: 15 19 01 31 | 11
#1647-d329 @A: 31 05 04 17 | 01
#1648-d329 @A: 20 30 35 31 | 02
#1649-d329 @A: 24 14 19 02 | 03
#1650-d329 @A: 12 24 14 17 | 12
#1651-d329 @A: 33 06 32 24 | 04
#1652-d329 @A: 24 22 02 12 | 06
#1653-d329 @A: 24 29 35 01 | 09
#1654-d329 @A: 30 10 24 08 | 05
#1655-d329 @A: 24 35 30 15 | 08
#1656-d329 @A: 33 02 04 24 | 10
#1657-d329 @A: 08 17 05 24 | 07
#1658-d329 @A: 25 04 08 24 | 11
#1659-d329 @A: 24 20 17 25 | 01
#1660-d329 @A: 14 30 19 32 | 02
#1661-d329 @A: 19 14 01 23 | 03
#1662-d329 @A: 29 04 14 32 | 12
#1663-d329 @A: 33 10 22 14 | 04
#1664-d329 @A: 20 15 33 14 | 06
#1665-d329 @A: 04 06 14 23 | 09
#1666-d329 @A: 33 11 23 14 | 05
#1667-d329 @A: 28 11 06 14 | 08
#1668-d329 @A: 32 19 23 05 | 10
#1669-d329 @A: 19 04 20 32 | 07
#1670-d329 @A: 19 01 12 20 | 11
#1671-d329 @A: 10 11 01 19 | 01
#1672-d329 @A: 04 29 01 19 | 02
#1673-d329 @A: 22 19 11 25 | 03
#1674-d329 @A: 35 05 30 19 | 12
#1675-d329 @A: 19 28 20 06 | 04
#1676-d329 @A: 33 32 12 28 | 06
#1677-d329 @A: 17 02 30 32 | 09
#1678-d329 @A: 17 06 05 32 | 05
#1679-d329 @A: 06 32 16 25 | 08
#1680-d329 @A: 06 12 17 10 | 10
#1681-d329 @A: 01 22 15 35 | 07
#1682-d329 @A: 02 01 17 04 | 11
#1683-d329 @A: 30 28 08 01 | 01
#1684-d329 @A: 28 01 35 33 | 02
#1685-d329 @A: 05 22 29 10 | 03
#1686-d329 @A: 10 30 20 04 | 12
#1687-d329 @A: 17 16 15 29 | 04
#1688-d329 @A: 29 28 16 05 | 06
#1689-d329 @A: 33 02 35 08 | 09
