#0001-d105 @A: 10 06 13 02 | 08
#0002-d105 @A: 21 33 13 10 | 09
#0003-d105 @A: 13 10 16 32 | 07
#0004-d105 @A: 10 27 13 23 | 11
#0005-d105 @A: 13 30 10 01 | 05
#0006-d105 @A: 29 13 10 17 | 03
#0007-d105 @A: 25 13 10 22 | 01
#0008-d105 @A: 15 13 11 10 | 02
#0009-d105 @A: 10 13 12 35 | 12
#0010-d105 @A: 28 10 19 13 | 06
#0011-d105 @A: 13 09 05 10 | 10
#0012-d105 @A: 10 20 26 13 | 04
#0013-d105 @A: 10 18 31 13 | 08
#0014-d105 @A: 07 10 13 04 | 09
#0015-d105 @A: 13 10 08 01 | 07
#0016-d105 @A: 24 34 13 10 | 11
#0017-d105 @A: 14 13 03 10 | 05
#0018-d105 @A: 10 21 01 06 | 03
#0019-d105 @A: 32 06 10 22 | 01
#0020-d105 @A: 10 14 06 23 | 02
#0021-d105 @A: 30 17 06 10 | 12
#0022-d105 @A: 06 16 10 27 | 06
#0023-d105 @A: 19 10 06 25 | 10
#0024-d105 @A: 06 12 10 15 | 04
#0025-d105 @A: 34 11 10 06 | 08
#0026-d105 @A: 10 06 28 04 | 09
#0027-d105 @A: 09 06 10 26 | 07
#0028-d105 @A: 06 10 20 03 | 11
#0029-d105 @A: 33 31 10 06 | 05
#0030-d105 @A: 07 06 35 10 | 03
#0031-d105 @A: 06 29 10 05 | 01
#0032-d105 @A: 24 10 06 18 | 02
#0033-d105 @A: 10 18 08 06 | 12
#0034-d105 @A: 10 21 24 32 | 06
#0035-d105 @A: 10 23 19 21 | 10
#0036-d105 @A: 30 10 21 22 | 04
#0037-d105 @A: 21 34 10 17 | 08
#0038-d105 @A: 10 21 27 18 | 09
#0039-d105 @A: 02 25 10 21 | 07
#0040-d105 @A: 05 15 10 21 | 11
#0041-d105 @A: 10 14 21 11 | 05
#0042-d105 @A: 16 10 12 21 | 03
#0043-d105 @A: 28 21 10 26 | 01
#0044-d105 @A: 29 09 21 10 | 02
#0045-d105 @A: 35 20 21 10 | 12
#0046-d105 @A: 31 04 21 10 | 06
#0047-d105 @A: 10 07 03 21 | 10
#0048-d105 @A: 22 10 21 08 | 04
#0049-d105 @A: 33 10 32 23 | 08
#0050-d105 @A: 10 32 30 09 | 09
#0051-d105 @A: 10 17 18 32 | 07
#0052-d105 @A: 02 10 27 32 | 11
#0053-d105 @A: 32 35 10 25 | 05
#0054-d105 @A: 15 01 32 10 | 03
#0055-d105 @A: 04 32 10 11 | 01
#0056-d105 @A: 10 26 32 12 | 02
#0057-d105 @A: 10 08 32 12 | 12
#0058-d105 @A: 28 10 14 32 | 06
#0059-d105 @A: 10 20 32 19 | 10
#0060-d105 @A: 10 34 32 31 | 04
#0061-d105 @A: 05 32 10 07 | 08
#0062-d105 @A: 10 03 29 32 | 09
#0063-d105 @A: 20 23 30 10 | 07
#0064-d105 @A: 10 04 23 17 | 11
#0065-d105 @A: 23 10 01 25 | 05
#0066-d105 @A: 03 23 15 10 | 03
#0067-d105 @A: 26 10 23 11 | 01
#0068-d105 @A: 29 12 10 23 | 02
#0069-d105 @A: 16 10 23 28 | 12
#0070-d105 @A: 09 18 23 10 | 06
#0071-d105 @A: 10 22 23 31 | 10
#0072-d105 @A: 23 07 10 02 | 04
#0073-d105 @A: 34 05 23 10 | 08
#0074-d105 @A: 23 35 10 24 | 09
#0075-d105 @A: 10 23 08 16 | 07
#0076-d105 @A: 33 30 10 27 | 11
#0077-d105 @A: 25 10 30 24 | 05
#0078-d105 @A: 30 15 10 26 | 03
#0079-d105 @A: 11 30 05 10 | 01
#0080-d105 @A: 11 10 30 08 | 02
#0081-d105 @A: 02 30 12 10 | 12
#0082-d105 @A: 28 30 10 03 | 06
#0083-d105 @A: 30 10 35 31 | 10
#0084-d105 @A: 16 30 07 10 | 04
#0085-d105 @A: 34 29 30 10 | 08
#0086-d105 @A: 10 30 14 04 | 09
#0087-d105 @A: 10 19 30 18 | 07
#0088-d105 @A: 27 10 05 17 | 11
#0089-d105 @A: 10 25 17 26 | 05
#0090-d105 @A: 33 10 15 17 | 03
#0091-d105 @A: 11 10 02 17 | 01
#0092-d105 @A: 10 17 12 19 | 02
#0093-d105 @A: 10 01 17 28 | 12
#0094-d105 @A: 09 10 35 17 | 06
#0095-d105 @A: 17 10 20 22 | 10
#0096-d105 @A: 24 17 31 10 | 04
#0097-d105 @A: 07 14 17 10 | 08
#0098-d105 @A: 19 10 17 08 | 09
#0099-d105 @A: 16 10 17 03 | 07
#0100-d105 @A: 27 10 25 03 | 11
#0101-d105 @A: 24 15 10 27 | 05
#0102-d105 @A: 27 20 10 11 | 03
#0103-d105 @A: 12 10 01 27 | 01
#0104-d105 @A: 27 10 28 34 | 02
#0105-d105 @A: 14 27 09 10 | 12
#0106-d105 @A: 07 27 31 10 | 06
#0107-d105 @A: 22 10 26 27 | 10
#0108-d105 @A: 27 19 29 10 | 04
#0109-d105 @A: 29 08 10 27 | 08
#0110-d105 @A: 10 04 27 35 | 09
#0111-d105 @A: 10 09 15 25 | 07
#0112-d105 @A: 11 25 10 29 | 11
#0113-d105 @A: 10 25 34 12 | 05
#0114-d105 @A: 10 18 28 25 | 03
#0115-d105 @A: 20 04 10 25 | 01
#0116-d105 @A: 16 25 10 31 | 02
#0117-d105 @A: 33 25 07 10 | 12
#0118-d105 @A: 14 10 05 25 | 06
#0119-d105 @A: 25 10 14 08 | 10
#0120-d105 @A: 28 10 22 15 | 04
#0121-d105 @A: 10 20 15 02 | 08
#0122-d105 @A: 14 10 15 31 | 09
#0123-d105 @A: 19 10 15 07 | 07
#0124-d105 @A: 10 08 15 07 | 11
#0125-d105 @A: 10 35 34 15 | 05
#0126-d105 @A: 16 29 10 15 | 03
#0127-d105 @A: 18 10 15 04 | 01
#0128-d105 @A: 11 10 24 12 | 02
#0129-d105 @A: 10 11 35 28 | 12
#0130-d105 @A: 11 09 10 16 | 06
#0131-d105 @A: 10 31 01 11 | 10
#0132-d105 @A: 07 22 10 11 | 04
#0133-d105 @A: 19 33 11 10 | 08
#0134-d105 @A: 10 11 03 18 | 09
#0135-d105 @A: 12 28 33 10 | 07
#0136-d105 @A: 09 12 22 10 | 11
#0137-d105 @A: 20 12 14 10 | 05
#0138-d105 @A: 31 12 03 10 | 03
#0139-d105 @A: 18 12 07 10 | 01
#0140-d105 @A: 10 05 12 04 | 02
#0141-d105 @A: 10 02 09 28 | 12
#0142-d105 @A: 20 24 28 10 | 06
#0143-d105 @A: 10 31 05 28 | 10
#0144-d105 @A: 10 28 29 07 | 04
#0145-d105 @A: 08 10 28 26 | 08
#0146-d105 @A: 20 01 09 10 | 09
#0147-d105 @A: 19 09 31 10 | 07
#0148-d105 @A: 08 09 10 31 | 11
#0149-d105 @A: 10 09 24 07 | 05
#0150-d105 @A: 09 33 34 10 | 03
#0151-d105 @A: 10 03 04 09 | 01
#0152-d105 @A: 29 20 10 31 | 02
#0153-d105 @A: 10 34 20 07 | 12
#0154-d105 @A: 18 20 10 33 | 06
#0155-d105 @A: 16 10 20 05 | 10
#0156-d105 @A: 08 10 20 05 | 04
#0157-d105 @A: 31 10 26 02 | 08
#0158-d105 @A: 01 07 26 10 | 09
#0159-d105 @A: 14 26 34 10 | 07
#0160-d105 @A: 35 19 26 10 | 11
#0161-d105 @A: 03 10 26 33 | 05
#0162-d105 @A: 26 10 29 04 | 03
#0163-d105 @A: 10 24 05 26 | 01
#0164-d105 @A: 18 10 16 26 | 02
#0165-d105 @A: 10 04 34 01 | 12
#0166-d105 @A: 18 01 14 10 | 06
#0167-d105 @A: 10 01 19 16 | 10
#0168-d105 @A: 10 03 35 01 | 04
#0169-d105 @A: 10 05 01 33 | 08
#0170-d105 @A: 10 01 29 24 | 09
#0171-d105 @A: 02 01 10 22 | 07
#0172-d105 @A: 19 03 34 10 | 11
#0173-d105 @A: 10 34 18 22 | 05
#0174-d105 @A: 35 10 34 08 | 03
#0175-d105 @A: 34 02 16 10 | 01
#0176-d105 @A: 14 24 10 19 | 02
#0177-d105 @A: 14 33 10 29 | 12
#0178-d105 @A: 14 10 22 16 | 06
#0179-d105 @A: 14 04 10 08 | 10
#0180-d105 @A: 14 02 35 10 | 04
#0181-d105 @A: 19 10 22 04 | 08
#0182-d105 @A: 02 19 05 10 | 09
#0183-d105 @A: 10 08 33 03 | 07
#0184-d105 @A: 22 10 03 05 | 11
#0185-d105 @A: 03 10 02 24 | 05
#0186-d105 @A: 10 22 24 33 | 03
#0187-d105 @A: 33 02 10 04 | 01
#0188-d105 @A: 33 35 10 16 | 02
#0189-d105 @A: 29 10 35 22 | 12
#0190-d105 @A: 18 10 29 02 | 06
#0191-d105 @A: 10 24 04 16 | 10
#0192-d105 @A: 24 02 10 08 | 04
#0193-d105 @A: 35 05 10 18 | 08
#0194-d105 @A: 13 06 26 21 | 09
#0195-d105 @A: 01 32 06 13 | 07
#0196-d105 @A: 13 22 06 23 | 11
#0197-d105 @A: 35 13 06 30 | 05
#0198-d105 @A: 13 14 17 06 | 03
#0199-d105 @A: 27 13 34 06 | 01
#0200-d105 @A: 25 29 13 06 | 02
#0201-d105 @A: 16 13 06 15 | 12
#0202-d105 @A: 13 04 06 11 | 06
#0203-d105 @A: 06 13 12 19 | 10
#0204-d105 @A: 03 13 28 06 | 04
#0205-d105 @A: 33 09 13 06 | 08
#0206-d105 @A: 13 05 06 20 | 09
#0207-d105 @A: 06 13 24 31 | 07
#0208-d105 @A: 06 07 18 13 | 11
#0209-d105 @A: 08 04 06 13 | 05
#0210-d105 @A: 13 18 21 32 | 03
#0211-d105 @A: 23 13 21 12 | 01
#0212-d105 @A: 24 13 21 30 | 02
#0213-d105 @A: 13 17 21 20 | 12
#0214-d105 @A: 21 27 14 13 | 06
#0215-d105 @A: 01 21 13 25 | 10
#0216-d105 @A: 34 13 15 21 | 04
#0217-d105 @A: 19 13 21 11 | 08
#0218-d105 @A: 13 28 21 05 | 09
#0219-d105 @A: 16 21 09 13 | 07
#0220-d105 @A: 21 31 13 35 | 11
#0221-d105 @A: 02 07 21 13 | 05
#0222-d105 @A: 03 13 04 21 | 03
#0223-d105 @A: 08 03 21 13 | 01
#0224-d105 @A: 13 22 21 29 | 02
#0225-d105 @A: 13 32 23 05 | 12
#0226-d105 @A: 30 32 03 13 | 06
#0227-d105 @A: 32 17 13 26 | 10
#0228-d105 @A: 27 32 35 13 | 04
#0229-d105 @A: 32 13 33 25 | 08
#0230-d105 @A: 13 15 19 32 | 09
#0231-d105 @A: 14 11 13 32 | 07
#0232-d105 @A: 32 02 13 12 | 11
#0233-d105 @A: 13 32 34 28 | 05
#0234-d105 @A: 32 09 13 04 | 03
#0235-d105 @A: 20 32 13 24 | 01
#0236-d105 @A: 29 31 32 13 | 02
#0237-d105 @A: 07 32 13 22 | 12
#0238-d105 @A: 13 02 08 32 | 06
#0239-d105 @A: 33 13 23 30 | 10
#0240-d105 @A: 23 17 13 02 | 04
#0241-d105 @A: 25 13 23 09 | 08
#0242-d105 @A: 23 15 24 13 | 09
#0243-d105 @A: 23 13 11 03 | 07
#0244-d105 @A: 13 28 23 26 | 11
#0245-d105 @A: 20 13 01 23 | 05
#0246-d105 @A: 31 23 16 13 | 03
#0247-d105 @A: 08 31 13 23 | 01
#0248-d105 @A: 13 07 34 23 | 02
#0249-d105 @A: 35 13 14 23 | 12
#0250-d105 @A: 19 13 23 29 | 06
#0251-d105 @A: 18 04 23 13 | 10
#0252-d105 @A: 17 05 13 30 | 04
#0253-d105 @A: 27 30 11 13 | 08
#0254-d105 @A: 13 25 30 26 | 09
#0255-d105 @A: 30 20 15 13 | 07
#0256-d105 @A: 12 13 34 30 | 11
#0257-d105 @A: 30 13 28 16 | 05
#0258-d105 @A: 13 09 30 18 | 03
#0259-d105 @A: 31 13 14 30 | 01
#0260-d105 @A: 07 13 29 30 | 02
#0261-d105 @A: 26 08 13 30 | 12
#0262-d105 @A: 19 22 30 13 | 06
#0263-d105 @A: 13 30 02 04 | 10
#0264-d105 @A: 05 30 13 08 | 04
#0265-d105 @A: 17 13 27 33 | 08
#0266-d105 @A: 13 17 35 25 | 09
#0267-d105 @A: 17 18 13 15 | 07
#0268-d105 @A: 17 22 13 11 | 11
#0269-d105 @A: 13 11 17 08 | 05
#0270-d105 @A: 17 12 13 16 | 03
#0271-d105 @A: 04 28 17 13 | 01
#0272-d105 @A: 01 17 13 09 | 02
#0273-d105 @A: 31 13 34 17 | 12
#0274-d105 @A: 03 07 13 17 | 06
#0275-d105 @A: 19 17 24 13 | 10
#0276-d105 @A: 25 19 13 27 | 04
#0277-d105 @A: 27 15 13 01 | 08
#0278-d105 @A: 13 27 03 12 | 09
#0279-d105 @A: 18 13 27 28 | 07
#0280-d105 @A: 29 09 13 27 | 11
#0281-d105 @A: 20 22 13 27 | 05
#0282-d105 @A: 27 13 31 05 | 03
#0283-d105 @A: 07 27 26 13 | 01
#0284-d105 @A: 33 08 27 13 | 02
#0285-d105 @A: 27 24 13 04 | 12
#0286-d105 @A: 27 13 16 02 | 06
#0287-d105 @A: 04 25 13 15 | 10
#0288-d105 @A: 11 25 13 34 | 04
#0289-d105 @A: 13 12 25 05 | 08
#0290-d105 @A: 20 28 13 25 | 09
#0291-d105 @A: 03 31 25 13 | 07
#0292-d105 @A: 25 07 13 16 | 11
#0293-d105 @A: 02 25 14 13 | 05
#0294-d105 @A: 24 25 13 18 | 03
#0295-d105 @A: 13 25 16 08 | 01
#0296-d105 @A: 12 15 29 13 | 02
#0297-d105 @A: 28 15 13 02 | 12
#0298-d105 @A: 26 09 15 13 | 06
#0299-d105 @A: 15 13 31 33 | 10
#0300-d105 @A: 07 05 15 13 | 04
#0301-d105 @A: 13 15 34 08 | 08
#0302-d105 @A: 15 13 22 14 | 09
#0303-d105 @A: 15 03 13 35 | 07
#0304-d105 @A: 12 26 11 13 | 11
#0305-d105 @A: 33 11 28 13 | 05
#0306-d105 @A: 09 11 24 13 | 03
#0307-d105 @A: 11 20 02 13 | 01
#0308-d105 @A: 07 11 13 31 | 02
#0309-d105 @A: 13 05 01 11 | 12
#0310-d105 @A: 11 29 13 16 | 06
#0311-d105 @A: 13 35 11 18 | 10
#0312-d105 @A: 13 12 28 01 | 04
#0313-d105 @A: 14 13 09 12 | 08
#0314-d105 @A: 20 33 12 13 | 09
#0315-d105 @A: 31 13 12 04 | 07
#0316-d105 @A: 13 07 24 12 | 11
#0317-d105 @A: 13 29 08 12 | 05
#0318-d105 @A: 22 13 18 12 | 03
#0319-d105 @A: 28 09 35 13 | 01
#0320-d105 @A: 13 31 28 22 | 02
#0321-d105 @A: 28 13 07 14 | 12
#0322-d105 @A: 28 14 08 13 | 06
#0323-d105 @A: 28 24 29 13 | 10
#0324-d105 @A: 09 03 20 13 | 04
#0325-d105 @A: 13 31 09 02 | 08
#0326-d105 @A: 19 09 13 07 | 09
#0327-d105 @A: 13 09 22 34 | 07
#0328-d105 @A: 18 08 09 13 | 11
#0329-d105 @A: 31 19 20 13 | 05
#0330-d105 @A: 07 13 35 20 | 03
#0331-d105 @A: 34 18 20 13 | 01
#0332-d105 @A: 14 20 29 13 | 02
#0333-d105 @A: 13 22 08 20 | 12
#0334-d105 @A: 16 04 20 13 | 06
#0335-d105 @A: 01 26 13 31 | 10
#0336-d105 @A: 33 01 13 07 | 04
#0337-d105 @A: 35 13 08 07 | 08
#0338-d105 @A: 26 13 34 04 | 09
#0339-d105 @A: 13 18 26 14 | 07
#0340-d105 @A: 19 13 16 26 | 11
#0341-d105 @A: 26 29 13 03 | 05
#0342-d105 @A: 13 26 05 33 | 03
#0343-d105 @A: 13 22 02 26 | 01
#0344-d105 @A: 35 26 24 13 | 02
#0345-d105 @A: 01 13 34 14 | 12
#0346-d105 @A: 04 13 01 19 | 06
#0347-d105 @A: 01 22 03 13 | 10
#0348-d105 @A: 01 13 29 18 | 04
#0349-d105 @A: 24 02 13 01 | 08
#0350-d105 @A: 13 16 01 35 | 09
#0351-d105 @A: 19 05 13 34 | 07
#0352-d105 @A: 34 03 13 16 | 11
#0353-d105 @A: 34 35 13 33 | 05
#0354-d105 @A: 34 02 13 29 | 03
#0355-d105 @A: 33 19 14 13 | 01
#0356-d105 @A: 13 05 14 04 | 02
#0357-d105 @A: 16 13 14 24 | 12
#0358-d105 @A: 13 18 19 03 | 06
#0359-d105 @A: 08 13 24 19 | 10
#0360-d105 @A: 19 13 02 35 | 04
#0361-d105 @A: 24 13 03 33 | 08
#0362-d105 @A: 02 13 05 03 | 09
#0363-d105 @A: 29 33 13 04 | 07
#0364-d105 @A: 22 16 33 13 | 11
#0365-d105 @A: 02 18 13 33 | 05
#0366-d105 @A: 35 29 13 05 | 03
#0367-d105 @A: 22 04 13 35 | 01
#0368-d105 @A: 22 13 05 24 | 02
#0369-d105 @A: 05 18 16 13 | 12
#0370-d105 @A: 28 32 06 21 | 06
#0371-d105 @A: 06 04 23 21 | 10
#0372-d105 @A: 16 21 06 30 | 04
#0373-d105 @A: 21 06 17 29 | 08
#0374-d105 @A: 27 06 05 21 | 09
#0375-d105 @A: 25 09 06 21 | 07
#0376-d105 @A: 21 08 25 06 | 11
#0377-d105 @A: 21 06 15 18 | 05
#0378-d105 @A: 21 22 06 11 | 03
#0379-d105 @A: 35 12 21 06 | 01
#0380-d105 @A: 06 21 19 20 | 02
#0381-d105 @A: 21 06 07 31 | 12
#0382-d105 @A: 34 14 06 21 | 06
#0383-d105 @A: 06 03 21 24 | 10
#0384-d105 @A: 06 21 02 33 | 04
#0385-d105 @A: 06 32 35 23 | 08
#0386-d105 @A: 06 32 30 24 | 09
#0387-d105 @A: 32 17 06 19 | 07
#0388-d105 @A: 27 06 32 03 | 11
#0389-d105 @A: 12 06 32 25 | 05
#0390-d105 @A: 06 32 02 15 | 03
#0391-d105 @A: 11 06 05 32 | 01
#0392-d105 @A: 06 34 32 09 | 02
#0393-d105 @A: 16 32 06 20 | 12
#0394-d105 @A: 04 32 31 06 | 06
#0395-d105 @A: 06 14 07 32 | 10
#0396-d105 @A: 18 32 06 26 | 04
#0397-d105 @A: 34 06 32 08 | 08
#0398-d105 @A: 06 32 29 33 | 09
#0399-d105 @A: 30 23 34 06 | 07
#0400-d105 @A: 17 06 23 16 | 11
#0401-d105 @A: 06 23 08 17 | 05
#0402-d105 @A: 27 29 06 23 | 03
#0403-d105 @A: 25 03 06 23 | 01
#0404-d105 @A: 06 15 05 23 | 02
#0405-d105 @A: 11 06 12 23 | 12
#0406-d105 @A: 06 01 23 28 | 06
#0407-d105 @A: 06 23 02 09 | 10
#0408-d105 @A: 33 23 06 20 | 04
#0409-d105 @A: 23 31 18 06 | 08
#0410-d105 @A: 07 26 23 06 | 09
#0411-d105 @A: 06 24 19 23 | 07
#0412-d105 @A: 01 27 30 06 | 11
#0413-d105 @A: 06 22 30 25 | 05
#0414-d105 @A: 15 30 06 03 | 03
#0415-d105 @A: 06 14 11 30 | 01
#0416-d105 @A: 04 12 30 06 | 02
#0417-d105 @A: 33 28 30 06 | 12
#0418-d105 @A: 29 06 30 09 | 06
#0419-d105 @A: 06 20 30 26 | 10
#0420-d105 @A: 31 06 05 30 | 04
#0421-d105 @A: 19 30 07 06 | 08
#0422-d105 @A: 08 01 30 06 | 09
#0423-d105 @A: 06 30 02 18 | 07
#0424-d105 @A: 27 18 06 17 | 11
#0425-d105 @A: 17 06 25 04 | 05
#0426-d105 @A: 06 35 15 17 | 03
#0427-d105 @A: 17 06 20 11 | 01
#0428-d105 @A: 06 34 12 17 | 02
#0429-d105 @A: 28 09 17 06 | 12
#0430-d105 @A: 31 06 17 03 | 06
#0431-d105 @A: 17 22 06 07 | 10
#0432-d105 @A: 33 06 17 26 | 04
#0433-d105 @A: 17 06 24 01 | 08
#0434-d105 @A: 06 05 17 02 | 09
#0435-d105 @A: 06 25 27 33 | 07
#0436-d105 @A: 26 15 06 27 | 11
#0437-d105 @A: 11 27 06 24 | 05
#0438-d105 @A: 12 06 14 27 | 03
#0439-d105 @A: 06 27 28 35 | 01
#0440-d105 @A: 22 06 09 27 | 02
#0441-d105 @A: 27 06 08 09 | 12
#0442-d105 @A: 27 04 06 20 | 06
#0443-d105 @A: 06 27 31 19 | 10
#0444-d105 @A: 27 07 02 06 | 04
#0445-d105 @A: 15 25 06 14 | 08
#0446-d105 @A: 25 06 11 16 | 09
#0447-d105 @A: 34 25 28 06 | 07
#0448-d105 @A: 02 25 20 06 | 11
#0449-d105 @A: 06 25 26 31 | 05
#0450-d105 @A: 06 24 07 25 | 03
#0451-d105 @A: 25 18 06 01 | 01
#0452-d105 @A: 05 06 35 25 | 02
#0453-d105 @A: 33 15 06 11 | 12
#0454-d105 @A: 28 24 06 15 | 06
#0455-d105 @A: 09 04 06 15 | 10
#0456-d105 @A: 15 06 34 20 | 04
#0457-d105 @A: 22 06 15 31 | 08
#0458-d105 @A: 15 07 29 06 | 09
#0459-d105 @A: 06 08 15 26 | 07
#0460-d105 @A: 01 06 19 15 | 11
#0461-d105 @A: 28 11 06 18 | 05
#0462-d105 @A: 09 11 01 06 | 03
#0463-d105 @A: 06 11 29 31 | 01
#0464-d105 @A: 03 07 11 06 | 02
#0465-d105 @A: 06 26 11 35 | 12
#0466-d105 @A: 06 02 11 19 | 06
#0467-d105 @A: 11 06 08 16 | 10
#0468-d105 @A: 12 16 06 28 | 04
#0469-d105 @A: 06 18 09 12 | 08
#0470-d105 @A: 20 29 12 06 | 09
#0471-d105 @A: 12 31 06 01 | 07
#0472-d105 @A: 07 12 33 06 | 11
#0473-d105 @A: 12 26 06 24 | 05
#0474-d105 @A: 06 12 19 08 | 03
#0475-d105 @A: 12 03 06 05 | 01
#0476-d105 @A: 02 06 12 22 | 02
#0477-d105 @A: 06 14 28 20 | 12
#0478-d105 @A: 28 06 02 31 | 06
#0479-d105 @A: 07 06 28 05 | 10
#0480-d105 @A: 08 07 28 06 | 04
#0481-d105 @A: 28 26 29 06 | 08
#0482-d105 @A: 06 19 28 22 | 09
#0483-d105 @A: 20 24 06 09 | 07
#0484-d105 @A: 14 31 09 06 | 11
#0485-d105 @A: 16 09 06 07 | 05
#0486-d105 @A: 09 05 06 19 | 03
#0487-d105 @A: 35 06 09 03 | 01
#0488-d105 @A: 35 06 31 20 | 02
#0489-d105 @A: 06 20 01 07 | 12
#0490-d105 @A: 06 22 20 18 | 06
#0491-d105 @A: 35 06 20 08 | 10
#0492-d105 @A: 08 07 06 31 | 04
#0493-d105 @A: 16 06 31 34 | 08
#0494-d105 @A: 04 07 34 06 | 09
#0495-d105 @A: 26 01 06 04 | 07
#0496-d105 @A: 22 26 06 34 | 11
#0497-d105 @A: 26 05 06 14 | 05
#0498-d105 @A: 06 26 03 19 | 03
#0499-d105 @A: 26 06 02 16 | 01
#0500-d105 @A: 34 05 01 06 | 02
#0501-d105 @A: 06 14 01 22 | 12
#0502-d105 @A: 06 16 01 03 | 06
#0503-d105 @A: 35 06 01 33 | 10
#0504-d105 @A: 29 01 06 02 | 04
#0505-d105 @A: 35 34 19 06 | 08
#0506-d105 @A: 33 06 34 03 | 09
#0507-d105 @A: 18 29 34 06 | 07
#0508-d105 @A: 24 02 34 06 | 11
#0509-d105 @A: 18 06 14 19 | 05
#0510-d105 @A: 14 06 02 03 | 03
#0511-d105 @A: 14 33 24 06 | 01
#0512-d105 @A: 14 08 06 33 | 02
#0513-d105 @A: 35 14 06 29 | 12
#0514-d105 @A: 14 04 16 06 | 06
#0515-d105 @A: 19 16 06 33 | 10
#0516-d105 @A: 06 29 19 04 | 04
#0517-d105 @A: 22 03 06 29 | 08
#0518-d105 @A: 18 04 06 03 | 09
#0519-d105 @A: 08 06 05 03 | 07
#0520-d105 @A: 22 33 04 06 | 11
#0521-d105 @A: 06 05 33 18 | 05
#0522-d105 @A: 16 06 29 24 | 03
#0523-d105 @A: 29 06 02 08 | 01
#0524-d105 @A: 06 24 22 35 | 02
#0525-d105 @A: 06 08 22 24 | 12
#0526-d105 @A: 05 16 22 06 | 06
#0527-d105 @A: 06 05 24 04 | 10
#0528-d105 @A: 06 35 04 02 | 04
#0529-d105 @A: 16 18 35 06 | 08
#0530-d105 @A: 23 03 32 21 | 09
#0531-d105 @A: 21 32 34 30 | 07
#0532-d105 @A: 21 32 17 25 | 11
#0533-d105 @A: 21 04 32 27 | 05
#0534-d105 @A: 21 15 32 26 | 03
#0535-d105 @A: 21 32 11 35 | 01
#0536-d105 @A: 21 12 19 32 | 02
#0537-d105 @A: 32 14 09 21 | 12
#0538-d105 @A: 08 32 09 21 | 06
#0539-d105 @A: 32 20 02 21 | 10
#0540-d105 @A: 31 22 32 21 | 04
#0541-d105 @A: 33 07 32 21 | 08
#0542-d105 @A: 29 32 21 01 | 09
#0543-d105 @A: 16 32 05 21 | 07
#0544-d105 @A: 21 23 30 14 | 11
#0545-d105 @A: 35 21 17 23 | 05
#0546-d105 @A: 27 21 02 23 | 03
#0547-d105 @A: 23 18 21 25 | 01
#0548-d105 @A: 22 23 21 15 | 02
#0549-d105 @A: 21 11 23 01 | 12
#0550-d105 @A: 23 21 28 33 | 06
#0551-d105 @A: 23 34 21 09 | 10
#0552-d105 @A: 20 24 21 23 | 04
#0553-d105 @A: 29 21 31 23 | 08
#0554-d105 @A: 05 23 07 21 | 09
#0555-d105 @A: 21 23 16 26 | 07
#0556-d105 @A: 21 19 23 08 | 11
#0557-d105 @A: 30 21 27 17 | 05
#0558-d105 @A: 25 30 21 03 | 03
#0559-d105 @A: 02 30 15 21 | 01
#0560-d105 @A: 30 11 21 18 | 02
#0561-d105 @A: 29 21 12 30 | 12
#0562-d105 @A: 19 30 28 21 | 06
#0563-d105 @A: 30 21 33 09 | 10
#0564-d105 @A: 01 30 21 20 | 04
#0565-d105 @A: 30 21 20 08 | 08
#0566-d105 @A: 26 30 31 21 | 09
#0567-d105 @A: 35 07 30 21 | 07
#0568-d105 @A: 05 30 04 21 | 11
#0569-d105 @A: 15 19 17 21 | 05
#0570-d105 @A: 15 08 21 17 | 03
#0571-d105 @A: 21 17 04 11 | 01
#0572-d105 @A: 14 21 12 17 | 02
#0573-d105 @A: 17 28 16 21 | 12
#0574-d105 @A: 18 09 21 17 | 06
#0575-d105 @A: 31 17 21 05 | 10
#0576-d105 @A: 07 21 17 24 | 04
#0577-d105 @A: 17 03 21 26 | 08
#0578-d105 @A: 02 21 17 01 | 09
#0579-d105 @A: 17 22 33 21 | 07
#0580-d105 @A: 21 25 27 26 | 11
#0581-d105 @A: 27 15 12 21 | 05
#0582-d105 @A: 21 27 11 03 | 03
#0583-d105 @A: 28 27 21 22 | 01
#0584-d105 @A: 21 09 19 27 | 02
#0585-d105 @A: 21 34 20 27 | 12
#0586-d105 @A: 24 21 31 27 | 06
#0587-d105 @A: 21 27 07 29 | 10
#0588-d105 @A: 35 27 21 01 | 04
#0589-d105 @A: 21 27 16 33 | 08
#0590-d105 @A: 35 08 21 27 | 09
#0591-d105 @A: 21 33 15 25 | 07
#0592-d105 @A: 21 25 11 05 | 11
#0593-d105 @A: 25 21 04 12 | 05
#0594-d105 @A: 14 28 21 25 | 03
#0595-d105 @A: 29 25 20 21 | 01
#0596-d105 @A: 25 21 19 31 | 02
#0597-d105 @A: 07 25 34 21 | 12
#0598-d105 @A: 21 16 22 25 | 06
#0599-d105 @A: 35 24 25 21 | 10
#0600-d105 @A: 15 21 11 29 | 04
#0601-d105 @A: 15 35 21 28 | 08
#0602-d105 @A: 09 15 21 24 | 09
#0603-d105 @A: 14 20 15 21 | 07
#0604-d105 @A: 31 01 21 15 | 11
#0605-d105 @A: 07 04 21 15 | 05
#0606-d105 @A: 15 03 21 16 | 03
#0607-d105 @A: 11 34 21 12 | 01
#0608-d105 @A: 28 21 11 24 | 02
#0609-d105 @A: 09 02 21 11 | 12
#0610-d105 @A: 20 26 21 11 | 06
#0611-d105 @A: 11 33 31 21 | 10
#0612-d105 @A: 11 07 16 21 | 04
#0613-d105 @A: 08 11 14 21 | 08
#0614-d105 @A: 21 12 28 09 | 09
#0615-d105 @A: 18 12 20 21 | 07
#0616-d105 @A: 02 31 12 21 | 11
#0617-d105 @A: 21 07 26 12 | 05
#0618-d105 @A: 26 08 12 21 | 03
#0619-d105 @A: 21 03 12 01 | 01
#0620-d105 @A: 05 21 33 12 | 02
#0621-d105 @A: 21 22 24 12 | 12
#0622-d105 @A: 21 28 20 03 | 06
#0623-d105 @A: 28 21 31 34 | 10
#0624-d105 @A: 07 28 21 18 | 04
#0625-d105 @A: 01 21 04 28 | 08
#0626-d105 @A: 29 21 28 02 | 09
#0627-d105 @A: 08 21 04 28 | 07
#0628-d105 @A: 05 09 21 20 | 11
#0629-d105 @A: 09 03 31 21 | 05
#0630-d105 @A: 01 09 21 07 | 03
#0631-d105 @A: 09 21 26 04 | 01
#0632-d105 @A: 09 35 21 22 | 02
#0633-d105 @A: 20 21 16 31 | 12
#0634-d105 @A: 07 21 22 20 | 06
#0635-d105 @A: 33 20 21 04 | 10
#0636-d105 @A: 18 31 21 14 | 04
#0637-d105 @A: 21 31 08 02 | 08
#0638-d105 @A: 21 07 08 34 | 09
#0639-d105 @A: 14 07 19 21 | 07
#0640-d105 @A: 01 18 21 26 | 11
#0641-d105 @A: 34 26 05 21 | 05
#0642-d105 @A: 22 21 14 26 | 03
#0643-d105 @A: 19 21 24 26 | 01
#0644-d105 @A: 26 33 21 29 | 02
#0645-d105 @A: 35 02 21 26 | 12
#0646-d105 @A: 22 21 01 34 | 06
#0647-d105 @A: 01 21 05 14 | 10
#0648-d105 @A: 14 01 21 08 | 04
#0649-d105 @A: 01 19 33 21 | 08
#0650-d105 @A: 24 21 01 16 | 09
#0651-d105 @A: 19 34 21 18 | 07
#0652-d105 @A: 21 03 02 34 | 11
#0653-d105 @A: 33 21 24 34 | 05
#0654-d105 @A: 29 21 35 34 | 03
#0655-d105 @A: 21 34 04 16 | 01
#0656-d105 @A: 33 03 21 14 | 02
#0657-d105 @A: 04 29 14 21 | 12
#0658-d105 @A: 14 24 02 21 | 06
#0659-d105 @A: 21 35 14 16 | 10
#0660-d105 @A: 29 03 19 21 | 04
#0661-d105 @A: 19 21 22 05 | 08
#0662-d105 @A: 21 35 19 04 | 09
#0663-d105 @A: 02 16 21 19 | 07
#0664-d105 @A: 22 18 03 21 | 11
#0665-d105 @A: 03 05 35 21 | 05
#0666-d105 @A: 33 08 21 05 | 03
#0667-d105 @A: 35 21 33 18 | 01
#0668-d105 @A: 21 29 05 24 | 02
#0669-d105 @A: 16 18 21 29 | 12
#0670-d105 @A: 08 21 16 29 | 06
#0671-d105 @A: 02 04 22 21 | 10
#0672-d105 @A: 04 18 21 24 | 04
#0673-d105 @A: 21 18 24 08 | 08
#0674-d105 @A: 05 18 21 02 | 09
#0675-d105 @A: 30 02 32 23 | 07
#0676-d105 @A: 32 17 23 22 | 11
#0677-d105 @A: 23 19 32 27 | 05
#0678-d105 @A: 25 23 34 32 | 03
#0679-d105 @A: 32 23 14 15 | 01
#0680-d105 @A: 09 32 23 11 | 02
#0681-d105 @A: 23 32 08 11 | 12
#0682-d105 @A: 23 32 04 12 | 06
#0683-d105 @A: 23 32 18 28 | 10
#0684-d105 @A: 26 32 23 20 | 04
#0685-d105 @A: 01 32 23 31 | 08
#0686-d105 @A: 32 07 23 16 | 09
#0687-d105 @A: 29 32 24 23 | 07
#0688-d105 @A: 33 17 30 32 | 11
#0689-d105 @A: 32 28 27 30 | 05
#0690-d105 @A: 25 32 30 01 | 03
#0691-d105 @A: 32 35 30 15 | 01
#0692-d105 @A: 11 19 30 32 | 02
#0693-d105 @A: 12 32 14 30 | 12
#0694-d105 @A: 20 30 04 32 | 06
#0695-d105 @A: 30 32 16 31 | 10
#0696-d105 @A: 26 32 30 07 | 04
#0697-d105 @A: 32 33 08 30 | 08
#0698-d105 @A: 22 32 30 29 | 09
#0699-d105 @A: 30 32 18 05 | 07
#0700-d105 @A: 32 14 27 17 | 11
#0701-d105 @A: 24 15 17 32 | 05
#0702-d105 @A: 11 01 32 17 | 03
#0703-d105 @A: 09 12 32 17 | 01
#0704-d105 @A: 17 32 29 28 | 02
#0705-d105 @A: 17 03 20 32 | 12
#0706-d105 @A: 31 17 35 32 | 06
#0707-d105 @A: 17 07 32 04 | 10
#0708-d105 @A: 05 17 32 34 | 04
#0709-d105 @A: 32 08 14 17 | 08
#0710-d105 @A: 32 17 16 02 | 09
#0711-d105 @A: 32 29 27 25 | 07
#0712-d105 @A: 33 27 15 32 | 11
#0713-d105 @A: 11 32 27 26 | 05
#0714-d105 @A: 12 27 22 32 | 03
#0715-d105 @A: 09 27 16 32 | 01
#0716-d105 @A: 20 05 27 32 | 02
#0717-d105 @A: 32 27 18 31 | 12
#0718-d105 @A: 24 32 27 07 | 06
#0719-d105 @A: 32 34 01 27 | 10
#0720-d105 @A: 32 08 27 16 | 04
#0721-d105 @A: 32 15 05 25 | 08
#0722-d105 @A: 25 32 24 11 | 09
#0723-d105 @A: 28 32 16 25 | 07
#0724-d105 @A: 28 32 25 08 | 11
#0725-d105 @A: 32 18 09 25 | 05
#0726-d105 @A: 25 20 32 14 | 03
#0727-d105 @A: 32 31 25 07 | 01
#0728-d105 @A: 25 26 32 03 | 02
#0729-d105 @A: 25 19 04 32 | 12
#0730-d105 @A: 22 25 02 32 | 06
#0731-d105 @A: 32 15 22 11 | 10
#0732-d105 @A: 12 16 32 15 | 04
#0733-d105 @A: 15 32 04 28 | 08
#0734-d105 @A: 15 29 09 32 | 09
#0735-d105 @A: 15 18 20 32 | 07
#0736-d105 @A: 03 31 32 15 | 11
#0737-d105 @A: 32 34 15 07 | 05
#0738-d105 @A: 24 08 32 15 | 03
#0739-d105 @A: 11 32 29 12 | 01
#0740-d105 @A: 28 32 11 20 | 02
#0741-d105 @A: 32 31 11 02 | 12
#0742-d105 @A: 18 32 07 11 | 06
#0743-d105 @A: 11 03 32 34 | 10
#0744-d105 @A: 32 16 33 11 | 04
#0745-d105 @A: 35 28 12 32 | 08
#0746-d105 @A: 01 32 12 20 | 09
#0747-d105 @A: 31 12 05 32 | 07
#0748-d105 @A: 07 03 12 32 | 11
#0749-d105 @A: 34 12 24 32 | 05
#0750-d105 @A: 33 12 32 18 | 03
#0751-d105 @A: 19 09 28 32 | 01
#0752-d105 @A: 28 32 26 31 | 02
#0753-d105 @A: 07 32 01 28 | 12
#0754-d105 @A: 03 28 24 32 | 06
#0755-d105 @A: 22 32 28 33 | 10
#0756-d105 @A: 05 28 02 32 | 04
#0757-d105 @A: 09 32 20 35 | 08
#0758-d105 @A: 09 32 31 24 | 09
#0759-d105 @A: 07 02 09 32 | 07
#0760-d105 @A: 32 26 33 09 | 11
#0761-d105 @A: 01 32 22 09 | 05
#0762-d105 @A: 09 05 32 03 | 03
#0763-d105 @A: 20 31 32 33 | 01
#0764-d105 @A: 20 29 07 32 | 02
#0765-d105 @A: 26 20 08 32 | 12
#0766-d105 @A: 22 20 34 32 | 06
#0767-d105 @A: 14 32 19 31 | 10
#0768-d105 @A: 31 32 29 08 | 04
#0769-d105 @A: 19 32 07 35 | 08
#0770-d105 @A: 19 08 32 07 | 09
#0771-d105 @A: 32 26 16 01 | 07
#0772-d105 @A: 34 35 26 32 | 11
#0773-d105 @A: 32 26 14 24 | 05
#0774-d105 @A: 26 32 19 02 | 03
#0775-d105 @A: 32 05 29 26 | 01
#0776-d105 @A: 04 32 26 22 | 02
#0777-d105 @A: 01 14 32 33 | 12
#0778-d105 @A: 05 32 01 19 | 06
#0779-d105 @A: 01 18 32 03 | 10
#0780-d105 @A: 01 29 08 32 | 04
#0781-d105 @A: 32 24 04 01 | 08
#0782-d105 @A: 02 01 35 32 | 09
#0783-d105 @A: 14 34 32 18 | 07
#0784-d105 @A: 16 19 34 32 | 11
#0785-d105 @A: 02 34 32 33 | 05
#0786-d105 @A: 04 34 29 32 | 03
#0787-d105 @A: 32 16 03 14 | 01
#0788-d105 @A: 02 29 32 14 | 02
#0789-d105 @A: 14 32 22 05 | 12
#0790-d105 @A: 04 32 35 14 | 06
#0791-d105 @A: 19 03 32 22 | 10
#0792-d105 @A: 33 19 24 32 | 04
#0793-d105 @A: 19 32 18 29 | 08
#0794-d105 @A: 33 03 35 32 | 09
#0795-d105 @A: 03 04 02 32 | 07
#0796-d105 @A: 32 03 08 18 | 11
#0797-d105 @A: 04 05 33 32 | 05
#0798-d105 @A: 32 35 29 16 | 03
#0799-d105 @A: 16 24 32 22 | 01
#0800-d105 @A: 08 22 05 32 | 02
#0801-d105 @A: 32 35 22 18 | 12
#0802-d105 @A: 35 08 32 04 | 06
#0803-d105 @A: 18 32 04 16 | 10
#0804-d105 @A: 32 35 24 05 | 04
#0805-d105 @A: 24 18 32 02 | 08
#0806-d105 @A: 23 01 17 30 | 09
#0807-d105 @A: 27 03 23 30 | 07
#0808-d105 @A: 23 30 27 08 | 11
#0809-d105 @A: 25 16 23 30 | 05
#0810-d105 @A: 11 15 23 30 | 03
#0811-d105 @A: 30 23 22 12 | 01
#0812-d105 @A: 04 28 23 30 | 02
#0813-d105 @A: 09 30 23 24 | 12
#0814-d105 @A: 30 19 31 23 | 06
#0815-d105 @A: 30 23 07 18 | 10
#0816-d105 @A: 23 26 29 30 | 04
#0817-d105 @A: 30 35 23 05 | 08
#0818-d105 @A: 34 27 17 23 | 09
#0819-d105 @A: 25 23 05 17 | 07
#0820-d105 @A: 23 15 17 29 | 11
#0821-d105 @A: 24 11 23 17 | 05
#0822-d105 @A: 12 17 33 23 | 03
#0823-d105 @A: 28 03 17 23 | 01
#0824-d105 @A: 14 09 17 23 | 02
#0825-d105 @A: 18 20 23 17 | 12
#0826-d105 @A: 17 31 26 23 | 06
#0827-d105 @A: 19 17 07 23 | 10
#0828-d105 @A: 04 23 25 27 | 04
#0829-d105 @A: 15 23 27 20 | 08
#0830-d105 @A: 22 11 27 23 | 09
#0831-d105 @A: 26 23 12 27 | 07
#0832-d105 @A: 05 28 27 23 | 11
#0833-d105 @A: 09 27 33 23 | 05
#0834-d105 @A: 23 27 35 31 | 03
#0835-d105 @A: 27 14 23 07 | 01
#0836-d105 @A: 23 01 27 18 | 02
#0837-d105 @A: 16 27 23 24 | 12
#0838-d105 @A: 27 18 23 08 | 06
#0839-d105 @A: 23 19 25 15 | 10
#0840-d105 @A: 33 23 11 25 | 04
#0841-d105 @A: 25 12 23 02 | 08
#0842-d105 @A: 28 25 29 23 | 09
#0843-d105 @A: 25 22 23 20 | 07
#0844-d105 @A: 31 23 24 25 | 11
#0845-d105 @A: 07 35 25 23 | 05
#0846-d105 @A: 14 25 23 26 | 03
#0847-d105 @A: 25 23 08 01 | 01
#0848-d105 @A: 35 12 23 15 | 02
#0849-d105 @A: 34 28 23 15 | 12
#0850-d105 @A: 16 09 15 23 | 06
#0851-d105 @A: 23 02 31 15 | 10
#0852-d105 @A: 33 15 07 23 | 04
#0853-d105 @A: 15 23 18 26 | 08
#0854-d105 @A: 15 23 04 01 | 09
#0855-d105 @A: 23 08 15 14 | 07
#0856-d105 @A: 23 11 28 02 | 11
#0857-d105 @A: 11 20 05 23 | 05
#0858-d105 @A: 31 23 04 11 | 03
#0859-d105 @A: 23 07 29 11 | 01
#0860-d105 @A: 11 23 34 35 | 02
#0861-d105 @A: 11 14 23 16 | 12
#0862-d105 @A: 18 23 19 11 | 06
#0863-d105 @A: 12 19 28 23 | 10
#0864-d105 @A: 03 23 09 12 | 04
#0865-d105 @A: 23 20 16 12 | 08
#0866-d105 @A: 23 31 12 34 | 09
#0867-d105 @A: 12 23 07 01 | 07
#0868-d105 @A: 12 24 23 14 | 11
#0869-d105 @A: 12 05 18 23 | 05
#0870-d105 @A: 08 23 12 35 | 03
#0871-d105 @A: 28 22 09 23 | 01
#0872-d105 @A: 28 23 35 20 | 02
#0873-d105 @A: 23 28 20 08 | 12
#0874-d105 @A: 14 28 31 23 | 06
#0875-d105 @A: 28 07 24 23 | 10
#0876-d105 @A: 20 23 29 09 | 04
#0877-d105 @A: 09 05 23 31 | 08
#0878-d105 @A: 23 04 07 09 | 09
#0879-d105 @A: 26 09 19 23 | 07
#0880-d105 @A: 01 35 09 23 | 11
#0881-d105 @A: 29 09 23 08 | 05
#0882-d105 @A: 23 20 07 31 | 03
#0883-d105 @A: 34 19 20 23 | 01
#0884-d105 @A: 20 14 23 04 | 02
#0885-d105 @A: 20 03 02 23 | 12
#0886-d105 @A: 33 31 03 23 | 06
#0887-d105 @A: 23 03 07 22 | 10
#0888-d105 @A: 23 03 08 07 | 04
#0889-d105 @A: 26 23 03 01 | 08
#0890-d105 @A: 23 33 26 34 | 09
#0891-d105 @A: 26 22 23 05 | 07
#0892-d105 @A: 26 08 23 22 | 11
#0893-d105 @A: 23 26 04 35 | 05
#0894-d105 @A: 24 02 23 26 | 03
#0895-d105 @A: 23 01 34 16 | 01
#0896-d105 @A: 29 01 23 14 | 02
#0897-d105 @A: 01 22 19 23 | 12
#0898-d105 @A: 23 24 33 01 | 06
#0899-d105 @A: 23 01 02 05 | 10
#0900-d105 @A: 02 14 34 23 | 04
#0901-d105 @A: 04 23 03 34 | 08
#0902-d105 @A: 34 22 29 23 | 09
#0903-d105 @A: 34 24 23 18 | 07
#0904-d105 @A: 23 02 08 34 | 11
#0905-d105 @A: 23 14 19 03 | 05
#0906-d105 @A: 05 33 23 14 | 03
#0907-d105 @A: 18 23 14 22 | 01
#0908-d105 @A: 19 23 35 33 | 02
#0909-d105 @A: 19 23 02 04 | 12
#0910-d105 @A: 05 19 23 16 | 06
#0911-d105 @A: 23 35 29 03 | 10
#0912-d105 @A: 23 05 24 03 | 04
#0913-d105 @A: 23 03 18 16 | 08
#0914-d105 @A: 18 29 23 33 | 09
#0915-d105 @A: 23 22 02 33 | 07
#0916-d105 @A: 16 23 04 33 | 11
#0917-d105 @A: 08 23 33 24 | 05
#0918-d105 @A: 05 23 04 29 | 03
#0919-d105 @A: 16 02 23 29 | 01
#0920-d105 @A: 23 22 24 04 | 02
#0921-d105 @A: 16 22 35 23 | 12
#0922-d105 @A: 05 23 04 08 | 06
#0923-d105 @A: 18 02 23 35 | 10
#0924-d105 @A: 17 25 30 18 | 04
#0925-d105 @A: 30 17 15 04 | 08
#0926-d105 @A: 30 17 35 11 | 09
#0927-d105 @A: 17 30 12 03 | 07
#0928-d105 @A: 24 17 28 30 | 11
#0929-d105 @A: 16 09 30 17 | 05
#0930-d105 @A: 30 20 17 29 | 03
#0931-d105 @A: 31 22 30 17 | 01
#0932-d105 @A: 34 07 30 17 | 02
#0933-d105 @A: 19 17 30 26 | 12
#0934-d105 @A: 14 02 17 30 | 06
#0935-d105 @A: 17 08 30 24 | 10
#0936-d105 @A: 30 25 27 05 | 04
#0937-d105 @A: 27 30 15 22 | 08
#0938-d105 @A: 24 27 12 30 | 09
#0939-d105 @A: 27 09 26 30 | 07
#0940-d105 @A: 30 27 02 20 | 11
#0941-d105 @A: 31 34 30 27 | 05
#0942-d105 @A: 04 07 27 30 | 03
#0943-d105 @A: 29 30 27 14 | 01
#0944-d105 @A: 30 19 16 27 | 02
#0945-d105 @A: 30 27 35 18 | 12
#0946-d105 @A: 25 29 30 15 | 06
#0947-d105 @A: 11 04 30 25 | 10
#0948-d105 @A: 30 25 33 12 | 04
#0949-d105 @A: 30 12 25 08 | 08
#0950-d105 @A: 30 25 35 28 | 09
#0951-d105 @A: 25 09 30 19 | 07
#0952-d105 @A: 25 30 34 20 | 11
#0953-d105 @A: 02 31 30 25 | 05
#0954-d105 @A: 25 07 30 14 | 03
#0955-d105 @A: 19 12 15 30 | 01
#0956-d105 @A: 01 28 15 30 | 02
#0957-d105 @A: 05 15 30 09 | 12
#0958-d105 @A: 31 15 30 07 | 06
#0959-d105 @A: 18 15 30 34 | 10
#0960-d105 @A: 15 16 30 14 | 04
#0961-d105 @A: 15 19 08 30 | 08
#0962-d105 @A: 15 24 30 33 | 09
#0963-d105 @A: 12 16 11 30 | 07
#0964-d105 @A: 11 28 22 30 | 11
#0965-d105 @A: 09 30 03 11 | 05
#0966-d105 @A: 20 33 30 11 | 03
#0967-d105 @A: 30 11 24 31 | 01
#0968-d105 @A: 11 30 01 07 | 02
#0969-d105 @A: 34 11 30 26 | 12
#0970-d105 @A: 30 02 11 29 | 06
#0971-d105 @A: 26 30 12 28 | 10
#0972-d105 @A: 12 01 09 30 | 04
#0973-d105 @A: 30 20 35 12 | 08
#0974-d105 @A: 31 30 18 12 | 09
#0975-d105 @A: 05 07 30 12 | 07
#0976-d105 @A: 09 28 30 34 | 11
#0977-d105 @A: 18 20 28 30 | 05
#0978-d105 @A: 30 31 29 28 | 03
#0979-d105 @A: 28 07 30 02 | 01
#0980-d105 @A: 30 05 28 14 | 02
#0981-d105 @A: 02 28 30 08 | 12
#0982-d105 @A: 09 14 20 30 | 06
#0983-d105 @A: 31 30 09 04 | 10
#0984-d105 @A: 30 22 07 09 | 04
#0985-d105 @A: 30 09 08 07 | 08
#0986-d105 @A: 09 30 35 02 | 09
#0987-d105 @A: 03 20 30 31 | 07
#0988-d105 @A: 20 07 30 24 | 11
#0989-d105 @A: 20 30 19 05 | 05
#0990-d105 @A: 22 20 30 16 | 03
#0991-d105 @A: 01 30 31 33 | 01
#0992-d105 @A: 04 31 30 08 | 02
#0993-d105 @A: 07 33 30 03 | 12
#0994-d105 @A: 26 05 01 30 | 06
#0995-d105 @A: 14 03 26 30 | 10
#0996-d105 @A: 33 30 26 02 | 04
#0997-d105 @A: 26 24 30 22 | 08
#0998-d105 @A: 30 26 04 18 | 09
#0999-d105 @A: 26 35 16 30 | 07
#1000-d105 @A: 34 30 01 35 | 11
#1001-d105 @A: 19 30 01 14 | 05
#1002-d105 @A: 01 30 03 24 | 03
#1003-d105 @A: 01 29 30 04 | 01
#1004-d105 @A: 30 18 22 01 | 02
#1005-d105 @A: 01 02 16 30 | 12
#1006-d105 @A: 34 30 24 14 | 06
#1007-d105 @A: 34 02 19 30 | 10
#1008-d105 @A: 05 30 03 34 | 04
#1009-d105 @A: 16 30 34 33 | 08
#1010-d105 @A: 22 34 30 04 | 09
#1011-d105 @A: 34 08 30 22 | 07
#1012-d105 @A: 03 30 08 14 | 11
#1013-d105 @A: 18 33 30 14 | 05
#1014-d105 @A: 30 22 35 14 | 03
#1015-d105 @A: 30 19 35 03 | 01
#1016-d105 @A: 04 30 33 19 | 02
#1017-d105 @A: 24 19 30 29 | 12
#1018-d105 @A: 18 29 30 03 | 06
#1019-d105 @A: 30 22 02 03 | 10
#1020-d105 @A: 30 03 04 16 | 04
#1021-d105 @A: 33 30 35 29 | 08
#1022-d105 @A: 30 33 05 22 | 09
#1023-d105 @A: 30 05 29 16 | 07
#1024-d105 @A: 29 30 18 08 | 11
#1025-d105 @A: 04 24 30 35 | 05
#1026-d105 @A: 30 24 05 02 | 03
#1027-d105 @A: 24 16 18 30 | 01
#1028-d105 @A: 16 08 35 30 | 02
#1029-d105 @A: 22 17 27 25 | 12
#1030-d105 @A: 27 17 15 03 | 06
#1031-d105 @A: 27 11 17 29 | 10
#1032-d105 @A: 12 04 27 17 | 04
#1033-d105 @A: 27 17 26 28 | 08
#1034-d105 @A: 17 24 09 27 | 09
#1035-d105 @A: 20 35 17 27 | 07
#1036-d105 @A: 27 17 31 02 | 11
#1037-d105 @A: 17 16 27 07 | 05
#1038-d105 @A: 17 26 08 27 | 03
#1039-d105 @A: 01 17 19 27 | 01
#1040-d105 @A: 25 15 17 34 | 02
#1041-d105 @A: 25 03 17 11 | 12
#1042-d105 @A: 12 25 28 17 | 06
#1043-d105 @A: 29 17 25 09 | 10
#1044-d105 @A: 19 17 25 20 | 04
#1045-d105 @A: 01 25 17 31 | 08
#1046-d105 @A: 17 25 02 07 | 09
#1047-d105 @A: 14 25 17 33 | 07
#1048-d105 @A: 16 25 17 24 | 11
#1049-d105 @A: 17 08 05 25 | 05
#1050-d105 @A: 17 14 11 15 | 03
#1051-d105 @A: 15 02 12 17 | 01
#1052-d105 @A: 05 15 28 17 | 02
#1053-d105 @A: 09 15 22 17 | 12
#1054-d105 @A: 26 20 15 17 | 06
#1055-d105 @A: 17 16 15 31 | 10
#1056-d105 @A: 15 07 17 01 | 04
#1057-d105 @A: 11 17 18 12 | 08
#1058-d105 @A: 17 28 11 34 | 09
#1059-d105 @A: 09 17 11 05 | 07
#1060-d105 @A: 11 31 17 19 | 11
#1061-d105 @A: 33 11 07 17 | 05
#1062-d105 @A: 11 16 17 26 | 03
#1063-d105 @A: 12 24 17 20 | 01
#1064-d105 @A: 17 12 31 07 | 02
#1065-d105 @A: 08 17 12 31 | 12
#1066-d105 @A: 05 17 26 12 | 06
#1067-d105 @A: 01 22 17 12 | 10
#1068-d105 @A: 29 17 12 35 | 04
#1069-d105 @A: 17 20 02 28 | 08
#1070-d105 @A: 28 31 17 18 | 09
#1071-d105 @A: 35 17 07 28 | 07
#1072-d105 @A: 17 22 28 14 | 11
#1073-d105 @A: 17 33 19 28 | 05
#1074-d105 @A: 28 08 16 17 | 03
#1075-d105 @A: 17 04 09 20 | 01
#1076-d105 @A: 17 09 31 33 | 02
#1077-d105 @A: 26 07 17 09 | 12
#1078-d105 @A: 09 34 17 02 | 06
#1079-d105 @A: 17 19 09 03 | 10
#1080-d105 @A: 22 08 17 09 | 04
#1081-d105 @A: 17 14 20 31 | 08
#1082-d105 @A: 20 05 07 17 | 09
#1083-d105 @A: 20 17 16 01 | 07
#1084-d105 @A: 01 17 20 08 | 11
#1085-d105 @A: 20 34 17 33 | 05
#1086-d105 @A: 29 17 04 31 | 03
#1087-d105 @A: 17 29 18 07 | 01
#1088-d105 @A: 16 07 08 17 | 02
#1089-d105 @A: 01 17 29 26 | 12
#1090-d105 @A: 24 34 26 17 | 06
#1091-d105 @A: 17 26 04 14 | 10
#1092-d105 @A: 17 26 22 35 | 04
#1093-d105 @A: 17 26 18 02 | 08
#1094-d105 @A: 17 18 01 34 | 09
#1095-d105 @A: 14 03 17 01 | 07
#1096-d105 @A: 04 01 17 33 | 11
#1097-d105 @A: 01 05 35 17 | 05
#1098-d105 @A: 34 35 17 14 | 03
#1099-d105 @A: 17 04 34 19 | 01
#1100-d105 @A: 17 22 03 34 | 02
#1101-d105 @A: 29 17 34 16 | 12
#1102-d105 @A: 04 17 34 08 | 06
#1103-d105 @A: 14 19 17 29 | 10
#1104-d105 @A: 05 24 17 14 | 04
#1105-d105 @A: 14 16 17 18 | 08
#1106-d105 @A: 02 19 22 17 | 09
#1107-d105 @A: 18 05 17 19 | 07
#1108-d105 @A: 16 35 19 17 | 11
#1109-d105 @A: 18 03 33 17 | 05
#1110-d105 @A: 29 02 17 03 | 03
#1111-d105 @A: 17 05 04 03 | 01
#1112-d105 @A: 35 24 17 03 | 02
#1113-d105 @A: 08 03 17 02 | 12
#1114-d105 @A: 17 33 29 24 | 06
#1115-d105 @A: 33 17 16 05 | 10
#1116-d105 @A: 17 02 33 35 | 04
#1117-d105 @A: 17 33 08 18 | 08
#1118-d105 @A: 05 22 29 17 | 09
#1119-d105 @A: 29 17 08 35 | 07
#1120-d105 @A: 16 04 22 17 | 11
#1121-d105 @A: 18 22 17 24 | 05
#1122-d105 @A: 17 04 24 02 | 03
#1123-d105 @A: 35 18 04 17 | 01
#1124-d105 @A: 15 28 27 25 | 02
#1125-d105 @A: 27 18 25 11 | 12
#1126-d105 @A: 25 12 27 16 | 06
#1127-d105 @A: 25 34 27 09 | 10
#1128-d105 @A: 24 27 25 20 | 04
#1129-d105 @A: 25 27 31 14 | 08
#1130-d105 @A: 25 01 07 27 | 09
#1131-d105 @A: 08 24 25 27 | 07
#1132-d105 @A: 27 25 02 35 | 11
#1133-d105 @A: 05 15 27 11 | 05
#1134-d105 @A: 02 09 15 27 | 03
#1135-d105 @A: 31 29 15 27 | 01
#1136-d105 @A: 07 18 15 27 | 02
#1137-d105 @A: 15 27 19 34 | 12
#1138-d105 @A: 15 27 35 14 | 06
#1139-d105 @A: 04 15 16 27 | 10
#1140-d105 @A: 27 08 05 15 | 04
#1141-d105 @A: 35 11 27 12 | 08
#1142-d105 @A: 11 01 28 27 | 09
#1143-d105 @A: 11 04 27 09 | 07
#1144-d105 @A: 11 27 08 20 | 11
#1145-d105 @A: 31 11 16 27 | 05
#1146-d105 @A: 27 11 07 19 | 03
#1147-d105 @A: 34 27 11 02 | 01
#1148-d105 @A: 11 33 14 27 | 02
#1149-d105 @A: 27 12 28 29 | 12
#1150-d105 @A: 05 12 09 27 | 06
#1151-d105 @A: 12 27 19 20 | 10
#1152-d105 @A: 12 27 33 31 | 04
#1153-d105 @A: 12 07 34 27 | 08
#1154-d105 @A: 03 27 08 12 | 09
#1155-d105 @A: 02 18 27 12 | 07
#1156-d105 @A: 03 28 27 09 | 11
#1157-d105 @A: 16 20 28 27 | 05
#1158-d105 @A: 27 31 28 04 | 03
#1159-d105 @A: 08 27 31 28 | 01
#1160-d105 @A: 28 33 07 27 | 02
#1161-d105 @A: 14 28 24 27 | 12
#1162-d105 @A: 27 02 28 19 | 06
#1163-d105 @A: 09 18 20 27 | 10
#1164-d105 @A: 01 09 27 31 | 04
#1165-d105 @A: 07 35 09 27 | 08
#1166-d105 @A: 27 26 31 20 | 09
#1167-d105 @A: 20 07 27 03 | 07
#1168-d105 @A: 27 20 14 01 | 11
#1169-d105 @A: 33 27 29 20 | 05
#1170-d105 @A: 03 22 31 27 | 03
#1171-d105 @A: 05 27 07 22 | 01
#1172-d105 @A: 07 04 08 27 | 02
#1173-d105 @A: 02 01 27 26 | 12
#1174-d105 @A: 18 26 27 34 | 06
#1175-d105 @A: 16 26 27 14 | 10
#1176-d105 @A: 19 27 26 04 | 04
#1177-d105 @A: 27 26 03 05 | 08
#1178-d105 @A: 27 26 24 33 | 09
#1179-d105 @A: 26 27 35 29 | 07
#1180-d105 @A: 34 27 08 01 | 11
#1181-d105 @A: 04 01 03 27 | 05
#1182-d105 @A: 01 22 27 33 | 03
#1183-d105 @A: 27 16 29 01 | 01
#1184-d105 @A: 01 05 24 27 | 02
#1185-d105 @A: 27 22 14 34 | 12
#1186-d105 @A: 27 29 34 03 | 06
#1187-d105 @A: 33 34 27 04 | 10
#1188-d105 @A: 34 24 35 27 | 04
#1189-d105 @A: 27 16 05 34 | 08
#1190-d105 @A: 05 14 19 27 | 09
#1191-d105 @A: 08 27 19 14 | 07
#1192-d105 @A: 03 27 14 18 | 11
#1193-d105 @A: 04 14 02 27 | 05
#1194-d105 @A: 03 19 24 27 | 03
#1195-d105 @A: 18 19 27 33 | 01
#1196-d105 @A: 19 27 35 22 | 02
#1197-d105 @A: 27 33 03 02 | 12
#1198-d105 @A: 35 27 16 03 | 06
#1199-d105 @A: 33 05 27 35 | 10
#1200-d105 @A: 27 22 04 29 | 04
#1201-d105 @A: 29 24 27 18 | 08
#1202-d105 @A: 05 02 29 27 | 09
#1203-d105 @A: 22 02 27 24 | 07
#1204-d105 @A: 27 22 16 18 | 11
#1205-d105 @A: 27 22 02 08 | 05
#1206-d105 @A: 18 05 27 04 | 03
#1207-d105 @A: 02 15 25 11 | 01
#1208-d105 @A: 25 12 24 15 | 02
#1209-d105 @A: 20 03 25 15 | 12
#1210-d105 @A: 31 25 18 15 | 06
#1211-d105 @A: 08 15 31 25 | 10
#1212-d105 @A: 25 07 22 15 | 04
#1213-d105 @A: 26 25 15 35 | 08
#1214-d105 @A: 16 01 15 25 | 09
#1215-d105 @A: 22 12 25 11 | 07
#1216-d105 @A: 25 19 11 28 | 11
#1217-d105 @A: 09 14 25 11 | 05
#1218-d105 @A: 09 08 11 25 | 03
#1219-d105 @A: 20 11 25 01 | 01
#1220-d105 @A: 31 35 25 11 | 02
#1221-d105 @A: 25 07 26 11 | 12
#1222-d105 @A: 25 35 09 12 | 06
#1223-d105 @A: 26 25 20 12 | 10
#1224-d105 @A: 29 25 31 12 | 04
#1225-d105 @A: 07 25 19 12 | 08
#1226-d105 @A: 25 12 14 01 | 09
#1227-d105 @A: 12 25 18 03 | 07
#1228-d105 @A: 09 04 28 25 | 11
#1229-d105 @A: 31 25 33 28 | 05
#1230-d105 @A: 07 28 03 25 | 03
#1231-d105 @A: 28 05 26 25 | 01
#1232-d105 @A: 25 28 02 01 | 02
#1233-d105 @A: 28 24 25 22 | 12
#1234-d105 @A: 09 16 25 20 | 06
#1235-d105 @A: 25 31 09 22 | 10
#1236-d105 @A: 05 25 09 07 | 04
#1237-d105 @A: 24 26 25 09 | 08
#1238-d105 @A: 01 03 09 25 | 09
#1239-d105 @A: 02 33 09 25 | 07
#1240-d105 @A: 25 31 05 20 | 11
#1241-d105 @A: 18 20 25 07 | 05
#1242-d105 @A: 35 25 20 33 | 03
#1243-d105 @A: 08 20 25 29 | 01
#1244-d105 @A: 04 25 34 31 | 02
#1245-d105 @A: 07 29 04 25 | 12
#1246-d105 @A: 08 18 07 25 | 06
#1247-d105 @A: 34 26 25 01 | 10
#1248-d105 @A: 22 19 25 26 | 04
#1249-d105 @A: 33 18 25 26 | 08
#1250-d105 @A: 25 08 26 33 | 09
#1251-d105 @A: 25 16 26 29 | 07
#1252-d105 @A: 04 02 26 25 | 11
#1253-d105 @A: 19 01 25 24 | 05
#1254-d105 @A: 29 33 25 01 | 03
#1255-d105 @A: 25 01 22 35 | 01
#1256-d105 @A: 01 05 04 25 | 02
#1257-d105 @A: 14 25 34 16 | 12
#1258-d105 @A: 34 19 25 29 | 06
#1259-d105 @A: 03 35 25 34 | 10
#1260-d105 @A: 03 25 08 34 | 04
#1261-d105 @A: 33 25 22 34 | 08
#1262-d105 @A: 05 34 24 25 | 09
#1263-d105 @A: 25 02 18 34 | 07
#1264-d105 @A: 14 25 35 19 | 11
#1265-d105 @A: 14 03 24 25 | 05
#1266-d105 @A: 14 29 25 22 | 03
#1267-d105 @A: 14 04 18 25 | 01
#1268-d105 @A: 02 19 03 25 | 02
#1269-d105 @A: 05 33 25 19 | 12
#1270-d105 @A: 08 22 25 19 | 06
#1271-d105 @A: 18 25 16 19 | 10
#1272-d105 @A: 25 16 03 33 | 04
#1273-d105 @A: 25 05 03 29 | 08
#1274-d105 @A: 03 22 04 25 | 09
#1275-d105 @A: 33 25 04 24 | 07
#1276-d105 @A: 29 02 24 25 | 11
#1277-d105 @A: 18 35 25 29 | 05
#1278-d105 @A: 05 22 18 25 | 03
#1279-d105 @A: 35 25 04 16 | 01
#1280-d105 @A: 08 25 04 35 | 02
#1281-d105 @A: 02 16 05 25 | 12
#1282-d105 @A: 02 08 05 25 | 06
#1283-d105 @A: 01 12 11 15 | 10
#1284-d105 @A: 16 11 28 15 | 04
#1285-d105 @A: 11 15 09 18 | 08
#1286-d105 @A: 11 24 20 15 | 09
#1287-d105 @A: 11 34 31 15 | 07
#1288-d105 @A: 15 07 11 35 | 11
#1289-d105 @A: 11 26 04 15 | 05
#1290-d105 @A: 15 03 11 19 | 03
#1291-d105 @A: 15 18 11 08 | 01
#1292-d105 @A: 18 12 15 28 | 02
#1293-d105 @A: 12 15 09 33 | 12
#1294-d105 @A: 15 12 20 05 | 06
#1295-d105 @A: 26 31 15 12 | 10
#1296-d105 @A: 12 07 15 14 | 04
#1297-d105 @A: 03 34 12 15 | 08
#1298-d105 @A: 15 08 33 12 | 09
#1299-d105 @A: 12 04 22 15 | 07
#1300-d105 @A: 09 15 14 28 | 11
#1301-d105 @A: 33 28 20 15 | 05
#1302-d105 @A: 31 15 19 28 | 03
#1303-d105 @A: 07 26 15 28 | 01
#1304-d105 @A: 29 15 28 03 | 02
#1305-d105 @A: 15 08 29 28 | 12
#1306-d105 @A: 15 09 19 20 | 06
#1307-d105 @A: 09 15 08 20 | 10
#1308-d105 @A: 35 31 15 09 | 04
#1309-d105 @A: 07 03 09 15 | 08
#1310-d105 @A: 34 15 01 09 | 09
#1311-d105 @A: 31 04 15 20 | 07
#1312-d105 @A: 07 20 16 15 | 11
#1313-d105 @A: 15 20 29 01 | 05
#1314-d105 @A: 20 35 15 22 | 03
#1315-d105 @A: 31 05 24 15 | 01
#1316-d105 @A: 15 02 07 24 | 02
#1317-d105 @A: 15 26 24 01 | 12
#1318-d105 @A: 26 29 15 34 | 06
#1319-d105 @A: 19 14 26 15 | 10
#1320-d105 @A: 26 15 03 02 | 04
#1321-d105 @A: 22 33 26 15 | 08
#1322-d105 @A: 26 05 16 15 | 09
#1323-d105 @A: 14 15 01 02 | 07
#1324-d105 @A: 01 15 03 33 | 11
#1325-d105 @A: 01 22 15 05 | 05
#1326-d105 @A: 04 01 08 15 | 03
#1327-d105 @A: 35 18 01 15 | 01
#1328-d105 @A: 34 14 15 33 | 02
#1329-d105 @A: 34 15 02 22 | 12
#1330-d105 @A: 15 04 05 34 | 06
#1331-d105 @A: 34 16 24 15 | 10
#1332-d105 @A: 04 14 15 03 | 04
#1333-d105 @A: 29 14 15 05 | 08
#1334-d105 @A: 18 24 15 14 | 09
#1335-d105 @A: 03 15 08 19 | 07
#1336-d105 @A: 33 15 29 19 | 11
#1337-d105 @A: 19 16 22 15 | 05
#1338-d105 @A: 24 15 04 19 | 03
#1339-d105 @A: 15 19 05 35 | 01
#1340-d105 @A: 19 15 18 02 | 02
#1341-d105 @A: 15 03 22 24 | 12
#1342-d105 @A: 18 15 05 03 | 06
#1343-d105 @A: 35 15 04 33 | 10
#1344-d105 @A: 33 15 02 05 | 04
#1345-d105 @A: 18 15 33 16 | 08
#1346-d105 @A: 29 18 22 15 | 09
#1347-d105 @A: 15 29 02 04 | 07
#1348-d105 @A: 24 35 29 15 | 11
#1349-d105 @A: 15 22 35 08 | 05
#1350-d105 @A: 02 35 16 15 | 03
#1351-d105 @A: 16 02 08 15 | 01
#1352-d105 @A: 05 12 11 28 | 02
#1353-d105 @A: 12 11 09 19 | 12
#1354-d105 @A: 12 20 11 03 | 06
#1355-d105 @A: 14 31 12 11 | 10
#1356-d105 @A: 11 12 07 02 | 04
#1357-d105 @A: 04 33 11 12 | 08
#1358-d105 @A: 11 04 12 08 | 09
#1359-d105 @A: 09 29 28 11 | 07
#1360-d105 @A: 11 28 03 31 | 11
#1361-d105 @A: 07 28 11 04 | 05
#1362-d105 @A: 28 11 14 26 | 03
#1363-d105 @A: 08 11 28 05 | 01
#1364-d105 @A: 11 20 09 22 | 02
#1365-d105 @A: 09 31 26 11 | 12
#1366-d105 @A: 34 09 11 07 | 06
#1367-d105 @A: 33 09 11 35 | 10
#1368-d105 @A: 18 31 20 11 | 04
#1369-d105 @A: 07 20 11 14 | 08
#1370-d105 @A: 20 34 29 11 | 09
#1371-d105 @A: 19 16 11 20 | 07
#1372-d105 @A: 20 04 11 35 | 11
#1373-d105 @A: 34 08 31 11 | 05
#1374-d105 @A: 05 11 22 31 | 03
#1375-d105 @A: 33 08 11 07 | 01
#1376-d105 @A: 07 05 24 11 | 02
#1377-d105 @A: 33 26 11 01 | 12
#1378-d105 @A: 19 26 29 11 | 06
#1379-d105 @A: 22 03 11 26 | 10
#1380-d105 @A: 18 26 24 11 | 04
#1381-d105 @A: 02 11 26 05 | 08
#1382-d105 @A: 11 02 08 26 | 09
#1383-d105 @A: 34 19 11 01 | 07
#1384-d105 @A: 14 04 01 11 | 11
#1385-d105 @A: 08 19 11 01 | 05
#1386-d105 @A: 03 02 11 01 | 03
#1387-d105 @A: 29 35 01 11 | 01
#1388-d105 @A: 11 24 22 01 | 02
#1389-d105 @A: 01 11 18 16 | 12
#1390-d105 @A: 05 14 34 11 | 06
#1391-d105 @A: 33 18 11 34 | 10
#1392-d105 @A: 22 34 16 11 | 04
#1393-d105 @A: 24 34 11 04 | 08
#1394-d105 @A: 11 14 22 19 | 09
#1395-d105 @A: 11 03 35 14 | 07
#1396-d105 @A: 29 11 24 14 | 11
#1397-d105 @A: 02 11 14 18 | 05
#1398-d105 @A: 19 04 11 05 | 03
#1399-d105 @A: 35 11 24 19 | 01
#1400-d105 @A: 03 05 33 11 | 02
#1401-d105 @A: 29 04 11 03 | 12
#1402-d105 @A: 22 11 03 08 | 06
#1403-d105 @A: 03 16 24 11 | 10
#1404-d105 @A: 33 29 11 22 | 04
#1405-d105 @A: 11 33 02 24 | 08
#1406-d105 @A: 24 29 11 08 | 09
#1407-d105 @A: 11 05 18 29 | 07
#1408-d105 @A: 11 22 18 04 | 11
#1409-d105 @A: 11 22 02 35 | 05
#1410-d105 @A: 16 02 04 11 | 03
#1411-d105 @A: 11 35 05 16 | 01
#1412-d105 @A: 02 35 08 11 | 02
#1413-d105 @A: 20 12 34 28 | 12
#1414-d105 @A: 28 24 31 12 | 06
#1415-d105 @A: 12 22 07 28 | 10
#1416-d105 @A: 12 28 03 14 | 04
#1417-d105 @A: 12 28 02 04 | 08
#1418-d105 @A: 24 12 08 28 | 09
#1419-d105 @A: 02 12 09 20 | 07
#1420-d105 @A: 12 31 16 09 | 11
#1421-d105 @A: 09 07 29 12 | 05
#1422-d105 @A: 12 34 09 26 | 03
#1423-d105 @A: 01 12 08 09 | 01
#1424-d105 @A: 12 24 04 09 | 02
#1425-d105 @A: 31 12 20 22 | 12
#1426-d105 @A: 20 04 07 12 | 06
#1427-d105 @A: 12 07 20 08 | 10
#1428-d105 @A: 14 12 31 08 | 04
#1429-d105 @A: 19 31 12 35 | 08
#1430-d105 @A: 35 16 07 12 | 09
#1431-d105 @A: 35 26 01 12 | 07
#1432-d105 @A: 12 26 14 02 | 11
#1433-d105 @A: 26 19 18 12 | 05
#1434-d105 @A: 04 26 12 03 | 03
#1435-d105 @A: 26 16 33 12 | 01
#1436-d105 @A: 12 22 26 29 | 02
#1437-d105 @A: 34 33 01 12 | 12
#1438-d105 @A: 19 12 02 01 | 06
#1439-d105 @A: 29 12 05 01 | 10
#1440-d105 @A: 12 16 04 01 | 04
#1441-d105 @A: 24 12 18 01 | 08
#1442-d105 @A: 12 34 29 14 | 09
#1443-d105 @A: 12 34 22 19 | 07
#1444-d105 @A: 12 08 34 22 | 11
#1445-d105 @A: 04 12 34 35 | 05
#1446-d105 @A: 02 34 12 05 | 03
#1447-d105 @A: 16 12 34 18 | 01
#1448-d105 @A: 14 04 12 19 | 02
#1449-d105 @A: 14 22 12 33 | 12
#1450-d105 @A: 14 16 05 12 | 06
#1451-d105 @A: 12 18 35 14 | 10
#1452-d105 @A: 19 33 03 12 | 04
#1453-d105 @A: 19 29 12 16 | 08
#1454-d105 @A: 12 05 19 24 | 09
#1455-d105 @A: 24 12 29 03 | 07
#1456-d105 @A: 16 12 22 03 | 11
#1457-d105 @A: 12 02 35 03 | 05
#1458-d105 @A: 33 02 12 29 | 03
#1459-d105 @A: 35 24 12 33 | 01
#1460-d105 @A: 18 04 29 12 | 02
#1461-d105 @A: 05 35 22 12 | 12
#1462-d105 @A: 12 16 02 24 | 06
#1463-d105 @A: 08 05 12 16 | 10
#1464-d105 @A: 08 18 12 02 | 04
#1465-d105 @A: 26 09 28 20 | 08
#1466-d105 @A: 31 09 28 07 | 09
#1467-d105 @A: 09 01 28 24 | 07
#1468-d105 @A: 09 05 33 28 | 11
#1469-d105 @A: 08 28 09 33 | 05
#1470-d105 @A: 09 28 18 16 | 03
#1471-d105 @A: 20 01 28 31 | 01
#1472-d105 @A: 19 28 07 20 | 02
#1473-d105 @A: 28 20 29 05 | 12
#1474-d105 @A: 28 20 04 22 | 06
#1475-d105 @A: 35 31 16 28 | 10
#1476-d105 @A: 28 07 16 34 | 04
#1477-d105 @A: 01 26 28 19 | 08
#1478-d105 @A: 02 28 34 26 | 09
#1479-d105 @A: 18 26 03 28 | 07
#1480-d105 @A: 35 33 28 26 | 11
#1481-d105 @A: 28 16 26 22 | 05
#1482-d105 @A: 26 04 28 24 | 03
#1483-d105 @A: 28 34 03 01 | 01
#1484-d105 @A: 01 14 35 28 | 02
#1485-d105 @A: 28 01 08 03 | 12
#1486-d105 @A: 01 33 16 28 | 06
#1487-d105 @A: 29 01 22 28 | 10
#1488-d105 @A: 05 28 01 18 | 04
#1489-d105 @A: 34 28 14 04 | 08
#1490-d105 @A: 28 24 34 19 | 09
#1491-d105 @A: 08 28 34 19 | 07
#1492-d105 @A: 34 33 28 29 | 11
#1493-d105 @A: 22 05 34 28 | 05
#1494-d105 @A: 28 18 35 34 | 03
#1495-d105 @A: 28 19 16 14 | 01
#1496-d105 @A: 02 14 33 28 | 02
#1497-d105 @A: 18 14 29 28 | 12
#1498-d105 @A: 28 19 05 03 | 06
#1499-d105 @A: 29 35 28 19 | 10
#1500-d105 @A: 04 18 28 19 | 04
#1501-d105 @A: 04 03 33 28 | 08
#1502-d105 @A: 28 35 22 03 | 09
#1503-d105 @A: 35 03 28 08 | 07
#1504-d105 @A: 16 02 28 03 | 11
#1505-d105 @A: 18 28 33 24 | 05
#1506-d105 @A: 29 28 16 04 | 03
#1507-d105 @A: 28 02 22 18 | 01
#1508-d105 @A: 28 22 08 18 | 02
#1509-d105 @A: 05 35 28 04 | 12
#1510-d105 @A: 05 28 24 16 | 06
#1511-d105 @A: 28 02 35 24 | 10
#1512-d105 @A: 20 09 34 31 | 04
#1513-d105 @A: 09 20 07 33 | 08
#1514-d105 @A: 18 09 31 29 | 09
#1515-d105 @A: 07 09 18 14 | 07
#1516-d105 @A: 26 09 14 01 | 11
#1517-d105 @A: 16 26 03 09 | 05
#1518-d105 @A: 02 26 09 29 | 03
#1519-d105 @A: 18 09 22 26 | 01
#1520-d105 @A: 26 05 35 09 | 02
#1521-d105 @A: 08 35 09 26 | 12
#1522-d105 @A: 01 09 29 19 | 06
#1523-d105 @A: 09 18 33 01 | 10
#1524-d105 @A: 01 02 09 04 | 04
#1525-d105 @A: 05 16 09 01 | 08
#1526-d105 @A: 02 08 09 01 | 09
#1527-d105 @A: 19 09 14 34 | 07
#1528-d105 @A: 24 03 09 34 | 11
#1529-d105 @A: 09 29 34 05 | 05
#1530-d105 @A: 18 04 34 09 | 03
#1531-d105 @A: 08 34 05 09 | 01
#1532-d105 @A: 16 34 09 35 | 02
#1533-d105 @A: 09 14 03 22 | 12
#1534-d105 @A: 33 14 04 09 | 06
#1535-d105 @A: 09 29 14 16 | 10
#1536-d105 @A: 09 14 35 24 | 04
#1537-d105 @A: 02 09 05 14 | 08
#1538-d105 @A: 16 09 14 08 | 09
#1539-d105 @A: 22 33 09 19 | 07
#1540-d105 @A: 04 09 19 16 | 11
#1541-d105 @A: 09 19 04 08 | 05
#1542-d105 @A: 09 19 02 24 | 03
#1543-d105 @A: 35 09 18 19 | 01
#1544-d105 @A: 09 03 33 29 | 02
#1545-d105 @A: 08 24 03 09 | 12
#1546-d105 @A: 03 09 18 02 | 06
#1547-d105 @A: 33 24 09 16 | 10
#1548-d105 @A: 22 29 24 09 | 04
#1549-d105 @A: 35 09 29 04 | 08
#1550-d105 @A: 09 22 04 05 | 09
#1551-d105 @A: 09 22 02 16 | 07
#1552-d105 @A: 18 09 05 24 | 11
#1553-d105 @A: 31 20 03 08 | 05
#1554-d105 @A: 24 31 02 20 | 03
#1555-d105 @A: 26 20 07 02 | 01
#1556-d105 @A: 22 01 20 26 | 02
#1557-d105 @A: 16 26 20 34 | 12
#1558-d105 @A: 20 26 14 35 | 06
#1559-d105 @A: 26 33 20 19 | 10
#1560-d105 @A: 03 24 20 26 | 04
#1561-d105 @A: 18 29 20 26 | 08
#1562-d105 @A: 26 05 20 04 | 09
#1563-d105 @A: 34 24 20 01 | 07
#1564-d105 @A: 20 35 01 19 | 11
#1565-d105 @A: 03 05 01 20 | 05
#1566-d105 @A: 33 02 20 01 | 03
#1567-d105 @A: 01 20 18 04 | 01
#1568-d105 @A: 14 03 20 34 | 02
#1569-d105 @A: 08 20 34 33 | 12
#1570-d105 @A: 02 04 34 20 | 06
#1571-d105 @A: 34 05 35 20 | 10
#1572-d105 @A: 14 02 20 19 | 04
#1573-d105 @A: 33 20 14 16 | 08
#1574-d105 @A: 14 20 24 22 | 09
#1575-d105 @A: 20 14 05 18 | 07
#1576-d105 @A: 14 08 18 20 | 11
#1577-d105 @A: 20 19 04 03 | 05
#1578-d105 @A: 22 20 29 19 | 03
#1579-d105 @A: 19 20 24 18 | 01
#1580-d105 @A: 02 20 19 08 | 02
#1581-d105 @A: 03 22 20 33 | 12
#1582-d105 @A: 20 03 29 16 | 06
#1583-d105 @A: 20 35 03 18 | 10
#1584-d105 @A: 05 33 20 24 | 04
#1585-d105 @A: 16 33 08 20 | 08
#1586-d105 @A: 04 29 20 24 | 09
#1587-d105 @A: 35 20 29 02 | 07
#1588-d105 @A: 05 02 20 22 | 11
#1589-d105 @A: 24 20 08 04 | 05
#1590-d105 @A: 24 35 20 16 | 03
#1591-d105 @A: 20 02 18 16 | 01
#1592-d105 @A: 07 22 26 31 | 02
#1593-d105 @A: 07 31 05 01 | 12
#1594-d105 @A: 31 14 34 07 | 06
#1595-d105 @A: 19 04 31 07 | 10
#1596-d105 @A: 03 31 02 07 | 04
#1597-d105 @A: 07 24 31 33 | 08
#1598-d105 @A: 29 35 31 07 | 09
#1599-d105 @A: 07 16 31 18 | 07
#1600-d105 @A: 01 31 08 26 | 11
#1601-d105 @A: 26 31 19 34 | 05
#1602-d105 @A: 14 26 33 31 | 03
#1603-d105 @A: 26 03 31 35 | 01
#1604-d105 @A: 24 26 31 29 | 02
#1605-d105 @A: 04 26 16 31 | 12
#1606-d105 @A: 05 26 18 31 | 06
#1607-d105 @A: 34 31 29 01 | 10
#1608-d105 @A: 24 01 14 31 | 04
#1609-d105 @A: 19 03 01 31 | 08
#1610-d105 @A: 31 16 22 01 | 09
#1611-d105 @A: 01 04 35 31 | 07
#1612-d105 @A: 02 18 31 01 | 11
#1613-d105 @A: 34 31 03 18 | 05
#1614-d105 @A: 33 31 34 05 | 03
#1615-d105 @A: 24 22 31 34 | 01
#1616-d105 @A: 34 02 31 35 | 02
#1617-d105 @A: 03 29 14 31 | 12
#1618-d105 @A: 04 22 14 31 | 06
#1619-d105 @A: 14 31 35 05 | 10
#1620-d105 @A: 14 02 16 31 | 04
#1621-d105 @A: 02 19 33 31 | 08
#1622-d105 @A: 29 19 31 05 | 09
#1623-d105 @A: 18 19 22 31 | 07
#1624-d105 @A: 19 24 16 31 | 11
#1625-d105 @A: 19 31 08 16 | 05
#1626-d105 @A: 03 24 04 31 | 03
#1627-d105 @A: 05 31 16 03 | 01
#1628-d105 @A: 33 16 31 29 | 02
#1629-d105 @A: 22 33 31 35 | 12
#1630-d105 @A: 08 33 22 31 | 06
#1631-d105 @A: 18 33 04 31 | 10
#1632-d105 @A: 31 22 02 29 | 04
#1633-d105 @A: 04 31 02 05 | 08
#1634-d105 @A: 31 05 08 24 | 09
#1635-d105 @A: 24 31 35 18 | 07
#1636-d105 @A: 08 18 35 31 | 11
#1637-d105 @A: 03 07 34 26 | 05
#1638-d105 @A: 14 29 26 07 | 03
#1639-d105 @A: 26 07 05 19 | 01
#1640-d105 @A: 07 04 33 26 | 02
#1641-d105 @A: 26 07 16 24 | 12
#1642-d105 @A: 08 24 26 07 | 06
#1643-d105 @A: 26 18 07 35 | 10
#1644-d105 @A: 01 34 07 02 | 04
#1645-d105 @A: 16 14 01 07 | 08
#1646-d105 @A: 07 18 01 19 | 09
#1647-d105 @A: 29 03 01 07 | 07
#1648-d105 @A: 01 04 22 07 | 11
#1649-d105 @A: 22 07 08 01 | 05
#1650-d105 @A: 01 35 07 24 | 03
#1651-d105 @A: 34 07 33 19 | 01
#1652-d105 @A: 34 29 07 24 | 02
#1653-d105 @A: 22 34 35 07 | 12
#1654-d105 @A: 34 07 18 05 | 06
#1655-d105 @A: 05 14 07 03 | 10
#1656-d105 @A: 35 07 14 33 | 04
#1657-d105 @A: 07 14 02 22 | 08
#1658-d105 @A: 24 04 07 14 | 09
#1659-d105 @A: 08 07 02 14 | 07
#1660-d105 @A: 03 16 07 19 | 11
#1661-d105 @A: 19 07 02 29 | 05
#1662-d105 @A: 22 07 19 24 | 03
#1663-d105 @A: 35 03 07 04 | 01
#1664-d105 @A: 18 07 24 03 | 02
#1665-d105 @A: 05 07 29 33 | 12
#1666-d105 @A: 33 07 22 18 | 06
#1667-d105 @A: 33 07 02 16 | 10
#1668-d105 @A: 29 16 22 07 | 04
#1669-d105 @A: 07 05 08 29 | 08
#1670-d105 @A: 07 04 05 16 | 09
#1671-d105 @A: 04 07 02 18 | 07
#1672-d105 @A: 05 35 02 07 | 11
#1673-d105 @A: 29 26 08 34 | 05
#1674-d105 @A: 26 05 14 08 | 03
#1675-d105 @A: 18 26 19 08 | 01
#1676-d105 @A: 26 16 03 08 | 02
#1677-d105 @A: 08 04 18 26 | 12
#1678-d105 @A: 33 08 01 35 | 06
#1679-d105 @A: 01 24 08 16 | 10
#1680-d105 @A: 01 08 18 05 | 04
#1681-d105 @A: 08 24 14 34 | 08
#1682-d105 @A: 16 08 34 18 | 09
#1683-d105 @A: 29 22 14 08 | 07
#1684-d105 @A: 14 08 35 24 | 11
#1685-d105 @A: 08 29 33 19 | 05
#1686-d105 @A: 08 35 19 05 | 03
#1687-d105 @A: 08 04 03 29 | 01
#1688-d105 @A: 33 08 04 02 | 02
#1689-d105 @A: 16 04 22 08 | 12
