#0001-d169 @A: 18 17 24 14 | 01
#0002-d169 @A: 18 24 12 07 | 08
#0003-d169 @A: 18 14 27 34 | 06
#0004-d169 @A: 18 23 21 22 | 07
#0005-d169 @A: 23 32 18 10 | 11
#0006-d169 @A: 31 15 08 18 | 12
#0007-d169 @A: 20 15 13 18 | 02
#0008-d169 @A: 31 30 18 04 | 03
#0009-d169 @A: 07 28 18 32 | 10
#0010-d169 @A: 33 03 28 18 | 09
#0011-d169 @A: 33 18 04 32 | 05
#0012-d169 @A: 02 10 18 06 | 04
#0013-d169 @A: 03 17 18 10 | 01
#0014-d169 @A: 14 16 29 11 | 08
#0015-d169 @A: 29 21 12 11 | 06
#0016-d169 @A: 20 24 16 11 | 07
#0017-d169 @A: 27 20 02 11 | 11
#0018-d169 @A: 25 27 01 11 | 12
#0019-d169 @A: 32 11 22 23 | 02
#0020-d169 @A: 17 23 11 30 | 03
#0021-d169 @A: 31 26 11 22 | 10
#0022-d169 @A: 07 26 11 34 | 09
#0023-d169 @A: 11 08 05 30 | 05
#0024-d169 @A: 09 22 11 33 | 04
#0025-d169 @A: 25 22 19 11 | 01
#0026-d169 @A: 33 11 35 04 | 08
#0027-d169 @A: 05 04 06 11 | 06
#0028-d169 @A: 10 11 16 06 | 07
#0029-d169 @A: 29 24 20 15 | 11
#0030-d169 @A: 05 02 29 24 | 12
#0031-d169 @A: 27 29 28 20 | 02
#0032-d169 @A: 31 23 03 29 | 03
#0033-d169 @A: 30 35 29 23 | 10
#0034-d169 @A: 09 26 29 33 | 09
#0035-d169 @A: 01 29 04 26 | 05
#0036-d169 @A: 34 26 29 33 | 04
#0037-d169 @A: 29 30 07 19 | 01
#0038-d169 @A: 12 29 35 20 | 08
#0039-d169 @A: 07 29 10 20 | 06
#0040-d169 @A: 04 29 17 32 | 07
#0041-d169 @A: 03 24 27 13 | 11
#0042-d169 @A: 27 17 24 28 | 12
#0043-d169 @A: 24 17 07 23 | 02
#0044-d169 @A: 24 03 15 08 | 03
#0045-d169 @A: 24 14 22 09 | 10
#0046-d169 @A: 31 05 24 09 | 09
#0047-d169 @A: 13 09 04 24 | 05
#0048-d169 @A: 30 19 24 16 | 04
#0049-d169 @A: 30 01 24 21 | 01
#0050-d169 @A: 06 32 24 02 | 08
#0051-d169 @A: 06 24 28 35 | 06
#0052-d169 @A: 02 14 26 27 | 07
#0053-d169 @A: 09 27 02 08 | 11
#0054-d169 @A: 27 08 30 10 | 12
#0055-d169 @A: 06 27 08 17 | 02
#0056-d169 @A: 09 15 27 14 | 03
#0057-d169 @A: 15 06 27 19 | 10
#0058-d169 @A: 15 03 12 27 | 09
#0059-d169 @A: 04 25 27 05 | 05
#0060-d169 @A: 06 35 32 27 | 04
#0061-d169 @A: 17 26 23 19 | 01
#0062-d169 @A: 08 07 23 30 | 08
#0063-d169 @A: 09 14 23 07 | 06
#0064-d169 @A: 23 09 35 33 | 07
#0065-d169 @A: 23 17 09 32 | 11
#0066-d169 @A: 01 23 16 07 | 12
#0067-d169 @A: 31 13 30 23 | 02
#0068-d169 @A: 25 21 05 23 | 03
#0069-d169 @A: 15 12 20 26 | 10
#0070-d169 @A: 05 20 26 07 | 09
#0071-d169 @A: 07 12 14 26 | 05
#0072-d169 @A: 28 14 26 13 | 04
#0073-d169 @A: 26 06 13 12 | 01
#0074-d169 @A: 26 32 13 31 | 08
#0075-d169 @A: 26 33 07 28 | 06
#0076-d169 @A: 33 26 05 10 | 07
#0077-d169 @A: 26 04 32 16 | 11
#0078-d169 @A: 31 09 08 10 | 12
#0079-d169 @A: 08 19 02 03 | 02
#0080-d169 @A: 22 12 28 08 | 03
#0081-d169 @A: 08 35 20 14 | 10
#0082-d169 @A: 31 33 17 08 | 09
#0083-d169 @A: 13 08 34 17 | 05
#0084-d169 @A: 08 33 04 07 | 04
#0085-d169 @A: 16 08 15 06 | 01
#0086-d169 @A: 08 28 17 03 | 08
#0087-d169 @A: 02 12 32 09 | 06
#0088-d169 @A: 32 09 06 15 | 07
#0089-d169 @A: 19 22 21 31 | 11
#0090-d169 @A: 30 10 19 20 | 12
#0091-d169 @A: 16 14 13 19 | 02
#0092-d169 @A: 12 19 15 32 | 03
#0093-d169 @A: 19 05 25 30 | 10
#0094-d169 @A: 13 19 35 34 | 09
#0095-d169 @A: 05 03 15 19 | 05
#0096-d169 @A: 19 16 21 06 | 04
#0097-d169 @A: 01 22 35 20 | 01
#0098-d169 @A: 22 13 14 02 | 08
#0099-d169 @A: 32 22 35 02 | 06
#0100-d169 @A: 28 14 20 12 | 07
#0101-d169 @A: 21 20 04 25 | 11
#0102-d169 @A: 32 30 12 14 | 12
#0103-d169 @A: 14 13 12 15 | 02
#0104-d169 @A: 14 01 25 32 | 03
#0105-d169 @A: 14 33 07 10 | 10
#0106-d169 @A: 05 15 16 14 | 09
#0107-d169 @A: 14 04 16 17 | 05
#0108-d169 @A: 15 14 28 10 | 04
#0109-d169 @A: 34 14 17 28 | 01
#0110-d169 @A: 03 01 12 34 | 08
#0111-d169 @A: 12 04 28 31 | 06
#0112-d169 @A: 06 07 05 12 | 07
#0113-d169 @A: 12 21 28 16 | 11
#0114-d169 @A: 01 05 31 30 | 12
#0115-d169 @A: 06 01 04 07 | 02
#0116-d169 @A: 02 06 01 28 | 03
#0117-d169 @A: 35 21 01 06 | 10
#0118-d169 @A: 25 06 05 31 | 09
#0119-d169 @A: 32 15 31 02 | 05
#0120-d169 @A: 35 06 31 17 | 04
#0121-d169 @A: 10 30 28 02 | 01
#0122-d169 @A: 25 03 30 35 | 08
#0123-d169 @A: 35 30 32 10 | 06
#0124-d169 @A: 34 30 35 10 | 07
#0125-d169 @A: 02 13 07 04 | 11
#0126-d169 @A: 13 17 03 06 | 12
#0127-d169 @A: 34 13 28 04 | 02
#0128-d169 @A: 13 06 35 25 | 03
#0129-d169 @A: 09 11 23 18 | 10
#0130-d169 @A: 27 08 18 35 | 09
#0131-d169 @A: 20 27 18 25 | 05
#0132-d169 @A: 01 35 18 23 | 04
#0133-d169 @A: 18 26 17 13 | 01
#0134-d169 @A: 18 19 09 21 | 08
#0135-d169 @A: 19 25 31 18 | 06
#0136-d169 @A: 02 19 34 18 | 07
#0137-d169 @A: 22 17 18 04 | 11
#0138-d169 @A: 30 21 14 18 | 12
#0139-d169 @A: 33 18 07 13 | 02
#0140-d169 @A: 25 18 34 02 | 03
#0141-d169 @A: 27 11 24 35 | 10
#0142-d169 @A: 19 24 33 11 | 09
#0143-d169 @A: 16 27 11 22 | 05
#0144-d169 @A: 11 14 27 06 | 04
#0145-d169 @A: 01 11 23 19 | 01
#0146-d169 @A: 26 07 11 19 | 08
#0147-d169 @A: 09 03 11 08 | 06
#0148-d169 @A: 08 11 22 35 | 07
#0149-d169 @A: 14 12 33 11 | 11
#0150-d169 @A: 04 14 34 11 | 12
#0151-d169 @A: 35 05 11 31 | 02
#0152-d169 @A: 32 11 06 33 | 03
#0153-d169 @A: 21 29 27 09 | 10
#0154-d169 @A: 09 13 06 29 | 09
#0155-d169 @A: 29 22 32 12 | 05
#0156-d169 @A: 22 29 31 05 | 04
#0157-d169 @A: 29 14 15 06 | 01
#0158-d169 @A: 13 29 34 30 | 08
#0159-d169 @A: 16 21 29 07 | 06
#0160-d169 @A: 32 06 29 05 | 07
#0161-d169 @A: 02 03 29 32 | 11
#0162-d169 @A: 29 28 34 21 | 12
#0163-d169 @A: 06 29 04 34 | 02
#0164-d169 @A: 26 05 24 27 | 03
#0165-d169 @A: 24 20 27 10 | 10
#0166-d169 @A: 26 02 24 23 | 09
#0167-d169 @A: 23 04 30 24 | 05
#0168-d169 @A: 24 14 26 04 | 04
#0169-d169 @A: 24 03 01 26 | 01
#0170-d169 @A: 09 07 24 19 | 08
#0171-d169 @A: 20 09 21 24 | 06
#0172-d169 @A: 22 17 24 21 | 07
#0173-d169 @A: 02 34 20 24 | 11
#0174-d169 @A: 35 13 24 12 | 12
#0175-d169 @A: 31 01 28 24 | 02
#0176-d169 @A: 24 31 17 30 | 03
#0177-d169 @A: 10 24 02 17 | 10
#0178-d169 @A: 24 03 34 28 | 09
#0179-d169 @A: 27 06 26 23 | 05
#0180-d169 @A: 23 05 27 19 | 04
#0181-d169 @A: 26 08 27 03 | 01
#0182-d169 @A: 04 27 15 26 | 08
#0183-d169 @A: 27 20 33 08 | 06
#0184-d169 @A: 27 22 03 09 | 07
#0185-d169 @A: 19 27 12 34 | 11
#0186-d169 @A: 05 14 27 32 | 12
#0187-d169 @A: 35 03 27 14 | 02
#0188-d169 @A: 30 32 01 27 | 03
#0189-d169 @A: 27 07 33 17 | 10
#0190-d169 @A: 27 16 32 03 | 09
#0191-d169 @A: 23 34 09 26 | 05
#0192-d169 @A: 23 01 09 03 | 04
#0193-d169 @A: 23 05 10 20 | 01
#0194-d169 @A: 12 01 23 15 | 08
#0195-d169 @A: 13 23 15 21 | 06
#0196-d169 @A: 05 06 02 23 | 07
#0197-d169 @A: 23 16 02 21 | 11
#0198-d169 @A: 15 23 35 02 | 12
#0199-d169 @A: 28 23 32 21 | 02
#0200-d169 @A: 28 34 25 23 | 03
#0201-d169 @A: 35 10 06 23 | 10
#0202-d169 @A: 26 01 08 17 | 09
#0203-d169 @A: 09 22 15 26 | 05
#0204-d169 @A: 09 25 26 13 | 04
#0205-d169 @A: 26 04 09 02 | 01
#0206-d169 @A: 19 03 14 26 | 08
#0207-d169 @A: 06 19 26 30 | 06
#0208-d169 @A: 14 26 35 30 | 07
#0209-d169 @A: 28 16 26 31 | 11
#0210-d169 @A: 25 26 30 34 | 12
#0211-d169 @A: 26 13 21 03 | 02
#0212-d169 @A: 17 07 10 26 | 03
#0213-d169 @A: 03 05 26 17 | 10
#0214-d169 @A: 13 17 09 08 | 09
#0215-d169 @A: 08 16 09 33 | 05
#0216-d169 @A: 21 08 19 20 | 04
#0217-d169 @A: 19 16 31 08 | 01
#0218-d169 @A: 08 31 22 07 | 08
#0219-d169 @A: 15 33 08 14 | 06
#0220-d169 @A: 08 10 04 14 | 07
#0221-d169 @A: 08 12 35 30 | 11
#0222-d169 @A: 02 30 08 31 | 12
#0223-d169 @A: 13 08 31 28 | 02
#0224-d169 @A: 04 08 05 17 | 03
#0225-d169 @A: 15 25 17 08 | 10
#0226-d169 @A: 25 32 06 08 | 09
#0227-d169 @A: 35 19 09 20 | 05
#0228-d169 @A: 13 19 33 09 | 04
#0229-d169 @A: 12 01 21 09 | 01
#0230-d169 @A: 09 12 25 30 | 08
#0231-d169 @A: 12 03 09 13 | 06
#0232-d169 @A: 35 05 09 07 | 07
#0233-d169 @A: 02 09 17 07 | 11
#0234-d169 @A: 32 09 10 05 | 12
#0235-d169 @A: 10 16 09 15 | 02
#0236-d169 @A: 19 22 33 17 | 03
#0237-d169 @A: 12 20 16 19 | 10
#0238-d169 @A: 21 14 19 35 | 09
#0239-d169 @A: 28 04 19 21 | 05
#0240-d169 @A: 25 21 19 15 | 04
#0241-d169 @A: 34 19 25 10 | 01
#0242-d169 @A: 13 12 22 07 | 08
#0243-d169 @A: 31 22 15 10 | 06
#0244-d169 @A: 06 22 07 21 | 07
#0245-d169 @A: 22 21 02 25 | 11
#0246-d169 @A: 28 22 16 10 | 12
#0247-d169 @A: 03 28 06 22 | 02
#0248-d169 @A: 04 01 20 12 | 03
#0249-d169 @A: 20 02 07 12 | 10
#0250-d169 @A: 13 03 20 34 | 09
#0251-d169 @A: 21 06 33 20 | 05
#0252-d169 @A: 21 15 20 34 | 04
#0253-d169 @A: 30 31 14 15 | 01
#0254-d169 @A: 02 14 34 30 | 08
#0255-d169 @A: 33 14 05 03 | 06
#0256-d169 @A: 02 03 15 14 | 07
#0257-d169 @A: 32 14 28 16 | 11
#0258-d169 @A: 10 02 33 12 | 12
#0259-d169 @A: 16 04 10 12 | 02
#0260-d169 @A: 01 07 10 34 | 03
#0261-d169 @A: 04 01 02 17 | 10
#0262-d169 @A: 06 15 17 01 | 09
#0263-d169 @A: 32 35 01 28 | 05
#0264-d169 @A: 07 32 31 21 | 04
#0265-d169 @A: 25 07 28 31 | 01
#0266-d169 @A: 02 06 31 16 | 08
#0267-d169 @A: 30 32 05 15 | 06
#0268-d169 @A: 10 30 06 05 | 07
#0269-d169 @A: 13 06 16 04 | 11
#0270-d169 @A: 34 03 10 33 | 12
#0271-d169 @A: 28 35 34 33 | 02
#0272-d169 @A: 11 33 26 18 | 03
#0273-d169 @A: 14 10 18 11 | 10
#0274-d169 @A: 11 13 18 25 | 09
#0275-d169 @A: 23 18 29 02 | 05
#0276-d169 @A: 34 29 18 35 | 04
#0277-d169 @A: 26 24 18 15 | 01
#0278-d169 @A: 25 30 18 24 | 08
#0279-d169 @A: 18 16 27 31 | 06
#0280-d169 @A: 30 05 18 27 | 07
#0281-d169 @A: 18 21 04 27 | 11
#0282-d169 @A: 23 18 34 17 | 12
#0283-d169 @A: 07 26 22 18 | 02
#0284-d169 @A: 18 08 16 14 | 03
#0285-d169 @A: 18 12 09 05 | 10
#0286-d169 @A: 18 09 16 04 | 09
#0287-d169 @A: 09 25 10 18 | 05
#0288-d169 @A: 01 19 18 22 | 04
#0289-d169 @A: 22 18 34 13 | 01
#0290-d169 @A: 22 35 18 25 | 08
#0291-d169 @A: 01 20 18 17 | 06
#0292-d169 @A: 18 01 06 12 | 07
#0293-d169 @A: 02 35 33 18 | 11
#0294-d169 @A: 04 18 02 03 | 12
#0295-d169 @A: 16 28 18 06 | 02
#0296-d169 @A: 11 29 31 28 | 03
#0297-d169 @A: 24 23 14 11 | 10
#0298-d169 @A: 24 01 17 11 | 09
#0299-d169 @A: 21 11 26 27 | 05
#0300-d169 @A: 08 07 27 11 | 04
#0301-d169 @A: 11 28 30 09 | 01
#0302-d169 @A: 19 11 31 12 | 08
#0303-d169 @A: 20 01 11 32 | 06
#0304-d169 @A: 02 14 01 11 | 07
#0305-d169 @A: 35 11 15 14 | 11
#0306-d169 @A: 11 17 35 28 | 12
#0307-d169 @A: 06 29 03 24 | 02
#0308-d169 @A: 02 13 27 29 | 03
#0309-d169 @A: 29 17 08 23 | 10
#0310-d169 @A: 21 29 22 26 | 09
#0311-d169 @A: 25 29 14 26 | 05
#0312-d169 @A: 29 26 31 07 | 04
#0313-d169 @A: 35 29 06 26 | 01
#0314-d169 @A: 32 33 08 29 | 08
#0315-d169 @A: 29 22 09 07 | 06
#0316-d169 @A: 20 17 29 19 | 07
#0317-d169 @A: 33 35 19 29 | 11
#0318-d169 @A: 29 19 28 10 | 12
#0319-d169 @A: 30 10 31 29 | 02
#0320-d169 @A: 15 35 31 29 | 03
#0321-d169 @A: 35 16 02 29 | 10
#0322-d169 @A: 27 24 01 02 | 09
#0323-d169 @A: 24 16 26 12 | 05
#0324-d169 @A: 13 10 26 24 | 04
#0325-d169 @A: 24 25 20 08 | 01
#0326-d169 @A: 24 12 15 09 | 08
#0327-d169 @A: 09 01 16 24 | 06
#0328-d169 @A: 24 04 20 22 | 07
#0329-d169 @A: 35 24 31 14 | 11
#0330-d169 @A: 06 14 30 24 | 12
#0331-d169 @A: 24 13 14 07 | 02
#0332-d169 @A: 13 24 34 05 | 03
#0333-d169 @A: 24 34 02 33 | 10
#0334-d169 @A: 32 17 33 24 | 09
#0335-d169 @A: 05 24 16 35 | 05
#0336-d169 @A: 25 05 24 17 | 04
#0337-d169 @A: 35 24 21 15 | 01
#0338-d169 @A: 23 20 27 01 | 08
#0339-d169 @A: 17 27 30 26 | 06
#0340-d169 @A: 27 08 22 32 | 07
#0341-d169 @A: 27 34 08 02 | 11
#0342-d169 @A: 19 27 01 35 | 12
#0343-d169 @A: 20 27 12 31 | 02
#0344-d169 @A: 30 27 12 07 | 03
#0345-d169 @A: 01 21 28 27 | 10
#0346-d169 @A: 16 27 13 34 | 09
#0347-d169 @A: 02 27 04 06 | 05
#0348-d169 @A: 02 10 27 25 | 04
#0349-d169 @A: 27 16 21 15 | 01
#0350-d169 @A: 10 21 03 27 | 08
#0351-d169 @A: 23 20 22 26 | 06
#0352-d169 @A: 26 12 23 25 | 07
#0353-d169 @A: 21 23 08 12 | 11
#0354-d169 @A: 23 02 09 13 | 12
#0355-d169 @A: 32 30 23 19 | 02
#0356-d169 @A: 25 23 30 20 | 03
#0357-d169 @A: 21 01 14 23 | 10
#0358-d169 @A: 14 23 30 05 | 09
#0359-d169 @A: 01 23 30 28 | 05
#0360-d169 @A: 23 21 03 30 | 04
#0361-d169 @A: 23 10 07 25 | 01
#0362-d169 @A: 05 34 23 06 | 08
#0363-d169 @A: 17 23 15 10 | 06
#0364-d169 @A: 26 09 31 06 | 07
#0365-d169 @A: 04 22 19 26 | 11
#0366-d169 @A: 28 26 12 02 | 12
#0367-d169 @A: 26 15 17 31 | 02
#0368-d169 @A: 26 25 07 35 | 03
#0369-d169 @A: 10 26 21 16 | 10
#0370-d169 @A: 26 28 03 15 | 09
#0371-d169 @A: 09 08 22 21 | 05
#0372-d169 @A: 08 09 04 20 | 04
#0373-d169 @A: 09 06 08 30 | 01
#0374-d169 @A: 22 08 05 19 | 08
#0375-d169 @A: 21 08 01 16 | 06
#0376-d169 @A: 08 07 25 02 | 07
#0377-d169 @A: 35 06 07 08 | 11
#0378-d169 @A: 08 32 03 04 | 12
#0379-d169 @A: 19 14 17 09 | 02
#0380-d169 @A: 09 30 17 20 | 03
#0381-d169 @A: 09 03 07 32 | 10
#0382-d169 @A: 10 07 04 09 | 09
#0383-d169 @A: 06 02 09 25 | 05
#0384-d169 @A: 09 10 03 28 | 04
#0385-d169 @A: 01 14 19 10 | 01
#0386-d169 @A: 01 31 19 17 | 08
#0387-d169 @A: 28 13 01 19 | 06
#0388-d169 @A: 28 19 35 15 | 07
#0389-d169 @A: 17 12 22 20 | 11
#0390-d169 @A: 22 35 20 34 | 12
#0391-d169 @A: 22 14 12 35 | 02
#0392-d169 @A: 07 30 22 14 | 03
#0393-d169 @A: 05 22 04 07 | 10
#0394-d169 @A: 06 20 14 13 | 09
#0395-d169 @A: 10 25 20 31 | 05
#0396-d169 @A: 15 21 07 20 | 04
#0397-d169 @A: 35 03 20 05 | 01
#0398-d169 @A: 17 21 20 32 | 08
#0399-d169 @A: 28 20 35 04 | 06
#0400-d169 @A: 14 01 31 06 | 07
#0401-d169 @A: 01 14 05 07 | 11
#0402-d169 @A: 33 34 01 14 | 12
#0403-d169 @A: 33 04 14 28 | 02
#0404-d169 @A: 04 05 02 14 | 03
#0405-d169 @A: 14 02 17 28 | 10
#0406-d169 @A: 15 14 17 21 | 09
#0407-d169 @A: 12 30 01 13 | 05
#0408-d169 @A: 17 13 05 12 | 04
#0409-d169 @A: 25 32 12 07 | 01
#0410-d169 @A: 12 33 21 05 | 08
#0411-d169 @A: 03 25 12 21 | 06
#0412-d169 @A: 06 17 21 12 | 07
#0413-d169 @A: 12 15 35 34 | 11
#0414-d169 @A: 25 28 12 10 | 12
#0415-d169 @A: 01 13 03 31 | 02
#0416-d169 @A: 01 25 35 05 | 03
#0417-d169 @A: 16 03 15 01 | 10
#0418-d169 @A: 10 01 25 04 | 09
#0419-d169 @A: 21 30 34 31 | 05
#0420-d169 @A: 32 30 06 31 | 04
#0421-d169 @A: 10 31 06 04 | 01
#0422-d169 @A: 13 02 30 05 | 08
#0423-d169 @A: 05 33 04 30 | 06
#0424-d169 @A: 33 30 16 21 | 07
#0425-d169 @A: 21 13 25 10 | 11
#0426-d169 @A: 07 35 16 34 | 12
#0427-d169 @A: 34 05 35 17 | 02
#0428-d169 @A: 18 31 23 26 | 03
#0429-d169 @A: 28 20 26 18 | 10
#0430-d169 @A: 26 05 18 04 | 09
#0431-d169 @A: 26 35 16 18 | 05
#0432-d169 @A: 28 08 09 18 | 04
#0433-d169 @A: 15 09 18 07 | 01
#0434-d169 @A: 25 18 28 14 | 08
#0435-d169 @A: 02 05 07 18 | 06
#0436-d169 @A: 21 18 06 32 | 07
#0437-d169 @A: 10 27 09 11 | 11
#0438-d169 @A: 27 11 31 32 | 12
#0439-d169 @A: 06 11 25 26 | 02
#0440-d169 @A: 12 08 11 25 | 03
#0441-d169 @A: 30 11 19 21 | 10
#0442-d169 @A: 34 05 11 22 | 09
#0443-d169 @A: 07 14 20 11 | 05
#0444-d169 @A: 32 14 11 13 | 04
#0445-d169 @A: 12 34 02 11 | 01
#0446-d169 @A: 31 01 11 21 | 08
#0447-d169 @A: 33 11 17 10 | 06
#0448-d169 @A: 03 11 10 05 | 07
#0449-d169 @A: 11 15 28 32 | 11
#0450-d169 @A: 16 29 23 32 | 12
#0451-d169 @A: 29 26 16 13 | 02
#0452-d169 @A: 06 08 29 28 | 03
#0453-d169 @A: 29 15 01 09 | 10
#0454-d169 @A: 31 29 09 25 | 09
#0455-d169 @A: 22 03 20 29 | 05
#0456-d169 @A: 22 07 34 29 | 04
#0457-d169 @A: 29 16 22 33 | 01
#0458-d169 @A: 21 20 29 13 | 08
#0459-d169 @A: 17 20 29 34 | 06
#0460-d169 @A: 07 14 32 29 | 07
#0461-d169 @A: 29 04 02 10 | 11
#0462-d169 @A: 17 29 03 16 | 12
#0463-d169 @A: 06 10 25 29 | 02
#0464-d169 @A: 09 25 27 24 | 03
#0465-d169 @A: 04 27 24 33 | 10
#0466-d169 @A: 09 06 23 24 | 09
#0467-d169 @A: 23 03 12 24 | 05
#0468-d169 @A: 24 26 20 35 | 04
#0469-d169 @A: 03 24 19 22 | 01
#0470-d169 @A: 19 24 17 15 | 08
#0471-d169 @A: 24 32 20 12 | 06
#0472-d169 @A: 06 20 24 01 | 07
#0473-d169 @A: 20 31 07 24 | 11
#0474-d169 @A: 02 30 35 24 | 12
#0475-d169 @A: 27 09 26 12 | 02
#0476-d169 @A: 07 13 26 27 | 03
#0477-d169 @A: 01 08 27 14 | 10
#0478-d169 @A: 30 27 03 31 | 09
#0479-d169 @A: 27 15 31 05 | 05
#0480-d169 @A: 16 07 27 06 | 04
#0481-d169 @A: 28 27 33 16 | 01
#0482-d169 @A: 06 21 27 25 | 08
#0483-d169 @A: 27 28 03 25 | 06
#0484-d169 @A: 27 32 17 15 | 07
#0485-d169 @A: 28 26 10 23 | 11
#0486-d169 @A: 23 08 20 32 | 12
#0487-d169 @A: 31 19 23 15 | 02
#0488-d169 @A: 34 02 23 22 | 03
#0489-d169 @A: 23 31 20 28 | 10
#0490-d169 @A: 14 31 23 17 | 09
#0491-d169 @A: 34 10 23 14 | 05
#0492-d169 @A: 23 13 12 32 | 04
#0493-d169 @A: 04 01 23 31 | 01
#0494-d169 @A: 13 23 34 21 | 08
#0495-d169 @A: 33 07 23 21 | 06
#0496-d169 @A: 07 23 06 32 | 07
#0497-d169 @A: 33 15 16 23 | 11
#0498-d169 @A: 06 23 03 15 | 12
#0499-d169 @A: 34 23 03 32 | 02
#0500-d169 @A: 26 08 05 13 | 03
#0501-d169 @A: 14 26 09 32 | 10
#0502-d169 @A: 31 35 12 26 | 09
#0503-d169 @A: 30 12 04 26 | 05
#0504-d169 @A: 33 21 32 26 | 04
#0505-d169 @A: 34 28 19 08 | 01
#0506-d169 @A: 15 08 34 01 | 08
#0507-d169 @A: 08 10 15 07 | 06
#0508-d169 @A: 21 02 33 08 | 07
#0509-d169 @A: 15 04 08 28 | 11
#0510-d169 @A: 34 10 04 08 | 12
#0511-d169 @A: 09 19 10 06 | 02
#0512-d169 @A: 16 13 09 20 | 03
#0513-d169 @A: 14 09 05 13 | 10
#0514-d169 @A: 21 09 31 13 | 09
#0515-d169 @A: 31 09 02 33 | 05
#0516-d169 @A: 04 31 09 03 | 04
#0517-d169 @A: 25 09 21 33 | 01
#0518-d169 @A: 21 05 09 04 | 08
#0519-d169 @A: 28 16 09 02 | 06
#0520-d169 @A: 17 21 09 10 | 07
#0521-d169 @A: 15 01 30 19 | 11
#0522-d169 @A: 19 01 33 21 | 12
#0523-d169 @A: 25 13 04 19 | 02
#0524-d169 @A: 05 19 07 33 | 03
#0525-d169 @A: 04 07 17 19 | 10
#0526-d169 @A: 03 19 28 16 | 09
#0527-d169 @A: 31 22 33 04 | 05
#0528-d169 @A: 30 32 28 22 | 04
#0529-d169 @A: 13 22 32 06 | 01
#0530-d169 @A: 16 02 22 07 | 08
#0531-d169 @A: 03 15 22 07 | 06
#0532-d169 @A: 06 22 05 15 | 07
#0533-d169 @A: 21 16 34 22 | 11
#0534-d169 @A: 21 15 32 22 | 12
#0535-d169 @A: 14 20 02 30 | 02
#0536-d169 @A: 10 01 03 20 | 03
#0537-d169 @A: 34 20 16 33 | 10
#0538-d169 @A: 04 34 20 32 | 09
#0539-d169 @A: 20 10 06 15 | 05
#0540-d169 @A: 14 12 25 06 | 04
#0541-d169 @A: 14 01 13 04 | 01
#0542-d169 @A: 14 15 07 04 | 08
#0543-d169 @A: 14 34 05 15 | 06
#0544-d169 @A: 14 25 35 04 | 07
#0545-d169 @A: 35 14 06 34 | 11
#0546-d169 @A: 33 30 12 31 | 12
#0547-d169 @A: 17 10 12 30 | 02
#0548-d169 @A: 15 17 12 07 | 03
#0549-d169 @A: 15 12 33 04 | 10
#0550-d169 @A: 12 05 15 28 | 09
#0551-d169 @A: 13 35 02 01 | 05
#0552-d169 @A: 01 35 07 15 | 04
#0553-d169 @A: 10 01 28 07 | 01
#0554-d169 @A: 01 32 05 21 | 08
#0555-d169 @A: 16 17 01 25 | 06
#0556-d169 @A: 17 06 30 02 | 07
#0557-d169 @A: 30 21 28 17 | 11
#0558-d169 @A: 15 30 06 04 | 12
#0559-d169 @A: 05 15 10 13 | 02
#0560-d169 @A: 13 02 10 03 | 03
#0561-d169 @A: 32 05 02 34 | 10
#0562-d169 @A: 02 34 32 10 | 09
#0563-d169 @A: 18 15 19 11 | 05
#0564-d169 @A: 01 28 18 11 | 04
#0565-d169 @A: 24 23 18 16 | 01
#0566-d169 @A: 08 18 24 05 | 08
#0567-d169 @A: 24 06 19 18 | 06
#0568-d169 @A: 22 28 18 24 | 07
#0569-d169 @A: 02 20 18 24 | 11
#0570-d169 @A: 13 06 23 18 | 12
#0571-d169 @A: 34 26 18 20 | 02
#0572-d169 @A: 08 19 07 18 | 03
#0573-d169 @A: 08 22 03 18 | 10
#0574-d169 @A: 18 09 30 13 | 09
#0575-d169 @A: 18 14 15 01 | 05
#0576-d169 @A: 07 18 12 34 | 04
#0577-d169 @A: 18 01 31 33 | 01
#0578-d169 @A: 16 30 18 01 | 08
#0579-d169 @A: 01 18 32 13 | 06
#0580-d169 @A: 03 07 21 18 | 07
#0581-d169 @A: 34 18 03 21 | 11
#0582-d169 @A: 18 35 06 04 | 12
#0583-d169 @A: 35 28 10 18 | 02
#0584-d169 @A: 29 11 25 34 | 03
#0585-d169 @A: 11 24 05 22 | 10
#0586-d169 @A: 21 11 25 24 | 09
#0587-d169 @A: 11 26 08 28 | 05
#0588-d169 @A: 26 20 11 09 | 04
#0589-d169 @A: 11 15 08 20 | 01
#0590-d169 @A: 19 09 11 16 | 08
#0591-d169 @A: 17 34 11 19 | 06
#0592-d169 @A: 14 22 11 04 | 07
#0593-d169 @A: 30 22 03 11 | 11
#0594-d169 @A: 03 20 11 12 | 12
#0595-d169 @A: 35 20 10 11 | 02
#0596-d169 @A: 30 16 11 31 | 03
#0597-d169 @A: 05 16 28 11 | 10
#0598-d169 @A: 11 02 17 32 | 09
#0599-d169 @A: 29 08 24 04 | 05
#0600-d169 @A: 12 26 03 29 | 04
#0601-d169 @A: 01 29 08 12 | 01
#0602-d169 @A: 02 09 14 29 | 08
#0603-d169 @A: 01 25 22 29 | 06
#0604-d169 @A: 29 04 22 13 | 07
#0605-d169 @A: 20 04 30 29 | 11
#0606-d169 @A: 14 04 31 29 | 12
#0607-d169 @A: 01 29 28 16 | 02
#0608-d169 @A: 33 29 13 31 | 03
#0609-d169 @A: 17 02 29 25 | 10
#0610-d169 @A: 28 35 29 03 | 09
#0611-d169 @A: 10 35 29 17 | 05
#0612-d169 @A: 23 21 24 27 | 04
#0613-d169 @A: 14 16 24 27 | 01
#0614-d169 @A: 31 26 34 24 | 08
#0615-d169 @A: 14 03 24 28 | 06
#0616-d169 @A: 12 33 24 25 | 07
#0617-d169 @A: 24 05 28 07 | 11
#0618-d169 @A: 24 03 04 07 | 12
#0619-d169 @A: 24 07 10 06 | 02
#0620-d169 @A: 02 28 33 24 | 03
#0621-d169 @A: 24 28 32 04 | 10
#0622-d169 @A: 32 35 25 24 | 09
#0623-d169 @A: 17 13 23 27 | 05
#0624-d169 @A: 25 31 27 26 | 04
#0625-d169 @A: 03 27 26 34 | 01
#0626-d169 @A: 27 09 20 07 | 08
#0627-d169 @A: 27 30 09 35 | 06
#0628-d169 @A: 02 19 31 27 | 07
#0629-d169 @A: 27 22 34 32 | 11
#0630-d169 @A: 13 21 27 14 | 12
#0631-d169 @A: 21 27 32 12 | 02
#0632-d169 @A: 04 31 13 27 | 03
#0633-d169 @A: 16 27 02 30 | 10
#0634-d169 @A: 02 27 32 07 | 09
#0635-d169 @A: 33 10 27 06 | 05
#0636-d169 @A: 16 27 17 05 | 04
#0637-d169 @A: 27 28 15 02 | 01
#0638-d169 @A: 31 08 23 35 | 08
#0639-d169 @A: 10 09 23 30 | 06
#0640-d169 @A: 12 14 16 23 | 07
#0641-d169 @A: 30 26 08 15 | 11
#0642-d169 @A: 17 16 09 26 | 12
#0643-d169 @A: 05 22 26 35 | 02
#0644-d169 @A: 06 26 04 20 | 03
#0645-d169 @A: 33 06 17 26 | 10
#0646-d169 @A: 26 15 05 34 | 09
#0647-d169 @A: 08 25 09 14 | 05
#0648-d169 @A: 09 07 34 08 | 04
#0649-d169 @A: 08 17 30 22 | 01
#0650-d169 @A: 28 20 01 08 | 08
#0651-d169 @A: 08 15 12 02 | 06
#0652-d169 @A: 08 05 03 31 | 07
#0653-d169 @A: 28 02 08 32 | 11
#0654-d169 @A: 10 08 32 21 | 12
#0655-d169 @A: 16 22 05 09 | 02
#0656-d169 @A: 25 09 22 17 | 03
#0657-d169 @A: 09 31 12 17 | 10
#0658-d169 @A: 09 33 03 15 | 09
#0659-d169 @A: 17 33 04 09 | 05
#0660-d169 @A: 15 02 05 09 | 04
#0661-d169 @A: 09 32 35 04 | 01
#0662-d169 @A: 17 35 15 09 | 08
#0663-d169 @A: 14 15 20 19 | 06
#0664-d169 @A: 20 02 01 19 | 07
#0665-d169 @A: 12 13 21 19 | 11
#0666-d169 @A: 19 03 06 01 | 12
#0667-d169 @A: 34 19 31 04 | 02
#0668-d169 @A: 10 21 05 19 | 03
#0669-d169 @A: 05 19 28 32 | 10
#0670-d169 @A: 02 21 19 32 | 09
#0671-d169 @A: 04 10 35 19 | 05
#0672-d169 @A: 10 13 20 22 | 04
#0673-d169 @A: 30 25 31 22 | 01
#0674-d169 @A: 17 22 28 07 | 08
#0675-d169 @A: 28 15 33 22 | 06
#0676-d169 @A: 22 15 17 16 | 07
#0677-d169 @A: 16 06 35 22 | 11
#0678-d169 @A: 15 04 35 22 | 12
#0679-d169 @A: 34 22 10 15 | 02
#0680-d169 @A: 02 21 20 10 | 03
#0681-d169 @A: 20 32 10 16 | 10
#0682-d169 @A: 25 35 15 20 | 09
#0683-d169 @A: 14 30 01 17 | 05
#0684-d169 @A: 16 33 14 06 | 04
#0685-d169 @A: 14 35 32 33 | 01
#0686-d169 @A: 28 05 14 06 | 08
#0687-d169 @A: 21 32 14 04 | 06
#0688-d169 @A: 12 02 03 06 | 07
#0689-d169 @A: 35 04 02 12 | 11
#0690-d169 @A: 12 34 21 10 | 12
#0691-d169 @A: 05 16 02 01 | 02
#0692-d169 @A: 01 04 05 28 | 03
#0693-d169 @A: 01 17 05 10 | 10
#0694-d169 @A: 03 17 01 32 | 09
#0695-d169 @A: 07 31 03 16 | 05
#0696-d169 @A: 31 33 32 05 | 04
#0697-d169 @A: 31 33 10 16 | 01
#0698-d169 @A: 05 31 28 10 | 08
#0699-d169 @A: 17 31 03 02 | 06
#0700-d169 @A: 32 04 30 07 | 07
#0701-d169 @A: 32 02 30 33 | 11
#0702-d169 @A: 25 06 30 28 | 12
#0703-d169 @A: 07 13 32 17 | 02
#0704-d169 @A: 02 34 13 06 | 03
#0705-d169 @A: 16 13 17 21 | 10
#0706-d169 @A: 05 04 34 07 | 09
#0707-d169 @A: 16 04 34 03 | 05
#0708-d169 @A: 03 11 18 24 | 04
#0709-d169 @A: 18 11 12 16 | 01
#0710-d169 @A: 29 19 18 16 | 08
#0711-d169 @A: 29 18 13 10 | 06
#0712-d169 @A: 24 04 01 18 | 07
#0713-d169 @A: 10 31 24 18 | 11
#0714-d169 @A: 03 23 18 27 | 12
#0715-d169 @A: 01 26 18 27 | 02
#0716-d169 @A: 12 02 18 27 | 03
#0717-d169 @A: 28 18 13 27 | 10
#0718-d169 @A: 18 23 20 07 | 09
#0719-d169 @A: 18 20 06 08 | 05
#0720-d169 @A: 32 09 22 18 | 04
#0721-d169 @A: 20 12 10 18 | 01
#0722-d169 @A: 18 20 16 03 | 08
#0723-d169 @A: 28 30 12 18 | 06
#0724-d169 @A: 18 30 07 06 | 07
#0725-d169 @A: 18 10 07 16 | 11
#0726-d169 @A: 25 18 33 05 | 12
#0727-d169 @A: 24 13 11 06 | 02
#0728-d169 @A: 23 31 33 11 | 03
#0729-d169 @A: 30 23 11 34 | 10
#0730-d169 @A: 11 14 05 26 | 09
#0731-d169 @A: 26 11 13 04 | 05
#0732-d169 @A: 11 16 26 15 | 04
#0733-d169 @A: 10 19 08 11 | 01
#0734-d169 @A: 11 25 09 32 | 08
#0735-d169 @A: 11 19 32 35 | 06
#0736-d169 @A: 01 11 12 10 | 07
#0737-d169 @A: 11 30 06 01 | 11
#0738-d169 @A: 25 11 31 17 | 12
#0739-d169 @A: 02 28 25 11 | 02
#0740-d169 @A: 11 28 04 10 | 03
#0741-d169 @A: 32 29 24 21 | 10
#0742-d169 @A: 27 29 06 22 | 09
#0743-d169 @A: 27 25 29 30 | 05
#0744-d169 @A: 23 09 29 04 | 04
#0745-d169 @A: 29 20 14 23 | 01
#0746-d169 @A: 07 29 13 23 | 08
#0747-d169 @A: 29 09 08 35 | 06
#0748-d169 @A: 09 03 19 29 | 07
#0749-d169 @A: 32 13 19 29 | 11
#0750-d169 @A: 33 14 30 29 | 12
#0751-d169 @A: 16 14 29 34 | 02
#0752-d169 @A: 13 34 12 29 | 03
#0753-d169 @A: 10 33 03 29 | 10
#0754-d169 @A: 05 16 10 29 | 09
#0755-d169 @A: 02 21 06 29 | 05
#0756-d169 @A: 25 29 21 35 | 04
#0757-d169 @A: 15 27 24 30 | 01
#0758-d169 @A: 19 26 24 21 | 08
#0759-d169 @A: 26 24 31 33 | 06
#0760-d169 @A: 21 08 24 07 | 07
#0761-d169 @A: 22 33 30 24 | 11
#0762-d169 @A: 20 17 24 13 | 12
#0763-d169 @A: 12 24 25 34 | 02
#0764-d169 @A: 07 24 01 25 | 03
#0765-d169 @A: 15 07 02 24 | 10
#0766-d169 @A: 16 15 28 24 | 09
#0767-d169 @A: 04 35 17 24 | 05
#0768-d169 @A: 23 27 16 09 | 04
#0769-d169 @A: 23 27 04 32 | 01
#0770-d169 @A: 28 27 35 26 | 08
#0771-d169 @A: 32 27 13 09 | 06
#0772-d169 @A: 27 30 13 19 | 07
#0773-d169 @A: 27 25 16 19 | 11
#0774-d169 @A: 21 27 20 05 | 12
#0775-d169 @A: 27 03 20 17 | 02
#0776-d169 @A: 01 27 16 12 | 03
#0777-d169 @A: 04 27 30 34 | 10
#0778-d169 @A: 15 35 10 27 | 09
#0779-d169 @A: 10 28 32 27 | 05
#0780-d169 @A: 08 16 13 23 | 04
#0781-d169 @A: 25 23 19 09 | 01
#0782-d169 @A: 22 09 31 23 | 08
#0783-d169 @A: 03 23 20 19 | 06
#0784-d169 @A: 02 07 23 19 | 07
#0785-d169 @A: 13 33 14 23 | 11
#0786-d169 @A: 02 33 04 23 | 12
#0787-d169 @A: 33 32 03 23 | 02
#0788-d169 @A: 02 23 28 03 | 03
#0789-d169 @A: 17 28 23 16 | 10
#0790-d169 @A: 08 26 35 19 | 09
#0791-d169 @A: 08 04 31 26 | 05
#0792-d169 @A: 28 01 22 26 | 04
#0793-d169 @A: 22 34 16 26 | 01
#0794-d169 @A: 26 03 31 20 | 08
#0795-d169 @A: 20 26 13 33 | 06
#0796-d169 @A: 33 01 14 26 | 07
#0797-d169 @A: 10 14 31 26 | 11
#0798-d169 @A: 33 35 26 15 | 12
#0799-d169 @A: 08 19 32 17 | 02
#0800-d169 @A: 08 20 02 22 | 03
#0801-d169 @A: 17 34 12 08 | 10
#0802-d169 @A: 25 08 16 05 | 09
#0803-d169 @A: 25 34 05 08 | 05
#0804-d169 @A: 25 28 21 08 | 04
#0805-d169 @A: 32 19 34 09 | 01
#0806-d169 @A: 09 05 06 20 | 08
#0807-d169 @A: 21 09 14 34 | 06
#0808-d169 @A: 09 13 10 01 | 07
#0809-d169 @A: 17 05 09 28 | 11
#0810-d169 @A: 19 22 30 34 | 12
#0811-d169 @A: 30 19 14 04 | 02
#0812-d169 @A: 03 19 10 31 | 03
#0813-d169 @A: 03 35 07 19 | 10
#0814-d169 @A: 19 10 33 15 | 09
#0815-d169 @A: 19 16 02 10 | 05
#0816-d169 @A: 01 03 14 22 | 04
#0817-d169 @A: 12 22 02 01 | 01
#0818-d169 @A: 33 22 01 05 | 08
#0819-d169 @A: 22 05 02 03 | 06
#0820-d169 @A: 22 04 06 25 | 07
#0821-d169 @A: 22 06 17 10 | 11
#0822-d169 @A: 03 14 25 20 | 12
#0823-d169 @A: 14 03 04 06 | 02
#0824-d169 @A: 12 01 17 35 | 03
#0825-d169 @A: 28 33 35 12 | 10
#0826-d169 @A: 05 34 16 12 | 09
#0827-d169 @A: 15 12 10 21 | 05
#0828-d169 @A: 06 12 15 35 | 04
#0829-d169 @A: 01 10 32 02 | 01
#0830-d169 @A: 16 01 34 25 | 08
#0831-d169 @A: 32 21 01 34 | 06
#0832-d169 @A: 04 35 31 07 | 07
#0833-d169 @A: 02 31 35 28 | 11
#0834-d169 @A: 16 31 35 32 | 12
#0835-d169 @A: 34 17 31 03 | 02
#0836-d169 @A: 16 05 30 07 | 03
#0837-d169 @A: 03 30 05 28 | 10
#0838-d169 @A: 30 04 21 02 | 09
#0839-d169 @A: 25 15 30 02 | 05
#0840-d169 @A: 30 06 03 16 | 04
#0841-d169 @A: 30 04 17 03 | 01
#0842-d169 @A: 32 30 34 28 | 08
#0843-d169 @A: 33 13 17 02 | 06
#0844-d169 @A: 32 04 05 13 | 07
#0845-d169 @A: 02 28 21 13 | 11
#0846-d169 @A: 10 28 16 34 | 12
#0847-d169 @A: 35 30 18 11 | 02
#0848-d169 @A: 21 02 18 11 | 03
#0849-d169 @A: 34 24 18 15 | 10
#0850-d169 @A: 19 10 18 27 | 09
#0851-d169 @A: 23 15 30 18 | 05
#0852-d169 @A: 18 08 02 13 | 04
#0853-d169 @A: 08 18 17 21 | 01
#0854-d169 @A: 09 18 02 01 | 08
#0855-d169 @A: 19 05 18 14 | 06
#0856-d169 @A: 30 20 33 18 | 07
#0857-d169 @A: 18 28 17 31 | 11
#0858-d169 @A: 21 18 05 16 | 12
#0859-d169 @A: 18 03 32 15 | 02
#0860-d169 @A: 06 18 32 34 | 03
#0861-d169 @A: 11 20 29 25 | 10
#0862-d169 @A: 13 35 29 11 | 09
#0863-d169 @A: 11 12 28 24 | 05
#0864-d169 @A: 11 26 12 17 | 04
#0865-d169 @A: 34 28 26 11 | 01
#0866-d169 @A: 11 13 08 21 | 08
#0867-d169 @A: 11 19 06 02 | 06
#0868-d169 @A: 02 22 15 11 | 07
#0869-d169 @A: 11 10 21 22 | 11
#0870-d169 @A: 06 20 11 31 | 12
#0871-d169 @A: 15 05 01 11 | 02
#0872-d169 @A: 31 15 34 11 | 03
#0873-d169 @A: 13 33 11 03 | 10
#0874-d169 @A: 10 13 34 11 | 09
#0875-d169 @A: 21 05 17 11 | 05
#0876-d169 @A: 16 21 35 11 | 04
#0877-d169 @A: 06 03 11 35 | 01
#0878-d169 @A: 29 12 24 27 | 08
#0879-d169 @A: 29 17 24 26 | 06
#0880-d169 @A: 26 32 27 29 | 07
#0881-d169 @A: 29 23 28 22 | 11
#0882-d169 @A: 29 23 12 33 | 12
#0883-d169 @A: 30 08 21 29 | 02
#0884-d169 @A: 29 19 31 06 | 03
#0885-d169 @A: 29 20 01 33 | 10
#0886-d169 @A: 29 21 01 10 | 09
#0887-d169 @A: 29 05 13 25 | 05
#0888-d169 @A: 33 17 29 21 | 04
#0889-d169 @A: 34 32 29 15 | 01
#0890-d169 @A: 01 27 24 34 | 08
#0891-d169 @A: 24 12 17 08 | 06
#0892-d169 @A: 35 01 24 08 | 07
#0893-d169 @A: 08 24 06 33 | 11
#0894-d169 @A: 24 04 19 31 | 12
#0895-d169 @A: 24 01 32 22 | 02
#0896-d169 @A: 30 03 24 20 | 03
#0897-d169 @A: 05 24 12 30 | 10
#0898-d169 @A: 06 12 24 04 | 09
#0899-d169 @A: 31 03 24 25 | 05
#0900-d169 @A: 02 13 24 16 | 04
#0901-d169 @A: 06 21 05 24 | 01
#0902-d169 @A: 25 10 24 16 | 08
#0903-d169 @A: 34 24 17 04 | 06
#0904-d169 @A: 27 20 23 34 | 07
#0905-d169 @A: 33 26 27 19 | 11
#0906-d169 @A: 04 27 12 08 | 12
#0907-d169 @A: 09 27 01 17 | 02
#0908-d169 @A: 09 17 34 27 | 03
#0909-d169 @A: 21 27 07 19 | 10
#0910-d169 @A: 21 27 30 22 | 09
#0911-d169 @A: 14 27 20 04 | 05
#0912-d169 @A: 27 07 28 04 | 04
#0913-d169 @A: 35 21 33 27 | 01
#0914-d169 @A: 04 33 27 34 | 08
#0915-d169 @A: 23 15 14 26 | 06
#0916-d169 @A: 07 23 04 26 | 07
#0917-d169 @A: 05 08 23 09 | 11
#0918-d169 @A: 08 14 03 23 | 12
#0919-d169 @A: 22 06 23 30 | 02
#0920-d169 @A: 20 12 23 06 | 03
#0921-d169 @A: 14 23 35 28 | 10
#0922-d169 @A: 12 31 10 23 | 09
#0923-d169 @A: 21 06 23 31 | 05
#0924-d169 @A: 03 07 23 05 | 04
#0925-d169 @A: 23 21 10 04 | 01
#0926-d169 @A: 23 04 35 03 | 08
#0927-d169 @A: 25 28 23 04 | 06
#0928-d169 @A: 19 09 26 28 | 07
#0929-d169 @A: 19 05 31 26 | 11
#0930-d169 @A: 26 16 14 22 | 12
#0931-d169 @A: 32 26 30 20 | 02
#0932-d169 @A: 26 01 10 06 | 03
#0933-d169 @A: 21 02 34 26 | 10
#0934-d169 @A: 15 06 21 26 | 09
#0935-d169 @A: 08 05 20 12 | 05
#0936-d169 @A: 20 08 17 07 | 04
#0937-d169 @A: 12 13 08 10 | 01
#0938-d169 @A: 05 06 01 08 | 08
#0939-d169 @A: 21 03 08 35 | 06
#0940-d169 @A: 35 32 08 15 | 07
#0941-d169 @A: 22 35 13 09 | 11
#0942-d169 @A: 02 09 10 22 | 12
#0943-d169 @A: 30 34 12 09 | 02
#0944-d169 @A: 35 09 01 31 | 03
#0945-d169 @A: 16 09 34 02 | 10
#0946-d169 @A: 09 15 25 04 | 09
#0947-d169 @A: 12 03 30 19 | 05
#0948-d169 @A: 16 05 19 04 | 04
#0949-d169 @A: 34 19 21 05 | 01
#0950-d169 @A: 19 16 35 17 | 08
#0951-d169 @A: 19 10 25 17 | 06
#0952-d169 @A: 15 22 25 14 | 07
#0953-d169 @A: 04 34 22 12 | 11
#0954-d169 @A: 22 01 30 10 | 12
#0955-d169 @A: 22 05 17 32 | 02
#0956-d169 @A: 12 20 13 25 | 03
#0957-d169 @A: 12 28 34 20 | 10
#0958-d169 @A: 30 20 28 15 | 09
#0959-d169 @A: 20 07 32 35 | 05
#0960-d169 @A: 07 20 28 06 | 04
#0961-d169 @A: 20 25 02 33 | 01
#0962-d169 @A: 17 20 33 35 | 08
#0963-d169 @A: 15 17 05 20 | 06
#0964-d169 @A: 02 20 04 32 | 07
#0965-d169 @A: 17 28 10 20 | 11
#0966-d169 @A: 14 31 25 13 | 12
#0967-d169 @A: 21 07 14 25 | 02
#0968-d169 @A: 17 32 06 14 | 03
#0969-d169 @A: 31 01 12 07 | 10
#0970-d169 @A: 28 01 03 12 | 09
#0971-d169 @A: 13 31 12 16 | 05
#0972-d169 @A: 16 07 12 33 | 04
#0973-d169 @A: 12 10 32 06 | 01
#0974-d169 @A: 35 33 03 01 | 08
#0975-d169 @A: 07 15 33 31 | 06
#0976-d169 @A: 02 05 21 31 | 07
#0977-d169 @A: 16 21 25 31 | 11
#0978-d169 @A: 16 31 15 04 | 12
#0979-d169 @A: 32 31 34 25 | 02
#0980-d169 @A: 32 03 30 13 | 03
#0981-d169 @A: 07 33 34 30 | 10
#0982-d169 @A: 07 28 30 35 | 09
#0983-d169 @A: 21 13 07 05 | 05
#0984-d169 @A: 25 13 03 07 | 04
#0985-d169 @A: 16 13 05 03 | 01
#0986-d169 @A: 13 28 35 05 | 08
#0987-d169 @A: 04 21 25 34 | 06
#0988-d169 @A: 24 18 33 29 | 07
#0989-d169 @A: 27 29 18 15 | 11
#0990-d169 @A: 18 17 29 09 | 12
#0991-d169 @A: 08 18 23 25 | 02
#0992-d169 @A: 10 30 26 18 | 03
#0993-d169 @A: 12 33 18 08 | 10
#0994-d169 @A: 18 14 09 33 | 09
#0995-d169 @A: 18 04 19 20 | 05
#0996-d169 @A: 35 21 20 18 | 04
#0997-d169 @A: 13 12 18 04 | 01
#0998-d169 @A: 35 18 07 17 | 08
#0999-d169 @A: 15 33 06 18 | 06
#1000-d169 @A: 18 16 02 32 | 07
#1001-d169 @A: 15 24 04 11 | 11
#1002-d169 @A: 05 27 11 12 | 12
#1003-d169 @A: 04 27 30 11 | 02
#1004-d169 @A: 23 10 11 02 | 03
#1005-d169 @A: 01 08 11 33 | 10
#1006-d169 @A: 28 19 14 11 | 09
#1007-d169 @A: 17 07 11 16 | 05
#1008-d169 @A: 10 11 07 32 | 04
#1009-d169 @A: 23 24 29 25 | 01
#1010-d169 @A: 04 29 27 03 | 08
#1011-d169 @A: 29 08 25 19 | 06
#1012-d169 @A: 09 29 10 12 | 07
#1013-d169 @A: 15 29 16 12 | 11
#1014-d169 @A: 17 13 29 01 | 12
#1015-d169 @A: 17 07 29 06 | 02
#1016-d169 @A: 05 29 33 28 | 03
#1017-d169 @A: 24 06 31 27 | 10
#1018-d169 @A: 24 31 32 23 | 09
#1019-d169 @A: 26 24 08 09 | 05
#1020-d169 @A: 26 06 22 24 | 04
#1021-d169 @A: 22 16 24 08 | 01
#1022-d169 @A: 24 25 14 19 | 08
#1023-d169 @A: 24 02 19 12 | 06
#1024-d169 @A: 24 32 19 10 | 07
#1025-d169 @A: 12 21 24 31 | 11
#1026-d169 @A: 31 24 15 13 | 12
#1027-d169 @A: 33 07 24 35 | 02
#1028-d169 @A: 15 05 33 24 | 03
#1029-d169 @A: 16 04 24 21 | 10
#1030-d169 @A: 28 24 21 10 | 09
#1031-d169 @A: 34 24 32 35 | 05
#1032-d169 @A: 23 14 27 25 | 04
#1033-d169 @A: 27 12 23 35 | 01
#1034-d169 @A: 27 28 09 31 | 08
#1035-d169 @A: 09 33 05 27 | 06
#1036-d169 @A: 22 04 27 01 | 07
#1037-d169 @A: 27 20 35 13 | 11
#1038-d169 @A: 12 27 06 28 | 12
#1039-d169 @A: 01 10 27 31 | 02
#1040-d169 @A: 27 02 03 33 | 03
#1041-d169 @A: 32 01 26 23 | 10
#1042-d169 @A: 09 20 23 15 | 09
#1043-d169 @A: 23 13 19 10 | 05
#1044-d169 @A: 20 16 35 23 | 04
#1045-d169 @A: 01 23 13 25 | 01
#1046-d169 @A: 25 31 02 23 | 08
#1047-d169 @A: 07 23 15 34 | 06
#1048-d169 @A: 04 23 05 15 | 07
#1049-d169 @A: 23 16 06 25 | 11
#1050-d169 @A: 35 21 17 23 | 12
#1051-d169 @A: 23 03 17 25 | 02
#1052-d169 @A: 15 23 32 25 | 03
#1053-d169 @A: 10 12 26 19 | 10
#1054-d169 @A: 30 26 13 22 | 09
#1055-d169 @A: 30 26 03 33 | 05
#1056-d169 @A: 10 04 26 03 | 04
#1057-d169 @A: 06 28 32 26 | 01
#1058-d169 @A: 26 32 17 35 | 08
#1059-d169 @A: 08 12 09 07 | 06
#1060-d169 @A: 03 20 08 13 | 07
#1061-d169 @A: 34 14 08 30 | 11
#1062-d169 @A: 01 08 25 31 | 12
#1063-d169 @A: 01 13 07 08 | 02
#1064-d169 @A: 08 05 10 02 | 03
#1065-d169 @A: 05 15 08 21 | 10
#1066-d169 @A: 02 08 16 04 | 09
#1067-d169 @A: 08 17 16 10 | 05
#1068-d169 @A: 08 06 03 10 | 04
#1069-d169 @A: 08 34 03 35 | 01
#1070-d169 @A: 31 32 09 19 | 08
#1071-d169 @A: 30 09 02 19 | 06
#1072-d169 @A: 20 22 28 09 | 07
#1073-d169 @A: 04 30 09 22 | 11
#1074-d169 @A: 28 01 09 14 | 12
#1075-d169 @A: 14 06 09 35 | 02
#1076-d169 @A: 09 05 33 34 | 03
#1077-d169 @A: 25 03 09 05 | 10
#1078-d169 @A: 06 28 09 04 | 09
#1079-d169 @A: 20 22 19 06 | 05
#1080-d169 @A: 32 14 22 19 | 04
#1081-d169 @A: 19 13 31 35 | 01
#1082-d169 @A: 19 07 15 16 | 08
#1083-d169 @A: 22 21 12 04 | 06
#1084-d169 @A: 22 33 34 25 | 07
#1085-d169 @A: 04 28 02 22 | 11
#1086-d169 @A: 22 10 03 25 | 12
#1087-d169 @A: 14 20 16 01 | 02
#1088-d169 @A: 25 14 20 34 | 03
#1089-d169 @A: 01 05 20 13 | 10
#1090-d169 @A: 07 33 20 03 | 09
#1091-d169 @A: 32 33 15 20 | 05
#1092-d169 @A: 02 20 05 28 | 04
#1093-d169 @A: 17 25 20 06 | 01
#1094-d169 @A: 10 20 06 34 | 08
#1095-d169 @A: 31 14 34 13 | 06
#1096-d169 @A: 13 10 14 17 | 07
#1097-d169 @A: 02 06 14 07 | 11
#1098-d169 @A: 14 25 10 05 | 12
#1099-d169 @A: 14 05 35 17 | 02
#1100-d169 @A: 14 16 03 21 | 03
#1101-d169 @A: 32 12 33 01 | 10
#1102-d169 @A: 07 21 35 12 | 09
#1103-d169 @A: 05 16 12 32 | 05
#1104-d169 @A: 12 32 28 17 | 04
#1105-d169 @A: 01 17 28 33 | 01
#1106-d169 @A: 01 33 34 06 | 08
#1107-d169 @A: 15 01 02 21 | 06
#1108-d169 @A: 01 21 04 03 | 07
#1109-d169 @A: 10 02 31 07 | 11
#1110-d169 @A: 30 06 21 13 | 12
#1111-d169 @A: 35 30 17 13 | 02
#1112-d169 @A: 30 21 10 07 | 03
#1113-d169 @A: 30 16 35 15 | 10
#1114-d169 @A: 03 35 15 13 | 09
#1115-d169 @A: 17 15 13 04 | 05
#1116-d169 @A: 06 03 25 34 | 04
#1117-d169 @A: 17 27 11 18 | 01
#1118-d169 @A: 04 11 18 08 | 08
#1119-d169 @A: 18 11 07 31 | 06
#1120-d169 @A: 18 14 29 22 | 07
#1121-d169 @A: 18 20 05 29 | 11
#1122-d169 @A: 27 24 32 18 | 12
#1123-d169 @A: 24 21 13 18 | 02
#1124-d169 @A: 18 33 27 22 | 03
#1125-d169 @A: 23 17 18 12 | 10
#1126-d169 @A: 18 08 34 16 | 09
#1127-d169 @A: 09 34 18 04 | 05
#1128-d169 @A: 13 19 18 03 | 04
#1129-d169 @A: 15 18 22 12 | 01
#1130-d169 @A: 22 02 18 30 | 08
#1131-d169 @A: 13 16 18 22 | 06
#1132-d169 @A: 18 10 05 22 | 07
#1133-d169 @A: 10 21 33 18 | 11
#1134-d169 @A: 07 11 24 29 | 12
#1135-d169 @A: 29 23 11 15 | 02
#1136-d169 @A: 10 26 11 29 | 03
#1137-d169 @A: 02 11 08 29 | 10
#1138-d169 @A: 11 19 29 04 | 09
#1139-d169 @A: 03 11 23 26 | 05
#1140-d169 @A: 30 11 02 26 | 04
#1141-d169 @A: 17 08 14 11 | 01
#1142-d169 @A: 09 03 34 11 | 08
#1143-d169 @A: 15 11 30 12 | 06
#1144-d169 @A: 11 13 02 12 | 07
#1145-d169 @A: 16 01 11 13 | 11
#1146-d169 @A: 31 04 02 11 | 12
#1147-d169 @A: 25 11 07 05 | 02
#1148-d169 @A: 04 21 07 11 | 03
#1149-d169 @A: 05 02 11 33 | 10
#1150-d169 @A: 02 11 03 16 | 09
#1151-d169 @A: 11 34 16 32 | 05
#1152-d169 @A: 06 11 28 21 | 04
#1153-d169 @A: 24 22 35 29 | 01
#1154-d169 @A: 10 29 14 24 | 08
#1155-d169 @A: 10 27 29 23 | 06
#1156-d169 @A: 15 29 26 19 | 07
#1157-d169 @A: 02 20 29 26 | 11
#1158-d169 @A: 08 29 14 05 | 12
#1159-d169 @A: 02 19 29 22 | 02
#1160-d169 @A: 20 29 06 16 | 03
#1161-d169 @A: 02 31 12 29 | 10
#1162-d169 @A: 29 06 30 12 | 09
#1163-d169 @A: 01 02 29 30 | 05
#1164-d169 @A: 10 29 31 34 | 04
#1165-d169 @A: 02 33 15 29 | 01
#1166-d169 @A: 29 06 33 04 | 08
#1167-d169 @A: 25 16 29 04 | 06
#1168-d169 @A: 29 21 15 04 | 07
#1169-d169 @A: 27 22 24 07 | 11
#1170-d169 @A: 13 23 28 24 | 12
#1171-d169 @A: 07 30 24 26 | 02
#1172-d169 @A: 22 08 24 34 | 03
#1173-d169 @A: 24 08 30 28 | 10
#1174-d169 @A: 08 13 24 32 | 09
#1175-d169 @A: 24 30 32 09 | 05
#1176-d169 @A: 10 33 24 09 | 04
#1177-d169 @A: 28 24 19 20 | 01
#1178-d169 @A: 22 12 10 24 | 08
#1179-d169 @A: 14 21 33 24 | 06
#1180-d169 @A: 33 24 13 01 | 07
#1181-d169 @A: 30 06 24 34 | 11
#1182-d169 @A: 04 05 10 24 | 12
#1183-d169 @A: 27 23 31 07 | 02
#1184-d169 @A: 12 22 25 27 | 03
#1185-d169 @A: 27 20 06 30 | 10
#1186-d169 @A: 05 06 27 03 | 09
#1187-d169 @A: 17 27 10 04 | 05
#1188-d169 @A: 27 17 35 25 | 04
#1189-d169 @A: 23 21 09 26 | 01
#1190-d169 @A: 13 23 26 35 | 08
#1191-d169 @A: 04 23 19 12 | 06
#1192-d169 @A: 05 23 12 22 | 07
#1193-d169 @A: 16 23 05 31 | 11
#1194-d169 @A: 04 06 17 23 | 12
#1195-d169 @A: 08 22 25 26 | 02
#1196-d169 @A: 08 20 26 10 | 03
#1197-d169 @A: 08 26 06 02 | 10
#1198-d169 @A: 33 26 22 12 | 09
#1199-d169 @A: 22 02 17 26 | 05
#1200-d169 @A: 20 17 14 26 | 04
#1201-d169 @A: 26 15 25 05 | 01
#1202-d169 @A: 03 02 35 26 | 08
#1203-d169 @A: 21 17 26 25 | 06
#1204-d169 @A: 34 26 10 17 | 07
#1205-d169 @A: 32 09 01 08 | 11
#1206-d169 @A: 08 04 19 01 | 12
#1207-d169 @A: 06 14 22 08 | 02
#1208-d169 @A: 34 08 33 31 | 03
#1209-d169 @A: 28 08 35 16 | 10
#1210-d169 @A: 22 19 12 09 | 09
#1211-d169 @A: 01 05 19 09 | 05
#1212-d169 @A: 22 01 09 06 | 04
#1213-d169 @A: 12 09 04 14 | 01
#1214-d169 @A: 16 09 14 31 | 08
#1215-d169 @A: 15 13 28 09 | 06
#1216-d169 @A: 09 07 06 33 | 07
#1217-d169 @A: 19 30 35 22 | 11
#1218-d169 @A: 10 07 19 22 | 12
#1219-d169 @A: 19 14 33 02 | 02
#1220-d169 @A: 19 25 12 01 | 03
#1221-d169 @A: 19 01 32 07 | 10
#1222-d169 @A: 19 25 06 07 | 09
#1223-d169 @A: 33 28 25 19 | 05
#1224-d169 @A: 25 19 32 03 | 04
#1225-d169 @A: 14 31 28 22 | 01
#1226-d169 @A: 22 14 21 05 | 08
#1227-d169 @A: 12 31 22 03 | 06
#1228-d169 @A: 22 01 34 31 | 07
#1229-d169 @A: 33 10 35 22 | 11
#1230-d169 @A: 22 28 05 25 | 12
#1231-d169 @A: 22 03 16 04 | 02
#1232-d169 @A: 28 35 22 21 | 03
#1233-d169 @A: 31 13 20 02 | 10
#1234-d169 @A: 04 05 31 20 | 09
#1235-d169 @A: 28 32 13 20 | 05
#1236-d169 @A: 04 33 20 10 | 04
#1237-d169 @A: 20 32 25 05 | 01
#1238-d169 @A: 02 06 20 35 | 08
#1239-d169 @A: 03 28 20 21 | 06
#1240-d169 @A: 20 32 03 06 | 07
#1241-d169 @A: 14 16 35 07 | 11
#1242-d169 @A: 35 10 02 14 | 12
#1243-d169 @A: 03 10 14 32 | 02
#1244-d169 @A: 03 07 12 10 | 03
#1245-d169 @A: 06 33 01 25 | 10
#1246-d169 @A: 02 17 01 34 | 09
#1247-d169 @A: 35 16 10 01 | 05
#1248-d169 @A: 21 10 31 35 | 04
#1249-d169 @A: 30 07 17 25 | 01
#1250-d169 @A: 15 03 30 34 | 08
#1251-d169 @A: 13 07 32 34 | 06
#1252-d169 @A: 13 04 33 21 | 07
#1253-d169 @A: 15 13 33 25 | 11
#1254-d169 @A: 32 33 13 10 | 12
#1255-d169 @A: 25 02 13 32 | 02
#1256-d169 @A: 07 34 25 35 | 03
#1257-d169 @A: 01 18 29 07 | 10
#1258-d169 @A: 31 18 21 29 | 09
#1259-d169 @A: 04 29 18 28 | 05
#1260-d169 @A: 06 18 09 27 | 04
#1261-d169 @A: 18 14 04 23 | 01
#1262-d169 @A: 05 28 18 23 | 08
#1263-d169 @A: 18 06 14 26 | 06
#1264-d169 @A: 12 21 26 18 | 07
#1265-d169 @A: 08 01 10 18 | 11
#1266-d169 @A: 08 32 30 18 | 12
#1267-d169 @A: 14 02 18 31 | 02
#1268-d169 @A: 12 31 18 32 | 03
#1269-d169 @A: 03 35 31 18 | 10
#1270-d169 @A: 04 18 25 07 | 09
#1271-d169 @A: 18 28 15 21 | 05
#1272-d169 @A: 18 06 03 25 | 04
#1273-d169 @A: 25 18 17 32 | 01
#1274-d169 @A: 11 30 29 32 | 08
#1275-d169 @A: 27 19 03 11 | 06
#1276-d169 @A: 34 06 11 27 | 07
#1277-d169 @A: 06 23 08 11 | 11
#1278-d169 @A: 11 21 20 23 | 12
#1279-d169 @A: 23 13 05 11 | 02
#1280-d169 @A: 23 25 11 35 | 03
#1281-d169 @A: 01 26 11 35 | 10
#1282-d169 @A: 08 16 11 32 | 09
#1283-d169 @A: 01 09 04 11 | 05
#1284-d169 @A: 15 09 31 11 | 04
#1285-d169 @A: 13 22 11 28 | 01
#1286-d169 @A: 11 30 25 14 | 08
#1287-d169 @A: 06 15 11 07 | 06
#1288-d169 @A: 25 11 16 33 | 07
#1289-d169 @A: 04 25 03 11 | 11
#1290-d169 @A: 15 10 11 25 | 12
#1291-d169 @A: 28 29 24 09 | 02
#1292-d169 @A: 24 01 19 29 | 03
#1293-d169 @A: 24 29 19 34 | 10
#1294-d169 @A: 27 16 29 08 | 09
#1295-d169 @A: 27 29 05 01 | 05
#1296-d169 @A: 27 05 34 29 | 04
#1297-d169 @A: 08 29 10 22 | 01
#1298-d169 @A: 15 08 29 13 | 08
#1299-d169 @A: 20 09 32 29 | 06
#1300-d169 @A: 12 17 14 29 | 07
#1301-d169 @A: 35 29 14 01 | 11
#1302-d169 @A: 29 12 13 28 | 12
#1303-d169 @A: 05 29 17 30 | 02
#1304-d169 @A: 33 25 29 07 | 03
#1305-d169 @A: 07 02 29 28 | 10
#1306-d169 @A: 28 25 29 32 | 09
#1307-d169 @A: 10 23 08 24 | 05
#1308-d169 @A: 34 24 23 16 | 04
#1309-d169 @A: 09 03 17 24 | 01
#1310-d169 @A: 31 24 02 22 | 08
#1311-d169 @A: 24 01 12 14 | 06
#1312-d169 @A: 14 32 24 15 | 07
#1313-d169 @A: 03 21 24 02 | 11
#1314-d169 @A: 10 35 03 24 | 12
#1315-d169 @A: 27 02 23 22 | 02
#1316-d169 @A: 30 23 27 33 | 03
#1317-d169 @A: 20 27 26 16 | 10
#1318-d169 @A: 22 27 19 28 | 09
#1319-d169 @A: 27 19 32 20 | 05
#1320-d169 @A: 35 31 27 22 | 04
#1321-d169 @A: 13 27 22 05 | 01
#1322-d169 @A: 27 10 14 12 | 08
#1323-d169 @A: 13 27 01 06 | 06
#1324-d169 @A: 01 07 03 27 | 07
#1325-d169 @A: 07 27 25 15 | 11
#1326-d169 @A: 17 02 21 27 | 12
#1327-d169 @A: 35 27 04 16 | 02
#1328-d169 @A: 23 01 02 08 | 03
#1329-d169 @A: 34 23 19 33 | 10
#1330-d169 @A: 22 10 14 23 | 09
#1331-d169 @A: 23 17 22 01 | 05
#1332-d169 @A: 13 22 23 03 | 04
#1333-d169 @A: 35 22 23 07 | 01
#1334-d169 @A: 20 23 13 04 | 08
#1335-d169 @A: 02 23 12 30 | 06
#1336-d169 @A: 33 01 23 10 | 07
#1337-d169 @A: 23 04 34 01 | 11
#1338-d169 @A: 26 14 08 21 | 12
#1339-d169 @A: 12 26 08 32 | 02
#1340-d169 @A: 35 10 26 09 | 03
#1341-d169 @A: 19 14 26 34 | 10
#1342-d169 @A: 32 26 22 03 | 09
#1343-d169 @A: 26 05 01 12 | 05
#1344-d169 @A: 26 15 01 13 | 04
#1345-d169 @A: 30 21 31 26 | 01
#1346-d169 @A: 26 07 21 02 | 08
#1347-d169 @A: 26 32 07 15 | 06
#1348-d169 @A: 16 33 26 02 | 07
#1349-d169 @A: 21 26 28 05 | 11
#1350-d169 @A: 03 26 25 16 | 12
#1351-d169 @A: 33 08 19 30 | 02
#1352-d169 @A: 06 13 08 19 | 03
#1353-d169 @A: 14 08 07 28 | 10
#1354-d169 @A: 08 32 07 05 | 09
#1355-d169 @A: 08 21 06 04 | 05
#1356-d169 @A: 31 34 20 09 | 04
#1357-d169 @A: 02 20 03 09 | 01
#1358-d169 @A: 12 06 16 09 | 08
#1359-d169 @A: 01 33 30 09 | 06
#1360-d169 @A: 09 21 07 28 | 07
#1361-d169 @A: 16 32 21 09 | 11
#1362-d169 @A: 22 13 15 19 | 12
#1363-d169 @A: 19 32 33 16 | 02
#1364-d169 @A: 06 19 05 35 | 03
#1365-d169 @A: 02 19 15 04 | 10
#1366-d169 @A: 34 16 19 15 | 09
#1367-d169 @A: 19 03 17 21 | 05
#1368-d169 @A: 20 30 22 05 | 04
#1369-d169 @A: 12 30 16 22 | 01
#1370-d169 @A: 16 31 22 01 | 08
#1371-d169 @A: 22 21 03 33 | 06
#1372-d169 @A: 20 01 15 31 | 07
#1373-d169 @A: 30 01 20 07 | 11
#1374-d169 @A: 20 30 31 35 | 12
#1375-d169 @A: 31 17 20 16 | 02
#1376-d169 @A: 16 05 33 20 | 03
#1377-d169 @A: 20 16 15 02 | 10
#1378-d169 @A: 04 15 20 03 | 09
#1379-d169 @A: 25 14 17 33 | 05
#1380-d169 @A: 14 25 16 02 | 04
#1381-d169 @A: 12 25 31 15 | 01
#1382-d169 @A: 33 12 21 34 | 08
#1383-d169 @A: 25 12 05 02 | 06
#1384-d169 @A: 17 12 02 16 | 07
#1385-d169 @A: 12 35 32 03 | 11
#1386-d169 @A: 17 12 25 04 | 12
#1387-d169 @A: 17 31 05 07 | 02
#1388-d169 @A: 05 34 31 03 | 03
#1389-d169 @A: 06 16 34 31 | 10
#1390-d169 @A: 03 31 32 28 | 09
#1391-d169 @A: 31 25 04 32 | 05
#1392-d169 @A: 31 32 17 10 | 04
#1393-d169 @A: 30 33 17 15 | 01
#1394-d169 @A: 06 30 35 33 | 08
#1395-d169 @A: 21 05 35 30 | 06
#1396-d169 @A: 34 16 30 17 | 07
#1397-d169 @A: 21 25 30 32 | 11
#1398-d169 @A: 35 13 32 21 | 12
#1399-d169 @A: 28 13 25 17 | 02
#1400-d169 @A: 06 10 28 13 | 03
#1401-d169 @A: 22 18 20 11 | 10
#1402-d169 @A: 29 25 12 18 | 09
#1403-d169 @A: 03 29 30 18 | 05
#1404-d169 @A: 27 18 07 14 | 04
#1405-d169 @A: 19 33 18 23 | 01
#1406-d169 @A: 18 26 09 03 | 08
#1407-d169 @A: 19 18 26 32 | 06
#1408-d169 @A: 18 26 25 02 | 07
#1409-d169 @A: 18 19 17 30 | 11
#1410-d169 @A: 31 06 18 22 | 12
#1411-d169 @A: 12 18 03 14 | 02
#1412-d169 @A: 13 35 14 18 | 03
#1413-d169 @A: 18 01 34 30 | 10
#1414-d169 @A: 05 03 18 01 | 09
#1415-d169 @A: 17 18 16 33 | 05
#1416-d169 @A: 15 35 05 18 | 04
#1417-d169 @A: 18 34 05 10 | 01
#1418-d169 @A: 17 06 05 18 | 08
#1419-d169 @A: 15 18 16 25 | 06
#1420-d169 @A: 10 18 15 04 | 07
#1421-d169 @A: 27 11 33 29 | 11
#1422-d169 @A: 09 29 05 11 | 12
#1423-d169 @A: 11 29 17 22 | 02
#1424-d169 @A: 24 31 08 11 | 03
#1425-d169 @A: 24 02 09 11 | 10
#1426-d169 @A: 30 10 11 24 | 09
#1427-d169 @A: 24 11 34 21 | 05
#1428-d169 @A: 16 11 23 04 | 04
#1429-d169 @A: 11 20 08 34 | 01
#1430-d169 @A: 35 12 09 11 | 08
#1431-d169 @A: 13 11 07 09 | 06
#1432-d169 @A: 09 17 11 06 | 07
#1433-d169 @A: 20 19 11 05 | 11
#1434-d169 @A: 11 22 12 06 | 12
#1435-d169 @A: 20 13 30 11 | 02
#1436-d169 @A: 04 11 17 20 | 03
#1437-d169 @A: 33 30 07 11 | 10
#1438-d169 @A: 33 21 15 11 | 09
#1439-d169 @A: 32 21 11 03 | 05
#1440-d169 @A: 27 29 19 14 | 04
#1441-d169 @A: 35 27 29 07 | 01
#1442-d169 @A: 05 29 26 23 | 08
#1443-d169 @A: 26 30 29 28 | 06
#1444-d169 @A: 07 03 29 08 | 07
#1445-d169 @A: 05 12 19 29 | 11
#1446-d169 @A: 03 29 14 13 | 12
#1447-d169 @A: 21 14 29 28 | 02
#1448-d169 @A: 12 04 07 29 | 03
#1449-d169 @A: 29 31 01 32 | 10
#1450-d169 @A: 25 29 03 15 | 09
#1451-d169 @A: 01 23 24 05 | 05
#1452-d169 @A: 14 24 02 08 | 04
#1453-d169 @A: 24 34 09 10 | 01
#1454-d169 @A: 13 05 19 24 | 08
#1455-d169 @A: 24 22 25 13 | 06
#1456-d169 @A: 24 16 32 07 | 07
#1457-d169 @A: 24 03 32 05 | 11
#1458-d169 @A: 25 02 04 24 | 12
#1459-d169 @A: 25 15 06 24 | 02
#1460-d169 @A: 27 08 31 21 | 03
#1461-d169 @A: 05 28 27 08 | 10
#1462-d169 @A: 09 19 04 27 | 09
#1463-d169 @A: 17 12 19 27 | 05
#1464-d169 @A: 13 33 27 12 | 04
#1465-d169 @A: 27 01 33 15 | 01
#1466-d169 @A: 27 07 10 05 | 08
#1467-d169 @A: 05 02 35 27 | 06
#1468-d169 @A: 27 15 34 28 | 07
#1469-d169 @A: 10 27 25 34 | 11
#1470-d169 @A: 08 33 26 23 | 12
#1471-d169 @A: 23 16 26 30 | 02
#1472-d169 @A: 08 23 04 22 | 03
#1473-d169 @A: 19 14 23 06 | 10
#1474-d169 @A: 32 14 02 23 | 09
#1475-d169 @A: 34 31 12 23 | 05
#1476-d169 @A: 23 07 15 28 | 04
#1477-d169 @A: 03 16 23 10 | 01
#1478-d169 @A: 07 16 26 08 | 08
#1479-d169 @A: 26 32 08 34 | 06
#1480-d169 @A: 26 09 07 01 | 07
#1481-d169 @A: 30 05 26 09 | 11
#1482-d169 @A: 19 02 26 13 | 12
#1483-d169 @A: 26 34 12 06 | 02
#1484-d169 @A: 01 25 30 26 | 03
#1485-d169 @A: 26 03 07 06 | 10
#1486-d169 @A: 04 33 25 26 | 09
#1487-d169 @A: 32 02 05 26 | 05
#1488-d169 @A: 21 35 04 26 | 04
#1489-d169 @A: 28 26 17 04 | 01
#1490-d169 @A: 15 09 19 08 | 08
#1491-d169 @A: 08 14 19 12 | 06
#1492-d169 @A: 22 15 01 08 | 07
#1493-d169 @A: 16 08 30 20 | 11
#1494-d169 @A: 14 08 32 31 | 12
#1495-d169 @A: 30 14 13 08 | 02
#1496-d169 @A: 06 08 31 12 | 03
#1497-d169 @A: 08 03 16 12 | 10
#1498-d169 @A: 30 08 03 01 | 09
#1499-d169 @A: 25 30 08 04 | 05
#1500-d169 @A: 08 10 35 25 | 04
#1501-d169 @A: 22 09 34 28 | 01
#1502-d169 @A: 20 33 12 09 | 08
#1503-d169 @A: 25 01 20 09 | 06
#1504-d169 @A: 14 03 30 09 | 07
#1505-d169 @A: 09 21 30 15 | 11
#1506-d169 @A: 34 25 13 09 | 12
#1507-d169 @A: 25 07 16 09 | 02
#1508-d169 @A: 21 09 03 06 | 03
#1509-d169 @A: 09 34 15 06 | 10
#1510-d169 @A: 07 20 19 13 | 09
#1511-d169 @A: 30 19 31 28 | 05
#1512-d169 @A: 20 07 25 22 | 04
#1513-d169 @A: 14 22 03 34 | 01
#1514-d169 @A: 13 01 22 21 | 08
#1515-d169 @A: 13 17 31 22 | 06
#1516-d169 @A: 34 17 22 06 | 07
#1517-d169 @A: 21 31 14 20 | 11
#1518-d169 @A: 06 20 07 34 | 12
#1519-d169 @A: 20 16 25 28 | 02
#1520-d169 @A: 32 12 34 14 | 03
#1521-d169 @A: 10 30 14 16 | 10
#1522-d169 @A: 03 07 17 14 | 09
#1523-d169 @A: 10 14 21 06 | 05
#1524-d169 @A: 03 04 12 05 | 04
#1525-d169 @A: 07 21 17 01 | 01
#1526-d169 @A: 04 16 33 01 | 08
#1527-d169 @A: 03 01 02 25 | 06
#1528-d169 @A: 16 01 06 32 | 07
#1529-d169 @A: 07 13 31 06 | 11
#1530-d169 @A: 31 21 33 28 | 12
#1531-d169 @A: 13 30 07 15 | 02
#1532-d169 @A: 28 30 13 33 | 03
#1533-d169 @A: 03 07 02 30 | 10
#1534-d169 @A: 33 30 10 25 | 09
#1535-d169 @A: 16 32 17 30 | 05
#1536-d169 @A: 07 10 35 13 | 04
#1537-d169 @A: 05 13 06 33 | 01
#1538-d169 @A: 35 16 33 13 | 08
#1539-d169 @A: 33 34 13 15 | 06
#1540-d169 @A: 02 06 15 13 | 07
#1541-d169 @A: 13 28 03 04 | 11
#1542-d169 @A: 07 28 02 34 | 12
#1543-d169 @A: 34 07 17 21 | 02
#1544-d169 @A: 04 02 34 15 | 03
#1545-d169 @A: 17 34 15 25 | 10
#1546-d169 @A: 11 18 29 06 | 09
#1547-d169 @A: 34 33 11 18 | 05
#1548-d169 @A: 11 32 18 05 | 04
#1549-d169 @A: 29 18 26 08 | 01
#1550-d169 @A: 32 35 18 29 | 08
#1551-d169 @A: 18 35 09 24 | 06
#1552-d169 @A: 20 18 09 31 | 07
#1553-d169 @A: 35 19 12 18 | 11
#1554-d169 @A: 19 28 02 18 | 12
#1555-d169 @A: 32 20 18 14 | 02
#1556-d169 @A: 21 01 18 25 | 03
#1557-d169 @A: 05 18 13 31 | 10
#1558-d169 @A: 28 31 18 34 | 09
#1559-d169 @A: 17 18 15 02 | 05
#1560-d169 @A: 01 11 03 29 | 04
#1561-d169 @A: 11 32 24 26 | 01
#1562-d169 @A: 28 23 27 11 | 08
#1563-d169 @A: 27 15 13 11 | 06
#1564-d169 @A: 12 23 07 11 | 07
#1565-d169 @A: 11 14 09 21 | 11
#1566-d169 @A: 19 13 17 11 | 12
#1567-d169 @A: 01 22 11 07 | 02
#1568-d169 @A: 20 11 28 33 | 03
#1569-d169 @A: 03 11 31 14 | 10
#1570-d169 @A: 04 11 32 12 | 09
#1571-d169 @A: 34 01 35 11 | 05
#1572-d169 @A: 11 10 31 13 | 04
#1573-d169 @A: 35 11 02 07 | 01
#1574-d169 @A: 03 07 28 11 | 08
#1575-d169 @A: 17 11 03 15 | 06
#1576-d169 @A: 24 16 29 31 | 07
#1577-d169 @A: 30 29 24 13 | 11
#1578-d169 @A: 29 27 31 17 | 12
#1579-d169 @A: 23 29 34 08 | 02
#1580-d169 @A: 19 29 23 21 | 03
#1581-d169 @A: 01 23 06 29 | 10
#1582-d169 @A: 29 08 31 20 | 09
#1583-d169 @A: 29 34 01 09 | 05
#1584-d169 @A: 09 30 16 29 | 04
#1585-d169 @A: 22 30 15 29 | 01
#1586-d169 @A: 05 29 07 15 | 08
#1587-d169 @A: 29 05 21 03 | 06
#1588-d169 @A: 05 04 29 35 | 07
#1589-d169 @A: 34 29 03 02 | 11
#1590-d169 @A: 29 32 15 10 | 12
#1591-d169 @A: 29 15 28 17 | 02
#1592-d169 @A: 08 19 24 27 | 03
#1593-d169 @A: 24 35 23 19 | 10
#1594-d169 @A: 23 22 24 15 | 09
#1595-d169 @A: 24 20 33 23 | 05
#1596-d169 @A: 25 28 24 26 | 04
#1597-d169 @A: 05 14 20 24 | 01
#1598-d169 @A: 14 34 24 07 | 08
#1599-d169 @A: 01 10 24 15 | 06
#1600-d169 @A: 03 33 16 24 | 07
#1601-d169 @A: 16 17 06 24 | 11
#1602-d169 @A: 08 15 27 23 | 12
#1603-d169 @A: 22 10 26 27 | 02
#1604-d169 @A: 08 13 27 25 | 03
#1605-d169 @A: 15 22 20 27 | 10
#1606-d169 @A: 14 22 17 27 | 09
#1607-d169 @A: 33 31 27 14 | 05
#1608-d169 @A: 28 14 27 30 | 04
#1609-d169 @A: 31 27 07 34 | 01
#1610-d169 @A: 27 13 16 10 | 08
#1611-d169 @A: 25 27 33 32 | 06
#1612-d169 @A: 27 34 35 21 | 07
#1613-d169 @A: 28 23 08 19 | 11
#1614-d169 @A: 23 12 28 09 | 12
#1615-d169 @A: 23 09 34 35 | 02
#1616-d169 @A: 22 16 19 23 | 03
#1617-d169 @A: 22 25 23 33 | 10
#1618-d169 @A: 02 20 17 23 | 09
#1619-d169 @A: 17 23 33 05 | 05
#1620-d169 @A: 23 06 28 33 | 04
#1621-d169 @A: 05 23 35 32 | 01
#1622-d169 @A: 25 20 26 19 | 08
#1623-d169 @A: 01 16 19 26 | 06
#1624-d169 @A: 20 21 01 26 | 07
#1625-d169 @A: 26 31 01 02 | 11
#1626-d169 @A: 01 26 13 34 | 12
#1627-d169 @A: 06 26 16 05 | 02
#1628-d169 @A: 26 02 15 10 | 03
#1629-d169 @A: 04 34 26 35 | 10
#1630-d169 @A: 10 32 25 26 | 09
#1631-d169 @A: 13 33 08 22 | 05
#1632-d169 @A: 35 08 04 13 | 04
#1633-d169 @A: 08 35 05 33 | 01
#1634-d169 @A: 33 03 08 25 | 08
#1635-d169 @A: 10 28 33 08 | 06
#1636-d169 @A: 02 08 35 17 | 07
#1637-d169 @A: 06 08 34 21 | 11
#1638-d169 @A: 10 20 14 09 | 12
#1639-d169 @A: 31 09 07 30 | 02
#1640-d169 @A: 28 09 33 32 | 03
#1641-d169 @A: 35 02 09 21 | 10
#1642-d169 @A: 09 16 35 03 | 09
#1643-d169 @A: 28 25 09 35 | 05
#1644-d169 @A: 01 34 20 19 | 04
#1645-d169 @A: 33 31 19 20 | 01
#1646-d169 @A: 14 19 07 31 | 08
#1647-d169 @A: 28 12 07 19 | 06
#1648-d169 @A: 06 12 33 19 | 07
#1649-d169 @A: 34 07 19 03 | 11
#1650-d169 @A: 03 33 04 19 | 12
#1651-d169 @A: 19 02 17 05 | 02
#1652-d169 @A: 35 25 02 19 | 03
#1653-d169 @A: 06 19 32 04 | 10
#1654-d169 @A: 28 17 19 06 | 09
#1655-d169 @A: 19 34 28 06 | 05
#1656-d169 @A: 33 14 20 22 | 04
#1657-d169 @A: 22 31 20 32 | 01
#1658-d169 @A: 22 16 20 21 | 08
#1659-d169 @A: 32 22 07 33 | 06
#1660-d169 @A: 02 22 06 33 | 07
#1661-d169 @A: 25 22 16 32 | 11
#1662-d169 @A: 22 03 17 35 | 12
#1663-d169 @A: 32 04 22 10 | 02
#1664-d169 @A: 21 20 30 12 | 03
#1665-d169 @A: 05 20 30 34 | 10
#1666-d169 @A: 20 04 16 07 | 09
#1667-d169 @A: 31 12 05 14 | 05
#1668-d169 @A: 21 12 14 02 | 04
#1669-d169 @A: 12 03 17 33 | 01
#1670-d169 @A: 12 05 10 35 | 08
#1671-d169 @A: 16 25 12 35 | 06
#1672-d169 @A: 04 35 01 30 | 07
#1673-d169 @A: 07 02 01 33 | 11
#1674-d169 @A: 34 01 28 05 | 12
#1675-d169 @A: 04 32 15 01 | 02
#1676-d169 @A: 28 25 01 15 | 03
#1677-d169 @A: 06 03 31 33 | 10
#1678-d169 @A: 33 31 25 35 | 09
#1679-d169 @A: 02 35 31 34 | 05
#1680-d169 @A: 03 21 31 15 | 04
#1681-d169 @A: 04 21 17 31 | 01
#1682-d169 @A: 15 06 31 28 | 08
#1683-d169 @A: 30 25 16 13 | 06
#1684-d169 @A: 10 04 30 13 | 07
#1685-d169 @A: 04 28 30 16 | 11
#1686-d169 @A: 10 30 15 03 | 12
#1687-d169 @A: 16 13 07 28 | 02
#1688-d169 @A: 32 16 15 13 | 03
#1689-d169 @A: 33 17 34 32 | 10
