#0001-d236 @A: 24 23 27 09 | 01
#0002-d236 @A: 27 33 24 08 | 07
#0003-d236 @A: 27 03 28 32 | 03
#0004-d236 @A: 15 34 27 29 | 10
#0005-d236 @A: 27 29 20 19 | 09
#0006-d236 @A: 27 11 04 22 | 04
#0007-d236 @A: 27 15 11 26 | 02
#0008-d236 @A: 27 22 17 16 | 12
#0009-d236 @A: 04 17 12 27 | 08
#0010-d236 @A: 34 22 31 27 | 06
#0011-d236 @A: 30 27 24 28 | 11
#0012-d236 @A: 04 27 28 14 | 05
#0013-d236 @A: 12 24 27 16 | 01
#0014-d236 @A: 15 21 27 10 | 07
#0015-d236 @A: 27 25 05 04 | 03
#0016-d236 @A: 20 27 04 01 | 10
#0017-d236 @A: 35 34 07 13 | 09
#0018-d236 @A: 24 35 08 10 | 04
#0019-d236 @A: 35 03 25 26 | 02
#0020-d236 @A: 29 34 28 35 | 12
#0021-d236 @A: 35 17 05 11 | 08
#0022-d236 @A: 11 33 25 35 | 06
#0023-d236 @A: 17 15 12 35 | 11
#0024-d236 @A: 04 31 21 35 | 05
#0025-d236 @A: 35 33 32 28 | 01
#0026-d236 @A: 30 20 35 15 | 07
#0027-d236 @A: 22 10 26 35 | 03
#0028-d236 @A: 22 24 35 09 | 10
#0029-d236 @A: 35 19 14 06 | 09
#0030-d236 @A: 09 06 35 25 | 04
#0031-d236 @A: 18 25 23 08 | 02
#0032-d236 @A: 26 09 03 23 | 12
#0033-d236 @A: 28 31 23 17 | 08
#0034-d236 @A: 23 24 28 31 | 06
#0035-d236 @A: 13 31 14 23 | 11
#0036-d236 @A: 33 14 23 24 | 05
#0037-d236 @A: 24 30 02 23 | 01
#0038-d236 @A: 06 23 28 16 | 07
#0039-d236 @A: 14 28 21 23 | 03
#0040-d236 @A: 01 15 04 23 | 10
#0041-d236 @A: 07 28 31 08 | 09
#0042-d236 @A: 19 03 07 22 | 04
#0043-d236 @A: 34 21 07 29 | 02
#0044-d236 @A: 29 05 22 07 | 12
#0045-d236 @A: 11 05 07 01 | 08
#0046-d236 @A: 17 04 13 07 | 06
#0047-d236 @A: 30 15 07 32 | 11
#0048-d236 @A: 32 07 25 02 | 05
#0049-d236 @A: 33 05 07 06 | 01
#0050-d236 @A: 07 16 14 02 | 07
#0051-d236 @A: 01 07 16 28 | 03
#0052-d236 @A: 07 10 15 16 | 10
#0053-d236 @A: 14 25 07 10 | 09
#0054-d236 @A: 07 05 24 06 | 04
#0055-d236 @A: 06 20 07 15 | 02
#0056-d236 @A: 06 11 19 08 | 12
#0057-d236 @A: 13 08 19 17 | 08
#0058-d236 @A: 09 02 08 32 | 06
#0059-d236 @A: 05 25 32 08 | 11
#0060-d236 @A: 08 33 18 13 | 05
#0061-d236 @A: 08 24 21 09 | 01
#0062-d236 @A: 08 04 20 25 | 07
#0063-d236 @A: 03 09 29 02 | 03
#0064-d236 @A: 11 03 31 20 | 10
#0065-d236 @A: 11 09 03 18 | 09
#0066-d236 @A: 03 34 17 12 | 04
#0067-d236 @A: 26 03 17 04 | 02
#0068-d236 @A: 34 10 03 33 | 12
#0069-d236 @A: 16 03 28 34 | 08
#0070-d236 @A: 03 30 31 19 | 06
#0071-d236 @A: 03 18 25 33 | 11
#0072-d236 @A: 30 03 15 02 | 05
#0073-d236 @A: 21 01 03 02 | 01
#0074-d236 @A: 04 28 03 12 | 07
#0075-d236 @A: 13 20 03 16 | 03
#0076-d236 @A: 20 09 03 05 | 10
#0077-d236 @A: 04 01 25 03 | 09
#0078-d236 @A: 24 06 03 12 | 04
#0079-d236 @A: 29 31 14 24 | 02
#0080-d236 @A: 26 24 29 12 | 12
#0081-d236 @A: 16 29 28 21 | 08
#0082-d236 @A: 20 29 15 14 | 06
#0083-d236 @A: 20 06 29 25 | 11
#0084-d236 @A: 25 29 04 24 | 05
#0085-d236 @A: 33 11 31 10 | 01
#0086-d236 @A: 11 31 13 02 | 07
#0087-d236 @A: 11 30 32 19 | 03
#0088-d236 @A: 22 14 11 21 | 10
#0089-d236 @A: 11 19 15 28 | 09
#0090-d236 @A: 19 11 12 14 | 04
#0091-d236 @A: 15 11 06 16 | 02
#0092-d236 @A: 01 11 06 20 | 12
#0093-d236 @A: 17 13 30 32 | 08
#0094-d236 @A: 17 20 33 30 | 06
#0095-d236 @A: 17 06 22 33 | 11
#0096-d236 @A: 26 17 33 05 | 05
#0097-d236 @A: 05 17 21 10 | 01
#0098-d236 @A: 24 10 17 01 | 07
#0099-d236 @A: 30 21 34 02 | 03
#0100-d236 @A: 34 06 22 02 | 10
#0101-d236 @A: 20 12 02 34 | 09
#0102-d236 @A: 34 28 10 12 | 04
#0103-d236 @A: 25 19 16 34 | 02
#0104-d236 @A: 12 04 25 34 | 12
#0105-d236 @A: 31 32 12 28 | 08
#0106-d236 @A: 10 16 31 13 | 06
#0107-d236 @A: 13 12 24 31 | 11
#0108-d236 @A: 16 15 31 09 | 05
#0109-d236 @A: 32 02 16 18 | 01
#0110-d236 @A: 05 02 24 32 | 07
#0111-d236 @A: 09 05 19 32 | 03
#0112-d236 @A: 19 30 18 33 | 10
#0113-d236 @A: 02 22 33 20 | 09
#0114-d236 @A: 01 19 33 24 | 04
#0115-d236 @A: 25 09 19 33 | 02
#0116-d236 @A: 24 25 06 33 | 12
#0117-d236 @A: 30 26 13 18 | 08
#0118-d236 @A: 25 21 10 30 | 06
#0119-d236 @A: 30 06 12 04 | 11
#0120-d236 @A: 22 02 18 05 | 05
#0121-d236 @A: 10 22 16 06 | 01
#0122-d236 @A: 15 05 22 25 | 07
#0123-d236 @A: 22 09 15 06 | 03
#0124-d236 @A: 18 10 20 04 | 10
#0125-d236 @A: 04 25 18 15 | 09
#0126-d236 @A: 21 26 02 10 | 04
#0127-d236 @A: 15 04 13 02 | 02
#0128-d236 @A: 12 02 16 15 | 12
#0129-d236 @A: 02 06 25 12 | 08
#0130-d236 @A: 10 02 09 12 | 06
#0131-d236 @A: 07 35 05 27 | 11
#0132-d236 @A: 01 35 27 34 | 05
#0133-d236 @A: 27 35 19 15 | 01
#0134-d236 @A: 10 27 07 34 | 07
#0135-d236 @A: 16 27 32 07 | 03
#0136-d236 @A: 07 26 27 12 | 10
#0137-d236 @A: 29 22 27 08 | 09
#0138-d236 @A: 27 08 02 06 | 04
#0139-d236 @A: 27 21 08 20 | 02
#0140-d236 @A: 10 03 27 02 | 12
#0141-d236 @A: 25 03 24 27 | 08
#0142-d236 @A: 14 27 32 05 | 06
#0143-d236 @A: 22 30 10 27 | 11
#0144-d236 @A: 10 20 27 09 | 05
#0145-d236 @A: 05 22 35 23 | 01
#0146-d236 @A: 35 03 21 32 | 07
#0147-d236 @A: 29 02 35 20 | 03
#0148-d236 @A: 09 11 31 35 | 10
#0149-d236 @A: 31 17 35 13 | 09
#0150-d236 @A: 01 18 35 17 | 04
#0151-d236 @A: 35 02 17 28 | 02
#0152-d236 @A: 34 32 19 35 | 12
#0153-d236 @A: 30 35 31 10 | 08
#0154-d236 @A: 26 33 12 35 | 06
#0155-d236 @A: 30 24 35 16 | 11
#0156-d236 @A: 21 22 35 18 | 05
#0157-d236 @A: 35 04 18 02 | 01
#0158-d236 @A: 12 18 35 25 | 07
#0159-d236 @A: 12 16 35 06 | 03
#0160-d236 @A: 35 05 25 01 | 10
#0161-d236 @A: 07 08 23 30 | 09
#0162-d236 @A: 25 23 29 07 | 04
#0163-d236 @A: 23 24 07 34 | 02
#0164-d236 @A: 18 07 14 23 | 12
#0165-d236 @A: 08 04 23 03 | 08
#0166-d236 @A: 23 08 21 17 | 06
#0167-d236 @A: 09 08 28 23 | 11
#0168-d236 @A: 23 19 24 08 | 05
#0169-d236 @A: 23 19 03 29 | 01
#0170-d236 @A: 05 03 23 18 | 07
#0171-d236 @A: 23 16 29 32 | 03
#0172-d236 @A: 31 05 32 23 | 10
#0173-d236 @A: 01 31 23 26 | 09
#0174-d236 @A: 32 23 30 09 | 04
#0175-d236 @A: 32 13 23 22 | 02
#0176-d236 @A: 18 23 15 22 | 12
#0177-d236 @A: 13 23 02 18 | 08
#0178-d236 @A: 19 09 23 20 | 06
#0179-d236 @A: 23 05 09 06 | 11
#0180-d236 @A: 23 15 25 20 | 05
#0181-d236 @A: 23 20 24 10 | 01
#0182-d236 @A: 03 21 07 08 | 07
#0183-d236 @A: 22 08 24 07 | 03
#0184-d236 @A: 08 07 02 05 | 10
#0185-d236 @A: 04 07 03 11 | 09
#0186-d236 @A: 03 07 15 18 | 04
#0187-d236 @A: 29 07 24 18 | 02
#0188-d236 @A: 14 31 07 11 | 12
#0189-d236 @A: 25 07 30 11 | 08
#0190-d236 @A: 19 07 34 02 | 06
#0191-d236 @A: 22 33 07 30 | 11
#0192-d236 @A: 26 07 25 18 | 05
#0193-d236 @A: 18 01 02 07 | 01
#0194-d236 @A: 09 07 28 13 | 07
#0195-d236 @A: 01 14 06 07 | 03
#0196-d236 @A: 07 09 01 21 | 10
#0197-d236 @A: 21 06 04 07 | 09
#0198-d236 @A: 08 16 31 03 | 04
#0199-d236 @A: 18 12 29 08 | 02
#0200-d236 @A: 16 24 11 08 | 12
#0201-d236 @A: 22 08 02 10 | 08
#0202-d236 @A: 28 05 08 22 | 06
#0203-d236 @A: 06 21 08 22 | 11
#0204-d236 @A: 04 10 13 08 | 05
#0205-d236 @A: 21 10 12 08 | 01
#0206-d236 @A: 08 01 04 09 | 07
#0207-d236 @A: 03 17 24 29 | 03
#0208-d236 @A: 03 29 32 31 | 10
#0209-d236 @A: 17 01 03 32 | 09
#0210-d236 @A: 03 06 22 26 | 04
#0211-d236 @A: 10 03 05 01 | 02
#0212-d236 @A: 31 20 29 34 | 12
#0213-d236 @A: 12 29 34 32 | 08
#0214-d236 @A: 29 31 26 02 | 06
#0215-d236 @A: 05 29 15 31 | 11
#0216-d236 @A: 33 25 29 32 | 05
#0217-d236 @A: 14 12 29 05 | 01
#0218-d236 @A: 11 25 17 02 | 07
#0219-d236 @A: 22 34 11 20 | 03
#0220-d236 @A: 11 30 06 31 | 10
#0221-d236 @A: 11 18 31 28 | 09
#0222-d236 @A: 10 19 11 22 | 04
#0223-d236 @A: 12 11 28 16 | 02
#0224-d236 @A: 01 12 11 25 | 12
#0225-d236 @A: 21 30 22 17 | 08
#0226-d236 @A: 25 30 17 18 | 06
#0227-d236 @A: 18 16 13 17 | 11
#0228-d236 @A: 14 17 28 12 | 05
#0229-d236 @A: 19 13 24 17 | 01
#0230-d236 @A: 06 13 15 17 | 07
#0231-d236 @A: 17 09 16 21 | 03
#0232-d236 @A: 20 09 17 15 | 10
#0233-d236 @A: 04 18 34 05 | 09
#0234-d236 @A: 34 19 26 12 | 04
#0235-d236 @A: 06 34 05 14 | 02
#0236-d236 @A: 20 21 34 06 | 12
#0237-d236 @A: 10 34 15 20 | 08
#0238-d236 @A: 20 04 09 34 | 06
#0239-d236 @A: 32 09 22 31 | 11
#0240-d236 @A: 32 31 26 19 | 05
#0241-d236 @A: 32 24 31 09 | 01
#0242-d236 @A: 31 28 33 26 | 07
#0243-d236 @A: 31 30 26 14 | 03
#0244-d236 @A: 01 31 04 18 | 10
#0245-d236 @A: 28 05 01 31 | 09
#0246-d236 @A: 31 21 13 05 | 04
#0247-d236 @A: 01 31 09 20 | 02
#0248-d236 @A: 24 06 32 30 | 12
#0249-d236 @A: 32 19 24 26 | 08
#0250-d236 @A: 15 09 28 32 | 06
#0251-d236 @A: 28 06 32 10 | 11
#0252-d236 @A: 20 06 09 32 | 05
#0253-d236 @A: 30 33 16 21 | 01
#0254-d236 @A: 02 18 33 24 | 07
#0255-d236 @A: 33 19 14 01 | 03
#0256-d236 @A: 12 14 33 16 | 10
#0257-d236 @A: 33 04 15 05 | 09
#0258-d236 @A: 25 04 30 26 | 04
#0259-d236 @A: 30 13 21 24 | 02
#0260-d236 @A: 06 14 21 30 | 12
#0261-d236 @A: 15 05 09 30 | 08
#0262-d236 @A: 13 22 24 10 | 06
#0263-d236 @A: 22 25 04 19 | 11
#0264-d236 @A: 05 25 24 18 | 05
#0265-d236 @A: 06 01 10 18 | 01
#0266-d236 @A: 06 09 28 26 | 07
#0267-d236 @A: 13 26 09 10 | 03
#0268-d236 @A: 19 26 15 01 | 10
#0269-d236 @A: 25 15 26 14 | 09
#0270-d236 @A: 28 02 16 20 | 04
#0271-d236 @A: 02 28 24 15 | 02
#0272-d236 @A: 02 16 05 04 | 12
#0273-d236 @A: 12 05 24 10 | 08
#0274-d236 @A: 06 22 27 35 | 06
#0275-d236 @A: 27 26 35 09 | 11
#0276-d236 @A: 25 23 17 27 | 05
#0277-d236 @A: 29 27 07 01 | 01
#0278-d236 @A: 27 29 03 18 | 07
#0279-d236 @A: 11 01 18 27 | 03
#0280-d236 @A: 27 11 14 24 | 10
#0281-d236 @A: 26 27 25 34 | 09
#0282-d236 @A: 30 27 32 04 | 04
#0283-d236 @A: 09 32 27 21 | 02
#0284-d236 @A: 27 22 26 24 | 12
#0285-d236 @A: 27 22 21 12 | 08
#0286-d236 @A: 27 20 26 18 | 06
#0287-d236 @A: 10 27 19 25 | 11
#0288-d236 @A: 05 12 10 27 | 05
#0289-d236 @A: 23 03 35 01 | 01
#0290-d236 @A: 23 35 04 29 | 07
#0291-d236 @A: 12 35 24 23 | 03
#0292-d236 @A: 35 04 07 26 | 10
#0293-d236 @A: 07 35 24 21 | 09
#0294-d236 @A: 12 35 03 09 | 04
#0295-d236 @A: 11 35 29 06 | 02
#0296-d236 @A: 11 26 35 19 | 12
#0297-d236 @A: 35 15 14 11 | 08
#0298-d236 @A: 35 17 33 21 | 06
#0299-d236 @A: 17 06 26 35 | 11
#0300-d236 @A: 17 05 35 24 | 05
#0301-d236 @A: 25 34 35 02 | 01
#0302-d236 @A: 31 05 35 26 | 07
#0303-d236 @A: 32 10 18 35 | 03
#0304-d236 @A: 22 35 04 30 | 10
#0305-d236 @A: 35 14 26 18 | 09
#0306-d236 @A: 16 18 35 20 | 04
#0307-d236 @A: 16 35 09 28 | 02
#0308-d236 @A: 05 06 28 35 | 12
#0309-d236 @A: 35 13 01 21 | 08
#0310-d236 @A: 09 35 13 20 | 06
#0311-d236 @A: 15 35 05 21 | 11
#0312-d236 @A: 15 06 35 01 | 05
#0313-d236 @A: 33 23 04 07 | 01
#0314-d236 @A: 23 32 06 08 | 07
#0315-d236 @A: 26 23 12 08 | 03
#0316-d236 @A: 17 09 23 11 | 10
#0317-d236 @A: 23 31 04 11 | 09
#0318-d236 @A: 28 11 23 05 | 04
#0319-d236 @A: 28 23 34 26 | 02
#0320-d236 @A: 01 33 23 10 | 12
#0321-d236 @A: 30 06 02 23 | 08
#0322-d236 @A: 23 22 06 14 | 06
#0323-d236 @A: 19 12 23 02 | 11
#0324-d236 @A: 05 01 23 12 | 05
#0325-d236 @A: 15 23 12 06 | 01
#0326-d236 @A: 33 08 14 07 | 07
#0327-d236 @A: 07 06 08 25 | 03
#0328-d236 @A: 26 03 07 20 | 10
#0329-d236 @A: 33 11 16 07 | 09
#0330-d236 @A: 02 07 15 11 | 04
#0331-d236 @A: 34 17 28 07 | 02
#0332-d236 @A: 07 31 34 05 | 12
#0333-d236 @A: 12 34 07 33 | 08
#0334-d236 @A: 31 07 32 20 | 06
#0335-d236 @A: 02 12 07 31 | 11
#0336-d236 @A: 32 07 22 10 | 05
#0337-d236 @A: 33 21 13 07 | 01
#0338-d236 @A: 12 07 18 05 | 07
#0339-d236 @A: 01 13 19 07 | 03
#0340-d236 @A: 20 07 14 21 | 10
#0341-d236 @A: 12 15 09 07 | 09
#0342-d236 @A: 08 12 03 33 | 04
#0343-d236 @A: 08 29 04 31 | 02
#0344-d236 @A: 29 28 08 02 | 12
#0345-d236 @A: 08 17 25 22 | 08
#0346-d236 @A: 08 17 06 18 | 06
#0347-d236 @A: 04 33 08 30 | 11
#0348-d236 @A: 01 08 19 18 | 05
#0349-d236 @A: 24 13 20 08 | 01
#0350-d236 @A: 08 14 01 21 | 07
#0351-d236 @A: 08 04 05 21 | 03
#0352-d236 @A: 29 03 04 06 | 10
#0353-d236 @A: 11 34 03 06 | 09
#0354-d236 @A: 14 02 03 11 | 04
#0355-d236 @A: 31 18 17 03 | 02
#0356-d236 @A: 17 15 25 03 | 12
#0357-d236 @A: 30 03 20 34 | 08
#0358-d236 @A: 10 26 31 03 | 06
#0359-d236 @A: 03 12 31 13 | 11
#0360-d236 @A: 30 14 03 33 | 05
#0361-d236 @A: 18 04 03 30 | 01
#0362-d236 @A: 03 28 21 13 | 07
#0363-d236 @A: 19 20 03 01 | 03
#0364-d236 @A: 06 05 16 03 | 10
#0365-d236 @A: 03 12 05 25 | 09
#0366-d236 @A: 29 25 17 14 | 04
#0367-d236 @A: 30 13 29 31 | 02
#0368-d236 @A: 29 22 21 32 | 12
#0369-d236 @A: 09 30 29 18 | 08
#0370-d236 @A: 28 29 09 12 | 06
#0371-d236 @A: 13 10 29 25 | 11
#0372-d236 @A: 21 32 11 34 | 05
#0373-d236 @A: 11 02 10 34 | 01
#0374-d236 @A: 32 05 02 11 | 07
#0375-d236 @A: 33 11 02 26 | 03
#0376-d236 @A: 13 11 33 01 | 10
#0377-d236 @A: 30 09 11 26 | 09
#0378-d236 @A: 25 30 11 24 | 04
#0379-d236 @A: 24 13 18 11 | 02
#0380-d236 @A: 01 14 10 11 | 12
#0381-d236 @A: 11 01 09 15 | 08
#0382-d236 @A: 12 09 04 11 | 06
#0383-d236 @A: 17 12 25 31 | 11
#0384-d236 @A: 17 32 04 33 | 05
#0385-d236 @A: 01 21 26 17 | 01
#0386-d236 @A: 16 28 25 17 | 07
#0387-d236 @A: 34 21 18 31 | 03
#0388-d236 @A: 32 22 34 16 | 10
#0389-d236 @A: 21 09 34 33 | 09
#0390-d236 @A: 15 34 01 30 | 04
#0391-d236 @A: 28 19 13 34 | 02
#0392-d236 @A: 01 34 28 14 | 12
#0393-d236 @A: 14 34 13 15 | 08
#0394-d236 @A: 01 34 13 04 | 06
#0395-d236 @A: 14 20 19 34 | 11
#0396-d236 @A: 14 34 10 21 | 05
#0397-d236 @A: 34 04 24 12 | 01
#0398-d236 @A: 13 32 31 33 | 07
#0399-d236 @A: 31 21 33 19 | 03
#0400-d236 @A: 30 16 31 22 | 10
#0401-d236 @A: 15 31 19 25 | 09
#0402-d236 @A: 21 31 06 09 | 04
#0403-d236 @A: 31 04 15 20 | 02
#0404-d236 @A: 04 24 01 31 | 12
#0405-d236 @A: 22 14 32 33 | 08
#0406-d236 @A: 26 16 32 33 | 06
#0407-d236 @A: 12 32 02 30 | 11
#0408-d236 @A: 32 28 22 26 | 05
#0409-d236 @A: 16 32 13 12 | 01
#0410-d236 @A: 10 32 16 09 | 07
#0411-d236 @A: 04 32 14 15 | 03
#0412-d236 @A: 06 20 33 13 | 10
#0413-d236 @A: 15 20 33 21 | 09
#0414-d236 @A: 25 33 21 01 | 04
#0415-d236 @A: 04 21 10 33 | 02
#0416-d236 @A: 09 20 33 12 | 12
#0417-d236 @A: 33 10 24 09 | 08
#0418-d236 @A: 28 18 30 22 | 06
#0419-d236 @A: 05 06 30 22 | 11
#0420-d236 @A: 30 25 01 28 | 05
#0421-d236 @A: 19 30 16 12 | 01
#0422-d236 @A: 19 14 22 16 | 07
#0423-d236 @A: 15 19 13 18 | 03
#0424-d236 @A: 21 18 06 13 | 10
#0425-d236 @A: 16 15 18 01 | 09
#0426-d236 @A: 09 18 14 15 | 04
#0427-d236 @A: 20 02 26 04 | 02
#0428-d236 @A: 04 26 10 19 | 12
#0429-d236 @A: 26 10 12 06 | 08
#0430-d236 @A: 26 15 24 06 | 06
#0431-d236 @A: 20 21 02 13 | 11
#0432-d236 @A: 19 01 02 04 | 05
#0433-d236 @A: 15 09 21 02 | 01
#0434-d236 @A: 06 04 10 02 | 07
#0435-d236 @A: 09 14 24 28 | 03
#0436-d236 @A: 24 12 01 25 | 10
#0437-d236 @A: 27 35 14 30 | 09
#0438-d236 @A: 07 03 14 27 | 04
#0439-d236 @A: 01 07 24 27 | 02
#0440-d236 @A: 28 08 27 33 | 12
#0441-d236 @A: 27 08 14 18 | 08
#0442-d236 @A: 27 03 11 12 | 06
#0443-d236 @A: 03 27 30 25 | 11
#0444-d236 @A: 27 15 03 04 | 05
#0445-d236 @A: 27 31 15 17 | 01
#0446-d236 @A: 30 17 19 27 | 07
#0447-d236 @A: 32 25 27 22 | 03
#0448-d236 @A: 13 27 22 18 | 10
#0449-d236 @A: 06 18 24 27 | 09
#0450-d236 @A: 12 27 20 28 | 04
#0451-d236 @A: 27 19 13 12 | 02
#0452-d236 @A: 01 05 27 15 | 12
#0453-d236 @A: 35 23 02 09 | 08
#0454-d236 @A: 35 28 08 11 | 06
#0455-d236 @A: 30 03 28 35 | 11
#0456-d236 @A: 22 09 35 29 | 05
#0457-d236 @A: 29 16 26 35 | 01
#0458-d236 @A: 32 26 35 02 | 07
#0459-d236 @A: 13 30 33 35 | 03
#0460-d236 @A: 16 22 35 33 | 10
#0461-d236 @A: 35 18 05 33 | 09
#0462-d236 @A: 30 35 01 26 | 04
#0463-d236 @A: 10 13 15 35 | 02
#0464-d236 @A: 15 25 35 16 | 12
#0465-d236 @A: 06 17 07 23 | 08
#0466-d236 @A: 07 02 23 26 | 06
#0467-d236 @A: 23 08 15 29 | 11
#0468-d236 @A: 10 23 08 31 | 05
#0469-d236 @A: 03 24 11 23 | 01
#0470-d236 @A: 29 31 23 21 | 07
#0471-d236 @A: 28 29 23 18 | 03
#0472-d236 @A: 17 23 30 04 | 10
#0473-d236 @A: 25 34 23 32 | 09
#0474-d236 @A: 09 23 34 13 | 04
#0475-d236 @A: 31 12 23 22 | 02
#0476-d236 @A: 06 21 23 33 | 12
#0477-d236 @A: 01 15 24 23 | 08
#0478-d236 @A: 23 06 01 25 | 06
#0479-d236 @A: 10 08 18 07 | 11
#0480-d236 @A: 07 05 30 03 | 05
#0481-d236 @A: 17 07 25 05 | 01
#0482-d236 @A: 04 07 24 17 | 07
#0483-d236 @A: 30 34 07 16 | 03
#0484-d236 @A: 22 31 15 07 | 10
#0485-d236 @A: 31 18 07 16 | 09
#0486-d236 @A: 32 07 19 33 | 04
#0487-d236 @A: 26 09 16 07 | 02
#0488-d236 @A: 24 02 19 07 | 12
#0489-d236 @A: 07 28 05 20 | 08
#0490-d236 @A: 04 14 12 07 | 06
#0491-d236 @A: 32 03 22 08 | 11
#0492-d236 @A: 11 10 08 25 | 05
#0493-d236 @A: 17 08 20 34 | 01
#0494-d236 @A: 08 17 26 09 | 07
#0495-d236 @A: 17 02 15 08 | 03
#0496-d236 @A: 08 31 01 32 | 10
#0497-d236 @A: 33 08 25 31 | 09
#0498-d236 @A: 08 30 06 10 | 04
#0499-d236 @A: 22 08 04 18 | 02
#0500-d236 @A: 26 20 08 24 | 12
#0501-d236 @A: 09 10 08 15 | 08
#0502-d236 @A: 26 34 03 15 | 06
#0503-d236 @A: 31 16 03 24 | 11
#0504-d236 @A: 33 03 09 06 | 05
#0505-d236 @A: 26 18 03 02 | 01
#0506-d236 @A: 18 14 19 03 | 07
#0507-d236 @A: 10 18 21 03 | 03
#0508-d236 @A: 06 01 28 03 | 10
#0509-d236 @A: 13 01 03 14 | 09
#0510-d236 @A: 25 20 03 10 | 04
#0511-d236 @A: 11 34 29 09 | 02
#0512-d236 @A: 29 21 11 33 | 12
#0513-d236 @A: 29 22 11 25 | 08
#0514-d236 @A: 20 11 29 18 | 06
#0515-d236 @A: 28 14 11 29 | 11
#0516-d236 @A: 22 34 29 14 | 05
#0517-d236 @A: 29 02 16 34 | 01
#0518-d236 @A: 32 13 29 02 | 07
#0519-d236 @A: 33 29 06 02 | 03
#0520-d236 @A: 29 30 20 26 | 10
#0521-d236 @A: 25 04 29 28 | 09
#0522-d236 @A: 19 01 29 24 | 04
#0523-d236 @A: 29 05 01 06 | 02
#0524-d236 @A: 05 16 11 34 | 12
#0525-d236 @A: 06 11 22 32 | 08
#0526-d236 @A: 04 20 33 11 | 06
#0527-d236 @A: 18 11 30 10 | 11
#0528-d236 @A: 18 25 13 11 | 05
#0529-d236 @A: 04 11 28 01 | 01
#0530-d236 @A: 11 04 13 06 | 07
#0531-d236 @A: 04 14 25 11 | 03
#0532-d236 @A: 11 20 05 15 | 10
#0533-d236 @A: 06 05 25 11 | 09
#0534-d236 @A: 17 12 32 22 | 04
#0535-d236 @A: 17 19 02 33 | 02
#0536-d236 @A: 17 10 14 30 | 12
#0537-d236 @A: 22 17 09 18 | 08
#0538-d236 @A: 02 22 04 17 | 06
#0539-d236 @A: 20 17 05 18 | 11
#0540-d236 @A: 06 02 17 01 | 05
#0541-d236 @A: 28 06 21 17 | 01
#0542-d236 @A: 17 25 09 01 | 07
#0543-d236 @A: 22 34 15 28 | 03
#0544-d236 @A: 10 19 34 09 | 10
#0545-d236 @A: 34 16 01 20 | 09
#0546-d236 @A: 31 15 06 26 | 04
#0547-d236 @A: 15 02 10 31 | 02
#0548-d236 @A: 28 31 16 14 | 12
#0549-d236 @A: 13 09 31 04 | 08
#0550-d236 @A: 16 06 20 31 | 06
#0551-d236 @A: 20 31 14 05 | 11
#0552-d236 @A: 04 31 05 12 | 05
#0553-d236 @A: 25 05 31 09 | 01
#0554-d236 @A: 01 32 18 22 | 07
#0555-d236 @A: 13 15 01 32 | 03
#0556-d236 @A: 24 20 32 15 | 10
#0557-d236 @A: 32 12 25 10 | 09
#0558-d236 @A: 22 33 15 12 | 04
#0559-d236 @A: 05 33 14 21 | 02
#0560-d236 @A: 33 06 15 14 | 12
#0561-d236 @A: 24 22 05 30 | 08
#0562-d236 @A: 10 28 22 20 | 06
#0563-d236 @A: 20 19 22 06 | 11
#0564-d236 @A: 04 22 16 15 | 05
#0565-d236 @A: 22 20 15 01 | 01
#0566-d236 @A: 12 20 22 04 | 07
#0567-d236 @A: 26 18 24 21 | 03
#0568-d236 @A: 15 26 10 18 | 10
#0569-d236 @A: 04 18 16 28 | 09
#0570-d236 @A: 14 01 20 18 | 04
#0571-d236 @A: 28 26 12 25 | 02
#0572-d236 @A: 19 26 13 20 | 12
#0573-d236 @A: 12 26 01 16 | 08
#0574-d236 @A: 14 05 26 10 | 06
#0575-d236 @A: 35 25 27 08 | 11
#0576-d236 @A: 03 27 17 35 | 05
#0577-d236 @A: 27 13 29 35 | 01
#0578-d236 @A: 16 27 23 03 | 07
#0579-d236 @A: 22 27 28 23 | 03
#0580-d236 @A: 07 09 27 17 | 10
#0581-d236 @A: 27 07 04 18 | 09
#0582-d236 @A: 17 27 10 08 | 04
#0583-d236 @A: 27 26 08 19 | 02
#0584-d236 @A: 27 05 11 31 | 12
#0585-d236 @A: 11 27 02 16 | 08
#0586-d236 @A: 21 11 27 25 | 06
#0587-d236 @A: 21 27 17 34 | 11
#0588-d236 @A: 32 27 18 17 | 05
#0589-d236 @A: 17 20 14 27 | 01
#0590-d236 @A: 34 12 18 27 | 07
#0591-d236 @A: 26 33 21 27 | 03
#0592-d236 @A: 18 27 09 05 | 10
#0593-d236 @A: 28 27 06 15 | 09
#0594-d236 @A: 09 28 25 27 | 04
#0595-d236 @A: 35 34 05 08 | 02
#0596-d236 @A: 31 29 18 35 | 12
#0597-d236 @A: 01 32 35 11 | 08
#0598-d236 @A: 11 02 21 35 | 06
#0599-d236 @A: 35 31 34 12 | 11
#0600-d236 @A: 25 32 20 35 | 05
#0601-d236 @A: 09 35 18 19 | 01
#0602-d236 @A: 04 15 28 35 | 07
#0603-d236 @A: 19 25 21 35 | 03
#0604-d236 @A: 30 03 23 13 | 10
#0605-d236 @A: 03 02 28 23 | 09
#0606-d236 @A: 22 20 29 23 | 04
#0607-d236 @A: 11 32 23 18 | 02
#0608-d236 @A: 34 23 16 31 | 12
#0609-d236 @A: 23 15 31 30 | 08
#0610-d236 @A: 23 32 26 20 | 06
#0611-d236 @A: 10 32 23 14 | 11
#0612-d236 @A: 25 23 30 33 | 05
#0613-d236 @A: 02 05 23 33 | 01
#0614-d236 @A: 23 18 30 16 | 07
#0615-d236 @A: 23 02 24 26 | 03
#0616-d236 @A: 19 26 23 25 | 10
#0617-d236 @A: 25 10 28 23 | 09
#0618-d236 @A: 23 12 14 20 | 04
#0619-d236 @A: 17 07 10 03 | 02
#0620-d236 @A: 07 18 29 13 | 12
#0621-d236 @A: 11 12 32 07 | 08
#0622-d236 @A: 21 28 11 07 | 06
#0623-d236 @A: 07 01 17 30 | 11
#0624-d236 @A: 07 26 17 15 | 05
#0625-d236 @A: 07 20 18 34 | 01
#0626-d236 @A: 32 07 26 05 | 07
#0627-d236 @A: 16 24 07 32 | 03
#0628-d236 @A: 01 07 33 15 | 10
#0629-d236 @A: 07 02 30 09 | 09
#0630-d236 @A: 06 09 10 07 | 04
#0631-d236 @A: 08 20 29 01 | 02
#0632-d236 @A: 08 34 21 28 | 12
#0633-d236 @A: 20 32 08 33 | 08
#0634-d236 @A: 02 13 30 08 | 06
#0635-d236 @A: 26 15 22 08 | 11
#0636-d236 @A: 15 28 16 08 | 05
#0637-d236 @A: 19 25 14 08 | 01
#0638-d236 @A: 08 01 06 16 | 07
#0639-d236 @A: 03 01 29 33 | 03
#0640-d236 @A: 03 12 29 30 | 10
#0641-d236 @A: 22 16 03 11 | 09
#0642-d236 @A: 26 11 03 28 | 04
#0643-d236 @A: 03 17 28 33 | 02
#0644-d236 @A: 14 34 03 31 | 12
#0645-d236 @A: 32 03 09 14 | 08
#0646-d236 @A: 20 18 03 22 | 06
#0647-d236 @A: 02 24 03 21 | 11
#0648-d236 @A: 13 03 15 05 | 05
#0649-d236 @A: 03 10 19 16 | 01
#0650-d236 @A: 21 15 03 06 | 07
#0651-d236 @A: 05 24 15 03 | 03
#0652-d236 @A: 29 11 04 32 | 10
#0653-d236 @A: 24 11 15 29 | 09
#0654-d236 @A: 19 09 31 29 | 04
#0655-d236 @A: 29 31 16 25 | 02
#0656-d236 @A: 33 04 29 18 | 12
#0657-d236 @A: 09 33 26 29 | 08
#0658-d236 @A: 05 29 04 20 | 06
#0659-d236 @A: 20 32 11 17 | 11
#0660-d236 @A: 26 10 11 17 | 05
#0661-d236 @A: 13 14 17 11 | 01
#0662-d236 @A: 26 31 25 11 | 07
#0663-d236 @A: 01 11 24 22 | 03
#0664-d236 @A: 20 14 11 16 | 10
#0665-d236 @A: 17 25 34 33 | 09
#0666-d236 @A: 34 10 17 04 | 04
#0667-d236 @A: 32 17 31 06 | 02
#0668-d236 @A: 17 26 13 22 | 12
#0669-d236 @A: 10 13 17 28 | 08
#0670-d236 @A: 04 17 15 19 | 06
#0671-d236 @A: 05 09 17 14 | 11
#0672-d236 @A: 01 12 17 20 | 05
#0673-d236 @A: 31 02 34 01 | 01
#0674-d236 @A: 14 33 34 02 | 07
#0675-d236 @A: 22 13 34 21 | 03
#0676-d236 @A: 31 20 30 24 | 10
#0677-d236 @A: 18 02 31 25 | 09
#0678-d236 @A: 16 05 31 19 | 04
#0679-d236 @A: 31 15 12 14 | 02
#0680-d236 @A: 09 31 14 10 | 12
#0681-d236 @A: 32 33 12 24 | 08
#0682-d236 @A: 28 32 05 13 | 06
#0683-d236 @A: 20 32 14 28 | 11
#0684-d236 @A: 21 32 13 10 | 05
#0685-d236 @A: 02 33 12 18 | 01
#0686-d236 @A: 33 06 25 16 | 07
#0687-d236 @A: 16 33 09 04 | 03
#0688-d236 @A: 33 01 04 06 | 10
#0689-d236 @A: 30 19 05 20 | 09
#0690-d236 @A: 14 30 20 04 | 04
#0691-d236 @A: 22 28 09 01 | 02
#0692-d236 @A: 16 20 22 25 | 12
#0693-d236 @A: 16 25 22 24 | 08
#0694-d236 @A: 12 18 06 28 | 06
#0695-d236 @A: 09 18 06 16 | 11
#0696-d236 @A: 14 24 18 10 | 05
#0697-d236 @A: 18 21 01 05 | 01
#0698-d236 @A: 02 26 19 16 | 07
#0699-d236 @A: 26 28 19 14 | 03
#0700-d236 @A: 26 13 21 14 | 10
#0701-d236 @A: 13 04 12 26 | 09
#0702-d236 @A: 16 10 26 25 | 04
#0703-d236 @A: 02 15 20 19 | 02
#0704-d236 @A: 01 15 14 02 | 12
#0705-d236 @A: 05 02 10 25 | 08
#0706-d236 @A: 15 13 25 24 | 06
#0707-d236 @A: 14 06 24 04 | 11
#0708-d236 @A: 12 20 21 24 | 05
#0709-d236 @A: 35 11 20 27 | 01
#0710-d236 @A: 35 27 21 16 | 07
#0711-d236 @A: 27 22 20 07 | 03
#0712-d236 @A: 27 09 08 11 | 10
#0713-d236 @A: 08 31 27 13 | 09
#0714-d236 @A: 01 26 03 27 | 04
#0715-d236 @A: 06 29 27 32 | 02
#0716-d236 @A: 27 09 30 34 | 12
#0717-d236 @A: 34 16 06 27 | 08
#0718-d236 @A: 14 31 27 02 | 06
#0719-d236 @A: 27 31 20 25 | 11
#0720-d236 @A: 31 09 27 12 | 05
#0721-d236 @A: 32 02 01 27 | 01
#0722-d236 @A: 27 30 18 15 | 07
#0723-d236 @A: 27 30 02 20 | 03
#0724-d236 @A: 27 28 19 16 | 10
#0725-d236 @A: 27 10 01 13 | 09
#0726-d236 @A: 24 21 27 05 | 04
#0727-d236 @A: 35 25 22 07 | 02
#0728-d236 @A: 08 17 35 04 | 12
#0729-d236 @A: 31 15 03 35 | 08
#0730-d236 @A: 14 20 03 35 | 06
#0731-d236 @A: 35 29 30 25 | 11
#0732-d236 @A: 24 29 35 28 | 05
#0733-d236 @A: 14 35 01 29 | 01
#0734-d236 @A: 13 22 11 35 | 07
#0735-d236 @A: 14 17 34 35 | 03
#0736-d236 @A: 09 30 35 17 | 10
#0737-d236 @A: 34 35 30 18 | 09
#0738-d236 @A: 34 21 35 26 | 04
#0739-d236 @A: 22 35 31 28 | 02
#0740-d236 @A: 32 35 05 30 | 12
#0741-d236 @A: 35 22 14 02 | 08
#0742-d236 @A: 22 35 01 19 | 06
#0743-d236 @A: 18 01 24 35 | 11
#0744-d236 @A: 28 26 35 13 | 05
#0745-d236 @A: 35 19 12 28 | 01
#0746-d236 @A: 05 35 12 20 | 07
#0747-d236 @A: 21 15 07 23 | 03
#0748-d236 @A: 19 08 22 23 | 10
#0749-d236 @A: 34 03 21 23 | 09
#0750-d236 @A: 29 13 23 17 | 04
#0751-d236 @A: 18 10 23 34 | 02
#0752-d236 @A: 22 26 16 23 | 12
#0753-d236 @A: 18 26 04 23 | 08
#0754-d236 @A: 05 23 14 25 | 06
#0755-d236 @A: 07 12 08 17 | 11
#0756-d236 @A: 07 08 04 32 | 05
#0757-d236 @A: 01 08 07 26 | 01
#0758-d236 @A: 03 28 25 07 | 07
#0759-d236 @A: 11 07 17 29 | 03
#0760-d236 @A: 07 04 29 02 | 10
#0761-d236 @A: 06 26 11 07 | 09
#0762-d236 @A: 17 14 22 07 | 04
#0763-d236 @A: 02 07 17 20 | 02
#0764-d236 @A: 14 26 07 34 | 12
#0765-d236 @A: 25 07 01 34 | 08
#0766-d236 @A: 12 07 30 13 | 06
#0767-d236 @A: 04 09 05 07 | 11
#0768-d236 @A: 13 26 08 03 | 05
#0769-d236 @A: 08 24 05 29 | 01
#0770-d236 @A: 16 11 17 08 | 07
#0771-d236 @A: 33 17 08 01 | 03
#0772-d236 @A: 26 34 02 08 | 10
#0773-d236 @A: 32 26 08 10 | 09
#0774-d236 @A: 19 33 15 08 | 04
#0775-d236 @A: 28 08 25 13 | 02
#0776-d236 @A: 03 33 11 05 | 12
#0777-d236 @A: 03 11 21 30 | 08
#0778-d236 @A: 03 17 02 16 | 06
#0779-d236 @A: 03 13 17 09 | 11
#0780-d236 @A: 02 05 03 31 | 05
#0781-d236 @A: 21 19 12 03 | 01
#0782-d236 @A: 09 03 19 15 | 07
#0783-d236 @A: 03 24 19 10 | 03
#0784-d236 @A: 03 04 14 05 | 10
#0785-d236 @A: 03 25 06 14 | 09
#0786-d236 @A: 11 30 15 29 | 04
#0787-d236 @A: 34 29 06 17 | 02
#0788-d236 @A: 01 29 31 17 | 12
#0789-d236 @A: 09 29 17 04 | 08
#0790-d236 @A: 05 33 34 29 | 06
#0791-d236 @A: 26 10 34 29 | 11
#0792-d236 @A: 30 06 16 29 | 05
#0793-d236 @A: 24 30 10 29 | 01
#0794-d236 @A: 13 01 29 09 | 07
#0795-d236 @A: 14 19 10 29 | 03
#0796-d236 @A: 29 01 04 16 | 10
#0797-d236 @A: 11 14 34 18 | 09
#0798-d236 @A: 32 33 11 09 | 04
#0799-d236 @A: 11 18 33 15 | 02
#0800-d236 @A: 09 11 02 20 | 12
#0801-d236 @A: 11 21 09 05 | 08
#0802-d236 @A: 21 11 12 06 | 06
#0803-d236 @A: 15 21 04 11 | 11
#0804-d236 @A: 21 24 11 10 | 05
#0805-d236 @A: 11 09 24 05 | 01
#0806-d236 @A: 26 16 17 34 | 07
#0807-d236 @A: 17 02 05 30 | 03
#0808-d236 @A: 15 28 17 05 | 10
#0809-d236 @A: 16 06 14 17 | 09
#0810-d236 @A: 10 12 16 17 | 04
#0811-d236 @A: 25 21 17 04 | 02
#0812-d236 @A: 13 31 25 34 | 12
#0813-d236 @A: 18 34 22 25 | 08
#0814-d236 @A: 26 01 34 22 | 06
#0815-d236 @A: 34 22 05 10 | 11
#0816-d236 @A: 06 12 13 34 | 05
#0817-d236 @A: 16 34 12 09 | 01
#0818-d236 @A: 32 31 25 30 | 07
#0819-d236 @A: 32 31 14 21 | 03
#0820-d236 @A: 31 09 30 33 | 10
#0821-d236 @A: 31 10 28 21 | 09
#0822-d236 @A: 01 06 31 13 | 04
#0823-d236 @A: 31 12 16 21 | 02
#0824-d236 @A: 12 10 20 31 | 12
#0825-d236 @A: 10 25 31 04 | 08
#0826-d236 @A: 20 32 30 22 | 06
#0827-d236 @A: 21 16 04 32 | 11
#0828-d236 @A: 01 21 24 32 | 05
#0829-d236 @A: 15 25 32 21 | 01
#0830-d236 @A: 26 15 33 30 | 07
#0831-d236 @A: 30 24 15 33 | 03
#0832-d236 @A: 19 33 28 22 | 10
#0833-d236 @A: 04 28 33 13 | 09
#0834-d236 @A: 09 14 33 28 | 04
#0835-d236 @A: 33 13 19 05 | 02
#0836-d236 @A: 25 14 33 20 | 12
#0837-d236 @A: 02 30 19 25 | 08
#0838-d236 @A: 30 14 28 13 | 06
#0839-d236 @A: 21 19 30 13 | 11
#0840-d236 @A: 30 13 01 20 | 05
#0841-d236 @A: 30 16 20 09 | 01
#0842-d236 @A: 21 12 30 05 | 07
#0843-d236 @A: 22 14 15 10 | 03
#0844-d236 @A: 24 15 21 22 | 10
#0845-d236 @A: 12 24 18 15 | 09
#0846-d236 @A: 16 21 20 26 | 04
#0847-d236 @A: 26 16 06 04 | 02
#0848-d236 @A: 26 01 20 10 | 12
#0849-d236 @A: 28 25 15 02 | 08
#0850-d236 @A: 16 02 13 25 | 06
#0851-d236 @A: 09 02 19 06 | 11
#0852-d236 @A: 09 02 01 05 | 05
#0853-d236 @A: 15 19 16 24 | 01
#0854-d236 @A: 24 25 19 09 | 07
#0855-d236 @A: 35 04 33 27 | 03
#0856-d236 @A: 23 08 27 01 | 10
#0857-d236 @A: 21 27 03 31 | 09
#0858-d236 @A: 31 29 27 28 | 04
#0859-d236 @A: 29 21 30 27 | 02
#0860-d236 @A: 04 26 27 29 | 12
#0861-d236 @A: 02 25 29 27 | 08
#0862-d236 @A: 11 27 17 06 | 06
#0863-d236 @A: 02 17 27 26 | 11
#0864-d236 @A: 19 34 27 33 | 05
#0865-d236 @A: 31 27 18 10 | 01
#0866-d236 @A: 19 27 04 31 | 07
#0867-d236 @A: 27 30 26 06 | 03
#0868-d236 @A: 02 27 22 15 | 10
#0869-d236 @A: 21 05 27 28 | 09
#0870-d236 @A: 04 21 13 27 | 04
#0871-d236 @A: 27 06 05 13 | 02
#0872-d236 @A: 14 12 27 01 | 12
#0873-d236 @A: 14 27 10 06 | 08
#0874-d236 @A: 04 09 27 06 | 06
#0875-d236 @A: 35 07 28 23 | 11
#0876-d236 @A: 19 23 35 17 | 05
#0877-d236 @A: 23 14 33 35 | 01
#0878-d236 @A: 35 08 15 18 | 07
#0879-d236 @A: 35 03 04 16 | 03
#0880-d236 @A: 19 35 29 33 | 10
#0881-d236 @A: 35 24 32 11 | 09
#0882-d236 @A: 25 17 10 35 | 04
#0883-d236 @A: 35 15 22 32 | 02
#0884-d236 @A: 32 13 35 06 | 12
#0885-d236 @A: 28 21 20 35 | 08
#0886-d236 @A: 23 12 03 07 | 06
#0887-d236 @A: 23 07 11 20 | 11
#0888-d236 @A: 23 07 19 16 | 05
#0889-d236 @A: 34 33 23 08 | 01
#0890-d236 @A: 03 23 06 31 | 07
#0891-d236 @A: 23 10 22 03 | 03
#0892-d236 @A: 23 03 15 14 | 10
#0893-d236 @A: 23 29 01 34 | 09
#0894-d236 @A: 24 13 23 29 | 04
#0895-d236 @A: 23 11 34 12 | 02
#0896-d236 @A: 31 18 23 19 | 12
#0897-d236 @A: 01 18 09 23 | 08
#0898-d236 @A: 21 23 25 13 | 06
#0899-d236 @A: 23 10 13 20 | 11
#0900-d236 @A: 09 14 23 16 | 05
#0901-d236 @A: 07 12 06 29 | 01
#0902-d236 @A: 13 07 11 10 | 07
#0903-d236 @A: 19 18 17 07 | 03
#0904-d236 @A: 26 07 13 31 | 10
#0905-d236 @A: 33 07 28 02 | 09
#0906-d236 @A: 07 33 28 24 | 04
#0907-d236 @A: 12 28 07 22 | 02
#0908-d236 @A: 03 08 34 19 | 12
#0909-d236 @A: 08 25 02 03 | 08
#0910-d236 @A: 08 22 33 11 | 06
#0911-d236 @A: 16 34 18 08 | 11
#0912-d236 @A: 30 12 31 08 | 05
#0913-d236 @A: 30 08 22 14 | 01
#0914-d236 @A: 05 10 08 19 | 07
#0915-d236 @A: 12 08 04 16 | 03
#0916-d236 @A: 09 14 08 20 | 10
#0917-d236 @A: 01 08 25 15 | 09
#0918-d236 @A: 06 08 01 24 | 04
#0919-d236 @A: 11 03 15 32 | 02
#0920-d236 @A: 18 03 34 01 | 12
#0921-d236 @A: 03 22 31 25 | 08
#0922-d236 @A: 16 30 03 26 | 06
#0923-d236 @A: 03 01 09 16 | 11
#0924-d236 @A: 16 20 29 17 | 05
#0925-d236 @A: 34 33 29 24 | 01
#0926-d236 @A: 29 26 32 15 | 07
#0927-d236 @A: 29 32 20 10 | 03
#0928-d236 @A: 22 13 29 33 | 10
#0929-d236 @A: 18 01 29 25 | 09
#0930-d236 @A: 29 05 02 21 | 04
#0931-d236 @A: 29 10 21 01 | 02
#0932-d236 @A: 30 05 14 11 | 12
#0933-d236 @A: 16 11 26 18 | 08
#0934-d236 @A: 11 09 13 19 | 06
#0935-d236 @A: 12 11 24 19 | 11
#0936-d236 @A: 25 11 16 09 | 05
#0937-d236 @A: 22 34 17 19 | 01
#0938-d236 @A: 17 24 15 34 | 07
#0939-d236 @A: 22 10 17 31 | 03
#0940-d236 @A: 31 17 02 09 | 10
#0941-d236 @A: 24 33 21 17 | 09
#0942-d236 @A: 12 13 17 21 | 04
#0943-d236 @A: 20 25 17 13 | 02
#0944-d236 @A: 25 17 06 19 | 12
#0945-d236 @A: 32 31 34 10 | 08
#0946-d236 @A: 26 31 34 24 | 06
#0947-d236 @A: 32 01 34 33 | 11
#0948-d236 @A: 32 24 34 22 | 05
#0949-d236 @A: 34 16 33 13 | 01
#0950-d236 @A: 24 18 34 20 | 07
#0951-d236 @A: 28 20 34 25 | 03
#0952-d236 @A: 19 21 34 04 | 10
#0953-d236 @A: 01 34 19 05 | 09
#0954-d236 @A: 21 15 34 16 | 04
#0955-d236 @A: 24 01 14 34 | 02
#0956-d236 @A: 09 25 14 34 | 12
#0957-d236 @A: 15 31 32 18 | 08
#0958-d236 @A: 31 12 19 06 | 06
#0959-d236 @A: 21 14 24 31 | 11
#0960-d236 @A: 21 32 33 18 | 05
#0961-d236 @A: 28 30 16 32 | 01
#0962-d236 @A: 09 18 26 32 | 07
#0963-d236 @A: 14 24 13 32 | 03
#0964-d236 @A: 09 25 13 32 | 10
#0965-d236 @A: 10 32 04 24 | 09
#0966-d236 @A: 12 33 30 10 | 04
#0967-d236 @A: 26 16 24 33 | 02
#0968-d236 @A: 28 33 10 16 | 12
#0969-d236 @A: 33 01 28 20 | 08
#0970-d236 @A: 33 09 13 15 | 06
#0971-d236 @A: 15 30 13 22 | 11
#0972-d236 @A: 28 04 05 30 | 05
#0973-d236 @A: 13 09 30 06 | 01
#0974-d236 @A: 30 24 19 14 | 07
#0975-d236 @A: 01 04 30 21 | 03
#0976-d236 @A: 12 20 25 30 | 10
#0977-d236 @A: 02 09 16 22 | 09
#0978-d236 @A: 22 28 06 04 | 04
#0979-d236 @A: 13 12 22 10 | 02
#0980-d236 @A: 28 02 18 10 | 12
#0981-d236 @A: 05 18 25 16 | 08
#0982-d236 @A: 01 02 26 28 | 06
#0983-d236 @A: 26 15 05 02 | 11
#0984-d236 @A: 26 21 09 19 | 05
#0985-d236 @A: 26 21 15 12 | 01
#0986-d236 @A: 21 25 26 06 | 07
#0987-d236 @A: 01 04 05 26 | 03
#0988-d236 @A: 09 04 26 15 | 10
#0989-d236 @A: 21 25 14 02 | 09
#0990-d236 @A: 12 04 21 02 | 04
#0991-d236 @A: 18 27 28 35 | 02
#0992-d236 @A: 23 33 31 27 | 12
#0993-d236 @A: 08 27 15 07 | 08
#0994-d236 @A: 27 07 06 31 | 06
#0995-d236 @A: 13 03 27 34 | 11
#0996-d236 @A: 27 22 09 03 | 05
#0997-d236 @A: 19 06 27 03 | 01
#0998-d236 @A: 30 27 11 13 | 07
#0999-d236 @A: 17 33 13 27 | 03
#1000-d236 @A: 32 27 20 34 | 10
#1001-d236 @A: 27 34 16 24 | 09
#1002-d236 @A: 13 32 26 27 | 04
#1003-d236 @A: 06 27 33 12 | 02
#1004-d236 @A: 27 19 22 05 | 12
#1005-d236 @A: 09 13 16 27 | 08
#1006-d236 @A: 35 34 23 20 | 06
#1007-d236 @A: 35 21 23 30 | 11
#1008-d236 @A: 15 29 07 35 | 05
#1009-d236 @A: 02 07 35 10 | 01
#1010-d236 @A: 12 35 21 07 | 07
#1011-d236 @A: 35 03 08 06 | 03
#1012-d236 @A: 08 35 14 31 | 10
#1013-d236 @A: 19 35 30 08 | 09
#1014-d236 @A: 22 12 35 08 | 04
#1015-d236 @A: 26 24 35 03 | 02
#1016-d236 @A: 09 34 35 15 | 12
#1017-d236 @A: 25 24 35 34 | 08
#1018-d236 @A: 06 31 35 02 | 06
#1019-d236 @A: 35 31 01 16 | 11
#1020-d236 @A: 35 12 13 14 | 05
#1021-d236 @A: 19 05 35 04 | 01
#1022-d236 @A: 12 35 01 04 | 07
#1023-d236 @A: 31 07 23 09 | 03
#1024-d236 @A: 23 25 11 03 | 10
#1025-d236 @A: 02 14 23 29 | 09
#1026-d236 @A: 33 23 17 16 | 04
#1027-d236 @A: 18 12 17 23 | 02
#1028-d236 @A: 10 02 23 17 | 12
#1029-d236 @A: 15 02 34 23 | 08
#1030-d236 @A: 28 23 19 01 | 06
#1031-d236 @A: 19 10 15 23 | 11
#1032-d236 @A: 15 05 23 16 | 05
#1033-d236 @A: 20 04 16 23 | 01
#1034-d236 @A: 07 16 03 29 | 07
#1035-d236 @A: 07 24 03 14 | 03
#1036-d236 @A: 24 11 31 07 | 10
#1037-d236 @A: 25 21 31 07 | 09
#1038-d236 @A: 10 26 07 33 | 04
#1039-d236 @A: 07 19 26 30 | 02
#1040-d236 @A: 13 02 07 22 | 12
#1041-d236 @A: 28 04 10 07 | 08
#1042-d236 @A: 06 13 16 07 | 06
#1043-d236 @A: 25 13 15 07 | 11
#1044-d236 @A: 07 05 21 16 | 05
#1045-d236 @A: 04 16 07 25 | 01
#1046-d236 @A: 24 32 03 08 | 07
#1047-d236 @A: 08 29 16 33 | 03
#1048-d236 @A: 08 31 11 15 | 10
#1049-d236 @A: 28 17 08 32 | 09
#1050-d236 @A: 34 08 06 31 | 04
#1051-d236 @A: 30 08 25 34 | 02
#1052-d236 @A: 08 24 34 30 | 12
#1053-d236 @A: 08 20 31 22 | 08
#1054-d236 @A: 31 26 08 21 | 06
#1055-d236 @A: 26 08 06 33 | 11
#1056-d236 @A: 18 08 26 05 | 05
#1057-d236 @A: 08 16 19 09 | 01
#1058-d236 @A: 10 16 08 20 | 07
#1059-d236 @A: 06 15 08 04 | 03
#1060-d236 @A: 03 33 21 22 | 10
#1061-d236 @A: 33 03 02 13 | 09
#1062-d236 @A: 03 15 16 33 | 04
#1063-d236 @A: 03 33 04 24 | 02
#1064-d236 @A: 13 04 22 03 | 12
#1065-d236 @A: 03 21 05 26 | 08
#1066-d236 @A: 03 19 28 05 | 06
#1067-d236 @A: 03 28 15 10 | 11
#1068-d236 @A: 19 13 03 25 | 05
#1069-d236 @A: 11 16 10 29 | 01
#1070-d236 @A: 28 29 17 22 | 07
#1071-d236 @A: 31 22 06 29 | 03
#1072-d236 @A: 22 26 29 12 | 10
#1073-d236 @A: 13 29 15 21 | 09
#1074-d236 @A: 29 06 19 21 | 04
#1075-d236 @A: 25 05 19 29 | 02
#1076-d236 @A: 12 01 19 29 | 12
#1077-d236 @A: 29 05 16 09 | 08
#1078-d236 @A: 20 29 21 09 | 06
#1079-d236 @A: 25 29 21 12 | 11
#1080-d236 @A: 29 09 24 20 | 05
#1081-d236 @A: 10 06 15 29 | 01
#1082-d236 @A: 34 01 11 17 | 07
#1083-d236 @A: 30 11 04 02 | 03
#1084-d236 @A: 02 22 28 11 | 10
#1085-d236 @A: 10 28 09 11 | 09
#1086-d236 @A: 20 19 11 25 | 04
#1087-d236 @A: 30 34 31 17 | 02
#1088-d236 @A: 32 09 17 34 | 12
#1089-d236 @A: 15 17 34 18 | 08
#1090-d236 @A: 17 31 24 06 | 06
#1091-d236 @A: 19 32 10 17 | 11
#1092-d236 @A: 01 13 05 17 | 05
#1093-d236 @A: 19 21 20 17 | 01
#1094-d236 @A: 26 31 09 34 | 07
#1095-d236 @A: 32 18 34 13 | 03
#1096-d236 @A: 26 05 30 34 | 10
#1097-d236 @A: 06 28 34 30 | 09
#1098-d236 @A: 28 34 09 05 | 04
#1099-d236 @A: 21 19 34 24 | 02
#1100-d236 @A: 24 31 05 33 | 12
#1101-d236 @A: 30 28 31 02 | 08
#1102-d236 @A: 14 22 31 18 | 06
#1103-d236 @A: 18 24 22 31 | 11
#1104-d236 @A: 13 31 22 19 | 05
#1105-d236 @A: 19 20 28 31 | 01
#1106-d236 @A: 04 14 31 06 | 07
#1107-d236 @A: 32 02 10 33 | 03
#1108-d236 @A: 04 32 22 05 | 10
#1109-d236 @A: 18 04 32 12 | 09
#1110-d236 @A: 32 01 26 06 | 04
#1111-d236 @A: 32 28 21 01 | 02
#1112-d236 @A: 32 20 13 04 | 12
#1113-d236 @A: 30 02 33 01 | 08
#1114-d236 @A: 22 33 26 25 | 06
#1115-d236 @A: 33 26 14 04 | 11
#1116-d236 @A: 13 10 14 33 | 05
#1117-d236 @A: 13 33 12 25 | 01
#1118-d236 @A: 01 16 33 05 | 07
#1119-d236 @A: 20 10 05 33 | 03
#1120-d236 @A: 22 02 30 26 | 10
#1121-d236 @A: 18 20 06 30 | 09
#1122-d236 @A: 18 12 30 01 | 04
#1123-d236 @A: 30 19 14 15 | 02
#1124-d236 @A: 01 30 24 09 | 12
#1125-d236 @A: 22 14 20 13 | 08
#1126-d236 @A: 14 04 22 09 | 06
#1127-d236 @A: 20 22 21 05 | 11
#1128-d236 @A: 10 25 22 01 | 05
#1129-d236 @A: 12 13 18 09 | 01
#1130-d236 @A: 19 16 18 21 | 07
#1131-d236 @A: 10 12 18 19 | 03
#1132-d236 @A: 18 14 12 21 | 10
#1133-d236 @A: 05 15 18 06 | 09
#1134-d236 @A: 13 24 26 28 | 04
#1135-d236 @A: 28 26 15 20 | 02
#1136-d236 @A: 02 13 09 14 | 12
#1137-d236 @A: 02 16 06 21 | 08
#1138-d236 @A: 02 20 25 01 | 06
#1139-d236 @A: 06 09 13 24 | 11
#1140-d236 @A: 24 14 05 20 | 05
#1141-d236 @A: 35 13 27 24 | 01
#1142-d236 @A: 13 07 27 23 | 07
#1143-d236 @A: 27 11 29 23 | 03
#1144-d236 @A: 20 27 06 23 | 10
#1145-d236 @A: 27 02 07 21 | 09
#1146-d236 @A: 29 14 09 27 | 04
#1147-d236 @A: 32 27 11 10 | 02
#1148-d236 @A: 01 28 17 27 | 12
#1149-d236 @A: 05 02 27 34 | 08
#1150-d236 @A: 15 32 27 33 | 06
#1151-d236 @A: 05 33 27 30 | 11
#1152-d236 @A: 10 26 28 27 | 05
#1153-d236 @A: 14 13 27 25 | 01
#1154-d236 @A: 14 27 19 21 | 07
#1155-d236 @A: 04 24 27 19 | 03
#1156-d236 @A: 12 35 32 23 | 10
#1157-d236 @A: 07 11 35 18 | 09
#1158-d236 @A: 21 35 29 08 | 04
#1159-d236 @A: 08 16 35 32 | 02
#1160-d236 @A: 29 35 03 05 | 12
#1161-d236 @A: 03 35 10 11 | 08
#1162-d236 @A: 34 03 35 22 | 06
#1163-d236 @A: 17 29 32 35 | 11
#1164-d236 @A: 04 09 32 35 | 05
#1165-d236 @A: 20 35 24 33 | 01
#1166-d236 @A: 14 10 35 04 | 07
#1167-d236 @A: 10 09 35 05 | 03
#1168-d236 @A: 26 23 21 11 | 10
#1169-d236 @A: 26 17 23 14 | 09
#1170-d236 @A: 19 23 34 30 | 04
#1171-d236 @A: 02 31 20 23 | 02
#1172-d236 @A: 23 04 28 32 | 12
#1173-d236 @A: 20 18 33 23 | 08
#1174-d236 @A: 13 23 26 33 | 06
#1175-d236 @A: 21 22 23 04 | 11
#1176-d236 @A: 14 23 19 04 | 05
#1177-d236 @A: 23 21 10 16 | 01
#1178-d236 @A: 23 16 05 24 | 07
#1179-d236 @A: 01 20 23 21 | 03
#1180-d236 @A: 23 12 10 04 | 10
#1181-d236 @A: 11 07 08 34 | 09
#1182-d236 @A: 07 08 13 20 | 04
#1183-d236 @A: 29 20 33 07 | 02
#1184-d236 @A: 07 17 31 33 | 12
#1185-d236 @A: 32 07 06 34 | 08
#1186-d236 @A: 07 15 34 04 | 06
#1187-d236 @A: 30 31 07 04 | 11
#1188-d236 @A: 28 07 32 18 | 05
#1189-d236 @A: 22 21 07 26 | 01
#1190-d236 @A: 07 09 14 19 | 07
#1191-d236 @A: 07 25 19 12 | 03
#1192-d236 @A: 07 24 09 15 | 10
#1193-d236 @A: 08 09 03 30 | 09
#1194-d236 @A: 05 08 11 29 | 04
#1195-d236 @A: 08 13 29 34 | 02
#1196-d236 @A: 08 13 32 11 | 12
#1197-d236 @A: 32 34 15 08 | 08
#1198-d236 @A: 34 22 09 08 | 06
#1199-d236 @A: 14 08 12 34 | 11
#1200-d236 @A: 19 08 02 31 | 05
#1201-d236 @A: 32 19 21 08 | 01
#1202-d236 @A: 08 05 33 09 | 07
#1203-d236 @A: 08 02 20 18 | 03
#1204-d236 @A: 28 19 04 08 | 10
#1205-d236 @A: 28 12 01 08 | 09
#1206-d236 @A: 18 06 32 03 | 04
#1207-d236 @A: 03 19 32 04 | 02
#1208-d236 @A: 32 03 25 16 | 12
#1209-d236 @A: 12 02 22 03 | 08
#1210-d236 @A: 24 22 20 03 | 06
#1211-d236 @A: 01 03 15 12 | 11
#1212-d236 @A: 29 01 26 11 | 05
#1213-d236 @A: 18 17 10 29 | 01
#1214-d236 @A: 26 17 19 29 | 07
#1215-d236 @A: 29 18 32 05 | 03
#1216-d236 @A: 29 10 02 30 | 10
#1217-d236 @A: 01 22 29 02 | 09
#1218-d236 @A: 22 02 24 29 | 04
#1219-d236 @A: 18 14 29 06 | 02
#1220-d236 @A: 28 29 13 06 | 12
#1221-d236 @A: 15 04 29 12 | 08
#1222-d236 @A: 25 34 11 15 | 06
#1223-d236 @A: 32 31 16 11 | 11
#1224-d236 @A: 18 11 19 05 | 05
#1225-d236 @A: 11 26 20 12 | 01
#1226-d236 @A: 28 13 20 11 | 07
#1227-d236 @A: 09 14 11 06 | 03
#1228-d236 @A: 20 17 31 26 | 10
#1229-d236 @A: 26 17 32 25 | 09
#1230-d236 @A: 17 30 12 26 | 04
#1231-d236 @A: 21 02 18 17 | 02
#1232-d236 @A: 17 19 16 01 | 12
#1233-d236 @A: 21 15 17 14 | 08
#1234-d236 @A: 04 05 17 06 | 06
#1235-d236 @A: 17 20 06 10 | 11
#1236-d236 @A: 18 34 33 28 | 05
#1237-d236 @A: 26 34 33 20 | 01
#1238-d236 @A: 12 22 30 34 | 07
#1239-d236 @A: 10 34 13 30 | 03
#1240-d236 @A: 18 34 02 09 | 10
#1241-d236 @A: 12 21 34 01 | 09
#1242-d236 @A: 32 04 02 31 | 04
#1243-d236 @A: 05 22 31 33 | 02
#1244-d236 @A: 05 18 31 30 | 12
#1245-d236 @A: 18 31 12 26 | 08
#1246-d236 @A: 18 20 13 31 | 06
#1247-d236 @A: 32 28 24 10 | 11
#1248-d236 @A: 14 13 19 32 | 05
#1249-d236 @A: 32 06 16 19 | 01
#1250-d236 @A: 15 12 19 32 | 07
#1251-d236 @A: 16 15 20 32 | 03
#1252-d236 @A: 09 01 32 12 | 10
#1253-d236 @A: 06 04 32 25 | 09
#1254-d236 @A: 26 33 18 01 | 04
#1255-d236 @A: 28 12 21 33 | 02
#1256-d236 @A: 16 20 19 33 | 12
#1257-d236 @A: 06 19 33 10 | 08
#1258-d236 @A: 30 10 19 28 | 06
#1259-d236 @A: 04 30 13 16 | 11
#1260-d236 @A: 01 19 06 30 | 05
#1261-d236 @A: 22 19 18 26 | 01
#1262-d236 @A: 13 28 16 22 | 07
#1263-d236 @A: 24 04 22 28 | 03
#1264-d236 @A: 10 16 18 14 | 10
#1265-d236 @A: 10 09 18 25 | 09
#1266-d236 @A: 02 26 13 06 | 04
#1267-d236 @A: 12 02 14 26 | 02
#1268-d236 @A: 02 25 09 26 | 12
#1269-d236 @A: 01 26 25 13 | 08
#1270-d236 @A: 05 19 26 06 | 06
#1271-d236 @A: 05 26 01 24 | 11
#1272-d236 @A: 24 09 04 26 | 05
#1273-d236 @A: 14 06 02 28 | 01
#1274-d236 @A: 01 12 02 13 | 07
#1275-d236 @A: 30 27 12 23 | 03
#1276-d236 @A: 27 09 15 23 | 10
#1277-d236 @A: 07 33 25 27 | 09
#1278-d236 @A: 05 27 17 29 | 04
#1279-d236 @A: 29 27 12 16 | 02
#1280-d236 @A: 14 27 11 33 | 12
#1281-d236 @A: 17 24 20 27 | 08
#1282-d236 @A: 01 27 22 33 | 06
#1283-d236 @A: 02 19 18 27 | 11
#1284-d236 @A: 25 06 27 18 | 05
#1285-d236 @A: 13 27 02 28 | 01
#1286-d236 @A: 13 27 20 15 | 07
#1287-d236 @A: 01 27 19 09 | 03
#1288-d236 @A: 24 10 15 27 | 10
#1289-d236 @A: 25 35 23 31 | 09
#1290-d236 @A: 23 06 18 35 | 04
#1291-d236 @A: 30 35 07 06 | 02
#1292-d236 @A: 20 01 07 35 | 12
#1293-d236 @A: 13 18 03 35 | 08
#1294-d236 @A: 19 03 35 02 | 06
#1295-d236 @A: 29 35 12 10 | 11
#1296-d236 @A: 24 19 35 31 | 05
#1297-d236 @A: 02 35 15 33 | 01
#1298-d236 @A: 30 02 35 16 | 07
#1299-d236 @A: 15 14 35 24 | 03
#1300-d236 @A: 06 21 10 35 | 10
#1301-d236 @A: 34 23 22 07 | 09
#1302-d236 @A: 33 03 23 32 | 04
#1303-d236 @A: 05 29 23 30 | 02
#1304-d236 @A: 30 22 23 11 | 12
#1305-d236 @A: 02 01 23 11 | 08
#1306-d236 @A: 13 11 15 23 | 06
#1307-d236 @A: 17 23 05 34 | 11
#1308-d236 @A: 34 23 06 04 | 05
#1309-d236 @A: 21 02 23 32 | 01
#1310-d236 @A: 30 23 01 14 | 07
#1311-d236 @A: 28 12 13 23 | 03
#1312-d236 @A: 05 23 21 19 | 10
#1313-d236 @A: 12 21 23 09 | 09
#1314-d236 @A: 21 24 06 23 | 04
#1315-d236 @A: 29 07 19 08 | 02
#1316-d236 @A: 13 03 07 32 | 12
#1317-d236 @A: 14 30 29 07 | 08
#1318-d236 @A: 12 24 07 30 | 06
#1319-d236 @A: 07 01 22 04 | 11
#1320-d236 @A: 24 16 13 07 | 05
#1321-d236 @A: 07 19 15 05 | 01
#1322-d236 @A: 25 07 20 09 | 07
#1323-d236 @A: 14 17 03 08 | 03
#1324-d236 @A: 03 15 08 20 | 10
#1325-d236 @A: 08 30 29 17 | 09
#1326-d236 @A: 25 08 26 29 | 04
#1327-d236 @A: 26 11 04 08 | 02
#1328-d236 @A: 31 05 08 17 | 12
#1329-d236 @A: 31 09 08 18 | 08
#1330-d236 @A: 24 08 15 31 | 06
#1331-d236 @A: 33 08 21 02 | 11
#1332-d236 @A: 18 24 28 08 | 05
#1333-d236 @A: 14 04 08 02 | 01
#1334-d236 @A: 14 24 08 02 | 07
#1335-d236 @A: 08 14 10 28 | 03
#1336-d236 @A: 15 08 13 12 | 10
#1337-d236 @A: 19 12 20 08 | 09
#1338-d236 @A: 29 11 03 13 | 04
#1339-d236 @A: 06 17 03 30 | 02
#1340-d236 @A: 22 05 17 03 | 12
#1341-d236 @A: 09 03 28 31 | 08
#1342-d236 @A: 32 30 10 03 | 06
#1343-d236 @A: 32 12 03 26 | 11
#1344-d236 @A: 30 22 01 03 | 05
#1345-d236 @A: 22 03 28 14 | 01
#1346-d236 @A: 28 03 24 01 | 07
#1347-d236 @A: 12 14 03 10 | 03
#1348-d236 @A: 04 21 20 03 | 10
#1349-d236 @A: 12 29 31 11 | 09
#1350-d236 @A: 15 33 29 17 | 04
#1351-d236 @A: 29 04 10 22 | 02
#1352-d236 @A: 04 19 13 29 | 12
#1353-d236 @A: 16 14 13 29 | 08
#1354-d236 @A: 24 29 21 16 | 06
#1355-d236 @A: 17 22 15 11 | 11
#1356-d236 @A: 28 32 25 11 | 05
#1357-d236 @A: 11 33 24 26 | 01
#1358-d236 @A: 18 11 22 12 | 07
#1359-d236 @A: 02 18 11 06 | 03
#1360-d236 @A: 11 12 05 13 | 10
#1361-d236 @A: 05 11 10 04 | 09
#1362-d236 @A: 24 04 11 20 | 04
#1363-d236 @A: 16 17 31 04 | 02
#1364-d236 @A: 14 17 02 32 | 12
#1365-d236 @A: 14 33 18 17 | 08
#1366-d236 @A: 30 24 26 17 | 06
#1367-d236 @A: 17 02 12 24 | 11
#1368-d236 @A: 17 28 20 04 | 05
#1369-d236 @A: 01 17 10 15 | 01
#1370-d236 @A: 09 17 12 06 | 07
#1371-d236 @A: 32 28 02 34 | 03
#1372-d236 @A: 24 02 09 34 | 10
#1373-d236 @A: 34 05 28 24 | 09
#1374-d236 @A: 05 13 20 34 | 04
#1375-d236 @A: 34 15 19 06 | 02
#1376-d236 @A: 14 04 34 16 | 12
#1377-d236 @A: 31 26 22 04 | 08
#1378-d236 @A: 15 21 31 01 | 06
#1379-d236 @A: 10 05 06 31 | 11
#1380-d236 @A: 19 32 22 02 | 05
#1381-d236 @A: 18 20 32 19 | 01
#1382-d236 @A: 25 01 19 32 | 07
#1383-d236 @A: 32 14 12 06 | 03
#1384-d236 @A: 32 05 01 20 | 10
#1385-d236 @A: 10 32 15 05 | 09
#1386-d236 @A: 22 18 33 10 | 04
#1387-d236 @A: 28 33 05 25 | 02
#1388-d236 @A: 15 30 28 12 | 12
#1389-d236 @A: 04 10 30 15 | 08
#1390-d236 @A: 09 22 26 20 | 06
#1391-d236 @A: 25 22 21 28 | 11
#1392-d236 @A: 22 25 13 06 | 05
#1393-d236 @A: 22 24 19 06 | 01
#1394-d236 @A: 05 12 22 16 | 07
#1395-d236 @A: 14 12 24 22 | 03
#1396-d236 @A: 28 18 25 19 | 10
#1397-d236 @A: 05 16 26 28 | 09
#1398-d236 @A: 19 02 14 05 | 04
#1399-d236 @A: 20 02 14 10 | 02
#1400-d236 @A: 19 20 28 24 | 12
#1401-d236 @A: 24 05 13 04 | 08
#1402-d236 @A: 24 20 01 16 | 06
#1403-d236 @A: 10 27 35 23 | 11
#1404-d236 @A: 35 27 02 12 | 05
#1405-d236 @A: 23 32 19 27 | 01
#1406-d236 @A: 26 27 23 05 | 07
#1407-d236 @A: 04 02 23 27 | 03
#1408-d236 @A: 08 34 27 04 | 10
#1409-d236 @A: 12 27 08 32 | 09
#1410-d236 @A: 34 11 27 28 | 04
#1411-d236 @A: 27 31 01 30 | 02
#1412-d236 @A: 16 33 18 27 | 12
#1413-d236 @A: 09 02 33 27 | 08
#1414-d236 @A: 20 16 27 05 | 06
#1415-d236 @A: 16 25 01 27 | 11
#1416-d236 @A: 10 27 04 16 | 05
#1417-d236 @A: 21 27 01 06 | 01
#1418-d236 @A: 25 15 12 27 | 07
#1419-d236 @A: 08 23 13 35 | 03
#1420-d236 @A: 16 35 23 11 | 10
#1421-d236 @A: 07 03 35 33 | 09
#1422-d236 @A: 19 35 07 31 | 04
#1423-d236 @A: 07 35 14 32 | 02
#1424-d236 @A: 26 35 08 20 | 12
#1425-d236 @A: 35 01 02 08 | 08
#1426-d236 @A: 35 06 24 29 | 06
#1427-d236 @A: 34 04 35 11 | 11
#1428-d236 @A: 34 33 35 06 | 05
#1429-d236 @A: 16 34 10 35 | 01
#1430-d236 @A: 35 33 20 31 | 07
#1431-d236 @A: 35 33 01 09 | 03
#1432-d236 @A: 05 35 13 02 | 10
#1433-d236 @A: 35 24 04 02 | 09
#1434-d236 @A: 25 35 28 14 | 04
#1435-d236 @A: 28 10 35 01 | 02
#1436-d236 @A: 05 14 16 35 | 12
#1437-d236 @A: 35 20 04 06 | 08
#1438-d236 @A: 32 23 07 01 | 06
#1439-d236 @A: 23 14 11 08 | 11
#1440-d236 @A: 16 23 08 02 | 05
#1441-d236 @A: 33 23 29 12 | 01
#1442-d236 @A: 09 29 23 10 | 07
#1443-d236 @A: 15 32 23 17 | 03
#1444-d236 @A: 17 01 23 22 | 10
#1445-d236 @A: 23 24 25 32 | 09
#1446-d236 @A: 09 33 23 22 | 04
#1447-d236 @A: 23 15 33 28 | 02
#1448-d236 @A: 28 20 23 30 | 12
#1449-d236 @A: 13 19 06 23 | 08
#1450-d236 @A: 23 25 12 16 | 06
#1451-d236 @A: 04 23 25 09 | 11
#1452-d236 @A: 06 07 02 03 | 05
#1453-d236 @A: 29 32 07 09 | 01
#1454-d236 @A: 07 06 18 22 | 07
#1455-d236 @A: 24 10 26 07 | 03
#1456-d236 @A: 15 14 28 07 | 10
#1457-d236 @A: 13 05 14 07 | 09
#1458-d236 @A: 21 07 10 19 | 04
#1459-d236 @A: 20 07 04 19 | 02
#1460-d236 @A: 10 03 29 08 | 12
#1461-d236 @A: 01 11 08 03 | 08
#1462-d236 @A: 08 09 06 29 | 06
#1463-d236 @A: 11 08 18 21 | 11
#1464-d236 @A: 08 12 11 02 | 05
#1465-d236 @A: 28 08 30 26 | 01
#1466-d236 @A: 30 15 21 08 | 07
#1467-d236 @A: 08 01 22 13 | 03
#1468-d236 @A: 14 08 26 16 | 10
#1469-d236 @A: 06 20 08 28 | 09
#1470-d236 @A: 05 16 13 08 | 04
#1471-d236 @A: 16 08 21 25 | 02
#1472-d236 @A: 08 15 05 14 | 12
#1473-d236 @A: 12 09 25 08 | 08
#1474-d236 @A: 29 17 03 21 | 06
#1475-d236 @A: 34 29 03 25 | 11
#1476-d236 @A: 22 03 15 29 | 05
#1477-d236 @A: 03 28 29 20 | 01
#1478-d236 @A: 03 17 19 11 | 07
#1479-d236 @A: 09 17 03 24 | 03
#1480-d236 @A: 34 32 05 03 | 10
#1481-d236 @A: 34 03 24 13 | 09
#1482-d236 @A: 20 02 32 03 | 04
#1483-d236 @A: 26 33 19 03 | 02
#1484-d236 @A: 03 06 13 10 | 12
#1485-d236 @A: 21 03 16 14 | 08
#1486-d236 @A: 03 20 06 12 | 06
#1487-d236 @A: 34 04 29 30 | 11
#1488-d236 @A: 19 34 18 29 | 05
#1489-d236 @A: 33 31 29 14 | 01
#1490-d236 @A: 30 29 32 01 | 07
#1491-d236 @A: 19 29 32 28 | 03
#1492-d236 @A: 33 30 28 29 | 10
#1493-d236 @A: 21 18 29 26 | 09
#1494-d236 @A: 15 02 29 18 | 04
#1495-d236 @A: 29 26 13 05 | 02
#1496-d236 @A: 05 10 29 28 | 12
#1497-d236 @A: 15 01 29 28 | 08
#1498-d236 @A: 29 20 13 12 | 06
#1499-d236 @A: 21 29 14 04 | 11
#1500-d236 @A: 11 12 33 17 | 05
#1501-d236 @A: 17 11 30 28 | 01
#1502-d236 @A: 24 28 17 11 | 07
#1503-d236 @A: 31 01 22 11 | 03
#1504-d236 @A: 26 11 32 14 | 10
#1505-d236 @A: 06 28 33 11 | 09
#1506-d236 @A: 25 24 11 02 | 04
#1507-d236 @A: 21 11 16 13 | 02
#1508-d236 @A: 19 16 04 11 | 12
#1509-d236 @A: 11 21 19 01 | 08
#1510-d236 @A: 10 21 20 11 | 06
#1511-d236 @A: 12 10 15 11 | 11
#1512-d236 @A: 13 02 34 17 | 05
#1513-d236 @A: 10 17 09 33 | 01
#1514-d236 @A: 16 15 30 17 | 07
#1515-d236 @A: 17 18 28 26 | 03
#1516-d236 @A: 17 04 14 01 | 10
#1517-d236 @A: 33 34 15 31 | 09
#1518-d236 @A: 04 32 26 34 | 04
#1519-d236 @A: 12 05 15 34 | 02
#1520-d236 @A: 25 06 34 10 | 12
#1521-d236 @A: 06 33 18 31 | 08
#1522-d236 @A: 02 16 33 31 | 06
#1523-d236 @A: 21 30 31 20 | 11
#1524-d236 @A: 02 21 31 22 | 05
#1525-d236 @A: 15 31 28 13 | 01
#1526-d236 @A: 12 32 33 05 | 07
#1527-d236 @A: 30 21 26 32 | 03
#1528-d236 @A: 16 01 14 32 | 10
#1529-d236 @A: 06 21 32 05 | 09
#1530-d236 @A: 21 12 32 20 | 04
#1531-d236 @A: 12 33 04 19 | 02
#1532-d236 @A: 15 25 10 33 | 12
#1533-d236 @A: 21 24 04 30 | 08
#1534-d236 @A: 22 21 15 19 | 06
#1535-d236 @A: 09 22 12 19 | 11
#1536-d236 @A: 01 05 22 14 | 05
#1537-d236 @A: 12 22 14 25 | 01
#1538-d236 @A: 28 18 20 09 | 07
#1539-d236 @A: 14 18 04 13 | 03
#1540-d236 @A: 05 10 18 13 | 10
#1541-d236 @A: 19 24 05 18 | 09
#1542-d236 @A: 16 18 09 24 | 04
#1543-d236 @A: 25 18 20 21 | 02
#1544-d236 @A: 09 04 21 18 | 12
#1545-d236 @A: 21 28 04 26 | 08
#1546-d236 @A: 14 20 26 06 | 06
#1547-d236 @A: 26 14 01 09 | 11
#1548-d236 @A: 09 26 12 05 | 05
#1549-d236 @A: 28 19 21 02 | 01
#1550-d236 @A: 13 19 02 10 | 07
#1551-d236 @A: 02 24 01 13 | 03
#1552-d236 @A: 16 10 02 24 | 10
#1553-d236 @A: 24 20 02 06 | 09
#1554-d236 @A: 24 28 06 16 | 04
#1555-d236 @A: 28 25 24 21 | 02
#1556-d236 @A: 16 04 15 24 | 12
#1557-d236 @A: 27 32 31 35 | 08
#1558-d236 @A: 23 27 14 34 | 06
#1559-d236 @A: 23 27 21 18 | 11
#1560-d236 @A: 07 19 11 27 | 05
#1561-d236 @A: 07 30 27 28 | 01
#1562-d236 @A: 27 05 08 03 | 07
#1563-d236 @A: 30 27 16 08 | 03
#1564-d236 @A: 27 33 03 20 | 10
#1565-d236 @A: 27 29 24 32 | 09
#1566-d236 @A: 33 27 29 10 | 04
#1567-d236 @A: 16 31 27 26 | 02
#1568-d236 @A: 24 02 27 31 | 12
#1569-d236 @A: 14 22 27 26 | 08
#1570-d236 @A: 14 15 27 16 | 06
#1571-d236 @A: 26 15 35 23 | 11
#1572-d236 @A: 08 07 35 09 | 05
#1573-d236 @A: 35 17 07 16 | 01
#1574-d236 @A: 08 10 35 33 | 07
#1575-d236 @A: 35 12 11 30 | 03
#1576-d236 @A: 20 17 22 35 | 10
#1577-d236 @A: 35 19 16 13 | 09
#1578-d236 @A: 25 13 35 04 | 04
#1579-d236 @A: 19 20 35 10 | 02
#1580-d236 @A: 09 35 21 14 | 12
#1581-d236 @A: 05 10 07 23 | 08
#1582-d236 @A: 20 05 23 08 | 06
#1583-d236 @A: 20 23 03 17 | 11
#1584-d236 @A: 06 29 23 26 | 05
#1585-d236 @A: 19 33 11 23 | 01
#1586-d236 @A: 06 23 10 11 | 07
#1587-d236 @A: 24 22 23 17 | 03
#1588-d236 @A: 23 10 26 30 | 10
#1589-d236 @A: 25 23 22 02 | 09
#1590-d236 @A: 23 24 18 04 | 04
#1591-d236 @A: 23 01 16 13 | 02
#1592-d236 @A: 04 05 13 23 | 12
#1593-d236 @A: 16 22 08 07 | 08
#1594-d236 @A: 09 07 34 03 | 06
#1595-d236 @A: 07 01 31 03 | 11
#1596-d236 @A: 10 31 07 29 | 05
#1597-d236 @A: 07 26 28 29 | 01
#1598-d236 @A: 09 22 11 07 | 07
#1599-d236 @A: 07 17 32 21 | 03
#1600-d236 @A: 07 33 09 18 | 10
#1601-d236 @A: 18 21 07 30 | 09
#1602-d236 @A: 07 10 30 20 | 04
#1603-d236 @A: 07 06 19 28 | 02
#1604-d236 @A: 07 12 20 16 | 12
#1605-d236 @A: 07 24 20 25 | 08
#1606-d236 @A: 01 10 07 12 | 06
#1607-d236 @A: 28 18 08 03 | 11
#1608-d236 @A: 29 08 14 32 | 05
#1609-d236 @A: 20 11 08 30 | 01
#1610-d236 @A: 25 17 24 08 | 07
#1611-d236 @A: 01 08 34 10 | 03
#1612-d236 @A: 18 30 32 08 | 10
#1613-d236 @A: 30 08 01 05 | 09
#1614-d236 @A: 13 08 14 06 | 04
#1615-d236 @A: 09 08 13 21 | 02
#1616-d236 @A: 08 05 06 12 | 12
#1617-d236 @A: 04 12 08 24 | 08
#1618-d236 @A: 03 26 14 29 | 06
#1619-d236 @A: 03 04 34 02 | 11
#1620-d236 @A: 04 03 31 33 | 05
#1621-d236 @A: 03 18 30 24 | 01
#1622-d236 @A: 16 12 18 03 | 07
#1623-d236 @A: 03 09 21 25 | 03
#1624-d236 @A: 04 09 03 10 | 10
#1625-d236 @A: 19 29 02 11 | 09
#1626-d236 @A: 02 17 12 29 | 04
#1627-d236 @A: 22 30 29 19 | 02
#1628-d236 @A: 29 16 22 18 | 12
#1629-d236 @A: 15 19 16 29 | 08
#1630-d236 @A: 09 29 15 25 | 06
#1631-d236 @A: 17 31 11 21 | 11
#1632-d236 @A: 18 11 04 17 | 05
#1633-d236 @A: 19 34 11 31 | 01
#1634-d236 @A: 34 11 30 33 | 07
#1635-d236 @A: 13 26 34 11 | 03
#1636-d236 @A: 06 11 34 24 | 10
#1637-d236 @A: 01 11 30 16 | 09
#1638-d236 @A: 11 26 22 05 | 04
#1639-d236 @A: 31 17 14 19 | 02
#1640-d236 @A: 18 17 32 24 | 12
#1641-d236 @A: 32 05 16 17 | 08
#1642-d236 @A: 17 19 28 09 | 06
#1643-d236 @A: 17 12 05 19 | 11
#1644-d236 @A: 14 24 17 16 | 05
#1645-d236 @A: 34 31 04 28 | 01
#1646-d236 @A: 30 32 14 34 | 07
#1647-d236 @A: 34 22 04 33 | 03
#1648-d236 @A: 06 18 34 26 | 10
#1649-d236 @A: 34 21 25 05 | 09
#1650-d236 @A: 01 34 06 09 | 04
#1651-d236 @A: 34 06 24 10 | 02
#1652-d236 @A: 33 31 01 12 | 12
#1653-d236 @A: 25 28 31 06 | 08
#1654-d236 @A: 31 10 19 01 | 06
#1655-d236 @A: 14 31 25 01 | 11
#1656-d236 @A: 31 10 24 25 | 05
#1657-d236 @A: 30 32 06 33 | 01
#1658-d236 @A: 32 14 18 25 | 07
#1659-d236 @A: 15 06 02 32 | 03
#1660-d236 @A: 01 10 04 32 | 10
#1661-d236 @A: 24 22 13 33 | 09
#1662-d236 @A: 25 02 04 33 | 04
#1663-d236 @A: 30 09 25 22 | 02
#1664-d236 @A: 18 14 30 02 | 12
#1665-d236 @A: 09 21 28 30 | 08
#1666-d236 @A: 30 05 25 13 | 06
#1667-d236 @A: 30 09 04 19 | 11
#1668-d236 @A: 30 16 25 14 | 05
#1669-d236 @A: 10 05 16 30 | 01
#1670-d236 @A: 14 09 12 30 | 07
#1671-d236 @A: 09 10 01 30 | 03
#1672-d236 @A: 15 30 06 25 | 10
#1673-d236 @A: 13 09 05 22 | 09
#1674-d236 @A: 22 01 21 16 | 04
#1675-d236 @A: 10 22 21 09 | 02
#1676-d236 @A: 22 12 01 06 | 12
#1677-d236 @A: 13 01 18 28 | 08
#1678-d236 @A: 18 14 05 28 | 06
#1679-d236 @A: 15 28 18 21 | 11
#1680-d236 @A: 04 18 19 06 | 05
#1681-d236 @A: 12 18 15 20 | 01
#1682-d236 @A: 15 13 26 16 | 07
#1683-d236 @A: 26 25 24 14 | 03
#1684-d236 @A: 20 05 26 25 | 10
#1685-d236 @A: 02 12 28 05 | 09
#1686-d236 @A: 04 28 09 02 | 04
#1687-d236 @A: 10 02 01 16 | 02
#1688-d236 @A: 20 06 05 02 | 12
#1689-d236 @A: 24 09 28 12 | 08
