#0001-d118 @A: 23 08 30 03 | 09
#0002-d118 @A: 23 24 14 01 | 08
#0003-d118 @A: 23 18 24 31 | 01
#0004-d118 @A: 06 34 23 24 | 07
#0005-d118 @A: 26 27 23 08 | 10
#0006-d118 @A: 30 22 19 23 | 06
#0007-d118 @A: 32 23 16 29 | 02
#0008-d118 @A: 35 23 16 04 | 05
#0009-d118 @A: 08 34 23 35 | 03
#0010-d118 @A: 27 20 23 21 | 11
#0011-d118 @A: 27 11 06 23 | 12
#0012-d118 @A: 02 23 34 17 | 04
#0013-d118 @A: 08 17 23 13 | 09
#0014-d118 @A: 21 23 25 06 | 08
#0015-d118 @A: 15 12 07 03 | 01
#0016-d118 @A: 16 24 07 02 | 07
#0017-d118 @A: 33 24 07 18 | 10
#0018-d118 @A: 08 24 06 07 | 06
#0019-d118 @A: 35 07 19 26 | 02
#0020-d118 @A: 25 26 07 27 | 05
#0021-d118 @A: 32 22 07 20 | 03
#0022-d118 @A: 07 16 08 20 | 11
#0023-d118 @A: 14 10 07 16 | 12
#0024-d118 @A: 07 29 11 32 | 04
#0025-d118 @A: 32 08 07 04 | 09
#0026-d118 @A: 10 09 35 07 | 08
#0027-d118 @A: 09 07 17 20 | 01
#0028-d118 @A: 08 17 35 07 | 07
#0029-d118 @A: 27 11 10 07 | 10
#0030-d118 @A: 14 07 34 28 | 06
#0031-d118 @A: 06 18 07 02 | 02
#0032-d118 @A: 34 07 02 13 | 05
#0033-d118 @A: 19 33 07 01 | 03
#0034-d118 @A: 06 07 17 33 | 11
#0035-d118 @A: 07 33 21 28 | 12
#0036-d118 @A: 31 07 13 29 | 04
#0037-d118 @A: 09 15 03 06 | 09
#0038-d118 @A: 03 18 25 15 | 08
#0039-d118 @A: 02 15 03 04 | 01
#0040-d118 @A: 03 22 05 32 | 07
#0041-d118 @A: 03 10 16 09 | 10
#0042-d118 @A: 21 03 14 35 | 06
#0043-d118 @A: 35 03 02 17 | 02
#0044-d118 @A: 34 03 14 08 | 05
#0045-d118 @A: 19 12 14 03 | 03
#0046-d118 @A: 28 03 18 11 | 11
#0047-d118 @A: 25 03 01 33 | 12
#0048-d118 @A: 13 04 05 03 | 04
#0049-d118 @A: 30 03 10 06 | 09
#0050-d118 @A: 12 33 29 03 | 08
#0051-d118 @A: 03 13 30 33 | 01
#0052-d118 @A: 04 24 32 33 | 07
#0053-d118 @A: 27 30 02 24 | 10
#0054-d118 @A: 27 04 29 24 | 06
#0055-d118 @A: 12 27 21 24 | 02
#0056-d118 @A: 14 25 31 24 | 05
#0057-d118 @A: 12 01 28 24 | 03
#0058-d118 @A: 24 06 19 31 | 11
#0059-d118 @A: 10 24 25 12 | 12
#0060-d118 @A: 24 30 29 25 | 04
#0061-d118 @A: 10 27 26 15 | 09
#0062-d118 @A: 11 05 15 26 | 08
#0063-d118 @A: 08 22 26 04 | 01
#0064-d118 @A: 16 10 34 26 | 07
#0065-d118 @A: 29 26 02 32 | 10
#0066-d118 @A: 08 26 14 09 | 06
#0067-d118 @A: 35 10 26 14 | 02
#0068-d118 @A: 27 14 13 26 | 05
#0069-d118 @A: 04 01 18 26 | 03
#0070-d118 @A: 02 31 34 26 | 11
#0071-d118 @A: 10 13 26 28 | 12
#0072-d118 @A: 31 26 30 19 | 04
#0073-d118 @A: 29 08 26 12 | 09
#0074-d118 @A: 25 30 21 26 | 08
#0075-d118 @A: 15 22 05 16 | 01
#0076-d118 @A: 32 22 06 15 | 07
#0077-d118 @A: 15 10 22 14 | 10
#0078-d118 @A: 21 11 09 15 | 06
#0079-d118 @A: 30 35 01 15 | 02
#0080-d118 @A: 28 15 35 08 | 05
#0081-d118 @A: 10 20 15 11 | 03
#0082-d118 @A: 17 20 15 13 | 11
#0083-d118 @A: 15 02 33 27 | 12
#0084-d118 @A: 06 15 01 05 | 04
#0085-d118 @A: 15 10 13 01 | 09
#0086-d118 @A: 10 29 15 08 | 08
#0087-d118 @A: 01 22 32 18 | 01
#0088-d118 @A: 34 22 10 32 | 07
#0089-d118 @A: 01 20 17 22 | 10
#0090-d118 @A: 27 05 18 22 | 06
#0091-d118 @A: 22 14 11 31 | 02
#0092-d118 @A: 04 22 06 34 | 05
#0093-d118 @A: 06 05 21 22 | 03
#0094-d118 @A: 06 08 28 22 | 11
#0095-d118 @A: 12 06 22 25 | 12
#0096-d118 @A: 18 16 31 09 | 04
#0097-d118 @A: 11 19 20 16 | 09
#0098-d118 @A: 25 14 16 02 | 08
#0099-d118 @A: 16 14 19 04 | 01
#0100-d118 @A: 34 16 33 08 | 07
#0101-d118 @A: 16 06 05 28 | 10
#0102-d118 @A: 32 18 09 17 | 06
#0103-d118 @A: 20 08 02 32 | 02
#0104-d118 @A: 11 04 27 32 | 05
#0105-d118 @A: 27 32 06 08 | 03
#0106-d118 @A: 05 29 32 21 | 11
#0107-d118 @A: 06 04 25 32 | 12
#0108-d118 @A: 29 13 32 04 | 04
#0109-d118 @A: 27 09 12 20 | 09
#0110-d118 @A: 11 09 27 31 | 08
#0111-d118 @A: 09 05 27 28 | 01
#0112-d118 @A: 09 12 01 19 | 07
#0113-d118 @A: 04 12 17 09 | 10
#0114-d118 @A: 09 13 31 30 | 06
#0115-d118 @A: 33 14 20 35 | 02
#0116-d118 @A: 17 20 11 35 | 05
#0117-d118 @A: 35 27 01 11 | 03
#0118-d118 @A: 27 17 06 35 | 11
#0119-d118 @A: 35 06 25 01 | 12
#0120-d118 @A: 35 01 33 29 | 04
#0121-d118 @A: 08 35 10 05 | 09
#0122-d118 @A: 19 04 31 35 | 08
#0123-d118 @A: 35 25 29 04 | 01
#0124-d118 @A: 17 11 20 08 | 07
#0125-d118 @A: 20 30 28 25 | 10
#0126-d118 @A: 20 31 06 10 | 06
#0127-d118 @A: 27 14 21 08 | 02
#0128-d118 @A: 25 01 28 27 | 05
#0129-d118 @A: 13 27 30 28 | 03
#0130-d118 @A: 11 02 05 14 | 11
#0131-d118 @A: 10 21 01 14 | 12
#0132-d118 @A: 08 30 12 14 | 04
#0133-d118 @A: 18 25 10 05 | 09
#0134-d118 @A: 12 18 04 19 | 08
#0135-d118 @A: 02 17 33 01 | 01
#0136-d118 @A: 01 30 31 02 | 07
#0137-d118 @A: 25 10 17 02 | 10
#0138-d118 @A: 30 13 02 06 | 06
#0139-d118 @A: 33 08 02 04 | 02
#0140-d118 @A: 29 19 31 11 | 05
#0141-d118 @A: 11 04 10 30 | 03
#0142-d118 @A: 25 28 34 08 | 11
#0143-d118 @A: 25 34 13 29 | 12
#0144-d118 @A: 08 19 30 01 | 04
#0145-d118 @A: 04 07 24 23 | 09
#0146-d118 @A: 35 07 20 23 | 08
#0147-d118 @A: 23 07 30 11 | 01
#0148-d118 @A: 07 17 21 23 | 07
#0149-d118 @A: 23 07 28 06 | 10
#0150-d118 @A: 03 19 23 09 | 06
#0151-d118 @A: 23 03 04 11 | 02
#0152-d118 @A: 27 24 23 33 | 05
#0153-d118 @A: 25 32 26 23 | 03
#0154-d118 @A: 18 23 15 30 | 11
#0155-d118 @A: 28 23 34 16 | 12
#0156-d118 @A: 23 28 32 18 | 04
#0157-d118 @A: 32 23 31 08 | 09
#0158-d118 @A: 09 14 30 23 | 08
#0159-d118 @A: 14 23 35 12 | 01
#0160-d118 @A: 30 23 28 05 | 07
#0161-d118 @A: 13 23 25 28 | 10
#0162-d118 @A: 23 13 31 12 | 06
#0163-d118 @A: 03 07 01 24 | 02
#0164-d118 @A: 09 05 07 24 | 05
#0165-d118 @A: 25 24 34 07 | 03
#0166-d118 @A: 29 07 22 16 | 11
#0167-d118 @A: 07 01 22 09 | 12
#0168-d118 @A: 22 18 30 07 | 04
#0169-d118 @A: 08 07 01 22 | 09
#0170-d118 @A: 08 07 29 22 | 08
#0171-d118 @A: 10 07 21 32 | 01
#0172-d118 @A: 14 07 18 13 | 07
#0173-d118 @A: 04 34 05 07 | 10
#0174-d118 @A: 21 06 07 04 | 06
#0175-d118 @A: 29 07 21 12 | 02
#0176-d118 @A: 16 31 03 24 | 05
#0177-d118 @A: 24 32 03 29 | 03
#0178-d118 @A: 21 03 26 22 | 11
#0179-d118 @A: 26 03 17 08 | 12
#0180-d118 @A: 17 03 22 15 | 04
#0181-d118 @A: 08 05 22 03 | 09
#0182-d118 @A: 01 35 03 32 | 08
#0183-d118 @A: 19 11 32 03 | 01
#0184-d118 @A: 25 09 02 03 | 07
#0185-d118 @A: 06 27 03 29 | 10
#0186-d118 @A: 02 03 18 21 | 06
#0187-d118 @A: 31 03 19 10 | 02
#0188-d118 @A: 29 30 03 04 | 05
#0189-d118 @A: 15 04 24 14 | 03
#0190-d118 @A: 18 17 24 15 | 11
#0191-d118 @A: 22 32 16 24 | 12
#0192-d118 @A: 29 11 24 16 | 04
#0193-d118 @A: 35 05 11 24 | 09
#0194-d118 @A: 11 04 24 20 | 08
#0195-d118 @A: 04 24 17 21 | 01
#0196-d118 @A: 17 24 10 33 | 07
#0197-d118 @A: 35 22 13 26 | 10
#0198-d118 @A: 22 26 33 11 | 06
#0199-d118 @A: 26 22 34 01 | 02
#0200-d118 @A: 26 32 20 01 | 05
#0201-d118 @A: 26 06 01 09 | 03
#0202-d118 @A: 35 18 26 31 | 11
#0203-d118 @A: 17 34 26 35 | 12
#0204-d118 @A: 11 27 29 26 | 04
#0205-d118 @A: 30 26 27 04 | 09
#0206-d118 @A: 21 06 14 26 | 08
#0207-d118 @A: 04 12 14 26 | 01
#0208-d118 @A: 14 25 29 26 | 07
#0209-d118 @A: 11 02 04 26 | 10
#0210-d118 @A: 01 26 29 31 | 06
#0211-d118 @A: 26 17 25 04 | 02
#0212-d118 @A: 21 04 19 26 | 05
#0213-d118 @A: 13 26 33 31 | 03
#0214-d118 @A: 22 27 15 12 | 11
#0215-d118 @A: 09 16 15 29 | 12
#0216-d118 @A: 28 15 16 18 | 04
#0217-d118 @A: 15 11 16 01 | 09
#0218-d118 @A: 09 15 12 02 | 08
#0219-d118 @A: 09 15 05 08 | 01
#0220-d118 @A: 15 17 14 35 | 07
#0221-d118 @A: 04 15 35 34 | 10
#0222-d118 @A: 06 19 15 28 | 06
#0223-d118 @A: 13 04 19 15 | 02
#0224-d118 @A: 10 19 15 25 | 05
#0225-d118 @A: 13 31 15 06 | 03
#0226-d118 @A: 31 33 15 25 | 11
#0227-d118 @A: 31 16 02 22 | 12
#0228-d118 @A: 22 32 35 12 | 04
#0229-d118 @A: 14 09 22 13 | 09
#0230-d118 @A: 02 14 22 30 | 08
#0231-d118 @A: 22 08 18 34 | 01
#0232-d118 @A: 22 01 21 12 | 07
#0233-d118 @A: 05 22 30 12 | 10
#0234-d118 @A: 29 17 22 06 | 06
#0235-d118 @A: 13 33 08 22 | 02
#0236-d118 @A: 20 31 32 16 | 05
#0237-d118 @A: 08 29 09 16 | 03
#0238-d118 @A: 21 02 16 27 | 11
#0239-d118 @A: 34 13 14 16 | 12
#0240-d118 @A: 16 13 12 01 | 04
#0241-d118 @A: 25 08 16 06 | 09
#0242-d118 @A: 32 29 35 08 | 08
#0243-d118 @A: 34 32 27 17 | 01
#0244-d118 @A: 01 32 02 11 | 07
#0245-d118 @A: 21 17 13 32 | 10
#0246-d118 @A: 29 14 09 01 | 06
#0247-d118 @A: 09 21 12 14 | 02
#0248-d118 @A: 06 05 18 09 | 05
#0249-d118 @A: 30 01 04 09 | 03
#0250-d118 @A: 09 05 10 29 | 11
#0251-d118 @A: 19 04 29 09 | 12
#0252-d118 @A: 29 06 09 31 | 04
#0253-d118 @A: 13 33 09 10 | 09
#0254-d118 @A: 05 20 35 27 | 08
#0255-d118 @A: 35 29 27 02 | 01
#0256-d118 @A: 01 05 35 21 | 07
#0257-d118 @A: 35 01 31 17 | 10
#0258-d118 @A: 13 05 35 30 | 06
#0259-d118 @A: 35 06 29 30 | 02
#0260-d118 @A: 14 18 20 31 | 05
#0261-d118 @A: 14 06 11 20 | 03
#0262-d118 @A: 12 20 29 11 | 11
#0263-d118 @A: 20 21 13 19 | 12
#0264-d118 @A: 10 30 20 12 | 04
#0265-d118 @A: 13 08 20 25 | 09
#0266-d118 @A: 01 05 27 13 | 08
#0267-d118 @A: 17 25 01 14 | 01
#0268-d118 @A: 19 21 17 14 | 07
#0269-d118 @A: 21 14 25 13 | 10
#0270-d118 @A: 28 13 18 21 | 06
#0271-d118 @A: 04 33 21 18 | 02
#0272-d118 @A: 18 30 29 21 | 05
#0273-d118 @A: 25 01 34 02 | 03
#0274-d118 @A: 02 28 29 30 | 11
#0275-d118 @A: 19 08 25 02 | 12
#0276-d118 @A: 31 06 02 33 | 04
#0277-d118 @A: 34 33 30 11 | 09
#0278-d118 @A: 11 28 01 04 | 08
#0279-d118 @A: 11 10 12 28 | 01
#0280-d118 @A: 30 08 11 13 | 07
#0281-d118 @A: 29 30 17 34 | 10
#0282-d118 @A: 28 13 34 04 | 06
#0283-d118 @A: 10 34 30 25 | 02
#0284-d118 @A: 13 04 08 05 | 05
#0285-d118 @A: 27 23 13 07 | 03
#0286-d118 @A: 23 02 07 01 | 11
#0287-d118 @A: 03 23 16 22 | 12
#0288-d118 @A: 03 23 21 30 | 04
#0289-d118 @A: 23 22 24 12 | 09
#0290-d118 @A: 11 24 10 23 | 08
#0291-d118 @A: 14 28 26 23 | 01
#0292-d118 @A: 33 14 15 23 | 07
#0293-d118 @A: 11 23 22 13 | 10
#0294-d118 @A: 23 33 06 16 | 06
#0295-d118 @A: 23 35 32 21 | 02
#0296-d118 @A: 02 23 32 20 | 05
#0297-d118 @A: 27 23 17 09 | 03
#0298-d118 @A: 27 04 23 14 | 11
#0299-d118 @A: 21 05 23 31 | 12
#0300-d118 @A: 17 06 23 19 | 04
#0301-d118 @A: 23 25 33 17 | 09
#0302-d118 @A: 23 19 28 21 | 08
#0303-d118 @A: 25 19 23 29 | 01
#0304-d118 @A: 06 23 04 08 | 07
#0305-d118 @A: 31 23 30 25 | 10
#0306-d118 @A: 03 07 28 16 | 06
#0307-d118 @A: 21 24 07 22 | 02
#0308-d118 @A: 07 14 17 26 | 05
#0309-d118 @A: 22 07 04 15 | 03
#0310-d118 @A: 07 18 09 15 | 11
#0311-d118 @A: 07 35 01 18 | 12
#0312-d118 @A: 13 07 35 06 | 04
#0313-d118 @A: 29 20 05 07 | 09
#0314-d118 @A: 08 12 02 07 | 08
#0315-d118 @A: 21 19 08 07 | 01
#0316-d118 @A: 25 06 29 07 | 07
#0317-d118 @A: 24 28 03 17 | 10
#0318-d118 @A: 32 06 26 03 | 06
#0319-d118 @A: 15 01 34 03 | 02
#0320-d118 @A: 03 34 16 12 | 05
#0321-d118 @A: 16 03 01 04 | 03
#0322-d118 @A: 32 09 03 04 | 11
#0323-d118 @A: 28 27 32 03 | 12
#0324-d118 @A: 05 03 30 09 | 04
#0325-d118 @A: 13 29 09 03 | 09
#0326-d118 @A: 35 11 12 03 | 08
#0327-d118 @A: 14 03 27 33 | 01
#0328-d118 @A: 30 02 03 12 | 07
#0329-d118 @A: 28 05 12 03 | 10
#0330-d118 @A: 03 08 31 25 | 06
#0331-d118 @A: 27 24 26 19 | 02
#0332-d118 @A: 26 29 33 24 | 05
#0333-d118 @A: 15 24 08 19 | 03
#0334-d118 @A: 24 01 32 09 | 11
#0335-d118 @A: 06 24 20 32 | 12
#0336-d118 @A: 32 05 24 13 | 04
#0337-d118 @A: 35 24 09 04 | 09
#0338-d118 @A: 24 12 33 09 | 08
#0339-d118 @A: 18 24 25 20 | 01
#0340-d118 @A: 24 01 08 27 | 07
#0341-d118 @A: 24 27 06 05 | 10
#0342-d118 @A: 17 24 08 34 | 06
#0343-d118 @A: 05 19 04 24 | 02
#0344-d118 @A: 28 25 24 21 | 05
#0345-d118 @A: 06 12 30 24 | 03
#0346-d118 @A: 15 16 12 26 | 11
#0347-d118 @A: 15 34 26 33 | 12
#0348-d118 @A: 16 21 35 26 | 04
#0349-d118 @A: 31 16 26 14 | 09
#0350-d118 @A: 17 26 05 32 | 08
#0351-d118 @A: 27 06 26 34 | 01
#0352-d118 @A: 26 05 12 18 | 07
#0353-d118 @A: 26 29 06 18 | 10
#0354-d118 @A: 26 01 02 08 | 06
#0355-d118 @A: 26 17 13 01 | 02
#0356-d118 @A: 22 15 29 13 | 05
#0357-d118 @A: 17 15 16 32 | 03
#0358-d118 @A: 15 20 29 02 | 11
#0359-d118 @A: 05 15 34 27 | 12
#0360-d118 @A: 15 06 02 25 | 04
#0361-d118 @A: 15 10 06 17 | 09
#0362-d118 @A: 08 25 17 15 | 08
#0363-d118 @A: 20 22 16 13 | 01
#0364-d118 @A: 22 18 33 16 | 07
#0365-d118 @A: 09 31 22 35 | 10
#0366-d118 @A: 22 20 10 09 | 06
#0367-d118 @A: 33 22 28 35 | 02
#0368-d118 @A: 22 19 08 35 | 05
#0369-d118 @A: 01 29 22 05 | 03
#0370-d118 @A: 22 33 01 13 | 11
#0371-d118 @A: 10 04 22 19 | 12
#0372-d118 @A: 22 30 08 31 | 04
#0373-d118 @A: 16 01 14 32 | 09
#0374-d118 @A: 34 16 04 20 | 08
#0375-d118 @A: 29 16 01 27 | 01
#0376-d118 @A: 16 12 27 05 | 07
#0377-d118 @A: 17 02 04 16 | 10
#0378-d118 @A: 19 32 12 13 | 06
#0379-d118 @A: 32 21 25 12 | 02
#0380-d118 @A: 02 20 05 09 | 05
#0381-d118 @A: 27 06 09 30 | 03
#0382-d118 @A: 25 09 05 14 | 11
#0383-d118 @A: 09 01 31 33 | 12
#0384-d118 @A: 05 09 04 31 | 04
#0385-d118 @A: 08 12 19 09 | 09
#0386-d118 @A: 06 35 31 14 | 08
#0387-d118 @A: 35 04 01 12 | 01
#0388-d118 @A: 21 19 35 10 | 07
#0389-d118 @A: 19 18 27 20 | 10
#0390-d118 @A: 20 28 11 27 | 06
#0391-d118 @A: 20 17 02 31 | 02
#0392-d118 @A: 02 33 20 19 | 05
#0393-d118 @A: 12 31 04 20 | 03
#0394-d118 @A: 02 27 17 14 | 11
#0395-d118 @A: 18 31 27 34 | 12
#0396-d118 @A: 17 27 12 19 | 04
#0397-d118 @A: 33 17 30 27 | 09
#0398-d118 @A: 27 29 28 33 | 08
#0399-d118 @A: 27 25 33 21 | 01
#0400-d118 @A: 18 04 29 14 | 07
#0401-d118 @A: 04 18 08 14 | 10
#0402-d118 @A: 19 29 06 14 | 06
#0403-d118 @A: 29 10 13 14 | 02
#0404-d118 @A: 21 29 14 33 | 05
#0405-d118 @A: 18 11 30 31 | 03
#0406-d118 @A: 05 01 18 28 | 11
#0407-d118 @A: 08 25 05 18 | 12
#0408-d118 @A: 28 18 04 10 | 04
#0409-d118 @A: 25 34 11 06 | 09
#0410-d118 @A: 11 28 21 05 | 08
#0411-d118 @A: 05 19 06 11 | 01
#0412-d118 @A: 11 28 33 25 | 07
#0413-d118 @A: 11 12 30 19 | 10
#0414-d118 @A: 12 13 11 04 | 06
#0415-d118 @A: 08 21 11 29 | 02
#0416-d118 @A: 11 21 30 13 | 05
#0417-d118 @A: 34 17 19 04 | 03
#0418-d118 @A: 30 06 34 21 | 11
#0419-d118 @A: 12 31 34 33 | 12
#0420-d118 @A: 33 06 01 08 | 04
#0421-d118 @A: 21 28 17 08 | 09
#0422-d118 @A: 10 06 31 08 | 08
#0423-d118 @A: 08 25 04 10 | 01
#0424-d118 @A: 33 12 08 10 | 07
#0425-d118 @A: 23 16 31 07 | 10
#0426-d118 @A: 05 23 07 08 | 06
#0427-d118 @A: 23 03 24 05 | 02
#0428-d118 @A: 15 24 19 23 | 05
#0429-d118 @A: 26 17 23 11 | 03
#0430-d118 @A: 23 15 22 02 | 11
#0431-d118 @A: 10 23 02 09 | 12
#0432-d118 @A: 29 09 23 28 | 04
#0433-d118 @A: 33 31 35 23 | 09
#0434-d118 @A: 23 20 34 12 | 08
#0435-d118 @A: 01 08 14 23 | 01
#0436-d118 @A: 18 05 02 23 | 07
#0437-d118 @A: 21 34 18 23 | 10
#0438-d118 @A: 11 02 23 31 | 06
#0439-d118 @A: 05 10 17 23 | 02
#0440-d118 @A: 23 04 10 25 | 05
#0441-d118 @A: 14 03 06 07 | 03
#0442-d118 @A: 27 07 15 24 | 11
#0443-d118 @A: 07 13 24 11 | 12
#0444-d118 @A: 28 26 07 20 | 04
#0445-d118 @A: 14 15 01 07 | 09
#0446-d118 @A: 33 07 08 09 | 08
#0447-d118 @A: 34 21 27 07 | 01
#0448-d118 @A: 07 34 13 08 | 07
#0449-d118 @A: 05 07 10 19 | 10
#0450-d118 @A: 04 13 07 17 | 06
#0451-d118 @A: 30 19 07 06 | 02
#0452-d118 @A: 03 16 27 17 | 05
#0453-d118 @A: 32 10 02 03 | 03
#0454-d118 @A: 33 20 03 09 | 11
#0455-d118 @A: 09 01 03 11 | 12
#0456-d118 @A: 04 03 35 20 | 04
#0457-d118 @A: 11 03 05 27 | 09
#0458-d118 @A: 19 08 27 03 | 08
#0459-d118 @A: 03 19 28 30 | 01
#0460-d118 @A: 03 08 21 12 | 07
#0461-d118 @A: 25 10 03 13 | 10
#0462-d118 @A: 26 28 18 24 | 06
#0463-d118 @A: 15 24 25 32 | 02
#0464-d118 @A: 06 22 24 09 | 05
#0465-d118 @A: 05 24 16 25 | 03
#0466-d118 @A: 14 12 24 32 | 11
#0467-d118 @A: 24 11 21 32 | 12
#0468-d118 @A: 10 24 09 27 | 04
#0469-d118 @A: 09 28 14 24 | 09
#0470-d118 @A: 19 24 11 09 | 08
#0471-d118 @A: 24 34 17 09 | 01
#0472-d118 @A: 21 24 35 18 | 07
#0473-d118 @A: 10 24 01 18 | 10
#0474-d118 @A: 01 24 31 04 | 06
#0475-d118 @A: 28 22 27 26 | 02
#0476-d118 @A: 08 26 32 33 | 05
#0477-d118 @A: 09 20 26 21 | 03
#0478-d118 @A: 26 21 17 27 | 11
#0479-d118 @A: 26 19 34 13 | 12
#0480-d118 @A: 26 08 31 05 | 04
#0481-d118 @A: 26 21 29 13 | 09
#0482-d118 @A: 15 16 21 20 | 08
#0483-d118 @A: 15 32 11 13 | 01
#0484-d118 @A: 30 32 15 08 | 07
#0485-d118 @A: 34 21 14 15 | 10
#0486-d118 @A: 15 01 12 29 | 06
#0487-d118 @A: 29 15 25 05 | 02
#0488-d118 @A: 35 10 22 16 | 05
#0489-d118 @A: 16 27 06 22 | 03
#0490-d118 @A: 19 33 32 22 | 11
#0491-d118 @A: 35 18 29 22 | 12
#0492-d118 @A: 27 22 20 33 | 04
#0493-d118 @A: 18 13 22 25 | 09
#0494-d118 @A: 02 22 34 21 | 08
#0495-d118 @A: 33 05 25 22 | 01
#0496-d118 @A: 21 22 17 28 | 07
#0497-d118 @A: 35 01 02 16 | 10
#0498-d118 @A: 20 30 16 27 | 06
#0499-d118 @A: 31 16 13 27 | 02
#0500-d118 @A: 18 10 02 16 | 05
#0501-d118 @A: 17 18 16 25 | 03
#0502-d118 @A: 30 33 16 28 | 11
#0503-d118 @A: 33 16 04 29 | 12
#0504-d118 @A: 30 04 16 08 | 04
#0505-d118 @A: 30 21 16 12 | 09
#0506-d118 @A: 30 20 32 09 | 08
#0507-d118 @A: 25 32 35 18 | 01
#0508-d118 @A: 32 11 35 31 | 07
#0509-d118 @A: 32 11 20 33 | 10
#0510-d118 @A: 32 27 02 19 | 06
#0511-d118 @A: 11 32 14 08 | 02
#0512-d118 @A: 12 11 06 32 | 05
#0513-d118 @A: 34 10 08 32 | 03
#0514-d118 @A: 21 01 32 04 | 11
#0515-d118 @A: 10 06 05 32 | 12
#0516-d118 @A: 09 35 13 01 | 04
#0517-d118 @A: 20 09 18 28 | 09
#0518-d118 @A: 18 11 12 09 | 08
#0519-d118 @A: 34 30 09 02 | 01
#0520-d118 @A: 09 17 01 05 | 07
#0521-d118 @A: 09 04 21 10 | 10
#0522-d118 @A: 21 09 31 25 | 06
#0523-d118 @A: 13 09 08 10 | 02
#0524-d118 @A: 09 29 25 33 | 05
#0525-d118 @A: 02 04 14 35 | 03
#0526-d118 @A: 01 34 35 14 | 11
#0527-d118 @A: 31 14 35 08 | 12
#0528-d118 @A: 28 35 25 05 | 04
#0529-d118 @A: 05 06 35 04 | 09
#0530-d118 @A: 29 05 35 12 | 08
#0531-d118 @A: 06 28 35 10 | 01
#0532-d118 @A: 12 20 02 18 | 07
#0533-d118 @A: 20 01 30 21 | 10
#0534-d118 @A: 13 05 31 20 | 06
#0535-d118 @A: 21 28 20 31 | 02
#0536-d118 @A: 21 06 20 33 | 05
#0537-d118 @A: 27 14 11 21 | 03
#0538-d118 @A: 12 34 14 27 | 11
#0539-d118 @A: 28 14 06 27 | 12
#0540-d118 @A: 27 10 34 02 | 04
#0541-d118 @A: 29 19 27 21 | 09
#0542-d118 @A: 27 31 25 04 | 08
#0543-d118 @A: 13 29 12 27 | 01
#0544-d118 @A: 06 08 14 05 | 07
#0545-d118 @A: 30 14 05 29 | 10
#0546-d118 @A: 28 14 04 25 | 06
#0547-d118 @A: 18 02 04 34 | 02
#0548-d118 @A: 18 29 13 01 | 05
#0549-d118 @A: 19 18 31 05 | 03
#0550-d118 @A: 17 10 18 30 | 11
#0551-d118 @A: 17 28 06 02 | 12
#0552-d118 @A: 02 33 25 30 | 04
#0553-d118 @A: 17 01 19 11 | 09
#0554-d118 @A: 01 13 06 11 | 08
#0555-d118 @A: 12 17 11 21 | 01
#0556-d118 @A: 17 13 25 11 | 07
#0557-d118 @A: 34 21 33 01 | 10
#0558-d118 @A: 21 34 19 12 | 06
#0559-d118 @A: 08 31 12 28 | 02
#0560-d118 @A: 26 03 23 12 | 05
#0561-d118 @A: 24 23 21 26 | 03
#0562-d118 @A: 06 31 26 23 | 11
#0563-d118 @A: 20 15 23 01 | 12
#0564-d118 @A: 13 23 21 15 | 04
#0565-d118 @A: 35 23 22 01 | 09
#0566-d118 @A: 22 23 29 20 | 08
#0567-d118 @A: 28 10 23 22 | 01
#0568-d118 @A: 09 23 01 16 | 07
#0569-d118 @A: 08 19 16 23 | 10
#0570-d118 @A: 17 14 32 23 | 06
#0571-d118 @A: 34 32 11 23 | 02
#0572-d118 @A: 12 32 01 23 | 05
#0573-d118 @A: 20 31 09 23 | 03
#0574-d118 @A: 25 02 35 23 | 11
#0575-d118 @A: 35 23 28 11 | 12
#0576-d118 @A: 02 23 08 29 | 04
#0577-d118 @A: 04 01 06 23 | 09
#0578-d118 @A: 10 31 23 01 | 08
#0579-d118 @A: 05 23 25 12 | 01
#0580-d118 @A: 03 07 32 17 | 07
#0581-d118 @A: 30 24 07 26 | 10
#0582-d118 @A: 24 35 17 07 | 06
#0583-d118 @A: 24 20 07 19 | 02
#0584-d118 @A: 26 07 11 31 | 05
#0585-d118 @A: 05 15 02 07 | 03
#0586-d118 @A: 14 07 33 22 | 11
#0587-d118 @A: 22 31 07 34 | 12
#0588-d118 @A: 32 16 07 04 | 04
#0589-d118 @A: 12 16 07 20 | 09
#0590-d118 @A: 33 07 25 32 | 08
#0591-d118 @A: 07 14 02 09 | 01
#0592-d118 @A: 25 28 09 07 | 07
#0593-d118 @A: 35 28 07 12 | 10
#0594-d118 @A: 07 30 13 20 | 06
#0595-d118 @A: 29 07 01 04 | 02
#0596-d118 @A: 13 07 05 33 | 05
#0597-d118 @A: 07 28 29 10 | 03
#0598-d118 @A: 16 03 19 26 | 11
#0599-d118 @A: 29 20 26 03 | 12
#0600-d118 @A: 04 26 03 31 | 04
#0601-d118 @A: 03 33 15 16 | 09
#0602-d118 @A: 03 06 22 35 | 08
#0603-d118 @A: 03 22 19 34 | 01
#0604-d118 @A: 32 03 14 13 | 07
#0605-d118 @A: 10 03 35 18 | 10
#0606-d118 @A: 03 01 35 08 | 06
#0607-d118 @A: 03 30 20 14 | 02
#0608-d118 @A: 33 08 03 20 | 05
#0609-d118 @A: 03 02 34 05 | 03
#0610-d118 @A: 03 19 06 01 | 11
#0611-d118 @A: 06 26 24 15 | 12
#0612-d118 @A: 24 04 26 34 | 04
#0613-d118 @A: 02 15 21 24 | 09
#0614-d118 @A: 25 24 35 22 | 08
#0615-d118 @A: 24 01 27 34 | 01
#0616-d118 @A: 05 24 12 17 | 07
#0617-d118 @A: 24 06 25 17 | 10
#0618-d118 @A: 29 04 08 24 | 06
#0619-d118 @A: 30 13 24 04 | 02
#0620-d118 @A: 15 25 26 22 | 05
#0621-d118 @A: 19 26 32 15 | 03
#0622-d118 @A: 26 30 15 14 | 11
#0623-d118 @A: 02 01 15 26 | 12
#0624-d118 @A: 09 33 26 14 | 04
#0625-d118 @A: 02 26 09 28 | 09
#0626-d118 @A: 35 20 26 12 | 08
#0627-d118 @A: 18 19 14 26 | 01
#0628-d118 @A: 01 10 26 12 | 07
#0629-d118 @A: 06 04 26 13 | 10
#0630-d118 @A: 06 15 16 14 | 06
#0631-d118 @A: 28 32 34 15 | 02
#0632-d118 @A: 09 31 14 15 | 05
#0633-d118 @A: 13 15 09 34 | 03
#0634-d118 @A: 15 31 34 20 | 11
#0635-d118 @A: 21 05 15 04 | 12
#0636-d118 @A: 15 31 30 04 | 04
#0637-d118 @A: 29 31 15 10 | 09
#0638-d118 @A: 22 09 16 30 | 08
#0639-d118 @A: 16 01 19 22 | 01
#0640-d118 @A: 09 22 29 32 | 07
#0641-d118 @A: 32 31 22 28 | 10
#0642-d118 @A: 28 22 14 29 | 06
#0643-d118 @A: 02 06 11 22 | 02
#0644-d118 @A: 10 22 08 11 | 05
#0645-d118 @A: 28 01 06 22 | 03
#0646-d118 @A: 22 10 05 31 | 11
#0647-d118 @A: 21 33 22 30 | 12
#0648-d118 @A: 16 01 32 08 | 04
#0649-d118 @A: 04 11 18 16 | 09
#0650-d118 @A: 31 16 01 05 | 08
#0651-d118 @A: 16 30 17 05 | 01
#0652-d118 @A: 19 16 12 25 | 07
#0653-d118 @A: 16 04 06 30 | 10
#0654-d118 @A: 16 12 31 29 | 06
#0655-d118 @A: 16 31 08 13 | 02
#0656-d118 @A: 32 05 17 08 | 05
#0657-d118 @A: 09 34 19 27 | 03
#0658-d118 @A: 09 14 04 11 | 11
#0659-d118 @A: 18 21 01 09 | 12
#0660-d118 @A: 17 09 10 11 | 04
#0661-d118 @A: 09 30 34 08 | 09
#0662-d118 @A: 09 17 08 06 | 08
#0663-d118 @A: 06 19 35 20 | 01
#0664-d118 @A: 35 20 08 30 | 07
#0665-d118 @A: 04 18 35 27 | 10
#0666-d118 @A: 35 18 19 02 | 06
#0667-d118 @A: 35 25 34 21 | 02
#0668-d118 @A: 17 35 04 28 | 05
#0669-d118 @A: 08 25 33 35 | 03
#0670-d118 @A: 08 20 14 29 | 11
#0671-d118 @A: 05 10 28 20 | 12
#0672-d118 @A: 05 20 30 33 | 04
#0673-d118 @A: 20 13 28 06 | 09
#0674-d118 @A: 17 18 27 01 | 08
#0675-d118 @A: 12 02 27 11 | 01
#0676-d118 @A: 28 08 27 11 | 07
#0677-d118 @A: 10 02 14 12 | 10
#0678-d118 @A: 14 12 29 17 | 06
#0679-d118 @A: 21 18 06 17 | 02
#0680-d118 @A: 08 29 18 17 | 05
#0681-d118 @A: 28 33 08 18 | 03
#0682-d118 @A: 25 30 06 18 | 11
#0683-d118 @A: 18 31 12 21 | 12
#0684-d118 @A: 08 11 06 02 | 04
#0685-d118 @A: 02 30 05 10 | 09
#0686-d118 @A: 29 02 21 04 | 08
#0687-d118 @A: 29 30 11 01 | 01
#0688-d118 @A: 30 06 11 17 | 07
#0689-d118 @A: 25 11 04 19 | 10
#0690-d118 @A: 11 33 19 08 | 06
#0691-d118 @A: 31 34 06 05 | 02
#0692-d118 @A: 06 28 29 34 | 05
#0693-d118 @A: 19 34 25 31 | 03
#0694-d118 @A: 10 13 06 34 | 11
#0695-d118 @A: 08 33 05 21 | 12
#0696-d118 @A: 13 29 19 08 | 04
#0697-d118 @A: 23 32 07 15 | 09
#0698-d118 @A: 07 29 23 18 | 08
#0699-d118 @A: 23 34 10 07 | 01
#0700-d118 @A: 28 03 23 15 | 07
#0701-d118 @A: 29 23 24 35 | 10
#0702-d118 @A: 13 02 24 23 | 06
#0703-d118 @A: 23 26 34 29 | 02
#0704-d118 @A: 16 27 23 19 | 05
#0705-d118 @A: 14 05 16 23 | 03
#0706-d118 @A: 11 09 33 23 | 11
#0707-d118 @A: 23 09 28 08 | 12
#0708-d118 @A: 19 23 34 35 | 04
#0709-d118 @A: 34 23 27 30 | 09
#0710-d118 @A: 33 28 23 12 | 08
#0711-d118 @A: 30 29 23 13 | 01
#0712-d118 @A: 33 16 07 27 | 07
#0713-d118 @A: 05 18 16 07 | 10
#0714-d118 @A: 06 16 07 34 | 06
#0715-d118 @A: 05 32 07 35 | 02
#0716-d118 @A: 08 07 14 28 | 05
#0717-d118 @A: 25 11 07 18 | 03
#0718-d118 @A: 07 31 28 02 | 11
#0719-d118 @A: 10 33 02 07 | 12
#0720-d118 @A: 25 07 19 13 | 04
#0721-d118 @A: 24 03 02 19 | 09
#0722-d118 @A: 21 24 06 03 | 08
#0723-d118 @A: 26 35 03 25 | 01
#0724-d118 @A: 18 26 17 03 | 07
#0725-d118 @A: 33 03 02 26 | 10
#0726-d118 @A: 11 10 26 03 | 06
#0727-d118 @A: 30 26 03 01 | 02
#0728-d118 @A: 15 31 32 03 | 05
#0729-d118 @A: 12 09 03 22 | 03
#0730-d118 @A: 18 22 03 31 | 11
#0731-d118 @A: 18 14 16 03 | 12
#0732-d118 @A: 03 27 34 04 | 04
#0733-d118 @A: 11 25 03 14 | 09
#0734-d118 @A: 05 17 03 29 | 08
#0735-d118 @A: 03 13 17 19 | 01
#0736-d118 @A: 03 30 31 17 | 07
#0737-d118 @A: 25 28 06 03 | 10
#0738-d118 @A: 22 14 24 19 | 06
#0739-d118 @A: 10 29 24 22 | 02
#0740-d118 @A: 24 29 09 20 | 05
#0741-d118 @A: 24 14 10 05 | 03
#0742-d118 @A: 21 24 01 19 | 11
#0743-d118 @A: 24 05 28 29 | 12
#0744-d118 @A: 31 24 33 08 | 04
#0745-d118 @A: 26 15 08 20 | 09
#0746-d118 @A: 02 26 06 16 | 08
#0747-d118 @A: 26 25 16 33 | 01
#0748-d118 @A: 26 09 29 35 | 07
#0749-d118 @A: 35 26 27 33 | 10
#0750-d118 @A: 31 20 27 26 | 06
#0751-d118 @A: 14 02 20 26 | 02
#0752-d118 @A: 13 26 02 18 | 05
#0753-d118 @A: 19 33 17 26 | 03
#0754-d118 @A: 10 26 17 31 | 11
#0755-d118 @A: 12 20 15 32 | 12
#0756-d118 @A: 15 25 09 27 | 04
#0757-d118 @A: 01 15 09 28 | 09
#0758-d118 @A: 13 35 27 15 | 08
#0759-d118 @A: 10 05 15 35 | 01
#0760-d118 @A: 28 20 33 15 | 07
#0761-d118 @A: 14 27 19 15 | 10
#0762-d118 @A: 15 14 28 11 | 06
#0763-d118 @A: 02 15 18 31 | 02
#0764-d118 @A: 10 15 02 28 | 05
#0765-d118 @A: 15 12 06 34 | 03
#0766-d118 @A: 15 05 33 17 | 11
#0767-d118 @A: 05 19 12 15 | 12
#0768-d118 @A: 25 28 17 15 | 04
#0769-d118 @A: 19 29 15 33 | 09
#0770-d118 @A: 27 22 32 21 | 08
#0771-d118 @A: 32 22 17 11 | 01
#0772-d118 @A: 30 35 17 22 | 07
#0773-d118 @A: 31 25 20 22 | 10
#0774-d118 @A: 22 27 14 01 | 06
#0775-d118 @A: 30 11 27 22 | 02
#0776-d118 @A: 02 28 22 18 | 05
#0777-d118 @A: 10 11 18 22 | 03
#0778-d118 @A: 12 22 10 17 | 11
#0779-d118 @A: 04 28 30 22 | 12
#0780-d118 @A: 04 22 12 29 | 04
#0781-d118 @A: 32 27 16 10 | 09
#0782-d118 @A: 16 09 34 25 | 08
#0783-d118 @A: 16 35 28 20 | 01
#0784-d118 @A: 11 16 34 27 | 07
#0785-d118 @A: 08 27 11 16 | 10
#0786-d118 @A: 08 18 12 16 | 06
#0787-d118 @A: 34 29 02 16 | 02
#0788-d118 @A: 17 32 35 19 | 05
#0789-d118 @A: 20 32 28 04 | 03
#0790-d118 @A: 14 31 32 27 | 11
#0791-d118 @A: 27 18 32 29 | 12
#0792-d118 @A: 32 06 14 18 | 04
#0793-d118 @A: 21 32 14 28 | 09
#0794-d118 @A: 31 02 32 04 | 08
#0795-d118 @A: 29 32 12 34 | 01
#0796-d118 @A: 32 01 13 31 | 07
#0797-d118 @A: 04 05 32 12 | 10
#0798-d118 @A: 32 33 29 17 | 06
#0799-d118 @A: 19 29 32 28 | 02
#0800-d118 @A: 19 28 08 32 | 05
#0801-d118 @A: 25 32 12 08 | 03
#0802-d118 @A: 35 21 27 09 | 11
#0803-d118 @A: 29 34 09 18 | 12
#0804-d118 @A: 19 21 09 05 | 04
#0805-d118 @A: 19 13 28 09 | 09
#0806-d118 @A: 28 09 12 31 | 08
#0807-d118 @A: 09 04 06 33 | 01
#0808-d118 @A: 20 35 30 18 | 07
#0809-d118 @A: 34 13 20 35 | 10
#0810-d118 @A: 11 14 19 35 | 06
#0811-d118 @A: 35 31 05 02 | 02
#0812-d118 @A: 02 13 12 35 | 05
#0813-d118 @A: 11 35 21 29 | 03
#0814-d118 @A: 25 12 35 17 | 11
#0815-d118 @A: 34 27 20 25 | 12
#0816-d118 @A: 10 14 20 34 | 04
#0817-d118 @A: 25 29 20 01 | 09
#0818-d118 @A: 20 12 06 08 | 08
#0819-d118 @A: 25 20 12 13 | 01
#0820-d118 @A: 17 04 05 27 | 07
#0821-d118 @A: 31 06 27 21 | 10
#0822-d118 @A: 14 18 33 30 | 06
#0823-d118 @A: 34 02 14 19 | 02
#0824-d118 @A: 17 14 33 34 | 05
#0825-d118 @A: 04 13 14 01 | 03
#0826-d118 @A: 05 31 14 12 | 11
#0827-d118 @A: 19 14 13 31 | 12
#0828-d118 @A: 02 11 17 18 | 04
#0829-d118 @A: 13 18 33 17 | 09
#0830-d118 @A: 02 01 19 04 | 08
#0831-d118 @A: 28 08 02 30 | 01
#0832-d118 @A: 02 29 25 12 | 07
#0833-d118 @A: 01 12 34 11 | 10
#0834-d118 @A: 05 11 33 12 | 06
#0835-d118 @A: 29 11 17 04 | 02
#0836-d118 @A: 21 05 34 13 | 05
#0837-d118 @A: 17 34 21 31 | 03
#0838-d118 @A: 34 13 17 12 | 11
#0839-d118 @A: 33 25 34 04 | 12
#0840-d118 @A: 31 08 01 17 | 04
#0841-d118 @A: 23 07 22 05 | 09
#0842-d118 @A: 19 14 23 07 | 08
#0843-d118 @A: 24 12 23 08 | 01
#0844-d118 @A: 26 04 15 23 | 07
#0845-d118 @A: 08 33 23 15 | 10
#0846-d118 @A: 01 23 11 25 | 06
#0847-d118 @A: 29 23 21 01 | 02
#0848-d118 @A: 33 01 30 23 | 05
#0849-d118 @A: 23 13 06 05 | 03
#0850-d118 @A: 23 06 12 29 | 11
#0851-d118 @A: 23 08 25 21 | 12
#0852-d118 @A: 20 07 03 10 | 04
#0853-d118 @A: 02 07 03 29 | 09
#0854-d118 @A: 08 10 07 03 | 08
#0855-d118 @A: 31 07 24 12 | 01
#0856-d118 @A: 22 07 26 06 | 07
#0857-d118 @A: 15 21 07 35 | 10
#0858-d118 @A: 34 17 07 15 | 06
#0859-d118 @A: 13 07 16 09 | 02
#0860-d118 @A: 02 07 20 25 | 05
#0861-d118 @A: 02 07 30 17 | 03
#0862-d118 @A: 07 17 10 01 | 11
#0863-d118 @A: 01 06 31 07 | 12
#0864-d118 @A: 07 29 17 19 | 04
#0865-d118 @A: 31 10 07 04 | 09
#0866-d118 @A: 10 12 07 13 | 08
#0867-d118 @A: 30 33 29 07 | 01
#0868-d118 @A: 03 24 18 09 | 07
#0869-d118 @A: 24 03 30 35 | 10
#0870-d118 @A: 03 24 04 25 | 06
#0871-d118 @A: 35 15 03 29 | 02
#0872-d118 @A: 22 10 27 03 | 05
#0873-d118 @A: 22 29 11 03 | 03
#0874-d118 @A: 03 25 30 22 | 11
#0875-d118 @A: 35 03 34 31 | 12
#0876-d118 @A: 05 18 20 03 | 04
#0877-d118 @A: 18 03 27 30 | 09
#0878-d118 @A: 17 01 03 12 | 08
#0879-d118 @A: 17 03 04 06 | 01
#0880-d118 @A: 03 31 13 28 | 07
#0881-d118 @A: 31 06 12 03 | 10
#0882-d118 @A: 13 12 03 21 | 06
#0883-d118 @A: 28 15 22 24 | 02
#0884-d118 @A: 16 12 24 04 | 05
#0885-d118 @A: 32 31 24 34 | 03
#0886-d118 @A: 31 24 02 09 | 11
#0887-d118 @A: 24 09 13 21 | 12
#0888-d118 @A: 27 11 25 24 | 04
#0889-d118 @A: 24 14 06 02 | 09
#0890-d118 @A: 02 24 18 29 | 08
#0891-d118 @A: 34 18 24 05 | 01
#0892-d118 @A: 25 01 24 13 | 07
#0893-d118 @A: 19 24 17 30 | 10
#0894-d118 @A: 24 13 17 31 | 06
#0895-d118 @A: 24 10 30 21 | 02
#0896-d118 @A: 32 14 26 22 | 05
#0897-d118 @A: 08 26 16 28 | 03
#0898-d118 @A: 26 32 35 04 | 11
#0899-d118 @A: 34 09 11 26 | 12
#0900-d118 @A: 01 11 26 14 | 04
#0901-d118 @A: 19 26 08 34 | 09
#0902-d118 @A: 28 04 26 05 | 08
#0903-d118 @A: 29 26 19 05 | 01
#0904-d118 @A: 25 05 13 26 | 07
#0905-d118 @A: 31 15 22 01 | 10
#0906-d118 @A: 06 27 18 15 | 06
#0907-d118 @A: 15 27 11 17 | 02
#0908-d118 @A: 04 15 29 28 | 05
#0909-d118 @A: 25 28 16 22 | 03
#0910-d118 @A: 02 17 22 09 | 11
#0911-d118 @A: 20 22 21 11 | 12
#0912-d118 @A: 22 10 30 01 | 04
#0913-d118 @A: 32 09 16 12 | 09
#0914-d118 @A: 16 21 18 32 | 08
#0915-d118 @A: 11 09 05 16 | 01
#0916-d118 @A: 09 16 04 28 | 07
#0917-d118 @A: 12 14 28 16 | 10
#0918-d118 @A: 16 25 01 30 | 06
#0919-d118 @A: 16 13 17 28 | 02
#0920-d118 @A: 32 29 35 20 | 05
#0921-d118 @A: 17 20 32 25 | 03
#0922-d118 @A: 14 34 04 32 | 11
#0923-d118 @A: 05 02 28 32 | 12
#0924-d118 @A: 06 32 33 13 | 04
#0925-d118 @A: 32 31 12 10 | 09
#0926-d118 @A: 30 29 32 10 | 08
#0927-d118 @A: 09 35 06 02 | 01
#0928-d118 @A: 09 06 14 34 | 07
#0929-d118 @A: 17 09 33 28 | 10
#0930-d118 @A: 30 10 09 28 | 06
#0931-d118 @A: 35 08 27 04 | 02
#0932-d118 @A: 35 12 33 19 | 05
#0933-d118 @A: 12 06 35 21 | 03
#0934-d118 @A: 25 10 31 35 | 11
#0935-d118 @A: 21 13 35 31 | 12
#0936-d118 @A: 27 10 20 04 | 04
#0937-d118 @A: 20 27 08 10 | 09
#0938-d118 @A: 18 20 17 34 | 08
#0939-d118 @A: 19 05 17 20 | 01
#0940-d118 @A: 21 20 05 12 | 07
#0941-d118 @A: 20 29 19 10 | 10
#0942-d118 @A: 08 20 21 31 | 06
#0943-d118 @A: 25 33 20 10 | 02
#0944-d118 @A: 27 13 11 19 | 05
#0945-d118 @A: 25 19 27 05 | 03
#0946-d118 @A: 10 27 33 05 | 11
#0947-d118 @A: 13 10 27 17 | 12
#0948-d118 @A: 27 19 28 10 | 04
#0949-d118 @A: 33 27 31 19 | 09
#0950-d118 @A: 25 06 27 13 | 08
#0951-d118 @A: 17 08 19 14 | 01
#0952-d118 @A: 14 25 33 06 | 07
#0953-d118 @A: 10 33 31 14 | 10
#0954-d118 @A: 29 17 31 18 | 06
#0955-d118 @A: 21 02 11 25 | 02
#0956-d118 @A: 01 06 02 21 | 05
#0957-d118 @A: 02 19 31 12 | 03
#0958-d118 @A: 31 13 25 02 | 11
#0959-d118 @A: 11 05 29 34 | 12
#0960-d118 @A: 05 08 11 01 | 04
#0961-d118 @A: 11 17 05 31 | 09
#0962-d118 @A: 06 11 28 31 | 08
#0963-d118 @A: 11 29 06 33 | 01
#0964-d118 @A: 01 10 08 30 | 07
#0965-d118 @A: 23 33 03 32 | 10
#0966-d118 @A: 13 34 23 03 | 06
#0967-d118 @A: 29 03 23 31 | 02
#0968-d118 @A: 23 24 16 17 | 05
#0969-d118 @A: 32 23 30 24 | 03
#0970-d118 @A: 25 09 23 24 | 11
#0971-d118 @A: 19 26 02 23 | 12
#0972-d118 @A: 15 11 12 23 | 04
#0973-d118 @A: 25 23 34 15 | 09
#0974-d118 @A: 29 23 17 15 | 08
#0975-d118 @A: 06 14 23 22 | 01
#0976-d118 @A: 13 16 18 23 | 07
#0977-d118 @A: 10 13 23 32 | 10
#0978-d118 @A: 23 35 17 13 | 06
#0979-d118 @A: 23 20 33 18 | 02
#0980-d118 @A: 30 06 23 20 | 05
#0981-d118 @A: 02 27 28 23 | 03
#0982-d118 @A: 14 18 23 25 | 11
#0983-d118 @A: 23 18 17 04 | 12
#0984-d118 @A: 34 23 01 05 | 04
#0985-d118 @A: 33 23 19 05 | 09
#0986-d118 @A: 10 23 28 08 | 08
#0987-d118 @A: 03 07 13 22 | 01
#0988-d118 @A: 24 07 32 28 | 07
#0989-d118 @A: 26 34 12 07 | 10
#0990-d118 @A: 25 08 26 07 | 06
#0991-d118 @A: 07 10 15 30 | 02
#0992-d118 @A: 02 35 22 07 | 05
#0993-d118 @A: 16 21 19 07 | 03
#0994-d118 @A: 19 09 07 32 | 11
#0995-d118 @A: 18 07 31 32 | 12
#0996-d118 @A: 35 25 14 07 | 04
#0997-d118 @A: 11 07 35 04 | 09
#0998-d118 @A: 27 14 05 07 | 08
#0999-d118 @A: 07 25 01 12 | 01
#1000-d118 @A: 30 07 05 31 | 07
#1001-d118 @A: 12 33 04 07 | 10
#1002-d118 @A: 03 16 08 15 | 06
#1003-d118 @A: 03 20 27 15 | 02
#1004-d118 @A: 15 05 14 03 | 05
#1005-d118 @A: 03 16 30 32 | 03
#1006-d118 @A: 32 18 12 03 | 11
#1007-d118 @A: 34 03 06 20 | 12
#1008-d118 @A: 19 20 03 25 | 04
#1009-d118 @A: 03 18 34 33 | 09
#1010-d118 @A: 03 13 11 02 | 08
#1011-d118 @A: 34 03 11 08 | 01
#1012-d118 @A: 03 34 10 17 | 07
#1013-d118 @A: 03 29 28 01 | 10
#1014-d118 @A: 06 05 33 03 | 06
#1015-d118 @A: 08 04 28 03 | 02
#1016-d118 @A: 03 10 12 04 | 05
#1017-d118 @A: 21 03 33 31 | 03
#1018-d118 @A: 10 21 29 03 | 11
#1019-d118 @A: 32 26 10 24 | 12
#1020-d118 @A: 35 01 24 26 | 04
#1021-d118 @A: 24 20 26 13 | 09
#1022-d118 @A: 26 31 05 24 | 08
#1023-d118 @A: 30 09 24 15 | 01
#1024-d118 @A: 22 24 08 02 | 07
#1025-d118 @A: 06 24 33 35 | 10
#1026-d118 @A: 28 24 20 08 | 06
#1027-d118 @A: 24 14 18 27 | 02
#1028-d118 @A: 13 12 24 18 | 05
#1029-d118 @A: 11 08 25 24 | 03
#1030-d118 @A: 33 24 21 05 | 11
#1031-d118 @A: 24 08 21 30 | 12
#1032-d118 @A: 16 04 26 22 | 04
#1033-d118 @A: 22 19 20 26 | 09
#1034-d118 @A: 10 22 02 26 | 08
#1035-d118 @A: 16 26 05 20 | 01
#1036-d118 @A: 26 17 29 16 | 07
#1037-d118 @A: 31 26 32 09 | 10
#1038-d118 @A: 26 30 11 32 | 06
#1039-d118 @A: 21 26 32 34 | 02
#1040-d118 @A: 19 09 10 26 | 05
#1041-d118 @A: 35 08 26 21 | 03
#1042-d118 @A: 02 17 26 12 | 11
#1043-d118 @A: 34 22 30 15 | 12
#1044-d118 @A: 15 04 32 18 | 04
#1045-d118 @A: 15 32 21 33 | 09
#1046-d118 @A: 20 25 14 15 | 08
#1047-d118 @A: 15 27 21 28 | 01
#1048-d118 @A: 15 30 27 29 | 07
#1049-d118 @A: 15 13 08 27 | 10
#1050-d118 @A: 34 11 02 15 | 06
#1051-d118 @A: 17 02 15 19 | 02
#1052-d118 @A: 14 16 22 21 | 05
#1053-d118 @A: 08 09 27 22 | 03
#1054-d118 @A: 22 19 09 18 | 11
#1055-d118 @A: 27 22 19 35 | 12
#1056-d118 @A: 22 21 35 04 | 04
#1057-d118 @A: 02 22 27 13 | 09
#1058-d118 @A: 17 18 14 22 | 08
#1059-d118 @A: 22 34 25 14 | 01
#1060-d118 @A: 08 25 14 22 | 07
#1061-d118 @A: 33 12 02 22 | 10
#1062-d118 @A: 04 05 11 22 | 06
#1063-d118 @A: 01 25 04 22 | 02
#1064-d118 @A: 31 29 33 22 | 05
#1065-d118 @A: 05 19 16 32 | 03
#1066-d118 @A: 12 18 35 16 | 11
#1067-d118 @A: 16 29 20 18 | 12
#1068-d118 @A: 16 14 11 30 | 04
#1069-d118 @A: 14 16 08 33 | 09
#1070-d118 @A: 08 16 02 05 | 08
#1071-d118 @A: 34 30 16 31 | 01
#1072-d118 @A: 16 17 21 01 | 07
#1073-d118 @A: 05 29 13 16 | 10
#1074-d118 @A: 17 06 12 16 | 06
#1075-d118 @A: 25 06 16 31 | 02
#1076-d118 @A: 14 09 32 35 | 05
#1077-d118 @A: 33 09 32 27 | 03
#1078-d118 @A: 09 32 21 02 | 11
#1079-d118 @A: 28 32 11 09 | 12
#1080-d118 @A: 32 09 25 13 | 04
#1081-d118 @A: 19 14 25 32 | 09
#1082-d118 @A: 32 05 11 18 | 08
#1083-d118 @A: 33 32 31 05 | 01
#1084-d118 @A: 06 30 32 28 | 07
#1085-d118 @A: 12 35 09 34 | 10
#1086-d118 @A: 31 10 09 34 | 06
#1087-d118 @A: 09 25 10 01 | 02
#1088-d118 @A: 21 09 17 29 | 05
#1089-d118 @A: 06 09 12 10 | 03
#1090-d118 @A: 28 35 34 27 | 11
#1091-d118 @A: 29 35 13 19 | 12
#1092-d118 @A: 02 20 06 27 | 04
#1093-d118 @A: 14 28 20 01 | 09
#1094-d118 @A: 18 21 10 27 | 08
#1095-d118 @A: 10 06 27 01 | 01
#1096-d118 @A: 02 01 14 18 | 07
#1097-d118 @A: 11 13 33 14 | 10
#1098-d118 @A: 10 14 06 04 | 06
#1099-d118 @A: 12 06 28 18 | 02
#1100-d118 @A: 18 19 13 30 | 05
#1101-d118 @A: 18 06 31 04 | 03
#1102-d118 @A: 02 17 21 05 | 11
#1103-d118 @A: 02 05 04 25 | 12
#1104-d118 @A: 02 17 08 04 | 04
#1105-d118 @A: 02 13 21 33 | 09
#1106-d118 @A: 01 11 33 10 | 08
#1107-d118 @A: 11 05 10 13 | 01
#1108-d118 @A: 11 33 21 19 | 07
#1109-d118 @A: 31 04 33 11 | 10
#1110-d118 @A: 12 04 11 08 | 06
#1111-d118 @A: 29 25 11 10 | 02
#1112-d118 @A: 34 17 06 01 | 05
#1113-d118 @A: 12 08 34 05 | 03
#1114-d118 @A: 01 29 28 08 | 11
#1115-d118 @A: 33 26 23 07 | 12
#1116-d118 @A: 17 03 20 23 | 04
#1117-d118 @A: 10 23 03 14 | 09
#1118-d118 @A: 01 18 23 03 | 08
#1119-d118 @A: 26 23 16 30 | 01
#1120-d118 @A: 23 05 35 26 | 07
#1121-d118 @A: 09 15 05 23 | 10
#1122-d118 @A: 23 22 31 17 | 06
#1123-d118 @A: 23 21 11 16 | 02
#1124-d118 @A: 19 32 31 23 | 05
#1125-d118 @A: 23 14 20 13 | 03
#1126-d118 @A: 20 05 23 11 | 11
#1127-d118 @A: 14 23 21 02 | 12
#1128-d118 @A: 10 23 18 06 | 04
#1129-d118 @A: 12 21 23 04 | 09
#1130-d118 @A: 23 04 13 33 | 08
#1131-d118 @A: 03 05 07 26 | 01
#1132-d118 @A: 33 07 03 35 | 07
#1133-d118 @A: 03 19 27 07 | 10
#1134-d118 @A: 07 15 26 29 | 06
#1135-d118 @A: 32 26 07 13 | 02
#1136-d118 @A: 04 09 07 26 | 05
#1137-d118 @A: 07 18 10 26 | 03
#1138-d118 @A: 07 21 26 02 | 11
#1139-d118 @A: 07 11 15 33 | 12
#1140-d118 @A: 28 11 07 22 | 04
#1141-d118 @A: 22 07 19 12 | 09
#1142-d118 @A: 09 07 30 21 | 08
#1143-d118 @A: 31 07 33 20 | 01
#1144-d118 @A: 08 31 07 27 | 07
#1145-d118 @A: 34 07 18 19 | 10
#1146-d118 @A: 18 12 07 17 | 06
#1147-d118 @A: 31 25 17 07 | 02
#1148-d118 @A: 04 28 07 19 | 05
#1149-d118 @A: 14 03 24 26 | 03
#1150-d118 @A: 03 09 08 24 | 11
#1151-d118 @A: 03 24 12 20 | 12
#1152-d118 @A: 03 11 34 24 | 04
#1153-d118 @A: 13 03 26 15 | 09
#1154-d118 @A: 03 27 09 26 | 08
#1155-d118 @A: 03 19 21 15 | 01
#1156-d118 @A: 02 20 16 03 | 07
#1157-d118 @A: 03 16 29 25 | 10
#1158-d118 @A: 20 32 21 03 | 06
#1159-d118 @A: 03 09 34 21 | 02
#1160-d118 @A: 20 31 03 11 | 05
#1161-d118 @A: 03 28 04 21 | 03
#1162-d118 @A: 19 03 33 04 | 11
#1163-d118 @A: 11 12 24 26 | 12
#1164-d118 @A: 15 24 29 34 | 04
#1165-d118 @A: 16 35 19 24 | 09
#1166-d118 @A: 24 16 35 08 | 08
#1167-d118 @A: 24 19 32 18 | 01
#1168-d118 @A: 32 24 17 02 | 07
#1169-d118 @A: 35 24 31 20 | 10
#1170-d118 @A: 17 20 27 24 | 06
#1171-d118 @A: 14 24 20 21 | 02
#1172-d118 @A: 10 08 14 24 | 05
#1173-d118 @A: 12 02 34 24 | 03
#1174-d118 @A: 19 24 28 34 | 11
#1175-d118 @A: 05 24 30 01 | 12
#1176-d118 @A: 24 31 28 10 | 04
#1177-d118 @A: 33 28 13 24 | 09
#1178-d118 @A: 31 30 24 33 | 08
#1179-d118 @A: 09 15 26 17 | 01
#1180-d118 @A: 32 27 26 12 | 07
#1181-d118 @A: 26 09 18 30 | 10
#1182-d118 @A: 11 20 25 26 | 06
#1183-d118 @A: 30 26 34 20 | 02
#1184-d118 @A: 06 17 20 26 | 05
#1185-d118 @A: 26 05 02 27 | 03
#1186-d118 @A: 18 21 26 11 | 11
#1187-d118 @A: 26 33 05 01 | 12
#1188-d118 @A: 21 05 26 10 | 04
#1189-d118 @A: 28 26 17 30 | 09
#1190-d118 @A: 25 26 28 31 | 08
#1191-d118 @A: 06 26 19 12 | 01
#1192-d118 @A: 06 30 08 26 | 07
#1193-d118 @A: 26 30 10 33 | 10
#1194-d118 @A: 11 15 19 22 | 06
#1195-d118 @A: 15 16 31 35 | 02
#1196-d118 @A: 04 16 27 15 | 05
#1197-d118 @A: 32 35 15 02 | 03
#1198-d118 @A: 20 15 09 04 | 11
#1199-d118 @A: 14 02 13 15 | 12
#1200-d118 @A: 14 08 02 15 | 04
#1201-d118 @A: 18 13 15 05 | 09
#1202-d118 @A: 06 04 15 11 | 08
#1203-d118 @A: 08 06 34 15 | 01
#1204-d118 @A: 17 15 01 04 | 07
#1205-d118 @A: 31 28 05 15 | 10
#1206-d118 @A: 17 15 31 12 | 06
#1207-d118 @A: 06 30 33 15 | 02
#1208-d118 @A: 33 04 15 10 | 05
#1209-d118 @A: 15 10 21 12 | 03
#1210-d118 @A: 30 25 15 13 | 11
#1211-d118 @A: 04 09 27 22 | 12
#1212-d118 @A: 34 09 28 22 | 04
#1213-d118 @A: 22 14 05 35 | 09
#1214-d118 @A: 20 12 14 22 | 08
#1215-d118 @A: 20 04 22 02 | 01
#1216-d118 @A: 29 27 22 34 | 07
#1217-d118 @A: 12 22 34 18 | 10
#1218-d118 @A: 21 19 22 31 | 06
#1219-d118 @A: 21 13 22 10 | 02
#1220-d118 @A: 25 29 22 21 | 05
#1221-d118 @A: 29 14 35 16 | 03
#1222-d118 @A: 34 35 05 16 | 11
#1223-d118 @A: 33 16 05 02 | 12
#1224-d118 @A: 16 10 17 08 | 04
#1225-d118 @A: 16 29 28 21 | 09
#1226-d118 @A: 31 16 21 04 | 08
#1227-d118 @A: 16 25 21 10 | 01
#1228-d118 @A: 09 08 32 21 | 07
#1229-d118 @A: 32 02 34 06 | 10
#1230-d118 @A: 06 32 01 29 | 06
#1231-d118 @A: 32 12 28 17 | 02
#1232-d118 @A: 28 32 25 10 | 05
#1233-d118 @A: 32 19 30 04 | 03
#1234-d118 @A: 09 11 35 30 | 11
#1235-d118 @A: 11 29 02 09 | 12
#1236-d118 @A: 02 31 09 08 | 04
#1237-d118 @A: 09 13 12 05 | 09
#1238-d118 @A: 09 17 19 31 | 08
#1239-d118 @A: 06 28 09 21 | 01
#1240-d118 @A: 18 35 11 13 | 07
#1241-d118 @A: 18 34 35 06 | 10
#1242-d118 @A: 35 21 17 33 | 06
#1243-d118 @A: 19 25 30 35 | 02
#1244-d118 @A: 04 30 35 33 | 05
#1245-d118 @A: 30 35 12 31 | 03
#1246-d118 @A: 11 18 01 20 | 11
#1247-d118 @A: 34 28 20 02 | 12
#1248-d118 @A: 08 04 20 34 | 04
#1249-d118 @A: 34 20 21 29 | 09
#1250-d118 @A: 19 01 20 31 | 08
#1251-d118 @A: 08 01 20 25 | 01
#1252-d118 @A: 08 05 20 19 | 07
#1253-d118 @A: 17 04 30 20 | 10
#1254-d118 @A: 25 27 14 10 | 06
#1255-d118 @A: 29 05 27 31 | 02
#1256-d118 @A: 05 27 21 30 | 05
#1257-d118 @A: 17 28 31 27 | 03
#1258-d118 @A: 27 08 12 17 | 11
#1259-d118 @A: 08 30 25 27 | 12
#1260-d118 @A: 05 14 13 28 | 04
#1261-d118 @A: 13 12 06 14 | 09
#1262-d118 @A: 18 34 28 30 | 08
#1263-d118 @A: 18 01 12 30 | 01
#1264-d118 @A: 04 18 30 05 | 07
#1265-d118 @A: 18 05 29 33 | 10
#1266-d118 @A: 10 33 19 18 | 06
#1267-d118 @A: 12 10 18 29 | 02
#1268-d118 @A: 01 05 02 12 | 05
#1269-d118 @A: 01 29 10 02 | 03
#1270-d118 @A: 02 10 19 06 | 11
#1271-d118 @A: 19 30 02 21 | 12
#1272-d118 @A: 21 11 04 34 | 04
#1273-d118 @A: 28 13 11 29 | 09
#1274-d118 @A: 01 31 28 34 | 08
#1275-d118 @A: 34 29 01 19 | 01
#1276-d118 @A: 34 01 13 30 | 07
#1277-d118 @A: 08 34 29 31 | 10
#1278-d118 @A: 08 30 17 33 | 06
#1279-d118 @A: 25 23 03 07 | 02
#1280-d118 @A: 23 27 03 35 | 05
#1281-d118 @A: 20 24 23 28 | 03
#1282-d118 @A: 18 23 22 26 | 11
#1283-d118 @A: 09 23 13 26 | 12
#1284-d118 @A: 23 10 26 20 | 04
#1285-d118 @A: 23 27 15 31 | 09
#1286-d118 @A: 04 32 23 22 | 08
#1287-d118 @A: 22 34 33 23 | 01
#1288-d118 @A: 23 02 04 30 | 07
#1289-d118 @A: 17 28 01 23 | 10
#1290-d118 @A: 23 10 21 33 | 06
#1291-d118 @A: 09 31 07 03 | 02
#1292-d118 @A: 16 01 07 26 | 05
#1293-d118 @A: 15 19 07 31 | 03
#1294-d118 @A: 22 10 25 07 | 11
#1295-d118 @A: 27 29 09 07 | 12
#1296-d118 @A: 07 06 11 09 | 04
#1297-d118 @A: 07 35 27 31 | 09
#1298-d118 @A: 27 07 30 12 | 08
#1299-d118 @A: 11 07 14 12 | 01
#1300-d118 @A: 07 21 14 31 | 07
#1301-d118 @A: 30 18 08 07 | 10
#1302-d118 @A: 19 02 07 11 | 06
#1303-d118 @A: 01 28 07 30 | 02
#1304-d118 @A: 25 07 21 05 | 05
#1305-d118 @A: 22 03 33 24 | 03
#1306-d118 @A: 20 03 22 28 | 11
#1307-d118 @A: 05 16 03 21 | 12
#1308-d118 @A: 34 32 25 03 | 04
#1309-d118 @A: 12 03 25 27 | 09
#1310-d118 @A: 29 19 03 18 | 08
#1311-d118 @A: 13 02 03 08 | 01
#1312-d118 @A: 01 10 05 03 | 07
#1313-d118 @A: 05 25 31 03 | 10
#1314-d118 @A: 17 25 03 21 | 06
#1315-d118 @A: 33 03 28 10 | 02
#1316-d118 @A: 08 03 06 29 | 05
#1317-d118 @A: 15 31 24 11 | 03
#1318-d118 @A: 22 24 20 30 | 11
#1319-d118 @A: 27 22 31 24 | 12
#1320-d118 @A: 24 22 05 02 | 04
#1321-d118 @A: 11 24 22 01 | 09
#1322-d118 @A: 24 10 20 16 | 08
#1323-d118 @A: 24 35 13 14 | 01
#1324-d118 @A: 02 28 24 35 | 07
#1325-d118 @A: 01 24 20 02 | 10
#1326-d118 @A: 24 20 33 34 | 06
#1327-d118 @A: 24 17 11 14 | 02
#1328-d118 @A: 33 02 11 24 | 05
#1329-d118 @A: 30 24 11 28 | 03
#1330-d118 @A: 24 12 19 29 | 11
#1331-d118 @A: 33 24 25 19 | 12
#1332-d118 @A: 26 28 35 15 | 04
#1333-d118 @A: 26 09 22 05 | 09
#1334-d118 @A: 26 27 18 16 | 08
#1335-d118 @A: 18 32 26 33 | 01
#1336-d118 @A: 26 09 25 12 | 07
#1337-d118 @A: 26 11 35 06 | 10
#1338-d118 @A: 34 25 18 26 | 06
#1339-d118 @A: 11 26 08 31 | 02
#1340-d118 @A: 26 19 25 01 | 05
#1341-d118 @A: 06 05 26 30 | 03
#1342-d118 @A: 33 28 26 06 | 11
#1343-d118 @A: 26 10 06 25 | 12
#1344-d118 @A: 33 26 12 21 | 04
#1345-d118 @A: 22 08 32 15 | 09
#1346-d118 @A: 32 15 27 01 | 08
#1347-d118 @A: 29 32 14 15 | 01
#1348-d118 @A: 15 32 30 05 | 07
#1349-d118 @A: 18 33 35 15 | 10
#1350-d118 @A: 12 18 15 14 | 06
#1351-d118 @A: 34 10 15 18 | 02
#1352-d118 @A: 01 18 15 19 | 05
#1353-d118 @A: 21 15 06 29 | 03
#1354-d118 @A: 25 32 22 02 | 11
#1355-d118 @A: 22 25 11 09 | 12
#1356-d118 @A: 34 35 22 11 | 04
#1357-d118 @A: 05 28 19 22 | 09
#1358-d118 @A: 22 04 33 17 | 08
#1359-d118 @A: 08 22 17 12 | 01
#1360-d118 @A: 13 22 12 28 | 07
#1361-d118 @A: 13 22 19 06 | 10
#1362-d118 @A: 31 04 13 22 | 06
#1363-d118 @A: 16 20 33 01 | 02
#1364-d118 @A: 10 16 01 28 | 05
#1365-d118 @A: 16 33 31 17 | 03
#1366-d118 @A: 35 32 34 30 | 11
#1367-d118 @A: 32 02 14 33 | 12
#1368-d118 @A: 28 33 32 01 | 04
#1369-d118 @A: 01 32 10 19 | 09
#1370-d118 @A: 17 32 31 06 | 08
#1371-d118 @A: 21 19 06 32 | 01
#1372-d118 @A: 32 12 30 33 | 07
#1373-d118 @A: 35 09 25 20 | 10
#1374-d118 @A: 09 14 19 20 | 06
#1375-d118 @A: 20 09 18 08 | 02
#1376-d118 @A: 10 09 18 14 | 05
#1377-d118 @A: 25 18 09 04 | 03
#1378-d118 @A: 09 13 17 06 | 11
#1379-d118 @A: 19 06 09 25 | 12
#1380-d118 @A: 19 33 30 09 | 04
#1381-d118 @A: 05 18 35 17 | 09
#1382-d118 @A: 11 02 10 35 | 08
#1383-d118 @A: 35 30 28 21 | 01
#1384-d118 @A: 35 08 06 19 | 07
#1385-d118 @A: 20 29 27 14 | 10
#1386-d118 @A: 20 06 25 05 | 06
#1387-d118 @A: 20 33 12 17 | 02
#1388-d118 @A: 08 27 18 05 | 05
#1389-d118 @A: 01 19 30 27 | 03
#1390-d118 @A: 01 27 31 12 | 11
#1391-d118 @A: 19 06 04 27 | 12
#1392-d118 @A: 27 33 12 06 | 04
#1393-d118 @A: 14 19 05 01 | 09
#1394-d118 @A: 01 06 30 14 | 08
#1395-d118 @A: 12 01 33 14 | 01
#1396-d118 @A: 33 04 14 05 | 07
#1397-d118 @A: 04 14 17 31 | 10
#1398-d118 @A: 30 13 17 14 | 06
#1399-d118 @A: 33 14 28 19 | 02
#1400-d118 @A: 01 08 18 13 | 05
#1401-d118 @A: 33 28 31 18 | 03
#1402-d118 @A: 25 21 18 19 | 11
#1403-d118 @A: 10 18 31 13 | 12
#1404-d118 @A: 33 25 12 18 | 04
#1405-d118 @A: 19 28 02 25 | 09
#1406-d118 @A: 21 28 12 02 | 08
#1407-d118 @A: 04 02 06 12 | 01
#1408-d118 @A: 11 30 25 05 | 07
#1409-d118 @A: 10 11 06 21 | 10
#1410-d118 @A: 34 01 04 10 | 06
#1411-d118 @A: 28 34 05 33 | 02
#1412-d118 @A: 12 34 25 28 | 05
#1413-d118 @A: 19 06 34 33 | 03
#1414-d118 @A: 31 29 34 04 | 11
#1415-d118 @A: 08 19 04 31 | 12
#1416-d118 @A: 09 23 07 12 | 04
#1417-d118 @A: 26 27 01 23 | 09
#1418-d118 @A: 16 15 10 23 | 08
#1419-d118 @A: 22 25 23 27 | 01
#1420-d118 @A: 09 32 23 06 | 07
#1421-d118 @A: 18 09 35 23 | 10
#1422-d118 @A: 09 34 04 23 | 06
#1423-d118 @A: 10 35 23 30 | 02
#1424-d118 @A: 20 23 04 19 | 05
#1425-d118 @A: 27 12 18 23 | 03
#1426-d118 @A: 29 11 14 23 | 11
#1427-d118 @A: 29 02 33 23 | 12
#1428-d118 @A: 19 13 23 01 | 04
#1429-d118 @A: 17 23 12 30 | 09
#1430-d118 @A: 31 28 04 23 | 08
#1431-d118 @A: 18 07 03 04 | 01
#1432-d118 @A: 07 21 11 03 | 07
#1433-d118 @A: 29 24 14 07 | 10
#1434-d118 @A: 07 20 15 06 | 06
#1435-d118 @A: 11 08 15 07 | 02
#1436-d118 @A: 07 17 22 27 | 05
#1437-d118 @A: 17 16 07 11 | 03
#1438-d118 @A: 32 30 14 07 | 11
#1439-d118 @A: 32 12 07 02 | 12
#1440-d118 @A: 32 34 07 01 | 04
#1441-d118 @A: 27 07 20 01 | 09
#1442-d118 @A: 04 20 14 07 | 08
#1443-d118 @A: 07 34 20 11 | 01
#1444-d118 @A: 18 07 28 27 | 07
#1445-d118 @A: 03 13 24 27 | 10
#1446-d118 @A: 03 30 15 11 | 06
#1447-d118 @A: 06 03 16 11 | 02
#1448-d118 @A: 18 03 08 32 | 05
#1449-d118 @A: 09 28 03 35 | 03
#1450-d118 @A: 13 20 01 03 | 11
#1451-d118 @A: 02 27 31 03 | 12
#1452-d118 @A: 29 34 03 14 | 04
#1453-d118 @A: 14 31 01 03 | 09
#1454-d118 @A: 22 17 24 26 | 08
#1455-d118 @A: 24 18 26 08 | 01
#1456-d118 @A: 25 24 26 02 | 07
#1457-d118 @A: 24 12 35 15 | 10
#1458-d118 @A: 28 16 24 27 | 06
#1459-d118 @A: 34 21 16 24 | 02
#1460-d118 @A: 24 08 32 13 | 05
#1461-d118 @A: 10 35 34 24 | 03
#1462-d118 @A: 04 10 02 24 | 11
#1463-d118 @A: 17 01 24 29 | 12
#1464-d118 @A: 06 28 24 04 | 04
#1465-d118 @A: 19 10 24 13 | 09
#1466-d118 @A: 31 24 29 21 | 08
#1467-d118 @A: 18 15 26 20 | 01
#1468-d118 @A: 21 15 31 26 | 07
#1469-d118 @A: 22 29 26 30 | 10
#1470-d118 @A: 16 32 28 26 | 06
#1471-d118 @A: 19 11 26 28 | 02
#1472-d118 @A: 21 28 01 26 | 05
#1473-d118 @A: 28 26 29 12 | 03
#1474-d118 @A: 30 13 12 26 | 11
#1475-d118 @A: 26 13 08 10 | 12
#1476-d118 @A: 19 15 16 34 | 04
#1477-d118 @A: 09 15 32 10 | 09
#1478-d118 @A: 09 19 35 15 | 08
#1479-d118 @A: 19 20 15 30 | 01
#1480-d118 @A: 29 18 15 11 | 07
#1481-d118 @A: 30 15 21 17 | 10
#1482-d118 @A: 15 04 21 08 | 06
#1483-d118 @A: 16 22 12 11 | 02
#1484-d118 @A: 05 20 34 22 | 05
#1485-d118 @A: 29 02 22 19 | 03
#1486-d118 @A: 17 25 19 22 | 11
#1487-d118 @A: 32 02 13 16 | 12
#1488-d118 @A: 32 34 16 33 | 04
#1489-d118 @A: 35 17 16 09 | 09
#1490-d118 @A: 16 09 19 02 | 08
#1491-d118 @A: 16 27 35 25 | 01
#1492-d118 @A: 34 18 01 16 | 07
#1493-d118 @A: 16 06 19 18 | 10
#1494-d118 @A: 11 02 28 16 | 06
#1495-d118 @A: 31 16 11 10 | 02
#1496-d118 @A: 04 05 16 10 | 05
#1497-d118 @A: 16 10 19 17 | 03
#1498-d118 @A: 30 29 19 16 | 11
#1499-d118 @A: 19 33 16 13 | 12
#1500-d118 @A: 06 10 29 16 | 04
#1501-d118 @A: 13 06 21 16 | 09
#1502-d118 @A: 16 25 13 04 | 08
#1503-d118 @A: 33 10 16 12 | 01
#1504-d118 @A: 32 13 35 28 | 07
#1505-d118 @A: 10 20 32 18 | 10
#1506-d118 @A: 32 25 05 01 | 06
#1507-d118 @A: 32 04 17 10 | 02
#1508-d118 @A: 32 31 21 30 | 05
#1509-d118 @A: 29 32 31 25 | 03
#1510-d118 @A: 05 35 33 09 | 11
#1511-d118 @A: 13 09 20 11 | 12
#1512-d118 @A: 13 09 27 18 | 04
#1513-d118 @A: 02 09 01 27 | 09
#1514-d118 @A: 04 01 09 08 | 08
#1515-d118 @A: 08 09 29 25 | 01
#1516-d118 @A: 35 20 21 02 | 07
#1517-d118 @A: 20 35 01 10 | 10
#1518-d118 @A: 02 18 08 35 | 06
#1519-d118 @A: 12 08 13 35 | 02
#1520-d118 @A: 13 02 20 10 | 05
#1521-d118 @A: 01 20 04 05 | 03
#1522-d118 @A: 17 20 29 28 | 11
#1523-d118 @A: 17 20 21 10 | 12
#1524-d118 @A: 04 20 25 21 | 04
#1525-d118 @A: 20 33 29 13 | 09
#1526-d118 @A: 18 25 27 02 | 08
#1527-d118 @A: 27 11 18 33 | 01
#1528-d118 @A: 27 02 08 34 | 07
#1529-d118 @A: 12 27 28 04 | 10
#1530-d118 @A: 21 04 27 13 | 06
#1531-d118 @A: 27 33 08 29 | 02
#1532-d118 @A: 14 18 05 21 | 05
#1533-d118 @A: 06 14 05 17 | 03
#1534-d118 @A: 30 19 10 14 | 11
#1535-d118 @A: 06 14 08 13 | 12
#1536-d118 @A: 01 06 33 18 | 04
#1537-d118 @A: 01 25 18 31 | 09
#1538-d118 @A: 29 25 28 18 | 08
#1539-d118 @A: 13 19 02 05 | 01
#1540-d118 @A: 02 04 33 28 | 07
#1541-d118 @A: 19 34 10 11 | 10
#1542-d118 @A: 13 31 11 34 | 06
#1543-d118 @A: 31 11 12 25 | 02
#1544-d118 @A: 08 01 34 21 | 05
#1545-d118 @A: 17 34 05 25 | 03
#1546-d118 @A: 10 12 34 05 | 11
#1547-d118 @A: 34 30 04 12 | 12
#1548-d118 @A: 08 30 29 05 | 04
#1549-d118 @A: 23 03 06 02 | 09
#1550-d118 @A: 23 35 06 15 | 08
#1551-d118 @A: 21 23 09 22 | 01
#1552-d118 @A: 22 20 08 23 | 07
#1553-d118 @A: 25 23 16 20 | 10
#1554-d118 @A: 16 23 02 12 | 06
#1555-d118 @A: 32 27 23 05 | 02
#1556-d118 @A: 27 10 23 29 | 05
#1557-d118 @A: 14 31 23 34 | 03
#1558-d118 @A: 18 19 11 23 | 11
#1559-d118 @A: 18 23 11 08 | 12
#1560-d118 @A: 04 23 05 29 | 04
#1561-d118 @A: 10 23 12 19 | 09
#1562-d118 @A: 34 07 30 03 | 08
#1563-d118 @A: 24 10 07 06 | 01
#1564-d118 @A: 16 25 07 15 | 07
#1565-d118 @A: 13 15 07 28 | 10
#1566-d118 @A: 35 16 30 07 | 06
#1567-d118 @A: 06 32 27 07 | 02
#1568-d118 @A: 09 07 33 34 | 05
#1569-d118 @A: 07 29 35 34 | 03
#1570-d118 @A: 07 18 21 20 | 11
#1571-d118 @A: 07 02 27 04 | 12
#1572-d118 @A: 05 01 11 07 | 04
#1573-d118 @A: 21 13 01 07 | 09
#1574-d118 @A: 05 07 28 17 | 08
#1575-d118 @A: 12 06 05 07 | 01
#1576-d118 @A: 07 04 25 30 | 07
#1577-d118 @A: 24 15 10 03 | 10
#1578-d118 @A: 28 26 34 03 | 06
#1579-d118 @A: 04 14 22 03 | 02
#1580-d118 @A: 01 22 03 02 | 05
#1581-d118 @A: 03 16 13 35 | 03
#1582-d118 @A: 14 03 17 09 | 11
#1583-d118 @A: 19 35 03 05 | 12
#1584-d118 @A: 01 27 03 21 | 04
#1585-d118 @A: 03 28 02 14 | 09
#1586-d118 @A: 03 18 06 13 | 08
#1587-d118 @A: 33 11 17 03 | 01
#1588-d118 @A: 16 09 24 26 | 07
#1589-d118 @A: 24 16 15 13 | 10
#1590-d118 @A: 20 24 15 05 | 06
#1591-d118 @A: 33 01 24 15 | 02
#1592-d118 @A: 04 18 22 24 | 05
#1593-d118 @A: 24 34 22 13 | 03
#1594-d118 @A: 24 16 33 14 | 11
#1595-d118 @A: 24 16 30 18 | 12
#1596-d118 @A: 06 24 01 16 | 04
#1597-d118 @A: 24 27 32 35 | 09
#1598-d118 @A: 24 34 30 14 | 08
#1599-d118 @A: 06 11 24 18 | 01
#1600-d118 @A: 05 28 08 24 | 07
#1601-d118 @A: 13 24 06 29 | 10
#1602-d118 @A: 12 22 31 26 | 06
#1603-d118 @A: 13 11 16 26 | 02
#1604-d118 @A: 02 26 35 30 | 05
#1605-d118 @A: 04 26 20 33 | 03
#1606-d118 @A: 05 26 14 34 | 11
#1607-d118 @A: 29 26 10 04 | 12
#1608-d118 @A: 22 09 15 33 | 04
#1609-d118 @A: 22 20 15 35 | 09
#1610-d118 @A: 22 18 21 15 | 08
#1611-d118 @A: 02 15 30 16 | 01
#1612-d118 @A: 15 25 35 11 | 07
#1613-d118 @A: 31 18 08 15 | 10
#1614-d118 @A: 12 08 15 01 | 06
#1615-d118 @A: 15 01 21 25 | 02
#1616-d118 @A: 28 12 15 30 | 05
#1617-d118 @A: 04 15 12 25 | 03
#1618-d118 @A: 12 15 13 33 | 11
#1619-d118 @A: 17 22 34 16 | 12
#1620-d118 @A: 16 08 21 22 | 04
#1621-d118 @A: 13 22 32 30 | 09
#1622-d118 @A: 20 18 22 06 | 08
#1623-d118 @A: 05 13 17 22 | 01
#1624-d118 @A: 22 30 06 31 | 07
#1625-d118 @A: 22 33 06 10 | 10
#1626-d118 @A: 06 32 16 35 | 06
#1627-d118 @A: 16 32 25 11 | 02
#1628-d118 @A: 20 06 16 09 | 05
#1629-d118 @A: 09 16 14 27 | 03
#1630-d118 @A: 09 33 16 21 | 11
#1631-d118 @A: 16 35 11 33 | 12
#1632-d118 @A: 20 16 14 17 | 04
#1633-d118 @A: 19 31 16 28 | 09
#1634-d118 @A: 30 10 13 16 | 08
#1635-d118 @A: 09 32 34 05 | 01
#1636-d118 @A: 10 32 35 33 | 07
#1637-d118 @A: 13 20 32 27 | 10
#1638-d118 @A: 14 32 20 05 | 06
#1639-d118 @A: 34 20 19 32 | 02
#1640-d118 @A: 27 25 32 30 | 05
#1641-d118 @A: 32 10 11 14 | 03
#1642-d118 @A: 18 30 32 02 | 11
#1643-d118 @A: 32 18 13 34 | 12
#1644-d118 @A: 01 32 30 17 | 04
#1645-d118 @A: 35 11 08 09 | 09
#1646-d118 @A: 09 20 01 34 | 08
#1647-d118 @A: 33 09 02 18 | 01
#1648-d118 @A: 02 04 13 09 | 07
#1649-d118 @A: 30 17 25 09 | 10
#1650-d118 @A: 09 30 12 29 | 06
#1651-d118 @A: 35 14 30 27 | 02
#1652-d118 @A: 35 27 10 12 | 05
#1653-d118 @A: 18 28 35 14 | 03
#1654-d118 @A: 35 33 34 02 | 11
#1655-d118 @A: 19 35 28 01 | 12
#1656-d118 @A: 35 10 17 29 | 04
#1657-d118 @A: 29 31 28 35 | 09
#1658-d118 @A: 35 04 10 13 | 08
#1659-d118 @A: 33 25 13 35 | 01
#1660-d118 @A: 04 18 13 20 | 07
#1661-d118 @A: 20 11 02 30 | 10
#1662-d118 @A: 12 01 06 20 | 06
#1663-d118 @A: 28 12 20 19 | 02
#1664-d118 @A: 20 06 29 04 | 05
#1665-d118 @A: 20 29 30 31 | 03
#1666-d118 @A: 34 13 33 27 | 11
#1667-d118 @A: 33 04 01 27 | 12
#1668-d118 @A: 29 25 27 17 | 04
#1669-d118 @A: 27 10 30 31 | 09
#1670-d118 @A: 18 11 14 34 | 08
#1671-d118 @A: 14 29 02 31 | 01
#1672-d118 @A: 14 28 10 17 | 07
#1673-d118 @A: 30 28 14 31 | 10
#1674-d118 @A: 30 04 21 14 | 06
#1675-d118 @A: 14 30 25 12 | 02
#1676-d118 @A: 28 19 17 18 | 05
#1677-d118 @A: 10 08 18 19 | 03
#1678-d118 @A: 18 08 06 21 | 11
#1679-d118 @A: 01 28 02 13 | 12
#1680-d118 @A: 02 06 29 05 | 04
#1681-d118 @A: 02 17 13 29 | 09
#1682-d118 @A: 10 02 31 21 | 08
#1683-d118 @A: 21 10 08 02 | 01
#1684-d118 @A: 17 11 34 28 | 07
#1685-d118 @A: 01 21 31 11 | 10
#1686-d118 @A: 19 34 30 05 | 06
#1687-d118 @A: 28 21 10 34 | 02
#1688-d118 @A: 34 33 29 10 | 05
#1689-d118 @A: 21 08 28 13 | 03
