#0001-d153 @A: 25 10 29 07 | 10
#0002-d153 @A: 12 25 07 05 | 11
#0003-d153 @A: 08 07 18 25 | 03
#0004-d153 @A: 07 33 25 32 | 06
#0005-d153 @A: 25 28 07 04 | 12
#0006-d153 @A: 33 25 03 27 | 09
#0007-d153 @A: 34 25 24 32 | 07
#0008-d153 @A: 29 25 14 04 | 05
#0009-d153 @A: 11 22 14 25 | 01
#0010-d153 @A: 35 03 25 04 | 02
#0011-d153 @A: 33 25 13 31 | 08
#0012-d153 @A: 03 18 25 09 | 04
#0013-d153 @A: 09 21 25 15 | 10
#0014-d153 @A: 21 25 28 05 | 11
#0015-d153 @A: 23 20 16 02 | 03
#0016-d153 @A: 12 16 09 02 | 06
#0017-d153 @A: 28 16 02 08 | 12
#0018-d153 @A: 16 19 02 05 | 09
#0019-d153 @A: 29 14 16 23 | 07
#0020-d153 @A: 12 16 11 23 | 05
#0021-d153 @A: 31 23 10 16 | 01
#0022-d153 @A: 16 29 27 33 | 02
#0023-d153 @A: 34 24 16 35 | 08
#0024-d153 @A: 09 17 16 35 | 04
#0025-d153 @A: 17 16 08 06 | 10
#0026-d153 @A: 13 05 16 01 | 11
#0027-d153 @A: 15 12 16 21 | 03
#0028-d153 @A: 31 32 35 16 | 06
#0029-d153 @A: 33 16 11 04 | 12
#0030-d153 @A: 21 16 33 24 | 09
#0031-d153 @A: 09 19 16 06 | 07
#0032-d153 @A: 33 07 02 29 | 05
#0033-d153 @A: 17 23 11 02 | 01
#0034-d153 @A: 02 32 33 34 | 02
#0035-d153 @A: 02 35 17 24 | 08
#0036-d153 @A: 18 02 14 17 | 04
#0037-d153 @A: 04 10 01 02 | 10
#0038-d153 @A: 02 20 35 13 | 11
#0039-d153 @A: 02 33 05 11 | 03
#0040-d153 @A: 02 19 04 20 | 06
#0041-d153 @A: 02 06 24 04 | 12
#0042-d153 @A: 20 02 10 32 | 09
#0043-d153 @A: 30 14 02 15 | 07
#0044-d153 @A: 14 02 11 09 | 05
#0045-d153 @A: 28 03 06 02 | 01
#0046-d153 @A: 21 02 14 06 | 02
#0047-d153 @A: 30 21 02 31 | 08
#0048-d153 @A: 27 08 14 07 | 04
#0049-d153 @A: 33 07 27 24 | 10
#0050-d153 @A: 19 34 31 07 | 11
#0051-d153 @A: 07 13 18 34 | 03
#0052-d153 @A: 07 15 17 35 | 06
#0053-d153 @A: 17 30 04 07 | 12
#0054-d153 @A: 12 01 35 07 | 09
#0055-d153 @A: 01 26 07 20 | 07
#0056-d153 @A: 07 21 29 09 | 05
#0057-d153 @A: 12 07 20 13 | 01
#0058-d153 @A: 08 06 07 20 | 02
#0059-d153 @A: 07 13 19 09 | 08
#0060-d153 @A: 07 24 21 20 | 04
#0061-d153 @A: 07 30 24 14 | 10
#0062-d153 @A: 07 03 09 32 | 11
#0063-d153 @A: 06 07 30 03 | 03
#0064-d153 @A: 23 10 34 27 | 06
#0065-d153 @A: 23 19 06 34 | 12
#0066-d153 @A: 01 35 23 21 | 09
#0067-d153 @A: 29 18 28 23 | 07
#0068-d153 @A: 24 12 04 23 | 05
#0069-d153 @A: 08 04 20 23 | 01
#0070-d153 @A: 13 30 33 23 | 02
#0071-d153 @A: 11 13 15 23 | 08
#0072-d153 @A: 31 23 28 03 | 04
#0073-d153 @A: 23 05 14 06 | 10
#0074-d153 @A: 23 31 06 26 | 11
#0075-d153 @A: 17 33 15 27 | 03
#0076-d153 @A: 27 22 03 11 | 06
#0077-d153 @A: 24 11 27 19 | 12
#0078-d153 @A: 27 18 14 24 | 09
#0079-d153 @A: 17 34 06 12 | 07
#0080-d153 @A: 21 12 34 01 | 05
#0081-d153 @A: 18 34 24 22 | 01
#0082-d153 @A: 31 34 13 06 | 02
#0083-d153 @A: 18 15 34 28 | 08
#0084-d153 @A: 30 34 15 24 | 04
#0085-d153 @A: 34 24 31 21 | 10
#0086-d153 @A: 30 34 32 11 | 11
#0087-d153 @A: 01 17 18 08 | 03
#0088-d153 @A: 17 12 09 13 | 06
#0089-d153 @A: 05 22 17 33 | 12
#0090-d153 @A: 17 05 09 14 | 09
#0091-d153 @A: 15 14 01 22 | 07
#0092-d153 @A: 01 32 08 35 | 05
#0093-d153 @A: 10 01 18 20 | 01
#0094-d153 @A: 01 06 15 10 | 02
#0095-d153 @A: 03 01 11 14 | 08
#0096-d153 @A: 05 03 06 01 | 04
#0097-d153 @A: 03 13 29 12 | 10
#0098-d153 @A: 33 29 31 22 | 11
#0099-d153 @A: 29 21 33 13 | 03
#0100-d153 @A: 33 29 30 18 | 06
#0101-d153 @A: 26 21 20 29 | 12
#0102-d153 @A: 30 29 05 24 | 09
#0103-d153 @A: 14 11 05 29 | 07
#0104-d153 @A: 10 05 29 31 | 05
#0105-d153 @A: 12 22 08 09 | 01
#0106-d153 @A: 06 18 22 12 | 02
#0107-d153 @A: 12 04 15 35 | 08
#0108-d153 @A: 31 12 32 08 | 04
#0109-d153 @A: 28 10 12 18 | 10
#0110-d153 @A: 09 03 12 14 | 11
#0111-d153 @A: 26 12 30 32 | 03
#0112-d153 @A: 14 22 06 35 | 06
#0113-d153 @A: 13 22 33 18 | 12
#0114-d153 @A: 13 22 31 24 | 09
#0115-d153 @A: 22 18 21 28 | 07
#0116-d153 @A: 18 22 03 30 | 05
#0117-d153 @A: 22 18 05 10 | 01
#0118-d153 @A: 22 14 03 24 | 02
#0119-d153 @A: 32 22 30 15 | 08
#0120-d153 @A: 30 11 26 22 | 04
#0121-d153 @A: 22 30 28 09 | 10
#0122-d153 @A: 08 04 21 35 | 11
#0123-d153 @A: 35 15 28 08 | 03
#0124-d153 @A: 33 13 35 09 | 06
#0125-d153 @A: 04 35 26 09 | 12
#0126-d153 @A: 18 35 10 15 | 09
#0127-d153 @A: 35 10 31 03 | 07
#0128-d153 @A: 20 08 33 30 | 05
#0129-d153 @A: 08 11 32 26 | 01
#0130-d153 @A: 14 03 08 30 | 02
#0131-d153 @A: 08 30 05 09 | 08
#0132-d153 @A: 05 33 06 21 | 04
#0133-d153 @A: 19 20 14 10 | 10
#0134-d153 @A: 10 19 06 24 | 11
#0135-d153 @A: 11 19 31 10 | 03
#0136-d153 @A: 09 28 32 19 | 06
#0137-d153 @A: 30 15 20 13 | 12
#0138-d153 @A: 26 20 06 13 | 09
#0139-d153 @A: 26 24 10 13 | 07
#0140-d153 @A: 15 13 26 05 | 05
#0141-d153 @A: 15 04 10 31 | 01
#0142-d153 @A: 05 14 32 04 | 02
#0143-d153 @A: 24 32 18 31 | 08
#0144-d153 @A: 21 31 32 15 | 04
#0145-d153 @A: 15 26 31 30 | 10
#0146-d153 @A: 25 03 13 16 | 11
#0147-d153 @A: 25 16 31 20 | 03
#0148-d153 @A: 01 02 09 25 | 06
#0149-d153 @A: 08 06 25 02 | 12
#0150-d153 @A: 02 14 25 13 | 09
#0151-d153 @A: 32 02 05 25 | 07
#0152-d153 @A: 17 05 01 25 | 05
#0153-d153 @A: 12 25 19 10 | 01
#0154-d153 @A: 12 25 09 32 | 02
#0155-d153 @A: 22 21 25 04 | 08
#0156-d153 @A: 25 30 33 04 | 04
#0157-d153 @A: 33 24 25 14 | 10
#0158-d153 @A: 05 18 30 25 | 11
#0159-d153 @A: 09 25 30 06 | 03
#0160-d153 @A: 19 16 17 07 | 06
#0161-d153 @A: 12 16 19 34 | 12
#0162-d153 @A: 16 10 34 06 | 09
#0163-d153 @A: 14 16 01 17 | 07
#0164-d153 @A: 10 01 09 16 | 05
#0165-d153 @A: 16 13 22 04 | 01
#0166-d153 @A: 35 08 20 16 | 02
#0167-d153 @A: 16 08 32 30 | 08
#0168-d153 @A: 16 15 30 09 | 04
#0169-d153 @A: 16 11 03 28 | 10
#0170-d153 @A: 07 02 22 21 | 11
#0171-d153 @A: 09 02 19 23 | 03
#0172-d153 @A: 13 02 23 06 | 06
#0173-d153 @A: 02 27 09 17 | 12
#0174-d153 @A: 27 05 12 02 | 09
#0175-d153 @A: 33 02 27 10 | 07
#0176-d153 @A: 03 27 02 13 | 05
#0177-d153 @A: 04 27 02 18 | 01
#0178-d153 @A: 04 02 34 11 | 02
#0179-d153 @A: 30 02 20 17 | 08
#0180-d153 @A: 19 02 29 10 | 04
#0181-d153 @A: 12 11 20 02 | 10
#0182-d153 @A: 02 32 08 18 | 11
#0183-d153 @A: 11 08 21 02 | 03
#0184-d153 @A: 21 20 02 15 | 06
#0185-d153 @A: 07 09 05 23 | 12
#0186-d153 @A: 04 05 07 27 | 09
#0187-d153 @A: 35 07 34 32 | 07
#0188-d153 @A: 11 34 07 08 | 05
#0189-d153 @A: 09 01 14 07 | 01
#0190-d153 @A: 29 07 35 06 | 02
#0191-d153 @A: 26 30 07 29 | 08
#0192-d153 @A: 35 07 33 08 | 04
#0193-d153 @A: 33 04 07 20 | 10
#0194-d153 @A: 07 06 33 18 | 11
#0195-d153 @A: 07 33 21 26 | 03
#0196-d153 @A: 15 18 07 21 | 06
#0197-d153 @A: 26 10 07 18 | 12
#0198-d153 @A: 24 26 32 07 | 09
#0199-d153 @A: 15 09 26 07 | 07
#0200-d153 @A: 23 27 21 17 | 05
#0201-d153 @A: 34 17 14 23 | 01
#0202-d153 @A: 23 01 03 13 | 02
#0203-d153 @A: 03 29 23 33 | 08
#0204-d153 @A: 08 18 23 13 | 04
#0205-d153 @A: 31 11 23 04 | 10
#0206-d153 @A: 24 18 23 26 | 11
#0207-d153 @A: 11 21 23 28 | 03
#0208-d153 @A: 05 21 31 23 | 06
#0209-d153 @A: 23 03 21 26 | 12
#0210-d153 @A: 05 17 27 29 | 09
#0211-d153 @A: 32 17 27 12 | 07
#0212-d153 @A: 27 17 22 30 | 05
#0213-d153 @A: 13 17 27 18 | 01
#0214-d153 @A: 27 29 06 01 | 02
#0215-d153 @A: 04 27 26 29 | 08
#0216-d153 @A: 35 03 05 27 | 04
#0217-d153 @A: 31 27 35 26 | 10
#0218-d153 @A: 19 27 26 08 | 11
#0219-d153 @A: 31 34 17 30 | 03
#0220-d153 @A: 30 34 01 35 | 06
#0221-d153 @A: 29 31 35 34 | 12
#0222-d153 @A: 08 29 26 34 | 09
#0223-d153 @A: 29 11 34 33 | 07
#0224-d153 @A: 11 34 12 35 | 05
#0225-d153 @A: 14 34 30 12 | 01
#0226-d153 @A: 34 35 09 22 | 02
#0227-d153 @A: 35 13 03 34 | 08
#0228-d153 @A: 08 19 34 03 | 04
#0229-d153 @A: 10 04 34 08 | 10
#0230-d153 @A: 10 11 24 34 | 11
#0231-d153 @A: 22 01 17 32 | 03
#0232-d153 @A: 17 01 09 04 | 06
#0233-d153 @A: 08 29 35 17 | 12
#0234-d153 @A: 32 04 17 03 | 09
#0235-d153 @A: 09 31 04 17 | 07
#0236-d153 @A: 10 17 18 03 | 05
#0237-d153 @A: 03 26 06 17 | 01
#0238-d153 @A: 29 01 09 35 | 02
#0239-d153 @A: 26 01 12 15 | 08
#0240-d153 @A: 31 12 05 01 | 04
#0241-d153 @A: 35 22 26 01 | 10
#0242-d153 @A: 20 08 22 01 | 11
#0243-d153 @A: 22 11 04 01 | 03
#0244-d153 @A: 01 35 13 14 | 06
#0245-d153 @A: 21 15 01 24 | 12
#0246-d153 @A: 24 14 06 01 | 09
#0247-d153 @A: 01 32 03 30 | 07
#0248-d153 @A: 18 04 29 22 | 05
#0249-d153 @A: 35 15 20 29 | 01
#0250-d153 @A: 13 06 24 29 | 02
#0251-d153 @A: 21 06 35 12 | 08
#0252-d153 @A: 26 12 13 33 | 04
#0253-d153 @A: 21 26 12 19 | 10
#0254-d153 @A: 05 06 24 12 | 11
#0255-d153 @A: 12 11 10 03 | 03
#0256-d153 @A: 11 22 35 33 | 06
#0257-d153 @A: 31 05 22 08 | 12
#0258-d153 @A: 14 04 31 22 | 09
#0259-d153 @A: 31 10 18 22 | 07
#0260-d153 @A: 11 20 22 31 | 05
#0261-d153 @A: 31 04 19 35 | 01
#0262-d153 @A: 18 28 35 06 | 02
#0263-d153 @A: 21 35 14 15 | 08
#0264-d153 @A: 09 35 30 10 | 04
#0265-d153 @A: 08 06 19 21 | 10
#0266-d153 @A: 08 09 15 11 | 11
#0267-d153 @A: 10 21 03 08 | 03
#0268-d153 @A: 28 33 18 09 | 06
#0269-d153 @A: 20 09 33 05 | 12
#0270-d153 @A: 33 24 28 30 | 09
#0271-d153 @A: 04 19 18 10 | 07
#0272-d153 @A: 18 21 20 19 | 05
#0273-d153 @A: 13 04 20 05 | 01
#0274-d153 @A: 13 18 30 32 | 02
#0275-d153 @A: 13 11 32 05 | 08
#0276-d153 @A: 13 11 09 30 | 04
#0277-d153 @A: 28 13 09 05 | 10
#0278-d153 @A: 21 32 10 13 | 11
#0279-d153 @A: 15 04 18 32 | 03
#0280-d153 @A: 29 16 21 25 | 06
#0281-d153 @A: 04 25 02 26 | 12
#0282-d153 @A: 25 21 34 07 | 09
#0283-d153 @A: 14 27 25 23 | 07
#0284-d153 @A: 35 23 31 25 | 05
#0285-d153 @A: 25 23 19 11 | 01
#0286-d153 @A: 27 09 25 08 | 02
#0287-d153 @A: 04 34 09 25 | 08
#0288-d153 @A: 08 20 17 25 | 04
#0289-d153 @A: 25 11 32 01 | 10
#0290-d153 @A: 19 29 06 25 | 11
#0291-d153 @A: 04 31 25 12 | 03
#0292-d153 @A: 35 08 14 25 | 06
#0293-d153 @A: 04 32 25 08 | 12
#0294-d153 @A: 25 32 13 19 | 09
#0295-d153 @A: 09 25 19 05 | 07
#0296-d153 @A: 10 18 25 13 | 05
#0297-d153 @A: 26 25 14 09 | 01
#0298-d153 @A: 27 02 21 16 | 02
#0299-d153 @A: 06 02 16 22 | 08
#0300-d153 @A: 03 02 16 04 | 04
#0301-d153 @A: 16 20 29 07 | 10
#0302-d153 @A: 26 15 27 16 | 11
#0303-d153 @A: 31 16 18 34 | 03
#0304-d153 @A: 15 29 10 16 | 06
#0305-d153 @A: 28 12 26 16 | 12
#0306-d153 @A: 03 16 26 22 | 09
#0307-d153 @A: 16 35 04 30 | 07
#0308-d153 @A: 16 18 28 32 | 05
#0309-d153 @A: 26 16 14 24 | 01
#0310-d153 @A: 02 24 07 15 | 02
#0311-d153 @A: 06 29 02 17 | 08
#0312-d153 @A: 17 12 26 02 | 04
#0313-d153 @A: 33 31 01 02 | 10
#0314-d153 @A: 06 19 01 02 | 11
#0315-d153 @A: 24 13 09 02 | 03
#0316-d153 @A: 24 02 28 14 | 06
#0317-d153 @A: 24 32 02 03 | 12
#0318-d153 @A: 29 17 23 07 | 09
#0319-d153 @A: 27 07 32 13 | 07
#0320-d153 @A: 07 34 29 28 | 05
#0321-d153 @A: 17 07 05 13 | 01
#0322-d153 @A: 32 22 07 12 | 02
#0323-d153 @A: 12 08 26 07 | 08
#0324-d153 @A: 18 07 22 19 | 04
#0325-d153 @A: 20 30 09 07 | 10
#0326-d153 @A: 30 10 15 07 | 11
#0327-d153 @A: 11 07 28 32 | 03
#0328-d153 @A: 10 03 05 07 | 06
#0329-d153 @A: 34 08 23 01 | 12
#0330-d153 @A: 09 13 34 23 | 09
#0331-d153 @A: 34 23 32 21 | 07
#0332-d153 @A: 21 22 23 12 | 05
#0333-d153 @A: 23 31 12 30 | 01
#0334-d153 @A: 31 20 32 23 | 02
#0335-d153 @A: 09 23 11 24 | 08
#0336-d153 @A: 32 06 24 23 | 04
#0337-d153 @A: 28 26 23 14 | 10
#0338-d153 @A: 23 10 28 06 | 11
#0339-d153 @A: 09 23 30 21 | 03
#0340-d153 @A: 27 17 20 34 | 06
#0341-d153 @A: 33 34 30 27 | 12
#0342-d153 @A: 27 32 18 34 | 09
#0343-d153 @A: 17 19 03 27 | 07
#0344-d153 @A: 35 27 18 01 | 05
#0345-d153 @A: 01 04 27 15 | 01
#0346-d153 @A: 12 13 10 27 | 02
#0347-d153 @A: 03 30 24 27 | 08
#0348-d153 @A: 05 14 27 15 | 04
#0349-d153 @A: 35 28 34 17 | 10
#0350-d153 @A: 19 32 17 34 | 11
#0351-d153 @A: 29 04 15 34 | 03
#0352-d153 @A: 35 04 05 34 | 06
#0353-d153 @A: 32 34 08 13 | 12
#0354-d153 @A: 34 06 11 14 | 09
#0355-d153 @A: 34 32 26 14 | 07
#0356-d153 @A: 13 10 17 01 | 05
#0357-d153 @A: 17 12 15 22 | 01
#0358-d153 @A: 19 30 35 17 | 02
#0359-d153 @A: 13 14 33 17 | 08
#0360-d153 @A: 19 17 09 20 | 04
#0361-d153 @A: 21 18 17 26 | 10
#0362-d153 @A: 14 32 30 17 | 11
#0363-d153 @A: 17 26 14 10 | 03
#0364-d153 @A: 21 13 28 01 | 06
#0365-d153 @A: 01 15 09 18 | 12
#0366-d153 @A: 18 11 06 01 | 09
#0367-d153 @A: 11 01 05 15 | 07
#0368-d153 @A: 09 03 01 21 | 05
#0369-d153 @A: 20 33 29 28 | 01
#0370-d153 @A: 19 29 03 04 | 02
#0371-d153 @A: 06 04 32 29 | 08
#0372-d153 @A: 06 20 05 29 | 04
#0373-d153 @A: 29 05 28 32 | 10
#0374-d153 @A: 32 26 03 29 | 11
#0375-d153 @A: 31 12 03 22 | 03
#0376-d153 @A: 13 12 19 06 | 06
#0377-d153 @A: 30 06 11 12 | 12
#0378-d153 @A: 24 33 04 22 | 09
#0379-d153 @A: 24 20 22 11 | 07
#0380-d153 @A: 10 28 20 22 | 05
#0381-d153 @A: 21 03 06 22 | 01
#0382-d153 @A: 22 09 06 10 | 02
#0383-d153 @A: 08 06 10 35 | 08
#0384-d153 @A: 21 32 18 35 | 04
#0385-d153 @A: 14 24 35 20 | 10
#0386-d153 @A: 03 35 30 20 | 11
#0387-d153 @A: 35 15 03 26 | 03
#0388-d153 @A: 32 11 35 09 | 06
#0389-d153 @A: 14 10 35 32 | 12
#0390-d153 @A: 11 20 08 18 | 09
#0391-d153 @A: 24 20 08 28 | 07
#0392-d153 @A: 08 31 24 11 | 05
#0393-d153 @A: 08 28 05 11 | 01
#0394-d153 @A: 15 33 20 18 | 02
#0395-d153 @A: 09 31 15 33 | 08
#0396-d153 @A: 11 19 10 15 | 04
#0397-d153 @A: 18 13 15 14 | 10
#0398-d153 @A: 03 13 05 18 | 11
#0399-d153 @A: 28 15 32 13 | 03
#0400-d153 @A: 13 03 14 06 | 06
#0401-d153 @A: 07 25 14 16 | 12
#0402-d153 @A: 25 28 15 16 | 09
#0403-d153 @A: 35 02 12 25 | 07
#0404-d153 @A: 23 25 07 30 | 05
#0405-d153 @A: 11 07 25 27 | 01
#0406-d153 @A: 23 13 24 25 | 02
#0407-d153 @A: 25 31 09 27 | 08
#0408-d153 @A: 30 25 13 17 | 04
#0409-d153 @A: 25 28 17 09 | 10
#0410-d153 @A: 12 30 25 01 | 11
#0411-d153 @A: 01 25 08 24 | 03
#0412-d153 @A: 05 13 25 08 | 06
#0413-d153 @A: 06 25 33 28 | 12
#0414-d153 @A: 24 25 19 04 | 09
#0415-d153 @A: 06 25 18 32 | 07
#0416-d153 @A: 06 25 31 15 | 05
#0417-d153 @A: 24 02 16 01 | 01
#0418-d153 @A: 16 03 23 07 | 02
#0419-d153 @A: 05 07 16 08 | 08
#0420-d153 @A: 31 16 07 28 | 04
#0421-d153 @A: 23 30 19 16 | 10
#0422-d153 @A: 32 04 34 16 | 11
#0423-d153 @A: 16 34 05 31 | 03
#0424-d153 @A: 17 16 03 12 | 06
#0425-d153 @A: 08 03 16 01 | 12
#0426-d153 @A: 01 21 16 19 | 09
#0427-d153 @A: 30 16 33 22 | 07
#0428-d153 @A: 03 33 16 31 | 05
#0429-d153 @A: 26 16 19 04 | 01
#0430-d153 @A: 20 16 18 13 | 02
#0431-d153 @A: 16 28 05 10 | 08
#0432-d153 @A: 31 02 23 24 | 04
#0433-d153 @A: 27 17 31 02 | 10
#0434-d153 @A: 27 11 30 02 | 11
#0435-d153 @A: 02 18 19 34 | 03
#0436-d153 @A: 15 02 01 35 | 06
#0437-d153 @A: 13 29 02 18 | 12
#0438-d153 @A: 04 02 12 32 | 09
#0439-d153 @A: 02 19 32 35 | 07
#0440-d153 @A: 15 02 05 18 | 05
#0441-d153 @A: 28 02 11 18 | 01
#0442-d153 @A: 31 02 14 15 | 02
#0443-d153 @A: 02 11 32 06 | 08
#0444-d153 @A: 31 28 02 05 | 04
#0445-d153 @A: 31 32 02 10 | 10
#0446-d153 @A: 26 07 22 23 | 11
#0447-d153 @A: 23 10 19 07 | 03
#0448-d153 @A: 01 27 10 07 | 06
#0449-d153 @A: 07 11 27 31 | 12
#0450-d153 @A: 01 26 07 31 | 09
#0451-d153 @A: 33 30 12 07 | 07
#0452-d153 @A: 04 06 12 07 | 05
#0453-d153 @A: 28 12 07 09 | 01
#0454-d153 @A: 35 24 07 22 | 02
#0455-d153 @A: 09 04 07 22 | 08
#0456-d153 @A: 08 07 28 19 | 04
#0457-d153 @A: 20 07 15 31 | 10
#0458-d153 @A: 14 07 31 05 | 11
#0459-d153 @A: 06 07 10 21 | 03
#0460-d153 @A: 01 11 27 23 | 06
#0461-d153 @A: 34 23 20 29 | 12
#0462-d153 @A: 34 35 15 23 | 09
#0463-d153 @A: 04 13 23 29 | 07
#0464-d153 @A: 05 23 35 13 | 05
#0465-d153 @A: 08 23 11 33 | 01
#0466-d153 @A: 08 05 10 23 | 02
#0467-d153 @A: 23 19 21 24 | 08
#0468-d153 @A: 11 18 10 23 | 04
#0469-d153 @A: 03 24 15 23 | 10
#0470-d153 @A: 09 23 06 03 | 11
#0471-d153 @A: 28 34 27 01 | 03
#0472-d153 @A: 04 27 34 03 | 06
#0473-d153 @A: 13 27 01 26 | 12
#0474-d153 @A: 11 27 29 12 | 09
#0475-d153 @A: 31 12 27 15 | 07
#0476-d153 @A: 08 10 22 27 | 05
#0477-d153 @A: 22 24 27 26 | 01
#0478-d153 @A: 22 15 09 27 | 02
#0479-d153 @A: 27 24 35 13 | 08
#0480-d153 @A: 15 13 27 08 | 04
#0481-d153 @A: 28 27 31 04 | 10
#0482-d153 @A: 18 20 28 27 | 11
#0483-d153 @A: 21 27 05 18 | 03
#0484-d153 @A: 27 28 24 06 | 06
#0485-d153 @A: 27 26 11 14 | 12
#0486-d153 @A: 29 01 05 34 | 09
#0487-d153 @A: 34 22 29 06 | 07
#0488-d153 @A: 34 19 29 24 | 05
#0489-d153 @A: 28 34 22 33 | 01
#0490-d153 @A: 20 35 34 33 | 02
#0491-d153 @A: 34 05 19 11 | 08
#0492-d153 @A: 28 14 04 34 | 04
#0493-d153 @A: 20 06 32 34 | 10
#0494-d153 @A: 09 24 34 14 | 11
#0495-d153 @A: 34 06 24 21 | 03
#0496-d153 @A: 28 32 03 34 | 06
#0497-d153 @A: 34 05 09 32 | 12
#0498-d153 @A: 31 34 03 32 | 09
#0499-d153 @A: 29 15 14 17 | 07
#0500-d153 @A: 33 17 12 21 | 05
#0501-d153 @A: 17 20 03 24 | 01
#0502-d153 @A: 24 28 17 21 | 02
#0503-d153 @A: 31 17 10 28 | 08
#0504-d153 @A: 32 17 31 26 | 04
#0505-d153 @A: 30 17 10 06 | 10
#0506-d153 @A: 22 03 29 01 | 11
#0507-d153 @A: 19 29 30 01 | 03
#0508-d153 @A: 13 01 22 09 | 06
#0509-d153 @A: 24 01 04 35 | 12
#0510-d153 @A: 28 19 01 04 | 09
#0511-d153 @A: 15 20 19 01 | 07
#0512-d153 @A: 24 20 01 31 | 05
#0513-d153 @A: 28 06 01 20 | 01
#0514-d153 @A: 26 01 30 24 | 02
#0515-d153 @A: 14 05 01 26 | 08
#0516-d153 @A: 10 30 21 01 | 04
#0517-d153 @A: 29 04 05 33 | 10
#0518-d153 @A: 29 20 24 18 | 11
#0519-d153 @A: 32 29 18 09 | 03
#0520-d153 @A: 12 35 03 08 | 06
#0521-d153 @A: 12 05 35 19 | 12
#0522-d153 @A: 12 04 33 28 | 09
#0523-d153 @A: 32 19 12 20 | 07
#0524-d153 @A: 05 20 12 21 | 05
#0525-d153 @A: 04 10 22 35 | 01
#0526-d153 @A: 08 32 33 22 | 02
#0527-d153 @A: 26 22 33 14 | 08
#0528-d153 @A: 22 26 19 06 | 04
#0529-d153 @A: 15 22 24 05 | 10
#0530-d153 @A: 11 05 22 06 | 11
#0531-d153 @A: 10 22 30 14 | 03
#0532-d153 @A: 19 35 08 24 | 06
#0533-d153 @A: 31 20 35 33 | 12
#0534-d153 @A: 19 13 35 21 | 09
#0535-d153 @A: 09 20 06 35 | 07
#0536-d153 @A: 24 05 10 35 | 05
#0537-d153 @A: 35 30 28 32 | 01
#0538-d153 @A: 04 33 08 13 | 02
#0539-d153 @A: 32 14 08 24 | 08
#0540-d153 @A: 14 08 28 06 | 04
#0541-d153 @A: 33 03 32 13 | 10
#0542-d153 @A: 15 33 04 03 | 11
#0543-d153 @A: 20 33 11 32 | 03
#0544-d153 @A: 20 31 33 10 | 06
#0545-d153 @A: 33 15 11 24 | 12
#0546-d153 @A: 33 10 03 28 | 09
#0547-d153 @A: 28 13 19 31 | 07
#0548-d153 @A: 19 30 13 10 | 05
#0549-d153 @A: 18 14 19 11 | 01
#0550-d153 @A: 05 03 15 19 | 02
#0551-d153 @A: 26 30 19 09 | 08
#0552-d153 @A: 06 21 13 15 | 04
#0553-d153 @A: 14 09 32 13 | 10
#0554-d153 @A: 13 31 14 21 | 11
#0555-d153 @A: 06 20 04 21 | 03
#0556-d153 @A: 11 09 28 04 | 06
#0557-d153 @A: 30 11 21 04 | 12
#0558-d153 @A: 30 31 20 09 | 09
#0559-d153 @A: 12 25 16 22 | 07
#0560-d153 @A: 30 16 25 24 | 05
#0561-d153 @A: 23 17 03 25 | 01
#0562-d153 @A: 18 35 25 23 | 02
#0563-d153 @A: 32 27 35 25 | 08
#0564-d153 @A: 04 27 25 10 | 04
#0565-d153 @A: 34 25 18 12 | 10
#0566-d153 @A: 11 25 34 03 | 11
#0567-d153 @A: 25 12 17 14 | 03
#0568-d153 @A: 17 35 11 25 | 06
#0569-d153 @A: 15 29 25 31 | 12
#0570-d153 @A: 22 09 33 25 | 09
#0571-d153 @A: 25 20 04 18 | 07
#0572-d153 @A: 18 26 11 25 | 05
#0573-d153 @A: 14 25 05 20 | 01
#0574-d153 @A: 21 10 25 20 | 02
#0575-d153 @A: 31 25 28 14 | 08
#0576-d153 @A: 10 30 25 31 | 04
#0577-d153 @A: 11 02 16 35 | 10
#0578-d153 @A: 16 34 30 07 | 11
#0579-d153 @A: 05 23 27 16 | 03
#0580-d153 @A: 15 16 23 22 | 06
#0581-d153 @A: 28 22 16 27 | 12
#0582-d153 @A: 17 28 16 04 | 09
#0583-d153 @A: 30 17 11 16 | 07
#0584-d153 @A: 16 01 14 31 | 05
#0585-d153 @A: 05 16 04 12 | 01
#0586-d153 @A: 16 05 22 20 | 02
#0587-d153 @A: 16 19 03 24 | 08
#0588-d153 @A: 18 16 15 03 | 04
#0589-d153 @A: 16 18 10 21 | 10
#0590-d153 @A: 26 10 11 16 | 11
#0591-d153 @A: 14 32 06 16 | 03
#0592-d153 @A: 14 16 10 03 | 06
#0593-d153 @A: 32 17 02 07 | 12
#0594-d153 @A: 02 14 07 10 | 09
#0595-d153 @A: 35 29 02 23 | 07
#0596-d153 @A: 12 10 02 23 | 05
#0597-d153 @A: 02 10 34 03 | 01
#0598-d153 @A: 02 01 12 18 | 02
#0599-d153 @A: 22 12 14 02 | 08
#0600-d153 @A: 04 14 02 35 | 04
#0601-d153 @A: 02 13 08 10 | 10
#0602-d153 @A: 02 09 20 28 | 11
#0603-d153 @A: 02 15 10 28 | 03
#0604-d153 @A: 21 02 09 05 | 06
#0605-d153 @A: 03 02 26 09 | 12
#0606-d153 @A: 17 07 27 26 | 09
#0607-d153 @A: 07 27 18 09 | 07
#0608-d153 @A: 34 07 03 22 | 05
#0609-d153 @A: 07 01 30 13 | 01
#0610-d153 @A: 07 29 24 04 | 02
#0611-d153 @A: 07 31 22 15 | 08
#0612-d153 @A: 07 06 08 31 | 04
#0613-d153 @A: 03 07 13 15 | 10
#0614-d153 @A: 11 07 15 04 | 11
#0615-d153 @A: 11 07 18 30 | 03
#0616-d153 @A: 05 20 07 15 | 06
#0617-d153 @A: 15 07 28 14 | 12
#0618-d153 @A: 21 05 07 11 | 09
#0619-d153 @A: 30 04 23 01 | 07
#0620-d153 @A: 01 23 24 20 | 05
#0621-d153 @A: 23 29 30 22 | 01
#0622-d153 @A: 29 31 23 08 | 02
#0623-d153 @A: 04 03 22 23 | 08
#0624-d153 @A: 19 35 23 20 | 04
#0625-d153 @A: 04 28 23 35 | 10
#0626-d153 @A: 35 24 30 23 | 11
#0627-d153 @A: 18 23 14 33 | 03
#0628-d153 @A: 11 13 34 27 | 06
#0629-d153 @A: 26 05 34 27 | 12
#0630-d153 @A: 01 27 33 14 | 09
#0631-d153 @A: 09 27 30 01 | 07
#0632-d153 @A: 14 29 22 27 | 05
#0633-d153 @A: 27 29 10 35 | 01
#0634-d153 @A: 19 27 29 21 | 02
#0635-d153 @A: 35 26 27 12 | 08
#0636-d153 @A: 12 33 27 09 | 04
#0637-d153 @A: 20 27 12 06 | 10
#0638-d153 @A: 22 05 19 27 | 11
#0639-d153 @A: 13 05 27 33 | 03
#0640-d153 @A: 04 21 27 28 | 06
#0641-d153 @A: 30 27 14 20 | 12
#0642-d153 @A: 24 15 10 27 | 09
#0643-d153 @A: 11 15 27 28 | 07
#0644-d153 @A: 10 27 06 11 | 05
#0645-d153 @A: 32 03 14 27 | 01
#0646-d153 @A: 30 27 14 31 | 02
#0647-d153 @A: 05 31 06 27 | 08
#0648-d153 @A: 24 04 34 17 | 04
#0649-d153 @A: 01 03 34 26 | 10
#0650-d153 @A: 34 29 10 13 | 11
#0651-d153 @A: 12 34 33 05 | 03
#0652-d153 @A: 13 12 04 34 | 06
#0653-d153 @A: 20 05 18 34 | 12
#0654-d153 @A: 14 10 34 18 | 09
#0655-d153 @A: 26 34 09 18 | 07
#0656-d153 @A: 34 20 30 28 | 05
#0657-d153 @A: 15 34 21 26 | 01
#0658-d153 @A: 21 34 10 28 | 02
#0659-d153 @A: 21 29 01 17 | 08
#0660-d153 @A: 30 09 17 29 | 04
#0661-d153 @A: 17 22 24 08 | 10
#0662-d153 @A: 13 17 08 03 | 11
#0663-d153 @A: 06 17 33 19 | 03
#0664-d153 @A: 31 19 17 20 | 06
#0665-d153 @A: 05 17 26 20 | 12
#0666-d153 @A: 30 15 17 05 | 09
#0667-d153 @A: 29 04 20 01 | 07
#0668-d153 @A: 29 31 01 30 | 05
#0669-d153 @A: 01 06 09 12 | 01
#0670-d153 @A: 01 09 08 19 | 02
#0671-d153 @A: 01 08 31 13 | 08
#0672-d153 @A: 01 03 18 24 | 04
#0673-d153 @A: 14 10 28 01 | 10
#0674-d153 @A: 19 28 29 12 | 11
#0675-d153 @A: 29 21 35 22 | 03
#0676-d153 @A: 33 15 29 22 | 06
#0677-d153 @A: 08 05 29 18 | 12
#0678-d153 @A: 29 19 32 31 | 09
#0679-d153 @A: 32 29 11 24 | 07
#0680-d153 @A: 15 32 29 21 | 05
#0681-d153 @A: 11 29 03 09 | 01
#0682-d153 @A: 28 29 06 21 | 02
#0683-d153 @A: 11 13 08 12 | 08
#0684-d153 @A: 31 33 19 12 | 04
#0685-d153 @A: 12 28 14 20 | 10
#0686-d153 @A: 28 03 12 05 | 11
#0687-d153 @A: 22 35 15 13 | 03
#0688-d153 @A: 35 06 11 15 | 06
#0689-d153 @A: 30 11 08 24 | 12
#0690-d153 @A: 06 11 08 03 | 09
#0691-d153 @A: 10 28 09 08 | 07
#0692-d153 @A: 05 24 31 33 | 05
#0693-d153 @A: 06 33 09 11 | 01
#0694-d153 @A: 30 31 28 33 | 02
#0695-d153 @A: 13 21 04 18 | 08
#0696-d153 @A: 06 13 11 04 | 04
#0697-d153 @A: 20 21 09 13 | 10
#0698-d153 @A: 03 30 26 13 | 11
#0699-d153 @A: 21 32 09 04 | 03
#0700-d153 @A: 25 02 16 10 | 06
#0701-d153 @A: 25 05 16 33 | 12
#0702-d153 @A: 07 06 25 13 | 09
#0703-d153 @A: 01 10 25 23 | 07
#0704-d153 @A: 13 27 25 21 | 05
#0705-d153 @A: 22 05 25 34 | 01
#0706-d153 @A: 25 10 35 34 | 02
#0707-d153 @A: 22 17 25 10 | 08
#0708-d153 @A: 01 15 25 33 | 04
#0709-d153 @A: 32 01 25 31 | 10
#0710-d153 @A: 33 29 25 12 | 11
#0711-d153 @A: 25 21 12 08 | 03
#0712-d153 @A: 28 22 03 25 | 06
#0713-d153 @A: 13 35 28 25 | 12
#0714-d153 @A: 08 25 18 31 | 09
#0715-d153 @A: 15 24 18 25 | 07
#0716-d153 @A: 18 14 25 28 | 05
#0717-d153 @A: 25 11 09 20 | 01
#0718-d153 @A: 21 25 24 03 | 02
#0719-d153 @A: 24 25 09 10 | 08
#0720-d153 @A: 34 02 26 16 | 04
#0721-d153 @A: 16 07 01 15 | 10
#0722-d153 @A: 16 24 12 07 | 11
#0723-d153 @A: 23 26 01 16 | 03
#0724-d153 @A: 23 33 16 06 | 06
#0725-d153 @A: 27 13 09 16 | 12
#0726-d153 @A: 21 16 34 11 | 09
#0727-d153 @A: 33 20 17 16 | 07
#0728-d153 @A: 22 24 29 16 | 05
#0729-d153 @A: 16 09 04 29 | 01
#0730-d153 @A: 16 32 12 35 | 02
#0731-d153 @A: 16 13 14 12 | 08
#0732-d153 @A: 06 16 35 13 | 04
#0733-d153 @A: 15 31 08 16 | 10
#0734-d153 @A: 19 28 16 33 | 11
#0735-d153 @A: 11 13 16 19 | 03
#0736-d153 @A: 06 18 24 16 | 06
#0737-d153 @A: 24 32 16 10 | 12
#0738-d153 @A: 28 14 30 16 | 09
#0739-d153 @A: 05 32 26 16 | 07
#0740-d153 @A: 28 30 02 07 | 05
#0741-d153 @A: 29 28 27 02 | 01
#0742-d153 @A: 22 34 02 15 | 02
#0743-d153 @A: 13 02 17 28 | 08
#0744-d153 @A: 08 02 26 01 | 04
#0745-d153 @A: 29 08 02 24 | 10
#0746-d153 @A: 02 22 03 08 | 11
#0747-d153 @A: 22 20 02 33 | 03
#0748-d153 @A: 03 02 33 35 | 06
#0749-d153 @A: 35 02 18 30 | 12
#0750-d153 @A: 33 02 09 04 | 09
#0751-d153 @A: 09 02 10 18 | 07
#0752-d153 @A: 11 26 02 24 | 05
#0753-d153 @A: 11 35 07 23 | 01
#0754-d153 @A: 04 26 07 34 | 02
#0755-d153 @A: 05 07 06 34 | 08
#0756-d153 @A: 17 18 07 28 | 04
#0757-d153 @A: 07 28 20 35 | 10
#0758-d153 @A: 07 35 30 21 | 11
#0759-d153 @A: 07 03 11 24 | 03
#0760-d153 @A: 30 07 32 05 | 06
#0761-d153 @A: 23 29 27 24 | 12
#0762-d153 @A: 30 27 32 23 | 09
#0763-d153 @A: 12 17 23 30 | 07
#0764-d153 @A: 12 14 01 23 | 05
#0765-d153 @A: 23 09 08 29 | 01
#0766-d153 @A: 11 06 29 23 | 02
#0767-d153 @A: 18 31 19 23 | 08
#0768-d153 @A: 23 30 20 06 | 04
#0769-d153 @A: 15 23 09 28 | 10
#0770-d153 @A: 27 17 35 14 | 11
#0771-d153 @A: 27 22 21 01 | 03
#0772-d153 @A: 29 30 13 27 | 06
#0773-d153 @A: 31 29 20 27 | 12
#0774-d153 @A: 24 27 12 08 | 09
#0775-d153 @A: 27 03 18 12 | 07
#0776-d153 @A: 27 35 33 28 | 05
#0777-d153 @A: 11 18 27 33 | 01
#0778-d153 @A: 26 33 20 27 | 02
#0779-d153 @A: 04 19 27 13 | 08
#0780-d153 @A: 13 27 14 28 | 04
#0781-d153 @A: 32 27 20 15 | 10
#0782-d153 @A: 24 21 32 27 | 11
#0783-d153 @A: 03 28 27 09 | 03
#0784-d153 @A: 10 14 27 21 | 06
#0785-d153 @A: 03 34 17 29 | 12
#0786-d153 @A: 09 34 17 33 | 09
#0787-d153 @A: 35 34 19 26 | 07
#0788-d153 @A: 10 33 34 26 | 05
#0789-d153 @A: 19 34 28 13 | 01
#0790-d153 @A: 11 20 34 15 | 02
#0791-d153 @A: 09 06 34 28 | 08
#0792-d153 @A: 34 05 14 21 | 04
#0793-d153 @A: 17 22 09 18 | 10
#0794-d153 @A: 14 08 17 11 | 11
#0795-d153 @A: 17 18 04 33 | 03
#0796-d153 @A: 31 03 14 17 | 06
#0797-d153 @A: 01 03 12 04 | 12
#0798-d153 @A: 10 11 08 01 | 09
#0799-d153 @A: 01 26 33 04 | 07
#0800-d153 @A: 13 18 01 19 | 05
#0801-d153 @A: 32 35 29 13 | 01
#0802-d153 @A: 33 08 29 06 | 02
#0803-d153 @A: 14 29 08 13 | 08
#0804-d153 @A: 29 30 21 08 | 04
#0805-d153 @A: 29 18 31 14 | 10
#0806-d153 @A: 24 03 10 29 | 11
#0807-d153 @A: 29 11 21 31 | 03
#0808-d153 @A: 12 28 22 11 | 06
#0809-d153 @A: 33 12 14 35 | 12
#0810-d153 @A: 04 08 12 18 | 09
#0811-d153 @A: 21 18 14 12 | 07
#0812-d153 @A: 10 21 12 24 | 05
#0813-d153 @A: 05 26 11 12 | 01
#0814-d153 @A: 12 06 32 10 | 02
#0815-d153 @A: 22 19 04 15 | 08
#0816-d153 @A: 05 13 21 22 | 04
#0817-d153 @A: 22 30 05 04 | 10
#0818-d153 @A: 22 20 06 15 | 11
#0819-d153 @A: 32 26 20 22 | 03
#0820-d153 @A: 22 10 21 26 | 06
#0821-d153 @A: 26 05 22 09 | 12
#0822-d153 @A: 18 24 35 33 | 09
#0823-d153 @A: 35 05 11 30 | 07
#0824-d153 @A: 15 08 20 26 | 05
#0825-d153 @A: 20 21 32 08 | 01
#0826-d153 @A: 03 20 08 05 | 02
#0827-d153 @A: 15 08 06 24 | 08
#0828-d153 @A: 03 08 24 26 | 04
#0829-d153 @A: 09 26 33 24 | 10
#0830-d153 @A: 15 09 33 32 | 11
#0831-d153 @A: 19 18 09 24 | 03
#0832-d153 @A: 03 32 19 18 | 06
#0833-d153 @A: 19 24 30 20 | 12
#0834-d153 @A: 09 14 19 15 | 09
#0835-d153 @A: 32 19 21 11 | 07
#0836-d153 @A: 26 13 28 18 | 05
#0837-d153 @A: 09 15 10 13 | 01
#0838-d153 @A: 24 10 20 04 | 02
#0839-d153 @A: 15 06 30 04 | 08
#0840-d153 @A: 21 04 03 14 | 04
#0841-d153 @A: 26 05 10 04 | 10
#0842-d153 @A: 26 20 31 14 | 11
#0843-d153 @A: 31 24 30 15 | 03
#0844-d153 @A: 31 03 09 24 | 06
#0845-d153 @A: 11 32 31 14 | 12
#0846-d153 @A: 08 16 11 25 | 09
#0847-d153 @A: 33 25 18 02 | 07
#0848-d153 @A: 25 07 22 15 | 05
#0849-d153 @A: 26 25 19 07 | 01
#0850-d153 @A: 25 01 14 34 | 02
#0851-d153 @A: 25 11 31 17 | 08
#0852-d153 @A: 29 15 05 25 | 04
#0853-d153 @A: 12 15 13 25 | 10
#0854-d153 @A: 25 30 19 08 | 11
#0855-d153 @A: 25 03 20 15 | 03
#0856-d153 @A: 26 25 28 20 | 06
#0857-d153 @A: 25 26 24 31 | 12
#0858-d153 @A: 25 21 06 11 | 09
#0859-d153 @A: 11 05 25 10 | 07
#0860-d153 @A: 06 10 14 25 | 05
#0861-d153 @A: 07 16 35 27 | 01
#0862-d153 @A: 11 22 16 07 | 02
#0863-d153 @A: 08 16 24 23 | 08
#0864-d153 @A: 04 27 16 24 | 04
#0865-d153 @A: 27 16 06 03 | 10
#0866-d153 @A: 11 16 01 29 | 11
#0867-d153 @A: 28 29 16 13 | 03
#0868-d153 @A: 03 30 29 16 | 06
#0869-d153 @A: 14 08 16 22 | 12
#0870-d153 @A: 09 22 16 32 | 09
#0871-d153 @A: 35 16 14 19 | 07
#0872-d153 @A: 16 14 20 04 | 05
#0873-d153 @A: 26 30 18 16 | 01
#0874-d153 @A: 16 21 28 20 | 02
#0875-d153 @A: 13 02 07 04 | 08
#0876-d153 @A: 23 26 27 02 | 04
#0877-d153 @A: 02 01 23 28 | 10
#0878-d153 @A: 23 02 03 18 | 11
#0879-d153 @A: 27 02 14 19 | 03
#0880-d153 @A: 02 35 06 34 | 06
#0881-d153 @A: 34 05 13 02 | 12
#0882-d153 @A: 03 02 01 17 | 09
#0883-d153 @A: 17 02 05 10 | 07
#0884-d153 @A: 13 12 21 02 | 05
#0885-d153 @A: 11 10 02 22 | 01
#0886-d153 @A: 35 21 02 10 | 02
#0887-d153 @A: 33 02 13 15 | 08
#0888-d153 @A: 32 02 28 21 | 04
#0889-d153 @A: 32 30 09 02 | 10
#0890-d153 @A: 07 18 12 23 | 11
#0891-d153 @A: 33 23 31 07 | 03
#0892-d153 @A: 32 07 23 20 | 06
#0893-d153 @A: 10 17 07 20 | 12
#0894-d153 @A: 17 07 14 21 | 09
#0895-d153 @A: 22 01 28 07 | 07
#0896-d153 @A: 21 01 08 07 | 05
#0897-d153 @A: 07 22 08 30 | 01
#0898-d153 @A: 08 13 24 07 | 02
#0899-d153 @A: 19 06 07 14 | 08
#0900-d153 @A: 04 07 31 24 | 04
#0901-d153 @A: 09 10 07 11 | 10
#0902-d153 @A: 28 05 26 07 | 11
#0903-d153 @A: 33 27 23 22 | 03
#0904-d153 @A: 27 06 23 35 | 06
#0905-d153 @A: 27 08 23 03 | 12
#0906-d153 @A: 11 34 23 22 | 09
#0907-d153 @A: 23 32 01 29 | 07
#0908-d153 @A: 01 09 33 23 | 05
#0909-d153 @A: 32 33 12 23 | 01
#0910-d153 @A: 22 32 35 23 | 02
#0911-d153 @A: 23 30 28 08 | 08
#0912-d153 @A: 23 21 33 20 | 04
#0913-d153 @A: 32 09 26 23 | 10
#0914-d153 @A: 01 24 17 27 | 11
#0915-d153 @A: 27 03 01 31 | 03
#0916-d153 @A: 20 27 04 35 | 06
#0917-d153 @A: 06 18 27 26 | 12
#0918-d153 @A: 24 27 10 31 | 09
#0919-d153 @A: 27 26 28 32 | 07
#0920-d153 @A: 26 21 27 09 | 05
#0921-d153 @A: 03 12 34 24 | 01
#0922-d153 @A: 22 34 13 30 | 02
#0923-d153 @A: 24 08 33 34 | 08
#0924-d153 @A: 04 33 34 21 | 04
#0925-d153 @A: 34 33 31 04 | 10
#0926-d153 @A: 20 14 34 13 | 11
#0927-d153 @A: 18 34 06 03 | 03
#0928-d153 @A: 14 03 15 34 | 06
#0929-d153 @A: 10 05 34 30 | 12
#0930-d153 @A: 31 17 01 18 | 09
#0931-d153 @A: 33 29 32 17 | 07
#0932-d153 @A: 22 11 17 13 | 05
#0933-d153 @A: 13 04 35 17 | 01
#0934-d153 @A: 26 17 32 35 | 02
#0935-d153 @A: 17 10 33 24 | 08
#0936-d153 @A: 19 05 17 04 | 04
#0937-d153 @A: 20 32 17 18 | 10
#0938-d153 @A: 11 17 06 24 | 11
#0939-d153 @A: 24 06 17 31 | 03
#0940-d153 @A: 28 17 05 06 | 06
#0941-d153 @A: 12 33 10 01 | 12
#0942-d153 @A: 01 11 12 24 | 09
#0943-d153 @A: 28 33 08 01 | 07
#0944-d153 @A: 33 03 01 19 | 05
#0945-d153 @A: 06 04 31 01 | 01
#0946-d153 @A: 18 26 32 01 | 02
#0947-d153 @A: 05 01 30 20 | 08
#0948-d153 @A: 28 24 32 01 | 04
#0949-d153 @A: 32 05 10 01 | 10
#0950-d153 @A: 22 10 29 12 | 11
#0951-d153 @A: 30 12 35 29 | 03
#0952-d153 @A: 12 20 29 09 | 06
#0953-d153 @A: 10 33 29 14 | 12
#0954-d153 @A: 21 11 29 18 | 09
#0955-d153 @A: 18 03 14 29 | 07
#0956-d153 @A: 09 28 14 29 | 05
#0957-d153 @A: 06 29 30 14 | 01
#0958-d153 @A: 32 29 30 10 | 02
#0959-d153 @A: 12 08 14 19 | 08
#0960-d153 @A: 20 24 33 12 | 04
#0961-d153 @A: 12 28 11 31 | 10
#0962-d153 @A: 09 10 12 31 | 11
#0963-d153 @A: 15 18 08 22 | 03
#0964-d153 @A: 20 22 21 30 | 06
#0965-d153 @A: 15 22 11 21 | 12
#0966-d153 @A: 14 28 22 05 | 09
#0967-d153 @A: 28 06 22 32 | 07
#0968-d153 @A: 19 35 04 06 | 05
#0969-d153 @A: 35 03 24 09 | 01
#0970-d153 @A: 35 05 09 15 | 02
#0971-d153 @A: 09 21 08 18 | 08
#0972-d153 @A: 18 06 08 30 | 04
#0973-d153 @A: 21 08 24 05 | 10
#0974-d153 @A: 32 09 08 06 | 11
#0975-d153 @A: 08 10 30 26 | 03
#0976-d153 @A: 10 11 30 33 | 06
#0977-d153 @A: 14 28 32 33 | 12
#0978-d153 @A: 21 33 10 09 | 09
#0979-d153 @A: 30 05 33 03 | 07
#0980-d153 @A: 26 15 19 18 | 05
#0981-d153 @A: 05 24 26 19 | 01
#0982-d153 @A: 03 11 19 30 | 02
#0983-d153 @A: 28 26 19 03 | 08
#0984-d153 @A: 32 26 10 19 | 04
#0985-d153 @A: 31 30 19 06 | 10
#0986-d153 @A: 04 09 13 03 | 11
#0987-d153 @A: 06 09 13 18 | 03
#0988-d153 @A: 10 03 20 13 | 06
#0989-d153 @A: 14 24 13 05 | 12
#0990-d153 @A: 13 11 21 03 | 09
#0991-d153 @A: 09 11 13 31 | 07
#0992-d153 @A: 06 30 28 13 | 05
#0993-d153 @A: 13 31 26 03 | 01
#0994-d153 @A: 30 18 04 31 | 02
#0995-d153 @A: 10 04 11 32 | 08
#0996-d153 @A: 31 28 18 09 | 04
#0997-d153 @A: 16 06 25 04 | 10
#0998-d153 @A: 31 25 02 03 | 11
#0999-d153 @A: 17 25 07 24 | 03
#1000-d153 @A: 25 21 07 31 | 06
#1001-d153 @A: 28 32 23 25 | 12
#1002-d153 @A: 06 27 17 25 | 09
#1003-d153 @A: 20 27 29 25 | 07
#1004-d153 @A: 34 29 30 25 | 05
#1005-d153 @A: 22 25 30 35 | 01
#1006-d153 @A: 33 25 13 11 | 02
#1007-d153 @A: 31 05 19 25 | 08
#1008-d153 @A: 24 25 11 28 | 04
#1009-d153 @A: 03 05 26 25 | 10
#1010-d153 @A: 17 23 18 16 | 11
#1011-d153 @A: 35 10 23 16 | 03
#1012-d153 @A: 13 31 16 27 | 06
#1013-d153 @A: 16 34 17 05 | 12
#1014-d153 @A: 33 16 34 03 | 09
#1015-d153 @A: 26 16 33 08 | 07
#1016-d153 @A: 16 21 31 19 | 05
#1017-d153 @A: 11 09 18 16 | 01
#1018-d153 @A: 14 15 16 11 | 02
#1019-d153 @A: 26 21 06 16 | 08
#1020-d153 @A: 31 02 07 29 | 04
#1021-d153 @A: 22 05 23 02 | 10
#1022-d153 @A: 23 32 02 14 | 11
#1023-d153 @A: 34 02 29 21 | 03
#1024-d153 @A: 31 34 20 02 | 06
#1025-d153 @A: 02 17 19 22 | 12
#1026-d153 @A: 33 21 02 01 | 09
#1027-d153 @A: 15 02 12 29 | 07
#1028-d153 @A: 09 02 29 22 | 05
#1029-d153 @A: 08 02 35 09 | 01
#1030-d153 @A: 19 15 08 02 | 02
#1031-d153 @A: 13 02 04 31 | 08
#1032-d153 @A: 21 02 30 26 | 04
#1033-d153 @A: 14 04 07 23 | 10
#1034-d153 @A: 07 17 01 34 | 11
#1035-d153 @A: 19 34 07 20 | 03
#1036-d153 @A: 12 11 17 07 | 06
#1037-d153 @A: 17 12 31 07 | 12
#1038-d153 @A: 08 09 07 17 | 09
#1039-d153 @A: 01 07 18 29 | 07
#1040-d153 @A: 07 01 04 32 | 05
#1041-d153 @A: 29 07 14 12 | 01
#1042-d153 @A: 07 15 29 08 | 02
#1043-d153 @A: 22 13 14 07 | 08
#1044-d153 @A: 07 05 33 19 | 04
#1045-d153 @A: 03 18 07 20 | 10
#1046-d153 @A: 18 24 05 07 | 11
#1047-d153 @A: 07 18 14 32 | 03
#1048-d153 @A: 07 28 10 24 | 06
#1049-d153 @A: 31 09 07 32 | 12
#1050-d153 @A: 27 15 12 23 | 09
#1051-d153 @A: 23 13 20 27 | 07
#1052-d153 @A: 04 09 27 23 | 05
#1053-d153 @A: 12 23 34 26 | 01
#1054-d153 @A: 23 22 17 20 | 02
#1055-d153 @A: 23 19 17 28 | 08
#1056-d153 @A: 23 17 26 13 | 04
#1057-d153 @A: 04 17 23 06 | 10
#1058-d153 @A: 17 23 15 31 | 11
#1059-d153 @A: 18 23 22 01 | 03
#1060-d153 @A: 10 29 21 23 | 06
#1061-d153 @A: 35 12 09 23 | 12
#1062-d153 @A: 03 14 23 35 | 09
#1063-d153 @A: 09 23 18 20 | 07
#1064-d153 @A: 23 18 30 15 | 05
#1065-d153 @A: 01 31 27 34 | 01
#1066-d153 @A: 06 27 34 08 | 02
#1067-d153 @A: 08 28 27 17 | 08
#1068-d153 @A: 19 12 01 27 | 04
#1069-d153 @A: 18 27 10 30 | 10
#1070-d153 @A: 28 30 05 27 | 11
#1071-d153 @A: 34 18 01 33 | 03
#1072-d153 @A: 15 32 34 01 | 06
#1073-d153 @A: 08 34 21 22 | 12
#1074-d153 @A: 34 14 19 22 | 09
#1075-d153 @A: 32 10 22 34 | 07
#1076-d153 @A: 08 05 15 34 | 05
#1077-d153 @A: 34 15 33 19 | 01
#1078-d153 @A: 19 34 30 04 | 02
#1079-d153 @A: 21 34 19 09 | 08
#1080-d153 @A: 34 05 28 24 | 04
#1081-d153 @A: 26 06 30 34 | 10
#1082-d153 @A: 34 09 26 31 | 11
#1083-d153 @A: 28 17 12 01 | 03
#1084-d153 @A: 17 28 29 22 | 06
#1085-d153 @A: 10 29 04 17 | 12
#1086-d153 @A: 29 17 05 31 | 09
#1087-d153 @A: 12 35 17 10 | 07
#1088-d153 @A: 12 05 08 17 | 05
#1089-d153 @A: 04 12 20 17 | 01
#1090-d153 @A: 10 19 17 08 | 02
#1091-d153 @A: 17 20 06 14 | 08
#1092-d153 @A: 06 17 09 21 | 04
#1093-d153 @A: 13 29 15 01 | 10
#1094-d153 @A: 05 12 01 22 | 11
#1095-d153 @A: 33 05 35 01 | 03
#1096-d153 @A: 06 01 08 13 | 06
#1097-d153 @A: 01 04 14 08 | 12
#1098-d153 @A: 19 32 14 01 | 09
#1099-d153 @A: 11 01 31 15 | 07
#1100-d153 @A: 06 21 01 32 | 05
#1101-d153 @A: 26 22 29 13 | 01
#1102-d153 @A: 09 29 33 19 | 02
#1103-d153 @A: 14 29 20 32 | 08
#1104-d153 @A: 10 29 28 11 | 04
#1105-d153 @A: 12 13 22 24 | 10
#1106-d153 @A: 05 13 30 12 | 11
#1107-d153 @A: 24 12 18 32 | 03
#1108-d153 @A: 11 18 15 12 | 06
#1109-d153 @A: 12 05 18 09 | 12
#1110-d153 @A: 31 06 20 12 | 09
#1111-d153 @A: 26 20 12 03 | 07
#1112-d153 @A: 24 15 14 12 | 05
#1113-d153 @A: 28 22 35 19 | 01
#1114-d153 @A: 22 32 31 30 | 02
#1115-d153 @A: 35 30 13 08 | 08
#1116-d153 @A: 32 04 33 35 | 04
#1117-d153 @A: 13 35 11 26 | 10
#1118-d153 @A: 03 18 35 11 | 11
#1119-d153 @A: 32 20 05 35 | 03
#1120-d153 @A: 21 11 35 24 | 06
#1121-d153 @A: 24 26 06 35 | 12
#1122-d153 @A: 32 06 35 03 | 09
#1123-d153 @A: 33 09 03 08 | 07
#1124-d153 @A: 08 26 13 09 | 05
#1125-d153 @A: 24 10 18 08 | 01
#1126-d153 @A: 28 15 33 21 | 02
#1127-d153 @A: 10 33 15 05 | 08
#1128-d153 @A: 19 26 20 11 | 04
#1129-d153 @A: 11 19 28 06 | 10
#1130-d153 @A: 19 05 14 30 | 11
#1131-d153 @A: 05 13 30 31 | 03
#1132-d153 @A: 24 18 04 28 | 06
#1133-d153 @A: 04 15 28 05 | 12
#1134-d153 @A: 04 05 31 32 | 09
#1135-d153 @A: 31 18 03 11 | 07
#1136-d153 @A: 02 25 17 34 | 05
#1137-d153 @A: 02 24 22 25 | 01
#1138-d153 @A: 03 25 30 02 | 02
#1139-d153 @A: 06 22 23 25 | 08
#1140-d153 @A: 27 24 05 25 | 04
#1141-d153 @A: 34 08 28 25 | 10
#1142-d153 @A: 25 01 29 28 | 11
#1143-d153 @A: 29 24 35 25 | 03
#1144-d153 @A: 08 29 03 25 | 06
#1145-d153 @A: 25 04 11 12 | 12
#1146-d153 @A: 26 24 12 25 | 09
#1147-d153 @A: 35 25 06 05 | 07
#1148-d153 @A: 19 33 20 25 | 05
#1149-d153 @A: 15 11 25 30 | 01
#1150-d153 @A: 10 25 15 26 | 02
#1151-d153 @A: 14 30 21 25 | 08
#1152-d153 @A: 21 25 32 26 | 04
#1153-d153 @A: 07 02 18 16 | 10
#1154-d153 @A: 16 34 23 28 | 11
#1155-d153 @A: 16 20 27 19 | 03
#1156-d153 @A: 08 34 16 09 | 06
#1157-d153 @A: 16 17 29 26 | 12
#1158-d153 @A: 16 24 17 13 | 09
#1159-d153 @A: 01 12 20 16 | 07
#1160-d153 @A: 32 33 01 16 | 05
#1161-d153 @A: 08 16 10 12 | 01
#1162-d153 @A: 16 08 21 13 | 02
#1163-d153 @A: 04 08 15 16 | 08
#1164-d153 @A: 04 16 26 31 | 04
#1165-d153 @A: 06 20 11 16 | 10
#1166-d153 @A: 20 16 30 10 | 11
#1167-d153 @A: 20 16 26 09 | 03
#1168-d153 @A: 30 21 16 05 | 06
#1169-d153 @A: 19 07 11 02 | 12
#1170-d153 @A: 02 04 23 15 | 09
#1171-d153 @A: 02 27 08 20 | 07
#1172-d153 @A: 08 02 17 33 | 05
#1173-d153 @A: 02 01 29 14 | 01
#1174-d153 @A: 02 12 19 24 | 02
#1175-d153 @A: 12 18 31 02 | 08
#1176-d153 @A: 04 28 22 02 | 04
#1177-d153 @A: 31 22 02 09 | 10
#1178-d153 @A: 31 11 02 35 | 11
#1179-d153 @A: 02 05 35 28 | 03
#1180-d153 @A: 14 05 03 02 | 06
#1181-d153 @A: 21 07 13 23 | 12
#1182-d153 @A: 07 15 27 34 | 09
#1183-d153 @A: 21 12 27 07 | 07
#1184-d153 @A: 07 20 22 27 | 05
#1185-d153 @A: 17 07 03 33 | 01
#1186-d153 @A: 07 11 33 01 | 02
#1187-d153 @A: 13 35 10 07 | 08
#1188-d153 @A: 07 03 08 04 | 04
#1189-d153 @A: 14 11 07 20 | 10
#1190-d153 @A: 06 07 15 32 | 11
#1191-d153 @A: 18 27 23 19 | 03
#1192-d153 @A: 14 34 23 31 | 06
#1193-d153 @A: 15 17 01 23 | 12
#1194-d153 @A: 17 23 33 35 | 09
#1195-d153 @A: 05 17 23 24 | 07
#1196-d153 @A: 15 23 29 19 | 05
#1197-d153 @A: 12 23 08 06 | 01
#1198-d153 @A: 23 22 13 10 | 02
#1199-d153 @A: 23 04 11 26 | 08
#1200-d153 @A: 23 18 05 32 | 04
#1201-d153 @A: 23 11 20 05 | 10
#1202-d153 @A: 15 05 23 21 | 11
#1203-d153 @A: 14 11 30 23 | 03
#1204-d153 @A: 32 23 03 11 | 06
#1205-d153 @A: 30 23 03 10 | 12
#1206-d153 @A: 29 27 34 09 | 09
#1207-d153 @A: 08 29 32 27 | 07
#1208-d153 @A: 27 04 14 12 | 05
#1209-d153 @A: 24 09 27 20 | 01
#1210-d153 @A: 27 20 10 05 | 02
#1211-d153 @A: 05 09 27 11 | 08
#1212-d153 @A: 27 06 14 09 | 04
#1213-d153 @A: 27 06 05 32 | 10
#1214-d153 @A: 21 13 17 34 | 11
#1215-d153 @A: 06 04 34 01 | 03
#1216-d153 @A: 31 12 11 34 | 06
#1217-d153 @A: 18 30 34 21 | 12
#1218-d153 @A: 09 03 30 34 | 09
#1219-d153 @A: 18 17 19 12 | 07
#1220-d153 @A: 18 35 17 05 | 05
#1221-d153 @A: 17 04 26 08 | 01
#1222-d153 @A: 19 24 14 17 | 02
#1223-d153 @A: 29 26 10 01 | 08
#1224-d153 @A: 19 11 35 01 | 04
#1225-d153 @A: 01 35 31 28 | 10
#1226-d153 @A: 35 03 10 01 | 11
#1227-d153 @A: 08 30 15 01 | 03
#1228-d153 @A: 05 01 28 18 | 06
#1229-d153 @A: 18 01 30 14 | 12
#1230-d153 @A: 13 31 12 29 | 09
#1231-d153 @A: 35 03 29 28 | 07
#1232-d153 @A: 18 29 10 06 | 05
#1233-d153 @A: 29 26 28 24 | 01
#1234-d153 @A: 24 28 31 29 | 02
#1235-d153 @A: 26 29 11 15 | 08
#1236-d153 @A: 03 29 21 05 | 04
#1237-d153 @A: 09 29 10 05 | 10
#1238-d153 @A: 08 12 28 32 | 11
#1239-d153 @A: 12 30 18 20 | 03
#1240-d153 @A: 15 20 10 12 | 06
#1241-d153 @A: 12 15 30 03 | 12
#1242-d153 @A: 26 10 09 12 | 09
#1243-d153 @A: 08 13 22 28 | 07
#1244-d153 @A: 21 22 31 28 | 05
#1245-d153 @A: 21 32 14 22 | 01
#1246-d153 @A: 22 26 10 31 | 02
#1247-d153 @A: 35 31 15 13 | 08
#1248-d153 @A: 21 05 26 35 | 04
#1249-d153 @A: 33 05 08 14 | 10
#1250-d153 @A: 26 08 28 31 | 11
#1251-d153 @A: 19 13 24 33 | 03
#1252-d153 @A: 14 03 33 20 | 06
#1253-d153 @A: 30 21 33 32 | 12
#1254-d153 @A: 19 20 06 03 | 09
#1255-d153 @A: 19 09 14 31 | 07
#1256-d153 @A: 04 14 13 30 | 05
#1257-d153 @A: 11 18 24 13 | 01
#1258-d153 @A: 32 13 20 24 | 02
#1259-d153 @A: 13 26 14 21 | 08
#1260-d153 @A: 04 26 20 30 | 04
#1261-d153 @A: 24 21 04 26 | 10
#1262-d153 @A: 04 26 14 15 | 11
#1263-d153 @A: 28 03 04 30 | 03
#1264-d153 @A: 04 10 14 09 | 06
#1265-d153 @A: 25 16 26 35 | 12
#1266-d153 @A: 16 25 19 18 | 09
#1267-d153 @A: 07 02 20 25 | 07
#1268-d153 @A: 02 23 21 25 | 05
#1269-d153 @A: 02 27 25 15 | 01
#1270-d153 @A: 02 25 29 11 | 02
#1271-d153 @A: 25 34 23 33 | 08
#1272-d153 @A: 23 20 12 25 | 04
#1273-d153 @A: 23 15 08 25 | 10
#1274-d153 @A: 25 27 26 30 | 11
#1275-d153 @A: 34 31 22 25 | 03
#1276-d153 @A: 25 01 18 21 | 06
#1277-d153 @A: 08 26 22 25 | 12
#1278-d153 @A: 21 33 25 35 | 09
#1279-d153 @A: 35 25 15 19 | 07
#1280-d153 @A: 10 25 08 33 | 05
#1281-d153 @A: 10 28 25 30 | 01
#1282-d153 @A: 02 16 06 31 | 02
#1283-d153 @A: 07 16 09 33 | 08
#1284-d153 @A: 21 07 32 16 | 04
#1285-d153 @A: 16 17 10 27 | 10
#1286-d153 @A: 12 30 27 16 | 11
#1287-d153 @A: 08 27 18 16 | 03
#1288-d153 @A: 16 01 04 18 | 06
#1289-d153 @A: 16 33 12 18 | 12
#1290-d153 @A: 33 15 16 35 | 09
#1291-d153 @A: 16 33 13 10 | 07
#1292-d153 @A: 16 05 14 18 | 05
#1293-d153 @A: 11 16 05 24 | 01
#1294-d153 @A: 24 16 28 09 | 02
#1295-d153 @A: 16 21 14 09 | 08
#1296-d153 @A: 07 02 23 08 | 04
#1297-d153 @A: 02 33 23 24 | 10
#1298-d153 @A: 27 02 34 24 | 11
#1299-d153 @A: 02 01 32 27 | 03
#1300-d153 @A: 02 27 22 35 | 06
#1301-d153 @A: 21 17 04 02 | 12
#1302-d153 @A: 30 01 02 22 | 09
#1303-d153 @A: 02 29 04 30 | 07
#1304-d153 @A: 29 03 20 02 | 05
#1305-d153 @A: 08 02 30 12 | 01
#1306-d153 @A: 19 02 30 33 | 02
#1307-d153 @A: 19 26 02 31 | 08
#1308-d153 @A: 24 21 18 02 | 04
#1309-d153 @A: 05 02 20 24 | 10
#1310-d153 @A: 26 20 02 14 | 11
#1311-d153 @A: 30 02 10 24 | 03
#1312-d153 @A: 02 32 26 15 | 06
#1313-d153 @A: 06 09 15 02 | 12
#1314-d153 @A: 23 34 07 24 | 09
#1315-d153 @A: 33 07 23 15 | 07
#1316-d153 @A: 27 07 19 30 | 05
#1317-d153 @A: 14 34 33 07 | 01
#1318-d153 @A: 07 19 03 35 | 02
#1319-d153 @A: 18 04 35 07 | 08
#1320-d153 @A: 35 14 07 05 | 04
#1321-d153 @A: 08 32 10 07 | 10
#1322-d153 @A: 33 07 28 13 | 11
#1323-d153 @A: 13 31 07 10 | 03
#1324-d153 @A: 06 09 07 24 | 06
#1325-d153 @A: 03 26 14 07 | 12
#1326-d153 @A: 05 03 23 34 | 09
#1327-d153 @A: 32 23 08 17 | 07
#1328-d153 @A: 23 01 05 19 | 05
#1329-d153 @A: 29 12 05 23 | 01
#1330-d153 @A: 22 08 19 23 | 02
#1331-d153 @A: 28 23 24 22 | 08
#1332-d153 @A: 10 23 33 04 | 04
#1333-d153 @A: 32 19 23 04 | 10
#1334-d153 @A: 31 32 23 13 | 11
#1335-d153 @A: 05 26 23 30 | 03
#1336-d153 @A: 34 12 27 22 | 06
#1337-d153 @A: 20 03 27 01 | 12
#1338-d153 @A: 27 13 06 22 | 09
#1339-d153 @A: 27 32 19 33 | 07
#1340-d153 @A: 27 15 19 06 | 05
#1341-d153 @A: 21 18 27 31 | 01
#1342-d153 @A: 27 26 10 03 | 02
#1343-d153 @A: 34 17 08 30 | 08
#1344-d153 @A: 34 33 06 13 | 04
#1345-d153 @A: 26 20 34 24 | 10
#1346-d153 @A: 34 20 21 03 | 11
#1347-d153 @A: 20 34 09 10 | 03
#1348-d153 @A: 06 35 17 01 | 06
#1349-d153 @A: 17 19 26 01 | 12
#1350-d153 @A: 03 35 22 17 | 09
#1351-d153 @A: 22 04 14 17 | 07
#1352-d153 @A: 13 17 15 19 | 05
#1353-d153 @A: 24 17 09 32 | 01
#1354-d153 @A: 17 26 11 09 | 02
#1355-d153 @A: 21 32 17 05 | 08
#1356-d153 @A: 22 31 19 01 | 04
#1357-d153 @A: 01 30 11 28 | 10
#1358-d153 @A: 21 01 26 11 | 11
#1359-d153 @A: 01 28 26 09 | 03
#1360-d153 @A: 19 29 18 35 | 06
#1361-d153 @A: 11 35 29 04 | 12
#1362-d153 @A: 29 05 13 19 | 09
#1363-d153 @A: 21 24 29 14 | 07
#1364-d153 @A: 09 26 06 29 | 05
#1365-d153 @A: 06 31 29 26 | 01
#1366-d153 @A: 26 12 22 04 | 02
#1367-d153 @A: 28 12 24 35 | 08
#1368-d153 @A: 12 33 19 11 | 04
#1369-d153 @A: 06 26 12 14 | 10
#1370-d153 @A: 08 35 22 05 | 11
#1371-d153 @A: 08 06 04 22 | 03
#1372-d153 @A: 19 03 13 22 | 06
#1373-d153 @A: 22 14 20 18 | 12
#1374-d153 @A: 06 22 24 30 | 09
#1375-d153 @A: 32 05 22 03 | 07
#1376-d153 @A: 11 10 35 20 | 05
#1377-d153 @A: 35 28 14 11 | 01
#1378-d153 @A: 26 30 35 14 | 02
#1379-d153 @A: 19 08 13 20 | 08
#1380-d153 @A: 08 19 11 04 | 04
#1381-d153 @A: 08 14 15 10 | 10
#1382-d153 @A: 15 03 08 32 | 11
#1383-d153 @A: 26 08 06 05 | 03
#1384-d153 @A: 33 18 10 32 | 06
#1385-d153 @A: 18 33 26 05 | 12
#1386-d153 @A: 20 10 33 06 | 09
#1387-d153 @A: 32 33 05 24 | 07
#1388-d153 @A: 06 33 24 03 | 05
#1389-d153 @A: 06 14 33 15 | 01
#1390-d153 @A: 15 30 33 26 | 02
#1391-d153 @A: 19 15 03 31 | 08
#1392-d153 @A: 21 28 19 14 | 04
#1393-d153 @A: 19 21 10 05 | 10
#1394-d153 @A: 03 09 19 10 | 11
#1395-d153 @A: 10 04 28 13 | 03
#1396-d153 @A: 32 04 26 13 | 06
#1397-d153 @A: 13 18 20 31 | 12
#1398-d153 @A: 30 13 24 21 | 09
#1399-d153 @A: 13 05 10 06 | 07
#1400-d153 @A: 04 05 18 11 | 05
#1401-d153 @A: 30 09 18 04 | 01
#1402-d153 @A: 20 11 03 04 | 02
#1403-d153 @A: 04 28 32 20 | 08
#1404-d153 @A: 24 05 03 04 | 04
#1405-d153 @A: 06 31 03 18 | 10
#1406-d153 @A: 14 31 10 06 | 11
#1407-d153 @A: 16 01 25 27 | 03
#1408-d153 @A: 03 25 07 01 | 06
#1409-d153 @A: 25 26 23 29 | 12
#1410-d153 @A: 25 04 05 23 | 09
#1411-d153 @A: 25 28 12 27 | 07
#1412-d153 @A: 13 34 25 26 | 05
#1413-d153 @A: 15 06 34 25 | 01
#1414-d153 @A: 25 18 29 17 | 02
#1415-d153 @A: 06 25 01 26 | 08
#1416-d153 @A: 25 32 22 29 | 04
#1417-d153 @A: 25 29 09 13 | 10
#1418-d153 @A: 12 06 03 25 | 11
#1419-d153 @A: 13 22 20 25 | 03
#1420-d153 @A: 10 32 25 03 | 06
#1421-d153 @A: 13 07 26 16 | 12
#1422-d153 @A: 07 16 04 10 | 09
#1423-d153 @A: 13 32 16 23 | 07
#1424-d153 @A: 22 34 01 16 | 05
#1425-d153 @A: 34 13 15 16 | 01
#1426-d153 @A: 22 16 17 21 | 02
#1427-d153 @A: 19 08 29 16 | 08
#1428-d153 @A: 29 16 31 09 | 04
#1429-d153 @A: 16 24 12 31 | 10
#1430-d153 @A: 35 22 16 18 | 11
#1431-d153 @A: 32 20 03 16 | 03
#1432-d153 @A: 05 16 09 03 | 06
#1433-d153 @A: 27 07 06 02 | 12
#1434-d153 @A: 07 34 09 02 | 09
#1435-d153 @A: 07 03 12 02 | 07
#1436-d153 @A: 01 02 20 34 | 05
#1437-d153 @A: 34 28 02 12 | 01
#1438-d153 @A: 34 14 08 02 | 02
#1439-d153 @A: 13 11 02 01 | 08
#1440-d153 @A: 12 33 06 02 | 04
#1441-d153 @A: 08 04 05 02 | 10
#1442-d153 @A: 02 33 28 26 | 11
#1443-d153 @A: 02 26 19 13 | 03
#1444-d153 @A: 03 02 15 11 | 06
#1445-d153 @A: 02 05 06 30 | 12
#1446-d153 @A: 07 28 27 23 | 09
#1447-d153 @A: 06 01 23 07 | 07
#1448-d153 @A: 19 01 07 24 | 05
#1449-d153 @A: 07 22 05 29 | 01
#1450-d153 @A: 29 32 07 19 | 02
#1451-d153 @A: 07 13 29 11 | 08
#1452-d153 @A: 15 19 07 12 | 04
#1453-d153 @A: 22 33 07 10 | 10
#1454-d153 @A: 18 07 31 35 | 11
#1455-d153 @A: 11 07 26 06 | 03
#1456-d153 @A: 30 07 31 03 | 06
#1457-d153 @A: 27 22 31 23 | 12
#1458-d153 @A: 23 09 10 17 | 09
#1459-d153 @A: 23 12 03 19 | 07
#1460-d153 @A: 23 12 28 13 | 05
#1461-d153 @A: 09 23 22 14 | 01
#1462-d153 @A: 15 20 14 23 | 02
#1463-d153 @A: 15 10 23 32 | 08
#1464-d153 @A: 15 26 23 06 | 04
#1465-d153 @A: 34 21 35 27 | 10
#1466-d153 @A: 27 11 17 04 | 11
#1467-d153 @A: 05 01 27 08 | 03
#1468-d153 @A: 11 08 35 27 | 06
#1469-d153 @A: 09 27 19 35 | 12
#1470-d153 @A: 15 35 30 27 | 09
#1471-d153 @A: 21 08 27 33 | 07
#1472-d153 @A: 06 33 04 27 | 05
#1473-d153 @A: 32 31 33 27 | 01
#1474-d153 @A: 27 15 03 21 | 02
#1475-d153 @A: 34 26 17 22 | 08
#1476-d153 @A: 18 11 17 34 | 04
#1477-d153 @A: 10 17 34 15 | 10
#1478-d153 @A: 01 24 34 13 | 11
#1479-d153 @A: 09 11 01 34 | 03
#1480-d153 @A: 34 15 12 09 | 06
#1481-d153 @A: 34 04 22 20 | 12
#1482-d153 @A: 31 08 34 10 | 09
#1483-d153 @A: 31 34 28 15 | 07
#1484-d153 @A: 11 17 29 19 | 05
#1485-d153 @A: 35 17 21 20 | 01
#1486-d153 @A: 08 21 15 17 | 02
#1487-d153 @A: 31 08 09 17 | 08
#1488-d153 @A: 17 26 15 24 | 04
#1489-d153 @A: 32 17 15 11 | 10
#1490-d153 @A: 17 11 21 10 | 11
#1491-d153 @A: 03 17 28 14 | 03
#1492-d153 @A: 32 28 10 17 | 06
#1493-d153 @A: 26 17 30 28 | 12
#1494-d153 @A: 17 03 30 21 | 09
#1495-d153 @A: 24 22 10 01 | 07
#1496-d153 @A: 01 14 21 20 | 05
#1497-d153 @A: 10 01 31 21 | 01
#1498-d153 @A: 29 21 12 04 | 02
#1499-d153 @A: 33 35 29 26 | 08
#1500-d153 @A: 04 08 29 28 | 04
#1501-d153 @A: 19 14 29 26 | 10
#1502-d153 @A: 29 30 20 11 | 11
#1503-d153 @A: 30 12 22 19 | 03
#1504-d153 @A: 15 08 33 12 | 06
#1505-d153 @A: 04 12 30 10 | 12
#1506-d153 @A: 14 12 10 05 | 09
#1507-d153 @A: 32 03 21 12 | 07
#1508-d153 @A: 31 26 12 21 | 05
#1509-d153 @A: 21 33 22 19 | 01
#1510-d153 @A: 09 22 19 11 | 02
#1511-d153 @A: 22 11 32 18 | 08
#1512-d153 @A: 30 08 35 31 | 04
#1513-d153 @A: 19 33 10 35 | 10
#1514-d153 @A: 20 18 35 26 | 11
#1515-d153 @A: 09 14 35 18 | 03
#1516-d153 @A: 35 24 31 21 | 06
#1517-d153 @A: 28 35 09 21 | 12
#1518-d153 @A: 10 28 26 35 | 09
#1519-d153 @A: 09 05 31 35 | 07
#1520-d153 @A: 19 08 33 18 | 05
#1521-d153 @A: 08 33 14 31 | 01
#1522-d153 @A: 05 08 32 19 | 02
#1523-d153 @A: 09 14 20 08 | 08
#1524-d153 @A: 03 08 31 21 | 04
#1525-d153 @A: 26 33 31 18 | 10
#1526-d153 @A: 14 21 33 11 | 11
#1527-d153 @A: 32 06 26 33 | 03
#1528-d153 @A: 18 05 06 19 | 06
#1529-d153 @A: 19 20 28 05 | 12
#1530-d153 @A: 24 15 28 19 | 09
#1531-d153 @A: 19 31 14 24 | 07
#1532-d153 @A: 19 21 15 30 | 05
#1533-d153 @A: 13 20 11 28 | 01
#1534-d153 @A: 14 13 10 11 | 02
#1535-d153 @A: 03 26 04 18 | 08
#1536-d153 @A: 04 09 20 15 | 04
#1537-d153 @A: 04 06 05 09 | 10
#1538-d153 @A: 31 15 18 05 | 11
#1539-d153 @A: 31 32 06 28 | 03
#1540-d153 @A: 06 09 31 21 | 06
#1541-d153 @A: 23 25 09 16 | 12
#1542-d153 @A: 20 25 16 34 | 09
#1543-d153 @A: 32 16 17 25 | 07
#1544-d153 @A: 19 02 28 25 | 05
#1545-d153 @A: 09 35 07 25 | 01
#1546-d153 @A: 25 27 34 19 | 02
#1547-d153 @A: 27 25 18 22 | 08
#1548-d153 @A: 25 33 26 17 | 04
#1549-d153 @A: 25 19 21 17 | 10
#1550-d153 @A: 17 25 04 15 | 11
#1551-d153 @A: 19 25 01 22 | 03
#1552-d153 @A: 25 20 01 35 | 06
#1553-d153 @A: 25 13 01 04 | 12
#1554-d153 @A: 19 25 03 14 | 09
#1555-d153 @A: 25 24 20 06 | 07
#1556-d153 @A: 30 20 25 32 | 05
#1557-d153 @A: 14 25 15 32 | 01
#1558-d153 @A: 15 16 02 17 | 02
#1559-d153 @A: 29 32 16 02 | 08
#1560-d153 @A: 02 16 14 33 | 04
#1561-d153 @A: 02 30 13 16 | 10
#1562-d153 @A: 28 07 16 06 | 11
#1563-d153 @A: 23 21 16 04 | 03
#1564-d153 @A: 27 34 14 16 | 06
#1565-d153 @A: 16 27 11 32 | 12
#1566-d153 @A: 34 18 29 16 | 09
#1567-d153 @A: 16 31 22 17 | 07
#1568-d153 @A: 16 01 28 35 | 05
#1569-d153 @A: 01 06 30 16 | 01
#1570-d153 @A: 06 12 29 16 | 02
#1571-d153 @A: 29 05 35 16 | 08
#1572-d153 @A: 16 10 22 19 | 04
#1573-d153 @A: 35 21 03 16 | 10
#1574-d153 @A: 15 16 32 19 | 11
#1575-d153 @A: 24 16 15 20 | 03
#1576-d153 @A: 06 05 15 16 | 06
#1577-d153 @A: 31 30 16 11 | 12
#1578-d153 @A: 05 02 07 01 | 09
#1579-d153 @A: 07 26 35 02 | 07
#1580-d153 @A: 02 34 30 23 | 05
#1581-d153 @A: 02 26 05 29 | 01
#1582-d153 @A: 22 02 32 13 | 02
#1583-d153 @A: 22 26 02 18 | 08
#1584-d153 @A: 02 31 04 08 | 04
#1585-d153 @A: 03 21 02 19 | 10
#1586-d153 @A: 02 20 06 18 | 11
#1587-d153 @A: 26 06 10 02 | 03
#1588-d153 @A: 07 03 27 29 | 06
#1589-d153 @A: 34 12 10 07 | 12
#1590-d153 @A: 17 22 07 06 | 09
#1591-d153 @A: 21 04 19 07 | 07
#1592-d153 @A: 03 07 21 28 | 05
#1593-d153 @A: 23 34 18 04 | 01
#1594-d153 @A: 23 09 31 01 | 02
#1595-d153 @A: 26 08 35 23 | 08
#1596-d153 @A: 14 23 08 21 | 04
#1597-d153 @A: 19 23 26 33 | 10
#1598-d153 @A: 23 33 28 05 | 11
#1599-d153 @A: 13 14 23 19 | 03
#1600-d153 @A: 06 23 18 21 | 06
#1601-d153 @A: 20 23 03 28 | 12
#1602-d153 @A: 10 20 26 23 | 09
#1603-d153 @A: 14 10 23 24 | 07
#1604-d153 @A: 15 18 29 27 | 05
#1605-d153 @A: 04 27 22 32 | 01
#1606-d153 @A: 08 27 19 31 | 02
#1607-d153 @A: 30 27 08 04 | 08
#1608-d153 @A: 27 10 19 28 | 04
#1609-d153 @A: 21 20 11 27 | 10
#1610-d153 @A: 32 10 27 09 | 11
#1611-d153 @A: 06 21 30 27 | 03
#1612-d153 @A: 10 19 34 01 | 06
#1613-d153 @A: 34 32 12 29 | 12
#1614-d153 @A: 34 29 35 14 | 09
#1615-d153 @A: 12 08 20 34 | 07
#1616-d153 @A: 34 08 18 35 | 05
#1617-d153 @A: 11 28 26 34 | 01
#1618-d153 @A: 01 30 17 33 | 02
#1619-d153 @A: 11 17 20 01 | 08
#1620-d153 @A: 17 12 24 29 | 04
#1621-d153 @A: 13 17 29 20 | 10
#1622-d153 @A: 31 17 35 13 | 11
#1623-d153 @A: 11 17 28 33 | 03
#1624-d153 @A: 21 31 17 33 | 06
#1625-d153 @A: 17 32 06 13 | 12
#1626-d153 @A: 17 24 18 30 | 09
#1627-d153 @A: 15 18 17 06 | 07
#1628-d153 @A: 28 15 20 17 | 05
#1629-d153 @A: 03 15 09 17 | 01
#1630-d153 @A: 03 17 05 11 | 02
#1631-d153 @A: 08 29 01 12 | 08
#1632-d153 @A: 33 24 01 29 | 04
#1633-d153 @A: 12 32 01 13 | 10
#1634-d153 @A: 33 01 06 22 | 11
#1635-d153 @A: 13 20 33 01 | 03
#1636-d153 @A: 01 04 21 05 | 06
#1637-d153 @A: 01 09 32 20 | 12
#1638-d153 @A: 05 24 09 01 | 09
#1639-d153 @A: 28 03 01 15 | 07
#1640-d153 @A: 18 12 29 26 | 05
#1641-d153 @A: 29 08 11 22 | 01
#1642-d153 @A: 20 22 29 19 | 02
#1643-d153 @A: 20 10 08 29 | 08
#1644-d153 @A: 03 31 29 04 | 04
#1645-d153 @A: 29 24 09 15 | 10
#1646-d153 @A: 28 29 15 30 | 11
#1647-d153 @A: 29 06 03 15 | 03
#1648-d153 @A: 12 20 35 22 | 06
#1649-d153 @A: 33 12 22 03 | 12
#1650-d153 @A: 12 35 13 18 | 09
#1651-d153 @A: 35 12 31 14 | 07
#1652-d153 @A: 19 12 04 09 | 05
#1653-d153 @A: 12 24 30 09 | 01
#1654-d153 @A: 28 12 15 06 | 02
#1655-d153 @A: 12 32 15 05 | 08
#1656-d153 @A: 32 11 12 14 | 04
#1657-d153 @A: 11 12 09 21 | 10
#1658-d153 @A: 30 12 21 28 | 11
#1659-d153 @A: 31 22 06 35 | 03
#1660-d153 @A: 19 24 22 32 | 06
#1661-d153 @A: 20 09 03 22 | 12
#1662-d153 @A: 22 09 21 24 | 09
#1663-d153 @A: 28 15 26 22 | 07
#1664-d153 @A: 15 10 22 03 | 05
#1665-d153 @A: 06 30 33 35 | 01
#1666-d153 @A: 35 15 32 24 | 02
#1667-d153 @A: 24 08 04 09 | 08
#1668-d153 @A: 28 08 18 03 | 04
#1669-d153 @A: 14 08 18 26 | 10
#1670-d153 @A: 28 08 20 31 | 11
#1671-d153 @A: 21 26 08 28 | 03
#1672-d153 @A: 14 33 04 19 | 06
#1673-d153 @A: 21 18 03 33 | 12
#1674-d153 @A: 33 06 31 11 | 09
#1675-d153 @A: 11 33 26 03 | 07
#1676-d153 @A: 33 30 09 14 | 05
#1677-d153 @A: 19 18 28 30 | 01
#1678-d153 @A: 30 19 06 32 | 02
#1679-d153 @A: 04 24 13 15 | 08
#1680-d153 @A: 03 24 28 13 | 04
#1681-d153 @A: 04 14 06 18 | 10
#1682-d153 @A: 20 04 31 21 | 11
#1683-d153 @A: 24 14 11 04 | 03
#1684-d153 @A: 24 04 32 30 | 06
#1685-d153 @A: 04 15 21 10 | 12
#1686-d153 @A: 06 28 26 04 | 09
#1687-d153 @A: 06 04 03 10 | 07
#1688-d153 @A: 31 20 05 03 | 05
#1689-d153 @A: 26 05 31 11 | 01
