#0001-d179 @A: 29 18 31 17 | 07
#0002-d179 @A: 19 29 18 08 | 06
#0003-d179 @A: 25 18 26 29 | 03
#0004-d179 @A: 18 33 21 25 | 08
#0005-d179 @A: 21 30 18 16 | 09
#0006-d179 @A: 33 18 14 24 | 12
#0007-d179 @A: 35 14 09 18 | 05
#0008-d179 @A: 30 23 18 02 | 01
#0009-d179 @A: 03 18 09 30 | 11
#0010-d179 @A: 27 15 18 16 | 02
#0011-d179 @A: 18 12 04 15 | 04
#0012-d179 @A: 06 18 32 07 | 10
#0013-d179 @A: 03 18 27 07 | 07
#0014-d179 @A: 23 24 32 18 | 06
#0015-d179 @A: 32 22 18 10 | 03
#0016-d179 @A: 21 29 19 01 | 08
#0017-d179 @A: 29 13 08 10 | 09
#0018-d179 @A: 26 29 13 20 | 12
#0019-d179 @A: 29 08 14 22 | 05
#0020-d179 @A: 29 31 23 33 | 01
#0021-d179 @A: 30 29 04 11 | 11
#0022-d179 @A: 01 29 22 30 | 02
#0023-d179 @A: 26 08 02 29 | 04
#0024-d179 @A: 01 11 02 29 | 10
#0025-d179 @A: 35 34 31 29 | 07
#0026-d179 @A: 25 04 29 01 | 06
#0027-d179 @A: 07 05 08 29 | 03
#0028-d179 @A: 24 28 29 01 | 08
#0029-d179 @A: 35 29 11 07 | 09
#0030-d179 @A: 13 12 25 21 | 12
#0031-d179 @A: 09 21 14 02 | 05
#0032-d179 @A: 33 27 21 31 | 01
#0033-d179 @A: 31 32 21 08 | 11
#0034-d179 @A: 11 17 20 21 | 02
#0035-d179 @A: 09 35 21 23 | 04
#0036-d179 @A: 34 08 21 25 | 10
#0037-d179 @A: 12 21 08 11 | 07
#0038-d179 @A: 03 21 35 11 | 06
#0039-d179 @A: 20 25 21 24 | 03
#0040-d179 @A: 10 16 13 33 | 08
#0041-d179 @A: 04 24 33 13 | 09
#0042-d179 @A: 20 07 13 33 | 12
#0043-d179 @A: 17 13 06 16 | 05
#0044-d179 @A: 27 08 16 13 | 01
#0045-d179 @A: 22 13 15 01 | 11
#0046-d179 @A: 31 01 13 06 | 02
#0047-d179 @A: 13 12 09 17 | 04
#0048-d179 @A: 13 08 09 03 | 10
#0049-d179 @A: 35 09 20 13 | 07
#0050-d179 @A: 25 35 32 13 | 06
#0051-d179 @A: 03 12 13 26 | 03
#0052-d179 @A: 11 13 20 22 | 08
#0053-d179 @A: 24 30 14 16 | 09
#0054-d179 @A: 19 02 34 14 | 12
#0055-d179 @A: 02 32 03 14 | 05
#0056-d179 @A: 03 14 27 04 | 01
#0057-d179 @A: 14 08 34 23 | 11
#0058-d179 @A: 32 06 14 35 | 02
#0059-d179 @A: 14 22 28 20 | 04
#0060-d179 @A: 14 32 27 25 | 10
#0061-d179 @A: 07 24 23 14 | 07
#0062-d179 @A: 14 10 19 32 | 06
#0063-d179 @A: 26 30 33 15 | 03
#0064-d179 @A: 16 02 33 27 | 08
#0065-d179 @A: 32 17 15 33 | 09
#0066-d179 @A: 02 33 23 08 | 12
#0067-d179 @A: 33 05 27 17 | 05
#0068-d179 @A: 33 20 01 26 | 01
#0069-d179 @A: 24 12 33 35 | 11
#0070-d179 @A: 07 24 33 10 | 02
#0071-d179 @A: 06 11 24 33 | 04
#0072-d179 @A: 33 11 22 03 | 10
#0073-d179 @A: 33 06 32 23 | 07
#0074-d179 @A: 16 30 04 23 | 06
#0075-d179 @A: 04 30 02 10 | 03
#0076-d179 @A: 31 30 23 24 | 08
#0077-d179 @A: 28 01 30 17 | 09
#0078-d179 @A: 30 09 08 19 | 12
#0079-d179 @A: 04 30 01 03 | 05
#0080-d179 @A: 30 10 34 03 | 01
#0081-d179 @A: 06 35 30 19 | 11
#0082-d179 @A: 24 30 12 11 | 02
#0083-d179 @A: 12 06 32 30 | 04
#0084-d179 @A: 26 30 20 25 | 10
#0085-d179 @A: 31 16 26 15 | 07
#0086-d179 @A: 08 16 09 01 | 06
#0087-d179 @A: 01 34 35 16 | 03
#0088-d179 @A: 24 12 05 16 | 08
#0089-d179 @A: 06 25 16 35 | 09
#0090-d179 @A: 32 12 16 26 | 12
#0091-d179 @A: 26 16 06 27 | 05
#0092-d179 @A: 16 23 22 24 | 01
#0093-d179 @A: 16 11 24 27 | 11
#0094-d179 @A: 03 10 24 16 | 02
#0095-d179 @A: 12 07 15 31 | 04
#0096-d179 @A: 27 20 31 15 | 10
#0097-d179 @A: 04 17 28 15 | 07
#0098-d179 @A: 17 11 15 08 | 06
#0099-d179 @A: 15 09 22 04 | 03
#0100-d179 @A: 25 15 23 04 | 08
#0101-d179 @A: 27 26 15 35 | 09
#0102-d179 @A: 25 20 07 15 | 12
#0103-d179 @A: 20 15 03 32 | 05
#0104-d179 @A: 17 02 20 34 | 01
#0105-d179 @A: 07 09 01 02 | 11
#0106-d179 @A: 02 32 35 07 | 02
#0107-d179 @A: 11 02 22 35 | 04
#0108-d179 @A: 26 17 31 07 | 10
#0109-d179 @A: 31 04 22 26 | 07
#0110-d179 @A: 17 08 34 35 | 06
#0111-d179 @A: 08 05 17 19 | 03
#0112-d179 @A: 17 27 08 32 | 08
#0113-d179 @A: 01 06 09 05 | 09
#0114-d179 @A: 09 12 28 24 | 12
#0115-d179 @A: 09 06 07 25 | 05
#0116-d179 @A: 05 34 04 35 | 01
#0117-d179 @A: 35 24 04 10 | 11
#0118-d179 @A: 12 07 04 23 | 02
#0119-d179 @A: 25 07 11 04 | 04
#0120-d179 @A: 22 04 11 06 | 10
#0121-d179 @A: 08 34 12 05 | 07
#0122-d179 @A: 26 11 34 35 | 06
#0123-d179 @A: 34 12 25 07 | 03
#0124-d179 @A: 12 11 34 10 | 08
#0125-d179 @A: 06 34 25 24 | 09
#0126-d179 @A: 32 34 06 27 | 12
#0127-d179 @A: 25 19 20 05 | 05
#0128-d179 @A: 05 03 32 27 | 01
#0129-d179 @A: 08 20 35 28 | 11
#0130-d179 @A: 25 08 23 28 | 02
#0131-d179 @A: 22 26 08 25 | 04
#0132-d179 @A: 07 32 08 19 | 10
#0133-d179 @A: 19 35 10 01 | 07
#0134-d179 @A: 20 27 19 28 | 06
#0135-d179 @A: 18 29 32 02 | 03
#0136-d179 @A: 13 18 23 14 | 08
#0137-d179 @A: 18 10 13 05 | 09
#0138-d179 @A: 20 18 09 14 | 12
#0139-d179 @A: 33 30 05 18 | 05
#0140-d179 @A: 18 16 33 06 | 01
#0141-d179 @A: 24 16 18 31 | 11
#0142-d179 @A: 18 20 22 15 | 02
#0143-d179 @A: 18 31 08 25 | 04
#0144-d179 @A: 09 18 26 08 | 10
#0145-d179 @A: 01 05 18 12 | 07
#0146-d179 @A: 35 12 18 25 | 06
#0147-d179 @A: 23 18 28 22 | 03
#0148-d179 @A: 03 11 12 18 | 08
#0149-d179 @A: 18 11 23 06 | 09
#0150-d179 @A: 21 32 33 29 | 12
#0151-d179 @A: 31 11 21 29 | 05
#0152-d179 @A: 29 13 12 31 | 01
#0153-d179 @A: 15 29 27 08 | 11
#0154-d179 @A: 11 20 02 29 | 02
#0155-d179 @A: 29 25 34 09 | 04
#0156-d179 @A: 08 29 32 04 | 10
#0157-d179 @A: 29 22 25 05 | 07
#0158-d179 @A: 05 06 29 11 | 06
#0159-d179 @A: 26 29 35 22 | 03
#0160-d179 @A: 29 23 28 03 | 08
#0161-d179 @A: 10 12 24 29 | 09
#0162-d179 @A: 27 26 29 03 | 12
#0163-d179 @A: 10 29 06 32 | 05
#0164-d179 @A: 14 04 13 21 | 01
#0165-d179 @A: 21 16 22 13 | 11
#0166-d179 @A: 31 13 21 19 | 02
#0167-d179 @A: 07 05 21 13 | 04
#0168-d179 @A: 21 13 24 03 | 10
#0169-d179 @A: 21 20 16 33 | 07
#0170-d179 @A: 21 17 30 25 | 06
#0171-d179 @A: 22 21 30 34 | 03
#0172-d179 @A: 21 01 32 16 | 08
#0173-d179 @A: 15 34 21 32 | 09
#0174-d179 @A: 21 08 15 07 | 12
#0175-d179 @A: 35 10 21 17 | 05
#0176-d179 @A: 09 21 07 20 | 01
#0177-d179 @A: 04 21 03 08 | 11
#0178-d179 @A: 07 04 32 21 | 02
#0179-d179 @A: 21 05 10 08 | 04
#0180-d179 @A: 26 07 35 21 | 10
#0181-d179 @A: 12 10 21 07 | 07
#0182-d179 @A: 12 26 21 24 | 06
#0183-d179 @A: 26 22 32 21 | 03
#0184-d179 @A: 33 15 03 13 | 08
#0185-d179 @A: 13 27 01 33 | 09
#0186-d179 @A: 05 13 28 30 | 12
#0187-d179 @A: 30 06 27 13 | 05
#0188-d179 @A: 26 35 13 16 | 01
#0189-d179 @A: 15 09 31 13 | 11
#0190-d179 @A: 28 13 31 08 | 02
#0191-d179 @A: 13 31 11 26 | 04
#0192-d179 @A: 23 04 17 13 | 10
#0193-d179 @A: 25 13 17 20 | 07
#0194-d179 @A: 06 04 28 13 | 06
#0195-d179 @A: 03 22 04 13 | 03
#0196-d179 @A: 13 28 01 34 | 08
#0197-d179 @A: 35 13 07 23 | 09
#0198-d179 @A: 20 25 28 13 | 12
#0199-d179 @A: 20 19 23 13 | 05
#0200-d179 @A: 28 33 14 08 | 01
#0201-d179 @A: 22 14 04 16 | 11
#0202-d179 @A: 16 08 10 14 | 02
#0203-d179 @A: 14 24 15 31 | 04
#0204-d179 @A: 02 14 20 04 | 10
#0205-d179 @A: 31 11 14 09 | 07
#0206-d179 @A: 26 08 14 31 | 06
#0207-d179 @A: 14 20 23 31 | 03
#0208-d179 @A: 09 12 23 14 | 08
#0209-d179 @A: 25 14 23 35 | 09
#0210-d179 @A: 03 14 22 25 | 12
#0211-d179 @A: 26 06 14 03 | 05
#0212-d179 @A: 20 14 19 26 | 01
#0213-d179 @A: 15 20 33 30 | 11
#0214-d179 @A: 09 33 03 02 | 02
#0215-d179 @A: 02 28 20 33 | 04
#0216-d179 @A: 33 04 12 31 | 10
#0217-d179 @A: 19 17 33 07 | 07
#0218-d179 @A: 09 33 28 01 | 06
#0219-d179 @A: 23 33 01 04 | 03
#0220-d179 @A: 27 33 08 34 | 08
#0221-d179 @A: 10 28 34 33 | 09
#0222-d179 @A: 07 32 28 33 | 12
#0223-d179 @A: 22 12 33 32 | 05
#0224-d179 @A: 19 24 22 33 | 01
#0225-d179 @A: 24 33 32 03 | 11
#0226-d179 @A: 08 30 02 03 | 02
#0227-d179 @A: 30 02 01 25 | 04
#0228-d179 @A: 09 30 31 07 | 10
#0229-d179 @A: 30 07 31 20 | 07
#0230-d179 @A: 04 09 30 35 | 06
#0231-d179 @A: 23 01 05 30 | 03
#0232-d179 @A: 30 05 27 07 | 08
#0233-d179 @A: 19 26 30 22 | 09
#0234-d179 @A: 32 27 30 24 | 12
#0235-d179 @A: 09 31 03 16 | 05
#0236-d179 @A: 16 28 32 09 | 01
#0237-d179 @A: 03 34 12 16 | 11
#0238-d179 @A: 15 02 12 34 | 02
#0239-d179 @A: 25 02 08 15 | 04
#0240-d179 @A: 28 25 15 05 | 10
#0241-d179 @A: 26 15 22 12 | 07
#0242-d179 @A: 15 12 27 11 | 06
#0243-d179 @A: 23 22 19 15 | 03
#0244-d179 @A: 03 32 15 23 | 08
#0245-d179 @A: 07 04 02 17 | 09
#0246-d179 @A: 28 24 22 02 | 12
#0247-d179 @A: 02 32 07 20 | 05
#0248-d179 @A: 07 02 19 11 | 01
#0249-d179 @A: 31 04 11 17 | 11
#0250-d179 @A: 09 01 25 31 | 02
#0251-d179 @A: 31 03 32 12 | 04
#0252-d179 @A: 26 06 25 31 | 10
#0253-d179 @A: 19 31 03 07 | 07
#0254-d179 @A: 08 09 25 17 | 06
#0255-d179 @A: 34 32 17 05 | 03
#0256-d179 @A: 06 17 28 25 | 08
#0257-d179 @A: 32 17 24 22 | 09
#0258-d179 @A: 10 03 32 17 | 12
#0259-d179 @A: 28 06 09 11 | 05
#0260-d179 @A: 09 11 12 19 | 01
#0261-d179 @A: 23 09 22 26 | 11
#0262-d179 @A: 24 27 34 04 | 02
#0263-d179 @A: 23 35 04 06 | 04
#0264-d179 @A: 07 34 32 24 | 10
#0265-d179 @A: 19 03 26 34 | 07
#0266-d179 @A: 06 10 34 22 | 06
#0267-d179 @A: 10 22 03 05 | 03
#0268-d179 @A: 23 27 20 08 | 08
#0269-d179 @A: 23 11 35 01 | 09
#0270-d179 @A: 28 01 07 19 | 12
#0271-d179 @A: 01 24 12 07 | 05
#0272-d179 @A: 01 22 07 03 | 01
#0273-d179 @A: 18 11 21 15 | 11
#0274-d179 @A: 04 06 18 21 | 02
#0275-d179 @A: 30 18 32 13 | 04
#0276-d179 @A: 14 10 02 18 | 10
#0277-d179 @A: 33 28 18 02 | 07
#0278-d179 @A: 31 33 18 26 | 06
#0279-d179 @A: 18 08 32 33 | 03
#0280-d179 @A: 33 12 18 27 | 08
#0281-d179 @A: 18 23 10 33 | 09
#0282-d179 @A: 27 18 30 17 | 12
#0283-d179 @A: 02 35 18 16 | 05
#0284-d179 @A: 32 05 18 16 | 01
#0285-d179 @A: 20 18 16 07 | 11
#0286-d179 @A: 18 08 11 02 | 02
#0287-d179 @A: 01 24 02 18 | 04
#0288-d179 @A: 01 20 18 31 | 10
#0289-d179 @A: 18 11 24 10 | 07
#0290-d179 @A: 21 30 10 29 | 06
#0291-d179 @A: 06 29 21 20 | 03
#0292-d179 @A: 31 07 14 29 | 08
#0293-d179 @A: 03 33 29 16 | 09
#0294-d179 @A: 29 33 08 11 | 12
#0295-d179 @A: 12 33 29 01 | 05
#0296-d179 @A: 16 29 30 27 | 01
#0297-d179 @A: 29 16 11 09 | 11
#0298-d179 @A: 31 02 29 06 | 02
#0299-d179 @A: 09 02 27 29 | 04
#0300-d179 @A: 20 04 29 25 | 10
#0301-d179 @A: 29 32 34 12 | 07
#0302-d179 @A: 29 19 34 20 | 06
#0303-d179 @A: 29 10 23 35 | 03
#0304-d179 @A: 07 29 06 28 | 08
#0305-d179 @A: 29 19 28 22 | 09
#0306-d179 @A: 10 22 29 27 | 12
#0307-d179 @A: 11 21 05 14 | 05
#0308-d179 @A: 12 21 30 33 | 01
#0309-d179 @A: 26 16 08 21 | 11
#0310-d179 @A: 02 24 15 21 | 02
#0311-d179 @A: 10 21 04 15 | 04
#0312-d179 @A: 05 03 21 02 | 10
#0313-d179 @A: 28 21 02 19 | 07
#0314-d179 @A: 28 34 17 21 | 06
#0315-d179 @A: 34 21 19 09 | 03
#0316-d179 @A: 21 01 24 09 | 08
#0317-d179 @A: 23 34 05 21 | 09
#0318-d179 @A: 35 25 27 21 | 12
#0319-d179 @A: 22 10 25 21 | 05
#0320-d179 @A: 06 22 21 07 | 01
#0321-d179 @A: 33 14 13 26 | 11
#0322-d179 @A: 16 14 02 13 | 02
#0323-d179 @A: 14 13 24 01 | 04
#0324-d179 @A: 13 08 33 22 | 10
#0325-d179 @A: 16 30 15 13 | 07
#0326-d179 @A: 35 13 15 02 | 06
#0327-d179 @A: 07 02 08 13 | 03
#0328-d179 @A: 34 04 09 13 | 08
#0329-d179 @A: 27 13 24 09 | 09
#0330-d179 @A: 09 13 32 23 | 12
#0331-d179 @A: 26 05 13 04 | 05
#0332-d179 @A: 13 27 34 05 | 01
#0333-d179 @A: 08 13 05 11 | 11
#0334-d179 @A: 13 05 24 06 | 02
#0335-d179 @A: 11 23 13 28 | 04
#0336-d179 @A: 27 13 23 22 | 10
#0337-d179 @A: 33 14 09 06 | 07
#0338-d179 @A: 30 14 31 10 | 06
#0339-d179 @A: 14 16 25 15 | 03
#0340-d179 @A: 14 01 06 16 | 08
#0341-d179 @A: 20 25 16 14 | 09
#0342-d179 @A: 14 17 11 24 | 12
#0343-d179 @A: 14 19 09 24 | 05
#0344-d179 @A: 34 14 03 01 | 01
#0345-d179 @A: 10 12 35 14 | 11
#0346-d179 @A: 14 19 12 25 | 02
#0347-d179 @A: 06 22 12 14 | 04
#0348-d179 @A: 20 25 33 31 | 10
#0349-d179 @A: 33 17 22 01 | 07
#0350-d179 @A: 07 09 04 33 | 06
#0351-d179 @A: 34 07 33 35 | 03
#0352-d179 @A: 33 20 23 24 | 08
#0353-d179 @A: 15 30 07 11 | 09
#0354-d179 @A: 31 11 25 30 | 12
#0355-d179 @A: 30 23 17 08 | 05
#0356-d179 @A: 22 08 30 04 | 01
#0357-d179 @A: 28 08 24 30 | 11
#0358-d179 @A: 08 20 30 06 | 02
#0359-d179 @A: 19 28 32 30 | 04
#0360-d179 @A: 23 22 07 30 | 10
#0361-d179 @A: 30 26 03 32 | 07
#0362-d179 @A: 03 30 27 23 | 06
#0363-d179 @A: 15 16 08 03 | 03
#0364-d179 @A: 16 08 17 07 | 08
#0365-d179 @A: 08 16 09 20 | 09
#0366-d179 @A: 24 16 07 04 | 12
#0367-d179 @A: 16 01 11 20 | 05
#0368-d179 @A: 16 06 03 23 | 01
#0369-d179 @A: 02 15 11 09 | 11
#0370-d179 @A: 15 28 01 02 | 02
#0371-d179 @A: 07 01 17 15 | 04
#0372-d179 @A: 05 15 01 26 | 10
#0373-d179 @A: 27 15 23 28 | 07
#0374-d179 @A: 31 11 02 28 | 06
#0375-d179 @A: 22 08 02 09 | 03
#0376-d179 @A: 08 04 24 02 | 08
#0377-d179 @A: 34 02 05 11 | 09
#0378-d179 @A: 24 32 02 12 | 12
#0379-d179 @A: 31 17 23 05 | 05
#0380-d179 @A: 05 34 07 31 | 01
#0381-d179 @A: 31 07 25 35 | 11
#0382-d179 @A: 17 04 01 06 | 02
#0383-d179 @A: 17 01 20 24 | 04
#0384-d179 @A: 12 17 11 32 | 10
#0385-d179 @A: 06 17 23 12 | 07
#0386-d179 @A: 17 27 26 24 | 06
#0387-d179 @A: 23 20 17 22 | 03
#0388-d179 @A: 22 19 27 17 | 08
#0389-d179 @A: 17 06 32 19 | 09
#0390-d179 @A: 11 27 10 17 | 12
#0391-d179 @A: 17 10 03 20 | 05
#0392-d179 @A: 01 11 10 09 | 01
#0393-d179 @A: 09 35 07 19 | 11
#0394-d179 @A: 03 28 09 07 | 02
#0395-d179 @A: 06 19 09 22 | 04
#0396-d179 @A: 23 34 04 28 | 10
#0397-d179 @A: 35 03 12 04 | 07
#0398-d179 @A: 04 32 11 35 | 06
#0399-d179 @A: 25 10 28 04 | 03
#0400-d179 @A: 28 04 32 22 | 08
#0401-d179 @A: 04 32 12 27 | 09
#0402-d179 @A: 27 34 12 20 | 12
#0403-d179 @A: 34 19 23 27 | 05
#0404-d179 @A: 23 24 05 27 | 01
#0405-d179 @A: 11 05 20 24 | 11
#0406-d179 @A: 08 01 27 28 | 02
#0407-d179 @A: 11 32 08 28 | 04
#0408-d179 @A: 32 23 08 12 | 10
#0409-d179 @A: 25 27 10 08 | 07
#0410-d179 @A: 20 35 23 01 | 06
#0411-d179 @A: 01 26 07 11 | 03
#0412-d179 @A: 01 24 27 22 | 08
#0413-d179 @A: 01 19 32 24 | 09
#0414-d179 @A: 20 24 06 03 | 12
#0415-d179 @A: 01 18 06 29 | 05
#0416-d179 @A: 05 21 26 18 | 01
#0417-d179 @A: 24 18 21 08 | 11
#0418-d179 @A: 22 18 27 21 | 02
#0419-d179 @A: 15 18 30 24 | 04
#0420-d179 @A: 35 30 18 31 | 10
#0421-d179 @A: 26 30 18 04 | 07
#0422-d179 @A: 18 03 31 05 | 06
#0423-d179 @A: 12 31 10 18 | 03
#0424-d179 @A: 23 18 04 05 | 08
#0425-d179 @A: 18 08 27 04 | 09
#0426-d179 @A: 06 34 18 26 | 12
#0427-d179 @A: 27 18 35 23 | 05
#0428-d179 @A: 10 20 12 18 | 01
#0429-d179 @A: 25 10 18 03 | 11
#0430-d179 @A: 23 18 20 03 | 02
#0431-d179 @A: 29 35 13 21 | 04
#0432-d179 @A: 29 06 13 26 | 10
#0433-d179 @A: 29 27 33 14 | 07
#0434-d179 @A: 29 14 32 01 | 06
#0435-d179 @A: 05 28 29 33 | 03
#0436-d179 @A: 29 17 15 30 | 08
#0437-d179 @A: 27 30 20 29 | 09
#0438-d179 @A: 12 02 17 29 | 12
#0439-d179 @A: 01 27 29 31 | 05
#0440-d179 @A: 19 10 17 29 | 01
#0441-d179 @A: 29 09 20 22 | 11
#0442-d179 @A: 34 03 08 29 | 02
#0443-d179 @A: 08 29 35 28 | 04
#0444-d179 @A: 35 29 06 12 | 10
#0445-d179 @A: 26 29 07 19 | 07
#0446-d179 @A: 33 06 13 21 | 06
#0447-d179 @A: 30 13 21 11 | 03
#0448-d179 @A: 12 34 21 14 | 08
#0449-d179 @A: 11 16 21 33 | 09
#0450-d179 @A: 02 30 21 32 | 12
#0451-d179 @A: 34 21 16 04 | 05
#0452-d179 @A: 06 21 34 31 | 01
#0453-d179 @A: 35 31 20 21 | 11
#0454-d179 @A: 21 11 04 09 | 02
#0455-d179 @A: 21 01 04 27 | 04
#0456-d179 @A: 19 07 25 21 | 10
#0457-d179 @A: 22 11 21 23 | 07
#0458-d179 @A: 13 09 14 07 | 06
#0459-d179 @A: 02 13 26 30 | 03
#0460-d179 @A: 05 13 31 25 | 08
#0461-d179 @A: 13 11 06 12 | 09
#0462-d179 @A: 23 25 03 13 | 12
#0463-d179 @A: 13 19 26 32 | 05
#0464-d179 @A: 07 15 33 14 | 01
#0465-d179 @A: 04 19 14 33 | 11
#0466-d179 @A: 11 01 14 33 | 02
#0467-d179 @A: 27 14 19 30 | 04
#0468-d179 @A: 12 14 01 31 | 10
#0469-d179 @A: 01 22 05 14 | 07
#0470-d179 @A: 20 22 14 08 | 06
#0471-d179 @A: 14 20 07 01 | 03
#0472-d179 @A: 14 27 28 07 | 08
#0473-d179 @A: 11 14 07 12 | 09
#0474-d179 @A: 06 14 25 10 | 12
#0475-d179 @A: 19 06 14 11 | 05
#0476-d179 @A: 03 14 19 23 | 01
#0477-d179 @A: 09 16 33 24 | 11
#0478-d179 @A: 15 06 02 33 | 02
#0479-d179 @A: 23 15 33 11 | 04
#0480-d179 @A: 22 04 33 02 | 10
#0481-d179 @A: 12 09 33 08 | 07
#0482-d179 @A: 04 32 34 33 | 06
#0483-d179 @A: 20 33 03 12 | 03
#0484-d179 @A: 26 33 19 11 | 08
#0485-d179 @A: 30 19 02 16 | 09
#0486-d179 @A: 23 09 15 30 | 12
#0487-d179 @A: 30 09 27 01 | 05
#0488-d179 @A: 30 03 20 04 | 01
#0489-d179 @A: 28 35 27 30 | 11
#0490-d179 @A: 10 35 30 11 | 02
#0491-d179 @A: 30 23 28 26 | 04
#0492-d179 @A: 12 07 03 30 | 10
#0493-d179 @A: 10 07 26 30 | 07
#0494-d179 @A: 15 20 35 16 | 06
#0495-d179 @A: 20 04 16 11 | 03
#0496-d179 @A: 16 20 05 28 | 08
#0497-d179 @A: 22 01 16 19 | 09
#0498-d179 @A: 22 35 16 28 | 12
#0499-d179 @A: 28 25 16 26 | 05
#0500-d179 @A: 31 15 01 19 | 01
#0501-d179 @A: 15 25 10 31 | 11
#0502-d179 @A: 20 26 09 15 | 02
#0503-d179 @A: 24 04 01 15 | 04
#0504-d179 @A: 34 05 19 15 | 10
#0505-d179 @A: 34 28 15 08 | 07
#0506-d179 @A: 19 15 35 12 | 06
#0507-d179 @A: 15 25 27 07 | 03
#0508-d179 @A: 24 03 26 15 | 08
#0509-d179 @A: 31 01 02 32 | 09
#0510-d179 @A: 25 12 02 11 | 12
#0511-d179 @A: 03 27 11 02 | 05
#0512-d179 @A: 26 12 09 31 | 01
#0513-d179 @A: 31 20 09 24 | 11
#0514-d179 @A: 23 01 31 03 | 02
#0515-d179 @A: 31 22 12 35 | 04
#0516-d179 @A: 27 35 31 11 | 10
#0517-d179 @A: 22 03 06 31 | 07
#0518-d179 @A: 26 09 17 05 | 06
#0519-d179 @A: 27 20 17 04 | 03
#0520-d179 @A: 17 22 05 12 | 08
#0521-d179 @A: 12 08 20 17 | 09
#0522-d179 @A: 17 07 35 22 | 12
#0523-d179 @A: 35 17 03 20 | 05
#0524-d179 @A: 11 19 17 28 | 01
#0525-d179 @A: 07 10 17 23 | 11
#0526-d179 @A: 04 25 26 09 | 02
#0527-d179 @A: 23 09 34 06 | 04
#0528-d179 @A: 22 27 05 04 | 10
#0529-d179 @A: 19 27 28 04 | 07
#0530-d179 @A: 24 04 26 06 | 06
#0531-d179 @A: 25 34 35 28 | 03
#0532-d179 @A: 26 34 25 32 | 08
#0533-d179 @A: 25 03 34 27 | 09
#0534-d179 @A: 11 05 35 12 | 12
#0535-d179 @A: 12 20 05 24 | 05
#0536-d179 @A: 07 05 06 26 | 01
#0537-d179 @A: 23 06 05 22 | 11
#0538-d179 @A: 01 08 06 07 | 02
#0539-d179 @A: 24 08 01 23 | 04
#0540-d179 @A: 26 10 35 08 | 10
#0541-d179 @A: 28 08 22 12 | 07
#0542-d179 @A: 26 28 08 07 | 06
#0543-d179 @A: 08 12 03 10 | 03
#0544-d179 @A: 08 23 26 06 | 08
#0545-d179 @A: 32 10 08 24 | 09
#0546-d179 @A: 32 20 08 24 | 12
#0547-d179 @A: 26 01 12 35 | 05
#0548-d179 @A: 12 32 10 01 | 01
#0549-d179 @A: 22 20 24 07 | 11
#0550-d179 @A: 18 16 22 29 | 02
#0551-d179 @A: 23 29 18 12 | 04
#0552-d179 @A: 13 34 18 22 | 10
#0553-d179 @A: 18 01 27 14 | 07
#0554-d179 @A: 06 30 18 25 | 06
#0555-d179 @A: 18 23 15 31 | 03
#0556-d179 @A: 25 18 34 15 | 08
#0557-d179 @A: 22 17 18 02 | 09
#0558-d179 @A: 18 34 17 11 | 12
#0559-d179 @A: 05 27 11 18 | 05
#0560-d179 @A: 28 18 25 19 | 01
#0561-d179 @A: 26 18 10 28 | 11
#0562-d179 @A: 03 24 18 06 | 02
#0563-d179 @A: 19 18 22 03 | 04
#0564-d179 @A: 16 29 25 21 | 10
#0565-d179 @A: 29 26 21 04 | 07
#0566-d179 @A: 14 24 29 02 | 06
#0567-d179 @A: 29 03 20 14 | 03
#0568-d179 @A: 29 31 05 30 | 08
#0569-d179 @A: 15 24 16 29 | 09
#0570-d179 @A: 17 16 29 20 | 12
#0571-d179 @A: 31 29 15 28 | 05
#0572-d179 @A: 15 29 09 26 | 01
#0573-d179 @A: 15 35 01 29 | 11
#0574-d179 @A: 29 09 35 17 | 02
#0575-d179 @A: 29 08 17 01 | 04
#0576-d179 @A: 05 24 09 29 | 10
#0577-d179 @A: 12 05 19 29 | 07
#0578-d179 @A: 27 35 29 24 | 06
#0579-d179 @A: 03 32 35 29 | 03
#0580-d179 @A: 13 15 27 21 | 08
#0581-d179 @A: 33 21 15 22 | 09
#0582-d179 @A: 33 34 21 03 | 12
#0583-d179 @A: 33 21 08 19 | 05
#0584-d179 @A: 23 07 21 33 | 01
#0585-d179 @A: 09 30 06 21 | 11
#0586-d179 @A: 07 01 30 21 | 02
#0587-d179 @A: 16 21 03 27 | 04
#0588-d179 @A: 23 21 17 15 | 10
#0589-d179 @A: 08 21 02 35 | 07
#0590-d179 @A: 21 03 07 17 | 06
#0591-d179 @A: 11 34 01 21 | 03
#0592-d179 @A: 23 32 21 10 | 08
#0593-d179 @A: 27 14 11 13 | 09
#0594-d179 @A: 02 33 13 19 | 12
#0595-d179 @A: 30 19 13 17 | 05
#0596-d179 @A: 22 13 09 30 | 01
#0597-d179 @A: 13 30 34 24 | 11
#0598-d179 @A: 13 07 16 31 | 02
#0599-d179 @A: 26 15 17 13 | 04
#0600-d179 @A: 13 15 10 20 | 10
#0601-d179 @A: 10 34 13 32 | 07
#0602-d179 @A: 01 05 13 32 | 06
#0603-d179 @A: 03 13 08 20 | 03
#0604-d179 @A: 20 01 13 12 | 08
#0605-d179 @A: 12 10 22 13 | 09
#0606-d179 @A: 14 04 30 15 | 12
#0607-d179 @A: 14 35 17 15 | 05
#0608-d179 @A: 32 17 14 31 | 01
#0609-d179 @A: 09 08 27 14 | 11
#0610-d179 @A: 08 35 14 04 | 02
#0611-d179 @A: 11 35 28 14 | 04
#0612-d179 @A: 14 07 26 32 | 10
#0613-d179 @A: 02 11 30 33 | 07
#0614-d179 @A: 32 30 33 09 | 06
#0615-d179 @A: 30 23 33 34 | 03
#0616-d179 @A: 10 33 27 30 | 08
#0617-d179 @A: 31 05 33 15 | 09
#0618-d179 @A: 33 15 19 20 | 12
#0619-d179 @A: 33 02 10 01 | 05
#0620-d179 @A: 06 17 33 08 | 01
#0621-d179 @A: 10 20 33 09 | 11
#0622-d179 @A: 28 33 25 22 | 02
#0623-d179 @A: 16 11 30 34 | 04
#0624-d179 @A: 01 34 30 20 | 10
#0625-d179 @A: 05 26 08 30 | 07
#0626-d179 @A: 30 22 24 10 | 06
#0627-d179 @A: 11 20 10 30 | 03
#0628-d179 @A: 02 15 32 16 | 08
#0629-d179 @A: 15 04 35 16 | 09
#0630-d179 @A: 01 15 16 11 | 12
#0631-d179 @A: 04 09 16 02 | 05
#0632-d179 @A: 02 25 16 24 | 01
#0633-d179 @A: 16 17 09 19 | 11
#0634-d179 @A: 08 24 34 16 | 02
#0635-d179 @A: 27 05 16 01 | 04
#0636-d179 @A: 19 32 23 16 | 10
#0637-d179 @A: 09 15 07 05 | 07
#0638-d179 @A: 08 04 06 15 | 06
#0639-d179 @A: 06 01 15 20 | 03
#0640-d179 @A: 02 05 26 31 | 08
#0641-d179 @A: 35 31 02 10 | 09
#0642-d179 @A: 17 09 02 32 | 12
#0643-d179 @A: 02 05 20 22 | 05
#0644-d179 @A: 03 35 02 06 | 01
#0645-d179 @A: 26 02 12 20 | 11
#0646-d179 @A: 19 06 02 25 | 02
#0647-d179 @A: 02 27 07 24 | 04
#0648-d179 @A: 23 02 24 06 | 10
#0649-d179 @A: 02 19 32 27 | 07
#0650-d179 @A: 34 31 09 24 | 06
#0651-d179 @A: 04 35 31 01 | 03
#0652-d179 @A: 22 20 04 31 | 08
#0653-d179 @A: 08 05 06 31 | 09
#0654-d179 @A: 31 24 35 32 | 12
#0655-d179 @A: 28 31 03 25 | 05
#0656-d179 @A: 31 22 27 25 | 01
#0657-d179 @A: 07 31 20 26 | 11
#0658-d179 @A: 19 31 11 24 | 02
#0659-d179 @A: 25 35 04 17 | 04
#0660-d179 @A: 32 01 04 09 | 10
#0661-d179 @A: 09 22 34 01 | 07
#0662-d179 @A: 22 25 12 09 | 06
#0663-d179 @A: 07 09 22 11 | 03
#0664-d179 @A: 27 11 09 20 | 08
#0665-d179 @A: 03 09 20 19 | 09
#0666-d179 @A: 22 07 10 04 | 12
#0667-d179 @A: 32 10 26 04 | 05
#0668-d179 @A: 04 32 03 19 | 01
#0669-d179 @A: 10 27 34 35 | 11
#0670-d179 @A: 10 25 23 34 | 02
#0671-d179 @A: 07 10 34 19 | 04
#0672-d179 @A: 22 23 32 34 | 10
#0673-d179 @A: 22 19 35 05 | 07
#0674-d179 @A: 26 27 28 05 | 06
#0675-d179 @A: 07 03 25 05 | 03
#0676-d179 @A: 32 05 25 23 | 08
#0677-d179 @A: 08 01 22 10 | 09
#0678-d179 @A: 08 06 35 11 | 12
#0679-d179 @A: 35 27 01 07 | 05
#0680-d179 @A: 01 32 28 06 | 01
#0681-d179 @A: 06 19 01 03 | 11
#0682-d179 @A: 24 29 13 18 | 02
#0683-d179 @A: 20 29 18 28 | 04
#0684-d179 @A: 21 32 18 14 | 10
#0685-d179 @A: 09 31 18 21 | 07
#0686-d179 @A: 19 13 18 15 | 06
#0687-d179 @A: 18 35 13 04 | 03
#0688-d179 @A: 18 06 14 17 | 08
#0689-d179 @A: 30 18 17 20 | 09
#0690-d179 @A: 08 18 15 01 | 12
#0691-d179 @A: 18 23 17 09 | 05
#0692-d179 @A: 04 09 18 24 | 01
#0693-d179 @A: 06 27 09 18 | 11
#0694-d179 @A: 04 18 01 22 | 02
#0695-d179 @A: 18 34 12 24 | 04
#0696-d179 @A: 18 32 28 03 | 10
#0697-d179 @A: 23 25 07 18 | 07
#0698-d179 @A: 18 25 24 22 | 06
#0699-d179 @A: 25 29 17 14 | 03
#0700-d179 @A: 29 03 14 09 | 08
#0701-d179 @A: 33 04 29 35 | 09
#0702-d179 @A: 25 10 33 29 | 12
#0703-d179 @A: 05 15 32 29 | 05
#0704-d179 @A: 15 29 24 20 | 01
#0705-d179 @A: 04 03 29 31 | 11
#0706-d179 @A: 10 01 29 20 | 02
#0707-d179 @A: 25 24 29 07 | 04
#0708-d179 @A: 06 25 27 29 | 10
#0709-d179 @A: 29 03 19 24 | 07
#0710-d179 @A: 32 29 27 23 | 06
#0711-d179 @A: 29 27 19 11 | 03
#0712-d179 @A: 21 08 06 14 | 08
#0713-d179 @A: 12 21 20 14 | 09
#0714-d179 @A: 14 22 21 24 | 12
#0715-d179 @A: 01 33 21 35 | 05
#0716-d179 @A: 16 15 19 21 | 01
#0717-d179 @A: 21 06 02 16 | 11
#0718-d179 @A: 21 35 31 15 | 02
#0719-d179 @A: 27 34 07 21 | 04
#0720-d179 @A: 35 06 28 21 | 10
#0721-d179 @A: 26 21 03 25 | 07
#0722-d179 @A: 21 22 20 03 | 06
#0723-d179 @A: 27 32 11 21 | 03
#0724-d179 @A: 14 30 13 12 | 08
#0725-d179 @A: 35 13 08 30 | 09
#0726-d179 @A: 16 13 25 09 | 12
#0727-d179 @A: 16 13 11 04 | 05
#0728-d179 @A: 13 16 23 01 | 01
#0729-d179 @A: 13 11 02 32 | 11
#0730-d179 @A: 10 13 04 31 | 02
#0731-d179 @A: 19 09 13 05 | 04
#0732-d179 @A: 13 24 35 22 | 10
#0733-d179 @A: 13 27 10 26 | 07
#0734-d179 @A: 13 19 03 27 | 06
#0735-d179 @A: 14 16 32 33 | 03
#0736-d179 @A: 14 31 33 25 | 08
#0737-d179 @A: 17 30 14 07 | 09
#0738-d179 @A: 14 05 30 06 | 12
#0739-d179 @A: 01 35 30 14 | 05
#0740-d179 @A: 15 32 09 14 | 01
#0741-d179 @A: 34 15 14 11 | 11
#0742-d179 @A: 15 19 08 14 | 02
#0743-d179 @A: 14 12 15 28 | 04
#0744-d179 @A: 15 14 20 11 | 10
#0745-d179 @A: 17 08 03 14 | 07
#0746-d179 @A: 05 35 14 20 | 06
#0747-d179 @A: 14 08 07 25 | 03
#0748-d179 @A: 07 01 10 14 | 08
#0749-d179 @A: 35 08 16 33 | 09
#0750-d179 @A: 33 10 17 12 | 12
#0751-d179 @A: 12 03 25 33 | 05
#0752-d179 @A: 25 33 07 26 | 01
#0753-d179 @A: 25 33 19 32 | 11
#0754-d179 @A: 06 27 22 33 | 02
#0755-d179 @A: 02 30 22 31 | 04
#0756-d179 @A: 28 30 04 31 | 10
#0757-d179 @A: 03 22 17 30 | 07
#0758-d179 @A: 05 32 30 11 | 06
#0759-d179 @A: 10 06 23 30 | 03
#0760-d179 @A: 23 16 34 15 | 08
#0761-d179 @A: 07 28 16 15 | 09
#0762-d179 @A: 32 31 34 16 | 12
#0763-d179 @A: 09 10 16 22 | 05
#0764-d179 @A: 08 16 05 25 | 01
#0765-d179 @A: 16 11 05 28 | 11
#0766-d179 @A: 16 12 35 23 | 02
#0767-d179 @A: 10 35 16 32 | 04
#0768-d179 @A: 16 20 12 06 | 10
#0769-d179 @A: 16 19 07 27 | 07
#0770-d179 @A: 22 16 26 03 | 06
#0771-d179 @A: 32 16 11 06 | 03
#0772-d179 @A: 17 19 02 15 | 08
#0773-d179 @A: 23 15 02 05 | 09
#0774-d179 @A: 10 15 03 02 | 12
#0775-d179 @A: 15 01 12 09 | 05
#0776-d179 @A: 05 24 22 15 | 01
#0777-d179 @A: 08 15 26 32 | 11
#0778-d179 @A: 15 24 07 19 | 02
#0779-d179 @A: 10 15 26 11 | 04
#0780-d179 @A: 10 24 15 27 | 10
#0781-d179 @A: 32 19 15 11 | 07
#0782-d179 @A: 04 02 34 06 | 06
#0783-d179 @A: 01 34 27 02 | 03
#0784-d179 @A: 02 23 35 34 | 08
#0785-d179 @A: 02 35 20 24 | 09
#0786-d179 @A: 02 22 07 12 | 12
#0787-d179 @A: 34 31 17 19 | 05
#0788-d179 @A: 17 20 31 19 | 01
#0789-d179 @A: 10 34 31 08 | 11
#0790-d179 @A: 08 27 31 23 | 02
#0791-d179 @A: 28 27 32 31 | 04
#0792-d179 @A: 31 10 19 28 | 10
#0793-d179 @A: 12 31 11 23 | 07
#0794-d179 @A: 31 23 32 26 | 06
#0795-d179 @A: 10 24 06 31 | 03
#0796-d179 @A: 31 10 22 23 | 08
#0797-d179 @A: 01 05 25 17 | 09
#0798-d179 @A: 23 24 17 03 | 12
#0799-d179 @A: 03 11 17 06 | 05
#0800-d179 @A: 05 09 04 12 | 01
#0801-d179 @A: 09 23 08 04 | 11
#0802-d179 @A: 23 09 20 04 | 02
#0803-d179 @A: 34 35 09 12 | 04
#0804-d179 @A: 09 32 08 05 | 10
#0805-d179 @A: 32 22 35 09 | 07
#0806-d179 @A: 12 07 09 32 | 06
#0807-d179 @A: 25 09 11 27 | 03
#0808-d179 @A: 07 35 28 04 | 08
#0809-d179 @A: 26 04 12 28 | 09
#0810-d179 @A: 04 06 12 25 | 12
#0811-d179 @A: 34 22 19 08 | 05
#0812-d179 @A: 07 28 22 34 | 01
#0813-d179 @A: 11 34 27 28 | 11
#0814-d179 @A: 25 11 34 20 | 02
#0815-d179 @A: 34 20 06 07 | 04
#0816-d179 @A: 03 05 08 23 | 10
#0817-d179 @A: 24 35 07 05 | 07
#0818-d179 @A: 27 12 05 10 | 06
#0819-d179 @A: 32 22 05 07 | 03
#0820-d179 @A: 12 01 08 25 | 08
#0821-d179 @A: 26 01 08 03 | 09
#0822-d179 @A: 07 08 35 12 | 12
#0823-d179 @A: 27 08 12 24 | 05
#0824-d179 @A: 07 03 08 24 | 01
#0825-d179 @A: 10 24 25 01 | 11
#0826-d179 @A: 01 32 22 11 | 02
#0827-d179 @A: 22 20 12 35 | 04
#0828-d179 @A: 20 25 27 35 | 10
#0829-d179 @A: 12 23 25 20 | 07
#0830-d179 @A: 10 07 27 20 | 06
#0831-d179 @A: 20 11 06 32 | 03
#0832-d179 @A: 18 30 29 28 | 08
#0833-d179 @A: 12 16 18 13 | 09
#0834-d179 @A: 02 03 18 13 | 12
#0835-d179 @A: 25 14 18 04 | 05
#0836-d179 @A: 18 01 30 11 | 01
#0837-d179 @A: 08 23 16 18 | 11
#0838-d179 @A: 26 18 19 17 | 02
#0839-d179 @A: 18 08 34 07 | 04
#0840-d179 @A: 35 18 01 28 | 10
#0841-d179 @A: 26 12 18 07 | 07
#0842-d179 @A: 19 18 32 12 | 06
#0843-d179 @A: 30 23 29 13 | 03
#0844-d179 @A: 30 14 26 29 | 08
#0845-d179 @A: 24 33 30 29 | 09
#0846-d179 @A: 02 33 29 34 | 12
#0847-d179 @A: 33 29 19 06 | 05
#0848-d179 @A: 29 04 16 06 | 01
#0849-d179 @A: 29 15 07 02 | 11
#0850-d179 @A: 23 06 15 29 | 02
#0851-d179 @A: 24 04 29 17 | 04
#0852-d179 @A: 35 25 19 29 | 10
#0853-d179 @A: 03 21 19 30 | 07
#0854-d179 @A: 21 31 12 05 | 06
#0855-d179 @A: 31 07 28 21 | 03
#0856-d179 @A: 21 09 28 08 | 08
#0857-d179 @A: 09 21 03 32 | 09
#0858-d179 @A: 34 25 13 14 | 12
#0859-d179 @A: 33 11 35 13 | 05
#0860-d179 @A: 04 13 15 32 | 01
#0861-d179 @A: 02 05 22 13 | 11
#0862-d179 @A: 02 13 12 01 | 02
#0863-d179 @A: 03 10 35 13 | 04
#0864-d179 @A: 07 28 13 24 | 10
#0865-d179 @A: 27 24 20 13 | 07
#0866-d179 @A: 13 19 11 22 | 06
#0867-d179 @A: 13 32 06 03 | 03
#0868-d179 @A: 06 23 19 13 | 08
#0869-d179 @A: 17 14 20 33 | 09
#0870-d179 @A: 02 28 14 30 | 12
#0871-d179 @A: 32 22 14 30 | 05
#0872-d179 @A: 17 16 28 14 | 01
#0873-d179 @A: 16 34 14 09 | 11
#0874-d179 @A: 12 16 27 14 | 02
#0875-d179 @A: 27 05 15 14 | 04
#0876-d179 @A: 26 27 34 14 | 10
#0877-d179 @A: 24 14 25 28 | 07
#0878-d179 @A: 22 07 14 19 | 06
#0879-d179 @A: 26 10 14 24 | 03
#0880-d179 @A: 04 33 16 26 | 08
#0881-d179 @A: 35 15 33 09 | 09
#0882-d179 @A: 27 19 09 33 | 12
#0883-d179 @A: 33 04 05 10 | 05
#0884-d179 @A: 33 06 34 01 | 01
#0885-d179 @A: 25 06 05 33 | 11
#0886-d179 @A: 35 33 20 32 | 02
#0887-d179 @A: 35 03 23 33 | 04
#0888-d179 @A: 33 23 28 24 | 10
#0889-d179 @A: 33 23 19 12 | 07
#0890-d179 @A: 24 27 25 33 | 06
#0891-d179 @A: 33 22 26 10 | 03
#0892-d179 @A: 30 02 27 15 | 08
#0893-d179 @A: 12 15 08 30 | 09
#0894-d179 @A: 15 01 06 30 | 12
#0895-d179 @A: 30 17 34 26 | 05
#0896-d179 @A: 35 12 30 17 | 01
#0897-d179 @A: 05 10 09 30 | 11
#0898-d179 @A: 25 27 30 04 | 02
#0899-d179 @A: 34 01 30 32 | 04
#0900-d179 @A: 03 24 35 30 | 10
#0901-d179 @A: 12 16 02 31 | 07
#0902-d179 @A: 26 02 17 16 | 06
#0903-d179 @A: 35 31 16 05 | 03
#0904-d179 @A: 16 04 12 17 | 08
#0905-d179 @A: 23 09 16 05 | 09
#0906-d179 @A: 01 16 10 04 | 12
#0907-d179 @A: 16 35 03 19 | 05
#0908-d179 @A: 06 16 28 24 | 01
#0909-d179 @A: 16 25 10 12 | 11
#0910-d179 @A: 06 12 16 07 | 02
#0911-d179 @A: 16 25 22 07 | 04
#0912-d179 @A: 20 16 22 10 | 10
#0913-d179 @A: 34 06 17 15 | 07
#0914-d179 @A: 09 27 15 34 | 06
#0915-d179 @A: 26 15 04 34 | 03
#0916-d179 @A: 08 15 04 20 | 08
#0917-d179 @A: 01 15 32 27 | 09
#0918-d179 @A: 24 28 15 32 | 12
#0919-d179 @A: 19 15 25 26 | 05
#0920-d179 @A: 22 15 27 03 | 01
#0921-d179 @A: 02 08 31 20 | 11
#0922-d179 @A: 09 26 02 19 | 02
#0923-d179 @A: 04 02 27 35 | 04
#0924-d179 @A: 02 24 34 03 | 10
#0925-d179 @A: 22 06 02 01 | 07
#0926-d179 @A: 24 19 35 02 | 06
#0927-d179 @A: 26 27 22 02 | 03
#0928-d179 @A: 06 02 10 11 | 08
#0929-d179 @A: 09 06 32 31 | 09
#0930-d179 @A: 31 22 05 28 | 12
#0931-d179 @A: 31 22 24 07 | 05
#0932-d179 @A: 32 07 31 11 | 01
#0933-d179 @A: 20 10 32 31 | 11
#0934-d179 @A: 17 01 23 27 | 02
#0935-d179 @A: 19 17 35 23 | 04
#0936-d179 @A: 35 17 27 03 | 10
#0937-d179 @A: 25 32 07 17 | 07
#0938-d179 @A: 09 10 06 12 | 06
#0939-d179 @A: 23 09 10 24 | 03
#0940-d179 @A: 32 27 09 10 | 08
#0941-d179 @A: 06 32 05 04 | 09
#0942-d179 @A: 04 12 22 24 | 12
#0943-d179 @A: 22 25 19 04 | 05
#0944-d179 @A: 19 06 04 07 | 01
#0945-d179 @A: 28 24 34 19 | 11
#0946-d179 @A: 20 28 34 03 | 02
#0947-d179 @A: 12 06 34 19 | 04
#0948-d179 @A: 27 06 35 05 | 10
#0949-d179 @A: 28 07 10 05 | 07
#0950-d179 @A: 19 05 26 10 | 06
#0951-d179 @A: 11 03 19 05 | 03
#0952-d179 @A: 08 11 25 03 | 08
#0953-d179 @A: 08 24 22 11 | 09
#0954-d179 @A: 19 06 24 08 | 12
#0955-d179 @A: 19 08 10 23 | 05
#0956-d179 @A: 01 25 03 32 | 01
#0957-d179 @A: 01 11 24 03 | 11
#0958-d179 @A: 27 20 22 01 | 02
#0959-d179 @A: 20 11 23 28 | 04
#0960-d179 @A: 12 19 20 11 | 10
#0961-d179 @A: 14 18 11 29 | 07
#0962-d179 @A: 04 07 18 29 | 06
#0963-d179 @A: 18 28 14 31 | 03
#0964-d179 @A: 03 17 16 18 | 08
#0965-d179 @A: 15 28 09 18 | 09
#0966-d179 @A: 07 31 18 01 | 12
#0967-d179 @A: 22 11 18 31 | 05
#0968-d179 @A: 20 27 05 18 | 01
#0969-d179 @A: 35 07 18 10 | 11
#0970-d179 @A: 35 11 18 19 | 02
#0971-d179 @A: 12 28 06 18 | 04
#0972-d179 @A: 28 14 21 29 | 10
#0973-d179 @A: 23 21 29 08 | 07
#0974-d179 @A: 29 15 14 10 | 06
#0975-d179 @A: 04 12 29 14 | 03
#0976-d179 @A: 07 29 30 32 | 08
#0977-d179 @A: 08 12 16 29 | 09
#0978-d179 @A: 05 29 04 02 | 12
#0979-d179 @A: 29 22 31 09 | 05
#0980-d179 @A: 29 06 09 08 | 01
#0981-d179 @A: 12 28 29 25 | 11
#0982-d179 @A: 03 07 10 29 | 02
#0983-d179 @A: 29 24 22 06 | 04
#0984-d179 @A: 34 21 02 13 | 10
#0985-d179 @A: 33 21 14 10 | 07
#0986-d179 @A: 21 23 30 14 | 06
#0987-d179 @A: 07 14 16 21 | 03
#0988-d179 @A: 15 14 26 21 | 08
#0989-d179 @A: 21 27 17 14 | 09
#0990-d179 @A: 28 21 33 04 | 12
#0991-d179 @A: 21 26 30 31 | 05
#0992-d179 @A: 05 35 30 21 | 01
#0993-d179 @A: 21 31 23 04 | 11
#0994-d179 @A: 21 17 08 22 | 02
#0995-d179 @A: 17 01 21 26 | 04
#0996-d179 @A: 22 21 09 05 | 10
#0997-d179 @A: 20 08 21 01 | 07
#0998-d179 @A: 21 12 01 06 | 06
#0999-d179 @A: 25 32 21 28 | 03
#1000-d179 @A: 21 11 06 25 | 08
#1001-d179 @A: 26 27 20 21 | 09
#1002-d179 @A: 20 32 21 23 | 12
#1003-d179 @A: 08 14 32 13 | 05
#1004-d179 @A: 33 25 30 13 | 01
#1005-d179 @A: 13 17 28 33 | 11
#1006-d179 @A: 28 16 13 03 | 02
#1007-d179 @A: 15 05 12 13 | 04
#1008-d179 @A: 13 26 09 28 | 10
#1009-d179 @A: 13 25 28 27 | 07
#1010-d179 @A: 24 26 25 13 | 06
#1011-d179 @A: 26 07 22 13 | 03
#1012-d179 @A: 14 33 22 23 | 08
#1013-d179 @A: 20 30 24 14 | 09
#1014-d179 @A: 15 14 22 02 | 12
#1015-d179 @A: 08 02 14 01 | 05
#1016-d179 @A: 04 14 31 06 | 01
#1017-d179 @A: 14 09 22 17 | 11
#1018-d179 @A: 14 17 19 01 | 02
#1019-d179 @A: 26 14 01 09 | 04
#1020-d179 @A: 32 04 14 24 | 10
#1021-d179 @A: 14 08 24 05 | 07
#1022-d179 @A: 14 32 05 12 | 06
#1023-d179 @A: 28 14 26 19 | 03
#1024-d179 @A: 14 28 10 03 | 08
#1025-d179 @A: 11 14 25 26 | 09
#1026-d179 @A: 33 30 19 01 | 12
#1027-d179 @A: 33 22 30 35 | 05
#1028-d179 @A: 15 04 33 27 | 01
#1029-d179 @A: 24 15 34 33 | 11
#1030-d179 @A: 33 31 07 02 | 02
#1031-d179 @A: 33 11 31 34 | 04
#1032-d179 @A: 08 03 33 31 | 10
#1033-d179 @A: 08 01 05 33 | 07
#1034-d179 @A: 24 26 08 33 | 06
#1035-d179 @A: 28 35 26 33 | 03
#1036-d179 @A: 27 20 33 06 | 08
#1037-d179 @A: 25 22 30 15 | 09
#1038-d179 @A: 06 17 02 30 | 12
#1039-d179 @A: 27 30 31 34 | 05
#1040-d179 @A: 30 12 19 31 | 01
#1041-d179 @A: 32 04 30 17 | 11
#1042-d179 @A: 09 30 34 28 | 02
#1043-d179 @A: 34 12 30 04 | 04
#1044-d179 @A: 26 12 30 27 | 10
#1045-d179 @A: 12 30 20 32 | 07
#1046-d179 @A: 24 30 06 07 | 06
#1047-d179 @A: 11 27 22 30 | 03
#1048-d179 @A: 02 34 16 22 | 08
#1049-d179 @A: 16 08 02 28 | 09
#1050-d179 @A: 31 11 08 16 | 12
#1051-d179 @A: 17 01 16 24 | 05
#1052-d179 @A: 09 16 35 27 | 01
#1053-d179 @A: 16 19 24 20 | 11
#1054-d179 @A: 31 27 15 17 | 02
#1055-d179 @A: 15 10 09 17 | 04
#1056-d179 @A: 15 12 17 03 | 10
#1057-d179 @A: 15 24 25 17 | 07
#1058-d179 @A: 09 15 08 24 | 06
#1059-d179 @A: 10 34 15 01 | 03
#1060-d179 @A: 11 35 15 25 | 08
#1061-d179 @A: 35 23 15 24 | 09
#1062-d179 @A: 10 15 22 35 | 12
#1063-d179 @A: 12 28 15 20 | 05
#1064-d179 @A: 23 15 26 07 | 01
#1065-d179 @A: 02 17 05 28 | 11
#1066-d179 @A: 02 10 24 05 | 02
#1067-d179 @A: 02 32 28 10 | 04
#1068-d179 @A: 12 03 02 19 | 10
#1069-d179 @A: 09 27 05 31 | 07
#1070-d179 @A: 31 34 01 26 | 06
#1071-d179 @A: 31 12 06 27 | 03
#1072-d179 @A: 26 27 31 19 | 08
#1073-d179 @A: 04 27 09 17 | 09
#1074-d179 @A: 26 04 08 17 | 12
#1075-d179 @A: 17 01 12 34 | 05
#1076-d179 @A: 26 17 32 35 | 01
#1077-d179 @A: 26 10 25 17 | 11
#1078-d179 @A: 17 26 22 06 | 02
#1079-d179 @A: 25 32 24 09 | 04
#1080-d179 @A: 26 03 10 09 | 10
#1081-d179 @A: 09 03 11 23 | 07
#1082-d179 @A: 34 04 20 24 | 06
#1083-d179 @A: 34 19 11 04 | 03
#1084-d179 @A: 04 08 28 05 | 08
#1085-d179 @A: 04 07 01 05 | 09
#1086-d179 @A: 12 10 04 19 | 12
#1087-d179 @A: 04 25 24 03 | 05
#1088-d179 @A: 10 03 04 23 | 01
#1089-d179 @A: 01 19 34 25 | 11
#1090-d179 @A: 32 35 34 19 | 02
#1091-d179 @A: 34 35 10 20 | 04
#1092-d179 @A: 03 32 11 34 | 10
#1093-d179 @A: 05 28 24 03 | 07
#1094-d179 @A: 19 25 05 27 | 06
#1095-d179 @A: 11 10 23 05 | 03
#1096-d179 @A: 24 08 25 35 | 08
#1097-d179 @A: 07 08 27 22 | 09
#1098-d179 @A: 19 20 10 08 | 12
#1099-d179 @A: 22 01 35 25 | 05
#1100-d179 @A: 12 19 01 27 | 01
#1101-d179 @A: 26 25 27 01 | 11
#1102-d179 @A: 01 20 25 03 | 02
#1103-d179 @A: 03 21 18 29 | 04
#1104-d179 @A: 15 33 29 18 | 10
#1105-d179 @A: 02 07 18 21 | 07
#1106-d179 @A: 13 18 25 17 | 06
#1107-d179 @A: 13 09 11 18 | 03
#1108-d179 @A: 01 26 18 13 | 08
#1109-d179 @A: 20 13 32 18 | 09
#1110-d179 @A: 34 14 30 18 | 12
#1111-d179 @A: 19 18 16 14 | 05
#1112-d179 @A: 33 18 11 04 | 01
#1113-d179 @A: 33 19 34 18 | 11
#1114-d179 @A: 12 30 22 18 | 02
#1115-d179 @A: 28 18 16 04 | 04
#1116-d179 @A: 18 02 31 34 | 10
#1117-d179 @A: 04 19 02 18 | 07
#1118-d179 @A: 02 20 25 18 | 06
#1119-d179 @A: 31 18 04 32 | 03
#1120-d179 @A: 17 07 24 18 | 08
#1121-d179 @A: 18 32 09 34 | 09
#1122-d179 @A: 20 18 34 08 | 12
#1123-d179 @A: 34 23 01 18 | 05
#1124-d179 @A: 05 22 18 08 | 01
#1125-d179 @A: 35 18 22 06 | 11
#1126-d179 @A: 18 07 28 11 | 02
#1127-d179 @A: 24 34 29 21 | 04
#1128-d179 @A: 21 29 27 05 | 10
#1129-d179 @A: 14 19 29 13 | 07
#1130-d179 @A: 28 02 13 29 | 06
#1131-d179 @A: 13 22 29 32 | 03
#1132-d179 @A: 23 14 05 29 | 08
#1133-d179 @A: 16 29 31 19 | 09
#1134-d179 @A: 16 17 29 32 | 12
#1135-d179 @A: 29 23 07 16 | 05
#1136-d179 @A: 02 23 19 29 | 01
#1137-d179 @A: 10 29 26 31 | 11
#1138-d179 @A: 09 28 29 04 | 02
#1139-d179 @A: 01 09 23 29 | 04
#1140-d179 @A: 34 07 01 29 | 10
#1141-d179 @A: 32 05 29 20 | 07
#1142-d179 @A: 12 11 29 26 | 06
#1143-d179 @A: 25 11 29 23 | 03
#1144-d179 @A: 20 29 07 23 | 08
#1145-d179 @A: 21 01 08 13 | 09
#1146-d179 @A: 25 14 01 21 | 12
#1147-d179 @A: 30 24 21 04 | 05
#1148-d179 @A: 08 30 21 27 | 01
#1149-d179 @A: 03 01 15 21 | 11
#1150-d179 @A: 02 25 21 31 | 02
#1151-d179 @A: 01 23 02 21 | 04
#1152-d179 @A: 10 21 34 26 | 10
#1153-d179 @A: 05 01 28 21 | 07
#1154-d179 @A: 05 32 19 21 | 06
#1155-d179 @A: 11 26 28 21 | 03
#1156-d179 @A: 19 27 24 21 | 08
#1157-d179 @A: 10 11 21 19 | 09
#1158-d179 @A: 14 34 20 13 | 12
#1159-d179 @A: 03 05 14 13 | 05
#1160-d179 @A: 32 33 13 31 | 01
#1161-d179 @A: 13 32 16 24 | 11
#1162-d179 @A: 15 10 28 13 | 02
#1163-d179 @A: 02 13 24 31 | 04
#1164-d179 @A: 02 10 13 23 | 10
#1165-d179 @A: 13 31 17 22 | 07
#1166-d179 @A: 31 23 34 13 | 06
#1167-d179 @A: 17 13 34 03 | 03
#1168-d179 @A: 35 34 13 06 | 08
#1169-d179 @A: 25 13 19 08 | 09
#1170-d179 @A: 13 19 35 28 | 12
#1171-d179 @A: 07 32 13 27 | 05
#1172-d179 @A: 13 10 19 24 | 01
#1173-d179 @A: 14 03 33 30 | 11
#1174-d179 @A: 02 12 14 33 | 02
#1175-d179 @A: 14 16 26 05 | 04
#1176-d179 @A: 09 28 14 05 | 10
#1177-d179 @A: 28 14 01 04 | 07
#1178-d179 @A: 32 28 14 34 | 06
#1179-d179 @A: 16 28 33 30 | 03
#1180-d179 @A: 33 30 08 07 | 08
#1181-d179 @A: 31 16 22 33 | 09
#1182-d179 @A: 01 15 25 33 | 12
#1183-d179 @A: 24 17 33 02 | 05
#1184-d179 @A: 02 05 32 33 | 01
#1185-d179 @A: 31 24 01 33 | 11
#1186-d179 @A: 28 31 33 06 | 02
#1187-d179 @A: 25 33 23 09 | 04
#1188-d179 @A: 25 04 33 08 | 10
#1189-d179 @A: 33 22 05 34 | 07
#1190-d179 @A: 05 07 12 33 | 06
#1191-d179 @A: 01 33 32 26 | 03
#1192-d179 @A: 06 35 10 33 | 08
#1193-d179 @A: 27 28 03 33 | 09
#1194-d179 @A: 06 16 30 31 | 12
#1195-d179 @A: 05 16 22 30 | 05
#1196-d179 @A: 03 25 30 16 | 01
#1197-d179 @A: 31 32 30 15 | 11
#1198-d179 @A: 30 19 15 10 | 02
#1199-d179 @A: 24 05 17 30 | 04
#1200-d179 @A: 30 25 05 34 | 10
#1201-d179 @A: 34 08 30 06 | 07
#1202-d179 @A: 12 10 30 28 | 06
#1203-d179 @A: 25 07 30 28 | 03
#1204-d179 @A: 30 23 11 19 | 08
#1205-d179 @A: 16 15 05 10 | 09
#1206-d179 @A: 07 05 16 02 | 12
#1207-d179 @A: 01 28 31 16 | 05
#1208-d179 @A: 35 11 17 16 | 01
#1209-d179 @A: 16 04 19 08 | 11
#1210-d179 @A: 28 27 16 10 | 02
#1211-d179 @A: 16 23 27 25 | 04
#1212-d179 @A: 32 03 16 07 | 10
#1213-d179 @A: 24 19 16 26 | 07
#1214-d179 @A: 20 03 16 26 | 06
#1215-d179 @A: 16 10 19 06 | 03
#1216-d179 @A: 15 04 02 31 | 08
#1217-d179 @A: 03 31 34 15 | 09
#1218-d179 @A: 15 06 26 28 | 12
#1219-d179 @A: 22 15 28 11 | 05
#1220-d179 @A: 15 32 10 07 | 01
#1221-d179 @A: 17 01 35 02 | 11
#1222-d179 @A: 25 28 02 09 | 02
#1223-d179 @A: 34 32 08 02 | 04
#1224-d179 @A: 08 06 12 02 | 10
#1225-d179 @A: 02 28 27 06 | 07
#1226-d179 @A: 26 03 07 02 | 06
#1227-d179 @A: 10 31 17 01 | 03
#1228-d179 @A: 09 08 35 31 | 08
#1229-d179 @A: 24 04 31 05 | 09
#1230-d179 @A: 28 35 23 31 | 12
#1231-d179 @A: 31 06 28 20 | 05
#1232-d179 @A: 25 31 24 12 | 01
#1233-d179 @A: 31 10 27 07 | 11
#1234-d179 @A: 03 10 31 11 | 02
#1235-d179 @A: 17 34 07 09 | 04
#1236-d179 @A: 06 20 17 09 | 10
#1237-d179 @A: 17 34 22 04 | 07
#1238-d179 @A: 17 24 28 35 | 06
#1239-d179 @A: 07 28 12 17 | 03
#1240-d179 @A: 25 27 12 17 | 08
#1241-d179 @A: 17 19 25 03 | 09
#1242-d179 @A: 27 07 06 17 | 12
#1243-d179 @A: 11 17 23 26 | 05
#1244-d179 @A: 01 05 20 09 | 01
#1245-d179 @A: 09 25 08 20 | 11
#1246-d179 @A: 11 24 09 35 | 02
#1247-d179 @A: 28 23 19 09 | 04
#1248-d179 @A: 10 09 19 25 | 10
#1249-d179 @A: 35 04 19 26 | 07
#1250-d179 @A: 07 04 26 27 | 06
#1251-d179 @A: 04 03 11 26 | 03
#1252-d179 @A: 06 04 27 10 | 08
#1253-d179 @A: 06 03 34 28 | 09
#1254-d179 @A: 25 34 22 11 | 12
#1255-d179 @A: 32 05 28 35 | 05
#1256-d179 @A: 05 19 06 28 | 01
#1257-d179 @A: 03 06 12 05 | 11
#1258-d179 @A: 32 05 24 26 | 02
#1259-d179 @A: 05 26 11 22 | 04
#1260-d179 @A: 01 11 08 19 | 10
#1261-d179 @A: 19 12 08 26 | 07
#1262-d179 @A: 08 27 11 26 | 06
#1263-d179 @A: 08 03 06 27 | 03
#1264-d179 @A: 01 24 35 06 | 08
#1265-d179 @A: 03 01 12 28 | 09
#1266-d179 @A: 01 28 25 11 | 12
#1267-d179 @A: 20 01 28 32 | 05
#1268-d179 @A: 01 22 12 23 | 01
#1269-d179 @A: 11 35 26 20 | 11
#1270-d179 @A: 18 29 34 27 | 02
#1271-d179 @A: 18 28 13 21 | 04
#1272-d179 @A: 18 17 12 21 | 10
#1273-d179 @A: 34 21 18 35 | 07
#1274-d179 @A: 18 21 19 23 | 06
#1275-d179 @A: 18 14 05 07 | 03
#1276-d179 @A: 18 08 12 14 | 08
#1277-d179 @A: 14 26 18 22 | 09
#1278-d179 @A: 08 18 10 30 | 12
#1279-d179 @A: 34 18 10 16 | 05
#1280-d179 @A: 10 15 06 18 | 01
#1281-d179 @A: 02 06 05 18 | 11
#1282-d179 @A: 06 19 18 31 | 02
#1283-d179 @A: 04 17 10 18 | 04
#1284-d179 @A: 18 08 28 17 | 10
#1285-d179 @A: 17 18 01 32 | 07
#1286-d179 @A: 03 34 18 04 | 06
#1287-d179 @A: 04 35 20 18 | 03
#1288-d179 @A: 18 03 08 35 | 08
#1289-d179 @A: 24 35 18 26 | 09
#1290-d179 @A: 27 18 24 28 | 12
#1291-d179 @A: 25 32 18 11 | 05
#1292-d179 @A: 27 18 26 32 | 01
#1293-d179 @A: 18 23 03 26 | 11
#1294-d179 @A: 22 21 29 02 | 02
#1295-d179 @A: 25 29 15 13 | 04
#1296-d179 @A: 13 11 34 29 | 10
#1297-d179 @A: 08 33 20 29 | 07
#1298-d179 @A: 30 02 35 29 | 06
#1299-d179 @A: 12 09 30 29 | 03
#1300-d179 @A: 19 30 29 34 | 08
#1301-d179 @A: 35 30 29 20 | 09
#1302-d179 @A: 30 03 06 29 | 12
#1303-d179 @A: 16 29 28 34 | 05
#1304-d179 @A: 29 16 26 01 | 01
#1305-d179 @A: 23 17 34 29 | 11
#1306-d179 @A: 05 03 17 29 | 02
#1307-d179 @A: 27 28 17 29 | 04
#1308-d179 @A: 29 22 17 11 | 10
#1309-d179 @A: 26 05 29 34 | 07
#1310-d179 @A: 29 27 07 12 | 06
#1311-d179 @A: 29 23 24 26 | 03
#1312-d179 @A: 13 32 21 17 | 08
#1313-d179 @A: 17 21 33 09 | 09
#1314-d179 @A: 21 33 05 24 | 12
#1315-d179 @A: 30 15 28 21 | 05
#1316-d179 @A: 16 09 12 21 | 01
#1317-d179 @A: 21 28 23 16 | 11
#1318-d179 @A: 15 21 09 25 | 02
#1319-d179 @A: 15 05 21 06 | 04
#1320-d179 @A: 27 21 10 02 | 10
#1321-d179 @A: 21 31 24 17 | 07
#1322-d179 @A: 27 09 26 21 | 06
#1323-d179 @A: 20 21 05 10 | 03
#1324-d179 @A: 03 22 21 28 | 08
#1325-d179 @A: 05 33 23 13 | 09
#1326-d179 @A: 07 04 13 30 | 12
#1327-d179 @A: 30 13 01 10 | 05
#1328-d179 @A: 34 13 16 19 | 01
#1329-d179 @A: 34 13 07 15 | 11
#1330-d179 @A: 15 08 13 23 | 02
#1331-d179 @A: 35 13 17 05 | 04
#1332-d179 @A: 09 13 35 01 | 10
#1333-d179 @A: 13 08 12 04 | 07
#1334-d179 @A: 13 19 04 01 | 06
#1335-d179 @A: 01 13 07 25 | 03
#1336-d179 @A: 35 12 27 13 | 08
#1337-d179 @A: 28 13 32 12 | 09
#1338-d179 @A: 19 12 07 13 | 12
#1339-d179 @A: 14 33 05 35 | 05
#1340-d179 @A: 30 14 25 09 | 01
#1341-d179 @A: 16 14 23 31 | 11
#1342-d179 @A: 23 17 14 02 | 02
#1343-d179 @A: 14 04 02 11 | 04
#1344-d179 @A: 35 26 02 14 | 10
#1345-d179 @A: 07 02 14 06 | 07
#1346-d179 @A: 17 05 14 04 | 06
#1347-d179 @A: 14 34 04 07 | 03
#1348-d179 @A: 12 24 14 03 | 08
#1349-d179 @A: 20 27 32 14 | 09
#1350-d179 @A: 15 33 28 19 | 12
#1351-d179 @A: 35 02 25 33 | 05
#1352-d179 @A: 09 31 10 33 | 01
#1353-d179 @A: 33 31 19 35 | 11
#1354-d179 @A: 17 33 04 03 | 02
#1355-d179 @A: 20 33 05 04 | 04
#1356-d179 @A: 07 33 06 03 | 10
#1357-d179 @A: 07 33 11 27 | 07
#1358-d179 @A: 32 10 33 11 | 06
#1359-d179 @A: 07 35 30 16 | 03
#1360-d179 @A: 30 34 15 35 | 08
#1361-d179 @A: 05 30 15 03 | 09
#1362-d179 @A: 30 02 09 24 | 12
#1363-d179 @A: 05 12 30 02 | 05
#1364-d179 @A: 11 17 09 30 | 01
#1365-d179 @A: 06 30 28 22 | 11
#1366-d179 @A: 30 11 28 03 | 02
#1367-d179 @A: 30 10 25 32 | 04
#1368-d179 @A: 16 22 17 15 | 10
#1369-d179 @A: 01 16 02 03 | 07
#1370-d179 @A: 11 23 16 02 | 06
#1371-d179 @A: 20 16 02 27 | 03
#1372-d179 @A: 25 16 17 31 | 08
#1373-d179 @A: 31 04 27 16 | 09
#1374-d179 @A: 10 16 23 26 | 12
#1375-d179 @A: 19 09 15 03 | 05
#1376-d179 @A: 08 05 35 15 | 01
#1377-d179 @A: 32 22 15 06 | 11
#1378-d179 @A: 03 17 31 02 | 02
#1379-d179 @A: 19 02 08 31 | 04
#1380-d179 @A: 17 34 25 02 | 10
#1381-d179 @A: 02 10 17 08 | 07
#1382-d179 @A: 04 01 02 26 | 06
#1383-d179 @A: 34 28 26 02 | 03
#1384-d179 @A: 27 12 02 23 | 08
#1385-d179 @A: 07 25 10 02 | 09
#1386-d179 @A: 24 11 26 02 | 12
#1387-d179 @A: 20 27 02 03 | 05
#1388-d179 @A: 09 31 19 04 | 01
#1389-d179 @A: 12 28 34 31 | 11
#1390-d179 @A: 03 31 35 26 | 02
#1391-d179 @A: 28 26 24 31 | 04
#1392-d179 @A: 25 31 23 19 | 10
#1393-d179 @A: 09 17 03 01 | 07
#1394-d179 @A: 10 17 28 22 | 06
#1395-d179 @A: 23 17 32 28 | 03
#1396-d179 @A: 34 09 28 20 | 08
#1397-d179 @A: 07 08 09 10 | 09
#1398-d179 @A: 35 09 28 10 | 12
#1399-d179 @A: 35 03 25 09 | 05
#1400-d179 @A: 09 22 28 27 | 01
#1401-d179 @A: 26 09 24 07 | 11
#1402-d179 @A: 28 26 04 20 | 02
#1403-d179 @A: 04 24 28 11 | 04
#1404-d179 @A: 24 23 04 19 | 10
#1405-d179 @A: 22 35 03 34 | 07
#1406-d179 @A: 26 34 23 12 | 06
#1407-d179 @A: 07 06 11 34 | 03
#1408-d179 @A: 07 34 23 03 | 08
#1409-d179 @A: 23 26 20 34 | 09
#1410-d179 @A: 34 11 23 24 | 12
#1411-d179 @A: 03 35 01 05 | 05
#1412-d179 @A: 05 26 12 25 | 01
#1413-d179 @A: 11 05 25 24 | 11
#1414-d179 @A: 32 08 35 01 | 02
#1415-d179 @A: 22 23 08 35 | 04
#1416-d179 @A: 08 28 06 10 | 10
#1417-d179 @A: 19 28 03 08 | 07
#1418-d179 @A: 25 08 06 32 | 06
#1419-d179 @A: 07 11 08 23 | 03
#1420-d179 @A: 10 28 23 01 | 08
#1421-d179 @A: 19 07 35 20 | 09
#1422-d179 @A: 19 35 06 20 | 12
#1423-d179 @A: 05 35 18 29 | 05
#1424-d179 @A: 18 21 01 10 | 01
#1425-d179 @A: 33 07 13 18 | 11
#1426-d179 @A: 18 03 14 15 | 02
#1427-d179 @A: 33 17 35 18 | 04
#1428-d179 @A: 19 18 30 07 | 10
#1429-d179 @A: 09 16 07 18 | 07
#1430-d179 @A: 25 18 01 16 | 06
#1431-d179 @A: 26 18 11 16 | 03
#1432-d179 @A: 15 26 18 02 | 08
#1433-d179 @A: 18 17 15 05 | 09
#1434-d179 @A: 18 35 32 15 | 12
#1435-d179 @A: 25 18 27 02 | 05
#1436-d179 @A: 01 09 18 19 | 01
#1437-d179 @A: 24 19 05 18 | 11
#1438-d179 @A: 26 24 20 18 | 02
#1439-d179 @A: 29 21 15 12 | 04
#1440-d179 @A: 27 29 13 04 | 10
#1441-d179 @A: 29 03 13 01 | 07
#1442-d179 @A: 14 35 29 16 | 06
#1443-d179 @A: 17 33 29 26 | 03
#1444-d179 @A: 22 15 34 29 | 08
#1445-d179 @A: 03 11 15 29 | 09
#1446-d179 @A: 02 29 25 03 | 12
#1447-d179 @A: 24 08 31 29 | 05
#1448-d179 @A: 31 25 29 32 | 01
#1449-d179 @A: 19 29 09 32 | 11
#1450-d179 @A: 23 29 04 22 | 02
#1451-d179 @A: 26 29 32 28 | 04
#1452-d179 @A: 28 29 10 11 | 10
#1453-d179 @A: 13 21 09 10 | 07
#1454-d179 @A: 16 10 21 31 | 06
#1455-d179 @A: 17 16 21 05 | 03
#1456-d179 @A: 24 21 35 16 | 08
#1457-d179 @A: 22 01 31 21 | 09
#1458-d179 @A: 21 04 17 19 | 12
#1459-d179 @A: 25 05 04 21 | 05
#1460-d179 @A: 20 01 21 04 | 01
#1461-d179 @A: 04 35 22 21 | 11
#1462-d179 @A: 21 27 12 28 | 02
#1463-d179 @A: 21 10 24 28 | 04
#1464-d179 @A: 19 22 21 12 | 10
#1465-d179 @A: 24 21 25 23 | 07
#1466-d179 @A: 24 11 21 07 | 06
#1467-d179 @A: 19 06 26 21 | 03
#1468-d179 @A: 21 06 27 23 | 08
#1469-d179 @A: 06 14 13 15 | 09
#1470-d179 @A: 13 35 31 14 | 12
#1471-d179 @A: 13 10 14 17 | 05
#1472-d179 @A: 13 34 12 33 | 01
#1473-d179 @A: 20 13 30 05 | 11
#1474-d179 @A: 13 06 02 09 | 02
#1475-d179 @A: 25 13 02 04 | 04
#1476-d179 @A: 17 08 13 24 | 10
#1477-d179 @A: 01 13 17 11 | 07
#1478-d179 @A: 06 10 13 07 | 06
#1479-d179 @A: 07 11 03 13 | 03
#1480-d179 @A: 30 14 11 08 | 08
#1481-d179 @A: 16 03 14 11 | 09
#1482-d179 @A: 15 01 23 14 | 12
#1483-d179 @A: 27 31 14 02 | 05
#1484-d179 @A: 02 05 25 14 | 01
#1485-d179 @A: 26 12 17 14 | 11
#1486-d179 @A: 04 14 09 10 | 02
#1487-d179 @A: 26 04 14 23 | 04
#1488-d179 @A: 10 34 05 14 | 10
#1489-d179 @A: 28 23 14 06 | 07
#1490-d179 @A: 23 14 27 10 | 06
#1491-d179 @A: 17 31 33 30 | 03
#1492-d179 @A: 33 30 04 06 | 08
#1493-d179 @A: 17 16 33 23 | 09
#1494-d179 @A: 25 16 34 33 | 12
#1495-d179 @A: 33 19 16 05 | 05
#1496-d179 @A: 01 07 33 16 | 01
#1497-d179 @A: 17 11 33 25 | 11
#1498-d179 @A: 34 33 26 09 | 02
#1499-d179 @A: 11 33 09 05 | 04
#1500-d179 @A: 20 22 34 33 | 10
#1501-d179 @A: 05 03 33 26 | 07
#1502-d179 @A: 28 33 12 11 | 06
#1503-d179 @A: 33 06 26 12 | 03
#1504-d179 @A: 19 03 33 10 | 08
#1505-d179 @A: 10 17 30 16 | 09
#1506-d179 @A: 30 26 16 09 | 12
#1507-d179 @A: 30 01 16 12 | 05
#1508-d179 @A: 30 23 16 20 | 01
#1509-d179 @A: 07 34 30 02 | 11
#1510-d179 @A: 01 30 26 24 | 02
#1511-d179 @A: 30 25 35 26 | 04
#1512-d179 @A: 23 12 30 25 | 10
#1513-d179 @A: 11 26 06 30 | 07
#1514-d179 @A: 20 19 30 22 | 06
#1515-d179 @A: 06 09 16 15 | 03
#1516-d179 @A: 34 17 27 16 | 08
#1517-d179 @A: 05 16 03 04 | 09
#1518-d179 @A: 05 16 06 34 | 12
#1519-d179 @A: 16 07 26 34 | 05
#1520-d179 @A: 32 16 34 20 | 01
#1521-d179 @A: 11 25 16 19 | 11
#1522-d179 @A: 07 10 16 11 | 02
#1523-d179 @A: 22 27 32 16 | 04
#1524-d179 @A: 02 15 23 20 | 10
#1525-d179 @A: 15 31 22 08 | 07
#1526-d179 @A: 11 15 31 06 | 06
#1527-d179 @A: 28 03 15 35 | 03
#1528-d179 @A: 15 06 12 24 | 08
#1529-d179 @A: 06 15 25 03 | 09
#1530-d179 @A: 19 06 27 15 | 12
#1531-d179 @A: 09 31 02 23 | 05
#1532-d179 @A: 09 10 02 34 | 01
#1533-d179 @A: 02 19 01 20 | 11
#1534-d179 @A: 28 23 02 07 | 02
#1535-d179 @A: 02 26 10 12 | 04
#1536-d179 @A: 02 06 32 26 | 10
#1537-d179 @A: 02 19 10 22 | 07
#1538-d179 @A: 31 12 17 08 | 06
#1539-d179 @A: 31 35 06 17 | 03
#1540-d179 @A: 04 25 34 31 | 08
#1541-d179 @A: 11 31 01 05 | 09
#1542-d179 @A: 10 31 05 32 | 12
#1543-d179 @A: 31 03 24 27 | 05
#1544-d179 @A: 22 19 32 31 | 01
#1545-d179 @A: 17 34 10 24 | 11
#1546-d179 @A: 07 11 17 05 | 02
#1547-d179 @A: 28 20 07 17 | 04
#1548-d179 @A: 20 32 26 17 | 10
#1549-d179 @A: 09 04 06 03 | 07
#1550-d179 @A: 11 34 08 09 | 06
#1551-d179 @A: 09 35 06 26 | 03
#1552-d179 @A: 20 12 09 32 | 08
#1553-d179 @A: 27 12 03 09 | 09
#1554-d179 @A: 08 34 01 04 | 12
#1555-d179 @A: 11 10 08 04 | 05
#1556-d179 @A: 12 04 07 20 | 01
#1557-d179 @A: 04 20 19 32 | 11
#1558-d179 @A: 23 26 05 35 | 02
#1559-d179 @A: 27 35 19 08 | 04
#1560-d179 @A: 07 11 08 20 | 10
#1561-d179 @A: 01 26 06 10 | 07
#1562-d179 @A: 26 19 23 01 | 06
#1563-d179 @A: 28 24 20 10 | 03
#1564-d179 @A: 22 26 06 20 | 08
#1565-d179 @A: 10 18 09 29 | 09
#1566-d179 @A: 21 19 20 18 | 12
#1567-d179 @A: 13 31 27 18 | 05
#1568-d179 @A: 08 06 13 18 | 01
#1569-d179 @A: 09 18 33 22 | 11
#1570-d179 @A: 01 03 33 18 | 02
#1571-d179 @A: 20 11 33 18 | 04
#1572-d179 @A: 15 07 22 18 | 10
#1573-d179 @A: 18 12 02 09 | 07
#1574-d179 @A: 05 09 25 18 | 06
#1575-d179 @A: 34 18 05 28 | 03
#1576-d179 @A: 18 06 20 25 | 08
#1577-d179 @A: 27 19 18 10 | 09
#1578-d179 @A: 21 17 29 06 | 12
#1579-d179 @A: 09 21 29 07 | 05
#1580-d179 @A: 09 33 29 13 | 01
#1581-d179 @A: 05 16 13 29 | 11
#1582-d179 @A: 17 07 29 13 | 02
#1583-d179 @A: 29 34 06 14 | 04
#1584-d179 @A: 07 33 22 29 | 10
#1585-d179 @A: 25 30 08 29 | 07
#1586-d179 @A: 02 29 10 16 | 06
#1587-d179 @A: 29 15 19 04 | 03
#1588-d179 @A: 20 12 29 31 | 08
#1589-d179 @A: 34 29 10 04 | 09
#1590-d179 @A: 10 29 05 01 | 12
#1591-d179 @A: 29 03 22 12 | 05
#1592-d179 @A: 11 24 29 32 | 01
#1593-d179 @A: 20 21 13 02 | 11
#1594-d179 @A: 23 21 26 13 | 02
#1595-d179 @A: 21 03 31 14 | 04
#1596-d179 @A: 19 35 14 21 | 10
#1597-d179 @A: 02 21 26 33 | 07
#1598-d179 @A: 21 30 28 20 | 06
#1599-d179 @A: 15 20 34 21 | 03
#1600-d179 @A: 02 21 11 17 | 08
#1601-d179 @A: 04 12 02 21 | 09
#1602-d179 @A: 12 21 35 32 | 12
#1603-d179 @A: 12 03 21 23 | 05
#1604-d179 @A: 06 21 32 24 | 01
#1605-d179 @A: 03 10 06 21 | 11
#1606-d179 @A: 13 22 14 28 | 02
#1607-d179 @A: 31 30 13 03 | 04
#1608-d179 @A: 20 13 16 31 | 10
#1609-d179 @A: 15 13 11 24 | 07
#1610-d179 @A: 27 13 17 02 | 06
#1611-d179 @A: 04 06 20 13 | 03
#1612-d179 @A: 13 26 34 08 | 08
#1613-d179 @A: 24 23 12 13 | 09
#1614-d179 @A: 22 13 25 06 | 12
#1615-d179 @A: 11 10 13 25 | 05
#1616-d179 @A: 33 14 17 34 | 01
#1617-d179 @A: 14 31 22 34 | 11
#1618-d179 @A: 05 19 14 31 | 02
#1619-d179 @A: 24 34 35 14 | 04
#1620-d179 @A: 07 03 14 35 | 10
#1621-d179 @A: 14 22 35 27 | 07
#1622-d179 @A: 24 14 27 06 | 06
#1623-d179 @A: 10 11 14 22 | 03
#1624-d179 @A: 14 23 11 32 | 08
#1625-d179 @A: 14 20 06 10 | 09
#1626-d179 @A: 12 16 15 33 | 12
#1627-d179 @A: 10 33 15 08 | 05
#1628-d179 @A: 35 27 33 32 | 01
#1629-d179 @A: 23 27 26 33 | 11
#1630-d179 @A: 08 32 16 30 | 02
#1631-d179 @A: 09 30 02 20 | 04
#1632-d179 @A: 31 08 01 30 | 10
#1633-d179 @A: 05 30 04 19 | 07
#1634-d179 @A: 35 23 30 32 | 06
#1635-d179 @A: 24 25 30 19 | 03
#1636-d179 @A: 04 16 32 25 | 08
#1637-d179 @A: 06 08 22 16 | 09
#1638-d179 @A: 16 28 19 12 | 12
#1639-d179 @A: 22 12 11 16 | 05
#1640-d179 @A: 15 05 20 17 | 01
#1641-d179 @A: 15 04 05 11 | 11
#1642-d179 @A: 04 07 15 03 | 02
#1643-d179 @A: 15 07 06 35 | 04
#1644-d179 @A: 12 32 25 15 | 10
#1645-d179 @A: 23 15 10 12 | 07
#1646-d179 @A: 05 09 02 35 | 06
#1647-d179 @A: 28 03 02 04 | 03
#1648-d179 @A: 02 04 32 23 | 08
#1649-d179 @A: 27 05 08 02 | 09
#1650-d179 @A: 01 19 02 05 | 12
#1651-d179 @A: 35 02 28 12 | 05
#1652-d179 @A: 26 25 02 23 | 01
#1653-d179 @A: 22 25 32 02 | 11
#1654-d179 @A: 23 03 22 02 | 02
#1655-d179 @A: 06 20 10 02 | 04
#1656-d179 @A: 31 09 17 28 | 10
#1657-d179 @A: 07 08 04 31 | 07
#1658-d179 @A: 34 05 20 31 | 06
#1659-d179 @A: 23 07 06 31 | 03
#1660-d179 @A: 03 20 11 31 | 08
#1661-d179 @A: 17 09 06 24 | 09
#1662-d179 @A: 10 05 06 17 | 12
#1663-d179 @A: 28 03 26 17 | 05
#1664-d179 @A: 19 17 24 12 | 01
#1665-d179 @A: 17 22 23 25 | 11
#1666-d179 @A: 34 03 09 05 | 02
#1667-d179 @A: 27 09 07 23 | 04
#1668-d179 @A: 32 11 26 09 | 10
#1669-d179 @A: 09 03 22 24 | 07
#1670-d179 @A: 11 01 04 12 | 06
#1671-d179 @A: 10 20 04 26 | 03
#1672-d179 @A: 11 27 04 23 | 08
#1673-d179 @A: 24 05 01 34 | 09
#1674-d179 @A: 34 12 27 22 | 12
#1675-d179 @A: 24 34 26 22 | 05
#1676-d179 @A: 26 20 05 08 | 01
#1677-d179 @A: 10 05 25 35 | 11
#1678-d179 @A: 23 12 05 28 | 02
#1679-d179 @A: 05 23 07 19 | 04
#1680-d179 @A: 03 07 20 05 | 10
#1681-d179 @A: 05 20 06 23 | 07
#1682-d179 @A: 08 03 32 22 | 06
#1683-d179 @A: 28 26 22 01 | 03
#1684-d179 @A: 06 01 25 23 | 08
#1685-d179 @A: 01 23 32 07 | 09
#1686-d179 @A: 06 27 11 01 | 12
#1687-d179 @A: 10 03 01 27 | 05
#1688-d179 @A: 32 25 22 20 | 01
#1689-d179 @A: 23 10 25 20 | 11
