#0001-d243 @A: 20 14 30 07 | 04
#0002-d243 @A: 11 25 07 03 | 12
#0003-d243 @A: 05 03 07 30 | 11
#0004-d243 @A: 07 24 11 15 | 02
#0005-d243 @A: 15 21 07 02 | 03
#0006-d243 @A: 34 21 07 32 | 05
#0007-d243 @A: 25 15 07 23 | 08
#0008-d243 @A: 34 15 08 07 | 01
#0009-d243 @A: 05 16 07 26 | 07
#0010-d243 @A: 16 01 12 07 | 06
#0011-d243 @A: 35 13 07 31 | 09
#0012-d243 @A: 06 14 31 07 | 10
#0013-d243 @A: 07 24 35 19 | 04
#0014-d243 @A: 14 19 25 07 | 12
#0015-d243 @A: 24 18 07 02 | 11
#0016-d243 @A: 27 32 25 07 | 02
#0017-d243 @A: 30 20 04 12 | 03
#0018-d243 @A: 20 35 11 16 | 05
#0019-d243 @A: 20 05 11 15 | 08
#0020-d243 @A: 21 26 20 30 | 01
#0021-d243 @A: 31 24 10 20 | 07
#0022-d243 @A: 20 29 23 30 | 06
#0023-d243 @A: 17 12 08 20 | 09
#0024-d243 @A: 14 26 20 31 | 10
#0025-d243 @A: 26 22 20 13 | 04
#0026-d243 @A: 27 20 28 09 | 12
#0027-d243 @A: 19 16 20 31 | 11
#0028-d243 @A: 15 20 31 06 | 02
#0029-d243 @A: 31 20 17 05 | 03
#0030-d243 @A: 20 15 32 30 | 05
#0031-d243 @A: 19 29 20 15 | 08
#0032-d243 @A: 34 20 17 28 | 01
#0033-d243 @A: 20 33 19 01 | 07
#0034-d243 @A: 20 24 27 33 | 06
#0035-d243 @A: 02 25 14 20 | 09
#0036-d243 @A: 33 03 04 10 | 10
#0037-d243 @A: 04 16 02 03 | 04
#0038-d243 @A: 04 14 16 11 | 12
#0039-d243 @A: 04 15 06 11 | 11
#0040-d243 @A: 04 12 10 22 | 02
#0041-d243 @A: 04 09 19 08 | 03
#0042-d243 @A: 08 02 04 30 | 05
#0043-d243 @A: 26 15 04 19 | 08
#0044-d243 @A: 16 04 12 09 | 01
#0045-d243 @A: 34 16 27 04 | 07
#0046-d243 @A: 32 01 16 04 | 06
#0047-d243 @A: 24 04 01 28 | 09
#0048-d243 @A: 27 14 17 04 | 10
#0049-d243 @A: 19 03 11 09 | 04
#0050-d243 @A: 10 35 21 03 | 12
#0051-d243 @A: 03 16 21 29 | 11
#0052-d243 @A: 03 13 21 25 | 02
#0053-d243 @A: 10 14 03 06 | 03
#0054-d243 @A: 09 03 31 08 | 05
#0055-d243 @A: 03 27 08 16 | 08
#0056-d243 @A: 03 12 26 09 | 01
#0057-d243 @A: 17 03 31 19 | 07
#0058-d243 @A: 17 03 15 32 | 06
#0059-d243 @A: 01 34 35 03 | 09
#0060-d243 @A: 03 35 27 12 | 10
#0061-d243 @A: 10 34 19 11 | 04
#0062-d243 @A: 05 02 10 11 | 12
#0063-d243 @A: 11 14 18 10 | 11
#0064-d243 @A: 11 06 34 23 | 02
#0065-d243 @A: 15 11 08 18 | 03
#0066-d243 @A: 05 30 11 09 | 05
#0067-d243 @A: 35 11 25 19 | 08
#0068-d243 @A: 32 11 01 19 | 01
#0069-d243 @A: 27 11 33 35 | 07
#0070-d243 @A: 01 11 18 05 | 06
#0071-d243 @A: 02 11 14 17 | 09
#0072-d243 @A: 32 18 25 11 | 10
#0073-d243 @A: 25 16 23 21 | 04
#0074-d243 @A: 22 27 21 23 | 12
#0075-d243 @A: 18 23 13 21 | 11
#0076-d243 @A: 26 22 05 21 | 02
#0077-d243 @A: 22 09 24 21 | 03
#0078-d243 @A: 35 25 21 31 | 05
#0079-d243 @A: 27 32 13 21 | 08
#0080-d243 @A: 27 21 34 02 | 01
#0081-d243 @A: 17 34 27 21 | 07
#0082-d243 @A: 25 32 21 19 | 06
#0083-d243 @A: 21 12 29 25 | 09
#0084-d243 @A: 27 35 01 21 | 10
#0085-d243 @A: 21 12 18 05 | 04
#0086-d243 @A: 22 25 23 10 | 12
#0087-d243 @A: 01 19 23 10 | 11
#0088-d243 @A: 32 10 08 13 | 02
#0089-d243 @A: 08 18 10 28 | 03
#0090-d243 @A: 22 05 10 15 | 05
#0091-d243 @A: 30 13 10 35 | 08
#0092-d243 @A: 01 13 10 14 | 01
#0093-d243 @A: 14 10 19 29 | 07
#0094-d243 @A: 10 19 35 27 | 06
#0095-d243 @A: 10 06 18 19 | 09
#0096-d243 @A: 24 12 33 10 | 10
#0097-d243 @A: 02 28 35 10 | 04
#0098-d243 @A: 23 15 16 01 | 12
#0099-d243 @A: 28 23 34 22 | 11
#0100-d243 @A: 29 19 23 05 | 02
#0101-d243 @A: 24 23 19 25 | 03
#0102-d243 @A: 29 24 18 23 | 05
#0103-d243 @A: 23 12 06 29 | 08
#0104-d243 @A: 23 14 28 29 | 01
#0105-d243 @A: 23 24 01 06 | 07
#0106-d243 @A: 01 28 33 23 | 06
#0107-d243 @A: 23 05 27 32 | 09
#0108-d243 @A: 23 14 33 12 | 10
#0109-d243 @A: 32 08 26 28 | 04
#0110-d243 @A: 09 08 14 17 | 12
#0111-d243 @A: 16 08 22 29 | 11
#0112-d243 @A: 15 16 08 33 | 02
#0113-d243 @A: 01 16 34 08 | 03
#0114-d243 @A: 01 08 31 13 | 05
#0115-d243 @A: 15 08 13 19 | 08
#0116-d243 @A: 08 19 05 28 | 01
#0117-d243 @A: 35 32 06 08 | 07
#0118-d243 @A: 25 08 02 32 | 06
#0119-d243 @A: 32 16 26 09 | 09
#0120-d243 @A: 30 16 26 17 | 10
#0121-d243 @A: 19 32 26 06 | 04
#0122-d243 @A: 26 02 28 29 | 12
#0123-d243 @A: 32 25 26 05 | 11
#0124-d243 @A: 32 26 33 14 | 02
#0125-d243 @A: 09 30 28 15 | 03
#0126-d243 @A: 32 34 09 25 | 05
#0127-d243 @A: 29 18 28 09 | 08
#0128-d243 @A: 12 09 35 24 | 01
#0129-d243 @A: 02 09 32 24 | 07
#0130-d243 @A: 27 06 09 35 | 06
#0131-d243 @A: 09 28 01 14 | 09
#0132-d243 @A: 05 32 06 09 | 10
#0133-d243 @A: 22 31 16 14 | 04
#0134-d243 @A: 16 30 01 31 | 12
#0135-d243 @A: 16 22 27 15 | 11
#0136-d243 @A: 01 16 33 13 | 02
#0137-d243 @A: 35 18 32 16 | 03
#0138-d243 @A: 31 15 02 13 | 05
#0139-d243 @A: 34 33 28 31 | 08
#0140-d243 @A: 32 31 35 19 | 01
#0141-d243 @A: 31 18 28 35 | 07
#0142-d243 @A: 22 30 34 15 | 06
#0143-d243 @A: 25 30 22 29 | 09
#0144-d243 @A: 06 13 22 02 | 10
#0145-d243 @A: 14 18 29 22 | 04
#0146-d243 @A: 33 22 27 32 | 12
#0147-d243 @A: 30 12 34 13 | 11
#0148-d243 @A: 18 30 34 35 | 02
#0149-d243 @A: 29 05 30 01 | 03
#0150-d243 @A: 05 28 30 06 | 05
#0151-d243 @A: 28 13 14 24 | 08
#0152-d243 @A: 05 02 01 13 | 01
#0153-d243 @A: 15 35 19 12 | 07
#0154-d243 @A: 25 29 15 35 | 06
#0155-d243 @A: 29 18 32 15 | 09
#0156-d243 @A: 14 15 24 12 | 10
#0157-d243 @A: 17 12 15 02 | 04
#0158-d243 @A: 05 24 34 25 | 12
#0159-d243 @A: 32 34 35 17 | 11
#0160-d243 @A: 34 02 25 01 | 02
#0161-d243 @A: 06 14 33 34 | 03
#0162-d243 @A: 19 13 20 07 | 05
#0163-d243 @A: 07 10 04 23 | 08
#0164-d243 @A: 16 03 07 35 | 01
#0165-d243 @A: 31 07 33 03 | 07
#0166-d243 @A: 13 01 11 07 | 06
#0167-d243 @A: 11 07 34 14 | 09
#0168-d243 @A: 21 18 30 07 | 10
#0169-d243 @A: 23 07 01 31 | 04
#0170-d243 @A: 23 07 35 34 | 12
#0171-d243 @A: 08 07 29 31 | 11
#0172-d243 @A: 17 07 30 15 | 02
#0173-d243 @A: 07 30 12 24 | 03
#0174-d243 @A: 35 28 32 07 | 05
#0175-d243 @A: 32 07 25 17 | 08
#0176-d243 @A: 14 28 07 18 | 01
#0177-d243 @A: 20 27 04 22 | 07
#0178-d243 @A: 11 03 20 18 | 06
#0179-d243 @A: 35 03 20 08 | 09
#0180-d243 @A: 20 03 24 09 | 10
#0181-d243 @A: 32 20 34 03 | 04
#0182-d243 @A: 16 27 20 21 | 12
#0183-d243 @A: 20 17 21 15 | 11
#0184-d243 @A: 23 22 06 20 | 02
#0185-d243 @A: 19 20 09 30 | 03
#0186-d243 @A: 16 18 20 28 | 05
#0187-d243 @A: 35 18 20 19 | 08
#0188-d243 @A: 24 32 05 20 | 01
#0189-d243 @A: 24 03 35 04 | 07
#0190-d243 @A: 21 04 25 01 | 06
#0191-d243 @A: 09 27 04 10 | 09
#0192-d243 @A: 22 04 18 16 | 10
#0193-d243 @A: 34 04 12 31 | 04
#0194-d243 @A: 06 04 34 24 | 12
#0195-d243 @A: 02 35 04 29 | 11
#0196-d243 @A: 05 28 04 35 | 02
#0197-d243 @A: 35 06 04 33 | 03
#0198-d243 @A: 11 23 26 03 | 05
#0199-d243 @A: 21 18 26 03 | 08
#0200-d243 @A: 13 29 10 03 | 01
#0201-d243 @A: 17 10 03 13 | 07
#0202-d243 @A: 22 02 03 08 | 06
#0203-d243 @A: 03 17 08 28 | 09
#0204-d243 @A: 01 15 26 03 | 10
#0205-d243 @A: 16 12 15 03 | 04
#0206-d243 @A: 14 03 13 30 | 12
#0207-d243 @A: 02 03 28 30 | 11
#0208-d243 @A: 03 06 13 12 | 02
#0209-d243 @A: 27 03 24 32 | 03
#0210-d243 @A: 03 05 24 28 | 05
#0211-d243 @A: 28 03 06 01 | 08
#0212-d243 @A: 16 11 12 33 | 01
#0213-d243 @A: 05 11 34 13 | 07
#0214-d243 @A: 15 35 11 01 | 06
#0215-d243 @A: 11 25 14 28 | 09
#0216-d243 @A: 35 19 21 26 | 10
#0217-d243 @A: 22 21 31 01 | 04
#0218-d243 @A: 21 35 22 15 | 12
#0219-d243 @A: 19 21 02 14 | 11
#0220-d243 @A: 24 32 21 35 | 02
#0221-d243 @A: 02 18 35 21 | 03
#0222-d243 @A: 01 21 14 33 | 05
#0223-d243 @A: 06 02 25 21 | 08
#0224-d243 @A: 06 17 14 21 | 01
#0225-d243 @A: 21 32 28 18 | 07
#0226-d243 @A: 24 34 10 23 | 06
#0227-d243 @A: 26 13 10 24 | 09
#0228-d243 @A: 16 31 33 10 | 10
#0229-d243 @A: 19 10 24 16 | 04
#0230-d243 @A: 10 17 22 32 | 12
#0231-d243 @A: 28 10 19 33 | 11
#0232-d243 @A: 29 02 18 10 | 02
#0233-d243 @A: 01 27 28 10 | 03
#0234-d243 @A: 32 14 25 10 | 05
#0235-d243 @A: 18 33 10 25 | 08
#0236-d243 @A: 08 23 29 01 | 01
#0237-d243 @A: 19 34 23 30 | 07
#0238-d243 @A: 23 05 17 28 | 06
#0239-d243 @A: 33 08 26 31 | 09
#0240-d243 @A: 32 24 16 08 | 10
#0241-d243 @A: 31 17 27 08 | 04
#0242-d243 @A: 25 22 35 08 | 12
#0243-d243 @A: 13 12 08 05 | 11
#0244-d243 @A: 05 33 08 29 | 02
#0245-d243 @A: 14 08 06 18 | 03
#0246-d243 @A: 28 26 13 12 | 05
#0247-d243 @A: 05 26 13 17 | 08
#0248-d243 @A: 02 01 26 17 | 01
#0249-d243 @A: 24 09 15 16 | 07
#0250-d243 @A: 13 09 17 30 | 06
#0251-d243 @A: 33 09 34 13 | 09
#0252-d243 @A: 13 05 09 29 | 10
#0253-d243 @A: 32 34 16 31 | 04
#0254-d243 @A: 06 12 31 16 | 12
#0255-d243 @A: 30 19 16 15 | 11
#0256-d243 @A: 16 17 32 19 | 02
#0257-d243 @A: 29 02 25 16 | 03
#0258-d243 @A: 06 05 27 16 | 05
#0259-d243 @A: 31 01 15 28 | 08
#0260-d243 @A: 06 24 28 31 | 01
#0261-d243 @A: 31 01 06 35 | 07
#0262-d243 @A: 05 31 33 01 | 06
#0263-d243 @A: 22 29 13 15 | 09
#0264-d243 @A: 01 25 24 22 | 10
#0265-d243 @A: 22 14 25 33 | 04
#0266-d243 @A: 22 25 32 28 | 12
#0267-d243 @A: 24 30 14 17 | 11
#0268-d243 @A: 30 35 28 25 | 02
#0269-d243 @A: 24 19 33 13 | 03
#0270-d243 @A: 32 01 13 17 | 05
#0271-d243 @A: 02 32 14 13 | 08
#0272-d243 @A: 05 25 19 15 | 01
#0273-d243 @A: 18 14 19 15 | 07
#0274-d243 @A: 02 15 29 33 | 06
#0275-d243 @A: 25 15 27 06 | 09
#0276-d243 @A: 15 12 05 33 | 10
#0277-d243 @A: 32 15 05 02 | 04
#0278-d243 @A: 18 28 15 17 | 12
#0279-d243 @A: 24 19 27 34 | 11
#0280-d243 @A: 34 01 12 24 | 02
#0281-d243 @A: 25 34 06 35 | 03
#0282-d243 @A: 18 12 34 02 | 05
#0283-d243 @A: 12 29 28 17 | 08
#0284-d243 @A: 35 17 25 24 | 01
#0285-d243 @A: 35 28 25 17 | 07
#0286-d243 @A: 20 07 12 03 | 06
#0287-d243 @A: 07 21 08 20 | 09
#0288-d243 @A: 07 18 15 20 | 10
#0289-d243 @A: 27 20 35 07 | 04
#0290-d243 @A: 06 22 04 07 | 12
#0291-d243 @A: 04 30 19 07 | 11
#0292-d243 @A: 21 01 03 07 | 02
#0293-d243 @A: 07 21 12 11 | 03
#0294-d243 @A: 22 27 07 10 | 05
#0295-d243 @A: 10 28 15 07 | 08
#0296-d243 @A: 07 26 30 09 | 01
#0297-d243 @A: 22 09 07 02 | 07
#0298-d243 @A: 22 07 15 14 | 06
#0299-d243 @A: 17 07 19 22 | 09
#0300-d243 @A: 07 02 32 29 | 10
#0301-d243 @A: 07 12 32 06 | 04
#0302-d243 @A: 20 04 26 05 | 12
#0303-d243 @A: 20 01 04 31 | 11
#0304-d243 @A: 15 25 04 20 | 02
#0305-d243 @A: 27 03 20 17 | 03
#0306-d243 @A: 11 20 24 22 | 05
#0307-d243 @A: 21 34 20 24 | 08
#0308-d243 @A: 10 19 20 26 | 01
#0309-d243 @A: 23 18 09 20 | 07
#0310-d243 @A: 08 20 14 15 | 06
#0311-d243 @A: 16 34 15 20 | 09
#0312-d243 @A: 20 16 29 14 | 10
#0313-d243 @A: 31 20 02 18 | 04
#0314-d243 @A: 34 35 20 22 | 12
#0315-d243 @A: 28 25 20 19 | 11
#0316-d243 @A: 12 05 20 06 | 02
#0317-d243 @A: 20 33 02 12 | 03
#0318-d243 @A: 27 04 25 03 | 05
#0319-d243 @A: 26 04 31 11 | 08
#0320-d243 @A: 04 15 14 10 | 01
#0321-d243 @A: 28 09 04 23 | 07
#0322-d243 @A: 34 23 02 04 | 06
#0323-d243 @A: 13 04 18 02 | 09
#0324-d243 @A: 13 04 28 17 | 10
#0325-d243 @A: 17 35 12 04 | 04
#0326-d243 @A: 30 11 17 03 | 12
#0327-d243 @A: 11 03 13 32 | 11
#0328-d243 @A: 22 03 12 21 | 02
#0329-d243 @A: 21 05 15 03 | 03
#0330-d243 @A: 03 08 23 10 | 05
#0331-d243 @A: 29 06 22 03 | 08
#0332-d243 @A: 03 19 35 02 | 01
#0333-d243 @A: 19 32 03 28 | 07
#0334-d243 @A: 18 03 32 14 | 06
#0335-d243 @A: 01 11 08 21 | 09
#0336-d243 @A: 31 02 11 08 | 10
#0337-d243 @A: 29 24 11 08 | 04
#0338-d243 @A: 14 11 26 09 | 12
#0339-d243 @A: 11 25 26 16 | 11
#0340-d243 @A: 26 11 15 34 | 02
#0341-d243 @A: 29 31 13 11 | 03
#0342-d243 @A: 22 29 11 34 | 05
#0343-d243 @A: 11 14 05 19 | 08
#0344-d243 @A: 32 24 12 11 | 01
#0345-d243 @A: 06 11 35 28 | 07
#0346-d243 @A: 10 21 08 27 | 06
#0347-d243 @A: 06 26 08 21 | 09
#0348-d243 @A: 01 09 26 21 | 10
#0349-d243 @A: 33 21 30 09 | 04
#0350-d243 @A: 09 21 06 29 | 12
#0351-d243 @A: 21 09 17 35 | 11
#0352-d243 @A: 21 01 16 18 | 02
#0353-d243 @A: 22 28 13 21 | 03
#0354-d243 @A: 34 21 22 25 | 05
#0355-d243 @A: 30 21 13 05 | 08
#0356-d243 @A: 29 28 30 21 | 01
#0357-d243 @A: 21 06 19 28 | 07
#0358-d243 @A: 21 24 25 18 | 06
#0359-d243 @A: 12 14 35 21 | 09
#0360-d243 @A: 21 12 01 28 | 10
#0361-d243 @A: 28 21 02 33 | 04
#0362-d243 @A: 10 35 32 23 | 12
#0363-d243 @A: 23 25 17 10 | 11
#0364-d243 @A: 10 08 34 06 | 02
#0365-d243 @A: 10 34 26 35 | 03
#0366-d243 @A: 16 13 12 10 | 05
#0367-d243 @A: 25 10 13 34 | 08
#0368-d243 @A: 15 10 06 17 | 01
#0369-d243 @A: 02 32 27 10 | 07
#0370-d243 @A: 26 27 16 23 | 06
#0371-d243 @A: 23 15 34 31 | 09
#0372-d243 @A: 18 22 15 23 | 10
#0373-d243 @A: 23 17 22 33 | 04
#0374-d243 @A: 30 15 12 23 | 12
#0375-d243 @A: 35 15 13 23 | 11
#0376-d243 @A: 23 17 29 13 | 02
#0377-d243 @A: 33 05 23 24 | 03
#0378-d243 @A: 23 35 01 05 | 05
#0379-d243 @A: 32 23 25 06 | 08
#0380-d243 @A: 08 34 26 29 | 01
#0381-d243 @A: 22 05 08 31 | 07
#0382-d243 @A: 34 28 08 30 | 06
#0383-d243 @A: 13 08 29 35 | 09
#0384-d243 @A: 12 27 08 32 | 10
#0385-d243 @A: 02 17 32 08 | 04
#0386-d243 @A: 09 27 26 13 | 12
#0387-d243 @A: 34 09 02 26 | 11
#0388-d243 @A: 31 26 34 01 | 02
#0389-d243 @A: 15 02 30 26 | 03
#0390-d243 @A: 26 35 24 33 | 05
#0391-d243 @A: 26 14 05 27 | 08
#0392-d243 @A: 09 30 18 16 | 01
#0393-d243 @A: 12 31 09 30 | 07
#0394-d243 @A: 06 31 17 16 | 06
#0395-d243 @A: 06 22 16 34 | 09
#0396-d243 @A: 24 34 16 30 | 10
#0397-d243 @A: 29 01 17 16 | 04
#0398-d243 @A: 16 28 27 35 | 12
#0399-d243 @A: 24 02 31 01 | 11
#0400-d243 @A: 24 02 31 17 | 02
#0401-d243 @A: 14 35 31 33 | 03
#0402-d243 @A: 22 28 12 19 | 05
#0403-d243 @A: 25 06 19 22 | 08
#0404-d243 @A: 22 32 12 35 | 01
#0405-d243 @A: 29 14 30 33 | 07
#0406-d243 @A: 30 14 32 35 | 06
#0407-d243 @A: 06 33 01 30 | 09
#0408-d243 @A: 30 14 02 06 | 10
#0409-d243 @A: 25 29 24 13 | 04
#0410-d243 @A: 13 24 17 12 | 12
#0411-d243 @A: 13 35 14 18 | 11
#0412-d243 @A: 13 27 28 18 | 02
#0413-d243 @A: 06 13 25 17 | 03
#0414-d243 @A: 32 34 27 15 | 05
#0415-d243 @A: 15 19 17 29 | 08
#0416-d243 @A: 15 27 28 19 | 01
#0417-d243 @A: 32 14 15 06 | 07
#0418-d243 @A: 33 19 34 25 | 06
#0419-d243 @A: 05 27 34 29 | 09
#0420-d243 @A: 34 27 01 33 | 10
#0421-d243 @A: 28 34 27 06 | 04
#0422-d243 @A: 18 14 29 17 | 12
#0423-d243 @A: 05 35 02 17 | 11
#0424-d243 @A: 29 20 07 10 | 02
#0425-d243 @A: 20 07 23 05 | 03
#0426-d243 @A: 04 24 07 16 | 05
#0427-d243 @A: 19 03 22 07 | 08
#0428-d243 @A: 03 15 06 07 | 01
#0429-d243 @A: 32 10 31 07 | 07
#0430-d243 @A: 35 07 10 06 | 06
#0431-d243 @A: 23 29 07 22 | 09
#0432-d243 @A: 16 07 08 13 | 10
#0433-d243 @A: 22 08 24 07 | 04
#0434-d243 @A: 13 07 26 06 | 12
#0435-d243 @A: 07 17 26 35 | 11
#0436-d243 @A: 13 09 07 32 | 02
#0437-d243 @A: 16 27 07 18 | 03
#0438-d243 @A: 12 07 13 18 | 05
#0439-d243 @A: 07 15 19 32 | 08
#0440-d243 @A: 32 07 24 33 | 01
#0441-d243 @A: 35 02 07 33 | 07
#0442-d243 @A: 32 01 07 14 | 06
#0443-d243 @A: 07 17 27 12 | 09
#0444-d243 @A: 25 12 02 07 | 10
#0445-d243 @A: 19 20 03 04 | 04
#0446-d243 @A: 23 03 13 20 | 12
#0447-d243 @A: 28 23 26 20 | 11
#0448-d243 @A: 20 35 32 26 | 02
#0449-d243 @A: 18 20 25 26 | 03
#0450-d243 @A: 17 26 20 33 | 05
#0451-d243 @A: 30 25 20 16 | 08
#0452-d243 @A: 20 22 31 29 | 01
#0453-d243 @A: 35 31 20 30 | 07
#0454-d243 @A: 22 20 02 15 | 06
#0455-d243 @A: 20 13 18 24 | 09
#0456-d243 @A: 13 06 33 20 | 10
#0457-d243 @A: 29 12 20 34 | 04
#0458-d243 @A: 20 12 35 01 | 12
#0459-d243 @A: 01 18 20 27 | 11
#0460-d243 @A: 03 04 21 06 | 02
#0461-d243 @A: 25 10 04 11 | 03
#0462-d243 @A: 30 32 04 21 | 05
#0463-d243 @A: 04 19 21 34 | 08
#0464-d243 @A: 04 10 30 05 | 01
#0465-d243 @A: 04 16 13 23 | 07
#0466-d243 @A: 12 04 19 23 | 06
#0467-d243 @A: 31 04 08 35 | 09
#0468-d243 @A: 09 22 04 25 | 10
#0469-d243 @A: 01 31 04 17 | 04
#0470-d243 @A: 30 35 15 04 | 12
#0471-d243 @A: 24 33 15 04 | 11
#0472-d243 @A: 04 19 24 02 | 02
#0473-d243 @A: 12 35 04 25 | 03
#0474-d243 @A: 04 14 25 06 | 05
#0475-d243 @A: 35 03 30 11 | 08
#0476-d243 @A: 02 03 09 21 | 01
#0477-d243 @A: 03 05 31 10 | 07
#0478-d243 @A: 09 03 01 23 | 06
#0479-d243 @A: 31 23 35 03 | 09
#0480-d243 @A: 23 18 30 03 | 10
#0481-d243 @A: 19 08 26 03 | 04
#0482-d243 @A: 03 09 33 27 | 12
#0483-d243 @A: 32 35 03 25 | 11
#0484-d243 @A: 18 28 12 03 | 02
#0485-d243 @A: 25 18 03 17 | 03
#0486-d243 @A: 21 02 11 23 | 05
#0487-d243 @A: 35 11 21 09 | 08
#0488-d243 @A: 24 11 23 14 | 01
#0489-d243 @A: 11 33 08 17 | 07
#0490-d243 @A: 11 27 26 19 | 06
#0491-d243 @A: 22 11 16 13 | 09
#0492-d243 @A: 16 15 11 32 | 10
#0493-d243 @A: 16 11 18 34 | 04
#0494-d243 @A: 11 25 31 24 | 12
#0495-d243 @A: 19 11 17 13 | 11
#0496-d243 @A: 11 17 05 29 | 02
#0497-d243 @A: 33 01 11 24 | 03
#0498-d243 @A: 11 14 06 12 | 05
#0499-d243 @A: 30 21 10 25 | 08
#0500-d243 @A: 26 21 14 23 | 01
#0501-d243 @A: 19 21 15 23 | 07
#0502-d243 @A: 27 33 18 21 | 06
#0503-d243 @A: 31 23 10 27 | 09
#0504-d243 @A: 10 02 09 08 | 10
#0505-d243 @A: 31 26 17 10 | 04
#0506-d243 @A: 26 22 28 10 | 12
#0507-d243 @A: 10 12 25 09 | 11
#0508-d243 @A: 30 10 31 29 | 02
#0509-d243 @A: 10 02 06 24 | 03
#0510-d243 @A: 33 14 05 10 | 05
#0511-d243 @A: 23 30 26 05 | 08
#0512-d243 @A: 22 14 09 23 | 01
#0513-d243 @A: 34 16 12 23 | 07
#0514-d243 @A: 23 05 34 18 | 06
#0515-d243 @A: 23 19 06 35 | 09
#0516-d243 @A: 19 32 23 18 | 10
#0517-d243 @A: 28 12 23 32 | 04
#0518-d243 @A: 35 15 26 08 | 12
#0519-d243 @A: 26 25 17 08 | 11
#0520-d243 @A: 28 35 08 09 | 02
#0521-d243 @A: 08 06 33 09 | 03
#0522-d243 @A: 16 08 31 28 | 05
#0523-d243 @A: 31 14 08 30 | 08
#0524-d243 @A: 08 15 12 31 | 01
#0525-d243 @A: 08 15 17 22 | 07
#0526-d243 @A: 01 08 19 06 | 06
#0527-d243 @A: 24 08 35 02 | 09
#0528-d243 @A: 12 18 08 01 | 10
#0529-d243 @A: 15 17 26 09 | 04
#0530-d243 @A: 29 09 33 26 | 12
#0531-d243 @A: 02 26 31 16 | 11
#0532-d243 @A: 16 29 13 26 | 02
#0533-d243 @A: 26 22 34 27 | 03
#0534-d243 @A: 06 05 34 26 | 05
#0535-d243 @A: 24 26 19 29 | 08
#0536-d243 @A: 19 01 02 26 | 01
#0537-d243 @A: 33 19 05 26 | 07
#0538-d243 @A: 09 31 16 29 | 06
#0539-d243 @A: 27 09 01 16 | 09
#0540-d243 @A: 13 09 28 02 | 10
#0541-d243 @A: 35 05 14 09 | 04
#0542-d243 @A: 09 12 05 01 | 12
#0543-d243 @A: 17 33 09 32 | 11
#0544-d243 @A: 19 22 35 16 | 02
#0545-d243 @A: 16 14 02 15 | 03
#0546-d243 @A: 29 16 12 19 | 05
#0547-d243 @A: 16 05 14 18 | 08
#0548-d243 @A: 30 31 25 06 | 01
#0549-d243 @A: 19 18 31 01 | 07
#0550-d243 @A: 24 14 31 32 | 06
#0551-d243 @A: 31 33 27 02 | 09
#0552-d243 @A: 12 31 25 28 | 10
#0553-d243 @A: 31 14 33 17 | 04
#0554-d243 @A: 12 30 14 22 | 12
#0555-d243 @A: 17 22 12 30 | 11
#0556-d243 @A: 22 13 34 01 | 02
#0557-d243 @A: 34 24 33 22 | 03
#0558-d243 @A: 29 35 28 22 | 05
#0559-d243 @A: 12 33 22 29 | 08
#0560-d243 @A: 28 17 27 22 | 01
#0561-d243 @A: 19 18 02 30 | 07
#0562-d243 @A: 01 30 17 06 | 06
#0563-d243 @A: 32 30 33 02 | 09
#0564-d243 @A: 13 27 17 15 | 10
#0565-d243 @A: 27 13 12 02 | 04
#0566-d243 @A: 15 19 24 01 | 12
#0567-d243 @A: 35 02 15 06 | 11
#0568-d243 @A: 15 35 14 28 | 02
#0569-d243 @A: 06 19 12 34 | 03
#0570-d243 @A: 28 25 34 29 | 05
#0571-d243 @A: 34 27 18 25 | 08
#0572-d243 @A: 05 34 02 33 | 01
#0573-d243 @A: 04 29 03 07 | 07
#0574-d243 @A: 07 01 26 04 | 06
#0575-d243 @A: 31 07 09 04 | 09
#0576-d243 @A: 03 08 07 18 | 10
#0577-d243 @A: 21 07 25 28 | 04
#0578-d243 @A: 24 31 26 07 | 12
#0579-d243 @A: 07 26 35 14 | 11
#0580-d243 @A: 06 07 18 09 | 02
#0581-d243 @A: 31 16 07 25 | 03
#0582-d243 @A: 30 34 25 07 | 05
#0583-d243 @A: 33 14 07 13 | 08
#0584-d243 @A: 19 01 07 28 | 01
#0585-d243 @A: 12 27 07 19 | 07
#0586-d243 @A: 07 05 35 12 | 06
#0587-d243 @A: 07 14 02 27 | 09
#0588-d243 @A: 21 20 04 02 | 10
#0589-d243 @A: 18 20 04 34 | 04
#0590-d243 @A: 20 04 06 17 | 12
#0591-d243 @A: 10 25 03 20 | 11
#0592-d243 @A: 16 20 03 01 | 02
#0593-d243 @A: 27 20 03 06 | 03
#0594-d243 @A: 10 27 11 20 | 05
#0595-d243 @A: 25 20 11 13 | 08
#0596-d243 @A: 21 20 09 25 | 01
#0597-d243 @A: 01 20 26 08 | 07
#0598-d243 @A: 20 08 32 33 | 06
#0599-d243 @A: 26 09 20 06 | 09
#0600-d243 @A: 09 20 05 31 | 10
#0601-d243 @A: 09 20 12 15 | 04
#0602-d243 @A: 01 20 30 34 | 12
#0603-d243 @A: 01 15 13 20 | 11
#0604-d243 @A: 20 12 19 14 | 02
#0605-d243 @A: 28 20 33 29 | 03
#0606-d243 @A: 25 20 35 33 | 05
#0607-d243 @A: 03 26 17 04 | 08
#0608-d243 @A: 19 11 04 18 | 01
#0609-d243 @A: 16 04 31 21 | 07
#0610-d243 @A: 22 30 23 04 | 06
#0611-d243 @A: 04 32 23 14 | 09
#0612-d243 @A: 08 04 17 30 | 10
#0613-d243 @A: 04 13 15 28 | 04
#0614-d243 @A: 05 04 27 02 | 12
#0615-d243 @A: 14 03 21 34 | 11
#0616-d243 @A: 03 18 10 16 | 02
#0617-d243 @A: 17 03 23 09 | 03
#0618-d243 @A: 23 02 03 12 | 05
#0619-d243 @A: 24 08 13 03 | 08
#0620-d243 @A: 03 08 34 05 | 01
#0621-d243 @A: 22 26 35 03 | 07
#0622-d243 @A: 24 31 16 03 | 06
#0623-d243 @A: 19 03 31 34 | 09
#0624-d243 @A: 03 31 14 12 | 10
#0625-d243 @A: 03 24 17 34 | 04
#0626-d243 @A: 29 03 12 01 | 12
#0627-d243 @A: 12 24 03 25 | 11
#0628-d243 @A: 03 14 28 27 | 02
#0629-d243 @A: 18 11 22 21 | 03
#0630-d243 @A: 11 21 29 15 | 05
#0631-d243 @A: 15 19 22 11 | 08
#0632-d243 @A: 11 27 22 25 | 01
#0633-d243 @A: 11 12 02 22 | 07
#0634-d243 @A: 11 28 30 13 | 06
#0635-d243 @A: 15 12 13 11 | 09
#0636-d243 @A: 11 24 13 02 | 10
#0637-d243 @A: 24 28 19 11 | 04
#0638-d243 @A: 12 01 11 25 | 12
#0639-d243 @A: 11 05 28 33 | 11
#0640-d243 @A: 05 10 19 21 | 02
#0641-d243 @A: 35 30 21 23 | 03
#0642-d243 @A: 13 09 08 21 | 05
#0643-d243 @A: 06 15 16 21 | 08
#0644-d243 @A: 29 34 21 31 | 01
#0645-d243 @A: 30 05 17 21 | 07
#0646-d243 @A: 29 24 21 33 | 06
#0647-d243 @A: 08 31 10 25 | 09
#0648-d243 @A: 26 01 30 10 | 10
#0649-d243 @A: 01 09 31 10 | 04
#0650-d243 @A: 30 14 09 10 | 12
#0651-d243 @A: 16 30 27 10 | 11
#0652-d243 @A: 10 06 05 29 | 02
#0653-d243 @A: 17 02 10 24 | 03
#0654-d243 @A: 17 10 33 28 | 05
#0655-d243 @A: 23 31 06 08 | 08
#0656-d243 @A: 34 23 32 26 | 01
#0657-d243 @A: 09 34 23 29 | 07
#0658-d243 @A: 16 30 14 23 | 06
#0659-d243 @A: 23 24 06 17 | 09
#0660-d243 @A: 35 14 23 25 | 10
#0661-d243 @A: 14 18 23 01 | 04
#0662-d243 @A: 14 23 05 02 | 12
#0663-d243 @A: 02 06 33 23 | 11
#0664-d243 @A: 28 18 06 23 | 02
#0665-d243 @A: 08 12 35 16 | 03
#0666-d243 @A: 29 17 24 08 | 05
#0667-d243 @A: 29 08 12 02 | 08
#0668-d243 @A: 08 27 05 24 | 01
#0669-d243 @A: 02 08 18 33 | 07
#0670-d243 @A: 13 26 18 34 | 06
#0671-d243 @A: 01 25 29 26 | 09
#0672-d243 @A: 01 05 24 26 | 10
#0673-d243 @A: 27 26 32 01 | 04
#0674-d243 @A: 18 26 28 05 | 12
#0675-d243 @A: 26 06 28 17 | 11
#0676-d243 @A: 25 09 16 13 | 02
#0677-d243 @A: 24 09 31 27 | 03
#0678-d243 @A: 22 09 35 30 | 05
#0679-d243 @A: 34 30 09 27 | 08
#0680-d243 @A: 09 27 18 14 | 01
#0681-d243 @A: 32 33 09 28 | 07
#0682-d243 @A: 16 18 13 15 | 06
#0683-d243 @A: 16 29 05 28 | 09
#0684-d243 @A: 18 24 16 12 | 10
#0685-d243 @A: 01 35 02 16 | 04
#0686-d243 @A: 33 15 31 30 | 12
#0687-d243 @A: 31 32 28 27 | 11
#0688-d243 @A: 33 25 31 32 | 02
#0689-d243 @A: 29 22 17 27 | 03
#0690-d243 @A: 22 35 24 06 | 05
#0691-d243 @A: 22 27 12 06 | 08
#0692-d243 @A: 19 29 30 35 | 01
#0693-d243 @A: 18 32 27 30 | 07
#0694-d243 @A: 13 14 06 19 | 06
#0695-d243 @A: 13 32 05 28 | 09
#0696-d243 @A: 24 35 34 15 | 10
#0697-d243 @A: 15 34 01 06 | 04
#0698-d243 @A: 05 29 24 15 | 12
#0699-d243 @A: 15 32 12 01 | 11
#0700-d243 @A: 28 02 15 12 | 02
#0701-d243 @A: 34 14 27 35 | 03
#0702-d243 @A: 07 02 26 20 | 05
#0703-d243 @A: 04 07 35 21 | 08
#0704-d243 @A: 04 15 12 07 | 01
#0705-d243 @A: 03 02 07 17 | 07
#0706-d243 @A: 11 07 35 22 | 06
#0707-d243 @A: 11 07 27 05 | 09
#0708-d243 @A: 07 10 25 26 | 10
#0709-d243 @A: 30 07 23 28 | 04
#0710-d243 @A: 26 22 18 07 | 12
#0711-d243 @A: 31 27 15 07 | 11
#0712-d243 @A: 25 13 07 22 | 02
#0713-d243 @A: 06 30 27 07 | 03
#0714-d243 @A: 07 14 12 29 | 05
#0715-d243 @A: 07 24 17 28 | 08
#0716-d243 @A: 07 01 25 35 | 01
#0717-d243 @A: 35 07 06 17 | 07
#0718-d243 @A: 05 28 07 02 | 06
#0719-d243 @A: 23 35 04 20 | 09
#0720-d243 @A: 24 04 20 08 | 10
#0721-d243 @A: 21 14 11 20 | 04
#0722-d243 @A: 20 21 12 10 | 12
#0723-d243 @A: 20 23 10 14 | 11
#0724-d243 @A: 13 20 10 09 | 02
#0725-d243 @A: 33 20 10 22 | 03
#0726-d243 @A: 27 23 34 20 | 05
#0727-d243 @A: 24 20 17 09 | 08
#0728-d243 @A: 18 20 29 05 | 01
#0729-d243 @A: 24 20 12 28 | 07
#0730-d243 @A: 14 20 06 35 | 06
#0731-d243 @A: 32 20 28 01 | 09
#0732-d243 @A: 12 20 32 18 | 10
#0733-d243 @A: 18 33 14 20 | 04
#0734-d243 @A: 04 09 03 18 | 12
#0735-d243 @A: 03 04 28 31 | 11
#0736-d243 @A: 04 11 32 09 | 02
#0737-d243 @A: 34 35 11 04 | 03
#0738-d243 @A: 26 04 27 21 | 05
#0739-d243 @A: 04 21 13 12 | 08
#0740-d243 @A: 10 26 02 04 | 01
#0741-d243 @A: 19 13 10 04 | 07
#0742-d243 @A: 23 26 04 06 | 06
#0743-d243 @A: 22 04 24 26 | 09
#0744-d243 @A: 26 13 32 04 | 10
#0745-d243 @A: 31 05 04 13 | 04
#0746-d243 @A: 04 34 17 22 | 12
#0747-d243 @A: 29 13 04 34 | 11
#0748-d243 @A: 19 04 32 33 | 02
#0749-d243 @A: 33 01 04 12 | 03
#0750-d243 @A: 12 02 06 04 | 05
#0751-d243 @A: 05 04 25 33 | 08
#0752-d243 @A: 03 15 02 11 | 01
#0753-d243 @A: 11 34 03 12 | 07
#0754-d243 @A: 03 23 21 28 | 06
#0755-d243 @A: 03 21 19 33 | 09
#0756-d243 @A: 03 17 01 21 | 10
#0757-d243 @A: 03 12 10 30 | 04
#0758-d243 @A: 03 23 15 14 | 12
#0759-d243 @A: 23 03 25 34 | 11
#0760-d243 @A: 28 08 29 03 | 02
#0761-d243 @A: 03 26 13 05 | 03
#0762-d243 @A: 26 24 34 03 | 05
#0763-d243 @A: 03 05 09 16 | 08
#0764-d243 @A: 13 18 03 31 | 01
#0765-d243 @A: 17 06 03 22 | 07
#0766-d243 @A: 15 03 30 27 | 06
#0767-d243 @A: 10 32 11 21 | 09
#0768-d243 @A: 23 35 11 08 | 10
#0769-d243 @A: 16 23 11 29 | 04
#0770-d243 @A: 31 11 33 09 | 12
#0771-d243 @A: 34 31 27 11 | 11
#0772-d243 @A: 22 32 11 14 | 02
#0773-d243 @A: 30 19 11 12 | 03
#0774-d243 @A: 15 17 11 05 | 05
#0775-d243 @A: 33 11 29 19 | 08
#0776-d243 @A: 11 35 29 12 | 01
#0777-d243 @A: 05 06 11 24 | 07
#0778-d243 @A: 11 28 02 18 | 06
#0779-d243 @A: 02 16 21 08 | 09
#0780-d243 @A: 08 21 14 22 | 10
#0781-d243 @A: 29 26 21 17 | 04
#0782-d243 @A: 21 16 28 24 | 12
#0783-d243 @A: 16 35 33 21 | 11
#0784-d243 @A: 14 15 30 21 | 02
#0785-d243 @A: 12 24 19 21 | 03
#0786-d243 @A: 10 33 23 30 | 05
#0787-d243 @A: 24 15 08 10 | 08
#0788-d243 @A: 06 16 26 10 | 01
#0789-d243 @A: 15 32 26 10 | 07
#0790-d243 @A: 09 18 24 10 | 06
#0791-d243 @A: 10 05 32 16 | 09
#0792-d243 @A: 22 10 13 18 | 10
#0793-d243 @A: 17 34 10 30 | 04
#0794-d243 @A: 23 08 27 09 | 12
#0795-d243 @A: 15 23 08 32 | 11
#0796-d243 @A: 23 08 17 19 | 02
#0797-d243 @A: 01 12 23 22 | 03
#0798-d243 @A: 30 32 24 23 | 05
#0799-d243 @A: 12 23 24 13 | 08
#0800-d243 @A: 02 23 01 32 | 01
#0801-d243 @A: 18 23 17 12 | 07
#0802-d243 @A: 16 09 14 08 | 06
#0803-d243 @A: 31 32 08 18 | 09
#0804-d243 @A: 27 30 22 08 | 10
#0805-d243 @A: 22 12 34 08 | 04
#0806-d243 @A: 18 08 13 30 | 12
#0807-d243 @A: 17 06 08 34 | 11
#0808-d243 @A: 08 24 12 06 | 02
#0809-d243 @A: 14 01 08 35 | 03
#0810-d243 @A: 16 26 30 35 | 05
#0811-d243 @A: 28 26 16 15 | 08
#0812-d243 @A: 16 26 19 34 | 01
#0813-d243 @A: 05 31 15 26 | 07
#0814-d243 @A: 29 26 30 27 | 06
#0815-d243 @A: 26 19 12 18 | 09
#0816-d243 @A: 01 26 28 35 | 10
#0817-d243 @A: 26 33 18 01 | 04
#0818-d243 @A: 31 14 09 13 | 12
#0819-d243 @A: 22 15 01 09 | 11
#0820-d243 @A: 17 05 09 22 | 02
#0821-d243 @A: 30 09 29 24 | 03
#0822-d243 @A: 02 09 28 17 | 05
#0823-d243 @A: 22 14 16 17 | 08
#0824-d243 @A: 16 12 17 34 | 01
#0825-d243 @A: 16 24 33 02 | 07
#0826-d243 @A: 05 25 17 16 | 06
#0827-d243 @A: 31 13 06 34 | 09
#0828-d243 @A: 17 19 28 30 | 10
#0829-d243 @A: 06 24 30 18 | 04
#0830-d243 @A: 14 13 29 27 | 12
#0831-d243 @A: 13 06 05 25 | 11
#0832-d243 @A: 15 35 33 32 | 02
#0833-d243 @A: 05 34 35 19 | 03
#0834-d243 @A: 01 14 34 19 | 05
#0835-d243 @A: 35 33 34 29 | 08
#0836-d243 @A: 32 01 34 05 | 01
#0837-d243 @A: 12 34 32 33 | 07
#0838-d243 @A: 33 25 29 17 | 06
#0839-d243 @A: 17 06 33 02 | 09
#0840-d243 @A: 20 09 07 16 | 10
#0841-d243 @A: 34 07 28 04 | 04
#0842-d243 @A: 07 03 10 02 | 12
#0843-d243 @A: 21 10 13 07 | 11
#0844-d243 @A: 33 07 17 21 | 02
#0845-d243 @A: 07 19 10 09 | 03
#0846-d243 @A: 05 10 07 24 | 05
#0847-d243 @A: 23 14 08 07 | 08
#0848-d243 @A: 28 07 22 16 | 01
#0849-d243 @A: 34 16 07 02 | 07
#0850-d243 @A: 29 01 07 33 | 06
#0851-d243 @A: 28 07 33 12 | 09
#0852-d243 @A: 33 07 06 25 | 10
#0853-d243 @A: 04 20 10 28 | 04
#0854-d243 @A: 30 33 20 03 | 12
#0855-d243 @A: 23 11 20 19 | 11
#0856-d243 @A: 28 21 35 20 | 02
#0857-d243 @A: 18 20 06 21 | 03
#0858-d243 @A: 20 16 08 10 | 05
#0859-d243 @A: 19 10 20 17 | 08
#0860-d243 @A: 01 02 10 20 | 01
#0861-d243 @A: 16 20 26 24 | 07
#0862-d243 @A: 20 32 22 09 | 06
#0863-d243 @A: 12 13 31 20 | 09
#0864-d243 @A: 17 30 18 20 | 10
#0865-d243 @A: 34 28 20 13 | 04
#0866-d243 @A: 06 20 01 29 | 12
#0867-d243 @A: 20 25 17 01 | 11
#0868-d243 @A: 03 34 15 04 | 02
#0869-d243 @A: 11 04 24 30 | 03
#0870-d243 @A: 04 17 11 24 | 05
#0871-d243 @A: 29 21 04 22 | 08
#0872-d243 @A: 24 23 31 04 | 01
#0873-d243 @A: 23 27 15 04 | 07
#0874-d243 @A: 01 19 27 04 | 06
#0875-d243 @A: 35 01 18 04 | 09
#0876-d243 @A: 05 17 32 04 | 10
#0877-d243 @A: 06 04 28 32 | 04
#0878-d243 @A: 33 03 22 23 | 12
#0879-d243 @A: 27 03 19 23 | 11
#0880-d243 @A: 01 30 03 08 | 02
#0881-d243 @A: 19 13 16 03 | 03
#0882-d243 @A: 22 13 03 27 | 05
#0883-d243 @A: 34 03 29 30 | 08
#0884-d243 @A: 13 03 34 02 | 01
#0885-d243 @A: 19 18 03 29 | 07
#0886-d243 @A: 35 33 03 28 | 06
#0887-d243 @A: 25 03 05 14 | 09
#0888-d243 @A: 33 03 17 05 | 10
#0889-d243 @A: 25 18 06 03 | 04
#0890-d243 @A: 11 17 16 21 | 12
#0891-d243 @A: 34 21 33 11 | 11
#0892-d243 @A: 16 01 11 10 | 02
#0893-d243 @A: 10 11 06 13 | 03
#0894-d243 @A: 11 05 08 26 | 05
#0895-d243 @A: 25 08 34 11 | 08
#0896-d243 @A: 34 11 32 30 | 01
#0897-d243 @A: 01 17 11 34 | 07
#0898-d243 @A: 18 27 29 11 | 06
#0899-d243 @A: 28 11 12 27 | 09
#0900-d243 @A: 06 11 28 17 | 10
#0901-d243 @A: 16 21 12 26 | 04
#0902-d243 @A: 34 21 28 26 | 12
#0903-d243 @A: 21 19 18 09 | 11
#0904-d243 @A: 21 05 16 34 | 02
#0905-d243 @A: 24 13 21 01 | 03
#0906-d243 @A: 06 35 21 13 | 05
#0907-d243 @A: 02 29 01 21 | 08
#0908-d243 @A: 06 12 33 21 | 01
#0909-d243 @A: 13 23 05 10 | 07
#0910-d243 @A: 09 22 29 10 | 06
#0911-d243 @A: 19 31 22 10 | 09
#0912-d243 @A: 28 13 31 10 | 10
#0913-d243 @A: 35 10 22 14 | 04
#0914-d243 @A: 10 19 12 32 | 12
#0915-d243 @A: 25 23 08 30 | 11
#0916-d243 @A: 23 24 09 26 | 02
#0917-d243 @A: 15 23 29 26 | 03
#0918-d243 @A: 18 23 16 31 | 05
#0919-d243 @A: 19 16 23 33 | 08
#0920-d243 @A: 23 17 31 15 | 01
#0921-d243 @A: 02 23 31 29 | 07
#0922-d243 @A: 19 28 02 23 | 06
#0923-d243 @A: 27 23 29 35 | 09
#0924-d243 @A: 23 28 35 24 | 10
#0925-d243 @A: 26 22 09 08 | 04
#0926-d243 @A: 17 08 35 01 | 12
#0927-d243 @A: 27 35 18 08 | 11
#0928-d243 @A: 08 01 25 27 | 02
#0929-d243 @A: 05 02 08 06 | 03
#0930-d243 @A: 26 15 09 18 | 05
#0931-d243 @A: 26 15 22 12 | 08
#0932-d243 @A: 34 14 30 26 | 01
#0933-d243 @A: 25 19 30 26 | 07
#0934-d243 @A: 26 25 27 35 | 06
#0935-d243 @A: 26 12 33 27 | 09
#0936-d243 @A: 34 16 28 09 | 10
#0937-d243 @A: 25 29 09 19 | 04
#0938-d243 @A: 09 19 05 24 | 12
#0939-d243 @A: 17 06 09 29 | 11
#0940-d243 @A: 33 25 09 24 | 02
#0941-d243 @A: 25 35 18 09 | 03
#0942-d243 @A: 01 09 18 32 | 05
#0943-d243 @A: 18 33 12 09 | 08
#0944-d243 @A: 18 05 02 09 | 01
#0945-d243 @A: 31 16 35 15 | 07
#0946-d243 @A: 13 16 28 06 | 06
#0947-d243 @A: 16 14 33 28 | 09
#0948-d243 @A: 31 22 34 02 | 10
#0949-d243 @A: 32 22 31 06 | 04
#0950-d243 @A: 29 18 31 25 | 12
#0951-d243 @A: 31 05 35 24 | 11
#0952-d243 @A: 14 25 31 01 | 02
#0953-d243 @A: 05 31 27 25 | 03
#0954-d243 @A: 29 12 30 18 | 05
#0955-d243 @A: 27 24 25 30 | 08
#0956-d243 @A: 17 33 30 35 | 01
#0957-d243 @A: 14 25 30 18 | 07
#0958-d243 @A: 19 13 18 05 | 06
#0959-d243 @A: 24 13 27 35 | 09
#0960-d243 @A: 13 25 35 02 | 10
#0961-d243 @A: 15 19 02 34 | 04
#0962-d243 @A: 12 15 25 34 | 12
#0963-d243 @A: 18 33 15 34 | 11
#0964-d243 @A: 24 32 29 34 | 02
#0965-d243 @A: 18 34 01 29 | 03
#0966-d243 @A: 06 34 29 02 | 05
#0967-d243 @A: 28 02 24 34 | 08
#0968-d243 @A: 34 35 12 28 | 01
#0969-d243 @A: 34 05 17 14 | 07
#0970-d243 @A: 24 05 17 19 | 06
#0971-d243 @A: 05 17 01 12 | 09
#0972-d243 @A: 17 05 06 27 | 10
#0973-d243 @A: 20 11 33 07 | 04
#0974-d243 @A: 25 24 20 07 | 12
#0975-d243 @A: 03 07 32 26 | 11
#0976-d243 @A: 06 07 11 16 | 02
#0977-d243 @A: 07 16 19 21 | 03
#0978-d243 @A: 14 16 10 07 | 05
#0979-d243 @A: 16 10 17 07 | 08
#0980-d243 @A: 27 07 26 08 | 01
#0981-d243 @A: 07 30 35 08 | 07
#0982-d243 @A: 01 05 07 08 | 06
#0983-d243 @A: 17 08 07 05 | 09
#0984-d243 @A: 34 26 07 12 | 10
#0985-d243 @A: 34 17 09 07 | 04
#0986-d243 @A: 16 30 33 07 | 12
#0987-d243 @A: 07 15 16 29 | 11
#0988-d243 @A: 22 07 32 30 | 02
#0989-d243 @A: 24 29 07 06 | 03
#0990-d243 @A: 24 07 27 01 | 05
#0991-d243 @A: 04 09 20 33 | 08
#0992-d243 @A: 04 20 14 13 | 01
#0993-d243 @A: 20 31 21 03 | 07
#0994-d243 @A: 20 11 08 28 | 06
#0995-d243 @A: 20 11 31 32 | 09
#0996-d243 @A: 34 20 11 02 | 10
#0997-d243 @A: 20 05 21 01 | 04
#0998-d243 @A: 34 20 05 10 | 12
#0999-d243 @A: 16 23 02 20 | 11
#1000-d243 @A: 20 17 16 23 | 02
#1001-d243 @A: 20 30 05 08 | 03
#1002-d243 @A: 02 20 08 13 | 05
#1003-d243 @A: 09 20 34 14 | 08
#1004-d243 @A: 35 09 20 02 | 01
#1005-d243 @A: 13 16 20 32 | 07
#1006-d243 @A: 24 20 14 01 | 06
#1007-d243 @A: 32 03 04 12 | 09
#1008-d243 @A: 21 23 04 33 | 10
#1009-d243 @A: 04 10 35 16 | 04
#1010-d243 @A: 08 26 12 04 | 12
#1011-d243 @A: 15 01 08 04 | 11
#1012-d243 @A: 04 29 18 26 | 02
#1013-d243 @A: 09 24 13 04 | 03
#1014-d243 @A: 29 16 30 04 | 05
#1015-d243 @A: 27 14 31 04 | 08
#1016-d243 @A: 04 33 34 30 | 01
#1017-d243 @A: 04 01 30 14 | 07
#1018-d243 @A: 15 17 34 04 | 06
#1019-d243 @A: 29 24 04 14 | 09
#1020-d243 @A: 33 04 27 29 | 10
#1021-d243 @A: 29 05 32 04 | 04
#1022-d243 @A: 24 27 04 12 | 12
#1023-d243 @A: 27 04 18 06 | 11
#1024-d243 @A: 17 25 04 02 | 02
#1025-d243 @A: 03 11 21 27 | 03
#1026-d243 @A: 24 11 10 03 | 05
#1027-d243 @A: 11 01 03 31 | 08
#1028-d243 @A: 05 03 29 11 | 01
#1029-d243 @A: 08 03 32 21 | 07
#1030-d243 @A: 27 26 10 03 | 06
#1031-d243 @A: 10 03 09 32 | 09
#1032-d243 @A: 16 03 35 17 | 10
#1033-d243 @A: 29 03 27 31 | 04
#1034-d243 @A: 15 22 03 24 | 12
#1035-d243 @A: 06 30 03 19 | 11
#1036-d243 @A: 12 05 19 03 | 02
#1037-d243 @A: 24 03 29 02 | 03
#1038-d243 @A: 21 24 11 26 | 05
#1039-d243 @A: 10 11 12 23 | 08
#1040-d243 @A: 22 05 11 23 | 01
#1041-d243 @A: 35 11 23 17 | 07
#1042-d243 @A: 08 13 14 11 | 06
#1043-d243 @A: 33 22 26 11 | 09
#1044-d243 @A: 06 01 26 11 | 10
#1045-d243 @A: 09 24 11 34 | 04
#1046-d243 @A: 25 30 11 15 | 12
#1047-d243 @A: 01 14 11 29 | 11
#1048-d243 @A: 01 27 02 11 | 02
#1049-d243 @A: 18 17 11 27 | 03
#1050-d243 @A: 22 10 06 21 | 05
#1051-d243 @A: 21 05 09 23 | 08
#1052-d243 @A: 08 19 31 21 | 01
#1053-d243 @A: 08 12 30 21 | 07
#1054-d243 @A: 35 34 08 21 | 06
#1055-d243 @A: 21 18 08 29 | 09
#1056-d243 @A: 22 21 32 16 | 10
#1057-d243 @A: 06 30 34 21 | 04
#1058-d243 @A: 19 21 01 30 | 12
#1059-d243 @A: 15 34 21 13 | 11
#1060-d243 @A: 05 35 21 29 | 02
#1061-d243 @A: 32 21 17 24 | 03
#1062-d243 @A: 05 06 14 21 | 05
#1063-d243 @A: 05 35 08 10 | 08
#1064-d243 @A: 10 09 17 01 | 01
#1065-d243 @A: 10 24 22 30 | 07
#1066-d243 @A: 06 15 30 10 | 06
#1067-d243 @A: 02 34 30 10 | 09
#1068-d243 @A: 15 13 10 27 | 10
#1069-d243 @A: 12 27 10 34 | 04
#1070-d243 @A: 29 35 01 10 | 12
#1071-d243 @A: 29 25 10 27 | 11
#1072-d243 @A: 17 27 35 10 | 02
#1073-d243 @A: 09 23 13 19 | 03
#1074-d243 @A: 33 09 15 23 | 05
#1075-d243 @A: 25 13 23 31 | 08
#1076-d243 @A: 19 14 23 31 | 01
#1077-d243 @A: 32 13 23 22 | 07
#1078-d243 @A: 17 30 23 02 | 06
#1079-d243 @A: 33 35 23 18 | 09
#1080-d243 @A: 27 06 23 14 | 10
#1081-d243 @A: 25 23 27 28 | 04
#1082-d243 @A: 30 06 08 16 | 12
#1083-d243 @A: 32 22 08 01 | 11
#1084-d243 @A: 08 29 30 15 | 02
#1085-d243 @A: 13 34 08 27 | 03
#1086-d243 @A: 19 14 08 27 | 05
#1087-d243 @A: 14 33 24 08 | 08
#1088-d243 @A: 29 22 26 32 | 01
#1089-d243 @A: 13 14 26 15 | 07
#1090-d243 @A: 17 26 19 12 | 06
#1091-d243 @A: 25 26 14 24 | 09
#1092-d243 @A: 02 26 06 27 | 10
#1093-d243 @A: 31 35 34 09 | 04
#1094-d243 @A: 19 22 09 34 | 12
#1095-d243 @A: 13 09 15 06 | 11
#1096-d243 @A: 19 09 27 32 | 02
#1097-d243 @A: 02 09 29 14 | 03
#1098-d243 @A: 27 31 16 13 | 05
#1099-d243 @A: 13 02 30 16 | 08
#1100-d243 @A: 13 16 05 24 | 01
#1101-d243 @A: 25 16 34 14 | 07
#1102-d243 @A: 06 29 35 16 | 06
#1103-d243 @A: 14 24 16 35 | 09
#1104-d243 @A: 02 16 12 05 | 10
#1105-d243 @A: 12 16 25 32 | 04
#1106-d243 @A: 22 31 35 27 | 12
#1107-d243 @A: 31 13 30 32 | 11
#1108-d243 @A: 13 34 31 17 | 02
#1109-d243 @A: 19 02 31 05 | 03
#1110-d243 @A: 31 12 29 24 | 05
#1111-d243 @A: 32 31 29 01 | 08
#1112-d243 @A: 32 31 18 17 | 01
#1113-d243 @A: 24 22 28 18 | 07
#1114-d243 @A: 01 35 33 22 | 06
#1115-d243 @A: 35 22 18 05 | 09
#1116-d243 @A: 06 01 18 22 | 10
#1117-d243 @A: 18 32 02 22 | 04
#1118-d243 @A: 01 30 35 24 | 12
#1119-d243 @A: 24 14 05 30 | 11
#1120-d243 @A: 27 02 35 30 | 02
#1121-d243 @A: 25 30 12 33 | 03
#1122-d243 @A: 13 12 19 01 | 05
#1123-d243 @A: 35 33 12 13 | 08
#1124-d243 @A: 05 34 28 15 | 01
#1125-d243 @A: 29 15 28 06 | 07
#1126-d243 @A: 28 15 32 24 | 06
#1127-d243 @A: 18 28 25 15 | 09
#1128-d243 @A: 12 34 14 05 | 10
#1129-d243 @A: 17 19 35 14 | 04
#1130-d243 @A: 17 04 07 18 | 12
#1131-d243 @A: 03 07 23 24 | 11
#1132-d243 @A: 26 21 07 29 | 02
#1133-d243 @A: 07 21 24 14 | 03
#1134-d243 @A: 07 10 33 34 | 05
#1135-d243 @A: 18 10 01 07 | 08
#1136-d243 @A: 07 12 09 23 | 01
#1137-d243 @A: 02 13 07 23 | 07
#1138-d243 @A: 09 24 28 07 | 06
#1139-d243 @A: 07 12 22 31 | 09
#1140-d243 @A: 15 07 05 13 | 10
#1141-d243 @A: 17 07 14 13 | 04
#1142-d243 @A: 02 01 07 06 | 12
#1143-d243 @A: 20 04 29 11 | 11
#1144-d243 @A: 20 29 03 26 | 02
#1145-d243 @A: 20 02 03 05 | 03
#1146-d243 @A: 22 20 19 21 | 05
#1147-d243 @A: 29 21 20 13 | 08
#1148-d243 @A: 10 35 15 20 | 01
#1149-d243 @A: 12 08 20 23 | 07
#1150-d243 @A: 15 23 20 24 | 06
#1151-d243 @A: 08 29 09 20 | 09
#1152-d243 @A: 08 18 22 20 | 10
#1153-d243 @A: 19 08 34 20 | 04
#1154-d243 @A: 20 30 22 28 | 12
#1155-d243 @A: 02 17 20 13 | 11
#1156-d243 @A: 06 24 20 19 | 02
#1157-d243 @A: 12 20 27 25 | 03
#1158-d243 @A: 06 28 20 02 | 05
#1159-d243 @A: 03 04 23 05 | 08
#1160-d243 @A: 26 30 03 04 | 01
#1161-d243 @A: 01 13 03 04 | 07
#1162-d243 @A: 11 04 27 08 | 06
#1163-d243 @A: 04 05 11 12 | 09
#1164-d243 @A: 04 06 10 31 | 10
#1165-d243 @A: 04 29 10 17 | 04
#1166-d243 @A: 18 08 23 04 | 12
#1167-d243 @A: 26 14 28 04 | 11
#1168-d243 @A: 16 15 05 04 | 02
#1169-d243 @A: 32 24 25 04 | 03
#1170-d243 @A: 04 27 35 32 | 05
#1171-d243 @A: 04 18 12 14 | 08
#1172-d243 @A: 04 02 14 33 | 01
#1173-d243 @A: 11 03 28 16 | 07
#1174-d243 @A: 03 10 15 19 | 06
#1175-d243 @A: 08 12 33 03 | 09
#1176-d243 @A: 09 28 22 03 | 10
#1177-d243 @A: 32 22 03 05 | 04
#1178-d243 @A: 19 14 03 24 | 12
#1179-d243 @A: 01 03 25 19 | 11
#1180-d243 @A: 33 24 06 03 | 02
#1181-d243 @A: 21 06 11 31 | 03
#1182-d243 @A: 10 11 12 17 | 05
#1183-d243 @A: 30 23 31 11 | 08
#1184-d243 @A: 11 13 23 27 | 01
#1185-d243 @A: 30 11 08 33 | 07
#1186-d243 @A: 11 13 18 09 | 06
#1187-d243 @A: 28 31 22 11 | 09
#1188-d243 @A: 18 11 31 12 | 10
#1189-d243 @A: 27 14 11 30 | 04
#1190-d243 @A: 11 28 29 32 | 12
#1191-d243 @A: 06 32 27 11 | 11
#1192-d243 @A: 02 33 11 25 | 02
#1193-d243 @A: 21 26 10 33 | 03
#1194-d243 @A: 02 10 21 31 | 05
#1195-d243 @A: 10 18 21 34 | 08
#1196-d243 @A: 01 23 34 21 | 01
#1197-d243 @A: 25 33 21 08 | 07
#1198-d243 @A: 21 18 17 08 | 06
#1199-d243 @A: 31 21 26 32 | 09
#1200-d243 @A: 21 12 09 34 | 10
#1201-d243 @A: 31 27 30 21 | 04
#1202-d243 @A: 18 14 31 21 | 12
#1203-d243 @A: 17 13 22 21 | 11
#1204-d243 @A: 21 19 02 17 | 02
#1205-d243 @A: 27 24 06 21 | 03
#1206-d243 @A: 23 18 26 10 | 05
#1207-d243 @A: 06 10 23 09 | 08
#1208-d243 @A: 33 01 10 08 | 01
#1209-d243 @A: 29 10 34 16 | 07
#1210-d243 @A: 25 19 10 02 | 06
#1211-d243 @A: 10 29 33 32 | 09
#1212-d243 @A: 27 10 24 14 | 10
#1213-d243 @A: 18 10 05 27 | 04
#1214-d243 @A: 12 05 10 28 | 12
#1215-d243 @A: 23 13 28 08 | 11
#1216-d243 @A: 33 23 08 34 | 02
#1217-d243 @A: 22 26 31 23 | 03
#1218-d243 @A: 09 02 23 30 | 05
#1219-d243 @A: 23 22 35 02 | 08
#1220-d243 @A: 23 34 14 13 | 01
#1221-d243 @A: 23 05 25 12 | 07
#1222-d243 @A: 26 30 08 24 | 06
#1223-d243 @A: 25 19 12 08 | 09
#1224-d243 @A: 25 24 28 08 | 10
#1225-d243 @A: 05 32 14 08 | 04
#1226-d243 @A: 26 16 22 01 | 12
#1227-d243 @A: 19 31 26 13 | 11
#1228-d243 @A: 22 06 30 26 | 02
#1229-d243 @A: 26 06 29 14 | 03
#1230-d243 @A: 24 27 17 26 | 05
#1231-d243 @A: 26 06 25 12 | 08
#1232-d243 @A: 28 33 26 06 | 01
#1233-d243 @A: 32 17 26 14 | 07
#1234-d243 @A: 09 16 33 22 | 06
#1235-d243 @A: 22 31 09 18 | 09
#1236-d243 @A: 09 31 19 15 | 10
#1237-d243 @A: 14 33 19 09 | 04
#1238-d243 @A: 09 29 32 35 | 12
#1239-d243 @A: 06 28 09 12 | 11
#1240-d243 @A: 17 24 15 16 | 02
#1241-d243 @A: 16 19 27 02 | 03
#1242-d243 @A: 16 06 01 14 | 05
#1243-d243 @A: 19 28 29 31 | 08
#1244-d243 @A: 05 14 31 29 | 01
#1245-d243 @A: 24 29 22 27 | 07
#1246-d243 @A: 05 22 02 29 | 06
#1247-d243 @A: 33 22 06 05 | 09
#1248-d243 @A: 19 05 30 32 | 10
#1249-d243 @A: 32 06 29 30 | 04
#1250-d243 @A: 12 06 30 35 | 12
#1251-d243 @A: 05 02 25 30 | 11
#1252-d243 @A: 19 13 34 32 | 02
#1253-d243 @A: 13 06 29 18 | 03
#1254-d243 @A: 32 35 13 01 | 05
#1255-d243 @A: 18 01 13 25 | 08
#1256-d243 @A: 05 27 13 33 | 01
#1257-d243 @A: 13 28 33 25 | 07
#1258-d243 @A: 15 01 05 14 | 06
#1259-d243 @A: 01 18 02 15 | 09
#1260-d243 @A: 14 17 15 25 | 10
#1261-d243 @A: 32 18 06 34 | 04
#1262-d243 @A: 14 34 28 32 | 12
#1263-d243 @A: 20 04 07 32 | 11
#1264-d243 @A: 01 20 22 07 | 02
#1265-d243 @A: 04 02 07 11 | 03
#1266-d243 @A: 04 27 13 07 | 05
#1267-d243 @A: 05 04 07 14 | 08
#1268-d243 @A: 03 27 07 34 | 01
#1269-d243 @A: 07 23 18 11 | 07
#1270-d243 @A: 07 10 12 08 | 06
#1271-d243 @A: 23 33 07 27 | 09
#1272-d243 @A: 08 07 06 28 | 10
#1273-d243 @A: 15 09 07 35 | 04
#1274-d243 @A: 07 31 18 34 | 12
#1275-d243 @A: 34 22 05 07 | 11
#1276-d243 @A: 30 07 13 29 | 02
#1277-d243 @A: 07 34 19 29 | 03
#1278-d243 @A: 05 25 07 29 | 05
#1279-d243 @A: 20 16 04 06 | 08
#1280-d243 @A: 14 20 03 22 | 01
#1281-d243 @A: 11 20 12 26 | 07
#1282-d243 @A: 06 20 11 30 | 06
#1283-d243 @A: 20 23 21 32 | 09
#1284-d243 @A: 20 06 32 10 | 10
#1285-d243 @A: 14 17 10 20 | 04
#1286-d243 @A: 06 25 20 08 | 12
#1287-d243 @A: 20 34 33 26 | 11
#1288-d243 @A: 31 20 25 34 | 02
#1289-d243 @A: 20 35 17 22 | 03
#1290-d243 @A: 29 20 24 35 | 05
#1291-d243 @A: 27 29 20 02 | 08
#1292-d243 @A: 29 20 25 32 | 01
#1293-d243 @A: 04 08 03 14 | 07
#1294-d243 @A: 21 10 24 04 | 06
#1295-d243 @A: 18 21 15 04 | 09
#1296-d243 @A: 04 01 34 10 | 10
#1297-d243 @A: 04 13 06 08 | 04
#1298-d243 @A: 26 04 35 09 | 12
#1299-d243 @A: 16 04 28 19 | 11
#1300-d243 @A: 02 31 04 32 | 02
#1301-d243 @A: 32 22 15 04 | 03
#1302-d243 @A: 22 04 05 19 | 05
#1303-d243 @A: 01 04 02 22 | 08
#1304-d243 @A: 35 14 19 04 | 01
#1305-d243 @A: 12 04 29 28 | 07
#1306-d243 @A: 04 01 05 06 | 06
#1307-d243 @A: 18 28 04 33 | 09
#1308-d243 @A: 11 08 06 03 | 10
#1309-d243 @A: 03 01 10 22 | 04
#1310-d243 @A: 33 26 02 03 | 12
#1311-d243 @A: 35 03 09 13 | 11
#1312-d243 @A: 03 34 09 06 | 02
#1313-d243 @A: 16 33 34 03 | 03
#1314-d243 @A: 14 35 03 29 | 05
#1315-d243 @A: 33 01 32 03 | 08
#1316-d243 @A: 18 03 05 33 | 01
#1317-d243 @A: 16 30 21 11 | 07
#1318-d243 @A: 11 21 05 25 | 06
#1319-d243 @A: 15 10 33 11 | 09
#1320-d243 @A: 12 11 09 08 | 10
#1321-d243 @A: 17 26 22 11 | 04
#1322-d243 @A: 30 11 26 18 | 12
#1323-d243 @A: 26 32 02 11 | 11
#1324-d243 @A: 02 11 09 16 | 02
#1325-d243 @A: 09 27 15 11 | 03
#1326-d243 @A: 11 05 16 31 | 05
#1327-d243 @A: 27 24 11 16 | 08
#1328-d243 @A: 31 11 14 15 | 01
#1329-d243 @A: 35 18 11 24 | 07
#1330-d243 @A: 25 15 21 26 | 06
#1331-d243 @A: 31 21 28 17 | 09
#1332-d243 @A: 21 22 30 02 | 10
#1333-d243 @A: 32 06 21 01 | 04
#1334-d243 @A: 21 32 12 02 | 12
#1335-d243 @A: 12 21 17 25 | 11
#1336-d243 @A: 33 05 32 21 | 02
#1337-d243 @A: 19 10 30 08 | 03
#1338-d243 @A: 34 10 09 15 | 05
#1339-d243 @A: 10 16 02 22 | 08
#1340-d243 @A: 31 15 18 10 | 01
#1341-d243 @A: 14 10 31 34 | 07
#1342-d243 @A: 33 13 10 02 | 06
#1343-d243 @A: 29 12 10 15 | 09
#1344-d243 @A: 35 18 10 12 | 10
#1345-d243 @A: 10 01 25 05 | 04
#1346-d243 @A: 23 19 22 08 | 12
#1347-d243 @A: 27 30 01 23 | 11
#1348-d243 @A: 23 33 29 13 | 02
#1349-d243 @A: 18 23 27 12 | 03
#1350-d243 @A: 02 25 23 18 | 05
#1351-d243 @A: 26 08 13 25 | 08
#1352-d243 @A: 01 09 08 24 | 01
#1353-d243 @A: 15 08 02 27 | 07
#1354-d243 @A: 19 24 18 08 | 06
#1355-d243 @A: 28 33 27 08 | 09
#1356-d243 @A: 18 25 08 05 | 10
#1357-d243 @A: 09 28 19 26 | 04
#1358-d243 @A: 30 26 31 28 | 12
#1359-d243 @A: 18 31 27 26 | 11
#1360-d243 @A: 26 30 13 33 | 02
#1361-d243 @A: 15 26 24 06 | 03
#1362-d243 @A: 28 24 26 27 | 05
#1363-d243 @A: 12 24 26 02 | 08
#1364-d243 @A: 05 26 02 35 | 01
#1365-d243 @A: 01 26 14 12 | 07
#1366-d243 @A: 19 09 16 06 | 06
#1367-d243 @A: 17 09 12 31 | 09
#1368-d243 @A: 09 30 13 01 | 10
#1369-d243 @A: 02 19 09 12 | 04
#1370-d243 @A: 09 27 17 01 | 12
#1371-d243 @A: 09 02 01 33 | 11
#1372-d243 @A: 25 05 09 28 | 02
#1373-d243 @A: 30 05 22 16 | 03
#1374-d243 @A: 16 18 19 25 | 05
#1375-d243 @A: 29 16 24 01 | 08
#1376-d243 @A: 16 06 25 24 | 01
#1377-d243 @A: 35 25 16 05 | 07
#1378-d243 @A: 14 16 27 12 | 06
#1379-d243 @A: 25 17 22 31 | 09
#1380-d243 @A: 29 31 30 17 | 10
#1381-d243 @A: 05 31 32 12 | 04
#1382-d243 @A: 18 05 06 31 | 12
#1383-d243 @A: 22 14 13 05 | 11
#1384-d243 @A: 32 22 19 24 | 02
#1385-d243 @A: 19 27 22 18 | 03
#1386-d243 @A: 22 19 33 02 | 05
#1387-d243 @A: 22 24 05 12 | 08
#1388-d243 @A: 14 27 22 01 | 01
#1389-d243 @A: 02 22 28 27 | 07
#1390-d243 @A: 14 28 30 19 | 06
#1391-d243 @A: 30 25 01 32 | 09
#1392-d243 @A: 19 29 13 02 | 10
#1393-d243 @A: 25 27 19 13 | 04
#1394-d243 @A: 12 13 32 29 | 12
#1395-d243 @A: 17 13 35 18 | 11
#1396-d243 @A: 33 13 32 18 | 02
#1397-d243 @A: 14 15 29 34 | 03
#1398-d243 @A: 33 06 19 15 | 05
#1399-d243 @A: 27 15 24 18 | 08
#1400-d243 @A: 02 15 25 24 | 01
#1401-d243 @A: 34 19 25 17 | 07
#1402-d243 @A: 34 29 02 17 | 06
#1403-d243 @A: 01 18 19 17 | 09
#1404-d243 @A: 33 24 17 18 | 10
#1405-d243 @A: 12 32 06 17 | 04
#1406-d243 @A: 28 31 20 07 | 12
#1407-d243 @A: 07 03 13 28 | 11
#1408-d243 @A: 11 28 26 07 | 02
#1409-d243 @A: 11 19 07 31 | 03
#1410-d243 @A: 23 06 07 21 | 05
#1411-d243 @A: 09 27 07 21 | 08
#1412-d243 @A: 07 32 16 23 | 01
#1413-d243 @A: 08 07 25 09 | 07
#1414-d243 @A: 26 15 33 07 | 06
#1415-d243 @A: 07 09 01 34 | 09
#1416-d243 @A: 07 31 02 30 | 10
#1417-d243 @A: 15 30 01 07 | 04
#1418-d243 @A: 07 06 05 19 | 12
#1419-d243 @A: 05 18 07 32 | 11
#1420-d243 @A: 15 28 20 03 | 02
#1421-d243 @A: 23 20 33 31 | 03
#1422-d243 @A: 20 31 08 27 | 05
#1423-d243 @A: 15 27 20 26 | 08
#1424-d243 @A: 20 35 05 13 | 01
#1425-d243 @A: 22 03 04 11 | 07
#1426-d243 @A: 23 01 04 11 | 06
#1427-d243 @A: 13 04 33 11 | 09
#1428-d243 @A: 21 17 23 04 | 10
#1429-d243 @A: 05 08 04 21 | 04
#1430-d243 @A: 21 14 04 09 | 12
#1431-d243 @A: 32 18 04 10 | 11
#1432-d243 @A: 08 25 16 04 | 02
#1433-d243 @A: 28 22 08 04 | 03
#1434-d243 @A: 16 33 26 04 | 05
#1435-d243 @A: 09 04 15 02 | 08
#1436-d243 @A: 04 05 09 34 | 01
#1437-d243 @A: 31 30 04 18 | 07
#1438-d243 @A: 35 22 13 04 | 06
#1439-d243 @A: 34 22 14 04 | 09
#1440-d243 @A: 25 30 13 04 | 10
#1441-d243 @A: 30 27 28 04 | 04
#1442-d243 @A: 04 29 19 06 | 12
#1443-d243 @A: 03 33 14 11 | 11
#1444-d243 @A: 21 03 30 24 | 02
#1445-d243 @A: 03 23 29 32 | 03
#1446-d243 @A: 03 31 26 06 | 05
#1447-d243 @A: 25 03 28 26 | 08
#1448-d243 @A: 15 03 09 29 | 01
#1449-d243 @A: 16 22 03 25 | 07
#1450-d243 @A: 30 31 03 22 | 06
#1451-d243 @A: 03 31 32 15 | 09
#1452-d243 @A: 29 35 03 17 | 10
#1453-d243 @A: 29 33 03 25 | 04
#1454-d243 @A: 05 03 06 35 | 12
#1455-d243 @A: 05 03 27 01 | 11
#1456-d243 @A: 03 02 14 01 | 02
#1457-d243 @A: 18 02 27 03 | 03
#1458-d243 @A: 29 10 11 26 | 05
#1459-d243 @A: 25 11 09 23 | 08
#1460-d243 @A: 23 11 28 15 | 01
#1461-d243 @A: 11 33 32 23 | 07
#1462-d243 @A: 13 26 11 35 | 06
#1463-d243 @A: 09 06 11 22 | 09
#1464-d243 @A: 11 25 17 09 | 10
#1465-d243 @A: 29 02 30 11 | 04
#1466-d243 @A: 34 11 28 01 | 12
#1467-d243 @A: 11 06 29 25 | 11
#1468-d243 @A: 11 05 35 32 | 02
#1469-d243 @A: 10 23 21 29 | 03
#1470-d243 @A: 08 21 17 10 | 05
#1471-d243 @A: 10 09 16 21 | 08
#1472-d243 @A: 15 28 08 21 | 01
#1473-d243 @A: 28 21 31 09 | 07
#1474-d243 @A: 33 21 13 31 | 06
#1475-d243 @A: 27 21 12 15 | 09
#1476-d243 @A: 27 19 21 29 | 10
#1477-d243 @A: 08 14 26 10 | 04
#1478-d243 @A: 10 32 34 22 | 12
#1479-d243 @A: 28 30 10 32 | 11
#1480-d243 @A: 29 28 24 10 | 02
#1481-d243 @A: 32 01 24 10 | 03
#1482-d243 @A: 10 01 12 06 | 05
#1483-d243 @A: 12 14 10 02 | 08
#1484-d243 @A: 06 10 28 25 | 01
#1485-d243 @A: 35 12 26 23 | 07
#1486-d243 @A: 23 33 25 26 | 06
#1487-d243 @A: 26 14 17 23 | 09
#1488-d243 @A: 22 24 16 23 | 10
#1489-d243 @A: 27 24 23 02 | 04
#1490-d243 @A: 27 23 32 17 | 12
#1491-d243 @A: 08 18 26 16 | 11
#1492-d243 @A: 15 09 05 08 | 02
#1493-d243 @A: 09 08 34 18 | 03
#1494-d243 @A: 13 08 33 22 | 05
#1495-d243 @A: 34 14 08 02 | 08
#1496-d243 @A: 08 19 32 29 | 01
#1497-d243 @A: 19 08 35 33 | 07
#1498-d243 @A: 29 25 14 08 | 06
#1499-d243 @A: 26 31 25 09 | 09
#1500-d243 @A: 18 24 32 26 | 10
#1501-d243 @A: 18 06 35 26 | 04
#1502-d243 @A: 18 26 14 02 | 12
#1503-d243 @A: 18 09 17 16 | 11
#1504-d243 @A: 09 02 31 06 | 02
#1505-d243 @A: 09 13 22 12 | 03
#1506-d243 @A: 27 22 09 05 | 05
#1507-d243 @A: 25 09 15 14 | 08
#1508-d243 @A: 27 25 02 09 | 01
#1509-d243 @A: 16 30 28 12 | 07
#1510-d243 @A: 14 32 19 16 | 06
#1511-d243 @A: 29 16 32 27 | 09
#1512-d243 @A: 16 02 27 17 | 10
#1513-d243 @A: 06 16 02 18 | 04
#1514-d243 @A: 16 02 32 28 | 12
#1515-d243 @A: 13 22 31 24 | 11
#1516-d243 @A: 31 22 25 15 | 02
#1517-d243 @A: 31 34 05 30 | 03
#1518-d243 @A: 15 31 17 35 | 05
#1519-d243 @A: 19 12 31 33 | 08
#1520-d243 @A: 31 06 33 29 | 01
#1521-d243 @A: 02 35 12 31 | 07
#1522-d243 @A: 01 12 31 27 | 06
#1523-d243 @A: 19 22 30 13 | 09
#1524-d243 @A: 18 22 33 30 | 10
#1525-d243 @A: 17 24 22 01 | 04
#1526-d243 @A: 05 22 28 01 | 12
#1527-d243 @A: 22 12 18 25 | 11
#1528-d243 @A: 18 02 17 22 | 02
#1529-d243 @A: 15 18 30 05 | 03
#1530-d243 @A: 30 19 33 27 | 05
#1531-d243 @A: 29 32 17 30 | 08
#1532-d243 @A: 28 30 24 33 | 01
#1533-d243 @A: 02 12 01 30 | 07
#1534-d243 @A: 30 27 05 12 | 06
#1535-d243 @A: 13 32 15 25 | 09
#1536-d243 @A: 01 13 29 28 | 10
#1537-d243 @A: 01 13 06 27 | 04
#1538-d243 @A: 25 13 14 12 | 12
#1539-d243 @A: 17 33 12 13 | 11
#1540-d243 @A: 01 15 33 25 | 02
#1541-d243 @A: 24 34 14 18 | 03
#1542-d243 @A: 32 34 02 35 | 05
#1543-d243 @A: 33 17 19 27 | 08
#1544-d243 @A: 14 01 28 17 | 01
#1545-d243 @A: 07 34 06 20 | 07
#1546-d243 @A: 17 20 29 07 | 06
#1547-d243 @A: 33 08 04 07 | 09
#1548-d243 @A: 07 25 18 04 | 10
#1549-d243 @A: 14 07 09 03 | 04
#1550-d243 @A: 11 30 07 10 | 12
#1551-d243 @A: 08 32 07 11 | 11
#1552-d243 @A: 11 09 07 29 | 02
#1553-d243 @A: 31 17 07 11 | 03
#1554-d243 @A: 21 31 05 07 | 05
#1555-d243 @A: 33 22 21 07 | 08
#1556-d243 @A: 23 07 19 26 | 01
#1557-d243 @A: 01 17 07 23 | 07
#1558-d243 @A: 07 08 02 19 | 06
#1559-d243 @A: 09 33 07 05 | 09
#1560-d243 @A: 07 24 13 34 | 10
#1561-d243 @A: 07 33 18 19 | 04
#1562-d243 @A: 35 18 29 07 | 12
#1563-d243 @A: 29 28 27 07 | 11
#1564-d243 @A: 11 20 01 09 | 02
#1565-d243 @A: 17 20 11 32 | 03
#1566-d243 @A: 33 20 21 15 | 05
#1567-d243 @A: 10 30 20 18 | 08
#1568-d243 @A: 20 01 23 25 | 01
#1569-d243 @A: 12 16 22 20 | 07
#1570-d243 @A: 05 16 33 20 | 06
#1571-d243 @A: 22 05 25 20 | 09
#1572-d243 @A: 20 13 30 27 | 10
#1573-d243 @A: 30 24 02 20 | 04
#1574-d243 @A: 05 19 27 20 | 12
#1575-d243 @A: 32 19 02 20 | 11
#1576-d243 @A: 20 14 27 32 | 02
#1577-d243 @A: 28 20 14 05 | 03
#1578-d243 @A: 21 11 28 04 | 05
#1579-d243 @A: 08 10 29 04 | 08
#1580-d243 @A: 04 29 25 23 | 01
#1581-d243 @A: 04 32 08 34 | 07
#1582-d243 @A: 26 04 34 25 | 06
#1583-d243 @A: 09 30 04 06 | 09
#1584-d243 @A: 04 19 09 17 | 10
#1585-d243 @A: 04 29 01 09 | 04
#1586-d243 @A: 04 33 16 17 | 12
#1587-d243 @A: 33 22 31 04 | 11
#1588-d243 @A: 15 04 29 31 | 02
#1589-d243 @A: 31 25 19 04 | 03
#1590-d243 @A: 18 24 05 04 | 05
#1591-d243 @A: 28 02 25 04 | 08
#1592-d243 @A: 03 10 28 34 | 01
#1593-d243 @A: 16 23 06 03 | 07
#1594-d243 @A: 15 08 25 03 | 06
#1595-d243 @A: 16 03 26 14 | 09
#1596-d243 @A: 09 30 03 25 | 10
#1597-d243 @A: 03 16 30 32 | 04
#1598-d243 @A: 03 31 25 02 | 12
#1599-d243 @A: 03 18 34 22 | 11
#1600-d243 @A: 03 33 13 15 | 02
#1601-d243 @A: 15 18 03 35 | 03
#1602-d243 @A: 01 03 24 18 | 05
#1603-d243 @A: 12 03 14 17 | 08
#1604-d243 @A: 02 03 32 06 | 01
#1605-d243 @A: 11 19 13 21 | 07
#1606-d243 @A: 08 11 10 22 | 06
#1607-d243 @A: 28 11 10 09 | 09
#1608-d243 @A: 31 10 11 35 | 10
#1609-d243 @A: 16 11 08 19 | 04
#1610-d243 @A: 30 11 22 01 | 12
#1611-d243 @A: 02 06 19 11 | 11
#1612-d243 @A: 11 14 35 02 | 02
#1613-d243 @A: 33 18 06 11 | 03
#1614-d243 @A: 15 10 21 01 | 05
#1615-d243 @A: 14 10 21 28 | 08
#1616-d243 @A: 23 08 21 24 | 01
#1617-d243 @A: 12 23 21 31 | 07
#1618-d243 @A: 02 21 13 26 | 06
#1619-d243 @A: 15 21 32 09 | 09
#1620-d243 @A: 14 13 16 21 | 10
#1621-d243 @A: 15 21 31 24 | 04
#1622-d243 @A: 29 21 32 14 | 12
#1623-d243 @A: 02 05 21 24 | 11
#1624-d243 @A: 21 27 05 28 | 02
#1625-d243 @A: 25 27 14 21 | 03
#1626-d243 @A: 10 23 16 28 | 05
#1627-d243 @A: 10 23 15 02 | 08
#1628-d243 @A: 26 05 10 09 | 01
#1629-d243 @A: 10 26 12 31 | 07
#1630-d243 @A: 09 35 10 33 | 06
#1631-d243 @A: 15 25 10 16 | 09
#1632-d243 @A: 35 24 10 25 | 10
#1633-d243 @A: 10 33 06 27 | 04
#1634-d243 @A: 18 05 10 17 | 12
#1635-d243 @A: 08 23 26 02 | 11
#1636-d243 @A: 05 08 23 16 | 02
#1637-d243 @A: 01 13 26 23 | 03
#1638-d243 @A: 16 35 23 09 | 05
#1639-d243 @A: 32 23 09 31 | 08
#1640-d243 @A: 23 05 31 28 | 01
#1641-d243 @A: 30 06 13 23 | 07
#1642-d243 @A: 06 15 23 05 | 06
#1643-d243 @A: 33 23 17 34 | 09
#1644-d243 @A: 08 32 30 09 | 10
#1645-d243 @A: 17 16 08 13 | 04
#1646-d243 @A: 24 31 08 34 | 12
#1647-d243 @A: 22 08 06 15 | 11
#1648-d243 @A: 06 08 29 27 | 02
#1649-d243 @A: 28 02 08 01 | 03
#1650-d243 @A: 08 28 12 14 | 05
#1651-d243 @A: 35 26 31 29 | 08
#1652-d243 @A: 26 22 14 19 | 01
#1653-d243 @A: 22 25 26 02 | 07
#1654-d243 @A: 32 26 30 12 | 06
#1655-d243 @A: 18 34 26 17 | 09
#1656-d243 @A: 29 05 12 26 | 10
#1657-d243 @A: 09 19 01 35 | 04
#1658-d243 @A: 29 09 12 27 | 12
#1659-d243 @A: 14 09 06 24 | 11
#1660-d243 @A: 01 09 06 25 | 02
#1661-d243 @A: 14 12 09 32 | 03
#1662-d243 @A: 34 13 16 35 | 05
#1663-d243 @A: 19 01 16 05 | 08
#1664-d243 @A: 29 18 33 16 | 01
#1665-d243 @A: 01 16 25 28 | 07
#1666-d243 @A: 33 16 27 25 | 06
#1667-d243 @A: 33 16 06 32 | 09
#1668-d243 @A: 32 17 28 16 | 10
#1669-d243 @A: 24 19 30 31 | 04
#1670-d243 @A: 27 06 19 31 | 12
#1671-d243 @A: 24 31 18 33 | 11
#1672-d243 @A: 14 31 02 28 | 02
#1673-d243 @A: 28 22 15 33 | 03
#1674-d243 @A: 29 01 22 19 | 05
#1675-d243 @A: 14 24 22 02 | 08
#1676-d243 @A: 28 22 06 14 | 01
#1677-d243 @A: 15 13 24 30 | 07
#1678-d243 @A: 33 30 05 35 | 06
#1679-d243 @A: 01 30 18 28 | 09
#1680-d243 @A: 17 27 30 25 | 10
#1681-d243 @A: 13 28 19 35 | 04
#1682-d243 @A: 13 06 32 24 | 12
#1683-d243 @A: 29 27 15 01 | 11
#1684-d243 @A: 15 05 35 27 | 02
#1685-d243 @A: 01 17 33 15 | 03
#1686-d243 @A: 15 33 27 14 | 05
#1687-d243 @A: 15 12 06 18 | 08
#1688-d243 @A: 34 28 19 18 | 01
#1689-d243 @A: 18 06 19 17 | 07
