#0001-d323 @A: 26 12 34 08 | 07
#0002-d323 @A: 24 35 12 08 | 11
#0003-d323 @A: 12 05 26 32 | 10
#0004-d323 @A: 02 35 12 23 | 04
#0005-d323 @A: 14 16 12 10 | 06
#0006-d323 @A: 15 10 04 12 | 09
#0007-d323 @A: 32 22 12 27 | 01
#0008-d323 @A: 27 12 06 03 | 05
#0009-d323 @A: 04 20 12 27 | 03
#0010-d323 @A: 29 12 27 19 | 02
#0011-d323 @A: 31 18 12 22 | 12
#0012-d323 @A: 09 24 33 12 | 08
#0013-d323 @A: 12 33 35 32 | 07
#0014-d323 @A: 12 14 33 11 | 11
#0015-d323 @A: 33 14 12 02 | 10
#0016-d323 @A: 14 24 12 06 | 04
#0017-d323 @A: 29 22 12 14 | 06
#0018-d323 @A: 15 17 11 12 | 09
#0019-d323 @A: 32 08 23 26 | 01
#0020-d323 @A: 08 26 04 27 | 05
#0021-d323 @A: 31 27 08 10 | 03
#0022-d323 @A: 08 27 25 29 | 02
#0023-d323 @A: 24 11 08 33 | 12
#0024-d323 @A: 01 33 08 35 | 08
#0025-d323 @A: 31 22 20 08 | 07
#0026-d323 @A: 28 16 35 08 | 11
#0027-d323 @A: 07 01 08 28 | 10
#0028-d323 @A: 09 11 28 08 | 04
#0029-d323 @A: 26 13 10 04 | 06
#0030-d323 @A: 18 10 29 26 | 09
#0031-d323 @A: 17 33 26 16 | 01
#0032-d323 @A: 26 22 17 24 | 05
#0033-d323 @A: 26 32 16 15 | 03
#0034-d323 @A: 02 19 25 26 | 02
#0035-d323 @A: 26 34 29 32 | 12
#0036-d323 @A: 28 11 17 26 | 08
#0037-d323 @A: 26 29 17 21 | 07
#0038-d323 @A: 04 13 23 06 | 11
#0039-d323 @A: 05 28 18 23 | 10
#0040-d323 @A: 15 19 18 23 | 04
#0041-d323 @A: 16 23 33 22 | 06
#0042-d323 @A: 23 16 19 32 | 09
#0043-d323 @A: 34 20 02 23 | 01
#0044-d323 @A: 35 07 30 23 | 05
#0045-d323 @A: 30 17 23 03 | 03
#0046-d323 @A: 29 02 23 14 | 02
#0047-d323 @A: 17 13 10 22 | 12
#0048-d323 @A: 13 06 10 02 | 08
#0049-d323 @A: 27 13 17 16 | 07
#0050-d323 @A: 22 33 31 13 | 11
#0051-d323 @A: 06 13 32 33 | 10
#0052-d323 @A: 03 13 22 24 | 04
#0053-d323 @A: 14 16 06 13 | 06
#0054-d323 @A: 16 09 19 13 | 09
#0055-d323 @A: 13 30 15 21 | 01
#0056-d323 @A: 11 15 31 13 | 05
#0057-d323 @A: 09 04 31 13 | 03
#0058-d323 @A: 13 02 04 21 | 02
#0059-d323 @A: 02 27 33 10 | 12
#0060-d323 @A: 03 24 18 10 | 08
#0061-d323 @A: 09 25 18 10 | 07
#0062-d323 @A: 21 10 24 33 | 11
#0063-d323 @A: 10 24 31 06 | 10
#0064-d323 @A: 10 02 30 24 | 04
#0065-d323 @A: 10 09 05 16 | 06
#0066-d323 @A: 07 20 16 10 | 09
#0067-d323 @A: 25 01 10 02 | 01
#0068-d323 @A: 21 10 01 17 | 05
#0069-d323 @A: 10 07 31 32 | 03
#0070-d323 @A: 10 21 35 15 | 02
#0071-d323 @A: 11 18 27 32 | 12
#0072-d323 @A: 33 16 27 15 | 08
#0073-d323 @A: 27 03 22 05 | 07
#0074-d323 @A: 20 27 19 22 | 11
#0075-d323 @A: 22 31 15 27 | 10
#0076-d323 @A: 27 25 14 20 | 04
#0077-d323 @A: 27 04 34 05 | 06
#0078-d323 @A: 27 20 02 21 | 09
#0079-d323 @A: 27 30 09 15 | 01
#0080-d323 @A: 27 11 34 07 | 05
#0081-d323 @A: 04 27 11 09 | 03
#0082-d323 @A: 15 27 14 11 | 02
#0083-d323 @A: 18 07 24 22 | 12
#0084-d323 @A: 18 24 06 09 | 08
#0085-d323 @A: 24 14 18 05 | 07
#0086-d323 @A: 03 24 18 02 | 11
#0087-d323 @A: 16 22 34 18 | 10
#0088-d323 @A: 21 05 01 18 | 04
#0089-d323 @A: 01 18 03 19 | 06
#0090-d323 @A: 29 02 18 19 | 09
#0091-d323 @A: 18 15 07 32 | 01
#0092-d323 @A: 18 32 28 34 | 05
#0093-d323 @A: 21 18 30 31 | 03
#0094-d323 @A: 07 11 21 18 | 02
#0095-d323 @A: 09 02 18 34 | 12
#0096-d323 @A: 18 15 31 14 | 08
#0097-d323 @A: 02 28 31 18 | 07
#0098-d323 @A: 28 18 21 04 | 11
#0099-d323 @A: 24 15 33 02 | 10
#0100-d323 @A: 33 06 21 05 | 04
#0101-d323 @A: 19 11 06 33 | 06
#0102-d323 @A: 33 25 14 16 | 09
#0103-d323 @A: 31 25 19 33 | 01
#0104-d323 @A: 20 01 32 33 | 05
#0105-d323 @A: 30 33 01 17 | 03
#0106-d323 @A: 03 33 35 19 | 02
#0107-d323 @A: 07 02 30 33 | 12
#0108-d323 @A: 31 21 33 07 | 08
#0109-d323 @A: 30 05 09 24 | 07
#0110-d323 @A: 24 07 30 32 | 11
#0111-d323 @A: 21 15 24 31 | 10
#0112-d323 @A: 21 22 06 32 | 04
#0113-d323 @A: 05 22 31 16 | 06
#0114-d323 @A: 01 22 31 25 | 09
#0115-d323 @A: 11 01 05 22 | 01
#0116-d323 @A: 06 07 05 19 | 05
#0117-d323 @A: 20 07 02 06 | 03
#0118-d323 @A: 15 06 03 19 | 02
#0119-d323 @A: 34 04 06 02 | 12
#0120-d323 @A: 20 02 17 16 | 08
#0121-d323 @A: 16 32 21 09 | 07
#0122-d323 @A: 14 09 15 16 | 11
#0123-d323 @A: 25 11 19 01 | 10
#0124-d323 @A: 25 09 30 07 | 04
#0125-d323 @A: 14 28 25 17 | 06
#0126-d323 @A: 14 25 04 11 | 09
#0127-d323 @A: 34 05 30 02 | 01
#0128-d323 @A: 07 05 28 21 | 05
#0129-d323 @A: 05 15 31 29 | 03
#0130-d323 @A: 14 04 05 21 | 02
#0131-d323 @A: 02 31 01 07 | 12
#0132-d323 @A: 01 31 17 29 | 08
#0133-d323 @A: 17 35 15 01 | 07
#0134-d323 @A: 09 31 01 35 | 11
#0135-d323 @A: 04 09 28 01 | 10
#0136-d323 @A: 07 19 20 17 | 04
#0137-d323 @A: 29 09 20 03 | 06
#0138-d323 @A: 35 31 04 20 | 09
#0139-d323 @A: 28 20 04 15 | 01
#0140-d323 @A: 30 19 35 02 | 05
#0141-d323 @A: 31 02 21 34 | 03
#0142-d323 @A: 08 12 16 04 | 02
#0143-d323 @A: 12 23 07 18 | 12
#0144-d323 @A: 12 14 23 05 | 08
#0145-d323 @A: 12 13 28 18 | 07
#0146-d323 @A: 24 04 12 13 | 11
#0147-d323 @A: 12 05 28 10 | 10
#0148-d323 @A: 03 07 10 12 | 04
#0149-d323 @A: 30 16 33 12 | 06
#0150-d323 @A: 02 19 22 12 | 09
#0151-d323 @A: 20 05 11 12 | 01
#0152-d323 @A: 29 12 11 30 | 05
#0153-d323 @A: 12 31 30 03 | 03
#0154-d323 @A: 13 26 08 30 | 02
#0155-d323 @A: 26 08 33 07 | 12
#0156-d323 @A: 13 23 28 08 | 08
#0157-d323 @A: 13 08 10 03 | 07
#0158-d323 @A: 05 08 21 13 | 11
#0159-d323 @A: 08 27 28 05 | 10
#0160-d323 @A: 35 11 27 08 | 04
#0161-d323 @A: 08 16 18 29 | 06
#0162-d323 @A: 16 09 33 08 | 09
#0163-d323 @A: 15 21 08 33 | 01
#0164-d323 @A: 08 06 07 24 | 05
#0165-d323 @A: 24 08 29 02 | 03
#0166-d323 @A: 29 01 21 08 | 02
#0167-d323 @A: 14 08 31 21 | 12
#0168-d323 @A: 23 18 26 14 | 08
#0169-d323 @A: 18 10 02 26 | 07
#0170-d323 @A: 10 03 26 22 | 11
#0171-d323 @A: 21 16 26 27 | 10
#0172-d323 @A: 22 04 26 18 | 04
#0173-d323 @A: 07 26 16 18 | 06
#0174-d323 @A: 26 19 22 14 | 09
#0175-d323 @A: 29 16 26 25 | 01
#0176-d323 @A: 17 26 01 25 | 05
#0177-d323 @A: 05 26 04 09 | 03
#0178-d323 @A: 20 07 29 26 | 02
#0179-d323 @A: 32 21 30 26 | 12
#0180-d323 @A: 26 03 30 07 | 08
#0181-d323 @A: 26 15 35 02 | 07
#0182-d323 @A: 01 34 13 23 | 11
#0183-d323 @A: 23 14 30 13 | 10
#0184-d323 @A: 31 25 10 23 | 04
#0185-d323 @A: 10 15 01 23 | 06
#0186-d323 @A: 14 16 23 27 | 09
#0187-d323 @A: 27 11 25 23 | 01
#0188-d323 @A: 32 33 23 24 | 05
#0189-d323 @A: 23 15 33 20 | 03
#0190-d323 @A: 23 04 33 02 | 02
#0191-d323 @A: 06 24 03 23 | 12
#0192-d323 @A: 25 17 24 23 | 08
#0193-d323 @A: 23 19 21 22 | 07
#0194-d323 @A: 16 09 30 23 | 11
#0195-d323 @A: 21 30 23 25 | 10
#0196-d323 @A: 09 20 05 23 | 04
#0197-d323 @A: 28 20 17 23 | 06
#0198-d323 @A: 17 23 30 02 | 09
#0199-d323 @A: 23 03 31 02 | 01
#0200-d323 @A: 28 31 23 04 | 05
#0201-d323 @A: 34 23 03 28 | 03
#0202-d323 @A: 21 10 13 16 | 02
#0203-d323 @A: 13 24 14 33 | 12
#0204-d323 @A: 13 28 33 20 | 08
#0205-d323 @A: 33 15 19 13 | 07
#0206-d323 @A: 34 13 24 35 | 11
#0207-d323 @A: 05 13 19 34 | 10
#0208-d323 @A: 13 29 32 30 | 04
#0209-d323 @A: 21 03 13 31 | 06
#0210-d323 @A: 10 16 27 35 | 09
#0211-d323 @A: 27 10 15 05 | 01
#0212-d323 @A: 29 10 15 33 | 05
#0213-d323 @A: 10 17 32 24 | 03
#0214-d323 @A: 06 10 03 01 | 02
#0215-d323 @A: 06 11 10 28 | 12
#0216-d323 @A: 14 01 05 10 | 08
#0217-d323 @A: 21 11 34 10 | 07
#0218-d323 @A: 10 29 28 09 | 11
#0219-d323 @A: 18 27 01 14 | 10
#0220-d323 @A: 21 27 19 33 | 04
#0221-d323 @A: 11 16 27 22 | 06
#0222-d323 @A: 16 27 25 32 | 09
#0223-d323 @A: 15 07 27 17 | 01
#0224-d323 @A: 09 27 14 28 | 05
#0225-d323 @A: 18 33 21 16 | 03
#0226-d323 @A: 24 34 18 19 | 02
#0227-d323 @A: 29 18 15 24 | 12
#0228-d323 @A: 18 25 35 17 | 08
#0229-d323 @A: 30 14 32 18 | 07
#0230-d323 @A: 04 07 17 18 | 11
#0231-d323 @A: 18 07 14 29 | 10
#0232-d323 @A: 35 15 28 18 | 04
#0233-d323 @A: 16 29 33 24 | 06
#0234-d323 @A: 33 06 22 03 | 09
#0235-d323 @A: 22 34 05 33 | 01
#0236-d323 @A: 17 22 33 04 | 05
#0237-d323 @A: 20 33 21 25 | 03
#0238-d323 @A: 32 03 09 33 | 02
#0239-d323 @A: 33 09 11 15 | 12
#0240-d323 @A: 24 17 06 05 | 08
#0241-d323 @A: 30 06 24 01 | 07
#0242-d323 @A: 16 05 24 04 | 11
#0243-d323 @A: 28 24 19 02 | 10
#0244-d323 @A: 07 24 11 14 | 04
#0245-d323 @A: 24 21 17 28 | 06
#0246-d323 @A: 35 24 11 02 | 09
#0247-d323 @A: 04 28 14 24 | 01
#0248-d323 @A: 06 05 28 22 | 05
#0249-d323 @A: 31 02 16 22 | 03
#0250-d323 @A: 04 01 22 35 | 02
#0251-d323 @A: 20 03 22 15 | 12
#0252-d323 @A: 30 17 22 34 | 08
#0253-d323 @A: 21 22 11 15 | 07
#0254-d323 @A: 03 04 22 11 | 11
#0255-d323 @A: 34 29 22 04 | 10
#0256-d323 @A: 06 09 35 32 | 04
#0257-d323 @A: 30 04 14 06 | 06
#0258-d323 @A: 11 06 35 17 | 09
#0259-d323 @A: 25 15 16 20 | 01
#0260-d323 @A: 01 02 16 19 | 05
#0261-d323 @A: 16 02 07 35 | 03
#0262-d323 @A: 25 28 29 05 | 02
#0263-d323 @A: 28 31 15 25 | 12
#0264-d323 @A: 14 29 25 21 | 08
#0265-d323 @A: 17 05 30 32 | 07
#0266-d323 @A: 05 07 15 09 | 11
#0267-d323 @A: 17 29 05 14 | 10
#0268-d323 @A: 17 34 05 03 | 04
#0269-d323 @A: 09 05 15 02 | 06
#0270-d323 @A: 35 05 14 15 | 09
#0271-d323 @A: 01 32 31 11 | 01
#0272-d323 @A: 01 30 28 21 | 05
#0273-d323 @A: 21 01 34 07 | 03
#0274-d323 @A: 01 11 14 35 | 02
#0275-d323 @A: 14 09 29 01 | 12
#0276-d323 @A: 29 28 01 34 | 08
#0277-d323 @A: 32 29 19 15 | 07
#0278-d323 @A: 15 19 07 14 | 11
#0279-d323 @A: 15 11 19 35 | 10
#0280-d323 @A: 32 02 21 28 | 04
#0281-d323 @A: 12 19 08 21 | 06
#0282-d323 @A: 12 08 30 02 | 09
#0283-d323 @A: 12 27 26 18 | 01
#0284-d323 @A: 28 12 26 15 | 05
#0285-d323 @A: 28 26 12 02 | 03
#0286-d323 @A: 23 12 19 09 | 02
#0287-d323 @A: 12 27 17 21 | 12
#0288-d323 @A: 04 12 05 18 | 08
#0289-d323 @A: 18 15 20 12 | 07
#0290-d323 @A: 12 29 09 18 | 11
#0291-d323 @A: 05 29 12 06 | 10
#0292-d323 @A: 35 06 12 19 | 04
#0293-d323 @A: 01 25 15 12 | 06
#0294-d323 @A: 17 32 07 12 | 09
#0295-d323 @A: 11 32 12 04 | 01
#0296-d323 @A: 12 21 32 14 | 05
#0297-d323 @A: 12 11 09 07 | 03
#0298-d323 @A: 26 08 20 15 | 02
#0299-d323 @A: 10 08 25 32 | 12
#0300-d323 @A: 08 01 27 22 | 08
#0301-d323 @A: 08 20 33 03 | 07
#0302-d323 @A: 31 02 33 08 | 11
#0303-d323 @A: 16 06 08 32 | 10
#0304-d323 @A: 14 25 08 15 | 04
#0305-d323 @A: 19 05 11 08 | 06
#0306-d323 @A: 04 07 31 08 | 09
#0307-d323 @A: 09 31 08 15 | 01
#0308-d323 @A: 04 08 21 35 | 05
#0309-d323 @A: 32 26 01 27 | 03
#0310-d323 @A: 26 34 27 28 | 02
#0311-d323 @A: 21 33 01 26 | 12
#0312-d323 @A: 26 20 33 11 | 08
#0313-d323 @A: 28 26 06 25 | 07
#0314-d323 @A: 26 29 02 06 | 11
#0315-d323 @A: 26 21 19 07 | 10
#0316-d323 @A: 30 14 34 26 | 04
#0317-d323 @A: 29 31 11 26 | 06
#0318-d323 @A: 29 15 26 14 | 09
#0319-d323 @A: 23 03 27 21 | 01
#0320-d323 @A: 16 23 18 17 | 05
#0321-d323 @A: 23 18 03 20 | 03
#0322-d323 @A: 24 23 01 14 | 02
#0323-d323 @A: 23 15 25 06 | 12
#0324-d323 @A: 07 03 32 23 | 08
#0325-d323 @A: 23 31 15 07 | 07
#0326-d323 @A: 34 13 27 10 | 11
#0327-d323 @A: 13 05 16 18 | 10
#0328-d323 @A: 25 01 06 13 | 04
#0329-d323 @A: 13 07 09 06 | 06
#0330-d323 @A: 04 07 32 13 | 09
#0331-d323 @A: 32 13 14 03 | 01
#0332-d323 @A: 13 17 29 09 | 05
#0333-d323 @A: 11 35 09 13 | 03
#0334-d323 @A: 28 13 34 15 | 02
#0335-d323 @A: 10 20 18 32 | 12
#0336-d323 @A: 19 10 18 11 | 08
#0337-d323 @A: 33 25 10 03 | 07
#0338-d323 @A: 31 10 33 05 | 11
#0339-d323 @A: 10 24 34 16 | 10
#0340-d323 @A: 25 06 10 34 | 04
#0341-d323 @A: 10 14 05 02 | 06
#0342-d323 @A: 10 21 04 32 | 09
#0343-d323 @A: 15 30 10 31 | 01
#0344-d323 @A: 34 17 10 07 | 05
#0345-d323 @A: 07 10 35 14 | 03
#0346-d323 @A: 07 10 02 34 | 02
#0347-d323 @A: 09 17 10 11 | 12
#0348-d323 @A: 03 10 29 11 | 08
#0349-d323 @A: 27 15 18 02 | 07
#0350-d323 @A: 31 32 27 34 | 11
#0351-d323 @A: 30 27 29 34 | 10
#0352-d323 @A: 31 07 27 29 | 04
#0353-d323 @A: 34 35 09 27 | 06
#0354-d323 @A: 35 03 27 31 | 09
#0355-d323 @A: 30 22 19 18 | 01
#0356-d323 @A: 25 18 31 11 | 05
#0357-d323 @A: 11 05 09 18 | 03
#0358-d323 @A: 18 28 31 09 | 02
#0359-d323 @A: 22 24 33 25 | 12
#0360-d323 @A: 22 03 02 33 | 08
#0361-d323 @A: 19 16 07 33 | 07
#0362-d323 @A: 14 33 30 29 | 11
#0363-d323 @A: 22 24 20 02 | 10
#0364-d323 @A: 24 19 28 01 | 04
#0365-d323 @A: 07 28 24 34 | 06
#0366-d323 @A: 29 25 22 06 | 09
#0367-d323 @A: 22 09 14 25 | 01
#0368-d323 @A: 05 02 01 22 | 05
#0369-d323 @A: 14 35 28 22 | 03
#0370-d323 @A: 29 34 02 22 | 02
#0371-d323 @A: 09 06 25 20 | 12
#0372-d323 @A: 17 25 06 32 | 08
#0373-d323 @A: 07 01 06 14 | 07
#0374-d323 @A: 32 11 06 14 | 11
#0375-d323 @A: 35 19 16 25 | 10
#0376-d323 @A: 16 14 19 05 | 04
#0377-d323 @A: 29 11 14 16 | 06
#0378-d323 @A: 21 28 14 16 | 09
#0379-d323 @A: 32 05 25 01 | 01
#0380-d323 @A: 03 25 09 11 | 05
#0381-d323 @A: 14 05 11 30 | 03
#0382-d323 @A: 14 05 03 07 | 02
#0383-d323 @A: 15 01 20 34 | 12
#0384-d323 @A: 03 17 01 28 | 08
#0385-d323 @A: 01 11 21 09 | 07
#0386-d323 @A: 01 34 14 04 | 11
#0387-d323 @A: 21 02 01 15 | 10
#0388-d323 @A: 20 19 30 03 | 04
#0389-d323 @A: 11 07 32 20 | 06
#0390-d323 @A: 20 31 14 29 | 09
#0391-d323 @A: 20 04 02 28 | 01
#0392-d323 @A: 07 32 19 09 | 05
#0393-d323 @A: 17 31 04 19 | 03
#0394-d323 @A: 02 29 28 07 | 02
#0395-d323 @A: 02 17 14 35 | 12
#0396-d323 @A: 09 21 02 14 | 08
#0397-d323 @A: 26 11 24 12 | 07
#0398-d323 @A: 12 23 16 29 | 11
#0399-d323 @A: 21 20 23 12 | 10
#0400-d323 @A: 16 12 32 13 | 04
#0401-d323 @A: 10 21 12 18 | 06
#0402-d323 @A: 12 22 09 10 | 09
#0403-d323 @A: 19 12 17 18 | 01
#0404-d323 @A: 12 16 07 24 | 05
#0405-d323 @A: 12 06 15 16 | 03
#0406-d323 @A: 12 03 20 25 | 02
#0407-d323 @A: 12 19 05 15 | 12
#0408-d323 @A: 35 34 12 30 | 08
#0409-d323 @A: 17 31 14 12 | 07
#0410-d323 @A: 09 31 12 02 | 11
#0411-d323 @A: 12 35 15 31 | 10
#0412-d323 @A: 04 14 35 12 | 04
#0413-d323 @A: 08 09 23 21 | 06
#0414-d323 @A: 09 23 08 02 | 09
#0415-d323 @A: 08 18 13 32 | 01
#0416-d323 @A: 08 20 27 17 | 05
#0417-d323 @A: 25 08 24 01 | 03
#0418-d323 @A: 24 08 28 15 | 02
#0419-d323 @A: 02 07 22 08 | 12
#0420-d323 @A: 15 06 05 08 | 08
#0421-d323 @A: 16 17 08 05 | 07
#0422-d323 @A: 20 08 21 16 | 11
#0423-d323 @A: 08 16 02 14 | 10
#0424-d323 @A: 32 14 08 09 | 04
#0425-d323 @A: 34 32 35 08 | 06
#0426-d323 @A: 04 32 08 15 | 09
#0427-d323 @A: 17 03 21 08 | 01
#0428-d323 @A: 03 34 08 09 | 05
#0429-d323 @A: 35 29 31 08 | 03
#0430-d323 @A: 27 10 26 07 | 02
#0431-d323 @A: 26 30 10 25 | 12
#0432-d323 @A: 31 01 10 26 | 08
#0433-d323 @A: 24 19 26 15 | 07
#0434-d323 @A: 26 11 34 06 | 11
#0435-d323 @A: 02 11 16 26 | 10
#0436-d323 @A: 16 09 03 26 | 04
#0437-d323 @A: 19 26 02 20 | 06
#0438-d323 @A: 17 09 26 34 | 09
#0439-d323 @A: 11 14 21 26 | 01
#0440-d323 @A: 28 03 26 31 | 05
#0441-d323 @A: 26 03 15 21 | 03
#0442-d323 @A: 23 09 10 13 | 02
#0443-d323 @A: 10 23 27 17 | 12
#0444-d323 @A: 23 18 04 10 | 08
#0445-d323 @A: 27 31 05 23 | 07
#0446-d323 @A: 27 01 02 23 | 11
#0447-d323 @A: 27 19 23 04 | 10
#0448-d323 @A: 23 33 31 29 | 04
#0449-d323 @A: 22 23 24 31 | 06
#0450-d323 @A: 01 23 06 32 | 09
#0451-d323 @A: 32 23 21 05 | 01
#0452-d323 @A: 11 15 32 23 | 05
#0453-d323 @A: 28 23 07 11 | 03
#0454-d323 @A: 34 23 15 17 | 02
#0455-d323 @A: 23 04 17 29 | 12
#0456-d323 @A: 23 11 34 29 | 08
#0457-d323 @A: 09 03 04 23 | 07
#0458-d323 @A: 25 13 28 10 | 11
#0459-d323 @A: 13 18 29 34 | 10
#0460-d323 @A: 13 16 35 33 | 04
#0461-d323 @A: 33 13 05 29 | 06
#0462-d323 @A: 29 33 02 13 | 09
#0463-d323 @A: 03 13 16 20 | 01
#0464-d323 @A: 13 25 32 20 | 05
#0465-d323 @A: 01 20 13 31 | 03
#0466-d323 @A: 13 11 17 20 | 02
#0467-d323 @A: 13 04 11 19 | 12
#0468-d323 @A: 13 17 07 28 | 08
#0469-d323 @A: 03 15 04 13 | 07
#0470-d323 @A: 24 25 14 10 | 11
#0471-d323 @A: 20 24 15 10 | 10
#0472-d323 @A: 10 16 29 01 | 04
#0473-d323 @A: 10 35 05 25 | 06
#0474-d323 @A: 02 32 35 10 | 09
#0475-d323 @A: 31 04 11 10 | 01
#0476-d323 @A: 14 17 27 33 | 05
#0477-d323 @A: 11 27 33 29 | 03
#0478-d323 @A: 27 25 22 30 | 02
#0479-d323 @A: 27 22 29 17 | 12
#0480-d323 @A: 27 16 29 06 | 08
#0481-d323 @A: 27 14 34 06 | 07
#0482-d323 @A: 02 25 34 27 | 11
#0483-d323 @A: 33 35 18 24 | 10
#0484-d323 @A: 24 31 18 17 | 04
#0485-d323 @A: 20 19 16 18 | 06
#0486-d323 @A: 20 05 18 31 | 09
#0487-d323 @A: 20 17 18 01 | 01
#0488-d323 @A: 35 04 32 18 | 05
#0489-d323 @A: 18 35 11 34 | 03
#0490-d323 @A: 04 29 18 11 | 02
#0491-d323 @A: 31 03 29 18 | 12
#0492-d323 @A: 24 15 01 33 | 08
#0493-d323 @A: 22 19 28 33 | 07
#0494-d323 @A: 01 06 33 02 | 11
#0495-d323 @A: 33 05 30 20 | 10
#0496-d323 @A: 07 15 04 33 | 04
#0497-d323 @A: 34 09 31 33 | 06
#0498-d323 @A: 09 24 01 22 | 09
#0499-d323 @A: 24 06 04 20 | 01
#0500-d323 @A: 30 17 16 24 | 05
#0501-d323 @A: 19 24 09 25 | 03
#0502-d323 @A: 25 35 15 24 | 02
#0503-d323 @A: 24 19 14 21 | 12
#0504-d323 @A: 32 02 31 24 | 08
#0505-d323 @A: 32 29 24 14 | 07
#0506-d323 @A: 09 07 24 04 | 11
#0507-d323 @A: 09 14 24 03 | 10
#0508-d323 @A: 22 16 32 20 | 04
#0509-d323 @A: 22 05 07 30 | 06
#0510-d323 @A: 34 22 15 19 | 09
#0511-d323 @A: 04 35 22 02 | 01
#0512-d323 @A: 16 06 02 21 | 05
#0513-d323 @A: 31 05 04 06 | 03
#0514-d323 @A: 28 06 31 07 | 02
#0515-d323 @A: 11 06 03 21 | 12
#0516-d323 @A: 09 21 14 06 | 08
#0517-d323 @A: 16 01 07 25 | 07
#0518-d323 @A: 30 05 16 02 | 11
#0519-d323 @A: 29 28 16 07 | 10
#0520-d323 @A: 25 31 03 05 | 04
#0521-d323 @A: 17 04 30 25 | 06
#0522-d323 @A: 05 01 31 19 | 09
#0523-d323 @A: 30 05 03 29 | 01
#0524-d323 @A: 04 11 05 28 | 05
#0525-d323 @A: 01 09 15 32 | 03
#0526-d323 @A: 01 28 32 14 | 02
#0527-d323 @A: 11 04 30 01 | 12
#0528-d323 @A: 34 35 03 01 | 08
#0529-d323 @A: 20 30 32 02 | 07
#0530-d323 @A: 29 20 32 21 | 11
#0531-d323 @A: 07 20 30 14 | 10
#0532-d323 @A: 17 30 15 20 | 04
#0533-d323 @A: 20 11 34 31 | 06
#0534-d323 @A: 15 09 21 20 | 09
#0535-d323 @A: 21 30 19 35 | 01
#0536-d323 @A: 19 04 15 30 | 05
#0537-d323 @A: 34 14 11 19 | 03
#0538-d323 @A: 03 31 14 19 | 02
#0539-d323 @A: 30 03 02 28 | 12
#0540-d323 @A: 23 12 31 08 | 08
#0541-d323 @A: 18 08 14 12 | 07
#0542-d323 @A: 12 25 11 08 | 11
#0543-d323 @A: 13 25 12 17 | 10
#0544-d323 @A: 12 13 20 07 | 04
#0545-d323 @A: 32 10 06 12 | 06
#0546-d323 @A: 34 12 10 19 | 09
#0547-d323 @A: 18 06 12 34 | 01
#0548-d323 @A: 17 33 12 05 | 05
#0549-d323 @A: 21 12 33 04 | 03
#0550-d323 @A: 20 12 24 29 | 02
#0551-d323 @A: 16 35 12 05 | 12
#0552-d323 @A: 03 21 12 16 | 08
#0553-d323 @A: 31 12 34 21 | 07
#0554-d323 @A: 12 29 15 21 | 11
#0555-d323 @A: 22 26 08 29 | 10
#0556-d323 @A: 08 03 26 01 | 04
#0557-d323 @A: 23 08 11 06 | 06
#0558-d323 @A: 13 27 09 08 | 09
#0559-d323 @A: 07 25 08 13 | 01
#0560-d323 @A: 34 08 18 10 | 05
#0561-d323 @A: 10 08 01 30 | 03
#0562-d323 @A: 04 17 10 08 | 02
#0563-d323 @A: 22 18 28 08 | 12
#0564-d323 @A: 07 20 18 08 | 08
#0565-d323 @A: 25 08 05 04 | 07
#0566-d323 @A: 04 08 14 03 | 11
#0567-d323 @A: 35 03 15 08 | 10
#0568-d323 @A: 21 26 10 23 | 04
#0569-d323 @A: 01 26 13 29 | 06
#0570-d323 @A: 10 05 34 26 | 09
#0571-d323 @A: 27 26 06 17 | 01
#0572-d323 @A: 26 32 18 31 | 05
#0573-d323 @A: 15 33 06 26 | 03
#0574-d323 @A: 24 03 26 04 | 02
#0575-d323 @A: 31 22 26 06 | 12
#0576-d323 @A: 15 25 22 26 | 08
#0577-d323 @A: 14 06 20 26 | 07
#0578-d323 @A: 09 26 19 06 | 11
#0579-d323 @A: 04 26 32 06 | 10
#0580-d323 @A: 15 17 31 26 | 04
#0581-d323 @A: 26 14 04 17 | 06
#0582-d323 @A: 26 35 14 09 | 09
#0583-d323 @A: 35 31 21 26 | 01
#0584-d323 @A: 26 04 15 35 | 05
#0585-d323 @A: 13 27 07 23 | 03
#0586-d323 @A: 18 13 24 23 | 02
#0587-d323 @A: 21 23 13 33 | 12
#0588-d323 @A: 32 23 22 13 | 08
#0589-d323 @A: 14 20 10 23 | 07
#0590-d323 @A: 23 02 10 11 | 11
#0591-d323 @A: 23 30 01 27 | 10
#0592-d323 @A: 30 34 23 18 | 04
#0593-d323 @A: 25 23 07 20 | 06
#0594-d323 @A: 15 30 23 29 | 09
#0595-d323 @A: 24 13 07 10 | 01
#0596-d323 @A: 14 13 10 15 | 05
#0597-d323 @A: 13 18 33 17 | 03
#0598-d323 @A: 13 06 18 30 | 02
#0599-d323 @A: 18 13 17 02 | 12
#0600-d323 @A: 24 25 13 29 | 08
#0601-d323 @A: 09 32 13 24 | 07
#0602-d323 @A: 02 13 15 22 | 11
#0603-d323 @A: 13 31 25 35 | 10
#0604-d323 @A: 20 05 15 13 | 04
#0605-d323 @A: 07 01 35 13 | 06
#0606-d323 @A: 15 13 32 17 | 09
#0607-d323 @A: 13 34 17 14 | 01
#0608-d323 @A: 21 13 04 17 | 05
#0609-d323 @A: 09 02 28 13 | 03
#0610-d323 @A: 21 27 25 10 | 02
#0611-d323 @A: 10 28 27 19 | 12
#0612-d323 @A: 16 10 19 30 | 08
#0613-d323 @A: 03 10 16 28 | 07
#0614-d323 @A: 10 04 16 02 | 11
#0615-d323 @A: 31 10 34 35 | 10
#0616-d323 @A: 02 31 10 15 | 04
#0617-d323 @A: 10 02 21 03 | 06
#0618-d323 @A: 27 18 21 22 | 09
#0619-d323 @A: 29 18 27 05 | 01
#0620-d323 @A: 05 32 33 27 | 05
#0621-d323 @A: 27 33 34 01 | 03
#0622-d323 @A: 27 28 22 07 | 02
#0623-d323 @A: 20 05 21 27 | 12
#0624-d323 @A: 02 27 19 05 | 08
#0625-d323 @A: 01 20 09 27 | 07
#0626-d323 @A: 29 14 27 03 | 11
#0627-d323 @A: 15 21 04 27 | 10
#0628-d323 @A: 18 20 34 33 | 04
#0629-d323 @A: 18 01 32 22 | 06
#0630-d323 @A: 06 18 25 07 | 09
#0631-d323 @A: 16 18 32 03 | 01
#0632-d323 @A: 16 35 18 30 | 05
#0633-d323 @A: 24 28 06 33 | 03
#0634-d323 @A: 05 24 33 07 | 02
#0635-d323 @A: 33 20 31 16 | 12
#0636-d323 @A: 25 33 29 01 | 08
#0637-d323 @A: 32 33 21 11 | 07
#0638-d323 @A: 32 15 31 33 | 11
#0639-d323 @A: 17 07 33 35 | 10
#0640-d323 @A: 02 33 34 35 | 04
#0641-d323 @A: 24 19 11 16 | 06
#0642-d323 @A: 24 21 05 25 | 09
#0643-d323 @A: 03 24 25 32 | 01
#0644-d323 @A: 05 29 01 24 | 05
#0645-d323 @A: 35 11 24 32 | 03
#0646-d323 @A: 30 24 04 35 | 02
#0647-d323 @A: 09 34 11 24 | 12
#0648-d323 @A: 24 04 29 21 | 08
#0649-d323 @A: 06 16 30 22 | 07
#0650-d323 @A: 22 11 06 09 | 11
#0651-d323 @A: 06 28 22 02 | 10
#0652-d323 @A: 22 14 07 32 | 04
#0653-d323 @A: 22 02 21 30 | 06
#0654-d323 @A: 07 03 22 21 | 09
#0655-d323 @A: 17 22 03 14 | 01
#0656-d323 @A: 22 04 15 14 | 05
#0657-d323 @A: 05 32 06 20 | 03
#0658-d323 @A: 17 34 06 28 | 02
#0659-d323 @A: 09 31 03 06 | 12
#0660-d323 @A: 29 04 16 19 | 08
#0661-d323 @A: 16 29 34 15 | 07
#0662-d323 @A: 25 30 20 01 | 11
#0663-d323 @A: 25 29 31 30 | 10
#0664-d323 @A: 31 09 05 14 | 04
#0665-d323 @A: 01 02 20 09 | 06
#0666-d323 @A: 29 04 15 01 | 09
#0667-d323 @A: 35 20 31 02 | 01
#0668-d323 @A: 20 34 03 21 | 05
#0669-d323 @A: 17 19 29 30 | 03
#0670-d323 @A: 17 34 19 35 | 02
#0671-d323 @A: 04 09 21 19 | 12
#0672-d323 @A: 19 28 31 35 | 08
#0673-d323 @A: 31 29 34 19 | 07
#0674-d323 @A: 03 14 19 02 | 11
#0675-d323 @A: 28 02 32 11 | 10
#0676-d323 @A: 12 03 08 05 | 04
#0677-d323 @A: 08 07 15 12 | 06
#0678-d323 @A: 26 12 33 29 | 09
#0679-d323 @A: 31 26 12 20 | 01
#0680-d323 @A: 12 35 27 23 | 05
#0681-d323 @A: 13 27 05 12 | 03
#0682-d323 @A: 13 16 02 12 | 02
#0683-d323 @A: 11 13 01 12 | 12
#0684-d323 @A: 31 33 27 12 | 08
#0685-d323 @A: 12 33 19 20 | 07
#0686-d323 @A: 24 01 21 12 | 11
#0687-d323 @A: 25 35 22 12 | 10
#0688-d323 @A: 20 09 12 16 | 04
#0689-d323 @A: 34 20 12 32 | 06
#0690-d323 @A: 04 12 07 02 | 09
#0691-d323 @A: 29 35 17 12 | 01
#0692-d323 @A: 04 08 20 23 | 05
#0693-d323 @A: 08 22 11 13 | 03
#0694-d323 @A: 08 13 01 15 | 02
#0695-d323 @A: 06 18 02 08 | 12
#0696-d323 @A: 09 19 18 08 | 08
#0697-d323 @A: 15 18 08 11 | 07
#0698-d323 @A: 08 33 32 19 | 11
#0699-d323 @A: 25 34 22 08 | 10
#0700-d323 @A: 31 06 25 08 | 04
#0701-d323 @A: 14 06 08 29 | 06
#0702-d323 @A: 20 08 32 30 | 09
#0703-d323 @A: 08 17 32 28 | 01
#0704-d323 @A: 08 34 30 15 | 05
#0705-d323 @A: 08 04 11 34 | 03
#0706-d323 @A: 28 08 34 31 | 02
#0707-d323 @A: 23 11 26 01 | 12
#0708-d323 @A: 19 20 23 26 | 08
#0709-d323 @A: 26 13 16 24 | 07
#0710-d323 @A: 34 26 22 13 | 11
#0711-d323 @A: 26 16 10 06 | 10
#0712-d323 @A: 26 06 01 18 | 04
#0713-d323 @A: 18 35 26 19 | 06
#0714-d323 @A: 24 31 26 33 | 09
#0715-d323 @A: 20 26 22 35 | 01
#0716-d323 @A: 05 01 15 26 | 05
#0717-d323 @A: 32 17 03 26 | 03
#0718-d323 @A: 26 30 29 09 | 02
#0719-d323 @A: 26 28 07 14 | 12
#0720-d323 @A: 28 09 26 21 | 08
#0721-d323 @A: 23 05 02 13 | 07
#0722-d323 @A: 23 31 19 13 | 11
#0723-d323 @A: 23 29 03 13 | 10
#0724-d323 @A: 23 32 18 09 | 04
#0725-d323 @A: 35 25 23 33 | 06
#0726-d323 @A: 23 07 33 01 | 09
#0727-d323 @A: 33 23 19 14 | 01
#0728-d323 @A: 23 30 33 04 | 05
#0729-d323 @A: 29 24 23 35 | 03
#0730-d323 @A: 14 22 06 23 | 02
#0731-d323 @A: 25 22 23 04 | 12
#0732-d323 @A: 05 23 25 16 | 08
#0733-d323 @A: 16 35 15 23 | 07
#0734-d323 @A: 23 25 19 28 | 11
#0735-d323 @A: 14 23 25 34 | 10
#0736-d323 @A: 23 30 32 28 | 04
#0737-d323 @A: 23 28 21 15 | 06
#0738-d323 @A: 19 10 29 13 | 09
#0739-d323 @A: 06 27 13 11 | 01
#0740-d323 @A: 18 25 13 14 | 05
#0741-d323 @A: 20 18 13 04 | 03
#0742-d323 @A: 19 21 13 18 | 02
#0743-d323 @A: 13 06 20 34 | 12
#0744-d323 @A: 30 13 35 05 | 08
#0745-d323 @A: 19 13 01 14 | 07
#0746-d323 @A: 02 20 13 14 | 11
#0747-d323 @A: 32 21 13 35 | 10
#0748-d323 @A: 11 07 13 29 | 04
#0749-d323 @A: 21 07 13 14 | 06
#0750-d323 @A: 35 03 17 13 | 09
#0751-d323 @A: 13 11 14 28 | 01
#0752-d323 @A: 04 27 03 10 | 05
#0753-d323 @A: 19 31 10 22 | 03
#0754-d323 @A: 10 22 21 30 | 02
#0755-d323 @A: 06 17 10 29 | 12
#0756-d323 @A: 10 19 05 21 | 08
#0757-d323 @A: 01 19 10 20 | 07
#0758-d323 @A: 01 34 10 09 | 11
#0759-d323 @A: 10 09 20 31 | 10
#0760-d323 @A: 10 09 21 07 | 04
#0761-d323 @A: 10 35 28 17 | 06
#0762-d323 @A: 14 10 21 03 | 09
#0763-d323 @A: 18 20 27 35 | 01
#0764-d323 @A: 27 33 22 35 | 05
#0765-d323 @A: 27 20 07 33 | 03
#0766-d323 @A: 11 05 27 24 | 02
#0767-d323 @A: 06 30 19 27 | 12
#0768-d323 @A: 16 27 04 01 | 08
#0769-d323 @A: 25 27 01 28 | 07
#0770-d323 @A: 27 17 32 09 | 11
#0771-d323 @A: 35 27 17 04 | 10
#0772-d323 @A: 22 25 03 18 | 04
#0773-d323 @A: 35 22 05 18 | 06
#0774-d323 @A: 06 18 05 03 | 09
#0775-d323 @A: 29 02 25 18 | 01
#0776-d323 @A: 05 32 19 18 | 05
#0777-d323 @A: 03 11 18 28 | 03
#0778-d323 @A: 14 34 09 18 | 02
#0779-d323 @A: 19 30 33 24 | 12
#0780-d323 @A: 04 19 05 33 | 08
#0781-d323 @A: 34 33 21 17 | 07
#0782-d323 @A: 33 15 35 34 | 11
#0783-d323 @A: 06 34 24 22 | 10
#0784-d323 @A: 14 16 24 20 | 04
#0785-d323 @A: 24 34 25 30 | 06
#0786-d323 @A: 14 31 24 30 | 09
#0787-d323 @A: 24 09 02 07 | 01
#0788-d323 @A: 04 17 24 11 | 05
#0789-d323 @A: 15 34 24 14 | 03
#0790-d323 @A: 04 20 22 05 | 02
#0791-d323 @A: 20 01 22 21 | 12
#0792-d323 @A: 30 04 22 28 | 08
#0793-d323 @A: 22 35 07 34 | 07
#0794-d323 @A: 21 06 31 16 | 11
#0795-d323 @A: 06 14 05 25 | 10
#0796-d323 @A: 25 06 19 21 | 04
#0797-d323 @A: 03 06 35 20 | 06
#0798-d323 @A: 19 31 06 02 | 09
#0799-d323 @A: 06 11 30 07 | 01
#0800-d323 @A: 06 11 04 15 | 05
#0801-d323 @A: 14 28 06 03 | 03
#0802-d323 @A: 34 21 29 06 | 02
#0803-d323 @A: 16 30 03 14 | 12
#0804-d323 @A: 16 35 04 03 | 08
#0805-d323 @A: 20 19 25 05 | 07
#0806-d323 @A: 25 07 19 29 | 11
#0807-d323 @A: 30 11 25 32 | 10
#0808-d323 @A: 25 34 32 07 | 04
#0809-d323 @A: 25 07 14 31 | 06
#0810-d323 @A: 03 07 25 35 | 09
#0811-d323 @A: 31 25 21 09 | 01
#0812-d323 @A: 05 20 14 28 | 05
#0813-d323 @A: 05 17 07 11 | 03
#0814-d323 @A: 05 02 07 03 | 02
#0815-d323 @A: 35 17 05 09 | 12
#0816-d323 @A: 01 07 29 32 | 08
#0817-d323 @A: 09 30 03 01 | 07
#0818-d323 @A: 34 31 01 30 | 11
#0819-d323 @A: 07 04 01 03 | 10
#0820-d323 @A: 11 01 02 34 | 04
#0821-d323 @A: 34 09 20 19 | 06
#0822-d323 @A: 15 19 31 20 | 09
#0823-d323 @A: 20 04 14 19 | 01
#0824-d323 @A: 09 04 20 32 | 05
#0825-d323 @A: 20 28 32 03 | 03
#0826-d323 @A: 11 35 28 20 | 02
#0827-d323 @A: 28 21 20 31 | 12
#0828-d323 @A: 04 19 28 32 | 08
#0829-d323 @A: 04 19 35 07 | 07
#0830-d323 @A: 07 03 28 19 | 11
#0831-d323 @A: 28 21 19 34 | 10
#0832-d323 @A: 02 32 17 03 | 04
#0833-d323 @A: 02 29 32 09 | 06
#0834-d323 @A: 08 10 33 12 | 09
#0835-d323 @A: 26 21 25 12 | 01
#0836-d323 @A: 12 01 26 09 | 05
#0837-d323 @A: 12 30 13 22 | 03
#0838-d323 @A: 19 12 13 03 | 02
#0839-d323 @A: 22 12 24 05 | 12
#0840-d323 @A: 28 24 12 25 | 08
#0841-d323 @A: 31 11 12 06 | 07
#0842-d323 @A: 12 07 19 01 | 11
#0843-d323 @A: 34 12 15 09 | 10
#0844-d323 @A: 26 02 08 21 | 04
#0845-d323 @A: 08 27 23 15 | 06
#0846-d323 @A: 05 23 08 29 | 09
#0847-d323 @A: 17 13 08 06 | 01
#0848-d323 @A: 20 08 14 13 | 05
#0849-d323 @A: 28 21 10 08 | 03
#0850-d323 @A: 19 08 14 27 | 02
#0851-d323 @A: 27 08 34 21 | 12
#0852-d323 @A: 27 03 02 08 | 08
#0853-d323 @A: 03 08 06 30 | 07
#0854-d323 @A: 19 25 17 08 | 11
#0855-d323 @A: 35 05 08 07 | 10
#0856-d323 @A: 08 02 35 01 | 04
#0857-d323 @A: 04 08 02 19 | 06
#0858-d323 @A: 32 21 07 08 | 09
#0859-d323 @A: 14 07 34 08 | 01
#0860-d323 @A: 03 08 28 29 | 05
#0861-d323 @A: 13 23 26 25 | 03
#0862-d323 @A: 23 33 26 03 | 02
#0863-d323 @A: 02 23 26 24 | 12
#0864-d323 @A: 22 28 23 26 | 08
#0865-d323 @A: 33 26 14 10 | 07
#0866-d323 @A: 26 27 24 35 | 11
#0867-d323 @A: 26 27 19 11 | 10
#0868-d323 @A: 02 30 27 26 | 04
#0869-d323 @A: 05 02 26 33 | 06
#0870-d323 @A: 20 26 24 32 | 09
#0871-d323 @A: 32 22 02 26 | 01
#0872-d323 @A: 04 02 26 01 | 05
#0873-d323 @A: 30 31 26 04 | 03
#0874-d323 @A: 06 23 30 10 | 02
#0875-d323 @A: 32 10 29 23 | 12
#0876-d323 @A: 18 21 23 06 | 08
#0877-d323 @A: 19 07 23 24 | 07
#0878-d323 @A: 23 01 03 05 | 11
#0879-d323 @A: 23 09 11 14 | 10
#0880-d323 @A: 04 27 13 22 | 04
#0881-d323 @A: 32 19 27 13 | 06
#0882-d323 @A: 24 13 02 25 | 09
#0883-d323 @A: 28 01 13 22 | 01
#0884-d323 @A: 19 13 22 07 | 05
#0885-d323 @A: 19 13 06 28 | 03
#0886-d323 @A: 31 28 13 16 | 02
#0887-d323 @A: 13 01 04 05 | 12
#0888-d323 @A: 31 13 30 17 | 08
#0889-d323 @A: 30 28 13 09 | 07
#0890-d323 @A: 02 14 13 30 | 11
#0891-d323 @A: 29 24 27 10 | 10
#0892-d323 @A: 28 01 18 10 | 04
#0893-d323 @A: 10 22 05 29 | 06
#0894-d323 @A: 22 10 20 34 | 09
#0895-d323 @A: 14 06 19 10 | 01
#0896-d323 @A: 19 02 10 09 | 05
#0897-d323 @A: 10 32 15 34 | 03
#0898-d323 @A: 09 10 14 04 | 02
#0899-d323 @A: 27 15 18 25 | 12
#0900-d323 @A: 17 18 34 27 | 08
#0901-d323 @A: 24 27 03 33 | 07
#0902-d323 @A: 27 02 24 16 | 11
#0903-d323 @A: 27 09 06 05 | 10
#0904-d323 @A: 27 01 06 31 | 04
#0905-d323 @A: 30 16 27 05 | 06
#0906-d323 @A: 20 31 30 27 | 09
#0907-d323 @A: 27 35 15 32 | 01
#0908-d323 @A: 04 07 30 27 | 05
#0909-d323 @A: 27 30 11 17 | 03
#0910-d323 @A: 02 27 35 07 | 02
#0911-d323 @A: 20 29 22 18 | 12
#0912-d323 @A: 16 15 18 01 | 08
#0913-d323 @A: 18 11 17 14 | 07
#0914-d323 @A: 17 28 18 29 | 11
#0915-d323 @A: 21 18 15 34 | 10
#0916-d323 @A: 28 33 16 34 | 04
#0917-d323 @A: 02 19 33 21 | 06
#0918-d323 @A: 32 33 30 34 | 09
#0919-d323 @A: 15 03 30 33 | 01
#0920-d323 @A: 14 09 33 07 | 05
#0921-d323 @A: 15 16 24 22 | 03
#0922-d323 @A: 05 24 03 19 | 02
#0923-d323 @A: 15 05 24 32 | 12
#0924-d323 @A: 21 32 34 24 | 08
#0925-d323 @A: 29 24 17 07 | 07
#0926-d323 @A: 24 11 31 03 | 11
#0927-d323 @A: 20 22 07 06 | 10
#0928-d323 @A: 06 04 19 22 | 04
#0929-d323 @A: 09 07 22 16 | 06
#0930-d323 @A: 25 17 05 22 | 09
#0931-d323 @A: 25 14 22 02 | 01
#0932-d323 @A: 32 03 29 22 | 05
#0933-d323 @A: 22 03 34 31 | 03
#0934-d323 @A: 16 06 19 34 | 02
#0935-d323 @A: 03 02 25 06 | 12
#0936-d323 @A: 35 05 06 01 | 08
#0937-d323 @A: 11 30 02 06 | 07
#0938-d323 @A: 21 29 16 30 | 11
#0939-d323 @A: 28 15 16 30 | 10
#0940-d323 @A: 34 31 14 16 | 04
#0941-d323 @A: 25 35 21 01 | 06
#0942-d323 @A: 02 09 25 30 | 09
#0943-d323 @A: 21 25 17 07 | 01
#0944-d323 @A: 25 11 07 15 | 05
#0945-d323 @A: 25 21 28 11 | 03
#0946-d323 @A: 05 07 20 01 | 02
#0947-d323 @A: 17 05 31 21 | 12
#0948-d323 @A: 15 05 17 04 | 08
#0949-d323 @A: 29 05 17 02 | 07
#0950-d323 @A: 21 05 29 11 | 11
#0951-d323 @A: 34 05 35 29 | 10
#0952-d323 @A: 19 32 34 01 | 04
#0953-d323 @A: 20 35 30 29 | 06
#0954-d323 @A: 21 17 35 20 | 09
#0955-d323 @A: 17 03 04 20 | 01
#0956-d323 @A: 02 20 11 29 | 05
#0957-d323 @A: 02 19 32 15 | 03
#0958-d323 @A: 34 17 19 02 | 02
#0959-d323 @A: 12 08 13 29 | 12
#0960-d323 @A: 09 12 17 08 | 08
#0961-d323 @A: 23 26 12 30 | 07
#0962-d323 @A: 12 13 26 35 | 11
#0963-d323 @A: 07 12 06 26 | 10
#0964-d323 @A: 12 24 23 34 | 04
#0965-d323 @A: 12 31 10 13 | 06
#0966-d323 @A: 12 33 18 03 | 09
#0967-d323 @A: 16 11 12 18 | 01
#0968-d323 @A: 25 33 07 12 | 05
#0969-d323 @A: 34 01 22 12 | 03
#0970-d323 @A: 28 12 16 19 | 02
#0971-d323 @A: 09 21 05 12 | 12
#0972-d323 @A: 17 02 12 21 | 08
#0973-d323 @A: 12 04 28 03 | 07
#0974-d323 @A: 23 16 10 08 | 11
#0975-d323 @A: 03 08 25 23 | 10
#0976-d323 @A: 02 08 13 34 | 04
#0977-d323 @A: 06 08 09 10 | 06
#0978-d323 @A: 31 33 18 08 | 09
#0979-d323 @A: 18 08 30 05 | 01
#0980-d323 @A: 20 06 19 08 | 05
#0981-d323 @A: 05 20 34 08 | 03
#0982-d323 @A: 08 19 30 31 | 02
#0983-d323 @A: 30 17 08 07 | 12
#0984-d323 @A: 31 17 08 11 | 08
#0985-d323 @A: 15 11 08 02 | 07
#0986-d323 @A: 16 23 26 04 | 11
#0987-d323 @A: 23 26 31 34 | 10
#0988-d323 @A: 15 13 27 26 | 04
#0989-d323 @A: 26 33 13 09 | 06
#0990-d323 @A: 19 17 26 13 | 09
#0991-d323 @A: 10 11 15 26 | 01
#0992-d323 @A: 03 27 26 20 | 05
#0993-d323 @A: 18 30 26 15 | 03
#0994-d323 @A: 28 26 24 30 | 02
#0995-d323 @A: 07 01 22 26 | 12
#0996-d323 @A: 30 26 20 16 | 08
#0997-d323 @A: 26 25 32 14 | 07
#0998-d323 @A: 35 26 11 25 | 11
#0999-d323 @A: 05 26 03 11 | 10
#1000-d323 @A: 32 26 07 35 | 04
#1001-d323 @A: 26 34 07 15 | 06
#1002-d323 @A: 02 26 03 09 | 09
#1003-d323 @A: 04 26 34 21 | 01
#1004-d323 @A: 23 13 17 05 | 05
#1005-d323 @A: 10 22 23 35 | 03
#1006-d323 @A: 33 27 23 18 | 02
#1007-d323 @A: 27 09 23 24 | 12
#1008-d323 @A: 23 27 06 28 | 08
#1009-d323 @A: 11 18 23 22 | 07
#1010-d323 @A: 09 33 23 06 | 11
#1011-d323 @A: 33 05 23 11 | 10
#1012-d323 @A: 05 34 06 23 | 04
#1013-d323 @A: 20 31 23 06 | 06
#1014-d323 @A: 23 19 30 05 | 09
#1015-d323 @A: 23 20 29 01 | 01
#1016-d323 @A: 01 23 31 21 | 05
#1017-d323 @A: 17 14 23 21 | 03
#1018-d323 @A: 15 23 28 02 | 02
#1019-d323 @A: 30 20 10 13 | 12
#1020-d323 @A: 27 01 13 21 | 08
#1021-d323 @A: 13 09 18 01 | 07
#1022-d323 @A: 13 33 01 03 | 11
#1023-d323 @A: 24 13 20 19 | 10
#1024-d323 @A: 21 24 13 11 | 04
#1025-d323 @A: 06 13 22 35 | 06
#1026-d323 @A: 22 14 13 05 | 09
#1027-d323 @A: 13 02 03 35 | 01
#1028-d323 @A: 21 13 29 28 | 05
#1029-d323 @A: 10 06 27 22 | 03
#1030-d323 @A: 33 22 10 01 | 02
#1031-d323 @A: 33 06 10 35 | 12
#1032-d323 @A: 17 10 33 19 | 08
#1033-d323 @A: 17 02 10 22 | 07
#1034-d323 @A: 10 11 05 32 | 11
#1035-d323 @A: 05 30 04 10 | 10
#1036-d323 @A: 19 10 35 09 | 04
#1037-d323 @A: 32 10 35 03 | 06
#1038-d323 @A: 11 30 10 35 | 09
#1039-d323 @A: 07 10 15 28 | 01
#1040-d323 @A: 28 10 14 31 | 05
#1041-d323 @A: 31 10 29 21 | 03
#1042-d323 @A: 04 28 34 10 | 02
#1043-d323 @A: 27 06 18 04 | 12
#1044-d323 @A: 18 07 27 19 | 08
#1045-d323 @A: 05 25 07 27 | 07
#1046-d323 @A: 27 34 19 25 | 11
#1047-d323 @A: 01 17 05 27 | 10
#1048-d323 @A: 05 35 19 27 | 04
#1049-d323 @A: 27 21 14 30 | 06
#1050-d323 @A: 35 28 27 30 | 09
#1051-d323 @A: 09 03 07 27 | 01
#1052-d323 @A: 09 21 29 27 | 05
#1053-d323 @A: 09 18 33 22 | 03
#1054-d323 @A: 33 32 02 18 | 02
#1055-d323 @A: 24 20 18 30 | 12
#1056-d323 @A: 18 17 22 06 | 08
#1057-d323 @A: 06 19 31 18 | 07
#1058-d323 @A: 14 16 04 18 | 11
#1059-d323 @A: 07 34 18 05 | 10
#1060-d323 @A: 02 35 05 18 | 04
#1061-d323 @A: 30 17 09 18 | 06
#1062-d323 @A: 02 07 18 21 | 09
#1063-d323 @A: 03 18 15 17 | 01
#1064-d323 @A: 15 09 18 04 | 05
#1065-d323 @A: 14 22 20 33 | 03
#1066-d323 @A: 07 22 33 11 | 02
#1067-d323 @A: 21 33 29 22 | 12
#1068-d323 @A: 29 20 06 33 | 08
#1069-d323 @A: 31 33 30 35 | 07
#1070-d323 @A: 33 35 28 29 | 11
#1071-d323 @A: 33 21 03 28 | 10
#1072-d323 @A: 28 31 32 24 | 04
#1073-d323 @A: 09 31 24 29 | 06
#1074-d323 @A: 35 09 21 24 | 09
#1075-d323 @A: 22 16 21 35 | 01
#1076-d323 @A: 20 11 22 25 | 05
#1077-d323 @A: 32 19 25 22 | 03
#1078-d323 @A: 19 29 22 01 | 02
#1079-d323 @A: 30 32 22 15 | 12
#1080-d323 @A: 29 07 22 15 | 08
#1081-d323 @A: 09 03 22 28 | 07
#1082-d323 @A: 25 03 06 16 | 11
#1083-d323 @A: 28 20 06 01 | 10
#1084-d323 @A: 01 06 21 04 | 04
#1085-d323 @A: 28 30 06 29 | 06
#1086-d323 @A: 15 07 06 21 | 09
#1087-d323 @A: 06 17 09 04 | 01
#1088-d323 @A: 09 02 06 35 | 05
#1089-d323 @A: 06 21 35 28 | 03
#1090-d323 @A: 16 21 19 01 | 02
#1091-d323 @A: 16 21 04 07 | 12
#1092-d323 @A: 16 31 17 35 | 08
#1093-d323 @A: 11 16 15 03 | 07
#1094-d323 @A: 16 29 09 35 | 11
#1095-d323 @A: 16 09 34 04 | 10
#1096-d323 @A: 15 04 16 31 | 04
#1097-d323 @A: 04 20 29 25 | 06
#1098-d323 @A: 25 32 21 15 | 09
#1099-d323 @A: 04 03 25 21 | 01
#1100-d323 @A: 09 29 05 32 | 05
#1101-d323 @A: 15 11 34 05 | 03
#1102-d323 @A: 03 15 28 05 | 02
#1103-d323 @A: 01 09 07 17 | 12
#1104-d323 @A: 01 28 17 02 | 08
#1105-d323 @A: 01 11 15 28 | 07
#1106-d323 @A: 19 32 35 20 | 11
#1107-d323 @A: 20 14 15 32 | 10
#1108-d323 @A: 19 32 31 21 | 04
#1109-d323 @A: 29 02 30 15 | 06
#1110-d323 @A: 31 02 14 11 | 09
#1111-d323 @A: 30 27 12 08 | 01
#1112-d323 @A: 28 20 12 08 | 05
#1113-d323 @A: 28 23 33 12 | 03
#1114-d323 @A: 03 23 22 12 | 02
#1115-d323 @A: 23 17 12 06 | 12
#1116-d323 @A: 12 09 13 14 | 08
#1117-d323 @A: 10 27 01 12 | 07
#1118-d323 @A: 10 24 30 12 | 11
#1119-d323 @A: 24 15 12 27 | 10
#1120-d323 @A: 18 12 30 25 | 04
#1121-d323 @A: 12 18 01 35 | 06
#1122-d323 @A: 12 11 18 02 | 09
#1123-d323 @A: 24 17 02 12 | 01
#1124-d323 @A: 04 22 12 07 | 05
#1125-d323 @A: 31 16 25 12 | 03
#1126-d323 @A: 25 02 32 12 | 02
#1127-d323 @A: 05 20 12 02 | 12
#1128-d323 @A: 12 32 31 09 | 08
#1129-d323 @A: 12 21 30 07 | 07
#1130-d323 @A: 28 12 17 30 | 11
#1131-d323 @A: 04 09 12 30 | 10
#1132-d323 @A: 17 12 04 34 | 04
#1133-d323 @A: 12 28 34 14 | 06
#1134-d323 @A: 08 09 25 26 | 09
#1135-d323 @A: 33 13 04 08 | 01
#1136-d323 @A: 08 11 10 14 | 05
#1137-d323 @A: 04 18 08 24 | 03
#1138-d323 @A: 22 30 33 08 | 02
#1139-d323 @A: 08 21 22 24 | 12
#1140-d323 @A: 34 17 08 24 | 08
#1141-d323 @A: 35 08 22 17 | 07
#1142-d323 @A: 16 08 30 25 | 11
#1143-d323 @A: 16 01 31 08 | 10
#1144-d323 @A: 15 19 08 16 | 04
#1145-d323 @A: 17 01 08 14 | 06
#1146-d323 @A: 32 08 03 31 | 09
#1147-d323 @A: 30 28 14 08 | 01
#1148-d323 @A: 03 11 07 08 | 05
#1149-d323 @A: 08 07 09 29 | 03
#1150-d323 @A: 11 18 13 26 | 02
#1151-d323 @A: 03 26 06 13 | 12
#1152-d323 @A: 05 07 26 13 | 08
#1153-d323 @A: 18 03 34 26 | 07
#1154-d323 @A: 16 31 19 26 | 11
#1155-d323 @A: 20 26 34 25 | 10
#1156-d323 @A: 01 35 28 26 | 04
#1157-d323 @A: 17 26 35 30 | 06
#1158-d323 @A: 13 23 16 11 | 09
#1159-d323 @A: 13 20 35 23 | 01
#1160-d323 @A: 22 23 02 18 | 05
#1161-d323 @A: 05 23 15 22 | 03
#1162-d323 @A: 23 06 29 19 | 02
#1163-d323 @A: 02 06 17 23 | 12
#1164-d323 @A: 01 16 23 28 | 08
#1165-d323 @A: 02 32 16 23 | 07
#1166-d323 @A: 19 17 23 11 | 11
#1167-d323 @A: 31 23 32 14 | 10
#1168-d323 @A: 31 30 23 11 | 04
#1169-d323 @A: 31 17 23 09 | 06
#1170-d323 @A: 14 23 29 28 | 09
#1171-d323 @A: 10 33 11 13 | 01
#1172-d323 @A: 06 05 10 13 | 05
#1173-d323 @A: 15 13 22 18 | 03
#1174-d323 @A: 09 13 20 22 | 02
#1175-d323 @A: 13 16 30 01 | 12
#1176-d323 @A: 13 25 15 09 | 08
#1177-d323 @A: 34 25 03 13 | 07
#1178-d323 @A: 13 02 01 32 | 11
#1179-d323 @A: 03 11 30 13 | 10
#1180-d323 @A: 34 30 13 04 | 04
#1181-d323 @A: 31 07 13 34 | 06
#1182-d323 @A: 09 10 27 33 | 09
#1183-d323 @A: 18 14 22 10 | 01
#1184-d323 @A: 05 10 17 18 | 05
#1185-d323 @A: 32 16 10 33 | 03
#1186-d323 @A: 10 20 33 04 | 02
#1187-d323 @A: 30 33 28 10 | 12
#1188-d323 @A: 24 01 35 10 | 08
#1189-d323 @A: 07 06 04 10 | 07
#1190-d323 @A: 10 15 16 17 | 11
#1191-d323 @A: 01 25 10 04 | 10
#1192-d323 @A: 10 25 17 20 | 04
#1193-d323 @A: 10 29 07 30 | 06
#1194-d323 @A: 10 14 17 30 | 09
#1195-d323 @A: 03 09 10 15 | 01
#1196-d323 @A: 01 24 27 07 | 05
#1197-d323 @A: 27 34 24 20 | 03
#1198-d323 @A: 27 22 11 02 | 02
#1199-d323 @A: 27 16 20 28 | 12
#1200-d323 @A: 11 03 01 27 | 08
#1201-d323 @A: 35 27 29 01 | 07
#1202-d323 @A: 27 04 32 29 | 11
#1203-d323 @A: 14 04 31 27 | 10
#1204-d323 @A: 28 27 02 14 | 04
#1205-d323 @A: 20 18 02 16 | 06
#1206-d323 @A: 19 18 28 14 | 09
#1207-d323 @A: 03 18 35 14 | 01
#1208-d323 @A: 18 02 14 04 | 05
#1209-d323 @A: 16 02 33 09 | 03
#1210-d323 @A: 33 25 17 15 | 02
#1211-d323 @A: 11 25 34 33 | 12
#1212-d323 @A: 33 09 28 17 | 08
#1213-d323 @A: 31 28 11 33 | 07
#1214-d323 @A: 24 04 22 32 | 11
#1215-d323 @A: 24 16 35 06 | 10
#1216-d323 @A: 06 05 02 24 | 04
#1217-d323 @A: 05 31 34 24 | 06
#1218-d323 @A: 03 01 20 24 | 09
#1219-d323 @A: 21 20 24 07 | 01
#1220-d323 @A: 24 34 03 02 | 05
#1221-d323 @A: 25 16 28 22 | 03
#1222-d323 @A: 22 30 01 14 | 02
#1223-d323 @A: 31 30 22 09 | 12
#1224-d323 @A: 30 22 35 03 | 08
#1225-d323 @A: 02 22 11 09 | 07
#1226-d323 @A: 31 14 22 11 | 11
#1227-d323 @A: 15 35 22 09 | 10
#1228-d323 @A: 06 01 19 17 | 04
#1229-d323 @A: 11 01 29 06 | 06
#1230-d323 @A: 07 35 06 29 | 09
#1231-d323 @A: 29 03 06 04 | 01
#1232-d323 @A: 16 32 07 05 | 05
#1233-d323 @A: 34 17 32 16 | 03
#1234-d323 @A: 14 16 35 32 | 02
#1235-d323 @A: 30 34 11 16 | 12
#1236-d323 @A: 07 17 16 14 | 08
#1237-d323 @A: 07 34 16 03 | 07
#1238-d323 @A: 09 25 28 32 | 11
#1239-d323 @A: 25 35 29 32 | 10
#1240-d323 @A: 30 35 14 25 | 04
#1241-d323 @A: 07 11 25 02 | 06
#1242-d323 @A: 34 25 09 29 | 09
#1243-d323 @A: 05 21 30 34 | 01
#1244-d323 @A: 05 11 35 31 | 05
#1245-d323 @A: 09 34 05 28 | 03
#1246-d323 @A: 05 21 03 35 | 02
#1247-d323 @A: 32 17 04 01 | 12
#1248-d323 @A: 20 19 28 29 | 08
#1249-d323 @A: 30 09 11 20 | 07
#1250-d323 @A: 20 04 21 30 | 11
#1251-d323 @A: 09 07 20 28 | 10
#1252-d323 @A: 15 07 35 20 | 04
#1253-d323 @A: 11 03 32 19 | 06
#1254-d323 @A: 28 30 19 11 | 09
#1255-d323 @A: 19 07 11 31 | 01
#1256-d323 @A: 09 19 11 29 | 05
#1257-d323 @A: 02 15 17 04 | 03
#1258-d323 @A: 26 03 12 14 | 02
#1259-d323 @A: 10 23 11 12 | 12
#1260-d323 @A: 01 12 04 23 | 08
#1261-d323 @A: 33 13 12 34 | 07
#1262-d323 @A: 10 29 12 25 | 11
#1263-d323 @A: 27 12 16 34 | 10
#1264-d323 @A: 01 12 33 06 | 04
#1265-d323 @A: 19 12 24 31 | 06
#1266-d323 @A: 12 28 22 21 | 09
#1267-d323 @A: 09 06 12 28 | 01
#1268-d323 @A: 05 25 12 34 | 05
#1269-d323 @A: 01 31 28 12 | 03
#1270-d323 @A: 01 12 29 03 | 02
#1271-d323 @A: 19 32 12 30 | 12
#1272-d323 @A: 15 14 12 30 | 08
#1273-d323 @A: 21 12 11 35 | 07
#1274-d323 @A: 03 12 09 35 | 11
#1275-d323 @A: 31 29 04 12 | 10
#1276-d323 @A: 34 02 12 15 | 04
#1277-d323 @A: 08 35 10 26 | 06
#1278-d323 @A: 08 18 17 26 | 09
#1279-d323 @A: 23 18 01 08 | 01
#1280-d323 @A: 17 23 08 33 | 05
#1281-d323 @A: 08 24 23 30 | 03
#1282-d323 @A: 08 23 19 34 | 02
#1283-d323 @A: 08 23 14 35 | 12
#1284-d323 @A: 10 05 24 08 | 08
#1285-d323 @A: 08 10 02 20 | 07
#1286-d323 @A: 03 27 18 08 | 11
#1287-d323 @A: 06 33 27 08 | 10
#1288-d323 @A: 21 08 18 25 | 04
#1289-d323 @A: 08 22 03 19 | 06
#1290-d323 @A: 08 01 06 34 | 09
#1291-d323 @A: 08 28 06 04 | 01
#1292-d323 @A: 08 01 05 09 | 05
#1293-d323 @A: 04 08 01 19 | 03
#1294-d323 @A: 21 11 30 08 | 02
#1295-d323 @A: 30 35 09 08 | 12
#1296-d323 @A: 08 04 30 29 | 08
#1297-d323 @A: 08 29 15 17 | 07
#1298-d323 @A: 27 23 29 26 | 11
#1299-d323 @A: 23 06 35 26 | 10
#1300-d323 @A: 13 21 20 26 | 04
#1301-d323 @A: 32 28 26 13 | 06
#1302-d323 @A: 26 02 07 13 | 09
#1303-d323 @A: 09 24 10 26 | 01
#1304-d323 @A: 33 27 30 26 | 05
#1305-d323 @A: 26 25 31 27 | 03
#1306-d323 @A: 21 18 24 26 | 02
#1307-d323 @A: 26 33 19 34 | 12
#1308-d323 @A: 29 26 24 06 | 08
#1309-d323 @A: 24 07 25 26 | 07
#1310-d323 @A: 26 22 05 21 | 11
#1311-d323 @A: 28 05 16 26 | 10
#1312-d323 @A: 01 26 16 14 | 04
#1313-d323 @A: 19 25 26 03 | 06
#1314-d323 @A: 19 29 05 26 | 09
#1315-d323 @A: 31 07 26 09 | 01
#1316-d323 @A: 26 02 17 31 | 05
#1317-d323 @A: 07 23 10 05 | 03
#1318-d323 @A: 23 27 22 34 | 02
#1319-d323 @A: 23 16 24 21 | 12
#1320-d323 @A: 23 22 17 01 | 08
#1321-d323 @A: 20 34 23 16 | 07
#1322-d323 @A: 29 07 23 21 | 11
#1323-d323 @A: 23 35 03 11 | 10
#1324-d323 @A: 01 13 10 32 | 04
#1325-d323 @A: 13 33 27 25 | 06
#1326-d323 @A: 14 13 27 35 | 09
#1327-d323 @A: 28 27 03 13 | 01
#1328-d323 @A: 25 04 13 16 | 05
#1329-d323 @A: 30 19 13 25 | 03
#1330-d323 @A: 13 02 11 19 | 02
#1331-d323 @A: 35 15 29 13 | 12
#1332-d323 @A: 18 27 30 10 | 08
#1333-d323 @A: 33 10 18 07 | 07
#1334-d323 @A: 18 31 16 10 | 11
#1335-d323 @A: 10 22 11 24 | 10
#1336-d323 @A: 32 10 28 22 | 04
#1337-d323 @A: 19 15 25 10 | 06
#1338-d323 @A: 20 05 03 10 | 09
#1339-d323 @A: 07 10 01 11 | 01
#1340-d323 @A: 32 10 30 09 | 05
#1341-d323 @A: 10 04 29 35 | 03
#1342-d323 @A: 27 18 16 09 | 02
#1343-d323 @A: 33 27 04 28 | 12
#1344-d323 @A: 27 24 14 22 | 08
#1345-d323 @A: 27 06 35 25 | 07
#1346-d323 @A: 32 07 27 06 | 11
#1347-d323 @A: 28 29 15 27 | 10
#1348-d323 @A: 18 25 24 16 | 04
#1349-d323 @A: 18 20 21 14 | 06
#1350-d323 @A: 18 35 29 21 | 09
#1351-d323 @A: 33 17 20 24 | 01
#1352-d323 @A: 04 33 24 34 | 05
#1353-d323 @A: 28 05 01 33 | 03
#1354-d323 @A: 32 33 28 07 | 02
#1355-d323 @A: 32 33 29 17 | 12
#1356-d323 @A: 17 33 11 03 | 08
#1357-d323 @A: 02 33 11 17 | 07
#1358-d323 @A: 31 03 33 04 | 11
#1359-d323 @A: 14 35 33 21 | 10
#1360-d323 @A: 15 28 14 33 | 04
#1361-d323 @A: 14 34 33 03 | 06
#1362-d323 @A: 31 20 24 25 | 09
#1363-d323 @A: 02 14 24 01 | 01
#1364-d323 @A: 24 28 11 29 | 05
#1365-d323 @A: 03 35 28 24 | 03
#1366-d323 @A: 24 04 21 02 | 02
#1367-d323 @A: 19 16 17 22 | 12
#1368-d323 @A: 22 34 32 09 | 08
#1369-d323 @A: 07 31 17 22 | 07
#1370-d323 @A: 17 22 21 09 | 11
#1371-d323 @A: 29 22 11 35 | 10
#1372-d323 @A: 29 22 28 31 | 04
#1373-d323 @A: 34 14 22 21 | 06
#1374-d323 @A: 05 06 11 16 | 09
#1375-d323 @A: 34 06 32 03 | 01
#1376-d323 @A: 06 02 34 32 | 05
#1377-d323 @A: 17 15 14 06 | 03
#1378-d323 @A: 06 14 15 02 | 02
#1379-d323 @A: 20 01 16 35 | 12
#1380-d323 @A: 16 32 30 04 | 08
#1381-d323 @A: 11 28 32 16 | 07
#1382-d323 @A: 30 07 16 31 | 11
#1383-d323 @A: 35 16 11 07 | 10
#1384-d323 @A: 29 16 03 17 | 04
#1385-d323 @A: 11 31 16 09 | 06
#1386-d323 @A: 16 03 29 02 | 09
#1387-d323 @A: 25 30 05 15 | 01
#1388-d323 @A: 05 31 25 02 | 05
#1389-d323 @A: 03 25 30 28 | 03
#1390-d323 @A: 04 25 28 07 | 02
#1391-d323 @A: 31 25 17 34 | 12
#1392-d323 @A: 25 35 09 04 | 08
#1393-d323 @A: 32 35 28 05 | 07
#1394-d323 @A: 02 04 32 05 | 11
#1395-d323 @A: 05 04 29 07 | 10
#1396-d323 @A: 30 01 15 07 | 04
#1397-d323 @A: 01 11 17 34 | 06
#1398-d323 @A: 31 01 15 03 | 09
#1399-d323 @A: 31 01 29 02 | 01
#1400-d323 @A: 03 07 31 20 | 05
#1401-d323 @A: 34 07 20 04 | 03
#1402-d323 @A: 20 17 09 14 | 02
#1403-d323 @A: 11 20 29 15 | 12
#1404-d323 @A: 20 15 02 03 | 08
#1405-d323 @A: 17 21 15 19 | 07
#1406-d323 @A: 19 28 15 09 | 11
#1407-d323 @A: 19 14 29 35 | 10
#1408-d323 @A: 19 29 21 03 | 04
#1409-d323 @A: 04 19 03 34 | 06
#1410-d323 @A: 35 02 21 29 | 09
#1411-d323 @A: 08 22 06 12 | 01
#1412-d323 @A: 01 32 08 12 | 05
#1413-d323 @A: 12 04 26 19 | 03
#1414-d323 @A: 15 13 23 12 | 02
#1415-d323 @A: 12 20 10 35 | 12
#1416-d323 @A: 12 27 07 14 | 08
#1417-d323 @A: 22 33 12 15 | 07
#1418-d323 @A: 17 12 03 24 | 11
#1419-d323 @A: 12 20 17 22 | 10
#1420-d323 @A: 12 22 19 11 | 04
#1421-d323 @A: 06 04 25 12 | 06
#1422-d323 @A: 12 17 01 16 | 09
#1423-d323 @A: 12 25 14 19 | 01
#1424-d323 @A: 12 31 05 07 | 05
#1425-d323 @A: 12 01 02 03 | 03
#1426-d323 @A: 35 07 12 28 | 02
#1427-d323 @A: 12 03 34 11 | 12
#1428-d323 @A: 24 14 26 08 | 08
#1429-d323 @A: 11 16 08 26 | 07
#1430-d323 @A: 23 22 07 08 | 11
#1431-d323 @A: 31 24 08 13 | 10
#1432-d323 @A: 13 34 16 08 | 04
#1433-d323 @A: 22 15 10 08 | 06
#1434-d323 @A: 08 32 27 02 | 09
#1435-d323 @A: 33 29 34 08 | 01
#1436-d323 @A: 08 09 20 24 | 05
#1437-d323 @A: 29 24 08 19 | 03
#1438-d323 @A: 32 22 08 05 | 02
#1439-d323 @A: 35 25 20 08 | 12
#1440-d323 @A: 08 28 05 02 | 08
#1441-d323 @A: 32 11 29 08 | 07
#1442-d323 @A: 05 26 24 23 | 11
#1443-d323 @A: 09 27 26 22 | 10
#1444-d323 @A: 26 18 33 28 | 04
#1445-d323 @A: 04 25 26 33 | 06
#1446-d323 @A: 01 34 26 24 | 09
#1447-d323 @A: 22 11 30 26 | 01
#1448-d323 @A: 34 16 26 35 | 05
#1449-d323 @A: 19 26 01 30 | 03
#1450-d323 @A: 26 32 09 11 | 02
#1451-d323 @A: 02 26 34 14 | 12
#1452-d323 @A: 29 35 03 26 | 08
#1453-d323 @A: 24 28 10 23 | 07
#1454-d323 @A: 10 03 19 23 | 11
#1455-d323 @A: 27 23 32 20 | 10
#1456-d323 @A: 23 15 24 04 | 04
#1457-d323 @A: 23 20 30 22 | 06
#1458-d323 @A: 29 09 22 23 | 09
#1459-d323 @A: 23 07 06 16 | 01
#1460-d323 @A: 23 03 31 16 | 05
#1461-d323 @A: 02 25 23 21 | 03
#1462-d323 @A: 05 23 04 35 | 02
#1463-d323 @A: 23 04 32 34 | 12
#1464-d323 @A: 09 34 23 07 | 08
#1465-d323 @A: 14 04 23 07 | 07
#1466-d323 @A: 23 14 15 03 | 11
#1467-d323 @A: 20 13 29 27 | 10
#1468-d323 @A: 13 02 31 27 | 04
#1469-d323 @A: 03 13 07 18 | 06
#1470-d323 @A: 07 33 30 13 | 09
#1471-d323 @A: 13 05 24 28 | 01
#1472-d323 @A: 13 31 06 29 | 05
#1473-d323 @A: 15 13 16 07 | 03
#1474-d323 @A: 25 11 05 13 | 02
#1475-d323 @A: 32 31 05 13 | 12
#1476-d323 @A: 09 03 05 13 | 08
#1477-d323 @A: 09 21 34 13 | 07
#1478-d323 @A: 04 14 29 13 | 11
#1479-d323 @A: 11 20 10 27 | 10
#1480-d323 @A: 32 27 14 10 | 04
#1481-d323 @A: 33 02 28 10 | 06
#1482-d323 @A: 19 04 24 10 | 09
#1483-d323 @A: 20 21 10 06 | 01
#1484-d323 @A: 18 24 28 27 | 05
#1485-d323 @A: 27 06 24 21 | 03
#1486-d323 @A: 04 27 24 25 | 02
#1487-d323 @A: 27 17 19 24 | 12
#1488-d323 @A: 17 27 03 25 | 08
#1489-d323 @A: 27 19 15 01 | 07
#1490-d323 @A: 27 19 31 09 | 11
#1491-d323 @A: 03 30 32 27 | 10
#1492-d323 @A: 32 28 21 27 | 04
#1493-d323 @A: 21 07 35 27 | 06
#1494-d323 @A: 27 17 31 28 | 09
#1495-d323 @A: 34 27 15 03 | 01
#1496-d323 @A: 06 14 33 18 | 05
#1497-d323 @A: 25 18 33 32 | 03
#1498-d323 @A: 33 18 15 05 | 02
#1499-d323 @A: 29 33 19 18 | 12
#1500-d323 @A: 01 11 24 18 | 08
#1501-d323 @A: 18 06 32 29 | 07
#1502-d323 @A: 25 28 20 18 | 11
#1503-d323 @A: 30 01 29 18 | 10
#1504-d323 @A: 21 17 32 18 | 04
#1505-d323 @A: 03 18 30 04 | 06
#1506-d323 @A: 34 31 18 04 | 09
#1507-d323 @A: 34 06 33 07 | 01
#1508-d323 @A: 33 16 01 11 | 05
#1509-d323 @A: 09 33 25 05 | 03
#1510-d323 @A: 02 33 25 20 | 02
#1511-d323 @A: 32 04 33 14 | 12
#1512-d323 @A: 21 09 33 30 | 08
#1513-d323 @A: 16 24 01 32 | 07
#1514-d323 @A: 04 01 31 24 | 11
#1515-d323 @A: 03 21 30 24 | 10
#1516-d323 @A: 35 24 31 07 | 04
#1517-d323 @A: 24 35 14 17 | 06
#1518-d323 @A: 03 29 24 34 | 09
#1519-d323 @A: 06 01 15 22 | 01
#1520-d323 @A: 19 05 22 09 | 05
#1521-d323 @A: 04 31 21 22 | 03
#1522-d323 @A: 06 16 20 17 | 02
#1523-d323 @A: 30 31 32 06 | 12
#1524-d323 @A: 06 15 32 28 | 08
#1525-d323 @A: 09 34 30 06 | 07
#1526-d323 @A: 09 15 29 06 | 11
#1527-d323 @A: 31 06 15 34 | 10
#1528-d323 @A: 17 09 16 25 | 04
#1529-d323 @A: 21 25 34 16 | 06
#1530-d323 @A: 20 05 29 16 | 09
#1531-d323 @A: 11 20 04 16 | 01
#1532-d323 @A: 03 14 01 25 | 05
#1533-d323 @A: 04 09 02 25 | 03
#1534-d323 @A: 35 34 25 28 | 02
#1535-d323 @A: 05 28 17 19 | 12
#1536-d323 @A: 05 14 34 32 | 08
#1537-d323 @A: 05 30 28 31 | 07
#1538-d323 @A: 32 03 21 01 | 11
#1539-d323 @A: 15 21 01 14 | 10
#1540-d323 @A: 17 20 32 31 | 04
#1541-d323 @A: 30 34 20 28 | 06
#1542-d323 @A: 11 14 03 20 | 09
#1543-d323 @A: 35 14 20 34 | 01
#1544-d323 @A: 17 14 32 19 | 05
#1545-d323 @A: 14 30 09 19 | 03
#1546-d323 @A: 09 17 19 03 | 02
#1547-d323 @A: 17 15 02 07 | 12
#1548-d323 @A: 03 11 04 02 | 08
#1549-d323 @A: 26 12 17 10 | 07
#1550-d323 @A: 22 26 12 16 | 11
#1551-d323 @A: 23 32 12 25 | 10
#1552-d323 @A: 13 12 06 21 | 04
#1553-d323 @A: 29 12 02 10 | 06
#1554-d323 @A: 12 27 02 06 | 09
#1555-d323 @A: 27 25 12 09 | 01
#1556-d323 @A: 27 11 12 28 | 05
#1557-d323 @A: 12 24 18 32 | 03
#1558-d323 @A: 12 20 06 30 | 02
#1559-d323 @A: 12 30 05 01 | 12
#1560-d323 @A: 01 14 12 20 | 08
#1561-d323 @A: 03 32 12 15 | 07
#1562-d323 @A: 32 28 29 12 | 11
#1563-d323 @A: 34 29 12 07 | 10
#1564-d323 @A: 21 26 06 08 | 04
#1565-d323 @A: 08 26 05 31 | 06
#1566-d323 @A: 28 19 26 08 | 09
#1567-d323 @A: 08 35 19 13 | 01
#1568-d323 @A: 10 08 20 29 | 05
#1569-d323 @A: 07 08 19 10 | 03
#1570-d323 @A: 08 24 32 27 | 02
#1571-d323 @A: 16 07 27 08 | 12
#1572-d323 @A: 08 06 35 18 | 08
#1573-d323 @A: 33 28 08 25 | 07
#1574-d323 @A: 05 08 33 14 | 11
#1575-d323 @A: 24 08 03 16 | 10
#1576-d323 @A: 14 08 16 22 | 04
#1577-d323 @A: 22 09 08 04 | 06
#1578-d323 @A: 17 08 25 02 | 09
#1579-d323 @A: 08 11 20 01 | 01
#1580-d323 @A: 07 26 23 17 | 05
#1581-d323 @A: 09 23 15 26 | 03
#1582-d323 @A: 26 13 31 14 | 02
#1583-d323 @A: 26 28 10 20 | 12
#1584-d323 @A: 10 32 19 26 | 08
#1585-d323 @A: 14 27 05 26 | 07
#1586-d323 @A: 05 26 18 25 | 11
#1587-d323 @A: 26 18 20 09 | 10
#1588-d323 @A: 26 22 32 33 | 04
#1589-d323 @A: 35 33 26 05 | 06
#1590-d323 @A: 26 30 06 05 | 09
#1591-d323 @A: 26 05 20 17 | 01
#1592-d323 @A: 01 04 20 26 | 05
#1593-d323 @A: 11 26 07 04 | 03
#1594-d323 @A: 28 26 29 04 | 02
#1595-d323 @A: 33 10 34 23 | 12
#1596-d323 @A: 23 29 18 25 | 08
#1597-d323 @A: 18 23 31 35 | 07
#1598-d323 @A: 20 24 23 11 | 11
#1599-d323 @A: 01 09 25 23 | 10
#1600-d323 @A: 01 35 19 23 | 04
#1601-d323 @A: 07 19 02 23 | 06
#1602-d323 @A: 17 23 35 32 | 09
#1603-d323 @A: 11 04 21 23 | 01
#1604-d323 @A: 09 23 35 28 | 05
#1605-d323 @A: 21 34 23 35 | 03
#1606-d323 @A: 10 18 13 35 | 02
#1607-d323 @A: 31 27 18 13 | 12
#1608-d323 @A: 27 13 24 30 | 08
#1609-d323 @A: 15 13 06 24 | 07
#1610-d323 @A: 24 13 17 01 | 11
#1611-d323 @A: 13 16 29 22 | 10
#1612-d323 @A: 21 22 25 13 | 04
#1613-d323 @A: 34 32 11 13 | 06
#1614-d323 @A: 28 13 35 04 | 09
#1615-d323 @A: 10 06 15 18 | 01
#1616-d323 @A: 16 04 10 22 | 05
#1617-d323 @A: 07 22 10 25 | 03
#1618-d323 @A: 10 16 11 25 | 02
#1619-d323 @A: 10 30 34 03 | 12
#1620-d323 @A: 10 03 17 31 | 08
#1621-d323 @A: 10 14 34 29 | 07
#1622-d323 @A: 27 24 31 16 | 11
#1623-d323 @A: 06 15 20 27 | 10
#1624-d323 @A: 16 19 03 27 | 04
#1625-d323 @A: 17 27 02 09 | 06
#1626-d323 @A: 11 27 21 31 | 09
#1627-d323 @A: 04 29 27 02 | 01
#1628-d323 @A: 33 01 18 04 | 05
#1629-d323 @A: 11 30 18 33 | 03
#1630-d323 @A: 06 28 16 18 | 02
#1631-d323 @A: 11 20 06 18 | 12
#1632-d323 @A: 34 18 01 25 | 08
#1633-d323 @A: 18 25 04 19 | 07
#1634-d323 @A: 30 01 02 18 | 11
#1635-d323 @A: 07 18 31 01 | 10
#1636-d323 @A: 07 18 30 28 | 04
#1637-d323 @A: 07 09 35 18 | 06
#1638-d323 @A: 09 21 18 03 | 09
#1639-d323 @A: 33 06 04 16 | 01
#1640-d323 @A: 25 06 33 30 | 05
#1641-d323 @A: 33 06 17 31 | 03
#1642-d323 @A: 05 16 33 03 | 02
#1643-d323 @A: 19 09 01 33 | 12
#1644-d323 @A: 01 33 31 14 | 08
#1645-d323 @A: 35 33 09 20 | 07
#1646-d323 @A: 07 29 03 33 | 11
#1647-d323 @A: 35 11 04 33 | 10
#1648-d323 @A: 04 09 33 29 | 04
#1649-d323 @A: 28 22 24 20 | 06
#1650-d323 @A: 19 35 22 24 | 09
#1651-d323 @A: 30 22 29 24 | 01
#1652-d323 @A: 25 24 06 11 | 05
#1653-d323 @A: 19 24 32 06 | 03
#1654-d323 @A: 28 16 24 09 | 02
#1655-d323 @A: 20 35 24 05 | 12
#1656-d323 @A: 30 11 15 24 | 08
#1657-d323 @A: 07 15 03 24 | 07
#1658-d323 @A: 24 09 15 17 | 11
#1659-d323 @A: 16 03 01 22 | 10
#1660-d323 @A: 11 22 17 32 | 04
#1661-d323 @A: 32 31 22 35 | 06
#1662-d323 @A: 22 15 17 28 | 09
#1663-d323 @A: 34 11 28 22 | 01
#1664-d323 @A: 09 06 16 01 | 05
#1665-d323 @A: 06 17 21 30 | 03
#1666-d323 @A: 35 06 30 15 | 02
#1667-d323 @A: 17 06 03 07 | 12
#1668-d323 @A: 35 14 31 06 | 08
#1669-d323 @A: 06 04 34 35 | 07
#1670-d323 @A: 16 02 15 25 | 11
#1671-d323 @A: 05 16 01 34 | 10
#1672-d323 @A: 15 21 05 16 | 04
#1673-d323 @A: 31 29 16 32 | 06
#1674-d323 @A: 21 11 17 16 | 09
#1675-d323 @A: 16 28 17 04 | 01
#1676-d323 @A: 34 28 02 16 | 05
#1677-d323 @A: 25 04 31 32 | 03
#1678-d323 @A: 25 17 11 29 | 02
#1679-d323 @A: 02 35 25 28 | 12
#1680-d323 @A: 03 25 29 15 | 08
#1681-d323 @A: 04 25 15 34 | 07
#1682-d323 @A: 04 03 32 05 | 11
#1683-d323 @A: 21 11 05 02 | 10
#1684-d323 @A: 30 01 35 32 | 04
#1685-d323 @A: 11 20 21 19 | 06
#1686-d323 @A: 20 34 29 17 | 09
#1687-d323 @A: 30 19 07 34 | 01
#1688-d323 @A: 32 14 07 02 | 05
#1689-d323 @A: 30 02 31 04 | 03
