#0001-d250 @A: 22 21 34 18 | 04
#0002-d250 @A: 22 28 21 07 | 11
#0003-d250 @A: 07 01 22 23 | 08
#0004-d250 @A: 08 26 09 22 | 05
#0005-d250 @A: 25 31 22 18 | 01
#0006-d250 @A: 29 22 07 25 | 06
#0007-d250 @A: 22 14 02 15 | 02
#0008-d250 @A: 30 22 14 09 | 09
#0009-d250 @A: 02 22 05 28 | 03
#0010-d250 @A: 22 04 18 09 | 12
#0011-d250 @A: 29 22 15 23 | 07
#0012-d250 @A: 04 22 23 11 | 10
#0013-d250 @A: 06 12 22 07 | 04
#0014-d250 @A: 15 22 24 03 | 11
#0015-d250 @A: 28 22 12 11 | 08
#0016-d250 @A: 21 23 17 01 | 05
#0017-d250 @A: 21 19 01 04 | 01
#0018-d250 @A: 26 31 21 25 | 06
#0019-d250 @A: 30 05 21 25 | 02
#0020-d250 @A: 16 21 10 25 | 09
#0021-d250 @A: 31 21 14 17 | 03
#0022-d250 @A: 05 21 09 27 | 12
#0023-d250 @A: 21 07 05 32 | 07
#0024-d250 @A: 05 21 12 29 | 10
#0025-d250 @A: 21 16 15 09 | 04
#0026-d250 @A: 21 16 35 04 | 11
#0027-d250 @A: 08 02 21 32 | 08
#0028-d250 @A: 09 19 21 06 | 05
#0029-d250 @A: 23 21 13 04 | 01
#0030-d250 @A: 08 03 30 21 | 06
#0031-d250 @A: 02 35 26 01 | 02
#0032-d250 @A: 25 10 01 14 | 09
#0033-d250 @A: 25 33 12 01 | 03
#0034-d250 @A: 01 05 15 16 | 12
#0035-d250 @A: 01 33 18 24 | 07
#0036-d250 @A: 34 01 27 32 | 10
#0037-d250 @A: 13 29 01 03 | 04
#0038-d250 @A: 01 13 33 08 | 11
#0039-d250 @A: 01 24 11 13 | 08
#0040-d250 @A: 01 20 07 29 | 05
#0041-d250 @A: 01 15 17 06 | 01
#0042-d250 @A: 06 01 03 20 | 06
#0043-d250 @A: 26 14 10 18 | 02
#0044-d250 @A: 26 07 19 14 | 09
#0045-d250 @A: 35 26 27 05 | 03
#0046-d250 @A: 32 26 31 27 | 12
#0047-d250 @A: 27 26 13 30 | 07
#0048-d250 @A: 34 25 28 14 | 10
#0049-d250 @A: 33 05 25 06 | 04
#0050-d250 @A: 18 34 25 13 | 11
#0051-d250 @A: 07 08 18 25 | 08
#0052-d250 @A: 16 19 20 25 | 05
#0053-d250 @A: 25 34 09 19 | 01
#0054-d250 @A: 19 04 25 06 | 06
#0055-d250 @A: 25 34 27 33 | 02
#0056-d250 @A: 06 27 35 25 | 09
#0057-d250 @A: 11 10 33 25 | 03
#0058-d250 @A: 15 08 11 25 | 12
#0059-d250 @A: 03 28 31 25 | 07
#0060-d250 @A: 05 32 24 14 | 10
#0061-d250 @A: 11 33 18 14 | 04
#0062-d250 @A: 10 07 14 23 | 11
#0063-d250 @A: 13 14 32 11 | 08
#0064-d250 @A: 04 03 24 14 | 05
#0065-d250 @A: 18 10 05 23 | 01
#0066-d250 @A: 02 19 11 05 | 06
#0067-d250 @A: 32 05 23 20 | 02
#0068-d250 @A: 33 08 05 32 | 09
#0069-d250 @A: 19 05 24 33 | 03
#0070-d250 @A: 05 33 35 19 | 12
#0071-d250 @A: 05 06 17 31 | 07
#0072-d250 @A: 15 07 10 05 | 10
#0073-d250 @A: 20 03 15 05 | 04
#0074-d250 @A: 05 31 04 12 | 11
#0075-d250 @A: 08 34 05 20 | 08
#0076-d250 @A: 24 18 02 16 | 05
#0077-d250 @A: 18 09 30 16 | 01
#0078-d250 @A: 32 13 02 18 | 06
#0079-d250 @A: 18 33 02 03 | 02
#0080-d250 @A: 18 09 32 03 | 09
#0081-d250 @A: 18 32 31 23 | 03
#0082-d250 @A: 23 33 18 04 | 12
#0083-d250 @A: 08 06 32 18 | 07
#0084-d250 @A: 24 35 18 19 | 10
#0085-d250 @A: 29 18 27 12 | 04
#0086-d250 @A: 17 28 18 03 | 11
#0087-d250 @A: 13 32 34 16 | 08
#0088-d250 @A: 33 16 08 24 | 05
#0089-d250 @A: 08 16 15 28 | 01
#0090-d250 @A: 34 16 17 24 | 06
#0091-d250 @A: 13 04 02 29 | 02
#0092-d250 @A: 02 15 11 28 | 09
#0093-d250 @A: 07 02 30 35 | 03
#0094-d250 @A: 07 09 29 23 | 12
#0095-d250 @A: 17 09 24 32 | 07
#0096-d250 @A: 13 11 29 09 | 10
#0097-d250 @A: 09 19 29 10 | 04
#0098-d250 @A: 31 10 15 09 | 11
#0099-d250 @A: 09 07 24 03 | 08
#0100-d250 @A: 23 12 13 06 | 05
#0101-d250 @A: 23 15 10 34 | 01
#0102-d250 @A: 24 23 03 10 | 06
#0103-d250 @A: 29 20 19 32 | 02
#0104-d250 @A: 10 06 15 32 | 09
#0105-d250 @A: 32 34 06 24 | 03
#0106-d250 @A: 04 28 32 10 | 12
#0107-d250 @A: 31 17 32 34 | 07
#0108-d250 @A: 20 13 33 07 | 10
#0109-d250 @A: 15 06 11 13 | 04
#0110-d250 @A: 15 13 24 34 | 11
#0111-d250 @A: 13 10 24 30 | 08
#0112-d250 @A: 24 31 13 35 | 05
#0113-d250 @A: 06 15 19 12 | 01
#0114-d250 @A: 06 19 30 20 | 06
#0115-d250 @A: 24 12 19 30 | 02
#0116-d250 @A: 06 27 03 33 | 09
#0117-d250 @A: 31 27 08 12 | 03
#0118-d250 @A: 27 17 11 30 | 12
#0119-d250 @A: 34 15 29 07 | 07
#0120-d250 @A: 29 03 20 12 | 10
#0121-d250 @A: 28 35 29 08 | 04
#0122-d250 @A: 07 06 30 33 | 11
#0123-d250 @A: 33 30 31 28 | 08
#0124-d250 @A: 11 10 35 08 | 05
#0125-d250 @A: 05 26 24 22 | 01
#0126-d250 @A: 22 25 04 14 | 06
#0127-d250 @A: 25 13 22 12 | 02
#0128-d250 @A: 16 09 28 22 | 09
#0129-d250 @A: 16 22 27 23 | 03
#0130-d250 @A: 22 06 16 24 | 12
#0131-d250 @A: 13 24 09 22 | 07
#0132-d250 @A: 19 23 20 22 | 10
#0133-d250 @A: 30 31 23 22 | 04
#0134-d250 @A: 13 22 04 32 | 11
#0135-d250 @A: 22 27 32 12 | 08
#0136-d250 @A: 04 19 22 07 | 05
#0137-d250 @A: 31 22 27 04 | 01
#0138-d250 @A: 34 22 06 17 | 06
#0139-d250 @A: 22 17 07 15 | 02
#0140-d250 @A: 20 07 22 03 | 09
#0141-d250 @A: 12 03 10 22 | 03
#0142-d250 @A: 05 10 21 01 | 12
#0143-d250 @A: 21 32 14 26 | 07
#0144-d250 @A: 21 26 29 10 | 10
#0145-d250 @A: 17 21 30 26 | 04
#0146-d250 @A: 25 12 21 23 | 11
#0147-d250 @A: 21 05 31 19 | 08
#0148-d250 @A: 04 16 18 21 | 05
#0149-d250 @A: 28 21 31 02 | 01
#0150-d250 @A: 13 21 32 15 | 06
#0151-d250 @A: 32 04 21 27 | 02
#0152-d250 @A: 21 15 04 33 | 09
#0153-d250 @A: 07 21 17 06 | 03
#0154-d250 @A: 11 20 06 21 | 12
#0155-d250 @A: 30 21 34 06 | 07
#0156-d250 @A: 10 21 28 06 | 10
#0157-d250 @A: 21 12 15 07 | 04
#0158-d250 @A: 15 21 30 24 | 11
#0159-d250 @A: 08 16 26 01 | 08
#0160-d250 @A: 26 03 04 01 | 05
#0161-d250 @A: 01 07 19 25 | 01
#0162-d250 @A: 09 08 14 01 | 06
#0163-d250 @A: 14 23 01 32 | 02
#0164-d250 @A: 06 01 04 18 | 09
#0165-d250 @A: 04 02 16 01 | 03
#0166-d250 @A: 32 01 16 12 | 12
#0167-d250 @A: 02 01 23 20 | 07
#0168-d250 @A: 15 12 24 01 | 10
#0169-d250 @A: 26 25 03 27 | 04
#0170-d250 @A: 20 08 26 25 | 11
#0171-d250 @A: 11 05 13 26 | 08
#0172-d250 @A: 18 09 26 11 | 05
#0173-d250 @A: 09 35 18 26 | 01
#0174-d250 @A: 26 18 23 17 | 06
#0175-d250 @A: 30 16 26 23 | 02
#0176-d250 @A: 26 29 16 28 | 09
#0177-d250 @A: 17 32 02 26 | 03
#0178-d250 @A: 23 12 35 26 | 12
#0179-d250 @A: 33 13 31 26 | 07
#0180-d250 @A: 27 24 33 26 | 10
#0181-d250 @A: 10 06 26 03 | 04
#0182-d250 @A: 08 34 26 28 | 11
#0183-d250 @A: 24 17 26 03 | 08
#0184-d250 @A: 25 16 05 13 | 05
#0185-d250 @A: 17 25 05 27 | 01
#0186-d250 @A: 05 24 25 34 | 06
#0187-d250 @A: 30 18 27 25 | 02
#0188-d250 @A: 25 27 02 12 | 09
#0189-d250 @A: 25 09 32 20 | 03
#0190-d250 @A: 25 09 33 07 | 12
#0191-d250 @A: 20 25 04 23 | 07
#0192-d250 @A: 32 07 28 25 | 10
#0193-d250 @A: 29 04 25 27 | 04
#0194-d250 @A: 09 05 23 14 | 11
#0195-d250 @A: 07 18 14 16 | 08
#0196-d250 @A: 14 18 09 34 | 05
#0197-d250 @A: 29 14 06 18 | 01
#0198-d250 @A: 16 20 28 14 | 06
#0199-d250 @A: 23 14 27 08 | 02
#0200-d250 @A: 23 29 17 14 | 09
#0201-d250 @A: 31 14 11 23 | 03
#0202-d250 @A: 27 12 14 17 | 12
#0203-d250 @A: 05 18 07 33 | 07
#0204-d250 @A: 05 28 32 16 | 10
#0205-d250 @A: 27 05 07 02 | 04
#0206-d250 @A: 27 05 13 31 | 11
#0207-d250 @A: 05 08 12 13 | 08
#0208-d250 @A: 04 05 34 10 | 05
#0209-d250 @A: 20 16 18 33 | 01
#0210-d250 @A: 02 07 09 18 | 06
#0211-d250 @A: 35 08 18 02 | 02
#0212-d250 @A: 32 18 29 33 | 09
#0213-d250 @A: 04 18 29 19 | 03
#0214-d250 @A: 20 31 18 12 | 12
#0215-d250 @A: 04 30 18 31 | 07
#0216-d250 @A: 30 10 18 28 | 10
#0217-d250 @A: 23 16 31 02 | 04
#0218-d250 @A: 07 19 16 02 | 11
#0219-d250 @A: 19 23 16 17 | 08
#0220-d250 @A: 13 16 04 33 | 05
#0221-d250 @A: 02 09 32 28 | 01
#0222-d250 @A: 02 24 23 32 | 06
#0223-d250 @A: 13 02 33 30 | 02
#0224-d250 @A: 02 19 15 30 | 09
#0225-d250 @A: 12 34 24 02 | 03
#0226-d250 @A: 11 30 02 03 | 12
#0227-d250 @A: 11 04 02 08 | 07
#0228-d250 @A: 08 24 31 02 | 10
#0229-d250 @A: 27 08 32 09 | 04
#0230-d250 @A: 06 09 29 32 | 11
#0231-d250 @A: 13 06 09 33 | 08
#0232-d250 @A: 33 09 30 19 | 05
#0233-d250 @A: 09 17 30 12 | 01
#0234-d250 @A: 35 11 30 09 | 06
#0235-d250 @A: 10 34 09 28 | 02
#0236-d250 @A: 13 23 32 08 | 09
#0237-d250 @A: 07 33 19 23 | 03
#0238-d250 @A: 23 03 06 35 | 12
#0239-d250 @A: 23 07 08 12 | 07
#0240-d250 @A: 30 23 12 10 | 10
#0241-d250 @A: 32 06 20 04 | 04
#0242-d250 @A: 32 20 34 11 | 11
#0243-d250 @A: 33 29 19 13 | 08
#0244-d250 @A: 08 34 13 27 | 05
#0245-d250 @A: 17 13 11 31 | 01
#0246-d250 @A: 20 19 10 07 | 06
#0247-d250 @A: 03 19 08 12 | 02
#0248-d250 @A: 19 03 31 30 | 09
#0249-d250 @A: 27 06 08 17 | 03
#0250-d250 @A: 17 12 24 29 | 12
#0251-d250 @A: 12 08 29 10 | 07
#0252-d250 @A: 11 03 04 29 | 10
#0253-d250 @A: 29 31 10 28 | 04
#0254-d250 @A: 15 17 33 24 | 11
#0255-d250 @A: 33 24 10 07 | 08
#0256-d250 @A: 03 12 33 24 | 05
#0257-d250 @A: 34 04 33 08 | 01
#0258-d250 @A: 17 08 33 20 | 06
#0259-d250 @A: 32 01 09 22 | 02
#0260-d250 @A: 22 24 26 35 | 09
#0261-d250 @A: 32 14 22 34 | 03
#0262-d250 @A: 08 22 23 05 | 12
#0263-d250 @A: 22 33 05 20 | 07
#0264-d250 @A: 07 22 16 13 | 10
#0265-d250 @A: 12 09 22 29 | 04
#0266-d250 @A: 11 19 29 22 | 11
#0267-d250 @A: 29 34 22 27 | 08
#0268-d250 @A: 22 31 20 06 | 05
#0269-d250 @A: 22 11 30 07 | 01
#0270-d250 @A: 31 07 22 24 | 06
#0271-d250 @A: 04 28 24 22 | 02
#0272-d250 @A: 01 27 21 08 | 09
#0273-d250 @A: 26 03 33 21 | 03
#0274-d250 @A: 02 04 21 25 | 12
#0275-d250 @A: 18 14 21 03 | 07
#0276-d250 @A: 18 10 02 21 | 10
#0277-d250 @A: 32 21 20 18 | 04
#0278-d250 @A: 24 27 16 21 | 11
#0279-d250 @A: 09 02 17 21 | 08
#0280-d250 @A: 32 06 21 23 | 05
#0281-d250 @A: 21 23 19 28 | 01
#0282-d250 @A: 34 32 35 21 | 06
#0283-d250 @A: 03 28 21 15 | 02
#0284-d250 @A: 21 07 11 08 | 09
#0285-d250 @A: 21 12 11 04 | 03
#0286-d250 @A: 27 11 26 01 | 12
#0287-d250 @A: 01 14 05 07 | 07
#0288-d250 @A: 01 18 14 35 | 10
#0289-d250 @A: 16 14 34 01 | 04
#0290-d250 @A: 05 30 01 09 | 11
#0291-d250 @A: 01 29 16 11 | 08
#0292-d250 @A: 10 01 02 08 | 05
#0293-d250 @A: 01 24 07 06 | 01
#0294-d250 @A: 07 28 01 03 | 06
#0295-d250 @A: 07 26 25 05 | 02
#0296-d250 @A: 04 14 26 13 | 09
#0297-d250 @A: 31 26 19 18 | 03
#0298-d250 @A: 35 10 26 16 | 12
#0299-d250 @A: 07 02 26 33 | 07
#0300-d250 @A: 19 13 32 26 | 10
#0301-d250 @A: 15 17 26 13 | 04
#0302-d250 @A: 26 13 35 17 | 11
#0303-d250 @A: 08 06 07 26 | 08
#0304-d250 @A: 06 34 04 26 | 05
#0305-d250 @A: 30 08 26 10 | 01
#0306-d250 @A: 20 26 34 31 | 06
#0307-d250 @A: 17 32 14 25 | 02
#0308-d250 @A: 05 08 25 31 | 09
#0309-d250 @A: 28 18 09 25 | 03
#0310-d250 @A: 09 25 13 17 | 12
#0311-d250 @A: 15 33 13 25 | 07
#0312-d250 @A: 25 19 33 03 | 10
#0313-d250 @A: 25 24 15 19 | 04
#0314-d250 @A: 25 30 08 19 | 11
#0315-d250 @A: 35 34 29 25 | 08
#0316-d250 @A: 11 03 25 06 | 05
#0317-d250 @A: 17 25 04 08 | 01
#0318-d250 @A: 31 18 27 14 | 06
#0319-d250 @A: 15 02 35 14 | 02
#0320-d250 @A: 14 34 33 23 | 09
#0321-d250 @A: 32 14 07 29 | 03
#0322-d250 @A: 33 19 14 17 | 12
#0323-d250 @A: 29 27 33 14 | 07
#0324-d250 @A: 14 11 24 15 | 10
#0325-d250 @A: 17 30 14 07 | 04
#0326-d250 @A: 24 14 20 10 | 11
#0327-d250 @A: 10 03 14 31 | 08
#0328-d250 @A: 18 05 06 11 | 05
#0329-d250 @A: 27 05 16 03 | 01
#0330-d250 @A: 02 05 34 09 | 06
#0331-d250 @A: 32 04 05 02 | 02
#0332-d250 @A: 05 13 33 03 | 09
#0333-d250 @A: 15 31 05 24 | 03
#0334-d250 @A: 07 04 20 05 | 12
#0335-d250 @A: 05 30 12 35 | 07
#0336-d250 @A: 24 04 08 05 | 10
#0337-d250 @A: 18 16 13 06 | 04
#0338-d250 @A: 20 18 35 13 | 11
#0339-d250 @A: 15 20 27 18 | 08
#0340-d250 @A: 18 06 10 24 | 05
#0341-d250 @A: 15 18 10 08 | 01
#0342-d250 @A: 04 10 03 18 | 06
#0343-d250 @A: 18 31 04 35 | 02
#0344-d250 @A: 35 27 23 16 | 09
#0345-d250 @A: 04 16 32 29 | 03
#0346-d250 @A: 16 31 03 32 | 12
#0347-d250 @A: 12 28 13 16 | 07
#0348-d250 @A: 06 16 29 27 | 10
#0349-d250 @A: 31 07 16 06 | 04
#0350-d250 @A: 12 16 11 35 | 11
#0351-d250 @A: 10 04 08 16 | 08
#0352-d250 @A: 34 16 28 31 | 05
#0353-d250 @A: 24 31 16 20 | 01
#0354-d250 @A: 33 02 11 32 | 06
#0355-d250 @A: 28 24 13 02 | 02
#0356-d250 @A: 20 19 27 02 | 09
#0357-d250 @A: 20 02 11 31 | 03
#0358-d250 @A: 08 30 34 02 | 12
#0359-d250 @A: 02 03 35 08 | 07
#0360-d250 @A: 30 09 07 32 | 10
#0361-d250 @A: 09 06 03 30 | 04
#0362-d250 @A: 04 30 15 09 | 11
#0363-d250 @A: 20 28 09 07 | 08
#0364-d250 @A: 10 09 11 08 | 05
#0365-d250 @A: 23 30 27 32 | 01
#0366-d250 @A: 32 29 23 12 | 06
#0367-d250 @A: 23 06 19 29 | 02
#0368-d250 @A: 28 23 06 31 | 09
#0369-d250 @A: 15 31 23 20 | 03
#0370-d250 @A: 17 23 08 11 | 12
#0371-d250 @A: 23 08 34 31 | 07
#0372-d250 @A: 17 20 03 23 | 10
#0373-d250 @A: 32 07 24 35 | 04
#0374-d250 @A: 32 07 03 08 | 11
#0375-d250 @A: 35 20 08 32 | 08
#0376-d250 @A: 13 12 15 10 | 05
#0377-d250 @A: 33 04 19 27 | 01
#0378-d250 @A: 20 35 12 19 | 06
#0379-d250 @A: 27 15 24 06 | 02
#0380-d250 @A: 06 30 27 28 | 09
#0381-d250 @A: 12 03 11 27 | 03
#0382-d250 @A: 27 08 03 24 | 12
#0383-d250 @A: 24 06 29 33 | 07
#0384-d250 @A: 15 29 08 33 | 10
#0385-d250 @A: 11 29 33 17 | 04
#0386-d250 @A: 10 34 33 29 | 11
#0387-d250 @A: 31 08 06 29 | 08
#0388-d250 @A: 24 20 29 15 | 05
#0389-d250 @A: 20 11 35 29 | 01
#0390-d250 @A: 24 35 04 29 | 06
#0391-d250 @A: 17 06 04 33 | 02
#0392-d250 @A: 03 35 33 12 | 09
#0393-d250 @A: 10 35 04 15 | 03
#0394-d250 @A: 12 35 34 24 | 12
#0395-d250 @A: 09 22 21 23 | 07
#0396-d250 @A: 22 30 01 27 | 10
#0397-d250 @A: 33 22 30 26 | 04
#0398-d250 @A: 22 32 25 35 | 11
#0399-d250 @A: 22 19 31 14 | 08
#0400-d250 @A: 09 05 22 06 | 05
#0401-d250 @A: 05 34 07 22 | 01
#0402-d250 @A: 22 31 09 17 | 06
#0403-d250 @A: 23 10 13 22 | 02
#0404-d250 @A: 23 24 22 33 | 09
#0405-d250 @A: 17 08 22 32 | 03
#0406-d250 @A: 22 13 27 28 | 12
#0407-d250 @A: 15 30 10 22 | 07
#0408-d250 @A: 35 30 04 22 | 10
#0409-d250 @A: 28 30 22 03 | 04
#0410-d250 @A: 06 26 21 01 | 11
#0411-d250 @A: 01 25 15 21 | 08
#0412-d250 @A: 01 31 33 21 | 05
#0413-d250 @A: 18 21 27 26 | 01
#0414-d250 @A: 21 27 15 14 | 06
#0415-d250 @A: 05 20 13 21 | 02
#0416-d250 @A: 07 21 29 18 | 09
#0417-d250 @A: 28 18 21 11 | 03
#0418-d250 @A: 21 02 33 20 | 12
#0419-d250 @A: 02 03 21 12 | 07
#0420-d250 @A: 33 09 08 21 | 10
#0421-d250 @A: 21 30 10 09 | 04
#0422-d250 @A: 21 12 32 19 | 11
#0423-d250 @A: 24 32 21 31 | 08
#0424-d250 @A: 34 27 12 21 | 05
#0425-d250 @A: 17 12 21 08 | 01
#0426-d250 @A: 01 32 10 26 | 06
#0427-d250 @A: 25 01 30 16 | 02
#0428-d250 @A: 01 31 06 25 | 09
#0429-d250 @A: 27 05 06 01 | 03
#0430-d250 @A: 31 03 05 01 | 12
#0431-d250 @A: 15 31 01 02 | 07
#0432-d250 @A: 30 01 10 19 | 10
#0433-d250 @A: 12 11 31 01 | 04
#0434-d250 @A: 12 04 28 01 | 11
#0435-d250 @A: 01 04 12 35 | 08
#0436-d250 @A: 10 03 01 17 | 05
#0437-d250 @A: 25 29 24 26 | 01
#0438-d250 @A: 25 04 26 33 | 06
#0439-d250 @A: 02 05 26 30 | 02
#0440-d250 @A: 19 11 16 26 | 09
#0441-d250 @A: 29 02 11 26 | 03
#0442-d250 @A: 29 09 15 26 | 12
#0443-d250 @A: 09 26 30 20 | 07
#0444-d250 @A: 28 26 13 23 | 10
#0445-d250 @A: 26 29 04 23 | 04
#0446-d250 @A: 32 03 26 29 | 11
#0447-d250 @A: 33 19 26 15 | 08
#0448-d250 @A: 04 27 26 17 | 05
#0449-d250 @A: 04 11 15 26 | 01
#0450-d250 @A: 07 26 11 31 | 06
#0451-d250 @A: 25 14 12 09 | 02
#0452-d250 @A: 06 14 27 25 | 09
#0453-d250 @A: 25 23 05 11 | 03
#0454-d250 @A: 25 09 02 08 | 12
#0455-d250 @A: 25 02 13 35 | 07
#0456-d250 @A: 25 15 35 34 | 10
#0457-d250 @A: 15 03 10 25 | 04
#0458-d250 @A: 25 10 30 04 | 11
#0459-d250 @A: 05 14 15 18 | 08
#0460-d250 @A: 05 11 29 14 | 05
#0461-d250 @A: 29 14 02 28 | 01
#0462-d250 @A: 14 29 03 09 | 06
#0463-d250 @A: 06 09 14 31 | 02
#0464-d250 @A: 14 32 33 15 | 09
#0465-d250 @A: 10 32 14 35 | 03
#0466-d250 @A: 14 13 19 24 | 12
#0467-d250 @A: 30 14 24 33 | 07
#0468-d250 @A: 14 15 07 20 | 10
#0469-d250 @A: 04 28 14 15 | 04
#0470-d250 @A: 14 30 12 11 | 11
#0471-d250 @A: 20 34 14 03 | 08
#0472-d250 @A: 09 17 18 05 | 05
#0473-d250 @A: 16 33 05 17 | 01
#0474-d250 @A: 02 10 13 05 | 06
#0475-d250 @A: 28 04 09 05 | 02
#0476-d250 @A: 05 23 28 29 | 09
#0477-d250 @A: 03 05 35 13 | 03
#0478-d250 @A: 28 27 05 33 | 12
#0479-d250 @A: 08 06 15 05 | 07
#0480-d250 @A: 23 18 34 16 | 10
#0481-d250 @A: 19 18 24 09 | 04
#0482-d250 @A: 09 18 29 20 | 11
#0483-d250 @A: 18 23 07 13 | 08
#0484-d250 @A: 17 18 15 04 | 05
#0485-d250 @A: 18 17 07 11 | 01
#0486-d250 @A: 13 03 11 16 | 06
#0487-d250 @A: 31 19 27 16 | 02
#0488-d250 @A: 33 10 19 16 | 09
#0489-d250 @A: 15 27 12 16 | 03
#0490-d250 @A: 07 24 16 12 | 12
#0491-d250 @A: 34 07 30 16 | 07
#0492-d250 @A: 16 07 04 17 | 10
#0493-d250 @A: 16 12 30 31 | 04
#0494-d250 @A: 10 16 24 11 | 11
#0495-d250 @A: 30 02 27 09 | 08
#0496-d250 @A: 09 29 02 35 | 05
#0497-d250 @A: 35 02 04 06 | 01
#0498-d250 @A: 07 30 02 10 | 06
#0499-d250 @A: 24 04 02 07 | 02
#0500-d250 @A: 30 12 02 28 | 09
#0501-d250 @A: 10 31 02 34 | 03
#0502-d250 @A: 15 19 07 09 | 12
#0503-d250 @A: 32 19 11 23 | 07
#0504-d250 @A: 33 13 23 17 | 10
#0505-d250 @A: 23 08 06 03 | 04
#0506-d250 @A: 23 07 31 04 | 11
#0507-d250 @A: 10 23 35 03 | 08
#0508-d250 @A: 33 19 34 32 | 05
#0509-d250 @A: 31 06 11 32 | 01
#0510-d250 @A: 32 20 15 17 | 06
#0511-d250 @A: 11 32 28 08 | 02
#0512-d250 @A: 32 30 28 34 | 09
#0513-d250 @A: 35 13 04 19 | 03
#0514-d250 @A: 27 11 33 13 | 12
#0515-d250 @A: 13 08 07 24 | 07
#0516-d250 @A: 13 34 31 12 | 10
#0517-d250 @A: 28 04 13 31 | 04
#0518-d250 @A: 19 15 17 03 | 11
#0519-d250 @A: 28 19 12 10 | 08
#0520-d250 @A: 19 35 11 17 | 05
#0521-d250 @A: 17 10 34 19 | 01
#0522-d250 @A: 19 03 24 20 | 06
#0523-d250 @A: 27 06 04 11 | 02
#0524-d250 @A: 07 27 12 30 | 09
#0525-d250 @A: 04 12 20 27 | 03
#0526-d250 @A: 11 28 31 27 | 12
#0527-d250 @A: 27 08 28 04 | 07
#0528-d250 @A: 12 29 06 04 | 10
#0529-d250 @A: 08 17 29 03 | 04
#0530-d250 @A: 33 20 34 24 | 11
#0531-d250 @A: 03 31 33 17 | 08
#0532-d250 @A: 08 35 06 12 | 05
#0533-d250 @A: 15 08 35 31 | 01
#0534-d250 @A: 20 07 35 31 | 06
#0535-d250 @A: 02 11 01 22 | 02
#0536-d250 @A: 31 01 22 35 | 09
#0537-d250 @A: 28 25 22 26 | 03
#0538-d250 @A: 11 26 14 22 | 12
#0539-d250 @A: 22 08 07 14 | 07
#0540-d250 @A: 22 10 29 05 | 10
#0541-d250 @A: 22 13 18 15 | 04
#0542-d250 @A: 22 33 11 09 | 11
#0543-d250 @A: 23 32 22 28 | 08
#0544-d250 @A: 29 30 32 22 | 05
#0545-d250 @A: 33 22 19 28 | 01
#0546-d250 @A: 27 20 08 22 | 06
#0547-d250 @A: 16 01 07 21 | 02
#0548-d250 @A: 21 26 13 08 | 09
#0549-d250 @A: 21 20 26 19 | 03
#0550-d250 @A: 26 21 30 35 | 12
#0551-d250 @A: 21 25 14 08 | 07
#0552-d250 @A: 21 28 25 27 | 10
#0553-d250 @A: 25 03 35 21 | 04
#0554-d250 @A: 04 21 05 14 | 11
#0555-d250 @A: 14 19 02 21 | 08
#0556-d250 @A: 21 14 34 11 | 05
#0557-d250 @A: 24 21 23 18 | 01
#0558-d250 @A: 21 23 07 02 | 06
#0559-d250 @A: 04 21 06 08 | 02
#0560-d250 @A: 34 03 21 07 | 09
#0561-d250 @A: 25 13 01 26 | 03
#0562-d250 @A: 01 25 18 11 | 12
#0563-d250 @A: 19 16 24 01 | 07
#0564-d250 @A: 01 33 16 03 | 10
#0565-d250 @A: 35 09 06 01 | 04
#0566-d250 @A: 09 11 15 01 | 11
#0567-d250 @A: 29 01 19 12 | 08
#0568-d250 @A: 08 19 01 11 | 05
#0569-d250 @A: 01 10 04 15 | 01
#0570-d250 @A: 08 01 24 20 | 06
#0571-d250 @A: 31 20 01 10 | 02
#0572-d250 @A: 09 26 06 25 | 09
#0573-d250 @A: 25 32 11 26 | 03
#0574-d250 @A: 26 15 34 25 | 12
#0575-d250 @A: 28 26 27 14 | 07
#0576-d250 @A: 05 26 15 27 | 10
#0577-d250 @A: 18 04 24 26 | 04
#0578-d250 @A: 16 26 24 13 | 11
#0579-d250 @A: 07 26 27 16 | 08
#0580-d250 @A: 02 20 26 24 | 05
#0581-d250 @A: 35 26 06 32 | 01
#0582-d250 @A: 30 32 26 15 | 06
#0583-d250 @A: 30 29 19 26 | 02
#0584-d250 @A: 34 20 26 35 | 09
#0585-d250 @A: 08 31 03 26 | 03
#0586-d250 @A: 23 14 35 25 | 12
#0587-d250 @A: 16 18 12 25 | 07
#0588-d250 @A: 34 25 16 02 | 10
#0589-d250 @A: 25 29 09 30 | 04
#0590-d250 @A: 34 23 25 32 | 11
#0591-d250 @A: 13 29 06 25 | 08
#0592-d250 @A: 28 29 25 19 | 05
#0593-d250 @A: 25 10 06 07 | 01
#0594-d250 @A: 10 25 12 17 | 06
#0595-d250 @A: 35 25 10 17 | 02
#0596-d250 @A: 16 14 05 35 | 09
#0597-d250 @A: 02 14 33 10 | 03
#0598-d250 @A: 14 09 15 17 | 12
#0599-d250 @A: 17 10 14 06 | 07
#0600-d250 @A: 13 18 05 28 | 10
#0601-d250 @A: 03 18 05 12 | 04
#0602-d250 @A: 05 07 16 29 | 11
#0603-d250 @A: 05 16 12 34 | 08
#0604-d250 @A: 20 05 16 11 | 05
#0605-d250 @A: 05 02 23 17 | 01
#0606-d250 @A: 09 05 15 13 | 06
#0607-d250 @A: 05 35 34 31 | 02
#0608-d250 @A: 18 04 02 12 | 09
#0609-d250 @A: 09 06 27 18 | 03
#0610-d250 @A: 18 33 27 08 | 12
#0611-d250 @A: 07 18 12 10 | 07
#0612-d250 @A: 09 02 13 16 | 10
#0613-d250 @A: 10 16 23 32 | 04
#0614-d250 @A: 23 16 33 11 | 11
#0615-d250 @A: 16 11 27 32 | 08
#0616-d250 @A: 16 30 24 29 | 05
#0617-d250 @A: 15 03 16 06 | 01
#0618-d250 @A: 28 04 06 16 | 06
#0619-d250 @A: 31 11 16 04 | 02
#0620-d250 @A: 03 24 28 16 | 09
#0621-d250 @A: 09 15 20 02 | 03
#0622-d250 @A: 23 33 06 02 | 12
#0623-d250 @A: 12 02 15 32 | 07
#0624-d250 @A: 02 19 17 13 | 10
#0625-d250 @A: 02 13 03 15 | 04
#0626-d250 @A: 19 03 04 02 | 11
#0627-d250 @A: 17 33 02 34 | 08
#0628-d250 @A: 02 07 20 12 | 05
#0629-d250 @A: 17 02 30 24 | 01
#0630-d250 @A: 09 23 30 11 | 06
#0631-d250 @A: 09 19 32 04 | 02
#0632-d250 @A: 04 35 09 32 | 09
#0633-d250 @A: 13 34 09 35 | 03
#0634-d250 @A: 09 27 33 20 | 12
#0635-d250 @A: 27 10 24 09 | 07
#0636-d250 @A: 09 29 28 08 | 10
#0637-d250 @A: 09 20 08 06 | 04
#0638-d250 @A: 12 03 09 15 | 11
#0639-d250 @A: 23 17 32 35 | 08
#0640-d250 @A: 08 23 28 33 | 05
#0641-d250 @A: 35 23 11 15 | 01
#0642-d250 @A: 23 12 11 24 | 06
#0643-d250 @A: 08 10 20 23 | 02
#0644-d250 @A: 13 32 03 17 | 09
#0645-d250 @A: 35 13 28 32 | 03
#0646-d250 @A: 32 20 10 33 | 12
#0647-d250 @A: 03 32 11 15 | 07
#0648-d250 @A: 31 10 32 12 | 10
#0649-d250 @A: 13 19 31 20 | 04
#0650-d250 @A: 29 20 10 13 | 11
#0651-d250 @A: 11 30 13 08 | 08
#0652-d250 @A: 19 15 08 20 | 05
#0653-d250 @A: 28 07 19 30 | 01
#0654-d250 @A: 17 08 24 19 | 06
#0655-d250 @A: 27 28 07 15 | 02
#0656-d250 @A: 31 15 27 17 | 09
#0657-d250 @A: 04 30 24 27 | 03
#0658-d250 @A: 15 30 11 29 | 12
#0659-d250 @A: 08 29 04 07 | 07
#0660-d250 @A: 31 11 24 29 | 10
#0661-d250 @A: 24 29 34 03 | 04
#0662-d250 @A: 12 33 10 04 | 11
#0663-d250 @A: 03 11 34 33 | 08
#0664-d250 @A: 35 33 08 34 | 05
#0665-d250 @A: 06 20 35 30 | 01
#0666-d250 @A: 35 12 28 07 | 06
#0667-d250 @A: 25 21 22 20 | 02
#0668-d250 @A: 16 22 14 21 | 09
#0669-d250 @A: 05 15 21 22 | 03
#0670-d250 @A: 06 22 21 27 | 12
#0671-d250 @A: 01 04 29 22 | 07
#0672-d250 @A: 07 18 22 26 | 10
#0673-d250 @A: 23 22 26 12 | 04
#0674-d250 @A: 22 26 32 20 | 11
#0675-d250 @A: 22 06 26 13 | 08
#0676-d250 @A: 25 03 22 16 | 05
#0677-d250 @A: 22 17 25 23 | 01
#0678-d250 @A: 14 03 33 22 | 06
#0679-d250 @A: 29 28 18 22 | 02
#0680-d250 @A: 16 33 29 22 | 09
#0681-d250 @A: 17 22 10 16 | 03
#0682-d250 @A: 22 32 02 07 | 12
#0683-d250 @A: 08 22 02 12 | 07
#0684-d250 @A: 24 32 22 19 | 10
#0685-d250 @A: 06 28 08 22 | 04
#0686-d250 @A: 22 11 20 15 | 11
#0687-d250 @A: 22 34 12 04 | 08
#0688-d250 @A: 30 08 22 24 | 05
#0689-d250 @A: 34 22 10 24 | 01
#0690-d250 @A: 22 35 28 03 | 06
#0691-d250 @A: 18 21 12 01 | 02
#0692-d250 @A: 01 02 21 34 | 09
#0693-d250 @A: 01 35 17 21 | 03
#0694-d250 @A: 21 26 05 28 | 12
#0695-d250 @A: 16 26 12 21 | 07
#0696-d250 @A: 21 30 23 14 | 10
#0697-d250 @A: 21 29 14 20 | 04
#0698-d250 @A: 05 21 18 08 | 11
#0699-d250 @A: 23 35 21 18 | 08
#0700-d250 @A: 21 02 16 11 | 05
#0701-d250 @A: 21 08 16 29 | 01
#0702-d250 @A: 16 03 21 20 | 06
#0703-d250 @A: 20 21 34 23 | 02
#0704-d250 @A: 11 29 27 21 | 09
#0705-d250 @A: 21 10 27 33 | 03
#0706-d250 @A: 24 21 35 27 | 12
#0707-d250 @A: 21 06 24 03 | 07
#0708-d250 @A: 04 07 10 21 | 10
#0709-d250 @A: 28 12 20 21 | 04
#0710-d250 @A: 34 21 17 04 | 11
#0711-d250 @A: 31 21 04 03 | 08
#0712-d250 @A: 34 18 01 26 | 05
#0713-d250 @A: 01 31 29 14 | 01
#0714-d250 @A: 01 14 11 28 | 06
#0715-d250 @A: 01 18 07 32 | 02
#0716-d250 @A: 15 01 18 28 | 09
#0717-d250 @A: 18 03 01 08 | 03
#0718-d250 @A: 02 33 28 01 | 12
#0719-d250 @A: 23 31 01 13 | 07
#0720-d250 @A: 23 01 10 06 | 10
#0721-d250 @A: 35 11 01 32 | 04
#0722-d250 @A: 07 30 04 01 | 11
#0723-d250 @A: 30 35 01 08 | 08
#0724-d250 @A: 24 28 10 01 | 05
#0725-d250 @A: 26 16 05 18 | 01
#0726-d250 @A: 28 26 33 18 | 06
#0727-d250 @A: 30 26 18 06 | 02
#0728-d250 @A: 17 26 33 09 | 09
#0729-d250 @A: 26 08 04 32 | 03
#0730-d250 @A: 19 24 10 26 | 12
#0731-d250 @A: 26 12 24 06 | 07
#0732-d250 @A: 10 17 26 11 | 10
#0733-d250 @A: 11 26 03 20 | 04
#0734-d250 @A: 05 14 03 25 | 11
#0735-d250 @A: 14 19 23 25 | 08
#0736-d250 @A: 05 10 25 09 | 05
#0737-d250 @A: 25 29 20 05 | 01
#0738-d250 @A: 25 18 32 19 | 06
#0739-d250 @A: 07 25 16 15 | 02
#0740-d250 @A: 28 35 09 25 | 09
#0741-d250 @A: 32 29 25 08 | 03
#0742-d250 @A: 31 32 04 25 | 12
#0743-d250 @A: 20 10 25 34 | 07
#0744-d250 @A: 25 24 28 20 | 10
#0745-d250 @A: 17 14 02 16 | 04
#0746-d250 @A: 06 32 14 16 | 11
#0747-d250 @A: 14 13 02 34 | 08
#0748-d250 @A: 10 09 14 32 | 05
#0749-d250 @A: 14 07 09 13 | 01
#0750-d250 @A: 33 04 14 09 | 06
#0751-d250 @A: 13 03 14 23 | 02
#0752-d250 @A: 19 32 14 30 | 09
#0753-d250 @A: 14 32 12 28 | 03
#0754-d250 @A: 06 15 14 30 | 12
#0755-d250 @A: 07 28 14 31 | 07
#0756-d250 @A: 11 14 08 20 | 10
#0757-d250 @A: 08 28 14 30 | 04
#0758-d250 @A: 05 31 09 07 | 11
#0759-d250 @A: 07 05 13 19 | 08
#0760-d250 @A: 19 12 27 05 | 05
#0761-d250 @A: 04 33 30 05 | 01
#0762-d250 @A: 18 16 35 06 | 06
#0763-d250 @A: 02 18 23 30 | 02
#0764-d250 @A: 13 18 10 33 | 09
#0765-d250 @A: 18 07 03 19 | 03
#0766-d250 @A: 12 11 34 18 | 12
#0767-d250 @A: 09 34 16 29 | 07
#0768-d250 @A: 31 33 16 09 | 10
#0769-d250 @A: 20 23 16 29 | 04
#0770-d250 @A: 16 10 28 07 | 11
#0771-d250 @A: 16 12 11 08 | 08
#0772-d250 @A: 20 30 10 16 | 05
#0773-d250 @A: 23 09 02 03 | 01
#0774-d250 @A: 29 31 09 02 | 06
#0775-d250 @A: 27 02 23 15 | 02
#0776-d250 @A: 02 32 27 06 | 09
#0777-d250 @A: 02 03 07 31 | 03
#0778-d250 @A: 04 28 02 17 | 12
#0779-d250 @A: 09 32 33 12 | 07
#0780-d250 @A: 09 19 11 27 | 10
#0781-d250 @A: 12 11 09 06 | 04
#0782-d250 @A: 23 03 33 32 | 11
#0783-d250 @A: 04 23 19 10 | 08
#0784-d250 @A: 10 17 27 23 | 05
#0785-d250 @A: 06 30 23 24 | 01
#0786-d250 @A: 20 30 23 28 | 06
#0787-d250 @A: 35 32 15 19 | 02
#0788-d250 @A: 24 29 32 27 | 09
#0789-d250 @A: 15 34 32 08 | 03
#0790-d250 @A: 08 20 32 12 | 12
#0791-d250 @A: 11 04 32 30 | 07
#0792-d250 @A: 32 03 10 30 | 10
#0793-d250 @A: 31 35 03 32 | 04
#0794-d250 @A: 24 13 27 17 | 11
#0795-d250 @A: 15 30 13 35 | 08
#0796-d250 @A: 20 11 12 13 | 05
#0797-d250 @A: 08 13 28 20 | 01
#0798-d250 @A: 19 34 06 03 | 06
#0799-d250 @A: 06 10 19 08 | 02
#0800-d250 @A: 17 19 11 20 | 09
#0801-d250 @A: 28 34 27 17 | 03
#0802-d250 @A: 33 29 31 20 | 12
#0803-d250 @A: 29 30 06 10 | 07
#0804-d250 @A: 29 34 28 06 | 10
#0805-d250 @A: 28 15 29 12 | 04
#0806-d250 @A: 29 17 28 30 | 11
#0807-d250 @A: 24 04 10 29 | 08
#0808-d250 @A: 15 33 31 11 | 05
#0809-d250 @A: 33 07 28 34 | 01
#0810-d250 @A: 07 08 31 33 | 06
#0811-d250 @A: 33 30 20 11 | 02
#0812-d250 @A: 04 31 24 33 | 09
#0813-d250 @A: 03 33 08 10 | 03
#0814-d250 @A: 28 10 35 12 | 12
#0815-d250 @A: 35 34 17 30 | 07
#0816-d250 @A: 03 04 17 35 | 10
#0817-d250 @A: 22 30 21 12 | 04
#0818-d250 @A: 22 17 01 13 | 11
#0819-d250 @A: 33 22 01 10 | 08
#0820-d250 @A: 26 10 22 27 | 05
#0821-d250 @A: 29 17 26 22 | 01
#0822-d250 @A: 13 14 22 20 | 06
#0823-d250 @A: 29 14 22 24 | 02
#0824-d250 @A: 06 02 18 22 | 09
#0825-d250 @A: 16 22 30 02 | 03
#0826-d250 @A: 16 35 34 22 | 12
#0827-d250 @A: 19 09 02 22 | 07
#0828-d250 @A: 09 22 33 35 | 10
#0829-d250 @A: 08 22 29 13 | 04
#0830-d250 @A: 13 06 35 22 | 11
#0831-d250 @A: 27 22 07 33 | 08
#0832-d250 @A: 06 25 21 18 | 05
#0833-d250 @A: 09 21 25 11 | 01
#0834-d250 @A: 07 13 25 21 | 06
#0835-d250 @A: 34 25 29 21 | 02
#0836-d250 @A: 21 05 24 11 | 09
#0837-d250 @A: 18 33 21 30 | 03
#0838-d250 @A: 34 19 21 16 | 12
#0839-d250 @A: 21 20 35 02 | 07
#0840-d250 @A: 24 12 09 21 | 10
#0841-d250 @A: 21 13 19 10 | 04
#0842-d250 @A: 28 21 34 13 | 11
#0843-d250 @A: 33 19 21 11 | 08
#0844-d250 @A: 31 07 21 27 | 05
#0845-d250 @A: 01 26 19 02 | 01
#0846-d250 @A: 01 26 09 31 | 06
#0847-d250 @A: 26 12 07 01 | 02
#0848-d250 @A: 15 01 14 13 | 09
#0849-d250 @A: 29 08 05 01 | 03
#0850-d250 @A: 09 01 06 16 | 12
#0851-d250 @A: 29 01 34 23 | 07
#0852-d250 @A: 35 29 01 33 | 10
#0853-d250 @A: 01 08 07 15 | 04
#0854-d250 @A: 20 30 15 01 | 11
#0855-d250 @A: 24 01 17 04 | 08
#0856-d250 @A: 28 20 34 01 | 05
#0857-d250 @A: 03 34 01 35 | 01
#0858-d250 @A: 30 26 14 25 | 06
#0859-d250 @A: 26 08 33 14 | 02
#0860-d250 @A: 06 14 20 26 | 09
#0861-d250 @A: 08 19 27 26 | 03
#0862-d250 @A: 15 31 26 06 | 12
#0863-d250 @A: 04 12 30 26 | 07
#0864-d250 @A: 12 34 17 26 | 10
#0865-d250 @A: 35 26 08 04 | 04
#0866-d250 @A: 10 26 04 31 | 11
#0867-d250 @A: 24 25 18 14 | 08
#0868-d250 @A: 04 35 25 05 | 05
#0869-d250 @A: 18 15 23 25 | 01
#0870-d250 @A: 16 29 25 31 | 06
#0871-d250 @A: 25 13 02 20 | 02
#0872-d250 @A: 29 25 33 02 | 09
#0873-d250 @A: 25 30 06 02 | 03
#0874-d250 @A: 02 17 25 11 | 12
#0875-d250 @A: 27 13 25 23 | 07
#0876-d250 @A: 25 31 33 23 | 10
#0877-d250 @A: 13 10 25 32 | 04
#0878-d250 @A: 25 07 11 20 | 11
#0879-d250 @A: 25 03 04 07 | 08
#0880-d250 @A: 17 31 20 25 | 05
#0881-d250 @A: 14 08 10 05 | 01
#0882-d250 @A: 16 14 09 27 | 06
#0883-d250 @A: 33 12 14 16 | 02
#0884-d250 @A: 14 08 24 06 | 09
#0885-d250 @A: 17 14 04 20 | 03
#0886-d250 @A: 29 24 05 18 | 12
#0887-d250 @A: 35 05 18 28 | 07
#0888-d250 @A: 29 02 05 03 | 10
#0889-d250 @A: 33 12 05 02 | 04
#0890-d250 @A: 05 07 06 23 | 11
#0891-d250 @A: 34 05 23 03 | 08
#0892-d250 @A: 28 05 12 07 | 05
#0893-d250 @A: 05 11 04 17 | 01
#0894-d250 @A: 31 05 30 34 | 06
#0895-d250 @A: 24 03 30 05 | 02
#0896-d250 @A: 31 05 28 20 | 09
#0897-d250 @A: 05 20 10 35 | 03
#0898-d250 @A: 17 18 32 16 | 12
#0899-d250 @A: 27 10 16 18 | 07
#0900-d250 @A: 02 18 34 19 | 10
#0901-d250 @A: 11 18 02 27 | 04
#0902-d250 @A: 33 09 18 15 | 11
#0903-d250 @A: 32 28 27 18 | 08
#0904-d250 @A: 19 11 18 30 | 05
#0905-d250 @A: 31 06 18 03 | 01
#0906-d250 @A: 03 34 30 18 | 06
#0907-d250 @A: 15 33 02 16 | 02
#0908-d250 @A: 02 16 35 28 | 09
#0909-d250 @A: 16 19 03 09 | 03
#0910-d250 @A: 03 16 23 07 | 12
#0911-d250 @A: 16 34 27 04 | 07
#0912-d250 @A: 33 17 35 16 | 10
#0913-d250 @A: 17 03 16 12 | 04
#0914-d250 @A: 03 16 08 34 | 11
#0915-d250 @A: 23 10 02 29 | 08
#0916-d250 @A: 08 19 02 33 | 05
#0917-d250 @A: 02 04 31 06 | 01
#0918-d250 @A: 07 11 02 34 | 06
#0919-d250 @A: 23 09 27 28 | 02
#0920-d250 @A: 17 09 23 06 | 09
#0921-d250 @A: 09 23 35 31 | 03
#0922-d250 @A: 13 32 09 31 | 12
#0923-d250 @A: 07 06 09 34 | 07
#0924-d250 @A: 09 17 28 11 | 10
#0925-d250 @A: 31 20 09 04 | 04
#0926-d250 @A: 20 09 35 03 | 11
#0927-d250 @A: 24 27 23 19 | 08
#0928-d250 @A: 23 12 27 33 | 05
#0929-d250 @A: 23 07 35 29 | 01
#0930-d250 @A: 35 23 04 33 | 06
#0931-d250 @A: 30 15 23 03 | 02
#0932-d250 @A: 24 07 23 20 | 09
#0933-d250 @A: 23 12 34 28 | 03
#0934-d250 @A: 13 12 30 32 | 12
#0935-d250 @A: 13 06 27 19 | 07
#0936-d250 @A: 13 06 10 04 | 10
#0937-d250 @A: 13 34 10 11 | 04
#0938-d250 @A: 13 20 03 30 | 11
#0939-d250 @A: 20 13 17 34 | 08
#0940-d250 @A: 17 13 08 10 | 05
#0941-d250 @A: 24 31 19 06 | 01
#0942-d250 @A: 07 08 19 34 | 06
#0943-d250 @A: 19 31 17 07 | 02
#0944-d250 @A: 28 11 03 19 | 09
#0945-d250 @A: 27 15 30 08 | 03
#0946-d250 @A: 04 15 27 03 | 12
#0947-d250 @A: 08 07 27 10 | 07
#0948-d250 @A: 30 27 31 10 | 10
#0949-d250 @A: 33 28 29 04 | 04
#0950-d250 @A: 30 12 34 29 | 11
#0951-d250 @A: 28 11 29 20 | 08
#0952-d250 @A: 17 29 31 04 | 05
#0953-d250 @A: 06 34 33 12 | 01
#0954-d250 @A: 31 06 33 10 | 06
#0955-d250 @A: 20 12 15 33 | 02
#0956-d250 @A: 15 33 30 34 | 09
#0957-d250 @A: 10 28 33 15 | 03
#0958-d250 @A: 33 07 11 04 | 12
#0959-d250 @A: 12 08 30 33 | 07
#0960-d250 @A: 24 28 33 11 | 10
#0961-d250 @A: 17 31 06 35 | 04
#0962-d250 @A: 17 20 24 35 | 11
#0963-d250 @A: 21 22 04 26 | 08
#0964-d250 @A: 15 22 21 35 | 05
#0965-d250 @A: 05 22 01 18 | 01
#0966-d250 @A: 22 31 28 01 | 06
#0967-d250 @A: 26 16 22 31 | 02
#0968-d250 @A: 26 34 19 22 | 09
#0969-d250 @A: 28 10 22 14 | 03
#0970-d250 @A: 35 14 20 22 | 12
#0971-d250 @A: 11 31 05 22 | 07
#0972-d250 @A: 19 10 18 22 | 10
#0973-d250 @A: 22 04 33 02 | 04
#0974-d250 @A: 35 22 12 02 | 11
#0975-d250 @A: 17 19 30 22 | 08
#0976-d250 @A: 03 08 11 22 | 05
#0977-d250 @A: 17 20 22 28 | 01
#0978-d250 @A: 21 30 13 01 | 06
#0979-d250 @A: 21 14 28 09 | 02
#0980-d250 @A: 21 06 14 13 | 09
#0981-d250 @A: 14 29 35 21 | 03
#0982-d250 @A: 09 18 21 31 | 12
#0983-d250 @A: 21 18 17 13 | 07
#0984-d250 @A: 30 29 02 21 | 10
#0985-d250 @A: 21 13 09 03 | 04
#0986-d250 @A: 09 21 29 04 | 11
#0987-d250 @A: 07 09 21 35 | 08
#0988-d250 @A: 28 21 33 32 | 05
#0989-d250 @A: 24 29 21 13 | 01
#0990-d250 @A: 21 15 29 06 | 06
#0991-d250 @A: 06 12 21 31 | 02
#0992-d250 @A: 01 25 23 08 | 09
#0993-d250 @A: 03 19 14 01 | 03
#0994-d250 @A: 11 05 01 33 | 12
#0995-d250 @A: 16 01 19 35 | 07
#0996-d250 @A: 13 07 02 01 | 10
#0997-d250 @A: 17 09 19 01 | 04
#0998-d250 @A: 27 09 01 07 | 11
#0999-d250 @A: 09 29 01 24 | 08
#1000-d250 @A: 23 20 01 35 | 05
#1001-d250 @A: 31 32 01 19 | 01
#1002-d250 @A: 01 34 06 13 | 06
#1003-d250 @A: 01 20 33 19 | 02
#1004-d250 @A: 29 10 27 01 | 09
#1005-d250 @A: 01 06 11 30 | 03
#1006-d250 @A: 20 11 04 01 | 12
#1007-d250 @A: 35 01 24 28 | 07
#1008-d250 @A: 19 25 12 26 | 10
#1009-d250 @A: 09 14 26 24 | 04
#1010-d250 @A: 26 34 32 05 | 11
#1011-d250 @A: 28 02 26 10 | 08
#1012-d250 @A: 09 28 19 26 | 05
#1013-d250 @A: 23 32 26 07 | 01
#1014-d250 @A: 19 17 26 06 | 06
#1015-d250 @A: 26 15 35 12 | 02
#1016-d250 @A: 03 26 28 12 | 09
#1017-d250 @A: 12 05 32 25 | 03
#1018-d250 @A: 18 25 35 12 | 12
#1019-d250 @A: 32 25 16 24 | 07
#1020-d250 @A: 31 02 19 25 | 10
#1021-d250 @A: 27 25 31 09 | 04
#1022-d250 @A: 19 25 11 13 | 11
#1023-d250 @A: 30 13 28 25 | 08
#1024-d250 @A: 25 27 24 07 | 05
#1025-d250 @A: 11 12 25 29 | 01
#1026-d250 @A: 25 24 12 08 | 06
#1027-d250 @A: 31 11 25 34 | 02
#1028-d250 @A: 17 03 30 25 | 09
#1029-d250 @A: 24 10 31 25 | 03
#1030-d250 @A: 17 14 13 05 | 12
#1031-d250 @A: 19 05 14 28 | 07
#1032-d250 @A: 08 02 18 14 | 10
#1033-d250 @A: 16 14 15 31 | 04
#1034-d250 @A: 14 24 02 27 | 11
#1035-d250 @A: 14 23 12 20 | 08
#1036-d250 @A: 31 14 32 08 | 05
#1037-d250 @A: 27 19 34 14 | 01
#1038-d250 @A: 11 14 06 19 | 06
#1039-d250 @A: 10 14 15 19 | 02
#1040-d250 @A: 07 04 06 14 | 09
#1041-d250 @A: 15 03 14 08 | 03
#1042-d250 @A: 14 30 31 20 | 12
#1043-d250 @A: 34 14 31 04 | 07
#1044-d250 @A: 14 04 35 28 | 10
#1045-d250 @A: 02 08 05 16 | 04
#1046-d250 @A: 16 24 05 09 | 11
#1047-d250 @A: 05 09 08 19 | 08
#1048-d250 @A: 05 32 06 13 | 05
#1049-d250 @A: 27 10 05 32 | 01
#1050-d250 @A: 30 27 05 29 | 06
#1051-d250 @A: 15 04 05 29 | 02
#1052-d250 @A: 05 06 20 10 | 09
#1053-d250 @A: 05 15 34 17 | 03
#1054-d250 @A: 11 07 03 05 | 12
#1055-d250 @A: 20 17 05 30 | 07
#1056-d250 @A: 20 18 28 02 | 10
#1057-d250 @A: 08 19 23 18 | 04
#1058-d250 @A: 18 32 10 34 | 11
#1059-d250 @A: 13 24 18 12 | 08
#1060-d250 @A: 06 33 18 19 | 05
#1061-d250 @A: 28 07 06 18 | 01
#1062-d250 @A: 08 12 18 28 | 06
#1063-d250 @A: 08 31 11 18 | 02
#1064-d250 @A: 18 17 30 08 | 09
#1065-d250 @A: 04 28 18 34 | 03
#1066-d250 @A: 04 18 20 08 | 12
#1067-d250 @A: 02 29 16 12 | 07
#1068-d250 @A: 16 09 08 23 | 10
#1069-d250 @A: 16 17 09 20 | 04
#1070-d250 @A: 19 32 08 16 | 11
#1071-d250 @A: 33 16 07 32 | 08
#1072-d250 @A: 16 19 29 15 | 05
#1073-d250 @A: 07 35 15 16 | 01
#1074-d250 @A: 30 15 16 17 | 06
#1075-d250 @A: 16 04 15 24 | 02
#1076-d250 @A: 04 03 16 30 | 09
#1077-d250 @A: 10 02 09 06 | 03
#1078-d250 @A: 11 23 13 02 | 12
#1079-d250 @A: 23 35 19 02 | 07
#1080-d250 @A: 32 02 19 10 | 10
#1081-d250 @A: 29 02 32 34 | 04
#1082-d250 @A: 35 02 27 34 | 11
#1083-d250 @A: 20 08 03 02 | 08
#1084-d250 @A: 09 13 19 12 | 05
#1085-d250 @A: 17 29 09 27 | 01
#1086-d250 @A: 17 15 09 35 | 06
#1087-d250 @A: 04 09 08 03 | 02
#1088-d250 @A: 24 09 10 35 | 09
#1089-d250 @A: 03 09 20 10 | 03
#1090-d250 @A: 19 34 23 13 | 12
#1091-d250 @A: 23 27 11 20 | 07
#1092-d250 @A: 06 23 11 34 | 10
#1093-d250 @A: 17 28 23 07 | 04
#1094-d250 @A: 11 23 10 28 | 11
#1095-d250 @A: 24 23 34 04 | 08
#1096-d250 @A: 23 17 24 31 | 05
#1097-d250 @A: 13 28 32 29 | 01
#1098-d250 @A: 12 32 06 03 | 06
#1099-d250 @A: 07 04 32 15 | 02
#1100-d250 @A: 28 31 15 32 | 09
#1101-d250 @A: 07 06 13 03 | 03
#1102-d250 @A: 07 15 30 13 | 12
#1103-d250 @A: 07 27 19 29 | 07
#1104-d250 @A: 04 34 30 19 | 10
#1105-d250 @A: 08 19 28 31 | 04
#1106-d250 @A: 27 30 35 29 | 11
#1107-d250 @A: 31 12 27 35 | 08
#1108-d250 @A: 03 35 27 11 | 05
#1109-d250 @A: 30 07 31 29 | 01
#1110-d250 @A: 29 03 10 07 | 06
#1111-d250 @A: 35 31 29 10 | 02
#1112-d250 @A: 33 15 07 03 | 09
#1113-d250 @A: 22 21 33 17 | 03
#1114-d250 @A: 01 34 22 08 | 12
#1115-d250 @A: 25 22 10 02 | 07
#1116-d250 @A: 15 09 22 25 | 10
#1117-d250 @A: 22 35 05 23 | 04
#1118-d250 @A: 05 22 30 13 | 11
#1119-d250 @A: 22 18 12 33 | 08
#1120-d250 @A: 20 18 30 22 | 05
#1121-d250 @A: 17 22 02 27 | 01
#1122-d250 @A: 22 20 29 02 | 06
#1123-d250 @A: 27 22 03 09 | 02
#1124-d250 @A: 22 33 32 31 | 09
#1125-d250 @A: 29 06 22 03 | 03
#1126-d250 @A: 22 04 30 06 | 12
#1127-d250 @A: 10 22 20 04 | 07
#1128-d250 @A: 15 26 21 02 | 10
#1129-d250 @A: 09 21 26 07 | 04
#1130-d250 @A: 23 11 21 26 | 11
#1131-d250 @A: 02 05 06 21 | 08
#1132-d250 @A: 33 21 05 34 | 05
#1133-d250 @A: 03 17 21 05 | 01
#1134-d250 @A: 05 08 21 35 | 06
#1135-d250 @A: 21 19 15 18 | 02
#1136-d250 @A: 16 21 17 28 | 09
#1137-d250 @A: 09 32 21 34 | 03
#1138-d250 @A: 23 29 33 21 | 12
#1139-d250 @A: 08 15 21 23 | 07
#1140-d250 @A: 31 21 10 23 | 10
#1141-d250 @A: 35 12 21 13 | 04
#1142-d250 @A: 21 19 30 27 | 11
#1143-d250 @A: 21 10 24 17 | 08
#1144-d250 @A: 20 31 08 21 | 05
#1145-d250 @A: 26 01 05 20 | 01
#1146-d250 @A: 25 03 01 09 | 06
#1147-d250 @A: 34 25 04 01 | 02
#1148-d250 @A: 01 30 02 14 | 09
#1149-d250 @A: 06 01 14 33 | 03
#1150-d250 @A: 01 19 05 34 | 12
#1151-d250 @A: 01 18 02 17 | 07
#1152-d250 @A: 01 09 18 10 | 10
#1153-d250 @A: 18 01 30 29 | 04
#1154-d250 @A: 01 16 10 13 | 11
#1155-d250 @A: 01 09 23 04 | 08
#1156-d250 @A: 01 32 20 13 | 05
#1157-d250 @A: 01 03 32 24 | 01
#1158-d250 @A: 15 33 27 01 | 06
#1159-d250 @A: 01 07 33 17 | 02
#1160-d250 @A: 17 20 01 12 | 09
#1161-d250 @A: 01 34 11 17 | 03
#1162-d250 @A: 30 01 34 24 | 12
#1163-d250 @A: 02 18 25 26 | 07
#1164-d250 @A: 03 14 16 26 | 10
#1165-d250 @A: 02 31 14 26 | 04
#1166-d250 @A: 23 15 26 14 | 11
#1167-d250 @A: 26 06 29 05 | 08
#1168-d250 @A: 26 09 04 02 | 05
#1169-d250 @A: 34 23 26 09 | 01
#1170-d250 @A: 06 23 27 26 | 06
#1171-d250 @A: 03 34 13 26 | 02
#1172-d250 @A: 26 20 27 29 | 09
#1173-d250 @A: 26 07 35 33 | 03
#1174-d250 @A: 11 12 26 33 | 12
#1175-d250 @A: 15 24 26 07 | 07
#1176-d250 @A: 07 28 26 04 | 10
#1177-d250 @A: 34 30 11 26 | 04
#1178-d250 @A: 24 11 08 26 | 11
#1179-d250 @A: 02 07 25 14 | 08
#1180-d250 @A: 29 25 23 03 | 05
#1181-d250 @A: 25 06 08 34 | 01
#1182-d250 @A: 25 30 31 35 | 06
#1183-d250 @A: 14 06 34 05 | 02
#1184-d250 @A: 08 13 14 16 | 09
#1185-d250 @A: 31 16 14 35 | 03
#1186-d250 @A: 12 14 35 09 | 12
#1187-d250 @A: 28 33 14 13 | 07
#1188-d250 @A: 19 08 29 14 | 10
#1189-d250 @A: 29 14 04 30 | 04
#1190-d250 @A: 03 07 12 14 | 11
#1191-d250 @A: 07 34 24 14 | 08
#1192-d250 @A: 04 14 10 11 | 05
#1193-d250 @A: 14 30 10 34 | 01
#1194-d250 @A: 14 17 24 28 | 06
#1195-d250 @A: 05 18 27 34 | 02
#1196-d250 @A: 05 29 33 09 | 09
#1197-d250 @A: 23 27 05 04 | 03
#1198-d250 @A: 29 19 17 05 | 12
#1199-d250 @A: 29 05 17 35 | 07
#1200-d250 @A: 12 11 05 15 | 10
#1201-d250 @A: 24 07 17 05 | 04
#1202-d250 @A: 11 05 34 28 | 11
#1203-d250 @A: 18 16 28 19 | 08
#1204-d250 @A: 24 18 03 11 | 05
#1205-d250 @A: 35 30 03 18 | 01
#1206-d250 @A: 16 15 23 13 | 06
#1207-d250 @A: 13 19 30 16 | 02
#1208-d250 @A: 17 06 16 11 | 09
#1209-d250 @A: 16 06 34 10 | 03
#1210-d250 @A: 34 20 16 15 | 12
#1211-d250 @A: 11 16 30 28 | 07
#1212-d250 @A: 35 03 24 16 | 10
#1213-d250 @A: 24 09 02 33 | 04
#1214-d250 @A: 08 02 06 13 | 11
#1215-d250 @A: 27 08 29 02 | 08
#1216-d250 @A: 11 06 02 24 | 05
#1217-d250 @A: 02 06 17 03 | 01
#1218-d250 @A: 12 02 17 31 | 06
#1219-d250 @A: 24 11 35 02 | 02
#1220-d250 @A: 15 24 09 08 | 09
#1221-d250 @A: 31 09 34 24 | 03
#1222-d250 @A: 24 29 08 23 | 12
#1223-d250 @A: 23 15 11 07 | 07
#1224-d250 @A: 17 15 23 12 | 10
#1225-d250 @A: 17 34 30 23 | 04
#1226-d250 @A: 28 04 23 03 | 11
#1227-d250 @A: 28 35 34 23 | 08
#1228-d250 @A: 07 06 32 19 | 05
#1229-d250 @A: 28 17 32 19 | 01
#1230-d250 @A: 11 32 10 29 | 06
#1231-d250 @A: 34 07 32 12 | 02
#1232-d250 @A: 28 32 20 03 | 09
#1233-d250 @A: 19 08 13 04 | 03
#1234-d250 @A: 07 10 31 13 | 12
#1235-d250 @A: 17 30 04 13 | 07
#1236-d250 @A: 19 34 31 29 | 10
#1237-d250 @A: 19 33 31 12 | 04
#1238-d250 @A: 06 10 19 35 | 11
#1239-d250 @A: 04 28 19 20 | 08
#1240-d250 @A: 28 34 19 24 | 05
#1241-d250 @A: 07 20 27 06 | 01
#1242-d250 @A: 35 07 04 27 | 06
#1243-d250 @A: 11 24 27 34 | 02
#1244-d250 @A: 17 27 35 28 | 09
#1245-d250 @A: 20 28 10 27 | 03
#1246-d250 @A: 29 30 03 33 | 12
#1247-d250 @A: 35 29 15 06 | 07
#1248-d250 @A: 24 07 28 29 | 10
#1249-d250 @A: 35 15 24 33 | 04
#1250-d250 @A: 11 04 34 35 | 11
#1251-d250 @A: 21 02 22 24 | 08
#1252-d250 @A: 22 21 31 29 | 05
#1253-d250 @A: 15 01 26 22 | 01
#1254-d250 @A: 24 25 22 01 | 06
#1255-d250 @A: 20 01 16 22 | 02
#1256-d250 @A: 01 19 06 22 | 09
#1257-d250 @A: 05 22 25 19 | 03
#1258-d250 @A: 27 05 14 22 | 12
#1259-d250 @A: 14 22 17 18 | 07
#1260-d250 @A: 06 22 14 23 | 10
#1261-d250 @A: 22 18 11 32 | 04
#1262-d250 @A: 11 35 18 22 | 11
#1263-d250 @A: 23 02 22 34 | 08
#1264-d250 @A: 02 22 31 13 | 05
#1265-d250 @A: 20 09 22 34 | 01
#1266-d250 @A: 03 22 19 13 | 06
#1267-d250 @A: 22 19 29 35 | 02
#1268-d250 @A: 06 11 10 22 | 09
#1269-d250 @A: 12 35 22 17 | 03
#1270-d250 @A: 08 22 31 10 | 12
#1271-d250 @A: 11 32 01 21 | 07
#1272-d250 @A: 28 21 01 29 | 10
#1273-d250 @A: 26 24 21 34 | 04
#1274-d250 @A: 03 25 21 32 | 11
#1275-d250 @A: 25 21 17 19 | 08
#1276-d250 @A: 33 21 24 25 | 05
#1277-d250 @A: 02 27 13 21 | 01
#1278-d250 @A: 12 21 13 33 | 06
#1279-d250 @A: 35 31 19 21 | 02
#1280-d250 @A: 15 20 10 21 | 09
#1281-d250 @A: 07 21 20 30 | 03
#1282-d250 @A: 11 30 21 31 | 12
#1283-d250 @A: 04 21 20 24 | 07
#1284-d250 @A: 17 01 26 14 | 10
#1285-d250 @A: 23 24 01 26 | 04
#1286-d250 @A: 01 28 25 05 | 11
#1287-d250 @A: 01 32 25 02 | 08
#1288-d250 @A: 25 01 17 29 | 05
#1289-d250 @A: 05 23 01 12 | 01
#1290-d250 @A: 23 01 18 27 | 06
#1291-d250 @A: 23 28 16 01 | 02
#1292-d250 @A: 03 01 02 27 | 09
#1293-d250 @A: 09 33 01 34 | 03
#1294-d250 @A: 19 15 23 01 | 12
#1295-d250 @A: 30 33 23 01 | 07
#1296-d250 @A: 03 01 23 11 | 10
#1297-d250 @A: 01 32 06 28 | 04
#1298-d250 @A: 30 01 32 08 | 11
#1299-d250 @A: 19 01 28 27 | 08
#1300-d250 @A: 01 27 10 35 | 05
#1301-d250 @A: 11 10 07 01 | 01
#1302-d250 @A: 34 01 07 31 | 06
#1303-d250 @A: 01 08 04 31 | 02
#1304-d250 @A: 26 23 25 10 | 09
#1305-d250 @A: 25 19 35 26 | 03
#1306-d250 @A: 23 05 26 31 | 12
#1307-d250 @A: 18 20 13 26 | 07
#1308-d250 @A: 26 18 15 03 | 10
#1309-d250 @A: 16 09 26 32 | 04
#1310-d250 @A: 26 16 10 15 | 11
#1311-d250 @A: 26 09 10 13 | 08
#1312-d250 @A: 20 33 26 23 | 05
#1313-d250 @A: 26 32 33 06 | 01
#1314-d250 @A: 12 26 08 15 | 06
#1315-d250 @A: 28 15 26 20 | 02
#1316-d250 @A: 26 07 10 34 | 09
#1317-d250 @A: 17 26 20 07 | 03
#1318-d250 @A: 14 25 13 31 | 12
#1319-d250 @A: 18 04 25 05 | 07
#1320-d250 @A: 25 16 09 04 | 10
#1321-d250 @A: 20 35 25 16 | 04
#1322-d250 @A: 28 02 25 23 | 11
#1323-d250 @A: 24 25 09 23 | 08
#1324-d250 @A: 04 24 13 25 | 05
#1325-d250 @A: 10 27 25 19 | 01
#1326-d250 @A: 15 06 20 25 | 06
#1327-d250 @A: 28 25 06 12 | 02
#1328-d250 @A: 25 06 17 24 | 09
#1329-d250 @A: 25 12 04 15 | 03
#1330-d250 @A: 25 15 17 28 | 12
#1331-d250 @A: 31 12 25 07 | 07
#1332-d250 @A: 20 25 30 12 | 10
#1333-d250 @A: 34 12 25 03 | 04
#1334-d250 @A: 18 32 14 04 | 11
#1335-d250 @A: 02 12 06 14 | 08
#1336-d250 @A: 35 14 34 19 | 05
#1337-d250 @A: 14 11 27 07 | 01
#1338-d250 @A: 14 08 04 12 | 06
#1339-d250 @A: 14 17 08 35 | 02
#1340-d250 @A: 31 05 18 02 | 09
#1341-d250 @A: 18 05 19 20 | 03
#1342-d250 @A: 31 16 10 05 | 12
#1343-d250 @A: 20 09 05 12 | 07
#1344-d250 @A: 33 23 05 15 | 10
#1345-d250 @A: 29 05 34 13 | 04
#1346-d250 @A: 19 05 10 03 | 11
#1347-d250 @A: 12 30 05 06 | 08
#1348-d250 @A: 07 35 24 05 | 05
#1349-d250 @A: 10 11 30 05 | 01
#1350-d250 @A: 15 32 24 18 | 06
#1351-d250 @A: 27 17 18 19 | 02
#1352-d250 @A: 04 18 07 27 | 09
#1353-d250 @A: 33 31 18 34 | 03
#1354-d250 @A: 24 30 18 07 | 12
#1355-d250 @A: 24 34 18 08 | 07
#1356-d250 @A: 20 24 18 17 | 10
#1357-d250 @A: 10 31 17 18 | 04
#1358-d250 @A: 20 02 32 16 | 11
#1359-d250 @A: 02 16 10 03 | 08
#1360-d250 @A: 10 12 09 16 | 05
#1361-d250 @A: 16 27 20 13 | 01
#1362-d250 @A: 20 06 12 16 | 06
#1363-d250 @A: 16 17 31 08 | 02
#1364-d250 @A: 04 10 02 27 | 09
#1365-d250 @A: 02 35 33 31 | 03
#1366-d250 @A: 15 06 07 02 | 12
#1367-d250 @A: 15 02 08 17 | 07
#1368-d250 @A: 07 28 08 02 | 10
#1369-d250 @A: 02 35 10 17 | 04
#1370-d250 @A: 15 34 27 09 | 11
#1371-d250 @A: 09 06 04 24 | 08
#1372-d250 @A: 12 08 09 34 | 05
#1373-d250 @A: 31 09 28 12 | 01
#1374-d250 @A: 04 09 11 34 | 06
#1375-d250 @A: 31 09 11 03 | 02
#1376-d250 @A: 24 09 30 28 | 09
#1377-d250 @A: 28 24 23 15 | 03
#1378-d250 @A: 24 30 35 23 | 12
#1379-d250 @A: 27 07 13 32 | 07
#1380-d250 @A: 24 33 32 13 | 10
#1381-d250 @A: 03 27 32 19 | 04
#1382-d250 @A: 24 07 11 32 | 11
#1383-d250 @A: 29 27 15 13 | 08
#1384-d250 @A: 24 13 06 20 | 05
#1385-d250 @A: 13 35 30 10 | 01
#1386-d250 @A: 13 10 28 03 | 06
#1387-d250 @A: 19 34 11 15 | 02
#1388-d250 @A: 19 34 20 12 | 09
#1389-d250 @A: 10 11 31 19 | 03
#1390-d250 @A: 06 31 34 27 | 12
#1391-d250 @A: 17 07 03 27 | 07
#1392-d250 @A: 27 28 24 12 | 10
#1393-d250 @A: 27 35 20 04 | 04
#1394-d250 @A: 03 20 31 27 | 11
#1395-d250 @A: 20 08 30 29 | 08
#1396-d250 @A: 33 06 11 08 | 05
#1397-d250 @A: 03 04 20 33 | 01
#1398-d250 @A: 35 06 34 07 | 06
#1399-d250 @A: 35 06 31 11 | 02
#1400-d250 @A: 10 21 32 22 | 09
#1401-d250 @A: 22 13 21 11 | 03
#1402-d250 @A: 22 21 08 19 | 12
#1403-d250 @A: 02 22 26 03 | 07
#1404-d250 @A: 32 25 06 22 | 10
#1405-d250 @A: 22 27 11 25 | 04
#1406-d250 @A: 25 33 22 08 | 11
#1407-d250 @A: 25 22 30 34 | 08
#1408-d250 @A: 05 22 16 04 | 05
#1409-d250 @A: 05 22 03 32 | 01
#1410-d250 @A: 27 18 22 24 | 06
#1411-d250 @A: 16 22 12 19 | 02
#1412-d250 @A: 11 34 16 22 | 09
#1413-d250 @A: 22 13 34 33 | 03
#1414-d250 @A: 22 19 27 15 | 12
#1415-d250 @A: 08 15 04 22 | 07
#1416-d250 @A: 22 34 15 28 | 10
#1417-d250 @A: 22 24 12 20 | 04
#1418-d250 @A: 22 17 11 24 | 11
#1419-d250 @A: 01 21 14 24 | 08
#1420-d250 @A: 09 21 20 01 | 05
#1421-d250 @A: 14 07 33 21 | 01
#1422-d250 @A: 16 23 05 21 | 06
#1423-d250 @A: 05 35 06 21 | 02
#1424-d250 @A: 21 27 17 20 | 09
#1425-d250 @A: 21 11 15 17 | 03
#1426-d250 @A: 34 15 21 31 | 12
#1427-d250 @A: 28 11 35 21 | 07
#1428-d250 @A: 28 21 30 04 | 10
#1429-d250 @A: 26 28 01 30 | 04
#1430-d250 @A: 27 25 01 20 | 11
#1431-d250 @A: 24 05 01 02 | 08
#1432-d250 @A: 05 32 17 01 | 05
#1433-d250 @A: 31 18 16 01 | 01
#1434-d250 @A: 13 19 18 01 | 06
#1435-d250 @A: 17 16 27 01 | 02
#1436-d250 @A: 01 02 06 29 | 09
#1437-d250 @A: 28 13 01 09 | 03
#1438-d250 @A: 32 29 15 01 | 12
#1439-d250 @A: 33 32 04 01 | 07
#1440-d250 @A: 13 27 12 01 | 10
#1441-d250 @A: 35 13 33 01 | 04
#1442-d250 @A: 01 12 08 06 | 11
#1443-d250 @A: 01 34 15 03 | 08
#1444-d250 @A: 03 01 30 12 | 05
#1445-d250 @A: 01 10 12 34 | 01
#1446-d250 @A: 05 26 14 12 | 06
#1447-d250 @A: 14 11 35 26 | 02
#1448-d250 @A: 09 03 05 26 | 09
#1449-d250 @A: 05 19 04 26 | 03
#1450-d250 @A: 26 33 05 10 | 12
#1451-d250 @A: 16 33 34 26 | 07
#1452-d250 @A: 23 26 02 08 | 10
#1453-d250 @A: 29 31 12 26 | 04
#1454-d250 @A: 07 03 26 30 | 11
#1455-d250 @A: 30 26 31 24 | 08
#1456-d250 @A: 31 28 35 26 | 05
#1457-d250 @A: 16 11 25 14 | 01
#1458-d250 @A: 33 14 20 25 | 06
#1459-d250 @A: 25 05 02 15 | 02
#1460-d250 @A: 25 17 33 18 | 09
#1461-d250 @A: 06 25 23 16 | 03
#1462-d250 @A: 16 25 08 27 | 12
#1463-d250 @A: 03 02 24 25 | 07
#1464-d250 @A: 25 32 27 15 | 10
#1465-d250 @A: 33 11 35 25 | 04
#1466-d250 @A: 31 25 30 15 | 11
#1467-d250 @A: 24 11 30 25 | 08
#1468-d250 @A: 11 04 28 25 | 05
#1469-d250 @A: 02 14 05 20 | 01
#1470-d250 @A: 05 33 31 14 | 06
#1471-d250 @A: 18 14 23 28 | 02
#1472-d250 @A: 14 19 12 18 | 09
#1473-d250 @A: 16 14 29 10 | 03
#1474-d250 @A: 14 09 02 11 | 12
#1475-d250 @A: 23 14 02 04 | 07
#1476-d250 @A: 19 09 14 20 | 10
#1477-d250 @A: 14 27 32 20 | 04
#1478-d250 @A: 14 33 35 30 | 11
#1479-d250 @A: 14 24 06 35 | 08
#1480-d250 @A: 31 24 14 12 | 05
#1481-d250 @A: 30 05 23 19 | 01
#1482-d250 @A: 11 05 27 08 | 06
#1483-d250 @A: 24 27 20 05 | 02
#1484-d250 @A: 03 04 06 05 | 09
#1485-d250 @A: 30 05 28 15 | 03
#1486-d250 @A: 05 30 07 08 | 12
#1487-d250 @A: 28 05 10 17 | 07
#1488-d250 @A: 16 29 03 18 | 10
#1489-d250 @A: 29 18 15 02 | 04
#1490-d250 @A: 18 12 23 09 | 11
#1491-d250 @A: 06 20 23 18 | 08
#1492-d250 @A: 31 29 13 18 | 05
#1493-d250 @A: 18 17 34 29 | 01
#1494-d250 @A: 15 06 34 18 | 06
#1495-d250 @A: 31 18 15 07 | 02
#1496-d250 @A: 12 15 30 18 | 09
#1497-d250 @A: 18 07 34 20 | 03
#1498-d250 @A: 35 18 17 07 | 12
#1499-d250 @A: 18 20 11 10 | 07
#1500-d250 @A: 10 18 35 34 | 10
#1501-d250 @A: 24 18 31 28 | 04
#1502-d250 @A: 16 35 09 08 | 11
#1503-d250 @A: 23 04 16 12 | 08
#1504-d250 @A: 29 13 35 16 | 05
#1505-d250 @A: 16 30 33 27 | 01
#1506-d250 @A: 23 19 12 02 | 06
#1507-d250 @A: 28 02 19 06 | 02
#1508-d250 @A: 33 31 02 27 | 09
#1509-d250 @A: 10 24 15 02 | 03
#1510-d250 @A: 02 30 20 04 | 12
#1511-d250 @A: 23 09 32 15 | 07
#1512-d250 @A: 13 09 34 30 | 10
#1513-d250 @A: 19 27 09 35 | 04
#1514-d250 @A: 09 03 33 28 | 11
#1515-d250 @A: 07 08 17 09 | 08
#1516-d250 @A: 17 09 10 04 | 05
#1517-d250 @A: 23 32 04 17 | 01
#1518-d250 @A: 13 29 23 30 | 06
#1519-d250 @A: 23 07 27 34 | 02
#1520-d250 @A: 32 17 33 27 | 09
#1521-d250 @A: 27 35 32 33 | 03
#1522-d250 @A: 12 29 35 32 | 12
#1523-d250 @A: 17 30 32 06 | 07
#1524-d250 @A: 07 10 32 17 | 10
#1525-d250 @A: 12 32 17 11 | 04
#1526-d250 @A: 04 32 34 03 | 11
#1527-d250 @A: 24 08 10 32 | 08
#1528-d250 @A: 17 06 13 28 | 05
#1529-d250 @A: 13 15 31 08 | 01
#1530-d250 @A: 13 07 17 12 | 06
#1531-d250 @A: 11 35 07 13 | 02
#1532-d250 @A: 07 13 04 34 | 09
#1533-d250 @A: 13 24 03 31 | 03
#1534-d250 @A: 19 17 04 12 | 12
#1535-d250 @A: 04 24 11 19 | 07
#1536-d250 @A: 19 28 35 30 | 10
#1537-d250 @A: 03 28 27 29 | 04
#1538-d250 @A: 27 11 15 10 | 11
#1539-d250 @A: 30 34 20 27 | 08
#1540-d250 @A: 03 10 34 27 | 05
#1541-d250 @A: 29 31 03 15 | 01
#1542-d250 @A: 11 29 08 34 | 06
#1543-d250 @A: 35 06 28 33 | 02
#1544-d250 @A: 17 12 33 28 | 09
#1545-d250 @A: 03 22 01 21 | 03
#1546-d250 @A: 12 14 22 01 | 12
#1547-d250 @A: 22 17 05 12 | 07
#1548-d250 @A: 16 22 18 08 | 10
#1549-d250 @A: 23 18 22 03 | 04
#1550-d250 @A: 22 32 15 16 | 11
#1551-d250 @A: 09 22 07 10 | 08
#1552-d250 @A: 27 22 08 35 | 05
#1553-d250 @A: 33 22 06 15 | 01
#1554-d250 @A: 22 31 12 15 | 06
#1555-d250 @A: 35 22 10 07 | 02
#1556-d250 @A: 17 03 04 22 | 09
#1557-d250 @A: 03 31 22 34 | 03
#1558-d250 @A: 12 14 10 21 | 12
#1559-d250 @A: 30 32 21 16 | 07
#1560-d250 @A: 13 21 16 31 | 10
#1561-d250 @A: 06 33 16 21 | 04
#1562-d250 @A: 27 21 23 03 | 11
#1563-d250 @A: 32 29 21 17 | 08
#1564-d250 @A: 21 29 03 19 | 05
#1565-d250 @A: 19 21 07 24 | 01
#1566-d250 @A: 35 21 33 10 | 06
#1567-d250 @A: 03 21 11 10 | 02
#1568-d250 @A: 10 08 21 34 | 09
#1569-d250 @A: 08 21 28 24 | 03
#1570-d250 @A: 01 26 33 29 | 12
#1571-d250 @A: 25 01 35 07 | 07
#1572-d250 @A: 14 01 20 18 | 10
#1573-d250 @A: 27 14 01 04 | 04
#1574-d250 @A: 01 04 13 05 | 11
#1575-d250 @A: 35 05 01 15 | 08
#1576-d250 @A: 02 01 09 12 | 05
#1577-d250 @A: 31 27 24 01 | 01
#1578-d250 @A: 30 17 31 01 | 06
#1579-d250 @A: 08 17 28 01 | 02
#1580-d250 @A: 16 26 25 17 | 09
#1581-d250 @A: 14 29 26 34 | 03
#1582-d250 @A: 17 05 26 08 | 12
#1583-d250 @A: 26 32 12 18 | 07
#1584-d250 @A: 08 29 18 26 | 10
#1585-d250 @A: 06 26 02 16 | 04
#1586-d250 @A: 04 26 16 20 | 11
#1587-d250 @A: 26 12 13 02 | 08
#1588-d250 @A: 26 02 27 34 | 05
#1589-d250 @A: 27 26 12 09 | 01
#1590-d250 @A: 23 26 19 03 | 06
#1591-d250 @A: 32 24 28 26 | 02
#1592-d250 @A: 07 13 26 29 | 09
#1593-d250 @A: 29 35 26 03 | 03
#1594-d250 @A: 26 11 28 06 | 12
#1595-d250 @A: 20 10 26 12 | 07
#1596-d250 @A: 26 31 17 28 | 10
#1597-d250 @A: 14 15 25 29 | 04
#1598-d250 @A: 18 29 25 10 | 11
#1599-d250 @A: 03 18 25 20 | 08
#1600-d250 @A: 16 33 25 28 | 05
#1601-d250 @A: 23 25 07 30 | 01
#1602-d250 @A: 25 30 33 32 | 06
#1603-d250 @A: 08 03 13 25 | 02
#1604-d250 @A: 07 17 34 25 | 09
#1605-d250 @A: 08 25 24 35 | 03
#1606-d250 @A: 08 25 10 28 | 12
#1607-d250 @A: 30 16 14 05 | 07
#1608-d250 @A: 18 13 14 30 | 10
#1609-d250 @A: 23 16 14 24 | 04
#1610-d250 @A: 19 14 16 04 | 11
#1611-d250 @A: 02 03 32 14 | 08
#1612-d250 @A: 13 14 27 10 | 05
#1613-d250 @A: 35 27 13 14 | 01
#1614-d250 @A: 14 13 29 12 | 06
#1615-d250 @A: 14 03 27 30 | 02
#1616-d250 @A: 14 03 06 28 | 09
#1617-d250 @A: 12 15 14 34 | 03
#1618-d250 @A: 03 14 07 35 | 12
#1619-d250 @A: 11 14 17 03 | 07
#1620-d250 @A: 14 08 17 34 | 10
#1621-d250 @A: 05 18 32 30 | 04
#1622-d250 @A: 16 06 19 05 | 11
#1623-d250 @A: 02 05 32 35 | 08
#1624-d250 @A: 09 11 05 32 | 05
#1625-d250 @A: 11 35 05 09 | 01
#1626-d250 @A: 05 23 13 24 | 06
#1627-d250 @A: 15 32 19 05 | 02
#1628-d250 @A: 32 05 31 29 | 09
#1629-d250 @A: 05 24 06 28 | 03
#1630-d250 @A: 05 24 10 12 | 12
#1631-d250 @A: 05 28 03 08 | 07
#1632-d250 @A: 18 15 11 16 | 10
#1633-d250 @A: 09 18 08 13 | 04
#1634-d250 @A: 29 11 18 23 | 11
#1635-d250 @A: 29 32 35 18 | 08
#1636-d250 @A: 03 13 27 18 | 05
#1637-d250 @A: 04 11 18 13 | 01
#1638-d250 @A: 18 35 27 15 | 06
#1639-d250 @A: 35 20 18 33 | 02
#1640-d250 @A: 12 06 18 17 | 09
#1641-d250 @A: 28 02 16 27 | 03
#1642-d250 @A: 09 11 16 07 | 12
#1643-d250 @A: 32 30 16 35 | 07
#1644-d250 @A: 13 29 17 16 | 10
#1645-d250 @A: 30 16 06 08 | 04
#1646-d250 @A: 08 16 07 20 | 11
#1647-d250 @A: 32 30 02 31 | 08
#1648-d250 @A: 02 19 29 24 | 05
#1649-d250 @A: 29 07 17 02 | 01
#1650-d250 @A: 02 34 06 20 | 06
#1651-d250 @A: 34 02 15 04 | 02
#1652-d250 @A: 12 11 02 10 | 09
#1653-d250 @A: 03 28 34 02 | 03
#1654-d250 @A: 20 10 17 02 | 12
#1655-d250 @A: 13 23 20 09 | 07
#1656-d250 @A: 31 09 19 23 | 10
#1657-d250 @A: 10 23 09 33 | 04
#1658-d250 @A: 27 04 09 13 | 11
#1659-d250 @A: 15 09 06 28 | 08
#1660-d250 @A: 04 09 07 12 | 05
#1661-d250 @A: 20 11 09 24 | 01
#1662-d250 @A: 30 08 09 31 | 06
#1663-d250 @A: 34 03 17 09 | 02
#1664-d250 @A: 23 13 35 08 | 09
#1665-d250 @A: 23 27 29 31 | 03
#1666-d250 @A: 23 04 15 06 | 12
#1667-d250 @A: 31 12 03 23 | 07
#1668-d250 @A: 30 08 23 04 | 10
#1669-d250 @A: 20 07 31 32 | 04
#1670-d250 @A: 24 04 12 32 | 11
#1671-d250 @A: 24 30 20 32 | 08
#1672-d250 @A: 15 28 13 19 | 05
#1673-d250 @A: 30 13 06 31 | 01
#1674-d250 @A: 20 04 15 13 | 06
#1675-d250 @A: 11 28 13 07 | 02
#1676-d250 @A: 13 12 03 04 | 09
#1677-d250 @A: 15 04 19 31 | 03
#1678-d250 @A: 19 15 03 35 | 12
#1679-d250 @A: 07 19 11 12 | 07
#1680-d250 @A: 07 19 35 08 | 10
#1681-d250 @A: 06 12 10 27 | 04
#1682-d250 @A: 12 07 33 29 | 11
#1683-d250 @A: 29 11 07 06 | 08
#1684-d250 @A: 17 06 29 20 | 05
#1685-d250 @A: 10 17 29 15 | 01
#1686-d250 @A: 20 34 29 04 | 06
#1687-d250 @A: 28 20 06 33 | 02
#1688-d250 @A: 33 30 17 10 | 09
#1689-d250 @A: 28 15 35 20 | 03
