#0001-d280 @A: 25 21 33 01 | 04
#0002-d280 @A: 17 33 14 01 | 10
#0003-d280 @A: 03 01 23 32 | 01
#0004-d280 @A: 01 19 15 16 | 07
#0005-d280 @A: 26 32 11 01 | 03
#0006-d280 @A: 30 04 01 21 | 09
#0007-d280 @A: 35 07 01 22 | 11
#0008-d280 @A: 21 14 05 01 | 12
#0009-d280 @A: 01 17 08 19 | 02
#0010-d280 @A: 30 01 28 09 | 08
#0011-d280 @A: 35 06 01 11 | 05
#0012-d280 @A: 01 27 35 07 | 06
#0013-d280 @A: 01 09 26 06 | 04
#0014-d280 @A: 02 19 27 01 | 10
#0015-d280 @A: 18 11 02 01 | 01
#0016-d280 @A: 31 33 23 20 | 07
#0017-d280 @A: 33 31 06 13 | 03
#0018-d280 @A: 31 33 25 27 | 09
#0019-d280 @A: 33 12 30 31 | 11
#0020-d280 @A: 25 33 23 35 | 12
#0021-d280 @A: 33 26 13 25 | 02
#0022-d280 @A: 03 16 08 33 | 08
#0023-d280 @A: 21 20 04 33 | 05
#0024-d280 @A: 08 28 21 33 | 06
#0025-d280 @A: 33 27 15 12 | 04
#0026-d280 @A: 08 07 33 03 | 10
#0027-d280 @A: 30 11 33 35 | 01
#0028-d280 @A: 23 25 31 09 | 07
#0029-d280 @A: 31 27 23 12 | 03
#0030-d280 @A: 13 07 32 31 | 09
#0031-d280 @A: 17 31 20 13 | 11
#0032-d280 @A: 31 14 05 16 | 12
#0033-d280 @A: 31 32 17 08 | 02
#0034-d280 @A: 04 21 28 31 | 08
#0035-d280 @A: 11 31 22 25 | 05
#0036-d280 @A: 31 19 22 24 | 06
#0037-d280 @A: 21 31 14 20 | 04
#0038-d280 @A: 07 25 31 11 | 10
#0039-d280 @A: 07 31 14 15 | 01
#0040-d280 @A: 02 20 18 31 | 07
#0041-d280 @A: 22 29 32 23 | 03
#0042-d280 @A: 23 09 11 29 | 09
#0043-d280 @A: 34 16 15 29 | 11
#0044-d280 @A: 29 02 16 08 | 12
#0045-d280 @A: 29 15 25 10 | 02
#0046-d280 @A: 29 07 19 12 | 08
#0047-d280 @A: 28 10 09 29 | 05
#0048-d280 @A: 30 27 29 03 | 06
#0049-d280 @A: 30 03 29 07 | 04
#0050-d280 @A: 13 25 23 07 | 10
#0051-d280 @A: 04 16 17 23 | 01
#0052-d280 @A: 02 07 16 23 | 07
#0053-d280 @A: 23 32 08 15 | 03
#0054-d280 @A: 17 08 23 14 | 09
#0055-d280 @A: 02 23 06 17 | 11
#0056-d280 @A: 08 23 30 12 | 12
#0057-d280 @A: 08 05 23 19 | 02
#0058-d280 @A: 24 05 23 34 | 08
#0059-d280 @A: 11 23 28 20 | 05
#0060-d280 @A: 06 28 27 23 | 06
#0061-d280 @A: 02 23 19 10 | 04
#0062-d280 @A: 13 04 16 26 | 10
#0063-d280 @A: 16 21 25 13 | 01
#0064-d280 @A: 13 06 16 15 | 07
#0065-d280 @A: 22 13 09 32 | 03
#0066-d280 @A: 04 28 15 13 | 09
#0067-d280 @A: 30 12 22 13 | 11
#0068-d280 @A: 21 15 13 18 | 12
#0069-d280 @A: 20 13 21 27 | 02
#0070-d280 @A: 10 18 25 13 | 08
#0071-d280 @A: 11 13 15 24 | 05
#0072-d280 @A: 20 13 18 08 | 06
#0073-d280 @A: 26 05 13 07 | 04
#0074-d280 @A: 11 27 02 13 | 10
#0075-d280 @A: 11 32 08 16 | 01
#0076-d280 @A: 22 16 04 09 | 07
#0077-d280 @A: 16 07 22 15 | 03
#0078-d280 @A: 21 17 16 20 | 09
#0079-d280 @A: 16 21 08 09 | 11
#0080-d280 @A: 16 10 21 03 | 12
#0081-d280 @A: 03 20 16 06 | 02
#0082-d280 @A: 27 32 15 04 | 08
#0083-d280 @A: 25 22 32 26 | 05
#0084-d280 @A: 28 32 21 24 | 06
#0085-d280 @A: 32 12 17 03 | 04
#0086-d280 @A: 18 35 32 10 | 10
#0087-d280 @A: 10 32 34 11 | 01
#0088-d280 @A: 34 26 19 32 | 07
#0089-d280 @A: 04 24 22 30 | 03
#0090-d280 @A: 22 04 18 19 | 09
#0091-d280 @A: 21 12 04 34 | 11
#0092-d280 @A: 04 24 07 25 | 12
#0093-d280 @A: 05 04 07 27 | 02
#0094-d280 @A: 03 04 28 10 | 08
#0095-d280 @A: 11 04 28 35 | 05
#0096-d280 @A: 27 14 28 04 | 06
#0097-d280 @A: 04 28 34 18 | 04
#0098-d280 @A: 30 10 18 04 | 10
#0099-d280 @A: 30 04 34 03 | 01
#0100-d280 @A: 25 21 22 19 | 07
#0101-d280 @A: 21 06 05 22 | 03
#0102-d280 @A: 22 21 11 20 | 09
#0103-d280 @A: 22 17 05 26 | 11
#0104-d280 @A: 14 10 22 34 | 12
#0105-d280 @A: 19 22 03 10 | 02
#0106-d280 @A: 02 14 22 09 | 08
#0107-d280 @A: 18 07 22 27 | 05
#0108-d280 @A: 27 26 35 21 | 06
#0109-d280 @A: 21 06 11 14 | 04
#0110-d280 @A: 06 03 21 34 | 10
#0111-d280 @A: 07 06 18 21 | 01
#0112-d280 @A: 15 17 09 25 | 07
#0113-d280 @A: 05 19 25 15 | 03
#0114-d280 @A: 09 19 28 25 | 09
#0115-d280 @A: 27 10 25 30 | 11
#0116-d280 @A: 14 25 06 35 | 12
#0117-d280 @A: 35 26 18 25 | 02
#0118-d280 @A: 25 07 06 26 | 08
#0119-d280 @A: 35 17 26 15 | 05
#0120-d280 @A: 28 03 15 14 | 06
#0121-d280 @A: 15 27 18 10 | 04
#0122-d280 @A: 15 02 18 30 | 10
#0123-d280 @A: 28 17 24 08 | 01
#0124-d280 @A: 17 03 30 02 | 07
#0125-d280 @A: 08 24 12 10 | 03
#0126-d280 @A: 19 20 07 08 | 09
#0127-d280 @A: 35 08 26 06 | 11
#0128-d280 @A: 11 08 27 14 | 12
#0129-d280 @A: 02 14 28 24 | 02
#0130-d280 @A: 28 24 26 30 | 08
#0131-d280 @A: 20 27 03 24 | 05
#0132-d280 @A: 02 24 07 10 | 06
#0133-d280 @A: 12 35 10 05 | 04
#0134-d280 @A: 12 19 05 26 | 10
#0135-d280 @A: 12 27 28 11 | 01
#0136-d280 @A: 06 27 35 12 | 07
#0137-d280 @A: 35 12 18 09 | 03
#0138-d280 @A: 20 14 03 05 | 09
#0139-d280 @A: 18 10 05 06 | 11
#0140-d280 @A: 11 05 19 02 | 12
#0141-d280 @A: 26 07 11 28 | 02
#0142-d280 @A: 15 18 33 01 | 08
#0143-d280 @A: 26 35 01 33 | 05
#0144-d280 @A: 20 29 31 01 | 06
#0145-d280 @A: 01 03 31 07 | 04
#0146-d280 @A: 29 01 06 07 | 10
#0147-d280 @A: 21 01 28 16 | 01
#0148-d280 @A: 01 05 11 16 | 07
#0149-d280 @A: 10 04 17 01 | 03
#0150-d280 @A: 01 24 27 22 | 09
#0151-d280 @A: 35 01 09 22 | 11
#0152-d280 @A: 21 19 01 24 | 12
#0153-d280 @A: 17 25 18 01 | 02
#0154-d280 @A: 02 08 01 10 | 08
#0155-d280 @A: 26 08 27 01 | 05
#0156-d280 @A: 05 10 24 01 | 06
#0157-d280 @A: 20 02 09 01 | 04
#0158-d280 @A: 01 03 34 19 | 10
#0159-d280 @A: 31 33 34 22 | 01
#0160-d280 @A: 33 21 29 10 | 07
#0161-d280 @A: 03 13 27 33 | 03
#0162-d280 @A: 17 16 33 11 | 09
#0163-d280 @A: 16 33 05 34 | 11
#0164-d280 @A: 32 08 20 33 | 12
#0165-d280 @A: 32 26 33 05 | 02
#0166-d280 @A: 33 10 25 22 | 08
#0167-d280 @A: 15 09 33 22 | 05
#0168-d280 @A: 25 24 33 19 | 06
#0169-d280 @A: 25 20 09 33 | 04
#0170-d280 @A: 25 11 34 33 | 10
#0171-d280 @A: 17 05 33 35 | 01
#0172-d280 @A: 33 17 34 30 | 07
#0173-d280 @A: 06 33 20 26 | 03
#0174-d280 @A: 33 18 20 11 | 09
#0175-d280 @A: 31 08 29 22 | 11
#0176-d280 @A: 22 31 07 29 | 12
#0177-d280 @A: 21 31 03 29 | 02
#0178-d280 @A: 23 04 31 26 | 08
#0179-d280 @A: 31 07 23 10 | 05
#0180-d280 @A: 31 18 32 21 | 06
#0181-d280 @A: 30 25 31 04 | 04
#0182-d280 @A: 02 31 05 15 | 10
#0183-d280 @A: 17 14 31 06 | 01
#0184-d280 @A: 31 11 05 08 | 07
#0185-d280 @A: 18 26 08 31 | 03
#0186-d280 @A: 12 18 24 31 | 09
#0187-d280 @A: 35 11 31 27 | 11
#0188-d280 @A: 31 34 14 27 | 12
#0189-d280 @A: 31 11 34 30 | 02
#0190-d280 @A: 31 19 34 07 | 08
#0191-d280 @A: 23 35 08 29 | 05
#0192-d280 @A: 29 08 13 10 | 06
#0193-d280 @A: 32 04 16 29 | 04
#0194-d280 @A: 15 04 29 21 | 10
#0195-d280 @A: 04 29 08 14 | 01
#0196-d280 @A: 22 29 17 35 | 07
#0197-d280 @A: 29 11 06 22 | 03
#0198-d280 @A: 22 29 30 18 | 09
#0199-d280 @A: 27 21 29 05 | 11
#0200-d280 @A: 28 29 25 24 | 12
#0201-d280 @A: 29 24 17 26 | 02
#0202-d280 @A: 29 08 09 24 | 08
#0203-d280 @A: 08 26 12 29 | 05
#0204-d280 @A: 05 10 29 07 | 06
#0205-d280 @A: 35 14 29 05 | 04
#0206-d280 @A: 29 14 28 30 | 10
#0207-d280 @A: 14 26 29 34 | 01
#0208-d280 @A: 15 16 35 23 | 07
#0209-d280 @A: 26 23 24 32 | 03
#0210-d280 @A: 09 10 23 32 | 09
#0211-d280 @A: 35 23 32 07 | 11
#0212-d280 @A: 25 04 23 28 | 12
#0213-d280 @A: 04 05 30 23 | 02
#0214-d280 @A: 22 23 12 05 | 08
#0215-d280 @A: 17 23 21 27 | 05
#0216-d280 @A: 26 12 21 23 | 06
#0217-d280 @A: 20 17 23 05 | 04
#0218-d280 @A: 18 28 23 10 | 10
#0219-d280 @A: 23 35 02 20 | 01
#0220-d280 @A: 10 23 03 35 | 07
#0221-d280 @A: 18 23 35 27 | 03
#0222-d280 @A: 02 23 14 30 | 09
#0223-d280 @A: 07 06 23 09 | 11
#0224-d280 @A: 03 18 06 23 | 12
#0225-d280 @A: 18 27 23 07 | 02
#0226-d280 @A: 23 30 03 19 | 08
#0227-d280 @A: 21 13 10 17 | 05
#0228-d280 @A: 11 13 21 08 | 06
#0229-d280 @A: 19 12 21 13 | 04
#0230-d280 @A: 13 17 18 24 | 10
#0231-d280 @A: 14 08 13 28 | 01
#0232-d280 @A: 24 05 13 12 | 07
#0233-d280 @A: 13 27 35 24 | 03
#0234-d280 @A: 28 10 13 02 | 09
#0235-d280 @A: 03 34 02 13 | 11
#0236-d280 @A: 16 22 32 03 | 12
#0237-d280 @A: 16 32 21 27 | 02
#0238-d280 @A: 16 05 10 32 | 08
#0239-d280 @A: 21 14 15 16 | 05
#0240-d280 @A: 35 17 16 09 | 06
#0241-d280 @A: 16 07 08 05 | 04
#0242-d280 @A: 25 14 32 12 | 10
#0243-d280 @A: 32 24 09 05 | 01
#0244-d280 @A: 12 34 27 32 | 07
#0245-d280 @A: 32 30 02 34 | 03
#0246-d280 @A: 32 19 18 02 | 09
#0247-d280 @A: 04 22 17 21 | 11
#0248-d280 @A: 04 03 19 15 | 12
#0249-d280 @A: 17 02 04 05 | 02
#0250-d280 @A: 05 04 08 18 | 08
#0251-d280 @A: 20 04 28 19 | 05
#0252-d280 @A: 19 04 06 30 | 06
#0253-d280 @A: 22 25 07 08 | 04
#0254-d280 @A: 15 22 28 24 | 10
#0255-d280 @A: 24 22 12 09 | 01
#0256-d280 @A: 02 07 28 22 | 07
#0257-d280 @A: 30 02 27 22 | 03
#0258-d280 @A: 11 09 22 19 | 09
#0259-d280 @A: 26 10 15 21 | 11
#0260-d280 @A: 09 11 21 28 | 12
#0261-d280 @A: 21 19 20 35 | 02
#0262-d280 @A: 10 19 21 06 | 08
#0263-d280 @A: 18 21 09 14 | 05
#0264-d280 @A: 02 27 21 18 | 06
#0265-d280 @A: 18 11 19 21 | 04
#0266-d280 @A: 08 17 34 25 | 10
#0267-d280 @A: 17 25 07 09 | 01
#0268-d280 @A: 24 25 08 06 | 07
#0269-d280 @A: 12 09 25 06 | 03
#0270-d280 @A: 28 07 19 25 | 09
#0271-d280 @A: 02 34 25 06 | 11
#0272-d280 @A: 03 34 25 09 | 12
#0273-d280 @A: 17 10 24 15 | 02
#0274-d280 @A: 15 26 27 28 | 08
#0275-d280 @A: 20 15 30 03 | 05
#0276-d280 @A: 17 12 11 18 | 06
#0277-d280 @A: 35 20 18 17 | 04
#0278-d280 @A: 17 18 03 10 | 10
#0279-d280 @A: 17 03 34 35 | 01
#0280-d280 @A: 34 03 08 12 | 07
#0281-d280 @A: 08 09 06 27 | 03
#0282-d280 @A: 24 07 35 03 | 09
#0283-d280 @A: 07 30 27 24 | 11
#0284-d280 @A: 34 10 20 12 | 12
#0285-d280 @A: 19 18 12 10 | 02
#0286-d280 @A: 18 06 12 02 | 08
#0287-d280 @A: 02 27 03 12 | 05
#0288-d280 @A: 05 26 10 28 | 06
#0289-d280 @A: 19 14 34 05 | 04
#0290-d280 @A: 05 30 03 26 | 10
#0291-d280 @A: 07 18 14 09 | 01
#0292-d280 @A: 33 01 04 13 | 07
#0293-d280 @A: 01 33 28 24 | 03
#0294-d280 @A: 31 32 01 16 | 09
#0295-d280 @A: 23 30 29 01 | 11
#0296-d280 @A: 01 29 32 10 | 12
#0297-d280 @A: 29 21 09 01 | 02
#0298-d280 @A: 29 01 15 11 | 08
#0299-d280 @A: 05 01 09 23 | 05
#0300-d280 @A: 13 01 28 25 | 06
#0301-d280 @A: 06 12 13 01 | 04
#0302-d280 @A: 10 01 13 09 | 10
#0303-d280 @A: 14 01 03 16 | 01
#0304-d280 @A: 04 32 01 09 | 07
#0305-d280 @A: 22 01 05 02 | 03
#0306-d280 @A: 01 12 35 21 | 09
#0307-d280 @A: 10 27 01 20 | 11
#0308-d280 @A: 01 07 19 30 | 12
#0309-d280 @A: 33 26 17 31 | 02
#0310-d280 @A: 03 33 23 29 | 08
#0311-d280 @A: 16 33 09 32 | 05
#0312-d280 @A: 24 21 33 16 | 06
#0313-d280 @A: 33 28 15 25 | 04
#0314-d280 @A: 25 33 02 17 | 10
#0315-d280 @A: 33 18 07 05 | 01
#0316-d280 @A: 33 10 35 20 | 07
#0317-d280 @A: 19 33 02 03 | 03
#0318-d280 @A: 31 22 26 13 | 09
#0319-d280 @A: 25 13 31 15 | 11
#0320-d280 @A: 13 31 30 14 | 12
#0321-d280 @A: 31 05 04 19 | 02
#0322-d280 @A: 35 31 21 22 | 08
#0323-d280 @A: 25 17 31 03 | 05
#0324-d280 @A: 25 18 31 28 | 06
#0325-d280 @A: 20 31 15 12 | 04
#0326-d280 @A: 31 11 14 02 | 10
#0327-d280 @A: 18 06 30 31 | 01
#0328-d280 @A: 29 14 15 23 | 07
#0329-d280 @A: 29 05 23 02 | 03
#0330-d280 @A: 03 16 29 25 | 09
#0331-d280 @A: 32 08 29 03 | 11
#0332-d280 @A: 06 29 32 02 | 12
#0333-d280 @A: 10 29 04 24 | 02
#0334-d280 @A: 29 04 30 12 | 08
#0335-d280 @A: 17 21 18 29 | 05
#0336-d280 @A: 29 11 26 21 | 06
#0337-d280 @A: 29 25 19 08 | 04
#0338-d280 @A: 29 25 35 07 | 10
#0339-d280 @A: 06 29 30 15 | 01
#0340-d280 @A: 27 07 17 29 | 07
#0341-d280 @A: 24 29 06 05 | 03
#0342-d280 @A: 24 27 02 29 | 09
#0343-d280 @A: 20 29 07 35 | 11
#0344-d280 @A: 35 30 29 19 | 12
#0345-d280 @A: 03 11 34 29 | 02
#0346-d280 @A: 11 29 07 34 | 08
#0347-d280 @A: 03 29 09 19 | 05
#0348-d280 @A: 13 23 28 24 | 06
#0349-d280 @A: 27 23 24 16 | 04
#0350-d280 @A: 23 32 17 34 | 10
#0351-d280 @A: 21 02 04 23 | 01
#0352-d280 @A: 23 04 06 15 | 07
#0353-d280 @A: 23 24 04 09 | 03
#0354-d280 @A: 23 04 10 20 | 09
#0355-d280 @A: 30 23 21 07 | 11
#0356-d280 @A: 23 20 26 03 | 12
#0357-d280 @A: 16 08 13 30 | 02
#0358-d280 @A: 13 15 32 02 | 08
#0359-d280 @A: 04 13 27 22 | 05
#0360-d280 @A: 13 05 04 35 | 06
#0361-d280 @A: 13 11 04 30 | 04
#0362-d280 @A: 03 25 14 13 | 10
#0363-d280 @A: 15 20 13 05 | 01
#0364-d280 @A: 17 13 24 07 | 07
#0365-d280 @A: 06 14 13 20 | 03
#0366-d280 @A: 20 19 13 09 | 09
#0367-d280 @A: 13 07 10 19 | 11
#0368-d280 @A: 13 06 03 35 | 12
#0369-d280 @A: 07 27 13 09 | 02
#0370-d280 @A: 25 32 16 18 | 08
#0371-d280 @A: 16 07 32 30 | 05
#0372-d280 @A: 11 14 04 16 | 06
#0373-d280 @A: 16 03 04 18 | 04
#0374-d280 @A: 25 16 05 20 | 10
#0375-d280 @A: 16 06 05 08 | 01
#0376-d280 @A: 30 16 35 10 | 07
#0377-d280 @A: 27 02 14 16 | 03
#0378-d280 @A: 22 32 04 06 | 09
#0379-d280 @A: 32 05 25 02 | 11
#0380-d280 @A: 05 32 12 15 | 12
#0381-d280 @A: 08 06 07 32 | 02
#0382-d280 @A: 32 19 07 26 | 08
#0383-d280 @A: 14 04 15 24 | 05
#0384-d280 @A: 12 17 04 27 | 06
#0385-d280 @A: 02 19 26 04 | 04
#0386-d280 @A: 08 26 22 20 | 10
#0387-d280 @A: 26 18 10 22 | 01
#0388-d280 @A: 10 06 22 02 | 07
#0389-d280 @A: 18 11 27 22 | 03
#0390-d280 @A: 09 22 07 19 | 09
#0391-d280 @A: 21 17 11 25 | 11
#0392-d280 @A: 14 26 25 21 | 12
#0393-d280 @A: 10 21 08 20 | 02
#0394-d280 @A: 07 27 21 20 | 08
#0395-d280 @A: 06 26 21 30 | 05
#0396-d280 @A: 21 34 18 30 | 06
#0397-d280 @A: 25 02 18 08 | 04
#0398-d280 @A: 18 25 24 27 | 10
#0399-d280 @A: 28 25 34 14 | 01
#0400-d280 @A: 25 09 35 10 | 07
#0401-d280 @A: 02 26 09 25 | 03
#0402-d280 @A: 19 27 15 17 | 09
#0403-d280 @A: 35 07 12 15 | 11
#0404-d280 @A: 15 20 09 34 | 12
#0405-d280 @A: 15 14 27 35 | 02
#0406-d280 @A: 14 09 15 30 | 08
#0407-d280 @A: 15 34 02 19 | 05
#0408-d280 @A: 30 20 08 17 | 06
#0409-d280 @A: 19 28 17 10 | 04
#0410-d280 @A: 27 30 28 17 | 10
#0411-d280 @A: 02 20 11 17 | 01
#0412-d280 @A: 03 17 27 14 | 07
#0413-d280 @A: 03 06 28 08 | 03
#0414-d280 @A: 27 35 08 02 | 09
#0415-d280 @A: 08 27 18 34 | 11
#0416-d280 @A: 05 24 28 19 | 12
#0417-d280 @A: 26 20 24 09 | 02
#0418-d280 @A: 24 14 35 19 | 08
#0419-d280 @A: 07 14 24 19 | 05
#0420-d280 @A: 34 24 11 26 | 06
#0421-d280 @A: 19 24 09 06 | 04
#0422-d280 @A: 30 12 35 20 | 10
#0423-d280 @A: 26 35 12 34 | 01
#0424-d280 @A: 19 14 02 12 | 07
#0425-d280 @A: 18 12 30 03 | 03
#0426-d280 @A: 03 18 07 12 | 09
#0427-d280 @A: 09 03 10 05 | 11
#0428-d280 @A: 05 27 18 26 | 12
#0429-d280 @A: 19 09 18 05 | 02
#0430-d280 @A: 35 07 34 06 | 08
#0431-d280 @A: 19 27 02 07 | 05
#0432-d280 @A: 33 01 08 09 | 06
#0433-d280 @A: 20 07 33 01 | 04
#0434-d280 @A: 16 13 24 01 | 10
#0435-d280 @A: 01 13 21 26 | 01
#0436-d280 @A: 15 14 01 32 | 07
#0437-d280 @A: 04 27 01 18 | 03
#0438-d280 @A: 05 01 06 25 | 09
#0439-d280 @A: 01 06 08 15 | 11
#0440-d280 @A: 05 01 03 15 | 12
#0441-d280 @A: 30 01 19 26 | 02
#0442-d280 @A: 30 01 02 06 | 08
#0443-d280 @A: 01 27 30 11 | 05
#0444-d280 @A: 33 31 03 05 | 06
#0445-d280 @A: 31 33 07 27 | 04
#0446-d280 @A: 33 12 18 29 | 10
#0447-d280 @A: 33 27 29 26 | 01
#0448-d280 @A: 09 33 23 13 | 07
#0449-d280 @A: 16 23 26 33 | 03
#0450-d280 @A: 23 32 28 33 | 09
#0451-d280 @A: 33 28 17 13 | 11
#0452-d280 @A: 13 20 33 24 | 12
#0453-d280 @A: 33 16 10 15 | 02
#0454-d280 @A: 33 16 07 09 | 08
#0455-d280 @A: 32 10 12 33 | 05
#0456-d280 @A: 11 04 33 19 | 06
#0457-d280 @A: 33 07 17 35 | 04
#0458-d280 @A: 10 08 33 06 | 10
#0459-d280 @A: 12 20 28 33 | 01
#0460-d280 @A: 10 27 33 28 | 07
#0461-d280 @A: 33 14 11 28 | 03
#0462-d280 @A: 28 33 02 09 | 09
#0463-d280 @A: 14 20 27 33 | 11
#0464-d280 @A: 10 33 34 19 | 12
#0465-d280 @A: 03 26 14 33 | 02
#0466-d280 @A: 06 02 11 33 | 08
#0467-d280 @A: 30 26 29 31 | 05
#0468-d280 @A: 25 31 16 35 | 06
#0469-d280 @A: 24 32 25 31 | 04
#0470-d280 @A: 22 31 04 02 | 10
#0471-d280 @A: 31 35 15 04 | 01
#0472-d280 @A: 06 08 31 04 | 07
#0473-d280 @A: 21 31 08 27 | 03
#0474-d280 @A: 11 17 31 15 | 09
#0475-d280 @A: 31 06 19 15 | 11
#0476-d280 @A: 12 17 19 31 | 12
#0477-d280 @A: 17 28 34 31 | 02
#0478-d280 @A: 31 28 09 35 | 08
#0479-d280 @A: 31 20 35 06 | 05
#0480-d280 @A: 31 30 35 02 | 06
#0481-d280 @A: 18 11 31 03 | 04
#0482-d280 @A: 03 13 29 22 | 10
#0483-d280 @A: 21 29 16 19 | 01
#0484-d280 @A: 32 35 29 15 | 07
#0485-d280 @A: 32 29 26 28 | 03
#0486-d280 @A: 18 04 07 29 | 09
#0487-d280 @A: 34 24 29 22 | 11
#0488-d280 @A: 34 02 29 28 | 12
#0489-d280 @A: 10 29 06 20 | 02
#0490-d280 @A: 10 29 27 11 | 08
#0491-d280 @A: 23 12 20 13 | 05
#0492-d280 @A: 13 11 05 23 | 06
#0493-d280 @A: 23 04 32 35 | 04
#0494-d280 @A: 15 23 24 20 | 10
#0495-d280 @A: 30 17 26 23 | 01
#0496-d280 @A: 09 23 08 26 | 07
#0497-d280 @A: 23 05 14 18 | 03
#0498-d280 @A: 07 23 05 14 | 09
#0499-d280 @A: 23 14 09 20 | 11
#0500-d280 @A: 26 18 02 23 | 12
#0501-d280 @A: 13 16 11 22 | 02
#0502-d280 @A: 32 34 13 21 | 08
#0503-d280 @A: 32 13 05 14 | 05
#0504-d280 @A: 18 04 13 12 | 06
#0505-d280 @A: 34 22 17 13 | 04
#0506-d280 @A: 15 14 17 13 | 10
#0507-d280 @A: 09 13 15 03 | 01
#0508-d280 @A: 15 07 18 13 | 07
#0509-d280 @A: 24 08 13 34 | 03
#0510-d280 @A: 26 13 02 12 | 09
#0511-d280 @A: 09 28 13 06 | 11
#0512-d280 @A: 13 07 06 28 | 12
#0513-d280 @A: 32 16 15 26 | 02
#0514-d280 @A: 32 16 34 24 | 08
#0515-d280 @A: 16 06 04 21 | 05
#0516-d280 @A: 15 25 16 11 | 06
#0517-d280 @A: 24 02 16 25 | 04
#0518-d280 @A: 19 16 17 05 | 10
#0519-d280 @A: 20 18 16 10 | 01
#0520-d280 @A: 22 32 15 17 | 07
#0521-d280 @A: 17 10 32 25 | 03
#0522-d280 @A: 15 09 32 28 | 09
#0523-d280 @A: 32 19 17 24 | 11
#0524-d280 @A: 08 26 14 32 | 12
#0525-d280 @A: 06 14 19 32 | 02
#0526-d280 @A: 06 32 34 09 | 08
#0527-d280 @A: 22 04 25 03 | 05
#0528-d280 @A: 17 26 08 04 | 06
#0529-d280 @A: 05 06 09 04 | 04
#0530-d280 @A: 26 04 28 09 | 10
#0531-d280 @A: 04 14 35 09 | 01
#0532-d280 @A: 04 35 03 26 | 07
#0533-d280 @A: 03 02 14 04 | 03
#0534-d280 @A: 12 07 22 21 | 09
#0535-d280 @A: 22 27 19 28 | 11
#0536-d280 @A: 22 14 18 35 | 12
#0537-d280 @A: 26 19 14 22 | 02
#0538-d280 @A: 09 34 22 26 | 08
#0539-d280 @A: 30 24 21 25 | 05
#0540-d280 @A: 21 08 24 07 | 06
#0541-d280 @A: 26 05 21 08 | 04
#0542-d280 @A: 24 34 21 20 | 10
#0543-d280 @A: 21 28 19 26 | 01
#0544-d280 @A: 03 11 21 02 | 07
#0545-d280 @A: 35 15 12 25 | 03
#0546-d280 @A: 28 12 08 25 | 09
#0547-d280 @A: 12 07 10 25 | 11
#0548-d280 @A: 20 25 14 07 | 12
#0549-d280 @A: 25 20 26 19 | 02
#0550-d280 @A: 25 11 26 30 | 08
#0551-d280 @A: 18 25 11 09 | 05
#0552-d280 @A: 08 15 11 12 | 06
#0553-d280 @A: 27 08 30 15 | 04
#0554-d280 @A: 02 20 10 15 | 10
#0555-d280 @A: 10 15 09 19 | 01
#0556-d280 @A: 08 07 17 02 | 07
#0557-d280 @A: 26 17 18 06 | 03
#0558-d280 @A: 27 34 17 11 | 09
#0559-d280 @A: 08 34 14 20 | 11
#0560-d280 @A: 35 08 14 10 | 12
#0561-d280 @A: 09 08 07 10 | 02
#0562-d280 @A: 03 18 14 08 | 08
#0563-d280 @A: 20 19 24 02 | 05
#0564-d280 @A: 05 20 12 09 | 06
#0565-d280 @A: 27 14 12 05 | 04
#0566-d280 @A: 12 20 28 07 | 10
#0567-d280 @A: 20 06 12 11 | 01
#0568-d280 @A: 10 26 03 12 | 07
#0569-d280 @A: 09 14 12 34 | 03
#0570-d280 @A: 06 03 14 12 | 09
#0571-d280 @A: 30 20 05 18 | 11
#0572-d280 @A: 05 14 02 10 | 12
#0573-d280 @A: 27 35 05 30 | 02
#0574-d280 @A: 14 05 30 06 | 08
#0575-d280 @A: 30 11 20 07 | 05
#0576-d280 @A: 03 09 07 20 | 06
#0577-d280 @A: 32 01 33 34 | 04
#0578-d280 @A: 06 33 22 01 | 10
#0579-d280 @A: 01 21 31 15 | 01
#0580-d280 @A: 01 10 31 25 | 07
#0581-d280 @A: 31 02 01 12 | 03
#0582-d280 @A: 28 29 17 01 | 09
#0583-d280 @A: 32 27 01 13 | 11
#0584-d280 @A: 13 01 05 19 | 12
#0585-d280 @A: 07 32 01 14 | 02
#0586-d280 @A: 04 01 28 06 | 08
#0587-d280 @A: 12 20 01 25 | 05
#0588-d280 @A: 26 15 12 01 | 06
#0589-d280 @A: 03 20 01 35 | 04
#0590-d280 @A: 35 01 14 30 | 10
#0591-d280 @A: 06 27 01 14 | 01
#0592-d280 @A: 14 19 09 01 | 07
#0593-d280 @A: 33 32 24 29 | 03
#0594-d280 @A: 04 33 18 23 | 09
#0595-d280 @A: 33 23 15 19 | 11
#0596-d280 @A: 23 17 10 33 | 12
#0597-d280 @A: 11 13 33 12 | 02
#0598-d280 @A: 10 05 13 33 | 08
#0599-d280 @A: 33 16 25 04 | 05
#0600-d280 @A: 21 32 03 33 | 06
#0601-d280 @A: 17 33 27 32 | 04
#0602-d280 @A: 12 22 26 33 | 10
#0603-d280 @A: 06 33 21 35 | 01
#0604-d280 @A: 35 08 33 15 | 07
#0605-d280 @A: 15 07 34 33 | 03
#0606-d280 @A: 14 12 33 24 | 09
#0607-d280 @A: 18 33 30 28 | 11
#0608-d280 @A: 33 20 19 30 | 12
#0609-d280 @A: 10 09 33 14 | 02
#0610-d280 @A: 27 35 33 09 | 08
#0611-d280 @A: 02 34 31 23 | 05
#0612-d280 @A: 13 11 31 32 | 06
#0613-d280 @A: 03 04 31 32 | 04
#0614-d280 @A: 31 27 32 22 | 10
#0615-d280 @A: 15 10 31 32 | 01
#0616-d280 @A: 04 31 17 18 | 07
#0617-d280 @A: 08 04 31 07 | 03
#0618-d280 @A: 31 04 12 14 | 09
#0619-d280 @A: 31 22 30 05 | 11
#0620-d280 @A: 08 14 31 09 | 12
#0621-d280 @A: 31 34 35 18 | 02
#0622-d280 @A: 09 31 03 02 | 08
#0623-d280 @A: 12 06 23 29 | 05
#0624-d280 @A: 07 29 24 16 | 06
#0625-d280 @A: 04 17 06 29 | 04
#0626-d280 @A: 29 04 11 02 | 10
#0627-d280 @A: 12 24 11 29 | 01
#0628-d280 @A: 03 20 29 28 | 07
#0629-d280 @A: 18 14 29 27 | 03
#0630-d280 @A: 08 23 25 13 | 09
#0631-d280 @A: 13 17 23 03 | 11
#0632-d280 @A: 12 32 18 23 | 12
#0633-d280 @A: 23 25 22 30 | 02
#0634-d280 @A: 22 24 35 23 | 08
#0635-d280 @A: 27 22 23 14 | 05
#0636-d280 @A: 10 23 21 05 | 06
#0637-d280 @A: 25 34 23 15 | 04
#0638-d280 @A: 25 10 23 26 | 10
#0639-d280 @A: 17 12 23 28 | 01
#0640-d280 @A: 06 08 20 23 | 07
#0641-d280 @A: 30 27 20 23 | 03
#0642-d280 @A: 13 05 03 16 | 09
#0643-d280 @A: 13 16 28 34 | 11
#0644-d280 @A: 25 32 13 30 | 12
#0645-d280 @A: 32 12 13 28 | 02
#0646-d280 @A: 21 13 04 24 | 08
#0647-d280 @A: 02 25 13 22 | 05
#0648-d280 @A: 19 13 22 15 | 06
#0649-d280 @A: 05 13 34 25 | 04
#0650-d280 @A: 26 13 05 06 | 10
#0651-d280 @A: 13 18 14 02 | 01
#0652-d280 @A: 26 18 13 34 | 07
#0653-d280 @A: 16 04 05 27 | 03
#0654-d280 @A: 21 16 34 22 | 09
#0655-d280 @A: 19 22 12 16 | 11
#0656-d280 @A: 17 08 16 10 | 12
#0657-d280 @A: 02 26 05 16 | 02
#0658-d280 @A: 26 35 16 28 | 08
#0659-d280 @A: 28 30 06 16 | 05
#0660-d280 @A: 34 16 20 27 | 06
#0661-d280 @A: 14 16 19 10 | 04
#0662-d280 @A: 10 16 07 06 | 10
#0663-d280 @A: 14 16 34 30 | 01
#0664-d280 @A: 32 05 04 11 | 07
#0665-d280 @A: 10 21 32 22 | 03
#0666-d280 @A: 34 22 32 08 | 09
#0667-d280 @A: 35 25 32 21 | 11
#0668-d280 @A: 24 32 15 30 | 12
#0669-d280 @A: 05 07 11 32 | 02
#0670-d280 @A: 20 32 28 34 | 08
#0671-d280 @A: 03 09 32 14 | 05
#0672-d280 @A: 07 18 32 34 | 06
#0673-d280 @A: 17 14 19 04 | 04
#0674-d280 @A: 08 12 20 04 | 10
#0675-d280 @A: 26 04 27 20 | 01
#0676-d280 @A: 34 04 26 10 | 07
#0677-d280 @A: 09 04 11 10 | 03
#0678-d280 @A: 07 04 35 14 | 09
#0679-d280 @A: 26 18 04 11 | 11
#0680-d280 @A: 08 22 18 15 | 12
#0681-d280 @A: 15 22 05 14 | 02
#0682-d280 @A: 27 34 05 22 | 08
#0683-d280 @A: 07 22 06 14 | 05
#0684-d280 @A: 14 22 11 03 | 06
#0685-d280 @A: 02 26 11 22 | 04
#0686-d280 @A: 34 03 22 18 | 10
#0687-d280 @A: 21 25 08 03 | 01
#0688-d280 @A: 28 21 25 27 | 07
#0689-d280 @A: 35 17 08 21 | 03
#0690-d280 @A: 12 30 21 09 | 09
#0691-d280 @A: 21 26 14 07 | 11
#0692-d280 @A: 05 09 25 30 | 12
#0693-d280 @A: 06 25 10 11 | 02
#0694-d280 @A: 06 25 03 27 | 08
#0695-d280 @A: 14 18 12 15 | 05
#0696-d280 @A: 11 18 15 05 | 06
#0697-d280 @A: 15 28 02 11 | 04
#0698-d280 @A: 10 35 34 15 | 10
#0699-d280 @A: 14 15 10 06 | 01
#0700-d280 @A: 18 06 15 09 | 07
#0701-d280 @A: 11 07 09 15 | 03
#0702-d280 @A: 08 05 17 12 | 09
#0703-d280 @A: 06 17 27 24 | 11
#0704-d280 @A: 07 28 18 08 | 12
#0705-d280 @A: 19 08 20 27 | 02
#0706-d280 @A: 08 02 34 26 | 08
#0707-d280 @A: 30 08 34 06 | 05
#0708-d280 @A: 07 12 24 26 | 06
#0709-d280 @A: 28 06 20 24 | 04
#0710-d280 @A: 35 24 09 03 | 10
#0711-d280 @A: 30 12 05 02 | 01
#0712-d280 @A: 12 09 02 10 | 07
#0713-d280 @A: 12 30 27 26 | 03
#0714-d280 @A: 06 19 12 34 | 09
#0715-d280 @A: 05 14 11 26 | 11
#0716-d280 @A: 10 07 28 34 | 12
#0717-d280 @A: 28 07 03 14 | 02
#0718-d280 @A: 18 35 30 07 | 08
#0719-d280 @A: 30 31 01 03 | 05
#0720-d280 @A: 29 01 16 06 | 06
#0721-d280 @A: 34 08 01 29 | 04
#0722-d280 @A: 23 35 17 01 | 10
#0723-d280 @A: 20 22 01 13 | 01
#0724-d280 @A: 08 13 03 01 | 07
#0725-d280 @A: 13 07 01 11 | 03
#0726-d280 @A: 32 05 35 01 | 09
#0727-d280 @A: 34 14 04 01 | 11
#0728-d280 @A: 04 07 34 01 | 12
#0729-d280 @A: 26 02 01 28 | 02
#0730-d280 @A: 27 28 01 34 | 08
#0731-d280 @A: 26 18 20 01 | 05
#0732-d280 @A: 01 10 18 07 | 06
#0733-d280 @A: 29 35 04 33 | 04
#0734-d280 @A: 29 33 06 34 | 10
#0735-d280 @A: 07 16 28 33 | 01
#0736-d280 @A: 03 17 33 04 | 07
#0737-d280 @A: 12 33 09 04 | 03
#0738-d280 @A: 26 08 33 24 | 09
#0739-d280 @A: 24 35 34 33 | 11
#0740-d280 @A: 26 33 09 19 | 12
#0741-d280 @A: 33 11 09 03 | 02
#0742-d280 @A: 29 31 05 12 | 08
#0743-d280 @A: 13 05 28 31 | 05
#0744-d280 @A: 17 16 31 02 | 06
#0745-d280 @A: 31 12 09 16 | 04
#0746-d280 @A: 12 32 26 31 | 10
#0747-d280 @A: 31 30 20 32 | 01
#0748-d280 @A: 17 10 22 31 | 07
#0749-d280 @A: 31 03 20 22 | 03
#0750-d280 @A: 35 08 31 12 | 09
#0751-d280 @A: 06 03 24 31 | 11
#0752-d280 @A: 07 31 05 12 | 12
#0753-d280 @A: 09 31 07 26 | 02
#0754-d280 @A: 18 27 19 31 | 08
#0755-d280 @A: 13 26 23 29 | 05
#0756-d280 @A: 23 27 04 29 | 06
#0757-d280 @A: 02 17 13 29 | 04
#0758-d280 @A: 13 30 29 24 | 10
#0759-d280 @A: 13 12 29 34 | 01
#0760-d280 @A: 29 24 35 21 | 07
#0761-d280 @A: 03 35 29 12 | 03
#0762-d280 @A: 29 20 30 11 | 09
#0763-d280 @A: 02 10 29 30 | 11
#0764-d280 @A: 18 26 09 29 | 12
#0765-d280 @A: 23 22 04 34 | 02
#0766-d280 @A: 21 06 25 23 | 08
#0767-d280 @A: 05 26 15 23 | 05
#0768-d280 @A: 19 23 17 09 | 06
#0769-d280 @A: 28 30 23 35 | 04
#0770-d280 @A: 23 09 27 02 | 10
#0771-d280 @A: 34 23 18 11 | 01
#0772-d280 @A: 23 27 03 11 | 07
#0773-d280 @A: 25 13 04 06 | 03
#0774-d280 @A: 25 35 13 11 | 09
#0775-d280 @A: 24 10 14 13 | 11
#0776-d280 @A: 13 28 26 20 | 12
#0777-d280 @A: 13 18 27 28 | 02
#0778-d280 @A: 10 34 06 13 | 08
#0779-d280 @A: 09 13 14 11 | 05
#0780-d280 @A: 09 26 13 30 | 06
#0781-d280 @A: 28 25 16 10 | 04
#0782-d280 @A: 16 11 28 18 | 10
#0783-d280 @A: 02 16 11 10 | 01
#0784-d280 @A: 02 03 35 16 | 07
#0785-d280 @A: 06 35 16 18 | 03
#0786-d280 @A: 04 32 17 28 | 09
#0787-d280 @A: 32 30 04 08 | 11
#0788-d280 @A: 04 24 32 18 | 12
#0789-d280 @A: 22 32 30 11 | 02
#0790-d280 @A: 08 25 32 09 | 08
#0791-d280 @A: 11 07 32 17 | 05
#0792-d280 @A: 32 08 24 27 | 06
#0793-d280 @A: 24 35 12 32 | 04
#0794-d280 @A: 20 09 32 18 | 10
#0795-d280 @A: 27 30 19 32 | 01
#0796-d280 @A: 22 04 11 15 | 07
#0797-d280 @A: 04 18 35 21 | 03
#0798-d280 @A: 09 21 07 04 | 09
#0799-d280 @A: 04 10 15 05 | 11
#0800-d280 @A: 12 24 04 28 | 12
#0801-d280 @A: 24 34 04 02 | 02
#0802-d280 @A: 30 09 20 04 | 08
#0803-d280 @A: 22 25 12 18 | 05
#0804-d280 @A: 22 27 17 08 | 06
#0805-d280 @A: 28 22 30 08 | 04
#0806-d280 @A: 19 02 08 22 | 10
#0807-d280 @A: 22 10 11 35 | 01
#0808-d280 @A: 22 35 34 06 | 07
#0809-d280 @A: 17 03 15 21 | 03
#0810-d280 @A: 06 15 21 27 | 09
#0811-d280 @A: 30 21 19 05 | 11
#0812-d280 @A: 02 21 06 28 | 12
#0813-d280 @A: 09 27 10 21 | 02
#0814-d280 @A: 21 10 30 11 | 08
#0815-d280 @A: 30 27 14 21 | 05
#0816-d280 @A: 03 09 21 26 | 06
#0817-d280 @A: 19 21 09 02 | 04
#0818-d280 @A: 34 27 19 21 | 10
#0819-d280 @A: 34 25 10 24 | 01
#0820-d280 @A: 25 02 19 30 | 07
#0821-d280 @A: 30 07 17 15 | 03
#0822-d280 @A: 05 08 34 15 | 09
#0823-d280 @A: 28 15 18 20 | 11
#0824-d280 @A: 19 15 28 35 | 12
#0825-d280 @A: 15 19 20 14 | 02
#0826-d280 @A: 11 34 15 14 | 08
#0827-d280 @A: 27 15 03 34 | 05
#0828-d280 @A: 07 17 20 26 | 06
#0829-d280 @A: 06 20 34 17 | 04
#0830-d280 @A: 14 10 30 17 | 10
#0831-d280 @A: 10 09 06 17 | 01
#0832-d280 @A: 08 34 28 19 | 07
#0833-d280 @A: 08 11 18 10 | 03
#0834-d280 @A: 08 18 35 30 | 09
#0835-d280 @A: 35 09 19 08 | 11
#0836-d280 @A: 11 07 35 08 | 12
#0837-d280 @A: 11 30 18 24 | 02
#0838-d280 @A: 28 06 12 05 | 08
#0839-d280 @A: 14 12 28 10 | 05
#0840-d280 @A: 26 14 12 20 | 06
#0841-d280 @A: 30 10 12 06 | 04
#0842-d280 @A: 28 11 30 05 | 10
#0843-d280 @A: 28 05 18 03 | 01
#0844-d280 @A: 34 05 10 30 | 07
#0845-d280 @A: 05 35 19 07 | 03
#0846-d280 @A: 02 09 05 34 | 09
#0847-d280 @A: 11 10 07 03 | 11
#0848-d280 @A: 31 01 22 14 | 12
#0849-d280 @A: 29 14 13 01 | 02
#0850-d280 @A: 13 01 02 23 | 08
#0851-d280 @A: 25 01 27 23 | 05
#0852-d280 @A: 23 10 01 12 | 06
#0853-d280 @A: 01 04 02 16 | 04
#0854-d280 @A: 22 30 16 01 | 10
#0855-d280 @A: 26 01 17 16 | 01
#0856-d280 @A: 24 04 25 01 | 07
#0857-d280 @A: 09 12 01 17 | 03
#0858-d280 @A: 28 19 01 12 | 09
#0859-d280 @A: 30 01 34 20 | 11
#0860-d280 @A: 01 10 11 19 | 12
#0861-d280 @A: 01 18 35 19 | 02
#0862-d280 @A: 06 34 18 01 | 08
#0863-d280 @A: 01 03 18 09 | 05
#0864-d280 @A: 13 33 15 29 | 06
#0865-d280 @A: 33 30 29 16 | 04
#0866-d280 @A: 17 29 09 33 | 10
#0867-d280 @A: 30 33 24 23 | 01
#0868-d280 @A: 08 33 22 13 | 07
#0869-d280 @A: 06 04 24 33 | 03
#0870-d280 @A: 21 27 22 33 | 09
#0871-d280 @A: 33 15 02 24 | 11
#0872-d280 @A: 24 10 33 03 | 12
#0873-d280 @A: 24 33 07 06 | 02
#0874-d280 @A: 26 33 34 28 | 08
#0875-d280 @A: 34 09 33 18 | 05
#0876-d280 @A: 18 27 33 06 | 06
#0877-d280 @A: 25 06 29 31 | 04
#0878-d280 @A: 31 04 16 20 | 10
#0879-d280 @A: 31 07 16 20 | 01
#0880-d280 @A: 03 31 16 19 | 07
#0881-d280 @A: 31 24 27 04 | 03
#0882-d280 @A: 31 21 05 34 | 09
#0883-d280 @A: 31 07 21 28 | 11
#0884-d280 @A: 30 28 31 15 | 12
#0885-d280 @A: 28 19 11 31 | 02
#0886-d280 @A: 31 30 09 27 | 08
#0887-d280 @A: 29 10 16 23 | 05
#0888-d280 @A: 29 21 28 23 | 06
#0889-d280 @A: 35 29 16 13 | 04
#0890-d280 @A: 06 21 13 29 | 10
#0891-d280 @A: 29 13 14 07 | 01
#0892-d280 @A: 29 09 27 16 | 07
#0893-d280 @A: 18 20 04 29 | 03
#0894-d280 @A: 22 02 21 29 | 09
#0895-d280 @A: 21 12 29 20 | 11
#0896-d280 @A: 30 17 29 25 | 12
#0897-d280 @A: 05 25 11 29 | 02
#0898-d280 @A: 15 28 29 07 | 08
#0899-d280 @A: 29 10 12 17 | 05
#0900-d280 @A: 05 08 29 20 | 06
#0901-d280 @A: 14 20 02 29 | 04
#0902-d280 @A: 29 10 26 19 | 10
#0903-d280 @A: 35 29 26 02 | 01
#0904-d280 @A: 34 27 29 35 | 07
#0905-d280 @A: 32 13 23 06 | 03
#0906-d280 @A: 04 23 14 13 | 09
#0907-d280 @A: 16 25 14 23 | 11
#0908-d280 @A: 11 12 23 16 | 12
#0909-d280 @A: 23 34 06 16 | 02
#0910-d280 @A: 04 11 23 08 | 08
#0911-d280 @A: 17 23 22 11 | 05
#0912-d280 @A: 23 21 24 03 | 06
#0913-d280 @A: 23 15 18 17 | 04
#0914-d280 @A: 09 15 12 23 | 10
#0915-d280 @A: 23 15 10 30 | 01
#0916-d280 @A: 18 23 08 24 | 07
#0917-d280 @A: 02 08 28 23 | 03
#0918-d280 @A: 11 14 10 23 | 09
#0919-d280 @A: 09 06 23 35 | 11
#0920-d280 @A: 18 13 22 05 | 12
#0921-d280 @A: 03 13 28 21 | 02
#0922-d280 @A: 13 35 10 19 | 08
#0923-d280 @A: 14 13 19 27 | 05
#0924-d280 @A: 09 27 34 13 | 06
#0925-d280 @A: 32 16 12 06 | 04
#0926-d280 @A: 16 08 28 04 | 10
#0927-d280 @A: 25 27 22 16 | 01
#0928-d280 @A: 14 08 16 22 | 07
#0929-d280 @A: 12 02 20 16 | 03
#0930-d280 @A: 27 10 06 16 | 09
#0931-d280 @A: 34 11 16 09 | 11
#0932-d280 @A: 34 03 16 07 | 12
#0933-d280 @A: 14 04 32 20 | 02
#0934-d280 @A: 19 05 22 32 | 08
#0935-d280 @A: 20 05 32 21 | 05
#0936-d280 @A: 32 15 25 03 | 06
#0937-d280 @A: 30 32 10 28 | 04
#0938-d280 @A: 10 27 07 32 | 10
#0939-d280 @A: 26 02 03 32 | 01
#0940-d280 @A: 25 21 04 09 | 07
#0941-d280 @A: 18 25 15 04 | 03
#0942-d280 @A: 02 04 25 35 | 09
#0943-d280 @A: 12 17 07 04 | 11
#0944-d280 @A: 35 17 04 30 | 12
#0945-d280 @A: 10 07 20 04 | 02
#0946-d280 @A: 15 22 25 06 | 08
#0947-d280 @A: 22 20 25 24 | 05
#0948-d280 @A: 25 22 28 05 | 06
#0949-d280 @A: 22 08 12 06 | 04
#0950-d280 @A: 09 05 22 08 | 10
#0951-d280 @A: 28 11 34 22 | 01
#0952-d280 @A: 20 22 30 14 | 07
#0953-d280 @A: 06 27 26 22 | 03
#0954-d280 @A: 21 05 25 18 | 09
#0955-d280 @A: 21 05 15 35 | 11
#0956-d280 @A: 02 21 17 24 | 12
#0957-d280 @A: 08 18 21 12 | 02
#0958-d280 @A: 24 18 21 06 | 08
#0959-d280 @A: 21 14 28 35 | 05
#0960-d280 @A: 09 20 21 06 | 06
#0961-d280 @A: 24 25 15 26 | 04
#0962-d280 @A: 10 14 20 25 | 10
#0963-d280 @A: 18 25 14 30 | 01
#0964-d280 @A: 08 15 10 28 | 07
#0965-d280 @A: 06 35 02 15 | 03
#0966-d280 @A: 26 34 30 15 | 09
#0967-d280 @A: 17 05 14 24 | 11
#0968-d280 @A: 26 28 03 17 | 12
#0969-d280 @A: 35 10 27 17 | 02
#0970-d280 @A: 35 11 14 17 | 08
#0971-d280 @A: 06 19 03 17 | 05
#0972-d280 @A: 10 03 08 27 | 06
#0973-d280 @A: 34 11 35 08 | 04
#0974-d280 @A: 27 14 08 07 | 10
#0975-d280 @A: 12 19 30 24 | 01
#0976-d280 @A: 10 11 24 28 | 07
#0977-d280 @A: 06 24 30 35 | 03
#0978-d280 @A: 11 24 07 02 | 09
#0979-d280 @A: 18 12 34 05 | 11
#0980-d280 @A: 35 02 28 12 | 12
#0981-d280 @A: 12 26 28 18 | 02
#0982-d280 @A: 07 09 12 30 | 08
#0983-d280 @A: 30 28 07 05 | 05
#0984-d280 @A: 27 20 05 06 | 06
#0985-d280 @A: 35 26 09 05 | 04
#0986-d280 @A: 06 11 34 05 | 10
#0987-d280 @A: 01 16 20 33 | 01
#0988-d280 @A: 06 01 31 23 | 07
#0989-d280 @A: 29 35 25 01 | 03
#0990-d280 @A: 26 05 29 01 | 09
#0991-d280 @A: 01 20 21 23 | 11
#0992-d280 @A: 01 34 15 13 | 12
#0993-d280 @A: 10 34 16 01 | 02
#0994-d280 @A: 28 22 01 32 | 08
#0995-d280 @A: 04 01 22 26 | 05
#0996-d280 @A: 21 07 05 01 | 06
#0997-d280 @A: 21 11 34 01 | 04
#0998-d280 @A: 25 14 01 02 | 10
#0999-d280 @A: 09 27 01 15 | 01
#1000-d280 @A: 20 08 01 24 | 07
#1001-d280 @A: 24 34 01 12 | 03
#1002-d280 @A: 01 24 02 03 | 09
#1003-d280 @A: 16 31 33 18 | 11
#1004-d280 @A: 33 24 31 09 | 12
#1005-d280 @A: 05 19 29 33 | 02
#1006-d280 @A: 34 33 23 12 | 08
#1007-d280 @A: 33 07 25 32 | 05
#1008-d280 @A: 15 32 11 33 | 06
#1009-d280 @A: 14 30 33 32 | 04
#1010-d280 @A: 15 33 26 04 | 10
#1011-d280 @A: 33 02 07 04 | 01
#1012-d280 @A: 05 33 12 25 | 07
#1013-d280 @A: 17 33 20 15 | 03
#1014-d280 @A: 30 15 33 05 | 09
#1015-d280 @A: 15 06 33 03 | 11
#1016-d280 @A: 05 24 33 18 | 12
#1017-d280 @A: 19 06 33 28 | 02
#1018-d280 @A: 20 33 34 03 | 08
#1019-d280 @A: 31 29 17 23 | 05
#1020-d280 @A: 31 13 27 29 | 06
#1021-d280 @A: 32 31 34 29 | 04
#1022-d280 @A: 31 35 05 23 | 10
#1023-d280 @A: 31 03 28 23 | 01
#1024-d280 @A: 21 31 13 09 | 07
#1025-d280 @A: 03 12 13 31 | 03
#1026-d280 @A: 31 28 24 16 | 09
#1027-d280 @A: 28 12 22 31 | 11
#1028-d280 @A: 18 09 31 22 | 12
#1029-d280 @A: 19 14 31 25 | 02
#1030-d280 @A: 31 24 20 05 | 08
#1031-d280 @A: 12 10 11 31 | 05
#1032-d280 @A: 20 11 31 26 | 06
#1033-d280 @A: 27 02 06 31 | 04
#1034-d280 @A: 23 25 18 29 | 10
#1035-d280 @A: 16 29 05 18 | 01
#1036-d280 @A: 29 27 32 25 | 07
#1037-d280 @A: 29 17 32 11 | 03
#1038-d280 @A: 29 30 05 32 | 09
#1039-d280 @A: 04 25 26 29 | 11
#1040-d280 @A: 25 09 22 29 | 12
#1041-d280 @A: 34 21 29 25 | 02
#1042-d280 @A: 15 26 29 20 | 08
#1043-d280 @A: 29 09 15 02 | 05
#1044-d280 @A: 18 10 34 29 | 06
#1045-d280 @A: 02 09 07 29 | 04
#1046-d280 @A: 19 23 13 16 | 10
#1047-d280 @A: 13 30 23 34 | 01
#1048-d280 @A: 21 32 23 30 | 07
#1049-d280 @A: 25 23 20 32 | 03
#1050-d280 @A: 23 07 04 11 | 09
#1051-d280 @A: 22 03 08 23 | 11
#1052-d280 @A: 22 23 28 26 | 12
#1053-d280 @A: 12 19 25 23 | 02
#1054-d280 @A: 35 23 12 14 | 08
#1055-d280 @A: 20 19 18 23 | 05
#1056-d280 @A: 32 13 35 08 | 06
#1057-d280 @A: 06 22 24 13 | 04
#1058-d280 @A: 22 28 13 35 | 10
#1059-d280 @A: 13 25 24 09 | 01
#1060-d280 @A: 05 30 13 17 | 07
#1061-d280 @A: 26 11 03 13 | 03
#1062-d280 @A: 11 13 19 34 | 09
#1063-d280 @A: 07 21 14 16 | 11
#1064-d280 @A: 15 12 16 03 | 12
#1065-d280 @A: 07 17 16 19 | 02
#1066-d280 @A: 08 24 35 16 | 08
#1067-d280 @A: 08 19 18 16 | 05
#1068-d280 @A: 24 16 12 26 | 06
#1069-d280 @A: 16 24 05 30 | 04
#1070-d280 @A: 16 24 06 11 | 10
#1071-d280 @A: 34 16 03 26 | 01
#1072-d280 @A: 16 19 26 06 | 07
#1073-d280 @A: 02 34 16 18 | 03
#1074-d280 @A: 32 04 12 19 | 09
#1075-d280 @A: 28 04 07 32 | 11
#1076-d280 @A: 17 09 21 32 | 12
#1077-d280 @A: 32 06 20 15 | 02
#1078-d280 @A: 17 32 18 05 | 08
#1079-d280 @A: 17 32 14 02 | 05
#1080-d280 @A: 32 08 19 10 | 06
#1081-d280 @A: 20 07 24 32 | 04
#1082-d280 @A: 34 03 05 32 | 10
#1083-d280 @A: 32 28 19 03 | 01
#1084-d280 @A: 06 26 32 10 | 07
#1085-d280 @A: 32 35 14 34 | 03
#1086-d280 @A: 27 26 09 32 | 09
#1087-d280 @A: 08 21 19 04 | 11
#1088-d280 @A: 05 03 04 21 | 12
#1089-d280 @A: 04 10 21 14 | 02
#1090-d280 @A: 04 15 12 02 | 08
#1091-d280 @A: 08 24 03 04 | 05
#1092-d280 @A: 04 20 11 34 | 06
#1093-d280 @A: 06 18 14 04 | 04
#1094-d280 @A: 17 22 14 25 | 10
#1095-d280 @A: 22 15 26 03 | 01
#1096-d280 @A: 17 06 22 30 | 07
#1097-d280 @A: 02 18 24 22 | 03
#1098-d280 @A: 24 34 22 07 | 09
#1099-d280 @A: 12 10 27 22 | 11
#1100-d280 @A: 14 22 06 28 | 12
#1101-d280 @A: 22 03 28 02 | 02
#1102-d280 @A: 22 30 35 26 | 08
#1103-d280 @A: 03 09 06 22 | 05
#1104-d280 @A: 02 21 15 08 | 06
#1105-d280 @A: 02 07 15 21 | 04
#1106-d280 @A: 03 20 21 18 | 10
#1107-d280 @A: 21 02 10 35 | 01
#1108-d280 @A: 09 35 34 21 | 07
#1109-d280 @A: 19 03 21 14 | 03
#1110-d280 @A: 35 17 28 25 | 09
#1111-d280 @A: 25 10 08 05 | 11
#1112-d280 @A: 30 28 25 03 | 12
#1113-d280 @A: 27 25 35 20 | 02
#1114-d280 @A: 12 30 17 15 | 08
#1115-d280 @A: 17 15 06 05 | 05
#1116-d280 @A: 07 06 10 15 | 06
#1117-d280 @A: 18 26 15 19 | 04
#1118-d280 @A: 12 20 24 17 | 10
#1119-d280 @A: 11 10 05 17 | 01
#1120-d280 @A: 17 10 26 20 | 07
#1121-d280 @A: 10 14 07 17 | 03
#1122-d280 @A: 17 14 26 09 | 09
#1123-d280 @A: 27 18 09 17 | 11
#1124-d280 @A: 17 30 19 18 | 12
#1125-d280 @A: 28 11 26 08 | 02
#1126-d280 @A: 18 08 28 09 | 08
#1127-d280 @A: 08 19 11 06 | 05
#1128-d280 @A: 19 27 24 10 | 06
#1129-d280 @A: 09 24 30 02 | 04
#1130-d280 @A: 30 24 27 34 | 10
#1131-d280 @A: 03 05 11 12 | 01
#1132-d280 @A: 30 28 12 34 | 07
#1133-d280 @A: 11 14 30 12 | 03
#1134-d280 @A: 09 11 12 26 | 09
#1135-d280 @A: 34 27 07 26 | 11
#1136-d280 @A: 06 11 07 27 | 12
#1137-d280 @A: 01 31 19 33 | 02
#1138-d280 @A: 11 23 33 01 | 08
#1139-d280 @A: 01 10 30 33 | 05
#1140-d280 @A: 35 13 01 31 | 06
#1141-d280 @A: 31 01 27 17 | 04
#1142-d280 @A: 24 01 31 26 | 10
#1143-d280 @A: 04 01 29 03 | 01
#1144-d280 @A: 18 23 01 22 | 07
#1145-d280 @A: 23 01 07 15 | 03
#1146-d280 @A: 24 14 01 23 | 09
#1147-d280 @A: 25 16 07 01 | 11
#1148-d280 @A: 01 18 12 16 | 12
#1149-d280 @A: 08 01 18 32 | 02
#1150-d280 @A: 01 05 04 12 | 08
#1151-d280 @A: 01 17 02 15 | 05
#1152-d280 @A: 01 05 34 17 | 06
#1153-d280 @A: 08 01 14 12 | 04
#1154-d280 @A: 01 10 03 06 | 10
#1155-d280 @A: 14 31 33 15 | 01
#1156-d280 @A: 02 33 31 08 | 07
#1157-d280 @A: 14 25 33 29 | 03
#1158-d280 @A: 11 33 29 08 | 09
#1159-d280 @A: 07 26 33 29 | 11
#1160-d280 @A: 23 33 14 21 | 12
#1161-d280 @A: 07 33 19 23 | 02
#1162-d280 @A: 32 13 33 19 | 08
#1163-d280 @A: 07 12 13 33 | 05
#1164-d280 @A: 13 14 33 34 | 06
#1165-d280 @A: 16 33 19 27 | 04
#1166-d280 @A: 28 05 33 04 | 10
#1167-d280 @A: 22 11 33 05 | 01
#1168-d280 @A: 33 21 19 17 | 07
#1169-d280 @A: 33 12 21 02 | 03
#1170-d280 @A: 08 12 33 19 | 09
#1171-d280 @A: 03 35 28 33 | 11
#1172-d280 @A: 10 02 18 33 | 12
#1173-d280 @A: 09 06 33 30 | 02
#1174-d280 @A: 11 16 29 31 | 08
#1175-d280 @A: 19 29 31 02 | 05
#1176-d280 @A: 23 31 30 16 | 06
#1177-d280 @A: 31 23 15 22 | 04
#1178-d280 @A: 16 13 10 31 | 10
#1179-d280 @A: 02 13 31 24 | 01
#1180-d280 @A: 31 22 16 06 | 07
#1181-d280 @A: 26 16 21 31 | 03
#1182-d280 @A: 15 16 27 31 | 09
#1183-d280 @A: 17 09 31 05 | 11
#1184-d280 @A: 08 24 30 31 | 12
#1185-d280 @A: 31 14 03 35 | 02
#1186-d280 @A: 26 31 35 19 | 08
#1187-d280 @A: 24 29 23 19 | 05
#1188-d280 @A: 28 12 29 16 | 06
#1189-d280 @A: 29 20 19 32 | 04
#1190-d280 @A: 02 12 25 29 | 10
#1191-d280 @A: 06 29 18 08 | 01
#1192-d280 @A: 18 29 19 28 | 07
#1193-d280 @A: 03 18 02 29 | 03
#1194-d280 @A: 09 29 30 34 | 09
#1195-d280 @A: 06 19 27 29 | 11
#1196-d280 @A: 16 22 23 20 | 12
#1197-d280 @A: 21 23 18 16 | 02
#1198-d280 @A: 32 27 23 05 | 08
#1199-d280 @A: 22 09 21 23 | 05
#1200-d280 @A: 23 11 02 25 | 06
#1201-d280 @A: 24 10 23 06 | 04
#1202-d280 @A: 23 09 34 28 | 10
#1203-d280 @A: 23 10 34 27 | 01
#1204-d280 @A: 27 17 13 16 | 07
#1205-d280 @A: 18 16 09 13 | 03
#1206-d280 @A: 24 13 32 03 | 09
#1207-d280 @A: 03 07 13 04 | 11
#1208-d280 @A: 21 02 13 05 | 12
#1209-d280 @A: 21 07 35 13 | 02
#1210-d280 @A: 25 19 17 13 | 08
#1211-d280 @A: 13 15 35 30 | 05
#1212-d280 @A: 17 06 13 08 | 06
#1213-d280 @A: 17 13 12 35 | 04
#1214-d280 @A: 13 05 08 27 | 10
#1215-d280 @A: 24 19 26 13 | 01
#1216-d280 @A: 34 20 13 35 | 07
#1217-d280 @A: 02 20 30 13 | 03
#1218-d280 @A: 10 03 13 30 | 09
#1219-d280 @A: 27 13 30 06 | 11
#1220-d280 @A: 32 35 19 16 | 12
#1221-d280 @A: 12 04 16 10 | 02
#1222-d280 @A: 18 22 16 17 | 08
#1223-d280 @A: 35 22 16 05 | 05
#1224-d280 @A: 21 16 35 11 | 06
#1225-d280 @A: 15 28 17 16 | 04
#1226-d280 @A: 16 09 15 05 | 10
#1227-d280 @A: 16 34 17 12 | 01
#1228-d280 @A: 12 08 27 16 | 07
#1229-d280 @A: 16 09 24 14 | 03
#1230-d280 @A: 16 28 09 20 | 09
#1231-d280 @A: 28 02 19 16 | 11
#1232-d280 @A: 27 28 16 03 | 12
#1233-d280 @A: 26 10 16 09 | 02
#1234-d280 @A: 03 11 30 16 | 08
#1235-d280 @A: 22 32 12 20 | 05
#1236-d280 @A: 02 35 32 22 | 06
#1237-d280 @A: 19 32 21 15 | 04
#1238-d280 @A: 02 10 24 32 | 10
#1239-d280 @A: 20 35 26 32 | 01
#1240-d280 @A: 30 32 03 06 | 07
#1241-d280 @A: 08 10 22 04 | 03
#1242-d280 @A: 30 07 04 22 | 09
#1243-d280 @A: 04 11 17 24 | 11
#1244-d280 @A: 04 05 26 24 | 12
#1245-d280 @A: 04 30 02 28 | 02
#1246-d280 @A: 14 26 04 30 | 08
#1247-d280 @A: 34 19 09 04 | 05
#1248-d280 @A: 06 04 07 19 | 06
#1249-d280 @A: 22 03 12 21 | 04
#1250-d280 @A: 18 06 20 22 | 10
#1251-d280 @A: 22 03 27 35 | 01
#1252-d280 @A: 20 15 25 21 | 07
#1253-d280 @A: 07 03 25 21 | 03
#1254-d280 @A: 21 24 15 09 | 09
#1255-d280 @A: 17 12 14 21 | 11
#1256-d280 @A: 07 21 17 34 | 12
#1257-d280 @A: 12 24 27 21 | 02
#1258-d280 @A: 34 10 21 28 | 08
#1259-d280 @A: 02 34 14 21 | 05
#1260-d280 @A: 12 25 17 26 | 06
#1261-d280 @A: 25 24 05 35 | 04
#1262-d280 @A: 11 25 14 24 | 10
#1263-d280 @A: 25 18 20 34 | 01
#1264-d280 @A: 06 25 30 20 | 07
#1265-d280 @A: 15 08 19 24 | 03
#1266-d280 @A: 05 24 15 07 | 09
#1267-d280 @A: 15 11 20 27 | 11
#1268-d280 @A: 03 11 10 15 | 12
#1269-d280 @A: 09 34 24 17 | 02
#1270-d280 @A: 06 17 28 11 | 08
#1271-d280 @A: 09 20 03 17 | 05
#1272-d280 @A: 19 17 02 35 | 06
#1273-d280 @A: 19 14 08 30 | 04
#1274-d280 @A: 07 26 08 30 | 10
#1275-d280 @A: 30 09 03 08 | 01
#1276-d280 @A: 27 14 24 26 | 07
#1277-d280 @A: 03 26 18 24 | 03
#1278-d280 @A: 03 12 09 28 | 09
#1279-d280 @A: 35 19 11 12 | 11
#1280-d280 @A: 06 07 02 12 | 12
#1281-d280 @A: 05 19 10 20 | 02
#1282-d280 @A: 05 26 20 34 | 08
#1283-d280 @A: 02 18 05 35 | 05
#1284-d280 @A: 14 02 34 07 | 06
#1285-d280 @A: 04 11 01 31 | 04
#1286-d280 @A: 01 31 28 08 | 10
#1287-d280 @A: 01 31 18 05 | 01
#1288-d280 @A: 31 01 09 34 | 07
#1289-d280 @A: 19 29 01 22 | 03
#1290-d280 @A: 24 01 18 29 | 09
#1291-d280 @A: 16 23 08 01 | 11
#1292-d280 @A: 21 01 02 32 | 12
#1293-d280 @A: 19 25 01 32 | 02
#1294-d280 @A: 20 17 32 01 | 08
#1295-d280 @A: 30 32 12 01 | 05
#1296-d280 @A: 10 01 22 15 | 06
#1297-d280 @A: 01 26 03 25 | 04
#1298-d280 @A: 24 01 35 15 | 10
#1299-d280 @A: 07 01 28 17 | 01
#1300-d280 @A: 01 20 05 28 | 07
#1301-d280 @A: 28 11 03 01 | 03
#1302-d280 @A: 20 01 11 14 | 09
#1303-d280 @A: 01 19 06 20 | 11
#1304-d280 @A: 35 02 34 01 | 12
#1305-d280 @A: 06 05 33 23 | 02
#1306-d280 @A: 22 18 32 33 | 08
#1307-d280 @A: 14 22 04 33 | 05
#1308-d280 @A: 34 33 21 15 | 06
#1309-d280 @A: 09 05 21 33 | 04
#1310-d280 @A: 33 14 05 08 | 10
#1311-d280 @A: 33 02 05 20 | 01
#1312-d280 @A: 02 34 33 27 | 07
#1313-d280 @A: 18 29 31 15 | 03
#1314-d280 @A: 18 31 13 23 | 09
#1315-d280 @A: 32 14 31 23 | 11
#1316-d280 @A: 23 08 10 31 | 12
#1317-d280 @A: 16 34 31 08 | 02
#1318-d280 @A: 21 25 02 31 | 08
#1319-d280 @A: 25 08 31 20 | 05
#1320-d280 @A: 31 15 08 03 | 06
#1321-d280 @A: 07 31 17 05 | 04
#1322-d280 @A: 31 06 28 10 | 10
#1323-d280 @A: 20 31 09 10 | 01
#1324-d280 @A: 10 18 14 31 | 07
#1325-d280 @A: 10 31 30 19 | 03
#1326-d280 @A: 26 06 31 34 | 09
#1327-d280 @A: 31 30 06 07 | 11
#1328-d280 @A: 29 13 20 25 | 12
#1329-d280 @A: 29 22 15 27 | 02
#1330-d280 @A: 14 06 09 29 | 08
#1331-d280 @A: 32 16 23 02 | 05
#1332-d280 @A: 16 23 28 05 | 06
#1333-d280 @A: 23 09 16 03 | 04
#1334-d280 @A: 22 23 19 06 | 10
#1335-d280 @A: 08 23 21 34 | 01
#1336-d280 @A: 25 17 24 23 | 07
#1337-d280 @A: 23 05 25 03 | 03
#1338-d280 @A: 34 12 07 23 | 09
#1339-d280 @A: 20 23 07 34 | 11
#1340-d280 @A: 35 23 26 11 | 12
#1341-d280 @A: 14 06 23 26 | 02
#1342-d280 @A: 34 23 14 03 | 08
#1343-d280 @A: 27 23 19 26 | 05
#1344-d280 @A: 32 20 13 16 | 06
#1345-d280 @A: 13 04 16 07 | 04
#1346-d280 @A: 17 09 13 04 | 10
#1347-d280 @A: 25 27 12 13 | 01
#1348-d280 @A: 08 34 13 07 | 07
#1349-d280 @A: 11 13 20 10 | 03
#1350-d280 @A: 10 27 26 13 | 09
#1351-d280 @A: 35 04 16 34 | 11
#1352-d280 @A: 08 16 15 20 | 12
#1353-d280 @A: 18 16 15 24 | 02
#1354-d280 @A: 16 27 12 07 | 08
#1355-d280 @A: 20 35 16 14 | 05
#1356-d280 @A: 26 35 16 07 | 06
#1357-d280 @A: 14 26 16 18 | 04
#1358-d280 @A: 09 02 16 06 | 10
#1359-d280 @A: 07 18 16 11 | 01
#1360-d280 @A: 08 21 06 32 | 07
#1361-d280 @A: 20 32 24 11 | 03
#1362-d280 @A: 35 27 28 32 | 09
#1363-d280 @A: 18 28 32 06 | 11
#1364-d280 @A: 10 20 03 32 | 12
#1365-d280 @A: 11 32 18 14 | 02
#1366-d280 @A: 32 09 11 02 | 08
#1367-d280 @A: 07 02 03 32 | 05
#1368-d280 @A: 11 32 27 06 | 06
#1369-d280 @A: 03 32 18 27 | 04
#1370-d280 @A: 12 35 22 04 | 10
#1371-d280 @A: 20 05 04 22 | 01
#1372-d280 @A: 12 04 11 25 | 07
#1373-d280 @A: 25 04 19 10 | 03
#1374-d280 @A: 04 15 17 34 | 09
#1375-d280 @A: 15 08 09 04 | 11
#1376-d280 @A: 20 04 35 24 | 12
#1377-d280 @A: 26 12 06 04 | 02
#1378-d280 @A: 04 09 18 02 | 08
#1379-d280 @A: 27 04 06 34 | 05
#1380-d280 @A: 04 11 06 03 | 06
#1381-d280 @A: 15 22 30 21 | 04
#1382-d280 @A: 25 08 22 35 | 10
#1383-d280 @A: 35 22 20 15 | 01
#1384-d280 @A: 22 19 17 20 | 07
#1385-d280 @A: 05 24 22 03 | 03
#1386-d280 @A: 22 20 28 10 | 09
#1387-d280 @A: 22 27 09 20 | 11
#1388-d280 @A: 12 25 21 10 | 12
#1389-d280 @A: 20 21 30 28 | 02
#1390-d280 @A: 02 21 26 20 | 08
#1391-d280 @A: 25 15 07 27 | 05
#1392-d280 @A: 25 27 17 05 | 06
#1393-d280 @A: 25 28 20 02 | 04
#1394-d280 @A: 25 30 35 34 | 10
#1395-d280 @A: 26 25 34 27 | 01
#1396-d280 @A: 25 07 19 18 | 07
#1397-d280 @A: 06 12 15 24 | 03
#1398-d280 @A: 26 06 15 11 | 09
#1399-d280 @A: 30 11 19 15 | 11
#1400-d280 @A: 03 07 19 15 | 12
#1401-d280 @A: 17 08 09 02 | 02
#1402-d280 @A: 28 20 14 17 | 08
#1403-d280 @A: 14 18 34 17 | 05
#1404-d280 @A: 26 18 07 17 | 06
#1405-d280 @A: 11 30 09 17 | 04
#1406-d280 @A: 28 35 20 08 | 10
#1407-d280 @A: 03 02 08 20 | 01
#1408-d280 @A: 09 34 10 08 | 07
#1409-d280 @A: 24 28 18 35 | 03
#1410-d280 @A: 28 09 24 27 | 09
#1411-d280 @A: 24 35 10 26 | 11
#1412-d280 @A: 09 24 10 18 | 12
#1413-d280 @A: 11 02 35 24 | 02
#1414-d280 @A: 20 18 27 12 | 08
#1415-d280 @A: 12 19 03 20 | 05
#1416-d280 @A: 12 27 09 19 | 06
#1417-d280 @A: 27 28 02 05 | 04
#1418-d280 @A: 20 11 05 35 | 10
#1419-d280 @A: 05 11 09 27 | 01
#1420-d280 @A: 09 35 28 07 | 07
#1421-d280 @A: 02 01 33 29 | 03
#1422-d280 @A: 05 33 01 27 | 09
#1423-d280 @A: 01 29 12 27 | 11
#1424-d280 @A: 23 28 01 15 | 12
#1425-d280 @A: 25 01 09 16 | 02
#1426-d280 @A: 35 01 04 08 | 08
#1427-d280 @A: 21 01 22 08 | 05
#1428-d280 @A: 25 22 34 01 | 06
#1429-d280 @A: 03 17 01 22 | 04
#1430-d280 @A: 22 12 01 11 | 10
#1431-d280 @A: 21 18 01 10 | 01
#1432-d280 @A: 07 12 08 01 | 07
#1433-d280 @A: 30 08 05 01 | 03
#1434-d280 @A: 09 24 11 01 | 09
#1435-d280 @A: 18 14 28 01 | 11
#1436-d280 @A: 28 29 31 33 | 12
#1437-d280 @A: 33 31 04 10 | 02
#1438-d280 @A: 33 31 21 11 | 08
#1439-d280 @A: 33 29 22 20 | 05
#1440-d280 @A: 30 33 21 13 | 06
#1441-d280 @A: 35 18 33 13 | 04
#1442-d280 @A: 16 33 28 22 | 10
#1443-d280 @A: 12 35 33 16 | 01
#1444-d280 @A: 14 06 33 16 | 07
#1445-d280 @A: 04 08 33 34 | 03
#1446-d280 @A: 17 33 24 22 | 09
#1447-d280 @A: 22 19 35 33 | 11
#1448-d280 @A: 30 03 22 33 | 12
#1449-d280 @A: 21 26 18 33 | 02
#1450-d280 @A: 30 33 08 25 | 08
#1451-d280 @A: 03 25 33 18 | 05
#1452-d280 @A: 18 33 08 17 | 06
#1453-d280 @A: 26 33 10 11 | 04
#1454-d280 @A: 14 02 33 35 | 10
#1455-d280 @A: 29 09 31 04 | 01
#1456-d280 @A: 31 29 35 10 | 07
#1457-d280 @A: 23 19 31 21 | 03
#1458-d280 @A: 32 02 28 31 | 09
#1459-d280 @A: 32 19 09 31 | 11
#1460-d280 @A: 24 10 31 21 | 12
#1461-d280 @A: 06 31 21 12 | 02
#1462-d280 @A: 15 26 09 31 | 08
#1463-d280 @A: 24 17 31 35 | 05
#1464-d280 @A: 10 31 27 05 | 06
#1465-d280 @A: 28 14 31 26 | 04
#1466-d280 @A: 31 09 11 06 | 10
#1467-d280 @A: 08 07 29 23 | 01
#1468-d280 @A: 23 20 34 29 | 07
#1469-d280 @A: 13 29 18 32 | 03
#1470-d280 @A: 05 29 13 09 | 09
#1471-d280 @A: 20 16 24 29 | 11
#1472-d280 @A: 21 32 14 29 | 12
#1473-d280 @A: 29 21 32 07 | 02
#1474-d280 @A: 32 12 09 29 | 08
#1475-d280 @A: 30 29 08 21 | 05
#1476-d280 @A: 19 12 15 29 | 06
#1477-d280 @A: 05 28 29 15 | 04
#1478-d280 @A: 03 17 29 05 | 10
#1479-d280 @A: 27 28 08 29 | 01
#1480-d280 @A: 35 29 20 09 | 07
#1481-d280 @A: 29 03 14 10 | 03
#1482-d280 @A: 29 11 35 18 | 09
#1483-d280 @A: 26 29 06 03 | 11
#1484-d280 @A: 10 13 23 22 | 12
#1485-d280 @A: 35 13 23 21 | 02
#1486-d280 @A: 11 32 19 23 | 08
#1487-d280 @A: 24 02 12 23 | 05
#1488-d280 @A: 23 28 07 24 | 06
#1489-d280 @A: 28 23 19 14 | 04
#1490-d280 @A: 23 07 26 03 | 10
#1491-d280 @A: 04 13 32 10 | 01
#1492-d280 @A: 13 08 02 04 | 07
#1493-d280 @A: 04 03 20 13 | 03
#1494-d280 @A: 14 13 22 21 | 09
#1495-d280 @A: 22 20 13 07 | 11
#1496-d280 @A: 08 13 26 15 | 12
#1497-d280 @A: 12 10 15 13 | 02
#1498-d280 @A: 13 12 09 08 | 08
#1499-d280 @A: 13 35 09 02 | 05
#1500-d280 @A: 02 07 30 13 | 06
#1501-d280 @A: 11 06 18 13 | 04
#1502-d280 @A: 18 19 13 03 | 10
#1503-d280 @A: 32 14 28 16 | 01
#1504-d280 @A: 16 04 30 15 | 07
#1505-d280 @A: 02 16 22 15 | 03
#1506-d280 @A: 21 16 12 05 | 09
#1507-d280 @A: 26 08 25 16 | 11
#1508-d280 @A: 24 17 03 16 | 12
#1509-d280 @A: 20 30 26 16 | 02
#1510-d280 @A: 11 20 19 16 | 08
#1511-d280 @A: 19 09 30 16 | 05
#1512-d280 @A: 25 04 34 32 | 06
#1513-d280 @A: 22 24 14 32 | 04
#1514-d280 @A: 17 06 35 32 | 10
#1515-d280 @A: 05 08 32 28 | 01
#1516-d280 @A: 32 14 27 10 | 07
#1517-d280 @A: 21 27 04 11 | 03
#1518-d280 @A: 04 20 17 25 | 09
#1519-d280 @A: 04 02 10 27 | 11
#1520-d280 @A: 22 18 28 21 | 12
#1521-d280 @A: 08 24 11 22 | 02
#1522-d280 @A: 03 05 22 07 | 08
#1523-d280 @A: 20 22 34 02 | 05
#1524-d280 @A: 07 10 26 22 | 06
#1525-d280 @A: 22 34 30 19 | 04
#1526-d280 @A: 15 21 28 12 | 10
#1527-d280 @A: 21 05 17 28 | 01
#1528-d280 @A: 26 17 21 34 | 07
#1529-d280 @A: 11 21 24 05 | 03
#1530-d280 @A: 19 07 21 11 | 09
#1531-d280 @A: 14 25 08 15 | 11
#1532-d280 @A: 25 26 06 28 | 12
#1533-d280 @A: 11 20 03 25 | 02
#1534-d280 @A: 25 10 02 03 | 08
#1535-d280 @A: 03 35 19 25 | 05
#1536-d280 @A: 06 18 25 19 | 06
#1537-d280 @A: 11 25 19 27 | 04
#1538-d280 @A: 27 15 24 05 | 10
#1539-d280 @A: 28 34 06 15 | 01
#1540-d280 @A: 03 15 35 18 | 07
#1541-d280 @A: 11 17 03 08 | 03
#1542-d280 @A: 17 18 02 28 | 09
#1543-d280 @A: 24 02 05 08 | 11
#1544-d280 @A: 09 08 20 11 | 12
#1545-d280 @A: 06 14 02 08 | 02
#1546-d280 @A: 08 11 30 02 | 08
#1547-d280 @A: 34 28 03 24 | 05
#1548-d280 @A: 20 30 24 10 | 06
#1549-d280 @A: 24 18 20 14 | 04
#1550-d280 @A: 24 26 02 06 | 10
#1551-d280 @A: 19 34 18 24 | 01
#1552-d280 @A: 19 11 03 24 | 07
#1553-d280 @A: 14 12 07 11 | 03
#1554-d280 @A: 12 34 02 11 | 09
#1555-d280 @A: 35 34 28 05 | 11
#1556-d280 @A: 14 05 09 28 | 12
#1557-d280 @A: 05 19 06 35 | 02
#1558-d280 @A: 03 05 02 06 | 08
#1559-d280 @A: 09 34 07 05 | 05
#1560-d280 @A: 03 27 07 28 | 06
#1561-d280 @A: 02 20 07 18 | 04
#1562-d280 @A: 33 03 12 01 | 10
#1563-d280 @A: 23 19 04 01 | 01
#1564-d280 @A: 26 34 01 23 | 07
#1565-d280 @A: 11 13 01 17 | 03
#1566-d280 @A: 30 13 18 01 | 09
#1567-d280 @A: 01 35 27 16 | 11
#1568-d280 @A: 06 01 24 32 | 12
#1569-d280 @A: 01 04 20 15 | 02
#1570-d280 @A: 01 06 21 17 | 08
#1571-d280 @A: 21 01 27 03 | 05
#1572-d280 @A: 15 01 30 25 | 06
#1573-d280 @A: 25 11 01 08 | 04
#1574-d280 @A: 01 17 30 24 | 10
#1575-d280 @A: 24 07 01 09 | 01
#1576-d280 @A: 10 01 28 35 | 07
#1577-d280 @A: 26 14 10 01 | 03
#1578-d280 @A: 07 02 26 01 | 09
#1579-d280 @A: 32 33 35 31 | 11
#1580-d280 @A: 02 33 23 22 | 12
#1581-d280 @A: 08 27 23 33 | 02
#1582-d280 @A: 16 02 33 13 | 08
#1583-d280 @A: 32 33 02 04 | 05
#1584-d280 @A: 06 33 25 32 | 06
#1585-d280 @A: 27 33 04 30 | 04
#1586-d280 @A: 07 33 11 22 | 10
#1587-d280 @A: 33 10 21 07 | 01
#1588-d280 @A: 12 06 17 33 | 07
#1589-d280 @A: 33 27 24 11 | 03
#1590-d280 @A: 30 33 14 07 | 09
#1591-d280 @A: 33 14 19 18 | 11
#1592-d280 @A: 02 26 30 33 | 12
#1593-d280 @A: 29 31 24 14 | 02
#1594-d280 @A: 24 23 31 11 | 08
#1595-d280 @A: 31 04 34 13 | 05
#1596-d280 @A: 13 31 08 19 | 06
#1597-d280 @A: 05 06 31 32 | 04
#1598-d280 @A: 21 31 30 17 | 10
#1599-d280 @A: 12 25 34 31 | 01
#1600-d280 @A: 05 31 25 26 | 07
#1601-d280 @A: 24 31 15 34 | 03
#1602-d280 @A: 07 18 31 24 | 09
#1603-d280 @A: 27 20 28 31 | 11
#1604-d280 @A: 19 20 34 31 | 12
#1605-d280 @A: 02 26 10 31 | 02
#1606-d280 @A: 03 31 10 34 | 08
#1607-d280 @A: 35 31 07 02 | 05
#1608-d280 @A: 27 03 26 31 | 06
#1609-d280 @A: 19 13 04 29 | 04
#1610-d280 @A: 29 13 28 11 | 10
#1611-d280 @A: 16 22 29 26 | 01
#1612-d280 @A: 16 17 29 14 | 07
#1613-d280 @A: 29 28 04 22 | 03
#1614-d280 @A: 29 05 34 04 | 09
#1615-d280 @A: 14 12 22 29 | 11
#1616-d280 @A: 22 05 10 29 | 12
#1617-d280 @A: 08 17 15 29 | 02
#1618-d280 @A: 03 24 15 29 | 08
#1619-d280 @A: 20 27 29 17 | 05
#1620-d280 @A: 19 17 29 34 | 06
#1621-d280 @A: 06 28 35 29 | 04
#1622-d280 @A: 19 14 29 11 | 10
#1623-d280 @A: 13 15 23 27 | 01
#1624-d280 @A: 04 12 03 23 | 07
#1625-d280 @A: 22 23 07 17 | 03
#1626-d280 @A: 11 21 15 23 | 09
#1627-d280 @A: 03 23 15 02 | 11
#1628-d280 @A: 35 19 34 23 | 12
#1629-d280 @A: 06 23 11 30 | 02
#1630-d280 @A: 09 30 18 23 | 08
#1631-d280 @A: 13 16 12 14 | 05
#1632-d280 @A: 32 17 13 26 | 06
#1633-d280 @A: 19 30 13 28 | 04
#1634-d280 @A: 35 13 14 26 | 10
#1635-d280 @A: 06 13 19 02 | 01
#1636-d280 @A: 16 17 32 30 | 07
#1637-d280 @A: 04 16 24 19 | 03
#1638-d280 @A: 16 24 22 10 | 09
#1639-d280 @A: 30 16 02 21 | 11
#1640-d280 @A: 16 06 25 17 | 12
#1641-d280 @A: 30 12 16 25 | 02
#1642-d280 @A: 19 25 34 16 | 08
#1643-d280 @A: 26 16 11 27 | 05
#1644-d280 @A: 16 30 27 18 | 06
#1645-d280 @A: 32 26 04 21 | 04
#1646-d280 @A: 09 22 07 32 | 10
#1647-d280 @A: 32 12 11 21 | 01
#1648-d280 @A: 11 25 32 28 | 07
#1649-d280 @A: 32 12 15 07 | 03
#1650-d280 @A: 15 34 18 32 | 09
#1651-d280 @A: 32 02 12 08 | 11
#1652-d280 @A: 32 27 02 20 | 12
#1653-d280 @A: 30 32 35 09 | 02
#1654-d280 @A: 35 11 32 03 | 08
#1655-d280 @A: 26 32 30 18 | 05
#1656-d280 @A: 27 04 08 25 | 06
#1657-d280 @A: 05 14 04 25 | 04
#1658-d280 @A: 26 04 07 15 | 10
#1659-d280 @A: 06 04 02 20 | 01
#1660-d280 @A: 04 10 06 35 | 07
#1661-d280 @A: 27 19 04 35 | 03
#1662-d280 @A: 09 03 04 27 | 09
#1663-d280 @A: 26 21 24 22 | 11
#1664-d280 @A: 22 15 34 12 | 12
#1665-d280 @A: 02 12 17 22 | 02
#1666-d280 @A: 28 09 22 17 | 08
#1667-d280 @A: 30 10 09 22 | 05
#1668-d280 @A: 24 14 21 08 | 06
#1669-d280 @A: 21 03 30 35 | 04
#1670-d280 @A: 25 02 15 27 | 10
#1671-d280 @A: 12 24 03 25 | 01
#1672-d280 @A: 05 25 02 07 | 07
#1673-d280 @A: 25 14 09 27 | 03
#1674-d280 @A: 34 07 30 25 | 09
#1675-d280 @A: 08 20 15 07 | 11
#1676-d280 @A: 35 15 09 11 | 12
#1677-d280 @A: 14 02 15 26 | 02
#1678-d280 @A: 17 10 02 34 | 08
#1679-d280 @A: 02 27 17 26 | 05
#1680-d280 @A: 11 19 26 17 | 06
#1681-d280 @A: 03 07 06 17 | 04
#1682-d280 @A: 05 03 35 08 | 10
#1683-d280 @A: 30 26 10 08 | 01
#1684-d280 @A: 08 03 26 19 | 07
#1685-d280 @A: 06 24 34 14 | 03
#1686-d280 @A: 14 30 24 03 | 09
#1687-d280 @A: 07 06 05 20 | 11
#1688-d280 @A: 27 19 05 03 | 12
#1689-d280 @A: 30 07 35 10 | 02
