#0001-d176 @A: 12 09 19 08 | 08
#0002-d176 @A: 08 12 07 03 | 11
#0003-d176 @A: 14 08 22 34 | 10
#0004-d176 @A: 02 34 08 17 | 05
#0005-d176 @A: 09 34 08 07 | 03
#0006-d176 @A: 23 08 01 10 | 06
#0007-d176 @A: 24 13 08 18 | 07
#0008-d176 @A: 34 27 21 08 | 02
#0009-d176 @A: 06 23 08 34 | 04
#0010-d176 @A: 29 01 08 03 | 12
#0011-d176 @A: 33 15 08 18 | 01
#0012-d176 @A: 08 23 33 22 | 09
#0013-d176 @A: 02 08 28 05 | 08
#0014-d176 @A: 15 23 29 08 | 11
#0015-d176 @A: 29 25 08 04 | 10
#0016-d176 @A: 15 22 08 03 | 05
#0017-d176 @A: 35 32 14 19 | 03
#0018-d176 @A: 19 32 04 11 | 06
#0019-d176 @A: 32 19 26 28 | 07
#0020-d176 @A: 15 30 12 32 | 02
#0021-d176 @A: 32 14 01 09 | 04
#0022-d176 @A: 06 17 11 32 | 12
#0023-d176 @A: 17 10 04 32 | 01
#0024-d176 @A: 07 32 30 33 | 09
#0025-d176 @A: 32 28 18 10 | 08
#0026-d176 @A: 26 15 32 13 | 11
#0027-d176 @A: 04 01 30 32 | 10
#0028-d176 @A: 09 24 32 05 | 05
#0029-d176 @A: 32 22 09 03 | 03
#0030-d176 @A: 07 06 19 12 | 06
#0031-d176 @A: 12 24 19 05 | 07
#0032-d176 @A: 19 16 14 17 | 02
#0033-d176 @A: 19 21 17 01 | 04
#0034-d176 @A: 05 17 19 34 | 12
#0035-d176 @A: 09 27 17 19 | 01
#0036-d176 @A: 35 07 19 20 | 09
#0037-d176 @A: 19 24 10 13 | 08
#0038-d176 @A: 09 20 21 19 | 11
#0039-d176 @A: 19 30 21 28 | 10
#0040-d176 @A: 15 24 19 28 | 05
#0041-d176 @A: 19 27 29 24 | 03
#0042-d176 @A: 23 03 19 28 | 06
#0043-d176 @A: 27 22 19 25 | 07
#0044-d176 @A: 22 15 19 16 | 02
#0045-d176 @A: 29 14 26 12 | 04
#0046-d176 @A: 21 03 12 11 | 12
#0047-d176 @A: 18 12 11 33 | 01
#0048-d176 @A: 30 11 12 04 | 09
#0049-d176 @A: 34 09 28 12 | 08
#0050-d176 @A: 12 26 23 09 | 11
#0051-d176 @A: 03 12 18 24 | 10
#0052-d176 @A: 05 06 12 33 | 05
#0053-d176 @A: 33 35 12 24 | 03
#0054-d176 @A: 15 02 25 12 | 06
#0055-d176 @A: 11 34 24 31 | 07
#0056-d176 @A: 03 11 31 06 | 02
#0057-d176 @A: 17 04 31 18 | 04
#0058-d176 @A: 13 06 10 31 | 12
#0059-d176 @A: 10 27 31 21 | 01
#0060-d176 @A: 03 31 20 10 | 09
#0061-d176 @A: 01 31 24 10 | 08
#0062-d176 @A: 22 01 30 31 | 11
#0063-d176 @A: 24 31 35 06 | 10
#0064-d176 @A: 16 03 31 28 | 05
#0065-d176 @A: 29 23 06 31 | 03
#0066-d176 @A: 09 17 14 11 | 06
#0067-d176 @A: 33 11 22 14 | 07
#0068-d176 @A: 27 14 07 25 | 02
#0069-d176 @A: 10 01 14 35 | 04
#0070-d176 @A: 09 14 16 10 | 12
#0071-d176 @A: 05 13 14 26 | 01
#0072-d176 @A: 30 14 29 13 | 09
#0073-d176 @A: 26 14 21 15 | 08
#0074-d176 @A: 06 21 01 14 | 11
#0075-d176 @A: 14 34 02 26 | 10
#0076-d176 @A: 35 33 06 14 | 05
#0077-d176 @A: 14 03 27 05 | 03
#0078-d176 @A: 28 14 04 22 | 06
#0079-d176 @A: 26 27 11 17 | 07
#0080-d176 @A: 17 11 22 01 | 02
#0081-d176 @A: 10 22 13 11 | 04
#0082-d176 @A: 21 22 15 11 | 12
#0083-d176 @A: 05 04 11 09 | 01
#0084-d176 @A: 24 27 05 11 | 09
#0085-d176 @A: 34 17 26 10 | 08
#0086-d176 @A: 02 17 10 01 | 11
#0087-d176 @A: 07 18 22 13 | 10
#0088-d176 @A: 25 18 07 21 | 05
#0089-d176 @A: 05 15 07 21 | 03
#0090-d176 @A: 34 03 07 15 | 06
#0091-d176 @A: 25 07 01 26 | 07
#0092-d176 @A: 06 30 07 35 | 02
#0093-d176 @A: 07 02 23 33 | 04
#0094-d176 @A: 07 15 35 27 | 12
#0095-d176 @A: 10 03 13 18 | 01
#0096-d176 @A: 10 09 21 01 | 09
#0097-d176 @A: 10 27 33 20 | 08
#0098-d176 @A: 34 06 13 01 | 11
#0099-d176 @A: 16 13 28 02 | 10
#0100-d176 @A: 13 04 06 02 | 05
#0101-d176 @A: 25 13 03 29 | 03
#0102-d176 @A: 25 15 04 13 | 06
#0103-d176 @A: 21 05 01 22 | 07
#0104-d176 @A: 21 05 25 35 | 02
#0105-d176 @A: 21 23 02 06 | 04
#0106-d176 @A: 03 21 22 06 | 12
#0107-d176 @A: 15 04 16 21 | 01
#0108-d176 @A: 33 03 34 02 | 09
#0109-d176 @A: 34 02 23 24 | 08
#0110-d176 @A: 27 04 29 34 | 11
#0111-d176 @A: 06 04 34 35 | 10
#0112-d176 @A: 20 24 03 30 | 05
#0113-d176 @A: 04 20 25 05 | 03
#0114-d176 @A: 06 20 35 23 | 06
#0115-d176 @A: 29 01 28 35 | 07
#0116-d176 @A: 22 25 01 28 | 02
#0117-d176 @A: 33 30 22 24 | 04
#0118-d176 @A: 25 24 09 30 | 12
#0119-d176 @A: 33 16 24 06 | 01
#0120-d176 @A: 25 03 16 05 | 09
#0121-d176 @A: 22 35 24 16 | 08
#0122-d176 @A: 22 16 23 28 | 11
#0123-d176 @A: 19 11 17 08 | 10
#0124-d176 @A: 25 12 34 08 | 05
#0125-d176 @A: 03 31 17 08 | 03
#0126-d176 @A: 26 31 08 24 | 06
#0127-d176 @A: 31 02 08 01 | 07
#0128-d176 @A: 08 04 18 11 | 02
#0129-d176 @A: 08 10 33 17 | 04
#0130-d176 @A: 17 08 09 26 | 12
#0131-d176 @A: 08 28 07 10 | 01
#0132-d176 @A: 07 35 08 33 | 09
#0133-d176 @A: 10 26 08 03 | 08
#0134-d176 @A: 10 16 08 24 | 11
#0135-d176 @A: 20 21 25 08 | 10
#0136-d176 @A: 08 30 35 21 | 05
#0137-d176 @A: 35 20 34 08 | 03
#0138-d176 @A: 26 20 08 15 | 06
#0139-d176 @A: 33 24 05 08 | 07
#0140-d176 @A: 23 08 35 02 | 02
#0141-d176 @A: 28 06 08 35 | 04
#0142-d176 @A: 23 25 27 08 | 12
#0143-d176 @A: 19 32 10 22 | 01
#0144-d176 @A: 19 30 32 03 | 09
#0145-d176 @A: 07 12 32 24 | 08
#0146-d176 @A: 32 05 12 13 | 11
#0147-d176 @A: 26 06 32 12 | 10
#0148-d176 @A: 04 12 18 32 | 05
#0149-d176 @A: 28 16 32 12 | 03
#0150-d176 @A: 14 18 32 16 | 06
#0151-d176 @A: 32 04 14 24 | 07
#0152-d176 @A: 32 11 10 33 | 02
#0153-d176 @A: 11 34 32 05 | 04
#0154-d176 @A: 18 24 11 32 | 12
#0155-d176 @A: 13 09 32 07 | 01
#0156-d176 @A: 23 27 32 07 | 09
#0157-d176 @A: 32 25 30 10 | 08
#0158-d176 @A: 03 10 32 27 | 11
#0159-d176 @A: 26 29 32 21 | 10
#0160-d176 @A: 32 15 21 01 | 05
#0161-d176 @A: 01 29 32 34 | 03
#0162-d176 @A: 32 23 34 18 | 06
#0163-d176 @A: 22 32 16 34 | 07
#0164-d176 @A: 26 04 20 32 | 02
#0165-d176 @A: 20 18 32 15 | 04
#0166-d176 @A: 35 09 32 28 | 12
#0167-d176 @A: 19 07 31 28 | 01
#0168-d176 @A: 31 19 34 10 | 09
#0169-d176 @A: 20 19 11 22 | 08
#0170-d176 @A: 16 07 20 19 | 11
#0171-d176 @A: 18 10 19 33 | 10
#0172-d176 @A: 10 04 19 06 | 05
#0173-d176 @A: 18 22 19 21 | 03
#0174-d176 @A: 34 19 22 01 | 06
#0175-d176 @A: 34 19 30 29 | 07
#0176-d176 @A: 19 35 02 26 | 02
#0177-d176 @A: 04 19 02 05 | 04
#0178-d176 @A: 10 03 14 12 | 12
#0179-d176 @A: 17 12 16 13 | 01
#0180-d176 @A: 21 12 23 17 | 09
#0181-d176 @A: 12 10 33 07 | 08
#0182-d176 @A: 10 34 12 23 | 11
#0183-d176 @A: 12 10 30 05 | 10
#0184-d176 @A: 30 23 12 13 | 05
#0185-d176 @A: 15 18 12 34 | 03
#0186-d176 @A: 02 12 27 33 | 06
#0187-d176 @A: 15 03 12 06 | 07
#0188-d176 @A: 18 31 09 14 | 02
#0189-d176 @A: 29 11 31 17 | 04
#0190-d176 @A: 13 11 31 04 | 12
#0191-d176 @A: 23 31 17 30 | 01
#0192-d176 @A: 31 07 29 13 | 09
#0193-d176 @A: 34 13 25 31 | 08
#0194-d176 @A: 27 26 31 28 | 11
#0195-d176 @A: 06 33 22 31 | 10
#0196-d176 @A: 06 09 02 31 | 05
#0197-d176 @A: 31 05 02 25 | 03
#0198-d176 @A: 23 24 31 04 | 06
#0199-d176 @A: 25 22 31 04 | 07
#0200-d176 @A: 13 14 07 01 | 02
#0201-d176 @A: 33 14 10 24 | 04
#0202-d176 @A: 34 04 13 14 | 12
#0203-d176 @A: 14 21 18 23 | 01
#0204-d176 @A: 14 24 25 21 | 09
#0205-d176 @A: 26 04 14 01 | 08
#0206-d176 @A: 15 02 14 23 | 11
#0207-d176 @A: 06 14 27 28 | 10
#0208-d176 @A: 06 14 23 22 | 05
#0209-d176 @A: 28 11 17 34 | 03
#0210-d176 @A: 02 11 17 33 | 06
#0211-d176 @A: 24 15 17 11 | 07
#0212-d176 @A: 17 11 16 27 | 02
#0213-d176 @A: 06 07 11 10 | 04
#0214-d176 @A: 18 30 13 11 | 12
#0215-d176 @A: 05 16 11 35 | 01
#0216-d176 @A: 25 06 11 22 | 09
#0217-d176 @A: 20 17 27 07 | 08
#0218-d176 @A: 17 29 24 10 | 11
#0219-d176 @A: 17 26 06 13 | 10
#0220-d176 @A: 13 17 01 33 | 05
#0221-d176 @A: 05 17 26 21 | 03
#0222-d176 @A: 17 25 21 33 | 06
#0223-d176 @A: 17 01 34 27 | 07
#0224-d176 @A: 01 17 09 25 | 02
#0225-d176 @A: 18 23 22 17 | 04
#0226-d176 @A: 17 23 05 16 | 12
#0227-d176 @A: 29 17 06 25 | 01
#0228-d176 @A: 07 21 34 04 | 09
#0229-d176 @A: 07 04 27 05 | 08
#0230-d176 @A: 05 06 07 25 | 11
#0231-d176 @A: 07 02 03 29 | 10
#0232-d176 @A: 35 07 23 22 | 05
#0233-d176 @A: 10 27 34 13 | 03
#0234-d176 @A: 35 21 34 10 | 06
#0235-d176 @A: 16 33 10 29 | 07
#0236-d176 @A: 09 10 27 02 | 02
#0237-d176 @A: 03 15 05 10 | 04
#0238-d176 @A: 27 10 24 28 | 12
#0239-d176 @A: 29 10 25 28 | 01
#0240-d176 @A: 27 22 15 10 | 09
#0241-d176 @A: 21 13 16 03 | 08
#0242-d176 @A: 30 26 33 13 | 11
#0243-d176 @A: 26 22 16 13 | 10
#0244-d176 @A: 13 30 20 28 | 05
#0245-d176 @A: 13 04 01 35 | 03
#0246-d176 @A: 27 25 13 05 | 06
#0247-d176 @A: 02 35 13 25 | 07
#0248-d176 @A: 15 13 23 22 | 02
#0249-d176 @A: 34 18 21 24 | 04
#0250-d176 @A: 16 05 18 21 | 12
#0251-d176 @A: 28 06 29 21 | 01
#0252-d176 @A: 28 16 21 35 | 09
#0253-d176 @A: 21 35 04 15 | 08
#0254-d176 @A: 26 30 35 34 | 11
#0255-d176 @A: 34 30 25 04 | 10
#0256-d176 @A: 15 24 34 33 | 05
#0257-d176 @A: 26 03 25 20 | 03
#0258-d176 @A: 22 05 29 26 | 06
#0259-d176 @A: 28 04 16 26 | 07
#0260-d176 @A: 03 18 20 22 | 02
#0261-d176 @A: 20 02 09 22 | 04
#0262-d176 @A: 15 20 27 02 | 12
#0263-d176 @A: 28 29 20 22 | 01
#0264-d176 @A: 20 29 27 25 | 09
#0265-d176 @A: 05 01 09 27 | 08
#0266-d176 @A: 01 24 29 25 | 11
#0267-d176 @A: 06 24 01 03 | 10
#0268-d176 @A: 22 35 02 01 | 05
#0269-d176 @A: 27 06 29 01 | 03
#0270-d176 @A: 27 01 22 23 | 06
#0271-d176 @A: 04 30 22 18 | 07
#0272-d176 @A: 05 29 18 06 | 02
#0273-d176 @A: 15 04 18 05 | 04
#0274-d176 @A: 03 04 30 33 | 12
#0275-d176 @A: 28 22 30 09 | 01
#0276-d176 @A: 29 25 15 30 | 09
#0277-d176 @A: 30 25 23 06 | 08
#0278-d176 @A: 22 29 02 16 | 11
#0279-d176 @A: 13 08 21 32 | 10
#0280-d176 @A: 32 08 09 16 | 05
#0281-d176 @A: 14 19 08 24 | 03
#0282-d176 @A: 21 12 24 08 | 06
#0283-d176 @A: 02 22 08 07 | 07
#0284-d176 @A: 13 04 08 05 | 02
#0285-d176 @A: 21 18 09 08 | 04
#0286-d176 @A: 33 16 26 08 | 12
#0287-d176 @A: 05 29 08 20 | 01
#0288-d176 @A: 02 08 04 33 | 09
#0289-d176 @A: 09 08 24 03 | 08
#0290-d176 @A: 08 28 04 09 | 11
#0291-d176 @A: 08 29 28 16 | 10
#0292-d176 @A: 32 18 19 27 | 05
#0293-d176 @A: 06 32 31 14 | 03
#0294-d176 @A: 32 34 15 31 | 06
#0295-d176 @A: 16 32 31 15 | 07
#0296-d176 @A: 02 32 35 11 | 02
#0297-d176 @A: 32 24 15 10 | 04
#0298-d176 @A: 32 20 27 21 | 12
#0299-d176 @A: 26 09 32 34 | 01
#0300-d176 @A: 23 01 32 25 | 09
#0301-d176 @A: 25 32 33 02 | 08
#0302-d176 @A: 06 02 32 05 | 11
#0303-d176 @A: 22 04 06 32 | 10
#0304-d176 @A: 19 35 12 21 | 05
#0305-d176 @A: 25 14 19 17 | 03
#0306-d176 @A: 07 14 22 19 | 06
#0307-d176 @A: 11 19 03 15 | 07
#0308-d176 @A: 07 10 19 29 | 02
#0309-d176 @A: 19 10 01 15 | 04
#0310-d176 @A: 02 19 09 13 | 12
#0311-d176 @A: 18 34 09 19 | 01
#0312-d176 @A: 28 19 34 06 | 09
#0313-d176 @A: 28 20 04 19 | 08
#0314-d176 @A: 19 25 05 18 | 11
#0315-d176 @A: 19 09 06 05 | 10
#0316-d176 @A: 29 19 35 23 | 05
#0317-d176 @A: 27 35 04 19 | 03
#0318-d176 @A: 24 12 14 11 | 06
#0319-d176 @A: 29 12 35 17 | 07
#0320-d176 @A: 07 28 21 12 | 02
#0321-d176 @A: 28 13 12 25 | 04
#0322-d176 @A: 25 22 03 12 | 12
#0323-d176 @A: 25 17 31 15 | 01
#0324-d176 @A: 07 05 31 09 | 09
#0325-d176 @A: 30 31 18 10 | 08
#0326-d176 @A: 35 21 31 13 | 11
#0327-d176 @A: 18 15 21 31 | 10
#0328-d176 @A: 33 18 26 31 | 05
#0329-d176 @A: 31 15 26 06 | 03
#0330-d176 @A: 01 04 31 20 | 06
#0331-d176 @A: 31 20 30 15 | 07
#0332-d176 @A: 16 30 31 02 | 02
#0333-d176 @A: 25 33 09 31 | 04
#0334-d176 @A: 31 04 33 05 | 12
#0335-d176 @A: 07 14 11 16 | 01
#0336-d176 @A: 17 05 14 07 | 09
#0337-d176 @A: 22 17 14 13 | 08
#0338-d176 @A: 14 03 17 01 | 11
#0339-d176 @A: 01 16 26 14 | 10
#0340-d176 @A: 15 01 14 28 | 05
#0341-d176 @A: 28 30 16 14 | 03
#0342-d176 @A: 16 33 14 35 | 06
#0343-d176 @A: 15 27 14 33 | 07
#0344-d176 @A: 25 14 09 05 | 02
#0345-d176 @A: 05 14 24 15 | 04
#0346-d176 @A: 14 15 05 16 | 12
#0347-d176 @A: 02 28 14 24 | 01
#0348-d176 @A: 02 06 25 14 | 09
#0349-d176 @A: 15 04 14 03 | 08
#0350-d176 @A: 11 17 05 30 | 11
#0351-d176 @A: 10 01 05 11 | 10
#0352-d176 @A: 25 11 13 24 | 05
#0353-d176 @A: 21 29 01 11 | 03
#0354-d176 @A: 33 05 11 21 | 06
#0355-d176 @A: 33 25 11 04 | 07
#0356-d176 @A: 11 04 28 02 | 02
#0357-d176 @A: 28 11 15 35 | 04
#0358-d176 @A: 11 25 27 03 | 12
#0359-d176 @A: 06 17 34 33 | 01
#0360-d176 @A: 17 06 01 30 | 09
#0361-d176 @A: 09 05 03 17 | 08
#0362-d176 @A: 05 25 22 17 | 11
#0363-d176 @A: 22 24 17 02 | 10
#0364-d176 @A: 17 15 35 02 | 05
#0365-d176 @A: 02 06 03 17 | 03
#0366-d176 @A: 29 28 17 03 | 06
#0367-d176 @A: 10 03 07 21 | 07
#0368-d176 @A: 10 07 04 15 | 02
#0369-d176 @A: 07 34 26 22 | 04
#0370-d176 @A: 22 33 04 07 | 12
#0371-d176 @A: 09 07 28 23 | 01
#0372-d176 @A: 07 09 06 27 | 09
#0373-d176 @A: 33 01 10 34 | 08
#0374-d176 @A: 30 10 06 20 | 11
#0375-d176 @A: 18 06 01 10 | 10
#0376-d176 @A: 23 15 33 10 | 05
#0377-d176 @A: 27 05 06 10 | 03
#0378-d176 @A: 23 25 04 10 | 06
#0379-d176 @A: 30 13 21 04 | 07
#0380-d176 @A: 03 34 13 26 | 02
#0381-d176 @A: 29 13 20 34 | 04
#0382-d176 @A: 34 18 13 33 | 12
#0383-d176 @A: 13 01 26 29 | 01
#0384-d176 @A: 15 27 13 30 | 09
#0385-d176 @A: 06 25 33 13 | 08
#0386-d176 @A: 06 35 13 09 | 11
#0387-d176 @A: 21 03 01 18 | 10
#0388-d176 @A: 22 21 33 02 | 05
#0389-d176 @A: 21 03 33 27 | 03
#0390-d176 @A: 15 28 09 21 | 06
#0391-d176 @A: 24 21 04 28 | 07
#0392-d176 @A: 09 34 20 16 | 02
#0393-d176 @A: 24 29 15 26 | 04
#0394-d176 @A: 03 26 24 22 | 12
#0395-d176 @A: 02 26 06 28 | 01
#0396-d176 @A: 23 26 22 25 | 09
#0397-d176 @A: 20 09 16 15 | 08
#0398-d176 @A: 16 24 20 25 | 11
#0399-d176 @A: 20 15 28 03 | 10
#0400-d176 @A: 22 04 23 20 | 05
#0401-d176 @A: 01 35 09 33 | 03
#0402-d176 @A: 29 33 01 02 | 06
#0403-d176 @A: 28 01 05 24 | 07
#0404-d176 @A: 16 23 01 27 | 02
#0405-d176 @A: 23 18 25 33 | 04
#0406-d176 @A: 06 03 18 33 | 12
#0407-d176 @A: 09 28 02 18 | 01
#0408-d176 @A: 35 27 05 18 | 09
#0409-d176 @A: 23 29 18 03 | 08
#0410-d176 @A: 29 33 30 23 | 11
#0411-d176 @A: 02 30 03 09 | 10
#0412-d176 @A: 05 27 30 22 | 05
#0413-d176 @A: 04 23 30 28 | 03
#0414-d176 @A: 23 33 16 03 | 06
#0415-d176 @A: 09 25 16 27 | 07
#0416-d176 @A: 05 24 27 16 | 02
#0417-d176 @A: 32 23 30 08 | 04
#0418-d176 @A: 10 02 19 08 | 12
#0419-d176 @A: 06 08 13 12 | 01
#0420-d176 @A: 30 12 08 28 | 09
#0421-d176 @A: 29 31 14 08 | 08
#0422-d176 @A: 10 08 14 09 | 11
#0423-d176 @A: 08 27 04 14 | 10
#0424-d176 @A: 30 18 07 08 | 05
#0425-d176 @A: 21 10 22 08 | 03
#0426-d176 @A: 08 30 13 16 | 06
#0427-d176 @A: 27 08 30 20 | 07
#0428-d176 @A: 06 33 08 27 | 02
#0429-d176 @A: 27 09 22 08 | 04
#0430-d176 @A: 15 06 08 02 | 12
#0431-d176 @A: 27 32 11 12 | 01
#0432-d176 @A: 32 11 14 29 | 09
#0433-d176 @A: 17 15 32 14 | 08
#0434-d176 @A: 23 14 32 03 | 11
#0435-d176 @A: 07 17 29 32 | 10
#0436-d176 @A: 32 28 07 34 | 05
#0437-d176 @A: 26 35 18 32 | 03
#0438-d176 @A: 24 03 32 33 | 06
#0439-d176 @A: 02 03 28 32 | 07
#0440-d176 @A: 29 27 28 32 | 02
#0441-d176 @A: 32 06 15 28 | 04
#0442-d176 @A: 31 12 19 26 | 12
#0443-d176 @A: 03 13 19 12 | 01
#0444-d176 @A: 31 27 11 19 | 09
#0445-d176 @A: 20 31 05 19 | 08
#0446-d176 @A: 28 10 14 19 | 11
#0447-d176 @A: 33 19 30 14 | 10
#0448-d176 @A: 10 35 19 11 | 05
#0449-d176 @A: 11 19 23 34 | 03
#0450-d176 @A: 03 17 07 19 | 06
#0451-d176 @A: 26 19 10 05 | 07
#0452-d176 @A: 02 15 21 19 | 02
#0453-d176 @A: 26 24 01 19 | 04
#0454-d176 @A: 30 26 06 19 | 12
#0455-d176 @A: 20 18 19 24 | 01
#0456-d176 @A: 04 01 19 18 | 09
#0457-d176 @A: 33 05 19 35 | 08
#0458-d176 @A: 27 19 35 16 | 11
#0459-d176 @A: 03 04 19 25 | 10
#0460-d176 @A: 12 18 35 31 | 05
#0461-d176 @A: 26 12 10 24 | 03
#0462-d176 @A: 21 34 05 12 | 06
#0463-d176 @A: 01 12 21 33 | 07
#0464-d176 @A: 12 33 34 30 | 02
#0465-d176 @A: 06 29 12 34 | 04
#0466-d176 @A: 27 12 34 35 | 12
#0467-d176 @A: 18 01 12 25 | 01
#0468-d176 @A: 12 24 02 30 | 09
#0469-d176 @A: 05 35 09 12 | 08
#0470-d176 @A: 23 24 22 12 | 11
#0471-d176 @A: 24 25 12 04 | 10
#0472-d176 @A: 12 16 29 06 | 05
#0473-d176 @A: 04 29 03 12 | 03
#0474-d176 @A: 12 22 25 16 | 06
#0475-d176 @A: 35 12 23 15 | 07
#0476-d176 @A: 07 16 25 31 | 02
#0477-d176 @A: 10 25 31 26 | 04
#0478-d176 @A: 31 15 10 35 | 12
#0479-d176 @A: 31 22 34 21 | 01
#0480-d176 @A: 31 27 34 05 | 09
#0481-d176 @A: 28 20 31 06 | 08
#0482-d176 @A: 02 04 31 30 | 11
#0483-d176 @A: 28 31 03 09 | 10
#0484-d176 @A: 27 31 23 09 | 05
#0485-d176 @A: 31 28 24 25 | 03
#0486-d176 @A: 27 04 06 31 | 06
#0487-d176 @A: 24 17 20 14 | 07
#0488-d176 @A: 16 03 14 07 | 02
#0489-d176 @A: 10 14 02 13 | 04
#0490-d176 @A: 01 34 25 14 | 12
#0491-d176 @A: 34 09 30 14 | 01
#0492-d176 @A: 14 06 03 34 | 09
#0493-d176 @A: 09 06 14 15 | 08
#0494-d176 @A: 02 14 29 04 | 11
#0495-d176 @A: 35 07 13 11 | 10
#0496-d176 @A: 05 11 03 13 | 05
#0497-d176 @A: 26 01 03 11 | 03
#0498-d176 @A: 15 30 11 26 | 06
#0499-d176 @A: 26 11 06 24 | 07
#0500-d176 @A: 24 11 01 20 | 02
#0501-d176 @A: 02 06 01 11 | 04
#0502-d176 @A: 11 24 02 09 | 12
#0503-d176 @A: 28 06 05 11 | 01
#0504-d176 @A: 29 03 24 11 | 09
#0505-d176 @A: 29 23 11 02 | 08
#0506-d176 @A: 25 23 28 11 | 11
#0507-d176 @A: 17 18 25 13 | 10
#0508-d176 @A: 22 04 34 17 | 05
#0509-d176 @A: 17 03 16 29 | 03
#0510-d176 @A: 35 22 06 17 | 06
#0511-d176 @A: 17 27 23 15 | 07
#0512-d176 @A: 13 10 07 26 | 02
#0513-d176 @A: 23 20 07 21 | 04
#0514-d176 @A: 29 07 34 18 | 12
#0515-d176 @A: 23 18 07 26 | 01
#0516-d176 @A: 26 30 29 07 | 09
#0517-d176 @A: 09 05 07 16 | 08
#0518-d176 @A: 28 07 25 04 | 11
#0519-d176 @A: 18 16 13 10 | 10
#0520-d176 @A: 13 33 04 10 | 05
#0521-d176 @A: 10 09 26 15 | 03
#0522-d176 @A: 10 01 22 16 | 06
#0523-d176 @A: 25 10 06 15 | 07
#0524-d176 @A: 03 20 13 21 | 02
#0525-d176 @A: 13 20 24 26 | 04
#0526-d176 @A: 09 27 33 13 | 12
#0527-d176 @A: 28 15 33 13 | 01
#0528-d176 @A: 13 28 06 03 | 09
#0529-d176 @A: 13 22 35 03 | 08
#0530-d176 @A: 26 21 33 24 | 11
#0531-d176 @A: 06 21 26 16 | 10
#0532-d176 @A: 21 29 15 27 | 05
#0533-d176 @A: 09 05 34 29 | 03
#0534-d176 @A: 15 03 34 16 | 06
#0535-d176 @A: 20 24 09 33 | 07
#0536-d176 @A: 20 09 15 23 | 02
#0537-d176 @A: 24 05 02 20 | 04
#0538-d176 @A: 05 28 20 27 | 12
#0539-d176 @A: 29 23 20 24 | 01
#0540-d176 @A: 25 04 27 01 | 09
#0541-d176 @A: 30 05 24 18 | 08
#0542-d176 @A: 30 35 27 02 | 11
#0543-d176 @A: 29 35 03 30 | 10
#0544-d176 @A: 16 22 33 05 | 05
#0545-d176 @A: 32 08 06 20 | 03
#0546-d176 @A: 32 24 08 28 | 06
#0547-d176 @A: 26 08 12 33 | 07
#0548-d176 @A: 20 31 11 08 | 02
#0549-d176 @A: 30 08 31 06 | 04
#0550-d176 @A: 08 01 11 14 | 12
#0551-d176 @A: 16 21 11 08 | 01
#0552-d176 @A: 05 26 07 08 | 09
#0553-d176 @A: 13 03 23 08 | 08
#0554-d176 @A: 02 29 08 21 | 11
#0555-d176 @A: 09 30 08 33 | 10
#0556-d176 @A: 09 08 25 02 | 05
#0557-d176 @A: 32 19 24 17 | 03
#0558-d176 @A: 27 32 14 13 | 06
#0559-d176 @A: 14 32 21 28 | 07
#0560-d176 @A: 32 05 30 14 | 02
#0561-d176 @A: 26 25 11 32 | 04
#0562-d176 @A: 17 35 32 21 | 12
#0563-d176 @A: 26 07 32 03 | 01
#0564-d176 @A: 01 32 26 10 | 09
#0565-d176 @A: 34 33 32 21 | 08
#0566-d176 @A: 20 28 32 01 | 11
#0567-d176 @A: 35 05 32 20 | 10
#0568-d176 @A: 02 32 01 18 | 05
#0569-d176 @A: 01 05 03 32 | 03
#0570-d176 @A: 15 05 32 22 | 06
#0571-d176 @A: 32 29 02 24 | 07
#0572-d176 @A: 29 35 25 32 | 02
#0573-d176 @A: 12 34 04 19 | 04
#0574-d176 @A: 19 02 31 17 | 12
#0575-d176 @A: 31 19 21 06 | 01
#0576-d176 @A: 19 30 24 31 | 09
#0577-d176 @A: 19 11 26 29 | 08
#0578-d176 @A: 11 30 19 02 | 11
#0579-d176 @A: 06 17 19 15 | 10
#0580-d176 @A: 10 19 30 27 | 05
#0581-d176 @A: 30 19 13 22 | 03
#0582-d176 @A: 21 26 19 03 | 06
#0583-d176 @A: 19 16 01 04 | 07
#0584-d176 @A: 28 02 19 33 | 02
#0585-d176 @A: 09 29 04 19 | 04
#0586-d176 @A: 19 05 29 28 | 12
#0587-d176 @A: 19 22 04 24 | 01
#0588-d176 @A: 29 25 19 02 | 09
#0589-d176 @A: 06 19 03 29 | 08
#0590-d176 @A: 17 04 12 14 | 11
#0591-d176 @A: 12 20 05 14 | 10
#0592-d176 @A: 18 22 14 12 | 05
#0593-d176 @A: 15 13 11 12 | 03
#0594-d176 @A: 01 16 11 12 | 06
#0595-d176 @A: 30 22 07 12 | 07
#0596-d176 @A: 25 21 12 30 | 02
#0597-d176 @A: 09 20 30 12 | 04
#0598-d176 @A: 12 05 16 30 | 12
#0599-d176 @A: 33 09 12 03 | 01
#0600-d176 @A: 09 12 06 24 | 09
#0601-d176 @A: 12 27 15 24 | 08
#0602-d176 @A: 03 12 28 35 | 11
#0603-d176 @A: 04 12 06 28 | 10
#0604-d176 @A: 31 14 21 16 | 05
#0605-d176 @A: 14 01 33 31 | 03
#0606-d176 @A: 21 07 33 31 | 06
#0607-d176 @A: 01 31 26 21 | 07
#0608-d176 @A: 31 20 02 26 | 02
#0609-d176 @A: 18 01 31 29 | 04
#0610-d176 @A: 16 33 31 01 | 12
#0611-d176 @A: 01 35 31 05 | 01
#0612-d176 @A: 15 02 31 33 | 09
#0613-d176 @A: 05 22 23 31 | 08
#0614-d176 @A: 31 28 35 02 | 11
#0615-d176 @A: 16 06 31 35 | 10
#0616-d176 @A: 03 35 04 31 | 05
#0617-d176 @A: 14 07 28 11 | 03
#0618-d176 @A: 14 04 06 11 | 06
#0619-d176 @A: 30 14 17 02 | 07
#0620-d176 @A: 10 18 27 14 | 02
#0621-d176 @A: 13 14 23 09 | 04
#0622-d176 @A: 28 34 20 14 | 12
#0623-d176 @A: 14 09 27 29 | 01
#0624-d176 @A: 04 35 25 14 | 09
#0625-d176 @A: 06 16 14 23 | 08
#0626-d176 @A: 33 11 20 07 | 11
#0627-d176 @A: 07 11 02 25 | 10
#0628-d176 @A: 03 11 34 18 | 05
#0629-d176 @A: 11 05 26 20 | 03
#0630-d176 @A: 04 15 20 11 | 06
#0631-d176 @A: 11 15 25 09 | 07
#0632-d176 @A: 02 27 11 22 | 02
#0633-d176 @A: 17 21 07 22 | 04
#0634-d176 @A: 07 23 34 17 | 12
#0635-d176 @A: 33 16 17 07 | 01
#0636-d176 @A: 17 22 20 10 | 09
#0637-d176 @A: 20 35 17 16 | 08
#0638-d176 @A: 25 17 23 35 | 11
#0639-d176 @A: 07 04 13 24 | 10
#0640-d176 @A: 02 07 15 26 | 05
#0641-d176 @A: 30 28 01 07 | 03
#0642-d176 @A: 28 07 06 33 | 06
#0643-d176 @A: 07 09 22 25 | 07
#0644-d176 @A: 07 35 05 24 | 02
#0645-d176 @A: 24 10 20 21 | 04
#0646-d176 @A: 20 18 10 35 | 12
#0647-d176 @A: 10 29 15 20 | 01
#0648-d176 @A: 23 10 30 22 | 09
#0649-d176 @A: 03 10 30 16 | 08
#0650-d176 @A: 25 24 05 10 | 11
#0651-d176 @A: 05 22 10 02 | 10
#0652-d176 @A: 10 04 02 24 | 05
#0653-d176 @A: 15 02 10 28 | 03
#0654-d176 @A: 03 02 25 10 | 06
#0655-d176 @A: 10 22 03 04 | 07
#0656-d176 @A: 23 01 18 13 | 02
#0657-d176 @A: 01 22 09 13 | 04
#0658-d176 @A: 13 33 05 22 | 12
#0659-d176 @A: 24 33 02 13 | 01
#0660-d176 @A: 29 02 13 22 | 09
#0661-d176 @A: 21 24 30 01 | 08
#0662-d176 @A: 21 24 06 05 | 11
#0663-d176 @A: 18 26 34 27 | 10
#0664-d176 @A: 34 15 01 20 | 05
#0665-d176 @A: 09 23 34 25 | 03
#0666-d176 @A: 34 22 24 05 | 06
#0667-d176 @A: 34 06 15 05 | 07
#0668-d176 @A: 05 34 03 25 | 02
#0669-d176 @A: 09 16 26 28 | 04
#0670-d176 @A: 04 28 26 35 | 12
#0671-d176 @A: 03 15 35 26 | 01
#0672-d176 @A: 03 16 26 35 | 09
#0673-d176 @A: 29 20 30 01 | 08
#0674-d176 @A: 20 33 35 03 | 11
#0675-d176 @A: 09 01 28 06 | 10
#0676-d176 @A: 33 04 28 18 | 05
#0677-d176 @A: 09 03 18 15 | 03
#0678-d176 @A: 18 06 28 25 | 06
#0679-d176 @A: 35 22 15 18 | 07
#0680-d176 @A: 05 33 30 28 | 02
#0681-d176 @A: 06 30 03 05 | 04
#0682-d176 @A: 19 32 08 15 | 12
#0683-d176 @A: 12 32 08 29 | 01
#0684-d176 @A: 32 34 08 04 | 09
#0685-d176 @A: 07 25 08 19 | 08
#0686-d176 @A: 21 05 19 08 | 11
#0687-d176 @A: 19 28 08 01 | 10
#0688-d176 @A: 35 08 11 12 | 05
#0689-d176 @A: 23 14 08 17 | 03
#0690-d176 @A: 14 30 15 08 | 06
#0691-d176 @A: 16 17 08 02 | 07
#0692-d176 @A: 08 17 25 28 | 02
#0693-d176 @A: 04 23 07 08 | 04
#0694-d176 @A: 10 29 08 30 | 12
#0695-d176 @A: 20 28 08 23 | 01
#0696-d176 @A: 08 33 25 03 | 09
#0697-d176 @A: 09 29 06 08 | 08
#0698-d176 @A: 08 35 15 09 | 11
#0699-d176 @A: 25 32 19 13 | 10
#0700-d176 @A: 32 09 12 10 | 05
#0701-d176 @A: 31 02 13 32 | 03
#0702-d176 @A: 27 01 32 31 | 06
#0703-d176 @A: 10 14 32 20 | 07
#0704-d176 @A: 11 32 30 22 | 02
#0705-d176 @A: 17 09 20 32 | 04
#0706-d176 @A: 07 02 32 10 | 12
#0707-d176 @A: 29 16 32 07 | 01
#0708-d176 @A: 13 22 32 34 | 09
#0709-d176 @A: 32 06 09 21 | 08
#0710-d176 @A: 33 32 28 22 | 11
#0711-d176 @A: 33 32 29 06 | 10
#0712-d176 @A: 32 05 04 29 | 05
#0713-d176 @A: 02 32 15 04 | 03
#0714-d176 @A: 09 16 11 19 | 06
#0715-d176 @A: 04 17 13 19 | 07
#0716-d176 @A: 07 02 18 19 | 02
#0717-d176 @A: 34 25 19 26 | 04
#0718-d176 @A: 27 34 33 19 | 12
#0719-d176 @A: 19 26 15 18 | 01
#0720-d176 @A: 33 06 24 19 | 09
#0721-d176 @A: 22 15 09 19 | 08
#0722-d176 @A: 24 29 19 16 | 11
#0723-d176 @A: 22 23 02 19 | 10
#0724-d176 @A: 28 35 22 19 | 05
#0725-d176 @A: 31 14 12 28 | 03
#0726-d176 @A: 23 12 31 07 | 06
#0727-d176 @A: 31 24 20 12 | 07
#0728-d176 @A: 16 20 31 12 | 02
#0729-d176 @A: 14 13 12 35 | 04
#0730-d176 @A: 11 12 10 28 | 12
#0731-d176 @A: 23 11 12 06 | 01
#0732-d176 @A: 12 27 30 17 | 09
#0733-d176 @A: 12 17 09 15 | 08
#0734-d176 @A: 12 13 10 29 | 11
#0735-d176 @A: 12 21 26 27 | 10
#0736-d176 @A: 01 26 28 12 | 05
#0737-d176 @A: 18 26 12 05 | 03
#0738-d176 @A: 22 12 26 15 | 06
#0739-d176 @A: 01 20 12 06 | 07
#0740-d176 @A: 20 28 12 18 | 02
#0741-d176 @A: 35 30 12 01 | 04
#0742-d176 @A: 12 35 02 06 | 12
#0743-d176 @A: 12 06 22 27 | 01
#0744-d176 @A: 31 17 35 14 | 09
#0745-d176 @A: 31 25 14 30 | 08
#0746-d176 @A: 13 31 17 27 | 11
#0747-d176 @A: 30 27 07 31 | 10
#0748-d176 @A: 16 10 26 31 | 05
#0749-d176 @A: 31 01 03 13 | 03
#0750-d176 @A: 31 13 27 16 | 06
#0751-d176 @A: 09 04 15 31 | 07
#0752-d176 @A: 23 31 15 28 | 02
#0753-d176 @A: 16 31 04 23 | 04
#0754-d176 @A: 03 27 15 31 | 12
#0755-d176 @A: 06 14 10 17 | 01
#0756-d176 @A: 10 14 07 23 | 09
#0757-d176 @A: 06 14 07 26 | 08
#0758-d176 @A: 07 29 20 14 | 11
#0759-d176 @A: 14 10 22 26 | 10
#0760-d176 @A: 14 13 33 03 | 05
#0761-d176 @A: 14 30 22 21 | 03
#0762-d176 @A: 16 14 34 04 | 06
#0763-d176 @A: 01 14 18 30 | 07
#0764-d176 @A: 14 23 01 24 | 02
#0765-d176 @A: 29 14 05 33 | 04
#0766-d176 @A: 09 02 35 14 | 12
#0767-d176 @A: 14 35 15 29 | 01
#0768-d176 @A: 27 34 11 07 | 09
#0769-d176 @A: 11 24 10 30 | 08
#0770-d176 @A: 13 11 16 02 | 11
#0771-d176 @A: 29 27 13 11 | 10
#0772-d176 @A: 21 28 11 20 | 05
#0773-d176 @A: 29 18 09 11 | 03
#0774-d176 @A: 16 22 11 03 | 06
#0775-d176 @A: 33 07 26 17 | 07
#0776-d176 @A: 05 17 13 10 | 02
#0777-d176 @A: 10 17 21 28 | 04
#0778-d176 @A: 10 18 09 17 | 12
#0779-d176 @A: 10 17 30 15 | 01
#0780-d176 @A: 17 26 24 35 | 09
#0781-d176 @A: 20 17 15 05 | 08
#0782-d176 @A: 09 01 17 16 | 11
#0783-d176 @A: 09 28 24 17 | 10
#0784-d176 @A: 15 17 28 22 | 05
#0785-d176 @A: 03 35 17 27 | 03
#0786-d176 @A: 04 30 07 20 | 06
#0787-d176 @A: 29 22 01 07 | 07
#0788-d176 @A: 03 07 33 05 | 02
#0789-d176 @A: 09 35 29 07 | 04
#0790-d176 @A: 03 25 35 07 | 12
#0791-d176 @A: 10 01 28 13 | 01
#0792-d176 @A: 21 04 10 18 | 09
#0793-d176 @A: 18 34 10 22 | 08
#0794-d176 @A: 30 02 34 10 | 11
#0795-d176 @A: 03 10 01 30 | 10
#0796-d176 @A: 35 02 10 33 | 05
#0797-d176 @A: 06 09 23 10 | 03
#0798-d176 @A: 28 35 23 10 | 06
#0799-d176 @A: 13 25 26 21 | 07
#0800-d176 @A: 24 30 13 34 | 02
#0801-d176 @A: 18 26 13 02 | 04
#0802-d176 @A: 20 09 13 05 | 12
#0803-d176 @A: 16 23 09 13 | 01
#0804-d176 @A: 09 13 04 03 | 09
#0805-d176 @A: 24 23 28 13 | 08
#0806-d176 @A: 28 13 27 35 | 11
#0807-d176 @A: 21 04 20 29 | 10
#0808-d176 @A: 21 24 23 09 | 05
#0809-d176 @A: 21 04 09 22 | 03
#0810-d176 @A: 21 22 24 27 | 06
#0811-d176 @A: 25 23 21 15 | 07
#0812-d176 @A: 01 26 05 34 | 02
#0813-d176 @A: 15 34 23 26 | 04
#0814-d176 @A: 27 16 34 26 | 12
#0815-d176 @A: 34 30 01 23 | 01
#0816-d176 @A: 03 09 27 34 | 09
#0817-d176 @A: 29 34 28 02 | 08
#0818-d176 @A: 34 25 06 16 | 11
#0819-d176 @A: 33 26 01 20 | 10
#0820-d176 @A: 26 16 20 29 | 05
#0821-d176 @A: 26 02 16 05 | 03
#0822-d176 @A: 05 06 35 26 | 06
#0823-d176 @A: 26 02 24 25 | 07
#0824-d176 @A: 26 03 27 29 | 02
#0825-d176 @A: 03 04 20 02 | 04
#0826-d176 @A: 15 35 25 20 | 12
#0827-d176 @A: 15 02 01 16 | 01
#0828-d176 @A: 01 04 15 22 | 09
#0829-d176 @A: 03 18 28 05 | 08
#0830-d176 @A: 22 18 29 25 | 11
#0831-d176 @A: 18 04 03 27 | 10
#0832-d176 @A: 09 35 30 16 | 05
#0833-d176 @A: 02 29 30 05 | 03
#0834-d176 @A: 02 15 30 22 | 06
#0835-d176 @A: 16 04 06 02 | 07
#0836-d176 @A: 19 04 30 08 | 02
#0837-d176 @A: 08 31 12 27 | 04
#0838-d176 @A: 14 08 12 02 | 12
#0839-d176 @A: 15 08 31 07 | 01
#0840-d176 @A: 31 22 08 28 | 09
#0841-d176 @A: 33 14 21 08 | 08
#0842-d176 @A: 23 11 24 08 | 11
#0843-d176 @A: 20 10 13 08 | 10
#0844-d176 @A: 25 08 13 22 | 05
#0845-d176 @A: 03 34 30 08 | 03
#0846-d176 @A: 01 09 08 20 | 06
#0847-d176 @A: 20 18 16 08 | 07
#0848-d176 @A: 32 19 23 21 | 02
#0849-d176 @A: 32 19 06 01 | 04
#0850-d176 @A: 23 16 19 32 | 12
#0851-d176 @A: 31 10 32 29 | 01
#0852-d176 @A: 32 11 06 16 | 09
#0853-d176 @A: 01 32 07 35 | 08
#0854-d176 @A: 32 34 24 20 | 11
#0855-d176 @A: 35 03 34 32 | 10
#0856-d176 @A: 30 26 32 24 | 05
#0857-d176 @A: 22 24 01 32 | 03
#0858-d176 @A: 32 30 04 16 | 06
#0859-d176 @A: 25 03 32 06 | 07
#0860-d176 @A: 12 18 19 30 | 02
#0861-d176 @A: 06 11 19 18 | 04
#0862-d176 @A: 19 35 30 17 | 12
#0863-d176 @A: 07 19 27 21 | 01
#0864-d176 @A: 04 26 07 19 | 09
#0865-d176 @A: 29 21 19 13 | 08
#0866-d176 @A: 19 21 04 33 | 11
#0867-d176 @A: 19 27 15 05 | 10
#0868-d176 @A: 04 23 19 15 | 05
#0869-d176 @A: 29 12 30 31 | 03
#0870-d176 @A: 09 14 12 21 | 06
#0871-d176 @A: 17 12 02 13 | 07
#0872-d176 @A: 12 07 20 02 | 02
#0873-d176 @A: 12 21 10 06 | 04
#0874-d176 @A: 01 13 24 12 | 12
#0875-d176 @A: 33 04 15 12 | 01
#0876-d176 @A: 14 26 31 03 | 09
#0877-d176 @A: 10 09 11 31 | 08
#0878-d176 @A: 31 02 11 21 | 11
#0879-d176 @A: 31 11 16 29 | 10
#0880-d176 @A: 17 34 20 31 | 05
#0881-d176 @A: 31 22 26 17 | 03
#0882-d176 @A: 17 06 05 31 | 06
#0883-d176 @A: 31 16 17 24 | 07
#0884-d176 @A: 07 06 31 01 | 02
#0885-d176 @A: 23 10 02 31 | 04
#0886-d176 @A: 34 31 04 26 | 12
#0887-d176 @A: 31 02 18 24 | 01
#0888-d176 @A: 31 16 22 18 | 09
#0889-d176 @A: 31 29 24 09 | 08
#0890-d176 @A: 11 14 13 21 | 11
#0891-d176 @A: 35 14 34 11 | 10
#0892-d176 @A: 30 03 14 11 | 05
#0893-d176 @A: 14 21 07 35 | 03
#0894-d176 @A: 15 13 14 18 | 06
#0895-d176 @A: 28 14 29 18 | 07
#0896-d176 @A: 24 09 22 14 | 02
#0897-d176 @A: 04 17 11 21 | 04
#0898-d176 @A: 11 22 24 07 | 12
#0899-d176 @A: 23 10 11 21 | 01
#0900-d176 @A: 09 11 26 13 | 09
#0901-d176 @A: 18 22 11 26 | 08
#0902-d176 @A: 17 02 09 07 | 11
#0903-d176 @A: 30 17 13 09 | 10
#0904-d176 @A: 20 06 17 21 | 05
#0905-d176 @A: 26 17 18 03 | 03
#0906-d176 @A: 03 30 22 17 | 06
#0907-d176 @A: 17 33 09 22 | 07
#0908-d176 @A: 03 15 33 17 | 02
#0909-d176 @A: 17 24 04 05 | 04
#0910-d176 @A: 04 27 28 17 | 12
#0911-d176 @A: 22 29 27 17 | 01
#0912-d176 @A: 17 16 22 04 | 09
#0913-d176 @A: 24 07 18 10 | 08
#0914-d176 @A: 06 13 07 21 | 11
#0915-d176 @A: 15 13 07 20 | 10
#0916-d176 @A: 05 07 02 13 | 05
#0917-d176 @A: 01 07 21 16 | 03
#0918-d176 @A: 20 26 07 28 | 06
#0919-d176 @A: 16 07 18 26 | 07
#0920-d176 @A: 25 24 33 07 | 02
#0921-d176 @A: 05 07 29 23 | 04
#0922-d176 @A: 07 28 03 24 | 12
#0923-d176 @A: 15 07 23 24 | 01
#0924-d176 @A: 04 07 29 06 | 09
#0925-d176 @A: 34 20 10 04 | 08
#0926-d176 @A: 28 10 34 03 | 11
#0927-d176 @A: 23 26 20 10 | 10
#0928-d176 @A: 13 05 18 21 | 05
#0929-d176 @A: 22 13 28 26 | 03
#0930-d176 @A: 30 13 01 25 | 06
#0931-d176 @A: 27 13 18 06 | 07
#0932-d176 @A: 35 13 33 29 | 02
#0933-d176 @A: 06 05 23 13 | 04
#0934-d176 @A: 03 02 13 15 | 12
#0935-d176 @A: 13 04 27 22 | 01
#0936-d176 @A: 34 21 30 15 | 09
#0937-d176 @A: 21 23 01 04 | 08
#0938-d176 @A: 28 33 21 35 | 11
#0939-d176 @A: 21 15 16 33 | 10
#0940-d176 @A: 29 21 03 05 | 05
#0941-d176 @A: 21 24 15 03 | 03
#0942-d176 @A: 21 25 27 28 | 06
#0943-d176 @A: 30 34 22 20 | 07
#0944-d176 @A: 34 20 05 33 | 02
#0945-d176 @A: 18 04 34 02 | 04
#0946-d176 @A: 29 33 34 25 | 12
#0947-d176 @A: 09 06 34 22 | 01
#0948-d176 @A: 25 24 34 06 | 09
#0949-d176 @A: 34 25 27 15 | 08
#0950-d176 @A: 05 03 26 04 | 11
#0951-d176 @A: 28 20 33 25 | 10
#0952-d176 @A: 09 20 29 03 | 05
#0953-d176 @A: 04 27 24 20 | 03
#0954-d176 @A: 23 02 25 20 | 06
#0955-d176 @A: 27 16 20 28 | 07
#0956-d176 @A: 20 27 22 35 | 02
#0957-d176 @A: 01 15 29 09 | 04
#0958-d176 @A: 23 03 09 01 | 12
#0959-d176 @A: 02 01 03 27 | 01
#0960-d176 @A: 27 29 30 18 | 09
#0961-d176 @A: 18 24 09 27 | 08
#0962-d176 @A: 04 09 18 23 | 11
#0963-d176 @A: 16 18 02 25 | 10
#0964-d176 @A: 16 30 27 33 | 05
#0965-d176 @A: 25 33 16 28 | 03
#0966-d176 @A: 10 35 32 08 | 06
#0967-d176 @A: 23 08 19 26 | 07
#0968-d176 @A: 19 29 08 18 | 02
#0969-d176 @A: 27 03 19 08 | 04
#0970-d176 @A: 35 08 14 18 | 12
#0971-d176 @A: 07 17 06 08 | 01
#0972-d176 @A: 17 08 15 21 | 09
#0973-d176 @A: 17 08 20 04 | 08
#0974-d176 @A: 30 24 17 08 | 11
#0975-d176 @A: 07 08 27 13 | 10
#0976-d176 @A: 02 08 13 30 | 05
#0977-d176 @A: 01 08 18 22 | 03
#0978-d176 @A: 09 23 08 05 | 06
#0979-d176 @A: 08 05 35 03 | 07
#0980-d176 @A: 25 05 15 08 | 02
#0981-d176 @A: 08 23 24 16 | 04
#0982-d176 @A: 08 27 29 35 | 12
#0983-d176 @A: 32 31 19 09 | 01
#0984-d176 @A: 32 29 19 20 | 09
#0985-d176 @A: 32 22 14 02 | 08
#0986-d176 @A: 11 21 32 07 | 11
#0987-d176 @A: 17 25 32 34 | 10
#0988-d176 @A: 20 07 32 22 | 05
#0989-d176 @A: 21 32 10 05 | 03
#0990-d176 @A: 32 10 34 06 | 06
#0991-d176 @A: 10 16 25 32 | 07
#0992-d176 @A: 03 32 21 04 | 02
#0993-d176 @A: 30 34 32 27 | 04
#0994-d176 @A: 32 16 01 35 | 12
#0995-d176 @A: 32 15 33 35 | 01
#0996-d176 @A: 23 19 14 12 | 09
#0997-d176 @A: 29 22 31 19 | 08
#0998-d176 @A: 19 14 06 13 | 11
#0999-d176 @A: 19 24 11 21 | 10
#1000-d176 @A: 24 19 07 34 | 05
#1001-d176 @A: 19 30 07 15 | 03
#1002-d176 @A: 03 19 09 10 | 06
#1003-d176 @A: 01 13 19 05 | 07
#1004-d176 @A: 30 20 25 19 | 02
#1005-d176 @A: 16 18 19 30 | 04
#1006-d176 @A: 35 25 19 06 | 12
#1007-d176 @A: 27 06 19 23 | 01
#1008-d176 @A: 12 17 10 31 | 09
#1009-d176 @A: 07 12 15 14 | 08
#1010-d176 @A: 12 34 22 11 | 11
#1011-d176 @A: 26 02 12 11 | 10
#1012-d176 @A: 01 12 09 11 | 05
#1013-d176 @A: 12 20 17 03 | 03
#1014-d176 @A: 13 12 26 04 | 06
#1015-d176 @A: 20 15 21 12 | 07
#1016-d176 @A: 04 20 35 12 | 02
#1017-d176 @A: 12 01 29 23 | 04
#1018-d176 @A: 12 25 27 09 | 12
#1019-d176 @A: 28 15 05 12 | 01
#1020-d176 @A: 22 04 05 12 | 09
#1021-d176 @A: 31 22 35 11 | 08
#1022-d176 @A: 34 35 07 31 | 11
#1023-d176 @A: 31 13 22 20 | 10
#1024-d176 @A: 31 34 30 28 | 05
#1025-d176 @A: 03 29 31 34 | 03
#1026-d176 @A: 31 25 23 03 | 06
#1027-d176 @A: 33 07 14 34 | 07
#1028-d176 @A: 14 13 24 16 | 02
#1029-d176 @A: 05 04 21 14 | 04
#1030-d176 @A: 21 14 03 02 | 12
#1031-d176 @A: 24 14 18 26 | 01
#1032-d176 @A: 02 01 14 05 | 09
#1033-d176 @A: 23 05 14 28 | 08
#1034-d176 @A: 14 24 06 29 | 11
#1035-d176 @A: 14 28 03 25 | 10
#1036-d176 @A: 27 23 35 14 | 05
#1037-d176 @A: 11 10 17 03 | 03
#1038-d176 @A: 13 17 11 23 | 06
#1039-d176 @A: 01 07 11 15 | 07
#1040-d176 @A: 29 10 11 34 | 02
#1041-d176 @A: 20 06 13 11 | 04
#1042-d176 @A: 01 11 34 04 | 12
#1043-d176 @A: 33 24 28 11 | 01
#1044-d176 @A: 27 11 35 33 | 09
#1045-d176 @A: 09 27 11 28 | 08
#1046-d176 @A: 24 28 11 16 | 11
#1047-d176 @A: 04 24 11 35 | 10
#1048-d176 @A: 10 27 17 25 | 05
#1049-d176 @A: 30 18 17 34 | 03
#1050-d176 @A: 24 17 01 18 | 06
#1051-d176 @A: 25 07 10 34 | 07
#1052-d176 @A: 02 07 30 21 | 02
#1053-d176 @A: 02 04 35 07 | 04
#1054-d176 @A: 27 22 03 07 | 12
#1055-d176 @A: 15 07 06 22 | 01
#1056-d176 @A: 20 10 25 01 | 09
#1057-d176 @A: 09 20 28 10 | 08
#1058-d176 @A: 13 28 05 34 | 11
#1059-d176 @A: 13 20 18 04 | 10
#1060-d176 @A: 05 29 13 24 | 05
#1061-d176 @A: 29 13 04 23 | 03
#1062-d176 @A: 01 21 28 34 | 06
#1063-d176 @A: 21 34 23 29 | 07
#1064-d176 @A: 21 20 33 18 | 02
#1065-d176 @A: 05 21 20 30 | 04
#1066-d176 @A: 02 24 35 21 | 12
#1067-d176 @A: 21 28 23 22 | 01
#1068-d176 @A: 21 06 04 25 | 09
#1069-d176 @A: 26 28 24 34 | 08
#1070-d176 @A: 30 34 01 16 | 11
#1071-d176 @A: 34 22 02 25 | 10
#1072-d176 @A: 06 27 34 02 | 05
#1073-d176 @A: 05 30 25 26 | 03
#1074-d176 @A: 26 04 09 24 | 06
#1075-d176 @A: 09 03 06 26 | 07
#1076-d176 @A: 23 05 24 26 | 02
#1077-d176 @A: 27 02 26 05 | 04
#1078-d176 @A: 04 26 22 02 | 12
#1079-d176 @A: 28 29 26 23 | 01
#1080-d176 @A: 23 03 20 05 | 09
#1081-d176 @A: 15 01 30 33 | 08
#1082-d176 @A: 33 01 04 24 | 11
#1083-d176 @A: 28 04 03 01 | 10
#1084-d176 @A: 01 15 35 06 | 05
#1085-d176 @A: 03 25 01 15 | 03
#1086-d176 @A: 28 18 15 30 | 06
#1087-d176 @A: 16 33 18 09 | 07
#1088-d176 @A: 18 02 03 35 | 02
#1089-d176 @A: 25 27 33 30 | 04
#1090-d176 @A: 23 35 30 09 | 12
#1091-d176 @A: 28 30 02 25 | 01
#1092-d176 @A: 03 23 15 30 | 09
#1093-d176 @A: 09 29 16 04 | 08
#1094-d176 @A: 16 24 04 27 | 11
#1095-d176 @A: 14 08 32 07 | 10
#1096-d176 @A: 08 05 27 32 | 05
#1097-d176 @A: 08 19 33 20 | 03
#1098-d176 @A: 16 35 12 08 | 06
#1099-d176 @A: 13 08 28 14 | 07
#1100-d176 @A: 08 14 03 20 | 02
#1101-d176 @A: 08 06 14 05 | 04
#1102-d176 @A: 07 11 29 08 | 12
#1103-d176 @A: 08 13 11 33 | 01
#1104-d176 @A: 06 21 11 08 | 09
#1105-d176 @A: 01 08 17 35 | 08
#1106-d176 @A: 05 10 34 08 | 11
#1107-d176 @A: 26 08 13 35 | 10
#1108-d176 @A: 04 26 21 08 | 05
#1109-d176 @A: 29 08 34 26 | 03
#1110-d176 @A: 33 08 29 28 | 06
#1111-d176 @A: 27 24 08 02 | 07
#1112-d176 @A: 35 25 24 08 | 02
#1113-d176 @A: 15 08 24 04 | 04
#1114-d176 @A: 08 28 27 15 | 12
#1115-d176 @A: 33 32 19 12 | 01
#1116-d176 @A: 12 01 17 32 | 09
#1117-d176 @A: 28 32 11 31 | 08
#1118-d176 @A: 21 31 32 24 | 11
#1119-d176 @A: 32 31 30 35 | 10
#1120-d176 @A: 26 14 33 32 | 05
#1121-d176 @A: 17 21 16 32 | 03
#1122-d176 @A: 30 28 32 17 | 06
#1123-d176 @A: 32 29 13 18 | 07
#1124-d176 @A: 13 35 32 24 | 02
#1125-d176 @A: 32 20 30 02 | 04
#1126-d176 @A: 23 02 32 09 | 12
#1127-d176 @A: 25 32 27 24 | 01
#1128-d176 @A: 23 32 29 22 | 09
#1129-d176 @A: 27 32 35 06 | 08
#1130-d176 @A: 16 10 12 19 | 11
#1131-d176 @A: 14 15 19 20 | 10
#1132-d176 @A: 19 14 01 29 | 05
#1133-d176 @A: 10 19 23 17 | 03
#1134-d176 @A: 13 19 26 27 | 06
#1135-d176 @A: 35 34 15 19 | 07
#1136-d176 @A: 01 20 19 27 | 02
#1137-d176 @A: 03 19 05 22 | 04
#1138-d176 @A: 13 31 33 12 | 12
#1139-d176 @A: 04 12 21 31 | 01
#1140-d176 @A: 34 12 02 31 | 09
#1141-d176 @A: 33 12 25 14 | 08
#1142-d176 @A: 11 07 17 12 | 11
#1143-d176 @A: 20 11 29 12 | 10
#1144-d176 @A: 17 34 12 24 | 05
#1145-d176 @A: 29 07 12 25 | 03
#1146-d176 @A: 24 16 12 21 | 06
#1147-d176 @A: 18 16 15 12 | 07
#1148-d176 @A: 12 33 22 29 | 02
#1149-d176 @A: 03 02 05 12 | 04
#1150-d176 @A: 05 27 12 29 | 12
#1151-d176 @A: 05 25 12 23 | 01
#1152-d176 @A: 02 12 28 22 | 09
#1153-d176 @A: 12 03 27 16 | 08
#1154-d176 @A: 11 31 14 15 | 11
#1155-d176 @A: 05 14 31 10 | 10
#1156-d176 @A: 13 31 24 14 | 05
#1157-d176 @A: 14 23 34 31 | 03
#1158-d176 @A: 22 31 27 14 | 06
#1159-d176 @A: 11 18 31 25 | 07
#1160-d176 @A: 31 33 11 30 | 02
#1161-d176 @A: 07 31 10 22 | 04
#1162-d176 @A: 29 21 31 25 | 12
#1163-d176 @A: 23 31 33 35 | 01
#1164-d176 @A: 09 16 22 31 | 09
#1165-d176 @A: 04 31 28 29 | 08
#1166-d176 @A: 31 27 35 25 | 11
#1167-d176 @A: 20 14 27 11 | 10
#1168-d176 @A: 27 21 17 14 | 05
#1169-d176 @A: 30 10 14 04 | 03
#1170-d176 @A: 06 14 20 18 | 06
#1171-d176 @A: 14 30 20 23 | 07
#1172-d176 @A: 14 02 20 33 | 02
#1173-d176 @A: 14 03 35 24 | 04
#1174-d176 @A: 14 16 27 29 | 12
#1175-d176 @A: 17 18 35 11 | 01
#1176-d176 @A: 04 11 07 03 | 09
#1177-d176 @A: 30 21 09 11 | 08
#1178-d176 @A: 33 26 11 34 | 11
#1179-d176 @A: 01 11 30 27 | 10
#1180-d176 @A: 35 25 11 01 | 05
#1181-d176 @A: 18 11 16 23 | 03
#1182-d176 @A: 04 11 22 29 | 06
#1183-d176 @A: 15 11 27 06 | 07
#1184-d176 @A: 07 15 17 18 | 02
#1185-d176 @A: 21 17 13 24 | 04
#1186-d176 @A: 15 17 34 13 | 12
#1187-d176 @A: 30 33 20 17 | 01
#1188-d176 @A: 20 02 28 17 | 09
#1189-d176 @A: 24 23 17 33 | 08
#1190-d176 @A: 09 17 23 29 | 11
#1191-d176 @A: 02 23 17 05 | 10
#1192-d176 @A: 05 35 17 28 | 05
#1193-d176 @A: 17 24 06 27 | 03
#1194-d176 @A: 06 17 23 28 | 06
#1195-d176 @A: 05 07 10 20 | 07
#1196-d176 @A: 01 10 27 07 | 02
#1197-d176 @A: 10 30 09 07 | 04
#1198-d176 @A: 30 13 07 03 | 12
#1199-d176 @A: 30 05 07 34 | 01
#1200-d176 @A: 28 16 07 34 | 09
#1201-d176 @A: 27 24 26 07 | 08
#1202-d176 @A: 07 01 33 18 | 11
#1203-d176 @A: 18 07 35 28 | 10
#1204-d176 @A: 30 23 07 16 | 05
#1205-d176 @A: 28 27 02 07 | 03
#1206-d176 @A: 30 13 35 10 | 06
#1207-d176 @A: 09 13 25 10 | 07
#1208-d176 @A: 26 02 21 10 | 02
#1209-d176 @A: 27 10 35 26 | 04
#1210-d176 @A: 29 10 04 01 | 12
#1211-d176 @A: 10 22 33 25 | 01
#1212-d176 @A: 35 05 29 10 | 09
#1213-d176 @A: 23 10 03 24 | 08
#1214-d176 @A: 22 06 10 28 | 11
#1215-d176 @A: 16 10 23 04 | 10
#1216-d176 @A: 21 13 09 34 | 05
#1217-d176 @A: 13 34 35 23 | 03
#1218-d176 @A: 13 03 24 27 | 06
#1219-d176 @A: 23 13 27 02 | 07
#1220-d176 @A: 15 29 13 06 | 02
#1221-d176 @A: 26 06 34 21 | 04
#1222-d176 @A: 21 25 01 02 | 12
#1223-d176 @A: 35 21 18 06 | 01
#1224-d176 @A: 21 15 33 06 | 09
#1225-d176 @A: 02 21 09 05 | 08
#1226-d176 @A: 35 21 27 09 | 11
#1227-d176 @A: 09 25 21 03 | 10
#1228-d176 @A: 22 21 35 29 | 05
#1229-d176 @A: 33 04 34 09 | 03
#1230-d176 @A: 28 34 23 33 | 06
#1231-d176 @A: 35 05 34 16 | 07
#1232-d176 @A: 24 34 04 03 | 02
#1233-d176 @A: 34 27 28 22 | 04
#1234-d176 @A: 25 28 35 34 | 12
#1235-d176 @A: 26 30 18 20 | 01
#1236-d176 @A: 09 27 26 20 | 09
#1237-d176 @A: 09 26 18 01 | 08
#1238-d176 @A: 01 02 26 30 | 11
#1239-d176 @A: 01 26 06 22 | 10
#1240-d176 @A: 26 33 05 15 | 05
#1241-d176 @A: 26 33 35 25 | 03
#1242-d176 @A: 35 22 09 26 | 06
#1243-d176 @A: 02 03 23 26 | 07
#1244-d176 @A: 04 15 27 26 | 02
#1245-d176 @A: 16 33 04 20 | 04
#1246-d176 @A: 05 25 01 33 | 12
#1247-d176 @A: 33 23 06 01 | 01
#1248-d176 @A: 05 01 16 29 | 09
#1249-d176 @A: 35 01 24 27 | 08
#1250-d176 @A: 03 01 16 24 | 11
#1251-d176 @A: 16 01 25 29 | 10
#1252-d176 @A: 09 05 22 18 | 05
#1253-d176 @A: 18 09 35 25 | 03
#1254-d176 @A: 24 28 22 18 | 06
#1255-d176 @A: 24 15 18 25 | 07
#1256-d176 @A: 02 18 15 29 | 02
#1257-d176 @A: 02 25 27 18 | 04
#1258-d176 @A: 27 06 16 18 | 12
#1259-d176 @A: 02 33 06 30 | 01
#1260-d176 @A: 04 30 05 35 | 09
#1261-d176 @A: 30 25 22 35 | 08
#1262-d176 @A: 04 30 06 15 | 11
#1263-d176 @A: 23 15 16 29 | 10
#1264-d176 @A: 02 26 32 08 | 05
#1265-d176 @A: 19 08 31 35 | 03
#1266-d176 @A: 08 23 18 12 | 06
#1267-d176 @A: 09 08 13 31 | 07
#1268-d176 @A: 08 31 16 34 | 02
#1269-d176 @A: 08 25 16 14 | 04
#1270-d176 @A: 08 11 27 10 | 12
#1271-d176 @A: 17 27 08 18 | 01
#1272-d176 @A: 08 07 01 21 | 09
#1273-d176 @A: 16 08 07 22 | 08
#1274-d176 @A: 06 10 08 24 | 11
#1275-d176 @A: 15 13 01 08 | 10
#1276-d176 @A: 34 08 18 28 | 05
#1277-d176 @A: 06 26 08 18 | 03
#1278-d176 @A: 01 08 05 30 | 06
#1279-d176 @A: 16 08 01 06 | 07
#1280-d176 @A: 22 24 08 29 | 02
#1281-d176 @A: 05 19 07 32 | 04
#1282-d176 @A: 02 32 19 34 | 12
#1283-d176 @A: 12 25 20 32 | 01
#1284-d176 @A: 31 18 32 22 | 09
#1285-d176 @A: 18 25 14 32 | 08
#1286-d176 @A: 03 32 20 11 | 11
#1287-d176 @A: 11 33 32 16 | 10
#1288-d176 @A: 30 18 21 32 | 05
#1289-d176 @A: 26 32 22 27 | 03
#1290-d176 @A: 20 03 16 32 | 06
#1291-d176 @A: 32 33 18 09 | 07
#1292-d176 @A: 28 05 25 32 | 02
#1293-d176 @A: 16 27 02 32 | 04
#1294-d176 @A: 32 23 35 04 | 12
#1295-d176 @A: 27 28 19 12 | 01
#1296-d176 @A: 15 13 31 19 | 09
#1297-d176 @A: 18 31 19 23 | 08
#1298-d176 @A: 31 03 33 19 | 11
#1299-d176 @A: 16 05 31 19 | 10
#1300-d176 @A: 03 18 14 19 | 05
#1301-d176 @A: 25 21 19 16 | 03
#1302-d176 @A: 33 19 22 26 | 06
#1303-d176 @A: 02 19 06 20 | 07
#1304-d176 @A: 30 09 19 01 | 02
#1305-d176 @A: 03 01 35 19 | 04
#1306-d176 @A: 19 09 24 35 | 12
#1307-d176 @A: 19 25 09 28 | 01
#1308-d176 @A: 28 19 16 06 | 09
#1309-d176 @A: 11 05 12 31 | 08
#1310-d176 @A: 31 22 09 12 | 11
#1311-d176 @A: 31 06 12 25 | 10
#1312-d176 @A: 01 27 14 12 | 05
#1313-d176 @A: 12 14 16 02 | 03
#1314-d176 @A: 17 33 12 28 | 06
#1315-d176 @A: 34 07 13 12 | 07
#1316-d176 @A: 18 07 12 27 | 02
#1317-d176 @A: 07 16 12 04 | 04
#1318-d176 @A: 10 12 02 18 | 12
#1319-d176 @A: 25 10 35 12 | 01
#1320-d176 @A: 22 21 13 12 | 09
#1321-d176 @A: 16 34 33 12 | 08
#1322-d176 @A: 30 03 26 12 | 11
#1323-d176 @A: 12 29 02 09 | 10
#1324-d176 @A: 01 23 11 31 | 05
#1325-d176 @A: 01 31 28 17 | 03
#1326-d176 @A: 20 07 25 31 | 06
#1327-d176 @A: 31 28 05 21 | 07
#1328-d176 @A: 33 20 29 31 | 02
#1329-d176 @A: 31 22 15 24 | 04
#1330-d176 @A: 14 02 11 18 | 12
#1331-d176 @A: 33 17 18 14 | 01
#1332-d176 @A: 14 20 25 13 | 09
#1333-d176 @A: 34 24 27 14 | 08
#1334-d176 @A: 20 22 14 01 | 11
#1335-d176 @A: 09 28 14 33 | 10
#1336-d176 @A: 33 04 23 14 | 05
#1337-d176 @A: 11 10 26 04 | 03
#1338-d176 @A: 34 21 11 25 | 06
#1339-d176 @A: 11 20 09 34 | 07
#1340-d176 @A: 35 20 30 11 | 02
#1341-d176 @A: 28 11 29 30 | 04
#1342-d176 @A: 33 11 09 06 | 12
#1343-d176 @A: 33 15 11 29 | 01
#1344-d176 @A: 27 23 04 11 | 09
#1345-d176 @A: 17 07 28 13 | 08
#1346-d176 @A: 17 04 07 01 | 11
#1347-d176 @A: 20 35 13 17 | 10
#1348-d176 @A: 17 34 21 03 | 05
#1349-d176 @A: 21 29 30 17 | 03
#1350-d176 @A: 16 34 18 17 | 06
#1351-d176 @A: 26 01 15 17 | 07
#1352-d176 @A: 02 26 17 29 | 02
#1353-d176 @A: 20 18 17 29 | 04
#1354-d176 @A: 25 30 17 16 | 12
#1355-d176 @A: 27 33 17 05 | 01
#1356-d176 @A: 33 35 17 04 | 09
#1357-d176 @A: 03 25 17 24 | 08
#1358-d176 @A: 16 07 27 10 | 11
#1359-d176 @A: 06 16 13 07 | 10
#1360-d176 @A: 21 24 07 29 | 05
#1361-d176 @A: 03 20 07 01 | 03
#1362-d176 @A: 33 07 09 15 | 06
#1363-d176 @A: 07 16 24 02 | 07
#1364-d176 @A: 15 28 07 29 | 02
#1365-d176 @A: 10 21 15 13 | 04
#1366-d176 @A: 29 18 26 10 | 12
#1367-d176 @A: 18 05 10 23 | 01
#1368-d176 @A: 10 29 22 09 | 09
#1369-d176 @A: 04 35 09 10 | 08
#1370-d176 @A: 06 35 10 03 | 11
#1371-d176 @A: 15 10 06 16 | 10
#1372-d176 @A: 28 09 13 29 | 05
#1373-d176 @A: 24 06 22 13 | 03
#1374-d176 @A: 13 15 16 25 | 06
#1375-d176 @A: 34 20 21 02 | 07
#1376-d176 @A: 20 01 35 21 | 02
#1377-d176 @A: 27 22 21 16 | 04
#1378-d176 @A: 23 27 34 20 | 12
#1379-d176 @A: 24 16 18 34 | 01
#1380-d176 @A: 33 35 34 22 | 09
#1381-d176 @A: 06 26 29 20 | 08
#1382-d176 @A: 28 03 26 33 | 11
#1383-d176 @A: 33 29 26 04 | 10
#1384-d176 @A: 28 25 15 26 | 05
#1385-d176 @A: 06 26 23 04 | 03
#1386-d176 @A: 18 05 20 01 | 06
#1387-d176 @A: 18 27 01 15 | 07
#1388-d176 @A: 02 24 15 01 | 02
#1389-d176 @A: 01 02 28 23 | 04
#1390-d176 @A: 18 33 35 30 | 12
#1391-d176 @A: 23 18 02 30 | 01
#1392-d176 @A: 25 30 18 03 | 09
#1393-d176 @A: 29 33 24 18 | 08
#1394-d176 @A: 04 06 24 18 | 11
#1395-d176 @A: 15 06 23 18 | 10
#1396-d176 @A: 18 03 16 04 | 05
#1397-d176 @A: 05 09 15 30 | 03
#1398-d176 @A: 30 06 28 24 | 06
#1399-d176 @A: 30 23 27 24 | 07
#1400-d176 @A: 02 03 33 16 | 02
#1401-d176 @A: 32 25 31 08 | 04
#1402-d176 @A: 32 22 08 17 | 12
#1403-d176 @A: 03 18 32 08 | 01
#1404-d176 @A: 34 19 08 13 | 09
#1405-d176 @A: 08 22 06 19 | 08
#1406-d176 @A: 16 19 08 03 | 11
#1407-d176 @A: 08 05 12 17 | 10
#1408-d176 @A: 04 12 08 01 | 05
#1409-d176 @A: 08 10 04 31 | 03
#1410-d176 @A: 31 05 08 18 | 06
#1411-d176 @A: 14 26 08 25 | 07
#1412-d176 @A: 08 28 11 26 | 02
#1413-d176 @A: 03 02 11 08 | 04
#1414-d176 @A: 24 08 34 01 | 12
#1415-d176 @A: 14 32 12 34 | 01
#1416-d176 @A: 12 32 02 21 | 09
#1417-d176 @A: 28 32 12 23 | 08
#1418-d176 @A: 32 22 12 35 | 11
#1419-d176 @A: 17 32 31 33 | 10
#1420-d176 @A: 07 32 31 04 | 05
#1421-d176 @A: 23 20 32 31 | 03
#1422-d176 @A: 11 32 01 13 | 06
#1423-d176 @A: 17 32 23 26 | 07
#1424-d176 @A: 27 32 02 17 | 02
#1425-d176 @A: 32 07 15 25 | 04
#1426-d176 @A: 32 06 13 30 | 12
#1427-d176 @A: 25 21 32 22 | 01
#1428-d176 @A: 26 24 32 16 | 09
#1429-d176 @A: 09 25 04 32 | 08
#1430-d176 @A: 20 19 10 12 | 11
#1431-d176 @A: 19 12 01 02 | 10
#1432-d176 @A: 19 31 25 01 | 05
#1433-d176 @A: 19 14 11 05 | 03
#1434-d176 @A: 19 34 21 14 | 06
#1435-d176 @A: 19 14 26 09 | 07
#1436-d176 @A: 07 09 11 19 | 02
#1437-d176 @A: 28 19 11 13 | 04
#1438-d176 @A: 33 19 11 01 | 12
#1439-d176 @A: 28 19 18 17 | 01
#1440-d176 @A: 19 33 13 07 | 09
#1441-d176 @A: 23 07 19 01 | 08
#1442-d176 @A: 13 33 19 16 | 11
#1443-d176 @A: 02 34 19 16 | 10
#1444-d176 @A: 19 16 30 26 | 05
#1445-d176 @A: 15 19 25 33 | 03
#1446-d176 @A: 19 25 24 23 | 06
#1447-d176 @A: 12 06 30 14 | 07
#1448-d176 @A: 07 01 05 12 | 02
#1449-d176 @A: 07 09 04 12 | 04
#1450-d176 @A: 20 27 12 13 | 12
#1451-d176 @A: 12 21 29 18 | 01
#1452-d176 @A: 23 33 12 20 | 09
#1453-d176 @A: 16 24 09 12 | 08
#1454-d176 @A: 24 12 28 29 | 11
#1455-d176 @A: 12 04 23 02 | 10
#1456-d176 @A: 23 12 27 03 | 05
#1457-d176 @A: 14 02 31 07 | 03
#1458-d176 @A: 31 09 17 21 | 06
#1459-d176 @A: 33 28 10 31 | 07
#1460-d176 @A: 26 13 31 23 | 02
#1461-d176 @A: 13 31 28 18 | 04
#1462-d176 @A: 09 31 01 34 | 12
#1463-d176 @A: 18 06 31 34 | 01
#1464-d176 @A: 20 35 31 09 | 09
#1465-d176 @A: 31 24 33 27 | 08
#1466-d176 @A: 31 03 22 02 | 11
#1467-d176 @A: 11 10 25 14 | 10
#1468-d176 @A: 14 11 26 23 | 05
#1469-d176 @A: 14 29 17 34 | 03
#1470-d176 @A: 03 14 09 07 | 06
#1471-d176 @A: 14 10 15 34 | 07
#1472-d176 @A: 20 35 14 26 | 02
#1473-d176 @A: 27 26 30 14 | 04
#1474-d176 @A: 35 14 05 22 | 12
#1475-d176 @A: 29 22 03 14 | 01
#1476-d176 @A: 25 14 23 29 | 09
#1477-d176 @A: 14 22 25 15 | 08
#1478-d176 @A: 11 20 25 17 | 11
#1479-d176 @A: 11 16 10 34 | 10
#1480-d176 @A: 34 13 11 02 | 05
#1481-d176 @A: 27 11 21 18 | 03
#1482-d176 @A: 30 06 34 11 | 06
#1483-d176 @A: 11 35 09 03 | 07
#1484-d176 @A: 05 11 29 25 | 02
#1485-d176 @A: 28 03 22 11 | 04
#1486-d176 @A: 06 35 11 29 | 12
#1487-d176 @A: 25 04 11 16 | 01
#1488-d176 @A: 17 30 07 25 | 09
#1489-d176 @A: 17 16 10 06 | 08
#1490-d176 @A: 09 06 17 04 | 11
#1491-d176 @A: 02 17 25 04 | 10
#1492-d176 @A: 28 17 15 16 | 05
#1493-d176 @A: 04 03 23 17 | 03
#1494-d176 @A: 07 06 34 20 | 06
#1495-d176 @A: 33 29 27 07 | 07
#1496-d176 @A: 05 07 28 22 | 02
#1497-d176 @A: 06 02 24 07 | 04
#1498-d176 @A: 30 28 26 10 | 12
#1499-d176 @A: 26 33 10 06 | 01
#1500-d176 @A: 05 09 33 10 | 09
#1501-d176 @A: 10 03 33 29 | 08
#1502-d176 @A: 16 28 10 05 | 11
#1503-d176 @A: 35 10 24 22 | 10
#1504-d176 @A: 16 02 35 10 | 05
#1505-d176 @A: 10 27 29 23 | 03
#1506-d176 @A: 20 16 13 01 | 06
#1507-d176 @A: 24 09 15 13 | 07
#1508-d176 @A: 35 15 05 13 | 02
#1509-d176 @A: 13 35 16 04 | 04
#1510-d176 @A: 16 34 23 21 | 12
#1511-d176 @A: 26 18 28 21 | 01
#1512-d176 @A: 23 21 30 26 | 09
#1513-d176 @A: 21 29 16 30 | 08
#1514-d176 @A: 21 06 30 27 | 11
#1515-d176 @A: 05 21 27 23 | 10
#1516-d176 @A: 35 18 34 01 | 05
#1517-d176 @A: 15 34 02 09 | 03
#1518-d176 @A: 02 34 05 35 | 06
#1519-d176 @A: 05 04 23 34 | 07
#1520-d176 @A: 28 04 34 15 | 02
#1521-d176 @A: 15 34 22 29 | 04
#1522-d176 @A: 01 23 35 26 | 12
#1523-d176 @A: 09 26 33 02 | 01
#1524-d176 @A: 05 09 28 26 | 09
#1525-d176 @A: 25 29 26 09 | 08
#1526-d176 @A: 25 26 27 06 | 11
#1527-d176 @A: 20 04 06 33 | 10
#1528-d176 @A: 20 05 06 22 | 05
#1529-d176 @A: 24 28 35 20 | 03
#1530-d176 @A: 24 20 25 22 | 06
#1531-d176 @A: 20 35 02 29 | 07
#1532-d176 @A: 16 18 01 28 | 02
#1533-d176 @A: 27 28 01 33 | 04
#1534-d176 @A: 33 22 01 03 | 12
#1535-d176 @A: 01 09 02 04 | 01
#1536-d176 @A: 06 09 30 18 | 09
#1537-d176 @A: 18 27 22 33 | 08
#1538-d176 @A: 22 06 18 02 | 11
#1539-d176 @A: 27 28 18 23 | 10
#1540-d176 @A: 16 18 35 29 | 05
#1541-d176 @A: 27 30 04 09 | 03
#1542-d176 @A: 24 30 15 35 | 06
#1543-d176 @A: 30 06 22 29 | 07
#1544-d176 @A: 06 03 16 09 | 02
#1545-d176 @A: 09 32 08 11 | 04
#1546-d176 @A: 08 32 33 01 | 12
#1547-d176 @A: 15 12 08 10 | 01
#1548-d176 @A: 12 22 20 08 | 09
#1549-d176 @A: 31 21 23 08 | 08
#1550-d176 @A: 33 34 08 31 | 11
#1551-d176 @A: 11 34 08 15 | 10
#1552-d176 @A: 25 11 08 30 | 05
#1553-d176 @A: 22 11 05 08 | 03
#1554-d176 @A: 17 29 08 13 | 06
#1555-d176 @A: 24 20 08 07 | 07
#1556-d176 @A: 18 08 10 25 | 02
#1557-d176 @A: 03 21 08 28 | 04
#1558-d176 @A: 08 26 01 27 | 12
#1559-d176 @A: 26 30 22 08 | 01
#1560-d176 @A: 02 18 08 20 | 09
#1561-d176 @A: 01 25 06 08 | 08
#1562-d176 @A: 16 05 08 04 | 11
#1563-d176 @A: 35 22 08 04 | 10
#1564-d176 @A: 16 27 08 15 | 05
#1565-d176 @A: 04 06 03 08 | 03
#1566-d176 @A: 32 12 31 03 | 06
#1567-d176 @A: 05 32 31 26 | 07
#1568-d176 @A: 15 11 23 32 | 02
#1569-d176 @A: 03 13 32 17 | 04
#1570-d176 @A: 05 17 32 18 | 12
#1571-d176 @A: 18 06 32 07 | 01
#1572-d176 @A: 13 10 32 23 | 09
#1573-d176 @A: 33 32 13 20 | 08
#1574-d176 @A: 05 13 32 16 | 11
#1575-d176 @A: 32 13 04 28 | 10
#1576-d176 @A: 29 09 30 32 | 05
#1577-d176 @A: 33 32 23 05 | 03
#1578-d176 @A: 32 27 33 04 | 06
#1579-d176 @A: 15 27 32 09 | 07
#1580-d176 @A: 06 32 24 23 | 02
#1581-d176 @A: 03 29 15 32 | 04
#1582-d176 @A: 19 11 25 12 | 12
#1583-d176 @A: 19 22 12 17 | 01
#1584-d176 @A: 12 29 15 19 | 09
#1585-d176 @A: 14 31 04 19 | 08
#1586-d176 @A: 02 27 14 19 | 11
#1587-d176 @A: 26 19 20 17 | 10
#1588-d176 @A: 19 17 29 33 | 05
#1589-d176 @A: 25 21 19 10 | 03
#1590-d176 @A: 20 23 19 13 | 06
#1591-d176 @A: 35 13 19 18 | 07
#1592-d176 @A: 03 19 20 34 | 02
#1593-d176 @A: 23 30 19 05 | 04
#1594-d176 @A: 23 19 33 09 | 12
#1595-d176 @A: 19 02 24 03 | 01
#1596-d176 @A: 12 31 01 15 | 09
#1597-d176 @A: 12 17 25 26 | 08
#1598-d176 @A: 12 18 17 06 | 11
#1599-d176 @A: 07 12 35 26 | 10
#1600-d176 @A: 01 22 10 12 | 05
#1601-d176 @A: 10 12 04 27 | 03
#1602-d176 @A: 09 12 18 13 | 06
#1603-d176 @A: 20 12 26 34 | 07
#1604-d176 @A: 01 03 34 12 | 02
#1605-d176 @A: 12 23 16 26 | 04
#1606-d176 @A: 14 21 20 31 | 12
#1607-d176 @A: 31 26 11 07 | 01
#1608-d176 @A: 24 07 17 31 | 09
#1609-d176 @A: 18 07 03 31 | 08
#1610-d176 @A: 31 13 30 05 | 11
#1611-d176 @A: 03 21 31 30 | 10
#1612-d176 @A: 26 30 31 09 | 05
#1613-d176 @A: 35 31 26 29 | 03
#1614-d176 @A: 27 20 31 18 | 06
#1615-d176 @A: 05 03 24 31 | 07
#1616-d176 @A: 29 05 15 31 | 02
#1617-d176 @A: 02 29 27 31 | 04
#1618-d176 @A: 14 26 17 28 | 12
#1619-d176 @A: 07 14 18 04 | 01
#1620-d176 @A: 14 07 24 30 | 09
#1621-d176 @A: 10 14 29 21 | 08
#1622-d176 @A: 18 14 34 05 | 11
#1623-d176 @A: 04 09 14 20 | 10
#1624-d176 @A: 16 20 14 22 | 05
#1625-d176 @A: 30 35 14 28 | 03
#1626-d176 @A: 05 11 07 18 | 06
#1627-d176 @A: 11 30 23 07 | 07
#1628-d176 @A: 20 02 11 10 | 02
#1629-d176 @A: 10 15 11 18 | 04
#1630-d176 @A: 11 35 21 26 | 12
#1631-d176 @A: 15 26 11 16 | 01
#1632-d176 @A: 23 18 11 20 | 09
#1633-d176 @A: 16 30 11 20 | 08
#1634-d176 @A: 28 01 11 18 | 11
#1635-d176 @A: 11 23 33 03 | 10
#1636-d176 @A: 09 11 23 22 | 05
#1637-d176 @A: 02 05 15 11 | 03
#1638-d176 @A: 11 35 23 05 | 06
#1639-d176 @A: 35 10 07 17 | 07
#1640-d176 @A: 17 02 21 18 | 02
#1641-d176 @A: 35 09 17 34 | 04
#1642-d176 @A: 17 26 30 04 | 12
#1643-d176 @A: 25 17 16 26 | 01
#1644-d176 @A: 01 23 20 17 | 09
#1645-d176 @A: 29 17 01 05 | 08
#1646-d176 @A: 15 17 04 29 | 11
#1647-d176 @A: 25 13 07 23 | 10
#1648-d176 @A: 07 09 26 21 | 05
#1649-d176 @A: 34 02 07 01 | 03
#1650-d176 @A: 07 20 09 18 | 06
#1651-d176 @A: 24 01 09 07 | 07
#1652-d176 @A: 35 16 07 15 | 02
#1653-d176 @A: 06 07 23 03 | 04
#1654-d176 @A: 21 16 20 10 | 12
#1655-d176 @A: 21 33 30 10 | 01
#1656-d176 @A: 34 09 10 24 | 09
#1657-d176 @A: 05 10 04 28 | 08
#1658-d176 @A: 29 02 06 10 | 11
#1659-d176 @A: 21 13 01 27 | 10
#1660-d176 @A: 13 23 21 33 | 05
#1661-d176 @A: 21 13 02 28 | 03
#1662-d176 @A: 29 13 16 34 | 06
#1663-d176 @A: 20 01 13 02 | 07
#1664-d176 @A: 22 21 26 20 | 02
#1665-d176 @A: 09 21 29 33 | 04
#1666-d176 @A: 21 02 16 09 | 12
#1667-d176 @A: 27 04 02 21 | 01
#1668-d176 @A: 35 21 23 03 | 09
#1669-d176 @A: 20 18 25 34 | 08
#1670-d176 @A: 34 24 29 35 | 11
#1671-d176 @A: 22 23 03 34 | 10
#1672-d176 @A: 18 26 04 25 | 05
#1673-d176 @A: 27 26 23 33 | 03
#1674-d176 @A: 33 15 22 20 | 06
#1675-d176 @A: 09 25 20 06 | 07
#1676-d176 @A: 20 16 05 06 | 02
#1677-d176 @A: 15 06 20 24 | 04
#1678-d176 @A: 20 16 02 23 | 12
#1679-d176 @A: 03 27 06 20 | 01
#1680-d176 @A: 01 15 23 05 | 09
#1681-d176 @A: 01 05 04 06 | 08
#1682-d176 @A: 05 02 33 18 | 11
#1683-d176 @A: 35 24 23 18 | 10
#1684-d176 @A: 18 04 35 29 | 05
#1685-d176 @A: 04 29 30 24 | 03
#1686-d176 @A: 16 30 24 15 | 06
#1687-d176 @A: 28 27 03 30 | 07
#1688-d176 @A: 30 22 16 06 | 02
#1689-d176 @A: 25 16 35 23 | 04
