#0001-d237 @A: 21 16 25 04 | 11
#0002-d237 @A: 21 32 12 08 | 12
#0003-d237 @A: 21 08 25 31 | 09
#0004-d237 @A: 01 35 14 21 | 02
#0005-d237 @A: 21 35 18 03 | 06
#0006-d237 @A: 22 09 05 21 | 01
#0007-d237 @A: 23 18 05 21 | 07
#0008-d237 @A: 29 21 18 17 | 04
#0009-d237 @A: 10 23 21 32 | 03
#0010-d237 @A: 27 04 21 19 | 08
#0011-d237 @A: 25 18 02 21 | 10
#0012-d237 @A: 06 21 23 13 | 05
#0013-d237 @A: 11 21 29 13 | 11
#0014-d237 @A: 21 23 25 03 | 12
#0015-d237 @A: 27 16 08 02 | 09
#0016-d237 @A: 28 35 20 16 | 02
#0017-d237 @A: 20 19 13 16 | 06
#0018-d237 @A: 22 34 05 16 | 01
#0019-d237 @A: 16 01 03 04 | 07
#0020-d237 @A: 02 06 01 16 | 04
#0021-d237 @A: 32 30 02 16 | 03
#0022-d237 @A: 16 26 19 30 | 08
#0023-d237 @A: 16 15 04 30 | 10
#0024-d237 @A: 16 24 18 25 | 05
#0025-d237 @A: 25 16 06 03 | 11
#0026-d237 @A: 25 16 27 11 | 12
#0027-d237 @A: 12 11 15 16 | 09
#0028-d237 @A: 16 23 29 03 | 02
#0029-d237 @A: 35 29 19 08 | 06
#0030-d237 @A: 09 08 20 13 | 01
#0031-d237 @A: 05 12 08 01 | 07
#0032-d237 @A: 27 08 01 10 | 04
#0033-d237 @A: 29 32 08 04 | 03
#0034-d237 @A: 03 08 24 32 | 08
#0035-d237 @A: 08 23 09 18 | 10
#0036-d237 @A: 19 06 08 18 | 05
#0037-d237 @A: 24 33 06 08 | 11
#0038-d237 @A: 08 14 18 12 | 12
#0039-d237 @A: 07 11 08 10 | 09
#0040-d237 @A: 08 22 10 25 | 02
#0041-d237 @A: 08 23 30 22 | 06
#0042-d237 @A: 23 08 15 29 | 01
#0043-d237 @A: 35 27 20 33 | 07
#0044-d237 @A: 35 07 20 12 | 04
#0045-d237 @A: 35 07 33 05 | 03
#0046-d237 @A: 35 01 33 15 | 08
#0047-d237 @A: 34 32 22 35 | 10
#0048-d237 @A: 35 09 15 02 | 05
#0049-d237 @A: 35 04 24 22 | 11
#0050-d237 @A: 28 35 33 04 | 12
#0051-d237 @A: 14 29 30 35 | 09
#0052-d237 @A: 03 13 23 35 | 02
#0053-d237 @A: 11 20 05 09 | 06
#0054-d237 @A: 20 02 34 05 | 01
#0055-d237 @A: 09 29 17 20 | 07
#0056-d237 @A: 01 22 24 20 | 04
#0057-d237 @A: 18 01 29 20 | 03
#0058-d237 @A: 31 20 30 32 | 08
#0059-d237 @A: 07 20 31 09 | 10
#0060-d237 @A: 09 34 23 20 | 05
#0061-d237 @A: 04 29 20 19 | 11
#0062-d237 @A: 13 02 20 33 | 12
#0063-d237 @A: 11 20 23 07 | 09
#0064-d237 @A: 17 05 32 22 | 02
#0065-d237 @A: 17 12 05 31 | 06
#0066-d237 @A: 05 29 17 07 | 01
#0067-d237 @A: 32 03 31 05 | 07
#0068-d237 @A: 32 06 05 28 | 04
#0069-d237 @A: 10 05 23 26 | 03
#0070-d237 @A: 05 23 30 14 | 08
#0071-d237 @A: 05 13 14 26 | 10
#0072-d237 @A: 27 15 26 05 | 05
#0073-d237 @A: 31 01 28 17 | 11
#0074-d237 @A: 04 17 01 15 | 12
#0075-d237 @A: 10 25 01 17 | 09
#0076-d237 @A: 34 27 17 24 | 02
#0077-d237 @A: 24 04 28 17 | 06
#0078-d237 @A: 33 17 02 26 | 01
#0079-d237 @A: 23 27 07 17 | 07
#0080-d237 @A: 17 15 29 03 | 04
#0081-d237 @A: 01 32 22 09 | 03
#0082-d237 @A: 25 32 06 01 | 08
#0083-d237 @A: 09 01 18 12 | 10
#0084-d237 @A: 25 34 01 18 | 05
#0085-d237 @A: 23 06 19 01 | 11
#0086-d237 @A: 07 15 11 01 | 12
#0087-d237 @A: 01 27 28 22 | 09
#0088-d237 @A: 32 09 07 26 | 02
#0089-d237 @A: 02 32 03 34 | 06
#0090-d237 @A: 34 13 14 32 | 01
#0091-d237 @A: 25 13 04 32 | 07
#0092-d237 @A: 24 30 27 32 | 04
#0093-d237 @A: 11 10 12 32 | 03
#0094-d237 @A: 11 25 32 26 | 08
#0095-d237 @A: 23 03 30 32 | 10
#0096-d237 @A: 15 10 31 02 | 05
#0097-d237 @A: 24 31 33 28 | 11
#0098-d237 @A: 33 28 31 26 | 12
#0099-d237 @A: 25 23 31 10 | 09
#0100-d237 @A: 31 26 27 10 | 02
#0101-d237 @A: 29 23 06 31 | 06
#0102-d237 @A: 34 12 04 09 | 01
#0103-d237 @A: 18 14 09 34 | 07
#0104-d237 @A: 22 09 25 34 | 04
#0105-d237 @A: 15 28 09 11 | 03
#0106-d237 @A: 09 25 28 13 | 08
#0107-d237 @A: 09 03 27 29 | 10
#0108-d237 @A: 19 18 34 11 | 05
#0109-d237 @A: 34 04 18 22 | 11
#0110-d237 @A: 10 04 11 34 | 12
#0111-d237 @A: 24 12 25 34 | 09
#0112-d237 @A: 13 26 10 34 | 02
#0113-d237 @A: 06 26 34 25 | 06
#0114-d237 @A: 07 22 34 27 | 01
#0115-d237 @A: 22 12 15 34 | 07
#0116-d237 @A: 12 13 03 34 | 04
#0117-d237 @A: 24 19 04 14 | 03
#0118-d237 @A: 23 19 18 24 | 08
#0119-d237 @A: 23 19 22 12 | 10
#0120-d237 @A: 15 02 06 04 | 05
#0121-d237 @A: 04 27 07 02 | 11
#0122-d237 @A: 06 04 22 26 | 12
#0123-d237 @A: 27 11 13 04 | 09
#0124-d237 @A: 22 07 25 04 | 02
#0125-d237 @A: 04 30 29 25 | 06
#0126-d237 @A: 10 11 02 06 | 01
#0127-d237 @A: 26 06 13 02 | 07
#0128-d237 @A: 07 02 30 14 | 04
#0129-d237 @A: 03 07 24 10 | 03
#0130-d237 @A: 22 06 07 24 | 08
#0131-d237 @A: 15 30 10 18 | 10
#0132-d237 @A: 07 27 14 18 | 05
#0133-d237 @A: 12 33 11 06 | 11
#0134-d237 @A: 11 15 03 33 | 12
#0135-d237 @A: 23 25 33 15 | 09
#0136-d237 @A: 10 26 28 25 | 02
#0137-d237 @A: 21 13 16 08 | 06
#0138-d237 @A: 29 21 16 19 | 01
#0139-d237 @A: 21 16 02 07 | 07
#0140-d237 @A: 16 15 21 14 | 04
#0141-d237 @A: 22 08 21 24 | 03
#0142-d237 @A: 21 25 35 05 | 08
#0143-d237 @A: 20 32 13 21 | 10
#0144-d237 @A: 18 20 21 14 | 05
#0145-d237 @A: 05 06 31 21 | 11
#0146-d237 @A: 26 05 12 21 | 12
#0147-d237 @A: 21 15 31 17 | 09
#0148-d237 @A: 13 17 19 21 | 02
#0149-d237 @A: 18 15 21 01 | 06
#0150-d237 @A: 06 21 32 19 | 01
#0151-d237 @A: 31 12 18 21 | 07
#0152-d237 @A: 18 11 09 21 | 04
#0153-d237 @A: 19 22 21 18 | 03
#0154-d237 @A: 10 16 08 35 | 08
#0155-d237 @A: 17 16 29 08 | 10
#0156-d237 @A: 09 12 16 08 | 05
#0157-d237 @A: 34 08 16 03 | 11
#0158-d237 @A: 01 05 16 13 | 12
#0159-d237 @A: 16 18 26 05 | 09
#0160-d237 @A: 24 16 17 09 | 02
#0161-d237 @A: 04 12 16 17 | 06
#0162-d237 @A: 17 16 28 02 | 01
#0163-d237 @A: 17 30 16 33 | 07
#0164-d237 @A: 31 16 25 32 | 04
#0165-d237 @A: 16 09 32 06 | 03
#0166-d237 @A: 33 12 31 16 | 08
#0167-d237 @A: 16 13 34 24 | 10
#0168-d237 @A: 29 28 34 16 | 05
#0169-d237 @A: 19 16 15 33 | 11
#0170-d237 @A: 16 06 33 27 | 12
#0171-d237 @A: 16 10 22 30 | 09
#0172-d237 @A: 22 06 23 16 | 02
#0173-d237 @A: 06 16 13 15 | 06
#0174-d237 @A: 16 07 11 03 | 01
#0175-d237 @A: 30 07 29 16 | 07
#0176-d237 @A: 12 35 08 17 | 04
#0177-d237 @A: 08 35 07 32 | 03
#0178-d237 @A: 08 02 20 14 | 08
#0179-d237 @A: 08 04 06 05 | 10
#0180-d237 @A: 23 08 31 17 | 05
#0181-d237 @A: 18 08 22 01 | 11
#0182-d237 @A: 02 32 08 26 | 12
#0183-d237 @A: 31 15 33 08 | 09
#0184-d237 @A: 09 08 02 03 | 02
#0185-d237 @A: 18 30 08 34 | 06
#0186-d237 @A: 04 08 11 24 | 01
#0187-d237 @A: 30 06 13 08 | 07
#0188-d237 @A: 15 27 08 11 | 04
#0189-d237 @A: 32 05 35 13 | 03
#0190-d237 @A: 26 24 35 17 | 08
#0191-d237 @A: 17 35 10 18 | 10
#0192-d237 @A: 35 01 22 10 | 05
#0193-d237 @A: 35 01 06 13 | 11
#0194-d237 @A: 23 01 35 27 | 12
#0195-d237 @A: 09 35 19 32 | 09
#0196-d237 @A: 29 32 26 35 | 02
#0197-d237 @A: 35 27 18 34 | 06
#0198-d237 @A: 04 19 35 02 | 01
#0199-d237 @A: 30 13 35 04 | 07
#0200-d237 @A: 27 35 24 03 | 04
#0201-d237 @A: 35 18 11 28 | 03
#0202-d237 @A: 35 06 14 23 | 08
#0203-d237 @A: 06 27 25 35 | 10
#0204-d237 @A: 06 15 35 12 | 05
#0205-d237 @A: 35 12 14 03 | 11
#0206-d237 @A: 28 22 23 35 | 12
#0207-d237 @A: 05 06 18 20 | 09
#0208-d237 @A: 05 15 30 20 | 02
#0209-d237 @A: 20 01 11 26 | 06
#0210-d237 @A: 09 20 24 28 | 01
#0211-d237 @A: 22 18 20 09 | 07
#0212-d237 @A: 30 19 20 34 | 04
#0213-d237 @A: 10 14 29 20 | 03
#0214-d237 @A: 20 23 10 03 | 08
#0215-d237 @A: 12 20 14 25 | 10
#0216-d237 @A: 22 03 13 20 | 05
#0217-d237 @A: 26 17 32 05 | 11
#0218-d237 @A: 17 33 28 05 | 12
#0219-d237 @A: 12 34 05 11 | 09
#0220-d237 @A: 05 19 02 22 | 02
#0221-d237 @A: 05 14 19 18 | 06
#0222-d237 @A: 04 24 05 26 | 01
#0223-d237 @A: 22 05 33 23 | 07
#0224-d237 @A: 01 17 14 33 | 04
#0225-d237 @A: 17 31 24 14 | 03
#0226-d237 @A: 25 26 09 17 | 08
#0227-d237 @A: 25 11 06 17 | 10
#0228-d237 @A: 12 13 17 06 | 05
#0229-d237 @A: 17 07 22 14 | 11
#0230-d237 @A: 11 17 27 28 | 12
#0231-d237 @A: 25 17 22 29 | 09
#0232-d237 @A: 32 01 18 13 | 02
#0233-d237 @A: 01 07 34 02 | 06
#0234-d237 @A: 30 19 29 01 | 01
#0235-d237 @A: 04 27 01 25 | 07
#0236-d237 @A: 07 24 33 01 | 04
#0237-d237 @A: 01 30 12 14 | 03
#0238-d237 @A: 32 09 28 33 | 08
#0239-d237 @A: 32 06 10 13 | 10
#0240-d237 @A: 32 15 07 06 | 05
#0241-d237 @A: 34 13 31 09 | 11
#0242-d237 @A: 31 25 34 04 | 12
#0243-d237 @A: 34 31 26 02 | 09
#0244-d237 @A: 07 31 22 30 | 02
#0245-d237 @A: 26 13 07 31 | 06
#0246-d237 @A: 34 28 09 02 | 01
#0247-d237 @A: 09 34 15 24 | 07
#0248-d237 @A: 14 09 22 19 | 04
#0249-d237 @A: 34 02 10 18 | 03
#0250-d237 @A: 15 13 27 34 | 08
#0251-d237 @A: 19 04 22 11 | 10
#0252-d237 @A: 19 11 14 30 | 05
#0253-d237 @A: 18 33 02 04 | 11
#0254-d237 @A: 04 07 30 24 | 12
#0255-d237 @A: 14 11 04 03 | 09
#0256-d237 @A: 04 14 29 28 | 02
#0257-d237 @A: 30 04 28 11 | 06
#0258-d237 @A: 13 04 29 15 | 01
#0259-d237 @A: 28 02 06 27 | 07
#0260-d237 @A: 02 03 06 13 | 04
#0261-d237 @A: 15 02 11 29 | 03
#0262-d237 @A: 12 13 23 02 | 08
#0263-d237 @A: 23 24 06 10 | 10
#0264-d237 @A: 15 28 25 24 | 05
#0265-d237 @A: 24 12 26 27 | 11
#0266-d237 @A: 12 13 28 24 | 12
#0267-d237 @A: 18 27 10 11 | 09
#0268-d237 @A: 18 26 15 07 | 02
#0269-d237 @A: 28 26 29 18 | 06
#0270-d237 @A: 33 10 15 26 | 01
#0271-d237 @A: 03 33 23 06 | 07
#0272-d237 @A: 14 33 27 25 | 04
#0273-d237 @A: 28 15 33 22 | 03
#0274-d237 @A: 12 13 27 33 | 08
#0275-d237 @A: 29 13 33 07 | 10
#0276-d237 @A: 26 14 10 30 | 05
#0277-d237 @A: 30 27 26 25 | 11
#0278-d237 @A: 21 26 06 16 | 12
#0279-d237 @A: 20 08 21 23 | 09
#0280-d237 @A: 21 09 10 17 | 02
#0281-d237 @A: 21 25 01 26 | 06
#0282-d237 @A: 31 22 32 21 | 01
#0283-d237 @A: 09 33 26 21 | 07
#0284-d237 @A: 24 11 21 19 | 04
#0285-d237 @A: 33 24 21 14 | 03
#0286-d237 @A: 29 21 25 10 | 08
#0287-d237 @A: 10 27 21 22 | 10
#0288-d237 @A: 03 21 10 30 | 05
#0289-d237 @A: 21 12 23 11 | 11
#0290-d237 @A: 21 29 12 27 | 12
#0291-d237 @A: 16 35 30 23 | 09
#0292-d237 @A: 28 03 05 16 | 02
#0293-d237 @A: 07 26 17 16 | 06
#0294-d237 @A: 32 33 10 16 | 01
#0295-d237 @A: 16 34 31 14 | 07
#0296-d237 @A: 07 19 31 16 | 04
#0297-d237 @A: 30 19 16 09 | 03
#0298-d237 @A: 19 03 18 16 | 08
#0299-d237 @A: 16 04 18 23 | 10
#0300-d237 @A: 16 14 28 24 | 05
#0301-d237 @A: 12 16 24 03 | 11
#0302-d237 @A: 16 06 18 10 | 12
#0303-d237 @A: 16 10 11 28 | 09
#0304-d237 @A: 10 27 07 16 | 02
#0305-d237 @A: 35 08 28 09 | 06
#0306-d237 @A: 05 08 29 20 | 01
#0307-d237 @A: 19 31 08 20 | 07
#0308-d237 @A: 03 08 18 20 | 04
#0309-d237 @A: 26 05 01 08 | 03
#0310-d237 @A: 08 33 17 25 | 08
#0311-d237 @A: 08 26 06 17 | 10
#0312-d237 @A: 24 08 34 01 | 05
#0313-d237 @A: 33 30 08 09 | 11
#0314-d237 @A: 28 34 04 08 | 12
#0315-d237 @A: 34 29 10 08 | 09
#0316-d237 @A: 19 02 28 08 | 02
#0317-d237 @A: 27 29 06 08 | 06
#0318-d237 @A: 29 14 25 08 | 01
#0319-d237 @A: 29 08 30 11 | 07
#0320-d237 @A: 03 27 23 08 | 04
#0321-d237 @A: 30 12 08 15 | 03
#0322-d237 @A: 35 34 05 06 | 08
#0323-d237 @A: 14 05 35 02 | 10
#0324-d237 @A: 28 17 35 34 | 05
#0325-d237 @A: 17 35 07 03 | 11
#0326-d237 @A: 35 33 34 12 | 12
#0327-d237 @A: 07 02 24 35 | 09
#0328-d237 @A: 35 12 18 24 | 02
#0329-d237 @A: 35 18 26 13 | 06
#0330-d237 @A: 06 07 35 11 | 01
#0331-d237 @A: 35 13 15 11 | 07
#0332-d237 @A: 22 29 35 07 | 04
#0333-d237 @A: 26 35 07 27 | 03
#0334-d237 @A: 29 27 35 28 | 08
#0335-d237 @A: 12 30 28 35 | 10
#0336-d237 @A: 35 03 28 15 | 05
#0337-d237 @A: 35 28 26 15 | 11
#0338-d237 @A: 26 20 27 17 | 12
#0339-d237 @A: 01 14 20 07 | 09
#0340-d237 @A: 26 04 20 31 | 02
#0341-d237 @A: 20 25 13 10 | 06
#0342-d237 @A: 20 25 15 27 | 01
#0343-d237 @A: 04 05 01 22 | 07
#0344-d237 @A: 33 31 29 05 | 04
#0345-d237 @A: 05 09 29 19 | 03
#0346-d237 @A: 07 19 05 28 | 08
#0347-d237 @A: 02 23 04 05 | 10
#0348-d237 @A: 04 05 33 15 | 05
#0349-d237 @A: 27 07 11 05 | 11
#0350-d237 @A: 11 23 05 28 | 12
#0351-d237 @A: 23 05 12 29 | 09
#0352-d237 @A: 17 01 03 09 | 02
#0353-d237 @A: 12 17 01 02 | 06
#0354-d237 @A: 17 01 11 13 | 01
#0355-d237 @A: 32 19 17 15 | 07
#0356-d237 @A: 25 17 32 12 | 04
#0357-d237 @A: 18 13 17 31 | 03
#0358-d237 @A: 06 09 17 04 | 08
#0359-d237 @A: 09 14 28 17 | 10
#0360-d237 @A: 17 14 10 34 | 05
#0361-d237 @A: 17 14 06 29 | 11
#0362-d237 @A: 14 26 23 17 | 12
#0363-d237 @A: 29 30 27 17 | 09
#0364-d237 @A: 13 09 19 01 | 02
#0365-d237 @A: 01 22 02 25 | 06
#0366-d237 @A: 30 10 06 01 | 01
#0367-d237 @A: 23 01 10 29 | 07
#0368-d237 @A: 13 10 01 28 | 04
#0369-d237 @A: 04 32 31 09 | 03
#0370-d237 @A: 32 34 28 31 | 08
#0371-d237 @A: 19 04 32 30 | 10
#0372-d237 @A: 19 32 14 33 | 05
#0373-d237 @A: 24 06 11 32 | 11
#0374-d237 @A: 32 22 18 23 | 12
#0375-d237 @A: 32 14 03 27 | 09
#0376-d237 @A: 14 12 32 07 | 02
#0377-d237 @A: 32 13 15 23 | 06
#0378-d237 @A: 31 34 19 23 | 01
#0379-d237 @A: 31 19 30 18 | 07
#0380-d237 @A: 02 33 07 31 | 04
#0381-d237 @A: 22 02 06 31 | 03
#0382-d237 @A: 31 15 06 25 | 08
#0383-d237 @A: 09 02 19 27 | 10
#0384-d237 @A: 09 19 07 24 | 05
#0385-d237 @A: 02 09 14 06 | 11
#0386-d237 @A: 11 34 33 24 | 12
#0387-d237 @A: 34 23 13 29 | 09
#0388-d237 @A: 18 15 19 04 | 02
#0389-d237 @A: 15 04 26 19 | 06
#0390-d237 @A: 12 19 02 18 | 01
#0391-d237 @A: 26 24 19 33 | 07
#0392-d237 @A: 10 28 25 19 | 04
#0393-d237 @A: 14 27 06 19 | 03
#0394-d237 @A: 06 28 19 15 | 08
#0395-d237 @A: 03 19 11 25 | 10
#0396-d237 @A: 19 29 13 22 | 05
#0397-d237 @A: 29 15 27 19 | 11
#0398-d237 @A: 07 23 19 29 | 12
#0399-d237 @A: 18 12 29 04 | 09
#0400-d237 @A: 12 04 23 10 | 02
#0401-d237 @A: 04 23 07 14 | 06
#0402-d237 @A: 22 27 03 04 | 01
#0403-d237 @A: 29 04 22 26 | 07
#0404-d237 @A: 04 12 03 30 | 04
#0405-d237 @A: 13 04 23 28 | 03
#0406-d237 @A: 14 02 15 22 | 08
#0407-d237 @A: 03 25 02 12 | 10
#0408-d237 @A: 30 29 02 03 | 05
#0409-d237 @A: 14 24 13 03 | 11
#0410-d237 @A: 18 33 27 15 | 12
#0411-d237 @A: 10 29 18 22 | 09
#0412-d237 @A: 03 18 23 11 | 02
#0413-d237 @A: 18 23 29 27 | 06
#0414-d237 @A: 23 30 18 13 | 01
#0415-d237 @A: 03 29 22 33 | 07
#0416-d237 @A: 06 17 21 16 | 04
#0417-d237 @A: 21 08 11 05 | 03
#0418-d237 @A: 17 01 21 08 | 08
#0419-d237 @A: 08 18 27 21 | 10
#0420-d237 @A: 30 08 07 21 | 05
#0421-d237 @A: 21 35 09 07 | 11
#0422-d237 @A: 20 02 21 17 | 12
#0423-d237 @A: 20 26 19 21 | 09
#0424-d237 @A: 33 21 05 13 | 02
#0425-d237 @A: 21 19 25 01 | 06
#0426-d237 @A: 03 32 21 29 | 01
#0427-d237 @A: 21 14 31 19 | 07
#0428-d237 @A: 21 28 24 27 | 04
#0429-d237 @A: 33 10 21 06 | 03
#0430-d237 @A: 28 11 21 06 | 08
#0431-d237 @A: 22 25 14 21 | 10
#0432-d237 @A: 23 07 21 22 | 05
#0433-d237 @A: 20 16 25 09 | 11
#0434-d237 @A: 16 12 18 05 | 12
#0435-d237 @A: 05 14 16 33 | 09
#0436-d237 @A: 16 13 03 17 | 02
#0437-d237 @A: 09 28 01 16 | 06
#0438-d237 @A: 16 01 23 34 | 01
#0439-d237 @A: 03 09 16 31 | 07
#0440-d237 @A: 19 10 16 34 | 04
#0441-d237 @A: 34 02 15 16 | 03
#0442-d237 @A: 34 16 18 33 | 08
#0443-d237 @A: 12 30 34 16 | 10
#0444-d237 @A: 19 16 02 11 | 05
#0445-d237 @A: 27 29 14 16 | 11
#0446-d237 @A: 28 16 22 25 | 12
#0447-d237 @A: 27 08 17 04 | 09
#0448-d237 @A: 08 32 10 09 | 02
#0449-d237 @A: 08 12 31 34 | 06
#0450-d237 @A: 08 18 10 31 | 01
#0451-d237 @A: 26 25 19 08 | 07
#0452-d237 @A: 04 08 18 13 | 04
#0453-d237 @A: 18 11 02 08 | 03
#0454-d237 @A: 27 22 08 14 | 08
#0455-d237 @A: 27 04 05 35 | 10
#0456-d237 @A: 18 05 35 30 | 05
#0457-d237 @A: 12 01 04 35 | 11
#0458-d237 @A: 32 31 35 10 | 12
#0459-d237 @A: 04 11 31 35 | 09
#0460-d237 @A: 18 25 35 31 | 02
#0461-d237 @A: 35 31 14 33 | 06
#0462-d237 @A: 23 35 15 19 | 01
#0463-d237 @A: 07 10 14 35 | 07
#0464-d237 @A: 14 28 35 25 | 04
#0465-d237 @A: 11 27 22 35 | 03
#0466-d237 @A: 13 12 25 35 | 08
#0467-d237 @A: 17 05 13 20 | 10
#0468-d237 @A: 20 25 05 32 | 05
#0469-d237 @A: 05 31 14 20 | 11
#0470-d237 @A: 20 28 05 04 | 12
#0471-d237 @A: 20 31 17 06 | 09
#0472-d237 @A: 12 20 31 04 | 02
#0473-d237 @A: 10 27 02 20 | 06
#0474-d237 @A: 20 28 30 25 | 01
#0475-d237 @A: 29 20 27 22 | 07
#0476-d237 @A: 01 05 06 17 | 04
#0477-d237 @A: 05 17 25 18 | 03
#0478-d237 @A: 17 10 05 30 | 08
#0479-d237 @A: 25 09 31 05 | 10
#0480-d237 @A: 24 23 31 05 | 05
#0481-d237 @A: 28 25 34 05 | 11
#0482-d237 @A: 05 11 19 15 | 12
#0483-d237 @A: 24 30 02 05 | 09
#0484-d237 @A: 12 14 06 05 | 02
#0485-d237 @A: 30 28 05 27 | 06
#0486-d237 @A: 12 03 05 27 | 01
#0487-d237 @A: 23 05 15 03 | 07
#0488-d237 @A: 30 01 24 17 | 04
#0489-d237 @A: 17 32 09 23 | 03
#0490-d237 @A: 04 31 29 17 | 08
#0491-d237 @A: 28 06 23 17 | 10
#0492-d237 @A: 26 17 12 29 | 05
#0493-d237 @A: 23 01 31 32 | 11
#0494-d237 @A: 01 29 32 24 | 12
#0495-d237 @A: 31 01 18 06 | 09
#0496-d237 @A: 10 12 01 34 | 02
#0497-d237 @A: 33 01 04 29 | 06
#0498-d237 @A: 02 24 01 03 | 01
#0499-d237 @A: 27 14 01 24 | 07
#0500-d237 @A: 33 28 01 30 | 04
#0501-d237 @A: 11 12 01 28 | 03
#0502-d237 @A: 25 28 01 07 | 08
#0503-d237 @A: 30 13 01 22 | 10
#0504-d237 @A: 26 01 22 13 | 05
#0505-d237 @A: 28 23 15 01 | 11
#0506-d237 @A: 13 03 15 01 | 12
#0507-d237 @A: 26 32 34 24 | 09
#0508-d237 @A: 25 03 32 10 | 02
#0509-d237 @A: 27 13 22 32 | 06
#0510-d237 @A: 32 28 03 07 | 01
#0511-d237 @A: 23 33 31 09 | 07
#0512-d237 @A: 12 09 06 31 | 04
#0513-d237 @A: 33 25 19 31 | 03
#0514-d237 @A: 28 19 31 22 | 08
#0515-d237 @A: 27 18 04 31 | 10
#0516-d237 @A: 13 31 27 02 | 05
#0517-d237 @A: 29 24 27 31 | 11
#0518-d237 @A: 31 26 30 24 | 12
#0519-d237 @A: 31 28 27 10 | 09
#0520-d237 @A: 28 31 13 14 | 02
#0521-d237 @A: 11 03 31 28 | 06
#0522-d237 @A: 15 13 31 30 | 01
#0523-d237 @A: 31 26 03 29 | 07
#0524-d237 @A: 09 19 11 33 | 04
#0525-d237 @A: 04 09 22 30 | 03
#0526-d237 @A: 02 18 29 09 | 08
#0527-d237 @A: 24 23 29 09 | 10
#0528-d237 @A: 14 30 10 09 | 05
#0529-d237 @A: 06 09 26 03 | 11
#0530-d237 @A: 19 04 34 07 | 12
#0531-d237 @A: 04 26 34 07 | 09
#0532-d237 @A: 14 34 06 25 | 02
#0533-d237 @A: 29 06 34 30 | 06
#0534-d237 @A: 11 07 34 14 | 01
#0535-d237 @A: 14 15 03 34 | 07
#0536-d237 @A: 29 13 26 34 | 04
#0537-d237 @A: 19 10 02 14 | 03
#0538-d237 @A: 02 19 03 15 | 08
#0539-d237 @A: 33 19 12 29 | 10
#0540-d237 @A: 12 06 19 03 | 05
#0541-d237 @A: 29 11 28 19 | 11
#0542-d237 @A: 28 30 19 03 | 12
#0543-d237 @A: 04 28 02 12 | 09
#0544-d237 @A: 10 13 14 04 | 02
#0545-d237 @A: 29 06 04 11 | 06
#0546-d237 @A: 26 14 04 25 | 01
#0547-d237 @A: 12 04 11 25 | 07
#0548-d237 @A: 07 29 04 03 | 04
#0549-d237 @A: 07 06 12 02 | 03
#0550-d237 @A: 03 02 14 28 | 08
#0551-d237 @A: 14 29 12 02 | 10
#0552-d237 @A: 02 13 07 11 | 05
#0553-d237 @A: 12 02 26 11 | 11
#0554-d237 @A: 11 33 14 18 | 12
#0555-d237 @A: 18 22 06 25 | 09
#0556-d237 @A: 22 18 30 11 | 02
#0557-d237 @A: 25 15 18 12 | 06
#0558-d237 @A: 26 27 23 18 | 01
#0559-d237 @A: 11 33 13 26 | 07
#0560-d237 @A: 26 06 15 12 | 04
#0561-d237 @A: 20 16 12 21 | 03
#0562-d237 @A: 03 33 21 16 | 08
#0563-d237 @A: 29 21 33 08 | 10
#0564-d237 @A: 21 35 32 28 | 05
#0565-d237 @A: 21 20 19 10 | 11
#0566-d237 @A: 05 12 21 04 | 12
#0567-d237 @A: 21 05 14 07 | 09
#0568-d237 @A: 17 22 04 21 | 02
#0569-d237 @A: 21 32 24 34 | 06
#0570-d237 @A: 26 21 32 30 | 01
#0571-d237 @A: 31 26 11 21 | 07
#0572-d237 @A: 23 34 21 33 | 04
#0573-d237 @A: 25 34 21 27 | 03
#0574-d237 @A: 21 02 23 19 | 08
#0575-d237 @A: 24 15 21 04 | 10
#0576-d237 @A: 10 18 13 21 | 05
#0577-d237 @A: 11 10 14 21 | 11
#0578-d237 @A: 06 21 14 03 | 12
#0579-d237 @A: 13 21 26 15 | 09
#0580-d237 @A: 07 21 29 28 | 02
#0581-d237 @A: 23 08 05 16 | 06
#0582-d237 @A: 16 20 03 02 | 01
#0583-d237 @A: 33 23 16 20 | 07
#0584-d237 @A: 17 05 16 27 | 04
#0585-d237 @A: 11 29 05 16 | 03
#0586-d237 @A: 16 10 26 17 | 08
#0587-d237 @A: 16 22 01 33 | 10
#0588-d237 @A: 16 13 09 04 | 05
#0589-d237 @A: 16 18 09 27 | 11
#0590-d237 @A: 23 10 13 16 | 12
#0591-d237 @A: 14 30 13 16 | 09
#0592-d237 @A: 16 28 12 07 | 02
#0593-d237 @A: 35 27 08 13 | 06
#0594-d237 @A: 05 33 08 10 | 01
#0595-d237 @A: 34 17 08 11 | 07
#0596-d237 @A: 14 09 08 24 | 04
#0597-d237 @A: 06 09 25 08 | 03
#0598-d237 @A: 12 08 26 34 | 08
#0599-d237 @A: 30 08 10 04 | 10
#0600-d237 @A: 24 26 08 29 | 05
#0601-d237 @A: 03 28 08 22 | 11
#0602-d237 @A: 17 22 31 35 | 12
#0603-d237 @A: 09 17 13 35 | 09
#0604-d237 @A: 35 17 30 19 | 02
#0605-d237 @A: 23 04 35 32 | 06
#0606-d237 @A: 19 03 35 31 | 01
#0607-d237 @A: 09 35 34 30 | 07
#0608-d237 @A: 35 19 14 34 | 04
#0609-d237 @A: 26 11 35 34 | 03
#0610-d237 @A: 19 35 33 10 | 08
#0611-d237 @A: 03 35 26 04 | 10
#0612-d237 @A: 15 10 25 35 | 05
#0613-d237 @A: 14 15 27 35 | 11
#0614-d237 @A: 30 25 35 22 | 12
#0615-d237 @A: 09 01 15 20 | 09
#0616-d237 @A: 01 20 02 19 | 02
#0617-d237 @A: 24 07 32 20 | 06
#0618-d237 @A: 31 02 20 28 | 01
#0619-d237 @A: 31 20 24 11 | 07
#0620-d237 @A: 02 20 30 09 | 04
#0621-d237 @A: 15 20 26 09 | 03
#0622-d237 @A: 24 34 20 04 | 08
#0623-d237 @A: 18 13 20 34 | 10
#0624-d237 @A: 20 34 33 28 | 05
#0625-d237 @A: 04 23 20 27 | 11
#0626-d237 @A: 33 24 30 20 | 12
#0627-d237 @A: 20 23 14 24 | 09
#0628-d237 @A: 06 11 27 20 | 02
#0629-d237 @A: 13 11 30 20 | 06
#0630-d237 @A: 03 20 29 11 | 01
#0631-d237 @A: 20 23 26 07 | 07
#0632-d237 @A: 01 27 05 19 | 04
#0633-d237 @A: 05 24 01 28 | 03
#0634-d237 @A: 05 13 18 09 | 08
#0635-d237 @A: 28 09 10 05 | 10
#0636-d237 @A: 14 34 29 05 | 05
#0637-d237 @A: 26 29 19 05 | 11
#0638-d237 @A: 11 04 05 18 | 12
#0639-d237 @A: 05 02 06 29 | 09
#0640-d237 @A: 05 13 22 24 | 02
#0641-d237 @A: 27 22 05 18 | 06
#0642-d237 @A: 14 10 05 27 | 01
#0643-d237 @A: 03 05 14 22 | 07
#0644-d237 @A: 12 30 05 13 | 04
#0645-d237 @A: 26 03 05 07 | 03
#0646-d237 @A: 19 17 01 22 | 08
#0647-d237 @A: 02 19 06 17 | 10
#0648-d237 @A: 17 03 28 10 | 05
#0649-d237 @A: 06 15 22 17 | 11
#0650-d237 @A: 30 25 15 17 | 12
#0651-d237 @A: 07 31 26 01 | 09
#0652-d237 @A: 07 04 01 09 | 02
#0653-d237 @A: 13 01 02 14 | 06
#0654-d237 @A: 11 01 24 18 | 01
#0655-d237 @A: 11 22 01 06 | 07
#0656-d237 @A: 29 01 07 06 | 04
#0657-d237 @A: 01 26 03 14 | 03
#0658-d237 @A: 07 27 01 12 | 08
#0659-d237 @A: 31 32 11 18 | 10
#0660-d237 @A: 32 02 04 22 | 05
#0661-d237 @A: 18 24 32 10 | 11
#0662-d237 @A: 26 32 14 06 | 12
#0663-d237 @A: 14 22 32 30 | 09
#0664-d237 @A: 31 15 09 19 | 02
#0665-d237 @A: 06 24 34 31 | 06
#0666-d237 @A: 33 22 31 04 | 01
#0667-d237 @A: 31 27 30 06 | 07
#0668-d237 @A: 29 31 28 30 | 04
#0669-d237 @A: 09 19 26 27 | 03
#0670-d237 @A: 09 11 10 25 | 08
#0671-d237 @A: 06 07 23 09 | 10
#0672-d237 @A: 06 09 28 29 | 05
#0673-d237 @A: 14 12 15 09 | 11
#0674-d237 @A: 25 27 30 09 | 12
#0675-d237 @A: 25 07 29 09 | 09
#0676-d237 @A: 29 09 26 23 | 02
#0677-d237 @A: 23 02 34 24 | 06
#0678-d237 @A: 14 02 34 33 | 01
#0679-d237 @A: 34 23 10 22 | 07
#0680-d237 @A: 11 34 30 15 | 04
#0681-d237 @A: 23 33 04 19 | 03
#0682-d237 @A: 19 29 06 10 | 08
#0683-d237 @A: 12 27 10 19 | 10
#0684-d237 @A: 19 29 14 03 | 05
#0685-d237 @A: 19 27 22 25 | 11
#0686-d237 @A: 27 02 26 04 | 12
#0687-d237 @A: 23 30 06 04 | 09
#0688-d237 @A: 15 04 07 12 | 02
#0689-d237 @A: 29 07 02 10 | 06
#0690-d237 @A: 11 23 22 02 | 01
#0691-d237 @A: 15 25 13 02 | 07
#0692-d237 @A: 02 15 23 30 | 04
#0693-d237 @A: 11 24 14 22 | 03
#0694-d237 @A: 24 26 11 28 | 08
#0695-d237 @A: 23 27 22 24 | 10
#0696-d237 @A: 15 29 24 12 | 05
#0697-d237 @A: 18 25 10 14 | 11
#0698-d237 @A: 11 18 13 12 | 12
#0699-d237 @A: 18 22 15 03 | 09
#0700-d237 @A: 33 06 30 22 | 02
#0701-d237 @A: 29 14 23 33 | 06
#0702-d237 @A: 14 07 33 28 | 01
#0703-d237 @A: 12 14 28 26 | 07
#0704-d237 @A: 16 28 21 18 | 04
#0705-d237 @A: 08 02 10 21 | 03
#0706-d237 @A: 21 13 35 31 | 08
#0707-d237 @A: 21 10 35 04 | 10
#0708-d237 @A: 21 22 33 35 | 05
#0709-d237 @A: 35 21 23 26 | 11
#0710-d237 @A: 21 20 09 06 | 12
#0711-d237 @A: 30 21 19 05 | 09
#0712-d237 @A: 28 21 17 25 | 02
#0713-d237 @A: 01 24 23 21 | 06
#0714-d237 @A: 21 31 30 34 | 01
#0715-d237 @A: 09 25 21 33 | 07
#0716-d237 @A: 21 04 30 33 | 04
#0717-d237 @A: 24 06 02 21 | 03
#0718-d237 @A: 18 26 21 02 | 08
#0719-d237 @A: 24 26 07 21 | 10
#0720-d237 @A: 28 10 21 12 | 05
#0721-d237 @A: 27 21 15 23 | 11
#0722-d237 @A: 15 21 12 03 | 12
#0723-d237 @A: 16 24 07 08 | 09
#0724-d237 @A: 17 35 16 15 | 02
#0725-d237 @A: 35 16 11 32 | 06
#0726-d237 @A: 16 14 35 09 | 01
#0727-d237 @A: 35 16 07 04 | 07
#0728-d237 @A: 16 22 35 03 | 04
#0729-d237 @A: 26 16 01 34 | 03
#0730-d237 @A: 09 10 02 16 | 08
#0731-d237 @A: 33 09 16 07 | 10
#0732-d237 @A: 06 16 34 07 | 05
#0733-d237 @A: 16 24 02 22 | 11
#0734-d237 @A: 24 29 16 33 | 12
#0735-d237 @A: 16 23 24 26 | 09
#0736-d237 @A: 03 14 16 10 | 02
#0737-d237 @A: 16 25 12 10 | 06
#0738-d237 @A: 25 13 29 16 | 01
#0739-d237 @A: 08 35 22 15 | 07
#0740-d237 @A: 20 26 08 14 | 04
#0741-d237 @A: 17 14 08 05 | 03
#0742-d237 @A: 08 09 05 07 | 08
#0743-d237 @A: 08 03 17 19 | 10
#0744-d237 @A: 17 10 24 08 | 05
#0745-d237 @A: 33 08 01 23 | 11
#0746-d237 @A: 08 33 13 32 | 12
#0747-d237 @A: 14 08 04 31 | 09
#0748-d237 @A: 09 08 27 34 | 02
#0749-d237 @A: 15 04 08 09 | 06
#0750-d237 @A: 30 08 24 19 | 01
#0751-d237 @A: 07 06 08 14 | 07
#0752-d237 @A: 08 23 06 11 | 04
#0753-d237 @A: 13 15 08 14 | 03
#0754-d237 @A: 08 25 11 28 | 08
#0755-d237 @A: 08 28 12 29 | 10
#0756-d237 @A: 20 31 01 35 | 05
#0757-d237 @A: 18 23 20 35 | 11
#0758-d237 @A: 05 35 31 28 | 12
#0759-d237 @A: 17 04 25 35 | 09
#0760-d237 @A: 32 24 35 14 | 02
#0761-d237 @A: 15 35 32 18 | 06
#0762-d237 @A: 31 29 35 15 | 01
#0763-d237 @A: 02 13 34 35 | 07
#0764-d237 @A: 24 28 19 35 | 04
#0765-d237 @A: 33 25 11 35 | 03
#0766-d237 @A: 14 13 35 22 | 08
#0767-d237 @A: 05 34 20 26 | 10
#0768-d237 @A: 20 24 10 05 | 05
#0769-d237 @A: 17 18 12 20 | 11
#0770-d237 @A: 20 06 34 01 | 12
#0771-d237 @A: 32 26 20 12 | 09
#0772-d237 @A: 20 24 06 19 | 02
#0773-d237 @A: 33 29 20 25 | 06
#0774-d237 @A: 15 20 06 03 | 01
#0775-d237 @A: 25 20 23 22 | 07
#0776-d237 @A: 07 29 20 15 | 04
#0777-d237 @A: 05 09 17 34 | 03
#0778-d237 @A: 05 31 01 07 | 08
#0779-d237 @A: 02 27 32 05 | 10
#0780-d237 @A: 05 24 07 34 | 05
#0781-d237 @A: 33 19 06 05 | 11
#0782-d237 @A: 05 02 18 07 | 12
#0783-d237 @A: 05 33 24 18 | 09
#0784-d237 @A: 03 05 29 10 | 02
#0785-d237 @A: 04 19 10 17 | 06
#0786-d237 @A: 17 28 18 19 | 01
#0787-d237 @A: 17 11 04 07 | 07
#0788-d237 @A: 02 17 24 11 | 04
#0789-d237 @A: 03 18 17 02 | 03
#0790-d237 @A: 15 24 33 17 | 08
#0791-d237 @A: 17 03 26 18 | 10
#0792-d237 @A: 26 11 17 22 | 05
#0793-d237 @A: 13 17 07 15 | 11
#0794-d237 @A: 15 01 32 02 | 12
#0795-d237 @A: 11 27 01 31 | 09
#0796-d237 @A: 24 01 09 10 | 02
#0797-d237 @A: 01 27 34 33 | 06
#0798-d237 @A: 24 26 06 01 | 01
#0799-d237 @A: 01 18 30 03 | 07
#0800-d237 @A: 14 22 01 23 | 04
#0801-d237 @A: 27 30 15 01 | 03
#0802-d237 @A: 29 03 28 01 | 08
#0803-d237 @A: 30 32 09 18 | 10
#0804-d237 @A: 12 32 09 03 | 05
#0805-d237 @A: 19 07 32 02 | 11
#0806-d237 @A: 27 10 15 32 | 12
#0807-d237 @A: 29 14 15 32 | 09
#0808-d237 @A: 28 32 30 15 | 02
#0809-d237 @A: 24 09 22 31 | 06
#0810-d237 @A: 18 29 31 34 | 01
#0811-d237 @A: 31 24 19 10 | 07
#0812-d237 @A: 14 30 25 31 | 04
#0813-d237 @A: 23 31 25 26 | 03
#0814-d237 @A: 19 03 23 09 | 08
#0815-d237 @A: 25 18 04 09 | 10
#0816-d237 @A: 09 10 13 22 | 05
#0817-d237 @A: 11 13 09 06 | 11
#0818-d237 @A: 27 13 07 09 | 12
#0819-d237 @A: 34 30 02 04 | 09
#0820-d237 @A: 29 03 24 34 | 02
#0821-d237 @A: 34 12 23 14 | 06
#0822-d237 @A: 06 13 25 19 | 01
#0823-d237 @A: 30 15 19 22 | 07
#0824-d237 @A: 19 13 26 28 | 04
#0825-d237 @A: 06 10 25 04 | 03
#0826-d237 @A: 03 28 25 04 | 08
#0827-d237 @A: 12 10 02 22 | 10
#0828-d237 @A: 02 03 11 27 | 05
#0829-d237 @A: 02 27 30 22 | 11
#0830-d237 @A: 13 10 33 24 | 12
#0831-d237 @A: 24 22 12 30 | 09
#0832-d237 @A: 03 30 24 15 | 02
#0833-d237 @A: 12 28 33 18 | 06
#0834-d237 @A: 03 06 29 18 | 01
#0835-d237 @A: 33 11 30 10 | 07
#0836-d237 @A: 25 07 33 10 | 04
#0837-d237 @A: 11 33 27 29 | 03
#0838-d237 @A: 26 12 23 03 | 08
#0839-d237 @A: 21 14 34 08 | 10
#0840-d237 @A: 21 04 03 08 | 05
#0841-d237 @A: 35 21 30 02 | 11
#0842-d237 @A: 20 11 21 04 | 12
#0843-d237 @A: 25 21 24 20 | 09
#0844-d237 @A: 21 01 03 05 | 02
#0845-d237 @A: 12 33 21 17 | 06
#0846-d237 @A: 04 21 14 32 | 01
#0847-d237 @A: 33 32 21 18 | 07
#0848-d237 @A: 33 21 31 27 | 04
#0849-d237 @A: 23 21 09 04 | 03
#0850-d237 @A: 29 04 21 34 | 08
#0851-d237 @A: 13 02 21 04 | 10
#0852-d237 @A: 27 14 02 21 | 05
#0853-d237 @A: 18 24 21 30 | 11
#0854-d237 @A: 11 16 08 01 | 12
#0855-d237 @A: 18 08 16 15 | 09
#0856-d237 @A: 34 25 35 16 | 02
#0857-d237 @A: 22 26 16 35 | 06
#0858-d237 @A: 20 16 01 10 | 01
#0859-d237 @A: 23 16 25 17 | 07
#0860-d237 @A: 01 12 16 19 | 04
#0861-d237 @A: 16 26 32 27 | 03
#0862-d237 @A: 06 19 16 04 | 08
#0863-d237 @A: 08 24 35 25 | 10
#0864-d237 @A: 08 32 20 22 | 05
#0865-d237 @A: 34 20 08 07 | 11
#0866-d237 @A: 08 22 05 31 | 12
#0867-d237 @A: 25 32 18 08 | 09
#0868-d237 @A: 08 31 11 09 | 02
#0869-d237 @A: 08 06 28 31 | 06
#0870-d237 @A: 07 29 08 31 | 01
#0871-d237 @A: 26 09 08 10 | 07
#0872-d237 @A: 12 08 19 04 | 04
#0873-d237 @A: 15 19 10 08 | 03
#0874-d237 @A: 08 28 30 14 | 08
#0875-d237 @A: 27 08 26 11 | 10
#0876-d237 @A: 07 08 15 03 | 05
#0877-d237 @A: 08 03 13 29 | 11
#0878-d237 @A: 35 05 20 22 | 12
#0879-d237 @A: 35 05 09 23 | 09
#0880-d237 @A: 17 35 29 33 | 02
#0881-d237 @A: 35 29 32 06 | 06
#0882-d237 @A: 31 23 12 35 | 01
#0883-d237 @A: 35 04 09 29 | 07
#0884-d237 @A: 18 09 35 06 | 04
#0885-d237 @A: 19 18 13 35 | 03
#0886-d237 @A: 35 10 02 03 | 08
#0887-d237 @A: 35 10 27 30 | 10
#0888-d237 @A: 35 10 29 13 | 05
#0889-d237 @A: 35 30 26 12 | 11
#0890-d237 @A: 04 20 17 32 | 12
#0891-d237 @A: 34 20 25 17 | 09
#0892-d237 @A: 32 02 20 12 | 02
#0893-d237 @A: 20 31 18 33 | 06
#0894-d237 @A: 19 14 15 20 | 01
#0895-d237 @A: 20 02 23 06 | 07
#0896-d237 @A: 22 02 20 07 | 04
#0897-d237 @A: 06 20 13 29 | 03
#0898-d237 @A: 20 29 30 12 | 08
#0899-d237 @A: 32 04 05 07 | 10
#0900-d237 @A: 05 18 32 29 | 05
#0901-d237 @A: 06 26 05 31 | 11
#0902-d237 @A: 30 02 26 05 | 12
#0903-d237 @A: 30 11 06 05 | 09
#0904-d237 @A: 07 03 05 30 | 02
#0905-d237 @A: 32 17 30 11 | 06
#0906-d237 @A: 09 31 30 17 | 01
#0907-d237 @A: 17 34 03 31 | 07
#0908-d237 @A: 09 15 27 17 | 04
#0909-d237 @A: 23 33 02 17 | 03
#0910-d237 @A: 02 17 29 13 | 08
#0911-d237 @A: 17 25 24 07 | 10
#0912-d237 @A: 17 06 30 03 | 05
#0913-d237 @A: 25 13 17 14 | 11
#0914-d237 @A: 17 28 22 30 | 12
#0915-d237 @A: 17 15 12 28 | 09
#0916-d237 @A: 09 14 01 31 | 02
#0917-d237 @A: 01 04 31 19 | 06
#0918-d237 @A: 09 11 01 34 | 01
#0919-d237 @A: 06 01 09 33 | 07
#0920-d237 @A: 23 02 26 01 | 04
#0921-d237 @A: 01 06 24 12 | 03
#0922-d237 @A: 03 22 01 07 | 08
#0923-d237 @A: 13 01 27 29 | 10
#0924-d237 @A: 04 32 34 06 | 05
#0925-d237 @A: 34 32 27 11 | 11
#0926-d237 @A: 27 19 32 18 | 12
#0927-d237 @A: 26 32 18 04 | 09
#0928-d237 @A: 10 07 22 32 | 02
#0929-d237 @A: 12 06 32 30 | 06
#0930-d237 @A: 32 22 11 28 | 01
#0931-d237 @A: 32 25 29 23 | 07
#0932-d237 @A: 32 13 26 23 | 04
#0933-d237 @A: 18 02 31 23 | 03
#0934-d237 @A: 25 11 29 31 | 08
#0935-d237 @A: 12 07 31 13 | 10
#0936-d237 @A: 26 09 24 02 | 05
#0937-d237 @A: 11 22 03 09 | 11
#0938-d237 @A: 09 15 03 25 | 12
#0939-d237 @A: 22 07 09 28 | 09
#0940-d237 @A: 29 13 09 12 | 02
#0941-d237 @A: 13 26 12 09 | 06
#0942-d237 @A: 19 22 24 34 | 01
#0943-d237 @A: 27 34 19 03 | 07
#0944-d237 @A: 34 27 02 29 | 04
#0945-d237 @A: 33 27 34 26 | 03
#0946-d237 @A: 13 22 34 06 | 08
#0947-d237 @A: 23 03 34 28 | 10
#0948-d237 @A: 23 19 25 14 | 05
#0949-d237 @A: 33 11 28 02 | 11
#0950-d237 @A: 14 10 24 12 | 12
#0951-d237 @A: 22 10 24 15 | 09
#0952-d237 @A: 07 18 33 06 | 02
#0953-d237 @A: 15 29 28 18 | 06
#0954-d237 @A: 29 06 33 15 | 01
#0955-d237 @A: 25 12 22 33 | 07
#0956-d237 @A: 12 30 23 33 | 04
#0957-d237 @A: 03 28 33 13 | 03
#0958-d237 @A: 28 10 26 03 | 08
#0959-d237 @A: 21 16 23 31 | 10
#0960-d237 @A: 16 21 24 10 | 05
#0961-d237 @A: 17 21 05 24 | 11
#0962-d237 @A: 02 05 21 28 | 12
#0963-d237 @A: 21 26 17 34 | 09
#0964-d237 @A: 01 21 07 32 | 02
#0965-d237 @A: 19 34 15 21 | 06
#0966-d237 @A: 15 33 21 02 | 01
#0967-d237 @A: 21 06 07 27 | 07
#0968-d237 @A: 26 29 14 21 | 04
#0969-d237 @A: 25 11 21 15 | 03
#0970-d237 @A: 26 03 11 21 | 08
#0971-d237 @A: 14 32 08 16 | 10
#0972-d237 @A: 30 08 16 31 | 05
#0973-d237 @A: 19 16 35 05 | 11
#0974-d237 @A: 35 33 16 13 | 12
#0975-d237 @A: 16 20 32 29 | 09
#0976-d237 @A: 16 18 22 31 | 02
#0977-d237 @A: 09 14 16 26 | 06
#0978-d237 @A: 26 28 16 02 | 01
#0979-d237 @A: 29 26 33 16 | 07
#0980-d237 @A: 30 06 28 16 | 04
#0981-d237 @A: 15 25 26 16 | 03
#0982-d237 @A: 15 16 22 27 | 08
#0983-d237 @A: 28 27 16 13 | 10
#0984-d237 @A: 23 16 07 15 | 05
#0985-d237 @A: 35 08 05 03 | 11
#0986-d237 @A: 18 33 35 08 | 12
#0987-d237 @A: 01 08 20 25 | 09
#0988-d237 @A: 11 08 33 20 | 02
#0989-d237 @A: 30 32 08 05 | 06
#0990-d237 @A: 19 08 34 05 | 01
#0991-d237 @A: 08 09 17 22 | 07
#0992-d237 @A: 01 08 04 02 | 04
#0993-d237 @A: 27 32 31 08 | 03
#0994-d237 @A: 32 15 08 34 | 08
#0995-d237 @A: 19 08 27 33 | 10
#0996-d237 @A: 24 15 08 02 | 05
#0997-d237 @A: 22 08 29 02 | 11
#0998-d237 @A: 10 08 03 06 | 12
#0999-d237 @A: 12 27 08 25 | 09
#1000-d237 @A: 25 20 19 35 | 02
#1001-d237 @A: 17 35 05 11 | 06
#1002-d237 @A: 06 35 17 24 | 01
#1003-d237 @A: 01 28 35 02 | 07
#1004-d237 @A: 35 27 31 09 | 04
#1005-d237 @A: 07 31 34 35 | 03
#1006-d237 @A: 35 22 19 06 | 08
#1007-d237 @A: 35 04 14 18 | 10
#1008-d237 @A: 17 20 01 27 | 05
#1009-d237 @A: 17 20 30 23 | 11
#1010-d237 @A: 17 28 20 07 | 12
#1011-d237 @A: 30 01 20 04 | 09
#1012-d237 @A: 10 34 20 32 | 02
#1013-d237 @A: 20 32 28 18 | 06
#1014-d237 @A: 32 20 33 15 | 01
#1015-d237 @A: 22 20 31 10 | 07
#1016-d237 @A: 02 20 25 04 | 04
#1017-d237 @A: 10 04 20 18 | 03
#1018-d237 @A: 18 20 25 11 | 08
#1019-d237 @A: 30 26 06 20 | 10
#1020-d237 @A: 27 13 14 20 | 05
#1021-d237 @A: 20 12 22 11 | 11
#1022-d237 @A: 05 17 03 04 | 12
#1023-d237 @A: 34 01 15 05 | 09
#1024-d237 @A: 18 34 05 03 | 02
#1025-d237 @A: 05 12 19 24 | 06
#1026-d237 @A: 29 24 05 04 | 01
#1027-d237 @A: 24 05 14 25 | 07
#1028-d237 @A: 06 05 22 10 | 04
#1029-d237 @A: 13 05 27 23 | 03
#1030-d237 @A: 25 19 17 09 | 08
#1031-d237 @A: 33 06 17 34 | 10
#1032-d237 @A: 13 04 26 17 | 05
#1033-d237 @A: 17 10 11 22 | 11
#1034-d237 @A: 17 25 03 27 | 12
#1035-d237 @A: 12 33 01 32 | 09
#1036-d237 @A: 28 19 34 01 | 02
#1037-d237 @A: 14 04 34 01 | 06
#1038-d237 @A: 18 19 01 33 | 01
#1039-d237 @A: 01 03 10 11 | 07
#1040-d237 @A: 25 01 12 29 | 04
#1041-d237 @A: 23 01 12 03 | 03
#1042-d237 @A: 19 32 34 29 | 08
#1043-d237 @A: 32 19 28 13 | 10
#1044-d237 @A: 27 04 33 32 | 05
#1045-d237 @A: 10 28 14 32 | 11
#1046-d237 @A: 27 32 06 23 | 12
#1047-d237 @A: 07 25 11 32 | 09
#1048-d237 @A: 15 32 22 25 | 02
#1049-d237 @A: 13 06 04 31 | 06
#1050-d237 @A: 31 22 14 29 | 01
#1051-d237 @A: 23 03 22 31 | 07
#1052-d237 @A: 06 09 34 19 | 04
#1053-d237 @A: 03 09 34 10 | 03
#1054-d237 @A: 27 24 04 09 | 08
#1055-d237 @A: 26 09 04 30 | 10
#1056-d237 @A: 24 09 25 02 | 05
#1057-d237 @A: 09 24 33 12 | 11
#1058-d237 @A: 13 15 09 33 | 12
#1059-d237 @A: 11 27 14 09 | 09
#1060-d237 @A: 07 30 09 11 | 02
#1061-d237 @A: 34 18 14 26 | 06
#1062-d237 @A: 07 18 23 34 | 01
#1063-d237 @A: 07 34 15 33 | 07
#1064-d237 @A: 30 26 34 15 | 04
#1065-d237 @A: 07 30 28 34 | 03
#1066-d237 @A: 03 24 33 19 | 08
#1067-d237 @A: 06 30 19 07 | 10
#1068-d237 @A: 14 13 07 19 | 05
#1069-d237 @A: 19 23 11 27 | 11
#1070-d237 @A: 12 19 07 11 | 12
#1071-d237 @A: 33 24 04 25 | 09
#1072-d237 @A: 18 28 30 02 | 02
#1073-d237 @A: 02 30 06 25 | 06
#1074-d237 @A: 25 02 11 14 | 01
#1075-d237 @A: 14 02 07 26 | 07
#1076-d237 @A: 25 02 28 29 | 04
#1077-d237 @A: 28 02 22 13 | 03
#1078-d237 @A: 03 23 07 02 | 08
#1079-d237 @A: 24 25 13 11 | 10
#1080-d237 @A: 30 23 25 24 | 05
#1081-d237 @A: 13 07 23 24 | 11
#1082-d237 @A: 23 06 12 18 | 12
#1083-d237 @A: 28 22 18 14 | 09
#1084-d237 @A: 14 18 23 15 | 02
#1085-d237 @A: 18 27 13 25 | 06
#1086-d237 @A: 25 23 18 28 | 01
#1087-d237 @A: 18 26 25 12 | 07
#1088-d237 @A: 22 10 14 33 | 04
#1089-d237 @A: 06 13 33 14 | 03
#1090-d237 @A: 13 33 23 11 | 08
#1091-d237 @A: 26 30 03 22 | 10
#1092-d237 @A: 08 21 15 28 | 05
#1093-d237 @A: 21 35 34 11 | 11
#1094-d237 @A: 20 21 01 28 | 12
#1095-d237 @A: 21 10 34 05 | 09
#1096-d237 @A: 21 17 27 32 | 02
#1097-d237 @A: 01 02 29 21 | 06
#1098-d237 @A: 24 31 21 03 | 01
#1099-d237 @A: 11 07 31 21 | 07
#1100-d237 @A: 14 21 09 29 | 04
#1101-d237 @A: 21 10 26 04 | 03
#1102-d237 @A: 07 15 21 10 | 08
#1103-d237 @A: 06 21 15 30 | 10
#1104-d237 @A: 11 30 27 21 | 05
#1105-d237 @A: 03 13 21 27 | 11
#1106-d237 @A: 13 28 30 21 | 12
#1107-d237 @A: 28 08 16 33 | 09
#1108-d237 @A: 16 22 20 17 | 02
#1109-d237 @A: 20 15 24 16 | 06
#1110-d237 @A: 30 16 20 18 | 01
#1111-d237 @A: 16 15 09 05 | 07
#1112-d237 @A: 16 10 05 04 | 04
#1113-d237 @A: 16 06 24 05 | 03
#1114-d237 @A: 05 30 25 16 | 08
#1115-d237 @A: 17 16 07 01 | 10
#1116-d237 @A: 16 11 17 18 | 05
#1117-d237 @A: 16 32 01 27 | 11
#1118-d237 @A: 01 16 25 15 | 12
#1119-d237 @A: 28 16 04 32 | 09
#1120-d237 @A: 11 09 23 16 | 02
#1121-d237 @A: 19 23 16 28 | 06
#1122-d237 @A: 24 16 30 11 | 01
#1123-d237 @A: 25 16 07 14 | 07
#1124-d237 @A: 07 22 16 13 | 04
#1125-d237 @A: 27 16 23 12 | 03
#1126-d237 @A: 20 04 35 08 | 08
#1127-d237 @A: 08 35 30 01 | 10
#1128-d237 @A: 11 35 14 08 | 05
#1129-d237 @A: 12 20 24 08 | 11
#1130-d237 @A: 08 02 05 13 | 12
#1131-d237 @A: 05 08 24 27 | 09
#1132-d237 @A: 18 08 05 28 | 02
#1133-d237 @A: 06 17 32 08 | 06
#1134-d237 @A: 02 08 17 30 | 01
#1135-d237 @A: 28 17 08 13 | 07
#1136-d237 @A: 01 08 03 31 | 04
#1137-d237 @A: 01 09 08 29 | 03
#1138-d237 @A: 13 19 23 08 | 08
#1139-d237 @A: 08 10 12 13 | 10
#1140-d237 @A: 12 08 03 11 | 05
#1141-d237 @A: 30 03 25 08 | 11
#1142-d237 @A: 08 07 26 22 | 12
#1143-d237 @A: 27 07 28 08 | 09
#1144-d237 @A: 10 35 09 20 | 02
#1145-d237 @A: 35 02 11 20 | 06
#1146-d237 @A: 35 20 02 26 | 01
#1147-d237 @A: 35 12 10 05 | 07
#1148-d237 @A: 02 35 17 27 | 04
#1149-d237 @A: 11 01 19 35 | 03
#1150-d237 @A: 01 18 07 35 | 08
#1151-d237 @A: 04 35 15 34 | 10
#1152-d237 @A: 03 04 35 06 | 05
#1153-d237 @A: 24 23 35 33 | 11
#1154-d237 @A: 06 35 11 26 | 12
#1155-d237 @A: 07 25 35 23 | 09
#1156-d237 @A: 03 35 29 25 | 02
#1157-d237 @A: 05 12 33 20 | 06
#1158-d237 @A: 17 20 19 11 | 01
#1159-d237 @A: 06 14 32 20 | 07
#1160-d237 @A: 23 31 13 20 | 04
#1161-d237 @A: 07 20 18 19 | 03
#1162-d237 @A: 22 19 33 20 | 08
#1163-d237 @A: 18 20 24 27 | 10
#1164-d237 @A: 20 25 26 33 | 05
#1165-d237 @A: 06 20 10 12 | 11
#1166-d237 @A: 20 14 30 03 | 12
#1167-d237 @A: 26 20 29 03 | 09
#1168-d237 @A: 28 20 15 13 | 02
#1169-d237 @A: 23 17 19 05 | 06
#1170-d237 @A: 01 05 32 14 | 01
#1171-d237 @A: 01 30 05 09 | 07
#1172-d237 @A: 26 05 28 32 | 04
#1173-d237 @A: 27 05 34 31 | 03
#1174-d237 @A: 04 05 09 14 | 08
#1175-d237 @A: 05 09 12 02 | 10
#1176-d237 @A: 22 33 26 05 | 05
#1177-d237 @A: 13 07 05 06 | 11
#1178-d237 @A: 22 11 05 25 | 12
#1179-d237 @A: 05 25 29 27 | 09
#1180-d237 @A: 25 13 05 03 | 02
#1181-d237 @A: 12 05 07 25 | 06
#1182-d237 @A: 07 17 31 32 | 01
#1183-d237 @A: 24 17 32 13 | 07
#1184-d237 @A: 03 17 32 33 | 04
#1185-d237 @A: 17 13 04 33 | 03
#1186-d237 @A: 12 17 29 10 | 08
#1187-d237 @A: 15 17 14 11 | 10
#1188-d237 @A: 23 11 29 17 | 05
#1189-d237 @A: 17 12 07 30 | 11
#1190-d237 @A: 01 13 31 33 | 12
#1191-d237 @A: 01 23 11 04 | 09
#1192-d237 @A: 01 26 04 12 | 02
#1193-d237 @A: 12 26 01 33 | 06
#1194-d237 @A: 01 10 14 15 | 01
#1195-d237 @A: 01 03 14 25 | 07
#1196-d237 @A: 01 23 25 13 | 04
#1197-d237 @A: 27 28 26 01 | 03
#1198-d237 @A: 33 32 31 06 | 08
#1199-d237 @A: 31 13 29 32 | 10
#1200-d237 @A: 24 12 04 32 | 05
#1201-d237 @A: 32 04 18 03 | 11
#1202-d237 @A: 11 04 32 15 | 12
#1203-d237 @A: 29 02 33 32 | 09
#1204-d237 @A: 33 32 03 26 | 02
#1205-d237 @A: 32 30 10 29 | 06
#1206-d237 @A: 28 27 32 25 | 01
#1207-d237 @A: 12 29 32 22 | 07
#1208-d237 @A: 32 07 29 27 | 04
#1209-d237 @A: 28 09 31 18 | 03
#1210-d237 @A: 31 26 18 09 | 08
#1211-d237 @A: 02 19 31 29 | 10
#1212-d237 @A: 31 02 04 03 | 05
#1213-d237 @A: 14 12 11 31 | 11
#1214-d237 @A: 27 14 23 31 | 12
#1215-d237 @A: 30 23 31 11 | 09
#1216-d237 @A: 27 25 07 31 | 02
#1217-d237 @A: 03 29 31 12 | 06
#1218-d237 @A: 29 09 33 34 | 01
#1219-d237 @A: 22 09 33 02 | 07
#1220-d237 @A: 23 27 10 09 | 04
#1221-d237 @A: 22 06 27 09 | 03
#1222-d237 @A: 25 26 09 22 | 08
#1223-d237 @A: 25 23 12 09 | 10
#1224-d237 @A: 22 15 23 09 | 05
#1225-d237 @A: 18 34 28 24 | 11
#1226-d237 @A: 34 24 30 14 | 12
#1227-d237 @A: 10 34 27 06 | 09
#1228-d237 @A: 23 22 34 26 | 02
#1229-d237 @A: 29 07 34 12 | 06
#1230-d237 @A: 19 26 14 23 | 01
#1231-d237 @A: 30 12 25 19 | 07
#1232-d237 @A: 10 24 04 02 | 04
#1233-d237 @A: 22 06 14 04 | 03
#1234-d237 @A: 04 06 28 07 | 08
#1235-d237 @A: 26 28 04 23 | 10
#1236-d237 @A: 02 24 18 14 | 05
#1237-d237 @A: 24 33 27 02 | 11
#1238-d237 @A: 02 10 13 30 | 12
#1239-d237 @A: 02 27 23 25 | 09
#1240-d237 @A: 25 26 02 03 | 02
#1241-d237 @A: 12 15 27 02 | 06
#1242-d237 @A: 29 11 10 24 | 01
#1243-d237 @A: 10 24 28 30 | 07
#1244-d237 @A: 03 22 25 24 | 04
#1245-d237 @A: 15 27 07 24 | 03
#1246-d237 @A: 24 29 13 30 | 08
#1247-d237 @A: 33 23 18 10 | 10
#1248-d237 @A: 18 03 25 33 | 05
#1249-d237 @A: 33 18 29 30 | 11
#1250-d237 @A: 10 03 12 18 | 12
#1251-d237 @A: 10 07 18 28 | 09
#1252-d237 @A: 14 13 29 18 | 02
#1253-d237 @A: 18 07 30 25 | 06
#1254-d237 @A: 13 18 07 03 | 01
#1255-d237 @A: 29 10 28 33 | 07
#1256-d237 @A: 13 30 25 33 | 04
#1257-d237 @A: 11 26 29 15 | 03
#1258-d237 @A: 35 16 21 27 | 08
#1259-d237 @A: 05 32 16 21 | 10
#1260-d237 @A: 11 21 16 22 | 05
#1261-d237 @A: 19 09 08 21 | 11
#1262-d237 @A: 08 28 21 26 | 12
#1263-d237 @A: 29 21 24 35 | 09
#1264-d237 @A: 07 21 33 20 | 02
#1265-d237 @A: 21 20 22 30 | 06
#1266-d237 @A: 05 29 21 15 | 01
#1267-d237 @A: 17 07 21 34 | 07
#1268-d237 @A: 14 21 17 30 | 04
#1269-d237 @A: 01 31 21 10 | 03
#1270-d237 @A: 01 21 27 09 | 08
#1271-d237 @A: 04 21 01 06 | 10
#1272-d237 @A: 21 12 01 22 | 05
#1273-d237 @A: 21 09 03 28 | 11
#1274-d237 @A: 02 21 12 34 | 12
#1275-d237 @A: 25 21 06 12 | 09
#1276-d237 @A: 29 06 21 22 | 02
#1277-d237 @A: 14 28 21 23 | 06
#1278-d237 @A: 13 21 15 22 | 01
#1279-d237 @A: 30 29 21 23 | 07
#1280-d237 @A: 16 19 08 25 | 04
#1281-d237 @A: 04 16 08 22 | 03
#1282-d237 @A: 16 29 18 35 | 08
#1283-d237 @A: 16 27 20 31 | 10
#1284-d237 @A: 20 13 26 16 | 05
#1285-d237 @A: 16 29 01 31 | 11
#1286-d237 @A: 07 32 18 16 | 12
#1287-d237 @A: 12 32 16 13 | 09
#1288-d237 @A: 26 12 16 31 | 02
#1289-d237 @A: 16 29 09 22 | 06
#1290-d237 @A: 24 16 19 27 | 01
#1291-d237 @A: 16 18 13 02 | 07
#1292-d237 @A: 16 12 14 22 | 04
#1293-d237 @A: 26 31 08 35 | 03
#1294-d237 @A: 34 23 35 08 | 08
#1295-d237 @A: 17 20 15 08 | 10
#1296-d237 @A: 10 08 28 20 | 05
#1297-d237 @A: 01 32 08 28 | 11
#1298-d237 @A: 08 01 15 06 | 12
#1299-d237 @A: 11 08 32 19 | 09
#1300-d237 @A: 02 08 06 34 | 02
#1301-d237 @A: 33 12 08 02 | 06
#1302-d237 @A: 29 08 18 24 | 01
#1303-d237 @A: 03 14 08 33 | 07
#1304-d237 @A: 22 08 12 06 | 04
#1305-d237 @A: 08 07 23 12 | 03
#1306-d237 @A: 20 03 32 35 | 08
#1307-d237 @A: 20 30 06 35 | 10
#1308-d237 @A: 35 33 32 30 | 05
#1309-d237 @A: 30 24 31 35 | 11
#1310-d237 @A: 35 34 10 24 | 12
#1311-d237 @A: 35 07 19 27 | 09
#1312-d237 @A: 06 35 28 10 | 02
#1313-d237 @A: 11 23 35 10 | 06
#1314-d237 @A: 11 35 03 30 | 01
#1315-d237 @A: 35 07 30 15 | 07
#1316-d237 @A: 20 01 05 23 | 04
#1317-d237 @A: 05 20 19 03 | 03
#1318-d237 @A: 11 20 01 32 | 08
#1319-d237 @A: 20 01 33 03 | 10
#1320-d237 @A: 32 23 20 19 | 05
#1321-d237 @A: 12 20 19 09 | 11
#1322-d237 @A: 34 14 22 20 | 12
#1323-d237 @A: 13 20 04 07 | 09
#1324-d237 @A: 06 20 07 25 | 02
#1325-d237 @A: 03 27 20 07 | 06
#1326-d237 @A: 23 20 28 29 | 01
#1327-d237 @A: 28 20 03 12 | 07
#1328-d237 @A: 17 02 05 15 | 04
#1329-d237 @A: 11 02 01 05 | 03
#1330-d237 @A: 10 01 05 18 | 08
#1331-d237 @A: 32 09 24 05 | 10
#1332-d237 @A: 10 19 32 05 | 05
#1333-d237 @A: 33 11 32 05 | 11
#1334-d237 @A: 11 31 10 05 | 12
#1335-d237 @A: 04 19 05 25 | 09
#1336-d237 @A: 27 05 15 06 | 02
#1337-d237 @A: 15 07 22 05 | 06
#1338-d237 @A: 23 17 01 18 | 01
#1339-d237 @A: 10 17 02 32 | 07
#1340-d237 @A: 32 17 18 14 | 04
#1341-d237 @A: 19 17 27 31 | 03
#1342-d237 @A: 33 31 17 11 | 08
#1343-d237 @A: 33 17 09 18 | 10
#1344-d237 @A: 17 12 09 11 | 05
#1345-d237 @A: 22 02 34 17 | 11
#1346-d237 @A: 34 17 18 15 | 12
#1347-d237 @A: 24 29 17 19 | 09
#1348-d237 @A: 18 24 22 17 | 02
#1349-d237 @A: 15 17 23 10 | 06
#1350-d237 @A: 17 30 28 26 | 01
#1351-d237 @A: 32 01 03 19 | 07
#1352-d237 @A: 01 09 02 23 | 04
#1353-d237 @A: 19 15 01 24 | 03
#1354-d237 @A: 25 30 11 01 | 08
#1355-d237 @A: 31 32 14 02 | 10
#1356-d237 @A: 31 32 24 15 | 05
#1357-d237 @A: 19 32 24 25 | 11
#1358-d237 @A: 28 02 32 24 | 12
#1359-d237 @A: 02 34 31 11 | 09
#1360-d237 @A: 11 19 06 31 | 02
#1361-d237 @A: 14 31 18 03 | 06
#1362-d237 @A: 31 03 10 13 | 01
#1363-d237 @A: 06 07 31 03 | 07
#1364-d237 @A: 14 15 07 31 | 04
#1365-d237 @A: 12 31 28 25 | 03
#1366-d237 @A: 28 09 19 04 | 08
#1367-d237 @A: 18 09 10 19 | 10
#1368-d237 @A: 09 30 24 06 | 05
#1369-d237 @A: 07 18 09 15 | 11
#1370-d237 @A: 04 34 33 03 | 12
#1371-d237 @A: 30 25 10 34 | 09
#1372-d237 @A: 23 06 15 34 | 02
#1373-d237 @A: 34 14 28 27 | 06
#1374-d237 @A: 02 19 30 33 | 01
#1375-d237 @A: 29 19 25 18 | 07
#1376-d237 @A: 11 10 19 13 | 04
#1377-d237 @A: 30 27 19 13 | 03
#1378-d237 @A: 12 14 33 04 | 08
#1379-d237 @A: 27 04 10 29 | 10
#1380-d237 @A: 04 15 10 03 | 05
#1381-d237 @A: 04 15 25 14 | 11
#1382-d237 @A: 23 04 22 29 | 12
#1383-d237 @A: 28 27 15 04 | 09
#1384-d237 @A: 28 07 02 15 | 02
#1385-d237 @A: 22 26 24 18 | 06
#1386-d237 @A: 18 15 24 13 | 01
#1387-d237 @A: 25 29 06 24 | 07
#1388-d237 @A: 12 27 24 11 | 04
#1389-d237 @A: 11 15 24 23 | 03
#1390-d237 @A: 03 24 26 15 | 08
#1391-d237 @A: 22 18 13 33 | 10
#1392-d237 @A: 18 30 14 06 | 05
#1393-d237 @A: 18 28 13 06 | 11
#1394-d237 @A: 07 11 29 18 | 12
#1395-d237 @A: 18 03 28 27 | 09
#1396-d237 @A: 33 03 27 10 | 02
#1397-d237 @A: 10 12 15 33 | 06
#1398-d237 @A: 33 03 12 07 | 01
#1399-d237 @A: 26 07 11 10 | 07
#1400-d237 @A: 10 12 26 22 | 04
#1401-d237 @A: 26 14 15 11 | 03
#1402-d237 @A: 30 21 01 16 | 08
#1403-d237 @A: 09 21 34 16 | 10
#1404-d237 @A: 35 21 06 08 | 05
#1405-d237 @A: 20 35 15 21 | 11
#1406-d237 @A: 21 27 20 05 | 12
#1407-d237 @A: 21 20 29 31 | 09
#1408-d237 @A: 20 34 21 03 | 02
#1409-d237 @A: 13 21 01 34 | 06
#1410-d237 @A: 33 01 11 21 | 01
#1411-d237 @A: 15 32 09 21 | 07
#1412-d237 @A: 02 32 11 21 | 04
#1413-d237 @A: 25 21 32 30 | 03
#1414-d237 @A: 21 09 31 02 | 08
#1415-d237 @A: 18 21 06 34 | 10
#1416-d237 @A: 21 33 19 28 | 05
#1417-d237 @A: 19 21 03 07 | 11
#1418-d237 @A: 21 03 02 22 | 12
#1419-d237 @A: 12 14 13 21 | 09
#1420-d237 @A: 12 35 16 02 | 02
#1421-d237 @A: 14 04 20 16 | 06
#1422-d237 @A: 15 32 03 16 | 01
#1423-d237 @A: 04 34 16 27 | 07
#1424-d237 @A: 16 26 04 11 | 04
#1425-d237 @A: 33 02 16 25 | 03
#1426-d237 @A: 29 10 15 16 | 08
#1427-d237 @A: 31 02 35 08 | 10
#1428-d237 @A: 27 20 30 08 | 05
#1429-d237 @A: 08 15 05 25 | 11
#1430-d237 @A: 18 17 07 08 | 12
#1431-d237 @A: 34 33 08 22 | 09
#1432-d237 @A: 07 33 08 04 | 02
#1433-d237 @A: 33 26 08 04 | 06
#1434-d237 @A: 23 28 24 08 | 01
#1435-d237 @A: 26 18 33 08 | 07
#1436-d237 @A: 08 13 26 30 | 04
#1437-d237 @A: 26 23 08 15 | 03
#1438-d237 @A: 35 34 29 20 | 08
#1439-d237 @A: 35 24 20 13 | 10
#1440-d237 @A: 25 35 09 01 | 05
#1441-d237 @A: 35 27 32 12 | 11
#1442-d237 @A: 09 35 22 12 | 12
#1443-d237 @A: 10 35 26 19 | 09
#1444-d237 @A: 06 02 35 33 | 02
#1445-d237 @A: 14 26 33 35 | 06
#1446-d237 @A: 07 35 28 13 | 01
#1447-d237 @A: 17 10 33 20 | 07
#1448-d237 @A: 27 09 20 32 | 04
#1449-d237 @A: 20 25 03 31 | 03
#1450-d237 @A: 09 20 03 04 | 08
#1451-d237 @A: 04 20 33 06 | 10
#1452-d237 @A: 24 29 02 20 | 05
#1453-d237 @A: 22 28 06 20 | 11
#1454-d237 @A: 14 11 20 28 | 12
#1455-d237 @A: 20 15 23 12 | 09
#1456-d237 @A: 25 05 33 01 | 02
#1457-d237 @A: 32 05 34 23 | 06
#1458-d237 @A: 31 05 13 19 | 01
#1459-d237 @A: 31 15 05 18 | 07
#1460-d237 @A: 27 05 33 09 | 04
#1461-d237 @A: 03 09 06 05 | 03
#1462-d237 @A: 05 13 04 34 | 08
#1463-d237 @A: 30 05 33 34 | 10
#1464-d237 @A: 05 25 10 02 | 05
#1465-d237 @A: 10 05 23 07 | 11
#1466-d237 @A: 25 06 23 05 | 12
#1467-d237 @A: 11 05 14 13 | 09
#1468-d237 @A: 14 05 28 15 | 02
#1469-d237 @A: 05 29 22 30 | 06
#1470-d237 @A: 05 28 22 12 | 01
#1471-d237 @A: 15 01 17 26 | 07
#1472-d237 @A: 28 32 17 29 | 04
#1473-d237 @A: 19 17 34 12 | 03
#1474-d237 @A: 34 17 04 23 | 08
#1475-d237 @A: 33 19 07 17 | 10
#1476-d237 @A: 18 06 17 27 | 05
#1477-d237 @A: 17 27 33 22 | 11
#1478-d237 @A: 10 17 27 13 | 12
#1479-d237 @A: 17 22 13 23 | 09
#1480-d237 @A: 22 17 12 03 | 02
#1481-d237 @A: 32 01 26 10 | 06
#1482-d237 @A: 15 01 31 12 | 01
#1483-d237 @A: 19 26 18 01 | 07
#1484-d237 @A: 01 04 28 18 | 04
#1485-d237 @A: 33 01 10 02 | 03
#1486-d237 @A: 01 27 03 06 | 08
#1487-d237 @A: 30 01 07 23 | 10
#1488-d237 @A: 26 30 01 29 | 05
#1489-d237 @A: 32 31 19 12 | 11
#1490-d237 @A: 31 26 32 15 | 12
#1491-d237 @A: 07 32 34 09 | 09
#1492-d237 @A: 32 25 09 14 | 02
#1493-d237 @A: 11 09 32 29 | 06
#1494-d237 @A: 18 12 34 32 | 01
#1495-d237 @A: 34 33 32 25 | 07
#1496-d237 @A: 19 22 32 26 | 04
#1497-d237 @A: 11 03 32 13 | 03
#1498-d237 @A: 34 33 31 10 | 08
#1499-d237 @A: 23 31 15 04 | 10
#1500-d237 @A: 06 10 31 14 | 05
#1501-d237 @A: 12 10 31 30 | 11
#1502-d237 @A: 26 31 22 14 | 12
#1503-d237 @A: 31 13 25 22 | 09
#1504-d237 @A: 27 03 31 15 | 02
#1505-d237 @A: 07 28 31 23 | 06
#1506-d237 @A: 11 09 04 02 | 01
#1507-d237 @A: 33 04 10 09 | 07
#1508-d237 @A: 24 18 03 09 | 04
#1509-d237 @A: 13 23 14 09 | 03
#1510-d237 @A: 03 14 09 07 | 08
#1511-d237 @A: 28 09 30 23 | 10
#1512-d237 @A: 09 03 30 13 | 05
#1513-d237 @A: 19 25 02 34 | 11
#1514-d237 @A: 19 13 34 33 | 12
#1515-d237 @A: 03 19 34 26 | 09
#1516-d237 @A: 34 10 13 07 | 02
#1517-d237 @A: 11 34 03 06 | 06
#1518-d237 @A: 06 28 12 34 | 01
#1519-d237 @A: 13 11 28 34 | 07
#1520-d237 @A: 29 15 34 25 | 04
#1521-d237 @A: 03 34 22 30 | 03
#1522-d237 @A: 23 27 34 30 | 08
#1523-d237 @A: 13 19 24 02 | 10
#1524-d237 @A: 11 18 26 19 | 05
#1525-d237 @A: 10 22 19 03 | 11
#1526-d237 @A: 15 19 25 07 | 12
#1527-d237 @A: 15 12 13 19 | 09
#1528-d237 @A: 18 04 06 24 | 02
#1529-d237 @A: 04 23 24 03 | 06
#1530-d237 @A: 22 04 28 10 | 01
#1531-d237 @A: 10 28 02 23 | 07
#1532-d237 @A: 24 25 10 27 | 04
#1533-d237 @A: 14 15 06 24 | 03
#1534-d237 @A: 28 24 03 06 | 08
#1535-d237 @A: 14 27 24 26 | 10
#1536-d237 @A: 07 11 28 24 | 05
#1537-d237 @A: 06 15 11 18 | 11
#1538-d237 @A: 22 12 18 07 | 12
#1539-d237 @A: 27 30 12 18 | 09
#1540-d237 @A: 14 15 33 30 | 02
#1541-d237 @A: 30 33 07 26 | 06
#1542-d237 @A: 26 27 06 29 | 01
#1543-d237 @A: 28 06 07 26 | 07
#1544-d237 @A: 23 11 30 26 | 04
#1545-d237 @A: 25 29 07 26 | 03
#1546-d237 @A: 13 26 27 03 | 08
#1547-d237 @A: 35 23 17 21 | 10
#1548-d237 @A: 19 35 21 12 | 05
#1549-d237 @A: 21 11 17 03 | 11
#1550-d237 @A: 28 31 04 21 | 12
#1551-d237 @A: 13 24 09 21 | 09
#1552-d237 @A: 21 12 09 30 | 02
#1553-d237 @A: 34 28 21 22 | 06
#1554-d237 @A: 18 21 04 07 | 01
#1555-d237 @A: 24 21 12 07 | 07
#1556-d237 @A: 21 07 13 25 | 04
#1557-d237 @A: 21 26 22 27 | 03
#1558-d237 @A: 08 16 06 20 | 08
#1559-d237 @A: 16 26 08 03 | 10
#1560-d237 @A: 01 24 16 35 | 05
#1561-d237 @A: 06 35 16 31 | 11
#1562-d237 @A: 20 07 16 05 | 12
#1563-d237 @A: 34 20 16 11 | 09
#1564-d237 @A: 16 31 02 05 | 02
#1565-d237 @A: 17 32 16 34 | 06
#1566-d237 @A: 31 16 17 10 | 01
#1567-d237 @A: 14 19 17 16 | 07
#1568-d237 @A: 14 01 16 18 | 04
#1569-d237 @A: 16 19 32 22 | 03
#1570-d237 @A: 16 23 32 24 | 08
#1571-d237 @A: 24 04 31 16 | 10
#1572-d237 @A: 13 11 31 16 | 05
#1573-d237 @A: 31 28 15 16 | 11
#1574-d237 @A: 02 04 29 16 | 12
#1575-d237 @A: 33 11 04 16 | 09
#1576-d237 @A: 14 02 16 23 | 02
#1577-d237 @A: 16 14 11 06 | 06
#1578-d237 @A: 16 12 29 06 | 01
#1579-d237 @A: 16 27 30 03 | 07
#1580-d237 @A: 01 19 14 08 | 04
#1581-d237 @A: 01 08 07 13 | 03
#1582-d237 @A: 23 02 32 08 | 08
#1583-d237 @A: 24 31 08 13 | 10
#1584-d237 @A: 08 34 13 25 | 05
#1585-d237 @A: 08 22 07 19 | 11
#1586-d237 @A: 04 25 08 23 | 12
#1587-d237 @A: 25 07 08 02 | 09
#1588-d237 @A: 10 08 14 23 | 02
#1589-d237 @A: 22 13 11 08 | 06
#1590-d237 @A: 20 35 17 14 | 01
#1591-d237 @A: 35 01 29 05 | 07
#1592-d237 @A: 05 15 24 35 | 04
#1593-d237 @A: 26 35 25 05 | 03
#1594-d237 @A: 32 17 35 01 | 08
#1595-d237 @A: 26 01 35 09 | 10
#1596-d237 @A: 03 35 01 34 | 05
#1597-d237 @A: 02 25 32 35 | 11
#1598-d237 @A: 11 35 24 09 | 12
#1599-d237 @A: 03 09 35 33 | 09
#1600-d237 @A: 02 35 18 22 | 02
#1601-d237 @A: 23 29 02 35 | 06
#1602-d237 @A: 11 12 35 29 | 01
#1603-d237 @A: 17 03 20 24 | 07
#1604-d237 @A: 01 12 20 13 | 04
#1605-d237 @A: 15 31 20 34 | 03
#1606-d237 @A: 09 20 14 33 | 08
#1607-d237 @A: 34 27 20 12 | 10
#1608-d237 @A: 27 19 20 28 | 05
#1609-d237 @A: 20 15 04 22 | 11
#1610-d237 @A: 20 15 18 02 | 12
#1611-d237 @A: 10 20 26 24 | 09
#1612-d237 @A: 20 26 30 18 | 02
#1613-d237 @A: 20 15 10 11 | 06
#1614-d237 @A: 20 10 30 07 | 01
#1615-d237 @A: 22 20 26 28 | 07
#1616-d237 @A: 15 05 12 32 | 04
#1617-d237 @A: 04 30 05 31 | 03
#1618-d237 @A: 05 11 09 26 | 08
#1619-d237 @A: 03 05 33 02 | 10
#1620-d237 @A: 05 03 11 24 | 05
#1621-d237 @A: 05 10 15 13 | 11
#1622-d237 @A: 28 13 29 05 | 12
#1623-d237 @A: 01 17 29 34 | 09
#1624-d237 @A: 19 26 17 31 | 02
#1625-d237 @A: 25 31 02 17 | 06
#1626-d237 @A: 02 09 07 17 | 01
#1627-d237 @A: 17 34 30 13 | 07
#1628-d237 @A: 17 02 14 04 | 04
#1629-d237 @A: 04 18 17 30 | 03
#1630-d237 @A: 12 24 17 23 | 08
#1631-d237 @A: 07 17 06 10 | 10
#1632-d237 @A: 27 14 12 17 | 05
#1633-d237 @A: 14 23 03 17 | 11
#1634-d237 @A: 34 01 30 32 | 12
#1635-d237 @A: 04 10 32 01 | 09
#1636-d237 @A: 01 22 34 31 | 02
#1637-d237 @A: 01 02 31 30 | 06
#1638-d237 @A: 24 31 25 01 | 01
#1639-d237 @A: 19 07 01 10 | 07
#1640-d237 @A: 04 01 24 13 | 04
#1641-d237 @A: 27 01 02 18 | 03
#1642-d237 @A: 06 14 28 01 | 08
#1643-d237 @A: 14 11 01 29 | 10
#1644-d237 @A: 01 29 22 15 | 05
#1645-d237 @A: 32 13 02 09 | 11
#1646-d237 @A: 06 18 02 32 | 12
#1647-d237 @A: 33 24 22 32 | 09
#1648-d237 @A: 07 23 33 32 | 02
#1649-d237 @A: 32 06 22 03 | 06
#1650-d237 @A: 11 32 14 23 | 01
#1651-d237 @A: 32 07 30 13 | 07
#1652-d237 @A: 32 28 12 23 | 04
#1653-d237 @A: 10 29 31 09 | 03
#1654-d237 @A: 31 07 10 04 | 08
#1655-d237 @A: 12 31 24 02 | 10
#1656-d237 @A: 31 07 18 24 | 05
#1657-d237 @A: 30 31 03 33 | 11
#1658-d237 @A: 31 11 15 22 | 12
#1659-d237 @A: 27 22 12 31 | 09
#1660-d237 @A: 09 28 26 34 | 02
#1661-d237 @A: 10 09 06 15 | 06
#1662-d237 @A: 10 07 09 12 | 01
#1663-d237 @A: 28 09 27 12 | 07
#1664-d237 @A: 29 15 30 09 | 04
#1665-d237 @A: 10 15 28 34 | 03
#1666-d237 @A: 34 11 25 23 | 08
#1667-d237 @A: 34 22 11 29 | 10
#1668-d237 @A: 34 07 25 03 | 05
#1669-d237 @A: 04 03 13 19 | 11
#1670-d237 @A: 19 02 06 26 | 12
#1671-d237 @A: 19 23 10 30 | 09
#1672-d237 @A: 14 28 12 19 | 02
#1673-d237 @A: 19 12 07 26 | 06
#1674-d237 @A: 27 04 12 06 | 01
#1675-d237 @A: 14 30 27 04 | 07
#1676-d237 @A: 22 13 04 12 | 04
#1677-d237 @A: 10 02 26 29 | 03
#1678-d237 @A: 12 11 02 30 | 08
#1679-d237 @A: 02 26 15 22 | 10
#1680-d237 @A: 06 24 27 13 | 05
#1681-d237 @A: 07 24 14 29 | 11
#1682-d237 @A: 24 13 26 25 | 12
#1683-d237 @A: 29 28 24 22 | 09
#1684-d237 @A: 10 06 26 18 | 02
#1685-d237 @A: 06 28 33 25 | 06
#1686-d237 @A: 23 33 26 06 | 01
#1687-d237 @A: 22 11 07 33 | 07
#1688-d237 @A: 33 30 27 07 | 04
#1689-d237 @A: 28 23 33 27 | 03
