#0001-d271 @A: 20 05 26 03 | 07
#0002-d271 @A: 29 33 20 09 | 01
#0003-d271 @A: 12 09 20 30 | 04
#0004-d271 @A: 08 30 11 20 | 09
#0005-d271 @A: 24 25 20 09 | 05
#0006-d271 @A: 20 09 05 18 | 12
#0007-d271 @A: 20 09 04 13 | 03
#0008-d271 @A: 29 28 20 04 | 10
#0009-d271 @A: 20 24 23 28 | 06
#0010-d271 @A: 35 13 26 20 | 11
#0011-d271 @A: 20 12 05 19 | 08
#0012-d271 @A: 16 20 26 19 | 02
#0013-d271 @A: 10 20 24 12 | 07
#0014-d271 @A: 15 20 25 12 | 01
#0015-d271 @A: 31 20 15 08 | 04
#0016-d271 @A: 20 32 13 10 | 09
#0017-d271 @A: 32 31 01 20 | 05
#0018-d271 @A: 33 35 03 18 | 12
#0019-d271 @A: 35 03 04 06 | 03
#0020-d271 @A: 06 07 03 15 | 10
#0021-d271 @A: 28 21 03 09 | 06
#0022-d271 @A: 03 29 14 31 | 11
#0023-d271 @A: 25 11 03 28 | 08
#0024-d271 @A: 03 17 07 23 | 02
#0025-d271 @A: 35 21 19 03 | 07
#0026-d271 @A: 25 22 35 03 | 01
#0027-d271 @A: 16 03 18 19 | 04
#0028-d271 @A: 07 16 32 03 | 09
#0029-d271 @A: 34 26 12 03 | 05
#0030-d271 @A: 03 01 25 05 | 12
#0031-d271 @A: 10 34 33 02 | 03
#0032-d271 @A: 33 22 02 31 | 10
#0033-d271 @A: 33 35 30 19 | 06
#0034-d271 @A: 07 08 30 33 | 11
#0035-d271 @A: 14 34 28 33 | 08
#0036-d271 @A: 34 18 23 33 | 02
#0037-d271 @A: 33 35 16 22 | 07
#0038-d271 @A: 15 26 33 19 | 01
#0039-d271 @A: 06 31 07 30 | 04
#0040-d271 @A: 06 30 10 34 | 09
#0041-d271 @A: 06 13 35 09 | 05
#0042-d271 @A: 14 04 06 34 | 12
#0043-d271 @A: 24 14 06 22 | 03
#0044-d271 @A: 28 06 27 14 | 10
#0045-d271 @A: 23 06 12 05 | 06
#0046-d271 @A: 26 06 25 23 | 11
#0047-d271 @A: 21 19 06 28 | 08
#0048-d271 @A: 15 06 08 05 | 02
#0049-d271 @A: 22 01 15 06 | 07
#0050-d271 @A: 09 24 21 02 | 01
#0051-d271 @A: 02 05 14 29 | 04
#0052-d271 @A: 01 02 23 29 | 09
#0053-d271 @A: 29 34 02 19 | 05
#0054-d271 @A: 24 02 29 18 | 12
#0055-d271 @A: 02 26 11 21 | 03
#0056-d271 @A: 02 11 18 04 | 10
#0057-d271 @A: 04 02 34 07 | 06
#0058-d271 @A: 31 02 07 32 | 11
#0059-d271 @A: 02 16 31 12 | 08
#0060-d271 @A: 02 22 21 15 | 02
#0061-d271 @A: 02 27 17 08 | 07
#0062-d271 @A: 11 05 21 30 | 01
#0063-d271 @A: 19 25 30 12 | 04
#0064-d271 @A: 30 07 34 32 | 09
#0065-d271 @A: 12 10 04 30 | 05
#0066-d271 @A: 09 19 16 13 | 12
#0067-d271 @A: 21 08 15 09 | 03
#0068-d271 @A: 10 05 01 09 | 10
#0069-d271 @A: 22 09 27 31 | 06
#0070-d271 @A: 14 25 29 24 | 11
#0071-d271 @A: 08 23 24 29 | 08
#0072-d271 @A: 29 21 22 08 | 02
#0073-d271 @A: 29 22 28 27 | 07
#0074-d271 @A: 18 29 13 27 | 01
#0075-d271 @A: 13 35 11 14 | 04
#0076-d271 @A: 35 17 10 14 | 09
#0077-d271 @A: 26 07 34 14 | 05
#0078-d271 @A: 21 14 04 18 | 12
#0079-d271 @A: 14 15 01 08 | 03
#0080-d271 @A: 14 13 26 05 | 10
#0081-d271 @A: 01 26 14 04 | 06
#0082-d271 @A: 27 31 15 14 | 11
#0083-d271 @A: 10 01 15 11 | 08
#0084-d271 @A: 13 18 05 11 | 02
#0085-d271 @A: 26 11 17 04 | 07
#0086-d271 @A: 18 28 27 11 | 01
#0087-d271 @A: 07 25 35 23 | 04
#0088-d271 @A: 35 21 18 23 | 09
#0089-d271 @A: 12 19 15 23 | 05
#0090-d271 @A: 34 12 23 28 | 12
#0091-d271 @A: 22 21 10 23 | 03
#0092-d271 @A: 04 23 15 27 | 10
#0093-d271 @A: 23 17 25 28 | 06
#0094-d271 @A: 04 19 35 34 | 11
#0095-d271 @A: 15 01 24 35 | 08
#0096-d271 @A: 18 08 35 05 | 02
#0097-d271 @A: 04 28 35 08 | 07
#0098-d271 @A: 35 17 26 08 | 01
#0099-d271 @A: 25 13 35 08 | 04
#0100-d271 @A: 19 10 12 07 | 09
#0101-d271 @A: 24 19 07 32 | 05
#0102-d271 @A: 21 19 05 17 | 12
#0103-d271 @A: 22 21 19 32 | 03
#0104-d271 @A: 10 08 19 31 | 10
#0105-d271 @A: 19 32 04 10 | 06
#0106-d271 @A: 07 24 34 16 | 11
#0107-d271 @A: 12 07 15 22 | 08
#0108-d271 @A: 10 07 18 05 | 02
#0109-d271 @A: 28 04 07 10 | 07
#0110-d271 @A: 13 07 28 32 | 01
#0111-d271 @A: 07 01 15 25 | 04
#0112-d271 @A: 13 31 08 34 | 09
#0113-d271 @A: 04 10 34 05 | 05
#0114-d271 @A: 10 15 34 28 | 12
#0115-d271 @A: 32 05 26 34 | 03
#0116-d271 @A: 31 32 04 34 | 10
#0117-d271 @A: 34 28 04 18 | 06
#0118-d271 @A: 21 16 05 31 | 11
#0119-d271 @A: 25 18 21 16 | 08
#0120-d271 @A: 21 13 16 15 | 02
#0121-d271 @A: 08 26 16 04 | 07
#0122-d271 @A: 13 04 16 32 | 01
#0123-d271 @A: 28 16 27 13 | 04
#0124-d271 @A: 24 21 28 01 | 09
#0125-d271 @A: 08 32 24 18 | 05
#0126-d271 @A: 21 28 05 15 | 12
#0127-d271 @A: 32 25 28 18 | 03
#0128-d271 @A: 06 03 31 20 | 10
#0129-d271 @A: 03 08 20 09 | 06
#0130-d271 @A: 20 03 11 32 | 11
#0131-d271 @A: 15 34 03 20 | 08
#0132-d271 @A: 03 24 18 20 | 02
#0133-d271 @A: 26 33 20 12 | 07
#0134-d271 @A: 20 28 13 33 | 01
#0135-d271 @A: 09 20 34 02 | 04
#0136-d271 @A: 02 20 35 18 | 09
#0137-d271 @A: 26 20 22 02 | 05
#0138-d271 @A: 30 28 20 25 | 12
#0139-d271 @A: 20 11 01 09 | 03
#0140-d271 @A: 21 20 29 11 | 10
#0141-d271 @A: 24 05 20 29 | 06
#0142-d271 @A: 11 13 20 07 | 11
#0143-d271 @A: 16 34 04 20 | 08
#0144-d271 @A: 15 20 28 12 | 02
#0145-d271 @A: 01 15 21 20 | 07
#0146-d271 @A: 20 08 10 18 | 01
#0147-d271 @A: 20 04 25 08 | 04
#0148-d271 @A: 04 15 17 20 | 09
#0149-d271 @A: 14 10 33 03 | 05
#0150-d271 @A: 01 06 09 03 | 12
#0151-d271 @A: 28 02 03 17 | 03
#0152-d271 @A: 14 09 03 35 | 10
#0153-d271 @A: 11 29 27 03 | 06
#0154-d271 @A: 03 04 01 29 | 11
#0155-d271 @A: 13 07 14 03 | 08
#0156-d271 @A: 14 28 31 03 | 02
#0157-d271 @A: 35 13 27 03 | 07
#0158-d271 @A: 03 16 34 17 | 01
#0159-d271 @A: 12 24 27 03 | 04
#0160-d271 @A: 21 05 13 03 | 09
#0161-d271 @A: 03 04 08 18 | 05
#0162-d271 @A: 22 18 31 03 | 12
#0163-d271 @A: 22 29 06 33 | 03
#0164-d271 @A: 26 02 14 33 | 10
#0165-d271 @A: 21 12 33 09 | 06
#0166-d271 @A: 33 11 21 16 | 11
#0167-d271 @A: 17 04 35 33 | 08
#0168-d271 @A: 33 28 35 25 | 02
#0169-d271 @A: 33 19 13 34 | 07
#0170-d271 @A: 19 12 33 22 | 01
#0171-d271 @A: 08 05 32 33 | 04
#0172-d271 @A: 25 05 33 18 | 09
#0173-d271 @A: 17 33 18 27 | 05
#0174-d271 @A: 23 09 17 06 | 12
#0175-d271 @A: 29 06 25 07 | 03
#0176-d271 @A: 18 24 06 23 | 10
#0177-d271 @A: 15 31 06 19 | 06
#0178-d271 @A: 12 06 25 16 | 11
#0179-d271 @A: 32 06 24 12 | 08
#0180-d271 @A: 10 04 13 06 | 02
#0181-d271 @A: 17 10 26 06 | 07
#0182-d271 @A: 06 25 10 18 | 01
#0183-d271 @A: 26 06 31 05 | 04
#0184-d271 @A: 17 06 01 05 | 09
#0185-d271 @A: 06 13 01 28 | 05
#0186-d271 @A: 02 10 11 30 | 12
#0187-d271 @A: 35 02 29 08 | 03
#0188-d271 @A: 25 29 02 17 | 10
#0189-d271 @A: 14 01 24 02 | 06
#0190-d271 @A: 11 02 35 01 | 11
#0191-d271 @A: 12 28 02 21 | 08
#0192-d271 @A: 27 02 24 04 | 02
#0193-d271 @A: 22 02 10 18 | 07
#0194-d271 @A: 05 02 32 15 | 01
#0195-d271 @A: 02 32 13 27 | 04
#0196-d271 @A: 09 30 01 34 | 09
#0197-d271 @A: 30 24 04 29 | 05
#0198-d271 @A: 14 28 30 13 | 12
#0199-d271 @A: 22 11 30 07 | 03
#0200-d271 @A: 16 30 11 01 | 10
#0201-d271 @A: 30 16 10 19 | 06
#0202-d271 @A: 30 01 07 24 | 11
#0203-d271 @A: 22 30 28 34 | 08
#0204-d271 @A: 05 18 30 12 | 02
#0205-d271 @A: 30 26 27 22 | 07
#0206-d271 @A: 23 09 15 34 | 01
#0207-d271 @A: 09 16 23 24 | 04
#0208-d271 @A: 04 09 28 23 | 09
#0209-d271 @A: 31 09 12 35 | 05
#0210-d271 @A: 07 09 19 21 | 12
#0211-d271 @A: 24 15 19 09 | 03
#0212-d271 @A: 17 08 09 25 | 10
#0213-d271 @A: 09 10 32 28 | 06
#0214-d271 @A: 26 28 09 05 | 11
#0215-d271 @A: 04 26 09 27 | 08
#0216-d271 @A: 28 09 13 22 | 02
#0217-d271 @A: 29 14 32 11 | 07
#0218-d271 @A: 11 29 12 04 | 01
#0219-d271 @A: 31 35 24 29 | 04
#0220-d271 @A: 22 27 19 29 | 09
#0221-d271 @A: 08 12 29 25 | 05
#0222-d271 @A: 13 24 22 29 | 12
#0223-d271 @A: 08 05 29 26 | 03
#0224-d271 @A: 05 14 11 16 | 10
#0225-d271 @A: 10 23 14 04 | 06
#0226-d271 @A: 25 35 14 16 | 11
#0227-d271 @A: 34 13 12 14 | 08
#0228-d271 @A: 15 24 32 14 | 02
#0229-d271 @A: 14 04 31 13 | 07
#0230-d271 @A: 11 17 23 35 | 01
#0231-d271 @A: 23 11 12 26 | 04
#0232-d271 @A: 24 11 13 12 | 09
#0233-d271 @A: 01 08 11 04 | 05
#0234-d271 @A: 18 11 15 08 | 12
#0235-d271 @A: 15 28 11 17 | 03
#0236-d271 @A: 24 27 35 23 | 10
#0237-d271 @A: 13 35 23 28 | 06
#0238-d271 @A: 16 04 07 23 | 11
#0239-d271 @A: 32 13 22 23 | 08
#0240-d271 @A: 23 22 18 17 | 02
#0241-d271 @A: 35 19 31 18 | 07
#0242-d271 @A: 18 10 35 01 | 01
#0243-d271 @A: 35 32 28 26 | 04
#0244-d271 @A: 17 35 27 32 | 09
#0245-d271 @A: 16 07 01 19 | 05
#0246-d271 @A: 34 21 19 10 | 12
#0247-d271 @A: 05 28 16 19 | 03
#0248-d271 @A: 19 08 27 21 | 10
#0249-d271 @A: 31 19 21 25 | 06
#0250-d271 @A: 13 07 21 26 | 11
#0251-d271 @A: 25 07 32 21 | 08
#0252-d271 @A: 08 05 07 27 | 02
#0253-d271 @A: 25 31 07 08 | 07
#0254-d271 @A: 07 08 32 22 | 01
#0255-d271 @A: 31 26 18 07 | 04
#0256-d271 @A: 10 13 34 18 | 09
#0257-d271 @A: 34 05 25 22 | 05
#0258-d271 @A: 25 01 34 31 | 12
#0259-d271 @A: 24 12 17 21 | 03
#0260-d271 @A: 01 12 21 26 | 10
#0261-d271 @A: 17 04 12 28 | 06
#0262-d271 @A: 12 15 31 01 | 11
#0263-d271 @A: 17 32 12 15 | 08
#0264-d271 @A: 10 31 16 15 | 02
#0265-d271 @A: 16 05 17 25 | 07
#0266-d271 @A: 05 21 24 22 | 01
#0267-d271 @A: 22 24 04 17 | 04
#0268-d271 @A: 24 27 17 15 | 09
#0269-d271 @A: 20 08 28 03 | 05
#0270-d271 @A: 27 06 12 20 | 12
#0271-d271 @A: 12 35 20 14 | 03
#0272-d271 @A: 14 32 21 20 | 10
#0273-d271 @A: 20 14 27 18 | 06
#0274-d271 @A: 11 20 24 31 | 11
#0275-d271 @A: 23 20 24 04 | 08
#0276-d271 @A: 27 20 07 35 | 02
#0277-d271 @A: 35 20 16 08 | 07
#0278-d271 @A: 12 20 01 07 | 01
#0279-d271 @A: 20 16 28 34 | 04
#0280-d271 @A: 22 12 16 20 | 09
#0281-d271 @A: 20 26 08 27 | 05
#0282-d271 @A: 33 31 34 03 | 12
#0283-d271 @A: 01 33 16 03 | 03
#0284-d271 @A: 24 03 17 06 | 10
#0285-d271 @A: 32 24 03 02 | 06
#0286-d271 @A: 30 07 21 03 | 11
#0287-d271 @A: 03 30 16 25 | 08
#0288-d271 @A: 03 22 09 24 | 02
#0289-d271 @A: 26 24 29 03 | 07
#0290-d271 @A: 05 22 03 12 | 01
#0291-d271 @A: 03 25 21 04 | 04
#0292-d271 @A: 26 03 21 22 | 09
#0293-d271 @A: 03 22 17 10 | 05
#0294-d271 @A: 07 33 02 06 | 12
#0295-d271 @A: 27 33 30 02 | 03
#0296-d271 @A: 02 29 33 04 | 10
#0297-d271 @A: 35 33 15 02 | 06
#0298-d271 @A: 33 25 30 29 | 11
#0299-d271 @A: 22 14 30 33 | 08
#0300-d271 @A: 30 12 33 31 | 02
#0301-d271 @A: 04 30 33 01 | 07
#0302-d271 @A: 33 07 34 29 | 01
#0303-d271 @A: 29 15 17 33 | 04
#0304-d271 @A: 25 35 11 33 | 09
#0305-d271 @A: 33 01 24 11 | 05
#0306-d271 @A: 16 23 33 32 | 12
#0307-d271 @A: 33 35 08 34 | 03
#0308-d271 @A: 19 24 31 33 | 10
#0309-d271 @A: 33 07 05 12 | 06
#0310-d271 @A: 07 33 15 24 | 11
#0311-d271 @A: 12 34 01 33 | 08
#0312-d271 @A: 33 27 34 26 | 02
#0313-d271 @A: 33 13 04 05 | 07
#0314-d271 @A: 32 33 01 27 | 01
#0315-d271 @A: 23 21 06 02 | 04
#0316-d271 @A: 06 02 34 05 | 09
#0317-d271 @A: 09 30 05 06 | 05
#0318-d271 @A: 22 09 19 06 | 12
#0319-d271 @A: 24 01 29 06 | 03
#0320-d271 @A: 04 16 11 06 | 10
#0321-d271 @A: 32 11 06 25 | 06
#0322-d271 @A: 28 24 06 10 | 11
#0323-d271 @A: 15 10 21 06 | 08
#0324-d271 @A: 06 04 25 17 | 02
#0325-d271 @A: 26 27 15 06 | 07
#0326-d271 @A: 31 13 27 06 | 01
#0327-d271 @A: 13 06 22 25 | 04
#0328-d271 @A: 31 02 09 28 | 09
#0329-d271 @A: 29 12 26 02 | 05
#0330-d271 @A: 02 16 29 27 | 12
#0331-d271 @A: 29 05 28 02 | 03
#0332-d271 @A: 14 21 35 02 | 10
#0333-d271 @A: 11 32 02 17 | 06
#0334-d271 @A: 22 02 35 19 | 11
#0335-d271 @A: 02 12 07 35 | 08
#0336-d271 @A: 19 01 10 02 | 02
#0337-d271 @A: 24 08 07 02 | 07
#0338-d271 @A: 05 02 21 01 | 01
#0339-d271 @A: 02 13 26 08 | 04
#0340-d271 @A: 18 02 13 25 | 09
#0341-d271 @A: 30 35 29 01 | 05
#0342-d271 @A: 14 23 12 30 | 12
#0343-d271 @A: 16 27 14 30 | 03
#0344-d271 @A: 30 24 14 05 | 10
#0345-d271 @A: 13 21 30 23 | 06
#0346-d271 @A: 21 30 04 34 | 11
#0347-d271 @A: 04 31 27 30 | 08
#0348-d271 @A: 04 15 30 25 | 02
#0349-d271 @A: 30 22 25 17 | 07
#0350-d271 @A: 11 14 09 15 | 01
#0351-d271 @A: 18 09 14 24 | 04
#0352-d271 @A: 35 09 10 21 | 09
#0353-d271 @A: 22 35 09 17 | 05
#0354-d271 @A: 34 09 16 18 | 12
#0355-d271 @A: 34 32 24 09 | 03
#0356-d271 @A: 16 09 31 08 | 10
#0357-d271 @A: 18 09 16 28 | 06
#0358-d271 @A: 09 21 26 05 | 11
#0359-d271 @A: 09 10 32 18 | 08
#0360-d271 @A: 29 10 07 35 | 02
#0361-d271 @A: 34 29 15 35 | 07
#0362-d271 @A: 07 29 16 13 | 01
#0363-d271 @A: 16 29 12 05 | 04
#0364-d271 @A: 18 17 29 01 | 09
#0365-d271 @A: 08 14 11 24 | 05
#0366-d271 @A: 24 19 14 10 | 12
#0367-d271 @A: 17 13 14 19 | 03
#0368-d271 @A: 14 12 07 25 | 10
#0369-d271 @A: 07 28 16 14 | 06
#0370-d271 @A: 24 28 14 18 | 11
#0371-d271 @A: 14 05 18 17 | 08
#0372-d271 @A: 14 27 04 32 | 02
#0373-d271 @A: 17 01 14 32 | 07
#0374-d271 @A: 26 13 11 19 | 01
#0375-d271 @A: 34 16 11 32 | 04
#0376-d271 @A: 22 18 24 11 | 09
#0377-d271 @A: 32 04 11 21 | 05
#0378-d271 @A: 28 31 11 21 | 12
#0379-d271 @A: 35 19 23 08 | 03
#0380-d271 @A: 04 35 23 26 | 10
#0381-d271 @A: 23 05 07 34 | 06
#0382-d271 @A: 28 22 07 23 | 11
#0383-d271 @A: 12 08 22 23 | 08
#0384-d271 @A: 08 17 05 23 | 02
#0385-d271 @A: 18 27 31 23 | 07
#0386-d271 @A: 07 35 34 22 | 01
#0387-d271 @A: 35 21 08 31 | 04
#0388-d271 @A: 32 08 35 01 | 09
#0389-d271 @A: 17 12 34 19 | 05
#0390-d271 @A: 18 34 01 19 | 12
#0391-d271 @A: 19 10 05 22 | 03
#0392-d271 @A: 05 25 19 15 | 10
#0393-d271 @A: 25 32 19 26 | 06
#0394-d271 @A: 17 31 22 19 | 11
#0395-d271 @A: 07 27 21 31 | 08
#0396-d271 @A: 08 15 07 13 | 02
#0397-d271 @A: 34 21 26 25 | 07
#0398-d271 @A: 01 27 05 34 | 01
#0399-d271 @A: 31 26 34 22 | 04
#0400-d271 @A: 27 18 34 22 | 09
#0401-d271 @A: 04 17 05 12 | 05
#0402-d271 @A: 18 26 04 12 | 12
#0403-d271 @A: 24 05 10 16 | 03
#0404-d271 @A: 17 24 16 26 | 10
#0405-d271 @A: 10 08 16 22 | 06
#0406-d271 @A: 21 10 24 26 | 11
#0407-d271 @A: 10 31 04 24 | 08
#0408-d271 @A: 33 27 20 24 | 02
#0409-d271 @A: 20 33 13 01 | 07
#0410-d271 @A: 02 20 06 01 | 01
#0411-d271 @A: 06 23 15 20 | 04
#0412-d271 @A: 06 20 21 07 | 09
#0413-d271 @A: 06 16 20 18 | 05
#0414-d271 @A: 17 20 14 02 | 12
#0415-d271 @A: 02 20 15 24 | 03
#0416-d271 @A: 07 25 30 20 | 10
#0417-d271 @A: 30 20 27 01 | 06
#0418-d271 @A: 29 20 31 23 | 11
#0419-d271 @A: 07 08 29 20 | 08
#0420-d271 @A: 34 14 05 20 | 02
#0421-d271 @A: 26 34 20 18 | 07
#0422-d271 @A: 21 08 24 20 | 01
#0423-d271 @A: 17 27 05 20 | 04
#0424-d271 @A: 26 20 01 17 | 09
#0425-d271 @A: 08 03 33 02 | 05
#0426-d271 @A: 03 33 13 24 | 12
#0427-d271 @A: 10 03 23 06 | 03
#0428-d271 @A: 02 19 03 17 | 10
#0429-d271 @A: 30 13 18 03 | 06
#0430-d271 @A: 26 14 19 03 | 11
#0431-d271 @A: 11 13 01 03 | 08
#0432-d271 @A: 32 03 05 23 | 02
#0433-d271 @A: 31 07 35 03 | 07
#0434-d271 @A: 34 03 35 01 | 01
#0435-d271 @A: 03 05 19 34 | 04
#0436-d271 @A: 22 19 03 28 | 09
#0437-d271 @A: 12 32 03 28 | 05
#0438-d271 @A: 08 03 16 21 | 12
#0439-d271 @A: 03 10 25 26 | 03
#0440-d271 @A: 17 03 04 27 | 10
#0441-d271 @A: 33 06 14 15 | 06
#0442-d271 @A: 33 06 11 28 | 11
#0443-d271 @A: 02 25 33 12 | 08
#0444-d271 @A: 35 33 01 14 | 02
#0445-d271 @A: 32 33 12 13 | 07
#0446-d271 @A: 33 10 16 25 | 01
#0447-d271 @A: 33 10 15 08 | 04
#0448-d271 @A: 04 33 27 10 | 09
#0449-d271 @A: 10 26 31 33 | 05
#0450-d271 @A: 06 12 09 28 | 12
#0451-d271 @A: 21 16 09 06 | 03
#0452-d271 @A: 06 18 35 29 | 10
#0453-d271 @A: 29 17 06 08 | 06
#0454-d271 @A: 28 08 05 06 | 11
#0455-d271 @A: 08 01 06 25 | 08
#0456-d271 @A: 06 04 27 18 | 02
#0457-d271 @A: 13 02 07 30 | 07
#0458-d271 @A: 16 08 30 02 | 01
#0459-d271 @A: 02 09 29 31 | 04
#0460-d271 @A: 02 11 24 16 | 09
#0461-d271 @A: 34 21 02 31 | 05
#0462-d271 @A: 21 25 02 08 | 12
#0463-d271 @A: 02 04 17 21 | 03
#0464-d271 @A: 02 17 22 05 | 10
#0465-d271 @A: 01 04 02 31 | 06
#0466-d271 @A: 04 02 13 22 | 11
#0467-d271 @A: 18 02 17 26 | 08
#0468-d271 @A: 21 22 09 30 | 02
#0469-d271 @A: 22 30 23 29 | 07
#0470-d271 @A: 25 30 14 01 | 01
#0471-d271 @A: 23 30 10 07 | 04
#0472-d271 @A: 13 30 35 04 | 09
#0473-d271 @A: 27 34 08 30 | 05
#0474-d271 @A: 24 28 30 26 | 12
#0475-d271 @A: 32 17 31 30 | 03
#0476-d271 @A: 18 25 30 31 | 10
#0477-d271 @A: 01 28 31 30 | 06
#0478-d271 @A: 27 17 13 30 | 11
#0479-d271 @A: 14 09 22 05 | 08
#0480-d271 @A: 32 09 35 07 | 02
#0481-d271 @A: 12 09 24 01 | 07
#0482-d271 @A: 09 24 31 26 | 01
#0483-d271 @A: 15 26 09 10 | 04
#0484-d271 @A: 18 31 09 04 | 09
#0485-d271 @A: 32 31 09 15 | 05
#0486-d271 @A: 27 09 25 28 | 12
#0487-d271 @A: 29 23 26 14 | 03
#0488-d271 @A: 29 08 16 11 | 10
#0489-d271 @A: 11 29 01 25 | 06
#0490-d271 @A: 15 29 21 19 | 11
#0491-d271 @A: 34 21 29 24 | 08
#0492-d271 @A: 18 10 04 29 | 02
#0493-d271 @A: 25 04 27 29 | 07
#0494-d271 @A: 17 26 29 22 | 01
#0495-d271 @A: 31 17 29 27 | 04
#0496-d271 @A: 28 29 13 31 | 09
#0497-d271 @A: 34 10 11 14 | 05
#0498-d271 @A: 14 24 13 23 | 12
#0499-d271 @A: 31 16 14 19 | 03
#0500-d271 @A: 17 07 04 14 | 10
#0501-d271 @A: 24 27 14 34 | 06
#0502-d271 @A: 26 32 14 16 | 11
#0503-d271 @A: 22 13 01 14 | 08
#0504-d271 @A: 24 04 19 11 | 02
#0505-d271 @A: 26 24 11 07 | 07
#0506-d271 @A: 21 11 34 01 | 01
#0507-d271 @A: 25 26 31 11 | 04
#0508-d271 @A: 15 11 32 13 | 09
#0509-d271 @A: 23 07 22 26 | 05
#0510-d271 @A: 23 21 04 05 | 12
#0511-d271 @A: 18 28 23 08 | 03
#0512-d271 @A: 23 18 05 26 | 10
#0513-d271 @A: 32 23 04 25 | 06
#0514-d271 @A: 24 17 35 19 | 11
#0515-d271 @A: 34 24 10 35 | 08
#0516-d271 @A: 05 35 22 01 | 02
#0517-d271 @A: 19 05 07 26 | 07
#0518-d271 @A: 34 22 24 19 | 01
#0519-d271 @A: 27 19 16 04 | 04
#0520-d271 @A: 19 25 10 13 | 09
#0521-d271 @A: 04 01 10 07 | 05
#0522-d271 @A: 07 04 27 22 | 12
#0523-d271 @A: 34 12 10 16 | 03
#0524-d271 @A: 12 31 24 34 | 10
#0525-d271 @A: 04 13 27 34 | 06
#0526-d271 @A: 15 32 34 18 | 11
#0527-d271 @A: 21 12 27 05 | 08
#0528-d271 @A: 21 22 13 12 | 02
#0529-d271 @A: 15 18 21 12 | 07
#0530-d271 @A: 10 01 12 08 | 01
#0531-d271 @A: 12 22 27 17 | 04
#0532-d271 @A: 13 17 08 16 | 09
#0533-d271 @A: 15 01 28 16 | 05
#0534-d271 @A: 08 05 25 24 | 12
#0535-d271 @A: 05 18 01 24 | 03
#0536-d271 @A: 25 22 24 32 | 10
#0537-d271 @A: 28 22 15 24 | 06
#0538-d271 @A: 04 31 22 28 | 11
#0539-d271 @A: 28 22 18 26 | 08
#0540-d271 @A: 24 20 26 06 | 02
#0541-d271 @A: 31 02 30 20 | 07
#0542-d271 @A: 20 27 11 02 | 01
#0543-d271 @A: 04 20 02 12 | 04
#0544-d271 @A: 20 22 30 19 | 09
#0545-d271 @A: 35 20 09 28 | 05
#0546-d271 @A: 35 20 17 29 | 12
#0547-d271 @A: 29 20 27 34 | 03
#0548-d271 @A: 26 29 25 20 | 10
#0549-d271 @A: 19 14 20 08 | 06
#0550-d271 @A: 12 11 18 20 | 11
#0551-d271 @A: 15 20 11 05 | 08
#0552-d271 @A: 13 23 18 20 | 02
#0553-d271 @A: 20 07 31 19 | 07
#0554-d271 @A: 13 24 19 20 | 01
#0555-d271 @A: 12 20 08 34 | 04
#0556-d271 @A: 20 17 25 10 | 09
#0557-d271 @A: 31 20 22 05 | 05
#0558-d271 @A: 20 32 18 04 | 12
#0559-d271 @A: 20 31 26 28 | 03
#0560-d271 @A: 33 03 25 23 | 10
#0561-d271 @A: 19 04 03 33 | 06
#0562-d271 @A: 03 32 22 06 | 11
#0563-d271 @A: 11 03 31 02 | 08
#0564-d271 @A: 02 23 04 03 | 02
#0565-d271 @A: 35 30 26 03 | 07
#0566-d271 @A: 09 15 29 03 | 01
#0567-d271 @A: 18 03 17 09 | 04
#0568-d271 @A: 08 34 03 29 | 09
#0569-d271 @A: 03 11 05 17 | 05
#0570-d271 @A: 12 03 31 19 | 12
#0571-d271 @A: 34 27 03 07 | 03
#0572-d271 @A: 05 28 03 07 | 10
#0573-d271 @A: 08 22 03 13 | 06
#0574-d271 @A: 10 03 15 04 | 11
#0575-d271 @A: 31 10 27 03 | 08
#0576-d271 @A: 01 15 03 32 | 02
#0577-d271 @A: 09 06 25 33 | 07
#0578-d271 @A: 13 33 23 06 | 01
#0579-d271 @A: 06 27 33 19 | 04
#0580-d271 @A: 05 06 33 10 | 09
#0581-d271 @A: 35 09 05 33 | 05
#0582-d271 @A: 31 33 09 07 | 12
#0583-d271 @A: 35 33 12 29 | 03
#0584-d271 @A: 27 07 14 33 | 10
#0585-d271 @A: 10 33 07 11 | 06
#0586-d271 @A: 24 07 33 28 | 11
#0587-d271 @A: 25 33 24 34 | 08
#0588-d271 @A: 33 32 21 10 | 02
#0589-d271 @A: 25 26 08 33 | 07
#0590-d271 @A: 33 18 31 32 | 01
#0591-d271 @A: 06 22 02 08 | 04
#0592-d271 @A: 28 30 06 04 | 09
#0593-d271 @A: 35 26 06 14 | 05
#0594-d271 @A: 06 26 08 19 | 12
#0595-d271 @A: 28 18 06 07 | 03
#0596-d271 @A: 21 17 06 27 | 10
#0597-d271 @A: 06 25 28 22 | 06
#0598-d271 @A: 30 02 34 35 | 11
#0599-d271 @A: 35 28 30 02 | 08
#0600-d271 @A: 05 09 02 19 | 02
#0601-d271 @A: 02 32 09 22 | 07
#0602-d271 @A: 02 23 32 35 | 01
#0603-d271 @A: 02 12 08 19 | 04
#0604-d271 @A: 26 02 24 19 | 09
#0605-d271 @A: 13 02 31 19 | 05
#0606-d271 @A: 07 02 21 16 | 12
#0607-d271 @A: 02 32 21 18 | 03
#0608-d271 @A: 27 02 01 15 | 10
#0609-d271 @A: 02 01 17 13 | 06
#0610-d271 @A: 14 30 28 09 | 11
#0611-d271 @A: 04 30 16 09 | 08
#0612-d271 @A: 13 12 29 30 | 02
#0613-d271 @A: 16 17 23 30 | 07
#0614-d271 @A: 27 12 30 07 | 01
#0615-d271 @A: 07 05 16 30 | 04
#0616-d271 @A: 18 34 24 30 | 09
#0617-d271 @A: 24 12 30 16 | 05
#0618-d271 @A: 32 24 26 30 | 12
#0619-d271 @A: 32 28 30 21 | 03
#0620-d271 @A: 05 17 30 10 | 10
#0621-d271 @A: 22 30 32 10 | 06
#0622-d271 @A: 13 30 10 01 | 11
#0623-d271 @A: 15 01 26 30 | 08
#0624-d271 @A: 13 30 26 25 | 02
#0625-d271 @A: 09 16 11 17 | 07
#0626-d271 @A: 31 09 23 01 | 01
#0627-d271 @A: 24 28 09 34 | 04
#0628-d271 @A: 09 12 26 16 | 09
#0629-d271 @A: 10 09 31 25 | 05
#0630-d271 @A: 09 22 25 15 | 12
#0631-d271 @A: 23 25 29 16 | 03
#0632-d271 @A: 04 35 16 29 | 10
#0633-d271 @A: 07 29 04 31 | 06
#0634-d271 @A: 10 29 31 12 | 11
#0635-d271 @A: 32 27 29 21 | 08
#0636-d271 @A: 26 31 29 13 | 02
#0637-d271 @A: 19 25 14 11 | 07
#0638-d271 @A: 17 11 14 27 | 01
#0639-d271 @A: 19 14 27 35 | 04
#0640-d271 @A: 12 14 28 35 | 09
#0641-d271 @A: 34 19 14 15 | 05
#0642-d271 @A: 12 08 05 14 | 12
#0643-d271 @A: 10 14 15 25 | 03
#0644-d271 @A: 25 27 14 26 | 10
#0645-d271 @A: 23 11 13 16 | 06
#0646-d271 @A: 32 19 11 35 | 11
#0647-d271 @A: 11 28 12 22 | 08
#0648-d271 @A: 16 10 18 11 | 02
#0649-d271 @A: 11 21 25 22 | 07
#0650-d271 @A: 31 15 04 11 | 01
#0651-d271 @A: 11 31 18 01 | 04
#0652-d271 @A: 23 21 15 25 | 09
#0653-d271 @A: 23 08 15 32 | 05
#0654-d271 @A: 10 01 25 23 | 12
#0655-d271 @A: 23 26 13 15 | 03
#0656-d271 @A: 35 07 24 18 | 10
#0657-d271 @A: 12 35 32 34 | 06
#0658-d271 @A: 18 35 12 27 | 11
#0659-d271 @A: 21 35 01 13 | 08
#0660-d271 @A: 19 07 17 18 | 02
#0661-d271 @A: 19 25 34 16 | 07
#0662-d271 @A: 28 34 19 08 | 01
#0663-d271 @A: 12 19 28 24 | 04
#0664-d271 @A: 27 24 19 25 | 09
#0665-d271 @A: 18 19 26 21 | 05
#0666-d271 @A: 19 08 13 01 | 12
#0667-d271 @A: 34 07 08 01 | 03
#0668-d271 @A: 08 28 07 26 | 10
#0669-d271 @A: 07 10 22 31 | 06
#0670-d271 @A: 07 27 26 32 | 11
#0671-d271 @A: 21 27 34 28 | 08
#0672-d271 @A: 08 17 18 34 | 02
#0673-d271 @A: 17 04 34 01 | 07
#0674-d271 @A: 12 15 26 08 | 01
#0675-d271 @A: 12 01 13 04 | 04
#0676-d271 @A: 31 12 28 25 | 09
#0677-d271 @A: 12 01 28 18 | 05
#0678-d271 @A: 12 01 27 25 | 12
#0679-d271 @A: 22 21 01 16 | 03
#0680-d271 @A: 05 27 16 15 | 10
#0681-d271 @A: 31 32 16 27 | 06
#0682-d271 @A: 18 24 13 17 | 11
#0683-d271 @A: 08 28 01 25 | 08
#0684-d271 @A: 10 28 05 01 | 02
#0685-d271 @A: 01 28 05 27 | 07
#0686-d271 @A: 20 01 10 03 | 01
#0687-d271 @A: 33 34 21 20 | 04
#0688-d271 @A: 32 06 09 20 | 09
#0689-d271 @A: 23 08 02 20 | 05
#0690-d271 @A: 05 20 07 02 | 12
#0691-d271 @A: 29 32 20 12 | 03
#0692-d271 @A: 14 16 20 24 | 10
#0693-d271 @A: 11 34 20 23 | 06
#0694-d271 @A: 20 23 10 27 | 11
#0695-d271 @A: 19 35 01 20 | 08
#0696-d271 @A: 10 21 20 05 | 02
#0697-d271 @A: 21 27 04 20 | 07
#0698-d271 @A: 20 32 27 22 | 01
#0699-d271 @A: 26 33 07 03 | 04
#0700-d271 @A: 29 03 12 06 | 09
#0701-d271 @A: 18 03 06 26 | 05
#0702-d271 @A: 03 02 35 05 | 12
#0703-d271 @A: 03 09 31 30 | 03
#0704-d271 @A: 03 35 29 28 | 10
#0705-d271 @A: 14 03 22 34 | 06
#0706-d271 @A: 21 03 34 23 | 11
#0707-d271 @A: 08 07 19 03 | 08
#0708-d271 @A: 03 13 28 34 | 02
#0709-d271 @A: 16 03 04 12 | 07
#0710-d271 @A: 25 18 12 03 | 01
#0711-d271 @A: 31 24 08 03 | 04
#0712-d271 @A: 32 17 03 21 | 09
#0713-d271 @A: 01 28 04 03 | 05
#0714-d271 @A: 03 17 13 31 | 12
#0715-d271 @A: 06 33 32 35 | 03
#0716-d271 @A: 06 01 26 33 | 10
#0717-d271 @A: 33 17 02 23 | 06
#0718-d271 @A: 16 33 30 13 | 11
#0719-d271 @A: 26 33 09 23 | 08
#0720-d271 @A: 33 09 16 15 | 02
#0721-d271 @A: 33 19 07 25 | 07
#0722-d271 @A: 19 33 16 08 | 01
#0723-d271 @A: 28 33 04 19 | 04
#0724-d271 @A: 28 33 24 16 | 09
#0725-d271 @A: 33 21 17 25 | 05
#0726-d271 @A: 26 17 33 05 | 12
#0727-d271 @A: 33 31 28 05 | 03
#0728-d271 @A: 18 22 33 04 | 10
#0729-d271 @A: 32 26 22 33 | 06
#0730-d271 @A: 15 18 01 33 | 11
#0731-d271 @A: 30 06 26 02 | 08
#0732-d271 @A: 02 24 31 06 | 02
#0733-d271 @A: 14 30 06 17 | 07
#0734-d271 @A: 11 14 06 21 | 01
#0735-d271 @A: 06 07 08 18 | 04
#0736-d271 @A: 06 13 21 08 | 09
#0737-d271 @A: 06 21 04 01 | 05
#0738-d271 @A: 08 04 31 06 | 12
#0739-d271 @A: 06 27 22 10 | 03
#0740-d271 @A: 30 32 02 29 | 10
#0741-d271 @A: 18 12 09 02 | 06
#0742-d271 @A: 25 28 02 14 | 11
#0743-d271 @A: 11 02 13 34 | 08
#0744-d271 @A: 23 22 34 02 | 02
#0745-d271 @A: 26 16 02 23 | 07
#0746-d271 @A: 01 26 02 07 | 01
#0747-d271 @A: 12 10 02 32 | 04
#0748-d271 @A: 16 02 22 28 | 09
#0749-d271 @A: 25 02 04 10 | 05
#0750-d271 @A: 30 09 25 11 | 12
#0751-d271 @A: 29 05 30 34 | 03
#0752-d271 @A: 14 30 11 18 | 10
#0753-d271 @A: 13 30 08 14 | 06
#0754-d271 @A: 04 23 11 30 | 11
#0755-d271 @A: 07 28 12 30 | 08
#0756-d271 @A: 18 26 10 30 | 02
#0757-d271 @A: 05 30 15 31 | 07
#0758-d271 @A: 13 31 30 22 | 01
#0759-d271 @A: 18 01 30 32 | 04
#0760-d271 @A: 30 27 32 25 | 09
#0761-d271 @A: 09 35 29 27 | 05
#0762-d271 @A: 29 25 34 09 | 12
#0763-d271 @A: 04 09 19 23 | 03
#0764-d271 @A: 09 16 01 35 | 10
#0765-d271 @A: 16 09 07 22 | 06
#0766-d271 @A: 12 09 32 25 | 11
#0767-d271 @A: 05 31 09 13 | 08
#0768-d271 @A: 26 32 17 09 | 02
#0769-d271 @A: 18 19 14 29 | 07
#0770-d271 @A: 28 21 29 14 | 01
#0771-d271 @A: 29 23 19 17 | 04
#0772-d271 @A: 32 34 23 29 | 09
#0773-d271 @A: 29 24 16 19 | 05
#0774-d271 @A: 29 34 17 10 | 12
#0775-d271 @A: 29 16 22 18 | 03
#0776-d271 @A: 13 29 21 17 | 10
#0777-d271 @A: 04 05 22 29 | 06
#0778-d271 @A: 26 29 17 28 | 11
#0779-d271 @A: 18 29 32 25 | 08
#0780-d271 @A: 07 14 11 23 | 02
#0781-d271 @A: 35 14 08 07 | 07
#0782-d271 @A: 14 07 22 19 | 01
#0783-d271 @A: 12 26 24 14 | 04
#0784-d271 @A: 12 14 31 22 | 09
#0785-d271 @A: 08 21 14 17 | 05
#0786-d271 @A: 05 25 14 21 | 12
#0787-d271 @A: 31 21 01 14 | 03
#0788-d271 @A: 01 14 27 10 | 10
#0789-d271 @A: 11 35 12 08 | 06
#0790-d271 @A: 11 19 22 16 | 11
#0791-d271 @A: 11 07 34 18 | 08
#0792-d271 @A: 31 11 12 27 | 02
#0793-d271 @A: 13 28 11 24 | 07
#0794-d271 @A: 11 08 21 10 | 01
#0795-d271 @A: 11 31 10 32 | 04
#0796-d271 @A: 32 11 18 26 | 09
#0797-d271 @A: 07 21 24 23 | 05
#0798-d271 @A: 18 23 16 12 | 12
#0799-d271 @A: 12 27 32 23 | 03
#0800-d271 @A: 27 28 23 32 | 10
#0801-d271 @A: 26 35 19 12 | 06
#0802-d271 @A: 35 21 34 16 | 11
#0803-d271 @A: 34 35 27 31 | 08
#0804-d271 @A: 28 35 16 10 | 02
#0805-d271 @A: 31 13 35 10 | 07
#0806-d271 @A: 32 22 31 35 | 01
#0807-d271 @A: 31 01 17 35 | 04
#0808-d271 @A: 18 35 32 13 | 09
#0809-d271 @A: 27 01 19 31 | 05
#0810-d271 @A: 07 12 18 32 | 12
#0811-d271 @A: 26 15 07 04 | 03
#0812-d271 @A: 07 27 26 28 | 10
#0813-d271 @A: 07 27 15 18 | 06
#0814-d271 @A: 22 13 34 16 | 11
#0815-d271 @A: 34 28 08 17 | 08
#0816-d271 @A: 01 13 15 34 | 02
#0817-d271 @A: 28 31 12 10 | 07
#0818-d271 @A: 32 12 01 05 | 01
#0819-d271 @A: 15 13 05 12 | 04
#0820-d271 @A: 18 01 12 22 | 09
#0821-d271 @A: 25 12 17 13 | 05
#0822-d271 @A: 16 21 32 24 | 12
#0823-d271 @A: 27 08 16 18 | 03
#0824-d271 @A: 10 01 16 32 | 10
#0825-d271 @A: 16 18 32 05 | 06
#0826-d271 @A: 15 26 25 16 | 11
#0827-d271 @A: 24 21 18 31 | 08
#0828-d271 @A: 03 19 20 27 | 02
#0829-d271 @A: 06 28 32 20 | 07
#0830-d271 @A: 20 18 30 29 | 01
#0831-d271 @A: 26 23 20 30 | 04
#0832-d271 @A: 13 34 30 20 | 09
#0833-d271 @A: 16 30 32 20 | 05
#0834-d271 @A: 09 17 20 19 | 12
#0835-d271 @A: 22 14 20 04 | 03
#0836-d271 @A: 22 14 28 20 | 10
#0837-d271 @A: 07 32 20 23 | 06
#0838-d271 @A: 23 16 20 05 | 11
#0839-d271 @A: 34 25 35 20 | 08
#0840-d271 @A: 20 18 15 19 | 02
#0841-d271 @A: 34 17 20 07 | 07
#0842-d271 @A: 21 20 28 07 | 01
#0843-d271 @A: 34 20 31 10 | 04
#0844-d271 @A: 22 13 17 20 | 09
#0845-d271 @A: 03 33 22 11 | 05
#0846-d271 @A: 03 19 06 30 | 12
#0847-d271 @A: 34 18 03 02 | 03
#0848-d271 @A: 30 03 27 05 | 10
#0849-d271 @A: 23 12 09 03 | 06
#0850-d271 @A: 09 03 05 16 | 11
#0851-d271 @A: 23 03 31 16 | 08
#0852-d271 @A: 13 10 03 12 | 02
#0853-d271 @A: 03 21 15 31 | 07
#0854-d271 @A: 08 17 03 01 | 01
#0855-d271 @A: 31 03 05 04 | 04
#0856-d271 @A: 27 18 32 03 | 09
#0857-d271 @A: 17 31 06 33 | 05
#0858-d271 @A: 33 24 02 05 | 12
#0859-d271 @A: 30 11 33 26 | 03
#0860-d271 @A: 10 19 29 33 | 10
#0861-d271 @A: 21 29 33 31 | 06
#0862-d271 @A: 21 33 23 14 | 11
#0863-d271 @A: 05 14 33 19 | 08
#0864-d271 @A: 12 33 14 18 | 02
#0865-d271 @A: 33 16 14 04 | 07
#0866-d271 @A: 17 24 14 33 | 01
#0867-d271 @A: 23 33 07 01 | 04
#0868-d271 @A: 21 35 33 27 | 09
#0869-d271 @A: 27 08 31 33 | 05
#0870-d271 @A: 01 31 05 33 | 12
#0871-d271 @A: 33 25 04 31 | 03
#0872-d271 @A: 31 15 33 13 | 10
#0873-d271 @A: 28 33 22 17 | 06
#0874-d271 @A: 01 32 33 28 | 11
#0875-d271 @A: 33 13 27 25 | 08
#0876-d271 @A: 09 31 34 06 | 02
#0877-d271 @A: 13 06 29 34 | 07
#0878-d271 @A: 32 06 29 31 | 01
#0879-d271 @A: 31 06 11 23 | 04
#0880-d271 @A: 06 19 11 18 | 09
#0881-d271 @A: 11 06 07 05 | 05
#0882-d271 @A: 11 06 01 27 | 12
#0883-d271 @A: 35 06 12 21 | 03
#0884-d271 @A: 21 19 24 06 | 10
#0885-d271 @A: 17 07 06 22 | 06
#0886-d271 @A: 34 32 06 27 | 11
#0887-d271 @A: 32 06 08 10 | 08
#0888-d271 @A: 22 05 18 06 | 02
#0889-d271 @A: 17 15 13 06 | 07
#0890-d271 @A: 02 14 12 15 | 01
#0891-d271 @A: 14 08 10 02 | 04
#0892-d271 @A: 25 02 11 07 | 09
#0893-d271 @A: 02 23 01 28 | 05
#0894-d271 @A: 24 02 13 35 | 12
#0895-d271 @A: 21 02 27 10 | 03
#0896-d271 @A: 15 02 08 04 | 10
#0897-d271 @A: 02 10 05 13 | 06
#0898-d271 @A: 26 29 30 07 | 11
#0899-d271 @A: 34 14 30 31 | 08
#0900-d271 @A: 11 24 30 27 | 02
#0901-d271 @A: 27 28 19 30 | 07
#0902-d271 @A: 30 12 26 17 | 01
#0903-d271 @A: 31 30 26 16 | 04
#0904-d271 @A: 30 15 21 32 | 09
#0905-d271 @A: 31 08 30 01 | 05
#0906-d271 @A: 04 30 26 05 | 12
#0907-d271 @A: 11 29 09 13 | 03
#0908-d271 @A: 09 16 32 29 | 10
#0909-d271 @A: 24 29 09 10 | 06
#0910-d271 @A: 05 17 29 09 | 11
#0911-d271 @A: 13 27 14 09 | 08
#0912-d271 @A: 11 10 12 09 | 02
#0913-d271 @A: 23 07 09 08 | 07
#0914-d271 @A: 07 17 09 24 | 01
#0915-d271 @A: 27 17 09 34 | 04
#0916-d271 @A: 09 21 01 32 | 09
#0917-d271 @A: 14 22 35 29 | 05
#0918-d271 @A: 22 29 11 34 | 12
#0919-d271 @A: 17 11 24 29 | 03
#0920-d271 @A: 29 11 31 05 | 10
#0921-d271 @A: 05 23 35 29 | 06
#0922-d271 @A: 21 29 12 23 | 11
#0923-d271 @A: 18 12 29 34 | 08
#0924-d271 @A: 28 32 34 29 | 02
#0925-d271 @A: 29 27 15 08 | 07
#0926-d271 @A: 28 18 29 10 | 01
#0927-d271 @A: 25 29 13 05 | 04
#0928-d271 @A: 11 01 12 14 | 09
#0929-d271 @A: 18 14 25 23 | 05
#0930-d271 @A: 28 15 14 23 | 12
#0931-d271 @A: 19 12 14 04 | 03
#0932-d271 @A: 15 04 14 05 | 10
#0933-d271 @A: 16 11 28 23 | 06
#0934-d271 @A: 16 11 27 35 | 11
#0935-d271 @A: 15 11 34 24 | 08
#0936-d271 @A: 32 11 27 08 | 02
#0937-d271 @A: 26 27 10 11 | 07
#0938-d271 @A: 11 28 04 32 | 01
#0939-d271 @A: 13 04 11 25 | 04
#0940-d271 @A: 35 23 10 16 | 09
#0941-d271 @A: 16 23 15 01 | 05
#0942-d271 @A: 05 10 23 31 | 12
#0943-d271 @A: 18 23 04 01 | 03
#0944-d271 @A: 32 23 01 26 | 10
#0945-d271 @A: 10 08 35 04 | 06
#0946-d271 @A: 15 18 35 04 | 11
#0947-d271 @A: 22 01 35 28 | 08
#0948-d271 @A: 27 19 32 15 | 02
#0949-d271 @A: 24 07 12 04 | 07
#0950-d271 @A: 17 01 27 07 | 01
#0951-d271 @A: 24 05 34 13 | 04
#0952-d271 @A: 25 27 34 10 | 09
#0953-d271 @A: 05 34 17 15 | 05
#0954-d271 @A: 26 12 28 16 | 12
#0955-d271 @A: 21 10 12 25 | 03
#0956-d271 @A: 08 13 12 18 | 10
#0957-d271 @A: 05 13 28 12 | 06
#0958-d271 @A: 25 16 24 13 | 11
#0959-d271 @A: 16 01 18 26 | 08
#0960-d271 @A: 22 25 31 16 | 02
#0961-d271 @A: 16 18 13 31 | 07
#0962-d271 @A: 05 17 24 32 | 01
#0963-d271 @A: 04 24 01 32 | 04
#0964-d271 @A: 04 21 13 28 | 09
#0965-d271 @A: 25 28 21 26 | 05
#0966-d271 @A: 13 28 25 10 | 12
#0967-d271 @A: 25 14 20 33 | 03
#0968-d271 @A: 23 33 19 20 | 10
#0969-d271 @A: 35 10 33 20 | 06
#0970-d271 @A: 33 07 18 20 | 11
#0971-d271 @A: 11 20 06 17 | 08
#0972-d271 @A: 20 05 06 35 | 02
#0973-d271 @A: 20 19 25 06 | 07
#0974-d271 @A: 35 20 15 09 | 01
#0975-d271 @A: 01 14 23 20 | 04
#0976-d271 @A: 10 11 19 20 | 09
#0977-d271 @A: 16 17 20 21 | 05
#0978-d271 @A: 20 32 17 08 | 12
#0979-d271 @A: 20 18 31 17 | 03
#0980-d271 @A: 33 03 21 06 | 10
#0981-d271 @A: 03 15 33 12 | 06
#0982-d271 @A: 02 03 06 13 | 11
#0983-d271 @A: 14 06 05 03 | 08
#0984-d271 @A: 28 26 03 06 | 02
#0985-d271 @A: 27 14 03 02 | 07
#0986-d271 @A: 17 29 30 03 | 01
#0987-d271 @A: 03 29 32 35 | 04
#0988-d271 @A: 19 03 29 25 | 09
#0989-d271 @A: 18 29 07 03 | 05
#0990-d271 @A: 14 12 32 03 | 12
#0991-d271 @A: 03 04 24 34 | 03
#0992-d271 @A: 03 32 26 08 | 10
#0993-d271 @A: 08 27 25 03 | 06
#0994-d271 @A: 31 25 03 32 | 11
#0995-d271 @A: 10 02 28 33 | 08
#0996-d271 @A: 33 30 10 09 | 02
#0997-d271 @A: 33 30 34 17 | 07
#0998-d271 @A: 33 14 08 09 | 01
#0999-d271 @A: 19 33 01 21 | 04
#1000-d271 @A: 32 19 17 33 | 09
#1001-d271 @A: 24 33 08 12 | 05
#1002-d271 @A: 10 33 18 24 | 12
#1003-d271 @A: 05 21 33 15 | 03
#1004-d271 @A: 18 06 14 02 | 10
#1005-d271 @A: 06 08 30 35 | 06
#1006-d271 @A: 09 07 06 04 | 11
#1007-d271 @A: 29 06 23 28 | 08
#1008-d271 @A: 06 23 01 34 | 02
#1009-d271 @A: 06 16 19 17 | 07
#1010-d271 @A: 07 26 12 06 | 01
#1011-d271 @A: 31 06 18 12 | 04
#1012-d271 @A: 06 31 21 22 | 09
#1013-d271 @A: 06 27 25 05 | 05
#1014-d271 @A: 22 06 26 04 | 12
#1015-d271 @A: 28 15 31 06 | 03
#1016-d271 @A: 02 14 30 04 | 10
#1017-d271 @A: 05 02 30 23 | 06
#1018-d271 @A: 12 21 30 02 | 11
#1019-d271 @A: 22 14 02 11 | 08
#1020-d271 @A: 31 02 14 23 | 02
#1021-d271 @A: 11 05 12 02 | 07
#1022-d271 @A: 18 23 02 07 | 01
#1023-d271 @A: 27 02 19 07 | 04
#1024-d271 @A: 16 19 15 02 | 09
#1025-d271 @A: 01 02 08 18 | 05
#1026-d271 @A: 32 26 04 02 | 12
#1027-d271 @A: 27 02 26 31 | 03
#1028-d271 @A: 13 02 28 26 | 10
#1029-d271 @A: 14 10 30 29 | 06
#1030-d271 @A: 31 30 29 19 | 11
#1031-d271 @A: 21 14 19 30 | 08
#1032-d271 @A: 12 11 32 30 | 02
#1033-d271 @A: 23 08 18 30 | 07
#1034-d271 @A: 17 30 07 35 | 01
#1035-d271 @A: 07 30 04 19 | 04
#1036-d271 @A: 27 21 30 18 | 09
#1037-d271 @A: 26 19 29 09 | 05
#1038-d271 @A: 09 21 04 29 | 12
#1039-d271 @A: 09 14 21 34 | 03
#1040-d271 @A: 14 09 12 17 | 10
#1041-d271 @A: 23 09 22 11 | 06
#1042-d271 @A: 07 11 27 09 | 11
#1043-d271 @A: 15 09 12 04 | 08
#1044-d271 @A: 18 09 26 25 | 02
#1045-d271 @A: 07 21 14 29 | 07
#1046-d271 @A: 14 29 04 08 | 01
#1047-d271 @A: 07 19 11 29 | 04
#1048-d271 @A: 11 29 15 28 | 09
#1049-d271 @A: 29 19 13 35 | 05
#1050-d271 @A: 32 19 08 29 | 12
#1051-d271 @A: 28 08 12 29 | 03
#1052-d271 @A: 10 26 32 29 | 10
#1053-d271 @A: 01 05 29 15 | 06
#1054-d271 @A: 29 26 15 18 | 11
#1055-d271 @A: 27 26 01 29 | 08
#1056-d271 @A: 29 22 31 01 | 02
#1057-d271 @A: 05 31 35 14 | 07
#1058-d271 @A: 13 14 10 21 | 01
#1059-d271 @A: 14 26 18 08 | 04
#1060-d271 @A: 04 28 05 14 | 09
#1061-d271 @A: 35 28 11 34 | 05
#1062-d271 @A: 11 21 24 35 | 12
#1063-d271 @A: 11 21 12 19 | 03
#1064-d271 @A: 11 08 19 05 | 10
#1065-d271 @A: 01 11 07 32 | 06
#1066-d271 @A: 08 26 34 11 | 11
#1067-d271 @A: 04 27 11 05 | 08
#1068-d271 @A: 22 15 11 26 | 02
#1069-d271 @A: 13 22 11 27 | 07
#1070-d271 @A: 25 27 11 18 | 01
#1071-d271 @A: 35 23 13 34 | 04
#1072-d271 @A: 19 21 23 16 | 09
#1073-d271 @A: 18 32 19 23 | 05
#1074-d271 @A: 34 08 10 23 | 12
#1075-d271 @A: 21 01 08 23 | 03
#1076-d271 @A: 05 01 13 23 | 10
#1077-d271 @A: 35 07 19 15 | 06
#1078-d271 @A: 19 35 28 18 | 11
#1079-d271 @A: 24 35 12 05 | 08
#1080-d271 @A: 35 17 28 21 | 02
#1081-d271 @A: 25 10 32 35 | 07
#1082-d271 @A: 35 05 26 27 | 01
#1083-d271 @A: 35 22 15 13 | 04
#1084-d271 @A: 04 19 21 13 | 09
#1085-d271 @A: 15 22 08 19 | 05
#1086-d271 @A: 15 04 01 19 | 12
#1087-d271 @A: 19 27 26 17 | 03
#1088-d271 @A: 19 13 18 22 | 10
#1089-d271 @A: 01 17 25 19 | 06
#1090-d271 @A: 19 28 25 15 | 11
#1091-d271 @A: 18 21 01 07 | 08
#1092-d271 @A: 07 10 08 26 | 02
#1093-d271 @A: 07 31 17 05 | 07
#1094-d271 @A: 15 22 10 34 | 01
#1095-d271 @A: 25 18 34 04 | 04
#1096-d271 @A: 10 05 12 26 | 09
#1097-d271 @A: 10 12 18 17 | 05
#1098-d271 @A: 22 32 12 04 | 12
#1099-d271 @A: 16 04 24 18 | 03
#1100-d271 @A: 16 21 08 28 | 10
#1101-d271 @A: 16 15 22 04 | 06
#1102-d271 @A: 04 21 24 15 | 11
#1103-d271 @A: 08 17 10 24 | 08
#1104-d271 @A: 05 28 24 17 | 02
#1105-d271 @A: 10 21 22 28 | 07
#1106-d271 @A: 13 21 28 18 | 01
#1107-d271 @A: 28 08 27 31 | 04
#1108-d271 @A: 08 28 15 13 | 09
#1109-d271 @A: 20 02 25 03 | 05
#1110-d271 @A: 21 03 20 12 | 12
#1111-d271 @A: 33 30 20 05 | 03
#1112-d271 @A: 33 31 20 16 | 10
#1113-d271 @A: 22 20 33 15 | 06
#1114-d271 @A: 04 30 20 06 | 11
#1115-d271 @A: 20 16 10 02 | 08
#1116-d271 @A: 14 09 20 31 | 02
#1117-d271 @A: 16 27 09 20 | 07
#1118-d271 @A: 11 20 26 14 | 01
#1119-d271 @A: 20 16 11 25 | 04
#1120-d271 @A: 24 20 35 32 | 09
#1121-d271 @A: 20 24 01 34 | 05
#1122-d271 @A: 20 13 31 12 | 12
#1123-d271 @A: 25 21 13 20 | 03
#1124-d271 @A: 05 28 20 18 | 10
#1125-d271 @A: 28 17 20 01 | 06
#1126-d271 @A: 20 13 27 15 | 11
#1127-d271 @A: 09 33 27 03 | 08
#1128-d271 @A: 06 11 08 03 | 02
#1129-d271 @A: 10 24 30 03 | 07
#1130-d271 @A: 11 03 09 21 | 01
#1131-d271 @A: 03 04 09 32 | 04
#1132-d271 @A: 14 08 03 23 | 09
#1133-d271 @A: 01 14 18 03 | 05
#1134-d271 @A: 03 14 17 25 | 12
#1135-d271 @A: 23 18 03 11 | 03
#1136-d271 @A: 03 26 23 27 | 10
#1137-d271 @A: 03 24 16 35 | 06
#1138-d271 @A: 03 19 24 01 | 11
#1139-d271 @A: 03 04 13 26 | 08
#1140-d271 @A: 26 15 03 17 | 02
#1141-d271 @A: 25 03 15 13 | 07
#1142-d271 @A: 09 04 33 24 | 01
#1143-d271 @A: 17 09 33 13 | 04
#1144-d271 @A: 27 33 23 29 | 09
#1145-d271 @A: 33 05 11 23 | 05
#1146-d271 @A: 35 31 23 33 | 12
#1147-d271 @A: 33 24 23 22 | 03
#1148-d271 @A: 07 35 13 33 | 10
#1149-d271 @A: 15 04 33 34 | 06
#1150-d271 @A: 12 27 16 33 | 11
#1151-d271 @A: 12 33 27 28 | 08
#1152-d271 @A: 04 21 33 26 | 02
#1153-d271 @A: 10 01 33 17 | 07
#1154-d271 @A: 05 33 22 27 | 01
#1155-d271 @A: 01 25 33 22 | 04
#1156-d271 @A: 02 17 12 06 | 09
#1157-d271 @A: 02 06 25 15 | 05
#1158-d271 @A: 15 30 24 06 | 12
#1159-d271 @A: 06 09 26 11 | 03
#1160-d271 @A: 14 16 01 06 | 10
#1161-d271 @A: 06 27 08 14 | 06
#1162-d271 @A: 11 06 24 10 | 11
#1163-d271 @A: 06 22 23 35 | 08
#1164-d271 @A: 01 06 07 35 | 02
#1165-d271 @A: 06 34 12 15 | 07
#1166-d271 @A: 26 16 34 06 | 01
#1167-d271 @A: 19 18 30 02 | 04
#1168-d271 @A: 15 13 09 02 | 09
#1169-d271 @A: 29 07 22 02 | 05
#1170-d271 @A: 02 14 32 19 | 12
#1171-d271 @A: 02 23 11 15 | 03
#1172-d271 @A: 16 02 17 35 | 10
#1173-d271 @A: 25 02 35 31 | 06
#1174-d271 @A: 01 02 16 34 | 11
#1175-d271 @A: 17 24 34 02 | 08
#1176-d271 @A: 08 34 32 02 | 02
#1177-d271 @A: 34 26 02 15 | 07
#1178-d271 @A: 18 05 02 27 | 01
#1179-d271 @A: 02 22 27 25 | 04
#1180-d271 @A: 32 28 15 02 | 09
#1181-d271 @A: 18 07 09 30 | 05
#1182-d271 @A: 14 30 32 35 | 12
#1183-d271 @A: 27 23 30 19 | 03
#1184-d271 @A: 23 25 30 34 | 10
#1185-d271 @A: 30 18 16 35 | 06
#1186-d271 @A: 25 30 35 05 | 11
#1187-d271 @A: 30 34 26 19 | 08
#1188-d271 @A: 25 08 30 10 | 02
#1189-d271 @A: 30 13 05 32 | 07
#1190-d271 @A: 04 17 18 30 | 01
#1191-d271 @A: 09 29 23 18 | 04
#1192-d271 @A: 09 29 12 22 | 09
#1193-d271 @A: 09 24 08 35 | 05
#1194-d271 @A: 09 21 25 27 | 12
#1195-d271 @A: 05 09 27 32 | 03
#1196-d271 @A: 01 09 22 04 | 10
#1197-d271 @A: 13 25 09 01 | 06
#1198-d271 @A: 29 27 14 12 | 11
#1199-d271 @A: 17 14 16 29 | 08
#1200-d271 @A: 29 26 11 35 | 02
#1201-d271 @A: 35 25 29 21 | 07
#1202-d271 @A: 12 01 29 19 | 01
#1203-d271 @A: 12 07 29 17 | 04
#1204-d271 @A: 29 28 24 25 | 09
#1205-d271 @A: 34 23 14 17 | 05
#1206-d271 @A: 23 14 27 05 | 12
#1207-d271 @A: 14 34 35 18 | 03
#1208-d271 @A: 28 14 26 19 | 10
#1209-d271 @A: 16 07 18 14 | 06
#1210-d271 @A: 14 07 05 01 | 11
#1211-d271 @A: 08 14 25 22 | 08
#1212-d271 @A: 31 10 18 14 | 02
#1213-d271 @A: 15 14 13 18 | 07
#1214-d271 @A: 23 11 21 27 | 01
#1215-d271 @A: 16 11 31 07 | 04
#1216-d271 @A: 13 11 10 17 | 09
#1217-d271 @A: 11 17 25 15 | 05
#1218-d271 @A: 23 12 24 25 | 12
#1219-d271 @A: 31 23 32 21 | 03
#1220-d271 @A: 18 23 15 10 | 10
#1221-d271 @A: 22 05 23 15 | 06
#1222-d271 @A: 26 28 04 23 | 11
#1223-d271 @A: 35 28 15 07 | 08
#1224-d271 @A: 22 12 35 10 | 02
#1225-d271 @A: 04 35 25 12 | 07
#1226-d271 @A: 35 28 31 24 | 01
#1227-d271 @A: 10 35 15 05 | 04
#1228-d271 @A: 25 15 35 27 | 09
#1229-d271 @A: 28 17 35 27 | 05
#1230-d271 @A: 18 27 10 19 | 12
#1231-d271 @A: 19 10 17 15 | 03
#1232-d271 @A: 31 32 19 05 | 10
#1233-d271 @A: 25 19 22 04 | 06
#1234-d271 @A: 07 10 25 24 | 11
#1235-d271 @A: 17 21 07 10 | 08
#1236-d271 @A: 04 18 13 07 | 02
#1237-d271 @A: 21 34 27 15 | 07
#1238-d271 @A: 04 08 22 34 | 01
#1239-d271 @A: 01 34 22 32 | 04
#1240-d271 @A: 32 34 17 25 | 09
#1241-d271 @A: 12 21 32 08 | 05
#1242-d271 @A: 21 10 04 16 | 12
#1243-d271 @A: 05 16 22 26 | 03
#1244-d271 @A: 04 16 28 25 | 10
#1245-d271 @A: 21 27 13 24 | 06
#1246-d271 @A: 08 13 04 24 | 11
#1247-d271 @A: 26 24 22 08 | 08
#1248-d271 @A: 08 01 24 27 | 02
#1249-d271 @A: 32 10 24 27 | 07
#1250-d271 @A: 13 10 15 24 | 01
#1251-d271 @A: 24 18 26 27 | 04
#1252-d271 @A: 13 01 26 24 | 09
#1253-d271 @A: 24 13 32 31 | 05
#1254-d271 @A: 25 31 24 17 | 12
#1255-d271 @A: 16 03 13 20 | 03
#1256-d271 @A: 06 14 13 20 | 10
#1257-d271 @A: 02 20 28 19 | 06
#1258-d271 @A: 35 20 21 30 | 11
#1259-d271 @A: 09 23 20 21 | 08
#1260-d271 @A: 07 20 09 26 | 02
#1261-d271 @A: 20 15 14 29 | 07
#1262-d271 @A: 11 35 20 22 | 01
#1263-d271 @A: 20 05 11 28 | 04
#1264-d271 @A: 12 20 23 17 | 09
#1265-d271 @A: 20 04 31 35 | 05
#1266-d271 @A: 18 22 21 20 | 12
#1267-d271 @A: 08 05 13 20 | 03
#1268-d271 @A: 15 26 20 32 | 10
#1269-d271 @A: 03 33 32 30 | 06
#1270-d271 @A: 03 28 33 18 | 11
#1271-d271 @A: 03 30 02 15 | 08
#1272-d271 @A: 09 03 02 26 | 02
#1273-d271 @A: 11 04 03 14 | 07
#1274-d271 @A: 03 21 14 24 | 01
#1275-d271 @A: 35 11 03 10 | 04
#1276-d271 @A: 19 03 11 15 | 09
#1277-d271 @A: 03 12 07 11 | 05
#1278-d271 @A: 03 24 11 25 | 12
#1279-d271 @A: 24 23 03 15 | 03
#1280-d271 @A: 05 07 03 24 | 10
#1281-d271 @A: 01 07 03 22 | 06
#1282-d271 @A: 03 18 10 21 | 11
#1283-d271 @A: 01 21 03 27 | 08
#1284-d271 @A: 15 03 18 05 | 02
#1285-d271 @A: 15 22 03 27 | 07
#1286-d271 @A: 06 33 24 16 | 01
#1287-d271 @A: 02 33 19 11 | 04
#1288-d271 @A: 18 02 16 33 | 09
#1289-d271 @A: 13 33 02 21 | 05
#1290-d271 @A: 30 28 29 33 | 12
#1291-d271 @A: 19 33 18 09 | 03
#1292-d271 @A: 28 08 09 33 | 10
#1293-d271 @A: 32 33 14 34 | 06
#1294-d271 @A: 17 12 33 11 | 11
#1295-d271 @A: 23 33 12 10 | 08
#1296-d271 @A: 16 05 34 33 | 02
#1297-d271 @A: 08 33 18 21 | 07
#1298-d271 @A: 22 08 33 17 | 01
#1299-d271 @A: 13 10 33 22 | 04
#1300-d271 @A: 15 32 25 33 | 09
#1301-d271 @A: 35 27 06 02 | 05
#1302-d271 @A: 30 06 27 29 | 12
#1303-d271 @A: 06 30 23 32 | 03
#1304-d271 @A: 30 06 12 01 | 10
#1305-d271 @A: 08 06 12 09 | 06
#1306-d271 @A: 09 06 24 27 | 11
#1307-d271 @A: 06 19 05 29 | 08
#1308-d271 @A: 23 19 14 06 | 02
#1309-d271 @A: 07 06 14 32 | 07
#1310-d271 @A: 22 12 06 11 | 01
#1311-d271 @A: 35 06 10 19 | 04
#1312-d271 @A: 06 35 34 17 | 09
#1313-d271 @A: 07 19 34 06 | 05
#1314-d271 @A: 06 32 04 15 | 12
#1315-d271 @A: 30 02 17 09 | 03
#1316-d271 @A: 25 02 24 30 | 10
#1317-d271 @A: 08 11 09 02 | 06
#1318-d271 @A: 04 09 02 35 | 11
#1319-d271 @A: 15 02 29 10 | 08
#1320-d271 @A: 34 25 14 02 | 02
#1321-d271 @A: 19 25 23 02 | 07
#1322-d271 @A: 24 02 23 10 | 01
#1323-d271 @A: 25 26 02 05 | 04
#1324-d271 @A: 01 25 02 32 | 09
#1325-d271 @A: 09 30 26 14 | 05
#1326-d271 @A: 23 09 30 35 | 12
#1327-d271 @A: 30 29 16 21 | 03
#1328-d271 @A: 35 11 30 31 | 10
#1329-d271 @A: 31 24 23 30 | 06
#1330-d271 @A: 30 12 15 35 | 11
#1331-d271 @A: 35 24 30 22 | 08
#1332-d271 @A: 19 24 30 08 | 02
#1333-d271 @A: 30 15 19 13 | 07
#1334-d271 @A: 30 34 22 12 | 01
#1335-d271 @A: 08 26 21 30 | 04
#1336-d271 @A: 30 08 17 15 | 09
#1337-d271 @A: 28 17 30 10 | 05
#1338-d271 @A: 29 09 01 28 | 12
#1339-d271 @A: 14 23 09 32 | 03
#1340-d271 @A: 16 10 14 09 | 10
#1341-d271 @A: 09 04 14 25 | 06
#1342-d271 @A: 35 18 11 09 | 11
#1343-d271 @A: 28 11 09 19 | 08
#1344-d271 @A: 25 23 05 09 | 02
#1345-d271 @A: 12 07 13 09 | 07
#1346-d271 @A: 21 13 18 09 | 01
#1347-d271 @A: 08 09 04 05 | 04
#1348-d271 @A: 09 32 13 08 | 09
#1349-d271 @A: 09 15 17 01 | 05
#1350-d271 @A: 07 29 27 24 | 12
#1351-d271 @A: 32 05 07 29 | 03
#1352-d271 @A: 16 31 29 34 | 10
#1353-d271 @A: 21 18 05 29 | 06
#1354-d271 @A: 13 29 10 08 | 11
#1355-d271 @A: 27 29 10 05 | 08
#1356-d271 @A: 29 32 17 04 | 02
#1357-d271 @A: 15 32 22 29 | 07
#1358-d271 @A: 24 04 35 14 | 01
#1359-d271 @A: 07 31 24 14 | 04
#1360-d271 @A: 14 22 10 26 | 09
#1361-d271 @A: 17 31 26 14 | 05
#1362-d271 @A: 22 14 15 17 | 12
#1363-d271 @A: 14 25 32 13 | 03
#1364-d271 @A: 11 23 08 25 | 10
#1365-d271 @A: 11 34 27 19 | 06
#1366-d271 @A: 16 12 15 11 | 11
#1367-d271 @A: 11 04 10 22 | 08
#1368-d271 @A: 11 28 26 10 | 02
#1369-d271 @A: 01 26 05 11 | 07
#1370-d271 @A: 11 32 22 05 | 01
#1371-d271 @A: 17 11 01 22 | 04
#1372-d271 @A: 23 07 12 31 | 09
#1373-d271 @A: 26 17 23 21 | 05
#1374-d271 @A: 08 13 23 27 | 12
#1375-d271 @A: 31 23 25 13 | 03
#1376-d271 @A: 26 15 35 31 | 10
#1377-d271 @A: 35 26 25 01 | 06
#1378-d271 @A: 07 19 28 01 | 11
#1379-d271 @A: 19 12 18 24 | 08
#1380-d271 @A: 05 19 18 04 | 02
#1381-d271 @A: 13 19 28 17 | 07
#1382-d271 @A: 31 07 15 34 | 01
#1383-d271 @A: 34 31 28 07 | 04
#1384-d271 @A: 34 13 07 25 | 09
#1385-d271 @A: 21 34 22 17 | 05
#1386-d271 @A: 32 21 34 13 | 12
#1387-d271 @A: 26 34 01 10 | 03
#1388-d271 @A: 12 31 21 04 | 10
#1389-d271 @A: 04 08 27 12 | 06
#1390-d271 @A: 08 17 31 12 | 11
#1391-d271 @A: 31 26 12 32 | 08
#1392-d271 @A: 16 24 15 08 | 02
#1393-d271 @A: 16 25 04 01 | 07
#1394-d271 @A: 16 28 32 31 | 01
#1395-d271 @A: 10 01 24 22 | 04
#1396-d271 @A: 26 05 24 15 | 09
#1397-d271 @A: 05 22 28 32 | 05
#1398-d271 @A: 28 04 27 15 | 12
#1399-d271 @A: 31 17 28 18 | 03
#1400-d271 @A: 03 17 33 20 | 10
#1401-d271 @A: 35 20 23 03 | 06
#1402-d271 @A: 20 07 03 04 | 11
#1403-d271 @A: 06 20 33 08 | 08
#1404-d271 @A: 33 32 02 20 | 02
#1405-d271 @A: 11 33 04 20 | 07
#1406-d271 @A: 22 34 20 06 | 01
#1407-d271 @A: 10 09 20 22 | 04
#1408-d271 @A: 19 29 20 04 | 09
#1409-d271 @A: 16 20 01 29 | 05
#1410-d271 @A: 20 07 10 14 | 12
#1411-d271 @A: 20 24 07 22 | 03
#1412-d271 @A: 04 26 10 20 | 10
#1413-d271 @A: 04 01 20 05 | 06
#1414-d271 @A: 20 18 25 01 | 11
#1415-d271 @A: 05 29 03 33 | 08
#1416-d271 @A: 06 27 03 16 | 02
#1417-d271 @A: 07 10 02 03 | 07
#1418-d271 @A: 03 02 01 12 | 01
#1419-d271 @A: 02 16 03 22 | 04
#1420-d271 @A: 11 34 30 03 | 09
#1421-d271 @A: 09 03 34 13 | 05
#1422-d271 @A: 09 28 03 15 | 12
#1423-d271 @A: 03 29 10 16 | 03
#1424-d271 @A: 15 16 03 14 | 10
#1425-d271 @A: 23 03 19 22 | 06
#1426-d271 @A: 28 03 10 23 | 11
#1427-d271 @A: 15 03 35 08 | 08
#1428-d271 @A: 19 13 32 03 | 02
#1429-d271 @A: 03 26 01 31 | 07
#1430-d271 @A: 33 30 06 18 | 01
#1431-d271 @A: 33 30 15 23 | 04
#1432-d271 @A: 22 34 33 09 | 09
#1433-d271 @A: 33 29 14 13 | 05
#1434-d271 @A: 26 33 29 16 | 12
#1435-d271 @A: 31 14 33 11 | 03
#1436-d271 @A: 08 11 13 33 | 10
#1437-d271 @A: 33 27 11 15 | 06
#1438-d271 @A: 33 26 18 13 | 11
#1439-d271 @A: 33 28 26 15 | 08
#1440-d271 @A: 09 10 06 02 | 02
#1441-d271 @A: 19 04 06 02 | 07
#1442-d271 @A: 02 34 28 06 | 01
#1443-d271 @A: 06 30 13 11 | 04
#1444-d271 @A: 16 06 30 22 | 09
#1445-d271 @A: 06 21 25 30 | 05
#1446-d271 @A: 06 29 14 09 | 12
#1447-d271 @A: 06 04 29 23 | 03
#1448-d271 @A: 16 06 15 29 | 10
#1449-d271 @A: 10 12 06 14 | 06
#1450-d271 @A: 15 35 06 11 | 11
#1451-d271 @A: 06 23 27 07 | 08
#1452-d271 @A: 25 35 06 24 | 02
#1453-d271 @A: 24 34 06 08 | 07
#1454-d271 @A: 18 06 21 34 | 01
#1455-d271 @A: 13 06 16 05 | 04
#1456-d271 @A: 10 06 31 01 | 09
#1457-d271 @A: 26 06 32 13 | 05
#1458-d271 @A: 32 06 17 18 | 12
#1459-d271 @A: 18 06 01 13 | 03
#1460-d271 @A: 16 02 25 09 | 10
#1461-d271 @A: 02 16 14 13 | 06
#1462-d271 @A: 12 13 02 23 | 11
#1463-d271 @A: 07 02 15 17 | 08
#1464-d271 @A: 04 28 24 02 | 02
#1465-d271 @A: 08 02 31 05 | 07
#1466-d271 @A: 31 10 17 02 | 01
#1467-d271 @A: 15 02 31 18 | 04
#1468-d271 @A: 09 08 30 29 | 09
#1469-d271 @A: 09 30 19 32 | 05
#1470-d271 @A: 09 30 27 15 | 12
#1471-d271 @A: 15 11 29 30 | 03
#1472-d271 @A: 11 30 08 28 | 10
#1473-d271 @A: 30 21 31 10 | 06
#1474-d271 @A: 30 17 01 21 | 11
#1475-d271 @A: 32 30 04 08 | 08
#1476-d271 @A: 22 15 18 30 | 02
#1477-d271 @A: 01 09 29 07 | 07
#1478-d271 @A: 09 34 35 26 | 01
#1479-d271 @A: 09 19 08 34 | 04
#1480-d271 @A: 27 19 12 09 | 09
#1481-d271 @A: 34 07 10 09 | 05
#1482-d271 @A: 09 05 15 07 | 12
#1483-d271 @A: 17 28 09 07 | 03
#1484-d271 @A: 05 09 34 12 | 10
#1485-d271 @A: 26 01 09 08 | 06
#1486-d271 @A: 04 17 09 10 | 11
#1487-d271 @A: 27 01 09 18 | 08
#1488-d271 @A: 14 34 01 29 | 02
#1489-d271 @A: 29 23 11 10 | 07
#1490-d271 @A: 23 15 29 07 | 01
#1491-d271 @A: 07 28 29 25 | 04
#1492-d271 @A: 34 29 04 26 | 09
#1493-d271 @A: 18 08 31 29 | 05
#1494-d271 @A: 13 04 29 15 | 12
#1495-d271 @A: 21 16 14 12 | 03
#1496-d271 @A: 14 15 26 21 | 10
#1497-d271 @A: 21 14 27 22 | 06
#1498-d271 @A: 28 14 10 08 | 11
#1499-d271 @A: 31 32 14 08 | 08
#1500-d271 @A: 14 18 32 22 | 02
#1501-d271 @A: 23 11 32 24 | 07
#1502-d271 @A: 15 21 11 07 | 01
#1503-d271 @A: 34 11 31 17 | 04
#1504-d271 @A: 21 11 31 13 | 09
#1505-d271 @A: 11 18 21 17 | 05
#1506-d271 @A: 35 23 12 01 | 12
#1507-d271 @A: 23 07 19 13 | 03
#1508-d271 @A: 34 31 19 23 | 10
#1509-d271 @A: 19 24 23 05 | 06
#1510-d271 @A: 10 26 23 19 | 11
#1511-d271 @A: 23 04 34 12 | 08
#1512-d271 @A: 23 16 34 27 | 02
#1513-d271 @A: 17 23 01 24 | 07
#1514-d271 @A: 13 04 23 17 | 01
#1515-d271 @A: 15 17 31 23 | 04
#1516-d271 @A: 27 22 23 01 | 09
#1517-d271 @A: 25 27 17 23 | 05
#1518-d271 @A: 07 26 16 35 | 12
#1519-d271 @A: 07 05 21 35 | 03
#1520-d271 @A: 16 12 35 13 | 10
#1521-d271 @A: 04 35 21 22 | 06
#1522-d271 @A: 04 05 35 32 | 11
#1523-d271 @A: 13 17 35 05 | 08
#1524-d271 @A: 01 04 35 27 | 02
#1525-d271 @A: 18 35 25 17 | 07
#1526-d271 @A: 13 19 27 05 | 01
#1527-d271 @A: 22 01 19 26 | 04
#1528-d271 @A: 21 07 12 34 | 09
#1529-d271 @A: 08 12 16 07 | 05
#1530-d271 @A: 08 04 21 07 | 12
#1531-d271 @A: 10 32 07 15 | 03
#1532-d271 @A: 18 22 07 25 | 10
#1533-d271 @A: 25 28 05 34 | 06
#1534-d271 @A: 34 26 13 17 | 11
#1535-d271 @A: 01 17 12 16 | 08
#1536-d271 @A: 12 22 26 25 | 02
#1537-d271 @A: 16 24 22 27 | 07
#1538-d271 @A: 18 16 17 15 | 01
#1539-d271 @A: 16 27 01 13 | 04
#1540-d271 @A: 01 21 25 24 | 09
#1541-d271 @A: 24 25 15 18 | 05
#1542-d271 @A: 14 20 03 30 | 12
#1543-d271 @A: 29 03 20 22 | 03
#1544-d271 @A: 10 06 29 20 | 10
#1545-d271 @A: 13 29 02 20 | 06
#1546-d271 @A: 19 20 21 02 | 11
#1547-d271 @A: 30 24 17 20 | 08
#1548-d271 @A: 15 30 20 10 | 02
#1549-d271 @A: 25 22 23 20 | 07
#1550-d271 @A: 32 34 19 20 | 01
#1551-d271 @A: 15 20 07 16 | 04
#1552-d271 @A: 26 21 20 31 | 09
#1553-d271 @A: 22 20 01 08 | 05
#1554-d271 @A: 27 28 10 20 | 12
#1555-d271 @A: 32 25 20 05 | 03
#1556-d271 @A: 27 20 25 31 | 10
#1557-d271 @A: 03 25 06 34 | 06
#1558-d271 @A: 03 21 02 29 | 11
#1559-d271 @A: 23 30 03 01 | 08
#1560-d271 @A: 03 12 08 30 | 02
#1561-d271 @A: 03 30 16 28 | 07
#1562-d271 @A: 30 04 22 03 | 01
#1563-d271 @A: 19 10 09 03 | 04
#1564-d271 @A: 09 25 03 07 | 09
#1565-d271 @A: 13 23 03 29 | 05
#1566-d271 @A: 26 11 16 03 | 12
#1567-d271 @A: 03 35 17 12 | 03
#1568-d271 @A: 10 03 32 34 | 10
#1569-d271 @A: 03 24 28 27 | 06
#1570-d271 @A: 03 05 10 08 | 11
#1571-d271 @A: 33 06 34 11 | 08
#1572-d271 @A: 06 04 33 12 | 02
#1573-d271 @A: 33 09 01 02 | 07
#1574-d271 @A: 21 24 33 30 | 01
#1575-d271 @A: 33 11 09 32 | 04
#1576-d271 @A: 18 11 29 33 | 09
#1577-d271 @A: 33 32 29 24 | 05
#1578-d271 @A: 29 08 33 01 | 12
#1579-d271 @A: 23 28 33 21 | 03
#1580-d271 @A: 04 33 23 08 | 10
#1581-d271 @A: 24 33 26 35 | 06
#1582-d271 @A: 17 07 33 16 | 11
#1583-d271 @A: 22 33 07 21 | 08
#1584-d271 @A: 04 33 07 32 | 02
#1585-d271 @A: 06 29 02 11 | 07
#1586-d271 @A: 02 32 06 16 | 01
#1587-d271 @A: 18 09 15 06 | 04
#1588-d271 @A: 21 06 26 29 | 09
#1589-d271 @A: 31 25 14 06 | 05
#1590-d271 @A: 16 23 08 06 | 12
#1591-d271 @A: 35 06 31 16 | 03
#1592-d271 @A: 05 06 28 35 | 10
#1593-d271 @A: 13 19 12 06 | 06
#1594-d271 @A: 19 06 32 01 | 11
#1595-d271 @A: 10 06 16 07 | 08
#1596-d271 @A: 07 24 06 13 | 02
#1597-d271 @A: 06 16 17 28 | 07
#1598-d271 @A: 05 24 06 04 | 01
#1599-d271 @A: 05 06 32 21 | 04
#1600-d271 @A: 01 30 02 22 | 09
#1601-d271 @A: 07 09 02 14 | 05
#1602-d271 @A: 02 09 27 23 | 12
#1603-d271 @A: 07 02 11 28 | 03
#1604-d271 @A: 02 10 35 26 | 10
#1605-d271 @A: 02 27 12 34 | 06
#1606-d271 @A: 02 22 12 24 | 11
#1607-d271 @A: 16 05 04 02 | 08
#1608-d271 @A: 22 02 08 28 | 02
#1609-d271 @A: 27 18 02 28 | 07
#1610-d271 @A: 30 13 24 09 | 01
#1611-d271 @A: 07 14 30 15 | 04
#1612-d271 @A: 17 19 30 11 | 09
#1613-d271 @A: 30 28 05 23 | 05
#1614-d271 @A: 30 27 35 10 | 12
#1615-d271 @A: 05 01 19 30 | 03
#1616-d271 @A: 30 15 16 34 | 10
#1617-d271 @A: 05 22 08 30 | 06
#1618-d271 @A: 15 28 18 30 | 11
#1619-d271 @A: 09 14 19 01 | 08
#1620-d271 @A: 11 09 19 31 | 02
#1621-d271 @A: 04 09 34 11 | 07
#1622-d271 @A: 11 09 24 05 | 01
#1623-d271 @A: 09 10 13 23 | 04
#1624-d271 @A: 19 25 09 35 | 09
#1625-d271 @A: 21 31 09 17 | 05
#1626-d271 @A: 08 10 09 27 | 12
#1627-d271 @A: 09 22 18 08 | 03
#1628-d271 @A: 26 09 22 13 | 10
#1629-d271 @A: 16 28 19 29 | 06
#1630-d271 @A: 12 29 15 24 | 11
#1631-d271 @A: 10 29 01 21 | 08
#1632-d271 @A: 29 22 10 25 | 02
#1633-d271 @A: 25 31 15 29 | 07
#1634-d271 @A: 32 01 13 29 | 01
#1635-d271 @A: 11 14 28 01 | 04
#1636-d271 @A: 14 15 35 23 | 09
#1637-d271 @A: 14 16 23 22 | 05
#1638-d271 @A: 14 34 16 08 | 12
#1639-d271 @A: 32 10 05 14 | 03
#1640-d271 @A: 17 14 32 28 | 10
#1641-d271 @A: 23 01 11 19 | 06
#1642-d271 @A: 07 11 35 04 | 11
#1643-d271 @A: 34 11 05 35 | 08
#1644-d271 @A: 07 17 11 08 | 02
#1645-d271 @A: 34 25 11 12 | 07
#1646-d271 @A: 11 22 08 31 | 01
#1647-d271 @A: 25 10 05 11 | 04
#1648-d271 @A: 19 23 31 28 | 09
#1649-d271 @A: 34 24 26 23 | 05
#1650-d271 @A: 08 31 23 26 | 12
#1651-d271 @A: 32 10 23 17 | 03
#1652-d271 @A: 31 23 04 22 | 10
#1653-d271 @A: 16 19 35 05 | 06
#1654-d271 @A: 35 16 32 15 | 11
#1655-d271 @A: 26 35 32 21 | 08
#1656-d271 @A: 35 15 17 21 | 02
#1657-d271 @A: 22 27 08 35 | 07
#1658-d271 @A: 35 18 22 26 | 01
#1659-d271 @A: 19 16 12 32 | 04
#1660-d271 @A: 04 17 08 19 | 09
#1661-d271 @A: 19 18 08 25 | 05
#1662-d271 @A: 28 10 19 32 | 12
#1663-d271 @A: 31 04 26 19 | 03
#1664-d271 @A: 25 16 27 07 | 10
#1665-d271 @A: 07 10 13 27 | 06
#1666-d271 @A: 25 04 07 05 | 11
#1667-d271 @A: 22 07 05 13 | 08
#1668-d271 @A: 26 17 25 07 | 02
#1669-d271 @A: 07 01 13 31 | 07
#1670-d271 @A: 17 07 13 32 | 01
#1671-d271 @A: 08 21 05 34 | 04
#1672-d271 @A: 15 34 08 25 | 09
#1673-d271 @A: 31 18 05 34 | 05
#1674-d271 @A: 34 01 28 26 | 12
#1675-d271 @A: 12 27 15 10 | 03
#1676-d271 @A: 31 25 05 12 | 10
#1677-d271 @A: 13 12 26 27 | 06
#1678-d271 @A: 24 16 01 31 | 11
#1679-d271 @A: 16 27 21 26 | 08
#1680-d271 @A: 01 08 16 05 | 02
#1681-d271 @A: 08 25 16 32 | 07
#1682-d271 @A: 13 10 26 16 | 01
#1683-d271 @A: 27 17 16 10 | 04
#1684-d271 @A: 16 04 31 17 | 09
#1685-d271 @A: 16 22 32 17 | 05
#1686-d271 @A: 24 32 28 08 | 12
#1687-d271 @A: 27 24 05 31 | 03
#1688-d271 @A: 26 25 24 04 | 10
#1689-d271 @A: 24 15 31 22 | 06
