#0001-d255 @A: 24 22 31 17 | 04
#0002-d255 @A: 28 32 22 18 | 08
#0003-d255 @A: 22 21 32 35 | 03
#0004-d255 @A: 07 29 22 23 | 07
#0005-d255 @A: 22 23 16 06 | 02
#0006-d255 @A: 28 11 07 22 | 05
#0007-d255 @A: 22 07 04 17 | 11
#0008-d255 @A: 22 16 07 02 | 12
#0009-d255 @A: 16 31 22 34 | 10
#0010-d255 @A: 34 18 30 22 | 06
#0011-d255 @A: 34 21 03 22 | 01
#0012-d255 @A: 10 22 34 12 | 09
#0013-d255 @A: 04 22 31 05 | 04
#0014-d255 @A: 19 22 28 12 | 08
#0015-d255 @A: 35 22 14 13 | 03
#0016-d255 @A: 25 26 22 04 | 07
#0017-d255 @A: 22 17 05 13 | 02
#0018-d255 @A: 22 26 05 15 | 05
#0019-d255 @A: 33 06 17 22 | 11
#0020-d255 @A: 08 10 06 22 | 12
#0021-d255 @A: 22 12 02 11 | 10
#0022-d255 @A: 03 29 22 35 | 06
#0023-d255 @A: 29 24 23 31 | 01
#0024-d255 @A: 01 23 18 24 | 09
#0025-d255 @A: 30 24 10 07 | 04
#0026-d255 @A: 33 24 34 09 | 08
#0027-d255 @A: 21 08 24 34 | 03
#0028-d255 @A: 14 19 24 06 | 07
#0029-d255 @A: 30 26 24 19 | 02
#0030-d255 @A: 14 02 28 24 | 05
#0031-d255 @A: 26 29 28 24 | 11
#0032-d255 @A: 24 10 09 14 | 12
#0033-d255 @A: 18 24 14 13 | 10
#0034-d255 @A: 01 20 24 27 | 06
#0035-d255 @A: 13 30 24 27 | 01
#0036-d255 @A: 24 01 02 13 | 09
#0037-d255 @A: 24 27 15 16 | 04
#0038-d255 @A: 16 24 26 18 | 08
#0039-d255 @A: 10 27 17 24 | 03
#0040-d255 @A: 02 24 17 26 | 07
#0041-d255 @A: 07 30 32 23 | 02
#0042-d255 @A: 23 13 21 32 | 05
#0043-d255 @A: 33 29 23 32 | 11
#0044-d255 @A: 32 07 31 29 | 12
#0045-d255 @A: 33 28 32 07 | 10
#0046-d255 @A: 34 18 32 19 | 06
#0047-d255 @A: 33 32 14 34 | 01
#0048-d255 @A: 34 20 32 09 | 09
#0049-d255 @A: 35 16 34 32 | 04
#0050-d255 @A: 27 32 31 09 | 08
#0051-d255 @A: 20 26 31 32 | 03
#0052-d255 @A: 01 19 30 32 | 07
#0053-d255 @A: 27 32 04 14 | 02
#0054-d255 @A: 14 06 32 12 | 05
#0055-d255 @A: 04 32 10 16 | 11
#0056-d255 @A: 03 21 32 04 | 12
#0057-d255 @A: 09 01 32 17 | 10
#0058-d255 @A: 11 02 09 32 | 06
#0059-d255 @A: 10 21 32 18 | 01
#0060-d255 @A: 02 32 26 15 | 09
#0061-d255 @A: 14 34 25 23 | 04
#0062-d255 @A: 16 08 23 31 | 08
#0063-d255 @A: 19 23 33 05 | 03
#0064-d255 @A: 10 05 23 12 | 07
#0065-d255 @A: 23 10 02 25 | 02
#0066-d255 @A: 06 33 23 12 | 05
#0067-d255 @A: 26 03 23 11 | 11
#0068-d255 @A: 29 23 08 25 | 12
#0069-d255 @A: 07 05 13 31 | 10
#0070-d255 @A: 03 20 28 07 | 06
#0071-d255 @A: 01 07 18 28 | 01
#0072-d255 @A: 21 09 11 07 | 09
#0073-d255 @A: 21 07 20 12 | 04
#0074-d255 @A: 13 16 07 15 | 08
#0075-d255 @A: 08 21 07 15 | 03
#0076-d255 @A: 10 07 05 06 | 07
#0077-d255 @A: 15 07 17 08 | 02
#0078-d255 @A: 33 03 02 07 | 05
#0079-d255 @A: 08 26 06 07 | 11
#0080-d255 @A: 33 31 34 28 | 12
#0081-d255 @A: 04 34 31 09 | 10
#0082-d255 @A: 29 34 28 18 | 06
#0083-d255 @A: 08 04 34 27 | 01
#0084-d255 @A: 29 34 05 11 | 09
#0085-d255 @A: 34 12 17 11 | 04
#0086-d255 @A: 10 34 15 03 | 08
#0087-d255 @A: 18 33 34 25 | 03
#0088-d255 @A: 34 06 03 18 | 07
#0089-d255 @A: 03 21 19 31 | 02
#0090-d255 @A: 31 01 02 14 | 05
#0091-d255 @A: 12 04 01 31 | 11
#0092-d255 @A: 01 26 21 31 | 12
#0093-d255 @A: 16 03 18 31 | 10
#0094-d255 @A: 05 12 31 17 | 06
#0095-d255 @A: 17 15 26 31 | 01
#0096-d255 @A: 31 15 35 06 | 09
#0097-d255 @A: 04 19 30 12 | 04
#0098-d255 @A: 35 16 19 10 | 08
#0099-d255 @A: 25 19 29 03 | 03
#0100-d255 @A: 28 09 12 04 | 07
#0101-d255 @A: 30 28 01 33 | 02
#0102-d255 @A: 33 28 13 16 | 05
#0103-d255 @A: 17 10 08 28 | 11
#0104-d255 @A: 26 17 28 33 | 12
#0105-d255 @A: 26 28 03 15 | 10
#0106-d255 @A: 12 26 28 25 | 06
#0107-d255 @A: 08 01 09 14 | 01
#0108-d255 @A: 17 14 30 11 | 09
#0109-d255 @A: 16 08 14 15 | 04
#0110-d255 @A: 11 10 14 25 | 08
#0111-d255 @A: 06 02 14 27 | 03
#0112-d255 @A: 14 18 02 25 | 07
#0113-d255 @A: 01 09 25 04 | 02
#0114-d255 @A: 02 04 30 21 | 05
#0115-d255 @A: 15 04 08 30 | 11
#0116-d255 @A: 04 06 03 16 | 12
#0117-d255 @A: 29 13 04 11 | 10
#0118-d255 @A: 10 05 04 15 | 06
#0119-d255 @A: 33 26 27 04 | 01
#0120-d255 @A: 35 04 25 18 | 09
#0121-d255 @A: 06 29 15 04 | 04
#0122-d255 @A: 05 01 09 21 | 08
#0123-d255 @A: 18 09 16 02 | 03
#0124-d255 @A: 09 05 33 03 | 07
#0125-d255 @A: 09 35 33 12 | 02
#0126-d255 @A: 29 30 08 20 | 05
#0127-d255 @A: 26 16 20 13 | 11
#0128-d255 @A: 20 03 35 27 | 12
#0129-d255 @A: 06 20 27 25 | 10
#0130-d255 @A: 20 02 12 29 | 06
#0131-d255 @A: 18 29 11 20 | 01
#0132-d255 @A: 08 20 12 18 | 09
#0133-d255 @A: 20 25 11 08 | 04
#0134-d255 @A: 26 29 05 30 | 08
#0135-d255 @A: 25 27 30 15 | 03
#0136-d255 @A: 02 15 30 06 | 07
#0137-d255 @A: 30 25 26 02 | 02
#0138-d255 @A: 30 26 15 18 | 05
#0139-d255 @A: 35 16 01 13 | 11
#0140-d255 @A: 12 10 15 01 | 12
#0141-d255 @A: 33 01 15 35 | 10
#0142-d255 @A: 06 15 26 01 | 06
#0143-d255 @A: 03 18 01 11 | 01
#0144-d255 @A: 12 25 29 01 | 09
#0145-d255 @A: 02 03 16 15 | 04
#0146-d255 @A: 35 13 21 29 | 08
#0147-d255 @A: 17 10 21 15 | 03
#0148-d255 @A: 10 21 25 33 | 07
#0149-d255 @A: 29 26 33 21 | 02
#0150-d255 @A: 05 13 25 06 | 05
#0151-d255 @A: 33 05 08 18 | 11
#0152-d255 @A: 22 18 07 24 | 12
#0153-d255 @A: 24 34 28 22 | 10
#0154-d255 @A: 22 23 17 32 | 06
#0155-d255 @A: 22 10 32 09 | 01
#0156-d255 @A: 07 14 22 06 | 09
#0157-d255 @A: 30 22 27 07 | 04
#0158-d255 @A: 17 19 30 22 | 08
#0159-d255 @A: 14 15 22 09 | 03
#0160-d255 @A: 27 14 22 12 | 07
#0161-d255 @A: 03 09 13 22 | 02
#0162-d255 @A: 22 09 35 02 | 05
#0163-d255 @A: 05 06 02 22 | 11
#0164-d255 @A: 22 11 15 25 | 12
#0165-d255 @A: 26 22 29 18 | 10
#0166-d255 @A: 25 06 22 12 | 06
#0167-d255 @A: 24 03 34 32 | 01
#0168-d255 @A: 32 24 35 01 | 09
#0169-d255 @A: 31 24 07 33 | 04
#0170-d255 @A: 14 07 35 24 | 08
#0171-d255 @A: 07 01 24 26 | 03
#0172-d255 @A: 24 07 29 16 | 07
#0173-d255 @A: 01 34 14 24 | 02
#0174-d255 @A: 34 24 30 05 | 05
#0175-d255 @A: 31 09 28 24 | 11
#0176-d255 @A: 20 31 10 24 | 12
#0177-d255 @A: 13 28 05 24 | 10
#0178-d255 @A: 21 14 33 24 | 06
#0179-d255 @A: 25 06 24 09 | 01
#0180-d255 @A: 24 13 29 20 | 09
#0181-d255 @A: 24 06 30 01 | 04
#0182-d255 @A: 08 30 24 27 | 08
#0183-d255 @A: 24 16 33 01 | 03
#0184-d255 @A: 35 24 05 12 | 07
#0185-d255 @A: 06 24 05 29 | 02
#0186-d255 @A: 18 24 27 29 | 05
#0187-d255 @A: 24 02 11 06 | 11
#0188-d255 @A: 23 32 02 16 | 12
#0189-d255 @A: 25 05 32 07 | 10
#0190-d255 @A: 31 14 32 03 | 06
#0191-d255 @A: 21 32 12 31 | 01
#0192-d255 @A: 32 03 19 13 | 09
#0193-d255 @A: 32 11 13 28 | 04
#0194-d255 @A: 17 14 32 25 | 08
#0195-d255 @A: 01 32 21 27 | 03
#0196-d255 @A: 12 17 10 32 | 07
#0197-d255 @A: 33 18 17 32 | 02
#0198-d255 @A: 18 29 32 15 | 05
#0199-d255 @A: 19 14 23 07 | 11
#0200-d255 @A: 18 23 12 07 | 12
#0201-d255 @A: 34 13 12 23 | 10
#0202-d255 @A: 23 04 08 19 | 06
#0203-d255 @A: 19 23 20 27 | 01
#0204-d255 @A: 12 21 23 19 | 09
#0205-d255 @A: 23 17 19 11 | 04
#0206-d255 @A: 28 03 23 30 | 08
#0207-d255 @A: 01 04 23 29 | 03
#0208-d255 @A: 04 13 26 23 | 07
#0209-d255 @A: 16 05 09 23 | 02
#0210-d255 @A: 09 21 23 35 | 05
#0211-d255 @A: 26 05 23 01 | 11
#0212-d255 @A: 17 03 10 23 | 12
#0213-d255 @A: 10 11 33 23 | 10
#0214-d255 @A: 23 35 12 08 | 06
#0215-d255 @A: 06 25 23 35 | 01
#0216-d255 @A: 23 08 15 18 | 09
#0217-d255 @A: 23 12 25 11 | 04
#0218-d255 @A: 07 34 27 04 | 08
#0219-d255 @A: 12 19 07 10 | 03
#0220-d255 @A: 07 09 05 28 | 07
#0221-d255 @A: 07 21 28 25 | 02
#0222-d255 @A: 07 16 09 30 | 05
#0223-d255 @A: 09 07 35 18 | 11
#0224-d255 @A: 07 25 20 35 | 12
#0225-d255 @A: 11 30 12 07 | 10
#0226-d255 @A: 08 13 02 07 | 06
#0227-d255 @A: 34 30 26 31 | 01
#0228-d255 @A: 25 31 34 13 | 09
#0229-d255 @A: 28 05 34 20 | 04
#0230-d255 @A: 02 04 14 34 | 08
#0231-d255 @A: 20 04 06 34 | 03
#0232-d255 @A: 34 04 30 10 | 07
#0233-d255 @A: 20 29 34 27 | 02
#0234-d255 @A: 34 12 21 01 | 05
#0235-d255 @A: 05 34 03 12 | 11
#0236-d255 @A: 11 27 34 10 | 12
#0237-d255 @A: 03 35 11 34 | 10
#0238-d255 @A: 25 04 10 31 | 06
#0239-d255 @A: 31 06 16 20 | 01
#0240-d255 @A: 31 13 03 01 | 09
#0241-d255 @A: 35 31 33 13 | 04
#0242-d255 @A: 27 17 31 02 | 08
#0243-d255 @A: 31 29 27 10 | 03
#0244-d255 @A: 03 31 08 10 | 07
#0245-d255 @A: 29 15 02 31 | 02
#0246-d255 @A: 31 18 08 06 | 05
#0247-d255 @A: 13 28 18 19 | 11
#0248-d255 @A: 18 14 29 19 | 12
#0249-d255 @A: 19 05 09 18 | 10
#0250-d255 @A: 19 16 20 29 | 06
#0251-d255 @A: 19 06 20 15 | 01
#0252-d255 @A: 27 03 19 30 | 09
#0253-d255 @A: 27 29 12 19 | 04
#0254-d255 @A: 06 19 26 25 | 08
#0255-d255 @A: 28 27 17 16 | 03
#0256-d255 @A: 03 21 33 28 | 07
#0257-d255 @A: 28 05 27 18 | 02
#0258-d255 @A: 12 10 28 18 | 05
#0259-d255 @A: 28 02 08 27 | 11
#0260-d255 @A: 04 14 17 18 | 12
#0261-d255 @A: 20 14 15 21 | 10
#0262-d255 @A: 14 25 35 05 | 06
#0263-d255 @A: 14 35 05 08 | 01
#0264-d255 @A: 05 18 15 14 | 09
#0265-d255 @A: 03 02 08 14 | 04
#0266-d255 @A: 14 26 35 29 | 08
#0267-d255 @A: 16 29 04 09 | 03
#0268-d255 @A: 09 26 05 04 | 07
#0269-d255 @A: 16 12 20 04 | 02
#0270-d255 @A: 16 01 02 04 | 05
#0271-d255 @A: 04 17 16 15 | 11
#0272-d255 @A: 03 17 12 04 | 12
#0273-d255 @A: 15 02 35 04 | 10
#0274-d255 @A: 03 04 15 25 | 06
#0275-d255 @A: 15 11 26 04 | 01
#0276-d255 @A: 18 17 09 25 | 09
#0277-d255 @A: 35 15 09 03 | 04
#0278-d255 @A: 18 26 09 11 | 08
#0279-d255 @A: 21 20 29 30 | 03
#0280-d255 @A: 27 10 15 20 | 07
#0281-d255 @A: 20 29 06 35 | 02
#0282-d255 @A: 21 13 30 01 | 05
#0283-d255 @A: 05 33 30 25 | 11
#0284-d255 @A: 30 02 27 18 | 12
#0285-d255 @A: 33 30 12 02 | 10
#0286-d255 @A: 30 12 26 06 | 06
#0287-d255 @A: 01 33 05 18 | 01
#0288-d255 @A: 01 11 08 17 | 09
#0289-d255 @A: 10 06 18 01 | 04
#0290-d255 @A: 15 27 01 18 | 08
#0291-d255 @A: 01 35 29 18 | 03
#0292-d255 @A: 16 05 11 13 | 07
#0293-d255 @A: 02 17 16 06 | 02
#0294-d255 @A: 16 27 02 11 | 05
#0295-d255 @A: 16 35 18 08 | 11
#0296-d255 @A: 15 26 29 16 | 12
#0297-d255 @A: 21 18 17 03 | 10
#0298-d255 @A: 33 12 21 18 | 06
#0299-d255 @A: 08 06 21 25 | 01
#0300-d255 @A: 06 03 13 10 | 09
#0301-d255 @A: 13 27 35 06 | 04
#0302-d255 @A: 12 06 13 11 | 08
#0303-d255 @A: 22 03 14 24 | 03
#0304-d255 @A: 12 24 01 22 | 07
#0305-d255 @A: 26 13 24 22 | 02
#0306-d255 @A: 04 12 23 22 | 05
#0307-d255 @A: 07 31 01 22 | 11
#0308-d255 @A: 07 08 20 22 | 12
#0309-d255 @A: 31 12 09 22 | 10
#0310-d255 @A: 11 31 20 22 | 06
#0311-d255 @A: 20 28 17 22 | 01
#0312-d255 @A: 22 21 30 12 | 09
#0313-d255 @A: 22 17 01 16 | 04
#0314-d255 @A: 21 22 01 02 | 08
#0315-d255 @A: 22 16 13 10 | 03
#0316-d255 @A: 18 12 22 16 | 07
#0317-d255 @A: 24 34 20 23 | 02
#0318-d255 @A: 24 08 11 07 | 05
#0319-d255 @A: 24 02 34 15 | 11
#0320-d255 @A: 01 31 25 24 | 12
#0321-d255 @A: 31 15 13 24 | 10
#0322-d255 @A: 24 20 12 14 | 06
#0323-d255 @A: 20 15 24 04 | 01
#0324-d255 @A: 12 04 24 13 | 09
#0325-d255 @A: 20 24 09 05 | 04
#0326-d255 @A: 24 11 21 01 | 08
#0327-d255 @A: 17 15 24 25 | 03
#0328-d255 @A: 35 06 10 24 | 07
#0329-d255 @A: 29 08 24 02 | 02
#0330-d255 @A: 07 15 35 32 | 05
#0331-d255 @A: 34 11 32 01 | 11
#0332-d255 @A: 28 31 32 17 | 12
#0333-d255 @A: 15 32 01 31 | 10
#0334-d255 @A: 31 08 32 17 | 06
#0335-d255 @A: 15 20 16 32 | 01
#0336-d255 @A: 32 03 20 11 | 09
#0337-d255 @A: 32 30 03 02 | 04
#0338-d255 @A: 18 13 32 01 | 08
#0339-d255 @A: 03 25 32 16 | 03
#0340-d255 @A: 26 05 17 32 | 07
#0341-d255 @A: 27 32 17 03 | 02
#0342-d255 @A: 15 27 06 32 | 05
#0343-d255 @A: 26 32 03 35 | 11
#0344-d255 @A: 35 32 25 12 | 12
#0345-d255 @A: 04 05 23 07 | 10
#0346-d255 @A: 21 23 15 34 | 06
#0347-d255 @A: 15 31 20 23 | 01
#0348-d255 @A: 01 23 35 31 | 09
#0349-d255 @A: 28 14 23 05 | 04
#0350-d255 @A: 17 23 06 28 | 08
#0351-d255 @A: 23 14 20 26 | 03
#0352-d255 @A: 23 14 15 16 | 07
#0353-d255 @A: 23 33 04 18 | 02
#0354-d255 @A: 23 01 09 11 | 05
#0355-d255 @A: 30 26 23 08 | 11
#0356-d255 @A: 23 21 33 01 | 12
#0357-d255 @A: 26 16 23 35 | 10
#0358-d255 @A: 17 23 27 08 | 06
#0359-d255 @A: 02 07 34 28 | 01
#0360-d255 @A: 29 15 07 34 | 09
#0361-d255 @A: 07 06 04 31 | 04
#0362-d255 @A: 07 31 26 16 | 08
#0363-d255 @A: 17 28 10 07 | 03
#0364-d255 @A: 16 07 25 04 | 07
#0365-d255 @A: 04 08 07 29 | 02
#0366-d255 @A: 20 15 09 07 | 05
#0367-d255 @A: 20 07 13 33 | 11
#0368-d255 @A: 21 07 05 30 | 12
#0369-d255 @A: 02 13 07 06 | 10
#0370-d255 @A: 07 11 02 05 | 06
#0371-d255 @A: 17 07 29 26 | 01
#0372-d255 @A: 18 25 07 26 | 09
#0373-d255 @A: 25 07 11 29 | 04
#0374-d255 @A: 34 15 05 31 | 08
#0375-d255 @A: 34 19 09 29 | 03
#0376-d255 @A: 33 30 34 19 | 07
#0377-d255 @A: 35 04 13 34 | 02
#0378-d255 @A: 21 34 13 16 | 05
#0379-d255 @A: 34 16 33 11 | 11
#0380-d255 @A: 03 34 13 33 | 12
#0381-d255 @A: 33 08 13 34 | 10
#0382-d255 @A: 34 06 05 26 | 06
#0383-d255 @A: 25 10 29 34 | 01
#0384-d255 @A: 29 33 12 34 | 09
#0385-d255 @A: 08 26 34 12 | 04
#0386-d255 @A: 14 31 25 19 | 08
#0387-d255 @A: 31 14 09 26 | 03
#0388-d255 @A: 30 14 31 06 | 07
#0389-d255 @A: 09 05 31 10 | 02
#0390-d255 @A: 11 31 08 30 | 05
#0391-d255 @A: 31 29 17 33 | 11
#0392-d255 @A: 03 31 27 06 | 12
#0393-d255 @A: 25 31 18 29 | 10
#0394-d255 @A: 09 28 19 15 | 06
#0395-d255 @A: 02 19 09 21 | 01
#0396-d255 @A: 17 20 03 19 | 09
#0397-d255 @A: 27 16 21 19 | 04
#0398-d255 @A: 15 21 19 26 | 08
#0399-d255 @A: 18 13 19 08 | 03
#0400-d255 @A: 26 05 27 19 | 07
#0401-d255 @A: 02 25 12 19 | 02
#0402-d255 @A: 19 35 12 18 | 05
#0403-d255 @A: 28 14 21 27 | 11
#0404-d255 @A: 04 11 01 28 | 12
#0405-d255 @A: 13 04 25 28 | 10
#0406-d255 @A: 09 06 20 28 | 06
#0407-d255 @A: 27 35 09 28 | 01
#0408-d255 @A: 33 28 08 20 | 09
#0409-d255 @A: 28 33 12 05 | 04
#0410-d255 @A: 25 29 28 15 | 08
#0411-d255 @A: 02 20 13 14 | 03
#0412-d255 @A: 14 20 27 17 | 07
#0413-d255 @A: 06 14 26 18 | 02
#0414-d255 @A: 10 21 09 04 | 05
#0415-d255 @A: 02 09 04 33 | 11
#0416-d255 @A: 04 09 25 08 | 12
#0417-d255 @A: 35 04 20 01 | 10
#0418-d255 @A: 30 04 33 15 | 06
#0419-d255 @A: 04 16 26 21 | 01
#0420-d255 @A: 35 17 04 33 | 09
#0421-d255 @A: 10 11 04 03 | 04
#0422-d255 @A: 16 09 27 13 | 08
#0423-d255 @A: 09 21 08 10 | 03
#0424-d255 @A: 29 13 09 12 | 07
#0425-d255 @A: 26 17 27 09 | 02
#0426-d255 @A: 03 26 09 25 | 05
#0427-d255 @A: 10 02 20 03 | 11
#0428-d255 @A: 06 33 11 20 | 12
#0429-d255 @A: 30 18 25 01 | 10
#0430-d255 @A: 30 05 17 02 | 06
#0431-d255 @A: 18 30 03 05 | 01
#0432-d255 @A: 29 01 02 11 | 09
#0433-d255 @A: 15 03 29 01 | 04
#0434-d255 @A: 16 10 18 05 | 08
#0435-d255 @A: 03 05 13 21 | 03
#0436-d255 @A: 21 12 11 26 | 07
#0437-d255 @A: 17 27 13 18 | 02
#0438-d255 @A: 13 11 25 26 | 05
#0439-d255 @A: 08 12 17 25 | 11
#0440-d255 @A: 15 03 08 27 | 12
#0441-d255 @A: 29 06 08 27 | 10
#0442-d255 @A: 30 02 22 24 | 06
#0443-d255 @A: 18 22 23 20 | 01
#0444-d255 @A: 34 26 19 22 | 09
#0445-d255 @A: 19 22 02 08 | 04
#0446-d255 @A: 28 01 22 27 | 08
#0447-d255 @A: 28 15 22 08 | 03
#0448-d255 @A: 08 27 22 14 | 07
#0449-d255 @A: 13 20 22 25 | 02
#0450-d255 @A: 15 21 16 22 | 05
#0451-d255 @A: 29 22 12 05 | 11
#0452-d255 @A: 05 18 25 22 | 12
#0453-d255 @A: 33 29 11 22 | 10
#0454-d255 @A: 35 22 06 18 | 06
#0455-d255 @A: 28 10 24 32 | 01
#0456-d255 @A: 23 07 25 24 | 09
#0457-d255 @A: 07 02 04 24 | 04
#0458-d255 @A: 21 15 24 07 | 08
#0459-d255 @A: 18 21 24 34 | 03
#0460-d255 @A: 24 25 34 26 | 07
#0461-d255 @A: 28 18 11 24 | 02
#0462-d255 @A: 24 27 11 14 | 05
#0463-d255 @A: 09 13 21 24 | 11
#0464-d255 @A: 09 18 24 15 | 12
#0465-d255 @A: 03 24 20 25 | 10
#0466-d255 @A: 16 02 21 24 | 06
#0467-d255 @A: 21 05 17 24 | 01
#0468-d255 @A: 18 24 10 33 | 09
#0469-d255 @A: 24 35 29 33 | 04
#0470-d255 @A: 24 33 12 11 | 08
#0471-d255 @A: 27 32 23 10 | 03
#0472-d255 @A: 07 32 34 06 | 07
#0473-d255 @A: 21 32 07 26 | 02
#0474-d255 @A: 07 27 32 13 | 05
#0475-d255 @A: 32 14 26 19 | 11
#0476-d255 @A: 19 21 32 33 | 12
#0477-d255 @A: 14 28 35 32 | 10
#0478-d255 @A: 28 08 01 32 | 06
#0479-d255 @A: 21 14 32 05 | 01
#0480-d255 @A: 26 04 32 01 | 09
#0481-d255 @A: 15 13 32 04 | 04
#0482-d255 @A: 04 05 32 08 | 08
#0483-d255 @A: 18 32 08 09 | 03
#0484-d255 @A: 30 32 15 05 | 07
#0485-d255 @A: 32 29 01 16 | 02
#0486-d255 @A: 32 01 06 33 | 05
#0487-d255 @A: 32 13 26 10 | 11
#0488-d255 @A: 33 02 32 05 | 12
#0489-d255 @A: 32 35 10 33 | 10
#0490-d255 @A: 10 32 25 15 | 06
#0491-d255 @A: 33 25 32 26 | 01
#0492-d255 @A: 29 08 03 32 | 09
#0493-d255 @A: 12 03 18 32 | 04
#0494-d255 @A: 02 30 31 23 | 08
#0495-d255 @A: 27 08 23 09 | 03
#0496-d255 @A: 20 21 11 23 | 07
#0497-d255 @A: 23 03 13 16 | 02
#0498-d255 @A: 17 35 02 23 | 05
#0499-d255 @A: 33 15 02 23 | 11
#0500-d255 @A: 33 23 03 25 | 12
#0501-d255 @A: 18 23 15 25 | 10
#0502-d255 @A: 31 34 07 11 | 06
#0503-d255 @A: 34 08 07 09 | 01
#0504-d255 @A: 31 07 30 28 | 09
#0505-d255 @A: 31 09 07 02 | 04
#0506-d255 @A: 27 19 28 07 | 08
#0507-d255 @A: 07 19 20 01 | 03
#0508-d255 @A: 19 07 33 16 | 07
#0509-d255 @A: 12 04 07 14 | 02
#0510-d255 @A: 14 11 03 07 | 05
#0511-d255 @A: 07 16 08 05 | 11
#0512-d255 @A: 29 07 02 35 | 12
#0513-d255 @A: 33 11 07 26 | 10
#0514-d255 @A: 31 03 34 20 | 06
#0515-d255 @A: 27 19 01 34 | 01
#0516-d255 @A: 19 34 25 16 | 09
#0517-d255 @A: 34 09 14 35 | 04
#0518-d255 @A: 34 15 30 14 | 08
#0519-d255 @A: 34 29 21 14 | 03
#0520-d255 @A: 25 34 02 09 | 07
#0521-d255 @A: 17 13 34 20 | 02
#0522-d255 @A: 02 01 34 05 | 05
#0523-d255 @A: 34 17 10 18 | 11
#0524-d255 @A: 02 17 03 34 | 12
#0525-d255 @A: 02 11 26 34 | 10
#0526-d255 @A: 18 34 35 26 | 06
#0527-d255 @A: 34 29 35 08 | 01
#0528-d255 @A: 26 31 19 04 | 09
#0529-d255 @A: 25 28 31 06 | 04
#0530-d255 @A: 15 04 31 14 | 08
#0531-d255 @A: 09 15 31 11 | 03
#0532-d255 @A: 21 31 20 25 | 07
#0533-d255 @A: 16 13 31 29 | 02
#0534-d255 @A: 06 05 31 18 | 05
#0535-d255 @A: 10 11 02 31 | 11
#0536-d255 @A: 19 03 14 28 | 12
#0537-d255 @A: 33 19 04 28 | 10
#0538-d255 @A: 11 28 19 21 | 06
#0539-d255 @A: 19 14 01 15 | 01
#0540-d255 @A: 04 03 19 01 | 09
#0541-d255 @A: 19 01 12 09 | 04
#0542-d255 @A: 18 19 17 16 | 08
#0543-d255 @A: 15 25 13 19 | 03
#0544-d255 @A: 12 17 19 06 | 07
#0545-d255 @A: 33 10 03 19 | 02
#0546-d255 @A: 19 15 10 18 | 05
#0547-d255 @A: 25 18 19 27 | 11
#0548-d255 @A: 33 35 25 19 | 12
#0549-d255 @A: 14 11 28 06 | 10
#0550-d255 @A: 18 04 26 28 | 06
#0551-d255 @A: 28 30 11 02 | 01
#0552-d255 @A: 08 28 13 26 | 09
#0553-d255 @A: 14 05 30 12 | 04
#0554-d255 @A: 13 26 14 15 | 08
#0555-d255 @A: 10 14 08 33 | 03
#0556-d255 @A: 33 18 35 14 | 07
#0557-d255 @A: 25 12 14 03 | 02
#0558-d255 @A: 14 18 12 11 | 05
#0559-d255 @A: 04 30 05 13 | 11
#0560-d255 @A: 21 01 06 04 | 12
#0561-d255 @A: 17 11 04 27 | 10
#0562-d255 @A: 04 29 18 10 | 06
#0563-d255 @A: 06 04 12 02 | 01
#0564-d255 @A: 04 33 25 12 | 09
#0565-d255 @A: 33 20 16 09 | 04
#0566-d255 @A: 09 25 29 05 | 08
#0567-d255 @A: 18 03 10 09 | 03
#0568-d255 @A: 05 20 01 10 | 07
#0569-d255 @A: 01 17 08 20 | 02
#0570-d255 @A: 20 08 27 21 | 05
#0571-d255 @A: 20 18 06 13 | 11
#0572-d255 @A: 18 27 12 20 | 12
#0573-d255 @A: 17 30 01 29 | 10
#0574-d255 @A: 17 01 27 05 | 06
#0575-d255 @A: 33 11 25 01 | 01
#0576-d255 @A: 03 16 05 17 | 09
#0577-d255 @A: 10 08 16 35 | 04
#0578-d255 @A: 16 33 25 06 | 08
#0579-d255 @A: 11 18 25 16 | 03
#0580-d255 @A: 02 13 26 21 | 07
#0581-d255 @A: 33 13 11 21 | 02
#0582-d255 @A: 21 25 18 13 | 05
#0583-d255 @A: 21 17 05 08 | 11
#0584-d255 @A: 11 06 10 21 | 12
#0585-d255 @A: 12 21 02 15 | 10
#0586-d255 @A: 06 03 35 21 | 06
#0587-d255 @A: 08 21 03 35 | 01
#0588-d255 @A: 25 17 13 02 | 09
#0589-d255 @A: 13 25 03 35 | 04
#0590-d255 @A: 26 05 08 25 | 08
#0591-d255 @A: 08 35 06 17 | 03
#0592-d255 @A: 18 29 17 08 | 07
#0593-d255 @A: 35 26 08 11 | 02
#0594-d255 @A: 16 33 22 32 | 05
#0595-d255 @A: 32 29 22 25 | 11
#0596-d255 @A: 23 22 09 27 | 12
#0597-d255 @A: 21 23 26 22 | 10
#0598-d255 @A: 22 13 23 33 | 06
#0599-d255 @A: 34 22 25 01 | 01
#0600-d255 @A: 09 22 08 31 | 09
#0601-d255 @A: 18 33 19 22 | 04
#0602-d255 @A: 13 21 22 28 | 08
#0603-d255 @A: 01 14 04 22 | 03
#0604-d255 @A: 26 12 22 20 | 07
#0605-d255 @A: 11 01 30 22 | 02
#0606-d255 @A: 08 01 22 21 | 05
#0607-d255 @A: 01 33 26 22 | 11
#0608-d255 @A: 35 22 16 25 | 12
#0609-d255 @A: 10 05 27 22 | 10
#0610-d255 @A: 22 35 33 05 | 06
#0611-d255 @A: 03 25 22 10 | 01
#0612-d255 @A: 22 02 27 29 | 09
#0613-d255 @A: 06 11 22 27 | 04
#0614-d255 @A: 22 03 26 02 | 08
#0615-d255 @A: 12 03 22 33 | 03
#0616-d255 @A: 06 34 24 27 | 07
#0617-d255 @A: 24 05 31 14 | 02
#0618-d255 @A: 33 13 19 24 | 05
#0619-d255 @A: 35 21 24 04 | 11
#0620-d255 @A: 09 30 35 24 | 12
#0621-d255 @A: 08 16 24 03 | 10
#0622-d255 @A: 13 24 08 06 | 06
#0623-d255 @A: 15 05 24 33 | 01
#0624-d255 @A: 02 33 25 24 | 09
#0625-d255 @A: 01 28 03 32 | 04
#0626-d255 @A: 32 15 21 09 | 08
#0627-d255 @A: 20 25 01 32 | 03
#0628-d255 @A: 05 12 32 27 | 07
#0629-d255 @A: 06 02 32 10 | 02
#0630-d255 @A: 12 29 32 26 | 05
#0631-d255 @A: 07 09 23 06 | 11
#0632-d255 @A: 07 35 13 23 | 12
#0633-d255 @A: 23 28 11 34 | 10
#0634-d255 @A: 16 23 31 17 | 06
#0635-d255 @A: 25 19 23 01 | 01
#0636-d255 @A: 23 29 28 21 | 09
#0637-d255 @A: 14 23 13 10 | 04
#0638-d255 @A: 20 09 10 23 | 08
#0639-d255 @A: 13 05 20 23 | 03
#0640-d255 @A: 17 20 23 33 | 07
#0641-d255 @A: 30 23 11 15 | 02
#0642-d255 @A: 23 17 05 25 | 05
#0643-d255 @A: 05 15 23 35 | 11
#0644-d255 @A: 11 23 02 18 | 12
#0645-d255 @A: 34 07 20 26 | 10
#0646-d255 @A: 16 07 05 34 | 06
#0647-d255 @A: 04 29 07 19 | 01
#0648-d255 @A: 16 07 27 14 | 09
#0649-d255 @A: 07 10 29 20 | 04
#0650-d255 @A: 33 30 07 29 | 08
#0651-d255 @A: 05 26 07 03 | 03
#0652-d255 @A: 15 11 07 27 | 07
#0653-d255 @A: 18 03 07 29 | 02
#0654-d255 @A: 21 02 34 31 | 05
#0655-d255 @A: 21 34 05 19 | 11
#0656-d255 @A: 34 01 18 04 | 12
#0657-d255 @A: 02 34 20 30 | 10
#0658-d255 @A: 27 34 21 30 | 06
#0659-d255 @A: 16 34 01 15 | 01
#0660-d255 @A: 35 15 25 34 | 09
#0661-d255 @A: 15 18 34 11 | 04
#0662-d255 @A: 30 31 29 19 | 08
#0663-d255 @A: 11 19 31 27 | 03
#0664-d255 @A: 31 19 08 29 | 07
#0665-d255 @A: 20 28 31 29 | 02
#0666-d255 @A: 31 10 30 01 | 05
#0667-d255 @A: 31 12 16 02 | 11
#0668-d255 @A: 27 33 05 31 | 12
#0669-d255 @A: 05 11 31 35 | 10
#0670-d255 @A: 05 19 08 28 | 06
#0671-d255 @A: 14 19 35 27 | 01
#0672-d255 @A: 04 05 16 19 | 09
#0673-d255 @A: 19 11 33 08 | 04
#0674-d255 @A: 19 29 35 15 | 08
#0675-d255 @A: 19 03 26 18 | 03
#0676-d255 @A: 28 14 20 18 | 07
#0677-d255 @A: 16 14 29 28 | 02
#0678-d255 @A: 08 04 28 12 | 05
#0679-d255 @A: 28 21 09 18 | 11
#0680-d255 @A: 11 28 25 20 | 12
#0681-d255 @A: 28 30 08 21 | 10
#0682-d255 @A: 13 28 01 06 | 06
#0683-d255 @A: 17 35 03 28 | 01
#0684-d255 @A: 18 28 17 15 | 09
#0685-d255 @A: 10 35 26 28 | 04
#0686-d255 @A: 29 06 28 10 | 08
#0687-d255 @A: 13 14 04 03 | 03
#0688-d255 @A: 20 03 09 14 | 07
#0689-d255 @A: 30 14 03 29 | 02
#0690-d255 @A: 12 14 13 01 | 05
#0691-d255 @A: 17 33 14 01 | 11
#0692-d255 @A: 02 14 17 29 | 12
#0693-d255 @A: 03 17 06 14 | 10
#0694-d255 @A: 14 18 10 27 | 06
#0695-d255 @A: 10 15 02 14 | 01
#0696-d255 @A: 25 27 26 14 | 09
#0697-d255 @A: 17 20 04 09 | 04
#0698-d255 @A: 02 27 05 04 | 08
#0699-d255 @A: 11 18 06 04 | 03
#0700-d255 @A: 35 09 26 20 | 07
#0701-d255 @A: 09 01 03 16 | 02
#0702-d255 @A: 06 01 35 09 | 05
#0703-d255 @A: 05 09 35 17 | 11
#0704-d255 @A: 09 33 17 11 | 12
#0705-d255 @A: 09 06 15 17 | 10
#0706-d255 @A: 15 09 29 27 | 06
#0707-d255 @A: 16 11 20 01 | 01
#0708-d255 @A: 05 20 26 33 | 09
#0709-d255 @A: 20 12 15 17 | 04
#0710-d255 @A: 26 25 20 15 | 08
#0711-d255 @A: 20 12 06 03 | 03
#0712-d255 @A: 30 05 01 16 | 07
#0713-d255 @A: 05 30 11 10 | 02
#0714-d255 @A: 01 03 02 35 | 05
#0715-d255 @A: 03 12 11 16 | 11
#0716-d255 @A: 21 03 26 27 | 12
#0717-d255 @A: 13 05 02 12 | 10
#0718-d255 @A: 15 33 17 13 | 06
#0719-d255 @A: 17 29 06 13 | 01
#0720-d255 @A: 29 10 15 13 | 09
#0721-d255 @A: 29 26 13 27 | 04
#0722-d255 @A: 18 26 13 12 | 08
#0723-d255 @A: 10 15 05 08 | 03
#0724-d255 @A: 24 35 23 22 | 07
#0725-d255 @A: 32 26 22 30 | 02
#0726-d255 @A: 22 13 32 06 | 05
#0727-d255 @A: 25 22 19 07 | 11
#0728-d255 @A: 17 22 34 14 | 12
#0729-d255 @A: 31 30 22 33 | 10
#0730-d255 @A: 22 28 04 29 | 06
#0731-d255 @A: 30 04 22 03 | 01
#0732-d255 @A: 04 22 27 21 | 09
#0733-d255 @A: 06 22 04 10 | 04
#0734-d255 @A: 12 16 08 22 | 08
#0735-d255 @A: 17 22 25 27 | 03
#0736-d255 @A: 03 15 22 06 | 07
#0737-d255 @A: 32 33 30 24 | 02
#0738-d255 @A: 23 03 24 15 | 05
#0739-d255 @A: 16 34 24 17 | 11
#0740-d255 @A: 24 31 05 08 | 12
#0741-d255 @A: 24 19 17 01 | 10
#0742-d255 @A: 28 33 20 24 | 06
#0743-d255 @A: 16 03 24 28 | 01
#0744-d255 @A: 24 14 26 04 | 09
#0745-d255 @A: 30 20 17 24 | 04
#0746-d255 @A: 20 26 21 24 | 08
#0747-d255 @A: 24 08 01 25 | 03
#0748-d255 @A: 17 11 24 29 | 07
#0749-d255 @A: 24 02 10 12 | 02
#0750-d255 @A: 35 11 25 24 | 05
#0751-d255 @A: 12 06 15 24 | 11
#0752-d255 @A: 26 34 23 32 | 12
#0753-d255 @A: 23 32 12 28 | 10
#0754-d255 @A: 03 23 09 32 | 06
#0755-d255 @A: 07 20 14 32 | 01
#0756-d255 @A: 16 31 05 32 | 09
#0757-d255 @A: 19 28 25 32 | 04
#0758-d255 @A: 09 32 19 16 | 08
#0759-d255 @A: 14 11 16 32 | 03
#0760-d255 @A: 17 04 32 02 | 07
#0761-d255 @A: 05 32 18 11 | 02
#0762-d255 @A: 29 11 32 10 | 05
#0763-d255 @A: 27 29 32 35 | 11
#0764-d255 @A: 18 32 02 35 | 12
#0765-d255 @A: 32 15 03 33 | 10
#0766-d255 @A: 07 02 23 20 | 06
#0767-d255 @A: 09 26 19 23 | 01
#0768-d255 @A: 23 28 20 04 | 09
#0769-d255 @A: 08 23 06 28 | 04
#0770-d255 @A: 23 20 35 12 | 08
#0771-d255 @A: 30 25 23 13 | 03
#0772-d255 @A: 21 23 16 18 | 07
#0773-d255 @A: 27 26 15 23 | 02
#0774-d255 @A: 19 34 07 03 | 05
#0775-d255 @A: 34 01 09 07 | 11
#0776-d255 @A: 07 35 31 19 | 12
#0777-d255 @A: 03 07 15 31 | 10
#0778-d255 @A: 09 19 07 17 | 06
#0779-d255 @A: 07 28 29 13 | 01
#0780-d255 @A: 02 14 07 26 | 09
#0781-d255 @A: 20 18 07 04 | 04
#0782-d255 @A: 07 04 30 26 | 08
#0783-d255 @A: 07 30 17 13 | 03
#0784-d255 @A: 05 07 18 17 | 07
#0785-d255 @A: 07 35 10 11 | 02
#0786-d255 @A: 19 35 20 34 | 05
#0787-d255 @A: 35 34 01 28 | 11
#0788-d255 @A: 17 28 34 25 | 12
#0789-d255 @A: 25 34 28 08 | 10
#0790-d255 @A: 04 21 34 11 | 06
#0791-d255 @A: 21 09 34 26 | 01
#0792-d255 @A: 34 16 18 20 | 09
#0793-d255 @A: 20 34 10 21 | 04
#0794-d255 @A: 34 21 35 33 | 08
#0795-d255 @A: 17 33 05 34 | 03
#0796-d255 @A: 31 04 13 21 | 07
#0797-d255 @A: 04 18 31 27 | 02
#0798-d255 @A: 31 35 29 04 | 05
#0799-d255 @A: 09 20 31 18 | 11
#0800-d255 @A: 20 30 05 31 | 12
#0801-d255 @A: 30 31 25 16 | 10
#0802-d255 @A: 31 13 30 11 | 06
#0803-d255 @A: 31 35 02 26 | 01
#0804-d255 @A: 31 33 25 15 | 09
#0805-d255 @A: 31 11 33 03 | 04
#0806-d255 @A: 19 04 09 27 | 08
#0807-d255 @A: 20 08 19 21 | 03
#0808-d255 @A: 12 20 19 05 | 07
#0809-d255 @A: 30 02 19 35 | 02
#0810-d255 @A: 01 05 13 19 | 05
#0811-d255 @A: 33 19 15 11 | 11
#0812-d255 @A: 06 29 19 33 | 12
#0813-d255 @A: 08 35 19 25 | 10
#0814-d255 @A: 15 06 19 08 | 06
#0815-d255 @A: 28 10 02 04 | 01
#0816-d255 @A: 01 12 20 28 | 09
#0817-d255 @A: 29 30 28 27 | 04
#0818-d255 @A: 28 25 01 16 | 08
#0819-d255 @A: 28 27 02 12 | 03
#0820-d255 @A: 28 25 27 33 | 07
#0821-d255 @A: 28 02 06 03 | 02
#0822-d255 @A: 04 08 21 14 | 05
#0823-d255 @A: 29 10 12 14 | 11
#0824-d255 @A: 14 03 15 27 | 12
#0825-d255 @A: 14 15 25 06 | 10
#0826-d255 @A: 04 35 20 08 | 06
#0827-d255 @A: 27 04 01 30 | 01
#0828-d255 @A: 04 10 27 35 | 09
#0829-d255 @A: 04 27 29 25 | 04
#0830-d255 @A: 04 03 33 29 | 08
#0831-d255 @A: 12 09 08 30 | 03
#0832-d255 @A: 05 11 09 08 | 07
#0833-d255 @A: 09 26 29 10 | 02
#0834-d255 @A: 02 06 29 09 | 05
#0835-d255 @A: 30 20 26 11 | 11
#0836-d255 @A: 17 05 20 06 | 12
#0837-d255 @A: 10 35 17 20 | 10
#0838-d255 @A: 20 11 12 10 | 06
#0839-d255 @A: 16 15 30 12 | 01
#0840-d255 @A: 30 13 10 18 | 09
#0841-d255 @A: 35 18 30 17 | 04
#0842-d255 @A: 30 27 35 11 | 08
#0843-d255 @A: 30 08 25 03 | 03
#0844-d255 @A: 25 01 03 05 | 07
#0845-d255 @A: 01 26 17 11 | 02
#0846-d255 @A: 01 10 02 27 | 05
#0847-d255 @A: 33 27 16 10 | 11
#0848-d255 @A: 33 15 18 16 | 12
#0849-d255 @A: 21 10 05 02 | 10
#0850-d255 @A: 21 05 18 26 | 06
#0851-d255 @A: 21 05 25 12 | 01
#0852-d255 @A: 33 17 02 21 | 09
#0853-d255 @A: 15 27 21 33 | 04
#0854-d255 @A: 21 27 18 11 | 08
#0855-d255 @A: 35 15 21 18 | 03
#0856-d255 @A: 25 21 29 06 | 07
#0857-d255 @A: 11 13 03 27 | 02
#0858-d255 @A: 27 13 08 11 | 05
#0859-d255 @A: 18 02 33 13 | 11
#0860-d255 @A: 03 13 15 18 | 12
#0861-d255 @A: 08 10 29 27 | 10
#0862-d255 @A: 08 35 15 02 | 06
#0863-d255 @A: 03 08 26 18 | 01
#0864-d255 @A: 10 29 22 24 | 09
#0865-d255 @A: 32 22 05 01 | 04
#0866-d255 @A: 22 23 03 31 | 08
#0867-d255 @A: 25 28 23 22 | 03
#0868-d255 @A: 15 34 22 20 | 07
#0869-d255 @A: 22 02 25 31 | 02
#0870-d255 @A: 02 20 19 22 | 05
#0871-d255 @A: 22 11 04 16 | 11
#0872-d255 @A: 21 17 22 09 | 12
#0873-d255 @A: 22 27 20 16 | 10
#0874-d255 @A: 01 22 35 10 | 06
#0875-d255 @A: 22 03 17 11 | 01
#0876-d255 @A: 22 26 27 08 | 09
#0877-d255 @A: 15 14 24 32 | 04
#0878-d255 @A: 32 09 24 26 | 08
#0879-d255 @A: 28 23 24 27 | 03
#0880-d255 @A: 02 24 09 23 | 07
#0881-d255 @A: 34 12 24 07 | 02
#0882-d255 @A: 24 07 06 28 | 05
#0883-d255 @A: 35 24 31 34 | 11
#0884-d255 @A: 28 24 35 19 | 12
#0885-d255 @A: 24 09 01 29 | 10
#0886-d255 @A: 24 16 06 13 | 06
#0887-d255 @A: 35 13 17 24 | 01
#0888-d255 @A: 24 06 18 17 | 09
#0889-d255 @A: 27 26 24 12 | 04
#0890-d255 @A: 15 23 19 32 | 08
#0891-d255 @A: 32 07 11 04 | 03
#0892-d255 @A: 32 07 18 16 | 07
#0893-d255 @A: 28 32 15 34 | 02
#0894-d255 @A: 32 30 31 35 | 05
#0895-d255 @A: 20 10 32 19 | 11
#0896-d255 @A: 32 02 28 21 | 12
#0897-d255 @A: 04 32 09 35 | 10
#0898-d255 @A: 25 30 32 09 | 06
#0899-d255 @A: 35 13 20 32 | 01
#0900-d255 @A: 12 20 33 32 | 09
#0901-d255 @A: 27 30 16 32 | 04
#0902-d255 @A: 32 12 30 13 | 08
#0903-d255 @A: 32 12 02 01 | 03
#0904-d255 @A: 10 03 05 32 | 07
#0905-d255 @A: 35 17 32 06 | 02
#0906-d255 @A: 11 33 32 27 | 05
#0907-d255 @A: 27 35 08 32 | 11
#0908-d255 @A: 03 06 32 29 | 12
#0909-d255 @A: 23 34 03 04 | 10
#0910-d255 @A: 02 23 34 08 | 06
#0911-d255 @A: 23 31 28 19 | 01
#0912-d255 @A: 26 23 31 12 | 09
#0913-d255 @A: 23 02 19 04 | 04
#0914-d255 @A: 13 23 19 29 | 08
#0915-d255 @A: 23 19 03 35 | 03
#0916-d255 @A: 15 23 13 28 | 07
#0917-d255 @A: 18 23 35 28 | 02
#0918-d255 @A: 14 23 04 35 | 05
#0919-d255 @A: 14 03 18 23 | 11
#0920-d255 @A: 21 17 23 04 | 12
#0921-d255 @A: 16 20 25 23 | 10
#0922-d255 @A: 21 30 10 23 | 06
#0923-d255 @A: 03 01 06 23 | 01
#0924-d255 @A: 11 27 29 23 | 09
#0925-d255 @A: 29 23 15 12 | 04
#0926-d255 @A: 14 10 34 07 | 08
#0927-d255 @A: 30 34 25 07 | 03
#0928-d255 @A: 07 01 14 25 | 07
#0929-d255 @A: 04 01 15 07 | 02
#0930-d255 @A: 25 09 07 13 | 05
#0931-d255 @A: 29 07 27 05 | 11
#0932-d255 @A: 12 03 08 07 | 12
#0933-d255 @A: 14 11 34 20 | 10
#0934-d255 @A: 13 09 15 34 | 06
#0935-d255 @A: 10 02 34 16 | 01
#0936-d255 @A: 34 26 33 10 | 09
#0937-d255 @A: 34 35 12 27 | 04
#0938-d255 @A: 25 27 03 34 | 08
#0939-d255 @A: 31 19 20 33 | 03
#0940-d255 @A: 31 28 10 21 | 07
#0941-d255 @A: 28 31 27 15 | 02
#0942-d255 @A: 02 04 20 31 | 05
#0943-d255 @A: 30 31 09 03 | 11
#0944-d255 @A: 31 16 01 27 | 12
#0945-d255 @A: 19 16 28 06 | 10
#0946-d255 @A: 14 16 19 02 | 06
#0947-d255 @A: 12 08 19 14 | 01
#0948-d255 @A: 08 03 19 01 | 09
#0949-d255 @A: 19 16 17 08 | 04
#0950-d255 @A: 17 05 19 15 | 08
#0951-d255 @A: 26 17 35 19 | 03
#0952-d255 @A: 19 26 33 12 | 07
#0953-d255 @A: 03 19 15 12 | 02
#0954-d255 @A: 28 08 29 14 | 05
#0955-d255 @A: 16 08 09 28 | 11
#0956-d255 @A: 21 28 26 30 | 12
#0957-d255 @A: 01 21 28 17 | 10
#0958-d255 @A: 28 16 21 05 | 06
#0959-d255 @A: 10 05 25 28 | 01
#0960-d255 @A: 08 11 28 03 | 09
#0961-d255 @A: 06 14 01 20 | 04
#0962-d255 @A: 13 14 16 25 | 08
#0963-d255 @A: 14 16 06 35 | 03
#0964-d255 @A: 10 21 14 26 | 07
#0965-d255 @A: 15 35 14 17 | 02
#0966-d255 @A: 10 35 14 03 | 05
#0967-d255 @A: 14 02 11 33 | 11
#0968-d255 @A: 16 18 04 13 | 12
#0969-d255 @A: 18 04 12 05 | 10
#0970-d255 @A: 25 04 06 17 | 06
#0971-d255 @A: 10 26 04 12 | 01
#0972-d255 @A: 09 01 02 20 | 09
#0973-d255 @A: 26 13 30 09 | 04
#0974-d255 @A: 16 15 10 09 | 08
#0975-d255 @A: 02 09 17 10 | 03
#0976-d255 @A: 09 18 29 33 | 07
#0977-d255 @A: 10 16 20 30 | 02
#0978-d255 @A: 15 20 13 01 | 05
#0979-d255 @A: 20 06 21 02 | 11
#0980-d255 @A: 27 05 20 11 | 12
#0981-d255 @A: 17 20 26 18 | 10
#0982-d255 @A: 02 15 18 20 | 06
#0983-d255 @A: 33 20 18 03 | 01
#0984-d255 @A: 35 20 11 15 | 09
#0985-d255 @A: 35 30 08 01 | 04
#0986-d255 @A: 15 30 35 10 | 08
#0987-d255 @A: 06 10 25 30 | 03
#0988-d255 @A: 10 01 21 16 | 07
#0989-d255 @A: 27 35 26 01 | 02
#0990-d255 @A: 27 06 29 01 | 05
#0991-d255 @A: 05 06 16 27 | 11
#0992-d255 @A: 02 35 16 05 | 12
#0993-d255 @A: 16 33 17 12 | 10
#0994-d255 @A: 27 16 03 29 | 06
#0995-d255 @A: 11 06 15 16 | 01
#0996-d255 @A: 21 15 13 06 | 09
#0997-d255 @A: 18 08 21 02 | 04
#0998-d255 @A: 27 15 05 13 | 08
#0999-d255 @A: 08 27 05 12 | 03
#1000-d255 @A: 24 22 11 32 | 07
#1001-d255 @A: 32 34 22 27 | 02
#1002-d255 @A: 03 23 08 22 | 05
#1003-d255 @A: 07 13 22 12 | 11
#1004-d255 @A: 31 21 22 06 | 12
#1005-d255 @A: 10 15 22 31 | 10
#1006-d255 @A: 22 19 11 09 | 06
#1007-d255 @A: 33 14 22 28 | 01
#1008-d255 @A: 05 22 03 28 | 09
#1009-d255 @A: 10 14 22 20 | 04
#1010-d255 @A: 22 30 25 14 | 08
#1011-d255 @A: 22 01 20 03 | 03
#1012-d255 @A: 02 22 17 18 | 07
#1013-d255 @A: 10 33 22 02 | 02
#1014-d255 @A: 33 22 35 08 | 05
#1015-d255 @A: 24 17 32 07 | 11
#1016-d255 @A: 19 27 32 24 | 12
#1017-d255 @A: 24 08 32 26 | 10
#1018-d255 @A: 10 23 24 04 | 06
#1019-d255 @A: 24 23 11 13 | 01
#1020-d255 @A: 27 07 09 24 | 09
#1021-d255 @A: 20 11 24 07 | 04
#1022-d255 @A: 21 24 10 19 | 08
#1023-d255 @A: 28 04 24 17 | 03
#1024-d255 @A: 24 28 21 12 | 07
#1025-d255 @A: 01 04 05 24 | 02
#1026-d255 @A: 24 17 12 09 | 05
#1027-d255 @A: 24 05 10 26 | 11
#1028-d255 @A: 24 05 27 25 | 12
#1029-d255 @A: 17 03 33 24 | 10
#1030-d255 @A: 32 23 14 08 | 06
#1031-d255 @A: 32 05 13 34 | 01
#1032-d255 @A: 31 04 33 32 | 09
#1033-d255 @A: 28 20 27 32 | 04
#1034-d255 @A: 29 30 04 32 | 08
#1035-d255 @A: 20 32 18 30 | 03
#1036-d255 @A: 17 16 32 13 | 07
#1037-d255 @A: 16 08 32 06 | 02
#1038-d255 @A: 11 15 08 32 | 05
#1039-d255 @A: 07 23 33 34 | 11
#1040-d255 @A: 08 01 07 23 | 12
#1041-d255 @A: 23 03 21 07 | 10
#1042-d255 @A: 07 17 23 15 | 06
#1043-d255 @A: 34 17 23 09 | 01
#1044-d255 @A: 23 09 33 28 | 09
#1045-d255 @A: 10 23 16 28 | 04
#1046-d255 @A: 15 23 04 09 | 08
#1047-d255 @A: 05 11 06 23 | 03
#1048-d255 @A: 10 35 23 29 | 07
#1049-d255 @A: 33 27 23 35 | 02
#1050-d255 @A: 26 06 02 23 | 05
#1051-d255 @A: 26 23 25 29 | 11
#1052-d255 @A: 07 14 28 15 | 12
#1053-d255 @A: 07 08 28 18 | 10
#1054-d255 @A: 29 14 07 09 | 06
#1055-d255 @A: 14 07 05 33 | 01
#1056-d255 @A: 10 07 13 04 | 09
#1057-d255 @A: 01 21 29 07 | 04
#1058-d255 @A: 07 12 05 15 | 08
#1059-d255 @A: 07 29 12 06 | 03
#1060-d255 @A: 06 34 12 31 | 07
#1061-d255 @A: 34 16 04 28 | 02
#1062-d255 @A: 03 14 16 34 | 05
#1063-d255 @A: 04 34 05 25 | 11
#1064-d255 @A: 33 20 34 01 | 12
#1065-d255 @A: 06 20 08 34 | 10
#1066-d255 @A: 06 30 34 16 | 06
#1067-d255 @A: 01 34 17 06 | 01
#1068-d255 @A: 15 08 01 34 | 09
#1069-d255 @A: 26 27 16 34 | 04
#1070-d255 @A: 18 34 02 12 | 08
#1071-d255 @A: 31 09 06 19 | 03
#1072-d255 @A: 16 19 31 15 | 07
#1073-d255 @A: 03 31 04 28 | 02
#1074-d255 @A: 31 08 14 20 | 05
#1075-d255 @A: 31 09 16 35 | 11
#1076-d255 @A: 17 01 20 31 | 12
#1077-d255 @A: 31 03 26 10 | 10
#1078-d255 @A: 14 33 19 09 | 06
#1079-d255 @A: 17 19 13 04 | 01
#1080-d255 @A: 25 09 20 19 | 09
#1081-d255 @A: 13 12 16 19 | 04
#1082-d255 @A: 25 05 11 19 | 08
#1083-d255 @A: 33 27 19 17 | 03
#1084-d255 @A: 06 19 27 10 | 07
#1085-d255 @A: 10 26 08 19 | 02
#1086-d255 @A: 17 14 13 28 | 05
#1087-d255 @A: 11 28 17 05 | 11
#1088-d255 @A: 25 03 18 28 | 12
#1089-d255 @A: 04 09 14 11 | 10
#1090-d255 @A: 14 25 21 04 | 06
#1091-d255 @A: 16 20 05 14 | 01
#1092-d255 @A: 01 16 14 18 | 09
#1093-d255 @A: 03 21 14 01 | 04
#1094-d255 @A: 05 14 01 29 | 08
#1095-d255 @A: 14 13 25 08 | 03
#1096-d255 @A: 04 01 13 33 | 07
#1097-d255 @A: 04 08 26 17 | 02
#1098-d255 @A: 26 29 04 02 | 05
#1099-d255 @A: 06 04 35 26 | 11
#1100-d255 @A: 09 20 08 26 | 12
#1101-d255 @A: 15 09 30 01 | 10
#1102-d255 @A: 03 12 21 09 | 06
#1103-d255 @A: 09 26 15 33 | 01
#1104-d255 @A: 09 25 15 12 | 09
#1105-d255 @A: 01 18 20 21 | 04
#1106-d255 @A: 03 20 21 16 | 08
#1107-d255 @A: 20 02 05 25 | 03
#1108-d255 @A: 05 35 20 18 | 07
#1109-d255 @A: 17 02 20 11 | 02
#1110-d255 @A: 26 06 20 10 | 05
#1111-d255 @A: 35 33 20 02 | 11
#1112-d255 @A: 33 29 20 15 | 12
#1113-d255 @A: 17 15 30 03 | 10
#1114-d255 @A: 12 30 25 17 | 06
#1115-d255 @A: 35 33 30 26 | 01
#1116-d255 @A: 11 06 29 30 | 09
#1117-d255 @A: 10 26 01 25 | 04
#1118-d255 @A: 01 08 26 02 | 08
#1119-d255 @A: 16 12 05 26 | 03
#1120-d255 @A: 16 11 35 17 | 07
#1121-d255 @A: 17 25 16 26 | 02
#1122-d255 @A: 16 11 26 10 | 05
#1123-d255 @A: 33 26 02 16 | 11
#1124-d255 @A: 12 35 29 16 | 12
#1125-d255 @A: 35 21 27 05 | 10
#1126-d255 @A: 21 06 26 17 | 06
#1127-d255 @A: 17 25 21 11 | 01
#1128-d255 @A: 03 25 21 02 | 09
#1129-d255 @A: 11 15 21 03 | 04
#1130-d255 @A: 13 10 11 17 | 08
#1131-d255 @A: 12 13 27 33 | 03
#1132-d255 @A: 26 13 06 33 | 07
#1133-d255 @A: 08 13 15 12 | 02
#1134-d255 @A: 02 05 08 25 | 05
#1135-d255 @A: 33 26 08 15 | 11
#1136-d255 @A: 05 22 16 24 | 12
#1137-d255 @A: 03 22 07 32 | 10
#1138-d255 @A: 20 22 32 04 | 06
#1139-d255 @A: 08 22 25 32 | 01
#1140-d255 @A: 23 19 10 22 | 09
#1141-d255 @A: 30 05 23 22 | 04
#1142-d255 @A: 15 01 23 22 | 08
#1143-d255 @A: 22 07 26 09 | 03
#1144-d255 @A: 18 34 08 22 | 07
#1145-d255 @A: 35 22 28 31 | 02
#1146-d255 @A: 31 26 22 27 | 05
#1147-d255 @A: 22 19 06 01 | 11
#1148-d255 @A: 09 29 20 22 | 12
#1149-d255 @A: 09 06 22 30 | 10
#1150-d255 @A: 01 18 09 22 | 06
#1151-d255 @A: 16 30 22 29 | 01
#1152-d255 @A: 05 08 30 22 | 09
#1153-d255 @A: 23 05 32 24 | 04
#1154-d255 @A: 06 32 24 31 | 08
#1155-d255 @A: 04 24 32 18 | 03
#1156-d255 @A: 13 32 25 24 | 07
#1157-d255 @A: 12 23 30 24 | 02
#1158-d255 @A: 07 24 19 05 | 05
#1159-d255 @A: 11 19 34 24 | 11
#1160-d255 @A: 24 31 12 19 | 12
#1161-d255 @A: 02 31 03 24 | 10
#1162-d255 @A: 28 08 35 24 | 06
#1163-d255 @A: 03 05 11 24 | 01
#1164-d255 @A: 10 11 15 24 | 09
#1165-d255 @A: 02 35 24 27 | 04
#1166-d255 @A: 24 12 29 03 | 08
#1167-d255 @A: 31 23 32 18 | 03
#1168-d255 @A: 32 10 08 07 | 07
#1169-d255 @A: 34 19 32 08 | 02
#1170-d255 @A: 09 28 32 29 | 05
#1171-d255 @A: 06 32 28 30 | 11
#1172-d255 @A: 13 09 32 33 | 12
#1173-d255 @A: 13 08 32 21 | 10
#1174-d255 @A: 23 30 34 35 | 06
#1175-d255 @A: 23 25 31 09 | 01
#1176-d255 @A: 19 30 23 18 | 09
#1177-d255 @A: 29 23 06 14 | 04
#1178-d255 @A: 18 13 09 23 | 08
#1179-d255 @A: 01 13 23 17 | 03
#1180-d255 @A: 27 23 13 02 | 07
#1181-d255 @A: 23 03 05 27 | 02
#1182-d255 @A: 12 17 23 27 | 05
#1183-d255 @A: 23 18 29 17 | 11
#1184-d255 @A: 07 18 21 31 | 12
#1185-d255 @A: 19 13 07 26 | 10
#1186-d255 @A: 13 14 21 07 | 06
#1187-d255 @A: 10 33 09 07 | 01
#1188-d255 @A: 30 03 35 07 | 09
#1189-d255 @A: 11 07 01 13 | 04
#1190-d255 @A: 07 16 21 35 | 08
#1191-d255 @A: 02 17 12 07 | 03
#1192-d255 @A: 07 27 10 25 | 07
#1193-d255 @A: 18 27 07 33 | 02
#1194-d255 @A: 07 08 25 33 | 05
#1195-d255 @A: 17 19 31 34 | 11
#1196-d255 @A: 01 31 34 29 | 12
#1197-d255 @A: 28 34 09 03 | 10
#1198-d255 @A: 34 17 14 08 | 06
#1199-d255 @A: 34 05 10 35 | 01
#1200-d255 @A: 34 29 17 35 | 09
#1201-d255 @A: 34 26 29 03 | 04
#1202-d255 @A: 05 02 31 19 | 08
#1203-d255 @A: 14 12 31 28 | 03
#1204-d255 @A: 35 31 14 20 | 07
#1205-d255 @A: 31 20 12 13 | 02
#1206-d255 @A: 30 21 31 15 | 05
#1207-d255 @A: 17 31 35 21 | 11
#1208-d255 @A: 31 05 26 25 | 12
#1209-d255 @A: 25 03 31 17 | 10
#1210-d255 @A: 35 31 18 10 | 06
#1211-d255 @A: 18 26 33 31 | 01
#1212-d255 @A: 31 12 18 15 | 09
#1213-d255 @A: 14 13 11 19 | 04
#1214-d255 @A: 19 04 11 20 | 08
#1215-d255 @A: 20 19 21 13 | 03
#1216-d255 @A: 19 18 08 30 | 07
#1217-d255 @A: 01 21 35 19 | 02
#1218-d255 @A: 02 01 19 33 | 05
#1219-d255 @A: 19 17 25 10 | 11
#1220-d255 @A: 19 27 15 02 | 12
#1221-d255 @A: 18 02 19 06 | 10
#1222-d255 @A: 28 30 04 14 | 06
#1223-d255 @A: 28 21 15 04 | 01
#1224-d255 @A: 27 06 28 04 | 09
#1225-d255 @A: 02 28 13 09 | 04
#1226-d255 @A: 35 21 28 20 | 08
#1227-d255 @A: 16 35 28 15 | 03
#1228-d255 @A: 26 11 28 27 | 07
#1229-d255 @A: 28 02 35 25 | 02
#1230-d255 @A: 09 30 02 14 | 05
#1231-d255 @A: 14 05 13 09 | 11
#1232-d255 @A: 30 33 14 13 | 12
#1233-d255 @A: 21 14 16 12 | 10
#1234-d255 @A: 05 11 26 14 | 06
#1235-d255 @A: 14 26 06 08 | 01
#1236-d255 @A: 04 21 20 05 | 09
#1237-d255 @A: 10 33 20 04 | 04
#1238-d255 @A: 03 04 20 26 | 08
#1239-d255 @A: 02 33 04 08 | 03
#1240-d255 @A: 20 30 09 12 | 07
#1241-d255 @A: 11 13 20 09 | 02
#1242-d255 @A: 35 09 08 13 | 05
#1243-d255 @A: 02 08 09 17 | 11
#1244-d255 @A: 09 10 27 12 | 12
#1245-d255 @A: 08 33 03 09 | 10
#1246-d255 @A: 06 09 03 11 | 06
#1247-d255 @A: 35 30 12 01 | 01
#1248-d255 @A: 06 05 30 35 | 09
#1249-d255 @A: 35 25 29 30 | 04
#1250-d255 @A: 17 01 25 35 | 08
#1251-d255 @A: 10 01 29 33 | 03
#1252-d255 @A: 08 01 12 10 | 07
#1253-d255 @A: 11 01 27 12 | 02
#1254-d255 @A: 12 26 03 01 | 05
#1255-d255 @A: 17 10 16 29 | 11
#1256-d255 @A: 06 12 10 16 | 12
#1257-d255 @A: 06 18 29 16 | 10
#1258-d255 @A: 33 05 06 21 | 06
#1259-d255 @A: 05 29 13 18 | 01
#1260-d255 @A: 10 13 12 25 | 09
#1261-d255 @A: 18 10 08 25 | 04
#1262-d255 @A: 06 24 20 22 | 08
#1263-d255 @A: 31 19 22 32 | 03
#1264-d255 @A: 02 22 32 14 | 07
#1265-d255 @A: 22 07 34 35 | 02
#1266-d255 @A: 05 22 20 07 | 05
#1267-d255 @A: 13 11 22 34 | 11
#1268-d255 @A: 13 22 19 27 | 12
#1269-d255 @A: 09 28 22 16 | 10
#1270-d255 @A: 02 22 28 15 | 06
#1271-d255 @A: 16 26 14 22 | 01
#1272-d255 @A: 13 04 02 22 | 09
#1273-d255 @A: 25 22 09 33 | 04
#1274-d255 @A: 10 18 11 22 | 08
#1275-d255 @A: 32 29 21 24 | 03
#1276-d255 @A: 25 04 19 24 | 07
#1277-d255 @A: 24 30 25 28 | 02
#1278-d255 @A: 09 16 11 24 | 05
#1279-d255 @A: 24 20 08 15 | 11
#1280-d255 @A: 21 24 03 30 | 12
#1281-d255 @A: 03 24 06 26 | 10
#1282-d255 @A: 12 24 18 25 | 06
#1283-d255 @A: 01 23 14 32 | 01
#1284-d255 @A: 25 04 32 23 | 09
#1285-d255 @A: 23 32 11 35 | 04
#1286-d255 @A: 02 32 19 07 | 08
#1287-d255 @A: 04 34 32 12 | 03
#1288-d255 @A: 32 17 30 34 | 07
#1289-d255 @A: 25 34 21 32 | 02
#1290-d255 @A: 31 11 25 32 | 05
#1291-d255 @A: 19 32 06 04 | 11
#1292-d255 @A: 32 05 19 35 | 12
#1293-d255 @A: 12 19 11 32 | 10
#1294-d255 @A: 28 05 32 04 | 06
#1295-d255 @A: 28 32 26 16 | 01
#1296-d255 @A: 14 09 32 18 | 09
#1297-d255 @A: 10 32 14 30 | 04
#1298-d255 @A: 09 05 32 06 | 08
#1299-d255 @A: 20 05 32 29 | 03
#1300-d255 @A: 08 30 13 32 | 07
#1301-d255 @A: 32 17 15 11 | 02
#1302-d255 @A: 27 01 07 23 | 05
#1303-d255 @A: 16 29 23 34 | 11
#1304-d255 @A: 27 16 23 04 | 12
#1305-d255 @A: 12 01 23 16 | 10
#1306-d255 @A: 05 02 23 29 | 06
#1307-d255 @A: 18 23 10 26 | 01
#1308-d255 @A: 23 12 03 02 | 09
#1309-d255 @A: 08 07 31 35 | 04
#1310-d255 @A: 21 19 06 07 | 08
#1311-d255 @A: 30 07 08 14 | 03
#1312-d255 @A: 04 33 21 07 | 07
#1313-d255 @A: 16 17 20 07 | 02
#1314-d255 @A: 02 30 01 07 | 05
#1315-d255 @A: 16 01 07 06 | 11
#1316-d255 @A: 27 07 17 35 | 12
#1317-d255 @A: 10 26 15 07 | 10
#1318-d255 @A: 07 26 06 27 | 06
#1319-d255 @A: 15 02 25 07 | 01
#1320-d255 @A: 34 31 28 08 | 09
#1321-d255 @A: 19 34 28 10 | 04
#1322-d255 @A: 34 12 19 14 | 08
#1323-d255 @A: 19 34 04 15 | 03
#1324-d255 @A: 12 30 28 34 | 07
#1325-d255 @A: 06 34 28 21 | 02
#1326-d255 @A: 14 05 27 34 | 05
#1327-d255 @A: 34 30 09 11 | 11
#1328-d255 @A: 34 06 09 10 | 12
#1329-d255 @A: 34 13 01 26 | 10
#1330-d255 @A: 34 02 06 35 | 06
#1331-d255 @A: 34 15 26 12 | 01
#1332-d255 @A: 11 25 34 06 | 09
#1333-d255 @A: 31 14 16 10 | 04
#1334-d255 @A: 21 31 14 11 | 08
#1335-d255 @A: 02 08 04 31 | 03
#1336-d255 @A: 33 01 31 09 | 07
#1337-d255 @A: 17 13 31 09 | 02
#1338-d255 @A: 31 08 01 13 | 05
#1339-d255 @A: 19 28 05 30 | 11
#1340-d255 @A: 29 19 28 01 | 12
#1341-d255 @A: 17 02 19 28 | 10
#1342-d255 @A: 30 20 19 14 | 06
#1343-d255 @A: 21 17 14 19 | 01
#1344-d255 @A: 30 25 19 21 | 09
#1345-d255 @A: 19 06 30 13 | 04
#1346-d255 @A: 26 16 19 01 | 08
#1347-d255 @A: 11 19 01 10 | 03
#1348-d255 @A: 10 26 19 02 | 07
#1349-d255 @A: 10 14 28 01 | 02
#1350-d255 @A: 09 28 11 10 | 05
#1351-d255 @A: 28 10 13 20 | 11
#1352-d255 @A: 16 28 18 30 | 12
#1353-d255 @A: 13 12 03 28 | 10
#1354-d255 @A: 28 33 15 10 | 06
#1355-d255 @A: 29 33 28 02 | 01
#1356-d255 @A: 28 33 18 06 | 09
#1357-d255 @A: 06 35 12 28 | 04
#1358-d255 @A: 20 04 29 14 | 08
#1359-d255 @A: 04 33 16 14 | 03
#1360-d255 @A: 14 16 09 17 | 07
#1361-d255 @A: 10 17 14 05 | 02
#1362-d255 @A: 26 12 14 17 | 05
#1363-d255 @A: 11 12 14 08 | 11
#1364-d255 @A: 06 09 04 13 | 12
#1365-d255 @A: 03 35 05 04 | 10
#1366-d255 @A: 35 11 12 04 | 06
#1367-d255 @A: 06 03 04 08 | 01
#1368-d255 @A: 08 18 11 04 | 09
#1369-d255 @A: 05 12 09 11 | 04
#1370-d255 @A: 09 29 15 08 | 08
#1371-d255 @A: 20 13 03 30 | 03
#1372-d255 @A: 30 20 27 33 | 07
#1373-d255 @A: 29 01 26 20 | 02
#1374-d255 @A: 03 05 15 20 | 05
#1375-d255 @A: 29 20 25 17 | 11
#1376-d255 @A: 20 02 27 26 | 12
#1377-d255 @A: 30 26 16 03 | 10
#1378-d255 @A: 10 12 30 03 | 06
#1379-d255 @A: 30 06 08 33 | 01
#1380-d255 @A: 18 33 30 11 | 09
#1381-d255 @A: 01 06 12 05 | 04
#1382-d255 @A: 06 01 05 08 | 08
#1383-d255 @A: 26 18 02 01 | 03
#1384-d255 @A: 33 16 08 21 | 07
#1385-d255 @A: 15 25 16 05 | 02
#1386-d255 @A: 27 18 35 16 | 05
#1387-d255 @A: 25 27 08 16 | 11
#1388-d255 @A: 13 21 17 12 | 12
#1389-d255 @A: 03 10 29 21 | 10
#1390-d255 @A: 05 13 29 08 | 06
#1391-d255 @A: 13 08 03 17 | 01
#1392-d255 @A: 13 15 11 02 | 09
#1393-d255 @A: 13 29 03 02 | 04
#1394-d255 @A: 13 25 33 29 | 08
#1395-d255 @A: 13 12 35 15 | 03
#1396-d255 @A: 24 04 22 09 | 07
#1397-d255 @A: 21 22 24 25 | 02
#1398-d255 @A: 24 08 22 17 | 05
#1399-d255 @A: 33 22 27 24 | 11
#1400-d255 @A: 11 14 23 22 | 12
#1401-d255 @A: 22 10 21 07 | 10
#1402-d255 @A: 34 33 04 22 | 06
#1403-d255 @A: 06 29 34 22 | 01
#1404-d255 @A: 31 22 13 18 | 09
#1405-d255 @A: 14 22 05 19 | 04
#1406-d255 @A: 19 22 16 03 | 08
#1407-d255 @A: 22 10 28 30 | 03
#1408-d255 @A: 22 28 26 06 | 07
#1409-d255 @A: 15 22 13 30 | 02
#1410-d255 @A: 22 05 11 21 | 05
#1411-d255 @A: 22 35 11 26 | 11
#1412-d255 @A: 02 32 20 24 | 12
#1413-d255 @A: 07 03 24 13 | 10
#1414-d255 @A: 30 24 31 18 | 06
#1415-d255 @A: 24 26 11 31 | 01
#1416-d255 @A: 09 24 03 19 | 09
#1417-d255 @A: 19 24 08 09 | 04
#1418-d255 @A: 24 19 02 29 | 08
#1419-d255 @A: 14 24 16 30 | 03
#1420-d255 @A: 24 29 25 14 | 07
#1421-d255 @A: 06 04 33 24 | 02
#1422-d255 @A: 16 25 10 24 | 05
#1423-d255 @A: 02 24 05 18 | 11
#1424-d255 @A: 26 35 15 24 | 12
#1425-d255 @A: 35 03 18 24 | 10
#1426-d255 @A: 32 01 07 10 | 06
#1427-d255 @A: 31 02 32 13 | 01
#1428-d255 @A: 29 19 32 17 | 09
#1429-d255 @A: 08 20 02 32 | 04
#1430-d255 @A: 32 30 11 21 | 08
#1431-d255 @A: 32 21 06 16 | 03
#1432-d255 @A: 25 32 27 02 | 07
#1433-d255 @A: 33 32 12 08 | 02
#1434-d255 @A: 10 31 23 07 | 05
#1435-d255 @A: 16 11 23 07 | 11
#1436-d255 @A: 05 18 23 34 | 12
#1437-d255 @A: 33 31 14 23 | 10
#1438-d255 @A: 31 23 21 05 | 06
#1439-d255 @A: 23 21 14 02 | 01
#1440-d255 @A: 29 30 23 09 | 09
#1441-d255 @A: 30 20 23 01 | 04
#1442-d255 @A: 05 23 20 08 | 08
#1443-d255 @A: 16 33 30 23 | 03
#1444-d255 @A: 11 08 23 21 | 07
#1445-d255 @A: 08 10 13 23 | 02
#1446-d255 @A: 06 23 15 10 | 05
#1447-d255 @A: 18 06 27 23 | 11
#1448-d255 @A: 19 07 15 30 | 12
#1449-d255 @A: 11 18 07 19 | 10
#1450-d255 @A: 28 35 04 07 | 06
#1451-d255 @A: 03 07 09 04 | 01
#1452-d255 @A: 20 30 06 07 | 09
#1453-d255 @A: 07 35 01 05 | 04
#1454-d255 @A: 03 01 07 17 | 08
#1455-d255 @A: 12 07 33 01 | 03
#1456-d255 @A: 10 07 16 03 | 07
#1457-d255 @A: 25 07 33 17 | 02
#1458-d255 @A: 18 02 07 10 | 05
#1459-d255 @A: 35 07 06 33 | 11
#1460-d255 @A: 26 07 35 12 | 12
#1461-d255 @A: 03 25 07 06 | 10
#1462-d255 @A: 18 31 14 34 | 06
#1463-d255 @A: 12 09 16 34 | 01
#1464-d255 @A: 18 34 27 09 | 09
#1465-d255 @A: 25 12 34 20 | 04
#1466-d255 @A: 34 17 27 15 | 08
#1467-d255 @A: 27 02 34 33 | 03
#1468-d255 @A: 18 01 31 19 | 07
#1469-d255 @A: 10 19 13 31 | 02
#1470-d255 @A: 11 31 28 16 | 05
#1471-d255 @A: 14 13 27 31 | 11
#1472-d255 @A: 17 31 04 30 | 12
#1473-d255 @A: 30 27 31 12 | 10
#1474-d255 @A: 31 06 01 11 | 06
#1475-d255 @A: 33 31 16 21 | 01
#1476-d255 @A: 26 08 21 31 | 09
#1477-d255 @A: 03 29 31 05 | 04
#1478-d255 @A: 10 31 33 12 | 08
#1479-d255 @A: 06 31 02 33 | 03
#1480-d255 @A: 35 31 12 03 | 07
#1481-d255 @A: 31 08 25 15 | 02
#1482-d255 @A: 29 06 31 26 | 05
#1483-d255 @A: 29 31 12 11 | 11
#1484-d255 @A: 19 20 28 26 | 12
#1485-d255 @A: 19 04 14 10 | 10
#1486-d255 @A: 04 21 18 19 | 06
#1487-d255 @A: 29 05 10 19 | 01
#1488-d255 @A: 05 19 03 06 | 09
#1489-d255 @A: 19 11 03 02 | 04
#1490-d255 @A: 25 14 28 09 | 08
#1491-d255 @A: 09 28 30 17 | 03
#1492-d255 @A: 28 26 01 09 | 07
#1493-d255 @A: 20 15 30 28 | 02
#1494-d255 @A: 16 02 28 20 | 05
#1495-d255 @A: 28 27 10 03 | 11
#1496-d255 @A: 11 12 28 15 | 12
#1497-d255 @A: 09 06 21 14 | 10
#1498-d255 @A: 33 25 20 14 | 06
#1499-d255 @A: 26 30 14 01 | 01
#1500-d255 @A: 14 21 35 30 | 09
#1501-d255 @A: 03 02 14 05 | 04
#1502-d255 @A: 14 33 10 06 | 08
#1503-d255 @A: 33 12 15 14 | 03
#1504-d255 @A: 26 03 33 14 | 07
#1505-d255 @A: 04 20 27 13 | 02
#1506-d255 @A: 35 30 16 04 | 05
#1507-d255 @A: 16 01 08 04 | 11
#1508-d255 @A: 33 11 04 05 | 12
#1509-d255 @A: 12 27 15 04 | 10
#1510-d255 @A: 09 27 21 20 | 06
#1511-d255 @A: 30 09 33 21 | 01
#1512-d255 @A: 09 05 30 27 | 09
#1513-d255 @A: 09 10 01 13 | 04
#1514-d255 @A: 16 09 25 21 | 08
#1515-d255 @A: 06 09 26 16 | 03
#1516-d255 @A: 15 05 09 02 | 07
#1517-d255 @A: 17 29 03 09 | 02
#1518-d255 @A: 09 25 10 35 | 05
#1519-d255 @A: 09 02 12 26 | 11
#1520-d255 @A: 09 06 11 08 | 12
#1521-d255 @A: 08 20 13 16 | 10
#1522-d255 @A: 03 08 20 10 | 06
#1523-d255 @A: 18 20 25 10 | 01
#1524-d255 @A: 10 17 33 30 | 09
#1525-d255 @A: 17 30 27 06 | 04
#1526-d255 @A: 26 27 30 10 | 08
#1527-d255 @A: 29 02 10 30 | 03
#1528-d255 @A: 30 03 06 33 | 07
#1529-d255 @A: 11 25 30 03 | 02
#1530-d255 @A: 29 12 30 18 | 05
#1531-d255 @A: 13 27 01 25 | 11
#1532-d255 @A: 05 11 01 15 | 12
#1533-d255 @A: 02 15 01 17 | 10
#1534-d255 @A: 33 27 01 03 | 06
#1535-d255 @A: 01 25 02 06 | 01
#1536-d255 @A: 12 16 27 25 | 09
#1537-d255 @A: 02 11 08 16 | 04
#1538-d255 @A: 29 16 26 08 | 08
#1539-d255 @A: 21 29 02 18 | 03
#1540-d255 @A: 21 25 35 26 | 07
#1541-d255 @A: 21 29 08 12 | 02
#1542-d255 @A: 13 26 05 35 | 05
#1543-d255 @A: 26 03 13 17 | 11
#1544-d255 @A: 10 02 35 13 | 12
#1545-d255 @A: 13 35 11 18 | 10
#1546-d255 @A: 19 22 24 15 | 06
#1547-d255 @A: 32 22 12 15 | 01
#1548-d255 @A: 22 34 23 02 | 09
#1549-d255 @A: 33 15 22 07 | 04
#1550-d255 @A: 22 34 05 09 | 08
#1551-d255 @A: 22 31 14 29 | 03
#1552-d255 @A: 22 19 04 35 | 07
#1553-d255 @A: 29 22 19 21 | 02
#1554-d255 @A: 21 22 14 18 | 05
#1555-d255 @A: 22 13 08 04 | 11
#1556-d255 @A: 18 04 15 22 | 12
#1557-d255 @A: 20 30 22 35 | 10
#1558-d255 @A: 21 22 20 33 | 06
#1559-d255 @A: 22 29 13 01 | 01
#1560-d255 @A: 10 22 17 26 | 09
#1561-d255 @A: 12 35 17 22 | 04
#1562-d255 @A: 29 17 22 15 | 08
#1563-d255 @A: 35 27 22 15 | 03
#1564-d255 @A: 22 27 03 18 | 07
#1565-d255 @A: 11 22 08 29 | 02
#1566-d255 @A: 32 16 24 12 | 05
#1567-d255 @A: 16 24 23 19 | 11
#1568-d255 @A: 17 14 23 24 | 12
#1569-d255 @A: 06 21 24 23 | 10
#1570-d255 @A: 23 24 33 26 | 06
#1571-d255 @A: 24 08 33 23 | 01
#1572-d255 @A: 24 04 34 29 | 09
#1573-d255 @A: 34 24 10 13 | 04
#1574-d255 @A: 04 16 31 24 | 08
#1575-d255 @A: 31 24 21 27 | 03
#1576-d255 @A: 12 08 24 31 | 07
#1577-d255 @A: 24 20 19 18 | 02
#1578-d255 @A: 24 15 28 01 | 05
#1579-d255 @A: 14 18 24 08 | 11
#1580-d255 @A: 04 30 24 11 | 12
#1581-d255 @A: 04 10 08 24 | 10
#1582-d255 @A: 24 03 27 04 | 06
#1583-d255 @A: 24 35 16 20 | 01
#1584-d255 @A: 15 30 24 29 | 09
#1585-d255 @A: 03 24 01 10 | 04
#1586-d255 @A: 06 32 20 23 | 08
#1587-d255 @A: 32 09 12 07 | 03
#1588-d255 @A: 31 10 32 34 | 07
#1589-d255 @A: 34 32 29 02 | 02
#1590-d255 @A: 29 32 14 13 | 05
#1591-d255 @A: 32 17 21 20 | 11
#1592-d255 @A: 18 26 27 32 | 12
#1593-d255 @A: 26 32 11 06 | 10
#1594-d255 @A: 25 18 32 06 | 06
#1595-d255 @A: 26 07 28 23 | 01
#1596-d255 @A: 27 34 23 31 | 09
#1597-d255 @A: 06 19 23 34 | 04
#1598-d255 @A: 10 34 23 01 | 08
#1599-d255 @A: 04 11 31 23 | 03
#1600-d255 @A: 06 31 13 23 | 07
#1601-d255 @A: 02 23 01 28 | 02
#1602-d255 @A: 09 12 23 14 | 05
#1603-d255 @A: 23 14 27 30 | 11
#1604-d255 @A: 04 06 30 23 | 12
#1605-d255 @A: 03 23 20 29 | 10
#1606-d255 @A: 17 26 23 30 | 06
#1607-d255 @A: 27 25 23 21 | 01
#1608-d255 @A: 21 07 17 34 | 09
#1609-d255 @A: 18 13 07 34 | 04
#1610-d255 @A: 31 14 17 07 | 08
#1611-d255 @A: 07 20 31 27 | 03
#1612-d255 @A: 12 25 31 07 | 07
#1613-d255 @A: 27 19 07 08 | 02
#1614-d255 @A: 16 12 28 07 | 05
#1615-d255 @A: 14 07 18 30 | 11
#1616-d255 @A: 21 02 07 27 | 12
#1617-d255 @A: 06 11 07 17 | 10
#1618-d255 @A: 03 12 07 27 | 06
#1619-d255 @A: 07 15 18 06 | 01
#1620-d255 @A: 13 02 19 34 | 09
#1621-d255 @A: 14 26 34 28 | 04
#1622-d255 @A: 28 27 34 13 | 08
#1623-d255 @A: 06 13 14 34 | 03
#1624-d255 @A: 17 26 04 34 | 07
#1625-d255 @A: 30 34 01 03 | 02
#1626-d255 @A: 08 30 16 34 | 05
#1627-d255 @A: 29 34 30 13 | 11
#1628-d255 @A: 34 03 08 05 | 12
#1629-d255 @A: 08 11 10 34 | 10
#1630-d255 @A: 06 34 15 33 | 06
#1631-d255 @A: 05 31 01 28 | 01
#1632-d255 @A: 31 26 13 28 | 09
#1633-d255 @A: 18 31 02 28 | 04
#1634-d255 @A: 31 09 21 29 | 08
#1635-d255 @A: 10 17 31 06 | 03
#1636-d255 @A: 11 17 31 18 | 07
#1637-d255 @A: 08 27 33 31 | 02
#1638-d255 @A: 27 35 31 25 | 05
#1639-d255 @A: 30 10 09 19 | 11
#1640-d255 @A: 13 09 35 19 | 12
#1641-d255 @A: 30 11 16 19 | 10
#1642-d255 @A: 11 19 35 06 | 06
#1643-d255 @A: 26 19 11 29 | 01
#1644-d255 @A: 13 35 30 28 | 09
#1645-d255 @A: 28 26 02 05 | 04
#1646-d255 @A: 28 29 05 35 | 08
#1647-d255 @A: 28 06 05 15 | 03
#1648-d255 @A: 12 17 29 28 | 07
#1649-d255 @A: 35 28 33 11 | 02
#1650-d255 @A: 03 29 11 28 | 05
#1651-d255 @A: 14 04 06 05 | 11
#1652-d255 @A: 27 14 01 09 | 12
#1653-d255 @A: 11 14 35 01 | 10
#1654-d255 @A: 33 27 29 14 | 06
#1655-d255 @A: 12 35 14 02 | 01
#1656-d255 @A: 29 11 14 15 | 09
#1657-d255 @A: 09 18 04 30 | 04
#1658-d255 @A: 30 04 20 25 | 08
#1659-d255 @A: 10 04 01 17 | 03
#1660-d255 @A: 04 21 12 29 | 07
#1661-d255 @A: 17 05 04 29 | 02
#1662-d255 @A: 04 02 03 18 | 05
#1663-d255 @A: 25 02 11 04 | 11
#1664-d255 @A: 09 03 27 02 | 12
#1665-d255 @A: 06 09 27 33 | 10
#1666-d255 @A: 27 09 25 11 | 06
#1667-d255 @A: 35 11 09 29 | 01
#1668-d255 @A: 18 09 12 06 | 09
#1669-d255 @A: 17 16 21 30 | 04
#1670-d255 @A: 16 02 13 30 | 08
#1671-d255 @A: 18 21 06 30 | 03
#1672-d255 @A: 17 33 08 30 | 07
#1673-d255 @A: 10 08 02 30 | 02
#1674-d255 @A: 25 01 21 15 | 05
#1675-d255 @A: 12 18 17 01 | 11
#1676-d255 @A: 27 18 01 08 | 12
#1677-d255 @A: 08 01 29 33 | 10
#1678-d255 @A: 21 16 11 29 | 06
#1679-d255 @A: 05 33 16 29 | 01
#1680-d255 @A: 02 25 29 16 | 09
#1681-d255 @A: 03 33 16 35 | 04
#1682-d255 @A: 13 10 27 21 | 08
#1683-d255 @A: 29 21 15 05 | 03
#1684-d255 @A: 21 17 29 27 | 07
#1685-d255 @A: 10 21 35 12 | 02
#1686-d255 @A: 12 27 21 06 | 05
#1687-d255 @A: 21 11 02 35 | 11
#1688-d255 @A: 33 13 10 05 | 12
#1689-d255 @A: 08 02 12 06 | 10
