#0001-d252 @A: 22 16 31 09 | 04
#0002-d252 @A: 19 22 13 01 | 06
#0003-d252 @A: 22 01 25 35 | 12
#0004-d252 @A: 02 25 07 22 | 08
#0005-d252 @A: 22 23 21 15 | 02
#0006-d252 @A: 22 08 06 12 | 07
#0007-d252 @A: 33 22 04 32 | 03
#0008-d252 @A: 22 19 07 04 | 09
#0009-d252 @A: 01 26 22 31 | 05
#0010-d252 @A: 22 01 14 08 | 01
#0011-d252 @A: 22 17 03 21 | 10
#0012-d252 @A: 10 22 28 14 | 11
#0013-d252 @A: 16 21 22 20 | 04
#0014-d252 @A: 05 21 22 02 | 06
#0015-d252 @A: 31 28 22 02 | 12
#0016-d252 @A: 18 22 12 11 | 08
#0017-d252 @A: 33 32 09 13 | 02
#0018-d252 @A: 12 25 08 09 | 07
#0019-d252 @A: 32 06 09 18 | 03
#0020-d252 @A: 24 28 09 32 | 09
#0021-d252 @A: 32 26 07 09 | 05
#0022-d252 @A: 04 10 09 24 | 01
#0023-d252 @A: 14 09 08 15 | 10
#0024-d252 @A: 05 19 09 27 | 11
#0025-d252 @A: 19 14 12 09 | 04
#0026-d252 @A: 21 09 27 01 | 06
#0027-d252 @A: 09 04 27 33 | 12
#0028-d252 @A: 09 29 33 03 | 08
#0029-d252 @A: 35 30 10 09 | 02
#0030-d252 @A: 20 09 30 21 | 07
#0031-d252 @A: 16 30 18 09 | 03
#0032-d252 @A: 33 18 09 20 | 09
#0033-d252 @A: 12 30 09 05 | 05
#0034-d252 @A: 02 09 12 20 | 01
#0035-d252 @A: 13 32 25 29 | 10
#0036-d252 @A: 25 13 18 24 | 11
#0037-d252 @A: 15 25 07 13 | 04
#0038-d252 @A: 05 25 28 13 | 06
#0039-d252 @A: 13 34 16 17 | 12
#0040-d252 @A: 10 13 11 34 | 08
#0041-d252 @A: 06 16 23 13 | 02
#0042-d252 @A: 13 06 07 21 | 07
#0043-d252 @A: 32 13 05 18 | 03
#0044-d252 @A: 31 13 26 24 | 09
#0045-d252 @A: 20 17 19 13 | 05
#0046-d252 @A: 19 02 13 08 | 01
#0047-d252 @A: 21 17 13 26 | 10
#0048-d252 @A: 13 02 05 01 | 11
#0049-d252 @A: 27 05 13 08 | 04
#0050-d252 @A: 13 31 17 03 | 06
#0051-d252 @A: 03 04 13 21 | 12
#0052-d252 @A: 10 13 14 30 | 08
#0053-d252 @A: 13 31 02 12 | 02
#0054-d252 @A: 23 02 25 19 | 07
#0055-d252 @A: 06 25 14 15 | 03
#0056-d252 @A: 01 25 29 06 | 09
#0057-d252 @A: 06 04 25 12 | 05
#0058-d252 @A: 20 01 15 25 | 01
#0059-d252 @A: 12 25 31 15 | 10
#0060-d252 @A: 03 28 25 20 | 11
#0061-d252 @A: 16 31 28 25 | 04
#0062-d252 @A: 25 05 31 33 | 06
#0063-d252 @A: 14 18 25 12 | 12
#0064-d252 @A: 11 05 25 18 | 08
#0065-d252 @A: 32 31 19 34 | 02
#0066-d252 @A: 21 34 32 26 | 07
#0067-d252 @A: 34 07 33 32 | 03
#0068-d252 @A: 34 05 02 15 | 09
#0069-d252 @A: 12 01 27 34 | 05
#0070-d252 @A: 03 28 34 08 | 01
#0071-d252 @A: 28 30 31 34 | 10
#0072-d252 @A: 26 19 23 06 | 11
#0073-d252 @A: 32 16 24 23 | 04
#0074-d252 @A: 23 32 14 27 | 06
#0075-d252 @A: 05 23 01 15 | 12
#0076-d252 @A: 28 23 10 16 | 08
#0077-d252 @A: 20 14 23 16 | 02
#0078-d252 @A: 31 23 07 28 | 07
#0079-d252 @A: 15 27 06 12 | 03
#0080-d252 @A: 08 06 11 01 | 09
#0081-d252 @A: 06 33 31 16 | 05
#0082-d252 @A: 16 30 06 05 | 01
#0083-d252 @A: 11 06 33 28 | 10
#0084-d252 @A: 18 28 02 06 | 11
#0085-d252 @A: 31 06 18 05 | 04
#0086-d252 @A: 17 32 19 02 | 06
#0087-d252 @A: 04 21 32 19 | 12
#0088-d252 @A: 32 04 01 08 | 08
#0089-d252 @A: 02 17 07 32 | 02
#0090-d252 @A: 32 02 10 12 | 07
#0091-d252 @A: 28 11 07 32 | 03
#0092-d252 @A: 21 26 24 27 | 09
#0093-d252 @A: 26 24 28 33 | 05
#0094-d252 @A: 01 04 24 16 | 01
#0095-d252 @A: 05 01 11 24 | 10
#0096-d252 @A: 24 08 27 07 | 11
#0097-d252 @A: 10 33 35 24 | 04
#0098-d252 @A: 33 24 30 07 | 06
#0099-d252 @A: 24 14 35 12 | 12
#0100-d252 @A: 17 08 15 02 | 08
#0101-d252 @A: 29 15 10 35 | 02
#0102-d252 @A: 35 30 11 15 | 07
#0103-d252 @A: 19 12 04 26 | 03
#0104-d252 @A: 14 01 16 19 | 09
#0105-d252 @A: 19 28 01 07 | 05
#0106-d252 @A: 01 19 20 02 | 01
#0107-d252 @A: 10 04 19 27 | 10
#0108-d252 @A: 19 17 21 16 | 11
#0109-d252 @A: 26 01 03 14 | 04
#0110-d252 @A: 12 03 20 26 | 06
#0111-d252 @A: 18 04 26 31 | 12
#0112-d252 @A: 14 21 05 26 | 08
#0113-d252 @A: 16 26 33 18 | 02
#0114-d252 @A: 11 16 28 26 | 07
#0115-d252 @A: 26 16 20 31 | 03
#0116-d252 @A: 08 27 01 31 | 09
#0117-d252 @A: 28 21 01 16 | 05
#0118-d252 @A: 17 08 04 27 | 01
#0119-d252 @A: 27 03 20 02 | 10
#0120-d252 @A: 27 14 21 16 | 11
#0121-d252 @A: 27 33 28 05 | 04
#0122-d252 @A: 10 07 12 17 | 06
#0123-d252 @A: 35 20 30 17 | 12
#0124-d252 @A: 30 17 31 05 | 08
#0125-d252 @A: 02 31 29 17 | 02
#0126-d252 @A: 12 33 03 10 | 07
#0127-d252 @A: 28 05 21 03 | 03
#0128-d252 @A: 14 03 33 16 | 09
#0129-d252 @A: 02 03 33 31 | 05
#0130-d252 @A: 28 03 07 35 | 01
#0131-d252 @A: 08 21 04 18 | 10
#0132-d252 @A: 08 30 14 21 | 11
#0133-d252 @A: 28 30 08 05 | 04
#0134-d252 @A: 16 28 04 30 | 06
#0135-d252 @A: 05 29 30 04 | 12
#0136-d252 @A: 04 11 20 05 | 08
#0137-d252 @A: 25 15 22 05 | 02
#0138-d252 @A: 34 33 22 27 | 07
#0139-d252 @A: 32 30 01 22 | 03
#0140-d252 @A: 22 17 32 12 | 09
#0141-d252 @A: 32 14 22 35 | 05
#0142-d252 @A: 15 22 28 04 | 01
#0143-d252 @A: 14 26 11 22 | 10
#0144-d252 @A: 04 16 22 03 | 11
#0145-d252 @A: 10 16 33 22 | 04
#0146-d252 @A: 28 05 20 22 | 06
#0147-d252 @A: 22 05 29 11 | 12
#0148-d252 @A: 09 10 13 25 | 08
#0149-d252 @A: 12 09 13 06 | 02
#0150-d252 @A: 09 25 35 17 | 07
#0151-d252 @A: 23 07 08 09 | 03
#0152-d252 @A: 29 23 09 30 | 09
#0153-d252 @A: 07 10 09 06 | 05
#0154-d252 @A: 12 15 09 32 | 01
#0155-d252 @A: 15 11 31 09 | 10
#0156-d252 @A: 09 17 33 01 | 11
#0157-d252 @A: 33 09 27 07 | 04
#0158-d252 @A: 04 09 30 17 | 06
#0159-d252 @A: 07 09 12 04 | 12
#0160-d252 @A: 35 12 21 09 | 08
#0161-d252 @A: 09 11 18 35 | 02
#0162-d252 @A: 13 12 25 01 | 07
#0163-d252 @A: 13 15 01 34 | 03
#0164-d252 @A: 29 13 28 34 | 09
#0165-d252 @A: 17 13 23 05 | 05
#0166-d252 @A: 28 03 23 13 | 01
#0167-d252 @A: 13 06 29 17 | 10
#0168-d252 @A: 11 06 13 05 | 11
#0169-d252 @A: 26 13 08 29 | 04
#0170-d252 @A: 07 04 27 13 | 06
#0171-d252 @A: 13 02 21 33 | 12
#0172-d252 @A: 21 13 35 14 | 08
#0173-d252 @A: 12 30 13 16 | 02
#0174-d252 @A: 35 20 33 13 | 07
#0175-d252 @A: 34 03 25 05 | 03
#0176-d252 @A: 25 34 04 28 | 09
#0177-d252 @A: 25 30 06 27 | 05
#0178-d252 @A: 17 06 28 25 | 01
#0179-d252 @A: 32 19 30 25 | 10
#0180-d252 @A: 25 10 32 14 | 11
#0181-d252 @A: 25 24 26 14 | 04
#0182-d252 @A: 04 29 24 25 | 06
#0183-d252 @A: 28 25 35 24 | 12
#0184-d252 @A: 33 25 03 19 | 08
#0185-d252 @A: 03 11 01 25 | 02
#0186-d252 @A: 11 16 25 30 | 07
#0187-d252 @A: 35 07 29 25 | 03
#0188-d252 @A: 32 34 02 23 | 09
#0189-d252 @A: 24 03 34 18 | 05
#0190-d252 @A: 33 15 34 03 | 01
#0191-d252 @A: 14 34 10 15 | 10
#0192-d252 @A: 34 11 21 14 | 11
#0193-d252 @A: 34 07 21 29 | 04
#0194-d252 @A: 16 11 34 33 | 06
#0195-d252 @A: 05 34 29 33 | 12
#0196-d252 @A: 29 30 11 34 | 08
#0197-d252 @A: 27 20 06 23 | 02
#0198-d252 @A: 23 32 33 17 | 07
#0199-d252 @A: 24 23 27 18 | 03
#0200-d252 @A: 23 24 12 08 | 09
#0201-d252 @A: 23 08 05 19 | 05
#0202-d252 @A: 23 01 04 21 | 01
#0203-d252 @A: 04 27 23 31 | 10
#0204-d252 @A: 10 23 30 17 | 11
#0205-d252 @A: 23 18 21 05 | 04
#0206-d252 @A: 30 14 23 33 | 06
#0207-d252 @A: 02 05 23 28 | 12
#0208-d252 @A: 02 12 35 23 | 08
#0209-d252 @A: 20 06 15 26 | 02
#0210-d252 @A: 04 06 08 19 | 07
#0211-d252 @A: 31 19 28 06 | 03
#0212-d252 @A: 26 01 06 35 | 09
#0213-d252 @A: 01 04 18 06 | 05
#0214-d252 @A: 17 20 08 06 | 01
#0215-d252 @A: 02 10 06 31 | 10
#0216-d252 @A: 18 06 14 16 | 11
#0217-d252 @A: 32 31 35 15 | 04
#0218-d252 @A: 15 32 18 07 | 06
#0219-d252 @A: 27 32 08 11 | 12
#0220-d252 @A: 12 27 04 32 | 08
#0221-d252 @A: 12 30 35 32 | 02
#0222-d252 @A: 12 31 14 32 | 07
#0223-d252 @A: 15 11 26 24 | 03
#0224-d252 @A: 17 24 20 26 | 09
#0225-d252 @A: 04 24 18 02 | 05
#0226-d252 @A: 21 24 14 20 | 01
#0227-d252 @A: 35 24 21 29 | 10
#0228-d252 @A: 16 24 33 02 | 11
#0229-d252 @A: 30 18 33 24 | 04
#0230-d252 @A: 02 20 24 29 | 06
#0231-d252 @A: 24 02 11 35 | 12
#0232-d252 @A: 33 15 26 17 | 08
#0233-d252 @A: 03 15 18 08 | 02
#0234-d252 @A: 30 18 28 15 | 07
#0235-d252 @A: 19 29 14 27 | 03
#0236-d252 @A: 16 19 29 10 | 09
#0237-d252 @A: 05 29 19 20 | 05
#0238-d252 @A: 12 02 07 19 | 01
#0239-d252 @A: 26 01 07 20 | 10
#0240-d252 @A: 27 26 18 07 | 11
#0241-d252 @A: 31 11 26 10 | 04
#0242-d252 @A: 26 21 35 11 | 06
#0243-d252 @A: 27 04 02 01 | 12
#0244-d252 @A: 01 31 07 27 | 08
#0245-d252 @A: 12 11 01 33 | 02
#0246-d252 @A: 31 30 18 01 | 07
#0247-d252 @A: 01 18 02 12 | 03
#0248-d252 @A: 05 01 35 31 | 09
#0249-d252 @A: 35 08 12 27 | 05
#0250-d252 @A: 27 16 30 31 | 01
#0251-d252 @A: 27 07 30 16 | 10
#0252-d252 @A: 29 11 27 33 | 11
#0253-d252 @A: 18 20 02 17 | 04
#0254-d252 @A: 03 04 10 05 | 06
#0255-d252 @A: 31 21 16 03 | 12
#0256-d252 @A: 03 07 28 16 | 08
#0257-d252 @A: 30 02 29 03 | 02
#0258-d252 @A: 08 04 33 16 | 07
#0259-d252 @A: 14 08 10 12 | 03
#0260-d252 @A: 08 14 29 33 | 09
#0261-d252 @A: 12 02 08 28 | 05
#0262-d252 @A: 10 31 35 04 | 01
#0263-d252 @A: 21 31 04 12 | 10
#0264-d252 @A: 04 18 12 05 | 11
#0265-d252 @A: 12 07 31 33 | 04
#0266-d252 @A: 04 14 25 22 | 06
#0267-d252 @A: 22 26 06 18 | 12
#0268-d252 @A: 22 24 15 14 | 08
#0269-d252 @A: 24 22 29 07 | 02
#0270-d252 @A: 24 12 20 22 | 07
#0271-d252 @A: 11 27 22 15 | 03
#0272-d252 @A: 08 33 22 19 | 09
#0273-d252 @A: 26 12 27 22 | 05
#0274-d252 @A: 08 21 22 26 | 01
#0275-d252 @A: 28 26 30 22 | 10
#0276-d252 @A: 27 22 01 28 | 11
#0277-d252 @A: 27 22 10 07 | 04
#0278-d252 @A: 14 27 09 13 | 06
#0279-d252 @A: 13 09 17 28 | 12
#0280-d252 @A: 18 03 09 13 | 08
#0281-d252 @A: 09 11 04 13 | 02
#0282-d252 @A: 25 11 34 09 | 07
#0283-d252 @A: 09 25 19 16 | 03
#0284-d252 @A: 29 02 25 09 | 09
#0285-d252 @A: 34 28 15 09 | 05
#0286-d252 @A: 34 17 20 09 | 01
#0287-d252 @A: 06 33 08 09 | 10
#0288-d252 @A: 04 09 06 29 | 11
#0289-d252 @A: 32 09 35 01 | 04
#0290-d252 @A: 11 27 09 24 | 06
#0291-d252 @A: 08 24 18 09 | 12
#0292-d252 @A: 29 01 09 19 | 08
#0293-d252 @A: 09 26 21 18 | 02
#0294-d252 @A: 09 11 01 02 | 07
#0295-d252 @A: 08 27 09 02 | 03
#0296-d252 @A: 09 14 29 10 | 09
#0297-d252 @A: 31 30 09 07 | 05
#0298-d252 @A: 31 09 28 14 | 01
#0299-d252 @A: 09 05 14 18 | 10
#0300-d252 @A: 13 02 26 25 | 11
#0301-d252 @A: 13 25 30 03 | 04
#0302-d252 @A: 16 07 34 13 | 06
#0303-d252 @A: 19 13 18 23 | 12
#0304-d252 @A: 17 32 13 27 | 08
#0305-d252 @A: 33 01 24 13 | 02
#0306-d252 @A: 01 04 28 13 | 07
#0307-d252 @A: 08 13 03 12 | 03
#0308-d252 @A: 02 03 11 13 | 09
#0309-d252 @A: 33 28 13 31 | 05
#0310-d252 @A: 20 34 24 25 | 01
#0311-d252 @A: 25 34 21 29 | 10
#0312-d252 @A: 24 23 25 05 | 11
#0313-d252 @A: 26 25 21 23 | 04
#0314-d252 @A: 10 25 06 08 | 06
#0315-d252 @A: 30 25 24 17 | 12
#0316-d252 @A: 24 03 25 16 | 08
#0317-d252 @A: 24 25 12 21 | 02
#0318-d252 @A: 35 25 26 04 | 07
#0319-d252 @A: 08 05 25 07 | 03
#0320-d252 @A: 10 29 28 25 | 09
#0321-d252 @A: 31 25 18 29 | 05
#0322-d252 @A: 34 31 23 29 | 01
#0323-d252 @A: 10 06 34 04 | 10
#0324-d252 @A: 32 05 35 34 | 11
#0325-d252 @A: 24 34 21 16 | 04
#0326-d252 @A: 35 24 34 07 | 06
#0327-d252 @A: 08 01 18 34 | 12
#0328-d252 @A: 34 01 11 28 | 08
#0329-d252 @A: 34 27 31 14 | 02
#0330-d252 @A: 03 07 34 10 | 07
#0331-d252 @A: 35 20 34 11 | 03
#0332-d252 @A: 11 31 34 05 | 09
#0333-d252 @A: 20 23 19 21 | 05
#0334-d252 @A: 23 02 27 17 | 01
#0335-d252 @A: 08 23 14 28 | 10
#0336-d252 @A: 23 02 14 04 | 11
#0337-d252 @A: 23 10 07 02 | 04
#0338-d252 @A: 23 21 30 02 | 06
#0339-d252 @A: 18 30 35 23 | 12
#0340-d252 @A: 23 11 14 35 | 08
#0341-d252 @A: 32 33 06 05 | 02
#0342-d252 @A: 06 19 02 24 | 07
#0343-d252 @A: 06 24 01 31 | 03
#0344-d252 @A: 24 06 05 03 | 09
#0345-d252 @A: 06 17 19 18 | 05
#0346-d252 @A: 14 17 06 26 | 01
#0347-d252 @A: 03 27 06 11 | 10
#0348-d252 @A: 05 06 17 12 | 11
#0349-d252 @A: 31 04 06 03 | 04
#0350-d252 @A: 10 18 06 21 | 06
#0351-d252 @A: 11 06 07 29 | 12
#0352-d252 @A: 35 06 11 31 | 08
#0353-d252 @A: 12 35 06 07 | 02
#0354-d252 @A: 32 03 12 24 | 07
#0355-d252 @A: 32 24 08 05 | 03
#0356-d252 @A: 15 05 32 04 | 09
#0357-d252 @A: 32 15 28 33 | 05
#0358-d252 @A: 10 18 32 01 | 01
#0359-d252 @A: 02 27 33 32 | 10
#0360-d252 @A: 18 04 03 32 | 11
#0361-d252 @A: 32 21 03 35 | 04
#0362-d252 @A: 04 32 29 11 | 06
#0363-d252 @A: 28 32 12 05 | 12
#0364-d252 @A: 31 27 33 24 | 08
#0365-d252 @A: 03 10 08 24 | 02
#0366-d252 @A: 28 24 20 16 | 07
#0367-d252 @A: 24 12 16 31 | 03
#0368-d252 @A: 20 18 11 24 | 09
#0369-d252 @A: 04 26 15 10 | 05
#0370-d252 @A: 14 15 01 11 | 01
#0371-d252 @A: 15 05 28 17 | 10
#0372-d252 @A: 15 16 08 20 | 11
#0373-d252 @A: 15 05 14 30 | 04
#0374-d252 @A: 31 20 15 28 | 06
#0375-d252 @A: 18 11 02 15 | 12
#0376-d252 @A: 20 19 26 10 | 08
#0377-d252 @A: 33 17 19 27 | 02
#0378-d252 @A: 21 33 05 19 | 07
#0379-d252 @A: 19 05 16 02 | 03
#0380-d252 @A: 16 35 19 31 | 09
#0381-d252 @A: 26 01 20 28 | 05
#0382-d252 @A: 26 10 08 17 | 01
#0383-d252 @A: 10 05 18 26 | 10
#0384-d252 @A: 26 28 02 29 | 11
#0385-d252 @A: 01 16 27 03 | 04
#0386-d252 @A: 01 17 05 03 | 06
#0387-d252 @A: 31 17 01 20 | 12
#0388-d252 @A: 12 08 30 01 | 08
#0389-d252 @A: 18 01 29 21 | 02
#0390-d252 @A: 14 30 01 28 | 07
#0391-d252 @A: 27 17 11 35 | 03
#0392-d252 @A: 10 28 27 12 | 09
#0393-d252 @A: 10 35 02 27 | 05
#0394-d252 @A: 02 27 18 16 | 01
#0395-d252 @A: 17 21 18 35 | 10
#0396-d252 @A: 17 33 16 30 | 11
#0397-d252 @A: 35 17 33 29 | 04
#0398-d252 @A: 07 20 17 30 | 06
#0399-d252 @A: 28 17 29 14 | 12
#0400-d252 @A: 28 03 30 10 | 08
#0401-d252 @A: 03 21 14 18 | 02
#0402-d252 @A: 20 21 03 11 | 07
#0403-d252 @A: 35 03 28 33 | 03
#0404-d252 @A: 14 29 03 35 | 09
#0405-d252 @A: 16 08 21 29 | 05
#0406-d252 @A: 21 08 31 33 | 01
#0407-d252 @A: 08 31 07 18 | 10
#0408-d252 @A: 31 10 04 07 | 11
#0409-d252 @A: 21 30 11 04 | 04
#0410-d252 @A: 04 21 20 02 | 06
#0411-d252 @A: 09 30 22 27 | 12
#0412-d252 @A: 06 22 32 13 | 08
#0413-d252 @A: 13 22 35 24 | 02
#0414-d252 @A: 22 27 20 13 | 07
#0415-d252 @A: 10 17 13 22 | 03
#0416-d252 @A: 06 22 34 17 | 09
#0417-d252 @A: 34 15 22 12 | 05
#0418-d252 @A: 22 01 34 07 | 01
#0419-d252 @A: 16 18 23 22 | 10
#0420-d252 @A: 32 22 21 27 | 11
#0421-d252 @A: 30 32 22 07 | 04
#0422-d252 @A: 22 02 24 10 | 06
#0423-d252 @A: 15 22 03 20 | 12
#0424-d252 @A: 22 20 11 19 | 08
#0425-d252 @A: 22 03 33 01 | 02
#0426-d252 @A: 03 35 18 22 | 07
#0427-d252 @A: 21 04 22 10 | 03
#0428-d252 @A: 12 22 14 21 | 09
#0429-d252 @A: 35 16 22 05 | 05
#0430-d252 @A: 31 14 22 05 | 01
#0431-d252 @A: 28 35 12 22 | 10
#0432-d252 @A: 29 02 12 22 | 11
#0433-d252 @A: 13 09 30 01 | 04
#0434-d252 @A: 25 09 31 06 | 06
#0435-d252 @A: 09 18 25 27 | 12
#0436-d252 @A: 33 26 09 34 | 08
#0437-d252 @A: 15 23 09 17 | 02
#0438-d252 @A: 14 09 23 26 | 07
#0439-d252 @A: 08 09 23 35 | 03
#0440-d252 @A: 09 06 07 18 | 09
#0441-d252 @A: 32 09 17 21 | 05
#0442-d252 @A: 30 09 15 24 | 01
#0443-d252 @A: 07 15 35 09 | 10
#0444-d252 @A: 19 18 04 09 | 11
#0445-d252 @A: 16 19 07 09 | 04
#0446-d252 @A: 30 03 08 09 | 06
#0447-d252 @A: 33 10 11 09 | 12
#0448-d252 @A: 05 29 16 09 | 08
#0449-d252 @A: 06 13 25 35 | 02
#0450-d252 @A: 03 34 13 35 | 07
#0451-d252 @A: 23 13 11 08 | 03
#0452-d252 @A: 13 15 28 24 | 09
#0453-d252 @A: 33 19 13 15 | 05
#0454-d252 @A: 15 13 08 10 | 01
#0455-d252 @A: 15 04 13 31 | 10
#0456-d252 @A: 13 04 26 14 | 11
#0457-d252 @A: 08 04 07 13 | 04
#0458-d252 @A: 13 10 35 05 | 06
#0459-d252 @A: 05 13 21 29 | 12
#0460-d252 @A: 02 07 31 13 | 08
#0461-d252 @A: 31 18 13 20 | 02
#0462-d252 @A: 13 20 05 12 | 07
#0463-d252 @A: 06 16 25 34 | 03
#0464-d252 @A: 20 26 32 25 | 09
#0465-d252 @A: 04 31 25 32 | 05
#0466-d252 @A: 24 02 25 27 | 01
#0467-d252 @A: 21 08 19 25 | 10
#0468-d252 @A: 04 10 01 25 | 11
#0469-d252 @A: 01 28 18 25 | 04
#0470-d252 @A: 25 27 14 03 | 06
#0471-d252 @A: 27 29 25 05 | 12
#0472-d252 @A: 20 25 30 12 | 08
#0473-d252 @A: 11 31 07 25 | 02
#0474-d252 @A: 01 23 34 20 | 07
#0475-d252 @A: 35 04 34 23 | 03
#0476-d252 @A: 06 15 21 34 | 09
#0477-d252 @A: 03 06 34 20 | 05
#0478-d252 @A: 34 24 17 35 | 01
#0479-d252 @A: 29 26 34 01 | 10
#0480-d252 @A: 27 26 34 03 | 11
#0481-d252 @A: 26 11 34 04 | 04
#0482-d252 @A: 17 27 34 30 | 06
#0483-d252 @A: 31 34 08 17 | 12
#0484-d252 @A: 29 34 20 16 | 08
#0485-d252 @A: 34 33 02 18 | 02
#0486-d252 @A: 18 02 07 34 | 07
#0487-d252 @A: 24 14 23 06 | 03
#0488-d252 @A: 32 01 28 23 | 09
#0489-d252 @A: 20 24 15 23 | 05
#0490-d252 @A: 11 24 23 21 | 01
#0491-d252 @A: 28 15 26 23 | 10
#0492-d252 @A: 23 19 07 33 | 11
#0493-d252 @A: 16 12 23 26 | 04
#0494-d252 @A: 01 17 23 14 | 06
#0495-d252 @A: 27 03 23 12 | 12
#0496-d252 @A: 14 21 10 23 | 08
#0497-d252 @A: 23 10 12 20 | 02
#0498-d252 @A: 23 33 18 28 | 07
#0499-d252 @A: 29 23 11 28 | 03
#0500-d252 @A: 23 11 05 12 | 09
#0501-d252 @A: 06 15 04 33 | 05
#0502-d252 @A: 16 19 06 11 | 01
#0503-d252 @A: 35 19 06 33 | 10
#0504-d252 @A: 17 02 06 04 | 11
#0505-d252 @A: 14 08 06 03 | 04
#0506-d252 @A: 14 06 28 04 | 06
#0507-d252 @A: 06 10 28 05 | 12
#0508-d252 @A: 11 02 21 06 | 08
#0509-d252 @A: 28 06 16 35 | 02
#0510-d252 @A: 33 12 02 06 | 07
#0511-d252 @A: 20 30 28 06 | 03
#0512-d252 @A: 32 24 04 35 | 09
#0513-d252 @A: 32 16 15 19 | 05
#0514-d252 @A: 32 19 33 26 | 01
#0515-d252 @A: 27 19 18 32 | 10
#0516-d252 @A: 26 32 28 04 | 11
#0517-d252 @A: 21 01 02 32 | 04
#0518-d252 @A: 32 12 29 01 | 06
#0519-d252 @A: 33 32 21 14 | 12
#0520-d252 @A: 32 35 02 20 | 08
#0521-d252 @A: 20 05 32 31 | 02
#0522-d252 @A: 19 15 27 24 | 07
#0523-d252 @A: 24 15 04 21 | 03
#0524-d252 @A: 16 24 19 30 | 09
#0525-d252 @A: 01 12 24 26 | 05
#0526-d252 @A: 04 26 30 24 | 01
#0527-d252 @A: 28 24 29 03 | 10
#0528-d252 @A: 21 24 10 05 | 11
#0529-d252 @A: 24 28 31 10 | 04
#0530-d252 @A: 21 07 24 16 | 06
#0531-d252 @A: 02 24 28 21 | 12
#0532-d252 @A: 18 29 05 24 | 08
#0533-d252 @A: 15 08 28 27 | 02
#0534-d252 @A: 12 03 28 15 | 07
#0535-d252 @A: 12 19 11 21 | 03
#0536-d252 @A: 19 07 14 30 | 09
#0537-d252 @A: 31 19 12 29 | 05
#0538-d252 @A: 10 33 26 27 | 01
#0539-d252 @A: 33 21 20 26 | 10
#0540-d252 @A: 26 20 30 18 | 11
#0541-d252 @A: 35 01 28 10 | 04
#0542-d252 @A: 16 18 05 01 | 06
#0543-d252 @A: 29 35 01 30 | 12
#0544-d252 @A: 11 20 29 01 | 08
#0545-d252 @A: 27 18 11 21 | 02
#0546-d252 @A: 27 12 07 14 | 07
#0547-d252 @A: 11 02 05 27 | 03
#0548-d252 @A: 11 17 10 02 | 09
#0549-d252 @A: 29 21 30 17 | 05
#0550-d252 @A: 17 12 20 29 | 01
#0551-d252 @A: 18 31 17 11 | 10
#0552-d252 @A: 02 21 03 10 | 11
#0553-d252 @A: 16 03 35 10 | 04
#0554-d252 @A: 03 20 10 18 | 06
#0555-d252 @A: 11 30 03 31 | 12
#0556-d252 @A: 12 05 29 03 | 08
#0557-d252 @A: 35 08 33 05 | 02
#0558-d252 @A: 11 12 08 07 | 07
#0559-d252 @A: 04 28 10 20 | 03
#0560-d252 @A: 33 04 07 05 | 09
#0561-d252 @A: 14 11 04 31 | 05
#0562-d252 @A: 04 35 28 05 | 01
#0563-d252 @A: 29 04 35 02 | 10
#0564-d252 @A: 04 35 20 18 | 11
#0565-d252 @A: 35 14 10 07 | 04
#0566-d252 @A: 28 29 30 07 | 06
#0567-d252 @A: 22 05 13 09 | 12
#0568-d252 @A: 13 22 03 14 | 08
#0569-d252 @A: 10 25 22 27 | 02
#0570-d252 @A: 19 14 23 22 | 07
#0571-d252 @A: 23 22 11 17 | 03
#0572-d252 @A: 15 31 06 22 | 09
#0573-d252 @A: 03 32 02 22 | 05
#0574-d252 @A: 19 12 22 16 | 01
#0575-d252 @A: 28 21 22 18 | 10
#0576-d252 @A: 02 18 14 22 | 11
#0577-d252 @A: 13 09 16 24 | 04
#0578-d252 @A: 09 32 25 03 | 06
#0579-d252 @A: 05 09 34 07 | 12
#0580-d252 @A: 09 19 31 23 | 08
#0581-d252 @A: 23 09 03 21 | 02
#0582-d252 @A: 24 26 09 06 | 07
#0583-d252 @A: 17 11 06 09 | 03
#0584-d252 @A: 26 02 09 32 | 09
#0585-d252 @A: 09 26 01 10 | 05
#0586-d252 @A: 08 04 26 09 | 01
#0587-d252 @A: 26 29 09 35 | 10
#0588-d252 @A: 31 09 04 01 | 11
#0589-d252 @A: 12 17 09 27 | 04
#0590-d252 @A: 31 09 27 29 | 06
#0591-d252 @A: 11 29 09 21 | 12
#0592-d252 @A: 19 25 13 11 | 08
#0593-d252 @A: 34 31 06 13 | 02
#0594-d252 @A: 08 34 13 20 | 07
#0595-d252 @A: 34 33 04 13 | 03
#0596-d252 @A: 13 06 04 30 | 09
#0597-d252 @A: 12 19 32 13 | 05
#0598-d252 @A: 13 12 24 27 | 01
#0599-d252 @A: 24 05 13 04 | 10
#0600-d252 @A: 13 16 03 19 | 11
#0601-d252 @A: 01 17 11 13 | 04
#0602-d252 @A: 01 07 13 30 | 06
#0603-d252 @A: 13 29 20 30 | 12
#0604-d252 @A: 28 11 18 13 | 08
#0605-d252 @A: 13 02 35 18 | 02
#0606-d252 @A: 27 25 35 32 | 07
#0607-d252 @A: 10 25 24 15 | 03
#0608-d252 @A: 26 10 03 25 | 09
#0609-d252 @A: 25 08 28 26 | 05
#0610-d252 @A: 05 25 08 01 | 01
#0611-d252 @A: 04 27 25 11 | 10
#0612-d252 @A: 14 08 17 25 | 11
#0613-d252 @A: 03 08 25 35 | 04
#0614-d252 @A: 25 10 33 02 | 06
#0615-d252 @A: 25 20 29 33 | 12
#0616-d252 @A: 23 34 24 30 | 08
#0617-d252 @A: 23 15 34 16 | 02
#0618-d252 @A: 34 08 21 23 | 07
#0619-d252 @A: 34 28 32 06 | 03
#0620-d252 @A: 06 19 34 12 | 09
#0621-d252 @A: 08 34 35 06 | 05
#0622-d252 @A: 24 34 02 01 | 01
#0623-d252 @A: 15 07 27 34 | 10
#0624-d252 @A: 15 34 30 20 | 11
#0625-d252 @A: 05 26 08 34 | 04
#0626-d252 @A: 34 12 30 04 | 06
#0627-d252 @A: 12 16 10 34 | 12
#0628-d252 @A: 10 18 34 29 | 08
#0629-d252 @A: 14 05 34 20 | 02
#0630-d252 @A: 12 31 34 18 | 07
#0631-d252 @A: 18 23 32 15 | 03
#0632-d252 @A: 08 32 10 23 | 09
#0633-d252 @A: 10 23 01 24 | 05
#0634-d252 @A: 07 23 24 11 | 01
#0635-d252 @A: 30 19 23 15 | 10
#0636-d252 @A: 20 26 23 08 | 11
#0637-d252 @A: 26 30 23 11 | 04
#0638-d252 @A: 27 01 23 30 | 06
#0639-d252 @A: 03 01 23 35 | 12
#0640-d252 @A: 08 17 18 23 | 08
#0641-d252 @A: 23 20 04 17 | 02
#0642-d252 @A: 28 23 12 30 | 07
#0643-d252 @A: 05 20 23 30 | 03
#0644-d252 @A: 06 15 05 08 | 09
#0645-d252 @A: 27 06 19 21 | 05
#0646-d252 @A: 26 06 02 27 | 01
#0647-d252 @A: 06 26 10 16 | 10
#0648-d252 @A: 26 05 29 06 | 11
#0649-d252 @A: 01 06 27 10 | 04
#0650-d252 @A: 12 06 01 03 | 06
#0651-d252 @A: 06 30 18 03 | 12
#0652-d252 @A: 06 03 02 35 | 08
#0653-d252 @A: 30 06 29 31 | 02
#0654-d252 @A: 18 06 35 29 | 07
#0655-d252 @A: 29 32 15 17 | 03
#0656-d252 @A: 32 08 21 15 | 09
#0657-d252 @A: 03 32 10 19 | 05
#0658-d252 @A: 05 32 03 27 | 01
#0659-d252 @A: 28 32 03 16 | 10
#0660-d252 @A: 33 29 30 32 | 11
#0661-d252 @A: 14 28 32 11 | 04
#0662-d252 @A: 14 32 07 05 | 06
#0663-d252 @A: 01 15 35 24 | 12
#0664-d252 @A: 31 15 07 24 | 08
#0665-d252 @A: 08 24 35 26 | 02
#0666-d252 @A: 29 24 27 01 | 07
#0667-d252 @A: 30 24 28 11 | 03
#0668-d252 @A: 15 26 03 21 | 09
#0669-d252 @A: 08 12 15 26 | 05
#0670-d252 @A: 01 15 08 29 | 01
#0671-d252 @A: 03 15 35 17 | 10
#0672-d252 @A: 04 07 11 15 | 11
#0673-d252 @A: 28 21 29 15 | 04
#0674-d252 @A: 15 16 28 02 | 06
#0675-d252 @A: 29 02 33 15 | 12
#0676-d252 @A: 35 05 18 15 | 08
#0677-d252 @A: 26 19 35 27 | 02
#0678-d252 @A: 19 08 30 27 | 07
#0679-d252 @A: 19 17 03 07 | 03
#0680-d252 @A: 08 19 17 12 | 09
#0681-d252 @A: 19 20 03 08 | 05
#0682-d252 @A: 19 31 08 18 | 01
#0683-d252 @A: 19 33 18 29 | 10
#0684-d252 @A: 19 28 18 05 | 11
#0685-d252 @A: 02 26 05 12 | 04
#0686-d252 @A: 33 01 27 14 | 06
#0687-d252 @A: 14 20 10 01 | 12
#0688-d252 @A: 16 01 02 07 | 08
#0689-d252 @A: 20 12 01 16 | 02
#0690-d252 @A: 18 35 33 01 | 07
#0691-d252 @A: 27 28 18 17 | 03
#0692-d252 @A: 04 16 27 35 | 09
#0693-d252 @A: 11 31 27 28 | 05
#0694-d252 @A: 04 17 03 28 | 01
#0695-d252 @A: 17 28 11 21 | 10
#0696-d252 @A: 17 21 20 05 | 11
#0697-d252 @A: 17 31 14 16 | 04
#0698-d252 @A: 12 33 31 17 | 06
#0699-d252 @A: 28 30 17 02 | 12
#0700-d252 @A: 30 11 17 12 | 08
#0701-d252 @A: 30 03 05 33 | 02
#0702-d252 @A: 08 05 16 12 | 07
#0703-d252 @A: 04 10 16 14 | 03
#0704-d252 @A: 04 29 21 14 | 09
#0705-d252 @A: 14 04 30 35 | 05
#0706-d252 @A: 18 04 29 28 | 01
#0707-d252 @A: 11 04 28 02 | 10
#0708-d252 @A: 02 07 29 33 | 11
#0709-d252 @A: 28 09 22 25 | 04
#0710-d252 @A: 35 34 22 09 | 06
#0711-d252 @A: 22 11 09 08 | 12
#0712-d252 @A: 22 09 04 20 | 08
#0713-d252 @A: 07 22 13 11 | 02
#0714-d252 @A: 22 26 25 33 | 07
#0715-d252 @A: 14 29 22 34 | 03
#0716-d252 @A: 22 01 23 29 | 09
#0717-d252 @A: 27 14 06 22 | 05
#0718-d252 @A: 16 29 22 06 | 01
#0719-d252 @A: 26 32 05 22 | 10
#0720-d252 @A: 29 15 26 22 | 11
#0721-d252 @A: 22 08 07 17 | 04
#0722-d252 @A: 22 28 17 16 | 06
#0723-d252 @A: 20 22 14 17 | 12
#0724-d252 @A: 22 29 08 03 | 08
#0725-d252 @A: 30 12 10 22 | 02
#0726-d252 @A: 22 20 29 10 | 07
#0727-d252 @A: 33 22 21 11 | 03
#0728-d252 @A: 11 16 22 02 | 09
#0729-d252 @A: 33 22 02 35 | 05
#0730-d252 @A: 22 31 20 35 | 01
#0731-d252 @A: 26 13 20 09 | 10
#0732-d252 @A: 01 23 25 09 | 11
#0733-d252 @A: 14 25 09 20 | 04
#0734-d252 @A: 16 27 09 34 | 06
#0735-d252 @A: 09 10 23 27 | 12
#0736-d252 @A: 09 20 23 11 | 08
#0737-d252 @A: 10 15 09 06 | 02
#0738-d252 @A: 09 02 30 06 | 07
#0739-d252 @A: 09 32 27 20 | 03
#0740-d252 @A: 21 28 04 09 | 09
#0741-d252 @A: 20 16 10 09 | 05
#0742-d252 @A: 28 35 02 09 | 01
#0743-d252 @A: 25 13 27 34 | 10
#0744-d252 @A: 23 13 34 12 | 11
#0745-d252 @A: 32 04 02 13 | 04
#0746-d252 @A: 10 24 13 19 | 06
#0747-d252 @A: 17 13 07 24 | 12
#0748-d252 @A: 13 12 15 18 | 08
#0749-d252 @A: 18 01 13 14 | 02
#0750-d252 @A: 29 11 16 13 | 07
#0751-d252 @A: 13 11 30 33 | 03
#0752-d252 @A: 13 33 07 28 | 09
#0753-d252 @A: 29 35 13 31 | 05
#0754-d252 @A: 11 13 12 35 | 01
#0755-d252 @A: 15 32 25 34 | 10
#0756-d252 @A: 25 34 18 35 | 11
#0757-d252 @A: 11 23 15 25 | 04
#0758-d252 @A: 03 31 25 23 | 06
#0759-d252 @A: 06 03 21 25 | 12
#0760-d252 @A: 20 18 25 06 | 08
#0761-d252 @A: 02 32 28 25 | 02
#0762-d252 @A: 24 19 25 01 | 07
#0763-d252 @A: 01 07 10 25 | 03
#0764-d252 @A: 14 21 01 25 | 09
#0765-d252 @A: 25 21 20 27 | 05
#0766-d252 @A: 20 07 27 25 | 01
#0767-d252 @A: 02 25 16 21 | 10
#0768-d252 @A: 25 33 21 07 | 11
#0769-d252 @A: 16 25 12 29 | 04
#0770-d252 @A: 33 25 35 12 | 06
#0771-d252 @A: 34 27 24 06 | 12
#0772-d252 @A: 28 34 06 07 | 08
#0773-d252 @A: 34 32 27 29 | 02
#0774-d252 @A: 32 34 18 16 | 07
#0775-d252 @A: 34 15 19 18 | 03
#0776-d252 @A: 02 34 26 19 | 09
#0777-d252 @A: 01 04 14 34 | 05
#0778-d252 @A: 21 34 04 27 | 01
#0779-d252 @A: 03 29 34 04 | 10
#0780-d252 @A: 10 34 21 35 | 11
#0781-d252 @A: 34 33 20 12 | 04
#0782-d252 @A: 14 12 34 28 | 06
#0783-d252 @A: 01 23 06 02 | 12
#0784-d252 @A: 02 23 26 24 | 08
#0785-d252 @A: 17 35 19 23 | 02
#0786-d252 @A: 01 23 11 18 | 07
#0787-d252 @A: 23 21 12 17 | 03
#0788-d252 @A: 21 29 33 23 | 09
#0789-d252 @A: 16 33 23 05 | 05
#0790-d252 @A: 06 12 24 11 | 01
#0791-d252 @A: 06 01 15 07 | 10
#0792-d252 @A: 27 05 06 07 | 11
#0793-d252 @A: 06 17 04 07 | 04
#0794-d252 @A: 21 06 28 08 | 06
#0795-d252 @A: 10 14 06 33 | 12
#0796-d252 @A: 35 06 10 12 | 08
#0797-d252 @A: 06 12 29 28 | 02
#0798-d252 @A: 29 32 26 24 | 07
#0799-d252 @A: 07 24 32 10 | 03
#0800-d252 @A: 19 32 08 35 | 09
#0801-d252 @A: 08 32 07 01 | 05
#0802-d252 @A: 32 10 17 04 | 01
#0803-d252 @A: 21 32 03 07 | 10
#0804-d252 @A: 21 32 18 12 | 11
#0805-d252 @A: 32 29 35 16 | 04
#0806-d252 @A: 33 11 32 35 | 06
#0807-d252 @A: 30 02 05 32 | 12
#0808-d252 @A: 29 32 31 28 | 08
#0809-d252 @A: 24 19 20 35 | 02
#0810-d252 @A: 04 07 20 24 | 07
#0811-d252 @A: 30 24 12 02 | 03
#0812-d252 @A: 02 24 05 31 | 09
#0813-d252 @A: 15 30 26 27 | 05
#0814-d252 @A: 17 10 31 15 | 01
#0815-d252 @A: 35 33 15 16 | 10
#0816-d252 @A: 14 15 28 35 | 11
#0817-d252 @A: 29 31 15 05 | 04
#0818-d252 @A: 31 26 03 19 | 06
#0819-d252 @A: 26 19 08 16 | 12
#0820-d252 @A: 19 01 17 28 | 08
#0821-d252 @A: 30 03 19 17 | 02
#0822-d252 @A: 01 08 33 26 | 07
#0823-d252 @A: 26 01 04 05 | 03
#0824-d252 @A: 08 03 11 26 | 09
#0825-d252 @A: 08 18 26 02 | 05
#0826-d252 @A: 02 26 14 10 | 01
#0827-d252 @A: 26 11 05 33 | 10
#0828-d252 @A: 14 18 26 28 | 11
#0829-d252 @A: 14 26 29 20 | 04
#0830-d252 @A: 03 01 20 04 | 06
#0831-d252 @A: 28 05 01 29 | 12
#0832-d252 @A: 01 11 07 05 | 08
#0833-d252 @A: 11 27 30 20 | 02
#0834-d252 @A: 04 11 33 17 | 07
#0835-d252 @A: 29 10 17 05 | 03
#0836-d252 @A: 17 07 18 16 | 09
#0837-d252 @A: 03 18 12 16 | 05
#0838-d252 @A: 33 11 18 03 | 01
#0839-d252 @A: 14 03 28 02 | 10
#0840-d252 @A: 31 07 03 20 | 11
#0841-d252 @A: 35 05 11 03 | 04
#0842-d252 @A: 08 05 14 04 | 06
#0843-d252 @A: 35 10 20 08 | 12
#0844-d252 @A: 16 08 11 14 | 08
#0845-d252 @A: 08 35 29 28 | 02
#0846-d252 @A: 05 18 08 20 | 07
#0847-d252 @A: 21 16 05 04 | 03
#0848-d252 @A: 33 04 28 12 | 09
#0849-d252 @A: 30 11 10 07 | 05
#0850-d252 @A: 23 09 22 24 | 01
#0851-d252 @A: 23 13 33 22 | 10
#0852-d252 @A: 22 12 04 13 | 11
#0853-d252 @A: 22 25 23 30 | 04
#0854-d252 @A: 25 32 22 16 | 06
#0855-d252 @A: 23 04 22 05 | 12
#0856-d252 @A: 23 22 31 12 | 08
#0857-d252 @A: 06 22 04 35 | 02
#0858-d252 @A: 32 22 10 15 | 07
#0859-d252 @A: 24 03 26 22 | 03
#0860-d252 @A: 08 15 22 35 | 09
#0861-d252 @A: 01 02 22 17 | 05
#0862-d252 @A: 17 31 22 04 | 01
#0863-d252 @A: 05 12 33 22 | 10
#0864-d252 @A: 05 30 18 22 | 11
#0865-d252 @A: 35 19 13 09 | 04
#0866-d252 @A: 09 13 07 20 | 06
#0867-d252 @A: 26 30 25 09 | 12
#0868-d252 @A: 04 25 09 05 | 08
#0869-d252 @A: 09 07 14 25 | 02
#0870-d252 @A: 01 09 05 34 | 07
#0871-d252 @A: 34 09 08 29 | 03
#0872-d252 @A: 23 09 28 06 | 09
#0873-d252 @A: 15 33 09 05 | 05
#0874-d252 @A: 02 19 33 09 | 01
#0875-d252 @A: 28 09 27 26 | 10
#0876-d252 @A: 11 12 26 09 | 11
#0877-d252 @A: 31 09 33 35 | 04
#0878-d252 @A: 33 06 13 26 | 06
#0879-d252 @A: 28 06 13 27 | 12
#0880-d252 @A: 13 32 15 20 | 08
#0881-d252 @A: 32 13 16 01 | 02
#0882-d252 @A: 20 13 03 24 | 07
#0883-d252 @A: 15 03 05 13 | 03
#0884-d252 @A: 27 19 31 13 | 09
#0885-d252 @A: 26 13 05 30 | 05
#0886-d252 @A: 29 27 10 13 | 01
#0887-d252 @A: 29 05 07 13 | 10
#0888-d252 @A: 32 12 25 23 | 11
#0889-d252 @A: 32 25 19 07 | 04
#0890-d252 @A: 07 24 12 25 | 06
#0891-d252 @A: 29 15 25 03 | 12
#0892-d252 @A: 30 08 25 15 | 08
#0893-d252 @A: 15 25 02 35 | 02
#0894-d252 @A: 26 19 25 29 | 07
#0895-d252 @A: 25 01 26 16 | 03
#0896-d252 @A: 26 05 25 17 | 09
#0897-d252 @A: 08 25 16 27 | 05
#0898-d252 @A: 03 04 25 02 | 01
#0899-d252 @A: 25 10 11 21 | 10
#0900-d252 @A: 11 20 31 25 | 11
#0901-d252 @A: 10 23 03 34 | 04
#0902-d252 @A: 34 01 33 06 | 06
#0903-d252 @A: 34 29 06 02 | 12
#0904-d252 @A: 32 08 12 34 | 08
#0905-d252 @A: 34 15 17 11 | 02
#0906-d252 @A: 04 34 15 08 | 07
#0907-d252 @A: 19 34 17 29 | 03
#0908-d252 @A: 04 16 34 19 | 09
#0909-d252 @A: 27 34 08 10 | 05
#0910-d252 @A: 08 33 34 30 | 01
#0911-d252 @A: 21 34 30 18 | 10
#0912-d252 @A: 34 30 35 16 | 11
#0913-d252 @A: 32 06 23 21 | 04
#0914-d252 @A: 06 18 12 23 | 06
#0915-d252 @A: 24 23 17 28 | 12
#0916-d252 @A: 24 31 23 35 | 08
#0917-d252 @A: 04 19 28 23 | 02
#0918-d252 @A: 04 08 03 23 | 07
#0919-d252 @A: 10 02 18 23 | 03
#0920-d252 @A: 23 16 31 11 | 09
#0921-d252 @A: 06 11 32 15 | 05
#0922-d252 @A: 27 32 06 31 | 01
#0923-d252 @A: 06 03 29 32 | 10
#0924-d252 @A: 06 17 27 16 | 11
#0925-d252 @A: 31 21 14 06 | 04
#0926-d252 @A: 21 06 35 05 | 06
#0927-d252 @A: 14 29 11 06 | 12
#0928-d252 @A: 03 01 31 32 | 08
#0929-d252 @A: 16 10 32 31 | 02
#0930-d252 @A: 33 16 12 32 | 07
#0931-d252 @A: 32 16 20 07 | 03
#0932-d252 @A: 28 04 27 24 | 09
#0933-d252 @A: 20 10 30 24 | 05
#0934-d252 @A: 11 08 15 19 | 01
#0935-d252 @A: 12 10 19 15 | 10
#0936-d252 @A: 27 15 21 05 | 11
#0937-d252 @A: 20 29 04 15 | 04
#0938-d252 @A: 12 15 02 21 | 06
#0939-d252 @A: 29 15 16 30 | 12
#0940-d252 @A: 16 15 07 14 | 08
#0941-d252 @A: 19 26 11 07 | 02
#0942-d252 @A: 01 03 18 19 | 07
#0943-d252 @A: 27 28 19 03 | 03
#0944-d252 @A: 29 19 03 21 | 09
#0945-d252 @A: 30 19 33 10 | 05
#0946-d252 @A: 10 14 19 05 | 01
#0947-d252 @A: 10 02 28 19 | 10
#0948-d252 @A: 19 18 21 02 | 11
#0949-d252 @A: 33 19 28 16 | 04
#0950-d252 @A: 30 19 31 20 | 06
#0951-d252 @A: 20 12 28 19 | 12
#0952-d252 @A: 11 19 29 02 | 08
#0953-d252 @A: 02 31 26 21 | 02
#0954-d252 @A: 30 12 31 26 | 07
#0955-d252 @A: 14 02 07 26 | 03
#0956-d252 @A: 12 26 18 35 | 09
#0957-d252 @A: 01 17 29 04 | 05
#0958-d252 @A: 33 07 08 01 | 01
#0959-d252 @A: 20 01 30 33 | 10
#0960-d252 @A: 08 21 27 03 | 11
#0961-d252 @A: 21 27 10 30 | 04
#0962-d252 @A: 02 14 17 33 | 06
#0963-d252 @A: 28 31 17 35 | 12
#0964-d252 @A: 03 11 07 33 | 08
#0965-d252 @A: 08 35 02 21 | 02
#0966-d252 @A: 08 21 11 05 | 07
#0967-d252 @A: 29 08 18 30 | 03
#0968-d252 @A: 08 29 02 05 | 09
#0969-d252 @A: 30 04 18 10 | 05
#0970-d252 @A: 35 04 21 33 | 01
#0971-d252 @A: 04 21 02 07 | 10
#0972-d252 @A: 30 02 04 31 | 11
#0973-d252 @A: 31 21 35 07 | 04
#0974-d252 @A: 30 22 15 13 | 06
#0975-d252 @A: 13 18 29 22 | 12
#0976-d252 @A: 22 25 31 34 | 08
#0977-d252 @A: 17 22 25 29 | 02
#0978-d252 @A: 24 34 22 05 | 07
#0979-d252 @A: 22 18 34 04 | 03
#0980-d252 @A: 32 20 23 22 | 09
#0981-d252 @A: 22 27 35 23 | 05
#0982-d252 @A: 06 10 19 22 | 01
#0983-d252 @A: 26 22 07 06 | 10
#0984-d252 @A: 22 06 01 05 | 11
#0985-d252 @A: 30 22 11 06 | 04
#0986-d252 @A: 22 24 33 17 | 06
#0987-d252 @A: 04 08 22 24 | 12
#0988-d252 @A: 17 15 22 19 | 08
#0989-d252 @A: 19 22 05 03 | 02
#0990-d252 @A: 22 04 26 02 | 07
#0991-d252 @A: 03 07 18 22 | 03
#0992-d252 @A: 05 22 10 08 | 09
#0993-d252 @A: 22 35 30 21 | 05
#0994-d252 @A: 21 13 09 34 | 01
#0995-d252 @A: 11 09 19 32 | 10
#0996-d252 @A: 24 14 09 01 | 11
#0997-d252 @A: 24 09 28 07 | 04
#0998-d252 @A: 31 26 09 17 | 06
#0999-d252 @A: 09 17 03 14 | 12
#1000-d252 @A: 07 03 02 09 | 08
#1001-d252 @A: 10 21 08 09 | 02
#1002-d252 @A: 09 28 10 18 | 07
#1003-d252 @A: 05 21 31 09 | 03
#1004-d252 @A: 35 14 16 09 | 09
#1005-d252 @A: 09 12 16 28 | 05
#1006-d252 @A: 30 14 11 09 | 01
#1007-d252 @A: 29 09 12 18 | 10
#1008-d252 @A: 13 14 06 19 | 11
#1009-d252 @A: 11 13 32 24 | 04
#1010-d252 @A: 13 32 14 08 | 06
#1011-d252 @A: 28 13 26 19 | 12
#1012-d252 @A: 07 35 13 26 | 08
#1013-d252 @A: 13 35 27 01 | 02
#1014-d252 @A: 13 03 29 01 | 07
#1015-d252 @A: 18 17 30 13 | 03
#1016-d252 @A: 10 20 21 13 | 09
#1017-d252 @A: 13 12 28 21 | 05
#1018-d252 @A: 13 16 31 05 | 01
#1019-d252 @A: 29 14 02 13 | 10
#1020-d252 @A: 34 10 19 25 | 11
#1021-d252 @A: 25 18 32 08 | 04
#1022-d252 @A: 25 32 05 21 | 06
#1023-d252 @A: 28 15 25 19 | 12
#1024-d252 @A: 27 31 26 25 | 08
#1025-d252 @A: 07 25 26 33 | 02
#1026-d252 @A: 25 20 17 10 | 07
#1027-d252 @A: 12 05 10 25 | 03
#1028-d252 @A: 25 21 30 28 | 09
#1029-d252 @A: 14 05 25 16 | 05
#1030-d252 @A: 30 25 18 02 | 01
#1031-d252 @A: 29 11 25 35 | 10
#1032-d252 @A: 26 06 34 30 | 11
#1033-d252 @A: 24 08 11 34 | 04
#1034-d252 @A: 11 19 03 34 | 06
#1035-d252 @A: 16 34 01 31 | 12
#1036-d252 @A: 27 18 34 05 | 08
#1037-d252 @A: 17 05 34 04 | 02
#1038-d252 @A: 10 20 02 34 | 07
#1039-d252 @A: 04 06 11 23 | 03
#1040-d252 @A: 24 04 23 33 | 09
#1041-d252 @A: 27 05 26 23 | 05
#1042-d252 @A: 01 16 23 08 | 01
#1043-d252 @A: 33 23 31 01 | 10
#1044-d252 @A: 23 21 31 28 | 11
#1045-d252 @A: 14 23 18 31 | 04
#1046-d252 @A: 14 32 01 06 | 06
#1047-d252 @A: 06 32 17 35 | 12
#1048-d252 @A: 06 32 07 31 | 08
#1049-d252 @A: 17 10 06 24 | 02
#1050-d252 @A: 33 24 06 29 | 07
#1051-d252 @A: 19 06 15 29 | 03
#1052-d252 @A: 03 06 28 26 | 09
#1053-d252 @A: 04 05 27 06 | 05
#1054-d252 @A: 33 27 06 18 | 01
#1055-d252 @A: 21 20 06 29 | 10
#1056-d252 @A: 27 24 32 10 | 11
#1057-d252 @A: 01 27 32 15 | 04
#1058-d252 @A: 27 32 07 35 | 06
#1059-d252 @A: 17 32 20 03 | 12
#1060-d252 @A: 08 32 17 28 | 08
#1061-d252 @A: 33 08 03 32 | 02
#1062-d252 @A: 10 21 29 32 | 07
#1063-d252 @A: 20 32 21 28 | 03
#1064-d252 @A: 30 20 32 16 | 09
#1065-d252 @A: 02 16 14 32 | 05
#1066-d252 @A: 11 30 32 18 | 01
#1067-d252 @A: 15 24 17 16 | 10
#1068-d252 @A: 24 15 03 31 | 11
#1069-d252 @A: 16 24 05 26 | 04
#1070-d252 @A: 14 24 01 07 | 06
#1071-d252 @A: 27 17 14 24 | 12
#1072-d252 @A: 24 27 30 05 | 08
#1073-d252 @A: 04 24 12 17 | 02
#1074-d252 @A: 24 02 08 14 | 07
#1075-d252 @A: 18 10 14 24 | 03
#1076-d252 @A: 12 10 24 29 | 09
#1077-d252 @A: 31 18 24 21 | 05
#1078-d252 @A: 18 35 24 16 | 01
#1079-d252 @A: 24 33 20 05 | 10
#1080-d252 @A: 31 14 30 24 | 11
#1081-d252 @A: 14 05 24 28 | 04
#1082-d252 @A: 31 11 24 29 | 06
#1083-d252 @A: 26 19 15 05 | 12
#1084-d252 @A: 03 15 19 14 | 08
#1085-d252 @A: 12 17 01 15 | 02
#1086-d252 @A: 20 17 15 27 | 07
#1087-d252 @A: 15 18 17 04 | 03
#1088-d252 @A: 15 03 07 29 | 09
#1089-d252 @A: 10 11 28 15 | 05
#1090-d252 @A: 18 21 20 15 | 01
#1091-d252 @A: 30 33 12 15 | 10
#1092-d252 @A: 02 15 14 20 | 11
#1093-d252 @A: 04 33 19 01 | 04
#1094-d252 @A: 28 29 19 30 | 06
#1095-d252 @A: 30 19 35 02 | 12
#1096-d252 @A: 11 05 19 30 | 08
#1097-d252 @A: 04 16 26 17 | 02
#1098-d252 @A: 26 28 17 12 | 07
#1099-d252 @A: 16 03 29 26 | 03
#1100-d252 @A: 26 29 10 30 | 09
#1101-d252 @A: 10 07 26 05 | 05
#1102-d252 @A: 07 26 30 21 | 01
#1103-d252 @A: 02 30 26 33 | 10
#1104-d252 @A: 01 07 04 03 | 11
#1105-d252 @A: 01 10 12 21 | 04
#1106-d252 @A: 01 10 29 02 | 06
#1107-d252 @A: 21 01 05 30 | 12
#1108-d252 @A: 01 35 16 11 | 08
#1109-d252 @A: 27 07 28 17 | 02
#1110-d252 @A: 29 03 27 18 | 07
#1111-d252 @A: 33 27 21 12 | 03
#1112-d252 @A: 27 21 14 07 | 09
#1113-d252 @A: 16 12 27 11 | 05
#1114-d252 @A: 27 35 33 30 | 01
#1115-d252 @A: 30 29 27 12 | 10
#1116-d252 @A: 20 14 27 28 | 11
#1117-d252 @A: 17 29 16 18 | 04
#1118-d252 @A: 02 17 35 05 | 06
#1119-d252 @A: 11 10 03 29 | 12
#1120-d252 @A: 18 03 31 28 | 08
#1121-d252 @A: 12 31 03 35 | 02
#1122-d252 @A: 11 08 35 04 | 07
#1123-d252 @A: 21 10 07 08 | 03
#1124-d252 @A: 08 33 28 10 | 09
#1125-d252 @A: 28 16 18 08 | 05
#1126-d252 @A: 29 04 33 10 | 01
#1127-d252 @A: 12 20 14 04 | 10
#1128-d252 @A: 07 29 18 04 | 11
#1129-d252 @A: 10 11 20 07 | 04
#1130-d252 @A: 21 07 12 28 | 06
#1131-d252 @A: 07 16 31 33 | 12
#1132-d252 @A: 18 12 07 30 | 08
#1133-d252 @A: 02 22 34 13 | 02
#1134-d252 @A: 13 16 22 26 | 07
#1135-d252 @A: 28 22 08 13 | 03
#1136-d252 @A: 11 24 22 25 | 09
#1137-d252 @A: 03 22 12 25 | 05
#1138-d252 @A: 20 22 25 08 | 01
#1139-d252 @A: 01 10 22 34 | 10
#1140-d252 @A: 35 22 07 23 | 11
#1141-d252 @A: 22 01 11 04 | 04
#1142-d252 @A: 18 01 22 20 | 06
#1143-d252 @A: 29 21 31 22 | 12
#1144-d252 @A: 12 22 07 16 | 08
#1145-d252 @A: 33 22 30 31 | 02
#1146-d252 @A: 30 20 02 22 | 07
#1147-d252 @A: 31 13 09 08 | 03
#1148-d252 @A: 09 33 24 25 | 09
#1149-d252 @A: 18 09 23 34 | 05
#1150-d252 @A: 06 14 09 34 | 01
#1151-d252 @A: 09 34 19 30 | 10
#1152-d252 @A: 04 09 23 16 | 11
#1153-d252 @A: 12 09 33 23 | 04
#1154-d252 @A: 03 19 06 09 | 06
#1155-d252 @A: 05 09 20 06 | 12
#1156-d252 @A: 09 29 24 17 | 08
#1157-d252 @A: 09 20 31 24 | 02
#1158-d252 @A: 09 35 24 05 | 07
#1159-d252 @A: 01 08 20 09 | 03
#1160-d252 @A: 14 21 02 09 | 09
#1161-d252 @A: 13 31 14 25 | 05
#1162-d252 @A: 30 13 31 23 | 01
#1163-d252 @A: 01 06 13 20 | 10
#1164-d252 @A: 11 13 26 27 | 11
#1165-d252 @A: 10 26 12 13 | 04
#1166-d252 @A: 27 13 30 02 | 06
#1167-d252 @A: 17 13 35 04 | 12
#1168-d252 @A: 20 14 13 11 | 08
#1169-d252 @A: 34 25 30 01 | 02
#1170-d252 @A: 10 23 35 25 | 07
#1171-d252 @A: 01 33 25 32 | 03
#1172-d252 @A: 17 11 25 32 | 09
#1173-d252 @A: 18 15 26 25 | 05
#1174-d252 @A: 04 19 20 25 | 01
#1175-d252 @A: 17 18 25 03 | 10
#1176-d252 @A: 11 33 25 08 | 11
#1177-d252 @A: 25 16 04 07 | 04
#1178-d252 @A: 30 25 10 31 | 06
#1179-d252 @A: 18 21 33 25 | 12
#1180-d252 @A: 25 20 05 02 | 08
#1181-d252 @A: 27 11 23 34 | 02
#1182-d252 @A: 01 17 32 34 | 07
#1183-d252 @A: 34 19 35 01 | 03
#1184-d252 @A: 19 20 27 34 | 09
#1185-d252 @A: 21 03 01 34 | 05
#1186-d252 @A: 17 28 34 10 | 01
#1187-d252 @A: 31 34 21 20 | 10
#1188-d252 @A: 28 18 34 20 | 11
#1189-d252 @A: 34 29 12 35 | 04
#1190-d252 @A: 02 31 34 35 | 06
#1191-d252 @A: 23 32 31 26 | 12
#1192-d252 @A: 08 31 15 23 | 08
#1193-d252 @A: 12 19 01 23 | 02
#1194-d252 @A: 10 11 19 23 | 07
#1195-d252 @A: 03 18 23 26 | 03
#1196-d252 @A: 01 12 23 07 | 09
#1197-d252 @A: 14 23 07 04 | 05
#1198-d252 @A: 31 23 10 05 | 01
#1199-d252 @A: 16 05 07 23 | 10
#1200-d252 @A: 23 14 12 29 | 11
#1201-d252 @A: 23 18 20 07 | 04
#1202-d252 @A: 06 02 32 08 | 06
#1203-d252 @A: 06 01 28 15 | 12
#1204-d252 @A: 26 21 04 06 | 08
#1205-d252 @A: 33 17 03 06 | 02
#1206-d252 @A: 11 10 20 06 | 07
#1207-d252 @A: 02 07 16 06 | 03
#1208-d252 @A: 33 06 14 07 | 09
#1209-d252 @A: 31 17 32 24 | 05
#1210-d252 @A: 32 17 16 05 | 01
#1211-d252 @A: 11 16 32 21 | 10
#1212-d252 @A: 32 07 29 12 | 11
#1213-d252 @A: 31 11 02 32 | 04
#1214-d252 @A: 24 18 19 26 | 06
#1215-d252 @A: 19 11 24 04 | 12
#1216-d252 @A: 19 18 07 24 | 08
#1217-d252 @A: 03 27 35 24 | 02
#1218-d252 @A: 15 07 17 26 | 07
#1219-d252 @A: 21 15 33 01 | 03
#1220-d252 @A: 27 31 15 02 | 09
#1221-d252 @A: 15 02 30 10 | 05
#1222-d252 @A: 15 16 12 14 | 01
#1223-d252 @A: 35 20 15 12 | 10
#1224-d252 @A: 19 17 26 11 | 11
#1225-d252 @A: 03 35 19 04 | 04
#1226-d252 @A: 19 03 12 02 | 06
#1227-d252 @A: 18 35 19 10 | 12
#1228-d252 @A: 19 14 28 21 | 08
#1229-d252 @A: 31 11 33 19 | 02
#1230-d252 @A: 19 35 11 28 | 07
#1231-d252 @A: 27 01 26 18 | 03
#1232-d252 @A: 26 27 14 08 | 09
#1233-d252 @A: 35 16 26 02 | 05
#1234-d252 @A: 01 20 35 21 | 01
#1235-d252 @A: 21 31 01 11 | 10
#1236-d252 @A: 01 30 16 02 | 11
#1237-d252 @A: 27 35 28 21 | 04
#1238-d252 @A: 16 27 28 29 | 06
#1239-d252 @A: 14 30 18 27 | 12
#1240-d252 @A: 27 35 05 14 | 08
#1241-d252 @A: 27 29 35 20 | 02
#1242-d252 @A: 17 08 03 16 | 07
#1243-d252 @A: 10 14 17 35 | 03
#1244-d252 @A: 05 07 21 17 | 09
#1245-d252 @A: 17 33 05 18 | 05
#1246-d252 @A: 17 33 07 35 | 01
#1247-d252 @A: 30 20 14 03 | 10
#1248-d252 @A: 08 04 20 30 | 11
#1249-d252 @A: 21 08 12 20 | 04
#1250-d252 @A: 08 02 11 30 | 06
#1251-d252 @A: 08 07 30 35 | 12
#1252-d252 @A: 10 04 12 11 | 08
#1253-d252 @A: 10 07 29 16 | 02
#1254-d252 @A: 18 21 11 07 | 07
#1255-d252 @A: 20 07 14 29 | 03
#1256-d252 @A: 09 22 19 26 | 09
#1257-d252 @A: 03 10 22 09 | 05
#1258-d252 @A: 31 11 13 22 | 01
#1259-d252 @A: 02 25 06 22 | 10
#1260-d252 @A: 20 26 22 34 | 11
#1261-d252 @A: 22 16 08 34 | 04
#1262-d252 @A: 06 28 22 24 | 06
#1263-d252 @A: 31 08 22 32 | 12
#1264-d252 @A: 22 29 30 24 | 08
#1265-d252 @A: 18 15 22 33 | 02
#1266-d252 @A: 04 30 22 19 | 07
#1267-d252 @A: 22 19 29 35 | 03
#1268-d252 @A: 04 27 22 29 | 09
#1269-d252 @A: 14 30 22 16 | 05
#1270-d252 @A: 05 22 31 07 | 01
#1271-d252 @A: 10 34 09 32 | 10
#1272-d252 @A: 09 06 01 16 | 11
#1273-d252 @A: 27 09 06 35 | 04
#1274-d252 @A: 09 31 30 32 | 06
#1275-d252 @A: 24 09 02 03 | 12
#1276-d252 @A: 20 09 15 19 | 08
#1277-d252 @A: 04 35 09 15 | 02
#1278-d252 @A: 09 17 10 19 | 07
#1279-d252 @A: 26 09 03 05 | 03
#1280-d252 @A: 08 09 05 17 | 09
#1281-d252 @A: 07 11 09 17 | 05
#1282-d252 @A: 03 11 09 16 | 01
#1283-d252 @A: 02 18 09 31 | 10
#1284-d252 @A: 17 13 25 15 | 11
#1285-d252 @A: 16 25 13 33 | 04
#1286-d252 @A: 13 34 32 30 | 06
#1287-d252 @A: 13 34 26 18 | 12
#1288-d252 @A: 32 13 23 35 | 08
#1289-d252 @A: 13 32 07 23 | 02
#1290-d252 @A: 15 13 14 23 | 07
#1291-d252 @A: 23 27 21 13 | 03
#1292-d252 @A: 13 04 10 23 | 09
#1293-d252 @A: 13 21 06 24 | 05
#1294-d252 @A: 10 06 13 03 | 01
#1295-d252 @A: 13 18 08 06 | 10
#1296-d252 @A: 13 03 32 26 | 11
#1297-d252 @A: 13 30 19 21 | 04
#1298-d252 @A: 18 04 27 13 | 06
#1299-d252 @A: 13 08 33 17 | 12
#1300-d252 @A: 02 13 10 16 | 08
#1301-d252 @A: 33 29 13 12 | 02
#1302-d252 @A: 34 14 23 25 | 07
#1303-d252 @A: 17 33 25 34 | 03
#1304-d252 @A: 34 17 25 07 | 09
#1305-d252 @A: 23 06 33 25 | 05
#1306-d252 @A: 24 08 25 31 | 01
#1307-d252 @A: 19 25 12 27 | 10
#1308-d252 @A: 35 25 19 14 | 11
#1309-d252 @A: 02 01 25 31 | 04
#1310-d252 @A: 33 28 14 25 | 06
#1311-d252 @A: 35 05 25 30 | 12
#1312-d252 @A: 07 28 25 18 | 08
#1313-d252 @A: 12 25 28 11 | 02
#1314-d252 @A: 06 34 05 23 | 07
#1315-d252 @A: 34 19 33 23 | 03
#1316-d252 @A: 26 17 23 34 | 09
#1317-d252 @A: 32 34 33 24 | 05
#1318-d252 @A: 14 32 03 34 | 01
#1319-d252 @A: 31 04 34 24 | 10
#1320-d252 @A: 34 31 26 15 | 11
#1321-d252 @A: 12 34 17 03 | 04
#1322-d252 @A: 34 10 33 31 | 06
#1323-d252 @A: 33 34 21 28 | 12
#1324-d252 @A: 07 20 12 34 | 08
#1325-d252 @A: 06 24 23 07 | 02
#1326-d252 @A: 23 04 30 32 | 07
#1327-d252 @A: 23 15 02 03 | 03
#1328-d252 @A: 23 07 15 21 | 09
#1329-d252 @A: 27 19 16 23 | 05
#1330-d252 @A: 23 03 07 27 | 01
#1331-d252 @A: 29 17 23 03 | 10
#1332-d252 @A: 16 23 30 03 | 11
#1333-d252 @A: 29 16 23 02 | 04
#1334-d252 @A: 30 35 24 06 | 06
#1335-d252 @A: 01 19 06 30 | 12
#1336-d252 @A: 31 06 26 08 | 08
#1337-d252 @A: 08 07 20 06 | 02
#1338-d252 @A: 30 12 06 14 | 07
#1339-d252 @A: 07 32 04 35 | 03
#1340-d252 @A: 33 31 32 18 | 09
#1341-d252 @A: 18 02 29 32 | 05
#1342-d252 @A: 33 24 15 08 | 01
#1343-d252 @A: 29 19 08 24 | 10
#1344-d252 @A: 24 18 01 17 | 11
#1345-d252 @A: 24 08 27 20 | 04
#1346-d252 @A: 24 17 21 08 | 06
#1347-d252 @A: 14 24 03 04 | 12
#1348-d252 @A: 16 29 24 14 | 08
#1349-d252 @A: 14 24 33 11 | 02
#1350-d252 @A: 12 28 24 18 | 07
#1351-d252 @A: 31 01 15 19 | 03
#1352-d252 @A: 01 10 03 15 | 09
#1353-d252 @A: 18 15 10 27 | 05
#1354-d252 @A: 17 21 15 14 | 01
#1355-d252 @A: 11 15 04 03 | 10
#1356-d252 @A: 15 30 07 02 | 11
#1357-d252 @A: 14 29 15 18 | 04
#1358-d252 @A: 21 01 26 19 | 06
#1359-d252 @A: 01 19 10 08 | 12
#1360-d252 @A: 19 27 07 29 | 08
#1361-d252 @A: 19 31 21 10 | 02
#1362-d252 @A: 35 05 12 19 | 07
#1363-d252 @A: 20 26 27 04 | 03
#1364-d252 @A: 08 16 07 26 | 09
#1365-d252 @A: 10 28 26 21 | 05
#1366-d252 @A: 30 21 26 16 | 01
#1367-d252 @A: 31 26 29 33 | 10
#1368-d252 @A: 26 31 29 07 | 11
#1369-d252 @A: 05 35 20 26 | 04
#1370-d252 @A: 05 27 20 01 | 06
#1371-d252 @A: 17 08 01 35 | 12
#1372-d252 @A: 16 01 10 17 | 08
#1373-d252 @A: 21 01 17 07 | 02
#1374-d252 @A: 01 02 03 08 | 07
#1375-d252 @A: 35 04 12 01 | 03
#1376-d252 @A: 16 01 33 29 | 09
#1377-d252 @A: 14 12 05 01 | 05
#1378-d252 @A: 21 27 31 17 | 01
#1379-d252 @A: 16 05 10 27 | 10
#1380-d252 @A: 11 27 14 10 | 11
#1381-d252 @A: 10 27 31 20 | 04
#1382-d252 @A: 14 02 12 27 | 06
#1383-d252 @A: 35 31 27 18 | 12
#1384-d252 @A: 20 16 11 17 | 08
#1385-d252 @A: 11 17 14 05 | 02
#1386-d252 @A: 16 05 20 03 | 07
#1387-d252 @A: 12 14 03 11 | 03
#1388-d252 @A: 08 31 16 02 | 09
#1389-d252 @A: 08 30 35 31 | 05
#1390-d252 @A: 08 18 35 14 | 01
#1391-d252 @A: 08 07 02 28 | 10
#1392-d252 @A: 12 31 11 08 | 11
#1393-d252 @A: 29 31 16 04 | 04
#1394-d252 @A: 04 14 33 18 | 06
#1395-d252 @A: 04 02 33 05 | 12
#1396-d252 @A: 33 07 18 10 | 08
#1397-d252 @A: 07 11 16 35 | 02
#1398-d252 @A: 28 05 20 07 | 07
#1399-d252 @A: 22 06 21 09 | 03
#1400-d252 @A: 09 22 32 29 | 09
#1401-d252 @A: 22 09 12 01 | 05
#1402-d252 @A: 22 18 09 17 | 01
#1403-d252 @A: 18 22 25 19 | 10
#1404-d252 @A: 34 28 22 23 | 11
#1405-d252 @A: 22 34 11 32 | 04
#1406-d252 @A: 22 34 21 19 | 06
#1407-d252 @A: 22 03 30 34 | 12
#1408-d252 @A: 08 23 22 02 | 08
#1409-d252 @A: 20 22 06 33 | 02
#1410-d252 @A: 32 19 22 28 | 07
#1411-d252 @A: 22 31 19 24 | 03
#1412-d252 @A: 07 33 15 22 | 09
#1413-d252 @A: 22 17 35 26 | 05
#1414-d252 @A: 22 17 27 05 | 01
#1415-d252 @A: 28 29 22 33 | 10
#1416-d252 @A: 09 23 02 13 | 11
#1417-d252 @A: 24 34 09 12 | 04
#1418-d252 @A: 31 09 03 34 | 06
#1419-d252 @A: 05 23 09 32 | 12
#1420-d252 @A: 09 32 16 08 | 08
#1421-d252 @A: 09 04 32 14 | 02
#1422-d252 @A: 15 26 09 16 | 07
#1423-d252 @A: 01 18 09 15 | 03
#1424-d252 @A: 19 28 08 09 | 09
#1425-d252 @A: 29 01 07 09 | 05
#1426-d252 @A: 17 02 09 16 | 01
#1427-d252 @A: 09 03 12 04 | 10
#1428-d252 @A: 20 09 35 03 | 11
#1429-d252 @A: 05 09 02 10 | 04
#1430-d252 @A: 31 12 09 10 | 06
#1431-d252 @A: 33 21 09 16 | 12
#1432-d252 @A: 28 33 30 09 | 08
#1433-d252 @A: 29 28 20 09 | 02
#1434-d252 @A: 13 26 23 01 | 07
#1435-d252 @A: 13 06 15 02 | 03
#1436-d252 @A: 10 13 28 32 | 09
#1437-d252 @A: 32 31 13 21 | 05
#1438-d252 @A: 24 17 13 02 | 01
#1439-d252 @A: 30 24 13 08 | 10
#1440-d252 @A: 26 35 15 13 | 11
#1441-d252 @A: 21 13 15 11 | 04
#1442-d252 @A: 03 33 27 13 | 06
#1443-d252 @A: 03 13 12 07 | 12
#1444-d252 @A: 13 08 35 16 | 08
#1445-d252 @A: 04 13 16 20 | 02
#1446-d252 @A: 13 21 18 16 | 07
#1447-d252 @A: 13 05 33 14 | 03
#1448-d252 @A: 26 12 25 34 | 09
#1449-d252 @A: 25 27 23 28 | 05
#1450-d252 @A: 23 25 04 18 | 01
#1451-d252 @A: 06 25 32 24 | 10
#1452-d252 @A: 19 25 05 06 | 11
#1453-d252 @A: 16 25 04 15 | 04
#1454-d252 @A: 17 04 21 25 | 06
#1455-d252 @A: 25 20 35 16 | 12
#1456-d252 @A: 14 11 25 02 | 08
#1457-d252 @A: 26 07 34 23 | 02
#1458-d252 @A: 34 06 11 18 | 07
#1459-d252 @A: 34 20 04 32 | 03
#1460-d252 @A: 29 15 34 24 | 09
#1461-d252 @A: 19 34 28 24 | 05
#1462-d252 @A: 24 26 10 34 | 01
#1463-d252 @A: 19 07 31 34 | 10
#1464-d252 @A: 16 34 26 14 | 11
#1465-d252 @A: 34 26 35 28 | 04
#1466-d252 @A: 34 03 16 02 | 06
#1467-d252 @A: 12 05 34 21 | 12
#1468-d252 @A: 16 05 34 28 | 08
#1469-d252 @A: 02 30 14 34 | 02
#1470-d252 @A: 02 34 12 11 | 07
#1471-d252 @A: 15 06 23 35 | 03
#1472-d252 @A: 08 30 06 23 | 09
#1473-d252 @A: 23 10 29 06 | 05
#1474-d252 @A: 32 11 03 23 | 01
#1475-d252 @A: 24 23 03 19 | 10
#1476-d252 @A: 15 04 12 23 | 11
#1477-d252 @A: 10 23 33 15 | 04
#1478-d252 @A: 23 33 35 26 | 06
#1479-d252 @A: 23 27 08 33 | 12
#1480-d252 @A: 29 23 17 07 | 08
#1481-d252 @A: 33 03 23 20 | 02
#1482-d252 @A: 14 03 23 05 | 07
#1483-d252 @A: 28 35 23 20 | 03
#1484-d252 @A: 18 20 29 23 | 09
#1485-d252 @A: 31 02 23 20 | 05
#1486-d252 @A: 06 32 19 20 | 01
#1487-d252 @A: 32 04 06 16 | 10
#1488-d252 @A: 15 24 06 18 | 11
#1489-d252 @A: 24 16 08 06 | 04
#1490-d252 @A: 15 06 16 03 | 06
#1491-d252 @A: 02 06 14 05 | 12
#1492-d252 @A: 35 20 06 14 | 08
#1493-d252 @A: 12 06 31 20 | 02
#1494-d252 @A: 15 02 32 24 | 07
#1495-d252 @A: 32 30 24 21 | 03
#1496-d252 @A: 14 15 32 26 | 09
#1497-d252 @A: 26 08 32 30 | 05
#1498-d252 @A: 35 32 26 10 | 01
#1499-d252 @A: 30 32 28 27 | 10
#1500-d252 @A: 08 20 32 29 | 11
#1501-d252 @A: 10 05 32 11 | 04
#1502-d252 @A: 32 35 28 18 | 06
#1503-d252 @A: 32 11 20 12 | 12
#1504-d252 @A: 15 05 24 12 | 08
#1505-d252 @A: 05 19 24 17 | 02
#1506-d252 @A: 33 24 19 12 | 07
#1507-d252 @A: 26 03 24 07 | 03
#1508-d252 @A: 30 24 01 03 | 09
#1509-d252 @A: 08 28 24 01 | 05
#1510-d252 @A: 03 33 24 21 | 01
#1511-d252 @A: 16 10 24 11 | 10
#1512-d252 @A: 08 07 19 15 | 11
#1513-d252 @A: 04 15 02 19 | 04
#1514-d252 @A: 19 15 35 21 | 06
#1515-d252 @A: 01 04 30 15 | 12
#1516-d252 @A: 27 14 15 04 | 08
#1517-d252 @A: 15 28 07 10 | 02
#1518-d252 @A: 05 15 10 20 | 07
#1519-d252 @A: 19 14 26 30 | 03
#1520-d252 @A: 19 01 27 11 | 09
#1521-d252 @A: 04 31 05 19 | 05
#1522-d252 @A: 14 19 33 20 | 01
#1523-d252 @A: 14 18 19 11 | 10
#1524-d252 @A: 05 07 35 19 | 11
#1525-d252 @A: 17 30 26 01 | 04
#1526-d252 @A: 07 26 28 04 | 06
#1527-d252 @A: 26 12 14 33 | 12
#1528-d252 @A: 31 14 26 35 | 08
#1529-d252 @A: 18 26 29 11 | 02
#1530-d252 @A: 10 01 33 05 | 07
#1531-d252 @A: 10 30 01 11 | 03
#1532-d252 @A: 02 28 01 33 | 09
#1533-d252 @A: 14 29 01 31 | 05
#1534-d252 @A: 31 28 01 12 | 01
#1535-d252 @A: 02 29 21 27 | 10
#1536-d252 @A: 02 07 27 11 | 11
#1537-d252 @A: 12 20 18 27 | 04
#1538-d252 @A: 29 11 17 08 | 06
#1539-d252 @A: 21 33 10 17 | 12
#1540-d252 @A: 12 16 35 17 | 08
#1541-d252 @A: 14 31 03 10 | 02
#1542-d252 @A: 05 07 03 30 | 07
#1543-d252 @A: 29 04 08 12 | 03
#1544-d252 @A: 10 08 18 11 | 09
#1545-d252 @A: 08 33 02 20 | 05
#1546-d252 @A: 12 18 33 08 | 01
#1547-d252 @A: 31 20 08 14 | 10
#1548-d252 @A: 11 28 20 08 | 11
#1549-d252 @A: 16 04 12 02 | 04
#1550-d252 @A: 16 18 04 11 | 06
#1551-d252 @A: 20 33 04 31 | 12
#1552-d252 @A: 20 07 02 35 | 08
#1553-d252 @A: 22 15 02 09 | 02
#1554-d252 @A: 21 22 07 09 | 07
#1555-d252 @A: 33 22 14 09 | 03
#1556-d252 @A: 22 13 21 25 | 09
#1557-d252 @A: 03 22 06 23 | 05
#1558-d252 @A: 22 23 10 26 | 01
#1559-d252 @A: 24 32 22 18 | 10
#1560-d252 @A: 01 22 21 24 | 11
#1561-d252 @A: 16 27 22 24 | 04
#1562-d252 @A: 22 15 16 01 | 06
#1563-d252 @A: 27 22 19 02 | 12
#1564-d252 @A: 27 31 03 22 | 08
#1565-d252 @A: 18 22 08 27 | 02
#1566-d252 @A: 30 17 22 08 | 07
#1567-d252 @A: 03 28 22 11 | 03
#1568-d252 @A: 18 10 22 31 | 09
#1569-d252 @A: 10 11 35 22 | 05
#1570-d252 @A: 07 20 33 22 | 01
#1571-d252 @A: 22 07 28 14 | 10
#1572-d252 @A: 13 09 29 15 | 11
#1573-d252 @A: 25 21 09 15 | 04
#1574-d252 @A: 02 04 34 09 | 06
#1575-d252 @A: 24 19 09 21 | 12
#1576-d252 @A: 09 03 15 27 | 08
#1577-d252 @A: 28 09 03 01 | 02
#1578-d252 @A: 11 09 28 05 | 07
#1579-d252 @A: 20 23 25 13 | 03
#1580-d252 @A: 04 25 13 08 | 09
#1581-d252 @A: 13 24 14 34 | 05
#1582-d252 @A: 19 05 34 13 | 01
#1583-d252 @A: 24 29 13 23 | 10
#1584-d252 @A: 13 27 15 16 | 11
#1585-d252 @A: 13 29 04 19 | 04
#1586-d252 @A: 07 19 10 13 | 06
#1587-d252 @A: 21 08 13 01 | 12
#1588-d252 @A: 10 01 13 31 | 08
#1589-d252 @A: 17 14 13 12 | 02
#1590-d252 @A: 18 33 13 10 | 07
#1591-d252 @A: 28 13 16 14 | 03
#1592-d252 @A: 13 28 30 35 | 09
#1593-d252 @A: 14 18 13 07 | 05
#1594-d252 @A: 20 13 28 02 | 01
#1595-d252 @A: 25 02 34 08 | 10
#1596-d252 @A: 17 25 16 23 | 11
#1597-d252 @A: 08 23 25 29 | 04
#1598-d252 @A: 23 30 25 07 | 06
#1599-d252 @A: 06 11 26 25 | 12
#1600-d252 @A: 03 25 06 07 | 08
#1601-d252 @A: 25 27 15 33 | 02
#1602-d252 @A: 17 19 31 25 | 07
#1603-d252 @A: 17 01 25 27 | 03
#1604-d252 @A: 02 12 25 17 | 09
#1605-d252 @A: 04 30 25 33 | 05
#1606-d252 @A: 10 18 16 25 | 01
#1607-d252 @A: 35 31 25 21 | 10
#1608-d252 @A: 29 14 25 30 | 11
#1609-d252 @A: 34 27 15 35 | 04
#1610-d252 @A: 34 14 19 08 | 06
#1611-d252 @A: 02 27 34 28 | 12
#1612-d252 @A: 17 21 34 02 | 08
#1613-d252 @A: 34 18 14 17 | 02
#1614-d252 @A: 29 08 34 07 | 07
#1615-d252 @A: 07 04 30 34 | 03
#1616-d252 @A: 30 05 10 34 | 09
#1617-d252 @A: 14 34 33 35 | 05
#1618-d252 @A: 07 14 11 34 | 01
#1619-d252 @A: 17 23 31 06 | 10
#1620-d252 @A: 23 19 29 32 | 11
#1621-d252 @A: 15 23 29 27 | 04
#1622-d252 @A: 26 23 29 04 | 06
#1623-d252 @A: 16 21 23 35 | 12
#1624-d252 @A: 11 23 02 33 | 08
#1625-d252 @A: 29 35 05 23 | 02
#1626-d252 @A: 06 26 12 32 | 07
#1627-d252 @A: 10 32 30 06 | 03
#1628-d252 @A: 24 04 20 06 | 09
#1629-d252 @A: 06 17 15 30 | 05
#1630-d252 @A: 06 30 07 19 | 01
#1631-d252 @A: 06 21 01 17 | 10
#1632-d252 @A: 29 08 06 27 | 11
#1633-d252 @A: 12 21 06 16 | 04
#1634-d252 @A: 33 06 21 30 | 06
#1635-d252 @A: 06 16 20 02 | 12
#1636-d252 @A: 14 19 32 24 | 08
#1637-d252 @A: 01 20 32 24 | 02
#1638-d252 @A: 15 32 30 03 | 07
#1639-d252 @A: 32 05 01 19 | 03
#1640-d252 @A: 11 01 32 26 | 09
#1641-d252 @A: 32 16 26 27 | 05
#1642-d252 @A: 18 26 32 17 | 01
#1643-d252 @A: 30 17 14 32 | 10
#1644-d252 @A: 10 33 32 20 | 11
#1645-d252 @A: 32 29 05 14 | 04
#1646-d252 @A: 18 20 14 32 | 06
#1647-d252 @A: 24 11 03 17 | 12
#1648-d252 @A: 02 05 24 07 | 08
#1649-d252 @A: 26 02 15 01 | 02
#1650-d252 @A: 10 21 15 16 | 07
#1651-d252 @A: 31 15 30 21 | 03
#1652-d252 @A: 31 18 15 16 | 09
#1653-d252 @A: 11 15 16 05 | 05
#1654-d252 @A: 33 15 31 14 | 01
#1655-d252 @A: 15 33 20 11 | 10
#1656-d252 @A: 29 11 12 15 | 11
#1657-d252 @A: 12 15 07 20 | 04
#1658-d252 @A: 18 05 07 15 | 06
#1659-d252 @A: 17 14 04 19 | 12
#1660-d252 @A: 07 20 19 21 | 08
#1661-d252 @A: 19 18 16 20 | 02
#1662-d252 @A: 19 12 18 30 | 07
#1663-d252 @A: 31 02 19 14 | 03
#1664-d252 @A: 27 26 29 17 | 09
#1665-d252 @A: 02 03 17 26 | 05
#1666-d252 @A: 33 03 26 04 | 01
#1667-d252 @A: 35 26 03 30 | 10
#1668-d252 @A: 29 21 26 12 | 11
#1669-d252 @A: 26 05 28 31 | 04
#1670-d252 @A: 20 02 11 26 | 06
#1671-d252 @A: 07 12 05 26 | 12
#1672-d252 @A: 02 35 01 14 | 08
#1673-d252 @A: 18 07 01 35 | 02
#1674-d252 @A: 27 03 17 10 | 07
#1675-d252 @A: 04 30 27 03 | 03
#1676-d252 @A: 33 27 16 20 | 09
#1677-d252 @A: 12 05 27 31 | 05
#1678-d252 @A: 17 12 10 18 | 01
#1679-d252 @A: 17 33 20 28 | 10
#1680-d252 @A: 07 17 31 14 | 11
#1681-d252 @A: 03 08 07 14 | 04
#1682-d252 @A: 05 03 31 08 | 06
#1683-d252 @A: 30 21 12 03 | 12
#1684-d252 @A: 20 03 31 29 | 08
#1685-d252 @A: 02 05 18 03 | 02
#1686-d252 @A: 04 10 08 02 | 07
#1687-d252 @A: 28 08 04 31 | 03
#1688-d252 @A: 30 16 10 08 | 09
#1689-d252 @A: 29 08 31 10 | 05
