#0001-d115 @A: 10 06 13 02 | 08
#0002-d115 @A: 21 33 13 10 | 11
#0003-d115 @A: 13 10 16 32 | 06
#0004-d115 @A: 10 27 13 23 | 07
#0005-d115 @A: 13 30 10 01 | 12
#0006-d115 @A: 29 13 10 17 | 03
#0007-d115 @A: 25 13 10 22 | 10
#0008-d115 @A: 15 13 11 10 | 09
#0009-d115 @A: 10 13 12 35 | 02
#0010-d115 @A: 28 10 19 13 | 04
#0011-d115 @A: 13 09 05 10 | 05
#0012-d115 @A: 10 20 26 13 | 01
#0013-d115 @A: 10 18 31 13 | 08
#0014-d115 @A: 07 10 13 04 | 11
#0015-d115 @A: 13 10 08 01 | 06
#0016-d115 @A: 24 34 13 10 | 07
#0017-d115 @A: 14 13 03 10 | 12
#0018-d115 @A: 10 21 01 06 | 03
#0019-d115 @A: 32 06 10 22 | 10
#0020-d115 @A: 10 14 06 23 | 09
#0021-d115 @A: 30 17 06 10 | 02
#0022-d115 @A: 06 16 10 27 | 04
#0023-d115 @A: 19 10 06 25 | 05
#0024-d115 @A: 06 12 10 15 | 01
#0025-d115 @A: 34 11 10 06 | 08
#0026-d115 @A: 10 06 28 04 | 11
#0027-d115 @A: 09 06 10 26 | 06
#0028-d115 @A: 06 10 20 03 | 07
#0029-d115 @A: 33 31 10 06 | 12
#0030-d115 @A: 07 06 35 10 | 03
#0031-d115 @A: 06 29 10 05 | 10
#0032-d115 @A: 24 10 06 18 | 09
#0033-d115 @A: 10 18 08 06 | 02
#0034-d115 @A: 10 21 24 32 | 04
#0035-d115 @A: 10 23 19 21 | 05
#0036-d115 @A: 30 10 21 22 | 01
#0037-d115 @A: 21 34 10 17 | 08
#0038-d115 @A: 10 21 27 18 | 11
#0039-d115 @A: 02 25 10 21 | 06
#0040-d115 @A: 05 15 10 21 | 07
#0041-d115 @A: 10 14 21 11 | 12
#0042-d115 @A: 16 10 12 21 | 03
#0043-d115 @A: 28 21 10 26 | 10
#0044-d115 @A: 29 09 21 10 | 09
#0045-d115 @A: 35 20 21 10 | 02
#0046-d115 @A: 31 04 21 10 | 04
#0047-d115 @A: 10 07 03 21 | 05
#0048-d115 @A: 22 10 21 08 | 01
#0049-d115 @A: 33 10 32 23 | 08
#0050-d115 @A: 10 32 30 09 | 11
#0051-d115 @A: 10 17 18 32 | 06
#0052-d115 @A: 02 10 27 32 | 07
#0053-d115 @A: 32 35 10 25 | 12
#0054-d115 @A: 15 01 32 10 | 03
#0055-d115 @A: 04 32 10 11 | 10
#0056-d115 @A: 10 26 32 12 | 09
#0057-d115 @A: 10 08 32 12 | 02
#0058-d115 @A: 28 10 14 32 | 04
#0059-d115 @A: 10 20 32 19 | 05
#0060-d115 @A: 10 34 32 31 | 01
#0061-d115 @A: 05 32 10 07 | 08
#0062-d115 @A: 10 03 29 32 | 11
#0063-d115 @A: 20 23 30 10 | 06
#0064-d115 @A: 10 04 23 17 | 07
#0065-d115 @A: 23 10 01 25 | 12
#0066-d115 @A: 03 23 15 10 | 03
#0067-d115 @A: 26 10 23 11 | 10
#0068-d115 @A: 29 12 10 23 | 09
#0069-d115 @A: 16 10 23 28 | 02
#0070-d115 @A: 09 18 23 10 | 04
#0071-d115 @A: 10 22 23 31 | 05
#0072-d115 @A: 23 07 10 02 | 01
#0073-d115 @A: 34 05 23 10 | 08
#0074-d115 @A: 23 35 10 24 | 11
#0075-d115 @A: 10 23 08 16 | 06
#0076-d115 @A: 33 30 10 27 | 07
#0077-d115 @A: 25 10 30 24 | 12
#0078-d115 @A: 30 15 10 26 | 03
#0079-d115 @A: 11 30 05 10 | 10
#0080-d115 @A: 11 10 30 08 | 09
#0081-d115 @A: 02 30 12 10 | 02
#0082-d115 @A: 28 30 10 03 | 04
#0083-d115 @A: 30 10 35 31 | 05
#0084-d115 @A: 16 30 07 10 | 01
#0085-d115 @A: 34 29 30 10 | 08
#0086-d115 @A: 10 30 14 04 | 11
#0087-d115 @A: 10 19 30 18 | 06
#0088-d115 @A: 27 10 05 17 | 07
#0089-d115 @A: 10 25 17 26 | 12
#0090-d115 @A: 33 10 15 17 | 03
#0091-d115 @A: 11 10 02 17 | 10
#0092-d115 @A: 10 17 12 19 | 09
#0093-d115 @A: 10 01 17 28 | 02
#0094-d115 @A: 09 10 35 17 | 04
#0095-d115 @A: 17 10 20 22 | 05
#0096-d115 @A: 24 17 31 10 | 01
#0097-d115 @A: 07 14 17 10 | 08
#0098-d115 @A: 19 10 17 08 | 11
#0099-d115 @A: 16 10 17 03 | 06
#0100-d115 @A: 27 10 25 03 | 07
#0101-d115 @A: 24 15 10 27 | 12
#0102-d115 @A: 27 20 10 11 | 03
#0103-d115 @A: 12 10 01 27 | 10
#0104-d115 @A: 27 10 28 34 | 09
#0105-d115 @A: 14 27 09 10 | 02
#0106-d115 @A: 07 27 31 10 | 04
#0107-d115 @A: 22 10 26 27 | 05
#0108-d115 @A: 27 19 29 10 | 01
#0109-d115 @A: 29 08 10 27 | 08
#0110-d115 @A: 10 04 27 35 | 11
#0111-d115 @A: 10 09 15 25 | 06
#0112-d115 @A: 11 25 10 29 | 07
#0113-d115 @A: 10 25 34 12 | 12
#0114-d115 @A: 10 18 28 25 | 03
#0115-d115 @A: 20 04 10 25 | 10
#0116-d115 @A: 16 25 10 31 | 09
#0117-d115 @A: 33 25 07 10 | 02
#0118-d115 @A: 14 10 05 25 | 04
#0119-d115 @A: 25 10 14 08 | 05
#0120-d115 @A: 28 10 22 15 | 01
#0121-d115 @A: 10 20 15 02 | 08
#0122-d115 @A: 14 10 15 31 | 11
#0123-d115 @A: 19 10 15 07 | 06
#0124-d115 @A: 10 08 15 07 | 07
#0125-d115 @A: 10 35 34 15 | 12
#0126-d115 @A: 16 29 10 15 | 03
#0127-d115 @A: 18 10 15 04 | 10
#0128-d115 @A: 11 10 24 12 | 09
#0129-d115 @A: 10 11 35 28 | 02
#0130-d115 @A: 11 09 10 16 | 04
#0131-d115 @A: 10 31 01 11 | 05
#0132-d115 @A: 07 22 10 11 | 01
#0133-d115 @A: 19 33 11 10 | 08
#0134-d115 @A: 10 11 03 18 | 11
#0135-d115 @A: 12 28 33 10 | 06
#0136-d115 @A: 09 12 22 10 | 07
#0137-d115 @A: 20 12 14 10 | 12
#0138-d115 @A: 31 12 03 10 | 03
#0139-d115 @A: 18 12 07 10 | 10
#0140-d115 @A: 10 05 12 04 | 09
#0141-d115 @A: 10 02 09 28 | 02
#0142-d115 @A: 20 24 28 10 | 04
#0143-d115 @A: 10 31 05 28 | 05
#0144-d115 @A: 10 28 29 07 | 01
#0145-d115 @A: 08 10 28 26 | 08
#0146-d115 @A: 20 01 09 10 | 11
#0147-d115 @A: 19 09 31 10 | 06
#0148-d115 @A: 08 09 10 31 | 07
#0149-d115 @A: 10 09 24 07 | 12
#0150-d115 @A: 09 33 34 10 | 03
#0151-d115 @A: 10 03 04 09 | 10
#0152-d115 @A: 29 20 10 31 | 09
#0153-d115 @A: 10 34 20 07 | 02
#0154-d115 @A: 18 20 10 33 | 04
#0155-d115 @A: 16 10 20 05 | 05
#0156-d115 @A: 08 10 20 05 | 01
#0157-d115 @A: 31 10 26 02 | 08
#0158-d115 @A: 01 07 26 10 | 11
#0159-d115 @A: 14 26 34 10 | 06
#0160-d115 @A: 35 19 26 10 | 07
#0161-d115 @A: 03 10 26 33 | 12
#0162-d115 @A: 26 10 29 04 | 03
#0163-d115 @A: 10 24 05 26 | 10
#0164-d115 @A: 18 10 16 26 | 09
#0165-d115 @A: 10 04 34 01 | 02
#0166-d115 @A: 18 01 14 10 | 04
#0167-d115 @A: 10 01 19 16 | 05
#0168-d115 @A: 10 03 35 01 | 01
#0169-d115 @A: 10 05 01 33 | 08
#0170-d115 @A: 10 01 29 24 | 11
#0171-d115 @A: 02 01 10 22 | 06
#0172-d115 @A: 19 03 34 10 | 07
#0173-d115 @A: 10 34 18 22 | 12
#0174-d115 @A: 35 10 34 08 | 03
#0175-d115 @A: 34 02 16 10 | 10
#0176-d115 @A: 14 24 10 19 | 09
#0177-d115 @A: 14 33 10 29 | 02
#0178-d115 @A: 14 10 22 16 | 04
#0179-d115 @A: 14 04 10 08 | 05
#0180-d115 @A: 14 02 35 10 | 01
#0181-d115 @A: 19 10 22 04 | 08
#0182-d115 @A: 02 19 05 10 | 11
#0183-d115 @A: 10 08 33 03 | 06
#0184-d115 @A: 22 10 03 05 | 07
#0185-d115 @A: 03 10 02 24 | 12
#0186-d115 @A: 10 22 24 33 | 03
#0187-d115 @A: 33 02 10 04 | 10
#0188-d115 @A: 33 35 10 16 | 09
#0189-d115 @A: 29 10 35 22 | 02
#0190-d115 @A: 18 10 29 02 | 04
#0191-d115 @A: 10 24 04 16 | 05
#0192-d115 @A: 24 02 10 08 | 01
#0193-d115 @A: 35 05 10 18 | 08
#0194-d115 @A: 13 06 26 21 | 11
#0195-d115 @A: 01 32 06 13 | 06
#0196-d115 @A: 13 22 06 23 | 07
#0197-d115 @A: 35 13 06 30 | 12
#0198-d115 @A: 13 14 17 06 | 03
#0199-d115 @A: 27 13 34 06 | 10
#0200-d115 @A: 25 29 13 06 | 09
#0201-d115 @A: 16 13 06 15 | 02
#0202-d115 @A: 13 04 06 11 | 04
#0203-d115 @A: 06 13 12 19 | 05
#0204-d115 @A: 03 13 28 06 | 01
#0205-d115 @A: 33 09 13 06 | 08
#0206-d115 @A: 13 05 06 20 | 11
#0207-d115 @A: 06 13 24 31 | 06
#0208-d115 @A: 06 07 18 13 | 07
#0209-d115 @A: 08 04 06 13 | 12
#0210-d115 @A: 13 18 21 32 | 03
#0211-d115 @A: 23 13 21 12 | 10
#0212-d115 @A: 24 13 21 30 | 09
#0213-d115 @A: 13 17 21 20 | 02
#0214-d115 @A: 21 27 14 13 | 04
#0215-d115 @A: 01 21 13 25 | 05
#0216-d115 @A: 34 13 15 21 | 01
#0217-d115 @A: 19 13 21 11 | 08
#0218-d115 @A: 13 28 21 05 | 11
#0219-d115 @A: 16 21 09 13 | 06
#0220-d115 @A: 21 31 13 35 | 07
#0221-d115 @A: 02 07 21 13 | 12
#0222-d115 @A: 03 13 04 21 | 03
#0223-d115 @A: 08 03 21 13 | 10
#0224-d115 @A: 13 22 21 29 | 09
#0225-d115 @A: 13 32 23 05 | 02
#0226-d115 @A: 30 32 03 13 | 04
#0227-d115 @A: 32 17 13 26 | 05
#0228-d115 @A: 27 32 35 13 | 01
#0229-d115 @A: 32 13 33 25 | 08
#0230-d115 @A: 13 15 19 32 | 11
#0231-d115 @A: 14 11 13 32 | 06
#0232-d115 @A: 32 02 13 12 | 07
#0233-d115 @A: 13 32 34 28 | 12
#0234-d115 @A: 32 09 13 04 | 03
#0235-d115 @A: 20 32 13 24 | 10
#0236-d115 @A: 29 31 32 13 | 09
#0237-d115 @A: 07 32 13 22 | 02
#0238-d115 @A: 13 02 08 32 | 04
#0239-d115 @A: 33 13 23 30 | 05
#0240-d115 @A: 23 17 13 02 | 01
#0241-d115 @A: 25 13 23 09 | 08
#0242-d115 @A: 23 15 24 13 | 11
#0243-d115 @A: 23 13 11 03 | 06
#0244-d115 @A: 13 28 23 26 | 07
#0245-d115 @A: 20 13 01 23 | 12
#0246-d115 @A: 31 23 16 13 | 03
#0247-d115 @A: 08 31 13 23 | 10
#0248-d115 @A: 13 07 34 23 | 09
#0249-d115 @A: 35 13 14 23 | 02
#0250-d115 @A: 19 13 23 29 | 04
#0251-d115 @A: 18 04 23 13 | 05
#0252-d115 @A: 17 05 13 30 | 01
#0253-d115 @A: 27 30 11 13 | 08
#0254-d115 @A: 13 25 30 26 | 11
#0255-d115 @A: 30 20 15 13 | 06
#0256-d115 @A: 12 13 34 30 | 07
#0257-d115 @A: 30 13 28 16 | 12
#0258-d115 @A: 13 09 30 18 | 03
#0259-d115 @A: 31 13 14 30 | 10
#0260-d115 @A: 07 13 29 30 | 09
#0261-d115 @A: 26 08 13 30 | 02
#0262-d115 @A: 19 22 30 13 | 04
#0263-d115 @A: 13 30 02 04 | 05
#0264-d115 @A: 05 30 13 08 | 01
#0265-d115 @A: 17 13 27 33 | 08
#0266-d115 @A: 13 17 35 25 | 11
#0267-d115 @A: 17 18 13 15 | 06
#0268-d115 @A: 17 22 13 11 | 07
#0269-d115 @A: 13 11 17 08 | 12
#0270-d115 @A: 17 12 13 16 | 03
#0271-d115 @A: 04 28 17 13 | 10
#0272-d115 @A: 01 17 13 09 | 09
#0273-d115 @A: 31 13 34 17 | 02
#0274-d115 @A: 03 07 13 17 | 04
#0275-d115 @A: 19 17 24 13 | 05
#0276-d115 @A: 25 19 13 27 | 01
#0277-d115 @A: 27 15 13 01 | 08
#0278-d115 @A: 13 27 03 12 | 11
#0279-d115 @A: 18 13 27 28 | 06
#0280-d115 @A: 29 09 13 27 | 07
#0281-d115 @A: 20 22 13 27 | 12
#0282-d115 @A: 27 13 31 05 | 03
#0283-d115 @A: 07 27 26 13 | 10
#0284-d115 @A: 33 08 27 13 | 09
#0285-d115 @A: 27 24 13 04 | 02
#0286-d115 @A: 27 13 16 02 | 04
#0287-d115 @A: 04 25 13 15 | 05
#0288-d115 @A: 11 25 13 34 | 01
#0289-d115 @A: 13 12 25 05 | 08
#0290-d115 @A: 20 28 13 25 | 11
#0291-d115 @A: 03 31 25 13 | 06
#0292-d115 @A: 25 07 13 16 | 07
#0293-d115 @A: 02 25 14 13 | 12
#0294-d115 @A: 24 25 13 18 | 03
#0295-d115 @A: 13 25 16 08 | 10
#0296-d115 @A: 12 15 29 13 | 09
#0297-d115 @A: 28 15 13 02 | 02
#0298-d115 @A: 26 09 15 13 | 04
#0299-d115 @A: 15 13 31 33 | 05
#0300-d115 @A: 07 05 15 13 | 01
#0301-d115 @A: 13 15 34 08 | 08
#0302-d115 @A: 15 13 22 14 | 11
#0303-d115 @A: 15 03 13 35 | 06
#0304-d115 @A: 12 26 11 13 | 07
#0305-d115 @A: 33 11 28 13 | 12
#0306-d115 @A: 09 11 24 13 | 03
#0307-d115 @A: 11 20 02 13 | 10
#0308-d115 @A: 07 11 13 31 | 09
#0309-d115 @A: 13 05 01 11 | 02
#0310-d115 @A: 11 29 13 16 | 04
#0311-d115 @A: 13 35 11 18 | 05
#0312-d115 @A: 13 12 28 01 | 01
#0313-d115 @A: 14 13 09 12 | 08
#0314-d115 @A: 20 33 12 13 | 11
#0315-d115 @A: 31 13 12 04 | 06
#0316-d115 @A: 13 07 24 12 | 07
#0317-d115 @A: 13 29 08 12 | 12
#0318-d115 @A: 22 13 18 12 | 03
#0319-d115 @A: 28 09 35 13 | 10
#0320-d115 @A: 13 31 28 22 | 09
#0321-d115 @A: 28 13 07 14 | 02
#0322-d115 @A: 28 14 08 13 | 04
#0323-d115 @A: 28 24 29 13 | 05
#0324-d115 @A: 09 03 20 13 | 01
#0325-d115 @A: 13 31 09 02 | 08
#0326-d115 @A: 19 09 13 07 | 11
#0327-d115 @A: 13 09 22 34 | 06
#0328-d115 @A: 18 08 09 13 | 07
#0329-d115 @A: 31 19 20 13 | 12
#0330-d115 @A: 07 13 35 20 | 03
#0331-d115 @A: 34 18 20 13 | 10
#0332-d115 @A: 14 20 29 13 | 09
#0333-d115 @A: 13 22 08 20 | 02
#0334-d115 @A: 16 04 20 13 | 04
#0335-d115 @A: 01 26 13 31 | 05
#0336-d115 @A: 33 01 13 07 | 01
#0337-d115 @A: 35 13 08 07 | 08
#0338-d115 @A: 26 13 34 04 | 11
#0339-d115 @A: 13 18 26 14 | 06
#0340-d115 @A: 19 13 16 26 | 07
#0341-d115 @A: 26 29 13 03 | 12
#0342-d115 @A: 13 26 05 33 | 03
#0343-d115 @A: 13 22 02 26 | 10
#0344-d115 @A: 35 26 24 13 | 09
#0345-d115 @A: 01 13 34 14 | 02
#0346-d115 @A: 04 13 01 19 | 04
#0347-d115 @A: 01 22 03 13 | 05
#0348-d115 @A: 01 13 29 18 | 01
#0349-d115 @A: 24 02 13 01 | 08
#0350-d115 @A: 13 16 01 35 | 11
#0351-d115 @A: 19 05 13 34 | 06
#0352-d115 @A: 34 03 13 16 | 07
#0353-d115 @A: 34 35 13 33 | 12
#0354-d115 @A: 34 02 13 29 | 03
#0355-d115 @A: 33 19 14 13 | 10
#0356-d115 @A: 13 05 14 04 | 09
#0357-d115 @A: 16 13 14 24 | 02
#0358-d115 @A: 13 18 19 03 | 04
#0359-d115 @A: 08 13 24 19 | 05
#0360-d115 @A: 19 13 02 35 | 01
#0361-d115 @A: 24 13 03 33 | 08
#0362-d115 @A: 02 13 05 03 | 11
#0363-d115 @A: 29 33 13 04 | 06
#0364-d115 @A: 22 16 33 13 | 07
#0365-d115 @A: 02 18 13 33 | 12
#0366-d115 @A: 35 29 13 05 | 03
#0367-d115 @A: 22 04 13 35 | 10
#0368-d115 @A: 22 13 05 24 | 09
#0369-d115 @A: 05 18 16 13 | 02
#0370-d115 @A: 28 32 06 21 | 04
#0371-d115 @A: 06 04 23 21 | 05
#0372-d115 @A: 16 21 06 30 | 01
#0373-d115 @A: 21 06 17 29 | 08
#0374-d115 @A: 27 06 05 21 | 11
#0375-d115 @A: 25 09 06 21 | 06
#0376-d115 @A: 21 08 25 06 | 07
#0377-d115 @A: 21 06 15 18 | 12
#0378-d115 @A: 21 22 06 11 | 03
#0379-d115 @A: 35 12 21 06 | 10
#0380-d115 @A: 06 21 19 20 | 09
#0381-d115 @A: 21 06 07 31 | 02
#0382-d115 @A: 34 14 06 21 | 04
#0383-d115 @A: 06 03 21 24 | 05
#0384-d115 @A: 06 21 02 33 | 01
#0385-d115 @A: 06 32 35 23 | 08
#0386-d115 @A: 06 32 30 24 | 11
#0387-d115 @A: 32 17 06 19 | 06
#0388-d115 @A: 27 06 32 03 | 07
#0389-d115 @A: 12 06 32 25 | 12
#0390-d115 @A: 06 32 02 15 | 03
#0391-d115 @A: 11 06 05 32 | 10
#0392-d115 @A: 06 34 32 09 | 09
#0393-d115 @A: 16 32 06 20 | 02
#0394-d115 @A: 04 32 31 06 | 04
#0395-d115 @A: 06 14 07 32 | 05
#0396-d115 @A: 18 32 06 26 | 01
#0397-d115 @A: 34 06 32 08 | 08
#0398-d115 @A: 06 32 29 33 | 11
#0399-d115 @A: 30 23 34 06 | 06
#0400-d115 @A: 17 06 23 16 | 07
#0401-d115 @A: 06 23 08 17 | 12
#0402-d115 @A: 27 29 06 23 | 03
#0403-d115 @A: 25 03 06 23 | 10
#0404-d115 @A: 06 15 05 23 | 09
#0405-d115 @A: 11 06 12 23 | 02
#0406-d115 @A: 06 01 23 28 | 04
#0407-d115 @A: 06 23 02 09 | 05
#0408-d115 @A: 33 23 06 20 | 01
#0409-d115 @A: 23 31 18 06 | 08
#0410-d115 @A: 07 26 23 06 | 11
#0411-d115 @A: 06 24 19 23 | 06
#0412-d115 @A: 01 27 30 06 | 07
#0413-d115 @A: 06 22 30 25 | 12
#0414-d115 @A: 15 30 06 03 | 03
#0415-d115 @A: 06 14 11 30 | 10
#0416-d115 @A: 04 12 30 06 | 09
#0417-d115 @A: 33 28 30 06 | 02
#0418-d115 @A: 29 06 30 09 | 04
#0419-d115 @A: 06 20 30 26 | 05
#0420-d115 @A: 31 06 05 30 | 01
#0421-d115 @A: 19 30 07 06 | 08
#0422-d115 @A: 08 01 30 06 | 11
#0423-d115 @A: 06 30 02 18 | 06
#0424-d115 @A: 27 18 06 17 | 07
#0425-d115 @A: 17 06 25 04 | 12
#0426-d115 @A: 06 35 15 17 | 03
#0427-d115 @A: 17 06 20 11 | 10
#0428-d115 @A: 06 34 12 17 | 09
#0429-d115 @A: 28 09 17 06 | 02
#0430-d115 @A: 31 06 17 03 | 04
#0431-d115 @A: 17 22 06 07 | 05
#0432-d115 @A: 33 06 17 26 | 01
#0433-d115 @A: 17 06 24 01 | 08
#0434-d115 @A: 06 05 17 02 | 11
#0435-d115 @A: 06 25 27 33 | 06
#0436-d115 @A: 26 15 06 27 | 07
#0437-d115 @A: 11 27 06 24 | 12
#0438-d115 @A: 12 06 14 27 | 03
#0439-d115 @A: 06 27 28 35 | 10
#0440-d115 @A: 22 06 09 27 | 09
#0441-d115 @A: 27 06 08 09 | 02
#0442-d115 @A: 27 04 06 20 | 04
#0443-d115 @A: 06 27 31 19 | 05
#0444-d115 @A: 27 07 02 06 | 01
#0445-d115 @A: 15 25 06 14 | 08
#0446-d115 @A: 25 06 11 16 | 11
#0447-d115 @A: 34 25 28 06 | 06
#0448-d115 @A: 02 25 20 06 | 07
#0449-d115 @A: 06 25 26 31 | 12
#0450-d115 @A: 06 24 07 25 | 03
#0451-d115 @A: 25 18 06 01 | 10
#0452-d115 @A: 05 06 35 25 | 09
#0453-d115 @A: 33 15 06 11 | 02
#0454-d115 @A: 28 24 06 15 | 04
#0455-d115 @A: 09 04 06 15 | 05
#0456-d115 @A: 15 06 34 20 | 01
#0457-d115 @A: 22 06 15 31 | 08
#0458-d115 @A: 15 07 29 06 | 11
#0459-d115 @A: 06 08 15 26 | 06
#0460-d115 @A: 01 06 19 15 | 07
#0461-d115 @A: 28 11 06 18 | 12
#0462-d115 @A: 09 11 01 06 | 03
#0463-d115 @A: 06 11 29 31 | 10
#0464-d115 @A: 03 07 11 06 | 09
#0465-d115 @A: 06 26 11 35 | 02
#0466-d115 @A: 06 02 11 19 | 04
#0467-d115 @A: 11 06 08 16 | 05
#0468-d115 @A: 12 16 06 28 | 01
#0469-d115 @A: 06 18 09 12 | 08
#0470-d115 @A: 20 29 12 06 | 11
#0471-d115 @A: 12 31 06 01 | 06
#0472-d115 @A: 07 12 33 06 | 07
#0473-d115 @A: 12 26 06 24 | 12
#0474-d115 @A: 06 12 19 08 | 03
#0475-d115 @A: 12 03 06 05 | 10
#0476-d115 @A: 02 06 12 22 | 09
#0477-d115 @A: 06 14 28 20 | 02
#0478-d115 @A: 28 06 02 31 | 04
#0479-d115 @A: 07 06 28 05 | 05
#0480-d115 @A: 08 07 28 06 | 01
#0481-d115 @A: 28 26 29 06 | 08
#0482-d115 @A: 06 19 28 22 | 11
#0483-d115 @A: 20 24 06 09 | 06
#0484-d115 @A: 14 31 09 06 | 07
#0485-d115 @A: 16 09 06 07 | 12
#0486-d115 @A: 09 05 06 19 | 03
#0487-d115 @A: 35 06 09 03 | 10
#0488-d115 @A: 35 06 31 20 | 09
#0489-d115 @A: 06 20 01 07 | 02
#0490-d115 @A: 06 22 20 18 | 04
#0491-d115 @A: 35 06 20 08 | 05
#0492-d115 @A: 08 07 06 31 | 01
#0493-d115 @A: 16 06 31 34 | 08
#0494-d115 @A: 04 07 34 06 | 11
#0495-d115 @A: 26 01 06 04 | 06
#0496-d115 @A: 22 26 06 34 | 07
#0497-d115 @A: 26 05 06 14 | 12
#0498-d115 @A: 06 26 03 19 | 03
#0499-d115 @A: 26 06 02 16 | 10
#0500-d115 @A: 34 05 01 06 | 09
#0501-d115 @A: 06 14 01 22 | 02
#0502-d115 @A: 06 16 01 03 | 04
#0503-d115 @A: 35 06 01 33 | 05
#0504-d115 @A: 29 01 06 02 | 01
#0505-d115 @A: 35 34 19 06 | 08
#0506-d115 @A: 33 06 34 03 | 11
#0507-d115 @A: 18 29 34 06 | 06
#0508-d115 @A: 24 02 34 06 | 07
#0509-d115 @A: 18 06 14 19 | 12
#0510-d115 @A: 14 06 02 03 | 03
#0511-d115 @A: 14 33 24 06 | 10
#0512-d115 @A: 14 08 06 33 | 09
#0513-d115 @A: 35 14 06 29 | 02
#0514-d115 @A: 14 04 16 06 | 04
#0515-d115 @A: 19 16 06 33 | 05
#0516-d115 @A: 06 29 19 04 | 01
#0517-d115 @A: 22 03 06 29 | 08
#0518-d115 @A: 18 04 06 03 | 11
#0519-d115 @A: 08 06 05 03 | 06
#0520-d115 @A: 22 33 04 06 | 07
#0521-d115 @A: 06 05 33 18 | 12
#0522-d115 @A: 16 06 29 24 | 03
#0523-d115 @A: 29 06 02 08 | 10
#0524-d115 @A: 06 24 22 35 | 09
#0525-d115 @A: 06 08 22 24 | 02
#0526-d115 @A: 05 16 22 06 | 04
#0527-d115 @A: 06 05 24 04 | 05
#0528-d115 @A: 06 35 04 02 | 01
#0529-d115 @A: 16 18 35 06 | 08
#0530-d115 @A: 23 03 32 21 | 11
#0531-d115 @A: 21 32 34 30 | 06
#0532-d115 @A: 21 32 17 25 | 07
#0533-d115 @A: 21 04 32 27 | 12
#0534-d115 @A: 21 15 32 26 | 03
#0535-d115 @A: 21 32 11 35 | 10
#0536-d115 @A: 21 12 19 32 | 09
#0537-d115 @A: 32 14 09 21 | 02
#0538-d115 @A: 08 32 09 21 | 04
#0539-d115 @A: 32 20 02 21 | 05
#0540-d115 @A: 31 22 32 21 | 01
#0541-d115 @A: 33 07 32 21 | 08
#0542-d115 @A: 29 32 21 01 | 11
#0543-d115 @A: 16 32 05 21 | 06
#0544-d115 @A: 21 23 30 14 | 07
#0545-d115 @A: 35 21 17 23 | 12
#0546-d115 @A: 27 21 02 23 | 03
#0547-d115 @A: 23 18 21 25 | 10
#0548-d115 @A: 22 23 21 15 | 09
#0549-d115 @A: 21 11 23 01 | 02
#0550-d115 @A: 23 21 28 33 | 04
#0551-d115 @A: 23 34 21 09 | 05
#0552-d115 @A: 20 24 21 23 | 01
#0553-d115 @A: 29 21 31 23 | 08
#0554-d115 @A: 05 23 07 21 | 11
#0555-d115 @A: 21 23 16 26 | 06
#0556-d115 @A: 21 19 23 08 | 07
#0557-d115 @A: 30 21 27 17 | 12
#0558-d115 @A: 25 30 21 03 | 03
#0559-d115 @A: 02 30 15 21 | 10
#0560-d115 @A: 30 11 21 18 | 09
#0561-d115 @A: 29 21 12 30 | 02
#0562-d115 @A: 19 30 28 21 | 04
#0563-d115 @A: 30 21 33 09 | 05
#0564-d115 @A: 01 30 21 20 | 01
#0565-d115 @A: 30 21 20 08 | 08
#0566-d115 @A: 26 30 31 21 | 11
#0567-d115 @A: 35 07 30 21 | 06
#0568-d115 @A: 05 30 04 21 | 07
#0569-d115 @A: 15 19 17 21 | 12
#0570-d115 @A: 15 08 21 17 | 03
#0571-d115 @A: 21 17 04 11 | 10
#0572-d115 @A: 14 21 12 17 | 09
#0573-d115 @A: 17 28 16 21 | 02
#0574-d115 @A: 18 09 21 17 | 04
#0575-d115 @A: 31 17 21 05 | 05
#0576-d115 @A: 07 21 17 24 | 01
#0577-d115 @A: 17 03 21 26 | 08
#0578-d115 @A: 02 21 17 01 | 11
#0579-d115 @A: 17 22 33 21 | 06
#0580-d115 @A: 21 25 27 26 | 07
#0581-d115 @A: 27 15 12 21 | 12
#0582-d115 @A: 21 27 11 03 | 03
#0583-d115 @A: 28 27 21 22 | 10
#0584-d115 @A: 21 09 19 27 | 09
#0585-d115 @A: 21 34 20 27 | 02
#0586-d115 @A: 24 21 31 27 | 04
#0587-d115 @A: 21 27 07 29 | 05
#0588-d115 @A: 35 27 21 01 | 01
#0589-d115 @A: 21 27 16 33 | 08
#0590-d115 @A: 35 08 21 27 | 11
#0591-d115 @A: 21 33 15 25 | 06
#0592-d115 @A: 21 25 11 05 | 07
#0593-d115 @A: 25 21 04 12 | 12
#0594-d115 @A: 14 28 21 25 | 03
#0595-d115 @A: 29 25 20 21 | 10
#0596-d115 @A: 25 21 19 31 | 09
#0597-d115 @A: 07 25 34 21 | 02
#0598-d115 @A: 21 16 22 25 | 04
#0599-d115 @A: 35 24 25 21 | 05
#0600-d115 @A: 15 21 11 29 | 01
#0601-d115 @A: 15 35 21 28 | 08
#0602-d115 @A: 09 15 21 24 | 11
#0603-d115 @A: 14 20 15 21 | 06
#0604-d115 @A: 31 01 21 15 | 07
#0605-d115 @A: 07 04 21 15 | 12
#0606-d115 @A: 15 03 21 16 | 03
#0607-d115 @A: 11 34 21 12 | 10
#0608-d115 @A: 28 21 11 24 | 09
#0609-d115 @A: 09 02 21 11 | 02
#0610-d115 @A: 20 26 21 11 | 04
#0611-d115 @A: 11 33 31 21 | 05
#0612-d115 @A: 11 07 16 21 | 01
#0613-d115 @A: 08 11 14 21 | 08
#0614-d115 @A: 21 12 28 09 | 11
#0615-d115 @A: 18 12 20 21 | 06
#0616-d115 @A: 02 31 12 21 | 07
#0617-d115 @A: 21 07 26 12 | 12
#0618-d115 @A: 26 08 12 21 | 03
#0619-d115 @A: 21 03 12 01 | 10
#0620-d115 @A: 05 21 33 12 | 09
#0621-d115 @A: 21 22 24 12 | 02
#0622-d115 @A: 21 28 20 03 | 04
#0623-d115 @A: 28 21 31 34 | 05
#0624-d115 @A: 07 28 21 18 | 01
#0625-d115 @A: 01 21 04 28 | 08
#0626-d115 @A: 29 21 28 02 | 11
#0627-d115 @A: 08 21 04 28 | 06
#0628-d115 @A: 05 09 21 20 | 07
#0629-d115 @A: 09 03 31 21 | 12
#0630-d115 @A: 01 09 21 07 | 03
#0631-d115 @A: 09 21 26 04 | 10
#0632-d115 @A: 09 35 21 22 | 09
#0633-d115 @A: 20 21 16 31 | 02
#0634-d115 @A: 07 21 22 20 | 04
#0635-d115 @A: 33 20 21 04 | 05
#0636-d115 @A: 18 31 21 14 | 01
#0637-d115 @A: 21 31 08 02 | 08
#0638-d115 @A: 21 07 08 34 | 11
#0639-d115 @A: 14 07 19 21 | 06
#0640-d115 @A: 01 18 21 26 | 07
#0641-d115 @A: 34 26 05 21 | 12
#0642-d115 @A: 22 21 14 26 | 03
#0643-d115 @A: 19 21 24 26 | 10
#0644-d115 @A: 26 33 21 29 | 09
#0645-d115 @A: 35 02 21 26 | 02
#0646-d115 @A: 22 21 01 34 | 04
#0647-d115 @A: 01 21 05 14 | 05
#0648-d115 @A: 14 01 21 08 | 01
#0649-d115 @A: 01 19 33 21 | 08
#0650-d115 @A: 24 21 01 16 | 11
#0651-d115 @A: 19 34 21 18 | 06
#0652-d115 @A: 21 03 02 34 | 07
#0653-d115 @A: 33 21 24 34 | 12
#0654-d115 @A: 29 21 35 34 | 03
#0655-d115 @A: 21 34 04 16 | 10
#0656-d115 @A: 33 03 21 14 | 09
#0657-d115 @A: 04 29 14 21 | 02
#0658-d115 @A: 14 24 02 21 | 04
#0659-d115 @A: 21 35 14 16 | 05
#0660-d115 @A: 29 03 19 21 | 01
#0661-d115 @A: 19 21 22 05 | 08
#0662-d115 @A: 21 35 19 04 | 11
#0663-d115 @A: 02 16 21 19 | 06
#0664-d115 @A: 22 18 03 21 | 07
#0665-d115 @A: 03 05 35 21 | 12
#0666-d115 @A: 33 08 21 05 | 03
#0667-d115 @A: 35 21 33 18 | 10
#0668-d115 @A: 21 29 05 24 | 09
#0669-d115 @A: 16 18 21 29 | 02
#0670-d115 @A: 08 21 16 29 | 04
#0671-d115 @A: 02 04 22 21 | 05
#0672-d115 @A: 04 18 21 24 | 01
#0673-d115 @A: 21 18 24 08 | 08
#0674-d115 @A: 05 18 21 02 | 11
#0675-d115 @A: 30 02 32 23 | 06
#0676-d115 @A: 32 17 23 22 | 07
#0677-d115 @A: 23 19 32 27 | 12
#0678-d115 @A: 25 23 34 32 | 03
#0679-d115 @A: 32 23 14 15 | 10
#0680-d115 @A: 09 32 23 11 | 09
#0681-d115 @A: 23 32 08 11 | 02
#0682-d115 @A: 23 32 04 12 | 04
#0683-d115 @A: 23 32 18 28 | 05
#0684-d115 @A: 26 32 23 20 | 01
#0685-d115 @A: 01 32 23 31 | 08
#0686-d115 @A: 32 07 23 16 | 11
#0687-d115 @A: 29 32 24 23 | 06
#0688-d115 @A: 33 17 30 32 | 07
#0689-d115 @A: 32 28 27 30 | 12
#0690-d115 @A: 25 32 30 01 | 03
#0691-d115 @A: 32 35 30 15 | 10
#0692-d115 @A: 11 19 30 32 | 09
#0693-d115 @A: 12 32 14 30 | 02
#0694-d115 @A: 20 30 04 32 | 04
#0695-d115 @A: 30 32 16 31 | 05
#0696-d115 @A: 26 32 30 07 | 01
#0697-d115 @A: 32 33 08 30 | 08
#0698-d115 @A: 22 32 30 29 | 11
#0699-d115 @A: 30 32 18 05 | 06
#0700-d115 @A: 32 14 27 17 | 07
#0701-d115 @A: 24 15 17 32 | 12
#0702-d115 @A: 11 01 32 17 | 03
#0703-d115 @A: 09 12 32 17 | 10
#0704-d115 @A: 17 32 29 28 | 09
#0705-d115 @A: 17 03 20 32 | 02
#0706-d115 @A: 31 17 35 32 | 04
#0707-d115 @A: 17 07 32 04 | 05
#0708-d115 @A: 05 17 32 34 | 01
#0709-d115 @A: 32 08 14 17 | 08
#0710-d115 @A: 32 17 16 02 | 11
#0711-d115 @A: 32 29 27 25 | 06
#0712-d115 @A: 33 27 15 32 | 07
#0713-d115 @A: 11 32 27 26 | 12
#0714-d115 @A: 12 27 22 32 | 03
#0715-d115 @A: 09 27 16 32 | 10
#0716-d115 @A: 20 05 27 32 | 09
#0717-d115 @A: 32 27 18 31 | 02
#0718-d115 @A: 24 32 27 07 | 04
#0719-d115 @A: 32 34 01 27 | 05
#0720-d115 @A: 32 08 27 16 | 01
#0721-d115 @A: 32 15 05 25 | 08
#0722-d115 @A: 25 32 24 11 | 11
#0723-d115 @A: 28 32 16 25 | 06
#0724-d115 @A: 28 32 25 08 | 07
#0725-d115 @A: 32 18 09 25 | 12
#0726-d115 @A: 25 20 32 14 | 03
#0727-d115 @A: 32 31 25 07 | 10
#0728-d115 @A: 25 26 32 03 | 09
#0729-d115 @A: 25 19 04 32 | 02
#0730-d115 @A: 22 25 02 32 | 04
#0731-d115 @A: 32 15 22 11 | 05
#0732-d115 @A: 12 16 32 15 | 01
#0733-d115 @A: 15 32 04 28 | 08
#0734-d115 @A: 15 29 09 32 | 11
#0735-d115 @A: 15 18 20 32 | 06
#0736-d115 @A: 03 31 32 15 | 07
#0737-d115 @A: 32 34 15 07 | 12
#0738-d115 @A: 24 08 32 15 | 03
#0739-d115 @A: 11 32 29 12 | 10
#0740-d115 @A: 28 32 11 20 | 09
#0741-d115 @A: 32 31 11 02 | 02
#0742-d115 @A: 18 32 07 11 | 04
#0743-d115 @A: 11 03 32 34 | 05
#0744-d115 @A: 32 16 33 11 | 01
#0745-d115 @A: 35 28 12 32 | 08
#0746-d115 @A: 01 32 12 20 | 11
#0747-d115 @A: 31 12 05 32 | 06
#0748-d115 @A: 07 03 12 32 | 07
#0749-d115 @A: 34 12 24 32 | 12
#0750-d115 @A: 33 12 32 18 | 03
#0751-d115 @A: 19 09 28 32 | 10
#0752-d115 @A: 28 32 26 31 | 09
#0753-d115 @A: 07 32 01 28 | 02
#0754-d115 @A: 03 28 24 32 | 04
#0755-d115 @A: 22 32 28 33 | 05
#0756-d115 @A: 05 28 02 32 | 01
#0757-d115 @A: 09 32 20 35 | 08
#0758-d115 @A: 09 32 31 24 | 11
#0759-d115 @A: 07 02 09 32 | 06
#0760-d115 @A: 32 26 33 09 | 07
#0761-d115 @A: 01 32 22 09 | 12
#0762-d115 @A: 09 05 32 03 | 03
#0763-d115 @A: 20 31 32 33 | 10
#0764-d115 @A: 20 29 07 32 | 09
#0765-d115 @A: 26 20 08 32 | 02
#0766-d115 @A: 22 20 34 32 | 04
#0767-d115 @A: 14 32 19 31 | 05
#0768-d115 @A: 31 32 29 08 | 01
#0769-d115 @A: 19 32 07 35 | 08
#0770-d115 @A: 19 08 32 07 | 11
#0771-d115 @A: 32 26 16 01 | 06
#0772-d115 @A: 34 35 26 32 | 07
#0773-d115 @A: 32 26 14 24 | 12
#0774-d115 @A: 26 32 19 02 | 03
#0775-d115 @A: 32 05 29 26 | 10
#0776-d115 @A: 04 32 26 22 | 09
#0777-d115 @A: 01 14 32 33 | 02
#0778-d115 @A: 05 32 01 19 | 04
#0779-d115 @A: 01 18 32 03 | 05
#0780-d115 @A: 01 29 08 32 | 01
#0781-d115 @A: 32 24 04 01 | 08
#0782-d115 @A: 02 01 35 32 | 11
#0783-d115 @A: 14 34 32 18 | 06
#0784-d115 @A: 16 19 34 32 | 07
#0785-d115 @A: 02 34 32 33 | 12
#0786-d115 @A: 04 34 29 32 | 03
#0787-d115 @A: 32 16 03 14 | 10
#0788-d115 @A: 02 29 32 14 | 09
#0789-d115 @A: 14 32 22 05 | 02
#0790-d115 @A: 04 32 35 14 | 04
#0791-d115 @A: 19 03 32 22 | 05
#0792-d115 @A: 33 19 24 32 | 01
#0793-d115 @A: 19 32 18 29 | 08
#0794-d115 @A: 33 03 35 32 | 11
#0795-d115 @A: 03 04 02 32 | 06
#0796-d115 @A: 32 03 08 18 | 07
#0797-d115 @A: 04 05 33 32 | 12
#0798-d115 @A: 32 35 29 16 | 03
#0799-d115 @A: 16 24 32 22 | 10
#0800-d115 @A: 08 22 05 32 | 09
#0801-d115 @A: 32 35 22 18 | 02
#0802-d115 @A: 35 08 32 04 | 04
#0803-d115 @A: 18 32 04 16 | 05
#0804-d115 @A: 32 35 24 05 | 01
#0805-d115 @A: 24 18 32 02 | 08
#0806-d115 @A: 23 01 17 30 | 11
#0807-d115 @A: 27 03 23 30 | 06
#0808-d115 @A: 23 30 27 08 | 07
#0809-d115 @A: 25 16 23 30 | 12
#0810-d115 @A: 11 15 23 30 | 03
#0811-d115 @A: 30 23 22 12 | 10
#0812-d115 @A: 04 28 23 30 | 09
#0813-d115 @A: 09 30 23 24 | 02
#0814-d115 @A: 30 19 31 23 | 04
#0815-d115 @A: 30 23 07 18 | 05
#0816-d115 @A: 23 26 29 30 | 01
#0817-d115 @A: 30 35 23 05 | 08
#0818-d115 @A: 34 27 17 23 | 11
#0819-d115 @A: 25 23 05 17 | 06
#0820-d115 @A: 23 15 17 29 | 07
#0821-d115 @A: 24 11 23 17 | 12
#0822-d115 @A: 12 17 33 23 | 03
#0823-d115 @A: 28 03 17 23 | 10
#0824-d115 @A: 14 09 17 23 | 09
#0825-d115 @A: 18 20 23 17 | 02
#0826-d115 @A: 17 31 26 23 | 04
#0827-d115 @A: 19 17 07 23 | 05
#0828-d115 @A: 04 23 25 27 | 01
#0829-d115 @A: 15 23 27 20 | 08
#0830-d115 @A: 22 11 27 23 | 11
#0831-d115 @A: 26 23 12 27 | 06
#0832-d115 @A: 05 28 27 23 | 07
#0833-d115 @A: 09 27 33 23 | 12
#0834-d115 @A: 23 27 35 31 | 03
#0835-d115 @A: 27 14 23 07 | 10
#0836-d115 @A: 23 01 27 18 | 09
#0837-d115 @A: 16 27 23 24 | 02
#0838-d115 @A: 27 18 23 08 | 04
#0839-d115 @A: 23 19 25 15 | 05
#0840-d115 @A: 33 23 11 25 | 01
#0841-d115 @A: 25 12 23 02 | 08
#0842-d115 @A: 28 25 29 23 | 11
#0843-d115 @A: 25 22 23 20 | 06
#0844-d115 @A: 31 23 24 25 | 07
#0845-d115 @A: 07 35 25 23 | 12
#0846-d115 @A: 14 25 23 26 | 03
#0847-d115 @A: 25 23 08 01 | 10
#0848-d115 @A: 35 12 23 15 | 09
#0849-d115 @A: 34 28 23 15 | 02
#0850-d115 @A: 16 09 15 23 | 04
#0851-d115 @A: 23 02 31 15 | 05
#0852-d115 @A: 33 15 07 23 | 01
#0853-d115 @A: 15 23 18 26 | 08
#0854-d115 @A: 15 23 04 01 | 11
#0855-d115 @A: 23 08 15 14 | 06
#0856-d115 @A: 23 11 28 02 | 07
#0857-d115 @A: 11 20 05 23 | 12
#0858-d115 @A: 31 23 04 11 | 03
#0859-d115 @A: 23 07 29 11 | 10
#0860-d115 @A: 11 23 34 35 | 09
#0861-d115 @A: 11 14 23 16 | 02
#0862-d115 @A: 18 23 19 11 | 04
#0863-d115 @A: 12 19 28 23 | 05
#0864-d115 @A: 03 23 09 12 | 01
#0865-d115 @A: 23 20 16 12 | 08
#0866-d115 @A: 23 31 12 34 | 11
#0867-d115 @A: 12 23 07 01 | 06
#0868-d115 @A: 12 24 23 14 | 07
#0869-d115 @A: 12 05 18 23 | 12
#0870-d115 @A: 08 23 12 35 | 03
#0871-d115 @A: 28 22 09 23 | 10
#0872-d115 @A: 28 23 35 20 | 09
#0873-d115 @A: 23 28 20 08 | 02
#0874-d115 @A: 14 28 31 23 | 04
#0875-d115 @A: 28 07 24 23 | 05
#0876-d115 @A: 20 23 29 09 | 01
#0877-d115 @A: 09 05 23 31 | 08
#0878-d115 @A: 23 04 07 09 | 11
#0879-d115 @A: 26 09 19 23 | 06
#0880-d115 @A: 01 35 09 23 | 07
#0881-d115 @A: 29 09 23 08 | 12
#0882-d115 @A: 23 20 07 31 | 03
#0883-d115 @A: 34 19 20 23 | 10
#0884-d115 @A: 20 14 23 04 | 09
#0885-d115 @A: 20 03 02 23 | 02
#0886-d115 @A: 33 31 03 23 | 04
#0887-d115 @A: 23 03 07 22 | 05
#0888-d115 @A: 23 03 08 07 | 01
#0889-d115 @A: 26 23 03 01 | 08
#0890-d115 @A: 23 33 26 34 | 11
#0891-d115 @A: 26 22 23 05 | 06
#0892-d115 @A: 26 08 23 22 | 07
#0893-d115 @A: 23 26 04 35 | 12
#0894-d115 @A: 24 02 23 26 | 03
#0895-d115 @A: 23 01 34 16 | 10
#0896-d115 @A: 29 01 23 14 | 09
#0897-d115 @A: 01 22 19 23 | 02
#0898-d115 @A: 23 24 33 01 | 04
#0899-d115 @A: 23 01 02 05 | 05
#0900-d115 @A: 02 14 34 23 | 01
#0901-d115 @A: 04 23 03 34 | 08
#0902-d115 @A: 34 22 29 23 | 11
#0903-d115 @A: 34 24 23 18 | 06
#0904-d115 @A: 23 02 08 34 | 07
#0905-d115 @A: 23 14 19 03 | 12
#0906-d115 @A: 05 33 23 14 | 03
#0907-d115 @A: 18 23 14 22 | 10
#0908-d115 @A: 19 23 35 33 | 09
#0909-d115 @A: 19 23 02 04 | 02
#0910-d115 @A: 05 19 23 16 | 04
#0911-d115 @A: 23 35 29 03 | 05
#0912-d115 @A: 23 05 24 03 | 01
#0913-d115 @A: 23 03 18 16 | 08
#0914-d115 @A: 18 29 23 33 | 11
#0915-d115 @A: 23 22 02 33 | 06
#0916-d115 @A: 16 23 04 33 | 07
#0917-d115 @A: 08 23 33 24 | 12
#0918-d115 @A: 05 23 04 29 | 03
#0919-d115 @A: 16 02 23 29 | 10
#0920-d115 @A: 23 22 24 04 | 09
#0921-d115 @A: 16 22 35 23 | 02
#0922-d115 @A: 05 23 04 08 | 04
#0923-d115 @A: 18 02 23 35 | 05
#0924-d115 @A: 17 25 30 18 | 01
#0925-d115 @A: 30 17 15 04 | 08
#0926-d115 @A: 30 17 35 11 | 11
#0927-d115 @A: 17 30 12 03 | 06
#0928-d115 @A: 24 17 28 30 | 07
#0929-d115 @A: 16 09 30 17 | 12
#0930-d115 @A: 30 20 17 29 | 03
#0931-d115 @A: 31 22 30 17 | 10
#0932-d115 @A: 34 07 30 17 | 09
#0933-d115 @A: 19 17 30 26 | 02
#0934-d115 @A: 14 02 17 30 | 04
#0935-d115 @A: 17 08 30 24 | 05
#0936-d115 @A: 30 25 27 05 | 01
#0937-d115 @A: 27 30 15 22 | 08
#0938-d115 @A: 24 27 12 30 | 11
#0939-d115 @A: 27 09 26 30 | 06
#0940-d115 @A: 30 27 02 20 | 07
#0941-d115 @A: 31 34 30 27 | 12
#0942-d115 @A: 04 07 27 30 | 03
#0943-d115 @A: 29 30 27 14 | 10
#0944-d115 @A: 30 19 16 27 | 09
#0945-d115 @A: 30 27 35 18 | 02
#0946-d115 @A: 25 29 30 15 | 04
#0947-d115 @A: 11 04 30 25 | 05
#0948-d115 @A: 30 25 33 12 | 01
#0949-d115 @A: 30 12 25 08 | 08
#0950-d115 @A: 30 25 35 28 | 11
#0951-d115 @A: 25 09 30 19 | 06
#0952-d115 @A: 25 30 34 20 | 07
#0953-d115 @A: 02 31 30 25 | 12
#0954-d115 @A: 25 07 30 14 | 03
#0955-d115 @A: 19 12 15 30 | 10
#0956-d115 @A: 01 28 15 30 | 09
#0957-d115 @A: 05 15 30 09 | 02
#0958-d115 @A: 31 15 30 07 | 04
#0959-d115 @A: 18 15 30 34 | 05
#0960-d115 @A: 15 16 30 14 | 01
#0961-d115 @A: 15 19 08 30 | 08
#0962-d115 @A: 15 24 30 33 | 11
#0963-d115 @A: 12 16 11 30 | 06
#0964-d115 @A: 11 28 22 30 | 07
#0965-d115 @A: 09 30 03 11 | 12
#0966-d115 @A: 20 33 30 11 | 03
#0967-d115 @A: 30 11 24 31 | 10
#0968-d115 @A: 11 30 01 07 | 09
#0969-d115 @A: 34 11 30 26 | 02
#0970-d115 @A: 30 02 11 29 | 04
#0971-d115 @A: 26 30 12 28 | 05
#0972-d115 @A: 12 01 09 30 | 01
#0973-d115 @A: 30 20 35 12 | 08
#0974-d115 @A: 31 30 18 12 | 11
#0975-d115 @A: 05 07 30 12 | 06
#0976-d115 @A: 09 28 30 34 | 07
#0977-d115 @A: 18 20 28 30 | 12
#0978-d115 @A: 30 31 29 28 | 03
#0979-d115 @A: 28 07 30 02 | 10
#0980-d115 @A: 30 05 28 14 | 09
#0981-d115 @A: 02 28 30 08 | 02
#0982-d115 @A: 09 14 20 30 | 04
#0983-d115 @A: 31 30 09 04 | 05
#0984-d115 @A: 30 22 07 09 | 01
#0985-d115 @A: 30 09 08 07 | 08
#0986-d115 @A: 09 30 35 02 | 11
#0987-d115 @A: 03 20 30 31 | 06
#0988-d115 @A: 20 07 30 24 | 07
#0989-d115 @A: 20 30 19 05 | 12
#0990-d115 @A: 22 20 30 16 | 03
#0991-d115 @A: 01 30 31 33 | 10
#0992-d115 @A: 04 31 30 08 | 09
#0993-d115 @A: 07 33 30 03 | 02
#0994-d115 @A: 26 05 01 30 | 04
#0995-d115 @A: 14 03 26 30 | 05
#0996-d115 @A: 33 30 26 02 | 01
#0997-d115 @A: 26 24 30 22 | 08
#0998-d115 @A: 30 26 04 18 | 11
#0999-d115 @A: 26 35 16 30 | 06
#1000-d115 @A: 34 30 01 35 | 07
#1001-d115 @A: 19 30 01 14 | 12
#1002-d115 @A: 01 30 03 24 | 03
#1003-d115 @A: 01 29 30 04 | 10
#1004-d115 @A: 30 18 22 01 | 09
#1005-d115 @A: 01 02 16 30 | 02
#1006-d115 @A: 34 30 24 14 | 04
#1007-d115 @A: 34 02 19 30 | 05
#1008-d115 @A: 05 30 03 34 | 01
#1009-d115 @A: 16 30 34 33 | 08
#1010-d115 @A: 22 34 30 04 | 11
#1011-d115 @A: 34 08 30 22 | 06
#1012-d115 @A: 03 30 08 14 | 07
#1013-d115 @A: 18 33 30 14 | 12
#1014-d115 @A: 30 22 35 14 | 03
#1015-d115 @A: 30 19 35 03 | 10
#1016-d115 @A: 04 30 33 19 | 09
#1017-d115 @A: 24 19 30 29 | 02
#1018-d115 @A: 18 29 30 03 | 04
#1019-d115 @A: 30 22 02 03 | 05
#1020-d115 @A: 30 03 04 16 | 01
#1021-d115 @A: 33 30 35 29 | 08
#1022-d115 @A: 30 33 05 22 | 11
#1023-d115 @A: 30 05 29 16 | 06
#1024-d115 @A: 29 30 18 08 | 07
#1025-d115 @A: 04 24 30 35 | 12
#1026-d115 @A: 30 24 05 02 | 03
#1027-d115 @A: 24 16 18 30 | 10
#1028-d115 @A: 16 08 35 30 | 09
#1029-d115 @A: 22 17 27 25 | 02
#1030-d115 @A: 27 17 15 03 | 04
#1031-d115 @A: 27 11 17 29 | 05
#1032-d115 @A: 12 04 27 17 | 01
#1033-d115 @A: 27 17 26 28 | 08
#1034-d115 @A: 17 24 09 27 | 11
#1035-d115 @A: 20 35 17 27 | 06
#1036-d115 @A: 27 17 31 02 | 07
#1037-d115 @A: 17 16 27 07 | 12
#1038-d115 @A: 17 26 08 27 | 03
#1039-d115 @A: 01 17 19 27 | 10
#1040-d115 @A: 25 15 17 34 | 09
#1041-d115 @A: 25 03 17 11 | 02
#1042-d115 @A: 12 25 28 17 | 04
#1043-d115 @A: 29 17 25 09 | 05
#1044-d115 @A: 19 17 25 20 | 01
#1045-d115 @A: 01 25 17 31 | 08
#1046-d115 @A: 17 25 02 07 | 11
#1047-d115 @A: 14 25 17 33 | 06
#1048-d115 @A: 16 25 17 24 | 07
#1049-d115 @A: 17 08 05 25 | 12
#1050-d115 @A: 17 14 11 15 | 03
#1051-d115 @A: 15 02 12 17 | 10
#1052-d115 @A: 05 15 28 17 | 09
#1053-d115 @A: 09 15 22 17 | 02
#1054-d115 @A: 26 20 15 17 | 04
#1055-d115 @A: 17 16 15 31 | 05
#1056-d115 @A: 15 07 17 01 | 01
#1057-d115 @A: 11 17 18 12 | 08
#1058-d115 @A: 17 28 11 34 | 11
#1059-d115 @A: 09 17 11 05 | 06
#1060-d115 @A: 11 31 17 19 | 07
#1061-d115 @A: 33 11 07 17 | 12
#1062-d115 @A: 11 16 17 26 | 03
#1063-d115 @A: 12 24 17 20 | 10
#1064-d115 @A: 17 12 31 07 | 09
#1065-d115 @A: 08 17 12 31 | 02
#1066-d115 @A: 05 17 26 12 | 04
#1067-d115 @A: 01 22 17 12 | 05
#1068-d115 @A: 29 17 12 35 | 01
#1069-d115 @A: 17 20 02 28 | 08
#1070-d115 @A: 28 31 17 18 | 11
#1071-d115 @A: 35 17 07 28 | 06
#1072-d115 @A: 17 22 28 14 | 07
#1073-d115 @A: 17 33 19 28 | 12
#1074-d115 @A: 28 08 16 17 | 03
#1075-d115 @A: 17 04 09 20 | 10
#1076-d115 @A: 17 09 31 33 | 09
#1077-d115 @A: 26 07 17 09 | 02
#1078-d115 @A: 09 34 17 02 | 04
#1079-d115 @A: 17 19 09 03 | 05
#1080-d115 @A: 22 08 17 09 | 01
#1081-d115 @A: 17 14 20 31 | 08
#1082-d115 @A: 20 05 07 17 | 11
#1083-d115 @A: 20 17 16 01 | 06
#1084-d115 @A: 01 17 20 08 | 07
#1085-d115 @A: 20 34 17 33 | 12
#1086-d115 @A: 29 17 04 31 | 03
#1087-d115 @A: 17 29 18 07 | 10
#1088-d115 @A: 16 07 08 17 | 09
#1089-d115 @A: 01 17 29 26 | 02
#1090-d115 @A: 24 34 26 17 | 04
#1091-d115 @A: 17 26 04 14 | 05
#1092-d115 @A: 17 26 22 35 | 01
#1093-d115 @A: 17 26 18 02 | 08
#1094-d115 @A: 17 18 01 34 | 11
#1095-d115 @A: 14 03 17 01 | 06
#1096-d115 @A: 04 01 17 33 | 07
#1097-d115 @A: 01 05 35 17 | 12
#1098-d115 @A: 34 35 17 14 | 03
#1099-d115 @A: 17 04 34 19 | 10
#1100-d115 @A: 17 22 03 34 | 09
#1101-d115 @A: 29 17 34 16 | 02
#1102-d115 @A: 04 17 34 08 | 04
#1103-d115 @A: 14 19 17 29 | 05
#1104-d115 @A: 05 24 17 14 | 01
#1105-d115 @A: 14 16 17 18 | 08
#1106-d115 @A: 02 19 22 17 | 11
#1107-d115 @A: 18 05 17 19 | 06
#1108-d115 @A: 16 35 19 17 | 07
#1109-d115 @A: 18 03 33 17 | 12
#1110-d115 @A: 29 02 17 03 | 03
#1111-d115 @A: 17 05 04 03 | 10
#1112-d115 @A: 35 24 17 03 | 09
#1113-d115 @A: 08 03 17 02 | 02
#1114-d115 @A: 17 33 29 24 | 04
#1115-d115 @A: 33 17 16 05 | 05
#1116-d115 @A: 17 02 33 35 | 01
#1117-d115 @A: 17 33 08 18 | 08
#1118-d115 @A: 05 22 29 17 | 11
#1119-d115 @A: 29 17 08 35 | 06
#1120-d115 @A: 16 04 22 17 | 07
#1121-d115 @A: 18 22 17 24 | 12
#1122-d115 @A: 17 04 24 02 | 03
#1123-d115 @A: 35 18 04 17 | 10
#1124-d115 @A: 15 28 27 25 | 09
#1125-d115 @A: 27 18 25 11 | 02
#1126-d115 @A: 25 12 27 16 | 04
#1127-d115 @A: 25 34 27 09 | 05
#1128-d115 @A: 24 27 25 20 | 01
#1129-d115 @A: 25 27 31 14 | 08
#1130-d115 @A: 25 01 07 27 | 11
#1131-d115 @A: 08 24 25 27 | 06
#1132-d115 @A: 27 25 02 35 | 07
#1133-d115 @A: 05 15 27 11 | 12
#1134-d115 @A: 02 09 15 27 | 03
#1135-d115 @A: 31 29 15 27 | 10
#1136-d115 @A: 07 18 15 27 | 09
#1137-d115 @A: 15 27 19 34 | 02
#1138-d115 @A: 15 27 35 14 | 04
#1139-d115 @A: 04 15 16 27 | 05
#1140-d115 @A: 27 08 05 15 | 01
#1141-d115 @A: 35 11 27 12 | 08
#1142-d115 @A: 11 01 28 27 | 11
#1143-d115 @A: 11 04 27 09 | 06
#1144-d115 @A: 11 27 08 20 | 07
#1145-d115 @A: 31 11 16 27 | 12
#1146-d115 @A: 27 11 07 19 | 03
#1147-d115 @A: 34 27 11 02 | 10
#1148-d115 @A: 11 33 14 27 | 09
#1149-d115 @A: 27 12 28 29 | 02
#1150-d115 @A: 05 12 09 27 | 04
#1151-d115 @A: 12 27 19 20 | 05
#1152-d115 @A: 12 27 33 31 | 01
#1153-d115 @A: 12 07 34 27 | 08
#1154-d115 @A: 03 27 08 12 | 11
#1155-d115 @A: 02 18 27 12 | 06
#1156-d115 @A: 03 28 27 09 | 07
#1157-d115 @A: 16 20 28 27 | 12
#1158-d115 @A: 27 31 28 04 | 03
#1159-d115 @A: 08 27 31 28 | 10
#1160-d115 @A: 28 33 07 27 | 09
#1161-d115 @A: 14 28 24 27 | 02
#1162-d115 @A: 27 02 28 19 | 04
#1163-d115 @A: 09 18 20 27 | 05
#1164-d115 @A: 01 09 27 31 | 01
#1165-d115 @A: 07 35 09 27 | 08
#1166-d115 @A: 27 26 31 20 | 11
#1167-d115 @A: 20 07 27 03 | 06
#1168-d115 @A: 27 20 14 01 | 07
#1169-d115 @A: 33 27 29 20 | 12
#1170-d115 @A: 03 22 31 27 | 03
#1171-d115 @A: 05 27 07 22 | 10
#1172-d115 @A: 07 04 08 27 | 09
#1173-d115 @A: 02 01 27 26 | 02
#1174-d115 @A: 18 26 27 34 | 04
#1175-d115 @A: 16 26 27 14 | 05
#1176-d115 @A: 19 27 26 04 | 01
#1177-d115 @A: 27 26 03 05 | 08
#1178-d115 @A: 27 26 24 33 | 11
#1179-d115 @A: 26 27 35 29 | 06
#1180-d115 @A: 34 27 08 01 | 07
#1181-d115 @A: 04 01 03 27 | 12
#1182-d115 @A: 01 22 27 33 | 03
#1183-d115 @A: 27 16 29 01 | 10
#1184-d115 @A: 01 05 24 27 | 09
#1185-d115 @A: 27 22 14 34 | 02
#1186-d115 @A: 27 29 34 03 | 04
#1187-d115 @A: 33 34 27 04 | 05
#1188-d115 @A: 34 24 35 27 | 01
#1189-d115 @A: 27 16 05 34 | 08
#1190-d115 @A: 05 14 19 27 | 11
#1191-d115 @A: 08 27 19 14 | 06
#1192-d115 @A: 03 27 14 18 | 07
#1193-d115 @A: 04 14 02 27 | 12
#1194-d115 @A: 03 19 24 27 | 03
#1195-d115 @A: 18 19 27 33 | 10
#1196-d115 @A: 19 27 35 22 | 09
#1197-d115 @A: 27 33 03 02 | 02
#1198-d115 @A: 35 27 16 03 | 04
#1199-d115 @A: 33 05 27 35 | 05
#1200-d115 @A: 27 22 04 29 | 01
#1201-d115 @A: 29 24 27 18 | 08
#1202-d115 @A: 05 02 29 27 | 11
#1203-d115 @A: 22 02 27 24 | 06
#1204-d115 @A: 27 22 16 18 | 07
#1205-d115 @A: 27 22 02 08 | 12
#1206-d115 @A: 18 05 27 04 | 03
#1207-d115 @A: 02 15 25 11 | 10
#1208-d115 @A: 25 12 24 15 | 09
#1209-d115 @A: 20 03 25 15 | 02
#1210-d115 @A: 31 25 18 15 | 04
#1211-d115 @A: 08 15 31 25 | 05
#1212-d115 @A: 25 07 22 15 | 01
#1213-d115 @A: 26 25 15 35 | 08
#1214-d115 @A: 16 01 15 25 | 11
#1215-d115 @A: 22 12 25 11 | 06
#1216-d115 @A: 25 19 11 28 | 07
#1217-d115 @A: 09 14 25 11 | 12
#1218-d115 @A: 09 08 11 25 | 03
#1219-d115 @A: 20 11 25 01 | 10
#1220-d115 @A: 31 35 25 11 | 09
#1221-d115 @A: 25 07 26 11 | 02
#1222-d115 @A: 25 35 09 12 | 04
#1223-d115 @A: 26 25 20 12 | 05
#1224-d115 @A: 29 25 31 12 | 01
#1225-d115 @A: 07 25 19 12 | 08
#1226-d115 @A: 25 12 14 01 | 11
#1227-d115 @A: 12 25 18 03 | 06
#1228-d115 @A: 09 04 28 25 | 07
#1229-d115 @A: 31 25 33 28 | 12
#1230-d115 @A: 07 28 03 25 | 03
#1231-d115 @A: 28 05 26 25 | 10
#1232-d115 @A: 25 28 02 01 | 09
#1233-d115 @A: 28 24 25 22 | 02
#1234-d115 @A: 09 16 25 20 | 04
#1235-d115 @A: 25 31 09 22 | 05
#1236-d115 @A: 05 25 09 07 | 01
#1237-d115 @A: 24 26 25 09 | 08
#1238-d115 @A: 01 03 09 25 | 11
#1239-d115 @A: 02 33 09 25 | 06
#1240-d115 @A: 25 31 05 20 | 07
#1241-d115 @A: 18 20 25 07 | 12
#1242-d115 @A: 35 25 20 33 | 03
#1243-d115 @A: 08 20 25 29 | 10
#1244-d115 @A: 04 25 34 31 | 09
#1245-d115 @A: 07 29 04 25 | 02
#1246-d115 @A: 08 18 07 25 | 04
#1247-d115 @A: 34 26 25 01 | 05
#1248-d115 @A: 22 19 25 26 | 01
#1249-d115 @A: 33 18 25 26 | 08
#1250-d115 @A: 25 08 26 33 | 11
#1251-d115 @A: 25 16 26 29 | 06
#1252-d115 @A: 04 02 26 25 | 07
#1253-d115 @A: 19 01 25 24 | 12
#1254-d115 @A: 29 33 25 01 | 03
#1255-d115 @A: 25 01 22 35 | 10
#1256-d115 @A: 01 05 04 25 | 09
#1257-d115 @A: 14 25 34 16 | 02
#1258-d115 @A: 34 19 25 29 | 04
#1259-d115 @A: 03 35 25 34 | 05
#1260-d115 @A: 03 25 08 34 | 01
#1261-d115 @A: 33 25 22 34 | 08
#1262-d115 @A: 05 34 24 25 | 11
#1263-d115 @A: 25 02 18 34 | 06
#1264-d115 @A: 14 25 35 19 | 07
#1265-d115 @A: 14 03 24 25 | 12
#1266-d115 @A: 14 29 25 22 | 03
#1267-d115 @A: 14 04 18 25 | 10
#1268-d115 @A: 02 19 03 25 | 09
#1269-d115 @A: 05 33 25 19 | 02
#1270-d115 @A: 08 22 25 19 | 04
#1271-d115 @A: 18 25 16 19 | 05
#1272-d115 @A: 25 16 03 33 | 01
#1273-d115 @A: 25 05 03 29 | 08
#1274-d115 @A: 03 22 04 25 | 11
#1275-d115 @A: 33 25 04 24 | 06
#1276-d115 @A: 29 02 24 25 | 07
#1277-d115 @A: 18 35 25 29 | 12
#1278-d115 @A: 05 22 18 25 | 03
#1279-d115 @A: 35 25 04 16 | 10
#1280-d115 @A: 08 25 04 35 | 09
#1281-d115 @A: 02 16 05 25 | 02
#1282-d115 @A: 02 08 05 25 | 04
#1283-d115 @A: 01 12 11 15 | 05
#1284-d115 @A: 16 11 28 15 | 01
#1285-d115 @A: 11 15 09 18 | 08
#1286-d115 @A: 11 24 20 15 | 11
#1287-d115 @A: 11 34 31 15 | 06
#1288-d115 @A: 15 07 11 35 | 07
#1289-d115 @A: 11 26 04 15 | 12
#1290-d115 @A: 15 03 11 19 | 03
#1291-d115 @A: 15 18 11 08 | 10
#1292-d115 @A: 18 12 15 28 | 09
#1293-d115 @A: 12 15 09 33 | 02
#1294-d115 @A: 15 12 20 05 | 04
#1295-d115 @A: 26 31 15 12 | 05
#1296-d115 @A: 12 07 15 14 | 01
#1297-d115 @A: 03 34 12 15 | 08
#1298-d115 @A: 15 08 33 12 | 11
#1299-d115 @A: 12 04 22 15 | 06
#1300-d115 @A: 09 15 14 28 | 07
#1301-d115 @A: 33 28 20 15 | 12
#1302-d115 @A: 31 15 19 28 | 03
#1303-d115 @A: 07 26 15 28 | 10
#1304-d115 @A: 29 15 28 03 | 09
#1305-d115 @A: 15 08 29 28 | 02
#1306-d115 @A: 15 09 19 20 | 04
#1307-d115 @A: 09 15 08 20 | 05
#1308-d115 @A: 35 31 15 09 | 01
#1309-d115 @A: 07 03 09 15 | 08
#1310-d115 @A: 34 15 01 09 | 11
#1311-d115 @A: 31 04 15 20 | 06
#1312-d115 @A: 07 20 16 15 | 07
#1313-d115 @A: 15 20 29 01 | 12
#1314-d115 @A: 20 35 15 22 | 03
#1315-d115 @A: 31 05 24 15 | 10
#1316-d115 @A: 15 02 07 24 | 09
#1317-d115 @A: 15 26 24 01 | 02
#1318-d115 @A: 26 29 15 34 | 04
#1319-d115 @A: 19 14 26 15 | 05
#1320-d115 @A: 26 15 03 02 | 01
#1321-d115 @A: 22 33 26 15 | 08
#1322-d115 @A: 26 05 16 15 | 11
#1323-d115 @A: 14 15 01 02 | 06
#1324-d115 @A: 01 15 03 33 | 07
#1325-d115 @A: 01 22 15 05 | 12
#1326-d115 @A: 04 01 08 15 | 03
#1327-d115 @A: 35 18 01 15 | 10
#1328-d115 @A: 34 14 15 33 | 09
#1329-d115 @A: 34 15 02 22 | 02
#1330-d115 @A: 15 04 05 34 | 04
#1331-d115 @A: 34 16 24 15 | 05
#1332-d115 @A: 04 14 15 03 | 01
#1333-d115 @A: 29 14 15 05 | 08
#1334-d115 @A: 18 24 15 14 | 11
#1335-d115 @A: 03 15 08 19 | 06
#1336-d115 @A: 33 15 29 19 | 07
#1337-d115 @A: 19 16 22 15 | 12
#1338-d115 @A: 24 15 04 19 | 03
#1339-d115 @A: 15 19 05 35 | 10
#1340-d115 @A: 19 15 18 02 | 09
#1341-d115 @A: 15 03 22 24 | 02
#1342-d115 @A: 18 15 05 03 | 04
#1343-d115 @A: 35 15 04 33 | 05
#1344-d115 @A: 33 15 02 05 | 01
#1345-d115 @A: 18 15 33 16 | 08
#1346-d115 @A: 29 18 22 15 | 11
#1347-d115 @A: 15 29 02 04 | 06
#1348-d115 @A: 24 35 29 15 | 07
#1349-d115 @A: 15 22 35 08 | 12
#1350-d115 @A: 02 35 16 15 | 03
#1351-d115 @A: 16 02 08 15 | 10
#1352-d115 @A: 05 12 11 28 | 09
#1353-d115 @A: 12 11 09 19 | 02
#1354-d115 @A: 12 20 11 03 | 04
#1355-d115 @A: 14 31 12 11 | 05
#1356-d115 @A: 11 12 07 02 | 01
#1357-d115 @A: 04 33 11 12 | 08
#1358-d115 @A: 11 04 12 08 | 11
#1359-d115 @A: 09 29 28 11 | 06
#1360-d115 @A: 11 28 03 31 | 07
#1361-d115 @A: 07 28 11 04 | 12
#1362-d115 @A: 28 11 14 26 | 03
#1363-d115 @A: 08 11 28 05 | 10
#1364-d115 @A: 11 20 09 22 | 09
#1365-d115 @A: 09 31 26 11 | 02
#1366-d115 @A: 34 09 11 07 | 04
#1367-d115 @A: 33 09 11 35 | 05
#1368-d115 @A: 18 31 20 11 | 01
#1369-d115 @A: 07 20 11 14 | 08
#1370-d115 @A: 20 34 29 11 | 11
#1371-d115 @A: 19 16 11 20 | 06
#1372-d115 @A: 20 04 11 35 | 07
#1373-d115 @A: 34 08 31 11 | 12
#1374-d115 @A: 05 11 22 31 | 03
#1375-d115 @A: 33 08 11 07 | 10
#1376-d115 @A: 07 05 24 11 | 09
#1377-d115 @A: 33 26 11 01 | 02
#1378-d115 @A: 19 26 29 11 | 04
#1379-d115 @A: 22 03 11 26 | 05
#1380-d115 @A: 18 26 24 11 | 01
#1381-d115 @A: 02 11 26 05 | 08
#1382-d115 @A: 11 02 08 26 | 11
#1383-d115 @A: 34 19 11 01 | 06
#1384-d115 @A: 14 04 01 11 | 07
#1385-d115 @A: 08 19 11 01 | 12
#1386-d115 @A: 03 02 11 01 | 03
#1387-d115 @A: 29 35 01 11 | 10
#1388-d115 @A: 11 24 22 01 | 09
#1389-d115 @A: 01 11 18 16 | 02
#1390-d115 @A: 05 14 34 11 | 04
#1391-d115 @A: 33 18 11 34 | 05
#1392-d115 @A: 22 34 16 11 | 01
#1393-d115 @A: 24 34 11 04 | 08
#1394-d115 @A: 11 14 22 19 | 11
#1395-d115 @A: 11 03 35 14 | 06
#1396-d115 @A: 29 11 24 14 | 07
#1397-d115 @A: 02 11 14 18 | 12
#1398-d115 @A: 19 04 11 05 | 03
#1399-d115 @A: 35 11 24 19 | 10
#1400-d115 @A: 03 05 33 11 | 09
#1401-d115 @A: 29 04 11 03 | 02
#1402-d115 @A: 22 11 03 08 | 04
#1403-d115 @A: 03 16 24 11 | 05
#1404-d115 @A: 33 29 11 22 | 01
#1405-d115 @A: 11 33 02 24 | 08
#1406-d115 @A: 24 29 11 08 | 11
#1407-d115 @A: 11 05 18 29 | 06
#1408-d115 @A: 11 22 18 04 | 07
#1409-d115 @A: 11 22 02 35 | 12
#1410-d115 @A: 16 02 04 11 | 03
#1411-d115 @A: 11 35 05 16 | 10
#1412-d115 @A: 02 35 08 11 | 09
#1413-d115 @A: 20 12 34 28 | 02
#1414-d115 @A: 28 24 31 12 | 04
#1415-d115 @A: 12 22 07 28 | 05
#1416-d115 @A: 12 28 03 14 | 01
#1417-d115 @A: 12 28 02 04 | 08
#1418-d115 @A: 24 12 08 28 | 11
#1419-d115 @A: 02 12 09 20 | 06
#1420-d115 @A: 12 31 16 09 | 07
#1421-d115 @A: 09 07 29 12 | 12
#1422-d115 @A: 12 34 09 26 | 03
#1423-d115 @A: 01 12 08 09 | 10
#1424-d115 @A: 12 24 04 09 | 09
#1425-d115 @A: 31 12 20 22 | 02
#1426-d115 @A: 20 04 07 12 | 04
#1427-d115 @A: 12 07 20 08 | 05
#1428-d115 @A: 14 12 31 08 | 01
#1429-d115 @A: 19 31 12 35 | 08
#1430-d115 @A: 35 16 07 12 | 11
#1431-d115 @A: 35 26 01 12 | 06
#1432-d115 @A: 12 26 14 02 | 07
#1433-d115 @A: 26 19 18 12 | 12
#1434-d115 @A: 04 26 12 03 | 03
#1435-d115 @A: 26 16 33 12 | 10
#1436-d115 @A: 12 22 26 29 | 09
#1437-d115 @A: 34 33 01 12 | 02
#1438-d115 @A: 19 12 02 01 | 04
#1439-d115 @A: 29 12 05 01 | 05
#1440-d115 @A: 12 16 04 01 | 01
#1441-d115 @A: 24 12 18 01 | 08
#1442-d115 @A: 12 34 29 14 | 11
#1443-d115 @A: 12 34 22 19 | 06
#1444-d115 @A: 12 08 34 22 | 07
#1445-d115 @A: 04 12 34 35 | 12
#1446-d115 @A: 02 34 12 05 | 03
#1447-d115 @A: 16 12 34 18 | 10
#1448-d115 @A: 14 04 12 19 | 09
#1449-d115 @A: 14 22 12 33 | 02
#1450-d115 @A: 14 16 05 12 | 04
#1451-d115 @A: 12 18 35 14 | 05
#1452-d115 @A: 19 33 03 12 | 01
#1453-d115 @A: 19 29 12 16 | 08
#1454-d115 @A: 12 05 19 24 | 11
#1455-d115 @A: 24 12 29 03 | 06
#1456-d115 @A: 16 12 22 03 | 07
#1457-d115 @A: 12 02 35 03 | 12
#1458-d115 @A: 33 02 12 29 | 03
#1459-d115 @A: 35 24 12 33 | 10
#1460-d115 @A: 18 04 29 12 | 09
#1461-d115 @A: 05 35 22 12 | 02
#1462-d115 @A: 12 16 02 24 | 04
#1463-d115 @A: 08 05 12 16 | 05
#1464-d115 @A: 08 18 12 02 | 01
#1465-d115 @A: 26 09 28 20 | 08
#1466-d115 @A: 31 09 28 07 | 11
#1467-d115 @A: 09 01 28 24 | 06
#1468-d115 @A: 09 05 33 28 | 07
#1469-d115 @A: 08 28 09 33 | 12
#1470-d115 @A: 09 28 18 16 | 03
#1471-d115 @A: 20 01 28 31 | 10
#1472-d115 @A: 19 28 07 20 | 09
#1473-d115 @A: 28 20 29 05 | 02
#1474-d115 @A: 28 20 04 22 | 04
#1475-d115 @A: 35 31 16 28 | 05
#1476-d115 @A: 28 07 16 34 | 01
#1477-d115 @A: 01 26 28 19 | 08
#1478-d115 @A: 02 28 34 26 | 11
#1479-d115 @A: 18 26 03 28 | 06
#1480-d115 @A: 35 33 28 26 | 07
#1481-d115 @A: 28 16 26 22 | 12
#1482-d115 @A: 26 04 28 24 | 03
#1483-d115 @A: 28 34 03 01 | 10
#1484-d115 @A: 01 14 35 28 | 09
#1485-d115 @A: 28 01 08 03 | 02
#1486-d115 @A: 01 33 16 28 | 04
#1487-d115 @A: 29 01 22 28 | 05
#1488-d115 @A: 05 28 01 18 | 01
#1489-d115 @A: 34 28 14 04 | 08
#1490-d115 @A: 28 24 34 19 | 11
#1491-d115 @A: 08 28 34 19 | 06
#1492-d115 @A: 34 33 28 29 | 07
#1493-d115 @A: 22 05 34 28 | 12
#1494-d115 @A: 28 18 35 34 | 03
#1495-d115 @A: 28 19 16 14 | 10
#1496-d115 @A: 02 14 33 28 | 09
#1497-d115 @A: 18 14 29 28 | 02
#1498-d115 @A: 28 19 05 03 | 04
#1499-d115 @A: 29 35 28 19 | 05
#1500-d115 @A: 04 18 28 19 | 01
#1501-d115 @A: 04 03 33 28 | 08
#1502-d115 @A: 28 35 22 03 | 11
#1503-d115 @A: 35 03 28 08 | 06
#1504-d115 @A: 16 02 28 03 | 07
#1505-d115 @A: 18 28 33 24 | 12
#1506-d115 @A: 29 28 16 04 | 03
#1507-d115 @A: 28 02 22 18 | 10
#1508-d115 @A: 28 22 08 18 | 09
#1509-d115 @A: 05 35 28 04 | 02
#1510-d115 @A: 05 28 24 16 | 04
#1511-d115 @A: 28 02 35 24 | 05
#1512-d115 @A: 20 09 34 31 | 01
#1513-d115 @A: 09 20 07 33 | 08
#1514-d115 @A: 18 09 31 29 | 11
#1515-d115 @A: 07 09 18 14 | 06
#1516-d115 @A: 26 09 14 01 | 07
#1517-d115 @A: 16 26 03 09 | 12
#1518-d115 @A: 02 26 09 29 | 03
#1519-d115 @A: 18 09 22 26 | 10
#1520-d115 @A: 26 05 35 09 | 09
#1521-d115 @A: 08 35 09 26 | 02
#1522-d115 @A: 01 09 29 19 | 04
#1523-d115 @A: 09 18 33 01 | 05
#1524-d115 @A: 01 02 09 04 | 01
#1525-d115 @A: 05 16 09 01 | 08
#1526-d115 @A: 02 08 09 01 | 11
#1527-d115 @A: 19 09 14 34 | 06
#1528-d115 @A: 24 03 09 34 | 07
#1529-d115 @A: 09 29 34 05 | 12
#1530-d115 @A: 18 04 34 09 | 03
#1531-d115 @A: 08 34 05 09 | 10
#1532-d115 @A: 16 34 09 35 | 09
#1533-d115 @A: 09 14 03 22 | 02
#1534-d115 @A: 33 14 04 09 | 04
#1535-d115 @A: 09 29 14 16 | 05
#1536-d115 @A: 09 14 35 24 | 01
#1537-d115 @A: 02 09 05 14 | 08
#1538-d115 @A: 16 09 14 08 | 11
#1539-d115 @A: 22 33 09 19 | 06
#1540-d115 @A: 04 09 19 16 | 07
#1541-d115 @A: 09 19 04 08 | 12
#1542-d115 @A: 09 19 02 24 | 03
#1543-d115 @A: 35 09 18 19 | 10
#1544-d115 @A: 09 03 33 29 | 09
#1545-d115 @A: 08 24 03 09 | 02
#1546-d115 @A: 03 09 18 02 | 04
#1547-d115 @A: 33 24 09 16 | 05
#1548-d115 @A: 22 29 24 09 | 01
#1549-d115 @A: 35 09 29 04 | 08
#1550-d115 @A: 09 22 04 05 | 11
#1551-d115 @A: 09 22 02 16 | 06
#1552-d115 @A: 18 09 05 24 | 07
#1553-d115 @A: 31 20 03 08 | 12
#1554-d115 @A: 24 31 02 20 | 03
#1555-d115 @A: 26 20 07 02 | 10
#1556-d115 @A: 22 01 20 26 | 09
#1557-d115 @A: 16 26 20 34 | 02
#1558-d115 @A: 20 26 14 35 | 04
#1559-d115 @A: 26 33 20 19 | 05
#1560-d115 @A: 03 24 20 26 | 01
#1561-d115 @A: 18 29 20 26 | 08
#1562-d115 @A: 26 05 20 04 | 11
#1563-d115 @A: 34 24 20 01 | 06
#1564-d115 @A: 20 35 01 19 | 07
#1565-d115 @A: 03 05 01 20 | 12
#1566-d115 @A: 33 02 20 01 | 03
#1567-d115 @A: 01 20 18 04 | 10
#1568-d115 @A: 14 03 20 34 | 09
#1569-d115 @A: 08 20 34 33 | 02
#1570-d115 @A: 02 04 34 20 | 04
#1571-d115 @A: 34 05 35 20 | 05
#1572-d115 @A: 14 02 20 19 | 01
#1573-d115 @A: 33 20 14 16 | 08
#1574-d115 @A: 14 20 24 22 | 11
#1575-d115 @A: 20 14 05 18 | 06
#1576-d115 @A: 14 08 18 20 | 07
#1577-d115 @A: 20 19 04 03 | 12
#1578-d115 @A: 22 20 29 19 | 03
#1579-d115 @A: 19 20 24 18 | 10
#1580-d115 @A: 02 20 19 08 | 09
#1581-d115 @A: 03 22 20 33 | 02
#1582-d115 @A: 20 03 29 16 | 04
#1583-d115 @A: 20 35 03 18 | 05
#1584-d115 @A: 05 33 20 24 | 01
#1585-d115 @A: 16 33 08 20 | 08
#1586-d115 @A: 04 29 20 24 | 11
#1587-d115 @A: 35 20 29 02 | 06
#1588-d115 @A: 05 02 20 22 | 07
#1589-d115 @A: 24 20 08 04 | 12
#1590-d115 @A: 24 35 20 16 | 03
#1591-d115 @A: 20 02 18 16 | 10
#1592-d115 @A: 07 22 26 31 | 09
#1593-d115 @A: 07 31 05 01 | 02
#1594-d115 @A: 31 14 34 07 | 04
#1595-d115 @A: 19 04 31 07 | 05
#1596-d115 @A: 03 31 02 07 | 01
#1597-d115 @A: 07 24 31 33 | 08
#1598-d115 @A: 29 35 31 07 | 11
#1599-d115 @A: 07 16 31 18 | 06
#1600-d115 @A: 01 31 08 26 | 07
#1601-d115 @A: 26 31 19 34 | 12
#1602-d115 @A: 14 26 33 31 | 03
#1603-d115 @A: 26 03 31 35 | 10
#1604-d115 @A: 24 26 31 29 | 09
#1605-d115 @A: 04 26 16 31 | 02
#1606-d115 @A: 05 26 18 31 | 04
#1607-d115 @A: 34 31 29 01 | 05
#1608-d115 @A: 24 01 14 31 | 01
#1609-d115 @A: 19 03 01 31 | 08
#1610-d115 @A: 31 16 22 01 | 11
#1611-d115 @A: 01 04 35 31 | 06
#1612-d115 @A: 02 18 31 01 | 07
#1613-d115 @A: 34 31 03 18 | 12
#1614-d115 @A: 33 31 34 05 | 03
#1615-d115 @A: 24 22 31 34 | 10
#1616-d115 @A: 34 02 31 35 | 09
#1617-d115 @A: 03 29 14 31 | 02
#1618-d115 @A: 04 22 14 31 | 04
#1619-d115 @A: 14 31 35 05 | 05
#1620-d115 @A: 14 02 16 31 | 01
#1621-d115 @A: 02 19 33 31 | 08
#1622-d115 @A: 29 19 31 05 | 11
#1623-d115 @A: 18 19 22 31 | 06
#1624-d115 @A: 19 24 16 31 | 07
#1625-d115 @A: 19 31 08 16 | 12
#1626-d115 @A: 03 24 04 31 | 03
#1627-d115 @A: 05 31 16 03 | 10
#1628-d115 @A: 33 16 31 29 | 09
#1629-d115 @A: 22 33 31 35 | 02
#1630-d115 @A: 08 33 22 31 | 04
#1631-d115 @A: 18 33 04 31 | 05
#1632-d115 @A: 31 22 02 29 | 01
#1633-d115 @A: 04 31 02 05 | 08
#1634-d115 @A: 31 05 08 24 | 11
#1635-d115 @A: 24 31 35 18 | 06
#1636-d115 @A: 08 18 35 31 | 07
#1637-d115 @A: 03 07 34 26 | 12
#1638-d115 @A: 14 29 26 07 | 03
#1639-d115 @A: 26 07 05 19 | 10
#1640-d115 @A: 07 04 33 26 | 09
#1641-d115 @A: 26 07 16 24 | 02
#1642-d115 @A: 08 24 26 07 | 04
#1643-d115 @A: 26 18 07 35 | 05
#1644-d115 @A: 01 34 07 02 | 01
#1645-d115 @A: 16 14 01 07 | 08
#1646-d115 @A: 07 18 01 19 | 11
#1647-d115 @A: 29 03 01 07 | 06
#1648-d115 @A: 01 04 22 07 | 07
#1649-d115 @A: 22 07 08 01 | 12
#1650-d115 @A: 01 35 07 24 | 03
#1651-d115 @A: 34 07 33 19 | 10
#1652-d115 @A: 34 29 07 24 | 09
#1653-d115 @A: 22 34 35 07 | 02
#1654-d115 @A: 34 07 18 05 | 04
#1655-d115 @A: 05 14 07 03 | 05
#1656-d115 @A: 35 07 14 33 | 01
#1657-d115 @A: 07 14 02 22 | 08
#1658-d115 @A: 24 04 07 14 | 11
#1659-d115 @A: 08 07 02 14 | 06
#1660-d115 @A: 03 16 07 19 | 07
#1661-d115 @A: 19 07 02 29 | 12
#1662-d115 @A: 22 07 19 24 | 03
#1663-d115 @A: 35 03 07 04 | 10
#1664-d115 @A: 18 07 24 03 | 09
#1665-d115 @A: 05 07 29 33 | 02
#1666-d115 @A: 33 07 22 18 | 04
#1667-d115 @A: 33 07 02 16 | 05
#1668-d115 @A: 29 16 22 07 | 01
#1669-d115 @A: 07 05 08 29 | 08
#1670-d115 @A: 07 04 05 16 | 11
#1671-d115 @A: 04 07 02 18 | 06
#1672-d115 @A: 05 35 02 07 | 07
#1673-d115 @A: 29 26 08 34 | 12
#1674-d115 @A: 26 05 14 08 | 03
#1675-d115 @A: 18 26 19 08 | 10
#1676-d115 @A: 26 16 03 08 | 09
#1677-d115 @A: 08 04 18 26 | 02
#1678-d115 @A: 33 08 01 35 | 04
#1679-d115 @A: 01 24 08 16 | 05
#1680-d115 @A: 01 08 18 05 | 01
#1681-d115 @A: 08 24 14 34 | 08
#1682-d115 @A: 16 08 34 18 | 11
#1683-d115 @A: 29 22 14 08 | 06
#1684-d115 @A: 14 08 35 24 | 07
#1685-d115 @A: 08 29 33 19 | 12
#1686-d115 @A: 08 35 19 05 | 03
#1687-d115 @A: 08 04 03 29 | 10
#1688-d115 @A: 33 08 04 02 | 09
#1689-d115 @A: 16 04 22 08 | 02
