#0001-d160 @A: 10 06 13 02 | 01
#0002-d160 @A: 21 33 13 10 | 10
#0003-d160 @A: 13 10 16 32 | 04
#0004-d160 @A: 10 27 13 23 | 11
#0005-d160 @A: 13 30 10 01 | 08
#0006-d160 @A: 29 13 10 17 | 05
#0007-d160 @A: 25 13 10 22 | 03
#0008-d160 @A: 15 13 11 10 | 07
#0009-d160 @A: 10 13 12 35 | 06
#0010-d160 @A: 28 10 19 13 | 09
#0011-d160 @A: 13 09 05 10 | 02
#0012-d160 @A: 10 20 26 13 | 12
#0013-d160 @A: 10 18 31 13 | 01
#0014-d160 @A: 07 10 13 04 | 10
#0015-d160 @A: 13 10 08 01 | 04
#0016-d160 @A: 24 34 13 10 | 11
#0017-d160 @A: 14 13 03 10 | 08
#0018-d160 @A: 10 21 01 06 | 05
#0019-d160 @A: 32 06 10 22 | 03
#0020-d160 @A: 10 14 06 23 | 07
#0021-d160 @A: 30 17 06 10 | 06
#0022-d160 @A: 06 16 10 27 | 09
#0023-d160 @A: 19 10 06 25 | 02
#0024-d160 @A: 06 12 10 15 | 12
#0025-d160 @A: 34 11 10 06 | 01
#0026-d160 @A: 10 06 28 04 | 10
#0027-d160 @A: 09 06 10 26 | 04
#0028-d160 @A: 06 10 20 03 | 11
#0029-d160 @A: 33 31 10 06 | 08
#0030-d160 @A: 07 06 35 10 | 05
#0031-d160 @A: 06 29 10 05 | 03
#0032-d160 @A: 24 10 06 18 | 07
#0033-d160 @A: 10 18 08 06 | 06
#0034-d160 @A: 10 21 24 32 | 09
#0035-d160 @A: 10 23 19 21 | 02
#0036-d160 @A: 30 10 21 22 | 12
#0037-d160 @A: 21 34 10 17 | 01
#0038-d160 @A: 10 21 27 18 | 10
#0039-d160 @A: 02 25 10 21 | 04
#0040-d160 @A: 05 15 10 21 | 11
#0041-d160 @A: 10 14 21 11 | 08
#0042-d160 @A: 16 10 12 21 | 05
#0043-d160 @A: 28 21 10 26 | 03
#0044-d160 @A: 29 09 21 10 | 07
#0045-d160 @A: 35 20 21 10 | 06
#0046-d160 @A: 31 04 21 10 | 09
#0047-d160 @A: 10 07 03 21 | 02
#0048-d160 @A: 22 10 21 08 | 12
#0049-d160 @A: 33 10 32 23 | 01
#0050-d160 @A: 10 32 30 09 | 10
#0051-d160 @A: 10 17 18 32 | 04
#0052-d160 @A: 02 10 27 32 | 11
#0053-d160 @A: 32 35 10 25 | 08
#0054-d160 @A: 15 01 32 10 | 05
#0055-d160 @A: 04 32 10 11 | 03
#0056-d160 @A: 10 26 32 12 | 07
#0057-d160 @A: 10 08 32 12 | 06
#0058-d160 @A: 28 10 14 32 | 09
#0059-d160 @A: 10 20 32 19 | 02
#0060-d160 @A: 10 34 32 31 | 12
#0061-d160 @A: 05 32 10 07 | 01
#0062-d160 @A: 10 03 29 32 | 10
#0063-d160 @A: 20 23 30 10 | 04
#0064-d160 @A: 10 04 23 17 | 11
#0065-d160 @A: 23 10 01 25 | 08
#0066-d160 @A: 03 23 15 10 | 05
#0067-d160 @A: 26 10 23 11 | 03
#0068-d160 @A: 29 12 10 23 | 07
#0069-d160 @A: 16 10 23 28 | 06
#0070-d160 @A: 09 18 23 10 | 09
#0071-d160 @A: 10 22 23 31 | 02
#0072-d160 @A: 23 07 10 02 | 12
#0073-d160 @A: 34 05 23 10 | 01
#0074-d160 @A: 23 35 10 24 | 10
#0075-d160 @A: 10 23 08 16 | 04
#0076-d160 @A: 33 30 10 27 | 11
#0077-d160 @A: 25 10 30 24 | 08
#0078-d160 @A: 30 15 10 26 | 05
#0079-d160 @A: 11 30 05 10 | 03
#0080-d160 @A: 11 10 30 08 | 07
#0081-d160 @A: 02 30 12 10 | 06
#0082-d160 @A: 28 30 10 03 | 09
#0083-d160 @A: 30 10 35 31 | 02
#0084-d160 @A: 16 30 07 10 | 12
#0085-d160 @A: 34 29 30 10 | 01
#0086-d160 @A: 10 30 14 04 | 10
#0087-d160 @A: 10 19 30 18 | 04
#0088-d160 @A: 27 10 05 17 | 11
#0089-d160 @A: 10 25 17 26 | 08
#0090-d160 @A: 33 10 15 17 | 05
#0091-d160 @A: 11 10 02 17 | 03
#0092-d160 @A: 10 17 12 19 | 07
#0093-d160 @A: 10 01 17 28 | 06
#0094-d160 @A: 09 10 35 17 | 09
#0095-d160 @A: 17 10 20 22 | 02
#0096-d160 @A: 24 17 31 10 | 12
#0097-d160 @A: 07 14 17 10 | 01
#0098-d160 @A: 19 10 17 08 | 10
#0099-d160 @A: 16 10 17 03 | 04
#0100-d160 @A: 27 10 25 03 | 11
#0101-d160 @A: 24 15 10 27 | 08
#0102-d160 @A: 27 20 10 11 | 05
#0103-d160 @A: 12 10 01 27 | 03
#0104-d160 @A: 27 10 28 34 | 07
#0105-d160 @A: 14 27 09 10 | 06
#0106-d160 @A: 07 27 31 10 | 09
#0107-d160 @A: 22 10 26 27 | 02
#0108-d160 @A: 27 19 29 10 | 12
#0109-d160 @A: 29 08 10 27 | 01
#0110-d160 @A: 10 04 27 35 | 10
#0111-d160 @A: 10 09 15 25 | 04
#0112-d160 @A: 11 25 10 29 | 11
#0113-d160 @A: 10 25 34 12 | 08
#0114-d160 @A: 10 18 28 25 | 05
#0115-d160 @A: 20 04 10 25 | 03
#0116-d160 @A: 16 25 10 31 | 07
#0117-d160 @A: 33 25 07 10 | 06
#0118-d160 @A: 14 10 05 25 | 09
#0119-d160 @A: 25 10 14 08 | 02
#0120-d160 @A: 28 10 22 15 | 12
#0121-d160 @A: 10 20 15 02 | 01
#0122-d160 @A: 14 10 15 31 | 10
#0123-d160 @A: 19 10 15 07 | 04
#0124-d160 @A: 10 08 15 07 | 11
#0125-d160 @A: 10 35 34 15 | 08
#0126-d160 @A: 16 29 10 15 | 05
#0127-d160 @A: 18 10 15 04 | 03
#0128-d160 @A: 11 10 24 12 | 07
#0129-d160 @A: 10 11 35 28 | 06
#0130-d160 @A: 11 09 10 16 | 09
#0131-d160 @A: 10 31 01 11 | 02
#0132-d160 @A: 07 22 10 11 | 12
#0133-d160 @A: 19 33 11 10 | 01
#0134-d160 @A: 10 11 03 18 | 10
#0135-d160 @A: 12 28 33 10 | 04
#0136-d160 @A: 09 12 22 10 | 11
#0137-d160 @A: 20 12 14 10 | 08
#0138-d160 @A: 31 12 03 10 | 05
#0139-d160 @A: 18 12 07 10 | 03
#0140-d160 @A: 10 05 12 04 | 07
#0141-d160 @A: 10 02 09 28 | 06
#0142-d160 @A: 20 24 28 10 | 09
#0143-d160 @A: 10 31 05 28 | 02
#0144-d160 @A: 10 28 29 07 | 12
#0145-d160 @A: 08 10 28 26 | 01
#0146-d160 @A: 20 01 09 10 | 10
#0147-d160 @A: 19 09 31 10 | 04
#0148-d160 @A: 08 09 10 31 | 11
#0149-d160 @A: 10 09 24 07 | 08
#0150-d160 @A: 09 33 34 10 | 05
#0151-d160 @A: 10 03 04 09 | 03
#0152-d160 @A: 29 20 10 31 | 07
#0153-d160 @A: 10 34 20 07 | 06
#0154-d160 @A: 18 20 10 33 | 09
#0155-d160 @A: 16 10 20 05 | 02
#0156-d160 @A: 08 10 20 05 | 12
#0157-d160 @A: 31 10 26 02 | 01
#0158-d160 @A: 01 07 26 10 | 10
#0159-d160 @A: 14 26 34 10 | 04
#0160-d160 @A: 35 19 26 10 | 11
#0161-d160 @A: 03 10 26 33 | 08
#0162-d160 @A: 26 10 29 04 | 05
#0163-d160 @A: 10 24 05 26 | 03
#0164-d160 @A: 18 10 16 26 | 07
#0165-d160 @A: 10 04 34 01 | 06
#0166-d160 @A: 18 01 14 10 | 09
#0167-d160 @A: 10 01 19 16 | 02
#0168-d160 @A: 10 03 35 01 | 12
#0169-d160 @A: 10 05 01 33 | 01
#0170-d160 @A: 10 01 29 24 | 10
#0171-d160 @A: 02 01 10 22 | 04
#0172-d160 @A: 19 03 34 10 | 11
#0173-d160 @A: 10 34 18 22 | 08
#0174-d160 @A: 35 10 34 08 | 05
#0175-d160 @A: 34 02 16 10 | 03
#0176-d160 @A: 14 24 10 19 | 07
#0177-d160 @A: 14 33 10 29 | 06
#0178-d160 @A: 14 10 22 16 | 09
#0179-d160 @A: 14 04 10 08 | 02
#0180-d160 @A: 14 02 35 10 | 12
#0181-d160 @A: 19 10 22 04 | 01
#0182-d160 @A: 02 19 05 10 | 10
#0183-d160 @A: 10 08 33 03 | 04
#0184-d160 @A: 22 10 03 05 | 11
#0185-d160 @A: 03 10 02 24 | 08
#0186-d160 @A: 10 22 24 33 | 05
#0187-d160 @A: 33 02 10 04 | 03
#0188-d160 @A: 33 35 10 16 | 07
#0189-d160 @A: 29 10 35 22 | 06
#0190-d160 @A: 18 10 29 02 | 09
#0191-d160 @A: 10 24 04 16 | 02
#0192-d160 @A: 24 02 10 08 | 12
#0193-d160 @A: 35 05 10 18 | 01
#0194-d160 @A: 13 06 26 21 | 10
#0195-d160 @A: 01 32 06 13 | 04
#0196-d160 @A: 13 22 06 23 | 11
#0197-d160 @A: 35 13 06 30 | 08
#0198-d160 @A: 13 14 17 06 | 05
#0199-d160 @A: 27 13 34 06 | 03
#0200-d160 @A: 25 29 13 06 | 07
#0201-d160 @A: 16 13 06 15 | 06
#0202-d160 @A: 13 04 06 11 | 09
#0203-d160 @A: 06 13 12 19 | 02
#0204-d160 @A: 03 13 28 06 | 12
#0205-d160 @A: 33 09 13 06 | 01
#0206-d160 @A: 13 05 06 20 | 10
#0207-d160 @A: 06 13 24 31 | 04
#0208-d160 @A: 06 07 18 13 | 11
#0209-d160 @A: 08 04 06 13 | 08
#0210-d160 @A: 13 18 21 32 | 05
#0211-d160 @A: 23 13 21 12 | 03
#0212-d160 @A: 24 13 21 30 | 07
#0213-d160 @A: 13 17 21 20 | 06
#0214-d160 @A: 21 27 14 13 | 09
#0215-d160 @A: 01 21 13 25 | 02
#0216-d160 @A: 34 13 15 21 | 12
#0217-d160 @A: 19 13 21 11 | 01
#0218-d160 @A: 13 28 21 05 | 10
#0219-d160 @A: 16 21 09 13 | 04
#0220-d160 @A: 21 31 13 35 | 11
#0221-d160 @A: 02 07 21 13 | 08
#0222-d160 @A: 03 13 04 21 | 05
#0223-d160 @A: 08 03 21 13 | 03
#0224-d160 @A: 13 22 21 29 | 07
#0225-d160 @A: 13 32 23 05 | 06
#0226-d160 @A: 30 32 03 13 | 09
#0227-d160 @A: 32 17 13 26 | 02
#0228-d160 @A: 27 32 35 13 | 12
#0229-d160 @A: 32 13 33 25 | 01
#0230-d160 @A: 13 15 19 32 | 10
#0231-d160 @A: 14 11 13 32 | 04
#0232-d160 @A: 32 02 13 12 | 11
#0233-d160 @A: 13 32 34 28 | 08
#0234-d160 @A: 32 09 13 04 | 05
#0235-d160 @A: 20 32 13 24 | 03
#0236-d160 @A: 29 31 32 13 | 07
#0237-d160 @A: 07 32 13 22 | 06
#0238-d160 @A: 13 02 08 32 | 09
#0239-d160 @A: 33 13 23 30 | 02
#0240-d160 @A: 23 17 13 02 | 12
#0241-d160 @A: 25 13 23 09 | 01
#0242-d160 @A: 23 15 24 13 | 10
#0243-d160 @A: 23 13 11 03 | 04
#0244-d160 @A: 13 28 23 26 | 11
#0245-d160 @A: 20 13 01 23 | 08
#0246-d160 @A: 31 23 16 13 | 05
#0247-d160 @A: 08 31 13 23 | 03
#0248-d160 @A: 13 07 34 23 | 07
#0249-d160 @A: 35 13 14 23 | 06
#0250-d160 @A: 19 13 23 29 | 09
#0251-d160 @A: 18 04 23 13 | 02
#0252-d160 @A: 17 05 13 30 | 12
#0253-d160 @A: 27 30 11 13 | 01
#0254-d160 @A: 13 25 30 26 | 10
#0255-d160 @A: 30 20 15 13 | 04
#0256-d160 @A: 12 13 34 30 | 11
#0257-d160 @A: 30 13 28 16 | 08
#0258-d160 @A: 13 09 30 18 | 05
#0259-d160 @A: 31 13 14 30 | 03
#0260-d160 @A: 07 13 29 30 | 07
#0261-d160 @A: 26 08 13 30 | 06
#0262-d160 @A: 19 22 30 13 | 09
#0263-d160 @A: 13 30 02 04 | 02
#0264-d160 @A: 05 30 13 08 | 12
#0265-d160 @A: 17 13 27 33 | 01
#0266-d160 @A: 13 17 35 25 | 10
#0267-d160 @A: 17 18 13 15 | 04
#0268-d160 @A: 17 22 13 11 | 11
#0269-d160 @A: 13 11 17 08 | 08
#0270-d160 @A: 17 12 13 16 | 05
#0271-d160 @A: 04 28 17 13 | 03
#0272-d160 @A: 01 17 13 09 | 07
#0273-d160 @A: 31 13 34 17 | 06
#0274-d160 @A: 03 07 13 17 | 09
#0275-d160 @A: 19 17 24 13 | 02
#0276-d160 @A: 25 19 13 27 | 12
#0277-d160 @A: 27 15 13 01 | 01
#0278-d160 @A: 13 27 03 12 | 10
#0279-d160 @A: 18 13 27 28 | 04
#0280-d160 @A: 29 09 13 27 | 11
#0281-d160 @A: 20 22 13 27 | 08
#0282-d160 @A: 27 13 31 05 | 05
#0283-d160 @A: 07 27 26 13 | 03
#0284-d160 @A: 33 08 27 13 | 07
#0285-d160 @A: 27 24 13 04 | 06
#0286-d160 @A: 27 13 16 02 | 09
#0287-d160 @A: 04 25 13 15 | 02
#0288-d160 @A: 11 25 13 34 | 12
#0289-d160 @A: 13 12 25 05 | 01
#0290-d160 @A: 20 28 13 25 | 10
#0291-d160 @A: 03 31 25 13 | 04
#0292-d160 @A: 25 07 13 16 | 11
#0293-d160 @A: 02 25 14 13 | 08
#0294-d160 @A: 24 25 13 18 | 05
#0295-d160 @A: 13 25 16 08 | 03
#0296-d160 @A: 12 15 29 13 | 07
#0297-d160 @A: 28 15 13 02 | 06
#0298-d160 @A: 26 09 15 13 | 09
#0299-d160 @A: 15 13 31 33 | 02
#0300-d160 @A: 07 05 15 13 | 12
#0301-d160 @A: 13 15 34 08 | 01
#0302-d160 @A: 15 13 22 14 | 10
#0303-d160 @A: 15 03 13 35 | 04
#0304-d160 @A: 12 26 11 13 | 11
#0305-d160 @A: 33 11 28 13 | 08
#0306-d160 @A: 09 11 24 13 | 05
#0307-d160 @A: 11 20 02 13 | 03
#0308-d160 @A: 07 11 13 31 | 07
#0309-d160 @A: 13 05 01 11 | 06
#0310-d160 @A: 11 29 13 16 | 09
#0311-d160 @A: 13 35 11 18 | 02
#0312-d160 @A: 13 12 28 01 | 12
#0313-d160 @A: 14 13 09 12 | 01
#0314-d160 @A: 20 33 12 13 | 10
#0315-d160 @A: 31 13 12 04 | 04
#0316-d160 @A: 13 07 24 12 | 11
#0317-d160 @A: 13 29 08 12 | 08
#0318-d160 @A: 22 13 18 12 | 05
#0319-d160 @A: 28 09 35 13 | 03
#0320-d160 @A: 13 31 28 22 | 07
#0321-d160 @A: 28 13 07 14 | 06
#0322-d160 @A: 28 14 08 13 | 09
#0323-d160 @A: 28 24 29 13 | 02
#0324-d160 @A: 09 03 20 13 | 12
#0325-d160 @A: 13 31 09 02 | 01
#0326-d160 @A: 19 09 13 07 | 10
#0327-d160 @A: 13 09 22 34 | 04
#0328-d160 @A: 18 08 09 13 | 11
#0329-d160 @A: 31 19 20 13 | 08
#0330-d160 @A: 07 13 35 20 | 05
#0331-d160 @A: 34 18 20 13 | 03
#0332-d160 @A: 14 20 29 13 | 07
#0333-d160 @A: 13 22 08 20 | 06
#0334-d160 @A: 16 04 20 13 | 09
#0335-d160 @A: 01 26 13 31 | 02
#0336-d160 @A: 33 01 13 07 | 12
#0337-d160 @A: 35 13 08 07 | 01
#0338-d160 @A: 26 13 34 04 | 10
#0339-d160 @A: 13 18 26 14 | 04
#0340-d160 @A: 19 13 16 26 | 11
#0341-d160 @A: 26 29 13 03 | 08
#0342-d160 @A: 13 26 05 33 | 05
#0343-d160 @A: 13 22 02 26 | 03
#0344-d160 @A: 35 26 24 13 | 07
#0345-d160 @A: 01 13 34 14 | 06
#0346-d160 @A: 04 13 01 19 | 09
#0347-d160 @A: 01 22 03 13 | 02
#0348-d160 @A: 01 13 29 18 | 12
#0349-d160 @A: 24 02 13 01 | 01
#0350-d160 @A: 13 16 01 35 | 10
#0351-d160 @A: 19 05 13 34 | 04
#0352-d160 @A: 34 03 13 16 | 11
#0353-d160 @A: 34 35 13 33 | 08
#0354-d160 @A: 34 02 13 29 | 05
#0355-d160 @A: 33 19 14 13 | 03
#0356-d160 @A: 13 05 14 04 | 07
#0357-d160 @A: 16 13 14 24 | 06
#0358-d160 @A: 13 18 19 03 | 09
#0359-d160 @A: 08 13 24 19 | 02
#0360-d160 @A: 19 13 02 35 | 12
#0361-d160 @A: 24 13 03 33 | 01
#0362-d160 @A: 02 13 05 03 | 10
#0363-d160 @A: 29 33 13 04 | 04
#0364-d160 @A: 22 16 33 13 | 11
#0365-d160 @A: 02 18 13 33 | 08
#0366-d160 @A: 35 29 13 05 | 05
#0367-d160 @A: 22 04 13 35 | 03
#0368-d160 @A: 22 13 05 24 | 07
#0369-d160 @A: 05 18 16 13 | 06
#0370-d160 @A: 28 32 06 21 | 09
#0371-d160 @A: 06 04 23 21 | 02
#0372-d160 @A: 16 21 06 30 | 12
#0373-d160 @A: 21 06 17 29 | 01
#0374-d160 @A: 27 06 05 21 | 10
#0375-d160 @A: 25 09 06 21 | 04
#0376-d160 @A: 21 08 25 06 | 11
#0377-d160 @A: 21 06 15 18 | 08
#0378-d160 @A: 21 22 06 11 | 05
#0379-d160 @A: 35 12 21 06 | 03
#0380-d160 @A: 06 21 19 20 | 07
#0381-d160 @A: 21 06 07 31 | 06
#0382-d160 @A: 34 14 06 21 | 09
#0383-d160 @A: 06 03 21 24 | 02
#0384-d160 @A: 06 21 02 33 | 12
#0385-d160 @A: 06 32 35 23 | 01
#0386-d160 @A: 06 32 30 24 | 10
#0387-d160 @A: 32 17 06 19 | 04
#0388-d160 @A: 27 06 32 03 | 11
#0389-d160 @A: 12 06 32 25 | 08
#0390-d160 @A: 06 32 02 15 | 05
#0391-d160 @A: 11 06 05 32 | 03
#0392-d160 @A: 06 34 32 09 | 07
#0393-d160 @A: 16 32 06 20 | 06
#0394-d160 @A: 04 32 31 06 | 09
#0395-d160 @A: 06 14 07 32 | 02
#0396-d160 @A: 18 32 06 26 | 12
#0397-d160 @A: 34 06 32 08 | 01
#0398-d160 @A: 06 32 29 33 | 10
#0399-d160 @A: 30 23 34 06 | 04
#0400-d160 @A: 17 06 23 16 | 11
#0401-d160 @A: 06 23 08 17 | 08
#0402-d160 @A: 27 29 06 23 | 05
#0403-d160 @A: 25 03 06 23 | 03
#0404-d160 @A: 06 15 05 23 | 07
#0405-d160 @A: 11 06 12 23 | 06
#0406-d160 @A: 06 01 23 28 | 09
#0407-d160 @A: 06 23 02 09 | 02
#0408-d160 @A: 33 23 06 20 | 12
#0409-d160 @A: 23 31 18 06 | 01
#0410-d160 @A: 07 26 23 06 | 10
#0411-d160 @A: 06 24 19 23 | 04
#0412-d160 @A: 01 27 30 06 | 11
#0413-d160 @A: 06 22 30 25 | 08
#0414-d160 @A: 15 30 06 03 | 05
#0415-d160 @A: 06 14 11 30 | 03
#0416-d160 @A: 04 12 30 06 | 07
#0417-d160 @A: 33 28 30 06 | 06
#0418-d160 @A: 29 06 30 09 | 09
#0419-d160 @A: 06 20 30 26 | 02
#0420-d160 @A: 31 06 05 30 | 12
#0421-d160 @A: 19 30 07 06 | 01
#0422-d160 @A: 08 01 30 06 | 10
#0423-d160 @A: 06 30 02 18 | 04
#0424-d160 @A: 27 18 06 17 | 11
#0425-d160 @A: 17 06 25 04 | 08
#0426-d160 @A: 06 35 15 17 | 05
#0427-d160 @A: 17 06 20 11 | 03
#0428-d160 @A: 06 34 12 17 | 07
#0429-d160 @A: 28 09 17 06 | 06
#0430-d160 @A: 31 06 17 03 | 09
#0431-d160 @A: 17 22 06 07 | 02
#0432-d160 @A: 33 06 17 26 | 12
#0433-d160 @A: 17 06 24 01 | 01
#0434-d160 @A: 06 05 17 02 | 10
#0435-d160 @A: 06 25 27 33 | 04
#0436-d160 @A: 26 15 06 27 | 11
#0437-d160 @A: 11 27 06 24 | 08
#0438-d160 @A: 12 06 14 27 | 05
#0439-d160 @A: 06 27 28 35 | 03
#0440-d160 @A: 22 06 09 27 | 07
#0441-d160 @A: 27 06 08 09 | 06
#0442-d160 @A: 27 04 06 20 | 09
#0443-d160 @A: 06 27 31 19 | 02
#0444-d160 @A: 27 07 02 06 | 12
#0445-d160 @A: 15 25 06 14 | 01
#0446-d160 @A: 25 06 11 16 | 10
#0447-d160 @A: 34 25 28 06 | 04
#0448-d160 @A: 02 25 20 06 | 11
#0449-d160 @A: 06 25 26 31 | 08
#0450-d160 @A: 06 24 07 25 | 05
#0451-d160 @A: 25 18 06 01 | 03
#0452-d160 @A: 05 06 35 25 | 07
#0453-d160 @A: 33 15 06 11 | 06
#0454-d160 @A: 28 24 06 15 | 09
#0455-d160 @A: 09 04 06 15 | 02
#0456-d160 @A: 15 06 34 20 | 12
#0457-d160 @A: 22 06 15 31 | 01
#0458-d160 @A: 15 07 29 06 | 10
#0459-d160 @A: 06 08 15 26 | 04
#0460-d160 @A: 01 06 19 15 | 11
#0461-d160 @A: 28 11 06 18 | 08
#0462-d160 @A: 09 11 01 06 | 05
#0463-d160 @A: 06 11 29 31 | 03
#0464-d160 @A: 03 07 11 06 | 07
#0465-d160 @A: 06 26 11 35 | 06
#0466-d160 @A: 06 02 11 19 | 09
#0467-d160 @A: 11 06 08 16 | 02
#0468-d160 @A: 12 16 06 28 | 12
#0469-d160 @A: 06 18 09 12 | 01
#0470-d160 @A: 20 29 12 06 | 10
#0471-d160 @A: 12 31 06 01 | 04
#0472-d160 @A: 07 12 33 06 | 11
#0473-d160 @A: 12 26 06 24 | 08
#0474-d160 @A: 06 12 19 08 | 05
#0475-d160 @A: 12 03 06 05 | 03
#0476-d160 @A: 02 06 12 22 | 07
#0477-d160 @A: 06 14 28 20 | 06
#0478-d160 @A: 28 06 02 31 | 09
#0479-d160 @A: 07 06 28 05 | 02
#0480-d160 @A: 08 07 28 06 | 12
#0481-d160 @A: 28 26 29 06 | 01
#0482-d160 @A: 06 19 28 22 | 10
#0483-d160 @A: 20 24 06 09 | 04
#0484-d160 @A: 14 31 09 06 | 11
#0485-d160 @A: 16 09 06 07 | 08
#0486-d160 @A: 09 05 06 19 | 05
#0487-d160 @A: 35 06 09 03 | 03
#0488-d160 @A: 35 06 31 20 | 07
#0489-d160 @A: 06 20 01 07 | 06
#0490-d160 @A: 06 22 20 18 | 09
#0491-d160 @A: 35 06 20 08 | 02
#0492-d160 @A: 08 07 06 31 | 12
#0493-d160 @A: 16 06 31 34 | 01
#0494-d160 @A: 04 07 34 06 | 10
#0495-d160 @A: 26 01 06 04 | 04
#0496-d160 @A: 22 26 06 34 | 11
#0497-d160 @A: 26 05 06 14 | 08
#0498-d160 @A: 06 26 03 19 | 05
#0499-d160 @A: 26 06 02 16 | 03
#0500-d160 @A: 34 05 01 06 | 07
#0501-d160 @A: 06 14 01 22 | 06
#0502-d160 @A: 06 16 01 03 | 09
#0503-d160 @A: 35 06 01 33 | 02
#0504-d160 @A: 29 01 06 02 | 12
#0505-d160 @A: 35 34 19 06 | 01
#0506-d160 @A: 33 06 34 03 | 10
#0507-d160 @A: 18 29 34 06 | 04
#0508-d160 @A: 24 02 34 06 | 11
#0509-d160 @A: 18 06 14 19 | 08
#0510-d160 @A: 14 06 02 03 | 05
#0511-d160 @A: 14 33 24 06 | 03
#0512-d160 @A: 14 08 06 33 | 07
#0513-d160 @A: 35 14 06 29 | 06
#0514-d160 @A: 14 04 16 06 | 09
#0515-d160 @A: 19 16 06 33 | 02
#0516-d160 @A: 06 29 19 04 | 12
#0517-d160 @A: 22 03 06 29 | 01
#0518-d160 @A: 18 04 06 03 | 10
#0519-d160 @A: 08 06 05 03 | 04
#0520-d160 @A: 22 33 04 06 | 11
#0521-d160 @A: 06 05 33 18 | 08
#0522-d160 @A: 16 06 29 24 | 05
#0523-d160 @A: 29 06 02 08 | 03
#0524-d160 @A: 06 24 22 35 | 07
#0525-d160 @A: 06 08 22 24 | 06
#0526-d160 @A: 05 16 22 06 | 09
#0527-d160 @A: 06 05 24 04 | 02
#0528-d160 @A: 06 35 04 02 | 12
#0529-d160 @A: 16 18 35 06 | 01
#0530-d160 @A: 23 03 32 21 | 10
#0531-d160 @A: 21 32 34 30 | 04
#0532-d160 @A: 21 32 17 25 | 11
#0533-d160 @A: 21 04 32 27 | 08
#0534-d160 @A: 21 15 32 26 | 05
#0535-d160 @A: 21 32 11 35 | 03
#0536-d160 @A: 21 12 19 32 | 07
#0537-d160 @A: 32 14 09 21 | 06
#0538-d160 @A: 08 32 09 21 | 09
#0539-d160 @A: 32 20 02 21 | 02
#0540-d160 @A: 31 22 32 21 | 12
#0541-d160 @A: 33 07 32 21 | 01
#0542-d160 @A: 29 32 21 01 | 10
#0543-d160 @A: 16 32 05 21 | 04
#0544-d160 @A: 21 23 30 14 | 11
#0545-d160 @A: 35 21 17 23 | 08
#0546-d160 @A: 27 21 02 23 | 05
#0547-d160 @A: 23 18 21 25 | 03
#0548-d160 @A: 22 23 21 15 | 07
#0549-d160 @A: 21 11 23 01 | 06
#0550-d160 @A: 23 21 28 33 | 09
#0551-d160 @A: 23 34 21 09 | 02
#0552-d160 @A: 20 24 21 23 | 12
#0553-d160 @A: 29 21 31 23 | 01
#0554-d160 @A: 05 23 07 21 | 10
#0555-d160 @A: 21 23 16 26 | 04
#0556-d160 @A: 21 19 23 08 | 11
#0557-d160 @A: 30 21 27 17 | 08
#0558-d160 @A: 25 30 21 03 | 05
#0559-d160 @A: 02 30 15 21 | 03
#0560-d160 @A: 30 11 21 18 | 07
#0561-d160 @A: 29 21 12 30 | 06
#0562-d160 @A: 19 30 28 21 | 09
#0563-d160 @A: 30 21 33 09 | 02
#0564-d160 @A: 01 30 21 20 | 12
#0565-d160 @A: 30 21 20 08 | 01
#0566-d160 @A: 26 30 31 21 | 10
#0567-d160 @A: 35 07 30 21 | 04
#0568-d160 @A: 05 30 04 21 | 11
#0569-d160 @A: 15 19 17 21 | 08
#0570-d160 @A: 15 08 21 17 | 05
#0571-d160 @A: 21 17 04 11 | 03
#0572-d160 @A: 14 21 12 17 | 07
#0573-d160 @A: 17 28 16 21 | 06
#0574-d160 @A: 18 09 21 17 | 09
#0575-d160 @A: 31 17 21 05 | 02
#0576-d160 @A: 07 21 17 24 | 12
#0577-d160 @A: 17 03 21 26 | 01
#0578-d160 @A: 02 21 17 01 | 10
#0579-d160 @A: 17 22 33 21 | 04
#0580-d160 @A: 21 25 27 26 | 11
#0581-d160 @A: 27 15 12 21 | 08
#0582-d160 @A: 21 27 11 03 | 05
#0583-d160 @A: 28 27 21 22 | 03
#0584-d160 @A: 21 09 19 27 | 07
#0585-d160 @A: 21 34 20 27 | 06
#0586-d160 @A: 24 21 31 27 | 09
#0587-d160 @A: 21 27 07 29 | 02
#0588-d160 @A: 35 27 21 01 | 12
#0589-d160 @A: 21 27 16 33 | 01
#0590-d160 @A: 35 08 21 27 | 10
#0591-d160 @A: 21 33 15 25 | 04
#0592-d160 @A: 21 25 11 05 | 11
#0593-d160 @A: 25 21 04 12 | 08
#0594-d160 @A: 14 28 21 25 | 05
#0595-d160 @A: 29 25 20 21 | 03
#0596-d160 @A: 25 21 19 31 | 07
#0597-d160 @A: 07 25 34 21 | 06
#0598-d160 @A: 21 16 22 25 | 09
#0599-d160 @A: 35 24 25 21 | 02
#0600-d160 @A: 15 21 11 29 | 12
#0601-d160 @A: 15 35 21 28 | 01
#0602-d160 @A: 09 15 21 24 | 10
#0603-d160 @A: 14 20 15 21 | 04
#0604-d160 @A: 31 01 21 15 | 11
#0605-d160 @A: 07 04 21 15 | 08
#0606-d160 @A: 15 03 21 16 | 05
#0607-d160 @A: 11 34 21 12 | 03
#0608-d160 @A: 28 21 11 24 | 07
#0609-d160 @A: 09 02 21 11 | 06
#0610-d160 @A: 20 26 21 11 | 09
#0611-d160 @A: 11 33 31 21 | 02
#0612-d160 @A: 11 07 16 21 | 12
#0613-d160 @A: 08 11 14 21 | 01
#0614-d160 @A: 21 12 28 09 | 10
#0615-d160 @A: 18 12 20 21 | 04
#0616-d160 @A: 02 31 12 21 | 11
#0617-d160 @A: 21 07 26 12 | 08
#0618-d160 @A: 26 08 12 21 | 05
#0619-d160 @A: 21 03 12 01 | 03
#0620-d160 @A: 05 21 33 12 | 07
#0621-d160 @A: 21 22 24 12 | 06
#0622-d160 @A: 21 28 20 03 | 09
#0623-d160 @A: 28 21 31 34 | 02
#0624-d160 @A: 07 28 21 18 | 12
#0625-d160 @A: 01 21 04 28 | 01
#0626-d160 @A: 29 21 28 02 | 10
#0627-d160 @A: 08 21 04 28 | 04
#0628-d160 @A: 05 09 21 20 | 11
#0629-d160 @A: 09 03 31 21 | 08
#0630-d160 @A: 01 09 21 07 | 05
#0631-d160 @A: 09 21 26 04 | 03
#0632-d160 @A: 09 35 21 22 | 07
#0633-d160 @A: 20 21 16 31 | 06
#0634-d160 @A: 07 21 22 20 | 09
#0635-d160 @A: 33 20 21 04 | 02
#0636-d160 @A: 18 31 21 14 | 12
#0637-d160 @A: 21 31 08 02 | 01
#0638-d160 @A: 21 07 08 34 | 10
#0639-d160 @A: 14 07 19 21 | 04
#0640-d160 @A: 01 18 21 26 | 11
#0641-d160 @A: 34 26 05 21 | 08
#0642-d160 @A: 22 21 14 26 | 05
#0643-d160 @A: 19 21 24 26 | 03
#0644-d160 @A: 26 33 21 29 | 07
#0645-d160 @A: 35 02 21 26 | 06
#0646-d160 @A: 22 21 01 34 | 09
#0647-d160 @A: 01 21 05 14 | 02
#0648-d160 @A: 14 01 21 08 | 12
#0649-d160 @A: 01 19 33 21 | 01
#0650-d160 @A: 24 21 01 16 | 10
#0651-d160 @A: 19 34 21 18 | 04
#0652-d160 @A: 21 03 02 34 | 11
#0653-d160 @A: 33 21 24 34 | 08
#0654-d160 @A: 29 21 35 34 | 05
#0655-d160 @A: 21 34 04 16 | 03
#0656-d160 @A: 33 03 21 14 | 07
#0657-d160 @A: 04 29 14 21 | 06
#0658-d160 @A: 14 24 02 21 | 09
#0659-d160 @A: 21 35 14 16 | 02
#0660-d160 @A: 29 03 19 21 | 12
#0661-d160 @A: 19 21 22 05 | 01
#0662-d160 @A: 21 35 19 04 | 10
#0663-d160 @A: 02 16 21 19 | 04
#0664-d160 @A: 22 18 03 21 | 11
#0665-d160 @A: 03 05 35 21 | 08
#0666-d160 @A: 33 08 21 05 | 05
#0667-d160 @A: 35 21 33 18 | 03
#0668-d160 @A: 21 29 05 24 | 07
#0669-d160 @A: 16 18 21 29 | 06
#0670-d160 @A: 08 21 16 29 | 09
#0671-d160 @A: 02 04 22 21 | 02
#0672-d160 @A: 04 18 21 24 | 12
#0673-d160 @A: 21 18 24 08 | 01
#0674-d160 @A: 05 18 21 02 | 10
#0675-d160 @A: 30 02 32 23 | 04
#0676-d160 @A: 32 17 23 22 | 11
#0677-d160 @A: 23 19 32 27 | 08
#0678-d160 @A: 25 23 34 32 | 05
#0679-d160 @A: 32 23 14 15 | 03
#0680-d160 @A: 09 32 23 11 | 07
#0681-d160 @A: 23 32 08 11 | 06
#0682-d160 @A: 23 32 04 12 | 09
#0683-d160 @A: 23 32 18 28 | 02
#0684-d160 @A: 26 32 23 20 | 12
#0685-d160 @A: 01 32 23 31 | 01
#0686-d160 @A: 32 07 23 16 | 10
#0687-d160 @A: 29 32 24 23 | 04
#0688-d160 @A: 33 17 30 32 | 11
#0689-d160 @A: 32 28 27 30 | 08
#0690-d160 @A: 25 32 30 01 | 05
#0691-d160 @A: 32 35 30 15 | 03
#0692-d160 @A: 11 19 30 32 | 07
#0693-d160 @A: 12 32 14 30 | 06
#0694-d160 @A: 20 30 04 32 | 09
#0695-d160 @A: 30 32 16 31 | 02
#0696-d160 @A: 26 32 30 07 | 12
#0697-d160 @A: 32 33 08 30 | 01
#0698-d160 @A: 22 32 30 29 | 10
#0699-d160 @A: 30 32 18 05 | 04
#0700-d160 @A: 32 14 27 17 | 11
#0701-d160 @A: 24 15 17 32 | 08
#0702-d160 @A: 11 01 32 17 | 05
#0703-d160 @A: 09 12 32 17 | 03
#0704-d160 @A: 17 32 29 28 | 07
#0705-d160 @A: 17 03 20 32 | 06
#0706-d160 @A: 31 17 35 32 | 09
#0707-d160 @A: 17 07 32 04 | 02
#0708-d160 @A: 05 17 32 34 | 12
#0709-d160 @A: 32 08 14 17 | 01
#0710-d160 @A: 32 17 16 02 | 10
#0711-d160 @A: 32 29 27 25 | 04
#0712-d160 @A: 33 27 15 32 | 11
#0713-d160 @A: 11 32 27 26 | 08
#0714-d160 @A: 12 27 22 32 | 05
#0715-d160 @A: 09 27 16 32 | 03
#0716-d160 @A: 20 05 27 32 | 07
#0717-d160 @A: 32 27 18 31 | 06
#0718-d160 @A: 24 32 27 07 | 09
#0719-d160 @A: 32 34 01 27 | 02
#0720-d160 @A: 32 08 27 16 | 12
#0721-d160 @A: 32 15 05 25 | 01
#0722-d160 @A: 25 32 24 11 | 10
#0723-d160 @A: 28 32 16 25 | 04
#0724-d160 @A: 28 32 25 08 | 11
#0725-d160 @A: 32 18 09 25 | 08
#0726-d160 @A: 25 20 32 14 | 05
#0727-d160 @A: 32 31 25 07 | 03
#0728-d160 @A: 25 26 32 03 | 07
#0729-d160 @A: 25 19 04 32 | 06
#0730-d160 @A: 22 25 02 32 | 09
#0731-d160 @A: 32 15 22 11 | 02
#0732-d160 @A: 12 16 32 15 | 12
#0733-d160 @A: 15 32 04 28 | 01
#0734-d160 @A: 15 29 09 32 | 10
#0735-d160 @A: 15 18 20 32 | 04
#0736-d160 @A: 03 31 32 15 | 11
#0737-d160 @A: 32 34 15 07 | 08
#0738-d160 @A: 24 08 32 15 | 05
#0739-d160 @A: 11 32 29 12 | 03
#0740-d160 @A: 28 32 11 20 | 07
#0741-d160 @A: 32 31 11 02 | 06
#0742-d160 @A: 18 32 07 11 | 09
#0743-d160 @A: 11 03 32 34 | 02
#0744-d160 @A: 32 16 33 11 | 12
#0745-d160 @A: 35 28 12 32 | 01
#0746-d160 @A: 01 32 12 20 | 10
#0747-d160 @A: 31 12 05 32 | 04
#0748-d160 @A: 07 03 12 32 | 11
#0749-d160 @A: 34 12 24 32 | 08
#0750-d160 @A: 33 12 32 18 | 05
#0751-d160 @A: 19 09 28 32 | 03
#0752-d160 @A: 28 32 26 31 | 07
#0753-d160 @A: 07 32 01 28 | 06
#0754-d160 @A: 03 28 24 32 | 09
#0755-d160 @A: 22 32 28 33 | 02
#0756-d160 @A: 05 28 02 32 | 12
#0757-d160 @A: 09 32 20 35 | 01
#0758-d160 @A: 09 32 31 24 | 10
#0759-d160 @A: 07 02 09 32 | 04
#0760-d160 @A: 32 26 33 09 | 11
#0761-d160 @A: 01 32 22 09 | 08
#0762-d160 @A: 09 05 32 03 | 05
#0763-d160 @A: 20 31 32 33 | 03
#0764-d160 @A: 20 29 07 32 | 07
#0765-d160 @A: 26 20 08 32 | 06
#0766-d160 @A: 22 20 34 32 | 09
#0767-d160 @A: 14 32 19 31 | 02
#0768-d160 @A: 31 32 29 08 | 12
#0769-d160 @A: 19 32 07 35 | 01
#0770-d160 @A: 19 08 32 07 | 10
#0771-d160 @A: 32 26 16 01 | 04
#0772-d160 @A: 34 35 26 32 | 11
#0773-d160 @A: 32 26 14 24 | 08
#0774-d160 @A: 26 32 19 02 | 05
#0775-d160 @A: 32 05 29 26 | 03
#0776-d160 @A: 04 32 26 22 | 07
#0777-d160 @A: 01 14 32 33 | 06
#0778-d160 @A: 05 32 01 19 | 09
#0779-d160 @A: 01 18 32 03 | 02
#0780-d160 @A: 01 29 08 32 | 12
#0781-d160 @A: 32 24 04 01 | 01
#0782-d160 @A: 02 01 35 32 | 10
#0783-d160 @A: 14 34 32 18 | 04
#0784-d160 @A: 16 19 34 32 | 11
#0785-d160 @A: 02 34 32 33 | 08
#0786-d160 @A: 04 34 29 32 | 05
#0787-d160 @A: 32 16 03 14 | 03
#0788-d160 @A: 02 29 32 14 | 07
#0789-d160 @A: 14 32 22 05 | 06
#0790-d160 @A: 04 32 35 14 | 09
#0791-d160 @A: 19 03 32 22 | 02
#0792-d160 @A: 33 19 24 32 | 12
#0793-d160 @A: 19 32 18 29 | 01
#0794-d160 @A: 33 03 35 32 | 10
#0795-d160 @A: 03 04 02 32 | 04
#0796-d160 @A: 32 03 08 18 | 11
#0797-d160 @A: 04 05 33 32 | 08
#0798-d160 @A: 32 35 29 16 | 05
#0799-d160 @A: 16 24 32 22 | 03
#0800-d160 @A: 08 22 05 32 | 07
#0801-d160 @A: 32 35 22 18 | 06
#0802-d160 @A: 35 08 32 04 | 09
#0803-d160 @A: 18 32 04 16 | 02
#0804-d160 @A: 32 35 24 05 | 12
#0805-d160 @A: 24 18 32 02 | 01
#0806-d160 @A: 23 01 17 30 | 10
#0807-d160 @A: 27 03 23 30 | 04
#0808-d160 @A: 23 30 27 08 | 11
#0809-d160 @A: 25 16 23 30 | 08
#0810-d160 @A: 11 15 23 30 | 05
#0811-d160 @A: 30 23 22 12 | 03
#0812-d160 @A: 04 28 23 30 | 07
#0813-d160 @A: 09 30 23 24 | 06
#0814-d160 @A: 30 19 31 23 | 09
#0815-d160 @A: 30 23 07 18 | 02
#0816-d160 @A: 23 26 29 30 | 12
#0817-d160 @A: 30 35 23 05 | 01
#0818-d160 @A: 34 27 17 23 | 10
#0819-d160 @A: 25 23 05 17 | 04
#0820-d160 @A: 23 15 17 29 | 11
#0821-d160 @A: 24 11 23 17 | 08
#0822-d160 @A: 12 17 33 23 | 05
#0823-d160 @A: 28 03 17 23 | 03
#0824-d160 @A: 14 09 17 23 | 07
#0825-d160 @A: 18 20 23 17 | 06
#0826-d160 @A: 17 31 26 23 | 09
#0827-d160 @A: 19 17 07 23 | 02
#0828-d160 @A: 04 23 25 27 | 12
#0829-d160 @A: 15 23 27 20 | 01
#0830-d160 @A: 22 11 27 23 | 10
#0831-d160 @A: 26 23 12 27 | 04
#0832-d160 @A: 05 28 27 23 | 11
#0833-d160 @A: 09 27 33 23 | 08
#0834-d160 @A: 23 27 35 31 | 05
#0835-d160 @A: 27 14 23 07 | 03
#0836-d160 @A: 23 01 27 18 | 07
#0837-d160 @A: 16 27 23 24 | 06
#0838-d160 @A: 27 18 23 08 | 09
#0839-d160 @A: 23 19 25 15 | 02
#0840-d160 @A: 33 23 11 25 | 12
#0841-d160 @A: 25 12 23 02 | 01
#0842-d160 @A: 28 25 29 23 | 10
#0843-d160 @A: 25 22 23 20 | 04
#0844-d160 @A: 31 23 24 25 | 11
#0845-d160 @A: 07 35 25 23 | 08
#0846-d160 @A: 14 25 23 26 | 05
#0847-d160 @A: 25 23 08 01 | 03
#0848-d160 @A: 35 12 23 15 | 07
#0849-d160 @A: 34 28 23 15 | 06
#0850-d160 @A: 16 09 15 23 | 09
#0851-d160 @A: 23 02 31 15 | 02
#0852-d160 @A: 33 15 07 23 | 12
#0853-d160 @A: 15 23 18 26 | 01
#0854-d160 @A: 15 23 04 01 | 10
#0855-d160 @A: 23 08 15 14 | 04
#0856-d160 @A: 23 11 28 02 | 11
#0857-d160 @A: 11 20 05 23 | 08
#0858-d160 @A: 31 23 04 11 | 05
#0859-d160 @A: 23 07 29 11 | 03
#0860-d160 @A: 11 23 34 35 | 07
#0861-d160 @A: 11 14 23 16 | 06
#0862-d160 @A: 18 23 19 11 | 09
#0863-d160 @A: 12 19 28 23 | 02
#0864-d160 @A: 03 23 09 12 | 12
#0865-d160 @A: 23 20 16 12 | 01
#0866-d160 @A: 23 31 12 34 | 10
#0867-d160 @A: 12 23 07 01 | 04
#0868-d160 @A: 12 24 23 14 | 11
#0869-d160 @A: 12 05 18 23 | 08
#0870-d160 @A: 08 23 12 35 | 05
#0871-d160 @A: 28 22 09 23 | 03
#0872-d160 @A: 28 23 35 20 | 07
#0873-d160 @A: 23 28 20 08 | 06
#0874-d160 @A: 14 28 31 23 | 09
#0875-d160 @A: 28 07 24 23 | 02
#0876-d160 @A: 20 23 29 09 | 12
#0877-d160 @A: 09 05 23 31 | 01
#0878-d160 @A: 23 04 07 09 | 10
#0879-d160 @A: 26 09 19 23 | 04
#0880-d160 @A: 01 35 09 23 | 11
#0881-d160 @A: 29 09 23 08 | 08
#0882-d160 @A: 23 20 07 31 | 05
#0883-d160 @A: 34 19 20 23 | 03
#0884-d160 @A: 20 14 23 04 | 07
#0885-d160 @A: 20 03 02 23 | 06
#0886-d160 @A: 33 31 03 23 | 09
#0887-d160 @A: 23 03 07 22 | 02
#0888-d160 @A: 23 03 08 07 | 12
#0889-d160 @A: 26 23 03 01 | 01
#0890-d160 @A: 23 33 26 34 | 10
#0891-d160 @A: 26 22 23 05 | 04
#0892-d160 @A: 26 08 23 22 | 11
#0893-d160 @A: 23 26 04 35 | 08
#0894-d160 @A: 24 02 23 26 | 05
#0895-d160 @A: 23 01 34 16 | 03
#0896-d160 @A: 29 01 23 14 | 07
#0897-d160 @A: 01 22 19 23 | 06
#0898-d160 @A: 23 24 33 01 | 09
#0899-d160 @A: 23 01 02 05 | 02
#0900-d160 @A: 02 14 34 23 | 12
#0901-d160 @A: 04 23 03 34 | 01
#0902-d160 @A: 34 22 29 23 | 10
#0903-d160 @A: 34 24 23 18 | 04
#0904-d160 @A: 23 02 08 34 | 11
#0905-d160 @A: 23 14 19 03 | 08
#0906-d160 @A: 05 33 23 14 | 05
#0907-d160 @A: 18 23 14 22 | 03
#0908-d160 @A: 19 23 35 33 | 07
#0909-d160 @A: 19 23 02 04 | 06
#0910-d160 @A: 05 19 23 16 | 09
#0911-d160 @A: 23 35 29 03 | 02
#0912-d160 @A: 23 05 24 03 | 12
#0913-d160 @A: 23 03 18 16 | 01
#0914-d160 @A: 18 29 23 33 | 10
#0915-d160 @A: 23 22 02 33 | 04
#0916-d160 @A: 16 23 04 33 | 11
#0917-d160 @A: 08 23 33 24 | 08
#0918-d160 @A: 05 23 04 29 | 05
#0919-d160 @A: 16 02 23 29 | 03
#0920-d160 @A: 23 22 24 04 | 07
#0921-d160 @A: 16 22 35 23 | 06
#0922-d160 @A: 05 23 04 08 | 09
#0923-d160 @A: 18 02 23 35 | 02
#0924-d160 @A: 17 25 30 18 | 12
#0925-d160 @A: 30 17 15 04 | 01
#0926-d160 @A: 30 17 35 11 | 10
#0927-d160 @A: 17 30 12 03 | 04
#0928-d160 @A: 24 17 28 30 | 11
#0929-d160 @A: 16 09 30 17 | 08
#0930-d160 @A: 30 20 17 29 | 05
#0931-d160 @A: 31 22 30 17 | 03
#0932-d160 @A: 34 07 30 17 | 07
#0933-d160 @A: 19 17 30 26 | 06
#0934-d160 @A: 14 02 17 30 | 09
#0935-d160 @A: 17 08 30 24 | 02
#0936-d160 @A: 30 25 27 05 | 12
#0937-d160 @A: 27 30 15 22 | 01
#0938-d160 @A: 24 27 12 30 | 10
#0939-d160 @A: 27 09 26 30 | 04
#0940-d160 @A: 30 27 02 20 | 11
#0941-d160 @A: 31 34 30 27 | 08
#0942-d160 @A: 04 07 27 30 | 05
#0943-d160 @A: 29 30 27 14 | 03
#0944-d160 @A: 30 19 16 27 | 07
#0945-d160 @A: 30 27 35 18 | 06
#0946-d160 @A: 25 29 30 15 | 09
#0947-d160 @A: 11 04 30 25 | 02
#0948-d160 @A: 30 25 33 12 | 12
#0949-d160 @A: 30 12 25 08 | 01
#0950-d160 @A: 30 25 35 28 | 10
#0951-d160 @A: 25 09 30 19 | 04
#0952-d160 @A: 25 30 34 20 | 11
#0953-d160 @A: 02 31 30 25 | 08
#0954-d160 @A: 25 07 30 14 | 05
#0955-d160 @A: 19 12 15 30 | 03
#0956-d160 @A: 01 28 15 30 | 07
#0957-d160 @A: 05 15 30 09 | 06
#0958-d160 @A: 31 15 30 07 | 09
#0959-d160 @A: 18 15 30 34 | 02
#0960-d160 @A: 15 16 30 14 | 12
#0961-d160 @A: 15 19 08 30 | 01
#0962-d160 @A: 15 24 30 33 | 10
#0963-d160 @A: 12 16 11 30 | 04
#0964-d160 @A: 11 28 22 30 | 11
#0965-d160 @A: 09 30 03 11 | 08
#0966-d160 @A: 20 33 30 11 | 05
#0967-d160 @A: 30 11 24 31 | 03
#0968-d160 @A: 11 30 01 07 | 07
#0969-d160 @A: 34 11 30 26 | 06
#0970-d160 @A: 30 02 11 29 | 09
#0971-d160 @A: 26 30 12 28 | 02
#0972-d160 @A: 12 01 09 30 | 12
#0973-d160 @A: 30 20 35 12 | 01
#0974-d160 @A: 31 30 18 12 | 10
#0975-d160 @A: 05 07 30 12 | 04
#0976-d160 @A: 09 28 30 34 | 11
#0977-d160 @A: 18 20 28 30 | 08
#0978-d160 @A: 30 31 29 28 | 05
#0979-d160 @A: 28 07 30 02 | 03
#0980-d160 @A: 30 05 28 14 | 07
#0981-d160 @A: 02 28 30 08 | 06
#0982-d160 @A: 09 14 20 30 | 09
#0983-d160 @A: 31 30 09 04 | 02
#0984-d160 @A: 30 22 07 09 | 12
#0985-d160 @A: 30 09 08 07 | 01
#0986-d160 @A: 09 30 35 02 | 10
#0987-d160 @A: 03 20 30 31 | 04
#0988-d160 @A: 20 07 30 24 | 11
#0989-d160 @A: 20 30 19 05 | 08
#0990-d160 @A: 22 20 30 16 | 05
#0991-d160 @A: 01 30 31 33 | 03
#0992-d160 @A: 04 31 30 08 | 07
#0993-d160 @A: 07 33 30 03 | 06
#0994-d160 @A: 26 05 01 30 | 09
#0995-d160 @A: 14 03 26 30 | 02
#0996-d160 @A: 33 30 26 02 | 12
#0997-d160 @A: 26 24 30 22 | 01
#0998-d160 @A: 30 26 04 18 | 10
#0999-d160 @A: 26 35 16 30 | 04
#1000-d160 @A: 34 30 01 35 | 11
#1001-d160 @A: 19 30 01 14 | 08
#1002-d160 @A: 01 30 03 24 | 05
#1003-d160 @A: 01 29 30 04 | 03
#1004-d160 @A: 30 18 22 01 | 07
#1005-d160 @A: 01 02 16 30 | 06
#1006-d160 @A: 34 30 24 14 | 09
#1007-d160 @A: 34 02 19 30 | 02
#1008-d160 @A: 05 30 03 34 | 12
#1009-d160 @A: 16 30 34 33 | 01
#1010-d160 @A: 22 34 30 04 | 10
#1011-d160 @A: 34 08 30 22 | 04
#1012-d160 @A: 03 30 08 14 | 11
#1013-d160 @A: 18 33 30 14 | 08
#1014-d160 @A: 30 22 35 14 | 05
#1015-d160 @A: 30 19 35 03 | 03
#1016-d160 @A: 04 30 33 19 | 07
#1017-d160 @A: 24 19 30 29 | 06
#1018-d160 @A: 18 29 30 03 | 09
#1019-d160 @A: 30 22 02 03 | 02
#1020-d160 @A: 30 03 04 16 | 12
#1021-d160 @A: 33 30 35 29 | 01
#1022-d160 @A: 30 33 05 22 | 10
#1023-d160 @A: 30 05 29 16 | 04
#1024-d160 @A: 29 30 18 08 | 11
#1025-d160 @A: 04 24 30 35 | 08
#1026-d160 @A: 30 24 05 02 | 05
#1027-d160 @A: 24 16 18 30 | 03
#1028-d160 @A: 16 08 35 30 | 07
#1029-d160 @A: 22 17 27 25 | 06
#1030-d160 @A: 27 17 15 03 | 09
#1031-d160 @A: 27 11 17 29 | 02
#1032-d160 @A: 12 04 27 17 | 12
#1033-d160 @A: 27 17 26 28 | 01
#1034-d160 @A: 17 24 09 27 | 10
#1035-d160 @A: 20 35 17 27 | 04
#1036-d160 @A: 27 17 31 02 | 11
#1037-d160 @A: 17 16 27 07 | 08
#1038-d160 @A: 17 26 08 27 | 05
#1039-d160 @A: 01 17 19 27 | 03
#1040-d160 @A: 25 15 17 34 | 07
#1041-d160 @A: 25 03 17 11 | 06
#1042-d160 @A: 12 25 28 17 | 09
#1043-d160 @A: 29 17 25 09 | 02
#1044-d160 @A: 19 17 25 20 | 12
#1045-d160 @A: 01 25 17 31 | 01
#1046-d160 @A: 17 25 02 07 | 10
#1047-d160 @A: 14 25 17 33 | 04
#1048-d160 @A: 16 25 17 24 | 11
#1049-d160 @A: 17 08 05 25 | 08
#1050-d160 @A: 17 14 11 15 | 05
#1051-d160 @A: 15 02 12 17 | 03
#1052-d160 @A: 05 15 28 17 | 07
#1053-d160 @A: 09 15 22 17 | 06
#1054-d160 @A: 26 20 15 17 | 09
#1055-d160 @A: 17 16 15 31 | 02
#1056-d160 @A: 15 07 17 01 | 12
#1057-d160 @A: 11 17 18 12 | 01
#1058-d160 @A: 17 28 11 34 | 10
#1059-d160 @A: 09 17 11 05 | 04
#1060-d160 @A: 11 31 17 19 | 11
#1061-d160 @A: 33 11 07 17 | 08
#1062-d160 @A: 11 16 17 26 | 05
#1063-d160 @A: 12 24 17 20 | 03
#1064-d160 @A: 17 12 31 07 | 07
#1065-d160 @A: 08 17 12 31 | 06
#1066-d160 @A: 05 17 26 12 | 09
#1067-d160 @A: 01 22 17 12 | 02
#1068-d160 @A: 29 17 12 35 | 12
#1069-d160 @A: 17 20 02 28 | 01
#1070-d160 @A: 28 31 17 18 | 10
#1071-d160 @A: 35 17 07 28 | 04
#1072-d160 @A: 17 22 28 14 | 11
#1073-d160 @A: 17 33 19 28 | 08
#1074-d160 @A: 28 08 16 17 | 05
#1075-d160 @A: 17 04 09 20 | 03
#1076-d160 @A: 17 09 31 33 | 07
#1077-d160 @A: 26 07 17 09 | 06
#1078-d160 @A: 09 34 17 02 | 09
#1079-d160 @A: 17 19 09 03 | 02
#1080-d160 @A: 22 08 17 09 | 12
#1081-d160 @A: 17 14 20 31 | 01
#1082-d160 @A: 20 05 07 17 | 10
#1083-d160 @A: 20 17 16 01 | 04
#1084-d160 @A: 01 17 20 08 | 11
#1085-d160 @A: 20 34 17 33 | 08
#1086-d160 @A: 29 17 04 31 | 05
#1087-d160 @A: 17 29 18 07 | 03
#1088-d160 @A: 16 07 08 17 | 07
#1089-d160 @A: 01 17 29 26 | 06
#1090-d160 @A: 24 34 26 17 | 09
#1091-d160 @A: 17 26 04 14 | 02
#1092-d160 @A: 17 26 22 35 | 12
#1093-d160 @A: 17 26 18 02 | 01
#1094-d160 @A: 17 18 01 34 | 10
#1095-d160 @A: 14 03 17 01 | 04
#1096-d160 @A: 04 01 17 33 | 11
#1097-d160 @A: 01 05 35 17 | 08
#1098-d160 @A: 34 35 17 14 | 05
#1099-d160 @A: 17 04 34 19 | 03
#1100-d160 @A: 17 22 03 34 | 07
#1101-d160 @A: 29 17 34 16 | 06
#1102-d160 @A: 04 17 34 08 | 09
#1103-d160 @A: 14 19 17 29 | 02
#1104-d160 @A: 05 24 17 14 | 12
#1105-d160 @A: 14 16 17 18 | 01
#1106-d160 @A: 02 19 22 17 | 10
#1107-d160 @A: 18 05 17 19 | 04
#1108-d160 @A: 16 35 19 17 | 11
#1109-d160 @A: 18 03 33 17 | 08
#1110-d160 @A: 29 02 17 03 | 05
#1111-d160 @A: 17 05 04 03 | 03
#1112-d160 @A: 35 24 17 03 | 07
#1113-d160 @A: 08 03 17 02 | 06
#1114-d160 @A: 17 33 29 24 | 09
#1115-d160 @A: 33 17 16 05 | 02
#1116-d160 @A: 17 02 33 35 | 12
#1117-d160 @A: 17 33 08 18 | 01
#1118-d160 @A: 05 22 29 17 | 10
#1119-d160 @A: 29 17 08 35 | 04
#1120-d160 @A: 16 04 22 17 | 11
#1121-d160 @A: 18 22 17 24 | 08
#1122-d160 @A: 17 04 24 02 | 05
#1123-d160 @A: 35 18 04 17 | 03
#1124-d160 @A: 15 28 27 25 | 07
#1125-d160 @A: 27 18 25 11 | 06
#1126-d160 @A: 25 12 27 16 | 09
#1127-d160 @A: 25 34 27 09 | 02
#1128-d160 @A: 24 27 25 20 | 12
#1129-d160 @A: 25 27 31 14 | 01
#1130-d160 @A: 25 01 07 27 | 10
#1131-d160 @A: 08 24 25 27 | 04
#1132-d160 @A: 27 25 02 35 | 11
#1133-d160 @A: 05 15 27 11 | 08
#1134-d160 @A: 02 09 15 27 | 05
#1135-d160 @A: 31 29 15 27 | 03
#1136-d160 @A: 07 18 15 27 | 07
#1137-d160 @A: 15 27 19 34 | 06
#1138-d160 @A: 15 27 35 14 | 09
#1139-d160 @A: 04 15 16 27 | 02
#1140-d160 @A: 27 08 05 15 | 12
#1141-d160 @A: 35 11 27 12 | 01
#1142-d160 @A: 11 01 28 27 | 10
#1143-d160 @A: 11 04 27 09 | 04
#1144-d160 @A: 11 27 08 20 | 11
#1145-d160 @A: 31 11 16 27 | 08
#1146-d160 @A: 27 11 07 19 | 05
#1147-d160 @A: 34 27 11 02 | 03
#1148-d160 @A: 11 33 14 27 | 07
#1149-d160 @A: 27 12 28 29 | 06
#1150-d160 @A: 05 12 09 27 | 09
#1151-d160 @A: 12 27 19 20 | 02
#1152-d160 @A: 12 27 33 31 | 12
#1153-d160 @A: 12 07 34 27 | 01
#1154-d160 @A: 03 27 08 12 | 10
#1155-d160 @A: 02 18 27 12 | 04
#1156-d160 @A: 03 28 27 09 | 11
#1157-d160 @A: 16 20 28 27 | 08
#1158-d160 @A: 27 31 28 04 | 05
#1159-d160 @A: 08 27 31 28 | 03
#1160-d160 @A: 28 33 07 27 | 07
#1161-d160 @A: 14 28 24 27 | 06
#1162-d160 @A: 27 02 28 19 | 09
#1163-d160 @A: 09 18 20 27 | 02
#1164-d160 @A: 01 09 27 31 | 12
#1165-d160 @A: 07 35 09 27 | 01
#1166-d160 @A: 27 26 31 20 | 10
#1167-d160 @A: 20 07 27 03 | 04
#1168-d160 @A: 27 20 14 01 | 11
#1169-d160 @A: 33 27 29 20 | 08
#1170-d160 @A: 03 22 31 27 | 05
#1171-d160 @A: 05 27 07 22 | 03
#1172-d160 @A: 07 04 08 27 | 07
#1173-d160 @A: 02 01 27 26 | 06
#1174-d160 @A: 18 26 27 34 | 09
#1175-d160 @A: 16 26 27 14 | 02
#1176-d160 @A: 19 27 26 04 | 12
#1177-d160 @A: 27 26 03 05 | 01
#1178-d160 @A: 27 26 24 33 | 10
#1179-d160 @A: 26 27 35 29 | 04
#1180-d160 @A: 34 27 08 01 | 11
#1181-d160 @A: 04 01 03 27 | 08
#1182-d160 @A: 01 22 27 33 | 05
#1183-d160 @A: 27 16 29 01 | 03
#1184-d160 @A: 01 05 24 27 | 07
#1185-d160 @A: 27 22 14 34 | 06
#1186-d160 @A: 27 29 34 03 | 09
#1187-d160 @A: 33 34 27 04 | 02
#1188-d160 @A: 34 24 35 27 | 12
#1189-d160 @A: 27 16 05 34 | 01
#1190-d160 @A: 05 14 19 27 | 10
#1191-d160 @A: 08 27 19 14 | 04
#1192-d160 @A: 03 27 14 18 | 11
#1193-d160 @A: 04 14 02 27 | 08
#1194-d160 @A: 03 19 24 27 | 05
#1195-d160 @A: 18 19 27 33 | 03
#1196-d160 @A: 19 27 35 22 | 07
#1197-d160 @A: 27 33 03 02 | 06
#1198-d160 @A: 35 27 16 03 | 09
#1199-d160 @A: 33 05 27 35 | 02
#1200-d160 @A: 27 22 04 29 | 12
#1201-d160 @A: 29 24 27 18 | 01
#1202-d160 @A: 05 02 29 27 | 10
#1203-d160 @A: 22 02 27 24 | 04
#1204-d160 @A: 27 22 16 18 | 11
#1205-d160 @A: 27 22 02 08 | 08
#1206-d160 @A: 18 05 27 04 | 05
#1207-d160 @A: 02 15 25 11 | 03
#1208-d160 @A: 25 12 24 15 | 07
#1209-d160 @A: 20 03 25 15 | 06
#1210-d160 @A: 31 25 18 15 | 09
#1211-d160 @A: 08 15 31 25 | 02
#1212-d160 @A: 25 07 22 15 | 12
#1213-d160 @A: 26 25 15 35 | 01
#1214-d160 @A: 16 01 15 25 | 10
#1215-d160 @A: 22 12 25 11 | 04
#1216-d160 @A: 25 19 11 28 | 11
#1217-d160 @A: 09 14 25 11 | 08
#1218-d160 @A: 09 08 11 25 | 05
#1219-d160 @A: 20 11 25 01 | 03
#1220-d160 @A: 31 35 25 11 | 07
#1221-d160 @A: 25 07 26 11 | 06
#1222-d160 @A: 25 35 09 12 | 09
#1223-d160 @A: 26 25 20 12 | 02
#1224-d160 @A: 29 25 31 12 | 12
#1225-d160 @A: 07 25 19 12 | 01
#1226-d160 @A: 25 12 14 01 | 10
#1227-d160 @A: 12 25 18 03 | 04
#1228-d160 @A: 09 04 28 25 | 11
#1229-d160 @A: 31 25 33 28 | 08
#1230-d160 @A: 07 28 03 25 | 05
#1231-d160 @A: 28 05 26 25 | 03
#1232-d160 @A: 25 28 02 01 | 07
#1233-d160 @A: 28 24 25 22 | 06
#1234-d160 @A: 09 16 25 20 | 09
#1235-d160 @A: 25 31 09 22 | 02
#1236-d160 @A: 05 25 09 07 | 12
#1237-d160 @A: 24 26 25 09 | 01
#1238-d160 @A: 01 03 09 25 | 10
#1239-d160 @A: 02 33 09 25 | 04
#1240-d160 @A: 25 31 05 20 | 11
#1241-d160 @A: 18 20 25 07 | 08
#1242-d160 @A: 35 25 20 33 | 05
#1243-d160 @A: 08 20 25 29 | 03
#1244-d160 @A: 04 25 34 31 | 07
#1245-d160 @A: 07 29 04 25 | 06
#1246-d160 @A: 08 18 07 25 | 09
#1247-d160 @A: 34 26 25 01 | 02
#1248-d160 @A: 22 19 25 26 | 12
#1249-d160 @A: 33 18 25 26 | 01
#1250-d160 @A: 25 08 26 33 | 10
#1251-d160 @A: 25 16 26 29 | 04
#1252-d160 @A: 04 02 26 25 | 11
#1253-d160 @A: 19 01 25 24 | 08
#1254-d160 @A: 29 33 25 01 | 05
#1255-d160 @A: 25 01 22 35 | 03
#1256-d160 @A: 01 05 04 25 | 07
#1257-d160 @A: 14 25 34 16 | 06
#1258-d160 @A: 34 19 25 29 | 09
#1259-d160 @A: 03 35 25 34 | 02
#1260-d160 @A: 03 25 08 34 | 12
#1261-d160 @A: 33 25 22 34 | 01
#1262-d160 @A: 05 34 24 25 | 10
#1263-d160 @A: 25 02 18 34 | 04
#1264-d160 @A: 14 25 35 19 | 11
#1265-d160 @A: 14 03 24 25 | 08
#1266-d160 @A: 14 29 25 22 | 05
#1267-d160 @A: 14 04 18 25 | 03
#1268-d160 @A: 02 19 03 25 | 07
#1269-d160 @A: 05 33 25 19 | 06
#1270-d160 @A: 08 22 25 19 | 09
#1271-d160 @A: 18 25 16 19 | 02
#1272-d160 @A: 25 16 03 33 | 12
#1273-d160 @A: 25 05 03 29 | 01
#1274-d160 @A: 03 22 04 25 | 10
#1275-d160 @A: 33 25 04 24 | 04
#1276-d160 @A: 29 02 24 25 | 11
#1277-d160 @A: 18 35 25 29 | 08
#1278-d160 @A: 05 22 18 25 | 05
#1279-d160 @A: 35 25 04 16 | 03
#1280-d160 @A: 08 25 04 35 | 07
#1281-d160 @A: 02 16 05 25 | 06
#1282-d160 @A: 02 08 05 25 | 09
#1283-d160 @A: 01 12 11 15 | 02
#1284-d160 @A: 16 11 28 15 | 12
#1285-d160 @A: 11 15 09 18 | 01
#1286-d160 @A: 11 24 20 15 | 10
#1287-d160 @A: 11 34 31 15 | 04
#1288-d160 @A: 15 07 11 35 | 11
#1289-d160 @A: 11 26 04 15 | 08
#1290-d160 @A: 15 03 11 19 | 05
#1291-d160 @A: 15 18 11 08 | 03
#1292-d160 @A: 18 12 15 28 | 07
#1293-d160 @A: 12 15 09 33 | 06
#1294-d160 @A: 15 12 20 05 | 09
#1295-d160 @A: 26 31 15 12 | 02
#1296-d160 @A: 12 07 15 14 | 12
#1297-d160 @A: 03 34 12 15 | 01
#1298-d160 @A: 15 08 33 12 | 10
#1299-d160 @A: 12 04 22 15 | 04
#1300-d160 @A: 09 15 14 28 | 11
#1301-d160 @A: 33 28 20 15 | 08
#1302-d160 @A: 31 15 19 28 | 05
#1303-d160 @A: 07 26 15 28 | 03
#1304-d160 @A: 29 15 28 03 | 07
#1305-d160 @A: 15 08 29 28 | 06
#1306-d160 @A: 15 09 19 20 | 09
#1307-d160 @A: 09 15 08 20 | 02
#1308-d160 @A: 35 31 15 09 | 12
#1309-d160 @A: 07 03 09 15 | 01
#1310-d160 @A: 34 15 01 09 | 10
#1311-d160 @A: 31 04 15 20 | 04
#1312-d160 @A: 07 20 16 15 | 11
#1313-d160 @A: 15 20 29 01 | 08
#1314-d160 @A: 20 35 15 22 | 05
#1315-d160 @A: 31 05 24 15 | 03
#1316-d160 @A: 15 02 07 24 | 07
#1317-d160 @A: 15 26 24 01 | 06
#1318-d160 @A: 26 29 15 34 | 09
#1319-d160 @A: 19 14 26 15 | 02
#1320-d160 @A: 26 15 03 02 | 12
#1321-d160 @A: 22 33 26 15 | 01
#1322-d160 @A: 26 05 16 15 | 10
#1323-d160 @A: 14 15 01 02 | 04
#1324-d160 @A: 01 15 03 33 | 11
#1325-d160 @A: 01 22 15 05 | 08
#1326-d160 @A: 04 01 08 15 | 05
#1327-d160 @A: 35 18 01 15 | 03
#1328-d160 @A: 34 14 15 33 | 07
#1329-d160 @A: 34 15 02 22 | 06
#1330-d160 @A: 15 04 05 34 | 09
#1331-d160 @A: 34 16 24 15 | 02
#1332-d160 @A: 04 14 15 03 | 12
#1333-d160 @A: 29 14 15 05 | 01
#1334-d160 @A: 18 24 15 14 | 10
#1335-d160 @A: 03 15 08 19 | 04
#1336-d160 @A: 33 15 29 19 | 11
#1337-d160 @A: 19 16 22 15 | 08
#1338-d160 @A: 24 15 04 19 | 05
#1339-d160 @A: 15 19 05 35 | 03
#1340-d160 @A: 19 15 18 02 | 07
#1341-d160 @A: 15 03 22 24 | 06
#1342-d160 @A: 18 15 05 03 | 09
#1343-d160 @A: 35 15 04 33 | 02
#1344-d160 @A: 33 15 02 05 | 12
#1345-d160 @A: 18 15 33 16 | 01
#1346-d160 @A: 29 18 22 15 | 10
#1347-d160 @A: 15 29 02 04 | 04
#1348-d160 @A: 24 35 29 15 | 11
#1349-d160 @A: 15 22 35 08 | 08
#1350-d160 @A: 02 35 16 15 | 05
#1351-d160 @A: 16 02 08 15 | 03
#1352-d160 @A: 05 12 11 28 | 07
#1353-d160 @A: 12 11 09 19 | 06
#1354-d160 @A: 12 20 11 03 | 09
#1355-d160 @A: 14 31 12 11 | 02
#1356-d160 @A: 11 12 07 02 | 12
#1357-d160 @A: 04 33 11 12 | 01
#1358-d160 @A: 11 04 12 08 | 10
#1359-d160 @A: 09 29 28 11 | 04
#1360-d160 @A: 11 28 03 31 | 11
#1361-d160 @A: 07 28 11 04 | 08
#1362-d160 @A: 28 11 14 26 | 05
#1363-d160 @A: 08 11 28 05 | 03
#1364-d160 @A: 11 20 09 22 | 07
#1365-d160 @A: 09 31 26 11 | 06
#1366-d160 @A: 34 09 11 07 | 09
#1367-d160 @A: 33 09 11 35 | 02
#1368-d160 @A: 18 31 20 11 | 12
#1369-d160 @A: 07 20 11 14 | 01
#1370-d160 @A: 20 34 29 11 | 10
#1371-d160 @A: 19 16 11 20 | 04
#1372-d160 @A: 20 04 11 35 | 11
#1373-d160 @A: 34 08 31 11 | 08
#1374-d160 @A: 05 11 22 31 | 05
#1375-d160 @A: 33 08 11 07 | 03
#1376-d160 @A: 07 05 24 11 | 07
#1377-d160 @A: 33 26 11 01 | 06
#1378-d160 @A: 19 26 29 11 | 09
#1379-d160 @A: 22 03 11 26 | 02
#1380-d160 @A: 18 26 24 11 | 12
#1381-d160 @A: 02 11 26 05 | 01
#1382-d160 @A: 11 02 08 26 | 10
#1383-d160 @A: 34 19 11 01 | 04
#1384-d160 @A: 14 04 01 11 | 11
#1385-d160 @A: 08 19 11 01 | 08
#1386-d160 @A: 03 02 11 01 | 05
#1387-d160 @A: 29 35 01 11 | 03
#1388-d160 @A: 11 24 22 01 | 07
#1389-d160 @A: 01 11 18 16 | 06
#1390-d160 @A: 05 14 34 11 | 09
#1391-d160 @A: 33 18 11 34 | 02
#1392-d160 @A: 22 34 16 11 | 12
#1393-d160 @A: 24 34 11 04 | 01
#1394-d160 @A: 11 14 22 19 | 10
#1395-d160 @A: 11 03 35 14 | 04
#1396-d160 @A: 29 11 24 14 | 11
#1397-d160 @A: 02 11 14 18 | 08
#1398-d160 @A: 19 04 11 05 | 05
#1399-d160 @A: 35 11 24 19 | 03
#1400-d160 @A: 03 05 33 11 | 07
#1401-d160 @A: 29 04 11 03 | 06
#1402-d160 @A: 22 11 03 08 | 09
#1403-d160 @A: 03 16 24 11 | 02
#1404-d160 @A: 33 29 11 22 | 12
#1405-d160 @A: 11 33 02 24 | 01
#1406-d160 @A: 24 29 11 08 | 10
#1407-d160 @A: 11 05 18 29 | 04
#1408-d160 @A: 11 22 18 04 | 11
#1409-d160 @A: 11 22 02 35 | 08
#1410-d160 @A: 16 02 04 11 | 05
#1411-d160 @A: 11 35 05 16 | 03
#1412-d160 @A: 02 35 08 11 | 07
#1413-d160 @A: 20 12 34 28 | 06
#1414-d160 @A: 28 24 31 12 | 09
#1415-d160 @A: 12 22 07 28 | 02
#1416-d160 @A: 12 28 03 14 | 12
#1417-d160 @A: 12 28 02 04 | 01
#1418-d160 @A: 24 12 08 28 | 10
#1419-d160 @A: 02 12 09 20 | 04
#1420-d160 @A: 12 31 16 09 | 11
#1421-d160 @A: 09 07 29 12 | 08
#1422-d160 @A: 12 34 09 26 | 05
#1423-d160 @A: 01 12 08 09 | 03
#1424-d160 @A: 12 24 04 09 | 07
#1425-d160 @A: 31 12 20 22 | 06
#1426-d160 @A: 20 04 07 12 | 09
#1427-d160 @A: 12 07 20 08 | 02
#1428-d160 @A: 14 12 31 08 | 12
#1429-d160 @A: 19 31 12 35 | 01
#1430-d160 @A: 35 16 07 12 | 10
#1431-d160 @A: 35 26 01 12 | 04
#1432-d160 @A: 12 26 14 02 | 11
#1433-d160 @A: 26 19 18 12 | 08
#1434-d160 @A: 04 26 12 03 | 05
#1435-d160 @A: 26 16 33 12 | 03
#1436-d160 @A: 12 22 26 29 | 07
#1437-d160 @A: 34 33 01 12 | 06
#1438-d160 @A: 19 12 02 01 | 09
#1439-d160 @A: 29 12 05 01 | 02
#1440-d160 @A: 12 16 04 01 | 12
#1441-d160 @A: 24 12 18 01 | 01
#1442-d160 @A: 12 34 29 14 | 10
#1443-d160 @A: 12 34 22 19 | 04
#1444-d160 @A: 12 08 34 22 | 11
#1445-d160 @A: 04 12 34 35 | 08
#1446-d160 @A: 02 34 12 05 | 05
#1447-d160 @A: 16 12 34 18 | 03
#1448-d160 @A: 14 04 12 19 | 07
#1449-d160 @A: 14 22 12 33 | 06
#1450-d160 @A: 14 16 05 12 | 09
#1451-d160 @A: 12 18 35 14 | 02
#1452-d160 @A: 19 33 03 12 | 12
#1453-d160 @A: 19 29 12 16 | 01
#1454-d160 @A: 12 05 19 24 | 10
#1455-d160 @A: 24 12 29 03 | 04
#1456-d160 @A: 16 12 22 03 | 11
#1457-d160 @A: 12 02 35 03 | 08
#1458-d160 @A: 33 02 12 29 | 05
#1459-d160 @A: 35 24 12 33 | 03
#1460-d160 @A: 18 04 29 12 | 07
#1461-d160 @A: 05 35 22 12 | 06
#1462-d160 @A: 12 16 02 24 | 09
#1463-d160 @A: 08 05 12 16 | 02
#1464-d160 @A: 08 18 12 02 | 12
#1465-d160 @A: 26 09 28 20 | 01
#1466-d160 @A: 31 09 28 07 | 10
#1467-d160 @A: 09 01 28 24 | 04
#1468-d160 @A: 09 05 33 28 | 11
#1469-d160 @A: 08 28 09 33 | 08
#1470-d160 @A: 09 28 18 16 | 05
#1471-d160 @A: 20 01 28 31 | 03
#1472-d160 @A: 19 28 07 20 | 07
#1473-d160 @A: 28 20 29 05 | 06
#1474-d160 @A: 28 20 04 22 | 09
#1475-d160 @A: 35 31 16 28 | 02
#1476-d160 @A: 28 07 16 34 | 12
#1477-d160 @A: 01 26 28 19 | 01
#1478-d160 @A: 02 28 34 26 | 10
#1479-d160 @A: 18 26 03 28 | 04
#1480-d160 @A: 35 33 28 26 | 11
#1481-d160 @A: 28 16 26 22 | 08
#1482-d160 @A: 26 04 28 24 | 05
#1483-d160 @A: 28 34 03 01 | 03
#1484-d160 @A: 01 14 35 28 | 07
#1485-d160 @A: 28 01 08 03 | 06
#1486-d160 @A: 01 33 16 28 | 09
#1487-d160 @A: 29 01 22 28 | 02
#1488-d160 @A: 05 28 01 18 | 12
#1489-d160 @A: 34 28 14 04 | 01
#1490-d160 @A: 28 24 34 19 | 10
#1491-d160 @A: 08 28 34 19 | 04
#1492-d160 @A: 34 33 28 29 | 11
#1493-d160 @A: 22 05 34 28 | 08
#1494-d160 @A: 28 18 35 34 | 05
#1495-d160 @A: 28 19 16 14 | 03
#1496-d160 @A: 02 14 33 28 | 07
#1497-d160 @A: 18 14 29 28 | 06
#1498-d160 @A: 28 19 05 03 | 09
#1499-d160 @A: 29 35 28 19 | 02
#1500-d160 @A: 04 18 28 19 | 12
#1501-d160 @A: 04 03 33 28 | 01
#1502-d160 @A: 28 35 22 03 | 10
#1503-d160 @A: 35 03 28 08 | 04
#1504-d160 @A: 16 02 28 03 | 11
#1505-d160 @A: 18 28 33 24 | 08
#1506-d160 @A: 29 28 16 04 | 05
#1507-d160 @A: 28 02 22 18 | 03
#1508-d160 @A: 28 22 08 18 | 07
#1509-d160 @A: 05 35 28 04 | 06
#1510-d160 @A: 05 28 24 16 | 09
#1511-d160 @A: 28 02 35 24 | 02
#1512-d160 @A: 20 09 34 31 | 12
#1513-d160 @A: 09 20 07 33 | 01
#1514-d160 @A: 18 09 31 29 | 10
#1515-d160 @A: 07 09 18 14 | 04
#1516-d160 @A: 26 09 14 01 | 11
#1517-d160 @A: 16 26 03 09 | 08
#1518-d160 @A: 02 26 09 29 | 05
#1519-d160 @A: 18 09 22 26 | 03
#1520-d160 @A: 26 05 35 09 | 07
#1521-d160 @A: 08 35 09 26 | 06
#1522-d160 @A: 01 09 29 19 | 09
#1523-d160 @A: 09 18 33 01 | 02
#1524-d160 @A: 01 02 09 04 | 12
#1525-d160 @A: 05 16 09 01 | 01
#1526-d160 @A: 02 08 09 01 | 10
#1527-d160 @A: 19 09 14 34 | 04
#1528-d160 @A: 24 03 09 34 | 11
#1529-d160 @A: 09 29 34 05 | 08
#1530-d160 @A: 18 04 34 09 | 05
#1531-d160 @A: 08 34 05 09 | 03
#1532-d160 @A: 16 34 09 35 | 07
#1533-d160 @A: 09 14 03 22 | 06
#1534-d160 @A: 33 14 04 09 | 09
#1535-d160 @A: 09 29 14 16 | 02
#1536-d160 @A: 09 14 35 24 | 12
#1537-d160 @A: 02 09 05 14 | 01
#1538-d160 @A: 16 09 14 08 | 10
#1539-d160 @A: 22 33 09 19 | 04
#1540-d160 @A: 04 09 19 16 | 11
#1541-d160 @A: 09 19 04 08 | 08
#1542-d160 @A: 09 19 02 24 | 05
#1543-d160 @A: 35 09 18 19 | 03
#1544-d160 @A: 09 03 33 29 | 07
#1545-d160 @A: 08 24 03 09 | 06
#1546-d160 @A: 03 09 18 02 | 09
#1547-d160 @A: 33 24 09 16 | 02
#1548-d160 @A: 22 29 24 09 | 12
#1549-d160 @A: 35 09 29 04 | 01
#1550-d160 @A: 09 22 04 05 | 10
#1551-d160 @A: 09 22 02 16 | 04
#1552-d160 @A: 18 09 05 24 | 11
#1553-d160 @A: 31 20 03 08 | 08
#1554-d160 @A: 24 31 02 20 | 05
#1555-d160 @A: 26 20 07 02 | 03
#1556-d160 @A: 22 01 20 26 | 07
#1557-d160 @A: 16 26 20 34 | 06
#1558-d160 @A: 20 26 14 35 | 09
#1559-d160 @A: 26 33 20 19 | 02
#1560-d160 @A: 03 24 20 26 | 12
#1561-d160 @A: 18 29 20 26 | 01
#1562-d160 @A: 26 05 20 04 | 10
#1563-d160 @A: 34 24 20 01 | 04
#1564-d160 @A: 20 35 01 19 | 11
#1565-d160 @A: 03 05 01 20 | 08
#1566-d160 @A: 33 02 20 01 | 05
#1567-d160 @A: 01 20 18 04 | 03
#1568-d160 @A: 14 03 20 34 | 07
#1569-d160 @A: 08 20 34 33 | 06
#1570-d160 @A: 02 04 34 20 | 09
#1571-d160 @A: 34 05 35 20 | 02
#1572-d160 @A: 14 02 20 19 | 12
#1573-d160 @A: 33 20 14 16 | 01
#1574-d160 @A: 14 20 24 22 | 10
#1575-d160 @A: 20 14 05 18 | 04
#1576-d160 @A: 14 08 18 20 | 11
#1577-d160 @A: 20 19 04 03 | 08
#1578-d160 @A: 22 20 29 19 | 05
#1579-d160 @A: 19 20 24 18 | 03
#1580-d160 @A: 02 20 19 08 | 07
#1581-d160 @A: 03 22 20 33 | 06
#1582-d160 @A: 20 03 29 16 | 09
#1583-d160 @A: 20 35 03 18 | 02
#1584-d160 @A: 05 33 20 24 | 12
#1585-d160 @A: 16 33 08 20 | 01
#1586-d160 @A: 04 29 20 24 | 10
#1587-d160 @A: 35 20 29 02 | 04
#1588-d160 @A: 05 02 20 22 | 11
#1589-d160 @A: 24 20 08 04 | 08
#1590-d160 @A: 24 35 20 16 | 05
#1591-d160 @A: 20 02 18 16 | 03
#1592-d160 @A: 07 22 26 31 | 07
#1593-d160 @A: 07 31 05 01 | 06
#1594-d160 @A: 31 14 34 07 | 09
#1595-d160 @A: 19 04 31 07 | 02
#1596-d160 @A: 03 31 02 07 | 12
#1597-d160 @A: 07 24 31 33 | 01
#1598-d160 @A: 29 35 31 07 | 10
#1599-d160 @A: 07 16 31 18 | 04
#1600-d160 @A: 01 31 08 26 | 11
#1601-d160 @A: 26 31 19 34 | 08
#1602-d160 @A: 14 26 33 31 | 05
#1603-d160 @A: 26 03 31 35 | 03
#1604-d160 @A: 24 26 31 29 | 07
#1605-d160 @A: 04 26 16 31 | 06
#1606-d160 @A: 05 26 18 31 | 09
#1607-d160 @A: 34 31 29 01 | 02
#1608-d160 @A: 24 01 14 31 | 12
#1609-d160 @A: 19 03 01 31 | 01
#1610-d160 @A: 31 16 22 01 | 10
#1611-d160 @A: 01 04 35 31 | 04
#1612-d160 @A: 02 18 31 01 | 11
#1613-d160 @A: 34 31 03 18 | 08
#1614-d160 @A: 33 31 34 05 | 05
#1615-d160 @A: 24 22 31 34 | 03
#1616-d160 @A: 34 02 31 35 | 07
#1617-d160 @A: 03 29 14 31 | 06
#1618-d160 @A: 04 22 14 31 | 09
#1619-d160 @A: 14 31 35 05 | 02
#1620-d160 @A: 14 02 16 31 | 12
#1621-d160 @A: 02 19 33 31 | 01
#1622-d160 @A: 29 19 31 05 | 10
#1623-d160 @A: 18 19 22 31 | 04
#1624-d160 @A: 19 24 16 31 | 11
#1625-d160 @A: 19 31 08 16 | 08
#1626-d160 @A: 03 24 04 31 | 05
#1627-d160 @A: 05 31 16 03 | 03
#1628-d160 @A: 33 16 31 29 | 07
#1629-d160 @A: 22 33 31 35 | 06
#1630-d160 @A: 08 33 22 31 | 09
#1631-d160 @A: 18 33 04 31 | 02
#1632-d160 @A: 31 22 02 29 | 12
#1633-d160 @A: 04 31 02 05 | 01
#1634-d160 @A: 31 05 08 24 | 10
#1635-d160 @A: 24 31 35 18 | 04
#1636-d160 @A: 08 18 35 31 | 11
#1637-d160 @A: 03 07 34 26 | 08
#1638-d160 @A: 14 29 26 07 | 05
#1639-d160 @A: 26 07 05 19 | 03
#1640-d160 @A: 07 04 33 26 | 07
#1641-d160 @A: 26 07 16 24 | 06
#1642-d160 @A: 08 24 26 07 | 09
#1643-d160 @A: 26 18 07 35 | 02
#1644-d160 @A: 01 34 07 02 | 12
#1645-d160 @A: 16 14 01 07 | 01
#1646-d160 @A: 07 18 01 19 | 10
#1647-d160 @A: 29 03 01 07 | 04
#1648-d160 @A: 01 04 22 07 | 11
#1649-d160 @A: 22 07 08 01 | 08
#1650-d160 @A: 01 35 07 24 | 05
#1651-d160 @A: 34 07 33 19 | 03
#1652-d160 @A: 34 29 07 24 | 07
#1653-d160 @A: 22 34 35 07 | 06
#1654-d160 @A: 34 07 18 05 | 09
#1655-d160 @A: 05 14 07 03 | 02
#1656-d160 @A: 35 07 14 33 | 12
#1657-d160 @A: 07 14 02 22 | 01
#1658-d160 @A: 24 04 07 14 | 10
#1659-d160 @A: 08 07 02 14 | 04
#1660-d160 @A: 03 16 07 19 | 11
#1661-d160 @A: 19 07 02 29 | 08
#1662-d160 @A: 22 07 19 24 | 05
#1663-d160 @A: 35 03 07 04 | 03
#1664-d160 @A: 18 07 24 03 | 07
#1665-d160 @A: 05 07 29 33 | 06
#1666-d160 @A: 33 07 22 18 | 09
#1667-d160 @A: 33 07 02 16 | 02
#1668-d160 @A: 29 16 22 07 | 12
#1669-d160 @A: 07 05 08 29 | 01
#1670-d160 @A: 07 04 05 16 | 10
#1671-d160 @A: 04 07 02 18 | 04
#1672-d160 @A: 05 35 02 07 | 11
#1673-d160 @A: 29 26 08 34 | 08
#1674-d160 @A: 26 05 14 08 | 05
#1675-d160 @A: 18 26 19 08 | 03
#1676-d160 @A: 26 16 03 08 | 07
#1677-d160 @A: 08 04 18 26 | 06
#1678-d160 @A: 33 08 01 35 | 09
#1679-d160 @A: 01 24 08 16 | 02
#1680-d160 @A: 01 08 18 05 | 12
#1681-d160 @A: 08 24 14 34 | 01
#1682-d160 @A: 16 08 34 18 | 10
#1683-d160 @A: 29 22 14 08 | 04
#1684-d160 @A: 14 08 35 24 | 11
#1685-d160 @A: 08 29 33 19 | 08
#1686-d160 @A: 08 35 19 05 | 05
#1687-d160 @A: 08 04 03 29 | 03
#1688-d160 @A: 33 08 04 02 | 07
#1689-d160 @A: 16 04 22 08 | 06
