#0001-d150 @A: 13 07 26 01 | 01
#0002-d150 @A: 13 27 07 02 | 12
#0003-d150 @A: 08 07 13 34 | 08
#0004-d150 @A: 07 31 13 21 | 02
#0005-d150 @A: 34 35 25 13 | 09
#0006-d150 @A: 29 12 01 13 | 11
#0007-d150 @A: 31 13 12 20 | 05
#0008-d150 @A: 20 17 13 12 | 10
#0009-d150 @A: 05 17 13 27 | 04
#0010-d150 @A: 18 05 16 13 | 07
#0011-d150 @A: 34 10 03 13 | 06
#0012-d150 @A: 10 13 30 11 | 03
#0013-d150 @A: 03 23 29 13 | 01
#0014-d150 @A: 13 17 30 01 | 12
#0015-d150 @A: 32 30 13 02 | 08
#0016-d150 @A: 13 19 11 02 | 02
#0017-d150 @A: 32 19 08 13 | 09
#0018-d150 @A: 13 14 04 08 | 11
#0019-d150 @A: 34 13 24 31 | 05
#0020-d150 @A: 16 18 07 35 | 10
#0021-d150 @A: 33 07 02 04 | 04
#0022-d150 @A: 07 20 12 28 | 07
#0023-d150 @A: 09 07 06 21 | 06
#0024-d150 @A: 06 29 07 30 | 03
#0025-d150 @A: 34 10 07 05 | 01
#0026-d150 @A: 07 05 27 03 | 12
#0027-d150 @A: 05 02 07 21 | 08
#0028-d150 @A: 07 19 26 05 | 02
#0029-d150 @A: 09 07 03 02 | 09
#0030-d150 @A: 07 01 30 28 | 11
#0031-d150 @A: 21 28 27 07 | 05
#0032-d150 @A: 20 09 07 18 | 10
#0033-d150 @A: 20 25 17 07 | 04
#0034-d150 @A: 07 19 22 31 | 07
#0035-d150 @A: 07 34 15 22 | 06
#0036-d150 @A: 35 01 17 33 | 03
#0037-d150 @A: 33 35 11 32 | 01
#0038-d150 @A: 01 26 35 05 | 12
#0039-d150 @A: 01 35 03 14 | 08
#0040-d150 @A: 01 32 31 35 | 02
#0041-d150 @A: 02 32 35 26 | 09
#0042-d150 @A: 28 19 27 35 | 11
#0043-d150 @A: 35 24 20 31 | 05
#0044-d150 @A: 35 08 22 11 | 10
#0045-d150 @A: 35 29 32 21 | 04
#0046-d150 @A: 35 09 29 14 | 07
#0047-d150 @A: 16 12 06 33 | 06
#0048-d150 @A: 33 05 12 04 | 03
#0049-d150 @A: 33 02 32 09 | 01
#0050-d150 @A: 16 33 22 02 | 12
#0051-d150 @A: 20 24 26 33 | 08
#0052-d150 @A: 08 26 29 33 | 02
#0053-d150 @A: 31 33 26 30 | 09
#0054-d150 @A: 29 19 33 23 | 11
#0055-d150 @A: 15 33 16 26 | 05
#0056-d150 @A: 16 33 34 29 | 10
#0057-d150 @A: 11 06 22 12 | 04
#0058-d150 @A: 09 01 05 12 | 07
#0059-d150 @A: 05 12 31 11 | 06
#0060-d150 @A: 05 34 15 12 | 03
#0061-d150 @A: 10 32 29 12 | 01
#0062-d150 @A: 12 03 20 26 | 12
#0063-d150 @A: 12 17 18 01 | 08
#0064-d150 @A: 12 02 21 15 | 02
#0065-d150 @A: 20 18 12 29 | 09
#0066-d150 @A: 04 24 20 12 | 11
#0067-d150 @A: 19 08 18 12 | 05
#0068-d150 @A: 25 12 09 17 | 10
#0069-d150 @A: 25 12 28 30 | 04
#0070-d150 @A: 12 19 26 16 | 07
#0071-d150 @A: 12 14 16 29 | 06
#0072-d150 @A: 18 10 16 06 | 03
#0073-d150 @A: 34 03 18 06 | 01
#0074-d150 @A: 06 17 03 15 | 12
#0075-d150 @A: 06 31 01 30 | 08
#0076-d150 @A: 31 15 02 06 | 02
#0077-d150 @A: 27 06 28 18 | 09
#0078-d150 @A: 32 23 06 27 | 11
#0079-d150 @A: 21 25 06 08 | 05
#0080-d150 @A: 14 06 31 04 | 10
#0081-d150 @A: 06 28 23 19 | 04
#0082-d150 @A: 24 34 16 06 | 07
#0083-d150 @A: 17 06 34 23 | 06
#0084-d150 @A: 27 29 05 10 | 03
#0085-d150 @A: 27 20 22 05 | 01
#0086-d150 @A: 09 27 11 05 | 12
#0087-d150 @A: 05 20 32 15 | 08
#0088-d150 @A: 34 18 05 30 | 02
#0089-d150 @A: 05 11 08 17 | 09
#0090-d150 @A: 34 05 22 25 | 11
#0091-d150 @A: 22 10 01 24 | 05
#0092-d150 @A: 01 17 10 34 | 10
#0093-d150 @A: 10 02 22 32 | 04
#0094-d150 @A: 10 17 32 20 | 07
#0095-d150 @A: 10 08 11 31 | 06
#0096-d150 @A: 10 08 28 04 | 03
#0097-d150 @A: 08 16 19 10 | 01
#0098-d150 @A: 21 10 17 09 | 12
#0099-d150 @A: 29 10 34 09 | 08
#0100-d150 @A: 26 10 16 04 | 02
#0101-d150 @A: 19 15 10 34 | 09
#0102-d150 @A: 34 22 10 14 | 11
#0103-d150 @A: 11 03 02 15 | 05
#0104-d150 @A: 17 03 21 27 | 10
#0105-d150 @A: 16 18 03 08 | 04
#0106-d150 @A: 03 14 18 11 | 07
#0107-d150 @A: 04 03 15 31 | 06
#0108-d150 @A: 16 15 30 03 | 03
#0109-d150 @A: 22 01 02 09 | 01
#0110-d150 @A: 08 01 26 32 | 12
#0111-d150 @A: 09 01 14 25 | 08
#0112-d150 @A: 04 15 01 28 | 02
#0113-d150 @A: 01 19 26 17 | 09
#0114-d150 @A: 01 15 22 19 | 11
#0115-d150 @A: 24 02 21 27 | 05
#0116-d150 @A: 08 29 02 32 | 10
#0117-d150 @A: 30 27 09 23 | 04
#0118-d150 @A: 15 14 04 27 | 07
#0119-d150 @A: 29 24 27 19 | 06
#0120-d150 @A: 27 15 26 23 | 03
#0121-d150 @A: 20 34 25 09 | 01
#0122-d150 @A: 20 04 23 29 | 12
#0123-d150 @A: 34 20 24 19 | 08
#0124-d150 @A: 25 20 28 14 | 02
#0125-d150 @A: 11 21 19 18 | 09
#0126-d150 @A: 22 31 08 16 | 11
#0127-d150 @A: 28 19 24 08 | 05
#0128-d150 @A: 14 08 24 22 | 10
#0129-d150 @A: 08 23 34 26 | 04
#0130-d150 @A: 26 21 24 30 | 07
#0131-d150 @A: 21 26 19 25 | 06
#0132-d150 @A: 14 22 17 21 | 03
#0133-d150 @A: 28 34 26 21 | 01
#0134-d150 @A: 21 23 17 24 | 12
#0135-d150 @A: 16 28 32 11 | 08
#0136-d150 @A: 09 30 32 24 | 02
#0137-d150 @A: 32 26 29 14 | 09
#0138-d150 @A: 30 22 09 11 | 11
#0139-d150 @A: 19 14 04 11 | 05
#0140-d150 @A: 17 15 34 09 | 10
#0141-d150 @A: 13 07 12 22 | 04
#0142-d150 @A: 20 22 33 13 | 07
#0143-d150 @A: 13 30 12 18 | 06
#0144-d150 @A: 06 09 13 01 | 03
#0145-d150 @A: 06 13 22 17 | 01
#0146-d150 @A: 34 05 13 27 | 12
#0147-d150 @A: 13 03 30 08 | 08
#0148-d150 @A: 03 13 17 25 | 02
#0149-d150 @A: 30 13 34 01 | 09
#0150-d150 @A: 13 19 27 14 | 11
#0151-d150 @A: 30 09 13 15 | 05
#0152-d150 @A: 23 17 13 30 | 10
#0153-d150 @A: 10 35 30 07 | 04
#0154-d150 @A: 07 12 03 29 | 07
#0155-d150 @A: 16 07 27 06 | 06
#0156-d150 @A: 05 07 31 01 | 03
#0157-d150 @A: 32 07 30 05 | 01
#0158-d150 @A: 01 07 29 10 | 12
#0159-d150 @A: 07 08 25 03 | 08
#0160-d150 @A: 27 04 07 01 | 02
#0161-d150 @A: 02 07 11 34 | 09
#0162-d150 @A: 26 18 32 07 | 11
#0163-d150 @A: 14 31 07 34 | 05
#0164-d150 @A: 28 07 26 31 | 10
#0165-d150 @A: 09 07 30 04 | 04
#0166-d150 @A: 30 07 24 22 | 07
#0167-d150 @A: 27 26 35 33 | 06
#0168-d150 @A: 21 14 35 06 | 03
#0169-d150 @A: 20 10 04 35 | 01
#0170-d150 @A: 08 03 35 17 | 12
#0171-d150 @A: 11 01 24 35 | 08
#0172-d150 @A: 27 15 35 18 | 02
#0173-d150 @A: 18 35 25 31 | 09
#0174-d150 @A: 35 11 21 09 | 11
#0175-d150 @A: 35 04 32 22 | 05
#0176-d150 @A: 10 33 06 29 | 10
#0177-d150 @A: 09 33 06 27 | 04
#0178-d150 @A: 05 01 33 16 | 07
#0179-d150 @A: 33 05 14 08 | 06
#0180-d150 @A: 29 03 33 09 | 03
#0181-d150 @A: 29 18 33 02 | 01
#0182-d150 @A: 11 33 22 27 | 12
#0183-d150 @A: 30 27 33 17 | 08
#0184-d150 @A: 33 26 11 21 | 02
#0185-d150 @A: 25 29 04 33 | 09
#0186-d150 @A: 15 17 24 33 | 11
#0187-d150 @A: 17 05 14 12 | 05
#0188-d150 @A: 12 34 01 02 | 10
#0189-d150 @A: 12 01 15 08 | 04
#0190-d150 @A: 20 12 21 09 | 07
#0191-d150 @A: 20 34 12 32 | 06
#0192-d150 @A: 29 08 21 12 | 03
#0193-d150 @A: 31 12 17 21 | 01
#0194-d150 @A: 12 11 19 17 | 12
#0195-d150 @A: 02 25 06 10 | 08
#0196-d150 @A: 06 08 03 14 | 02
#0197-d150 @A: 22 20 06 21 | 09
#0198-d150 @A: 06 20 32 04 | 11
#0199-d150 @A: 11 09 20 06 | 05
#0200-d150 @A: 17 25 08 06 | 10
#0201-d150 @A: 22 08 05 10 | 04
#0202-d150 @A: 32 05 10 26 | 07
#0203-d150 @A: 01 05 03 34 | 06
#0204-d150 @A: 03 19 22 05 | 03
#0205-d150 @A: 18 05 09 02 | 01
#0206-d150 @A: 11 02 05 32 | 12
#0207-d150 @A: 05 22 29 31 | 08
#0208-d150 @A: 04 05 29 09 | 02
#0209-d150 @A: 19 04 05 28 | 09
#0210-d150 @A: 05 16 17 30 | 11
#0211-d150 @A: 23 16 22 05 | 05
#0212-d150 @A: 22 05 15 24 | 10
#0213-d150 @A: 03 10 29 21 | 04
#0214-d150 @A: 18 20 10 01 | 07
#0215-d150 @A: 02 27 10 30 | 06
#0216-d150 @A: 26 02 08 10 | 03
#0217-d150 @A: 25 10 31 09 | 01
#0218-d150 @A: 24 34 30 10 | 12
#0219-d150 @A: 17 28 10 16 | 08
#0220-d150 @A: 22 23 10 26 | 02
#0221-d150 @A: 01 03 22 20 | 09
#0222-d150 @A: 02 22 03 23 | 11
#0223-d150 @A: 15 03 28 20 | 05
#0224-d150 @A: 03 24 18 30 | 10
#0225-d150 @A: 27 32 29 01 | 04
#0226-d150 @A: 18 23 01 08 | 07
#0227-d150 @A: 28 09 01 18 | 06
#0228-d150 @A: 25 26 30 01 | 03
#0229-d150 @A: 19 01 28 16 | 01
#0230-d150 @A: 01 17 23 29 | 12
#0231-d150 @A: 21 02 20 34 | 08
#0232-d150 @A: 30 02 20 11 | 02
#0233-d150 @A: 02 19 21 08 | 09
#0234-d150 @A: 31 14 26 02 | 11
#0235-d150 @A: 04 30 02 14 | 05
#0236-d150 @A: 19 22 26 02 | 10
#0237-d150 @A: 02 28 17 22 | 04
#0238-d150 @A: 30 20 27 32 | 07
#0239-d150 @A: 27 17 20 23 | 06
#0240-d150 @A: 32 27 17 04 | 03
#0241-d150 @A: 27 22 24 16 | 01
#0242-d150 @A: 27 23 28 22 | 12
#0243-d150 @A: 30 20 18 16 | 08
#0244-d150 @A: 04 31 08 20 | 02
#0245-d150 @A: 30 28 20 31 | 09
#0246-d150 @A: 31 23 20 16 | 11
#0247-d150 @A: 09 23 20 22 | 05
#0248-d150 @A: 20 19 30 23 | 10
#0249-d150 @A: 34 08 14 18 | 04
#0250-d150 @A: 18 09 21 32 | 07
#0251-d150 @A: 26 18 31 22 | 06
#0252-d150 @A: 24 18 23 31 | 03
#0253-d150 @A: 26 29 16 18 | 01
#0254-d150 @A: 08 11 21 14 | 12
#0255-d150 @A: 31 26 15 08 | 08
#0256-d150 @A: 08 09 34 22 | 02
#0257-d150 @A: 21 04 17 14 | 09
#0258-d150 @A: 19 17 28 21 | 11
#0259-d150 @A: 32 09 23 29 | 05
#0260-d150 @A: 15 19 26 32 | 10
#0261-d150 @A: 23 14 15 32 | 04
#0262-d150 @A: 17 29 32 15 | 07
#0263-d150 @A: 26 29 04 11 | 06
#0264-d150 @A: 11 28 22 14 | 03
#0265-d150 @A: 30 17 31 34 | 01
#0266-d150 @A: 17 24 30 29 | 12
#0267-d150 @A: 28 35 07 13 | 08
#0268-d150 @A: 09 13 07 05 | 02
#0269-d150 @A: 20 13 29 07 | 09
#0270-d150 @A: 35 13 15 17 | 11
#0271-d150 @A: 12 33 24 13 | 05
#0272-d150 @A: 11 33 16 13 | 10
#0273-d150 @A: 19 12 21 13 | 04
#0274-d150 @A: 06 10 13 23 | 07
#0275-d150 @A: 24 13 29 06 | 06
#0276-d150 @A: 20 13 05 28 | 03
#0277-d150 @A: 32 13 11 03 | 01
#0278-d150 @A: 25 27 01 13 | 12
#0279-d150 @A: 04 01 13 20 | 08
#0280-d150 @A: 28 02 13 21 | 02
#0281-d150 @A: 11 13 02 17 | 09
#0282-d150 @A: 16 15 27 13 | 11
#0283-d150 @A: 09 34 14 13 | 05
#0284-d150 @A: 19 04 16 13 | 10
#0285-d150 @A: 34 28 19 13 | 04
#0286-d150 @A: 28 16 24 13 | 07
#0287-d150 @A: 01 35 07 25 | 06
#0288-d150 @A: 07 23 17 35 | 03
#0289-d150 @A: 21 10 33 07 | 01
#0290-d150 @A: 07 33 03 30 | 12
#0291-d150 @A: 04 18 12 07 | 08
#0292-d150 @A: 32 07 12 25 | 02
#0293-d150 @A: 07 26 12 11 | 09
#0294-d150 @A: 19 25 06 07 | 11
#0295-d150 @A: 05 20 07 04 | 05
#0296-d150 @A: 05 17 31 07 | 10
#0297-d150 @A: 28 22 07 03 | 04
#0298-d150 @A: 25 02 20 07 | 07
#0299-d150 @A: 14 07 18 27 | 06
#0300-d150 @A: 08 07 30 20 | 03
#0301-d150 @A: 15 20 26 07 | 01
#0302-d150 @A: 21 07 29 11 | 12
#0303-d150 @A: 33 05 22 35 | 08
#0304-d150 @A: 08 35 06 28 | 02
#0305-d150 @A: 35 05 34 32 | 09
#0306-d150 @A: 05 15 35 28 | 11
#0307-d150 @A: 24 35 03 27 | 05
#0308-d150 @A: 02 14 27 35 | 10
#0309-d150 @A: 35 16 11 27 | 04
#0310-d150 @A: 17 35 22 27 | 07
#0311-d150 @A: 16 35 08 29 | 06
#0312-d150 @A: 26 21 35 15 | 03
#0313-d150 @A: 35 30 14 17 | 01
#0314-d150 @A: 25 35 22 24 | 12
#0315-d150 @A: 35 26 24 17 | 08
#0316-d150 @A: 17 08 33 12 | 02
#0317-d150 @A: 30 33 05 06 | 09
#0318-d150 @A: 33 21 24 06 | 11
#0319-d150 @A: 10 03 33 05 | 05
#0320-d150 @A: 02 33 17 10 | 10
#0321-d150 @A: 33 18 03 26 | 04
#0322-d150 @A: 33 19 03 08 | 07
#0323-d150 @A: 30 18 33 01 | 06
#0324-d150 @A: 18 16 33 21 | 03
#0325-d150 @A: 32 33 28 17 | 01
#0326-d150 @A: 33 25 31 14 | 12
#0327-d150 @A: 12 06 15 18 | 08
#0328-d150 @A: 32 06 09 12 | 02
#0329-d150 @A: 34 12 21 03 | 09
#0330-d150 @A: 03 04 12 09 | 11
#0331-d150 @A: 25 08 12 02 | 05
#0332-d150 @A: 18 31 32 12 | 10
#0333-d150 @A: 12 25 04 23 | 04
#0334-d150 @A: 25 12 29 22 | 07
#0335-d150 @A: 12 24 15 28 | 06
#0336-d150 @A: 34 01 10 06 | 03
#0337-d150 @A: 21 15 10 06 | 01
#0338-d150 @A: 06 03 23 01 | 12
#0339-d150 @A: 03 29 32 06 | 08
#0340-d150 @A: 27 06 21 34 | 02
#0341-d150 @A: 21 32 11 06 | 09
#0342-d150 @A: 06 19 04 21 | 11
#0343-d150 @A: 17 26 06 31 | 05
#0344-d150 @A: 29 25 16 06 | 10
#0345-d150 @A: 06 23 34 25 | 04
#0346-d150 @A: 05 08 01 19 | 07
#0347-d150 @A: 02 19 05 17 | 06
#0348-d150 @A: 05 14 27 21 | 03
#0349-d150 @A: 20 08 09 05 | 01
#0350-d150 @A: 05 08 04 18 | 12
#0351-d150 @A: 21 05 08 30 | 08
#0352-d150 @A: 32 05 16 21 | 02
#0353-d150 @A: 31 34 05 09 | 09
#0354-d150 @A: 23 05 14 19 | 11
#0355-d150 @A: 25 16 15 05 | 05
#0356-d150 @A: 11 10 28 01 | 10
#0357-d150 @A: 21 02 10 31 | 04
#0358-d150 @A: 14 18 19 10 | 07
#0359-d150 @A: 10 11 34 21 | 06
#0360-d150 @A: 16 10 09 30 | 03
#0361-d150 @A: 24 16 10 29 | 01
#0362-d150 @A: 01 18 03 02 | 12
#0363-d150 @A: 15 27 03 01 | 08
#0364-d150 @A: 14 09 26 03 | 02
#0365-d150 @A: 03 22 09 25 | 09
#0366-d150 @A: 30 27 08 01 | 11
#0367-d150 @A: 25 01 20 32 | 05
#0368-d150 @A: 20 09 01 30 | 10
#0369-d150 @A: 01 16 09 08 | 04
#0370-d150 @A: 16 22 01 14 | 07
#0371-d150 @A: 18 02 27 22 | 06
#0372-d150 @A: 14 18 02 21 | 03
#0373-d150 @A: 18 02 17 25 | 01
#0374-d150 @A: 34 24 02 32 | 12
#0375-d150 @A: 30 15 02 24 | 08
#0376-d150 @A: 17 16 19 02 | 02
#0377-d150 @A: 32 08 27 31 | 09
#0378-d150 @A: 27 31 16 26 | 11
#0379-d150 @A: 34 28 31 27 | 05
#0380-d150 @A: 15 30 27 28 | 10
#0381-d150 @A: 24 18 20 32 | 04
#0382-d150 @A: 25 11 08 20 | 07
#0383-d150 @A: 09 08 17 20 | 06
#0384-d150 @A: 17 20 11 21 | 03
#0385-d150 @A: 14 22 31 20 | 01
#0386-d150 @A: 04 26 20 17 | 12
#0387-d150 @A: 25 20 19 22 | 08
#0388-d150 @A: 18 16 31 15 | 02
#0389-d150 @A: 19 18 30 22 | 09
#0390-d150 @A: 22 25 18 23 | 11
#0391-d150 @A: 16 08 04 24 | 05
#0392-d150 @A: 08 29 25 23 | 10
#0393-d150 @A: 17 32 16 21 | 04
#0394-d150 @A: 14 31 21 19 | 07
#0395-d150 @A: 04 29 28 32 | 06
#0396-d150 @A: 17 32 14 26 | 03
#0397-d150 @A: 32 15 29 24 | 01
#0398-d150 @A: 11 30 25 31 | 12
#0399-d150 @A: 24 22 31 11 | 08
#0400-d150 @A: 11 04 28 09 | 02
#0401-d150 @A: 09 26 11 17 | 09
#0402-d150 @A: 29 30 11 14 | 11
#0403-d150 @A: 30 11 23 24 | 05
#0404-d150 @A: 19 24 11 26 | 10
#0405-d150 @A: 14 11 15 26 | 04
#0406-d150 @A: 13 03 15 33 | 07
#0407-d150 @A: 27 33 13 30 | 06
#0408-d150 @A: 33 26 13 17 | 03
#0409-d150 @A: 15 19 13 05 | 01
#0410-d150 @A: 10 14 13 02 | 12
#0411-d150 @A: 09 18 10 13 | 08
#0412-d150 @A: 10 21 26 13 | 02
#0413-d150 @A: 08 13 27 22 | 09
#0414-d150 @A: 31 32 28 13 | 11
#0415-d150 @A: 04 30 13 31 | 05
#0416-d150 @A: 13 23 28 14 | 10
#0417-d150 @A: 34 15 29 13 | 04
#0418-d150 @A: 07 03 35 04 | 07
#0419-d150 @A: 01 07 14 12 | 06
#0420-d150 @A: 19 07 02 12 | 03
#0421-d150 @A: 27 30 12 07 | 01
#0422-d150 @A: 10 06 28 07 | 12
#0423-d150 @A: 07 32 06 22 | 08
#0424-d150 @A: 10 09 07 08 | 02
#0425-d150 @A: 07 03 19 01 | 09
#0426-d150 @A: 03 26 07 21 | 11
#0427-d150 @A: 27 07 34 09 | 05
#0428-d150 @A: 07 27 22 25 | 10
#0429-d150 @A: 30 11 18 07 | 04
#0430-d150 @A: 35 10 17 06 | 07
#0431-d150 @A: 31 35 06 11 | 06
#0432-d150 @A: 35 01 02 30 | 03
#0433-d150 @A: 23 08 35 02 | 01
#0434-d150 @A: 25 11 35 02 | 12
#0435-d150 @A: 08 21 24 35 | 08
#0436-d150 @A: 31 28 22 35 | 02
#0437-d150 @A: 09 35 04 34 | 09
#0438-d150 @A: 19 04 29 35 | 11
#0439-d150 @A: 04 15 25 35 | 05
#0440-d150 @A: 30 25 29 35 | 10
#0441-d150 @A: 35 17 25 28 | 04
#0442-d150 @A: 33 01 10 12 | 07
#0443-d150 @A: 12 29 33 27 | 06
#0444-d150 @A: 33 31 06 22 | 03
#0445-d150 @A: 19 33 06 17 | 01
#0446-d150 @A: 33 05 31 32 | 12
#0447-d150 @A: 33 10 15 08 | 08
#0448-d150 @A: 10 33 31 16 | 02
#0449-d150 @A: 02 03 20 33 | 09
#0450-d150 @A: 04 27 20 33 | 11
#0451-d150 @A: 33 32 22 21 | 05
#0452-d150 @A: 06 12 31 21 | 10
#0453-d150 @A: 32 22 05 12 | 04
#0454-d150 @A: 32 16 02 12 | 07
#0455-d150 @A: 12 08 09 26 | 06
#0456-d150 @A: 17 12 32 25 | 03
#0457-d150 @A: 29 04 12 31 | 01
#0458-d150 @A: 28 19 31 12 | 12
#0459-d150 @A: 09 12 19 34 | 08
#0460-d150 @A: 04 12 30 15 | 02
#0461-d150 @A: 34 26 12 30 | 09
#0462-d150 @A: 29 30 12 23 | 11
#0463-d150 @A: 12 15 16 17 | 05
#0464-d150 @A: 05 29 34 06 | 10
#0465-d150 @A: 01 09 06 17 | 04
#0466-d150 @A: 06 02 17 30 | 07
#0467-d150 @A: 18 06 11 24 | 06
#0468-d150 @A: 09 25 06 30 | 03
#0469-d150 @A: 06 22 15 16 | 01
#0470-d150 @A: 24 26 23 06 | 12
#0471-d150 @A: 19 31 10 05 | 08
#0472-d150 @A: 05 11 23 03 | 02
#0473-d150 @A: 05 30 03 25 | 09
#0474-d150 @A: 01 23 27 05 | 11
#0475-d150 @A: 30 02 22 05 | 05
#0476-d150 @A: 05 24 27 32 | 10
#0477-d150 @A: 05 08 26 11 | 04
#0478-d150 @A: 28 08 05 29 | 07
#0479-d150 @A: 16 05 34 04 | 06
#0480-d150 @A: 26 16 28 05 | 03
#0481-d150 @A: 26 14 34 05 | 01
#0482-d150 @A: 05 15 25 17 | 12
#0483-d150 @A: 24 29 05 23 | 08
#0484-d150 @A: 10 26 03 01 | 02
#0485-d150 @A: 24 10 03 08 | 09
#0486-d150 @A: 10 01 09 32 | 11
#0487-d150 @A: 32 21 30 10 | 05
#0488-d150 @A: 32 10 25 23 | 10
#0489-d150 @A: 15 31 10 28 | 04
#0490-d150 @A: 04 23 17 10 | 07
#0491-d150 @A: 30 10 25 19 | 06
#0492-d150 @A: 25 16 10 28 | 03
#0493-d150 @A: 08 03 23 27 | 01
#0494-d150 @A: 03 20 32 14 | 12
#0495-d150 @A: 20 03 11 04 | 08
#0496-d150 @A: 11 17 03 23 | 02
#0497-d150 @A: 29 03 16 22 | 09
#0498-d150 @A: 02 24 01 20 | 11
#0499-d150 @A: 31 20 01 21 | 05
#0500-d150 @A: 31 23 01 28 | 10
#0501-d150 @A: 09 26 01 29 | 04
#0502-d150 @A: 24 34 01 04 | 07
#0503-d150 @A: 30 16 01 24 | 06
#0504-d150 @A: 26 01 23 16 | 03
#0505-d150 @A: 30 28 09 02 | 01
#0506-d150 @A: 22 04 24 02 | 12
#0507-d150 @A: 16 23 30 02 | 08
#0508-d150 @A: 23 02 29 14 | 02
#0509-d150 @A: 26 02 17 29 | 09
#0510-d150 @A: 29 28 02 22 | 11
#0511-d150 @A: 26 30 27 19 | 05
#0512-d150 @A: 25 23 16 27 | 10
#0513-d150 @A: 27 24 17 25 | 04
#0514-d150 @A: 23 08 24 20 | 07
#0515-d150 @A: 28 20 04 34 | 06
#0516-d150 @A: 20 25 24 16 | 03
#0517-d150 @A: 24 14 20 29 | 01
#0518-d150 @A: 28 17 20 15 | 12
#0519-d150 @A: 25 18 14 04 | 08
#0520-d150 @A: 24 34 18 22 | 02
#0521-d150 @A: 17 08 31 29 | 09
#0522-d150 @A: 08 04 23 15 | 11
#0523-d150 @A: 34 08 04 17 | 05
#0524-d150 @A: 08 29 24 30 | 10
#0525-d150 @A: 08 14 19 26 | 04
#0526-d150 @A: 09 21 34 16 | 07
#0527-d150 @A: 30 21 34 15 | 06
#0528-d150 @A: 24 32 14 11 | 03
#0529-d150 @A: 24 26 32 04 | 01
#0530-d150 @A: 30 16 32 25 | 12
#0531-d150 @A: 23 30 32 26 | 08
#0532-d150 @A: 16 22 11 19 | 02
#0533-d150 @A: 17 15 31 19 | 09
#0534-d150 @A: 06 03 13 07 | 11
#0535-d150 @A: 13 27 04 35 | 05
#0536-d150 @A: 21 13 16 35 | 10
#0537-d150 @A: 33 13 08 25 | 04
#0538-d150 @A: 05 13 08 12 | 07
#0539-d150 @A: 31 13 06 27 | 06
#0540-d150 @A: 29 13 32 05 | 03
#0541-d150 @A: 19 10 17 13 | 01
#0542-d150 @A: 13 20 09 03 | 12
#0543-d150 @A: 04 18 03 13 | 08
#0544-d150 @A: 13 15 18 01 | 02
#0545-d150 @A: 27 13 11 26 | 09
#0546-d150 @A: 20 13 11 15 | 11
#0547-d150 @A: 22 13 21 34 | 05
#0548-d150 @A: 21 34 17 13 | 10
#0549-d150 @A: 26 22 30 13 | 04
#0550-d150 @A: 28 13 29 30 | 07
#0551-d150 @A: 33 35 31 07 | 06
#0552-d150 @A: 06 35 07 26 | 03
#0553-d150 @A: 15 07 35 11 | 01
#0554-d150 @A: 05 14 06 07 | 12
#0555-d150 @A: 07 17 05 34 | 08
#0556-d150 @A: 17 10 27 07 | 02
#0557-d150 @A: 32 07 16 01 | 09
#0558-d150 @A: 14 32 07 02 | 11
#0559-d150 @A: 07 32 11 27 | 05
#0560-d150 @A: 29 07 27 15 | 10
#0561-d150 @A: 18 08 07 29 | 04
#0562-d150 @A: 04 31 23 07 | 07
#0563-d150 @A: 24 09 28 07 | 06
#0564-d150 @A: 07 24 19 17 | 03
#0565-d150 @A: 28 15 14 07 | 01
#0566-d150 @A: 25 29 34 07 | 12
#0567-d150 @A: 35 06 33 23 | 08
#0568-d150 @A: 12 35 01 20 | 02
#0569-d150 @A: 04 06 05 35 | 09
#0570-d150 @A: 10 06 35 22 | 11
#0571-d150 @A: 35 26 03 08 | 05
#0572-d150 @A: 21 35 01 28 | 10
#0573-d150 @A: 09 35 08 27 | 04
#0574-d150 @A: 25 20 35 21 | 07
#0575-d150 @A: 35 17 32 11 | 06
#0576-d150 @A: 04 28 24 35 | 03
#0577-d150 @A: 28 16 30 35 | 01
#0578-d150 @A: 16 35 23 15 | 12
#0579-d150 @A: 16 34 35 17 | 08
#0580-d150 @A: 10 32 34 33 | 02
#0581-d150 @A: 33 14 03 22 | 09
#0582-d150 @A: 29 33 24 01 | 11
#0583-d150 @A: 34 33 14 20 | 05
#0584-d150 @A: 32 15 30 33 | 10
#0585-d150 @A: 24 33 19 31 | 04
#0586-d150 @A: 09 04 33 26 | 07
#0587-d150 @A: 14 19 09 33 | 06
#0588-d150 @A: 33 30 28 24 | 03
#0589-d150 @A: 19 25 16 33 | 01
#0590-d150 @A: 34 14 17 33 | 12
#0591-d150 @A: 23 33 15 24 | 08
#0592-d150 @A: 24 25 12 06 | 02
#0593-d150 @A: 30 20 05 12 | 09
#0594-d150 @A: 05 26 12 25 | 11
#0595-d150 @A: 27 12 09 10 | 05
#0596-d150 @A: 17 12 10 30 | 10
#0597-d150 @A: 01 18 22 12 | 04
#0598-d150 @A: 12 02 17 24 | 07
#0599-d150 @A: 27 20 25 12 | 06
#0600-d150 @A: 12 16 04 27 | 03
#0601-d150 @A: 08 32 12 24 | 01
#0602-d150 @A: 09 12 28 29 | 12
#0603-d150 @A: 12 19 15 25 | 08
#0604-d150 @A: 34 12 26 17 | 02
#0605-d150 @A: 05 03 16 06 | 09
#0606-d150 @A: 05 02 27 06 | 11
#0607-d150 @A: 05 26 20 06 | 05
#0608-d150 @A: 28 06 01 20 | 10
#0609-d150 @A: 06 01 25 18 | 04
#0610-d150 @A: 11 27 25 06 | 07
#0611-d150 @A: 06 30 27 22 | 06
#0612-d150 @A: 08 06 19 31 | 03
#0613-d150 @A: 06 24 28 31 | 01
#0614-d150 @A: 09 06 22 04 | 12
#0615-d150 @A: 06 04 17 28 | 08
#0616-d150 @A: 06 23 14 22 | 02
#0617-d150 @A: 26 06 29 22 | 09
#0618-d150 @A: 15 01 05 10 | 11
#0619-d150 @A: 24 10 17 05 | 05
#0620-d150 @A: 05 21 24 11 | 10
#0621-d150 @A: 19 21 34 05 | 04
#0622-d150 @A: 14 32 09 05 | 07
#0623-d150 @A: 17 05 23 32 | 06
#0624-d150 @A: 05 30 15 14 | 03
#0625-d150 @A: 02 10 03 16 | 01
#0626-d150 @A: 32 10 28 03 | 12
#0627-d150 @A: 10 27 08 34 | 08
#0628-d150 @A: 10 18 28 21 | 02
#0629-d150 @A: 03 01 29 28 | 09
#0630-d150 @A: 02 04 19 03 | 11
#0631-d150 @A: 20 27 29 03 | 05
#0632-d150 @A: 03 25 18 20 | 10
#0633-d150 @A: 16 17 03 20 | 04
#0634-d150 @A: 03 23 31 19 | 07
#0635-d150 @A: 31 14 24 03 | 06
#0636-d150 @A: 15 25 24 03 | 03
#0637-d150 @A: 26 28 17 03 | 01
#0638-d150 @A: 15 01 02 32 | 12
#0639-d150 @A: 02 01 11 26 | 08
#0640-d150 @A: 01 08 17 27 | 02
#0641-d150 @A: 31 27 01 11 | 09
#0642-d150 @A: 23 04 01 32 | 11
#0643-d150 @A: 01 14 17 31 | 05
#0644-d150 @A: 09 24 01 19 | 10
#0645-d150 @A: 30 01 04 22 | 04
#0646-d150 @A: 25 15 01 29 | 07
#0647-d150 @A: 02 31 23 27 | 06
#0648-d150 @A: 18 02 25 16 | 03
#0649-d150 @A: 02 08 21 17 | 01
#0650-d150 @A: 09 08 02 04 | 12
#0651-d150 @A: 21 29 26 02 | 08
#0652-d150 @A: 30 19 02 31 | 02
#0653-d150 @A: 15 02 09 29 | 09
#0654-d150 @A: 25 02 34 30 | 11
#0655-d150 @A: 25 27 08 18 | 05
#0656-d150 @A: 32 16 27 18 | 10
#0657-d150 @A: 09 28 16 27 | 04
#0658-d150 @A: 18 26 11 20 | 07
#0659-d150 @A: 29 32 19 20 | 06
#0660-d150 @A: 28 09 19 20 | 03
#0661-d150 @A: 22 24 28 20 | 01
#0662-d150 @A: 19 31 18 09 | 12
#0663-d150 @A: 04 18 24 19 | 08
#0664-d150 @A: 29 15 04 18 | 02
#0665-d150 @A: 18 19 29 25 | 09
#0666-d150 @A: 24 15 18 14 | 11
#0667-d150 @A: 30 17 22 08 | 05
#0668-d150 @A: 14 25 08 16 | 10
#0669-d150 @A: 08 22 26 28 | 04
#0670-d150 @A: 08 24 15 34 | 07
#0671-d150 @A: 21 29 31 30 | 06
#0672-d150 @A: 15 21 25 31 | 03
#0673-d150 @A: 21 15 23 09 | 01
#0674-d150 @A: 21 28 30 19 | 12
#0675-d150 @A: 32 04 34 14 | 08
#0676-d150 @A: 32 19 24 22 | 02
#0677-d150 @A: 11 04 31 16 | 09
#0678-d150 @A: 15 11 31 29 | 11
#0679-d150 @A: 34 25 11 14 | 05
#0680-d150 @A: 04 24 13 07 | 10
#0681-d150 @A: 13 35 05 10 | 04
#0682-d150 @A: 19 35 01 13 | 07
#0683-d150 @A: 13 35 02 20 | 06
#0684-d150 @A: 31 35 13 08 | 03
#0685-d150 @A: 03 28 12 13 | 01
#0686-d150 @A: 32 06 26 13 | 12
#0687-d150 @A: 13 31 10 01 | 08
#0688-d150 @A: 14 01 11 13 | 02
#0689-d150 @A: 30 20 13 21 | 09
#0690-d150 @A: 16 32 20 13 | 11
#0691-d150 @A: 32 34 18 13 | 05
#0692-d150 @A: 08 13 17 32 | 10
#0693-d150 @A: 04 29 13 17 | 04
#0694-d150 @A: 14 25 13 30 | 07
#0695-d150 @A: 19 26 13 23 | 06
#0696-d150 @A: 15 28 25 13 | 03
#0697-d150 @A: 24 28 13 17 | 01
#0698-d150 @A: 06 34 12 07 | 12
#0699-d150 @A: 12 23 08 07 | 08
#0700-d150 @A: 32 06 17 07 | 02
#0701-d150 @A: 08 05 07 15 | 09
#0702-d150 @A: 10 07 16 11 | 11
#0703-d150 @A: 03 07 17 14 | 05
#0704-d150 @A: 01 22 11 07 | 10
#0705-d150 @A: 07 01 15 24 | 04
#0706-d150 @A: 04 02 17 07 | 07
#0707-d150 @A: 16 07 29 02 | 06
#0708-d150 @A: 07 08 24 27 | 03
#0709-d150 @A: 25 07 18 24 | 01
#0710-d150 @A: 26 21 17 07 | 12
#0711-d150 @A: 34 28 16 07 | 08
#0712-d150 @A: 26 14 07 22 | 02
#0713-d150 @A: 03 35 34 33 | 09
#0714-d150 @A: 12 22 21 35 | 11
#0715-d150 @A: 04 17 12 35 | 05
#0716-d150 @A: 27 05 30 35 | 10
#0717-d150 @A: 35 09 05 17 | 04
#0718-d150 @A: 10 35 23 01 | 07
#0719-d150 @A: 32 35 03 19 | 06
#0720-d150 @A: 35 18 32 28 | 03
#0721-d150 @A: 35 19 18 26 | 01
#0722-d150 @A: 23 35 11 04 | 12
#0723-d150 @A: 31 35 04 26 | 08
#0724-d150 @A: 30 35 26 09 | 02
#0725-d150 @A: 35 15 14 34 | 09
#0726-d150 @A: 29 22 35 15 | 11
#0727-d150 @A: 33 31 12 02 | 05
#0728-d150 @A: 12 14 33 11 | 10
#0729-d150 @A: 33 22 12 34 | 04
#0730-d150 @A: 06 28 03 33 | 07
#0731-d150 @A: 33 25 32 06 | 06
#0732-d150 @A: 06 33 34 11 | 03
#0733-d150 @A: 20 33 05 25 | 01
#0734-d150 @A: 23 27 10 33 | 12
#0735-d150 @A: 10 11 24 33 | 08
#0736-d150 @A: 09 28 33 10 | 02
#0737-d150 @A: 21 33 04 03 | 09
#0738-d150 @A: 14 01 33 02 | 11
#0739-d150 @A: 01 34 33 27 | 05
#0740-d150 @A: 18 33 11 15 | 10
#0741-d150 @A: 33 23 18 09 | 04
#0742-d150 @A: 33 34 08 21 | 07
#0743-d150 @A: 17 09 30 33 | 06
#0744-d150 @A: 29 15 33 14 | 03
#0745-d150 @A: 34 28 15 33 | 01
#0746-d150 @A: 02 29 05 12 | 12
#0747-d150 @A: 12 10 04 34 | 08
#0748-d150 @A: 12 10 22 28 | 02
#0749-d150 @A: 22 03 12 17 | 09
#0750-d150 @A: 30 01 21 12 | 11
#0751-d150 @A: 11 08 12 28 | 05
#0752-d150 @A: 19 32 12 30 | 10
#0753-d150 @A: 12 30 09 14 | 04
#0754-d150 @A: 12 19 14 24 | 07
#0755-d150 @A: 12 22 15 23 | 06
#0756-d150 @A: 04 06 03 10 | 03
#0757-d150 @A: 01 24 06 32 | 01
#0758-d150 @A: 01 29 11 06 | 12
#0759-d150 @A: 06 02 20 29 | 08
#0760-d150 @A: 24 20 30 06 | 02
#0761-d150 @A: 06 34 32 08 | 09
#0762-d150 @A: 09 08 29 06 | 11
#0763-d150 @A: 05 10 18 24 | 05
#0764-d150 @A: 05 15 03 29 | 10
#0765-d150 @A: 17 05 01 20 | 04
#0766-d150 @A: 05 01 29 18 | 07
#0767-d150 @A: 05 16 11 14 | 06
#0768-d150 @A: 23 31 15 05 | 03
#0769-d150 @A: 09 16 05 24 | 01
#0770-d150 @A: 29 26 30 05 | 12
#0771-d150 @A: 29 19 16 05 | 08
#0772-d150 @A: 25 27 03 10 | 02
#0773-d150 @A: 19 10 03 09 | 09
#0774-d150 @A: 18 34 10 02 | 11
#0775-d150 @A: 11 02 10 09 | 05
#0776-d150 @A: 08 32 14 10 | 10
#0777-d150 @A: 10 14 15 16 | 04
#0778-d150 @A: 17 29 10 25 | 07
#0779-d150 @A: 10 23 29 15 | 06
#0780-d150 @A: 01 21 03 24 | 03
#0781-d150 @A: 28 08 03 02 | 01
#0782-d150 @A: 14 03 30 27 | 12
#0783-d150 @A: 03 32 23 18 | 08
#0784-d150 @A: 03 08 21 15 | 02
#0785-d150 @A: 03 21 11 16 | 09
#0786-d150 @A: 03 31 25 29 | 11
#0787-d150 @A: 23 16 03 09 | 05
#0788-d150 @A: 03 19 24 16 | 10
#0789-d150 @A: 23 26 25 03 | 04
#0790-d150 @A: 01 29 31 02 | 07
#0791-d150 @A: 04 01 31 09 | 06
#0792-d150 @A: 34 01 15 26 | 03
#0793-d150 @A: 22 34 01 28 | 01
#0794-d150 @A: 19 02 27 16 | 12
#0795-d150 @A: 04 16 02 20 | 08
#0796-d150 @A: 26 02 20 23 | 02
#0797-d150 @A: 02 08 30 18 | 09
#0798-d150 @A: 14 16 09 02 | 11
#0799-d150 @A: 02 28 34 14 | 05
#0800-d150 @A: 21 27 15 32 | 10
#0801-d150 @A: 27 30 21 11 | 04
#0802-d150 @A: 27 21 25 04 | 07
#0803-d150 @A: 28 31 17 27 | 06
#0804-d150 @A: 26 27 22 04 | 03
#0805-d150 @A: 24 23 27 04 | 01
#0806-d150 @A: 23 18 20 28 | 12
#0807-d150 @A: 26 20 21 32 | 08
#0808-d150 @A: 09 20 14 04 | 02
#0809-d150 @A: 29 15 20 30 | 09
#0810-d150 @A: 14 16 19 20 | 11
#0811-d150 @A: 26 22 20 16 | 05
#0812-d150 @A: 17 22 20 34 | 10
#0813-d150 @A: 04 31 18 28 | 04
#0814-d150 @A: 18 09 22 14 | 07
#0815-d150 @A: 26 18 15 17 | 06
#0816-d150 @A: 08 09 30 31 | 03
#0817-d150 @A: 19 25 09 08 | 01
#0818-d150 @A: 30 26 08 16 | 12
#0819-d150 @A: 23 22 08 19 | 08
#0820-d150 @A: 16 08 15 28 | 02
#0821-d150 @A: 31 16 24 21 | 09
#0822-d150 @A: 15 19 24 21 | 11
#0823-d150 @A: 32 04 19 31 | 05
#0824-d150 @A: 22 09 26 32 | 10
#0825-d150 @A: 25 32 34 19 | 04
#0826-d150 @A: 17 32 22 19 | 07
#0827-d150 @A: 23 14 11 31 | 06
#0828-d150 @A: 09 11 24 29 | 03
#0829-d150 @A: 11 16 24 15 | 01
#0830-d150 @A: 17 16 31 22 | 12
#0831-d150 @A: 17 14 09 29 | 08
#0832-d150 @A: 04 22 17 15 | 02
#0833-d150 @A: 07 13 17 09 | 09
#0834-d150 @A: 12 13 35 26 | 11
#0835-d150 @A: 35 18 23 13 | 05
#0836-d150 @A: 32 13 35 14 | 10
#0837-d150 @A: 04 32 12 13 | 04
#0838-d150 @A: 16 06 13 02 | 07
#0839-d150 @A: 18 13 22 06 | 06
#0840-d150 @A: 27 13 03 21 | 03
#0841-d150 @A: 27 20 24 13 | 01
#0842-d150 @A: 18 14 20 13 | 12
#0843-d150 @A: 26 13 20 08 | 08
#0844-d150 @A: 31 13 17 18 | 02
#0845-d150 @A: 13 31 25 23 | 09
#0846-d150 @A: 02 22 07 35 | 11
#0847-d150 @A: 35 20 19 07 | 05
#0848-d150 @A: 33 07 15 12 | 10
#0849-d150 @A: 33 09 07 01 | 04
#0850-d150 @A: 28 07 11 33 | 07
#0851-d150 @A: 17 07 28 12 | 06
#0852-d150 @A: 31 07 06 18 | 03
#0853-d150 @A: 04 07 06 11 | 01
#0854-d150 @A: 10 14 07 03 | 12
#0855-d150 @A: 22 07 20 10 | 08
#0856-d150 @A: 10 07 32 04 | 02
#0857-d150 @A: 10 19 07 24 | 09
#0858-d150 @A: 24 20 07 11 | 11
#0859-d150 @A: 11 07 19 08 | 05
#0860-d150 @A: 07 16 25 31 | 10
#0861-d150 @A: 07 09 23 19 | 04
#0862-d150 @A: 23 35 32 12 | 07
#0863-d150 @A: 11 12 35 30 | 06
#0864-d150 @A: 09 35 10 24 | 03
#0865-d150 @A: 35 18 04 01 | 01
#0866-d150 @A: 15 20 08 35 | 12
#0867-d150 @A: 20 35 14 11 | 08
#0868-d150 @A: 11 35 34 18 | 02
#0869-d150 @A: 19 15 30 35 | 09
#0870-d150 @A: 24 29 26 35 | 11
#0871-d150 @A: 33 12 09 25 | 05
#0872-d150 @A: 08 06 33 04 | 10
#0873-d150 @A: 21 33 09 05 | 04
#0874-d150 @A: 01 31 33 03 | 07
#0875-d150 @A: 33 08 28 27 | 06
#0876-d150 @A: 27 32 33 14 | 03
#0877-d150 @A: 18 08 20 33 | 01
#0878-d150 @A: 33 17 18 23 | 12
#0879-d150 @A: 33 14 21 23 | 08
#0880-d150 @A: 06 26 10 12 | 02
#0881-d150 @A: 27 12 17 06 | 09
#0882-d150 @A: 12 10 05 14 | 11
#0883-d150 @A: 30 03 10 12 | 05
#0884-d150 @A: 20 12 22 02 | 10
#0885-d150 @A: 28 18 12 34 | 04
#0886-d150 @A: 34 16 08 12 | 07
#0887-d150 @A: 32 12 14 21 | 06
#0888-d150 @A: 30 12 22 16 | 03
#0889-d150 @A: 17 06 05 03 | 01
#0890-d150 @A: 02 06 03 21 | 12
#0891-d150 @A: 31 06 20 03 | 08
#0892-d150 @A: 24 03 22 06 | 02
#0893-d150 @A: 06 21 01 26 | 09
#0894-d150 @A: 06 02 04 18 | 11
#0895-d150 @A: 18 06 26 08 | 05
#0896-d150 @A: 21 06 18 17 | 10
#0897-d150 @A: 06 29 23 31 | 04
#0898-d150 @A: 09 28 34 06 | 07
#0899-d150 @A: 30 06 16 19 | 06
#0900-d150 @A: 06 14 25 15 | 03
#0901-d150 @A: 10 28 05 30 | 01
#0902-d150 @A: 24 03 20 05 | 12
#0903-d150 @A: 32 28 05 01 | 08
#0904-d150 @A: 19 02 05 20 | 02
#0905-d150 @A: 27 08 16 05 | 09
#0906-d150 @A: 04 31 27 05 | 11
#0907-d150 @A: 18 31 05 20 | 05
#0908-d150 @A: 05 20 29 21 | 10
#0909-d150 @A: 20 34 05 11 | 04
#0910-d150 @A: 05 23 25 09 | 07
#0911-d150 @A: 05 30 24 04 | 06
#0912-d150 @A: 16 10 27 01 | 03
#0913-d150 @A: 28 02 20 10 | 01
#0914-d150 @A: 10 18 11 29 | 12
#0915-d150 @A: 18 17 10 22 | 08
#0916-d150 @A: 10 24 04 31 | 02
#0917-d150 @A: 10 14 25 24 | 09
#0918-d150 @A: 03 17 01 24 | 11
#0919-d150 @A: 03 02 25 32 | 05
#0920-d150 @A: 18 09 27 03 | 10
#0921-d150 @A: 03 08 34 20 | 04
#0922-d150 @A: 16 32 03 26 | 07
#0923-d150 @A: 04 03 16 25 | 06
#0924-d150 @A: 03 19 30 17 | 03
#0925-d150 @A: 19 15 14 03 | 01
#0926-d150 @A: 23 15 34 03 | 12
#0927-d150 @A: 27 28 02 01 | 08
#0928-d150 @A: 09 01 21 27 | 02
#0929-d150 @A: 15 01 20 16 | 09
#0930-d150 @A: 32 14 01 18 | 11
#0931-d150 @A: 26 18 24 01 | 05
#0932-d150 @A: 21 01 15 11 | 10
#0933-d150 @A: 22 01 31 25 | 04
#0934-d150 @A: 14 01 19 34 | 07
#0935-d150 @A: 09 02 27 20 | 06
#0936-d150 @A: 20 15 18 02 | 03
#0937-d150 @A: 31 32 02 20 | 01
#0938-d150 @A: 21 23 02 32 | 12
#0939-d150 @A: 24 02 09 31 | 08
#0940-d150 @A: 22 15 02 14 | 02
#0941-d150 @A: 25 26 15 02 | 09
#0942-d150 @A: 08 14 27 29 | 11
#0943-d150 @A: 26 27 17 16 | 05
#0944-d150 @A: 27 25 14 26 | 10
#0945-d150 @A: 28 27 29 26 | 04
#0946-d150 @A: 18 20 24 17 | 07
#0947-d150 @A: 20 08 28 21 | 06
#0948-d150 @A: 18 11 32 08 | 03
#0949-d150 @A: 26 21 23 18 | 01
#0950-d150 @A: 19 15 23 18 | 12
#0951-d150 @A: 18 14 23 16 | 08
#0952-d150 @A: 08 21 32 04 | 02
#0953-d150 @A: 08 31 28 25 | 09
#0954-d150 @A: 17 08 28 09 | 11
#0955-d150 @A: 31 21 23 34 | 05
#0956-d150 @A: 04 23 21 28 | 10
#0957-d150 @A: 21 28 29 25 | 04
#0958-d150 @A: 29 22 24 21 | 07
#0959-d150 @A: 26 11 31 32 | 06
#0960-d150 @A: 11 32 34 09 | 03
#0961-d150 @A: 11 30 04 32 | 01
#0962-d150 @A: 29 30 32 34 | 12
#0963-d150 @A: 23 24 16 32 | 08
#0964-d150 @A: 14 25 22 32 | 02
#0965-d150 @A: 24 34 17 32 | 09
#0966-d150 @A: 19 34 31 11 | 11
#0967-d150 @A: 23 15 17 31 | 05
#0968-d150 @A: 24 30 04 17 | 10
#0969-d150 @A: 30 07 16 13 | 04
#0970-d150 @A: 33 06 13 19 | 07
#0971-d150 @A: 13 33 01 28 | 06
#0972-d150 @A: 33 02 13 34 | 03
#0973-d150 @A: 31 18 33 13 | 01
#0974-d150 @A: 15 13 12 10 | 12
#0975-d150 @A: 11 12 34 13 | 08
#0976-d150 @A: 06 13 20 25 | 02
#0977-d150 @A: 04 06 13 34 | 09
#0978-d150 @A: 13 24 05 01 | 11
#0979-d150 @A: 13 05 31 02 | 05
#0980-d150 @A: 25 04 13 05 | 10
#0981-d150 @A: 08 13 29 10 | 04
#0982-d150 @A: 10 13 16 22 | 07
#0983-d150 @A: 28 18 13 08 | 06
#0984-d150 @A: 21 13 08 09 | 03
#0985-d150 @A: 31 16 14 13 | 01
#0986-d150 @A: 13 15 26 04 | 12
#0987-d150 @A: 13 25 26 29 | 08
#0988-d150 @A: 22 13 24 23 | 02
#0989-d150 @A: 29 35 07 05 | 09
#0990-d150 @A: 22 08 33 07 | 11
#0991-d150 @A: 07 25 26 33 | 05
#0992-d150 @A: 01 08 07 06 | 10
#0993-d150 @A: 07 25 11 05 | 04
#0994-d150 @A: 15 07 03 18 | 07
#0995-d150 @A: 02 01 07 23 | 06
#0996-d150 @A: 30 26 07 02 | 03
#0997-d150 @A: 15 07 21 04 | 01
#0998-d150 @A: 30 25 07 21 | 12
#0999-d150 @A: 09 25 07 15 | 08
#1000-d150 @A: 25 07 04 28 | 02
#1001-d150 @A: 30 34 07 23 | 09
#1002-d150 @A: 07 29 19 28 | 11
#1003-d150 @A: 07 26 29 23 | 05
#1004-d150 @A: 35 18 33 12 | 10
#1005-d150 @A: 03 10 15 35 | 04
#1006-d150 @A: 35 28 11 03 | 07
#1007-d150 @A: 35 01 22 27 | 06
#1008-d150 @A: 29 34 01 35 | 03
#1009-d150 @A: 02 09 35 19 | 01
#1010-d150 @A: 29 35 31 27 | 12
#1011-d150 @A: 35 16 34 20 | 08
#1012-d150 @A: 18 35 21 30 | 02
#1013-d150 @A: 31 35 34 30 | 09
#1014-d150 @A: 22 16 35 09 | 11
#1015-d150 @A: 30 12 33 08 | 05
#1016-d150 @A: 12 32 33 26 | 10
#1017-d150 @A: 06 01 33 15 | 04
#1018-d150 @A: 15 27 33 05 | 07
#1019-d150 @A: 33 19 05 18 | 06
#1020-d150 @A: 33 03 16 27 | 03
#1021-d150 @A: 24 08 33 02 | 01
#1022-d150 @A: 28 33 04 16 | 12
#1023-d150 @A: 33 22 30 29 | 08
#1024-d150 @A: 25 33 22 15 | 02
#1025-d150 @A: 02 06 12 30 | 09
#1026-d150 @A: 23 20 12 06 | 11
#1027-d150 @A: 12 03 05 18 | 05
#1028-d150 @A: 03 02 14 12 | 10
#1029-d150 @A: 11 01 32 12 | 04
#1030-d150 @A: 28 26 12 01 | 07
#1031-d150 @A: 11 02 04 12 | 06
#1032-d150 @A: 18 12 27 21 | 03
#1033-d150 @A: 28 12 27 32 | 01
#1034-d150 @A: 12 21 04 26 | 12
#1035-d150 @A: 25 34 12 31 | 08
#1036-d150 @A: 18 06 23 05 | 02
#1037-d150 @A: 08 06 24 05 | 09
#1038-d150 @A: 10 24 06 27 | 11
#1039-d150 @A: 03 06 09 15 | 05
#1040-d150 @A: 27 04 06 29 | 10
#1041-d150 @A: 20 06 19 18 | 04
#1042-d150 @A: 06 16 20 08 | 07
#1043-d150 @A: 29 17 20 06 | 06
#1044-d150 @A: 16 06 28 21 | 03
#1045-d150 @A: 06 16 14 32 | 01
#1046-d150 @A: 16 31 06 09 | 12
#1047-d150 @A: 06 31 26 34 | 08
#1048-d150 @A: 03 31 05 08 | 02
#1049-d150 @A: 30 16 05 31 | 09
#1050-d150 @A: 29 14 05 25 | 11
#1051-d150 @A: 22 05 17 29 | 05
#1052-d150 @A: 03 10 31 18 | 10
#1053-d150 @A: 01 08 25 10 | 04
#1054-d150 @A: 30 14 01 10 | 07
#1055-d150 @A: 14 11 10 27 | 06
#1056-d150 @A: 25 20 29 10 | 03
#1057-d150 @A: 08 17 26 10 | 01
#1058-d150 @A: 10 22 04 25 | 12
#1059-d150 @A: 15 30 22 10 | 08
#1060-d150 @A: 01 08 03 04 | 02
#1061-d150 @A: 28 04 03 27 | 09
#1062-d150 @A: 03 19 20 21 | 11
#1063-d150 @A: 03 22 18 21 | 05
#1064-d150 @A: 11 08 29 03 | 10
#1065-d150 @A: 03 24 04 29 | 04
#1066-d150 @A: 03 16 28 14 | 07
#1067-d150 @A: 03 34 29 14 | 06
#1068-d150 @A: 28 25 03 34 | 03
#1069-d150 @A: 02 17 01 32 | 01
#1070-d150 @A: 31 34 01 18 | 12
#1071-d150 @A: 34 21 01 32 | 08
#1072-d150 @A: 19 26 31 01 | 02
#1073-d150 @A: 01 17 04 16 | 09
#1074-d150 @A: 26 01 04 14 | 11
#1075-d150 @A: 28 01 17 34 | 05
#1076-d150 @A: 15 02 17 27 | 10
#1077-d150 @A: 20 02 17 14 | 04
#1078-d150 @A: 22 34 31 02 | 07
#1079-d150 @A: 27 34 20 18 | 06
#1080-d150 @A: 34 17 27 18 | 03
#1081-d150 @A: 14 09 27 31 | 01
#1082-d150 @A: 27 09 15 22 | 12
#1083-d150 @A: 30 29 27 16 | 08
#1084-d150 @A: 19 27 34 23 | 02
#1085-d150 @A: 18 21 04 20 | 09
#1086-d150 @A: 30 20 17 32 | 11
#1087-d150 @A: 20 29 22 11 | 05
#1088-d150 @A: 26 14 20 30 | 10
#1089-d150 @A: 20 22 34 30 | 04
#1090-d150 @A: 18 31 21 08 | 07
#1091-d150 @A: 29 30 09 18 | 06
#1092-d150 @A: 04 26 18 34 | 03
#1093-d150 @A: 17 29 18 16 | 01
#1094-d150 @A: 09 23 08 28 | 12
#1095-d150 @A: 22 08 29 04 | 08
#1096-d150 @A: 14 08 23 30 | 02
#1097-d150 @A: 08 17 23 19 | 09
#1098-d150 @A: 17 24 16 08 | 11
#1099-d150 @A: 19 09 29 21 | 05
#1100-d150 @A: 21 24 14 34 | 10
#1101-d150 @A: 22 21 28 15 | 04
#1102-d150 @A: 11 29 32 25 | 07
#1103-d150 @A: 09 31 17 32 | 06
#1104-d150 @A: 22 32 31 23 | 03
#1105-d150 @A: 09 15 28 32 | 01
#1106-d150 @A: 04 16 32 15 | 12
#1107-d150 @A: 30 22 28 32 | 08
#1108-d150 @A: 04 25 24 11 | 02
#1109-d150 @A: 26 17 30 25 | 09
#1110-d150 @A: 35 06 30 13 | 11
#1111-d150 @A: 33 32 23 13 | 05
#1112-d150 @A: 13 12 09 02 | 10
#1113-d150 @A: 13 08 15 06 | 04
#1114-d150 @A: 05 30 23 13 | 07
#1115-d150 @A: 32 24 13 10 | 06
#1116-d150 @A: 03 01 13 16 | 03
#1117-d150 @A: 13 31 03 26 | 01
#1118-d150 @A: 03 19 25 13 | 12
#1119-d150 @A: 08 02 01 13 | 08
#1120-d150 @A: 13 02 25 22 | 02
#1121-d150 @A: 13 15 02 23 | 09
#1122-d150 @A: 27 13 32 09 | 11
#1123-d150 @A: 25 18 11 13 | 05
#1124-d150 @A: 13 31 22 15 | 10
#1125-d150 @A: 23 09 13 04 | 04
#1126-d150 @A: 19 09 22 13 | 07
#1127-d150 @A: 13 28 22 04 | 06
#1128-d150 @A: 14 17 16 13 | 03
#1129-d150 @A: 07 12 16 05 | 01
#1130-d150 @A: 12 07 10 31 | 12
#1131-d150 @A: 05 07 18 22 | 08
#1132-d150 @A: 16 07 03 20 | 02
#1133-d150 @A: 03 32 34 07 | 09
#1134-d150 @A: 01 07 18 21 | 11
#1135-d150 @A: 21 20 07 14 | 05
#1136-d150 @A: 07 23 20 32 | 10
#1137-d150 @A: 07 28 08 32 | 04
#1138-d150 @A: 08 15 17 07 | 07
#1139-d150 @A: 07 09 31 32 | 06
#1140-d150 @A: 31 15 07 30 | 03
#1141-d150 @A: 31 07 29 24 | 01
#1142-d150 @A: 07 04 29 14 | 12
#1143-d150 @A: 16 07 24 14 | 08
#1144-d150 @A: 24 34 07 26 | 02
#1145-d150 @A: 35 03 12 16 | 09
#1146-d150 @A: 35 12 02 28 | 11
#1147-d150 @A: 35 25 14 12 | 05
#1148-d150 @A: 01 35 06 16 | 10
#1149-d150 @A: 20 06 27 35 | 04
#1150-d150 @A: 06 32 15 35 | 07
#1151-d150 @A: 06 35 19 24 | 06
#1152-d150 @A: 05 08 35 25 | 03
#1153-d150 @A: 03 02 35 31 | 01
#1154-d150 @A: 03 35 20 30 | 12
#1155-d150 @A: 01 15 35 09 | 08
#1156-d150 @A: 09 35 32 20 | 02
#1157-d150 @A: 17 21 35 29 | 09
#1158-d150 @A: 25 35 28 09 | 11
#1159-d150 @A: 14 23 35 26 | 05
#1160-d150 @A: 28 33 12 21 | 10
#1161-d150 @A: 02 33 06 26 | 04
#1162-d150 @A: 28 02 33 05 | 07
#1163-d150 @A: 03 24 32 33 | 06
#1164-d150 @A: 03 11 25 33 | 03
#1165-d150 @A: 04 33 14 24 | 01
#1166-d150 @A: 25 22 33 17 | 12
#1167-d150 @A: 12 06 19 03 | 08
#1168-d150 @A: 20 12 10 08 | 02
#1169-d150 @A: 27 12 24 01 | 09
#1170-d150 @A: 12 14 20 15 | 11
#1171-d150 @A: 11 25 12 21 | 05
#1172-d150 @A: 23 12 26 31 | 10
#1173-d150 @A: 12 09 24 23 | 04
#1174-d150 @A: 04 12 14 28 | 07
#1175-d150 @A: 06 09 10 05 | 06
#1176-d150 @A: 10 32 31 06 | 03
#1177-d150 @A: 19 11 06 10 | 01
#1178-d150 @A: 09 06 02 23 | 12
#1179-d150 @A: 06 11 17 16 | 08
#1180-d150 @A: 24 14 09 06 | 02
#1181-d150 @A: 15 04 06 24 | 09
#1182-d150 @A: 06 15 26 30 | 11
#1183-d150 @A: 19 14 29 06 | 05
#1184-d150 @A: 05 10 21 25 | 10
#1185-d150 @A: 05 02 01 25 | 04
#1186-d150 @A: 04 05 21 01 | 07
#1187-d150 @A: 08 34 05 02 | 06
#1188-d150 @A: 27 05 28 25 | 03
#1189-d150 @A: 18 15 05 21 | 01
#1190-d150 @A: 05 11 18 28 | 12
#1191-d150 @A: 05 26 22 21 | 08
#1192-d150 @A: 05 31 14 28 | 02
#1193-d150 @A: 24 26 05 31 | 09
#1194-d150 @A: 05 09 19 30 | 11
#1195-d150 @A: 05 09 22 28 | 05
#1196-d150 @A: 04 23 26 05 | 10
#1197-d150 @A: 20 32 11 10 | 04
#1198-d150 @A: 21 14 10 04 | 07
#1199-d150 @A: 29 10 26 31 | 06
#1200-d150 @A: 14 10 09 23 | 03
#1201-d150 @A: 34 16 23 10 | 01
#1202-d150 @A: 14 10 17 15 | 12
#1203-d150 @A: 15 10 26 24 | 08
#1204-d150 @A: 32 27 03 22 | 02
#1205-d150 @A: 32 18 03 17 | 09
#1206-d150 @A: 19 18 28 03 | 11
#1207-d150 @A: 03 31 34 16 | 05
#1208-d150 @A: 30 03 26 04 | 10
#1209-d150 @A: 30 03 34 19 | 04
#1210-d150 @A: 28 26 24 03 | 07
#1211-d150 @A: 01 20 27 26 | 06
#1212-d150 @A: 29 01 20 08 | 03
#1213-d150 @A: 16 11 01 18 | 01
#1214-d150 @A: 24 01 08 31 | 12
#1215-d150 @A: 21 17 25 01 | 08
#1216-d150 @A: 15 11 01 17 | 02
#1217-d150 @A: 01 15 31 14 | 09
#1218-d150 @A: 19 01 29 30 | 11
#1219-d150 @A: 23 22 29 01 | 05
#1220-d150 @A: 24 28 11 02 | 10
#1221-d150 @A: 25 02 31 04 | 04
#1222-d150 @A: 26 28 02 04 | 07
#1223-d150 @A: 34 29 19 02 | 06
#1224-d150 @A: 16 15 34 02 | 03
#1225-d150 @A: 02 29 25 24 | 01
#1226-d150 @A: 27 20 23 14 | 12
#1227-d150 @A: 08 27 11 04 | 08
#1228-d150 @A: 24 11 34 27 | 02
#1229-d150 @A: 27 15 31 24 | 09
#1230-d150 @A: 27 34 04 30 | 11
#1231-d150 @A: 34 14 27 16 | 05
#1232-d150 @A: 20 26 19 04 | 10
#1233-d150 @A: 31 18 29 14 | 04
#1234-d150 @A: 04 09 18 16 | 07
#1235-d150 @A: 19 34 16 18 | 06
#1236-d150 @A: 15 28 26 18 | 03
#1237-d150 @A: 15 29 19 08 | 01
#1238-d150 @A: 09 21 26 31 | 12
#1239-d150 @A: 14 26 16 21 | 08
#1240-d150 @A: 22 32 11 15 | 02
#1241-d150 @A: 31 32 34 15 | 09
#1242-d150 @A: 32 16 09 19 | 11
#1243-d150 @A: 25 26 28 32 | 05
#1244-d150 @A: 09 11 19 15 | 10
#1245-d150 @A: 16 29 11 23 | 04
#1246-d150 @A: 17 25 04 31 | 07
#1247-d150 @A: 19 18 13 07 | 06
#1248-d150 @A: 11 07 13 23 | 03
#1249-d150 @A: 35 09 13 33 | 01
#1250-d150 @A: 10 04 13 33 | 12
#1251-d150 @A: 06 05 13 21 | 08
#1252-d150 @A: 11 06 28 13 | 02
#1253-d150 @A: 05 03 14 13 | 09
#1254-d150 @A: 13 22 11 05 | 11
#1255-d150 @A: 19 10 13 20 | 05
#1256-d150 @A: 02 13 03 24 | 10
#1257-d150 @A: 13 21 24 18 | 04
#1258-d150 @A: 32 13 21 25 | 07
#1259-d150 @A: 13 21 14 15 | 06
#1260-d150 @A: 13 29 19 31 | 03
#1261-d150 @A: 14 08 07 35 | 01
#1262-d150 @A: 06 33 07 20 | 12
#1263-d150 @A: 27 07 19 33 | 08
#1264-d150 @A: 07 32 33 29 | 02
#1265-d150 @A: 16 07 23 33 | 09
#1266-d150 @A: 07 33 17 16 | 11
#1267-d150 @A: 10 07 18 23 | 05
#1268-d150 @A: 03 23 07 24 | 10
#1269-d150 @A: 02 31 08 07 | 04
#1270-d150 @A: 07 18 30 17 | 07
#1271-d150 @A: 19 32 07 21 | 06
#1272-d150 @A: 16 09 07 26 | 03
#1273-d150 @A: 22 09 07 29 | 01
#1274-d150 @A: 04 19 07 34 | 12
#1275-d150 @A: 25 23 07 14 | 08
#1276-d150 @A: 35 10 25 33 | 02
#1277-d150 @A: 01 35 08 33 | 09
#1278-d150 @A: 02 33 15 35 | 11
#1279-d150 @A: 35 33 20 29 | 05
#1280-d150 @A: 30 33 04 35 | 10
#1281-d150 @A: 16 33 24 35 | 04
#1282-d150 @A: 12 34 27 35 | 07
#1283-d150 @A: 04 12 08 35 | 06
#1284-d150 @A: 31 12 35 15 | 03
#1285-d150 @A: 06 25 03 35 | 01
#1286-d150 @A: 02 35 34 06 | 12
#1287-d150 @A: 05 35 23 20 | 08
#1288-d150 @A: 27 10 21 35 | 02
#1289-d150 @A: 14 35 10 31 | 09
#1290-d150 @A: 34 10 28 35 | 11
#1291-d150 @A: 23 35 21 03 | 05
#1292-d150 @A: 24 02 18 35 | 10
#1293-d150 @A: 04 21 02 35 | 04
#1294-d150 @A: 18 17 35 11 | 07
#1295-d150 @A: 34 35 19 08 | 06
#1296-d150 @A: 14 04 35 16 | 03
#1297-d150 @A: 14 35 24 30 | 01
#1298-d150 @A: 30 22 35 23 | 12
#1299-d150 @A: 23 05 34 33 | 08
#1300-d150 @A: 10 22 18 33 | 02
#1301-d150 @A: 33 32 19 01 | 09
#1302-d150 @A: 33 01 04 11 | 11
#1303-d150 @A: 01 26 22 33 | 05
#1304-d150 @A: 33 11 23 02 | 10
#1305-d150 @A: 28 20 33 32 | 04
#1306-d150 @A: 20 11 31 33 | 07
#1307-d150 @A: 16 20 09 33 | 06
#1308-d150 @A: 33 32 18 04 | 03
#1309-d150 @A: 16 08 32 33 | 01
#1310-d150 @A: 33 31 09 15 | 12
#1311-d150 @A: 34 04 31 33 | 08
#1312-d150 @A: 28 33 31 29 | 02
#1313-d150 @A: 30 33 34 09 | 09
#1314-d150 @A: 22 33 09 24 | 11
#1315-d150 @A: 33 04 23 22 | 05
#1316-d150 @A: 28 19 22 33 | 10
#1317-d150 @A: 25 34 33 24 | 04
#1318-d150 @A: 10 12 02 24 | 07
#1319-d150 @A: 18 10 25 12 | 06
#1320-d150 @A: 22 12 08 03 | 03
#1321-d150 @A: 11 24 12 03 | 01
#1322-d150 @A: 27 02 26 12 | 12
#1323-d150 @A: 15 27 11 12 | 08
#1324-d150 @A: 11 16 12 20 | 02
#1325-d150 @A: 12 26 18 14 | 09
#1326-d150 @A: 12 09 22 31 | 11
#1327-d150 @A: 31 30 12 24 | 05
#1328-d150 @A: 22 04 12 19 | 10
#1329-d150 @A: 34 24 12 29 | 04
#1330-d150 @A: 19 05 06 32 | 07
#1331-d150 @A: 20 10 14 06 | 06
#1332-d150 @A: 06 11 30 03 | 03
#1333-d150 @A: 19 02 06 01 | 01
#1334-d150 @A: 14 27 06 01 | 12
#1335-d150 @A: 06 19 15 27 | 08
#1336-d150 @A: 29 06 21 18 | 02
#1337-d150 @A: 11 08 23 06 | 09
#1338-d150 @A: 30 21 06 23 | 11
#1339-d150 @A: 06 16 04 23 | 05
#1340-d150 @A: 26 06 25 04 | 10
#1341-d150 @A: 14 06 26 28 | 04
#1342-d150 @A: 24 17 14 06 | 07
#1343-d150 @A: 20 05 01 14 | 06
#1344-d150 @A: 24 14 02 05 | 03
#1345-d150 @A: 14 04 22 05 | 01
#1346-d150 @A: 25 19 24 05 | 12
#1347-d150 @A: 28 34 05 24 | 08
#1348-d150 @A: 10 23 20 03 | 02
#1349-d150 @A: 10 19 21 01 | 09
#1350-d150 @A: 10 31 27 22 | 11
#1351-d150 @A: 24 10 20 21 | 05
#1352-d150 @A: 08 21 10 23 | 10
#1353-d150 @A: 15 11 10 25 | 04
#1354-d150 @A: 30 31 23 10 | 07
#1355-d150 @A: 10 15 09 04 | 06
#1356-d150 @A: 29 30 10 04 | 03
#1357-d150 @A: 03 30 09 21 | 01
#1358-d150 @A: 30 03 31 22 | 12
#1359-d150 @A: 03 23 14 04 | 08
#1360-d150 @A: 04 22 03 34 | 02
#1361-d150 @A: 19 29 26 03 | 09
#1362-d150 @A: 25 01 11 23 | 11
#1363-d150 @A: 04 16 29 01 | 05
#1364-d150 @A: 04 27 02 32 | 10
#1365-d150 @A: 02 29 27 11 | 04
#1366-d150 @A: 32 18 19 02 | 07
#1367-d150 @A: 28 02 16 31 | 06
#1368-d150 @A: 09 34 26 02 | 03
#1369-d150 @A: 02 23 09 17 | 01
#1370-d150 @A: 19 24 23 02 | 12
#1371-d150 @A: 21 20 16 27 | 08
#1372-d150 @A: 23 11 18 27 | 02
#1373-d150 @A: 29 21 27 23 | 09
#1374-d150 @A: 11 14 17 27 | 11
#1375-d150 @A: 27 17 19 09 | 05
#1376-d150 @A: 27 22 34 29 | 10
#1377-d150 @A: 31 20 19 15 | 04
#1378-d150 @A: 25 26 31 20 | 07
#1379-d150 @A: 20 09 15 24 | 06
#1380-d150 @A: 20 25 23 15 | 03
#1381-d150 @A: 20 29 34 26 | 01
#1382-d150 @A: 18 08 15 22 | 12
#1383-d150 @A: 26 25 18 09 | 08
#1384-d150 @A: 30 18 14 28 | 02
#1385-d150 @A: 18 30 25 15 | 09
#1386-d150 @A: 22 18 28 16 | 11
#1387-d150 @A: 28 29 18 24 | 05
#1388-d150 @A: 11 30 15 08 | 10
#1389-d150 @A: 08 29 34 31 | 04
#1390-d150 @A: 08 14 15 09 | 07
#1391-d150 @A: 25 08 04 34 | 06
#1392-d150 @A: 25 26 24 08 | 03
#1393-d150 @A: 28 32 24 21 | 01
#1394-d150 @A: 04 21 31 22 | 12
#1395-d150 @A: 16 04 30 21 | 08
#1396-d150 @A: 30 15 21 17 | 02
#1397-d150 @A: 16 19 21 23 | 09
#1398-d150 @A: 32 11 23 19 | 11
#1399-d150 @A: 32 14 31 30 | 05
#1400-d150 @A: 24 25 32 31 | 10
#1401-d150 @A: 32 09 25 04 | 04
#1402-d150 @A: 25 16 09 11 | 07
#1403-d150 @A: 04 15 34 11 | 06
#1404-d150 @A: 28 23 11 15 | 03
#1405-d150 @A: 19 34 17 29 | 01
#1406-d150 @A: 14 33 13 07 | 12
#1407-d150 @A: 13 03 22 35 | 08
#1408-d150 @A: 21 33 29 13 | 02
#1409-d150 @A: 13 23 12 27 | 09
#1410-d150 @A: 25 12 13 16 | 11
#1411-d150 @A: 13 28 10 27 | 05
#1412-d150 @A: 01 32 13 22 | 10
#1413-d150 @A: 04 02 29 13 | 04
#1414-d150 @A: 27 18 29 13 | 07
#1415-d150 @A: 20 23 13 34 | 06
#1416-d150 @A: 13 23 08 16 | 03
#1417-d150 @A: 13 21 04 11 | 01
#1418-d150 @A: 24 13 09 25 | 12
#1419-d150 @A: 09 26 13 28 | 08
#1420-d150 @A: 19 30 24 13 | 02
#1421-d150 @A: 16 13 34 26 | 09
#1422-d150 @A: 21 35 07 34 | 11
#1423-d150 @A: 07 35 24 32 | 05
#1424-d150 @A: 24 33 05 07 | 10
#1425-d150 @A: 24 07 12 21 | 04
#1426-d150 @A: 23 06 07 15 | 07
#1427-d150 @A: 26 07 27 10 | 06
#1428-d150 @A: 11 07 31 03 | 03
#1429-d150 @A: 07 20 01 34 | 01
#1430-d150 @A: 31 27 07 20 | 12
#1431-d150 @A: 23 22 07 21 | 08
#1432-d150 @A: 09 14 11 07 | 02
#1433-d150 @A: 22 16 07 04 | 09
#1434-d150 @A: 14 30 19 07 | 11
#1435-d150 @A: 16 15 19 07 | 05
#1436-d150 @A: 06 12 29 35 | 10
#1437-d150 @A: 35 09 03 05 | 04
#1438-d150 @A: 35 16 05 02 | 07
#1439-d150 @A: 35 18 14 05 | 06
#1440-d150 @A: 19 35 11 05 | 03
#1441-d150 @A: 35 10 29 02 | 01
#1442-d150 @A: 08 35 18 10 | 12
#1443-d150 @A: 10 35 32 16 | 08
#1444-d150 @A: 18 03 35 29 | 02
#1445-d150 @A: 02 17 31 35 | 09
#1446-d150 @A: 25 35 32 27 | 11
#1447-d150 @A: 19 17 35 20 | 05
#1448-d150 @A: 32 08 30 35 | 10
#1449-d150 @A: 23 31 09 35 | 04
#1450-d150 @A: 22 35 14 19 | 07
#1451-d150 @A: 23 29 35 28 | 06
#1452-d150 @A: 23 33 03 12 | 03
#1453-d150 @A: 20 33 12 19 | 01
#1454-d150 @A: 14 06 18 33 | 12
#1455-d150 @A: 21 17 33 05 | 08
#1456-d150 @A: 30 20 33 10 | 02
#1457-d150 @A: 26 10 33 14 | 09
#1458-d150 @A: 33 01 20 23 | 11
#1459-d150 @A: 33 21 02 30 | 05
#1460-d150 @A: 31 21 33 27 | 10
#1461-d150 @A: 17 33 31 20 | 04
#1462-d150 @A: 25 28 18 33 | 07
#1463-d150 @A: 09 08 11 33 | 06
#1464-d150 @A: 15 33 19 04 | 03
#1465-d150 @A: 30 14 33 16 | 01
#1466-d150 @A: 33 25 30 23 | 12
#1467-d150 @A: 06 05 28 12 | 08
#1468-d150 @A: 12 05 23 21 | 02
#1469-d150 @A: 10 16 12 21 | 09
#1470-d150 @A: 01 23 19 12 | 11
#1471-d150 @A: 14 12 22 27 | 05
#1472-d150 @A: 11 18 09 12 | 10
#1473-d150 @A: 18 16 24 12 | 04
#1474-d150 @A: 31 12 08 14 | 07
#1475-d150 @A: 29 19 11 12 | 06
#1476-d150 @A: 23 12 14 34 | 03
#1477-d150 @A: 12 24 26 22 | 01
#1478-d150 @A: 12 26 29 15 | 12
#1479-d150 @A: 17 23 12 29 | 08
#1480-d150 @A: 30 10 08 06 | 02
#1481-d150 @A: 22 02 08 06 | 09
#1482-d150 @A: 11 02 14 06 | 11
#1483-d150 @A: 20 34 15 06 | 05
#1484-d150 @A: 06 18 32 30 | 10
#1485-d150 @A: 26 06 16 11 | 04
#1486-d150 @A: 04 30 06 28 | 07
#1487-d150 @A: 28 06 22 25 | 06
#1488-d150 @A: 15 29 06 28 | 03
#1489-d150 @A: 20 16 10 05 | 01
#1490-d150 @A: 10 05 11 04 | 12
#1491-d150 @A: 02 05 26 03 | 08
#1492-d150 @A: 30 11 01 05 | 02
#1493-d150 @A: 18 05 32 25 | 09
#1494-d150 @A: 08 05 32 23 | 11
#1495-d150 @A: 26 17 05 04 | 05
#1496-d150 @A: 03 10 22 11 | 10
#1497-d150 @A: 15 10 27 20 | 04
#1498-d150 @A: 27 18 10 04 | 07
#1499-d150 @A: 27 32 19 10 | 06
#1500-d150 @A: 10 20 34 31 | 03
#1501-d150 @A: 10 09 26 20 | 01
#1502-d150 @A: 26 30 18 10 | 12
#1503-d150 @A: 22 10 17 11 | 08
#1504-d150 @A: 26 10 28 19 | 02
#1505-d150 @A: 10 26 34 25 | 09
#1506-d150 @A: 32 30 03 01 | 11
#1507-d150 @A: 11 01 09 03 | 05
#1508-d150 @A: 34 17 02 03 | 10
#1509-d150 @A: 08 32 09 03 | 04
#1510-d150 @A: 03 32 31 21 | 07
#1511-d150 @A: 26 03 34 11 | 06
#1512-d150 @A: 04 03 17 09 | 03
#1513-d150 @A: 09 24 03 34 | 01
#1514-d150 @A: 02 01 21 16 | 12
#1515-d150 @A: 01 08 22 21 | 08
#1516-d150 @A: 29 14 21 01 | 02
#1517-d150 @A: 23 34 01 09 | 09
#1518-d150 @A: 01 19 04 25 | 11
#1519-d150 @A: 16 01 25 34 | 05
#1520-d150 @A: 25 01 28 24 | 10
#1521-d150 @A: 02 27 08 15 | 04
#1522-d150 @A: 02 11 22 21 | 07
#1523-d150 @A: 15 19 28 02 | 06
#1524-d150 @A: 02 23 28 25 | 03
#1525-d150 @A: 19 27 20 08 | 01
#1526-d150 @A: 27 30 31 18 | 12
#1527-d150 @A: 22 19 21 27 | 08
#1528-d150 @A: 27 19 25 31 | 02
#1529-d150 @A: 09 19 27 04 | 09
#1530-d150 @A: 27 14 28 24 | 11
#1531-d150 @A: 25 34 15 27 | 05
#1532-d150 @A: 27 28 17 29 | 10
#1533-d150 @A: 20 25 04 30 | 04
#1534-d150 @A: 29 28 16 20 | 07
#1535-d150 @A: 08 18 14 17 | 06
#1536-d150 @A: 18 22 32 29 | 03
#1537-d150 @A: 04 18 11 22 | 01
#1538-d150 @A: 34 15 18 09 | 12
#1539-d150 @A: 25 32 08 15 | 08
#1540-d150 @A: 04 08 30 19 | 02
#1541-d150 @A: 28 31 11 21 | 09
#1542-d150 @A: 09 21 04 24 | 11
#1543-d150 @A: 28 09 14 21 | 05
#1544-d150 @A: 21 04 34 29 | 10
#1545-d150 @A: 22 34 16 32 | 04
#1546-d150 @A: 16 30 34 11 | 07
#1547-d150 @A: 30 28 11 17 | 06
#1548-d150 @A: 19 28 25 11 | 03
#1549-d150 @A: 26 22 25 11 | 01
#1550-d150 @A: 23 34 11 22 | 12
#1551-d150 @A: 28 34 11 29 | 08
#1552-d150 @A: 22 17 09 24 | 02
#1553-d150 @A: 25 19 14 17 | 09
#1554-d150 @A: 23 25 16 17 | 11
#1555-d150 @A: 28 23 17 14 | 05
#1556-d150 @A: 23 17 22 26 | 10
#1557-d150 @A: 07 13 10 25 | 04
#1558-d150 @A: 13 15 07 32 | 07
#1559-d150 @A: 29 35 13 11 | 06
#1560-d150 @A: 13 24 15 35 | 03
#1561-d150 @A: 05 33 13 26 | 01
#1562-d150 @A: 14 12 13 06 | 12
#1563-d150 @A: 23 21 13 01 | 08
#1564-d150 @A: 18 26 02 13 | 02
#1565-d150 @A: 11 13 08 24 | 09
#1566-d150 @A: 31 11 13 09 | 11
#1567-d150 @A: 09 29 16 13 | 05
#1568-d150 @A: 14 13 24 26 | 10
#1569-d150 @A: 13 14 29 22 | 04
#1570-d150 @A: 07 09 35 12 | 07
#1571-d150 @A: 27 07 35 23 | 06
#1572-d150 @A: 18 07 34 33 | 03
#1573-d150 @A: 24 07 02 06 | 01
#1574-d150 @A: 05 07 28 23 | 12
#1575-d150 @A: 15 07 02 10 | 08
#1576-d150 @A: 07 01 17 22 | 02
#1577-d150 @A: 28 18 07 02 | 09
#1578-d150 @A: 16 08 21 07 | 11
#1579-d150 @A: 07 08 26 04 | 05
#1580-d150 @A: 07 29 17 11 | 10
#1581-d150 @A: 19 33 21 35 | 04
#1582-d150 @A: 33 14 35 28 | 07
#1583-d150 @A: 24 35 05 12 | 06
#1584-d150 @A: 10 35 12 19 | 03
#1585-d150 @A: 09 35 06 18 | 01
#1586-d150 @A: 05 35 21 31 | 12
#1587-d150 @A: 35 11 26 10 | 08
#1588-d150 @A: 20 18 22 35 | 02
#1589-d150 @A: 35 28 26 20 | 09
#1590-d150 @A: 31 35 19 16 | 11
#1591-d150 @A: 35 19 25 23 | 05
#1592-d150 @A: 16 25 26 35 | 10
#1593-d150 @A: 34 35 26 22 | 04
#1594-d150 @A: 34 24 35 23 | 07
#1595-d150 @A: 29 05 33 11 | 06
#1596-d150 @A: 10 33 02 19 | 03
#1597-d150 @A: 03 17 29 33 | 01
#1598-d150 @A: 21 33 25 01 | 12
#1599-d150 @A: 02 25 33 27 | 08
#1600-d150 @A: 18 33 24 27 | 02
#1601-d150 @A: 20 21 15 33 | 09
#1602-d150 @A: 08 23 33 31 | 11
#1603-d150 @A: 11 04 17 33 | 05
#1604-d150 @A: 11 19 33 30 | 10
#1605-d150 @A: 19 33 26 34 | 04
#1606-d150 @A: 23 28 26 33 | 07
#1607-d150 @A: 12 06 04 01 | 06
#1608-d150 @A: 12 06 08 27 | 03
#1609-d150 @A: 19 12 05 27 | 01
#1610-d150 @A: 23 11 12 10 | 12
#1611-d150 @A: 01 03 25 12 | 08
#1612-d150 @A: 12 27 31 03 | 02
#1613-d150 @A: 32 15 03 12 | 09
#1614-d150 @A: 16 12 31 01 | 11
#1615-d150 @A: 12 02 18 23 | 05
#1616-d150 @A: 15 09 12 16 | 10
#1617-d150 @A: 12 23 16 28 | 04
#1618-d150 @A: 01 06 05 22 | 07
#1619-d150 @A: 06 11 15 05 | 06
#1620-d150 @A: 06 05 25 31 | 03
#1621-d150 @A: 03 06 27 26 | 01
#1622-d150 @A: 28 06 32 02 | 12
#1623-d150 @A: 06 09 19 26 | 08
#1624-d150 @A: 14 30 06 34 | 02
#1625-d150 @A: 22 34 06 19 | 09
#1626-d150 @A: 02 10 05 23 | 11
#1627-d150 @A: 05 28 21 03 | 05
#1628-d150 @A: 32 03 05 04 | 10
#1629-d150 @A: 02 05 04 15 | 04
#1630-d150 @A: 05 27 18 26 | 07
#1631-d150 @A: 17 28 05 18 | 06
#1632-d150 @A: 26 09 05 15 | 03
#1633-d150 @A: 10 31 03 17 | 01
#1634-d150 @A: 10 01 02 04 | 12
#1635-d150 @A: 15 18 32 10 | 08
#1636-d150 @A: 09 10 22 21 | 02
#1637-d150 @A: 04 10 23 19 | 09
#1638-d150 @A: 19 29 22 10 | 11
#1639-d150 @A: 29 14 10 28 | 05
#1640-d150 @A: 23 10 28 24 | 10
#1641-d150 @A: 34 02 03 27 | 04
#1642-d150 @A: 03 29 30 02 | 07
#1643-d150 @A: 19 11 03 27 | 06
#1644-d150 @A: 03 25 21 14 | 03
#1645-d150 @A: 31 28 03 09 | 01
#1646-d150 @A: 23 28 03 30 | 12
#1647-d150 @A: 26 15 03 22 | 08
#1648-d150 @A: 01 18 27 19 | 02
#1649-d150 @A: 20 11 19 01 | 09
#1650-d150 @A: 01 34 08 11 | 11
#1651-d150 @A: 28 01 14 08 | 05
#1652-d150 @A: 30 23 01 15 | 10
#1653-d150 @A: 14 23 24 01 | 04
#1654-d150 @A: 20 08 14 02 | 07
#1655-d150 @A: 11 31 18 02 | 06
#1656-d150 @A: 16 02 08 11 | 03
#1657-d150 @A: 09 21 02 25 | 01
#1658-d150 @A: 34 02 04 23 | 12
#1659-d150 @A: 19 14 02 25 | 08
#1660-d150 @A: 02 24 16 26 | 02
#1661-d150 @A: 27 20 11 28 | 09
#1662-d150 @A: 26 08 21 27 | 11
#1663-d150 @A: 34 26 32 27 | 05
#1664-d150 @A: 27 25 29 09 | 10
#1665-d150 @A: 09 24 26 27 | 04
#1666-d150 @A: 30 24 27 25 | 07
#1667-d150 @A: 32 20 08 22 | 06
#1668-d150 @A: 23 20 21 11 | 03
#1669-d150 @A: 20 09 29 31 | 01
#1670-d150 @A: 20 04 15 22 | 12
#1671-d150 @A: 09 18 08 24 | 08
#1672-d150 @A: 21 34 18 25 | 02
#1673-d150 @A: 17 16 09 18 | 09
#1674-d150 @A: 30 04 23 18 | 11
#1675-d150 @A: 17 19 18 04 | 05
#1676-d150 @A: 34 29 18 23 | 10
#1677-d150 @A: 22 08 25 30 | 04
#1678-d150 @A: 30 28 08 34 | 07
#1679-d150 @A: 14 30 21 22 | 06
#1680-d150 @A: 16 22 25 21 | 03
#1681-d150 @A: 15 21 16 29 | 01
#1682-d150 @A: 23 21 25 24 | 12
#1683-d150 @A: 32 31 29 16 | 08
#1684-d150 @A: 19 14 32 28 | 02
#1685-d150 @A: 23 32 34 28 | 09
#1686-d150 @A: 17 31 24 11 | 11
#1687-d150 @A: 23 11 09 26 | 05
#1688-d150 @A: 30 28 26 11 | 10
#1689-d150 @A: 25 11 34 17 | 04
