#0001-d230 @A: 23 14 33 10 | 02
#0002-d230 @A: 20 25 14 10 | 11
#0003-d230 @A: 10 08 15 16 | 07
#0004-d230 @A: 10 25 19 24 | 08
#0005-d230 @A: 28 30 10 01 | 04
#0006-d230 @A: 19 04 01 10 | 06
#0007-d230 @A: 28 10 03 12 | 01
#0008-d230 @A: 28 25 10 02 | 09
#0009-d230 @A: 03 10 07 13 | 05
#0010-d230 @A: 26 02 10 04 | 03
#0011-d230 @A: 32 10 06 13 | 12
#0012-d230 @A: 10 12 29 11 | 10
#0013-d230 @A: 10 22 27 11 | 02
#0014-d230 @A: 21 23 26 02 | 11
#0015-d230 @A: 33 21 20 09 | 07
#0016-d230 @A: 21 29 20 05 | 08
#0017-d230 @A: 30 22 20 21 | 04
#0018-d230 @A: 18 21 09 12 | 06
#0019-d230 @A: 21 02 14 16 | 01
#0020-d230 @A: 21 24 14 27 | 09
#0021-d230 @A: 21 15 07 14 | 05
#0022-d230 @A: 02 21 09 24 | 03
#0023-d230 @A: 28 24 21 34 | 12
#0024-d230 @A: 11 24 21 26 | 10
#0025-d230 @A: 31 26 21 06 | 02
#0026-d230 @A: 31 21 34 04 | 11
#0027-d230 @A: 21 19 30 34 | 07
#0028-d230 @A: 21 30 32 03 | 08
#0029-d230 @A: 26 25 21 08 | 04
#0030-d230 @A: 11 04 33 21 | 06
#0031-d230 @A: 21 32 22 13 | 01
#0032-d230 @A: 23 16 15 20 | 09
#0033-d230 @A: 23 31 14 13 | 05
#0034-d230 @A: 02 03 16 23 | 03
#0035-d230 @A: 04 24 19 23 | 12
#0036-d230 @A: 23 01 03 04 | 10
#0037-d230 @A: 30 31 08 23 | 02
#0038-d230 @A: 11 26 28 23 | 11
#0039-d230 @A: 03 25 22 23 | 07
#0040-d230 @A: 08 17 11 23 | 08
#0041-d230 @A: 06 25 29 23 | 04
#0042-d230 @A: 23 11 15 29 | 06
#0043-d230 @A: 32 23 04 27 | 01
#0044-d230 @A: 30 22 29 23 | 09
#0045-d230 @A: 27 18 20 17 | 05
#0046-d230 @A: 27 09 20 14 | 03
#0047-d230 @A: 20 16 02 26 | 12
#0048-d230 @A: 20 12 16 08 | 10
#0049-d230 @A: 33 19 24 20 | 02
#0050-d230 @A: 19 31 20 09 | 11
#0051-d230 @A: 01 07 20 25 | 07
#0052-d230 @A: 17 20 31 33 | 08
#0053-d230 @A: 19 20 06 08 | 04
#0054-d230 @A: 20 03 35 08 | 06
#0055-d230 @A: 08 33 20 25 | 01
#0056-d230 @A: 13 30 32 20 | 09
#0057-d230 @A: 20 15 35 30 | 05
#0058-d230 @A: 17 06 14 18 | 03
#0059-d230 @A: 03 24 30 18 | 12
#0060-d230 @A: 04 24 18 13 | 10
#0061-d230 @A: 01 35 26 18 | 02
#0062-d230 @A: 18 08 28 35 | 11
#0063-d230 @A: 18 26 29 13 | 07
#0064-d230 @A: 25 18 35 30 | 08
#0065-d230 @A: 14 09 04 24 | 04
#0066-d230 @A: 03 29 24 14 | 06
#0067-d230 @A: 28 01 14 02 | 01
#0068-d230 @A: 33 06 01 14 | 09
#0069-d230 @A: 31 14 33 34 | 05
#0070-d230 @A: 12 19 34 14 | 03
#0071-d230 @A: 03 07 14 33 | 12
#0072-d230 @A: 26 14 25 06 | 10
#0073-d230 @A: 33 11 30 14 | 02
#0074-d230 @A: 14 30 04 22 | 11
#0075-d230 @A: 09 16 01 13 | 07
#0076-d230 @A: 27 17 09 16 | 08
#0077-d230 @A: 09 05 16 08 | 04
#0078-d230 @A: 28 06 04 16 | 06
#0079-d230 @A: 16 26 03 04 | 01
#0080-d230 @A: 17 16 32 08 | 09
#0081-d230 @A: 05 34 16 07 | 05
#0082-d230 @A: 22 32 16 06 | 03
#0083-d230 @A: 29 16 35 30 | 12
#0084-d230 @A: 16 34 12 15 | 10
#0085-d230 @A: 24 09 15 08 | 02
#0086-d230 @A: 03 24 19 01 | 11
#0087-d230 @A: 01 24 27 08 | 07
#0088-d230 @A: 31 24 22 26 | 08
#0089-d230 @A: 07 24 15 31 | 04
#0090-d230 @A: 31 08 11 24 | 06
#0091-d230 @A: 25 24 07 28 | 01
#0092-d230 @A: 03 24 15 34 | 09
#0093-d230 @A: 15 11 17 24 | 05
#0094-d230 @A: 04 06 32 24 | 03
#0095-d230 @A: 09 01 12 27 | 12
#0096-d230 @A: 28 13 31 09 | 10
#0097-d230 @A: 05 15 31 09 | 02
#0098-d230 @A: 34 17 28 09 | 11
#0099-d230 @A: 11 09 27 06 | 07
#0100-d230 @A: 34 25 33 09 | 08
#0101-d230 @A: 13 09 05 35 | 04
#0102-d230 @A: 28 17 01 11 | 06
#0103-d230 @A: 15 04 01 33 | 01
#0104-d230 @A: 26 08 29 31 | 09
#0105-d230 @A: 17 31 08 15 | 05
#0106-d230 @A: 04 13 31 05 | 03
#0107-d230 @A: 30 22 31 35 | 12
#0108-d230 @A: 31 27 34 15 | 10
#0109-d230 @A: 28 03 05 08 | 02
#0110-d230 @A: 13 07 22 28 | 11
#0111-d230 @A: 22 11 28 32 | 07
#0112-d230 @A: 13 28 02 29 | 08
#0113-d230 @A: 12 15 28 13 | 04
#0114-d230 @A: 06 19 35 25 | 06
#0115-d230 @A: 19 05 06 29 | 01
#0116-d230 @A: 19 25 05 33 | 09
#0117-d230 @A: 34 29 03 11 | 05
#0118-d230 @A: 27 03 02 33 | 03
#0119-d230 @A: 30 12 25 03 | 12
#0120-d230 @A: 35 26 29 27 | 10
#0121-d230 @A: 17 35 30 06 | 02
#0122-d230 @A: 06 05 13 17 | 11
#0123-d230 @A: 13 08 11 07 | 07
#0124-d230 @A: 08 07 33 04 | 08
#0125-d230 @A: 06 32 30 07 | 04
#0126-d230 @A: 29 35 04 07 | 06
#0127-d230 @A: 33 15 27 07 | 01
#0128-d230 @A: 08 06 34 32 | 09
#0129-d230 @A: 02 04 25 08 | 05
#0130-d230 @A: 33 08 27 34 | 03
#0131-d230 @A: 15 29 08 25 | 12
#0132-d230 @A: 04 35 15 34 | 10
#0133-d230 @A: 30 34 25 02 | 02
#0134-d230 @A: 15 18 10 21 | 11
#0135-d230 @A: 10 21 35 07 | 07
#0136-d230 @A: 10 21 34 11 | 08
#0137-d230 @A: 33 21 29 10 | 04
#0138-d230 @A: 19 18 06 10 | 06
#0139-d230 @A: 18 13 08 10 | 01
#0140-d230 @A: 16 10 32 01 | 09
#0141-d230 @A: 16 10 13 28 | 05
#0142-d230 @A: 16 28 34 10 | 03
#0143-d230 @A: 16 27 10 19 | 12
#0144-d230 @A: 24 27 28 10 | 10
#0145-d230 @A: 03 10 24 11 | 02
#0146-d230 @A: 33 09 10 26 | 11
#0147-d230 @A: 30 09 34 10 | 07
#0148-d230 @A: 07 10 11 28 | 08
#0149-d230 @A: 15 13 17 10 | 04
#0150-d230 @A: 06 10 11 08 | 06
#0151-d230 @A: 35 06 10 15 | 01
#0152-d230 @A: 30 10 02 33 | 09
#0153-d230 @A: 10 25 22 05 | 05
#0154-d230 @A: 27 29 10 32 | 03
#0155-d230 @A: 21 18 23 11 | 12
#0156-d230 @A: 23 24 33 21 | 10
#0157-d230 @A: 34 21 23 05 | 02
#0158-d230 @A: 08 20 27 21 | 11
#0159-d230 @A: 08 14 21 04 | 07
#0160-d230 @A: 30 21 25 14 | 08
#0161-d230 @A: 09 17 21 22 | 04
#0162-d230 @A: 13 09 21 07 | 06
#0163-d230 @A: 21 28 12 35 | 01
#0164-d230 @A: 22 04 21 26 | 09
#0165-d230 @A: 30 21 33 17 | 05
#0166-d230 @A: 35 11 30 21 | 03
#0167-d230 @A: 13 04 25 21 | 12
#0168-d230 @A: 25 21 33 02 | 10
#0169-d230 @A: 27 23 18 31 | 02
#0170-d230 @A: 23 14 32 25 | 11
#0171-d230 @A: 23 16 29 31 | 07
#0172-d230 @A: 19 05 23 16 | 08
#0173-d230 @A: 11 32 23 24 | 04
#0174-d230 @A: 31 23 26 05 | 06
#0175-d230 @A: 23 03 19 15 | 01
#0176-d230 @A: 23 29 12 26 | 09
#0177-d230 @A: 22 35 17 23 | 05
#0178-d230 @A: 05 04 23 08 | 03
#0179-d230 @A: 25 02 23 15 | 12
#0180-d230 @A: 23 02 35 13 | 10
#0181-d230 @A: 20 18 24 01 | 02
#0182-d230 @A: 06 31 18 20 | 11
#0183-d230 @A: 25 20 34 14 | 07
#0184-d230 @A: 30 20 16 19 | 08
#0185-d230 @A: 24 31 20 34 | 04
#0186-d230 @A: 01 12 20 32 | 06
#0187-d230 @A: 26 08 20 11 | 01
#0188-d230 @A: 17 20 02 05 | 09
#0189-d230 @A: 22 06 33 20 | 05
#0190-d230 @A: 20 13 33 11 | 03
#0191-d230 @A: 20 25 13 22 | 12
#0192-d230 @A: 18 01 14 04 | 10
#0193-d230 @A: 33 09 18 24 | 02
#0194-d230 @A: 24 18 34 33 | 11
#0195-d230 @A: 07 31 18 29 | 07
#0196-d230 @A: 18 28 04 29 | 08
#0197-d230 @A: 34 18 08 25 | 04
#0198-d230 @A: 11 18 32 05 | 06
#0199-d230 @A: 15 14 16 01 | 01
#0200-d230 @A: 28 32 24 14 | 09
#0201-d230 @A: 24 07 06 14 | 05
#0202-d230 @A: 31 09 14 17 | 03
#0203-d230 @A: 13 19 14 35 | 12
#0204-d230 @A: 03 17 34 14 | 10
#0205-d230 @A: 34 26 30 14 | 02
#0206-d230 @A: 14 07 08 17 | 11
#0207-d230 @A: 11 13 14 27 | 07
#0208-d230 @A: 04 14 35 32 | 08
#0209-d230 @A: 29 14 15 35 | 04
#0210-d230 @A: 09 15 16 25 | 06
#0211-d230 @A: 31 16 26 13 | 01
#0212-d230 @A: 31 02 16 32 | 09
#0213-d230 @A: 16 17 33 26 | 05
#0214-d230 @A: 22 26 16 08 | 03
#0215-d230 @A: 15 17 16 22 | 12
#0216-d230 @A: 35 02 16 33 | 10
#0217-d230 @A: 11 07 24 01 | 02
#0218-d230 @A: 07 30 24 05 | 11
#0219-d230 @A: 24 30 06 11 | 07
#0220-d230 @A: 05 11 02 24 | 08
#0221-d230 @A: 13 24 33 32 | 04
#0222-d230 @A: 24 29 27 34 | 06
#0223-d230 @A: 12 05 35 24 | 01
#0224-d230 @A: 07 30 09 31 | 09
#0225-d230 @A: 09 28 11 03 | 05
#0226-d230 @A: 26 28 05 09 | 03
#0227-d230 @A: 33 09 02 28 | 12
#0228-d230 @A: 08 09 34 05 | 10
#0229-d230 @A: 09 02 32 06 | 02
#0230-d230 @A: 04 09 13 15 | 11
#0231-d230 @A: 27 09 22 32 | 07
#0232-d230 @A: 31 01 28 27 | 08
#0233-d230 @A: 01 25 28 03 | 04
#0234-d230 @A: 27 03 11 01 | 06
#0235-d230 @A: 06 32 01 26 | 01
#0236-d230 @A: 02 26 27 01 | 09
#0237-d230 @A: 01 34 02 06 | 05
#0238-d230 @A: 12 01 05 34 | 03
#0239-d230 @A: 31 04 07 28 | 12
#0240-d230 @A: 31 28 12 08 | 10
#0241-d230 @A: 31 29 30 03 | 02
#0242-d230 @A: 26 12 31 07 | 11
#0243-d230 @A: 31 17 07 05 | 07
#0244-d230 @A: 06 31 27 29 | 08
#0245-d230 @A: 31 25 05 32 | 04
#0246-d230 @A: 33 28 19 07 | 06
#0247-d230 @A: 04 30 17 28 | 01
#0248-d230 @A: 15 11 35 28 | 09
#0249-d230 @A: 26 07 15 19 | 05
#0250-d230 @A: 04 02 11 19 | 03
#0251-d230 @A: 32 11 35 19 | 12
#0252-d230 @A: 19 04 15 35 | 10
#0253-d230 @A: 17 30 03 13 | 02
#0254-d230 @A: 03 04 27 06 | 11
#0255-d230 @A: 30 22 11 03 | 07
#0256-d230 @A: 03 11 35 13 | 08
#0257-d230 @A: 29 02 05 03 | 04
#0258-d230 @A: 22 03 35 34 | 06
#0259-d230 @A: 32 03 12 27 | 01
#0260-d230 @A: 06 26 27 30 | 09
#0261-d230 @A: 32 13 26 35 | 05
#0262-d230 @A: 17 29 34 07 | 03
#0263-d230 @A: 22 35 02 08 | 12
#0264-d230 @A: 04 34 30 06 | 10
#0265-d230 @A: 08 05 10 21 | 02
#0266-d230 @A: 10 18 32 20 | 11
#0267-d230 @A: 20 29 08 10 | 07
#0268-d230 @A: 18 27 10 09 | 08
#0269-d230 @A: 18 10 28 05 | 04
#0270-d230 @A: 30 10 14 19 | 06
#0271-d230 @A: 06 31 16 10 | 01
#0272-d230 @A: 10 34 25 24 | 09
#0273-d230 @A: 33 01 34 10 | 05
#0274-d230 @A: 07 10 26 34 | 03
#0275-d230 @A: 26 10 32 08 | 12
#0276-d230 @A: 17 10 07 30 | 10
#0277-d230 @A: 33 10 06 04 | 02
#0278-d230 @A: 11 13 02 10 | 11
#0279-d230 @A: 25 10 32 33 | 07
#0280-d230 @A: 27 10 13 25 | 08
#0281-d230 @A: 10 29 02 34 | 04
#0282-d230 @A: 30 27 35 10 | 06
#0283-d230 @A: 10 35 13 12 | 01
#0284-d230 @A: 23 06 21 20 | 09
#0285-d230 @A: 21 20 12 07 | 05
#0286-d230 @A: 21 02 18 01 | 03
#0287-d230 @A: 07 30 18 21 | 12
#0288-d230 @A: 04 19 16 21 | 10
#0289-d230 @A: 21 16 27 05 | 02
#0290-d230 @A: 15 27 09 21 | 11
#0291-d230 @A: 01 21 17 03 | 07
#0292-d230 @A: 22 03 07 21 | 08
#0293-d230 @A: 04 21 06 05 | 04
#0294-d230 @A: 13 21 02 06 | 06
#0295-d230 @A: 12 22 21 05 | 01
#0296-d230 @A: 16 23 32 18 | 09
#0297-d230 @A: 35 23 18 06 | 05
#0298-d230 @A: 34 04 23 18 | 03
#0299-d230 @A: 23 14 24 34 | 12
#0300-d230 @A: 19 14 28 23 | 10
#0301-d230 @A: 14 23 35 07 | 02
#0302-d230 @A: 14 06 23 08 | 11
#0303-d230 @A: 28 16 23 33 | 07
#0304-d230 @A: 23 28 17 24 | 08
#0305-d230 @A: 23 01 07 06 | 04
#0306-d230 @A: 07 23 30 28 | 06
#0307-d230 @A: 23 34 15 28 | 01
#0308-d230 @A: 02 08 19 23 | 09
#0309-d230 @A: 23 12 07 17 | 05
#0310-d230 @A: 08 20 13 14 | 03
#0311-d230 @A: 16 29 01 20 | 12
#0312-d230 @A: 30 28 31 20 | 10
#0313-d230 @A: 31 20 03 12 | 02
#0314-d230 @A: 20 35 17 19 | 11
#0315-d230 @A: 20 19 13 02 | 07
#0316-d230 @A: 22 19 32 20 | 08
#0317-d230 @A: 11 20 03 05 | 04
#0318-d230 @A: 35 11 20 06 | 06
#0319-d230 @A: 32 20 33 27 | 01
#0320-d230 @A: 20 35 29 22 | 09
#0321-d230 @A: 27 16 14 18 | 05
#0322-d230 @A: 32 30 14 18 | 03
#0323-d230 @A: 18 16 34 02 | 12
#0324-d230 @A: 09 06 28 18 | 10
#0325-d230 @A: 19 22 18 09 | 02
#0326-d230 @A: 31 13 18 01 | 11
#0327-d230 @A: 05 01 18 25 | 07
#0328-d230 @A: 31 04 08 18 | 08
#0329-d230 @A: 35 18 19 02 | 04
#0330-d230 @A: 03 08 18 11 | 06
#0331-d230 @A: 27 13 18 03 | 01
#0332-d230 @A: 17 18 34 06 | 09
#0333-d230 @A: 18 34 07 30 | 05
#0334-d230 @A: 18 11 25 13 | 03
#0335-d230 @A: 12 18 15 30 | 12
#0336-d230 @A: 24 02 19 14 | 10
#0337-d230 @A: 14 13 09 03 | 02
#0338-d230 @A: 14 09 26 02 | 11
#0339-d230 @A: 08 14 33 09 | 07
#0340-d230 @A: 12 01 08 14 | 08
#0341-d230 @A: 17 33 14 05 | 04
#0342-d230 @A: 04 06 02 14 | 06
#0343-d230 @A: 14 22 06 34 | 01
#0344-d230 @A: 30 29 14 12 | 09
#0345-d230 @A: 09 16 33 30 | 05
#0346-d230 @A: 08 16 07 31 | 03
#0347-d230 @A: 02 16 04 15 | 12
#0348-d230 @A: 16 29 34 33 | 10
#0349-d230 @A: 29 22 27 16 | 02
#0350-d230 @A: 24 26 01 30 | 11
#0351-d230 @A: 31 24 28 33 | 07
#0352-d230 @A: 25 02 03 24 | 08
#0353-d230 @A: 24 29 04 22 | 04
#0354-d230 @A: 30 13 22 24 | 06
#0355-d230 @A: 35 32 24 22 | 01
#0356-d230 @A: 15 09 19 01 | 09
#0357-d230 @A: 27 09 19 35 | 05
#0358-d230 @A: 09 22 29 07 | 03
#0359-d230 @A: 05 09 29 11 | 12
#0360-d230 @A: 29 09 04 30 | 10
#0361-d230 @A: 27 09 05 33 | 02
#0362-d230 @A: 09 32 29 25 | 11
#0363-d230 @A: 29 31 17 01 | 07
#0364-d230 @A: 19 12 26 01 | 08
#0365-d230 @A: 01 19 07 30 | 04
#0366-d230 @A: 35 29 19 01 | 06
#0367-d230 @A: 22 01 07 26 | 01
#0368-d230 @A: 27 04 01 35 | 09
#0369-d230 @A: 01 33 30 22 | 05
#0370-d230 @A: 33 35 01 05 | 03
#0371-d230 @A: 02 01 29 15 | 12
#0372-d230 @A: 17 19 13 31 | 10
#0373-d230 @A: 19 06 07 31 | 02
#0374-d230 @A: 33 26 03 31 | 11
#0375-d230 @A: 31 11 04 26 | 07
#0376-d230 @A: 31 27 32 08 | 08
#0377-d230 @A: 32 06 11 31 | 04
#0378-d230 @A: 31 33 11 27 | 06
#0379-d230 @A: 31 13 25 12 | 01
#0380-d230 @A: 12 34 22 31 | 09
#0381-d230 @A: 22 04 15 28 | 05
#0382-d230 @A: 34 30 28 32 | 03
#0383-d230 @A: 27 12 28 34 | 12
#0384-d230 @A: 19 33 12 35 | 10
#0385-d230 @A: 15 27 32 19 | 02
#0386-d230 @A: 02 26 13 03 | 11
#0387-d230 @A: 29 15 03 27 | 07
#0388-d230 @A: 15 13 32 03 | 08
#0389-d230 @A: 26 07 35 30 | 04
#0390-d230 @A: 26 35 08 33 | 06
#0391-d230 @A: 26 22 06 35 | 01
#0392-d230 @A: 02 35 26 11 | 09
#0393-d230 @A: 05 33 02 26 | 05
#0394-d230 @A: 07 32 27 17 | 03
#0395-d230 @A: 04 15 06 17 | 12
#0396-d230 @A: 11 35 05 17 | 10
#0397-d230 @A: 34 02 17 15 | 02
#0398-d230 @A: 02 08 07 32 | 11
#0399-d230 @A: 32 11 33 07 | 07
#0400-d230 @A: 11 05 12 07 | 08
#0401-d230 @A: 04 32 07 22 | 04
#0402-d230 @A: 30 33 07 29 | 06
#0403-d230 @A: 32 05 07 29 | 01
#0404-d230 @A: 11 15 08 33 | 09
#0405-d230 @A: 08 04 13 35 | 05
#0406-d230 @A: 08 05 32 33 | 03
#0407-d230 @A: 29 35 08 32 | 12
#0408-d230 @A: 34 33 22 30 | 10
#0409-d230 @A: 20 21 10 02 | 02
#0410-d230 @A: 16 24 23 10 | 11
#0411-d230 @A: 01 25 10 23 | 07
#0412-d230 @A: 10 23 31 19 | 08
#0413-d230 @A: 06 10 26 23 | 04
#0414-d230 @A: 32 35 23 10 | 06
#0415-d230 @A: 10 17 12 20 | 01
#0416-d230 @A: 05 10 20 07 | 09
#0417-d230 @A: 33 10 18 03 | 05
#0418-d230 @A: 10 02 16 09 | 03
#0419-d230 @A: 10 15 29 24 | 12
#0420-d230 @A: 28 10 09 17 | 10
#0421-d230 @A: 31 35 10 05 | 02
#0422-d230 @A: 22 10 26 19 | 11
#0423-d230 @A: 06 30 05 10 | 07
#0424-d230 @A: 35 22 04 10 | 08
#0425-d230 @A: 21 16 23 12 | 04
#0426-d230 @A: 15 31 21 23 | 06
#0427-d230 @A: 23 07 32 21 | 01
#0428-d230 @A: 15 26 20 21 | 09
#0429-d230 @A: 34 21 29 20 | 05
#0430-d230 @A: 33 16 21 07 | 03
#0431-d230 @A: 22 25 16 21 | 12
#0432-d230 @A: 34 13 16 21 | 10
#0433-d230 @A: 31 24 35 21 | 02
#0434-d230 @A: 24 21 29 08 | 11
#0435-d230 @A: 01 04 21 28 | 07
#0436-d230 @A: 15 08 01 21 | 08
#0437-d230 @A: 21 35 01 32 | 04
#0438-d230 @A: 13 11 21 28 | 06
#0439-d230 @A: 17 21 26 29 | 01
#0440-d230 @A: 11 06 07 21 | 09
#0441-d230 @A: 32 11 21 27 | 05
#0442-d230 @A: 34 01 20 23 | 03
#0443-d230 @A: 12 18 23 14 | 12
#0444-d230 @A: 24 23 01 05 | 10
#0445-d230 @A: 24 31 12 23 | 02
#0446-d230 @A: 31 11 23 25 | 11
#0447-d230 @A: 33 23 26 07 | 07
#0448-d230 @A: 08 26 23 15 | 08
#0449-d230 @A: 06 15 23 27 | 04
#0450-d230 @A: 23 33 25 35 | 06
#0451-d230 @A: 33 29 27 23 | 01
#0452-d230 @A: 14 18 29 20 | 09
#0453-d230 @A: 31 22 14 20 | 05
#0454-d230 @A: 35 28 16 20 | 03
#0455-d230 @A: 20 03 15 24 | 12
#0456-d230 @A: 19 03 26 20 | 10
#0457-d230 @A: 26 07 20 29 | 02
#0458-d230 @A: 25 20 32 06 | 11
#0459-d230 @A: 05 20 30 33 | 07
#0460-d230 @A: 05 20 27 22 | 08
#0461-d230 @A: 35 20 13 27 | 04
#0462-d230 @A: 18 19 05 14 | 06
#0463-d230 @A: 16 18 25 28 | 01
#0464-d230 @A: 17 24 29 18 | 09
#0465-d230 @A: 09 17 13 18 | 05
#0466-d230 @A: 09 04 11 18 | 03
#0467-d230 @A: 08 01 07 18 | 12
#0468-d230 @A: 18 31 17 35 | 10
#0469-d230 @A: 04 32 18 19 | 02
#0470-d230 @A: 18 26 17 12 | 11
#0471-d230 @A: 25 33 18 07 | 07
#0472-d230 @A: 18 25 27 06 | 08
#0473-d230 @A: 15 25 04 18 | 04
#0474-d230 @A: 05 27 29 18 | 06
#0475-d230 @A: 18 02 13 05 | 01
#0476-d230 @A: 01 13 14 24 | 09
#0477-d230 @A: 14 24 31 30 | 05
#0478-d230 @A: 24 17 14 35 | 03
#0479-d230 @A: 14 11 35 09 | 12
#0480-d230 @A: 14 11 34 01 | 10
#0481-d230 @A: 27 14 28 03 | 02
#0482-d230 @A: 08 14 30 28 | 11
#0483-d230 @A: 22 26 03 14 | 07
#0484-d230 @A: 14 26 12 11 | 08
#0485-d230 @A: 32 27 06 14 | 04
#0486-d230 @A: 22 11 14 25 | 06
#0487-d230 @A: 34 14 27 04 | 01
#0488-d230 @A: 25 02 14 12 | 09
#0489-d230 @A: 14 32 13 29 | 05
#0490-d230 @A: 02 34 32 14 | 03
#0491-d230 @A: 34 05 14 13 | 12
#0492-d230 @A: 27 14 12 35 | 10
#0493-d230 @A: 08 04 16 24 | 02
#0494-d230 @A: 04 09 16 07 | 11
#0495-d230 @A: 34 16 31 25 | 07
#0496-d230 @A: 16 19 15 28 | 08
#0497-d230 @A: 29 16 26 28 | 04
#0498-d230 @A: 13 33 03 16 | 06
#0499-d230 @A: 29 08 02 16 | 01
#0500-d230 @A: 35 06 05 16 | 09
#0501-d230 @A: 13 16 04 29 | 05
#0502-d230 @A: 19 24 05 09 | 03
#0503-d230 @A: 32 24 09 26 | 12
#0504-d230 @A: 25 09 24 11 | 10
#0505-d230 @A: 32 24 15 01 | 02
#0506-d230 @A: 24 19 32 17 | 11
#0507-d230 @A: 19 22 24 11 | 07
#0508-d230 @A: 26 24 29 25 | 08
#0509-d230 @A: 24 07 17 33 | 04
#0510-d230 @A: 34 24 11 17 | 06
#0511-d230 @A: 24 35 27 06 | 01
#0512-d230 @A: 13 12 11 24 | 09
#0513-d230 @A: 25 15 12 24 | 05
#0514-d230 @A: 27 05 32 24 | 03
#0515-d230 @A: 28 09 01 35 | 12
#0516-d230 @A: 09 28 15 07 | 10
#0517-d230 @A: 27 04 09 28 | 02
#0518-d230 @A: 17 09 15 03 | 11
#0519-d230 @A: 09 07 05 03 | 07
#0520-d230 @A: 13 22 08 09 | 08
#0521-d230 @A: 12 09 29 15 | 04
#0522-d230 @A: 13 09 30 27 | 06
#0523-d230 @A: 35 07 01 31 | 01
#0524-d230 @A: 01 22 08 31 | 09
#0525-d230 @A: 01 26 28 33 | 05
#0526-d230 @A: 01 05 07 04 | 03
#0527-d230 @A: 15 06 30 01 | 12
#0528-d230 @A: 27 29 25 01 | 10
#0529-d230 @A: 15 25 35 01 | 02
#0530-d230 @A: 05 01 32 02 | 11
#0531-d230 @A: 01 12 15 05 | 07
#0532-d230 @A: 28 35 26 31 | 08
#0533-d230 @A: 28 25 31 29 | 04
#0534-d230 @A: 03 02 31 17 | 06
#0535-d230 @A: 11 31 05 34 | 01
#0536-d230 @A: 27 08 19 28 | 09
#0537-d230 @A: 29 07 03 28 | 05
#0538-d230 @A: 05 28 12 17 | 03
#0539-d230 @A: 34 27 06 28 | 12
#0540-d230 @A: 28 25 34 11 | 10
#0541-d230 @A: 35 02 28 04 | 02
#0542-d230 @A: 29 33 19 03 | 11
#0543-d230 @A: 19 27 17 26 | 07
#0544-d230 @A: 19 22 30 06 | 08
#0545-d230 @A: 30 13 11 19 | 04
#0546-d230 @A: 34 19 04 22 | 06
#0547-d230 @A: 19 12 13 22 | 01
#0548-d230 @A: 19 34 15 13 | 09
#0549-d230 @A: 17 06 26 03 | 05
#0550-d230 @A: 06 03 11 25 | 03
#0551-d230 @A: 25 32 04 03 | 12
#0552-d230 @A: 03 29 12 22 | 10
#0553-d230 @A: 15 03 30 05 | 02
#0554-d230 @A: 02 26 08 17 | 11
#0555-d230 @A: 12 26 06 34 | 07
#0556-d230 @A: 26 05 35 04 | 08
#0557-d230 @A: 34 26 33 15 | 04
#0558-d230 @A: 26 34 25 05 | 06
#0559-d230 @A: 25 32 26 27 | 01
#0560-d230 @A: 25 02 17 06 | 09
#0561-d230 @A: 12 07 06 29 | 05
#0562-d230 @A: 07 29 15 13 | 03
#0563-d230 @A: 08 06 29 04 | 12
#0564-d230 @A: 06 33 30 08 | 10
#0565-d230 @A: 34 30 13 08 | 02
#0566-d230 @A: 08 13 15 05 | 11
#0567-d230 @A: 27 08 13 12 | 07
#0568-d230 @A: 15 34 06 29 | 08
#0569-d230 @A: 12 33 32 34 | 04
#0570-d230 @A: 21 10 27 23 | 06
#0571-d230 @A: 20 10 03 06 | 01
#0572-d230 @A: 17 25 10 18 | 09
#0573-d230 @A: 10 22 07 14 | 05
#0574-d230 @A: 14 10 32 12 | 03
#0575-d230 @A: 30 10 25 09 | 12
#0576-d230 @A: 08 25 10 31 | 10
#0577-d230 @A: 10 08 31 34 | 02
#0578-d230 @A: 19 32 28 10 | 11
#0579-d230 @A: 10 19 33 17 | 07
#0580-d230 @A: 03 10 32 17 | 08
#0581-d230 @A: 26 11 10 17 | 04
#0582-d230 @A: 17 34 13 10 | 06
#0583-d230 @A: 25 12 06 10 | 01
#0584-d230 @A: 33 05 10 34 | 09
#0585-d230 @A: 10 15 02 12 | 05
#0586-d230 @A: 21 05 28 23 | 03
#0587-d230 @A: 17 21 13 23 | 12
#0588-d230 @A: 24 21 20 17 | 10
#0589-d230 @A: 11 20 01 21 | 02
#0590-d230 @A: 21 03 13 20 | 11
#0591-d230 @A: 18 29 16 21 | 07
#0592-d230 @A: 21 35 14 05 | 08
#0593-d230 @A: 30 26 09 21 | 04
#0594-d230 @A: 01 29 07 21 | 06
#0595-d230 @A: 31 27 03 21 | 01
#0596-d230 @A: 21 03 02 28 | 09
#0597-d230 @A: 07 21 28 08 | 05
#0598-d230 @A: 17 04 21 35 | 03
#0599-d230 @A: 30 05 21 02 | 12
#0600-d230 @A: 15 21 13 35 | 10
#0601-d230 @A: 09 23 13 20 | 02
#0602-d230 @A: 12 19 20 23 | 11
#0603-d230 @A: 09 23 18 29 | 07
#0604-d230 @A: 23 04 16 14 | 08
#0605-d230 @A: 15 14 24 23 | 04
#0606-d230 @A: 16 01 23 22 | 06
#0607-d230 @A: 07 23 16 13 | 01
#0608-d230 @A: 26 23 03 24 | 09
#0609-d230 @A: 22 08 24 23 | 05
#0610-d230 @A: 17 27 23 01 | 03
#0611-d230 @A: 01 32 23 08 | 12
#0612-d230 @A: 23 02 28 31 | 10
#0613-d230 @A: 23 25 27 28 | 02
#0614-d230 @A: 19 11 23 07 | 11
#0615-d230 @A: 22 11 23 33 | 07
#0616-d230 @A: 11 30 23 27 | 08
#0617-d230 @A: 23 04 25 12 | 04
#0618-d230 @A: 34 13 23 29 | 06
#0619-d230 @A: 27 12 23 05 | 01
#0620-d230 @A: 18 20 25 19 | 09
#0621-d230 @A: 20 26 33 18 | 05
#0622-d230 @A: 20 35 14 01 | 03
#0623-d230 @A: 24 20 26 35 | 12
#0624-d230 @A: 07 24 20 13 | 10
#0625-d230 @A: 01 20 02 31 | 02
#0626-d230 @A: 22 15 20 01 | 11
#0627-d230 @A: 26 31 20 32 | 07
#0628-d230 @A: 03 20 32 28 | 08
#0629-d230 @A: 28 20 34 33 | 04
#0630-d230 @A: 03 20 34 05 | 06
#0631-d230 @A: 20 22 26 12 | 01
#0632-d230 @A: 06 27 12 20 | 09
#0633-d230 @A: 15 20 11 32 | 05
#0634-d230 @A: 04 15 20 05 | 03
#0635-d230 @A: 34 13 20 02 | 12
#0636-d230 @A: 12 35 20 02 | 10
#0637-d230 @A: 24 26 19 18 | 02
#0638-d230 @A: 18 02 06 26 | 11
#0639-d230 @A: 06 05 18 22 | 07
#0640-d230 @A: 11 18 29 35 | 08
#0641-d230 @A: 33 30 18 27 | 04
#0642-d230 @A: 18 15 05 35 | 06
#0643-d230 @A: 09 14 16 29 | 01
#0644-d230 @A: 16 31 14 28 | 09
#0645-d230 @A: 32 09 14 15 | 05
#0646-d230 @A: 14 08 03 32 | 03
#0647-d230 @A: 14 29 17 27 | 12
#0648-d230 @A: 22 08 29 14 | 10
#0649-d230 @A: 05 13 30 14 | 02
#0650-d230 @A: 28 24 12 16 | 11
#0651-d230 @A: 16 31 22 09 | 07
#0652-d230 @A: 16 11 03 31 | 08
#0653-d230 @A: 22 03 16 28 | 04
#0654-d230 @A: 27 16 30 28 | 06
#0655-d230 @A: 13 16 06 11 | 01
#0656-d230 @A: 33 11 25 16 | 09
#0657-d230 @A: 05 29 15 16 | 05
#0658-d230 @A: 04 31 01 24 | 03
#0659-d230 @A: 28 35 19 24 | 12
#0660-d230 @A: 35 15 24 33 | 10
#0661-d230 @A: 09 25 31 04 | 02
#0662-d230 @A: 09 19 07 02 | 11
#0663-d230 @A: 04 06 35 09 | 07
#0664-d230 @A: 33 09 06 15 | 08
#0665-d230 @A: 06 09 29 13 | 04
#0666-d230 @A: 29 09 27 02 | 06
#0667-d230 @A: 30 09 22 05 | 01
#0668-d230 @A: 22 34 09 27 | 09
#0669-d230 @A: 01 06 17 19 | 05
#0670-d230 @A: 01 06 03 13 | 03
#0671-d230 @A: 01 11 22 12 | 12
#0672-d230 @A: 01 05 11 13 | 10
#0673-d230 @A: 25 07 31 03 | 02
#0674-d230 @A: 06 08 31 03 | 11
#0675-d230 @A: 31 02 35 15 | 07
#0676-d230 @A: 31 12 27 15 | 08
#0677-d230 @A: 25 19 28 26 | 04
#0678-d230 @A: 11 04 28 25 | 06
#0679-d230 @A: 35 30 13 28 | 01
#0680-d230 @A: 03 19 17 04 | 09
#0681-d230 @A: 19 27 03 05 | 05
#0682-d230 @A: 17 19 05 08 | 03
#0683-d230 @A: 12 19 08 15 | 12
#0684-d230 @A: 25 27 19 11 | 10
#0685-d230 @A: 03 26 07 08 | 02
#0686-d230 @A: 35 03 26 15 | 11
#0687-d230 @A: 11 29 04 03 | 07
#0688-d230 @A: 15 02 03 11 | 08
#0689-d230 @A: 29 13 11 17 | 04
#0690-d230 @A: 11 27 17 02 | 06
#0691-d230 @A: 13 17 12 04 | 01
#0692-d230 @A: 04 07 11 30 | 09
#0693-d230 @A: 02 13 04 07 | 05
#0694-d230 @A: 07 12 04 27 | 03
#0695-d230 @A: 15 34 07 25 | 12
#0696-d230 @A: 07 34 22 02 | 10
#0697-d230 @A: 13 27 05 07 | 02
#0698-d230 @A: 08 35 25 11 | 11
#0699-d230 @A: 33 34 13 06 | 07
#0700-d230 @A: 35 06 34 25 | 08
#0701-d230 @A: 20 10 11 23 | 04
#0702-d230 @A: 13 10 31 20 | 06
#0703-d230 @A: 10 20 30 26 | 01
#0704-d230 @A: 04 30 16 10 | 09
#0705-d230 @A: 12 10 24 26 | 05
#0706-d230 @A: 10 08 35 19 | 03
#0707-d230 @A: 22 15 33 10 | 12
#0708-d230 @A: 14 19 20 21 | 10
#0709-d230 @A: 32 16 20 21 | 02
#0710-d230 @A: 24 21 18 06 | 11
#0711-d230 @A: 31 25 21 18 | 07
#0712-d230 @A: 27 19 18 21 | 08
#0713-d230 @A: 14 32 31 21 | 04
#0714-d230 @A: 11 17 14 21 | 06
#0715-d230 @A: 13 21 16 24 | 01
#0716-d230 @A: 16 09 21 28 | 09
#0717-d230 @A: 21 15 03 16 | 05
#0718-d230 @A: 09 25 21 01 | 03
#0719-d230 @A: 09 21 06 08 | 12
#0720-d230 @A: 21 01 19 13 | 10
#0721-d230 @A: 32 26 21 28 | 02
#0722-d230 @A: 19 21 11 03 | 11
#0723-d230 @A: 22 35 19 21 | 07
#0724-d230 @A: 22 34 21 17 | 08
#0725-d230 @A: 34 12 08 21 | 04
#0726-d230 @A: 33 21 35 06 | 06
#0727-d230 @A: 25 21 15 06 | 01
#0728-d230 @A: 21 29 30 06 | 09
#0729-d230 @A: 22 21 11 29 | 05
#0730-d230 @A: 13 21 05 33 | 03
#0731-d230 @A: 32 21 29 02 | 12
#0732-d230 @A: 18 24 25 23 | 10
#0733-d230 @A: 18 33 08 23 | 02
#0734-d230 @A: 23 26 14 27 | 11
#0735-d230 @A: 06 16 17 23 | 07
#0736-d230 @A: 13 24 27 23 | 08
#0737-d230 @A: 23 27 09 08 | 04
#0738-d230 @A: 23 01 35 11 | 06
#0739-d230 @A: 03 34 23 08 | 01
#0740-d230 @A: 22 23 04 06 | 09
#0741-d230 @A: 35 30 23 04 | 05
#0742-d230 @A: 32 33 02 23 | 03
#0743-d230 @A: 23 05 25 30 | 12
#0744-d230 @A: 29 23 35 05 | 10
#0745-d230 @A: 23 05 02 22 | 02
#0746-d230 @A: 15 32 23 30 | 11
#0747-d230 @A: 32 23 22 34 | 07
#0748-d230 @A: 08 02 18 20 | 08
#0749-d230 @A: 20 13 15 18 | 04
#0750-d230 @A: 33 14 20 16 | 06
#0751-d230 @A: 17 14 20 32 | 01
#0752-d230 @A: 16 20 11 17 | 09
#0753-d230 @A: 13 20 05 16 | 05
#0754-d230 @A: 11 24 20 27 | 03
#0755-d230 @A: 01 09 06 20 | 12
#0756-d230 @A: 20 25 09 26 | 10
#0757-d230 @A: 01 20 03 33 | 02
#0758-d230 @A: 03 20 07 04 | 11
#0759-d230 @A: 06 05 20 26 | 07
#0760-d230 @A: 17 15 20 07 | 08
#0761-d230 @A: 07 35 33 20 | 04
#0762-d230 @A: 27 20 34 07 | 06
#0763-d230 @A: 12 15 20 33 | 01
#0764-d230 @A: 13 20 12 29 | 09
#0765-d230 @A: 18 14 09 25 | 05
#0766-d230 @A: 18 14 33 31 | 03
#0767-d230 @A: 18 34 31 32 | 12
#0768-d230 @A: 27 28 18 07 | 10
#0769-d230 @A: 15 18 02 28 | 02
#0770-d230 @A: 18 12 19 03 | 11
#0771-d230 @A: 33 18 12 05 | 07
#0772-d230 @A: 32 35 18 27 | 08
#0773-d230 @A: 34 16 09 14 | 04
#0774-d230 @A: 16 25 14 07 | 06
#0775-d230 @A: 25 08 24 14 | 01
#0776-d230 @A: 06 19 14 09 | 09
#0777-d230 @A: 01 14 17 22 | 05
#0778-d230 @A: 25 35 14 28 | 03
#0779-d230 @A: 02 14 33 13 | 12
#0780-d230 @A: 13 15 14 25 | 10
#0781-d230 @A: 30 27 15 14 | 02
#0782-d230 @A: 16 01 26 25 | 11
#0783-d230 @A: 04 22 16 05 | 07
#0784-d230 @A: 07 09 27 24 | 08
#0785-d230 @A: 06 34 09 24 | 04
#0786-d230 @A: 01 34 13 24 | 06
#0787-d230 @A: 33 24 03 22 | 01
#0788-d230 @A: 02 24 26 07 | 09
#0789-d230 @A: 04 24 17 02 | 05
#0790-d230 @A: 01 09 31 03 | 03
#0791-d230 @A: 09 01 32 17 | 12
#0792-d230 @A: 33 01 07 09 | 10
#0793-d230 @A: 12 33 09 31 | 02
#0794-d230 @A: 15 09 30 11 | 11
#0795-d230 @A: 13 25 09 33 | 07
#0796-d230 @A: 35 01 08 17 | 08
#0797-d230 @A: 01 05 30 08 | 04
#0798-d230 @A: 06 27 05 01 | 06
#0799-d230 @A: 01 11 30 02 | 01
#0800-d230 @A: 04 13 01 32 | 09
#0801-d230 @A: 28 31 19 11 | 05
#0802-d230 @A: 34 26 31 17 | 03
#0803-d230 @A: 31 32 07 13 | 12
#0804-d230 @A: 31 35 12 11 | 10
#0805-d230 @A: 31 29 32 22 | 02
#0806-d230 @A: 28 03 06 33 | 11
#0807-d230 @A: 28 03 13 34 | 07
#0808-d230 @A: 07 28 26 06 | 08
#0809-d230 @A: 26 02 12 28 | 04
#0810-d230 @A: 02 08 28 34 | 06
#0811-d230 @A: 30 26 19 08 | 01
#0812-d230 @A: 07 33 19 34 | 09
#0813-d230 @A: 02 19 06 15 | 05
#0814-d230 @A: 22 15 29 19 | 03
#0815-d230 @A: 34 26 02 03 | 12
#0816-d230 @A: 03 07 12 15 | 10
#0817-d230 @A: 06 32 05 03 | 02
#0818-d230 @A: 35 33 03 30 | 11
#0819-d230 @A: 33 32 12 26 | 07
#0820-d230 @A: 30 22 26 32 | 08
#0821-d230 @A: 33 06 17 12 | 04
#0822-d230 @A: 06 17 32 29 | 06
#0823-d230 @A: 35 13 17 33 | 01
#0824-d230 @A: 25 17 27 34 | 09
#0825-d230 @A: 07 08 25 05 | 05
#0826-d230 @A: 07 30 12 08 | 03
#0827-d230 @A: 27 11 07 35 | 12
#0828-d230 @A: 05 07 22 33 | 10
#0829-d230 @A: 07 13 33 12 | 02
#0830-d230 @A: 12 07 35 34 | 11
#0831-d230 @A: 12 08 04 22 | 07
#0832-d230 @A: 08 33 29 13 | 08
#0833-d230 @A: 05 12 29 08 | 04
#0834-d230 @A: 02 11 34 12 | 06
#0835-d230 @A: 35 13 34 11 | 01
#0836-d230 @A: 21 04 32 10 | 09
#0837-d230 @A: 09 23 10 15 | 05
#0838-d230 @A: 23 10 12 08 | 03
#0839-d230 @A: 18 16 26 10 | 12
#0840-d230 @A: 35 18 10 24 | 10
#0841-d230 @A: 30 18 29 10 | 02
#0842-d230 @A: 11 10 14 01 | 11
#0843-d230 @A: 15 10 14 03 | 07
#0844-d230 @A: 31 01 10 26 | 08
#0845-d230 @A: 03 31 22 10 | 04
#0846-d230 @A: 10 29 28 35 | 06
#0847-d230 @A: 29 19 10 07 | 01
#0848-d230 @A: 32 10 30 11 | 09
#0849-d230 @A: 27 10 05 02 | 05
#0850-d230 @A: 22 10 12 30 | 03
#0851-d230 @A: 21 18 35 20 | 12
#0852-d230 @A: 34 16 06 21 | 10
#0853-d230 @A: 21 24 22 28 | 02
#0854-d230 @A: 21 29 19 09 | 11
#0855-d230 @A: 32 08 21 19 | 07
#0856-d230 @A: 21 08 33 03 | 08
#0857-d230 @A: 12 21 06 32 | 04
#0858-d230 @A: 23 20 05 14 | 06
#0859-d230 @A: 24 20 30 23 | 01
#0860-d230 @A: 07 08 20 23 | 09
#0861-d230 @A: 02 20 27 23 | 05
#0862-d230 @A: 18 23 19 01 | 03
#0863-d230 @A: 02 14 23 17 | 12
#0864-d230 @A: 09 23 11 16 | 10
#0865-d230 @A: 25 23 09 07 | 02
#0866-d230 @A: 23 31 01 33 | 11
#0867-d230 @A: 31 32 23 03 | 07
#0868-d230 @A: 07 31 23 22 | 08
#0869-d230 @A: 23 06 31 34 | 04
#0870-d230 @A: 03 23 17 33 | 06
#0871-d230 @A: 26 23 13 25 | 01
#0872-d230 @A: 20 14 26 04 | 09
#0873-d230 @A: 24 32 20 08 | 05
#0874-d230 @A: 09 20 34 12 | 03
#0875-d230 @A: 28 04 20 19 | 12
#0876-d230 @A: 26 27 28 20 | 10
#0877-d230 @A: 17 06 20 28 | 02
#0878-d230 @A: 29 11 19 20 | 11
#0879-d230 @A: 34 11 20 33 | 07
#0880-d230 @A: 04 29 20 27 | 08
#0881-d230 @A: 27 20 25 15 | 04
#0882-d230 @A: 34 32 20 35 | 06
#0883-d230 @A: 34 14 18 28 | 01
#0884-d230 @A: 16 09 18 03 | 09
#0885-d230 @A: 16 11 01 18 | 05
#0886-d230 @A: 33 19 16 18 | 03
#0887-d230 @A: 29 01 06 18 | 12
#0888-d230 @A: 22 02 18 03 | 10
#0889-d230 @A: 33 22 18 13 | 02
#0890-d230 @A: 02 18 12 29 | 11
#0891-d230 @A: 32 18 22 15 | 07
#0892-d230 @A: 24 11 16 14 | 08
#0893-d230 @A: 09 12 07 14 | 04
#0894-d230 @A: 26 14 15 31 | 06
#0895-d230 @A: 14 02 31 08 | 01
#0896-d230 @A: 31 05 14 11 | 09
#0897-d230 @A: 14 26 19 29 | 05
#0898-d230 @A: 08 14 26 05 | 03
#0899-d230 @A: 32 02 11 14 | 12
#0900-d230 @A: 12 14 22 15 | 10
#0901-d230 @A: 17 24 16 30 | 02
#0902-d230 @A: 19 01 16 02 | 11
#0903-d230 @A: 16 12 03 01 | 07
#0904-d230 @A: 25 16 19 31 | 08
#0905-d230 @A: 33 16 31 15 | 04
#0906-d230 @A: 03 19 16 06 | 06
#0907-d230 @A: 16 35 07 19 | 01
#0908-d230 @A: 03 07 30 16 | 09
#0909-d230 @A: 11 16 02 07 | 05
#0910-d230 @A: 11 16 27 15 | 03
#0911-d230 @A: 16 34 22 04 | 12
#0912-d230 @A: 25 16 29 12 | 10
#0913-d230 @A: 25 01 24 17 | 02
#0914-d230 @A: 03 24 07 35 | 11
#0915-d230 @A: 24 05 04 25 | 07
#0916-d230 @A: 24 29 02 35 | 08
#0917-d230 @A: 02 13 24 15 | 04
#0918-d230 @A: 24 34 02 35 | 06
#0919-d230 @A: 09 08 25 28 | 01
#0920-d230 @A: 26 09 29 03 | 09
#0921-d230 @A: 06 07 17 09 | 05
#0922-d230 @A: 09 34 04 11 | 03
#0923-d230 @A: 04 02 05 09 | 12
#0924-d230 @A: 02 25 35 09 | 10
#0925-d230 @A: 28 12 07 01 | 02
#0926-d230 @A: 13 08 26 01 | 11
#0927-d230 @A: 25 32 11 01 | 07
#0928-d230 @A: 04 01 12 29 | 08
#0929-d230 @A: 05 01 29 22 | 04
#0930-d230 @A: 31 06 04 30 | 06
#0931-d230 @A: 31 06 22 02 | 01
#0932-d230 @A: 33 02 31 04 | 09
#0933-d230 @A: 27 05 31 30 | 05
#0934-d230 @A: 19 17 28 29 | 03
#0935-d230 @A: 19 05 34 28 | 12
#0936-d230 @A: 34 07 28 04 | 10
#0937-d230 @A: 28 33 04 13 | 02
#0938-d230 @A: 08 19 03 22 | 11
#0939-d230 @A: 12 06 11 19 | 07
#0940-d230 @A: 33 30 04 19 | 08
#0941-d230 @A: 13 22 04 03 | 04
#0942-d230 @A: 03 05 25 35 | 06
#0943-d230 @A: 29 34 12 03 | 01
#0944-d230 @A: 26 12 04 15 | 09
#0945-d230 @A: 27 26 33 13 | 05
#0946-d230 @A: 22 25 26 02 | 03
#0947-d230 @A: 25 12 35 26 | 12
#0948-d230 @A: 29 26 30 02 | 10
#0949-d230 @A: 32 15 26 02 | 02
#0950-d230 @A: 17 11 25 12 | 11
#0951-d230 @A: 32 17 33 22 | 07
#0952-d230 @A: 17 25 29 05 | 08
#0953-d230 @A: 02 32 17 13 | 04
#0954-d230 @A: 27 07 29 08 | 06
#0955-d230 @A: 07 04 06 25 | 01
#0956-d230 @A: 07 25 22 35 | 09
#0957-d230 @A: 07 32 35 12 | 05
#0958-d230 @A: 35 08 12 06 | 03
#0959-d230 @A: 08 02 12 33 | 12
#0960-d230 @A: 15 22 34 05 | 10
#0961-d230 @A: 17 23 10 29 | 02
#0962-d230 @A: 10 13 23 30 | 11
#0963-d230 @A: 10 12 01 18 | 07
#0964-d230 @A: 10 29 14 31 | 08
#0965-d230 @A: 10 28 06 14 | 04
#0966-d230 @A: 14 35 26 10 | 06
#0967-d230 @A: 13 04 10 14 | 01
#0968-d230 @A: 22 24 10 17 | 09
#0969-d230 @A: 32 09 31 10 | 05
#0970-d230 @A: 10 03 04 09 | 03
#0971-d230 @A: 09 22 06 10 | 12
#0972-d230 @A: 31 07 10 33 | 10
#0973-d230 @A: 12 10 31 04 | 02
#0974-d230 @A: 28 26 15 10 | 11
#0975-d230 @A: 03 10 27 26 | 07
#0976-d230 @A: 05 10 26 29 | 08
#0977-d230 @A: 06 07 10 27 | 04
#0978-d230 @A: 10 11 05 04 | 06
#0979-d230 @A: 25 21 28 20 | 01
#0980-d230 @A: 33 18 28 21 | 09
#0981-d230 @A: 01 21 26 14 | 05
#0982-d230 @A: 01 05 21 31 | 03
#0983-d230 @A: 31 30 21 19 | 12
#0984-d230 @A: 26 21 03 12 | 10
#0985-d230 @A: 35 34 26 21 | 02
#0986-d230 @A: 17 21 25 07 | 11
#0987-d230 @A: 15 21 32 33 | 07
#0988-d230 @A: 25 21 35 29 | 08
#0989-d230 @A: 32 34 25 21 | 04
#0990-d230 @A: 27 21 29 13 | 06
#0991-d230 @A: 02 15 21 22 | 01
#0992-d230 @A: 03 23 20 18 | 09
#0993-d230 @A: 17 23 18 15 | 05
#0994-d230 @A: 23 14 09 30 | 03
#0995-d230 @A: 16 08 23 25 | 12
#0996-d230 @A: 35 24 23 09 | 10
#0997-d230 @A: 23 06 24 02 | 02
#0998-d230 @A: 23 09 01 02 | 11
#0999-d230 @A: 15 28 01 23 | 07
#1000-d230 @A: 26 23 19 35 | 08
#1001-d230 @A: 26 32 17 23 | 04
#1002-d230 @A: 02 29 04 23 | 06
#1003-d230 @A: 05 18 20 09 | 01
#1004-d230 @A: 34 20 26 18 | 09
#1005-d230 @A: 11 14 20 28 | 05
#1006-d230 @A: 20 14 03 02 | 03
#1007-d230 @A: 24 09 16 20 | 12
#1008-d230 @A: 04 08 01 20 | 10
#1009-d230 @A: 15 20 31 29 | 02
#1010-d230 @A: 07 28 20 02 | 11
#1011-d230 @A: 20 04 13 06 | 07
#1012-d230 @A: 02 33 20 29 | 08
#1013-d230 @A: 20 34 30 15 | 04
#1014-d230 @A: 32 20 35 05 | 06
#1015-d230 @A: 26 18 28 14 | 01
#1016-d230 @A: 03 18 35 14 | 09
#1017-d230 @A: 14 08 18 15 | 05
#1018-d230 @A: 16 18 31 12 | 03
#1019-d230 @A: 18 16 07 15 | 12
#1020-d230 @A: 24 05 08 18 | 10
#1021-d230 @A: 24 18 27 15 | 02
#1022-d230 @A: 18 30 01 09 | 11
#1023-d230 @A: 35 07 18 09 | 07
#1024-d230 @A: 18 34 15 09 | 08
#1025-d230 @A: 01 03 15 18 | 04
#1026-d230 @A: 27 22 18 01 | 06
#1027-d230 @A: 18 03 05 31 | 01
#1028-d230 @A: 19 18 30 28 | 09
#1029-d230 @A: 18 08 29 19 | 05
#1030-d230 @A: 35 33 18 04 | 03
#1031-d230 @A: 16 06 14 30 | 12
#1032-d230 @A: 14 09 28 22 | 10
#1033-d230 @A: 14 04 12 28 | 02
#1034-d230 @A: 11 14 04 15 | 11
#1035-d230 @A: 25 33 14 29 | 07
#1036-d230 @A: 30 14 35 02 | 08
#1037-d230 @A: 22 14 32 05 | 04
#1038-d230 @A: 16 24 05 31 | 06
#1039-d230 @A: 03 16 24 32 | 01
#1040-d230 @A: 22 07 16 24 | 09
#1041-d230 @A: 33 16 27 24 | 05
#1042-d230 @A: 16 32 34 24 | 03
#1043-d230 @A: 34 16 19 01 | 12
#1044-d230 @A: 08 01 33 16 | 10
#1045-d230 @A: 04 31 16 35 | 02
#1046-d230 @A: 27 34 03 16 | 11
#1047-d230 @A: 11 22 16 35 | 07
#1048-d230 @A: 03 24 06 09 | 08
#1049-d230 @A: 24 13 03 31 | 04
#1050-d230 @A: 24 08 03 12 | 06
#1051-d230 @A: 26 04 24 27 | 01
#1052-d230 @A: 08 24 35 30 | 09
#1053-d230 @A: 04 15 30 24 | 05
#1054-d230 @A: 33 30 24 25 | 03
#1055-d230 @A: 24 13 05 29 | 12
#1056-d230 @A: 19 09 30 03 | 10
#1057-d230 @A: 09 29 34 19 | 02
#1058-d230 @A: 07 09 03 34 | 11
#1059-d230 @A: 09 30 12 06 | 07
#1060-d230 @A: 02 22 09 11 | 08
#1061-d230 @A: 32 11 09 13 | 04
#1062-d230 @A: 09 12 22 25 | 06
#1063-d230 @A: 01 28 19 22 | 01
#1064-d230 @A: 19 08 25 01 | 09
#1065-d230 @A: 01 05 03 26 | 05
#1066-d230 @A: 01 26 29 11 | 03
#1067-d230 @A: 01 11 06 04 | 12
#1068-d230 @A: 04 02 01 22 | 10
#1069-d230 @A: 12 30 01 35 | 02
#1070-d230 @A: 31 35 03 19 | 11
#1071-d230 @A: 31 19 02 26 | 07
#1072-d230 @A: 30 31 34 03 | 08
#1073-d230 @A: 11 31 17 30 | 04
#1074-d230 @A: 33 06 25 31 | 06
#1075-d230 @A: 31 25 29 34 | 01
#1076-d230 @A: 25 02 30 31 | 09
#1077-d230 @A: 35 13 31 29 | 05
#1078-d230 @A: 26 30 28 03 | 03
#1079-d230 @A: 25 28 17 15 | 12
#1080-d230 @A: 35 06 32 28 | 10
#1081-d230 @A: 11 05 28 33 | 02
#1082-d230 @A: 30 11 12 28 | 11
#1083-d230 @A: 32 28 05 04 | 07
#1084-d230 @A: 28 32 33 30 | 08
#1085-d230 @A: 28 30 05 29 | 04
#1086-d230 @A: 29 28 15 32 | 06
#1087-d230 @A: 22 28 27 12 | 01
#1088-d230 @A: 15 05 11 19 | 09
#1089-d230 @A: 13 19 32 25 | 05
#1090-d230 @A: 19 29 27 12 | 03
#1091-d230 @A: 30 35 05 19 | 12
#1092-d230 @A: 03 11 07 17 | 10
#1093-d230 @A: 04 34 25 03 | 02
#1094-d230 @A: 03 32 02 35 | 11
#1095-d230 @A: 17 07 26 04 | 07
#1096-d230 @A: 25 11 26 30 | 08
#1097-d230 @A: 04 13 30 26 | 04
#1098-d230 @A: 25 26 15 05 | 06
#1099-d230 @A: 12 05 30 26 | 01
#1100-d230 @A: 08 17 06 27 | 09
#1101-d230 @A: 17 11 22 06 | 05
#1102-d230 @A: 02 22 29 17 | 03
#1103-d230 @A: 12 29 17 35 | 12
#1104-d230 @A: 05 34 32 17 | 10
#1105-d230 @A: 07 08 15 35 | 02
#1106-d230 @A: 05 07 15 06 | 11
#1107-d230 @A: 13 06 07 35 | 07
#1108-d230 @A: 02 35 07 05 | 08
#1109-d230 @A: 27 08 30 25 | 04
#1110-d230 @A: 34 05 30 29 | 06
#1111-d230 @A: 30 24 21 10 | 01
#1112-d230 @A: 21 19 12 10 | 09
#1113-d230 @A: 10 07 23 02 | 05
#1114-d230 @A: 10 33 28 20 | 03
#1115-d230 @A: 20 19 15 10 | 12
#1116-d230 @A: 20 10 22 34 | 10
#1117-d230 @A: 18 34 10 19 | 02
#1118-d230 @A: 05 14 24 10 | 11
#1119-d230 @A: 15 14 10 34 | 07
#1120-d230 @A: 10 03 29 16 | 08
#1121-d230 @A: 10 13 09 24 | 04
#1122-d230 @A: 24 10 31 02 | 06
#1123-d230 @A: 32 24 07 10 | 01
#1124-d230 @A: 08 33 24 10 | 09
#1125-d230 @A: 29 09 10 01 | 05
#1126-d230 @A: 09 07 10 08 | 03
#1127-d230 @A: 07 15 10 01 | 12
#1128-d230 @A: 03 19 10 02 | 10
#1129-d230 @A: 06 10 34 03 | 02
#1130-d230 @A: 10 02 06 29 | 11
#1131-d230 @A: 10 11 33 35 | 07
#1132-d230 @A: 12 10 04 34 | 08
#1133-d230 @A: 04 15 27 10 | 04
#1134-d230 @A: 04 09 21 23 | 06
#1135-d230 @A: 21 18 03 04 | 01
#1136-d230 @A: 18 27 21 34 | 09
#1137-d230 @A: 07 21 14 34 | 05
#1138-d230 @A: 05 21 24 03 | 03
#1139-d230 @A: 02 09 21 34 | 12
#1140-d230 @A: 33 22 21 31 | 10
#1141-d230 @A: 33 19 26 21 | 02
#1142-d230 @A: 08 02 21 11 | 11
#1143-d230 @A: 15 11 21 12 | 07
#1144-d230 @A: 04 21 02 12 | 08
#1145-d230 @A: 35 20 23 31 | 04
#1146-d230 @A: 28 22 20 23 | 06
#1147-d230 @A: 28 23 18 13 | 01
#1148-d230 @A: 04 26 18 23 | 09
#1149-d230 @A: 23 09 26 34 | 05
#1150-d230 @A: 01 13 12 23 | 03
#1151-d230 @A: 17 30 19 23 | 12
#1152-d230 @A: 06 19 32 23 | 10
#1153-d230 @A: 19 13 29 23 | 02
#1154-d230 @A: 19 27 22 23 | 11
#1155-d230 @A: 03 23 27 07 | 07
#1156-d230 @A: 13 23 22 15 | 08
#1157-d230 @A: 05 13 32 23 | 04
#1158-d230 @A: 18 28 20 12 | 06
#1159-d230 @A: 07 14 30 20 | 01
#1160-d230 @A: 12 20 09 11 | 09
#1161-d230 @A: 03 29 17 20 | 05
#1162-d230 @A: 27 03 30 20 | 03
#1163-d230 @A: 13 17 20 26 | 12
#1164-d230 @A: 04 08 20 34 | 10
#1165-d230 @A: 04 22 11 20 | 02
#1166-d230 @A: 20 12 30 04 | 11
#1167-d230 @A: 29 25 30 20 | 07
#1168-d230 @A: 24 18 16 02 | 08
#1169-d230 @A: 18 16 17 05 | 04
#1170-d230 @A: 09 15 26 18 | 06
#1171-d230 @A: 18 31 26 30 | 01
#1172-d230 @A: 18 03 25 26 | 09
#1173-d230 @A: 18 07 32 26 | 05
#1174-d230 @A: 08 18 26 27 | 03
#1175-d230 @A: 18 22 26 11 | 12
#1176-d230 @A: 17 22 18 04 | 10
#1177-d230 @A: 18 12 04 06 | 02
#1178-d230 @A: 18 04 02 27 | 11
#1179-d230 @A: 15 18 33 29 | 07
#1180-d230 @A: 32 25 18 02 | 08
#1181-d230 @A: 14 03 05 16 | 04
#1182-d230 @A: 12 13 14 16 | 06
#1183-d230 @A: 09 05 14 01 | 01
#1184-d230 @A: 09 14 34 35 | 09
#1185-d230 @A: 19 14 12 31 | 05
#1186-d230 @A: 07 14 29 02 | 03
#1187-d230 @A: 14 22 13 06 | 12
#1188-d230 @A: 12 05 14 06 | 10
#1189-d230 @A: 27 14 04 33 | 02
#1190-d230 @A: 01 16 24 35 | 11
#1191-d230 @A: 16 29 24 19 | 07
#1192-d230 @A: 06 25 16 24 | 08
#1193-d230 @A: 04 16 01 17 | 04
#1194-d230 @A: 02 16 17 28 | 06
#1195-d230 @A: 02 05 16 25 | 01
#1196-d230 @A: 02 16 30 12 | 09
#1197-d230 @A: 34 35 30 16 | 05
#1198-d230 @A: 35 32 16 15 | 03
#1199-d230 @A: 22 01 09 24 | 12
#1200-d230 @A: 24 04 03 28 | 10
#1201-d230 @A: 28 24 26 13 | 02
#1202-d230 @A: 08 07 24 19 | 11
#1203-d230 @A: 15 08 34 24 | 07
#1204-d230 @A: 34 24 04 05 | 08
#1205-d230 @A: 30 29 24 27 | 04
#1206-d230 @A: 29 24 32 12 | 06
#1207-d230 @A: 05 22 24 15 | 01
#1208-d230 @A: 11 01 09 08 | 09
#1209-d230 @A: 19 09 25 17 | 05
#1210-d230 @A: 27 25 09 03 | 03
#1211-d230 @A: 07 09 26 11 | 12
#1212-d230 @A: 26 08 12 09 | 10
#1213-d230 @A: 17 09 08 29 | 02
#1214-d230 @A: 17 09 11 33 | 11
#1215-d230 @A: 09 06 25 05 | 07
#1216-d230 @A: 33 29 09 35 | 08
#1217-d230 @A: 09 32 35 30 | 04
#1218-d230 @A: 06 01 12 31 | 06
#1219-d230 @A: 15 11 31 01 | 01
#1220-d230 @A: 08 29 03 01 | 09
#1221-d230 @A: 22 01 32 03 | 05
#1222-d230 @A: 30 34 01 17 | 03
#1223-d230 @A: 25 22 06 01 | 12
#1224-d230 @A: 13 02 25 01 | 10
#1225-d230 @A: 01 32 30 27 | 02
#1226-d230 @A: 27 13 15 01 | 11
#1227-d230 @A: 19 33 31 08 | 07
#1228-d230 @A: 19 02 34 31 | 08
#1229-d230 @A: 22 05 31 19 | 04
#1230-d230 @A: 25 31 17 26 | 06
#1231-d230 @A: 31 12 22 17 | 01
#1232-d230 @A: 33 35 32 31 | 09
#1233-d230 @A: 28 13 19 03 | 05
#1234-d230 @A: 02 05 28 19 | 03
#1235-d230 @A: 28 30 06 25 | 12
#1236-d230 @A: 06 28 27 13 | 10
#1237-d230 @A: 28 35 33 27 | 02
#1238-d230 @A: 02 27 28 32 | 11
#1239-d230 @A: 05 35 22 28 | 07
#1240-d230 @A: 26 32 05 19 | 08
#1241-d230 @A: 17 19 22 07 | 04
#1242-d230 @A: 34 17 08 19 | 06
#1243-d230 @A: 04 19 22 25 | 01
#1244-d230 @A: 04 13 27 19 | 09
#1245-d230 @A: 15 33 13 19 | 05
#1246-d230 @A: 19 25 15 30 | 03
#1247-d230 @A: 30 27 19 02 | 12
#1248-d230 @A: 06 03 15 22 | 10
#1249-d230 @A: 33 03 11 12 | 02
#1250-d230 @A: 17 04 29 33 | 11
#1251-d230 @A: 07 06 08 22 | 07
#1252-d230 @A: 11 07 22 15 | 08
#1253-d230 @A: 13 07 30 25 | 04
#1254-d230 @A: 15 32 08 06 | 06
#1255-d230 @A: 11 04 08 27 | 01
#1256-d230 @A: 08 12 11 32 | 09
#1257-d230 @A: 08 27 33 22 | 05
#1258-d230 @A: 30 02 08 13 | 03
#1259-d230 @A: 08 30 15 22 | 12
#1260-d230 @A: 05 27 08 35 | 10
#1261-d230 @A: 16 11 10 21 | 02
#1262-d230 @A: 06 21 10 17 | 11
#1263-d230 @A: 23 04 10 28 | 07
#1264-d230 @A: 10 34 35 23 | 08
#1265-d230 @A: 10 09 20 35 | 04
#1266-d230 @A: 01 27 20 10 | 06
#1267-d230 @A: 10 08 14 27 | 01
#1268-d230 @A: 05 16 10 33 | 09
#1269-d230 @A: 01 24 10 06 | 05
#1270-d230 @A: 05 10 12 09 | 03
#1271-d230 @A: 03 35 01 10 | 12
#1272-d230 @A: 10 05 01 17 | 10
#1273-d230 @A: 08 02 01 10 | 02
#1274-d230 @A: 08 22 10 28 | 11
#1275-d230 @A: 19 13 05 10 | 07
#1276-d230 @A: 30 03 08 10 | 08
#1277-d230 @A: 07 26 10 25 | 04
#1278-d230 @A: 14 22 21 23 | 06
#1279-d230 @A: 25 23 19 21 | 01
#1280-d230 @A: 18 21 05 26 | 09
#1281-d230 @A: 03 14 06 21 | 05
#1282-d230 @A: 12 21 14 33 | 03
#1283-d230 @A: 16 21 17 31 | 12
#1284-d230 @A: 21 08 30 16 | 10
#1285-d230 @A: 12 21 01 24 | 02
#1286-d230 @A: 04 24 21 07 | 11
#1287-d230 @A: 09 31 21 11 | 07
#1288-d230 @A: 21 03 09 35 | 08
#1289-d230 @A: 13 31 08 21 | 04
#1290-d230 @A: 27 04 21 30 | 06
#1291-d230 @A: 25 27 21 12 | 01
#1292-d230 @A: 27 02 21 35 | 09
#1293-d230 @A: 20 23 01 26 | 05
#1294-d230 @A: 29 23 32 20 | 03
#1295-d230 @A: 18 23 07 05 | 12
#1296-d230 @A: 11 03 23 14 | 10
#1297-d230 @A: 04 31 17 23 | 02
#1298-d230 @A: 28 03 35 23 | 11
#1299-d230 @A: 23 08 29 28 | 07
#1300-d230 @A: 03 13 08 23 | 08
#1301-d230 @A: 22 20 18 07 | 04
#1302-d230 @A: 30 11 18 20 | 06
#1303-d230 @A: 16 27 20 31 | 01
#1304-d230 @A: 25 16 20 03 | 09
#1305-d230 @A: 09 07 32 20 | 05
#1306-d230 @A: 09 02 15 20 | 03
#1307-d230 @A: 13 20 01 28 | 12
#1308-d230 @A: 28 20 15 08 | 10
#1309-d230 @A: 19 06 20 34 | 02
#1310-d230 @A: 35 25 04 20 | 11
#1311-d230 @A: 32 02 04 20 | 07
#1312-d230 @A: 07 18 14 11 | 08
#1313-d230 @A: 12 18 24 07 | 04
#1314-d230 @A: 09 32 08 18 | 06
#1315-d230 @A: 32 01 28 18 | 01
#1316-d230 @A: 18 07 13 19 | 09
#1317-d230 @A: 17 30 18 08 | 05
#1318-d230 @A: 12 18 08 25 | 03
#1319-d230 @A: 18 06 30 13 | 12
#1320-d230 @A: 33 18 11 02 | 10
#1321-d230 @A: 18 34 30 11 | 02
#1322-d230 @A: 27 11 18 12 | 11
#1323-d230 @A: 25 29 18 22 | 07
#1324-d230 @A: 18 34 29 35 | 08
#1325-d230 @A: 14 32 26 16 | 04
#1326-d230 @A: 14 01 25 31 | 06
#1327-d230 @A: 32 14 01 07 | 01
#1328-d230 @A: 31 03 04 14 | 09
#1329-d230 @A: 25 14 03 19 | 05
#1330-d230 @A: 26 14 17 30 | 03
#1331-d230 @A: 34 14 29 08 | 12
#1332-d230 @A: 11 14 29 06 | 10
#1333-d230 @A: 29 05 14 04 | 02
#1334-d230 @A: 16 35 12 09 | 11
#1335-d230 @A: 01 30 16 31 | 07
#1336-d230 @A: 26 11 19 16 | 08
#1337-d230 @A: 16 07 26 05 | 04
#1338-d230 @A: 27 16 12 26 | 06
#1339-d230 @A: 16 17 13 25 | 01
#1340-d230 @A: 16 11 12 04 | 09
#1341-d230 @A: 16 04 32 33 | 05
#1342-d230 @A: 22 16 13 02 | 03
#1343-d230 @A: 32 12 05 16 | 12
#1344-d230 @A: 32 27 13 16 | 10
#1345-d230 @A: 27 19 31 24 | 02
#1346-d230 @A: 28 08 24 02 | 11
#1347-d230 @A: 24 34 07 19 | 07
#1348-d230 @A: 19 30 24 12 | 08
#1349-d230 @A: 17 24 27 03 | 04
#1350-d230 @A: 05 33 24 06 | 06
#1351-d230 @A: 35 13 24 25 | 01
#1352-d230 @A: 02 30 24 32 | 09
#1353-d230 @A: 09 04 01 26 | 05
#1354-d230 @A: 26 35 17 09 | 03
#1355-d230 @A: 17 30 09 02 | 12
#1356-d230 @A: 22 33 09 04 | 10
#1357-d230 @A: 01 26 15 17 | 02
#1358-d230 @A: 12 01 17 02 | 11
#1359-d230 @A: 01 34 27 13 | 07
#1360-d230 @A: 15 28 03 31 | 08
#1361-d230 @A: 28 32 31 17 | 04
#1362-d230 @A: 31 04 19 29 | 06
#1363-d230 @A: 29 31 33 05 | 01
#1364-d230 @A: 30 31 13 33 | 09
#1365-d230 @A: 12 32 31 30 | 05
#1366-d230 @A: 35 17 28 07 | 03
#1367-d230 @A: 28 08 13 32 | 12
#1368-d230 @A: 06 28 11 02 | 10
#1369-d230 @A: 22 33 25 28 | 02
#1370-d230 @A: 25 32 28 12 | 11
#1371-d230 @A: 27 15 05 28 | 07
#1372-d230 @A: 19 03 07 32 | 08
#1373-d230 @A: 34 03 32 19 | 04
#1374-d230 @A: 04 06 19 26 | 06
#1375-d230 @A: 34 19 26 11 | 01
#1376-d230 @A: 12 07 25 19 | 09
#1377-d230 @A: 33 27 19 06 | 05
#1378-d230 @A: 05 12 19 04 | 03
#1379-d230 @A: 22 02 19 33 | 12
#1380-d230 @A: 29 32 30 19 | 10
#1381-d230 @A: 03 26 32 11 | 02
#1382-d230 @A: 06 02 03 12 | 11
#1383-d230 @A: 30 04 03 02 | 07
#1384-d230 @A: 35 04 03 12 | 08
#1385-d230 @A: 05 13 12 03 | 04
#1386-d230 @A: 13 12 26 06 | 06
#1387-d230 @A: 15 26 11 13 | 01
#1388-d230 @A: 13 34 26 04 | 09
#1389-d230 @A: 15 26 33 30 | 05
#1390-d230 @A: 26 32 34 29 | 03
#1391-d230 @A: 17 11 04 32 | 12
#1392-d230 @A: 17 34 04 02 | 10
#1393-d230 @A: 27 33 25 17 | 02
#1394-d230 @A: 02 15 33 17 | 11
#1395-d230 @A: 22 17 30 25 | 07
#1396-d230 @A: 32 05 30 17 | 08
#1397-d230 @A: 13 17 22 27 | 04
#1398-d230 @A: 32 12 17 15 | 06
#1399-d230 @A: 34 06 11 07 | 01
#1400-d230 @A: 02 07 27 25 | 09
#1401-d230 @A: 22 07 12 02 | 05
#1402-d230 @A: 30 27 07 22 | 03
#1403-d230 @A: 06 13 25 08 | 12
#1404-d230 @A: 30 29 08 11 | 10
#1405-d230 @A: 08 32 04 30 | 02
#1406-d230 @A: 33 34 32 04 | 11
#1407-d230 @A: 13 12 25 34 | 07
#1408-d230 @A: 10 22 21 01 | 08
#1409-d230 @A: 10 21 03 25 | 04
#1410-d230 @A: 26 10 13 21 | 06
#1411-d230 @A: 18 23 10 22 | 01
#1412-d230 @A: 04 24 10 20 | 09
#1413-d230 @A: 10 02 18 14 | 05
#1414-d230 @A: 18 11 31 10 | 03
#1415-d230 @A: 16 25 10 35 | 12
#1416-d230 @A: 10 19 09 11 | 10
#1417-d230 @A: 27 31 10 17 | 02
#1418-d230 @A: 10 08 04 17 | 11
#1419-d230 @A: 10 27 12 33 | 07
#1420-d230 @A: 13 29 22 10 | 08
#1421-d230 @A: 10 02 32 22 | 04
#1422-d230 @A: 21 30 01 23 | 06
#1423-d230 @A: 03 29 21 23 | 01
#1424-d230 @A: 23 35 08 21 | 09
#1425-d230 @A: 31 04 20 21 | 05
#1426-d230 @A: 32 17 18 21 | 03
#1427-d230 @A: 21 08 22 18 | 12
#1428-d230 @A: 28 21 29 14 | 10
#1429-d230 @A: 21 26 16 35 | 02
#1430-d230 @A: 24 21 15 19 | 11
#1431-d230 @A: 32 25 21 24 | 07
#1432-d230 @A: 15 34 21 01 | 08
#1433-d230 @A: 31 29 21 12 | 04
#1434-d230 @A: 21 28 27 17 | 06
#1435-d230 @A: 17 15 21 05 | 01
#1436-d230 @A: 06 21 22 27 | 09
#1437-d230 @A: 25 21 05 11 | 05
#1438-d230 @A: 29 21 15 04 | 03
#1439-d230 @A: 25 23 20 17 | 12
#1440-d230 @A: 23 29 14 01 | 10
#1441-d230 @A: 30 23 26 16 | 02
#1442-d230 @A: 16 35 27 23 | 11
#1443-d230 @A: 06 31 23 09 | 07
#1444-d230 @A: 19 09 33 23 | 08
#1445-d230 @A: 05 09 17 23 | 04
#1446-d230 @A: 06 28 23 12 | 06
#1447-d230 @A: 23 19 34 25 | 01
#1448-d230 @A: 23 12 17 34 | 09
#1449-d230 @A: 08 23 07 34 | 05
#1450-d230 @A: 15 23 04 07 | 03
#1451-d230 @A: 05 11 23 06 | 12
#1452-d230 @A: 13 23 04 11 | 10
#1453-d230 @A: 12 23 02 11 | 02
#1454-d230 @A: 23 02 33 34 | 11
#1455-d230 @A: 30 23 33 12 | 07
#1456-d230 @A: 23 15 35 12 | 08
#1457-d230 @A: 18 04 20 16 | 04
#1458-d230 @A: 20 06 14 15 | 06
#1459-d230 @A: 29 20 06 24 | 01
#1460-d230 @A: 22 02 24 20 | 09
#1461-d230 @A: 03 22 20 09 | 05
#1462-d230 @A: 09 17 04 20 | 03
#1463-d230 @A: 09 08 20 30 | 12
#1464-d230 @A: 05 20 19 01 | 10
#1465-d230 @A: 20 07 31 11 | 02
#1466-d230 @A: 31 08 20 05 | 11
#1467-d230 @A: 08 06 18 16 | 07
#1468-d230 @A: 18 16 30 22 | 08
#1469-d230 @A: 18 31 24 32 | 04
#1470-d230 @A: 02 31 18 09 | 06
#1471-d230 @A: 17 01 18 33 | 01
#1472-d230 @A: 22 31 18 28 | 09
#1473-d230 @A: 29 18 32 03 | 05
#1474-d230 @A: 30 05 04 18 | 03
#1475-d230 @A: 34 22 13 18 | 12
#1476-d230 @A: 22 12 18 35 | 10
#1477-d230 @A: 05 18 34 12 | 02
#1478-d230 @A: 12 18 32 13 | 11
#1479-d230 @A: 14 16 08 35 | 07
#1480-d230 @A: 27 19 14 01 | 08
#1481-d230 @A: 30 01 14 03 | 04
#1482-d230 @A: 31 06 35 14 | 06
#1483-d230 @A: 17 28 14 13 | 01
#1484-d230 @A: 05 07 28 14 | 09
#1485-d230 @A: 19 14 17 15 | 05
#1486-d230 @A: 04 19 07 14 | 03
#1487-d230 @A: 19 08 11 14 | 12
#1488-d230 @A: 12 17 03 14 | 10
#1489-d230 @A: 35 33 22 14 | 02
#1490-d230 @A: 25 14 27 05 | 11
#1491-d230 @A: 15 24 26 16 | 07
#1492-d230 @A: 32 19 09 16 | 08
#1493-d230 @A: 07 01 27 16 | 04
#1494-d230 @A: 08 03 27 16 | 06
#1495-d230 @A: 34 26 16 08 | 01
#1496-d230 @A: 07 16 29 17 | 09
#1497-d230 @A: 16 06 33 29 | 05
#1498-d230 @A: 27 16 06 02 | 03
#1499-d230 @A: 15 16 12 06 | 12
#1500-d230 @A: 11 16 32 29 | 10
#1501-d230 @A: 16 12 33 22 | 02
#1502-d230 @A: 16 30 15 13 | 11
#1503-d230 @A: 31 09 29 24 | 07
#1504-d230 @A: 17 09 24 12 | 08
#1505-d230 @A: 01 24 33 02 | 04
#1506-d230 @A: 28 24 15 06 | 06
#1507-d230 @A: 24 06 19 13 | 01
#1508-d230 @A: 26 24 05 17 | 09
#1509-d230 @A: 24 34 26 22 | 05
#1510-d230 @A: 08 24 17 13 | 03
#1511-d230 @A: 29 11 33 24 | 12
#1512-d230 @A: 24 22 27 25 | 10
#1513-d230 @A: 12 24 02 27 | 02
#1514-d230 @A: 09 08 35 31 | 11
#1515-d230 @A: 09 13 34 31 | 07
#1516-d230 @A: 28 12 19 09 | 08
#1517-d230 @A: 12 32 04 09 | 04
#1518-d230 @A: 09 22 15 35 | 06
#1519-d230 @A: 26 01 28 34 | 01
#1520-d230 @A: 13 01 17 07 | 09
#1521-d230 @A: 01 35 08 34 | 05
#1522-d230 @A: 01 02 35 06 | 03
#1523-d230 @A: 04 25 30 01 | 12
#1524-d230 @A: 01 22 34 25 | 10
#1525-d230 @A: 06 31 28 05 | 02
#1526-d230 @A: 13 15 31 06 | 11
#1527-d230 @A: 29 02 11 31 | 07
#1528-d230 @A: 22 11 13 31 | 08
#1529-d230 @A: 22 27 31 04 | 04
#1530-d230 @A: 25 15 31 22 | 06
#1531-d230 @A: 27 35 25 31 | 01
#1532-d230 @A: 13 27 02 31 | 09
#1533-d230 @A: 17 28 08 33 | 05
#1534-d230 @A: 29 28 06 22 | 03
#1535-d230 @A: 11 29 27 28 | 12
#1536-d230 @A: 12 28 33 29 | 10
#1537-d230 @A: 22 29 28 34 | 02
#1538-d230 @A: 35 27 34 19 | 11
#1539-d230 @A: 17 25 03 08 | 07
#1540-d230 @A: 03 05 22 17 | 08
#1541-d230 @A: 29 35 03 06 | 04
#1542-d230 @A: 04 05 03 33 | 06
#1543-d230 @A: 33 03 15 25 | 01
#1544-d230 @A: 22 03 35 27 | 09
#1545-d230 @A: 11 33 06 26 | 05
#1546-d230 @A: 11 26 27 05 | 03
#1547-d230 @A: 34 27 11 26 | 12
#1548-d230 @A: 25 33 26 04 | 10
#1549-d230 @A: 32 26 29 04 | 02
#1550-d230 @A: 29 33 22 26 | 11
#1551-d230 @A: 13 26 05 22 | 07
#1552-d230 @A: 32 25 17 35 | 08
#1553-d230 @A: 35 27 15 17 | 04
#1554-d230 @A: 25 29 07 11 | 06
#1555-d230 @A: 32 25 15 07 | 01
#1556-d230 @A: 15 02 07 30 | 09
#1557-d230 @A: 02 06 05 08 | 05
#1558-d230 @A: 11 22 08 34 | 03
#1559-d230 @A: 25 32 22 08 | 12
#1560-d230 @A: 02 15 08 27 | 10
#1561-d230 @A: 02 34 05 27 | 02
#1562-d230 @A: 21 10 14 09 | 11
#1563-d230 @A: 31 28 21 10 | 07
#1564-d230 @A: 10 23 03 05 | 08
#1565-d230 @A: 16 20 10 22 | 04
#1566-d230 @A: 18 07 10 04 | 06
#1567-d230 @A: 10 17 16 14 | 01
#1568-d230 @A: 10 07 12 16 | 09
#1569-d230 @A: 01 10 33 13 | 05
#1570-d230 @A: 10 15 31 30 | 03
#1571-d230 @A: 17 02 35 10 | 12
#1572-d230 @A: 11 10 25 15 | 10
#1573-d230 @A: 29 25 04 10 | 02
#1574-d230 @A: 05 10 32 15 | 11
#1575-d230 @A: 34 27 10 32 | 07
#1576-d230 @A: 14 13 18 21 | 08
#1577-d230 @A: 21 16 06 01 | 04
#1578-d230 @A: 21 09 32 05 | 06
#1579-d230 @A: 21 27 33 01 | 01
#1580-d230 @A: 02 31 21 07 | 09
#1581-d230 @A: 06 21 19 28 | 05
#1582-d230 @A: 28 15 30 21 | 03
#1583-d230 @A: 19 21 02 17 | 12
#1584-d230 @A: 05 21 07 19 | 10
#1585-d230 @A: 21 34 03 33 | 02
#1586-d230 @A: 07 27 21 26 | 11
#1587-d230 @A: 21 12 17 08 | 07
#1588-d230 @A: 13 12 21 30 | 08
#1589-d230 @A: 33 23 20 04 | 04
#1590-d230 @A: 23 30 18 02 | 06
#1591-d230 @A: 34 11 23 16 | 01
#1592-d230 @A: 07 23 24 29 | 09
#1593-d230 @A: 28 32 23 09 | 05
#1594-d230 @A: 12 09 23 03 | 03
#1595-d230 @A: 23 09 26 22 | 12
#1596-d230 @A: 06 30 03 23 | 10
#1597-d230 @A: 06 13 23 33 | 02
#1598-d230 @A: 15 33 23 05 | 11
#1599-d230 @A: 23 27 34 30 | 07
#1600-d230 @A: 12 32 22 23 | 08
#1601-d230 @A: 14 20 12 24 | 04
#1602-d230 @A: 16 17 34 20 | 06
#1603-d230 @A: 07 06 16 20 | 01
#1604-d230 @A: 20 24 31 25 | 09
#1605-d230 @A: 05 24 20 28 | 05
#1606-d230 @A: 09 28 20 29 | 03
#1607-d230 @A: 30 20 17 01 | 12
#1608-d230 @A: 20 07 19 27 | 10
#1609-d230 @A: 20 17 08 22 | 02
#1610-d230 @A: 30 06 20 02 | 11
#1611-d230 @A: 02 11 25 20 | 07
#1612-d230 @A: 12 20 25 05 | 08
#1613-d230 @A: 24 22 14 18 | 04
#1614-d230 @A: 18 16 35 13 | 06
#1615-d230 @A: 18 11 24 28 | 01
#1616-d230 @A: 18 01 03 34 | 09
#1617-d230 @A: 15 19 18 31 | 05
#1618-d230 @A: 03 18 17 28 | 03
#1619-d230 @A: 17 18 19 11 | 12
#1620-d230 @A: 06 03 07 18 | 10
#1621-d230 @A: 02 07 18 17 | 02
#1622-d230 @A: 15 11 18 06 | 11
#1623-d230 @A: 06 18 32 33 | 07
#1624-d230 @A: 16 19 14 22 | 08
#1625-d230 @A: 26 33 14 24 | 04
#1626-d230 @A: 07 27 14 31 | 06
#1627-d230 @A: 15 33 28 14 | 01
#1628-d230 @A: 33 14 32 19 | 09
#1629-d230 @A: 07 14 13 26 | 05
#1630-d230 @A: 04 25 14 17 | 03
#1631-d230 @A: 14 27 02 22 | 12
#1632-d230 @A: 15 05 02 14 | 10
#1633-d230 @A: 09 26 06 16 | 02
#1634-d230 @A: 28 01 05 16 | 11
#1635-d230 @A: 16 28 32 07 | 07
#1636-d230 @A: 08 11 28 16 | 08
#1637-d230 @A: 12 16 19 17 | 04
#1638-d230 @A: 13 19 16 08 | 06
#1639-d230 @A: 35 16 03 17 | 01
#1640-d230 @A: 11 05 30 16 | 09
#1641-d230 @A: 27 04 16 25 | 05
#1642-d230 @A: 25 30 32 16 | 03
#1643-d230 @A: 28 24 09 30 | 12
#1644-d230 @A: 01 29 28 24 | 10
#1645-d230 @A: 31 24 06 17 | 02
#1646-d230 @A: 08 24 06 26 | 11
#1647-d230 @A: 24 12 06 22 | 07
#1648-d230 @A: 04 11 35 24 | 08
#1649-d230 @A: 33 12 24 04 | 04
#1650-d230 @A: 12 34 24 30 | 06
#1651-d230 @A: 34 01 32 09 | 01
#1652-d230 @A: 31 27 09 26 | 09
#1653-d230 @A: 13 19 26 09 | 05
#1654-d230 @A: 19 08 09 04 | 03
#1655-d230 @A: 03 09 08 02 | 12
#1656-d230 @A: 33 03 09 32 | 10
#1657-d230 @A: 09 12 02 13 | 02
#1658-d230 @A: 32 01 19 31 | 11
#1659-d230 @A: 31 07 01 34 | 07
#1660-d230 @A: 01 08 06 28 | 08
#1661-d230 @A: 19 11 01 33 | 04
#1662-d230 @A: 03 01 02 07 | 06
#1663-d230 @A: 34 01 29 04 | 01
#1664-d230 @A: 25 12 33 01 | 09
#1665-d230 @A: 01 29 32 33 | 05
#1666-d230 @A: 30 01 29 13 | 03
#1667-d230 @A: 35 13 01 22 | 12
#1668-d230 @A: 35 31 34 28 | 10
#1669-d230 @A: 15 04 31 32 | 02
#1670-d230 @A: 12 02 05 31 | 11
#1671-d230 @A: 22 26 17 28 | 07
#1672-d230 @A: 08 28 04 26 | 08
#1673-d230 @A: 25 13 05 28 | 04
#1674-d230 @A: 30 02 28 22 | 06
#1675-d230 @A: 19 29 25 02 | 01
#1676-d230 @A: 32 19 02 12 | 09
#1677-d230 @A: 04 03 08 15 | 05
#1678-d230 @A: 25 13 03 29 | 03
#1679-d230 @A: 06 29 15 26 | 12
#1680-d230 @A: 15 26 27 22 | 10
#1681-d230 @A: 04 17 05 27 | 02
#1682-d230 @A: 33 17 35 34 | 11
#1683-d230 @A: 30 29 17 15 | 07
#1684-d230 @A: 17 12 30 27 | 08
#1685-d230 @A: 02 07 33 06 | 04
#1686-d230 @A: 13 34 32 07 | 06
#1687-d230 @A: 11 08 05 22 | 01
#1688-d230 @A: 35 34 06 05 | 09
#1689-d230 @A: 32 11 34 15 | 05
