#0001-d271 @A: 25 18 32 14 | 07
#0002-d271 @A: 19 33 18 14 | 01
#0003-d271 @A: 14 13 15 17 | 04
#0004-d271 @A: 01 34 14 17 | 09
#0005-d271 @A: 25 27 21 14 | 05
#0006-d271 @A: 32 15 14 24 | 12
#0007-d271 @A: 34 14 05 27 | 03
#0008-d271 @A: 32 30 14 01 | 10
#0009-d271 @A: 02 22 14 27 | 06
#0010-d271 @A: 33 06 20 14 | 11
#0011-d271 @A: 26 13 07 14 | 08
#0012-d271 @A: 03 19 26 14 | 02
#0013-d271 @A: 07 14 29 12 | 07
#0014-d271 @A: 17 26 31 11 | 01
#0015-d271 @A: 31 25 20 11 | 04
#0016-d271 @A: 19 31 15 10 | 09
#0017-d271 @A: 31 30 05 16 | 05
#0018-d271 @A: 28 31 03 16 | 12
#0019-d271 @A: 31 09 16 24 | 03
#0020-d271 @A: 11 23 10 31 | 10
#0021-d271 @A: 34 31 11 24 | 06
#0022-d271 @A: 08 32 31 33 | 11
#0023-d271 @A: 21 06 03 31 | 08
#0024-d271 @A: 02 19 13 31 | 02
#0025-d271 @A: 33 31 09 07 | 07
#0026-d271 @A: 18 17 23 15 | 01
#0027-d271 @A: 08 04 17 18 | 04
#0028-d271 @A: 13 17 18 06 | 09
#0029-d271 @A: 34 19 18 17 | 05
#0030-d271 @A: 07 06 25 18 | 12
#0031-d271 @A: 18 27 26 15 | 03
#0032-d271 @A: 22 15 01 18 | 10
#0033-d271 @A: 18 19 15 13 | 06
#0034-d271 @A: 05 11 18 32 | 11
#0035-d271 @A: 05 33 12 18 | 08
#0036-d271 @A: 24 11 18 22 | 02
#0037-d271 @A: 24 26 08 18 | 07
#0038-d271 @A: 08 18 34 09 | 01
#0039-d271 @A: 01 28 07 18 | 04
#0040-d271 @A: 04 18 06 24 | 09
#0041-d271 @A: 06 32 33 18 | 05
#0042-d271 @A: 18 03 12 26 | 12
#0043-d271 @A: 29 18 12 19 | 03
#0044-d271 @A: 27 05 17 13 | 10
#0045-d271 @A: 17 04 05 01 | 06
#0046-d271 @A: 29 06 17 16 | 11
#0047-d271 @A: 27 17 08 28 | 08
#0048-d271 @A: 27 23 26 17 | 02
#0049-d271 @A: 24 06 17 07 | 07
#0050-d271 @A: 12 24 17 02 | 01
#0051-d271 @A: 09 17 22 29 | 04
#0052-d271 @A: 17 21 22 32 | 09
#0053-d271 @A: 29 32 17 26 | 05
#0054-d271 @A: 33 17 34 32 | 12
#0055-d271 @A: 11 29 15 25 | 03
#0056-d271 @A: 05 21 25 08 | 10
#0057-d271 @A: 06 05 25 23 | 06
#0058-d271 @A: 20 02 05 25 | 11
#0059-d271 @A: 10 25 35 19 | 08
#0060-d271 @A: 01 25 24 11 | 02
#0061-d271 @A: 22 27 25 24 | 07
#0062-d271 @A: 21 13 24 25 | 01
#0063-d271 @A: 21 25 34 07 | 04
#0064-d271 @A: 25 02 34 33 | 09
#0065-d271 @A: 25 19 12 33 | 05
#0066-d271 @A: 09 27 16 15 | 12
#0067-d271 @A: 24 10 15 12 | 03
#0068-d271 @A: 27 13 08 15 | 10
#0069-d271 @A: 15 06 21 23 | 06
#0070-d271 @A: 12 19 22 15 | 11
#0071-d271 @A: 07 15 26 29 | 08
#0072-d271 @A: 29 15 21 12 | 02
#0073-d271 @A: 32 03 29 15 | 07
#0074-d271 @A: 13 23 12 15 | 01
#0075-d271 @A: 07 32 04 15 | 04
#0076-d271 @A: 35 21 05 12 | 09
#0077-d271 @A: 16 03 21 05 | 05
#0078-d271 @A: 28 09 05 10 | 12
#0079-d271 @A: 27 33 05 06 | 03
#0080-d271 @A: 06 05 19 01 | 10
#0081-d271 @A: 05 33 32 26 | 06
#0082-d271 @A: 20 29 07 05 | 11
#0083-d271 @A: 23 05 32 29 | 08
#0084-d271 @A: 21 33 05 20 | 02
#0085-d271 @A: 35 16 30 03 | 07
#0086-d271 @A: 19 35 28 16 | 01
#0087-d271 @A: 11 34 35 30 | 04
#0088-d271 @A: 35 10 06 22 | 09
#0089-d271 @A: 02 24 08 35 | 05
#0090-d271 @A: 35 13 20 27 | 12
#0091-d271 @A: 28 23 06 35 | 03
#0092-d271 @A: 12 33 22 35 | 10
#0093-d271 @A: 13 09 33 35 | 06
#0094-d271 @A: 04 12 35 20 | 11
#0095-d271 @A: 03 02 04 35 | 08
#0096-d271 @A: 29 16 30 12 | 02
#0097-d271 @A: 06 13 16 08 | 07
#0098-d271 @A: 33 12 16 08 | 01
#0099-d271 @A: 26 24 28 16 | 04
#0100-d271 @A: 34 21 33 16 | 09
#0101-d271 @A: 20 16 12 34 | 05
#0102-d271 @A: 30 28 11 21 | 12
#0103-d271 @A: 11 08 01 13 | 03
#0104-d271 @A: 13 11 22 32 | 10
#0105-d271 @A: 26 32 04 11 | 06
#0106-d271 @A: 03 21 32 11 | 11
#0107-d271 @A: 10 08 29 34 | 08
#0108-d271 @A: 13 10 28 06 | 02
#0109-d271 @A: 19 01 10 12 | 07
#0110-d271 @A: 10 04 26 33 | 01
#0111-d271 @A: 10 02 13 34 | 04
#0112-d271 @A: 10 32 03 33 | 09
#0113-d271 @A: 03 10 19 04 | 05
#0114-d271 @A: 02 04 32 10 | 12
#0115-d271 @A: 10 02 07 12 | 03
#0116-d271 @A: 06 21 01 30 | 10
#0117-d271 @A: 34 32 22 30 | 06
#0118-d271 @A: 30 29 07 32 | 11
#0119-d271 @A: 26 08 09 03 | 08
#0120-d271 @A: 32 04 09 08 | 02
#0121-d271 @A: 23 32 27 06 | 07
#0122-d271 @A: 20 04 22 27 | 01
#0123-d271 @A: 32 22 27 07 | 04
#0124-d271 @A: 29 27 34 26 | 09
#0125-d271 @A: 21 29 27 23 | 05
#0126-d271 @A: 28 33 01 21 | 12
#0127-d271 @A: 33 28 32 22 | 03
#0128-d271 @A: 26 20 33 28 | 10
#0129-d271 @A: 03 07 28 21 | 06
#0130-d271 @A: 21 09 12 28 | 11
#0131-d271 @A: 13 28 07 23 | 08
#0132-d271 @A: 02 28 13 23 | 02
#0133-d271 @A: 28 32 23 09 | 07
#0134-d271 @A: 06 20 02 29 | 01
#0135-d271 @A: 09 21 33 06 | 04
#0136-d271 @A: 01 24 26 09 | 09
#0137-d271 @A: 24 13 23 01 | 05
#0138-d271 @A: 24 04 01 03 | 12
#0139-d271 @A: 24 19 02 09 | 03
#0140-d271 @A: 22 20 23 01 | 10
#0141-d271 @A: 26 01 23 32 | 06
#0142-d271 @A: 02 26 32 01 | 11
#0143-d271 @A: 04 26 02 20 | 08
#0144-d271 @A: 10 14 17 09 | 02
#0145-d271 @A: 02 14 32 17 | 07
#0146-d271 @A: 28 05 14 25 | 01
#0147-d271 @A: 14 05 15 06 | 04
#0148-d271 @A: 10 14 15 34 | 09
#0149-d271 @A: 15 14 29 09 | 05
#0150-d271 @A: 05 14 19 11 | 12
#0151-d271 @A: 30 02 05 14 | 03
#0152-d271 @A: 32 14 06 35 | 10
#0153-d271 @A: 03 16 14 02 | 06
#0154-d271 @A: 14 28 08 32 | 11
#0155-d271 @A: 19 14 28 01 | 08
#0156-d271 @A: 06 14 29 01 | 02
#0157-d271 @A: 34 23 31 17 | 07
#0158-d271 @A: 05 09 35 31 | 01
#0159-d271 @A: 16 20 31 02 | 04
#0160-d271 @A: 31 20 24 10 | 09
#0161-d271 @A: 07 13 22 31 | 05
#0162-d271 @A: 26 23 31 13 | 12
#0163-d271 @A: 20 21 13 31 | 03
#0164-d271 @A: 16 03 15 18 | 10
#0165-d271 @A: 18 15 20 06 | 06
#0166-d271 @A: 35 08 29 18 | 11
#0167-d271 @A: 16 04 27 18 | 08
#0168-d271 @A: 16 12 18 01 | 02
#0169-d271 @A: 20 18 10 30 | 07
#0170-d271 @A: 18 03 30 24 | 01
#0171-d271 @A: 07 02 18 30 | 04
#0172-d271 @A: 18 07 27 08 | 09
#0173-d271 @A: 04 34 18 28 | 05
#0174-d271 @A: 32 22 29 18 | 12
#0175-d271 @A: 34 13 22 18 | 03
#0176-d271 @A: 21 32 18 26 | 10
#0177-d271 @A: 12 25 06 17 | 06
#0178-d271 @A: 03 01 17 16 | 11
#0179-d271 @A: 20 10 17 11 | 08
#0180-d271 @A: 17 09 30 11 | 02
#0181-d271 @A: 19 17 28 10 | 07
#0182-d271 @A: 08 32 17 19 | 01
#0183-d271 @A: 17 09 28 06 | 04
#0184-d271 @A: 23 20 06 17 | 09
#0185-d271 @A: 17 29 13 33 | 05
#0186-d271 @A: 04 13 17 23 | 12
#0187-d271 @A: 33 04 20 17 | 03
#0188-d271 @A: 19 33 02 17 | 10
#0189-d271 @A: 26 16 29 25 | 06
#0190-d271 @A: 25 19 30 11 | 11
#0191-d271 @A: 11 25 06 21 | 08
#0192-d271 @A: 27 10 25 23 | 02
#0193-d271 @A: 30 07 20 25 | 07
#0194-d271 @A: 19 13 25 20 | 01
#0195-d271 @A: 04 25 09 19 | 04
#0196-d271 @A: 15 23 05 27 | 09
#0197-d271 @A: 32 16 15 30 | 05
#0198-d271 @A: 11 12 15 08 | 12
#0199-d271 @A: 08 07 15 06 | 03
#0200-d271 @A: 26 28 15 04 | 10
#0201-d271 @A: 32 15 12 20 | 06
#0202-d271 @A: 21 01 05 11 | 11
#0203-d271 @A: 05 10 08 13 | 08
#0204-d271 @A: 05 30 34 28 | 02
#0205-d271 @A: 33 08 24 05 | 07
#0206-d271 @A: 21 05 13 26 | 01
#0207-d271 @A: 05 09 29 34 | 04
#0208-d271 @A: 03 05 19 13 | 09
#0209-d271 @A: 19 04 05 23 | 05
#0210-d271 @A: 10 11 29 35 | 12
#0211-d271 @A: 35 10 12 08 | 03
#0212-d271 @A: 24 01 08 35 | 10
#0213-d271 @A: 08 26 35 32 | 06
#0214-d271 @A: 07 35 02 01 | 11
#0215-d271 @A: 19 29 22 35 | 08
#0216-d271 @A: 35 03 13 21 | 02
#0217-d271 @A: 16 13 27 12 | 07
#0218-d271 @A: 16 23 22 13 | 01
#0219-d271 @A: 16 29 07 09 | 04
#0220-d271 @A: 10 11 08 19 | 09
#0221-d271 @A: 11 12 28 20 | 05
#0222-d271 @A: 11 22 20 33 | 12
#0223-d271 @A: 12 11 23 22 | 03
#0224-d271 @A: 03 20 11 26 | 10
#0225-d271 @A: 11 29 21 07 | 06
#0226-d271 @A: 19 30 06 10 | 11
#0227-d271 @A: 34 13 10 30 | 08
#0228-d271 @A: 08 10 20 02 | 02
#0229-d271 @A: 13 07 32 10 | 07
#0230-d271 @A: 24 27 30 34 | 01
#0231-d271 @A: 26 20 22 30 | 04
#0232-d271 @A: 30 03 22 13 | 09
#0233-d271 @A: 21 26 30 23 | 05
#0234-d271 @A: 30 04 26 03 | 12
#0235-d271 @A: 21 32 13 30 | 03
#0236-d271 @A: 13 23 30 09 | 10
#0237-d271 @A: 06 29 08 27 | 06
#0238-d271 @A: 24 08 19 27 | 11
#0239-d271 @A: 27 08 12 23 | 08
#0240-d271 @A: 28 08 03 01 | 02
#0241-d271 @A: 23 06 08 01 | 07
#0242-d271 @A: 07 04 08 01 | 01
#0243-d271 @A: 26 22 08 04 | 04
#0244-d271 @A: 07 33 08 29 | 09
#0245-d271 @A: 13 09 08 19 | 05
#0246-d271 @A: 34 19 08 03 | 12
#0247-d271 @A: 09 28 20 27 | 03
#0248-d271 @A: 04 02 34 27 | 10
#0249-d271 @A: 33 03 24 28 | 06
#0250-d271 @A: 09 03 28 29 | 11
#0251-d271 @A: 23 20 28 21 | 08
#0252-d271 @A: 19 12 13 28 | 02
#0253-d271 @A: 23 28 03 04 | 07
#0254-d271 @A: 06 21 34 29 | 01
#0255-d271 @A: 33 21 06 02 | 04
#0256-d271 @A: 06 13 34 23 | 09
#0257-d271 @A: 32 03 13 06 | 05
#0258-d271 @A: 06 04 34 33 | 12
#0259-d271 @A: 34 01 12 24 | 03
#0260-d271 @A: 01 07 24 33 | 10
#0261-d271 @A: 21 07 12 24 | 06
#0262-d271 @A: 12 23 24 09 | 11
#0263-d271 @A: 26 33 01 13 | 08
#0264-d271 @A: 01 34 21 09 | 02
#0265-d271 @A: 02 01 12 21 | 07
#0266-d271 @A: 02 12 23 20 | 01
#0267-d271 @A: 18 31 12 14 | 04
#0268-d271 @A: 30 31 14 10 | 09
#0269-d271 @A: 31 24 33 14 | 05
#0270-d271 @A: 34 14 21 31 | 12
#0271-d271 @A: 06 34 18 14 | 03
#0272-d271 @A: 14 27 22 17 | 10
#0273-d271 @A: 25 14 29 24 | 06
#0274-d271 @A: 14 26 27 35 | 11
#0275-d271 @A: 16 14 34 11 | 08
#0276-d271 @A: 14 11 01 20 | 02
#0277-d271 @A: 14 10 07 03 | 07
#0278-d271 @A: 19 30 08 14 | 01
#0279-d271 @A: 30 14 33 34 | 04
#0280-d271 @A: 21 03 14 20 | 09
#0281-d271 @A: 14 23 13 32 | 05
#0282-d271 @A: 19 14 34 12 | 12
#0283-d271 @A: 18 35 31 21 | 03
#0284-d271 @A: 31 16 21 17 | 10
#0285-d271 @A: 31 27 17 09 | 06
#0286-d271 @A: 32 17 31 03 | 11
#0287-d271 @A: 04 31 16 25 | 08
#0288-d271 @A: 07 24 15 31 | 02
#0289-d271 @A: 26 16 31 10 | 07
#0290-d271 @A: 19 31 16 23 | 01
#0291-d271 @A: 02 31 11 07 | 04
#0292-d271 @A: 31 01 13 28 | 09
#0293-d271 @A: 12 32 31 22 | 05
#0294-d271 @A: 31 32 09 19 | 12
#0295-d271 @A: 16 18 17 09 | 03
#0296-d271 @A: 10 18 33 17 | 10
#0297-d271 @A: 25 18 15 04 | 06
#0298-d271 @A: 34 16 25 18 | 11
#0299-d271 @A: 23 18 24 25 | 08
#0300-d271 @A: 18 03 25 20 | 02
#0301-d271 @A: 15 18 29 05 | 07
#0302-d271 @A: 18 02 26 05 | 01
#0303-d271 @A: 18 02 16 28 | 04
#0304-d271 @A: 18 29 11 27 | 09
#0305-d271 @A: 32 10 24 18 | 05
#0306-d271 @A: 10 13 26 18 | 12
#0307-d271 @A: 06 18 03 08 | 03
#0308-d271 @A: 12 18 24 27 | 10
#0309-d271 @A: 18 04 02 06 | 06
#0310-d271 @A: 13 33 18 21 | 11
#0311-d271 @A: 09 32 07 18 | 08
#0312-d271 @A: 25 24 32 17 | 02
#0313-d271 @A: 21 17 05 15 | 07
#0314-d271 @A: 17 35 04 15 | 01
#0315-d271 @A: 35 30 23 17 | 04
#0316-d271 @A: 27 07 35 17 | 09
#0317-d271 @A: 17 20 07 16 | 05
#0318-d271 @A: 30 10 17 03 | 12
#0319-d271 @A: 29 08 30 17 | 03
#0320-d271 @A: 01 29 17 02 | 10
#0321-d271 @A: 26 17 13 20 | 06
#0322-d271 @A: 29 17 03 04 | 11
#0323-d271 @A: 17 07 33 03 | 08
#0324-d271 @A: 03 02 17 07 | 02
#0325-d271 @A: 23 32 17 12 | 07
#0326-d271 @A: 30 15 25 02 | 01
#0327-d271 @A: 24 15 25 26 | 04
#0328-d271 @A: 25 04 05 10 | 09
#0329-d271 @A: 25 10 11 09 | 05
#0330-d271 @A: 07 11 27 25 | 12
#0331-d271 @A: 25 13 23 11 | 03
#0332-d271 @A: 25 28 34 09 | 10
#0333-d271 @A: 20 25 06 24 | 06
#0334-d271 @A: 22 19 25 21 | 11
#0335-d271 @A: 09 25 13 26 | 08
#0336-d271 @A: 15 05 11 07 | 02
#0337-d271 @A: 33 15 05 01 | 07
#0338-d271 @A: 28 21 35 15 | 01
#0339-d271 @A: 06 15 16 10 | 04
#0340-d271 @A: 13 10 11 15 | 09
#0341-d271 @A: 21 22 15 11 | 05
#0342-d271 @A: 15 24 08 29 | 12
#0343-d271 @A: 27 28 15 32 | 03
#0344-d271 @A: 24 15 06 01 | 10
#0345-d271 @A: 03 15 33 20 | 06
#0346-d271 @A: 19 23 15 32 | 11
#0347-d271 @A: 04 33 12 15 | 08
#0348-d271 @A: 05 06 16 12 | 02
#0349-d271 @A: 16 07 13 05 | 07
#0350-d271 @A: 08 11 05 20 | 01
#0351-d271 @A: 08 02 05 11 | 04
#0352-d271 @A: 24 01 05 10 | 09
#0353-d271 @A: 13 34 04 05 | 05
#0354-d271 @A: 09 03 05 07 | 12
#0355-d271 @A: 19 12 09 05 | 03
#0356-d271 @A: 27 11 35 08 | 10
#0357-d271 @A: 26 11 24 35 | 06
#0358-d271 @A: 10 26 35 01 | 11
#0359-d271 @A: 08 30 35 33 | 08
#0360-d271 @A: 30 20 01 35 | 02
#0361-d271 @A: 27 12 06 35 | 07
#0362-d271 @A: 02 35 32 28 | 01
#0363-d271 @A: 34 35 19 04 | 04
#0364-d271 @A: 16 06 30 02 | 09
#0365-d271 @A: 08 16 09 28 | 05
#0366-d271 @A: 34 16 08 02 | 12
#0367-d271 @A: 16 03 06 20 | 03
#0368-d271 @A: 19 16 13 34 | 10
#0369-d271 @A: 06 30 26 11 | 06
#0370-d271 @A: 22 30 01 11 | 11
#0371-d271 @A: 22 11 29 26 | 08
#0372-d271 @A: 09 11 02 12 | 02
#0373-d271 @A: 23 08 10 32 | 07
#0374-d271 @A: 28 21 10 27 | 01
#0375-d271 @A: 24 10 06 23 | 04
#0376-d271 @A: 23 10 26 02 | 09
#0377-d271 @A: 29 07 10 19 | 05
#0378-d271 @A: 20 23 04 10 | 12
#0379-d271 @A: 30 09 27 08 | 03
#0380-d271 @A: 19 30 23 29 | 10
#0381-d271 @A: 21 03 19 30 | 06
#0382-d271 @A: 32 08 01 27 | 11
#0383-d271 @A: 08 07 23 26 | 08
#0384-d271 @A: 08 12 04 34 | 02
#0385-d271 @A: 02 08 09 07 | 07
#0386-d271 @A: 19 28 27 26 | 01
#0387-d271 @A: 33 27 07 28 | 04
#0388-d271 @A: 26 22 27 13 | 09
#0389-d271 @A: 19 13 29 27 | 05
#0390-d271 @A: 22 28 21 26 | 12
#0391-d271 @A: 22 09 04 28 | 03
#0392-d271 @A: 03 28 26 13 | 10
#0393-d271 @A: 19 28 07 20 | 06
#0394-d271 @A: 06 29 22 07 | 11
#0395-d271 @A: 04 13 06 26 | 08
#0396-d271 @A: 09 20 06 19 | 02
#0397-d271 @A: 23 02 19 06 | 07
#0398-d271 @A: 04 07 06 19 | 01
#0399-d271 @A: 24 23 33 20 | 04
#0400-d271 @A: 24 04 33 19 | 09
#0401-d271 @A: 01 22 03 21 | 05
#0402-d271 @A: 26 29 01 12 | 12
#0403-d271 @A: 09 01 02 03 | 03
#0404-d271 @A: 14 31 03 35 | 10
#0405-d271 @A: 14 05 18 35 | 06
#0406-d271 @A: 13 11 14 18 | 11
#0407-d271 @A: 17 35 14 29 | 08
#0408-d271 @A: 33 17 14 16 | 02
#0409-d271 @A: 14 25 08 02 | 07
#0410-d271 @A: 15 35 23 14 | 01
#0411-d271 @A: 03 29 05 14 | 04
#0412-d271 @A: 02 14 21 11 | 09
#0413-d271 @A: 10 14 33 23 | 05
#0414-d271 @A: 20 30 14 13 | 12
#0415-d271 @A: 06 19 14 27 | 03
#0416-d271 @A: 04 14 22 13 | 10
#0417-d271 @A: 23 14 20 12 | 06
#0418-d271 @A: 18 08 31 13 | 11
#0419-d271 @A: 05 17 31 19 | 08
#0420-d271 @A: 31 19 06 25 | 02
#0421-d271 @A: 26 31 15 06 | 07
#0422-d271 @A: 10 05 31 06 | 01
#0423-d271 @A: 31 35 10 33 | 04
#0424-d271 @A: 31 22 01 16 | 09
#0425-d271 @A: 11 09 31 08 | 05
#0426-d271 @A: 04 31 27 28 | 12
#0427-d271 @A: 28 12 31 24 | 03
#0428-d271 @A: 02 33 28 31 | 10
#0429-d271 @A: 31 20 26 01 | 06
#0430-d271 @A: 31 23 29 22 | 11
#0431-d271 @A: 29 31 04 20 | 08
#0432-d271 @A: 33 12 20 31 | 02
#0433-d271 @A: 21 18 29 17 | 07
#0434-d271 @A: 18 12 25 10 | 01
#0435-d271 @A: 02 18 25 29 | 04
#0436-d271 @A: 18 15 07 35 | 09
#0437-d271 @A: 15 34 11 18 | 05
#0438-d271 @A: 05 01 13 18 | 12
#0439-d271 @A: 18 27 28 35 | 03
#0440-d271 @A: 18 10 11 21 | 10
#0441-d271 @A: 33 11 18 26 | 06
#0442-d271 @A: 28 10 18 23 | 11
#0443-d271 @A: 04 22 30 18 | 08
#0444-d271 @A: 30 18 12 13 | 02
#0445-d271 @A: 23 29 01 18 | 07
#0446-d271 @A: 26 18 22 23 | 01
#0447-d271 @A: 29 18 26 09 | 04
#0448-d271 @A: 12 34 21 18 | 09
#0449-d271 @A: 18 19 20 21 | 05
#0450-d271 @A: 07 21 18 23 | 12
#0451-d271 @A: 20 18 13 07 | 03
#0452-d271 @A: 03 07 19 18 | 10
#0453-d271 @A: 23 19 09 18 | 06
#0454-d271 @A: 33 18 04 07 | 11
#0455-d271 @A: 25 15 17 34 | 08
#0456-d271 @A: 17 11 35 25 | 02
#0457-d271 @A: 17 06 15 19 | 07
#0458-d271 @A: 17 16 35 05 | 01
#0459-d271 @A: 04 16 17 26 | 04
#0460-d271 @A: 11 13 24 17 | 09
#0461-d271 @A: 27 12 03 17 | 05
#0462-d271 @A: 20 22 03 17 | 12
#0463-d271 @A: 04 12 17 22 | 03
#0464-d271 @A: 09 17 33 12 | 10
#0465-d271 @A: 03 27 25 35 | 06
#0466-d271 @A: 22 16 25 30 | 11
#0467-d271 @A: 25 07 16 28 | 08
#0468-d271 @A: 02 13 01 25 | 02
#0469-d271 @A: 03 29 23 25 | 07
#0470-d271 @A: 15 32 08 05 | 01
#0471-d271 @A: 15 35 11 09 | 04
#0472-d271 @A: 15 16 23 11 | 09
#0473-d271 @A: 11 32 06 15 | 05
#0474-d271 @A: 10 27 29 15 | 12
#0475-d271 @A: 28 07 15 10 | 03
#0476-d271 @A: 01 03 15 30 | 10
#0477-d271 @A: 01 08 26 15 | 06
#0478-d271 @A: 15 03 02 28 | 11
#0479-d271 @A: 15 12 34 06 | 08
#0480-d271 @A: 15 04 34 03 | 02
#0481-d271 @A: 15 09 23 02 | 07
#0482-d271 @A: 05 10 35 23 | 01
#0483-d271 @A: 27 35 05 19 | 04
#0484-d271 @A: 28 35 07 05 | 09
#0485-d271 @A: 27 12 02 05 | 05
#0486-d271 @A: 09 05 06 13 | 12
#0487-d271 @A: 32 09 20 05 | 03
#0488-d271 @A: 07 02 05 04 | 10
#0489-d271 @A: 16 35 11 32 | 06
#0490-d271 @A: 01 35 12 11 | 11
#0491-d271 @A: 35 27 30 29 | 08
#0492-d271 @A: 27 07 02 35 | 02
#0493-d271 @A: 21 06 24 35 | 07
#0494-d271 @A: 01 33 35 03 | 01
#0495-d271 @A: 35 21 34 26 | 04
#0496-d271 @A: 23 26 20 35 | 09
#0497-d271 @A: 35 04 21 29 | 05
#0498-d271 @A: 12 35 02 34 | 12
#0499-d271 @A: 35 23 04 33 | 03
#0500-d271 @A: 33 16 11 30 | 10
#0501-d271 @A: 08 16 03 27 | 06
#0502-d271 @A: 24 27 16 23 | 11
#0503-d271 @A: 26 16 06 21 | 08
#0504-d271 @A: 34 16 32 24 | 02
#0505-d271 @A: 23 16 02 01 | 07
#0506-d271 @A: 22 16 26 12 | 01
#0507-d271 @A: 19 20 22 16 | 04
#0508-d271 @A: 12 03 16 09 | 09
#0509-d271 @A: 11 06 10 34 | 05
#0510-d271 @A: 20 11 04 06 | 12
#0511-d271 @A: 11 32 13 02 | 03
#0512-d271 @A: 26 10 08 30 | 10
#0513-d271 @A: 30 04 01 10 | 06
#0514-d271 @A: 27 08 33 10 | 11
#0515-d271 @A: 10 03 02 27 | 08
#0516-d271 @A: 06 26 10 03 | 02
#0517-d271 @A: 10 04 06 32 | 07
#0518-d271 @A: 34 20 26 10 | 01
#0519-d271 @A: 13 10 09 04 | 04
#0520-d271 @A: 32 34 10 19 | 09
#0521-d271 @A: 13 08 30 28 | 05
#0522-d271 @A: 27 03 30 28 | 12
#0523-d271 @A: 32 12 04 30 | 03
#0524-d271 @A: 02 12 04 30 | 10
#0525-d271 @A: 07 08 24 28 | 06
#0526-d271 @A: 07 09 21 08 | 11
#0527-d271 @A: 19 08 20 04 | 08
#0528-d271 @A: 27 28 20 02 | 02
#0529-d271 @A: 27 33 34 22 | 07
#0530-d271 @A: 27 03 32 26 | 01
#0531-d271 @A: 12 32 33 27 | 04
#0532-d271 @A: 28 34 21 32 | 09
#0533-d271 @A: 19 04 28 21 | 05
#0534-d271 @A: 07 06 21 20 | 12
#0535-d271 @A: 13 19 06 33 | 03
#0536-d271 @A: 12 06 09 32 | 10
#0537-d271 @A: 24 19 03 22 | 06
#0538-d271 @A: 03 29 24 26 | 11
#0539-d271 @A: 32 24 19 29 | 08
#0540-d271 @A: 24 09 34 07 | 02
#0541-d271 @A: 34 01 29 22 | 07
#0542-d271 @A: 21 26 07 01 | 01
#0543-d271 @A: 09 33 01 29 | 04
#0544-d271 @A: 07 19 26 02 | 09
#0545-d271 @A: 21 15 14 18 | 05
#0546-d271 @A: 27 18 14 23 | 12
#0547-d271 @A: 14 01 04 18 | 03
#0548-d271 @A: 21 30 17 14 | 10
#0549-d271 @A: 20 15 25 14 | 06
#0550-d271 @A: 14 12 16 25 | 11
#0551-d271 @A: 14 25 11 04 | 08
#0552-d271 @A: 10 26 14 25 | 02
#0553-d271 @A: 22 08 25 14 | 07
#0554-d271 @A: 05 20 14 16 | 01
#0555-d271 @A: 14 22 11 35 | 04
#0556-d271 @A: 14 13 35 02 | 09
#0557-d271 @A: 29 16 27 14 | 05
#0558-d271 @A: 21 28 16 14 | 12
#0559-d271 @A: 11 33 14 27 | 03
#0560-d271 @A: 24 07 14 11 | 10
#0561-d271 @A: 12 10 06 14 | 06
#0562-d271 @A: 07 30 28 14 | 11
#0563-d271 @A: 09 07 14 06 | 08
#0564-d271 @A: 07 33 22 14 | 02
#0565-d271 @A: 34 26 14 04 | 07
#0566-d271 @A: 14 21 23 02 | 01
#0567-d271 @A: 31 18 30 23 | 04
#0568-d271 @A: 27 34 18 31 | 09
#0569-d271 @A: 18 24 19 31 | 05
#0570-d271 @A: 18 01 33 31 | 12
#0571-d271 @A: 31 27 05 07 | 03
#0572-d271 @A: 12 31 05 23 | 10
#0573-d271 @A: 30 35 02 31 | 06
#0574-d271 @A: 31 07 35 08 | 11
#0575-d271 @A: 35 27 31 23 | 08
#0576-d271 @A: 11 21 12 31 | 02
#0577-d271 @A: 21 10 31 32 | 07
#0578-d271 @A: 27 32 31 24 | 01
#0579-d271 @A: 01 27 31 21 | 04
#0580-d271 @A: 22 24 31 26 | 09
#0581-d271 @A: 31 02 01 04 | 05
#0582-d271 @A: 29 31 26 21 | 12
#0583-d271 @A: 31 09 03 04 | 03
#0584-d271 @A: 31 04 23 32 | 10
#0585-d271 @A: 18 27 17 25 | 06
#0586-d271 @A: 18 09 30 25 | 11
#0587-d271 @A: 18 24 15 33 | 08
#0588-d271 @A: 34 18 10 05 | 02
#0589-d271 @A: 18 20 05 27 | 07
#0590-d271 @A: 24 05 09 18 | 01
#0591-d271 @A: 10 35 04 18 | 04
#0592-d271 @A: 22 35 20 18 | 09
#0593-d271 @A: 35 18 09 12 | 05
#0594-d271 @A: 01 18 03 10 | 12
#0595-d271 @A: 22 18 02 10 | 03
#0596-d271 @A: 28 26 18 30 | 10
#0597-d271 @A: 08 19 22 18 | 06
#0598-d271 @A: 12 08 18 32 | 11
#0599-d271 @A: 28 21 24 18 | 08
#0600-d271 @A: 13 18 09 28 | 02
#0601-d271 @A: 04 23 12 18 | 07
#0602-d271 @A: 12 15 16 17 | 01
#0603-d271 @A: 08 21 17 35 | 04
#0604-d271 @A: 32 16 27 17 | 09
#0605-d271 @A: 06 03 17 11 | 05
#0606-d271 @A: 17 13 22 19 | 12
#0607-d271 @A: 04 21 17 07 | 03
#0608-d271 @A: 17 12 07 13 | 10
#0609-d271 @A: 25 15 30 28 | 06
#0610-d271 @A: 15 25 23 08 | 11
#0611-d271 @A: 05 27 25 16 | 08
#0612-d271 @A: 16 08 25 32 | 02
#0613-d271 @A: 10 24 25 34 | 07
#0614-d271 @A: 25 10 29 01 | 01
#0615-d271 @A: 08 03 25 30 | 04
#0616-d271 @A: 08 33 20 25 | 09
#0617-d271 @A: 27 13 28 25 | 05
#0618-d271 @A: 28 19 24 25 | 12
#0619-d271 @A: 26 23 25 19 | 03
#0620-d271 @A: 07 25 29 13 | 10
#0621-d271 @A: 13 25 33 03 | 06
#0622-d271 @A: 25 34 23 12 | 11
#0623-d271 @A: 19 07 25 32 | 08
#0624-d271 @A: 02 32 25 09 | 02
#0625-d271 @A: 03 15 05 22 | 07
#0626-d271 @A: 35 13 15 01 | 01
#0627-d271 @A: 16 20 15 28 | 04
#0628-d271 @A: 07 15 19 16 | 09
#0629-d271 @A: 15 11 30 20 | 05
#0630-d271 @A: 01 11 15 04 | 12
#0631-d271 @A: 11 15 26 02 | 03
#0632-d271 @A: 10 33 15 22 | 10
#0633-d271 @A: 09 15 06 30 | 06
#0634-d271 @A: 13 30 33 15 | 11
#0635-d271 @A: 29 13 15 06 | 08
#0636-d271 @A: 02 34 15 01 | 02
#0637-d271 @A: 22 29 20 15 | 07
#0638-d271 @A: 32 15 21 33 | 01
#0639-d271 @A: 05 02 19 35 | 04
#0640-d271 @A: 01 05 16 23 | 09
#0641-d271 @A: 30 23 05 11 | 05
#0642-d271 @A: 26 05 01 30 | 12
#0643-d271 @A: 05 08 22 27 | 03
#0644-d271 @A: 05 27 03 24 | 10
#0645-d271 @A: 22 04 05 07 | 06
#0646-d271 @A: 29 05 02 32 | 11
#0647-d271 @A: 03 20 04 05 | 08
#0648-d271 @A: 28 03 35 11 | 02
#0649-d271 @A: 06 11 35 13 | 07
#0650-d271 @A: 35 21 11 20 | 01
#0651-d271 @A: 21 35 30 10 | 04
#0652-d271 @A: 27 10 09 35 | 09
#0653-d271 @A: 27 16 26 30 | 05
#0654-d271 @A: 08 01 29 16 | 12
#0655-d271 @A: 24 27 02 16 | 03
#0656-d271 @A: 24 06 22 16 | 10
#0657-d271 @A: 03 34 16 29 | 06
#0658-d271 @A: 16 32 12 19 | 11
#0659-d271 @A: 23 33 09 16 | 08
#0660-d271 @A: 28 11 19 22 | 02
#0661-d271 @A: 06 11 33 01 | 07
#0662-d271 @A: 06 11 03 02 | 01
#0663-d271 @A: 07 10 30 27 | 04
#0664-d271 @A: 30 22 10 23 | 09
#0665-d271 @A: 08 10 28 20 | 05
#0666-d271 @A: 10 08 09 06 | 12
#0667-d271 @A: 34 10 27 03 | 03
#0668-d271 @A: 10 33 07 20 | 10
#0669-d271 @A: 08 21 24 30 | 06
#0670-d271 @A: 06 30 24 33 | 11
#0671-d271 @A: 09 24 32 30 | 08
#0672-d271 @A: 09 21 29 30 | 02
#0673-d271 @A: 30 21 33 12 | 07
#0674-d271 @A: 09 30 33 03 | 01
#0675-d271 @A: 26 02 28 08 | 04
#0676-d271 @A: 24 02 21 08 | 09
#0677-d271 @A: 09 08 29 12 | 05
#0678-d271 @A: 08 04 33 21 | 12
#0679-d271 @A: 27 21 07 13 | 03
#0680-d271 @A: 12 27 21 20 | 10
#0681-d271 @A: 27 33 03 21 | 06
#0682-d271 @A: 27 33 13 23 | 11
#0683-d271 @A: 23 34 20 27 | 08
#0684-d271 @A: 26 28 23 12 | 02
#0685-d271 @A: 13 29 21 28 | 07
#0686-d271 @A: 29 02 28 09 | 01
#0687-d271 @A: 28 32 12 07 | 04
#0688-d271 @A: 26 06 12 20 | 09
#0689-d271 @A: 29 06 04 09 | 05
#0690-d271 @A: 19 32 21 06 | 12
#0691-d271 @A: 32 34 20 06 | 03
#0692-d271 @A: 02 06 07 20 | 10
#0693-d271 @A: 01 32 22 24 | 06
#0694-d271 @A: 22 24 13 29 | 11
#0695-d271 @A: 22 34 04 24 | 08
#0696-d271 @A: 22 24 23 07 | 02
#0697-d271 @A: 24 29 09 20 | 07
#0698-d271 @A: 04 24 21 09 | 01
#0699-d271 @A: 13 22 09 01 | 04
#0700-d271 @A: 33 02 29 07 | 09
#0701-d271 @A: 19 02 04 21 | 05
#0702-d271 @A: 03 02 20 13 | 12
#0703-d271 @A: 14 17 31 20 | 03
#0704-d271 @A: 11 32 31 14 | 10
#0705-d271 @A: 14 01 23 31 | 06
#0706-d271 @A: 14 02 33 18 | 11
#0707-d271 @A: 17 14 32 05 | 08
#0708-d271 @A: 11 12 14 17 | 02
#0709-d271 @A: 25 01 09 14 | 07
#0710-d271 @A: 15 14 12 01 | 01
#0711-d271 @A: 15 14 07 02 | 04
#0712-d271 @A: 22 10 05 14 | 09
#0713-d271 @A: 05 14 12 08 | 05
#0714-d271 @A: 01 07 05 14 | 12
#0715-d271 @A: 10 20 14 35 | 03
#0716-d271 @A: 13 03 14 16 | 10
#0717-d271 @A: 27 14 08 20 | 06
#0718-d271 @A: 08 33 14 01 | 11
#0719-d271 @A: 26 28 06 14 | 08
#0720-d271 @A: 34 14 22 20 | 02
#0721-d271 @A: 23 14 03 22 | 07
#0722-d271 @A: 26 29 23 14 | 01
#0723-d271 @A: 14 21 04 12 | 04
#0724-d271 @A: 32 34 14 09 | 09
#0725-d271 @A: 31 18 17 22 | 05
#0726-d271 @A: 23 18 31 02 | 12
#0727-d271 @A: 31 25 24 03 | 03
#0728-d271 @A: 15 20 31 05 | 10
#0729-d271 @A: 31 15 12 35 | 06
#0730-d271 @A: 15 28 11 31 | 11
#0731-d271 @A: 31 11 22 05 | 08
#0732-d271 @A: 24 31 35 29 | 02
#0733-d271 @A: 19 35 13 31 | 07
#0734-d271 @A: 10 29 02 31 | 01
#0735-d271 @A: 03 07 30 31 | 04
#0736-d271 @A: 06 31 34 28 | 09
#0737-d271 @A: 32 34 31 26 | 05
#0738-d271 @A: 21 07 31 19 | 12
#0739-d271 @A: 05 30 21 18 | 03
#0740-d271 @A: 18 20 11 16 | 10
#0741-d271 @A: 22 18 16 10 | 06
#0742-d271 @A: 28 32 16 18 | 11
#0743-d271 @A: 10 06 18 29 | 08
#0744-d271 @A: 27 18 32 13 | 02
#0745-d271 @A: 28 18 06 19 | 07
#0746-d271 @A: 03 33 18 29 | 01
#0747-d271 @A: 25 21 17 28 | 04
#0748-d271 @A: 17 02 25 28 | 09
#0749-d271 @A: 25 07 09 17 | 05
#0750-d271 @A: 30 15 26 17 | 12
#0751-d271 @A: 05 03 08 17 | 03
#0752-d271 @A: 06 26 05 17 | 10
#0753-d271 @A: 13 35 10 17 | 06
#0754-d271 @A: 17 34 22 35 | 11
#0755-d271 @A: 17 27 19 30 | 08
#0756-d271 @A: 17 26 01 28 | 02
#0757-d271 @A: 04 28 17 32 | 07
#0758-d271 @A: 12 34 29 17 | 01
#0759-d271 @A: 17 03 21 23 | 04
#0760-d271 @A: 22 05 25 01 | 09
#0761-d271 @A: 05 33 25 09 | 05
#0762-d271 @A: 28 25 33 11 | 12
#0763-d271 @A: 10 25 30 32 | 03
#0764-d271 @A: 25 27 06 30 | 10
#0765-d271 @A: 25 06 04 28 | 06
#0766-d271 @A: 03 01 25 06 | 11
#0767-d271 @A: 06 32 25 29 | 08
#0768-d271 @A: 25 29 22 04 | 02
#0769-d271 @A: 09 22 03 25 | 07
#0770-d271 @A: 25 23 32 22 | 01
#0771-d271 @A: 34 33 26 25 | 04
#0772-d271 @A: 32 33 04 25 | 09
#0773-d271 @A: 25 23 02 04 | 05
#0774-d271 @A: 15 30 10 05 | 12
#0775-d271 @A: 24 05 15 13 | 03
#0776-d271 @A: 15 35 24 22 | 10
#0777-d271 @A: 08 15 16 22 | 06
#0778-d271 @A: 15 26 10 23 | 11
#0779-d271 @A: 03 15 28 06 | 08
#0780-d271 @A: 01 23 15 28 | 02
#0781-d271 @A: 32 26 15 13 | 07
#0782-d271 @A: 13 04 20 15 | 01
#0783-d271 @A: 07 15 13 09 | 04
#0784-d271 @A: 09 15 34 19 | 09
#0785-d271 @A: 07 23 15 20 | 05
#0786-d271 @A: 04 35 05 30 | 12
#0787-d271 @A: 28 22 05 16 | 03
#0788-d271 @A: 02 10 13 05 | 10
#0789-d271 @A: 20 26 24 05 | 06
#0790-d271 @A: 05 13 29 12 | 11
#0791-d271 @A: 07 01 35 16 | 08
#0792-d271 @A: 35 08 09 22 | 02
#0793-d271 @A: 04 35 01 27 | 07
#0794-d271 @A: 09 01 35 06 | 01
#0795-d271 @A: 23 24 03 35 | 04
#0796-d271 @A: 35 04 09 26 | 09
#0797-d271 @A: 12 13 35 32 | 05
#0798-d271 @A: 13 35 07 04 | 12
#0799-d271 @A: 03 34 35 12 | 03
#0800-d271 @A: 16 21 11 24 | 10
#0801-d271 @A: 16 33 10 01 | 06
#0802-d271 @A: 27 07 16 06 | 11
#0803-d271 @A: 20 27 01 16 | 08
#0804-d271 @A: 26 32 20 16 | 02
#0805-d271 @A: 16 07 26 03 | 07
#0806-d271 @A: 19 09 16 26 | 01
#0807-d271 @A: 11 02 10 24 | 04
#0808-d271 @A: 11 34 33 08 | 09
#0809-d271 @A: 13 03 11 29 | 05
#0810-d271 @A: 09 11 19 29 | 12
#0811-d271 @A: 33 13 11 07 | 03
#0812-d271 @A: 08 22 10 24 | 10
#0813-d271 @A: 02 28 06 10 | 06
#0814-d271 @A: 21 10 29 20 | 11
#0815-d271 @A: 32 29 10 12 | 08
#0816-d271 @A: 03 10 13 20 | 02
#0817-d271 @A: 29 30 24 02 | 07
#0818-d271 @A: 30 22 02 12 | 01
#0819-d271 @A: 30 26 02 13 | 04
#0820-d271 @A: 23 07 12 30 | 09
#0821-d271 @A: 34 08 27 21 | 05
#0822-d271 @A: 06 08 28 12 | 12
#0823-d271 @A: 28 08 19 23 | 03
#0824-d271 @A: 08 06 24 32 | 10
#0825-d271 @A: 13 21 23 08 | 06
#0826-d271 @A: 07 34 32 08 | 11
#0827-d271 @A: 12 08 03 20 | 08
#0828-d271 @A: 12 22 27 29 | 02
#0829-d271 @A: 02 27 34 26 | 07
#0830-d271 @A: 12 07 34 27 | 01
#0831-d271 @A: 32 27 02 33 | 04
#0832-d271 @A: 07 34 28 22 | 09
#0833-d271 @A: 19 29 34 28 | 05
#0834-d271 @A: 13 20 32 28 | 12
#0835-d271 @A: 34 28 33 12 | 03
#0836-d271 @A: 22 06 23 09 | 10
#0837-d271 @A: 06 34 09 26 | 06
#0838-d271 @A: 33 23 26 06 | 11
#0839-d271 @A: 24 21 26 19 | 08
#0840-d271 @A: 33 24 12 26 | 02
#0841-d271 @A: 34 21 24 03 | 07
#0842-d271 @A: 24 12 32 03 | 01
#0843-d271 @A: 22 02 19 01 | 04
#0844-d271 @A: 29 01 13 20 | 09
#0845-d271 @A: 01 29 19 03 | 05
#0846-d271 @A: 01 32 20 33 | 12
#0847-d271 @A: 29 22 03 02 | 03
#0848-d271 @A: 31 04 14 08 | 10
#0849-d271 @A: 31 27 14 13 | 06
#0850-d271 @A: 18 14 17 26 | 11
#0851-d271 @A: 14 06 25 13 | 08
#0852-d271 @A: 34 14 03 25 | 02
#0853-d271 @A: 03 14 08 15 | 07
#0854-d271 @A: 28 33 15 14 | 01
#0855-d271 @A: 30 05 14 09 | 04
#0856-d271 @A: 14 05 24 04 | 09
#0857-d271 @A: 19 24 14 35 | 05
#0858-d271 @A: 35 21 01 14 | 12
#0859-d271 @A: 16 06 30 14 | 03
#0860-d271 @A: 08 11 14 29 | 10
#0861-d271 @A: 10 14 32 27 | 06
#0862-d271 @A: 14 24 21 10 | 11
#0863-d271 @A: 14 24 30 26 | 08
#0864-d271 @A: 14 34 23 28 | 02
#0865-d271 @A: 32 26 14 12 | 07
#0866-d271 @A: 04 14 02 29 | 01
#0867-d271 @A: 19 21 14 13 | 04
#0868-d271 @A: 07 32 21 14 | 09
#0869-d271 @A: 18 15 31 32 | 05
#0870-d271 @A: 04 18 05 31 | 12
#0871-d271 @A: 35 17 06 31 | 03
#0872-d271 @A: 17 12 31 01 | 10
#0873-d271 @A: 31 35 25 22 | 06
#0874-d271 @A: 21 30 31 25 | 11
#0875-d271 @A: 32 01 31 25 | 08
#0876-d271 @A: 12 25 31 02 | 02
#0877-d271 @A: 23 15 31 33 | 07
#0878-d271 @A: 31 01 03 05 | 01
#0879-d271 @A: 34 08 16 31 | 04
#0880-d271 @A: 11 31 29 30 | 09
#0881-d271 @A: 31 27 30 20 | 05
#0882-d271 @A: 28 21 08 31 | 12
#0883-d271 @A: 31 03 19 27 | 03
#0884-d271 @A: 06 04 31 01 | 10
#0885-d271 @A: 31 26 03 33 | 06
#0886-d271 @A: 31 29 09 13 | 11
#0887-d271 @A: 34 07 29 31 | 08
#0888-d271 @A: 31 09 23 21 | 02
#0889-d271 @A: 33 25 22 18 | 07
#0890-d271 @A: 05 18 08 23 | 01
#0891-d271 @A: 22 06 18 05 | 04
#0892-d271 @A: 18 06 12 11 | 09
#0893-d271 @A: 18 19 10 27 | 05
#0894-d271 @A: 18 01 08 20 | 12
#0895-d271 @A: 18 04 29 13 | 03
#0896-d271 @A: 29 05 25 17 | 10
#0897-d271 @A: 10 22 17 25 | 06
#0898-d271 @A: 17 20 27 15 | 11
#0899-d271 @A: 17 02 05 06 | 08
#0900-d271 @A: 09 17 35 24 | 02
#0901-d271 @A: 10 16 08 17 | 07
#0902-d271 @A: 34 16 30 17 | 01
#0903-d271 @A: 27 21 17 11 | 04
#0904-d271 @A: 17 01 08 22 | 09
#0905-d271 @A: 26 17 21 09 | 05
#0906-d271 @A: 07 26 19 17 | 12
#0907-d271 @A: 17 21 12 19 | 03
#0908-d271 @A: 05 13 30 25 | 10
#0909-d271 @A: 25 32 03 05 | 06
#0910-d271 @A: 06 34 35 25 | 11
#0911-d271 @A: 16 25 19 01 | 08
#0912-d271 @A: 25 08 27 04 | 02
#0913-d271 @A: 27 09 25 12 | 07
#0914-d271 @A: 20 25 22 28 | 01
#0915-d271 @A: 25 20 04 34 | 04
#0916-d271 @A: 04 07 03 25 | 09
#0917-d271 @A: 05 15 35 26 | 05
#0918-d271 @A: 05 15 02 16 | 12
#0919-d271 @A: 10 03 15 35 | 03
#0920-d271 @A: 30 19 35 15 | 10
#0921-d271 @A: 06 15 35 33 | 06
#0922-d271 @A: 15 21 08 19 | 11
#0923-d271 @A: 09 08 15 33 | 08
#0924-d271 @A: 01 32 34 15 | 02
#0925-d271 @A: 23 22 15 04 | 07
#0926-d271 @A: 21 15 34 13 | 01
#0927-d271 @A: 19 20 10 05 | 04
#0928-d271 @A: 06 05 20 30 | 09
#0929-d271 @A: 05 03 30 12 | 05
#0930-d271 @A: 27 09 05 21 | 12
#0931-d271 @A: 28 23 24 05 | 03
#0932-d271 @A: 32 01 28 05 | 10
#0933-d271 @A: 12 05 22 20 | 06
#0934-d271 @A: 07 05 23 34 | 11
#0935-d271 @A: 16 08 35 23 | 08
#0936-d271 @A: 35 16 26 13 | 02
#0937-d271 @A: 28 35 20 24 | 07
#0938-d271 @A: 22 28 01 35 | 01
#0939-d271 @A: 26 03 22 35 | 04
#0940-d271 @A: 35 33 26 29 | 09
#0941-d271 @A: 34 35 32 29 | 05
#0942-d271 @A: 02 23 29 35 | 12
#0943-d271 @A: 33 35 20 02 | 03
#0944-d271 @A: 35 09 03 32 | 10
#0945-d271 @A: 23 19 35 12 | 06
#0946-d271 @A: 11 16 19 02 | 11
#0947-d271 @A: 10 09 30 16 | 08
#0948-d271 @A: 16 12 28 10 | 02
#0949-d271 @A: 16 09 10 02 | 07
#0950-d271 @A: 28 16 30 23 | 01
#0951-d271 @A: 21 16 30 20 | 04
#0952-d271 @A: 27 28 34 16 | 09
#0953-d271 @A: 01 32 16 09 | 05
#0954-d271 @A: 16 09 21 13 | 12
#0955-d271 @A: 32 07 16 33 | 03
#0956-d271 @A: 08 30 11 32 | 10
#0957-d271 @A: 04 24 30 11 | 06
#0958-d271 @A: 34 26 28 11 | 11
#0959-d271 @A: 23 11 32 34 | 08
#0960-d271 @A: 11 12 19 03 | 02
#0961-d271 @A: 24 29 10 30 | 07
#0962-d271 @A: 02 10 30 33 | 01
#0963-d271 @A: 13 21 10 22 | 04
#0964-d271 @A: 07 10 09 22 | 09
#0965-d271 @A: 12 33 10 13 | 05
#0966-d271 @A: 10 20 12 09 | 12
#0967-d271 @A: 30 06 08 34 | 03
#0968-d271 @A: 23 30 02 08 | 10
#0969-d271 @A: 33 19 30 22 | 06
#0970-d271 @A: 34 12 26 30 | 11
#0971-d271 @A: 20 34 09 30 | 08
#0972-d271 @A: 09 04 07 30 | 02
#0973-d271 @A: 06 02 08 01 | 07
#0974-d271 @A: 34 23 22 08 | 01
#0975-d271 @A: 08 20 29 26 | 04
#0976-d271 @A: 02 08 29 32 | 09
#0977-d271 @A: 06 24 26 27 | 05
#0978-d271 @A: 13 27 06 01 | 12
#0979-d271 @A: 09 06 27 03 | 03
#0980-d271 @A: 27 04 24 07 | 10
#0981-d271 @A: 01 27 29 07 | 06
#0982-d271 @A: 07 20 26 27 | 11
#0983-d271 @A: 33 27 20 19 | 08
#0984-d271 @A: 28 20 01 06 | 02
#0985-d271 @A: 33 29 28 23 | 07
#0986-d271 @A: 19 28 34 02 | 01
#0987-d271 @A: 06 22 26 32 | 04
#0988-d271 @A: 13 06 22 20 | 09
#0989-d271 @A: 22 34 19 06 | 05
#0990-d271 @A: 13 12 21 06 | 12
#0991-d271 @A: 02 06 12 13 | 03
#0992-d271 @A: 20 24 22 21 | 10
#0993-d271 @A: 24 32 26 07 | 06
#0994-d271 @A: 24 23 21 32 | 11
#0995-d271 @A: 24 13 32 33 | 08
#0996-d271 @A: 32 19 13 01 | 02
#0997-d271 @A: 33 19 34 01 | 07
#0998-d271 @A: 33 23 02 22 | 01
#0999-d271 @A: 03 32 02 21 | 04
#1000-d271 @A: 29 19 14 31 | 09
#1001-d271 @A: 16 18 07 14 | 05
#1002-d271 @A: 14 28 18 22 | 12
#1003-d271 @A: 03 14 18 09 | 03
#1004-d271 @A: 17 08 14 07 | 10
#1005-d271 @A: 14 17 23 24 | 06
#1006-d271 @A: 30 25 23 14 | 11
#1007-d271 @A: 27 07 14 15 | 08
#1008-d271 @A: 13 14 08 35 | 02
#1009-d271 @A: 14 16 32 22 | 07
#1010-d271 @A: 14 23 16 04 | 01
#1011-d271 @A: 28 12 27 14 | 04
#1012-d271 @A: 09 26 14 20 | 09
#1013-d271 @A: 12 14 13 09 | 05
#1014-d271 @A: 18 11 31 03 | 12
#1015-d271 @A: 30 17 31 13 | 03
#1016-d271 @A: 09 25 31 15 | 10
#1017-d271 @A: 22 15 31 27 | 06
#1018-d271 @A: 21 24 31 05 | 11
#1019-d271 @A: 31 09 02 05 | 08
#1020-d271 @A: 31 11 13 16 | 02
#1021-d271 @A: 31 19 33 11 | 07
#1022-d271 @A: 28 31 10 22 | 01
#1023-d271 @A: 31 01 10 09 | 04
#1024-d271 @A: 30 31 22 08 | 09
#1025-d271 @A: 02 03 08 31 | 05
#1026-d271 @A: 32 31 29 28 | 12
#1027-d271 @A: 24 06 13 31 | 03
#1028-d271 @A: 07 06 31 23 | 10
#1029-d271 @A: 22 21 33 31 | 06
#1030-d271 @A: 31 13 12 04 | 11
#1031-d271 @A: 17 05 07 18 | 08
#1032-d271 @A: 18 17 32 30 | 02
#1033-d271 @A: 28 18 25 29 | 07
#1034-d271 @A: 10 15 09 18 | 01
#1035-d271 @A: 15 30 08 18 | 04
#1036-d271 @A: 26 19 35 18 | 09
#1037-d271 @A: 18 16 24 13 | 05
#1038-d271 @A: 02 18 01 27 | 12
#1039-d271 @A: 04 18 20 26 | 03
#1040-d271 @A: 20 02 18 21 | 10
#1041-d271 @A: 21 03 18 04 | 06
#1042-d271 @A: 11 17 33 15 | 11
#1043-d271 @A: 29 17 28 15 | 08
#1044-d271 @A: 10 02 35 17 | 02
#1045-d271 @A: 01 19 17 35 | 07
#1046-d271 @A: 19 24 16 17 | 01
#1047-d271 @A: 07 17 11 32 | 04
#1048-d271 @A: 06 21 10 17 | 09
#1049-d271 @A: 24 17 10 26 | 05
#1050-d271 @A: 30 17 12 28 | 12
#1051-d271 @A: 17 01 07 30 | 03
#1052-d271 @A: 04 09 34 17 | 10
#1053-d271 @A: 15 25 35 32 | 06
#1054-d271 @A: 25 19 03 15 | 11
#1055-d271 @A: 25 11 05 26 | 08
#1056-d271 @A: 25 22 34 11 | 02
#1057-d271 @A: 08 24 25 09 | 07
#1058-d271 @A: 25 27 19 34 | 01
#1059-d271 @A: 25 32 27 20 | 04
#1060-d271 @A: 02 25 06 22 | 09
#1061-d271 @A: 25 13 12 22 | 05
#1062-d271 @A: 15 16 26 33 | 12
#1063-d271 @A: 11 24 15 19 | 03
#1064-d271 @A: 27 15 30 12 | 10
#1065-d271 @A: 04 29 15 30 | 06
#1066-d271 @A: 07 21 30 15 | 11
#1067-d271 @A: 09 28 24 15 | 08
#1068-d271 @A: 22 15 02 32 | 02
#1069-d271 @A: 19 20 15 26 | 07
#1070-d271 @A: 15 29 02 12 | 01
#1071-d271 @A: 35 08 05 34 | 04
#1072-d271 @A: 05 29 35 01 | 09
#1073-d271 @A: 05 16 09 11 | 05
#1074-d271 @A: 29 05 16 24 | 12
#1075-d271 @A: 11 04 05 27 | 03
#1076-d271 @A: 11 05 12 24 | 10
#1077-d271 @A: 30 05 29 22 | 06
#1078-d271 @A: 21 34 22 05 | 11
#1079-d271 @A: 22 32 19 05 | 08
#1080-d271 @A: 29 04 26 05 | 02
#1081-d271 @A: 05 02 21 34 | 07
#1082-d271 @A: 23 05 13 20 | 01
#1083-d271 @A: 34 33 05 03 | 04
#1084-d271 @A: 04 16 35 06 | 09
#1085-d271 @A: 09 35 02 11 | 05
#1086-d271 @A: 29 20 06 35 | 12
#1087-d271 @A: 07 35 29 03 | 03
#1088-d271 @A: 21 09 19 35 | 10
#1089-d271 @A: 20 33 35 34 | 06
#1090-d271 @A: 08 16 11 07 | 11
#1091-d271 @A: 28 29 11 16 | 08
#1092-d271 @A: 01 16 11 26 | 02
#1093-d271 @A: 08 30 16 04 | 07
#1094-d271 @A: 16 20 08 24 | 01
#1095-d271 @A: 21 19 27 16 | 04
#1096-d271 @A: 16 06 28 33 | 09
#1097-d271 @A: 07 16 22 21 | 05
#1098-d271 @A: 22 34 16 09 | 12
#1099-d271 @A: 16 02 29 26 | 03
#1100-d271 @A: 21 29 16 32 | 10
#1101-d271 @A: 16 13 32 04 | 06
#1102-d271 @A: 10 24 33 11 | 11
#1103-d271 @A: 04 11 10 22 | 08
#1104-d271 @A: 03 24 11 08 | 02
#1105-d271 @A: 02 11 29 34 | 07
#1106-d271 @A: 11 29 33 12 | 01
#1107-d271 @A: 13 04 11 21 | 04
#1108-d271 @A: 11 34 13 12 | 09
#1109-d271 @A: 20 07 34 11 | 05
#1110-d271 @A: 23 11 20 19 | 12
#1111-d271 @A: 23 11 07 04 | 03
#1112-d271 @A: 23 11 04 02 | 10
#1113-d271 @A: 10 08 21 01 | 06
#1114-d271 @A: 10 29 28 26 | 11
#1115-d271 @A: 10 07 06 01 | 08
#1116-d271 @A: 12 10 21 26 | 02
#1117-d271 @A: 13 23 10 19 | 07
#1118-d271 @A: 01 12 30 08 | 01
#1119-d271 @A: 13 07 06 30 | 04
#1120-d271 @A: 29 20 33 30 | 09
#1121-d271 @A: 13 19 04 30 | 05
#1122-d271 @A: 19 03 30 02 | 12
#1123-d271 @A: 27 19 02 08 | 03
#1124-d271 @A: 08 33 22 13 | 10
#1125-d271 @A: 32 08 22 03 | 06
#1126-d271 @A: 13 08 26 12 | 11
#1127-d271 @A: 26 33 27 09 | 08
#1128-d271 @A: 13 34 27 09 | 02
#1129-d271 @A: 27 32 34 04 | 07
#1130-d271 @A: 19 04 12 27 | 01
#1131-d271 @A: 06 24 28 29 | 04
#1132-d271 @A: 26 09 07 28 | 09
#1133-d271 @A: 03 28 32 19 | 05
#1134-d271 @A: 04 06 21 22 | 12
#1135-d271 @A: 34 07 03 06 | 03
#1136-d271 @A: 01 20 19 24 | 10
#1137-d271 @A: 24 33 29 34 | 06
#1138-d271 @A: 03 07 32 01 | 11
#1139-d271 @A: 01 07 09 23 | 08
#1140-d271 @A: 33 12 01 23 | 02
#1141-d271 @A: 12 01 09 04 | 07
#1142-d271 @A: 09 02 22 21 | 01
#1143-d271 @A: 22 02 33 13 | 04
#1144-d271 @A: 07 34 02 22 | 09
#1145-d271 @A: 29 02 19 21 | 05
#1146-d271 @A: 13 04 02 09 | 12
#1147-d271 @A: 32 23 07 02 | 03
#1148-d271 @A: 07 31 14 25 | 10
#1149-d271 @A: 10 08 14 18 | 06
#1150-d271 @A: 14 29 18 30 | 11
#1151-d271 @A: 08 26 14 16 | 08
#1152-d271 @A: 03 11 30 14 | 02
#1153-d271 @A: 10 04 29 14 | 07
#1154-d271 @A: 06 21 08 14 | 01
#1155-d271 @A: 02 24 28 14 | 04
#1156-d271 @A: 14 33 32 29 | 09
#1157-d271 @A: 14 19 32 20 | 05
#1158-d271 @A: 07 20 14 04 | 12
#1159-d271 @A: 03 12 33 14 | 03
#1160-d271 @A: 29 31 16 18 | 10
#1161-d271 @A: 18 31 20 28 | 06
#1162-d271 @A: 29 10 31 17 | 11
#1163-d271 @A: 04 17 24 31 | 08
#1164-d271 @A: 16 27 31 33 | 02
#1165-d271 @A: 06 32 16 31 | 07
#1166-d271 @A: 27 11 31 06 | 01
#1167-d271 @A: 31 10 34 04 | 04
#1168-d271 @A: 33 31 29 06 | 09
#1169-d271 @A: 34 22 31 03 | 05
#1170-d271 @A: 12 19 31 26 | 12
#1171-d271 @A: 04 31 07 26 | 03
#1172-d271 @A: 20 19 31 34 | 10
#1173-d271 @A: 11 02 18 17 | 06
#1174-d271 @A: 01 17 18 24 | 11
#1175-d271 @A: 18 19 25 05 | 08
#1176-d271 @A: 18 25 21 01 | 02
#1177-d271 @A: 35 18 02 15 | 07
#1178-d271 @A: 28 18 08 33 | 01
#1179-d271 @A: 18 20 34 29 | 04
#1180-d271 @A: 34 32 18 03 | 09
#1181-d271 @A: 18 02 09 34 | 05
#1182-d271 @A: 09 18 20 33 | 12
#1183-d271 @A: 23 17 25 16 | 03
#1184-d271 @A: 02 13 15 17 | 10
#1185-d271 @A: 22 17 05 24 | 06
#1186-d271 @A: 28 33 35 17 | 11
#1187-d271 @A: 32 35 20 17 | 08
#1188-d271 @A: 17 07 34 10 | 02
#1189-d271 @A: 21 17 02 30 | 07
#1190-d271 @A: 06 17 27 34 | 01
#1191-d271 @A: 17 34 28 24 | 04
#1192-d271 @A: 17 33 22 26 | 09
#1193-d271 @A: 15 21 10 25 | 05
#1194-d271 @A: 06 15 22 25 | 12
#1195-d271 @A: 05 20 25 35 | 03
#1196-d271 @A: 01 25 35 23 | 10
#1197-d271 @A: 25 35 21 02 | 06
#1198-d271 @A: 35 25 12 07 | 11
#1199-d271 @A: 25 02 11 27 | 08
#1200-d271 @A: 30 25 01 33 | 02
#1201-d271 @A: 26 22 25 07 | 07
#1202-d271 @A: 25 21 33 29 | 01
#1203-d271 @A: 21 09 32 25 | 04
#1204-d271 @A: 33 25 07 23 | 09
#1205-d271 @A: 28 19 05 15 | 05
#1206-d271 @A: 29 16 35 15 | 12
#1207-d271 @A: 15 34 35 27 | 03
#1208-d271 @A: 24 04 16 15 | 10
#1209-d271 @A: 16 02 33 15 | 06
#1210-d271 @A: 15 10 08 04 | 11
#1211-d271 @A: 02 10 21 15 | 08
#1212-d271 @A: 34 08 28 15 | 02
#1213-d271 @A: 08 04 02 15 | 07
#1214-d271 @A: 24 15 20 34 | 01
#1215-d271 @A: 26 22 34 15 | 04
#1216-d271 @A: 21 15 03 26 | 09
#1217-d271 @A: 15 29 34 23 | 05
#1218-d271 @A: 15 07 33 34 | 12
#1219-d271 @A: 12 07 15 03 | 03
#1220-d271 @A: 22 35 13 05 | 10
#1221-d271 @A: 13 05 28 11 | 06
#1222-d271 @A: 26 27 05 10 | 11
#1223-d271 @A: 27 12 05 01 | 08
#1224-d271 @A: 05 02 28 01 | 02
#1225-d271 @A: 05 34 24 06 | 07
#1226-d271 @A: 26 09 22 05 | 01
#1227-d271 @A: 22 33 23 05 | 04
#1228-d271 @A: 05 04 32 21 | 09
#1229-d271 @A: 05 02 33 03 | 05
#1230-d271 @A: 16 35 10 34 | 12
#1231-d271 @A: 35 16 27 22 | 03
#1232-d271 @A: 24 35 10 07 | 10
#1233-d271 @A: 35 24 30 13 | 06
#1234-d271 @A: 06 08 35 19 | 11
#1235-d271 @A: 08 35 03 04 | 08
#1236-d271 @A: 13 35 29 23 | 02
#1237-d271 @A: 16 33 19 03 | 07
#1238-d271 @A: 02 12 16 32 | 01
#1239-d271 @A: 10 30 11 12 | 04
#1240-d271 @A: 11 32 01 10 | 09
#1241-d271 @A: 11 21 26 08 | 05
#1242-d271 @A: 27 20 11 24 | 12
#1243-d271 @A: 09 11 22 27 | 03
#1244-d271 @A: 11 12 27 26 | 10
#1245-d271 @A: 13 26 11 19 | 06
#1246-d271 @A: 09 11 07 12 | 11
#1247-d271 @A: 34 28 10 01 | 08
#1248-d271 @A: 10 09 19 24 | 02
#1249-d271 @A: 29 03 10 22 | 07
#1250-d271 @A: 12 10 22 34 | 01
#1251-d271 @A: 09 03 10 21 | 04
#1252-d271 @A: 09 01 30 19 | 09
#1253-d271 @A: 12 09 30 22 | 05
#1254-d271 @A: 30 32 26 19 | 12
#1255-d271 @A: 32 02 30 34 | 03
#1256-d271 @A: 12 20 19 30 | 10
#1257-d271 @A: 08 21 22 12 | 06
#1258-d271 @A: 22 07 08 20 | 11
#1259-d271 @A: 08 33 19 26 | 08
#1260-d271 @A: 03 21 08 29 | 02
#1261-d271 @A: 21 20 08 32 | 07
#1262-d271 @A: 02 33 08 12 | 01
#1263-d271 @A: 27 01 24 28 | 04
#1264-d271 @A: 19 23 27 22 | 09
#1265-d271 @A: 21 04 26 27 | 05
#1266-d271 @A: 04 27 23 09 | 12
#1267-d271 @A: 04 02 22 28 | 03
#1268-d271 @A: 02 24 06 34 | 10
#1269-d271 @A: 06 29 23 12 | 06
#1270-d271 @A: 03 19 23 06 | 11
#1271-d271 @A: 04 12 03 06 | 08
#1272-d271 @A: 24 21 01 29 | 02
#1273-d271 @A: 19 07 01 22 | 07
#1274-d271 @A: 01 20 04 21 | 01
#1275-d271 @A: 32 21 01 12 | 04
#1276-d271 @A: 34 01 04 23 | 09
#1277-d271 @A: 01 20 03 09 | 05
#1278-d271 @A: 14 16 15 31 | 12
#1279-d271 @A: 31 26 02 14 | 03
#1280-d271 @A: 17 19 14 25 | 10
#1281-d271 @A: 04 14 06 17 | 06
#1282-d271 @A: 12 30 14 35 | 11
#1283-d271 @A: 10 16 14 19 | 08
#1284-d271 @A: 14 10 28 11 | 02
#1285-d271 @A: 10 13 01 14 | 07
#1286-d271 @A: 04 30 27 14 | 01
#1287-d271 @A: 08 34 24 14 | 04
#1288-d271 @A: 24 09 14 27 | 09
#1289-d271 @A: 14 28 13 24 | 05
#1290-d271 @A: 22 01 14 26 | 12
#1291-d271 @A: 14 32 04 03 | 03
#1292-d271 @A: 14 02 12 19 | 10
#1293-d271 @A: 25 31 17 33 | 06
#1294-d271 @A: 17 15 31 08 | 11
#1295-d271 @A: 25 31 12 08 | 08
#1296-d271 @A: 25 23 31 28 | 02
#1297-d271 @A: 15 34 30 31 | 07
#1298-d271 @A: 29 01 31 15 | 01
#1299-d271 @A: 15 04 31 21 | 04
#1300-d271 @A: 03 15 13 31 | 09
#1301-d271 @A: 31 22 05 02 | 05
#1302-d271 @A: 35 30 31 32 | 12
#1303-d271 @A: 26 31 28 35 | 03
#1304-d271 @A: 31 12 27 10 | 10
#1305-d271 @A: 28 19 31 30 | 06
#1306-d271 @A: 12 06 30 31 | 11
#1307-d271 @A: 08 20 06 31 | 08
#1308-d271 @A: 34 33 31 13 | 02
#1309-d271 @A: 17 12 18 20 | 07
#1310-d271 @A: 28 18 12 15 | 01
#1311-d271 @A: 26 05 16 18 | 04
#1312-d271 @A: 16 35 33 18 | 09
#1313-d271 @A: 18 32 35 01 | 05
#1314-d271 @A: 11 30 07 18 | 12
#1315-d271 @A: 18 04 11 09 | 03
#1316-d271 @A: 30 18 27 33 | 10
#1317-d271 @A: 08 18 13 02 | 06
#1318-d271 @A: 06 18 01 26 | 11
#1319-d271 @A: 24 07 29 18 | 08
#1320-d271 @A: 22 21 18 09 | 02
#1321-d271 @A: 23 34 33 18 | 07
#1322-d271 @A: 32 18 23 20 | 01
#1323-d271 @A: 25 30 04 17 | 04
#1324-d271 @A: 08 17 13 25 | 09
#1325-d271 @A: 05 17 12 10 | 05
#1326-d271 @A: 17 05 30 33 | 12
#1327-d271 @A: 23 17 05 09 | 03
#1328-d271 @A: 27 04 10 17 | 10
#1329-d271 @A: 30 17 06 22 | 06
#1330-d271 @A: 17 08 12 24 | 11
#1331-d271 @A: 34 17 26 08 | 08
#1332-d271 @A: 24 27 29 17 | 02
#1333-d271 @A: 21 13 17 01 | 07
#1334-d271 @A: 21 26 17 02 | 01
#1335-d271 @A: 17 21 20 34 | 04
#1336-d271 @A: 19 03 17 09 | 09
#1337-d271 @A: 27 25 33 15 | 05
#1338-d271 @A: 25 07 01 15 | 12
#1339-d271 @A: 26 30 25 35 | 03
#1340-d271 @A: 35 25 28 08 | 10
#1341-d271 @A: 10 03 25 28 | 06
#1342-d271 @A: 34 30 29 25 | 11
#1343-d271 @A: 34 08 01 25 | 08
#1344-d271 @A: 29 25 08 19 | 02
#1345-d271 @A: 24 02 25 03 | 07
#1346-d271 @A: 26 03 25 02 | 01
#1347-d271 @A: 23 25 04 21 | 04
#1348-d271 @A: 25 34 32 13 | 09
#1349-d271 @A: 15 16 34 05 | 05
#1350-d271 @A: 03 27 15 11 | 12
#1351-d271 @A: 30 15 23 24 | 03
#1352-d271 @A: 02 15 06 27 | 10
#1353-d271 @A: 15 12 09 26 | 06
#1354-d271 @A: 20 21 15 09 | 11
#1355-d271 @A: 19 20 15 02 | 08
#1356-d271 @A: 16 32 10 05 | 02
#1357-d271 @A: 04 33 05 16 | 07
#1358-d271 @A: 10 03 11 05 | 01
#1359-d271 @A: 05 21 10 07 | 04
#1360-d271 @A: 27 30 05 32 | 09
#1361-d271 @A: 19 30 24 05 | 05
#1362-d271 @A: 34 05 19 26 | 12
#1363-d271 @A: 05 23 26 03 | 03
#1364-d271 @A: 16 22 02 35 | 10
#1365-d271 @A: 12 35 29 28 | 06
#1366-d271 @A: 35 28 34 13 | 11
#1367-d271 @A: 16 06 11 19 | 08
#1368-d271 @A: 11 16 12 04 | 02
#1369-d271 @A: 16 34 23 26 | 07
#1370-d271 @A: 13 21 16 02 | 01
#1371-d271 @A: 21 16 12 23 | 04
#1372-d271 @A: 16 04 09 20 | 09
#1373-d271 @A: 32 03 23 16 | 05
#1374-d271 @A: 07 10 11 26 | 12
#1375-d271 @A: 30 13 27 11 | 03
#1376-d271 @A: 11 02 30 28 | 10
#1377-d271 @A: 28 11 08 04 | 06
#1378-d271 @A: 11 27 34 01 | 11
#1379-d271 @A: 28 11 24 32 | 08
#1380-d271 @A: 09 28 11 01 | 02
#1381-d271 @A: 06 11 24 09 | 07
#1382-d271 @A: 24 11 23 29 | 01
#1383-d271 @A: 33 11 02 01 | 04
#1384-d271 @A: 32 20 11 29 | 09
#1385-d271 @A: 19 34 21 11 | 05
#1386-d271 @A: 30 28 33 10 | 12
#1387-d271 @A: 23 29 09 10 | 03
#1388-d271 @A: 21 34 23 10 | 10
#1389-d271 @A: 01 23 30 27 | 06
#1390-d271 @A: 21 27 30 22 | 11
#1391-d271 @A: 27 09 02 30 | 08
#1392-d271 @A: 29 30 28 01 | 02
#1393-d271 @A: 28 30 20 04 | 07
#1394-d271 @A: 03 06 30 29 | 01
#1395-d271 @A: 26 07 33 30 | 04
#1396-d271 @A: 32 03 30 20 | 09
#1397-d271 @A: 08 13 29 32 | 05
#1398-d271 @A: 29 04 23 08 | 12
#1399-d271 @A: 19 07 12 08 | 03
#1400-d271 @A: 03 20 29 27 | 10
#1401-d271 @A: 24 12 19 06 | 06
#1402-d271 @A: 33 22 03 06 | 11
#1403-d271 @A: 06 12 33 07 | 08
#1404-d271 @A: 33 24 09 22 | 02
#1405-d271 @A: 09 24 03 13 | 07
#1406-d271 @A: 13 24 07 02 | 01
#1407-d271 @A: 03 01 26 34 | 04
#1408-d271 @A: 04 32 29 01 | 09
#1409-d271 @A: 19 21 01 23 | 05
#1410-d271 @A: 34 01 07 13 | 12
#1411-d271 @A: 03 13 01 12 | 03
#1412-d271 @A: 14 24 18 20 | 10
#1413-d271 @A: 14 03 28 17 | 06
#1414-d271 @A: 33 25 35 14 | 11
#1415-d271 @A: 15 22 14 30 | 08
#1416-d271 @A: 14 23 05 21 | 02
#1417-d271 @A: 16 35 09 14 | 07
#1418-d271 @A: 28 14 04 35 | 01
#1419-d271 @A: 06 14 11 23 | 04
#1420-d271 @A: 09 23 14 08 | 09
#1421-d271 @A: 03 01 27 14 | 05
#1422-d271 @A: 06 24 03 14 | 12
#1423-d271 @A: 02 14 06 09 | 03
#1424-d271 @A: 22 29 14 21 | 10
#1425-d271 @A: 34 13 14 29 | 06
#1426-d271 @A: 34 02 14 20 | 11
#1427-d271 @A: 26 18 31 25 | 08
#1428-d271 @A: 18 10 31 07 | 02
#1429-d271 @A: 09 18 06 31 | 07
#1430-d271 @A: 31 25 10 13 | 01
#1431-d271 @A: 31 24 02 15 | 04
#1432-d271 @A: 08 31 29 05 | 09
#1433-d271 @A: 32 31 13 05 | 05
#1434-d271 @A: 31 35 34 01 | 12
#1435-d271 @A: 30 26 31 09 | 03
#1436-d271 @A: 08 26 27 31 | 10
#1437-d271 @A: 31 24 08 23 | 06
#1438-d271 @A: 31 27 21 02 | 11
#1439-d271 @A: 31 22 19 04 | 08
#1440-d271 @A: 18 35 17 03 | 02
#1441-d271 @A: 35 24 34 18 | 07
#1442-d271 @A: 16 30 19 18 | 01
#1443-d271 @A: 06 23 18 16 | 04
#1444-d271 @A: 18 01 34 30 | 09
#1445-d271 @A: 06 18 21 27 | 05
#1446-d271 @A: 03 27 22 18 | 12
#1447-d271 @A: 02 01 24 18 | 03
#1448-d271 @A: 18 07 12 22 | 10
#1449-d271 @A: 18 26 07 34 | 06
#1450-d271 @A: 19 32 04 18 | 11
#1451-d271 @A: 02 19 32 18 | 08
#1452-d271 @A: 25 26 03 17 | 02
#1453-d271 @A: 20 28 05 17 | 07
#1454-d271 @A: 17 12 26 35 | 01
#1455-d271 @A: 17 16 28 13 | 04
#1456-d271 @A: 17 11 23 08 | 09
#1457-d271 @A: 17 01 29 11 | 05
#1458-d271 @A: 19 04 11 17 | 12
#1459-d271 @A: 33 08 06 17 | 03
#1460-d271 @A: 17 02 22 08 | 10
#1461-d271 @A: 01 33 27 17 | 06
#1462-d271 @A: 17 23 02 27 | 11
#1463-d271 @A: 06 01 17 32 | 08
#1464-d271 @A: 19 29 20 17 | 02
#1465-d271 @A: 17 02 20 09 | 07
#1466-d271 @A: 33 19 23 17 | 01
#1467-d271 @A: 12 05 25 15 | 04
#1468-d271 @A: 21 16 35 25 | 09
#1469-d271 @A: 09 29 25 35 | 05
#1470-d271 @A: 03 25 16 11 | 12
#1471-d271 @A: 24 16 25 33 | 03
#1472-d271 @A: 07 25 02 16 | 10
#1473-d271 @A: 25 12 32 11 | 06
#1474-d271 @A: 25 08 07 10 | 11
#1475-d271 @A: 33 25 06 10 | 08
#1476-d271 @A: 19 02 10 25 | 02
#1477-d271 @A: 12 25 30 24 | 07
#1478-d271 @A: 01 26 27 25 | 01
#1479-d271 @A: 12 25 01 28 | 04
#1480-d271 @A: 32 28 26 25 | 09
#1481-d271 @A: 26 20 25 21 | 05
#1482-d271 @A: 25 12 29 20 | 12
#1483-d271 @A: 21 25 12 03 | 03
#1484-d271 @A: 09 20 25 23 | 10
#1485-d271 @A: 35 08 20 15 | 06
#1486-d271 @A: 01 21 15 16 | 11
#1487-d271 @A: 20 01 10 15 | 08
#1488-d271 @A: 15 27 01 19 | 02
#1489-d271 @A: 23 15 09 03 | 07
#1490-d271 @A: 33 11 35 05 | 01
#1491-d271 @A: 03 06 35 05 | 04
#1492-d271 @A: 35 32 05 24 | 09
#1493-d271 @A: 07 05 30 08 | 05
#1494-d271 @A: 05 04 08 06 | 12
#1495-d271 @A: 29 28 27 05 | 03
#1496-d271 @A: 05 06 32 07 | 10
#1497-d271 @A: 05 02 24 23 | 06
#1498-d271 @A: 33 19 07 05 | 11
#1499-d271 @A: 19 35 11 07 | 08
#1500-d271 @A: 10 28 35 32 | 02
#1501-d271 @A: 28 09 35 30 | 07
#1502-d271 @A: 33 35 27 24 | 01
#1503-d271 @A: 35 21 32 27 | 04
#1504-d271 @A: 26 02 35 06 | 09
#1505-d271 @A: 04 32 35 22 | 05
#1506-d271 @A: 35 34 23 09 | 12
#1507-d271 @A: 35 07 20 09 | 03
#1508-d271 @A: 35 32 07 23 | 10
#1509-d271 @A: 32 35 33 19 | 06
#1510-d271 @A: 10 27 16 11 | 11
#1511-d271 @A: 16 04 21 10 | 08
#1512-d271 @A: 10 07 23 16 | 02
#1513-d271 @A: 16 24 07 30 | 07
#1514-d271 @A: 04 01 28 16 | 01
#1515-d271 @A: 01 06 34 16 | 04
#1516-d271 @A: 22 04 16 03 | 09
#1517-d271 @A: 23 29 16 20 | 05
#1518-d271 @A: 04 19 16 29 | 12
#1519-d271 @A: 08 06 11 22 | 03
#1520-d271 @A: 27 11 32 19 | 10
#1521-d271 @A: 06 28 07 11 | 06
#1522-d271 @A: 02 11 22 20 | 11
#1523-d271 @A: 07 11 22 03 | 08
#1524-d271 @A: 09 11 26 23 | 02
#1525-d271 @A: 11 34 29 04 | 07
#1526-d271 @A: 21 23 33 11 | 01
#1527-d271 @A: 13 09 11 20 | 04
#1528-d271 @A: 24 10 13 27 | 09
#1529-d271 @A: 20 22 32 10 | 05
#1530-d271 @A: 26 09 32 10 | 12
#1531-d271 @A: 19 33 10 21 | 03
#1532-d271 @A: 10 33 09 34 | 10
#1533-d271 @A: 10 12 03 23 | 06
#1534-d271 @A: 12 10 04 07 | 11
#1535-d271 @A: 22 30 24 28 | 08
#1536-d271 @A: 04 06 30 23 | 02
#1537-d271 @A: 04 30 21 34 | 07
#1538-d271 @A: 34 19 30 07 | 01
#1539-d271 @A: 32 33 23 30 | 04
#1540-d271 @A: 08 13 34 20 | 09
#1541-d271 @A: 23 33 03 08 | 05
#1542-d271 @A: 27 29 09 32 | 12
#1543-d271 @A: 33 04 27 29 | 03
#1544-d271 @A: 04 03 27 13 | 10
#1545-d271 @A: 07 27 03 23 | 06
#1546-d271 @A: 13 28 33 04 | 11
#1547-d271 @A: 34 28 03 20 | 08
#1548-d271 @A: 19 33 28 09 | 02
#1549-d271 @A: 29 19 26 06 | 07
#1550-d271 @A: 26 34 13 24 | 01
#1551-d271 @A: 12 29 04 24 | 04
#1552-d271 @A: 19 13 07 24 | 09
#1553-d271 @A: 34 24 19 23 | 05
#1554-d271 @A: 24 32 02 20 | 12
#1555-d271 @A: 33 24 04 02 | 03
#1556-d271 @A: 22 01 04 33 | 10
#1557-d271 @A: 02 23 03 34 | 06
#1558-d271 @A: 14 26 05 31 | 11
#1559-d271 @A: 28 31 14 09 | 08
#1560-d271 @A: 06 22 14 31 | 02
#1561-d271 @A: 11 26 14 15 | 07
#1562-d271 @A: 19 14 15 04 | 01
#1563-d271 @A: 33 14 13 05 | 04
#1564-d271 @A: 34 35 07 14 | 09
#1565-d271 @A: 14 16 01 24 | 05
#1566-d271 @A: 21 11 14 09 | 12
#1567-d271 @A: 01 14 10 02 | 03
#1568-d271 @A: 20 14 28 29 | 10
#1569-d271 @A: 12 14 24 22 | 06
#1570-d271 @A: 09 14 22 19 | 11
#1571-d271 @A: 26 14 33 21 | 08
#1572-d271 @A: 14 07 23 19 | 02
#1573-d271 @A: 33 14 04 09 | 07
#1574-d271 @A: 07 17 31 28 | 01
#1575-d271 @A: 34 17 02 31 | 04
#1576-d271 @A: 25 05 31 34 | 09
#1577-d271 @A: 31 29 27 25 | 05
#1578-d271 @A: 31 28 33 05 | 12
#1579-d271 @A: 20 31 35 16 | 03
#1580-d271 @A: 04 35 31 11 | 10
#1581-d271 @A: 07 16 12 31 | 06
#1582-d271 @A: 11 01 31 07 | 11
#1583-d271 @A: 10 31 03 08 | 08
#1584-d271 @A: 01 31 24 30 | 02
#1585-d271 @A: 30 33 04 31 | 07
#1586-d271 @A: 01 31 08 19 | 01
#1587-d271 @A: 32 06 31 02 | 04
#1588-d271 @A: 20 09 22 31 | 09
#1589-d271 @A: 31 29 12 03 | 05
#1590-d271 @A: 31 34 12 09 | 12
#1591-d271 @A: 31 03 23 20 | 03
#1592-d271 @A: 07 20 31 32 | 10
#1593-d271 @A: 18 28 17 11 | 06
#1594-d271 @A: 25 18 35 13 | 11
#1595-d271 @A: 18 08 25 11 | 08
#1596-d271 @A: 05 28 03 18 | 02
#1597-d271 @A: 11 18 23 35 | 07
#1598-d271 @A: 18 35 30 06 | 01
#1599-d271 @A: 08 16 21 18 | 04
#1600-d271 @A: 01 19 11 18 | 09
#1601-d271 @A: 09 18 01 27 | 05
#1602-d271 @A: 03 13 23 18 | 12
#1603-d271 @A: 03 02 12 18 | 03
#1604-d271 @A: 01 17 25 20 | 10
#1605-d271 @A: 10 17 15 32 | 06
#1606-d271 @A: 03 17 15 24 | 11
#1607-d271 @A: 17 15 09 01 | 08
#1608-d271 @A: 17 07 15 22 | 02
#1609-d271 @A: 17 11 05 34 | 07
#1610-d271 @A: 22 16 17 11 | 01
#1611-d271 @A: 02 04 17 16 | 04
#1612-d271 @A: 10 17 23 01 | 09
#1613-d271 @A: 30 24 17 20 | 05
#1614-d271 @A: 17 09 20 08 | 12
#1615-d271 @A: 22 17 23 28 | 03
#1616-d271 @A: 24 17 21 33 | 10
#1617-d271 @A: 07 23 17 29 | 06
#1618-d271 @A: 03 17 13 34 | 11
#1619-d271 @A: 13 17 32 09 | 08
#1620-d271 @A: 15 13 16 25 | 02
#1621-d271 @A: 05 07 25 24 | 07
#1622-d271 @A: 25 24 35 04 | 01
#1623-d271 @A: 10 16 20 25 | 04
#1624-d271 @A: 09 16 06 25 | 09
#1625-d271 @A: 25 26 06 08 | 05
#1626-d271 @A: 01 13 04 25 | 12
#1627-d271 @A: 12 26 25 04 | 03
#1628-d271 @A: 15 04 09 05 | 10
#1629-d271 @A: 04 15 06 27 | 06
#1630-d271 @A: 15 27 21 24 | 11
#1631-d271 @A: 15 28 13 22 | 08
#1632-d271 @A: 32 15 09 22 | 02
#1633-d271 @A: 19 33 15 29 | 07
#1634-d271 @A: 19 05 08 16 | 01
#1635-d271 @A: 06 11 29 05 | 04
#1636-d271 @A: 05 10 33 29 | 09
#1637-d271 @A: 05 08 28 26 | 05
#1638-d271 @A: 05 09 08 01 | 12
#1639-d271 @A: 28 06 05 21 | 03
#1640-d271 @A: 05 04 28 12 | 10
#1641-d271 @A: 34 01 05 20 | 06
#1642-d271 @A: 07 12 26 05 | 11
#1643-d271 @A: 21 19 05 29 | 08
#1644-d271 @A: 05 34 32 12 | 02
#1645-d271 @A: 35 24 12 16 | 07
#1646-d271 @A: 22 30 07 35 | 01
#1647-d271 @A: 35 07 06 26 | 04
#1648-d271 @A: 21 22 35 23 | 09
#1649-d271 @A: 35 21 33 07 | 05
#1650-d271 @A: 03 35 19 20 | 12
#1651-d271 @A: 24 03 16 10 | 03
#1652-d271 @A: 29 16 10 13 | 10
#1653-d271 @A: 13 16 30 01 | 06
#1654-d271 @A: 33 22 29 16 | 11
#1655-d271 @A: 16 33 20 13 | 08
#1656-d271 @A: 34 04 07 16 | 02
#1657-d271 @A: 23 27 11 28 | 07
#1658-d271 @A: 23 01 03 11 | 01
#1659-d271 @A: 11 09 03 34 | 04
#1660-d271 @A: 03 11 04 33 | 09
#1661-d271 @A: 32 11 09 33 | 05
#1662-d271 @A: 20 06 10 27 | 12
#1663-d271 @A: 27 01 22 10 | 03
#1664-d271 @A: 24 10 28 04 | 10
#1665-d271 @A: 10 19 22 26 | 06
#1666-d271 @A: 30 08 23 20 | 11
#1667-d271 @A: 32 28 06 30 | 08
#1668-d271 @A: 30 02 20 01 | 02
#1669-d271 @A: 26 13 29 30 | 07
#1670-d271 @A: 30 03 23 34 | 01
#1671-d271 @A: 22 28 08 29 | 04
#1672-d271 @A: 08 24 04 13 | 09
#1673-d271 @A: 08 07 03 13 | 05
#1674-d271 @A: 28 06 27 22 | 12
#1675-d271 @A: 13 29 27 02 | 03
#1676-d271 @A: 27 19 07 09 | 10
#1677-d271 @A: 12 03 22 28 | 06
#1678-d271 @A: 26 12 02 28 | 11
#1679-d271 @A: 04 29 07 28 | 08
#1680-d271 @A: 02 21 28 07 | 02
#1681-d271 @A: 01 12 06 22 | 07
#1682-d271 @A: 22 02 26 24 | 01
#1683-d271 @A: 26 24 23 04 | 04
#1684-d271 @A: 13 12 24 20 | 09
#1685-d271 @A: 03 20 24 07 | 05
#1686-d271 @A: 20 32 24 04 | 12
#1687-d271 @A: 19 04 01 26 | 03
#1688-d271 @A: 20 12 07 01 | 10
#1689-d271 @A: 26 02 33 09 | 06
