#0001-d288 @A: 23 18 28 14 | 02
#0002-d288 @A: 18 31 14 04 | 03
#0003-d288 @A: 18 14 22 35 | 06
#0004-d288 @A: 05 25 18 23 | 09
#0005-d288 @A: 31 32 24 18 | 04
#0006-d288 @A: 31 09 03 18 | 12
#0007-d288 @A: 20 08 04 18 | 01
#0008-d288 @A: 26 18 12 08 | 10
#0009-d288 @A: 06 12 10 18 | 11
#0010-d288 @A: 22 12 19 18 | 08
#0011-d288 @A: 25 18 11 19 | 05
#0012-d288 @A: 01 30 35 18 | 07
#0013-d288 @A: 18 21 35 19 | 02
#0014-d288 @A: 22 25 32 18 | 03
#0015-d288 @A: 22 18 10 01 | 06
#0016-d288 @A: 15 18 03 01 | 09
#0017-d288 @A: 28 27 18 21 | 04
#0018-d288 @A: 14 16 03 08 | 12
#0019-d288 @A: 23 01 14 20 | 01
#0020-d288 @A: 22 31 14 32 | 10
#0021-d288 @A: 34 21 14 20 | 11
#0022-d288 @A: 12 17 14 24 | 08
#0023-d288 @A: 17 14 13 22 | 05
#0024-d288 @A: 14 24 17 29 | 07
#0025-d288 @A: 14 13 12 02 | 02
#0026-d288 @A: 11 10 14 09 | 03
#0027-d288 @A: 24 14 32 33 | 06
#0028-d288 @A: 10 14 25 02 | 09
#0029-d288 @A: 27 25 19 14 | 04
#0030-d288 @A: 14 06 34 25 | 12
#0031-d288 @A: 14 34 22 01 | 01
#0032-d288 @A: 26 14 07 15 | 10
#0033-d288 @A: 26 27 14 02 | 11
#0034-d288 @A: 03 04 14 30 | 08
#0035-d288 @A: 06 27 13 14 | 05
#0036-d288 @A: 35 16 23 29 | 07
#0037-d288 @A: 16 23 02 03 | 02
#0038-d288 @A: 05 31 32 16 | 03
#0039-d288 @A: 16 28 19 20 | 06
#0040-d288 @A: 12 24 16 27 | 09
#0041-d288 @A: 11 28 35 16 | 04
#0042-d288 @A: 29 15 16 32 | 12
#0043-d288 @A: 30 16 02 27 | 01
#0044-d288 @A: 16 05 09 06 | 10
#0045-d288 @A: 23 17 20 05 | 11
#0046-d288 @A: 33 20 23 22 | 08
#0047-d288 @A: 23 15 12 24 | 05
#0048-d288 @A: 35 21 23 01 | 07
#0049-d288 @A: 23 01 10 08 | 02
#0050-d288 @A: 15 30 23 08 | 03
#0051-d288 @A: 05 13 23 32 | 06
#0052-d288 @A: 07 09 23 28 | 09
#0053-d288 @A: 13 23 03 09 | 04
#0054-d288 @A: 23 13 24 22 | 12
#0055-d288 @A: 21 27 22 23 | 01
#0056-d288 @A: 20 29 31 25 | 10
#0057-d288 @A: 17 13 31 25 | 11
#0058-d288 @A: 17 04 15 31 | 08
#0059-d288 @A: 12 26 31 25 | 05
#0060-d288 @A: 01 31 22 11 | 07
#0061-d288 @A: 04 31 11 10 | 02
#0062-d288 @A: 19 11 24 31 | 03
#0063-d288 @A: 11 31 32 02 | 06
#0064-d288 @A: 29 08 35 31 | 09
#0065-d288 @A: 31 27 22 35 | 04
#0066-d288 @A: 01 31 08 06 | 12
#0067-d288 @A: 31 07 27 13 | 01
#0068-d288 @A: 31 26 06 27 | 10
#0069-d288 @A: 22 05 24 31 | 11
#0070-d288 @A: 03 28 31 06 | 08
#0071-d288 @A: 21 24 28 31 | 05
#0072-d288 @A: 33 12 20 09 | 07
#0073-d288 @A: 20 01 11 07 | 02
#0074-d288 @A: 11 32 05 20 | 03
#0075-d288 @A: 20 32 01 26 | 06
#0076-d288 @A: 32 21 10 20 | 09
#0077-d288 @A: 22 09 30 20 | 04
#0078-d288 @A: 27 20 13 21 | 12
#0079-d288 @A: 24 29 20 21 | 01
#0080-d288 @A: 19 17 27 11 | 10
#0081-d288 @A: 05 35 32 17 | 11
#0082-d288 @A: 17 33 05 04 | 08
#0083-d288 @A: 25 17 32 26 | 05
#0084-d288 @A: 19 22 04 17 | 07
#0085-d288 @A: 30 17 26 06 | 02
#0086-d288 @A: 17 30 24 03 | 03
#0087-d288 @A: 17 22 30 21 | 06
#0088-d288 @A: 27 17 03 22 | 09
#0089-d288 @A: 06 17 09 28 | 04
#0090-d288 @A: 35 09 10 12 | 12
#0091-d288 @A: 28 12 05 35 | 01
#0092-d288 @A: 07 19 12 33 | 10
#0093-d288 @A: 12 10 27 30 | 11
#0094-d288 @A: 03 10 13 12 | 08
#0095-d288 @A: 26 12 30 34 | 05
#0096-d288 @A: 24 12 26 06 | 07
#0097-d288 @A: 04 12 30 09 | 02
#0098-d288 @A: 28 09 12 02 | 03
#0099-d288 @A: 27 11 33 10 | 06
#0100-d288 @A: 33 24 29 11 | 09
#0101-d288 @A: 09 08 01 11 | 04
#0102-d288 @A: 24 11 01 10 | 12
#0103-d288 @A: 15 11 08 29 | 01
#0104-d288 @A: 11 07 26 27 | 10
#0105-d288 @A: 26 28 11 22 | 11
#0106-d288 @A: 06 13 22 11 | 08
#0107-d288 @A: 11 03 27 28 | 05
#0108-d288 @A: 22 11 34 04 | 07
#0109-d288 @A: 35 25 27 33 | 02
#0110-d288 @A: 26 04 33 35 | 03
#0111-d288 @A: 09 01 15 35 | 06
#0112-d288 @A: 21 30 15 35 | 09
#0113-d288 @A: 03 30 35 29 | 04
#0114-d288 @A: 05 21 35 34 | 12
#0115-d288 @A: 22 03 21 35 | 01
#0116-d288 @A: 09 34 06 35 | 10
#0117-d288 @A: 33 15 08 13 | 11
#0118-d288 @A: 24 15 02 33 | 08
#0119-d288 @A: 33 26 28 03 | 05
#0120-d288 @A: 33 04 27 06 | 07
#0121-d288 @A: 21 32 25 08 | 02
#0122-d288 @A: 02 01 08 15 | 03
#0123-d288 @A: 08 03 05 01 | 06
#0124-d288 @A: 10 09 32 01 | 09
#0125-d288 @A: 01 26 21 04 | 04
#0126-d288 @A: 09 30 01 05 | 12
#0127-d288 @A: 27 02 04 01 | 01
#0128-d288 @A: 07 06 28 08 | 10
#0129-d288 @A: 08 09 30 28 | 11
#0130-d288 @A: 30 06 08 34 | 08
#0131-d288 @A: 05 13 04 08 | 05
#0132-d288 @A: 04 21 08 09 | 07
#0133-d288 @A: 29 30 24 10 | 02
#0134-d288 @A: 05 06 02 10 | 03
#0135-d288 @A: 13 19 28 07 | 06
#0136-d288 @A: 03 24 26 19 | 09
#0137-d288 @A: 21 09 19 02 | 04
#0138-d288 @A: 19 06 02 04 | 12
#0139-d288 @A: 28 15 05 07 | 01
#0140-d288 @A: 13 04 15 02 | 10
#0141-d288 @A: 15 04 13 29 | 11
#0142-d288 @A: 15 22 28 06 | 08
#0143-d288 @A: 22 29 15 28 | 05
#0144-d288 @A: 07 30 32 03 | 07
#0145-d288 @A: 05 16 20 18 | 02
#0146-d288 @A: 30 16 18 25 | 03
#0147-d288 @A: 16 07 18 10 | 06
#0148-d288 @A: 12 18 23 30 | 09
#0149-d288 @A: 28 20 31 18 | 04
#0150-d288 @A: 17 19 20 18 | 12
#0151-d288 @A: 30 08 11 18 | 01
#0152-d288 @A: 30 18 06 33 | 10
#0153-d288 @A: 14 24 23 08 | 11
#0154-d288 @A: 10 14 04 23 | 08
#0155-d288 @A: 20 17 28 14 | 05
#0156-d288 @A: 14 17 35 07 | 07
#0157-d288 @A: 30 14 17 01 | 02
#0158-d288 @A: 05 14 17 15 | 03
#0159-d288 @A: 14 28 29 11 | 06
#0160-d288 @A: 35 14 27 05 | 09
#0161-d288 @A: 04 14 29 35 | 04
#0162-d288 @A: 14 13 32 10 | 12
#0163-d288 @A: 14 26 09 34 | 01
#0164-d288 @A: 24 13 14 30 | 10
#0165-d288 @A: 28 14 30 06 | 11
#0166-d288 @A: 27 03 24 14 | 08
#0167-d288 @A: 16 06 31 20 | 05
#0168-d288 @A: 31 27 33 16 | 07
#0169-d288 @A: 30 16 10 31 | 02
#0170-d288 @A: 16 08 26 20 | 03
#0171-d288 @A: 16 13 17 32 | 06
#0172-d288 @A: 30 16 33 19 | 09
#0173-d288 @A: 09 25 15 16 | 04
#0174-d288 @A: 32 16 28 01 | 12
#0175-d288 @A: 29 01 16 13 | 01
#0176-d288 @A: 13 22 08 16 | 10
#0177-d288 @A: 10 19 02 16 | 11
#0178-d288 @A: 10 05 16 15 | 08
#0179-d288 @A: 26 07 21 16 | 05
#0180-d288 @A: 16 05 34 13 | 07
#0181-d288 @A: 16 13 28 04 | 02
#0182-d288 @A: 09 29 16 27 | 03
#0183-d288 @A: 23 10 31 05 | 06
#0184-d288 @A: 23 13 10 11 | 09
#0185-d288 @A: 23 25 09 33 | 04
#0186-d288 @A: 03 04 23 33 | 12
#0187-d288 @A: 23 03 15 10 | 01
#0188-d288 @A: 19 23 04 15 | 10
#0189-d288 @A: 31 05 33 20 | 11
#0190-d288 @A: 26 20 31 15 | 08
#0191-d288 @A: 11 31 08 17 | 05
#0192-d288 @A: 31 04 29 11 | 07
#0193-d288 @A: 31 01 02 30 | 02
#0194-d288 @A: 26 08 32 31 | 03
#0195-d288 @A: 10 32 27 31 | 06
#0196-d288 @A: 29 31 13 32 | 09
#0197-d288 @A: 31 24 13 26 | 04
#0198-d288 @A: 09 27 31 05 | 12
#0199-d288 @A: 31 22 34 06 | 01
#0200-d288 @A: 20 29 17 11 | 10
#0201-d288 @A: 20 11 06 15 | 11
#0202-d288 @A: 35 06 20 32 | 08
#0203-d288 @A: 01 10 03 20 | 05
#0204-d288 @A: 03 20 28 15 | 07
#0205-d288 @A: 20 06 09 03 | 02
#0206-d288 @A: 20 02 03 24 | 03
#0207-d288 @A: 02 20 21 22 | 06
#0208-d288 @A: 09 17 35 33 | 09
#0209-d288 @A: 24 01 17 32 | 04
#0210-d288 @A: 08 17 19 34 | 12
#0211-d288 @A: 17 09 15 08 | 01
#0212-d288 @A: 29 10 17 32 | 10
#0213-d288 @A: 03 05 29 17 | 11
#0214-d288 @A: 21 28 17 13 | 08
#0215-d288 @A: 02 13 09 17 | 05
#0216-d288 @A: 25 09 11 12 | 07
#0217-d288 @A: 15 12 27 11 | 02
#0218-d288 @A: 11 32 12 04 | 03
#0219-d288 @A: 33 35 12 30 | 06
#0220-d288 @A: 25 28 12 32 | 09
#0221-d288 @A: 08 12 34 15 | 04
#0222-d288 @A: 10 19 12 21 | 12
#0223-d288 @A: 12 05 19 15 | 01
#0224-d288 @A: 02 12 05 24 | 10
#0225-d288 @A: 09 27 12 03 | 11
#0226-d288 @A: 11 19 04 08 | 08
#0227-d288 @A: 22 11 03 15 | 05
#0228-d288 @A: 21 29 32 11 | 07
#0229-d288 @A: 30 07 34 11 | 02
#0230-d288 @A: 05 11 22 30 | 03
#0231-d288 @A: 06 03 04 11 | 06
#0232-d288 @A: 34 11 24 21 | 09
#0233-d288 @A: 15 34 35 33 | 04
#0234-d288 @A: 35 25 32 07 | 12
#0235-d288 @A: 07 35 01 19 | 01
#0236-d288 @A: 05 26 35 01 | 10
#0237-d288 @A: 15 35 19 24 | 11
#0238-d288 @A: 27 03 13 35 | 08
#0239-d288 @A: 34 10 25 33 | 05
#0240-d288 @A: 33 32 05 01 | 07
#0241-d288 @A: 33 10 15 06 | 02
#0242-d288 @A: 28 21 33 06 | 03
#0243-d288 @A: 33 27 21 09 | 06
#0244-d288 @A: 01 25 03 19 | 09
#0245-d288 @A: 29 25 15 30 | 04
#0246-d288 @A: 34 26 25 04 | 12
#0247-d288 @A: 01 32 08 22 | 01
#0248-d288 @A: 15 01 22 19 | 10
#0249-d288 @A: 34 01 02 26 | 11
#0250-d288 @A: 06 01 21 30 | 08
#0251-d288 @A: 27 01 30 24 | 05
#0252-d288 @A: 05 01 04 24 | 07
#0253-d288 @A: 22 24 01 06 | 02
#0254-d288 @A: 01 27 34 29 | 03
#0255-d288 @A: 26 10 08 02 | 06
#0256-d288 @A: 08 10 29 28 | 09
#0257-d288 @A: 22 04 08 07 | 04
#0258-d288 @A: 04 02 24 08 | 12
#0259-d288 @A: 34 09 10 15 | 01
#0260-d288 @A: 07 10 22 34 | 10
#0261-d288 @A: 26 10 21 27 | 11
#0262-d288 @A: 21 30 34 10 | 08
#0263-d288 @A: 10 30 04 06 | 05
#0264-d288 @A: 02 27 13 10 | 07
#0265-d288 @A: 13 06 19 26 | 02
#0266-d288 @A: 19 26 28 27 | 03
#0267-d288 @A: 19 30 03 05 | 06
#0268-d288 @A: 19 28 05 04 | 09
#0269-d288 @A: 07 06 15 03 | 04
#0270-d288 @A: 34 07 15 24 | 12
#0271-d288 @A: 05 24 15 06 | 01
#0272-d288 @A: 04 27 15 05 | 10
#0273-d288 @A: 15 04 28 09 | 11
#0274-d288 @A: 26 27 30 32 | 08
#0275-d288 @A: 26 22 32 21 | 05
#0276-d288 @A: 30 09 02 32 | 07
#0277-d288 @A: 34 32 03 02 | 02
#0278-d288 @A: 29 30 07 09 | 03
#0279-d288 @A: 13 09 28 29 | 06
#0280-d288 @A: 29 06 13 24 | 09
#0281-d288 @A: 18 25 14 33 | 04
#0282-d288 @A: 17 16 18 12 | 12
#0283-d288 @A: 06 32 18 16 | 01
#0284-d288 @A: 23 07 18 08 | 10
#0285-d288 @A: 28 18 17 11 | 11
#0286-d288 @A: 34 17 18 13 | 08
#0287-d288 @A: 12 29 13 18 | 05
#0288-d288 @A: 01 18 11 26 | 07
#0289-d288 @A: 18 11 29 09 | 02
#0290-d288 @A: 18 24 01 21 | 03
#0291-d288 @A: 07 27 18 15 | 06
#0292-d288 @A: 34 18 22 30 | 09
#0293-d288 @A: 06 22 18 09 | 04
#0294-d288 @A: 24 34 06 18 | 12
#0295-d288 @A: 16 22 20 14 | 01
#0296-d288 @A: 10 16 28 14 | 10
#0297-d288 @A: 23 17 14 02 | 11
#0298-d288 @A: 23 12 19 14 | 08
#0299-d288 @A: 12 07 14 31 | 05
#0300-d288 @A: 14 08 31 30 | 07
#0301-d288 @A: 13 14 20 09 | 02
#0302-d288 @A: 17 09 32 14 | 03
#0303-d288 @A: 33 12 14 34 | 06
#0304-d288 @A: 03 14 01 11 | 09
#0305-d288 @A: 33 03 14 06 | 04
#0306-d288 @A: 04 07 14 13 | 12
#0307-d288 @A: 14 27 07 22 | 01
#0308-d288 @A: 13 14 21 26 | 10
#0309-d288 @A: 34 13 03 14 | 11
#0310-d288 @A: 08 31 16 23 | 08
#0311-d288 @A: 16 24 11 23 | 05
#0312-d288 @A: 23 16 32 15 | 07
#0313-d288 @A: 30 23 05 16 | 02
#0314-d288 @A: 17 31 02 16 | 03
#0315-d288 @A: 31 25 24 16 | 06
#0316-d288 @A: 20 16 30 17 | 09
#0317-d288 @A: 16 33 07 11 | 04
#0318-d288 @A: 29 11 16 10 | 12
#0319-d288 @A: 08 01 16 04 | 01
#0320-d288 @A: 01 26 16 15 | 10
#0321-d288 @A: 19 15 06 16 | 11
#0322-d288 @A: 30 16 04 15 | 08
#0323-d288 @A: 16 07 24 05 | 05
#0324-d288 @A: 16 06 28 26 | 07
#0325-d288 @A: 30 34 16 09 | 02
#0326-d288 @A: 28 21 22 16 | 03
#0327-d288 @A: 06 04 16 34 | 06
#0328-d288 @A: 35 12 23 31 | 09
#0329-d288 @A: 31 21 23 11 | 04
#0330-d288 @A: 06 23 31 25 | 12
#0331-d288 @A: 31 13 23 01 | 01
#0332-d288 @A: 23 27 31 19 | 10
#0333-d288 @A: 23 31 09 26 | 11
#0334-d288 @A: 20 06 23 12 | 08
#0335-d288 @A: 10 23 17 28 | 05
#0336-d288 @A: 33 12 23 13 | 07
#0337-d288 @A: 25 23 21 12 | 02
#0338-d288 @A: 12 05 23 01 | 03
#0339-d288 @A: 02 23 35 06 | 06
#0340-d288 @A: 26 05 23 29 | 09
#0341-d288 @A: 27 31 20 17 | 04
#0342-d288 @A: 11 12 05 31 | 12
#0343-d288 @A: 12 31 02 33 | 01
#0344-d288 @A: 31 12 10 01 | 10
#0345-d288 @A: 03 07 35 31 | 11
#0346-d288 @A: 19 25 08 31 | 08
#0347-d288 @A: 25 34 31 32 | 05
#0348-d288 @A: 08 22 31 28 | 07
#0349-d288 @A: 31 10 19 06 | 02
#0350-d288 @A: 13 31 06 32 | 03
#0351-d288 @A: 07 02 05 31 | 06
#0352-d288 @A: 34 09 13 31 | 09
#0353-d288 @A: 29 31 06 21 | 04
#0354-d288 @A: 35 19 20 22 | 12
#0355-d288 @A: 30 28 20 07 | 01
#0356-d288 @A: 28 20 34 09 | 10
#0357-d288 @A: 20 04 06 22 | 11
#0358-d288 @A: 12 17 19 09 | 08
#0359-d288 @A: 08 17 25 22 | 05
#0360-d288 @A: 17 10 08 30 | 07
#0361-d288 @A: 19 17 02 32 | 02
#0362-d288 @A: 03 32 28 17 | 03
#0363-d288 @A: 24 28 22 17 | 06
#0364-d288 @A: 22 12 35 11 | 09
#0365-d288 @A: 06 12 11 19 | 04
#0366-d288 @A: 33 15 12 04 | 12
#0367-d288 @A: 12 05 08 22 | 01
#0368-d288 @A: 13 12 08 28 | 10
#0369-d288 @A: 04 32 29 12 | 11
#0370-d288 @A: 12 26 07 09 | 08
#0371-d288 @A: 12 06 34 21 | 05
#0372-d288 @A: 11 19 02 35 | 07
#0373-d288 @A: 11 05 06 33 | 02
#0374-d288 @A: 33 11 04 21 | 03
#0375-d288 @A: 25 06 01 11 | 06
#0376-d288 @A: 25 19 29 11 | 09
#0377-d288 @A: 19 01 11 13 | 04
#0378-d288 @A: 07 11 04 05 | 12
#0379-d288 @A: 26 11 24 02 | 01
#0380-d288 @A: 03 30 09 11 | 10
#0381-d288 @A: 27 11 22 29 | 11
#0382-d288 @A: 35 03 01 34 | 08
#0383-d288 @A: 19 02 25 33 | 05
#0384-d288 @A: 25 32 06 33 | 07
#0385-d288 @A: 03 09 33 08 | 02
#0386-d288 @A: 10 33 29 19 | 03
#0387-d288 @A: 33 26 10 30 | 06
#0388-d288 @A: 22 19 33 06 | 09
#0389-d288 @A: 07 05 33 13 | 04
#0390-d288 @A: 26 33 05 27 | 12
#0391-d288 @A: 29 26 21 33 | 01
#0392-d288 @A: 02 33 21 13 | 10
#0393-d288 @A: 27 34 13 33 | 11
#0394-d288 @A: 04 34 33 28 | 08
#0395-d288 @A: 13 26 25 29 | 05
#0396-d288 @A: 05 25 02 09 | 07
#0397-d288 @A: 29 02 25 09 | 02
#0398-d288 @A: 01 19 08 30 | 03
#0399-d288 @A: 21 08 27 01 | 06
#0400-d288 @A: 26 01 29 10 | 09
#0401-d288 @A: 01 28 02 06 | 04
#0402-d288 @A: 10 34 04 08 | 12
#0403-d288 @A: 21 02 07 08 | 01
#0404-d288 @A: 22 24 08 30 | 10
#0405-d288 @A: 13 08 21 34 | 11
#0406-d288 @A: 08 02 28 34 | 08
#0407-d288 @A: 26 34 10 28 | 05
#0408-d288 @A: 30 10 02 03 | 07
#0409-d288 @A: 24 30 10 09 | 02
#0410-d288 @A: 10 27 24 05 | 03
#0411-d288 @A: 07 24 19 21 | 06
#0412-d288 @A: 03 19 34 06 | 09
#0413-d288 @A: 02 19 28 24 | 04
#0414-d288 @A: 15 21 07 04 | 12
#0415-d288 @A: 02 15 06 34 | 01
#0416-d288 @A: 07 28 32 21 | 10
#0417-d288 @A: 34 07 32 06 | 11
#0418-d288 @A: 30 13 32 28 | 08
#0419-d288 @A: 03 05 32 24 | 05
#0420-d288 @A: 32 21 04 24 | 07
#0421-d288 @A: 32 34 27 21 | 02
#0422-d288 @A: 22 05 29 09 | 03
#0423-d288 @A: 06 18 01 14 | 06
#0424-d288 @A: 23 20 13 18 | 09
#0425-d288 @A: 27 18 31 11 | 04
#0426-d288 @A: 12 21 18 20 | 12
#0427-d288 @A: 20 04 29 18 | 01
#0428-d288 @A: 02 35 17 18 | 10
#0429-d288 @A: 35 12 18 07 | 11
#0430-d288 @A: 22 11 18 07 | 08
#0431-d288 @A: 18 21 06 11 | 05
#0432-d288 @A: 25 01 02 18 | 07
#0433-d288 @A: 32 18 34 01 | 02
#0434-d288 @A: 18 09 32 08 | 03
#0435-d288 @A: 07 08 18 29 | 06
#0436-d288 @A: 18 15 09 19 | 09
#0437-d288 @A: 07 28 03 18 | 04
#0438-d288 @A: 14 07 16 23 | 12
#0439-d288 @A: 09 14 22 23 | 01
#0440-d288 @A: 20 03 14 25 | 10
#0441-d288 @A: 32 14 20 30 | 11
#0442-d288 @A: 25 11 14 17 | 08
#0443-d288 @A: 10 17 34 14 | 05
#0444-d288 @A: 29 17 07 14 | 07
#0445-d288 @A: 14 32 03 12 | 02
#0446-d288 @A: 34 08 11 14 | 03
#0447-d288 @A: 22 14 19 11 | 06
#0448-d288 @A: 02 35 34 14 | 09
#0449-d288 @A: 07 10 14 33 | 04
#0450-d288 @A: 08 25 14 28 | 12
#0451-d288 @A: 26 14 06 04 | 01
#0452-d288 @A: 06 14 22 21 | 10
#0453-d288 @A: 23 21 16 20 | 11
#0454-d288 @A: 23 19 13 16 | 08
#0455-d288 @A: 16 09 11 20 | 05
#0456-d288 @A: 16 11 26 17 | 07
#0457-d288 @A: 22 16 17 35 | 02
#0458-d288 @A: 17 16 21 01 | 03
#0459-d288 @A: 11 13 15 16 | 06
#0460-d288 @A: 16 19 35 27 | 09
#0461-d288 @A: 35 16 02 32 | 04
#0462-d288 @A: 25 34 08 16 | 12
#0463-d288 @A: 03 16 25 32 | 01
#0464-d288 @A: 01 07 16 02 | 10
#0465-d288 @A: 02 16 06 22 | 11
#0466-d288 @A: 11 03 23 25 | 08
#0467-d288 @A: 23 06 11 26 | 05
#0468-d288 @A: 28 33 23 35 | 07
#0469-d288 @A: 15 28 23 25 | 02
#0470-d288 @A: 23 29 21 08 | 03
#0471-d288 @A: 26 34 23 07 | 06
#0472-d288 @A: 09 21 23 05 | 09
#0473-d288 @A: 20 32 04 31 | 04
#0474-d288 @A: 06 31 33 17 | 12
#0475-d288 @A: 34 17 31 24 | 01
#0476-d288 @A: 12 21 31 32 | 10
#0477-d288 @A: 04 12 31 27 | 11
#0478-d288 @A: 25 09 01 31 | 08
#0479-d288 @A: 28 25 31 04 | 05
#0480-d288 @A: 31 03 32 01 | 07
#0481-d288 @A: 27 24 31 08 | 02
#0482-d288 @A: 19 22 31 30 | 03
#0483-d288 @A: 32 33 20 28 | 06
#0484-d288 @A: 33 34 20 07 | 09
#0485-d288 @A: 27 25 08 20 | 04
#0486-d288 @A: 21 15 20 25 | 12
#0487-d288 @A: 22 10 20 08 | 01
#0488-d288 @A: 24 10 20 15 | 10
#0489-d288 @A: 20 30 05 27 | 11
#0490-d288 @A: 02 34 30 20 | 08
#0491-d288 @A: 27 04 20 09 | 05
#0492-d288 @A: 34 17 12 35 | 07
#0493-d288 @A: 12 06 17 25 | 02
#0494-d288 @A: 02 12 17 08 | 03
#0495-d288 @A: 22 12 17 15 | 06
#0496-d288 @A: 12 17 02 29 | 09
#0497-d288 @A: 35 17 21 25 | 04
#0498-d288 @A: 17 32 08 27 | 12
#0499-d288 @A: 24 08 05 17 | 01
#0500-d288 @A: 34 17 09 29 | 10
#0501-d288 @A: 04 12 02 35 | 11
#0502-d288 @A: 12 32 06 08 | 08
#0503-d288 @A: 29 19 12 26 | 05
#0504-d288 @A: 24 09 22 12 | 07
#0505-d288 @A: 34 27 11 01 | 02
#0506-d288 @A: 11 06 30 02 | 03
#0507-d288 @A: 19 33 35 03 | 06
#0508-d288 @A: 33 22 35 32 | 09
#0509-d288 @A: 25 01 22 35 | 04
#0510-d288 @A: 35 25 06 15 | 12
#0511-d288 @A: 32 35 34 29 | 01
#0512-d288 @A: 26 13 02 35 | 10
#0513-d288 @A: 35 22 06 26 | 11
#0514-d288 @A: 30 02 35 24 | 08
#0515-d288 @A: 29 27 24 35 | 05
#0516-d288 @A: 07 33 15 01 | 07
#0517-d288 @A: 21 15 19 33 | 02
#0518-d288 @A: 33 07 26 02 | 03
#0519-d288 @A: 33 28 22 07 | 06
#0520-d288 @A: 24 33 04 07 | 09
#0521-d288 @A: 24 22 33 26 | 04
#0522-d288 @A: 09 05 33 24 | 12
#0523-d288 @A: 33 13 04 22 | 01
#0524-d288 @A: 09 33 22 34 | 10
#0525-d288 @A: 01 10 13 25 | 11
#0526-d288 @A: 01 15 25 05 | 08
#0527-d288 @A: 25 19 34 15 | 05
#0528-d288 @A: 26 30 25 13 | 07
#0529-d288 @A: 21 25 26 05 | 02
#0530-d288 @A: 24 13 25 21 | 03
#0531-d288 @A: 02 04 25 03 | 06
#0532-d288 @A: 04 32 01 06 | 09
#0533-d288 @A: 09 01 34 21 | 04
#0534-d288 @A: 08 04 32 30 | 12
#0535-d288 @A: 08 26 03 30 | 01
#0536-d288 @A: 21 05 08 30 | 10
#0537-d288 @A: 10 04 03 07 | 11
#0538-d288 @A: 09 26 10 13 | 08
#0539-d288 @A: 29 05 04 10 | 05
#0540-d288 @A: 10 09 22 02 | 07
#0541-d288 @A: 30 19 29 28 | 02
#0542-d288 @A: 29 34 19 05 | 03
#0543-d288 @A: 19 29 13 27 | 06
#0544-d288 @A: 22 24 27 19 | 09
#0545-d288 @A: 32 15 07 22 | 04
#0546-d288 @A: 32 09 06 15 | 12
#0547-d288 @A: 09 02 07 15 | 01
#0548-d288 @A: 15 26 05 02 | 10
#0549-d288 @A: 22 15 30 02 | 11
#0550-d288 @A: 05 03 09 15 | 08
#0551-d288 @A: 21 22 15 05 | 05
#0552-d288 @A: 15 27 21 24 | 07
#0553-d288 @A: 26 03 32 09 | 02
#0554-d288 @A: 22 34 28 32 | 03
#0555-d288 @A: 29 30 04 34 | 06
#0556-d288 @A: 28 27 29 21 | 09
#0557-d288 @A: 20 14 18 11 | 04
#0558-d288 @A: 18 24 14 10 | 12
#0559-d288 @A: 04 18 11 16 | 01
#0560-d288 @A: 35 18 27 23 | 10
#0561-d288 @A: 19 18 13 31 | 11
#0562-d288 @A: 15 31 30 18 | 08
#0563-d288 @A: 26 20 35 18 | 05
#0564-d288 @A: 07 25 20 18 | 07
#0565-d288 @A: 20 18 06 02 | 02
#0566-d288 @A: 17 18 33 07 | 03
#0567-d288 @A: 33 02 18 11 | 06
#0568-d288 @A: 10 18 05 11 | 09
#0569-d288 @A: 18 27 19 33 | 04
#0570-d288 @A: 08 06 25 18 | 12
#0571-d288 @A: 21 18 03 10 | 01
#0572-d288 @A: 18 30 04 27 | 10
#0573-d288 @A: 16 34 14 32 | 11
#0574-d288 @A: 26 14 35 23 | 08
#0575-d288 @A: 23 14 15 06 | 05
#0576-d288 @A: 03 21 14 23 | 07
#0577-d288 @A: 14 04 15 20 | 02
#0578-d288 @A: 12 28 14 11 | 03
#0579-d288 @A: 01 12 14 04 | 06
#0580-d288 @A: 12 14 30 15 | 09
#0581-d288 @A: 35 14 03 15 | 04
#0582-d288 @A: 14 25 09 04 | 12
#0583-d288 @A: 21 15 01 14 | 01
#0584-d288 @A: 14 01 02 32 | 10
#0585-d288 @A: 08 14 02 09 | 11
#0586-d288 @A: 19 14 34 30 | 08
#0587-d288 @A: 07 09 03 14 | 05
#0588-d288 @A: 30 26 14 05 | 07
#0589-d288 @A: 03 14 02 28 | 02
#0590-d288 @A: 35 10 16 23 | 03
#0591-d288 @A: 16 31 04 19 | 06
#0592-d288 @A: 30 31 29 16 | 09
#0593-d288 @A: 35 20 03 16 | 04
#0594-d288 @A: 16 33 20 24 | 12
#0595-d288 @A: 34 20 15 16 | 01
#0596-d288 @A: 17 16 05 25 | 10
#0597-d288 @A: 12 19 25 16 | 11
#0598-d288 @A: 10 08 12 16 | 08
#0599-d288 @A: 16 08 11 06 | 05
#0600-d288 @A: 16 26 13 33 | 07
#0601-d288 @A: 13 27 16 25 | 02
#0602-d288 @A: 04 10 16 32 | 03
#0603-d288 @A: 16 26 19 32 | 06
#0604-d288 @A: 30 16 26 24 | 09
#0605-d288 @A: 05 02 28 16 | 04
#0606-d288 @A: 16 05 29 28 | 12
#0607-d288 @A: 02 29 22 16 | 01
#0608-d288 @A: 27 16 06 21 | 10
#0609-d288 @A: 19 02 23 20 | 11
#0610-d288 @A: 23 32 24 20 | 08
#0611-d288 @A: 17 33 27 23 | 05
#0612-d288 @A: 10 02 23 33 | 07
#0613-d288 @A: 01 23 25 30 | 02
#0614-d288 @A: 23 19 34 01 | 03
#0615-d288 @A: 07 01 23 29 | 06
#0616-d288 @A: 08 26 21 23 | 09
#0617-d288 @A: 27 15 29 23 | 04
#0618-d288 @A: 28 03 05 23 | 12
#0619-d288 @A: 31 20 21 01 | 01
#0620-d288 @A: 02 20 31 09 | 10
#0621-d288 @A: 28 29 31 17 | 11
#0622-d288 @A: 31 35 19 05 | 08
#0623-d288 @A: 10 09 31 33 | 05
#0624-d288 @A: 03 31 30 25 | 07
#0625-d288 @A: 09 31 19 32 | 02
#0626-d288 @A: 31 07 26 04 | 03
#0627-d288 @A: 13 30 04 31 | 06
#0628-d288 @A: 02 13 31 28 | 09
#0629-d288 @A: 21 04 34 31 | 04
#0630-d288 @A: 03 17 20 11 | 12
#0631-d288 @A: 17 20 22 01 | 01
#0632-d288 @A: 07 20 12 15 | 10
#0633-d288 @A: 19 20 11 33 | 11
#0634-d288 @A: 11 22 25 20 | 08
#0635-d288 @A: 32 08 20 02 | 05
#0636-d288 @A: 19 32 20 15 | 07
#0637-d288 @A: 20 21 19 05 | 02
#0638-d288 @A: 22 07 20 24 | 03
#0639-d288 @A: 27 20 29 30 | 06
#0640-d288 @A: 05 20 22 34 | 09
#0641-d288 @A: 33 32 15 17 | 04
#0642-d288 @A: 25 19 17 28 | 12
#0643-d288 @A: 02 04 17 34 | 01
#0644-d288 @A: 08 12 07 11 | 10
#0645-d288 @A: 33 01 12 27 | 11
#0646-d288 @A: 22 12 01 26 | 08
#0647-d288 @A: 05 21 07 12 | 05
#0648-d288 @A: 12 05 13 09 | 07
#0649-d288 @A: 06 12 28 27 | 02
#0650-d288 @A: 29 12 06 09 | 03
#0651-d288 @A: 11 35 33 08 | 06
#0652-d288 @A: 30 11 10 35 | 09
#0653-d288 @A: 15 04 11 25 | 04
#0654-d288 @A: 13 11 32 25 | 12
#0655-d288 @A: 11 29 01 03 | 01
#0656-d288 @A: 28 02 11 07 | 10
#0657-d288 @A: 11 30 26 29 | 11
#0658-d288 @A: 11 24 05 13 | 08
#0659-d288 @A: 21 22 09 11 | 05
#0660-d288 @A: 35 10 25 29 | 07
#0661-d288 @A: 25 26 35 19 | 02
#0662-d288 @A: 32 35 13 01 | 03
#0663-d288 @A: 09 13 35 30 | 06
#0664-d288 @A: 35 22 13 29 | 09
#0665-d288 @A: 02 09 35 27 | 04
#0666-d288 @A: 33 25 26 01 | 12
#0667-d288 @A: 33 19 26 09 | 01
#0668-d288 @A: 27 33 02 32 | 10
#0669-d288 @A: 04 27 29 33 | 11
#0670-d288 @A: 10 22 19 25 | 08
#0671-d288 @A: 07 10 25 15 | 05
#0672-d288 @A: 03 09 21 25 | 07
#0673-d288 @A: 27 25 28 02 | 02
#0674-d288 @A: 06 24 25 04 | 03
#0675-d288 @A: 27 06 29 25 | 06
#0676-d288 @A: 30 01 10 07 | 09
#0677-d288 @A: 02 01 21 10 | 04
#0678-d288 @A: 06 01 15 13 | 12
#0679-d288 @A: 28 22 01 05 | 01
#0680-d288 @A: 05 26 08 06 | 10
#0681-d288 @A: 21 28 03 08 | 11
#0682-d288 @A: 10 27 07 09 | 08
#0683-d288 @A: 07 24 06 10 | 05
#0684-d288 @A: 21 28 10 05 | 07
#0685-d288 @A: 04 21 10 13 | 02
#0686-d288 @A: 34 03 27 10 | 03
#0687-d288 @A: 24 34 10 02 | 06
#0688-d288 @A: 26 03 13 15 | 09
#0689-d288 @A: 26 15 04 22 | 04
#0690-d288 @A: 15 34 22 13 | 12
#0691-d288 @A: 15 21 03 02 | 01
#0692-d288 @A: 02 15 24 29 | 10
#0693-d288 @A: 02 32 04 07 | 11
#0694-d288 @A: 22 27 05 32 | 08
#0695-d288 @A: 27 32 05 29 | 05
#0696-d288 @A: 04 32 13 03 | 07
#0697-d288 @A: 29 32 09 24 | 02
#0698-d288 @A: 04 29 22 21 | 03
#0699-d288 @A: 14 18 05 03 | 06
#0700-d288 @A: 34 16 29 18 | 09
#0701-d288 @A: 23 02 18 31 | 04
#0702-d288 @A: 18 11 34 23 | 12
#0703-d288 @A: 06 18 35 31 | 01
#0704-d288 @A: 15 22 20 18 | 10
#0705-d288 @A: 18 12 25 27 | 11
#0706-d288 @A: 12 05 32 18 | 08
#0707-d288 @A: 33 21 34 18 | 05
#0708-d288 @A: 04 10 18 25 | 07
#0709-d288 @A: 28 13 18 25 | 02
#0710-d288 @A: 19 18 08 02 | 03
#0711-d288 @A: 26 19 18 10 | 06
#0712-d288 @A: 32 19 18 30 | 09
#0713-d288 @A: 07 32 26 18 | 04
#0714-d288 @A: 05 21 18 29 | 12
#0715-d288 @A: 04 18 06 28 | 01
#0716-d288 @A: 23 14 30 33 | 10
#0717-d288 @A: 25 14 13 23 | 11
#0718-d288 @A: 28 35 31 14 | 08
#0719-d288 @A: 20 33 02 14 | 05
#0720-d288 @A: 29 14 20 15 | 07
#0721-d288 @A: 27 11 04 14 | 02
#0722-d288 @A: 30 35 25 14 | 03
#0723-d288 @A: 19 28 01 14 | 06
#0724-d288 @A: 19 32 14 06 | 09
#0725-d288 @A: 30 14 09 27 | 04
#0726-d288 @A: 17 16 23 04 | 12
#0727-d288 @A: 25 23 22 16 | 01
#0728-d288 @A: 13 16 31 12 | 10
#0729-d288 @A: 17 16 03 33 | 11
#0730-d288 @A: 12 15 03 16 | 08
#0731-d288 @A: 26 12 16 02 | 05
#0732-d288 @A: 10 16 22 11 | 07
#0733-d288 @A: 26 35 16 34 | 02
#0734-d288 @A: 16 21 10 33 | 03
#0735-d288 @A: 08 16 24 32 | 06
#0736-d288 @A: 16 22 34 19 | 09
#0737-d288 @A: 30 32 21 16 | 04
#0738-d288 @A: 22 05 26 16 | 12
#0739-d288 @A: 04 21 16 05 | 01
#0740-d288 @A: 23 31 03 20 | 10
#0741-d288 @A: 35 34 23 20 | 11
#0742-d288 @A: 17 23 11 12 | 08
#0743-d288 @A: 13 08 17 23 | 05
#0744-d288 @A: 29 23 33 12 | 07
#0745-d288 @A: 23 11 08 22 | 02
#0746-d288 @A: 06 29 11 23 | 03
#0747-d288 @A: 25 24 23 35 | 06
#0748-d288 @A: 23 21 32 33 | 09
#0749-d288 @A: 23 01 02 22 | 04
#0750-d288 @A: 23 07 21 10 | 12
#0751-d288 @A: 07 06 23 27 | 01
#0752-d288 @A: 04 26 02 23 | 10
#0753-d288 @A: 05 27 02 23 | 11
#0754-d288 @A: 06 21 13 23 | 08
#0755-d288 @A: 04 23 13 27 | 05
#0756-d288 @A: 09 23 04 34 | 07
#0757-d288 @A: 17 31 26 35 | 02
#0758-d288 @A: 09 35 31 11 | 03
#0759-d288 @A: 15 11 31 34 | 06
#0760-d288 @A: 27 25 31 15 | 09
#0761-d288 @A: 08 31 13 10 | 04
#0762-d288 @A: 15 08 31 07 | 12
#0763-d288 @A: 07 19 29 31 | 01
#0764-d288 @A: 07 30 06 31 | 10
#0765-d288 @A: 24 06 02 31 | 11
#0766-d288 @A: 17 04 35 20 | 08
#0767-d288 @A: 08 21 17 20 | 05
#0768-d288 @A: 20 34 19 12 | 07
#0769-d288 @A: 20 26 11 34 | 02
#0770-d288 @A: 20 09 35 08 | 03
#0771-d288 @A: 33 26 21 20 | 06
#0772-d288 @A: 19 20 09 10 | 09
#0773-d288 @A: 32 29 03 20 | 04
#0774-d288 @A: 26 30 20 04 | 12
#0775-d288 @A: 28 02 26 20 | 01
#0776-d288 @A: 09 24 21 20 | 10
#0777-d288 @A: 11 17 24 35 | 11
#0778-d288 @A: 11 34 06 17 | 08
#0779-d288 @A: 02 28 33 17 | 05
#0780-d288 @A: 06 17 10 27 | 07
#0781-d288 @A: 22 17 06 05 | 02
#0782-d288 @A: 04 03 21 17 | 03
#0783-d288 @A: 01 21 12 11 | 06
#0784-d288 @A: 02 10 12 11 | 09
#0785-d288 @A: 03 35 12 25 | 04
#0786-d288 @A: 12 35 27 32 | 12
#0787-d288 @A: 34 25 01 12 | 01
#0788-d288 @A: 10 15 28 12 | 10
#0789-d288 @A: 21 28 26 12 | 11
#0790-d288 @A: 12 29 30 21 | 08
#0791-d288 @A: 11 02 35 29 | 05
#0792-d288 @A: 27 08 11 13 | 07
#0793-d288 @A: 11 32 03 19 | 02
#0794-d288 @A: 33 15 35 29 | 03
#0795-d288 @A: 10 25 05 35 | 06
#0796-d288 @A: 35 07 28 34 | 09
#0797-d288 @A: 03 06 35 30 | 04
#0798-d288 @A: 34 35 30 27 | 12
#0799-d288 @A: 03 28 35 04 | 01
#0800-d288 @A: 03 30 01 33 | 10
#0801-d288 @A: 29 33 28 01 | 11
#0802-d288 @A: 34 24 33 03 | 08
#0803-d288 @A: 28 33 24 27 | 05
#0804-d288 @A: 29 33 22 06 | 07
#0805-d288 @A: 24 08 25 01 | 02
#0806-d288 @A: 15 03 08 25 | 03
#0807-d288 @A: 08 05 07 25 | 06
#0808-d288 @A: 19 25 21 06 | 09
#0809-d288 @A: 26 07 25 28 | 04
#0810-d288 @A: 02 07 25 34 | 12
#0811-d288 @A: 27 25 24 07 | 01
#0812-d288 @A: 01 21 19 32 | 10
#0813-d288 @A: 01 26 06 07 | 11
#0814-d288 @A: 09 01 22 07 | 08
#0815-d288 @A: 27 26 01 13 | 05
#0816-d288 @A: 01 05 13 21 | 07
#0817-d288 @A: 09 13 04 01 | 02
#0818-d288 @A: 32 19 08 13 | 03
#0819-d288 @A: 28 27 05 08 | 06
#0820-d288 @A: 10 05 07 26 | 09
#0821-d288 @A: 28 03 10 09 | 04
#0822-d288 @A: 02 03 29 10 | 12
#0823-d288 @A: 21 06 09 10 | 01
#0824-d288 @A: 13 05 19 27 | 10
#0825-d288 @A: 19 24 34 05 | 11
#0826-d288 @A: 05 32 30 15 | 08
#0827-d288 @A: 26 15 07 29 | 05
#0828-d288 @A: 07 13 15 30 | 07
#0829-d288 @A: 06 21 26 15 | 02
#0830-d288 @A: 15 06 34 29 | 03
#0831-d288 @A: 32 30 24 34 | 06
#0832-d288 @A: 09 32 27 13 | 09
#0833-d288 @A: 09 28 32 24 | 04
#0834-d288 @A: 02 05 29 06 | 12
#0835-d288 @A: 29 09 21 03 | 01
#0836-d288 @A: 18 01 33 16 | 10
#0837-d288 @A: 03 19 16 18 | 11
#0838-d288 @A: 24 16 18 09 | 08
#0839-d288 @A: 19 18 23 06 | 05
#0840-d288 @A: 32 18 03 23 | 07
#0841-d288 @A: 32 17 18 04 | 02
#0842-d288 @A: 18 17 21 05 | 03
#0843-d288 @A: 35 15 18 04 | 06
#0844-d288 @A: 35 18 28 32 | 09
#0845-d288 @A: 08 33 22 18 | 04
#0846-d288 @A: 05 18 15 33 | 12
#0847-d288 @A: 18 15 13 10 | 01
#0848-d288 @A: 30 18 26 21 | 10
#0849-d288 @A: 18 13 05 02 | 11
#0850-d288 @A: 24 13 18 27 | 08
#0851-d288 @A: 16 06 17 14 | 05
#0852-d288 @A: 29 16 14 21 | 07
#0853-d288 @A: 07 14 08 20 | 02
#0854-d288 @A: 14 17 08 04 | 03
#0855-d288 @A: 27 14 21 17 | 06
#0856-d288 @A: 25 14 29 12 | 09
#0857-d288 @A: 13 14 11 35 | 04
#0858-d288 @A: 35 24 01 14 | 12
#0859-d288 @A: 30 14 33 29 | 01
#0860-d288 @A: 14 24 25 26 | 10
#0861-d288 @A: 01 09 29 14 | 11
#0862-d288 @A: 14 30 22 10 | 08
#0863-d288 @A: 07 14 30 21 | 05
#0864-d288 @A: 02 29 13 14 | 07
#0865-d288 @A: 34 24 14 04 | 02
#0866-d288 @A: 16 31 01 35 | 03
#0867-d288 @A: 17 24 16 15 | 06
#0868-d288 @A: 06 33 16 12 | 09
#0869-d288 @A: 16 12 22 32 | 04
#0870-d288 @A: 11 19 16 21 | 12
#0871-d288 @A: 35 16 08 30 | 01
#0872-d288 @A: 32 16 33 09 | 10
#0873-d288 @A: 16 25 07 06 | 11
#0874-d288 @A: 04 25 29 16 | 08
#0875-d288 @A: 34 01 16 10 | 05
#0876-d288 @A: 09 16 19 01 | 07
#0877-d288 @A: 08 05 16 19 | 02
#0878-d288 @A: 30 07 16 22 | 03
#0879-d288 @A: 27 04 07 16 | 06
#0880-d288 @A: 06 30 13 16 | 09
#0881-d288 @A: 27 05 16 03 | 04
#0882-d288 @A: 16 13 09 21 | 12
#0883-d288 @A: 24 04 16 22 | 01
#0884-d288 @A: 21 16 24 02 | 10
#0885-d288 @A: 23 20 11 27 | 11
#0886-d288 @A: 34 25 17 23 | 08
#0887-d288 @A: 23 07 15 17 | 05
#0888-d288 @A: 32 06 23 17 | 07
#0889-d288 @A: 23 12 07 03 | 02
#0890-d288 @A: 12 23 22 28 | 03
#0891-d288 @A: 33 11 23 01 | 06
#0892-d288 @A: 35 09 23 19 | 09
#0893-d288 @A: 30 32 23 35 | 04
#0894-d288 @A: 26 13 23 28 | 12
#0895-d288 @A: 30 13 34 23 | 01
#0896-d288 @A: 30 03 27 23 | 10
#0897-d288 @A: 06 23 09 30 | 11
#0898-d288 @A: 23 28 34 06 | 08
#0899-d288 @A: 34 02 21 23 | 05
#0900-d288 @A: 07 19 31 20 | 07
#0901-d288 @A: 17 22 09 31 | 02
#0902-d288 @A: 31 06 15 12 | 03
#0903-d288 @A: 31 30 24 12 | 06
#0904-d288 @A: 29 05 12 31 | 09
#0905-d288 @A: 35 31 33 24 | 04
#0906-d288 @A: 02 33 31 29 | 12
#0907-d288 @A: 15 31 01 24 | 01
#0908-d288 @A: 02 10 31 15 | 10
#0909-d288 @A: 20 25 02 12 | 11
#0910-d288 @A: 01 20 28 12 | 08
#0911-d288 @A: 13 32 20 12 | 05
#0912-d288 @A: 29 26 35 20 | 07
#0913-d288 @A: 33 01 20 06 | 02
#0914-d288 @A: 01 19 04 20 | 03
#0915-d288 @A: 24 20 01 34 | 06
#0916-d288 @A: 08 15 05 20 | 09
#0917-d288 @A: 03 19 27 20 | 04
#0918-d288 @A: 07 20 02 27 | 12
#0919-d288 @A: 09 05 20 26 | 01
#0920-d288 @A: 22 20 26 13 | 10
#0921-d288 @A: 04 10 17 12 | 11
#0922-d288 @A: 02 17 01 11 | 08
#0923-d288 @A: 11 04 13 17 | 05
#0924-d288 @A: 01 29 35 17 | 07
#0925-d288 @A: 35 17 08 06 | 02
#0926-d288 @A: 27 17 35 15 | 03
#0927-d288 @A: 17 33 13 01 | 06
#0928-d288 @A: 17 07 25 30 | 09
#0929-d288 @A: 06 01 19 17 | 04
#0930-d288 @A: 32 17 10 22 | 12
#0931-d288 @A: 29 06 17 04 | 01
#0932-d288 @A: 26 11 13 12 | 10
#0933-d288 @A: 24 12 35 29 | 11
#0934-d288 @A: 12 01 15 32 | 08
#0935-d288 @A: 19 12 32 24 | 05
#0936-d288 @A: 21 12 15 09 | 07
#0937-d288 @A: 27 34 07 12 | 02
#0938-d288 @A: 12 28 03 34 | 03
#0939-d288 @A: 06 02 03 12 | 06
#0940-d288 @A: 28 24 04 12 | 09
#0941-d288 @A: 22 34 12 02 | 04
#0942-d288 @A: 10 11 21 25 | 12
#0943-d288 @A: 27 30 25 11 | 01
#0944-d288 @A: 28 11 05 25 | 10
#0945-d288 @A: 21 11 26 03 | 11
#0946-d288 @A: 11 24 28 06 | 08
#0947-d288 @A: 09 02 34 11 | 05
#0948-d288 @A: 24 11 27 09 | 07
#0949-d288 @A: 27 11 22 02 | 02
#0950-d288 @A: 28 08 35 15 | 03
#0951-d288 @A: 28 10 35 27 | 06
#0952-d288 @A: 26 30 35 07 | 09
#0953-d288 @A: 07 35 22 13 | 04
#0954-d288 @A: 28 09 35 26 | 12
#0955-d288 @A: 24 03 09 35 | 01
#0956-d288 @A: 04 25 08 33 | 10
#0957-d288 @A: 03 32 33 10 | 11
#0958-d288 @A: 34 26 33 06 | 08
#0959-d288 @A: 24 21 30 33 | 05
#0960-d288 @A: 13 29 33 03 | 07
#0961-d288 @A: 06 09 02 33 | 02
#0962-d288 @A: 05 19 25 32 | 03
#0963-d288 @A: 22 24 15 25 | 06
#0964-d288 @A: 02 25 24 32 | 09
#0965-d288 @A: 22 28 09 25 | 04
#0966-d288 @A: 21 27 25 04 | 12
#0967-d288 @A: 13 01 07 34 | 01
#0968-d288 @A: 30 34 01 04 | 10
#0969-d288 @A: 34 01 06 05 | 11
#0970-d288 @A: 28 01 03 13 | 08
#0971-d288 @A: 03 22 01 04 | 05
#0972-d288 @A: 24 08 10 28 | 07
#0973-d288 @A: 19 09 24 08 | 02
#0974-d288 @A: 26 13 08 07 | 03
#0975-d288 @A: 03 08 29 26 | 06
#0976-d288 @A: 03 06 08 22 | 09
#0977-d288 @A: 10 15 19 30 | 04
#0978-d288 @A: 28 32 19 10 | 12
#0979-d288 @A: 10 05 22 03 | 01
#0980-d288 @A: 34 06 13 10 | 10
#0981-d288 @A: 19 26 34 21 | 11
#0982-d288 @A: 06 19 24 30 | 08
#0983-d288 @A: 29 28 19 04 | 05
#0984-d288 @A: 24 15 03 04 | 07
#0985-d288 @A: 32 28 06 05 | 02
#0986-d288 @A: 05 21 32 02 | 03
#0987-d288 @A: 07 21 29 34 | 06
#0988-d288 @A: 04 02 29 26 | 09
#0989-d288 @A: 14 18 13 08 | 04
#0990-d288 @A: 18 14 19 07 | 12
#0991-d288 @A: 14 15 18 34 | 01
#0992-d288 @A: 14 32 21 18 | 10
#0993-d288 @A: 14 30 18 02 | 11
#0994-d288 @A: 18 16 15 28 | 08
#0995-d288 @A: 16 02 18 34 | 05
#0996-d288 @A: 23 21 18 15 | 07
#0997-d288 @A: 23 22 29 18 | 02
#0998-d288 @A: 20 18 01 09 | 03
#0999-d288 @A: 18 29 17 25 | 06
#1000-d288 @A: 25 18 09 35 | 09
#1001-d288 @A: 24 35 05 18 | 04
#1002-d288 @A: 04 24 18 19 | 12
#1003-d288 @A: 02 18 26 09 | 01
#1004-d288 @A: 27 22 26 18 | 10
#1005-d288 @A: 02 03 18 27 | 11
#1006-d288 @A: 28 22 18 02 | 08
#1007-d288 @A: 34 09 18 27 | 05
#1008-d288 @A: 14 16 09 35 | 07
#1009-d288 @A: 01 13 16 14 | 02
#1010-d288 @A: 23 32 27 14 | 03
#1011-d288 @A: 27 12 20 14 | 06
#1012-d288 @A: 05 33 14 22 | 09
#1013-d288 @A: 08 26 14 01 | 04
#1014-d288 @A: 15 14 22 08 | 12
#1015-d288 @A: 14 08 32 05 | 01
#1016-d288 @A: 14 28 32 26 | 10
#1017-d288 @A: 04 02 14 05 | 11
#1018-d288 @A: 14 22 28 04 | 08
#1019-d288 @A: 23 16 01 06 | 05
#1020-d288 @A: 34 11 12 16 | 07
#1021-d288 @A: 16 12 28 07 | 02
#1022-d288 @A: 27 32 11 16 | 03
#1023-d288 @A: 35 05 33 16 | 06
#1024-d288 @A: 16 33 08 02 | 09
#1025-d288 @A: 10 16 25 26 | 04
#1026-d288 @A: 24 16 13 10 | 12
#1027-d288 @A: 26 09 16 27 | 01
#1028-d288 @A: 16 03 30 28 | 10
#1029-d288 @A: 09 03 22 16 | 11
#1030-d288 @A: 34 28 24 16 | 08
#1031-d288 @A: 09 02 04 16 | 05
#1032-d288 @A: 23 17 31 30 | 07
#1033-d288 @A: 23 13 20 29 | 02
#1034-d288 @A: 19 23 11 30 | 03
#1035-d288 @A: 08 33 06 23 | 06
#1036-d288 @A: 26 23 33 15 | 09
#1037-d288 @A: 25 23 29 05 | 04
#1038-d288 @A: 09 23 08 27 | 12
#1039-d288 @A: 19 21 23 28 | 01
#1040-d288 @A: 23 05 15 34 | 10
#1041-d288 @A: 23 05 22 07 | 11
#1042-d288 @A: 02 28 30 23 | 08
#1043-d288 @A: 23 05 06 04 | 05
#1044-d288 @A: 06 03 24 23 | 07
#1045-d288 @A: 02 29 23 34 | 02
#1046-d288 @A: 17 31 01 05 | 03
#1047-d288 @A: 03 19 12 31 | 06
#1048-d288 @A: 02 35 25 31 | 09
#1049-d288 @A: 32 31 15 35 | 04
#1050-d288 @A: 35 21 13 31 | 12
#1051-d288 @A: 31 22 25 33 | 01
#1052-d288 @A: 09 26 31 29 | 10
#1053-d288 @A: 05 30 34 31 | 11
#1054-d288 @A: 31 30 09 21 | 08
#1055-d288 @A: 21 06 05 31 | 05
#1056-d288 @A: 29 24 31 22 | 07
#1057-d288 @A: 07 17 20 09 | 02
#1058-d288 @A: 12 20 11 30 | 03
#1059-d288 @A: 10 20 12 05 | 06
#1060-d288 @A: 11 34 20 29 | 09
#1061-d288 @A: 35 25 20 28 | 04
#1062-d288 @A: 05 20 29 33 | 12
#1063-d288 @A: 09 32 20 25 | 01
#1064-d288 @A: 13 10 20 07 | 10
#1065-d288 @A: 09 20 10 29 | 11
#1066-d288 @A: 07 22 29 20 | 08
#1067-d288 @A: 06 21 20 07 | 05
#1068-d288 @A: 20 13 04 24 | 07
#1069-d288 @A: 22 27 20 28 | 02
#1070-d288 @A: 21 28 04 20 | 03
#1071-d288 @A: 27 12 05 17 | 06
#1072-d288 @A: 10 17 19 05 | 09
#1073-d288 @A: 17 34 22 26 | 04
#1074-d288 @A: 27 04 17 26 | 12
#1075-d288 @A: 12 03 11 33 | 01
#1076-d288 @A: 12 08 25 30 | 10
#1077-d288 @A: 25 04 12 07 | 11
#1078-d288 @A: 24 33 25 11 | 08
#1079-d288 @A: 15 33 11 09 | 05
#1080-d288 @A: 32 11 24 22 | 07
#1081-d288 @A: 11 07 13 21 | 02
#1082-d288 @A: 26 04 09 11 | 03
#1083-d288 @A: 29 13 11 05 | 06
#1084-d288 @A: 03 11 34 05 | 09
#1085-d288 @A: 11 27 05 21 | 04
#1086-d288 @A: 33 07 06 35 | 12
#1087-d288 @A: 08 35 32 03 | 01
#1088-d288 @A: 19 04 10 35 | 10
#1089-d288 @A: 03 10 35 26 | 11
#1090-d288 @A: 32 35 34 19 | 08
#1091-d288 @A: 30 35 04 05 | 05
#1092-d288 @A: 04 21 06 35 | 07
#1093-d288 @A: 24 35 27 04 | 02
#1094-d288 @A: 21 25 07 33 | 03
#1095-d288 @A: 25 13 33 03 | 06
#1096-d288 @A: 10 01 28 33 | 09
#1097-d288 @A: 01 19 33 24 | 04
#1098-d288 @A: 30 33 28 05 | 12
#1099-d288 @A: 27 22 33 30 | 01
#1100-d288 @A: 13 28 09 33 | 10
#1101-d288 @A: 24 13 33 06 | 11
#1102-d288 @A: 01 27 32 25 | 08
#1103-d288 @A: 01 25 21 29 | 05
#1104-d288 @A: 06 28 25 10 | 07
#1105-d288 @A: 07 09 13 25 | 02
#1106-d288 @A: 07 27 29 25 | 03
#1107-d288 @A: 26 03 25 27 | 06
#1108-d288 @A: 06 26 25 09 | 09
#1109-d288 @A: 13 02 25 06 | 04
#1110-d288 @A: 28 03 25 24 | 12
#1111-d288 @A: 21 07 03 01 | 01
#1112-d288 @A: 24 13 02 01 | 10
#1113-d288 @A: 27 09 28 01 | 11
#1114-d288 @A: 01 29 24 04 | 08
#1115-d288 @A: 30 27 08 07 | 05
#1116-d288 @A: 07 03 08 34 | 07
#1117-d288 @A: 09 26 08 22 | 02
#1118-d288 @A: 03 13 24 08 | 03
#1119-d288 @A: 08 04 03 27 | 06
#1120-d288 @A: 13 10 28 22 | 09
#1121-d288 @A: 10 22 04 27 | 04
#1122-d288 @A: 07 06 19 05 | 12
#1123-d288 @A: 32 26 15 24 | 01
#1124-d288 @A: 09 30 26 15 | 10
#1125-d288 @A: 30 24 28 15 | 11
#1126-d288 @A: 28 15 34 21 | 08
#1127-d288 @A: 13 32 22 02 | 05
#1128-d288 @A: 07 29 24 05 | 07
#1129-d288 @A: 13 29 34 07 | 02
#1130-d288 @A: 29 24 26 34 | 03
#1131-d288 @A: 14 16 18 27 | 06
#1132-d288 @A: 14 12 09 18 | 09
#1133-d288 @A: 08 18 21 16 | 04
#1134-d288 @A: 09 10 18 23 | 12
#1135-d288 @A: 34 31 12 18 | 01
#1136-d288 @A: 05 18 08 31 | 10
#1137-d288 @A: 17 24 18 25 | 11
#1138-d288 @A: 08 17 18 03 | 08
#1139-d288 @A: 11 15 18 32 | 05
#1140-d288 @A: 18 11 09 13 | 07
#1141-d288 @A: 35 05 29 18 | 02
#1142-d288 @A: 15 08 24 18 | 03
#1143-d288 @A: 18 10 29 15 | 06
#1144-d288 @A: 13 30 03 18 | 09
#1145-d288 @A: 24 03 18 22 | 04
#1146-d288 @A: 31 20 14 24 | 12
#1147-d288 @A: 31 14 11 06 | 01
#1148-d288 @A: 13 33 14 31 | 10
#1149-d288 @A: 27 14 29 31 | 11
#1150-d288 @A: 06 14 12 35 | 08
#1151-d288 @A: 12 25 14 22 | 05
#1152-d288 @A: 07 11 32 14 | 07
#1153-d288 @A: 14 04 35 32 | 02
#1154-d288 @A: 14 33 15 28 | 03
#1155-d288 @A: 01 14 25 07 | 06
#1156-d288 @A: 01 14 10 05 | 09
#1157-d288 @A: 10 14 27 15 | 04
#1158-d288 @A: 09 19 14 05 | 12
#1159-d288 @A: 04 14 21 19 | 01
#1160-d288 @A: 24 28 07 14 | 10
#1161-d288 @A: 02 14 06 07 | 11
#1162-d288 @A: 16 09 23 12 | 08
#1163-d288 @A: 07 16 20 32 | 05
#1164-d288 @A: 16 17 27 34 | 07
#1165-d288 @A: 07 35 15 16 | 02
#1166-d288 @A: 28 25 33 16 | 03
#1167-d288 @A: 16 15 27 08 | 06
#1168-d288 @A: 26 16 04 03 | 09
#1169-d288 @A: 26 23 25 20 | 04
#1170-d288 @A: 10 20 30 23 | 12
#1171-d288 @A: 04 23 07 20 | 01
#1172-d288 @A: 09 01 17 23 | 10
#1173-d288 @A: 19 17 29 23 | 11
#1174-d288 @A: 13 15 23 35 | 08
#1175-d288 @A: 19 23 33 05 | 05
#1176-d288 @A: 08 25 23 02 | 07
#1177-d288 @A: 32 26 10 23 | 02
#1178-d288 @A: 30 29 23 32 | 03
#1179-d288 @A: 02 09 24 23 | 06
#1180-d288 @A: 29 23 09 04 | 09
#1181-d288 @A: 31 08 20 34 | 04
#1182-d288 @A: 07 17 31 32 | 12
#1183-d288 @A: 30 26 31 11 | 01
#1184-d288 @A: 10 31 34 35 | 10
#1185-d288 @A: 31 21 08 33 | 11
#1186-d288 @A: 31 33 34 19 | 08
#1187-d288 @A: 31 33 15 03 | 05
#1188-d288 @A: 28 07 31 10 | 07
#1189-d288 @A: 25 20 17 33 | 02
#1190-d288 @A: 02 10 17 20 | 03
#1191-d288 @A: 03 20 12 08 | 06
#1192-d288 @A: 13 35 20 33 | 09
#1193-d288 @A: 15 20 02 35 | 04
#1194-d288 @A: 05 07 20 35 | 12
#1195-d288 @A: 04 10 20 33 | 01
#1196-d288 @A: 15 27 33 20 | 10
#1197-d288 @A: 24 25 20 19 | 11
#1198-d288 @A: 26 20 10 06 | 08
#1199-d288 @A: 21 03 20 30 | 05
#1200-d288 @A: 28 20 02 29 | 07
#1201-d288 @A: 32 17 30 12 | 02
#1202-d288 @A: 17 11 33 22 | 03
#1203-d288 @A: 13 10 35 17 | 06
#1204-d288 @A: 35 30 17 19 | 09
#1205-d288 @A: 33 24 10 17 | 04
#1206-d288 @A: 17 04 25 01 | 12
#1207-d288 @A: 09 25 27 17 | 01
#1208-d288 @A: 17 01 08 07 | 10
#1209-d288 @A: 24 07 26 17 | 11
#1210-d288 @A: 22 17 07 02 | 08
#1211-d288 @A: 02 03 26 17 | 05
#1212-d288 @A: 30 13 27 17 | 07
#1213-d288 @A: 13 06 03 17 | 02
#1214-d288 @A: 17 02 06 21 | 03
#1215-d288 @A: 26 15 35 12 | 06
#1216-d288 @A: 25 12 05 33 | 09
#1217-d288 @A: 10 24 25 12 | 04
#1218-d288 @A: 12 01 15 29 | 12
#1219-d288 @A: 12 08 29 04 | 01
#1220-d288 @A: 19 26 12 04 | 10
#1221-d288 @A: 12 04 34 05 | 11
#1222-d288 @A: 22 27 12 13 | 08
#1223-d288 @A: 34 24 13 12 | 05
#1224-d288 @A: 21 12 24 03 | 07
#1225-d288 @A: 08 26 25 11 | 02
#1226-d288 @A: 28 11 15 01 | 03
#1227-d288 @A: 11 21 15 08 | 06
#1228-d288 @A: 05 02 11 08 | 09
#1229-d288 @A: 15 10 26 11 | 04
#1230-d288 @A: 11 26 05 19 | 12
#1231-d288 @A: 30 11 28 21 | 01
#1232-d288 @A: 11 13 03 02 | 10
#1233-d288 @A: 35 02 33 01 | 11
#1234-d288 @A: 01 06 35 10 | 08
#1235-d288 @A: 21 35 08 10 | 05
#1236-d288 @A: 02 35 10 07 | 07
#1237-d288 @A: 19 35 29 09 | 02
#1238-d288 @A: 04 07 09 35 | 03
#1239-d288 @A: 05 35 06 13 | 06
#1240-d288 @A: 28 35 13 24 | 09
#1241-d288 @A: 13 34 35 04 | 04
#1242-d288 @A: 35 21 06 29 | 12
#1243-d288 @A: 01 08 33 34 | 01
#1244-d288 @A: 02 04 33 30 | 10
#1245-d288 @A: 24 30 05 25 | 11
#1246-d288 @A: 28 30 25 34 | 08
#1247-d288 @A: 25 22 13 05 | 05
#1248-d288 @A: 25 05 27 34 | 07
#1249-d288 @A: 34 21 22 25 | 02
#1250-d288 @A: 26 01 28 30 | 03
#1251-d288 @A: 09 01 24 26 | 06
#1252-d288 @A: 22 01 30 29 | 09
#1253-d288 @A: 08 07 19 10 | 04
#1254-d288 @A: 08 15 06 04 | 12
#1255-d288 @A: 26 08 24 34 | 01
#1256-d288 @A: 05 09 08 34 | 10
#1257-d288 @A: 06 09 13 08 | 11
#1258-d288 @A: 29 03 06 08 | 08
#1259-d288 @A: 10 24 21 22 | 05
#1260-d288 @A: 07 27 19 32 | 07
#1261-d288 @A: 19 09 07 34 | 02
#1262-d288 @A: 02 34 13 19 | 03
#1263-d288 @A: 21 13 15 32 | 06
#1264-d288 @A: 09 15 24 13 | 09
#1265-d288 @A: 13 07 24 32 | 04
#1266-d288 @A: 22 32 29 26 | 12
#1267-d288 @A: 04 03 07 29 | 01
#1268-d288 @A: 17 22 18 23 | 10
#1269-d288 @A: 18 33 24 23 | 11
#1270-d288 @A: 18 25 31 21 | 08
#1271-d288 @A: 07 31 01 18 | 05
#1272-d288 @A: 27 20 18 32 | 07
#1273-d288 @A: 28 18 12 33 | 02
#1274-d288 @A: 01 13 12 18 | 03
#1275-d288 @A: 35 18 03 11 | 06
#1276-d288 @A: 33 13 18 32 | 09
#1277-d288 @A: 18 33 29 32 | 04
#1278-d288 @A: 01 18 08 28 | 12
#1279-d288 @A: 34 18 04 07 | 01
#1280-d288 @A: 24 26 18 28 | 10
#1281-d288 @A: 04 18 05 22 | 11
#1282-d288 @A: 03 28 18 29 | 08
#1283-d288 @A: 05 14 12 16 | 05
#1284-d288 @A: 15 02 16 14 | 07
#1285-d288 @A: 14 17 03 31 | 02
#1286-d288 @A: 05 31 25 14 | 03
#1287-d288 @A: 05 20 14 06 | 06
#1288-d288 @A: 14 08 12 21 | 09
#1289-d288 @A: 14 24 11 15 | 04
#1290-d288 @A: 10 06 08 14 | 12
#1291-d288 @A: 14 29 08 05 | 01
#1292-d288 @A: 29 10 14 34 | 10
#1293-d288 @A: 07 14 05 34 | 11
#1294-d288 @A: 21 14 24 05 | 08
#1295-d288 @A: 33 34 23 16 | 05
#1296-d288 @A: 16 07 34 31 | 07
#1297-d288 @A: 09 31 16 28 | 02
#1298-d288 @A: 26 16 29 17 | 03
#1299-d288 @A: 11 02 25 16 | 06
#1300-d288 @A: 01 11 05 16 | 09
#1301-d288 @A: 35 24 16 06 | 04
#1302-d288 @A: 32 08 16 29 | 12
#1303-d288 @A: 03 10 06 16 | 01
#1304-d288 @A: 33 23 31 07 | 10
#1305-d288 @A: 20 08 28 23 | 11
#1306-d288 @A: 17 03 23 35 | 08
#1307-d288 @A: 12 23 02 32 | 05
#1308-d288 @A: 35 23 22 04 | 07
#1309-d288 @A: 23 04 25 32 | 02
#1310-d288 @A: 27 23 01 15 | 03
#1311-d288 @A: 28 01 23 24 | 06
#1312-d288 @A: 03 23 19 08 | 09
#1313-d288 @A: 10 22 23 06 | 04
#1314-d288 @A: 07 23 02 13 | 12
#1315-d288 @A: 34 03 23 22 | 01
#1316-d288 @A: 28 23 24 29 | 10
#1317-d288 @A: 30 35 31 20 | 11
#1318-d288 @A: 19 21 17 31 | 08
#1319-d288 @A: 25 07 31 11 | 05
#1320-d288 @A: 35 31 08 04 | 07
#1321-d288 @A: 04 33 31 01 | 02
#1322-d288 @A: 31 01 26 19 | 03
#1323-d288 @A: 31 34 01 28 | 06
#1324-d288 @A: 02 08 03 31 | 09
#1325-d288 @A: 10 31 26 22 | 04
#1326-d288 @A: 19 15 28 31 | 12
#1327-d288 @A: 31 15 05 13 | 01
#1328-d288 @A: 31 03 13 22 | 10
#1329-d288 @A: 34 29 03 31 | 11
#1330-d288 @A: 20 10 11 28 | 08
#1331-d288 @A: 20 04 11 02 | 05
#1332-d288 @A: 20 27 35 01 | 07
#1333-d288 @A: 34 20 25 13 | 02
#1334-d288 @A: 20 29 19 08 | 03
#1335-d288 @A: 03 13 05 20 | 06
#1336-d288 @A: 28 06 20 13 | 09
#1337-d288 @A: 20 04 34 03 | 04
#1338-d288 @A: 17 03 01 12 | 12
#1339-d288 @A: 30 33 17 34 | 01
#1340-d288 @A: 33 17 29 13 | 10
#1341-d288 @A: 15 02 17 25 | 11
#1342-d288 @A: 28 26 17 15 | 08
#1343-d288 @A: 34 17 07 21 | 05
#1344-d288 @A: 34 28 05 17 | 07
#1345-d288 @A: 17 04 24 09 | 02
#1346-d288 @A: 35 13 19 12 | 03
#1347-d288 @A: 24 33 08 12 | 06
#1348-d288 @A: 12 33 22 10 | 09
#1349-d288 @A: 06 09 12 01 | 04
#1350-d288 @A: 09 34 32 12 | 12
#1351-d288 @A: 26 03 05 12 | 01
#1352-d288 @A: 05 15 11 35 | 10
#1353-d288 @A: 27 11 06 35 | 11
#1354-d288 @A: 24 35 08 07 | 08
#1355-d288 @A: 22 35 15 10 | 05
#1356-d288 @A: 32 35 24 10 | 07
#1357-d288 @A: 07 35 21 27 | 02
#1358-d288 @A: 22 05 35 09 | 03
#1359-d288 @A: 02 35 28 21 | 06
#1360-d288 @A: 29 33 25 34 | 09
#1361-d288 @A: 09 33 30 07 | 04
#1362-d288 @A: 33 03 07 27 | 12
#1363-d288 @A: 19 25 30 09 | 01
#1364-d288 @A: 22 25 02 26 | 10
#1365-d288 @A: 04 30 25 22 | 11
#1366-d288 @A: 29 22 25 03 | 08
#1367-d288 @A: 25 06 22 27 | 05
#1368-d288 @A: 19 32 29 01 | 07
#1369-d288 @A: 01 27 05 07 | 02
#1370-d288 @A: 02 09 03 01 | 03
#1371-d288 @A: 19 15 08 26 | 06
#1372-d288 @A: 26 04 08 28 | 09
#1373-d288 @A: 30 02 13 08 | 04
#1374-d288 @A: 08 13 29 30 | 12
#1375-d288 @A: 34 22 29 08 | 01
#1376-d288 @A: 10 05 34 32 | 10
#1377-d288 @A: 29 10 07 06 | 11
#1378-d288 @A: 13 21 29 10 | 08
#1379-d288 @A: 10 02 04 28 | 05
#1380-d288 @A: 03 19 07 02 | 07
#1381-d288 @A: 15 27 34 26 | 02
#1382-d288 @A: 27 06 15 30 | 03
#1383-d288 @A: 29 28 26 06 | 06
#1384-d288 @A: 30 05 02 29 | 09
#1385-d288 @A: 18 29 26 14 | 04
#1386-d288 @A: 23 18 26 16 | 12
#1387-d288 @A: 18 31 10 17 | 01
#1388-d288 @A: 18 34 20 10 | 10
#1389-d288 @A: 18 20 30 24 | 11
#1390-d288 @A: 09 18 30 17 | 08
#1391-d288 @A: 18 12 11 24 | 05
#1392-d288 @A: 12 18 04 03 | 07
#1393-d288 @A: 33 35 18 10 | 02
#1394-d288 @A: 08 18 35 34 | 03
#1395-d288 @A: 09 04 33 18 | 06
#1396-d288 @A: 26 15 25 18 | 09
#1397-d288 @A: 03 18 25 34 | 04
#1398-d288 @A: 19 01 18 05 | 12
#1399-d288 @A: 27 08 18 10 | 01
#1400-d288 @A: 18 19 29 24 | 10
#1401-d288 @A: 30 07 18 05 | 11
#1402-d288 @A: 18 13 06 07 | 08
#1403-d288 @A: 02 18 24 07 | 05
#1404-d288 @A: 34 26 05 18 | 07
#1405-d288 @A: 18 30 06 29 | 02
#1406-d288 @A: 21 22 18 13 | 03
#1407-d288 @A: 14 11 16 30 | 06
#1408-d288 @A: 14 33 16 04 | 09
#1409-d288 @A: 16 21 14 25 | 04
#1410-d288 @A: 34 14 23 31 | 12
#1411-d288 @A: 14 29 03 23 | 01
#1412-d288 @A: 09 31 14 15 | 10
#1413-d288 @A: 14 10 35 20 | 11
#1414-d288 @A: 19 17 33 14 | 08
#1415-d288 @A: 12 14 10 26 | 05
#1416-d288 @A: 14 35 08 19 | 07
#1417-d288 @A: 25 32 14 15 | 02
#1418-d288 @A: 14 10 03 19 | 03
#1419-d288 @A: 14 22 19 29 | 06
#1420-d288 @A: 09 24 14 06 | 09
#1421-d288 @A: 14 02 24 22 | 04
#1422-d288 @A: 23 28 16 27 | 12
#1423-d288 @A: 15 31 16 21 | 01
#1424-d288 @A: 16 20 04 12 | 10
#1425-d288 @A: 25 01 16 20 | 11
#1426-d288 @A: 28 08 16 17 | 08
#1427-d288 @A: 16 09 17 10 | 05
#1428-d288 @A: 17 16 19 07 | 07
#1429-d288 @A: 16 21 12 35 | 02
#1430-d288 @A: 30 16 01 12 | 03
#1431-d288 @A: 35 25 04 16 | 06
#1432-d288 @A: 16 33 29 07 | 09
#1433-d288 @A: 29 19 16 06 | 04
#1434-d288 @A: 16 34 21 03 | 12
#1435-d288 @A: 31 28 32 23 | 01
#1436-d288 @A: 09 15 20 23 | 10
#1437-d288 @A: 26 23 17 19 | 11
#1438-d288 @A: 23 12 08 04 | 08
#1439-d288 @A: 23 15 11 02 | 05
#1440-d288 @A: 23 32 11 09 | 07
#1441-d288 @A: 35 08 23 05 | 02
#1442-d288 @A: 10 27 25 23 | 03
#1443-d288 @A: 07 25 23 19 | 06
#1444-d288 @A: 03 01 26 23 | 09
#1445-d288 @A: 08 23 32 34 | 04
#1446-d288 @A: 10 24 23 19 | 12
#1447-d288 @A: 23 05 26 24 | 01
#1448-d288 @A: 27 23 24 34 | 10
#1449-d288 @A: 17 28 12 31 | 11
#1450-d288 @A: 31 33 11 28 | 08
#1451-d288 @A: 03 24 31 10 | 05
#1452-d288 @A: 24 31 07 09 | 07
#1453-d288 @A: 22 31 07 21 | 02
#1454-d288 @A: 26 05 28 31 | 03
#1455-d288 @A: 27 21 31 03 | 06
#1456-d288 @A: 09 06 31 04 | 09
#1457-d288 @A: 22 02 31 04 | 04
#1458-d288 @A: 24 06 17 20 | 12
#1459-d288 @A: 35 20 12 24 | 01
#1460-d288 @A: 20 08 24 11 | 10
#1461-d288 @A: 06 30 25 20 | 11
#1462-d288 @A: 08 13 01 20 | 08
#1463-d288 @A: 19 13 20 30 | 05
#1464-d288 @A: 07 26 20 03 | 07
#1465-d288 @A: 21 12 33 17 | 02
#1466-d288 @A: 17 12 13 07 | 03
#1467-d288 @A: 10 07 17 11 | 06
#1468-d288 @A: 17 11 32 21 | 09
#1469-d288 @A: 05 11 09 17 | 04
#1470-d288 @A: 08 29 27 17 | 12
#1471-d288 @A: 15 03 17 19 | 01
#1472-d288 @A: 17 28 07 27 | 10
#1473-d288 @A: 07 06 17 04 | 11
#1474-d288 @A: 26 13 05 17 | 08
#1475-d288 @A: 30 17 02 05 | 05
#1476-d288 @A: 17 03 09 34 | 07
#1477-d288 @A: 01 12 35 08 | 02
#1478-d288 @A: 12 32 33 26 | 03
#1479-d288 @A: 02 12 01 19 | 06
#1480-d288 @A: 24 12 07 01 | 09
#1481-d288 @A: 30 02 12 07 | 04
#1482-d288 @A: 21 12 30 13 | 12
#1483-d288 @A: 22 30 12 03 | 01
#1484-d288 @A: 12 28 34 29 | 10
#1485-d288 @A: 35 11 32 26 | 11
#1486-d288 @A: 11 33 13 30 | 08
#1487-d288 @A: 32 01 11 30 | 05
#1488-d288 @A: 08 11 03 10 | 07
#1489-d288 @A: 34 19 11 10 | 02
#1490-d288 @A: 15 11 19 07 | 03
#1491-d288 @A: 03 11 24 07 | 06
#1492-d288 @A: 11 09 06 07 | 09
#1493-d288 @A: 11 04 30 24 | 04
#1494-d288 @A: 13 08 35 25 | 12
#1495-d288 @A: 35 27 26 08 | 01
#1496-d288 @A: 02 08 35 22 | 10
#1497-d288 @A: 19 06 35 28 | 11
#1498-d288 @A: 35 34 24 22 | 08
#1499-d288 @A: 28 33 19 08 | 05
#1500-d288 @A: 07 08 33 32 | 07
#1501-d288 @A: 09 08 33 29 | 02
#1502-d288 @A: 19 33 13 10 | 03
#1503-d288 @A: 33 04 32 19 | 06
#1504-d288 @A: 21 03 33 05 | 09
#1505-d288 @A: 02 33 34 05 | 04
#1506-d288 @A: 33 22 03 02 | 12
#1507-d288 @A: 25 04 19 13 | 01
#1508-d288 @A: 32 29 25 28 | 10
#1509-d288 @A: 21 30 25 02 | 11
#1510-d288 @A: 09 34 25 24 | 08
#1511-d288 @A: 08 01 29 02 | 05
#1512-d288 @A: 10 01 27 19 | 07
#1513-d288 @A: 04 10 01 15 | 02
#1514-d288 @A: 05 01 29 15 | 03
#1515-d288 @A: 01 04 28 07 | 06
#1516-d288 @A: 22 19 21 08 | 09
#1517-d288 @A: 27 34 08 22 | 04
#1518-d288 @A: 06 21 08 24 | 12
#1519-d288 @A: 10 05 13 30 | 01
#1520-d288 @A: 09 04 10 05 | 10
#1521-d288 @A: 04 30 07 19 | 11
#1522-d288 @A: 19 21 30 27 | 08
#1523-d288 @A: 13 19 21 03 | 05
#1524-d288 @A: 09 13 22 19 | 07
#1525-d288 @A: 04 19 09 03 | 02
#1526-d288 @A: 19 21 29 02 | 03
#1527-d288 @A: 27 04 19 34 | 06
#1528-d288 @A: 27 03 15 32 | 09
#1529-d288 @A: 15 28 32 02 | 04
#1530-d288 @A: 22 09 27 15 | 12
#1531-d288 @A: 07 32 05 09 | 01
#1532-d288 @A: 05 26 04 32 | 10
#1533-d288 @A: 06 26 02 32 | 11
#1534-d288 @A: 32 21 03 06 | 08
#1535-d288 @A: 04 32 27 28 | 05
#1536-d288 @A: 06 24 32 27 | 07
#1537-d288 @A: 14 18 17 26 | 02
#1538-d288 @A: 31 18 22 16 | 03
#1539-d288 @A: 18 35 13 16 | 06
#1540-d288 @A: 01 04 23 18 | 09
#1541-d288 @A: 31 33 18 26 | 04
#1542-d288 @A: 18 29 01 31 | 12
#1543-d288 @A: 33 03 18 20 | 01
#1544-d288 @A: 17 01 27 18 | 10
#1545-d288 @A: 15 18 06 17 | 11
#1546-d288 @A: 12 15 18 02 | 08
#1547-d288 @A: 32 18 02 10 | 05
#1548-d288 @A: 18 30 28 10 | 07
#1549-d288 @A: 34 19 28 18 | 02
#1550-d288 @A: 18 21 07 09 | 03
#1551-d288 @A: 13 26 04 18 | 06
#1552-d288 @A: 18 06 03 26 | 09
#1553-d288 @A: 28 18 05 09 | 04
#1554-d288 @A: 18 27 05 06 | 12
#1555-d288 @A: 21 18 04 02 | 01
#1556-d288 @A: 27 02 18 29 | 10
#1557-d288 @A: 14 26 16 31 | 11
#1558-d288 @A: 16 19 14 24 | 08
#1559-d288 @A: 14 23 11 05 | 05
#1560-d288 @A: 01 27 14 31 | 07
#1561-d288 @A: 10 31 14 21 | 02
#1562-d288 @A: 31 14 19 02 | 03
#1563-d288 @A: 26 20 19 14 | 06
#1564-d288 @A: 26 33 11 14 | 09
#1565-d288 @A: 11 14 02 21 | 04
#1566-d288 @A: 35 21 33 14 | 12
#1567-d288 @A: 01 33 14 09 | 01
#1568-d288 @A: 14 08 27 33 | 10
#1569-d288 @A: 13 14 19 15 | 11
#1570-d288 @A: 06 14 32 29 | 08
#1571-d288 @A: 22 03 26 14 | 05
#1572-d288 @A: 13 05 28 14 | 07
#1573-d288 @A: 28 21 09 14 | 02
#1574-d288 @A: 14 27 34 28 | 03
#1575-d288 @A: 31 11 03 16 | 06
#1576-d288 @A: 16 12 20 29 | 09
#1577-d288 @A: 27 20 16 10 | 04
#1578-d288 @A: 16 13 20 02 | 12
#1579-d288 @A: 16 22 33 15 | 01
#1580-d288 @A: 01 24 16 03 | 10
#1581-d288 @A: 01 22 16 27 | 11
#1582-d288 @A: 09 07 16 08 | 08
#1583-d288 @A: 13 16 03 07 | 05
#1584-d288 @A: 03 29 16 24 | 07
#1585-d288 @A: 23 31 10 29 | 02
#1586-d288 @A: 15 31 22 23 | 03
#1587-d288 @A: 31 23 24 04 | 06
#1588-d288 @A: 21 17 23 24 | 09
#1589-d288 @A: 34 23 12 10 | 04
#1590-d288 @A: 26 27 23 12 | 12
#1591-d288 @A: 35 07 23 11 | 01
#1592-d288 @A: 04 11 23 28 | 10
#1593-d288 @A: 23 32 07 01 | 11
#1594-d288 @A: 23 22 32 19 | 08
#1595-d288 @A: 24 07 30 23 | 05
#1596-d288 @A: 23 30 22 26 | 07
#1597-d288 @A: 04 21 23 30 | 02
#1598-d288 @A: 20 31 22 12 | 03
#1599-d288 @A: 11 13 31 20 | 06
#1600-d288 @A: 10 31 20 25 | 09
#1601-d288 @A: 09 12 08 31 | 04
#1602-d288 @A: 30 31 33 32 | 12
#1603-d288 @A: 15 09 29 31 | 01
#1604-d288 @A: 03 26 34 31 | 10
#1605-d288 @A: 02 26 21 31 | 11
#1606-d288 @A: 27 30 28 31 | 08
#1607-d288 @A: 31 05 04 03 | 05
#1608-d288 @A: 31 02 27 34 | 07
#1609-d288 @A: 20 17 12 26 | 02
#1610-d288 @A: 20 15 17 13 | 03
#1611-d288 @A: 17 20 34 32 | 06
#1612-d288 @A: 20 21 35 11 | 09
#1613-d288 @A: 33 30 08 20 | 04
#1614-d288 @A: 20 05 25 04 | 12
#1615-d288 @A: 15 01 20 30 | 01
#1616-d288 @A: 05 01 02 20 | 10
#1617-d288 @A: 01 20 06 29 | 11
#1618-d288 @A: 06 19 08 20 | 08
#1619-d288 @A: 20 22 32 03 | 05
#1620-d288 @A: 24 20 26 27 | 07
#1621-d288 @A: 05 20 28 24 | 02
#1622-d288 @A: 27 20 34 06 | 03
#1623-d288 @A: 11 15 17 30 | 06
#1624-d288 @A: 17 28 01 35 | 09
#1625-d288 @A: 26 33 08 17 | 04
#1626-d288 @A: 03 17 10 25 | 12
#1627-d288 @A: 10 26 17 01 | 01
#1628-d288 @A: 34 01 17 15 | 10
#1629-d288 @A: 10 17 15 21 | 11
#1630-d288 @A: 13 24 17 19 | 08
#1631-d288 @A: 17 29 15 21 | 05
#1632-d288 @A: 17 05 03 07 | 07
#1633-d288 @A: 17 26 09 21 | 02
#1634-d288 @A: 30 04 17 28 | 03
#1635-d288 @A: 22 29 30 17 | 06
#1636-d288 @A: 02 17 27 24 | 09
#1637-d288 @A: 07 11 29 12 | 04
#1638-d288 @A: 13 25 15 12 | 12
#1639-d288 @A: 27 12 08 19 | 01
#1640-d288 @A: 10 07 32 12 | 10
#1641-d288 @A: 29 10 12 22 | 11
#1642-d288 @A: 19 28 30 12 | 08
#1643-d288 @A: 12 07 06 22 | 05
#1644-d288 @A: 05 30 12 06 | 07
#1645-d288 @A: 13 12 04 06 | 02
#1646-d288 @A: 12 27 03 29 | 03
#1647-d288 @A: 22 12 04 21 | 06
#1648-d288 @A: 02 12 27 21 | 09
#1649-d288 @A: 35 25 34 11 | 04
#1650-d288 @A: 01 35 04 11 | 12
#1651-d288 @A: 34 11 33 32 | 01
#1652-d288 @A: 32 28 08 11 | 10
#1653-d288 @A: 10 11 32 06 | 11
#1654-d288 @A: 28 11 19 09 | 08
#1655-d288 @A: 13 34 28 11 | 05
#1656-d288 @A: 35 09 21 32 | 07
#1657-d288 @A: 28 29 07 35 | 02
#1658-d288 @A: 35 21 24 26 | 03
#1659-d288 @A: 30 28 22 35 | 06
#1660-d288 @A: 02 05 03 35 | 09
#1661-d288 @A: 30 25 15 33 | 04
#1662-d288 @A: 22 01 21 33 | 12
#1663-d288 @A: 33 05 10 08 | 01
#1664-d288 @A: 25 21 28 01 | 10
#1665-d288 @A: 08 09 10 25 | 11
#1666-d288 @A: 29 08 25 24 | 08
#1667-d288 @A: 32 25 10 30 | 05
#1668-d288 @A: 25 07 22 03 | 07
#1669-d288 @A: 05 03 06 25 | 02
#1670-d288 @A: 22 01 13 30 | 03
#1671-d288 @A: 03 06 01 27 | 06
#1672-d288 @A: 10 32 08 15 | 09
#1673-d288 @A: 08 06 02 27 | 04
#1674-d288 @A: 26 04 24 10 | 12
#1675-d288 @A: 26 29 27 10 | 01
#1676-d288 @A: 29 19 03 15 | 10
#1677-d288 @A: 15 02 19 27 | 11
#1678-d288 @A: 22 19 07 26 | 08
#1679-d288 @A: 02 30 19 26 | 05
#1680-d288 @A: 02 19 22 05 | 07
#1681-d288 @A: 03 22 19 28 | 02
#1682-d288 @A: 09 06 27 19 | 03
#1683-d288 @A: 34 32 15 04 | 06
#1684-d288 @A: 15 03 34 30 | 09
#1685-d288 @A: 13 27 28 15 | 04
#1686-d288 @A: 07 32 29 02 | 12
#1687-d288 @A: 32 26 13 34 | 01
#1688-d288 @A: 32 30 22 06 | 10
#1689-d288 @A: 22 04 32 09 | 11
