#0001-d172 @A: 20 05 24 04 | 02
#0002-d172 @A: 12 29 09 05 | 03
#0003-d172 @A: 10 05 30 34 | 09
#0004-d172 @A: 05 35 08 23 | 10
#0005-d172 @A: 07 26 06 05 | 01
#0006-d172 @A: 25 05 02 09 | 08
#0007-d172 @A: 27 16 05 24 | 12
#0008-d172 @A: 33 25 05 03 | 05
#0009-d172 @A: 02 13 05 31 | 11
#0010-d172 @A: 31 05 28 20 | 04
#0011-d172 @A: 31 06 05 18 | 06
#0012-d172 @A: 04 16 19 14 | 07
#0013-d172 @A: 04 20 34 17 | 02
#0014-d172 @A: 16 17 28 04 | 03
#0015-d172 @A: 22 20 12 04 | 09
#0016-d172 @A: 10 13 06 04 | 10
#0017-d172 @A: 21 08 01 04 | 01
#0018-d172 @A: 21 22 03 04 | 08
#0019-d172 @A: 22 02 04 08 | 12
#0020-d172 @A: 09 30 04 34 | 05
#0021-d172 @A: 25 24 04 13 | 11
#0022-d172 @A: 04 28 18 33 | 04
#0023-d172 @A: 19 18 17 23 | 06
#0024-d172 @A: 12 19 16 33 | 07
#0025-d172 @A: 29 19 10 08 | 02
#0026-d172 @A: 19 08 26 02 | 03
#0027-d172 @A: 08 06 19 22 | 09
#0028-d172 @A: 19 23 31 08 | 10
#0029-d172 @A: 33 31 19 01 | 01
#0030-d172 @A: 02 01 19 14 | 08
#0031-d172 @A: 12 34 17 06 | 12
#0032-d172 @A: 27 12 03 17 | 05
#0033-d172 @A: 17 24 14 10 | 11
#0034-d172 @A: 17 21 22 27 | 04
#0035-d172 @A: 02 34 17 21 | 06
#0036-d172 @A: 30 08 17 18 | 07
#0037-d172 @A: 25 26 15 17 | 02
#0038-d172 @A: 17 28 34 25 | 03
#0039-d172 @A: 09 24 16 17 | 09
#0040-d172 @A: 13 20 17 25 | 10
#0041-d172 @A: 11 31 33 17 | 01
#0042-d172 @A: 20 14 17 31 | 08
#0043-d172 @A: 27 12 10 21 | 12
#0044-d172 @A: 12 08 11 10 | 05
#0045-d172 @A: 26 21 24 12 | 11
#0046-d172 @A: 26 12 22 14 | 04
#0047-d172 @A: 30 18 12 32 | 06
#0048-d172 @A: 31 12 16 11 | 07
#0049-d172 @A: 31 12 30 28 | 02
#0050-d172 @A: 12 31 20 01 | 03
#0051-d172 @A: 07 12 15 33 | 09
#0052-d172 @A: 12 13 18 28 | 10
#0053-d172 @A: 15 20 02 12 | 01
#0054-d172 @A: 12 01 14 07 | 08
#0055-d172 @A: 10 35 20 21 | 12
#0056-d172 @A: 09 26 30 10 | 05
#0057-d172 @A: 29 10 32 31 | 11
#0058-d172 @A: 11 01 10 30 | 04
#0059-d172 @A: 10 29 30 11 | 06
#0060-d172 @A: 02 13 11 10 | 07
#0061-d172 @A: 10 28 27 15 | 02
#0062-d172 @A: 10 06 11 28 | 03
#0063-d172 @A: 21 29 32 09 | 09
#0064-d172 @A: 21 20 29 22 | 10
#0065-d172 @A: 22 21 14 23 | 01
#0066-d172 @A: 09 30 24 21 | 08
#0067-d172 @A: 24 02 21 03 | 12
#0068-d172 @A: 30 21 14 27 | 05
#0069-d172 @A: 21 13 23 33 | 11
#0070-d172 @A: 15 21 23 20 | 04
#0071-d172 @A: 06 14 15 21 | 06
#0072-d172 @A: 29 21 28 06 | 07
#0073-d172 @A: 30 08 26 24 | 02
#0074-d172 @A: 06 26 03 08 | 03
#0075-d172 @A: 20 31 08 26 | 09
#0076-d172 @A: 30 22 03 08 | 10
#0077-d172 @A: 09 01 30 08 | 01
#0078-d172 @A: 31 09 08 11 | 08
#0079-d172 @A: 08 25 01 03 | 12
#0080-d172 @A: 30 23 33 08 | 05
#0081-d172 @A: 01 31 08 06 | 11
#0082-d172 @A: 25 26 22 02 | 04
#0083-d172 @A: 14 03 26 15 | 06
#0084-d172 @A: 25 26 01 11 | 07
#0085-d172 @A: 31 26 28 15 | 02
#0086-d172 @A: 14 26 20 02 | 03
#0087-d172 @A: 02 26 28 11 | 09
#0088-d172 @A: 34 27 22 32 | 10
#0089-d172 @A: 22 32 29 35 | 01
#0090-d172 @A: 32 09 13 31 | 08
#0091-d172 @A: 28 16 03 32 | 12
#0092-d172 @A: 11 30 20 32 | 05
#0093-d172 @A: 28 15 30 32 | 11
#0094-d172 @A: 14 15 32 31 | 04
#0095-d172 @A: 22 09 30 35 | 06
#0096-d172 @A: 25 24 34 07 | 07
#0097-d172 @A: 16 34 35 30 | 02
#0098-d172 @A: 34 18 30 11 | 03
#0099-d172 @A: 30 23 34 02 | 09
#0100-d172 @A: 34 29 31 20 | 10
#0101-d172 @A: 33 23 07 34 | 01
#0102-d172 @A: 34 18 01 14 | 08
#0103-d172 @A: 16 09 07 23 | 12
#0104-d172 @A: 09 03 25 29 | 05
#0105-d172 @A: 20 33 09 11 | 11
#0106-d172 @A: 02 09 13 06 | 04
#0107-d172 @A: 14 09 18 20 | 06
#0108-d172 @A: 18 15 23 09 | 07
#0109-d172 @A: 29 01 09 28 | 02
#0110-d172 @A: 16 14 24 29 | 03
#0111-d172 @A: 24 11 28 30 | 09
#0112-d172 @A: 13 24 06 31 | 10
#0113-d172 @A: 11 24 31 15 | 01
#0114-d172 @A: 02 13 24 15 | 08
#0115-d172 @A: 18 07 14 24 | 12
#0116-d172 @A: 16 20 13 33 | 05
#0117-d172 @A: 16 14 07 13 | 11
#0118-d172 @A: 23 18 03 30 | 04
#0119-d172 @A: 33 03 06 01 | 06
#0120-d172 @A: 29 03 27 20 | 07
#0121-d172 @A: 30 35 33 20 | 02
#0122-d172 @A: 31 15 33 35 | 03
#0123-d172 @A: 35 23 31 13 | 09
#0124-d172 @A: 31 07 35 06 | 10
#0125-d172 @A: 07 35 13 11 | 01
#0126-d172 @A: 14 35 02 07 | 08
#0127-d172 @A: 35 07 27 01 | 12
#0128-d172 @A: 20 14 33 25 | 05
#0129-d172 @A: 13 25 29 27 | 11
#0130-d172 @A: 10 04 05 26 | 04
#0131-d172 @A: 05 09 04 06 | 06
#0132-d172 @A: 05 29 11 17 | 07
#0133-d172 @A: 26 27 12 05 | 02
#0134-d172 @A: 05 12 03 20 | 03
#0135-d172 @A: 21 23 32 05 | 09
#0136-d172 @A: 05 23 26 22 | 10
#0137-d172 @A: 29 15 26 05 | 01
#0138-d172 @A: 16 11 05 09 | 08
#0139-d172 @A: 09 07 01 05 | 12
#0140-d172 @A: 29 16 35 05 | 05
#0141-d172 @A: 05 02 03 14 | 11
#0142-d172 @A: 18 23 27 05 | 04
#0143-d172 @A: 05 27 02 15 | 06
#0144-d172 @A: 07 23 28 05 | 07
#0145-d172 @A: 04 17 32 31 | 02
#0146-d172 @A: 29 04 12 27 | 03
#0147-d172 @A: 14 04 21 10 | 09
#0148-d172 @A: 04 21 26 34 | 10
#0149-d172 @A: 21 13 35 04 | 01
#0150-d172 @A: 04 21 25 15 | 08
#0151-d172 @A: 32 04 06 08 | 12
#0152-d172 @A: 20 08 04 23 | 05
#0153-d172 @A: 25 30 26 04 | 11
#0154-d172 @A: 07 22 04 32 | 04
#0155-d172 @A: 09 04 32 01 | 06
#0156-d172 @A: 06 16 24 04 | 07
#0157-d172 @A: 25 04 06 03 | 02
#0158-d172 @A: 04 15 33 27 | 03
#0159-d172 @A: 04 14 27 02 | 09
#0160-d172 @A: 23 04 11 01 | 10
#0161-d172 @A: 08 15 17 19 | 01
#0162-d172 @A: 19 17 34 11 | 08
#0163-d172 @A: 12 19 08 20 | 12
#0164-d172 @A: 15 12 14 19 | 05
#0165-d172 @A: 19 15 26 10 | 11
#0166-d172 @A: 32 10 19 18 | 04
#0167-d172 @A: 10 02 35 19 | 06
#0168-d172 @A: 19 09 33 08 | 07
#0169-d172 @A: 26 19 14 32 | 02
#0170-d172 @A: 16 01 20 19 | 03
#0171-d172 @A: 19 07 25 33 | 09
#0172-d172 @A: 19 11 31 13 | 10
#0173-d172 @A: 18 31 19 28 | 01
#0174-d172 @A: 33 19 20 06 | 08
#0175-d172 @A: 33 02 19 15 | 12
#0176-d172 @A: 13 28 07 19 | 05
#0177-d172 @A: 19 29 15 27 | 11
#0178-d172 @A: 11 06 23 19 | 04
#0179-d172 @A: 22 10 17 11 | 06
#0180-d172 @A: 28 10 30 17 | 07
#0181-d172 @A: 21 17 26 08 | 02
#0182-d172 @A: 14 21 16 17 | 03
#0183-d172 @A: 30 21 35 17 | 09
#0184-d172 @A: 17 16 02 08 | 10
#0185-d172 @A: 17 26 06 31 | 01
#0186-d172 @A: 17 25 32 33 | 08
#0187-d172 @A: 24 06 22 17 | 12
#0188-d172 @A: 22 25 07 17 | 05
#0189-d172 @A: 34 14 35 17 | 11
#0190-d172 @A: 27 17 35 09 | 04
#0191-d172 @A: 24 35 17 33 | 06
#0192-d172 @A: 25 02 24 17 | 07
#0193-d172 @A: 29 07 17 24 | 02
#0194-d172 @A: 17 16 35 18 | 03
#0195-d172 @A: 02 31 17 30 | 09
#0196-d172 @A: 20 23 17 30 | 10
#0197-d172 @A: 31 17 13 29 | 01
#0198-d172 @A: 09 10 12 07 | 08
#0199-d172 @A: 22 12 23 08 | 12
#0200-d172 @A: 30 35 24 12 | 05
#0201-d172 @A: 27 16 12 25 | 11
#0202-d172 @A: 25 03 12 15 | 04
#0203-d172 @A: 12 25 20 29 | 06
#0204-d172 @A: 01 12 13 11 | 07
#0205-d172 @A: 20 12 18 11 | 02
#0206-d172 @A: 18 08 10 24 | 03
#0207-d172 @A: 03 10 11 32 | 09
#0208-d172 @A: 10 22 33 24 | 10
#0209-d172 @A: 22 10 13 29 | 01
#0210-d172 @A: 01 03 10 34 | 08
#0211-d172 @A: 35 10 33 09 | 12
#0212-d172 @A: 10 03 07 13 | 05
#0213-d172 @A: 10 14 33 30 | 11
#0214-d172 @A: 13 14 10 01 | 04
#0215-d172 @A: 20 26 21 28 | 06
#0216-d172 @A: 35 21 22 25 | 07
#0217-d172 @A: 09 06 21 03 | 02
#0218-d172 @A: 24 29 27 21 | 03
#0219-d172 @A: 21 35 03 18 | 09
#0220-d172 @A: 18 21 14 25 | 10
#0221-d172 @A: 11 21 33 29 | 01
#0222-d172 @A: 06 21 07 23 | 08
#0223-d172 @A: 25 08 32 27 | 12
#0224-d172 @A: 08 28 23 32 | 05
#0225-d172 @A: 08 34 16 01 | 11
#0226-d172 @A: 24 27 03 08 | 04
#0227-d172 @A: 24 14 08 20 | 06
#0228-d172 @A: 08 14 31 07 | 07
#0229-d172 @A: 18 06 23 08 | 02
#0230-d172 @A: 06 26 27 32 | 03
#0231-d172 @A: 26 07 22 28 | 09
#0232-d172 @A: 29 09 26 18 | 10
#0233-d172 @A: 03 25 26 18 | 01
#0234-d172 @A: 33 13 26 11 | 08
#0235-d172 @A: 14 33 07 26 | 12
#0236-d172 @A: 20 23 26 18 | 05
#0237-d172 @A: 09 34 11 32 | 11
#0238-d172 @A: 34 06 32 35 | 04
#0239-d172 @A: 32 06 09 16 | 06
#0240-d172 @A: 32 30 23 16 | 07
#0241-d172 @A: 30 14 22 11 | 02
#0242-d172 @A: 28 22 30 01 | 03
#0243-d172 @A: 33 27 22 11 | 09
#0244-d172 @A: 01 22 13 15 | 10
#0245-d172 @A: 20 06 01 22 | 01
#0246-d172 @A: 34 20 16 09 | 08
#0247-d172 @A: 09 35 13 34 | 12
#0248-d172 @A: 24 01 34 29 | 05
#0249-d172 @A: 34 03 20 28 | 11
#0250-d172 @A: 25 14 29 34 | 04
#0251-d172 @A: 27 02 34 13 | 06
#0252-d172 @A: 18 07 15 34 | 07
#0253-d172 @A: 27 34 06 11 | 02
#0254-d172 @A: 09 23 29 24 | 03
#0255-d172 @A: 31 28 09 07 | 09
#0256-d172 @A: 09 15 28 20 | 10
#0257-d172 @A: 15 02 09 07 | 01
#0258-d172 @A: 24 20 31 30 | 08
#0259-d172 @A: 30 02 18 24 | 12
#0260-d172 @A: 01 02 24 31 | 05
#0261-d172 @A: 24 06 18 29 | 11
#0262-d172 @A: 24 27 28 18 | 04
#0263-d172 @A: 16 25 03 14 | 06
#0264-d172 @A: 01 27 16 13 | 07
#0265-d172 @A: 07 01 11 16 | 02
#0266-d172 @A: 03 14 33 29 | 03
#0267-d172 @A: 14 28 03 13 | 09
#0268-d172 @A: 30 35 14 13 | 10
#0269-d172 @A: 30 18 35 06 | 01
#0270-d172 @A: 29 01 15 25 | 08
#0271-d172 @A: 06 29 23 13 | 12
#0272-d172 @A: 04 31 29 05 | 05
#0273-d172 @A: 16 05 17 15 | 11
#0274-d172 @A: 02 05 08 12 | 04
#0275-d172 @A: 10 05 21 03 | 06
#0276-d172 @A: 28 10 05 29 | 07
#0277-d172 @A: 31 24 08 05 | 02
#0278-d172 @A: 13 25 05 08 | 03
#0279-d172 @A: 09 05 32 33 | 09
#0280-d172 @A: 34 05 06 24 | 10
#0281-d172 @A: 16 28 05 34 | 01
#0282-d172 @A: 34 31 35 05 | 08
#0283-d172 @A: 05 33 16 14 | 12
#0284-d172 @A: 18 05 16 07 | 05
#0285-d172 @A: 28 05 03 01 | 11
#0286-d172 @A: 33 27 28 05 | 04
#0287-d172 @A: 05 28 11 13 | 06
#0288-d172 @A: 04 19 07 29 | 07
#0289-d172 @A: 21 17 23 04 | 02
#0290-d172 @A: 12 35 04 15 | 03
#0291-d172 @A: 04 32 16 10 | 09
#0292-d172 @A: 31 03 04 10 | 10
#0293-d172 @A: 02 10 07 04 | 01
#0294-d172 @A: 21 27 04 07 | 08
#0295-d172 @A: 04 29 21 01 | 12
#0296-d172 @A: 04 14 26 08 | 05
#0297-d172 @A: 31 16 08 04 | 11
#0298-d172 @A: 29 04 26 14 | 04
#0299-d172 @A: 26 04 27 28 | 06
#0300-d172 @A: 04 03 14 09 | 07
#0301-d172 @A: 09 15 29 04 | 02
#0302-d172 @A: 16 02 29 04 | 03
#0303-d172 @A: 19 09 12 32 | 09
#0304-d172 @A: 19 27 12 22 | 10
#0305-d172 @A: 27 10 19 16 | 01
#0306-d172 @A: 08 16 24 19 | 08
#0307-d172 @A: 13 26 09 19 | 12
#0308-d172 @A: 16 19 26 29 | 05
#0309-d172 @A: 26 07 03 19 | 11
#0310-d172 @A: 18 34 19 25 | 04
#0311-d172 @A: 14 25 09 19 | 06
#0312-d172 @A: 27 24 35 19 | 07
#0313-d172 @A: 35 33 19 28 | 02
#0314-d172 @A: 19 23 01 07 | 03
#0315-d172 @A: 33 21 17 12 | 09
#0316-d172 @A: 24 08 28 17 | 10
#0317-d172 @A: 26 33 03 17 | 01
#0318-d172 @A: 29 17 26 06 | 08
#0319-d172 @A: 17 07 32 09 | 12
#0320-d172 @A: 13 32 24 17 | 05
#0321-d172 @A: 35 20 17 32 | 11
#0322-d172 @A: 17 09 02 03 | 04
#0323-d172 @A: 18 17 31 09 | 06
#0324-d172 @A: 17 01 33 30 | 07
#0325-d172 @A: 17 28 15 02 | 02
#0326-d172 @A: 27 02 17 01 | 03
#0327-d172 @A: 12 10 32 33 | 09
#0328-d172 @A: 30 03 10 12 | 10
#0329-d172 @A: 35 12 31 10 | 01
#0330-d172 @A: 12 14 29 21 | 08
#0331-d172 @A: 32 24 29 12 | 12
#0332-d172 @A: 12 22 24 07 | 05
#0333-d172 @A: 16 24 12 20 | 11
#0334-d172 @A: 29 12 31 15 | 04
#0335-d172 @A: 06 12 07 13 | 06
#0336-d172 @A: 12 02 11 06 | 07
#0337-d172 @A: 26 24 10 01 | 02
#0338-d172 @A: 25 10 32 06 | 03
#0339-d172 @A: 07 22 31 10 | 09
#0340-d172 @A: 25 10 15 34 | 10
#0341-d172 @A: 20 34 10 02 | 01
#0342-d172 @A: 10 20 09 24 | 08
#0343-d172 @A: 10 16 01 35 | 12
#0344-d172 @A: 29 16 15 10 | 05
#0345-d172 @A: 10 11 25 18 | 11
#0346-d172 @A: 13 27 10 33 | 04
#0347-d172 @A: 10 29 14 23 | 06
#0348-d172 @A: 02 06 27 10 | 07
#0349-d172 @A: 22 08 21 07 | 02
#0350-d172 @A: 20 21 08 30 | 03
#0351-d172 @A: 24 06 21 32 | 09
#0352-d172 @A: 31 09 16 21 | 10
#0353-d172 @A: 21 27 06 16 | 01
#0354-d172 @A: 30 02 07 21 | 08
#0355-d172 @A: 31 23 21 18 | 12
#0356-d172 @A: 23 21 27 01 | 05
#0357-d172 @A: 32 08 22 33 | 11
#0358-d172 @A: 08 11 30 06 | 04
#0359-d172 @A: 02 08 28 13 | 06
#0360-d172 @A: 20 11 08 27 | 07
#0361-d172 @A: 32 26 02 34 | 02
#0362-d172 @A: 03 26 20 09 | 03
#0363-d172 @A: 26 28 24 03 | 09
#0364-d172 @A: 29 26 35 24 | 10
#0365-d172 @A: 14 26 23 30 | 01
#0366-d172 @A: 27 26 23 11 | 08
#0367-d172 @A: 25 09 20 32 | 12
#0368-d172 @A: 32 24 14 35 | 05
#0369-d172 @A: 18 32 25 24 | 11
#0370-d172 @A: 31 32 24 27 | 04
#0371-d172 @A: 14 11 33 32 | 06
#0372-d172 @A: 23 27 15 32 | 07
#0373-d172 @A: 28 22 24 34 | 02
#0374-d172 @A: 35 33 22 34 | 03
#0375-d172 @A: 35 22 20 24 | 09
#0376-d172 @A: 22 18 25 16 | 10
#0377-d172 @A: 31 22 23 30 | 01
#0378-d172 @A: 22 31 14 18 | 08
#0379-d172 @A: 28 20 22 11 | 12
#0380-d172 @A: 01 22 02 18 | 05
#0381-d172 @A: 25 03 13 34 | 11
#0382-d172 @A: 34 15 03 33 | 04
#0383-d172 @A: 06 03 07 34 | 06
#0384-d172 @A: 23 25 01 34 | 07
#0385-d172 @A: 01 30 34 27 | 02
#0386-d172 @A: 27 34 30 29 | 03
#0387-d172 @A: 34 20 06 23 | 09
#0388-d172 @A: 29 27 34 06 | 10
#0389-d172 @A: 11 09 25 24 | 01
#0390-d172 @A: 20 31 09 27 | 08
#0391-d172 @A: 27 09 01 33 | 12
#0392-d172 @A: 07 20 13 09 | 05
#0393-d172 @A: 24 33 18 31 | 11
#0394-d172 @A: 14 33 24 15 | 04
#0395-d172 @A: 01 16 06 30 | 06
#0396-d172 @A: 16 33 01 29 | 07
#0397-d172 @A: 18 11 16 13 | 02
#0398-d172 @A: 16 23 20 27 | 03
#0399-d172 @A: 23 16 28 14 | 09
#0400-d172 @A: 15 06 16 07 | 10
#0401-d172 @A: 03 31 06 20 | 01
#0402-d172 @A: 27 31 03 14 | 08
#0403-d172 @A: 31 02 03 07 | 12
#0404-d172 @A: 07 15 03 23 | 05
#0405-d172 @A: 25 02 28 35 | 11
#0406-d172 @A: 18 02 33 35 | 04
#0407-d172 @A: 14 35 01 33 | 06
#0408-d172 @A: 35 28 20 23 | 07
#0409-d172 @A: 28 35 15 14 | 02
#0410-d172 @A: 11 35 14 06 | 03
#0411-d172 @A: 18 33 25 30 | 09
#0412-d172 @A: 02 25 31 20 | 10
#0413-d172 @A: 07 11 31 25 | 01
#0414-d172 @A: 29 31 25 11 | 08
#0415-d172 @A: 23 29 28 31 | 12
#0416-d172 @A: 07 18 29 15 | 05
#0417-d172 @A: 28 05 12 04 | 11
#0418-d172 @A: 13 04 18 05 | 04
#0419-d172 @A: 05 19 32 20 | 06
#0420-d172 @A: 19 05 03 18 | 07
#0421-d172 @A: 19 35 14 05 | 02
#0422-d172 @A: 19 02 23 05 | 03
#0423-d172 @A: 17 25 05 18 | 09
#0424-d172 @A: 24 13 05 12 | 10
#0425-d172 @A: 33 12 35 05 | 01
#0426-d172 @A: 01 25 05 12 | 08
#0427-d172 @A: 08 05 10 07 | 12
#0428-d172 @A: 05 32 10 31 | 05
#0429-d172 @A: 20 08 09 05 | 11
#0430-d172 @A: 16 06 08 05 | 04
#0431-d172 @A: 20 29 05 08 | 06
#0432-d172 @A: 31 05 09 26 | 07
#0433-d172 @A: 25 14 32 05 | 02
#0434-d172 @A: 22 15 28 05 | 03
#0435-d172 @A: 05 27 30 35 | 09
#0436-d172 @A: 14 05 01 31 | 10
#0437-d172 @A: 13 15 05 14 | 01
#0438-d172 @A: 07 05 14 27 | 08
#0439-d172 @A: 05 06 11 15 | 12
#0440-d172 @A: 11 04 10 19 | 05
#0441-d172 @A: 33 04 19 26 | 11
#0442-d172 @A: 17 02 04 12 | 04
#0443-d172 @A: 01 10 12 04 | 06
#0444-d172 @A: 30 12 04 08 | 07
#0445-d172 @A: 14 32 04 12 | 02
#0446-d172 @A: 33 04 12 24 | 03
#0447-d172 @A: 16 07 12 04 | 09
#0448-d172 @A: 04 21 20 11 | 10
#0449-d172 @A: 04 22 26 31 | 01
#0450-d172 @A: 04 16 15 26 | 08
#0451-d172 @A: 30 22 16 04 | 12
#0452-d172 @A: 04 22 33 29 | 05
#0453-d172 @A: 29 11 03 04 | 11
#0454-d172 @A: 31 28 04 06 | 04
#0455-d172 @A: 19 12 17 24 | 06
#0456-d172 @A: 17 02 22 19 | 07
#0457-d172 @A: 19 13 17 33 | 02
#0458-d172 @A: 19 12 35 07 | 03
#0459-d172 @A: 02 12 19 30 | 09
#0460-d172 @A: 10 19 23 20 | 10
#0461-d172 @A: 34 19 13 21 | 01
#0462-d172 @A: 26 27 19 25 | 08
#0463-d172 @A: 14 19 22 34 | 12
#0464-d172 @A: 19 29 30 22 | 05
#0465-d172 @A: 19 27 20 34 | 11
#0466-d172 @A: 19 01 24 25 | 04
#0467-d172 @A: 25 16 19 28 | 06
#0468-d172 @A: 19 25 03 31 | 07
#0469-d172 @A: 07 31 19 30 | 02
#0470-d172 @A: 27 31 19 15 | 03
#0471-d172 @A: 15 19 13 06 | 09
#0472-d172 @A: 15 19 20 07 | 10
#0473-d172 @A: 16 29 12 17 | 01
#0474-d172 @A: 06 10 17 08 | 08
#0475-d172 @A: 32 17 21 18 | 12
#0476-d172 @A: 16 17 27 34 | 05
#0477-d172 @A: 09 17 30 25 | 11
#0478-d172 @A: 14 07 03 17 | 04
#0479-d172 @A: 17 11 27 07 | 06
#0480-d172 @A: 12 10 24 02 | 07
#0481-d172 @A: 14 12 21 08 | 02
#0482-d172 @A: 01 03 26 12 | 03
#0483-d172 @A: 16 32 02 12 | 09
#0484-d172 @A: 13 32 12 03 | 10
#0485-d172 @A: 29 23 12 22 | 01
#0486-d172 @A: 12 01 09 35 | 08
#0487-d172 @A: 24 18 23 12 | 12
#0488-d172 @A: 30 12 23 13 | 05
#0489-d172 @A: 20 30 12 27 | 11
#0490-d172 @A: 06 28 15 12 | 04
#0491-d172 @A: 31 08 21 10 | 06
#0492-d172 @A: 21 15 10 30 | 07
#0493-d172 @A: 10 07 26 32 | 02
#0494-d172 @A: 10 26 34 11 | 03
#0495-d172 @A: 26 10 25 13 | 09
#0496-d172 @A: 14 32 10 34 | 10
#0497-d172 @A: 35 10 23 32 | 01
#0498-d172 @A: 10 20 06 14 | 08
#0499-d172 @A: 28 10 02 18 | 12
#0500-d172 @A: 28 16 08 21 | 05
#0501-d172 @A: 06 21 02 26 | 11
#0502-d172 @A: 32 34 07 21 | 04
#0503-d172 @A: 33 21 02 22 | 06
#0504-d172 @A: 34 21 31 25 | 07
#0505-d172 @A: 33 28 21 14 | 02
#0506-d172 @A: 21 18 27 11 | 03
#0507-d172 @A: 11 14 21 01 | 09
#0508-d172 @A: 22 08 26 18 | 10
#0509-d172 @A: 26 08 25 28 | 01
#0510-d172 @A: 32 24 08 09 | 08
#0511-d172 @A: 07 16 08 03 | 12
#0512-d172 @A: 16 14 08 35 | 05
#0513-d172 @A: 35 08 03 13 | 11
#0514-d172 @A: 27 02 30 08 | 04
#0515-d172 @A: 18 13 08 31 | 06
#0516-d172 @A: 07 18 08 01 | 07
#0517-d172 @A: 14 01 08 28 | 02
#0518-d172 @A: 23 08 11 02 | 03
#0519-d172 @A: 08 07 06 02 | 09
#0520-d172 @A: 26 30 07 20 | 10
#0521-d172 @A: 29 26 33 31 | 01
#0522-d172 @A: 13 01 26 20 | 08
#0523-d172 @A: 26 13 02 18 | 12
#0524-d172 @A: 03 30 09 32 | 05
#0525-d172 @A: 07 16 24 32 | 11
#0526-d172 @A: 06 31 32 11 | 04
#0527-d172 @A: 31 07 32 01 | 06
#0528-d172 @A: 23 32 18 13 | 07
#0529-d172 @A: 13 22 25 09 | 02
#0530-d172 @A: 22 03 24 14 | 03
#0531-d172 @A: 15 24 29 22 | 09
#0532-d172 @A: 16 29 03 22 | 10
#0533-d172 @A: 22 16 33 31 | 01
#0534-d172 @A: 22 01 35 23 | 08
#0535-d172 @A: 20 22 07 23 | 12
#0536-d172 @A: 30 13 24 34 | 05
#0537-d172 @A: 30 09 02 20 | 11
#0538-d172 @A: 09 33 13 15 | 04
#0539-d172 @A: 33 07 06 09 | 06
#0540-d172 @A: 18 11 28 09 | 07
#0541-d172 @A: 27 09 15 14 | 02
#0542-d172 @A: 25 35 24 16 | 03
#0543-d172 @A: 14 27 13 24 | 09
#0544-d172 @A: 16 29 30 06 | 10
#0545-d172 @A: 33 16 06 28 | 01
#0546-d172 @A: 29 16 07 20 | 08
#0547-d172 @A: 31 03 23 33 | 12
#0548-d172 @A: 20 27 13 03 | 05
#0549-d172 @A: 27 03 28 02 | 11
#0550-d172 @A: 25 13 33 35 | 04
#0551-d172 @A: 30 35 23 15 | 06
#0552-d172 @A: 18 35 20 31 | 07
#0553-d172 @A: 13 01 35 06 | 02
#0554-d172 @A: 01 35 18 28 | 03
#0555-d172 @A: 20 25 01 30 | 09
#0556-d172 @A: 15 14 25 01 | 10
#0557-d172 @A: 25 11 14 02 | 01
#0558-d172 @A: 27 28 25 14 | 08
#0559-d172 @A: 01 31 02 29 | 12
#0560-d172 @A: 29 07 28 11 | 05
#0561-d172 @A: 08 05 04 15 | 11
#0562-d172 @A: 03 30 05 04 | 04
#0563-d172 @A: 19 17 31 05 | 06
#0564-d172 @A: 05 28 26 19 | 07
#0565-d172 @A: 26 17 05 02 | 02
#0566-d172 @A: 05 06 17 03 | 03
#0567-d172 @A: 21 05 16 12 | 09
#0568-d172 @A: 09 15 05 10 | 10
#0569-d172 @A: 05 25 21 28 | 01
#0570-d172 @A: 24 05 33 26 | 08
#0571-d172 @A: 34 25 05 11 | 12
#0572-d172 @A: 07 30 05 15 | 05
#0573-d172 @A: 13 23 05 20 | 11
#0574-d172 @A: 11 05 20 07 | 04
#0575-d172 @A: 27 05 20 01 | 06
#0576-d172 @A: 05 14 06 28 | 07
#0577-d172 @A: 12 04 19 31 | 02
#0578-d172 @A: 15 32 19 04 | 03
#0579-d172 @A: 04 12 25 11 | 09
#0580-d172 @A: 04 10 33 25 | 10
#0581-d172 @A: 34 08 04 11 | 01
#0582-d172 @A: 24 26 04 02 | 08
#0583-d172 @A: 32 27 04 13 | 12
#0584-d172 @A: 24 04 14 34 | 05
#0585-d172 @A: 25 35 04 34 | 11
#0586-d172 @A: 16 04 35 27 | 04
#0587-d172 @A: 16 20 04 25 | 06
#0588-d172 @A: 33 20 04 01 | 07
#0589-d172 @A: 06 14 04 33 | 02
#0590-d172 @A: 15 01 04 06 | 03
#0591-d172 @A: 19 33 10 21 | 09
#0592-d172 @A: 19 28 10 08 | 10
#0593-d172 @A: 19 14 03 10 | 01
#0594-d172 @A: 02 27 19 21 | 08
#0595-d172 @A: 34 19 03 08 | 12
#0596-d172 @A: 27 19 03 32 | 05
#0597-d172 @A: 19 22 31 20 | 11
#0598-d172 @A: 19 02 24 34 | 04
#0599-d172 @A: 34 28 29 19 | 06
#0600-d172 @A: 19 24 09 28 | 07
#0601-d172 @A: 03 19 09 15 | 02
#0602-d172 @A: 03 13 19 24 | 03
#0603-d172 @A: 03 19 06 29 | 09
#0604-d172 @A: 33 11 30 19 | 10
#0605-d172 @A: 18 13 27 19 | 01
#0606-d172 @A: 07 06 27 19 | 08
#0607-d172 @A: 12 25 17 14 | 12
#0608-d172 @A: 21 13 10 17 | 05
#0609-d172 @A: 10 02 32 17 | 11
#0610-d172 @A: 09 17 13 08 | 04
#0611-d172 @A: 08 31 27 17 | 06
#0612-d172 @A: 17 16 20 26 | 07
#0613-d172 @A: 14 17 22 32 | 02
#0614-d172 @A: 22 17 34 15 | 03
#0615-d172 @A: 17 13 29 34 | 09
#0616-d172 @A: 09 23 11 17 | 10
#0617-d172 @A: 18 03 24 17 | 01
#0618-d172 @A: 30 07 16 17 | 08
#0619-d172 @A: 20 11 17 01 | 12
#0620-d172 @A: 10 25 28 12 | 05
#0621-d172 @A: 12 15 23 10 | 11
#0622-d172 @A: 27 28 12 08 | 04
#0623-d172 @A: 18 12 33 34 | 06
#0624-d172 @A: 02 14 12 09 | 07
#0625-d172 @A: 11 14 12 24 | 02
#0626-d172 @A: 33 11 12 03 | 03
#0627-d172 @A: 12 27 06 31 | 09
#0628-d172 @A: 12 14 23 20 | 10
#0629-d172 @A: 12 02 29 18 | 01
#0630-d172 @A: 10 26 29 21 | 08
#0631-d172 @A: 08 10 32 01 | 12
#0632-d172 @A: 08 34 10 23 | 05
#0633-d172 @A: 14 16 10 26 | 11
#0634-d172 @A: 10 24 32 15 | 04
#0635-d172 @A: 28 16 22 10 | 06
#0636-d172 @A: 10 18 16 09 | 07
#0637-d172 @A: 09 10 02 01 | 02
#0638-d172 @A: 10 06 09 29 | 03
#0639-d172 @A: 10 07 18 33 | 09
#0640-d172 @A: 01 21 26 32 | 10
#0641-d172 @A: 28 22 13 21 | 01
#0642-d172 @A: 24 21 16 33 | 08
#0643-d172 @A: 03 21 23 25 | 12
#0644-d172 @A: 03 21 01 20 | 05
#0645-d172 @A: 30 13 18 21 | 11
#0646-d172 @A: 20 18 06 21 | 04
#0647-d172 @A: 07 26 08 09 | 06
#0648-d172 @A: 32 08 35 31 | 07
#0649-d172 @A: 08 13 34 22 | 02
#0650-d172 @A: 22 16 08 11 | 03
#0651-d172 @A: 24 34 33 08 | 09
#0652-d172 @A: 09 08 06 15 | 10
#0653-d172 @A: 13 08 11 24 | 01
#0654-d172 @A: 16 08 33 27 | 08
#0655-d172 @A: 18 20 08 16 | 12
#0656-d172 @A: 28 06 20 08 | 05
#0657-d172 @A: 02 18 08 14 | 11
#0658-d172 @A: 08 28 07 11 | 04
#0659-d172 @A: 26 32 03 23 | 06
#0660-d172 @A: 35 13 26 32 | 07
#0661-d172 @A: 22 26 27 16 | 02
#0662-d172 @A: 26 33 22 20 | 03
#0663-d172 @A: 06 13 26 22 | 09
#0664-d172 @A: 34 14 13 26 | 10
#0665-d172 @A: 06 11 26 20 | 01
#0666-d172 @A: 34 16 32 13 | 08
#0667-d172 @A: 34 29 32 16 | 12
#0668-d172 @A: 31 34 03 32 | 05
#0669-d172 @A: 01 24 30 32 | 11
#0670-d172 @A: 01 25 16 32 | 04
#0671-d172 @A: 16 18 32 31 | 06
#0672-d172 @A: 13 28 32 33 | 07
#0673-d172 @A: 28 18 32 14 | 02
#0674-d172 @A: 22 30 33 15 | 03
#0675-d172 @A: 22 18 29 20 | 09
#0676-d172 @A: 29 06 22 11 | 10
#0677-d172 @A: 27 22 29 28 | 01
#0678-d172 @A: 25 09 34 27 | 08
#0679-d172 @A: 34 31 11 23 | 12
#0680-d172 @A: 02 34 31 28 | 05
#0681-d172 @A: 33 34 02 14 | 11
#0682-d172 @A: 33 34 11 28 | 04
#0683-d172 @A: 06 34 01 28 | 06
#0684-d172 @A: 27 30 13 09 | 07
#0685-d172 @A: 01 31 09 15 | 02
#0686-d172 @A: 23 06 14 09 | 03
#0687-d172 @A: 24 30 16 03 | 09
#0688-d172 @A: 33 24 27 30 | 10
#0689-d172 @A: 30 23 07 24 | 01
#0690-d172 @A: 24 31 29 18 | 08
#0691-d172 @A: 29 33 24 20 | 12
#0692-d172 @A: 06 15 20 24 | 05
#0693-d172 @A: 02 24 07 20 | 11
#0694-d172 @A: 23 24 01 28 | 04
#0695-d172 @A: 16 29 13 28 | 06
#0696-d172 @A: 03 30 07 01 | 07
#0697-d172 @A: 20 23 02 03 | 02
#0698-d172 @A: 02 35 20 11 | 03
#0699-d172 @A: 29 30 25 23 | 09
#0700-d172 @A: 31 06 25 23 | 10
#0701-d172 @A: 15 11 13 29 | 01
#0702-d172 @A: 10 05 19 13 | 08
#0703-d172 @A: 05 09 22 19 | 12
#0704-d172 @A: 05 24 19 07 | 05
#0705-d172 @A: 05 02 19 29 | 11
#0706-d172 @A: 17 05 30 24 | 04
#0707-d172 @A: 21 06 35 05 | 06
#0708-d172 @A: 05 08 30 32 | 07
#0709-d172 @A: 35 05 28 32 | 02
#0710-d172 @A: 24 23 05 03 | 03
#0711-d172 @A: 35 24 05 01 | 09
#0712-d172 @A: 35 05 03 15 | 10
#0713-d172 @A: 05 31 30 25 | 01
#0714-d172 @A: 02 28 05 30 | 08
#0715-d172 @A: 05 14 11 23 | 12
#0716-d172 @A: 23 05 27 29 | 05
#0717-d172 @A: 30 17 04 19 | 11
#0718-d172 @A: 19 35 23 04 | 04
#0719-d172 @A: 18 29 04 17 | 06
#0720-d172 @A: 35 04 29 10 | 07
#0721-d172 @A: 21 04 02 16 | 02
#0722-d172 @A: 29 30 21 04 | 03
#0723-d172 @A: 29 32 04 28 | 09
#0724-d172 @A: 24 27 22 04 | 10
#0725-d172 @A: 34 04 01 31 | 01
#0726-d172 @A: 06 04 34 02 | 08
#0727-d172 @A: 16 13 09 04 | 12
#0728-d172 @A: 03 04 33 02 | 05
#0729-d172 @A: 27 23 04 31 | 11
#0730-d172 @A: 04 18 01 27 | 04
#0731-d172 @A: 11 06 07 04 | 06
#0732-d172 @A: 10 25 30 19 | 07
#0733-d172 @A: 14 30 08 19 | 02
#0734-d172 @A: 08 19 01 27 | 03
#0735-d172 @A: 19 28 32 34 | 09
#0736-d172 @A: 09 23 30 19 | 10
#0737-d172 @A: 24 30 19 15 | 01
#0738-d172 @A: 29 19 35 25 | 08
#0739-d172 @A: 14 28 20 19 | 12
#0740-d172 @A: 19 29 01 18 | 05
#0741-d172 @A: 28 17 12 01 | 11
#0742-d172 @A: 21 24 17 20 | 04
#0743-d172 @A: 17 03 21 29 | 06
#0744-d172 @A: 21 17 25 06 | 07
#0745-d172 @A: 29 17 08 22 | 02
#0746-d172 @A: 09 26 17 22 | 03
#0747-d172 @A: 31 22 17 35 | 09
#0748-d172 @A: 17 07 24 31 | 10
#0749-d172 @A: 35 02 13 17 | 01
#0750-d172 @A: 33 17 29 25 | 08
#0751-d172 @A: 17 13 23 27 | 12
#0752-d172 @A: 13 28 06 17 | 05
#0753-d172 @A: 07 20 06 17 | 11
#0754-d172 @A: 02 26 12 35 | 04
#0755-d172 @A: 12 28 24 32 | 06
#0756-d172 @A: 12 15 09 34 | 07
#0757-d172 @A: 12 28 14 34 | 02
#0758-d172 @A: 12 30 16 14 | 03
#0759-d172 @A: 12 03 14 35 | 09
#0760-d172 @A: 20 13 35 12 | 10
#0761-d172 @A: 11 28 23 12 | 01
#0762-d172 @A: 28 21 32 10 | 08
#0763-d172 @A: 02 10 26 29 | 12
#0764-d172 @A: 10 27 09 32 | 05
#0765-d172 @A: 30 13 10 32 | 11
#0766-d172 @A: 09 03 28 10 | 04
#0767-d172 @A: 03 24 06 10 | 06
#0768-d172 @A: 24 35 13 10 | 07
#0769-d172 @A: 10 18 03 27 | 02
#0770-d172 @A: 25 18 29 10 | 03
#0771-d172 @A: 33 15 11 10 | 09
#0772-d172 @A: 18 21 08 09 | 10
#0773-d172 @A: 26 21 13 15 | 01
#0774-d172 @A: 24 31 22 21 | 08
#0775-d172 @A: 35 15 24 21 | 12
#0776-d172 @A: 16 29 25 21 | 05
#0777-d172 @A: 14 21 31 35 | 11
#0778-d172 @A: 21 33 06 31 | 04
#0779-d172 @A: 02 21 31 11 | 06
#0780-d172 @A: 20 27 21 33 | 07
#0781-d172 @A: 28 21 18 07 | 02
#0782-d172 @A: 15 01 28 21 | 03
#0783-d172 @A: 02 29 21 15 | 09
#0784-d172 @A: 08 11 32 26 | 10
#0785-d172 @A: 02 34 08 09 | 01
#0786-d172 @A: 03 31 08 29 | 08
#0787-d172 @A: 33 14 03 08 | 12
#0788-d172 @A: 07 15 35 08 | 05
#0789-d172 @A: 08 25 15 02 | 11
#0790-d172 @A: 06 13 33 08 | 04
#0791-d172 @A: 11 08 33 18 | 06
#0792-d172 @A: 23 01 08 13 | 07
#0793-d172 @A: 15 27 08 18 | 02
#0794-d172 @A: 23 07 27 08 | 03
#0795-d172 @A: 26 32 16 33 | 09
#0796-d172 @A: 35 26 28 34 | 10
#0797-d172 @A: 03 13 31 26 | 01
#0798-d172 @A: 30 33 26 02 | 08
#0799-d172 @A: 01 07 26 02 | 12
#0800-d172 @A: 09 18 02 32 | 05
#0801-d172 @A: 14 32 06 03 | 11
#0802-d172 @A: 32 14 30 02 | 04
#0803-d172 @A: 31 32 20 23 | 06
#0804-d172 @A: 15 32 06 02 | 07
#0805-d172 @A: 11 02 32 01 | 02
#0806-d172 @A: 28 01 27 32 | 03
#0807-d172 @A: 31 09 22 34 | 09
#0808-d172 @A: 03 22 09 01 | 10
#0809-d172 @A: 11 07 09 22 | 01
#0810-d172 @A: 13 20 22 30 | 08
#0811-d172 @A: 22 18 13 07 | 12
#0812-d172 @A: 03 18 09 34 | 05
#0813-d172 @A: 18 35 24 34 | 11
#0814-d172 @A: 30 15 34 20 | 04
#0815-d172 @A: 34 33 20 31 | 06
#0816-d172 @A: 06 09 25 28 | 07
#0817-d172 @A: 18 30 09 07 | 02
#0818-d172 @A: 30 15 09 11 | 03
#0819-d172 @A: 23 20 01 09 | 09
#0820-d172 @A: 28 06 24 35 | 10
#0821-d172 @A: 33 24 28 25 | 01
#0822-d172 @A: 06 14 30 24 | 08
#0823-d172 @A: 27 02 11 24 | 12
#0824-d172 @A: 16 07 27 31 | 05
#0825-d172 @A: 27 29 31 16 | 11
#0826-d172 @A: 16 33 23 18 | 04
#0827-d172 @A: 16 13 06 23 | 06
#0828-d172 @A: 03 07 27 33 | 07
#0829-d172 @A: 03 14 18 11 | 02
#0830-d172 @A: 15 06 35 25 | 03
#0831-d172 @A: 30 28 07 35 | 09
#0832-d172 @A: 01 35 20 15 | 10
#0833-d172 @A: 13 28 31 25 | 01
#0834-d172 @A: 15 23 33 25 | 08
#0835-d172 @A: 27 13 25 11 | 12
#0836-d172 @A: 25 02 27 07 | 05
#0837-d172 @A: 15 33 29 30 | 11
#0838-d172 @A: 31 14 29 06 | 04
#0839-d172 @A: 11 05 32 04 | 06
#0840-d172 @A: 34 07 05 12 | 07
#0841-d172 @A: 16 05 10 02 | 02
#0842-d172 @A: 11 10 35 05 | 03
#0843-d172 @A: 33 15 21 05 | 09
#0844-d172 @A: 26 01 05 08 | 10
#0845-d172 @A: 03 32 07 05 | 01
#0846-d172 @A: 05 25 22 29 | 08
#0847-d172 @A: 35 18 09 05 | 12
#0848-d172 @A: 30 05 29 24 | 05
#0849-d172 @A: 25 23 16 05 | 11
#0850-d172 @A: 20 05 06 30 | 04
#0851-d172 @A: 23 01 30 05 | 06
#0852-d172 @A: 31 15 05 23 | 07
#0853-d172 @A: 04 10 09 17 | 02
#0854-d172 @A: 12 27 09 04 | 03
#0855-d172 @A: 27 04 10 08 | 09
#0856-d172 @A: 15 10 20 04 | 10
#0857-d172 @A: 04 11 03 26 | 01
#0858-d172 @A: 35 32 04 18 | 08
#0859-d172 @A: 28 04 32 25 | 12
#0860-d172 @A: 02 04 23 32 | 05
#0861-d172 @A: 04 06 22 18 | 11
#0862-d172 @A: 04 34 27 03 | 04
#0863-d172 @A: 04 15 34 28 | 06
#0864-d172 @A: 04 24 15 23 | 07
#0865-d172 @A: 30 14 04 01 | 02
#0866-d172 @A: 04 15 02 31 | 03
#0867-d172 @A: 14 20 13 04 | 09
#0868-d172 @A: 04 28 23 13 | 10
#0869-d172 @A: 06 04 20 27 | 01
#0870-d172 @A: 04 14 07 15 | 08
#0871-d172 @A: 19 09 06 17 | 12
#0872-d172 @A: 12 10 19 06 | 05
#0873-d172 @A: 24 31 19 10 | 11
#0874-d172 @A: 07 19 21 09 | 04
#0875-d172 @A: 25 08 19 11 | 06
#0876-d172 @A: 19 22 32 13 | 07
#0877-d172 @A: 23 19 25 32 | 02
#0878-d172 @A: 25 15 19 22 | 03
#0879-d172 @A: 34 16 19 31 | 09
#0880-d172 @A: 09 27 11 19 | 10
#0881-d172 @A: 24 19 20 11 | 01
#0882-d172 @A: 11 03 02 19 | 08
#0883-d172 @A: 30 19 27 28 | 12
#0884-d172 @A: 19 14 31 06 | 05
#0885-d172 @A: 19 13 02 20 | 11
#0886-d172 @A: 29 23 11 19 | 04
#0887-d172 @A: 28 01 11 19 | 06
#0888-d172 @A: 30 12 22 17 | 07
#0889-d172 @A: 35 17 12 11 | 02
#0890-d172 @A: 12 17 15 31 | 03
#0891-d172 @A: 22 17 20 08 | 09
#0892-d172 @A: 32 11 28 17 | 10
#0893-d172 @A: 17 22 16 23 | 01
#0894-d172 @A: 17 03 13 22 | 08
#0895-d172 @A: 33 09 34 17 | 12
#0896-d172 @A: 27 15 24 17 | 05
#0897-d172 @A: 01 16 03 17 | 11
#0898-d172 @A: 18 27 33 17 | 04
#0899-d172 @A: 17 07 13 15 | 06
#0900-d172 @A: 01 14 29 17 | 07
#0901-d172 @A: 07 17 02 23 | 02
#0902-d172 @A: 32 12 31 21 | 03
#0903-d172 @A: 21 12 02 01 | 09
#0904-d172 @A: 31 08 12 34 | 10
#0905-d172 @A: 33 26 31 12 | 01
#0906-d172 @A: 12 35 32 25 | 08
#0907-d172 @A: 27 35 12 34 | 12
#0908-d172 @A: 06 09 24 12 | 05
#0909-d172 @A: 14 18 06 12 | 11
#0910-d172 @A: 02 12 28 07 | 04
#0911-d172 @A: 06 23 12 01 | 06
#0912-d172 @A: 21 10 25 02 | 07
#0913-d172 @A: 32 10 22 20 | 02
#0914-d172 @A: 07 34 10 35 | 03
#0915-d172 @A: 24 10 03 29 | 09
#0916-d172 @A: 11 20 10 31 | 10
#0917-d172 @A: 07 10 28 14 | 01
#0918-d172 @A: 07 10 01 29 | 08
#0919-d172 @A: 08 02 21 32 | 12
#0920-d172 @A: 21 08 34 06 | 05
#0921-d172 @A: 09 21 26 23 | 11
#0922-d172 @A: 21 30 16 26 | 04
#0923-d172 @A: 21 03 26 27 | 06
#0924-d172 @A: 15 22 32 21 | 07
#0925-d172 @A: 35 32 27 21 | 02
#0926-d172 @A: 24 21 34 11 | 03
#0927-d172 @A: 21 28 11 03 | 09
#0928-d172 @A: 21 06 28 30 | 10
#0929-d172 @A: 15 08 32 16 | 01
#0930-d172 @A: 32 08 03 20 | 08
#0931-d172 @A: 32 13 14 08 | 12
#0932-d172 @A: 32 01 29 08 | 05
#0933-d172 @A: 09 08 35 29 | 11
#0934-d172 @A: 08 07 29 33 | 04
#0935-d172 @A: 14 08 23 15 | 06
#0936-d172 @A: 15 08 11 01 | 07
#0937-d172 @A: 26 32 22 24 | 02
#0938-d172 @A: 16 26 07 34 | 03
#0939-d172 @A: 29 03 26 34 | 09
#0940-d172 @A: 34 26 20 25 | 10
#0941-d172 @A: 23 26 15 02 | 01
#0942-d172 @A: 11 22 25 32 | 08
#0943-d172 @A: 28 32 20 02 | 12
#0944-d172 @A: 34 16 02 22 | 05
#0945-d172 @A: 23 22 34 03 | 11
#0946-d172 @A: 09 22 24 02 | 04
#0947-d172 @A: 16 06 35 22 | 06
#0948-d172 @A: 22 15 31 03 | 07
#0949-d172 @A: 30 22 27 18 | 02
#0950-d172 @A: 22 13 33 14 | 03
#0951-d172 @A: 22 11 23 18 | 09
#0952-d172 @A: 09 24 34 01 | 10
#0953-d172 @A: 07 34 29 09 | 01
#0954-d172 @A: 34 02 35 03 | 08
#0955-d172 @A: 23 13 15 34 | 12
#0956-d172 @A: 14 27 23 34 | 05
#0957-d172 @A: 01 15 34 02 | 11
#0958-d172 @A: 25 15 16 09 | 04
#0959-d172 @A: 14 09 28 30 | 06
#0960-d172 @A: 23 27 28 09 | 07
#0961-d172 @A: 20 24 03 25 | 02
#0962-d172 @A: 03 07 11 24 | 03
#0963-d172 @A: 20 24 13 28 | 09
#0964-d172 @A: 06 24 23 27 | 10
#0965-d172 @A: 16 30 15 27 | 01
#0966-d172 @A: 14 31 16 02 | 08
#0967-d172 @A: 23 16 18 29 | 12
#0968-d172 @A: 16 23 11 15 | 05
#0969-d172 @A: 27 03 15 06 | 11
#0970-d172 @A: 35 14 20 27 | 04
#0971-d172 @A: 28 35 20 29 | 06
#0972-d172 @A: 25 02 06 30 | 07
#0973-d172 @A: 31 27 33 25 | 02
#0974-d172 @A: 25 18 13 01 | 03
#0975-d172 @A: 14 15 29 20 | 09
#0976-d172 @A: 04 05 21 31 | 10
#0977-d172 @A: 01 05 15 19 | 01
#0978-d172 @A: 17 23 12 05 | 08
#0979-d172 @A: 12 10 14 05 | 12
#0980-d172 @A: 32 05 12 06 | 05
#0981-d172 @A: 01 10 33 05 | 11
#0982-d172 @A: 05 21 29 34 | 04
#0983-d172 @A: 24 21 18 05 | 06
#0984-d172 @A: 21 20 02 05 | 07
#0985-d172 @A: 22 14 08 05 | 02
#0986-d172 @A: 05 26 34 03 | 03
#0987-d172 @A: 05 20 22 25 | 09
#0988-d172 @A: 06 05 33 22 | 10
#0989-d172 @A: 14 24 09 05 | 01
#0990-d172 @A: 27 11 31 05 | 08
#0991-d172 @A: 05 07 13 29 | 12
#0992-d172 @A: 04 20 19 09 | 05
#0993-d172 @A: 18 24 19 04 | 11
#0994-d172 @A: 18 12 04 21 | 04
#0995-d172 @A: 10 04 24 30 | 06
#0996-d172 @A: 28 24 21 04 | 07
#0997-d172 @A: 08 07 24 04 | 02
#0998-d172 @A: 35 33 04 08 | 03
#0999-d172 @A: 04 32 03 24 | 09
#1000-d172 @A: 09 04 02 11 | 10
#1001-d172 @A: 24 29 04 13 | 01
#1002-d172 @A: 04 29 06 25 | 08
#1003-d172 @A: 04 28 30 20 | 12
#1004-d172 @A: 33 13 31 04 | 05
#1005-d172 @A: 04 11 14 28 | 11
#1006-d172 @A: 35 25 19 17 | 04
#1007-d172 @A: 34 01 12 19 | 06
#1008-d172 @A: 12 19 03 28 | 07
#1009-d172 @A: 18 19 22 21 | 02
#1010-d172 @A: 22 30 26 19 | 03
#1011-d172 @A: 34 19 26 23 | 09
#1012-d172 @A: 19 35 30 32 | 10
#1013-d172 @A: 06 32 19 01 | 01
#1014-d172 @A: 22 19 33 03 | 08
#1015-d172 @A: 18 09 19 01 | 12
#1016-d172 @A: 19 25 29 24 | 05
#1017-d172 @A: 19 15 28 23 | 11
#1018-d172 @A: 06 19 28 02 | 04
#1019-d172 @A: 26 17 07 12 | 06
#1020-d172 @A: 17 12 13 16 | 07
#1021-d172 @A: 31 17 34 10 | 02
#1022-d172 @A: 28 35 03 17 | 03
#1023-d172 @A: 25 03 17 11 | 09
#1024-d172 @A: 20 33 17 02 | 10
#1025-d172 @A: 06 15 17 33 | 01
#1026-d172 @A: 18 17 14 13 | 08
#1027-d172 @A: 17 02 11 18 | 12
#1028-d172 @A: 06 01 18 17 | 05
#1029-d172 @A: 12 10 34 16 | 11
#1030-d172 @A: 22 21 12 06 | 04
#1031-d172 @A: 12 07 08 25 | 06
#1032-d172 @A: 26 12 34 30 | 07
#1033-d172 @A: 25 12 23 26 | 02
#1034-d172 @A: 12 22 01 32 | 03
#1035-d172 @A: 22 33 12 25 | 09
#1036-d172 @A: 12 09 31 03 | 10
#1037-d172 @A: 25 24 31 12 | 01
#1038-d172 @A: 16 23 12 35 | 08
#1039-d172 @A: 12 20 28 33 | 12
#1040-d172 @A: 12 06 07 29 | 05
#1041-d172 @A: 24 07 21 10 | 11
#1042-d172 @A: 08 26 33 10 | 04
#1043-d172 @A: 22 10 15 08 | 06
#1044-d172 @A: 10 06 35 26 | 07
#1045-d172 @A: 10 28 13 34 | 02
#1046-d172 @A: 16 25 07 10 | 03
#1047-d172 @A: 10 18 14 35 | 09
#1048-d172 @A: 10 30 23 27 | 10
#1049-d172 @A: 23 10 02 33 | 01
#1050-d172 @A: 33 27 10 29 | 08
#1051-d172 @A: 14 02 10 15 | 12
#1052-d172 @A: 10 11 27 14 | 05
#1053-d172 @A: 08 21 29 23 | 11
#1054-d172 @A: 26 22 11 21 | 04
#1055-d172 @A: 33 26 21 35 | 06
#1056-d172 @A: 21 20 32 16 | 07
#1057-d172 @A: 01 21 24 13 | 02
#1058-d172 @A: 21 29 07 35 | 03
#1059-d172 @A: 20 31 21 13 | 09
#1060-d172 @A: 21 31 27 28 | 10
#1061-d172 @A: 34 15 08 26 | 01
#1062-d172 @A: 08 28 30 34 | 08
#1063-d172 @A: 08 35 09 25 | 12
#1064-d172 @A: 24 08 35 02 | 05
#1065-d172 @A: 08 15 13 20 | 11
#1066-d172 @A: 01 08 20 02 | 04
#1067-d172 @A: 06 27 14 08 | 06
#1068-d172 @A: 14 08 02 29 | 07
#1069-d172 @A: 22 26 01 34 | 02
#1070-d172 @A: 26 34 06 09 | 03
#1071-d172 @A: 30 15 06 26 | 09
#1072-d172 @A: 18 26 28 06 | 10
#1073-d172 @A: 07 26 11 15 | 01
#1074-d172 @A: 27 01 15 26 | 08
#1075-d172 @A: 24 11 23 32 | 12
#1076-d172 @A: 16 14 27 32 | 05
#1077-d172 @A: 32 02 29 25 | 11
#1078-d172 @A: 27 32 30 07 | 04
#1079-d172 @A: 32 33 23 01 | 06
#1080-d172 @A: 32 06 28 07 | 07
#1081-d172 @A: 14 09 22 29 | 02
#1082-d172 @A: 33 01 07 22 | 03
#1083-d172 @A: 27 22 20 02 | 09
#1084-d172 @A: 01 22 27 14 | 10
#1085-d172 @A: 22 28 06 27 | 01
#1086-d172 @A: 29 23 15 34 | 08
#1087-d172 @A: 13 24 18 09 | 12
#1088-d172 @A: 24 07 09 27 | 05
#1089-d172 @A: 06 09 35 20 | 11
#1090-d172 @A: 09 29 27 02 | 04
#1091-d172 @A: 15 24 01 03 | 06
#1092-d172 @A: 01 20 18 24 | 07
#1093-d172 @A: 11 24 18 06 | 02
#1094-d172 @A: 16 33 03 35 | 03
#1095-d172 @A: 16 13 25 02 | 09
#1096-d172 @A: 18 16 28 30 | 10
#1097-d172 @A: 01 16 31 28 | 01
#1098-d172 @A: 16 20 14 11 | 08
#1099-d172 @A: 16 02 27 18 | 12
#1100-d172 @A: 18 29 03 35 | 05
#1101-d172 @A: 30 28 33 03 | 11
#1102-d172 @A: 02 15 30 03 | 04
#1103-d172 @A: 02 13 03 29 | 06
#1104-d172 @A: 03 20 18 07 | 07
#1105-d172 @A: 01 25 31 35 | 02
#1106-d172 @A: 02 23 35 06 | 03
#1107-d172 @A: 25 13 15 30 | 09
#1108-d172 @A: 06 25 14 13 | 10
#1109-d172 @A: 25 01 28 07 | 01
#1110-d172 @A: 30 02 29 07 | 08
#1111-d172 @A: 27 19 05 04 | 12
#1112-d172 @A: 17 14 05 04 | 05
#1113-d172 @A: 17 09 28 05 | 11
#1114-d172 @A: 05 18 15 12 | 04
#1115-d172 @A: 22 18 10 05 | 06
#1116-d172 @A: 05 01 21 34 | 07
#1117-d172 @A: 07 21 05 13 | 02
#1118-d172 @A: 05 27 34 08 | 03
#1119-d172 @A: 16 13 05 26 | 09
#1120-d172 @A: 05 03 27 22 | 10
#1121-d172 @A: 14 20 05 34 | 01
#1122-d172 @A: 09 05 13 03 | 08
#1123-d172 @A: 35 20 05 16 | 12
#1124-d172 @A: 05 30 18 14 | 05
#1125-d172 @A: 33 05 11 02 | 11
#1126-d172 @A: 13 05 27 06 | 04
#1127-d172 @A: 06 21 19 04 | 06
#1128-d172 @A: 19 28 22 04 | 07
#1129-d172 @A: 03 04 19 01 | 02
#1130-d172 @A: 17 01 04 24 | 03
#1131-d172 @A: 04 11 15 17 | 09
#1132-d172 @A: 28 10 04 35 | 10
#1133-d172 @A: 04 30 32 21 | 01
#1134-d172 @A: 04 08 09 28 | 08
#1135-d172 @A: 25 18 04 08 | 12
#1136-d172 @A: 04 23 07 26 | 05
#1137-d172 @A: 04 23 16 34 | 11
#1138-d172 @A: 09 24 31 04 | 04
#1139-d172 @A: 03 04 20 35 | 06
#1140-d172 @A: 30 04 02 13 | 07
#1141-d172 @A: 31 04 20 07 | 02
#1142-d172 @A: 11 04 31 18 | 03
#1143-d172 @A: 23 04 29 20 | 09
#1144-d172 @A: 02 28 01 04 | 10
#1145-d172 @A: 32 11 19 21 | 01
#1146-d172 @A: 24 19 14 21 | 08
#1147-d172 @A: 26 19 16 11 | 12
#1148-d172 @A: 19 35 20 26 | 05
#1149-d172 @A: 19 06 30 34 | 11
#1150-d172 @A: 13 19 16 35 | 04
#1151-d172 @A: 03 35 06 19 | 06
#1152-d172 @A: 13 14 23 19 | 07
#1153-d172 @A: 11 07 19 14 | 02
#1154-d172 @A: 08 32 12 17 | 03
#1155-d172 @A: 10 26 27 17 | 09
#1156-d172 @A: 17 32 30 26 | 10
#1157-d172 @A: 11 17 26 24 | 01
#1158-d172 @A: 17 28 26 14 | 08
#1159-d172 @A: 03 17 34 30 | 12
#1160-d172 @A: 14 17 01 09 | 05
#1161-d172 @A: 17 31 23 28 | 11
#1162-d172 @A: 27 17 28 20 | 04
#1163-d172 @A: 02 17 23 29 | 06
#1164-d172 @A: 10 12 20 26 | 07
#1165-d172 @A: 10 34 12 29 | 02
#1166-d172 @A: 25 21 30 12 | 03
#1167-d172 @A: 12 09 16 08 | 09
#1168-d172 @A: 33 12 08 01 | 10
#1169-d172 @A: 26 11 12 09 | 01
#1170-d172 @A: 12 23 34 32 | 08
#1171-d172 @A: 11 32 12 27 | 12
#1172-d172 @A: 03 02 12 22 | 05
#1173-d172 @A: 18 12 35 22 | 11
#1174-d172 @A: 02 12 25 34 | 04
#1175-d172 @A: 12 18 25 09 | 06
#1176-d172 @A: 12 33 23 09 | 07
#1177-d172 @A: 35 29 12 15 | 02
#1178-d172 @A: 20 12 06 25 | 03
#1179-d172 @A: 07 11 30 12 | 09
#1180-d172 @A: 31 23 12 07 | 10
#1181-d172 @A: 27 12 14 33 | 01
#1182-d172 @A: 10 21 22 34 | 08
#1183-d172 @A: 30 10 35 08 | 12
#1184-d172 @A: 08 10 20 25 | 05
#1185-d172 @A: 25 10 09 31 | 11
#1186-d172 @A: 11 16 24 10 | 04
#1187-d172 @A: 15 16 10 03 | 06
#1188-d172 @A: 31 10 33 28 | 07
#1189-d172 @A: 18 13 10 20 | 02
#1190-d172 @A: 01 10 20 28 | 03
#1191-d172 @A: 01 23 18 10 | 09
#1192-d172 @A: 01 15 07 10 | 10
#1193-d172 @A: 08 15 03 21 | 01
#1194-d172 @A: 09 14 21 32 | 08
#1195-d172 @A: 03 21 32 33 | 12
#1196-d172 @A: 09 21 22 20 | 05
#1197-d172 @A: 21 34 18 16 | 11
#1198-d172 @A: 34 21 14 03 | 04
#1199-d172 @A: 23 11 21 30 | 06
#1200-d172 @A: 21 18 13 29 | 07
#1201-d172 @A: 21 13 14 02 | 02
#1202-d172 @A: 14 07 21 20 | 03
#1203-d172 @A: 21 02 28 23 | 09
#1204-d172 @A: 35 27 08 26 | 10
#1205-d172 @A: 27 22 08 09 | 01
#1206-d172 @A: 25 22 31 08 | 08
#1207-d172 @A: 08 28 29 25 | 12
#1208-d172 @A: 30 07 13 08 | 05
#1209-d172 @A: 27 08 29 18 | 11
#1210-d172 @A: 32 28 26 09 | 04
#1211-d172 @A: 23 26 32 29 | 06
#1212-d172 @A: 27 20 26 24 | 07
#1213-d172 @A: 31 26 16 35 | 02
#1214-d172 @A: 25 06 16 26 | 03
#1215-d172 @A: 26 18 35 11 | 09
#1216-d172 @A: 28 26 13 30 | 10
#1217-d172 @A: 11 26 31 14 | 01
#1218-d172 @A: 23 06 26 33 | 08
#1219-d172 @A: 26 20 29 13 | 12
#1220-d172 @A: 26 27 18 14 | 05
#1221-d172 @A: 32 15 33 20 | 11
#1222-d172 @A: 20 32 06 13 | 04
#1223-d172 @A: 32 15 13 11 | 06
#1224-d172 @A: 20 14 32 01 | 07
#1225-d172 @A: 06 32 29 07 | 02
#1226-d172 @A: 32 27 29 01 | 03
#1227-d172 @A: 22 34 30 07 | 09
#1228-d172 @A: 14 09 22 16 | 10
#1229-d172 @A: 22 02 31 06 | 01
#1230-d172 @A: 23 33 22 28 | 08
#1231-d172 @A: 22 14 20 15 | 12
#1232-d172 @A: 22 28 14 02 | 05
#1233-d172 @A: 22 11 15 02 | 11
#1234-d172 @A: 07 09 34 14 | 04
#1235-d172 @A: 33 34 16 25 | 06
#1236-d172 @A: 14 34 31 30 | 07
#1237-d172 @A: 13 34 33 01 | 02
#1238-d172 @A: 18 23 28 34 | 03
#1239-d172 @A: 09 35 23 24 | 09
#1240-d172 @A: 29 31 09 16 | 10
#1241-d172 @A: 09 23 31 02 | 01
#1242-d172 @A: 33 11 09 29 | 08
#1243-d172 @A: 01 06 09 11 | 12
#1244-d172 @A: 01 14 24 16 | 05
#1245-d172 @A: 24 31 14 28 | 11
#1246-d172 @A: 15 16 01 33 | 04
#1247-d172 @A: 28 16 15 13 | 06
#1248-d172 @A: 06 03 13 30 | 07
#1249-d172 @A: 20 03 11 15 | 02
#1250-d172 @A: 07 03 23 29 | 03
#1251-d172 @A: 27 06 33 35 | 09
#1252-d172 @A: 23 01 35 29 | 10
#1253-d172 @A: 06 02 35 29 | 01
#1254-d172 @A: 28 30 25 23 | 08
#1255-d172 @A: 25 01 02 33 | 12
#1256-d172 @A: 07 23 13 25 | 05
#1257-d172 @A: 11 25 28 15 | 11
#1258-d172 @A: 30 01 13 29 | 04
#1259-d172 @A: 02 30 20 29 | 06
#1260-d172 @A: 13 29 23 33 | 07
#1261-d172 @A: 20 06 01 29 | 02
#1262-d172 @A: 04 25 05 07 | 03
#1263-d172 @A: 33 05 19 34 | 09
#1264-d172 @A: 05 17 33 08 | 10
#1265-d172 @A: 17 05 27 32 | 01
#1266-d172 @A: 05 23 10 06 | 08
#1267-d172 @A: 18 05 26 32 | 12
#1268-d172 @A: 05 26 11 30 | 05
#1269-d172 @A: 02 32 24 05 | 11
#1270-d172 @A: 05 29 32 13 | 04
#1271-d172 @A: 09 34 05 23 | 06
#1272-d172 @A: 24 15 05 25 | 07
#1273-d172 @A: 30 13 05 33 | 02
#1274-d172 @A: 05 31 07 33 | 03
#1275-d172 @A: 18 11 01 05 | 09
#1276-d172 @A: 19 04 08 13 | 10
#1277-d172 @A: 02 25 04 19 | 01
#1278-d172 @A: 04 17 06 35 | 08
#1279-d172 @A: 27 25 04 17 | 12
#1280-d172 @A: 12 13 04 34 | 05
#1281-d172 @A: 04 18 10 34 | 11
#1282-d172 @A: 04 29 08 34 | 04
#1283-d172 @A: 01 26 04 35 | 06
#1284-d172 @A: 33 04 34 32 | 07
#1285-d172 @A: 09 15 04 22 | 02
#1286-d172 @A: 04 35 09 07 | 03
#1287-d172 @A: 03 18 16 04 | 09
#1288-d172 @A: 13 03 04 15 | 10
#1289-d172 @A: 14 31 04 25 | 01
#1290-d172 @A: 27 04 11 30 | 08
#1291-d172 @A: 18 23 14 04 | 12
#1292-d172 @A: 19 01 17 26 | 05
#1293-d172 @A: 17 19 16 32 | 11
#1294-d172 @A: 29 19 32 17 | 04
#1295-d172 @A: 29 33 19 12 | 06
#1296-d172 @A: 16 15 21 19 | 07
#1297-d172 @A: 08 35 18 19 | 02
#1298-d172 @A: 24 06 26 19 | 03
#1299-d172 @A: 19 02 32 31 | 09
#1300-d172 @A: 02 16 09 19 | 10
#1301-d172 @A: 35 31 19 09 | 01
#1302-d172 @A: 23 03 16 19 | 08
#1303-d172 @A: 06 18 16 19 | 12
#1304-d172 @A: 30 13 19 01 | 05
#1305-d172 @A: 19 18 30 20 | 11
#1306-d172 @A: 16 10 17 33 | 04
#1307-d172 @A: 10 17 03 23 | 06
#1308-d172 @A: 29 20 17 10 | 07
#1309-d172 @A: 08 07 17 34 | 02
#1310-d172 @A: 35 17 01 08 | 03
#1311-d172 @A: 28 17 18 22 | 09
#1312-d172 @A: 09 30 29 17 | 10
#1313-d172 @A: 13 17 30 11 | 01
#1314-d172 @A: 17 30 06 27 | 08
#1315-d172 @A: 33 14 23 17 | 12
#1316-d172 @A: 13 09 12 21 | 05
#1317-d172 @A: 12 29 13 08 | 11
#1318-d172 @A: 16 26 12 28 | 04
#1319-d172 @A: 22 11 34 12 | 06
#1320-d172 @A: 22 16 15 12 | 07
#1321-d172 @A: 12 33 30 06 | 02
#1322-d172 @A: 27 12 15 13 | 03
#1323-d172 @A: 23 27 02 12 | 09
#1324-d172 @A: 10 21 16 23 | 10
#1325-d172 @A: 08 14 10 09 | 01
#1326-d172 @A: 23 10 26 28 | 08
#1327-d172 @A: 25 22 10 14 | 12
#1328-d172 @A: 30 02 10 22 | 05
#1329-d172 @A: 31 18 10 30 | 11
#1330-d172 @A: 27 01 10 31 | 04
#1331-d172 @A: 18 10 15 06 | 06
#1332-d172 @A: 10 11 23 07 | 07
#1333-d172 @A: 24 21 23 08 | 02
#1334-d172 @A: 21 27 13 08 | 03
#1335-d172 @A: 07 25 21 26 | 09
#1336-d172 @A: 32 13 25 21 | 10
#1337-d172 @A: 25 24 27 21 | 01
#1338-d172 @A: 21 13 03 16 | 08
#1339-d172 @A: 16 21 07 35 | 12
#1340-d172 @A: 25 16 21 11 | 05
#1341-d172 @A: 21 01 30 31 | 11
#1342-d172 @A: 31 21 15 07 | 04
#1343-d172 @A: 21 15 02 18 | 06
#1344-d172 @A: 26 23 08 16 | 07
#1345-d172 @A: 32 08 34 18 | 02
#1346-d172 @A: 35 20 34 08 | 03
#1347-d172 @A: 09 23 03 08 | 09
#1348-d172 @A: 11 29 16 08 | 10
#1349-d172 @A: 08 31 33 02 | 01
#1350-d172 @A: 06 29 15 08 | 08
#1351-d172 @A: 29 01 22 26 | 12
#1352-d172 @A: 09 24 15 26 | 05
#1353-d172 @A: 26 25 09 33 | 11
#1354-d172 @A: 26 35 24 07 | 04
#1355-d172 @A: 30 35 26 03 | 06
#1356-d172 @A: 26 29 25 07 | 07
#1357-d172 @A: 01 30 18 26 | 02
#1358-d172 @A: 26 07 31 18 | 03
#1359-d172 @A: 01 31 26 23 | 09
#1360-d172 @A: 28 31 22 32 | 10
#1361-d172 @A: 24 34 32 20 | 01
#1362-d172 @A: 35 09 15 32 | 08
#1363-d172 @A: 16 32 35 11 | 12
#1364-d172 @A: 03 32 01 35 | 05
#1365-d172 @A: 03 32 29 15 | 11
#1366-d172 @A: 33 18 32 06 | 04
#1367-d172 @A: 32 18 29 33 | 06
#1368-d172 @A: 15 32 18 01 | 07
#1369-d172 @A: 07 32 11 18 | 02
#1370-d172 @A: 14 32 23 07 | 03
#1371-d172 @A: 22 20 18 34 | 09
#1372-d172 @A: 20 03 16 22 | 10
#1373-d172 @A: 22 03 11 06 | 01
#1374-d172 @A: 22 23 25 27 | 08
#1375-d172 @A: 22 07 14 06 | 12
#1376-d172 @A: 33 29 35 34 | 05
#1377-d172 @A: 35 34 11 01 | 11
#1378-d172 @A: 27 31 34 18 | 04
#1379-d172 @A: 31 06 15 34 | 06
#1380-d172 @A: 13 34 18 06 | 07
#1381-d172 @A: 11 29 34 18 | 02
#1382-d172 @A: 15 11 14 34 | 03
#1383-d172 @A: 34 11 07 02 | 09
#1384-d172 @A: 33 09 03 24 | 10
#1385-d172 @A: 09 31 30 06 | 01
#1386-d172 @A: 31 14 33 09 | 08
#1387-d172 @A: 28 33 02 09 | 12
#1388-d172 @A: 11 14 13 09 | 05
#1389-d172 @A: 01 09 28 13 | 11
#1390-d172 @A: 07 24 28 15 | 04
#1391-d172 @A: 07 06 01 24 | 06
#1392-d172 @A: 16 20 06 02 | 07
#1393-d172 @A: 27 35 23 03 | 02
#1394-d172 @A: 03 11 23 13 | 03
#1395-d172 @A: 03 02 18 06 | 09
#1396-d172 @A: 29 03 28 14 | 10
#1397-d172 @A: 01 03 11 27 | 01
#1398-d172 @A: 28 03 23 06 | 08
#1399-d172 @A: 35 07 25 20 | 12
#1400-d172 @A: 29 30 35 31 | 05
#1401-d172 @A: 35 02 30 01 | 11
#1402-d172 @A: 33 25 06 11 | 04
#1403-d172 @A: 02 23 25 18 | 06
#1404-d172 @A: 30 29 18 28 | 07
#1405-d172 @A: 05 34 04 22 | 02
#1406-d172 @A: 19 21 08 05 | 03
#1407-d172 @A: 05 01 17 22 | 09
#1408-d172 @A: 13 34 17 05 | 10
#1409-d172 @A: 07 17 05 35 | 01
#1410-d172 @A: 28 05 10 24 | 08
#1411-d172 @A: 10 27 05 25 | 12
#1412-d172 @A: 05 26 14 21 | 05
#1413-d172 @A: 21 05 30 22 | 11
#1414-d172 @A: 21 09 27 05 | 04
#1415-d172 @A: 05 08 03 11 | 06
#1416-d172 @A: 25 35 05 26 | 07
#1417-d172 @A: 22 32 05 16 | 02
#1418-d172 @A: 32 15 05 34 | 03
#1419-d172 @A: 05 22 11 24 | 09
#1420-d172 @A: 05 34 18 02 | 10
#1421-d172 @A: 06 05 33 29 | 01
#1422-d172 @A: 02 06 01 05 | 08
#1423-d172 @A: 04 34 07 19 | 12
#1424-d172 @A: 08 17 03 04 | 05
#1425-d172 @A: 26 04 13 17 | 11
#1426-d172 @A: 33 04 17 22 | 04
#1427-d172 @A: 21 04 33 09 | 06
#1428-d172 @A: 22 14 35 04 | 07
#1429-d172 @A: 11 13 04 22 | 02
#1430-d172 @A: 33 16 04 11 | 03
#1431-d172 @A: 28 07 03 04 | 09
#1432-d172 @A: 30 35 31 04 | 10
#1433-d172 @A: 33 30 07 04 | 01
#1434-d172 @A: 06 30 23 04 | 08
#1435-d172 @A: 07 04 13 01 | 12
#1436-d172 @A: 02 04 18 20 | 05
#1437-d172 @A: 19 17 07 10 | 11
#1438-d172 @A: 28 21 19 17 | 04
#1439-d172 @A: 23 21 19 12 | 06
#1440-d172 @A: 19 22 10 01 | 07
#1441-d172 @A: 34 10 19 09 | 02
#1442-d172 @A: 01 35 21 19 | 03
#1443-d172 @A: 19 31 29 21 | 09
#1444-d172 @A: 08 07 32 19 | 10
#1445-d172 @A: 19 24 32 33 | 01
#1446-d172 @A: 15 35 34 19 | 08
#1447-d172 @A: 18 14 33 19 | 12
#1448-d172 @A: 18 11 15 19 | 05
#1449-d172 @A: 07 18 02 19 | 11
#1450-d172 @A: 17 20 09 12 | 04
#1451-d172 @A: 09 17 21 15 | 06
#1452-d172 @A: 17 21 01 07 | 07
#1453-d172 @A: 23 25 08 17 | 02
#1454-d172 @A: 11 08 14 17 | 03
#1455-d172 @A: 26 18 34 17 | 09
#1456-d172 @A: 26 23 35 17 | 10
#1457-d172 @A: 32 01 34 17 | 01
#1458-d172 @A: 32 03 15 17 | 08
#1459-d172 @A: 32 17 06 23 | 12
#1460-d172 @A: 16 06 17 11 | 05
#1461-d172 @A: 14 30 17 15 | 11
#1462-d172 @A: 13 17 01 31 | 04
#1463-d172 @A: 17 07 28 33 | 06
#1464-d172 @A: 17 20 18 15 | 07
#1465-d172 @A: 14 02 17 06 | 02
#1466-d172 @A: 22 12 13 10 | 03
#1467-d172 @A: 20 12 34 21 | 09
#1468-d172 @A: 07 03 21 12 | 10
#1469-d172 @A: 11 15 12 21 | 01
#1470-d172 @A: 08 26 13 12 | 08
#1471-d172 @A: 15 12 26 32 | 12
#1472-d172 @A: 12 34 03 24 | 05
#1473-d172 @A: 24 12 27 01 | 11
#1474-d172 @A: 18 12 01 16 | 04
#1475-d172 @A: 31 14 12 13 | 06
#1476-d172 @A: 18 07 12 27 | 07
#1477-d172 @A: 01 12 29 11 | 02
#1478-d172 @A: 01 10 21 06 | 03
#1479-d172 @A: 22 27 10 35 | 09
#1480-d172 @A: 34 27 24 10 | 10
#1481-d172 @A: 34 06 33 10 | 01
#1482-d172 @A: 24 10 25 23 | 08
#1483-d172 @A: 20 30 16 10 | 12
#1484-d172 @A: 06 10 31 16 | 05
#1485-d172 @A: 35 03 25 10 | 11
#1486-d172 @A: 03 33 10 20 | 04
#1487-d172 @A: 31 10 13 15 | 06
#1488-d172 @A: 14 31 10 23 | 07
#1489-d172 @A: 33 25 21 08 | 02
#1490-d172 @A: 21 16 22 01 | 03
#1491-d172 @A: 09 28 34 21 | 09
#1492-d172 @A: 35 34 21 23 | 10
#1493-d172 @A: 30 21 34 33 | 01
#1494-d172 @A: 21 15 34 27 | 08
#1495-d172 @A: 25 21 09 01 | 12
#1496-d172 @A: 01 18 33 21 | 05
#1497-d172 @A: 11 07 33 21 | 11
#1498-d172 @A: 30 29 26 08 | 04
#1499-d172 @A: 22 24 08 01 | 06
#1500-d172 @A: 08 22 35 28 | 07
#1501-d172 @A: 14 08 34 25 | 02
#1502-d172 @A: 24 25 08 06 | 03
#1503-d172 @A: 29 08 28 24 | 09
#1504-d172 @A: 28 03 31 08 | 10
#1505-d172 @A: 08 30 31 15 | 01
#1506-d172 @A: 32 31 26 25 | 08
#1507-d172 @A: 35 15 26 22 | 12
#1508-d172 @A: 34 31 24 26 | 05
#1509-d172 @A: 27 34 33 26 | 11
#1510-d172 @A: 02 27 26 09 | 04
#1511-d172 @A: 25 14 26 24 | 06
#1512-d172 @A: 23 13 26 24 | 07
#1513-d172 @A: 03 16 02 26 | 02
#1514-d172 @A: 18 15 33 26 | 03
#1515-d172 @A: 07 13 27 26 | 09
#1516-d172 @A: 32 18 22 03 | 10
#1517-d172 @A: 30 32 06 22 | 01
#1518-d172 @A: 02 25 03 32 | 08
#1519-d172 @A: 15 07 25 32 | 12
#1520-d172 @A: 13 02 32 07 | 05
#1521-d172 @A: 11 32 20 29 | 11
#1522-d172 @A: 02 22 34 29 | 04
#1523-d172 @A: 18 22 33 09 | 06
#1524-d172 @A: 15 18 24 22 | 07
#1525-d172 @A: 07 35 22 03 | 02
#1526-d172 @A: 22 25 28 03 | 03
#1527-d172 @A: 22 01 11 31 | 09
#1528-d172 @A: 29 07 22 31 | 10
#1529-d172 @A: 16 24 34 15 | 01
#1530-d172 @A: 28 07 34 27 | 08
#1531-d172 @A: 09 27 03 16 | 12
#1532-d172 @A: 16 28 09 35 | 05
#1533-d172 @A: 16 30 09 33 | 11
#1534-d172 @A: 35 11 03 09 | 04
#1535-d172 @A: 09 35 13 29 | 06
#1536-d172 @A: 16 23 31 24 | 07
#1537-d172 @A: 02 24 16 28 | 02
#1538-d172 @A: 35 24 31 03 | 03
#1539-d172 @A: 24 33 07 13 | 09
#1540-d172 @A: 02 11 29 24 | 10
#1541-d172 @A: 16 35 02 15 | 01
#1542-d172 @A: 16 30 13 31 | 08
#1543-d172 @A: 28 07 16 20 | 12
#1544-d172 @A: 25 03 30 27 | 05
#1545-d172 @A: 11 31 03 30 | 11
#1546-d172 @A: 14 20 30 03 | 04
#1547-d172 @A: 31 18 01 03 | 06
#1548-d172 @A: 02 13 03 01 | 07
#1549-d172 @A: 23 03 14 01 | 02
#1550-d172 @A: 30 35 11 25 | 03
#1551-d172 @A: 28 35 11 31 | 09
#1552-d172 @A: 33 23 11 35 | 10
#1553-d172 @A: 35 23 07 18 | 01
#1554-d172 @A: 29 35 11 14 | 08
#1555-d172 @A: 28 25 20 18 | 12
#1556-d172 @A: 25 15 20 27 | 05
#1557-d172 @A: 06 18 07 25 | 11
#1558-d172 @A: 06 25 01 27 | 04
#1559-d172 @A: 27 29 14 07 | 06
#1560-d172 @A: 01 05 04 16 | 07
#1561-d172 @A: 02 35 04 05 | 02
#1562-d172 @A: 33 05 23 04 | 03
#1563-d172 @A: 19 12 11 05 | 09
#1564-d172 @A: 19 30 05 16 | 10
#1565-d172 @A: 06 19 05 25 | 01
#1566-d172 @A: 20 10 17 05 | 08
#1567-d172 @A: 05 21 17 11 | 12
#1568-d172 @A: 12 05 22 31 | 05
#1569-d172 @A: 05 09 30 12 | 11
#1570-d172 @A: 05 08 28 18 | 04
#1571-d172 @A: 20 05 26 15 | 06
#1572-d172 @A: 05 01 32 13 | 07
#1573-d172 @A: 35 22 05 13 | 02
#1574-d172 @A: 02 05 22 07 | 03
#1575-d172 @A: 31 05 03 16 | 09
#1576-d172 @A: 03 01 05 29 | 10
#1577-d172 @A: 33 20 18 05 | 01
#1578-d172 @A: 18 14 29 05 | 08
#1579-d172 @A: 07 17 18 04 | 12
#1580-d172 @A: 04 26 12 06 | 05
#1581-d172 @A: 03 12 04 23 | 11
#1582-d172 @A: 22 04 23 10 | 04
#1583-d172 @A: 26 32 04 20 | 06
#1584-d172 @A: 04 26 09 18 | 07
#1585-d172 @A: 04 25 01 22 | 02
#1586-d172 @A: 04 25 09 23 | 03
#1587-d172 @A: 35 11 24 04 | 09
#1588-d172 @A: 15 04 18 30 | 10
#1589-d172 @A: 20 19 17 03 | 01
#1590-d172 @A: 19 27 17 14 | 08
#1591-d172 @A: 26 12 19 18 | 12
#1592-d172 @A: 12 13 19 25 | 05
#1593-d172 @A: 26 31 21 19 | 11
#1594-d172 @A: 21 19 30 03 | 04
#1595-d172 @A: 21 19 25 20 | 06
#1596-d172 @A: 22 24 19 23 | 07
#1597-d172 @A: 07 16 19 22 | 02
#1598-d172 @A: 19 35 22 11 | 03
#1599-d172 @A: 09 19 29 20 | 09
#1600-d172 @A: 19 33 23 27 | 10
#1601-d172 @A: 14 19 13 29 | 01
#1602-d172 @A: 10 12 18 17 | 08
#1603-d172 @A: 15 10 17 35 | 12
#1604-d172 @A: 01 10 25 17 | 05
#1605-d172 @A: 03 21 17 31 | 11
#1606-d172 @A: 17 24 23 34 | 04
#1607-d172 @A: 31 25 17 16 | 06
#1608-d172 @A: 29 17 27 35 | 07
#1609-d172 @A: 17 15 01 23 | 02
#1610-d172 @A: 29 17 28 15 | 03
#1611-d172 @A: 12 21 35 28 | 09
#1612-d172 @A: 12 15 24 08 | 10
#1613-d172 @A: 18 12 03 08 | 01
#1614-d172 @A: 12 08 35 06 | 08
#1615-d172 @A: 26 12 28 29 | 12
#1616-d172 @A: 20 07 12 32 | 05
#1617-d172 @A: 09 22 12 28 | 11
#1618-d172 @A: 03 12 06 16 | 04
#1619-d172 @A: 12 29 30 03 | 06
#1620-d172 @A: 12 01 15 30 | 07
#1621-d172 @A: 02 12 31 18 | 02
#1622-d172 @A: 13 12 33 02 | 03
#1623-d172 @A: 10 18 21 26 | 09
#1624-d172 @A: 10 11 09 21 | 10
#1625-d172 @A: 13 16 08 10 | 01
#1626-d172 @A: 02 08 03 10 | 08
#1627-d172 @A: 10 26 22 03 | 12
#1628-d172 @A: 31 02 26 10 | 05
#1629-d172 @A: 06 10 09 22 | 11
#1630-d172 @A: 09 23 10 13 | 04
#1631-d172 @A: 07 30 06 10 | 06
#1632-d172 @A: 27 10 07 20 | 07
#1633-d172 @A: 11 35 08 21 | 02
#1634-d172 @A: 35 02 09 21 | 03
#1635-d172 @A: 11 13 21 06 | 09
#1636-d172 @A: 08 16 30 25 | 10
#1637-d172 @A: 07 08 33 20 | 01
#1638-d172 @A: 15 33 28 08 | 08
#1639-d172 @A: 26 09 01 16 | 12
#1640-d172 @A: 14 09 35 26 | 05
#1641-d172 @A: 26 16 18 24 | 11
#1642-d172 @A: 27 30 31 26 | 04
#1643-d172 @A: 28 26 01 33 | 06
#1644-d172 @A: 01 26 14 06 | 07
#1645-d172 @A: 29 27 11 26 | 02
#1646-d172 @A: 22 23 09 32 | 03
#1647-d172 @A: 35 22 02 32 | 09
#1648-d172 @A: 25 30 34 32 | 10
#1649-d172 @A: 35 32 33 07 | 01
#1650-d172 @A: 30 33 31 32 | 08
#1651-d172 @A: 32 14 30 29 | 12
#1652-d172 @A: 33 32 02 27 | 05
#1653-d172 @A: 20 27 32 18 | 11
#1654-d172 @A: 34 22 25 06 | 04
#1655-d172 @A: 16 24 22 13 | 06
#1656-d172 @A: 30 22 24 25 | 07
#1657-d172 @A: 22 27 13 31 | 02
#1658-d172 @A: 23 02 13 22 | 03
#1659-d172 @A: 22 15 07 27 | 09
#1660-d172 @A: 06 22 15 23 | 10
#1661-d172 @A: 16 11 03 34 | 01
#1662-d172 @A: 16 06 14 34 | 08
#1663-d172 @A: 34 07 31 13 | 12
#1664-d172 @A: 20 13 34 11 | 05
#1665-d172 @A: 01 07 20 34 | 11
#1666-d172 @A: 25 03 09 07 | 04
#1667-d172 @A: 27 09 06 18 | 06
#1668-d172 @A: 33 23 24 20 | 07
#1669-d172 @A: 11 01 24 33 | 02
#1670-d172 @A: 24 02 06 33 | 03
#1671-d172 @A: 14 23 02 24 | 09
#1672-d172 @A: 11 30 02 16 | 10
#1673-d172 @A: 20 16 15 31 | 01
#1674-d172 @A: 33 02 16 07 | 08
#1675-d172 @A: 15 18 16 14 | 12
#1676-d172 @A: 28 27 11 16 | 05
#1677-d172 @A: 02 01 16 23 | 11
#1678-d172 @A: 18 13 03 33 | 04
#1679-d172 @A: 03 28 15 18 | 06
#1680-d172 @A: 18 27 35 25 | 07
#1681-d172 @A: 14 25 23 35 | 02
#1682-d172 @A: 27 02 35 31 | 03
#1683-d172 @A: 35 18 15 13 | 09
#1684-d172 @A: 27 13 35 28 | 10
#1685-d172 @A: 11 27 35 15 | 01
#1686-d172 @A: 14 30 25 07 | 08
#1687-d172 @A: 25 18 15 31 | 12
#1688-d172 @A: 25 23 20 11 | 05
#1689-d172 @A: 29 02 33 28 | 11
