#0001-d245 @A: 20 15 33 04 | 07
#0002-d245 @A: 15 16 13 08 | 01
#0003-d245 @A: 11 03 15 24 | 04
#0004-d245 @A: 02 35 15 18 | 11
#0005-d245 @A: 11 15 10 05 | 06
#0006-d245 @A: 25 16 15 18 | 12
#0007-d245 @A: 33 15 10 28 | 10
#0008-d245 @A: 30 15 12 08 | 02
#0009-d245 @A: 15 23 16 27 | 08
#0010-d245 @A: 34 01 23 15 | 05
#0011-d245 @A: 34 14 07 15 | 03
#0012-d245 @A: 09 23 32 15 | 09
#0013-d245 @A: 06 15 22 14 | 07
#0014-d245 @A: 15 19 26 14 | 01
#0015-d245 @A: 27 21 19 15 | 04
#0016-d245 @A: 13 20 11 04 | 11
#0017-d245 @A: 28 21 13 20 | 06
#0018-d245 @A: 23 27 13 20 | 12
#0019-d245 @A: 24 04 17 20 | 10
#0020-d245 @A: 12 19 11 20 | 02
#0021-d245 @A: 28 25 08 20 | 08
#0022-d245 @A: 05 20 09 34 | 05
#0023-d245 @A: 20 18 08 31 | 03
#0024-d245 @A: 20 29 23 30 | 09
#0025-d245 @A: 28 20 06 04 | 07
#0026-d245 @A: 12 09 20 07 | 01
#0027-d245 @A: 17 09 20 27 | 04
#0028-d245 @A: 14 20 22 01 | 11
#0029-d245 @A: 30 13 10 02 | 06
#0030-d245 @A: 11 05 26 13 | 12
#0031-d245 @A: 13 35 25 09 | 10
#0032-d245 @A: 16 07 05 13 | 02
#0033-d245 @A: 31 34 13 05 | 08
#0034-d245 @A: 13 19 31 35 | 05
#0035-d245 @A: 13 33 18 28 | 03
#0036-d245 @A: 13 03 08 09 | 09
#0037-d245 @A: 23 29 13 22 | 07
#0038-d245 @A: 06 26 29 13 | 01
#0039-d245 @A: 13 22 16 21 | 04
#0040-d245 @A: 03 13 04 31 | 11
#0041-d245 @A: 03 21 34 13 | 06
#0042-d245 @A: 23 06 13 30 | 12
#0043-d245 @A: 22 13 12 18 | 10
#0044-d245 @A: 29 02 24 19 | 02
#0045-d245 @A: 24 03 16 02 | 08
#0046-d245 @A: 24 02 23 14 | 05
#0047-d245 @A: 27 24 11 33 | 03
#0048-d245 @A: 24 21 23 11 | 09
#0049-d245 @A: 24 05 08 06 | 07
#0050-d245 @A: 21 30 24 05 | 01
#0051-d245 @A: 09 19 24 35 | 04
#0052-d245 @A: 08 14 24 33 | 11
#0053-d245 @A: 26 33 04 24 | 06
#0054-d245 @A: 24 08 29 17 | 12
#0055-d245 @A: 07 29 16 24 | 10
#0056-d245 @A: 16 24 32 23 | 02
#0057-d245 @A: 04 01 24 16 | 08
#0058-d245 @A: 30 22 24 34 | 05
#0059-d245 @A: 14 24 32 17 | 03
#0060-d245 @A: 06 24 12 09 | 09
#0061-d245 @A: 01 24 21 17 | 07
#0062-d245 @A: 10 04 18 24 | 01
#0063-d245 @A: 21 24 27 18 | 04
#0064-d245 @A: 07 02 33 11 | 11
#0065-d245 @A: 26 25 02 30 | 06
#0066-d245 @A: 02 32 25 23 | 12
#0067-d245 @A: 27 02 25 21 | 10
#0068-d245 @A: 26 05 02 18 | 02
#0069-d245 @A: 08 02 14 35 | 08
#0070-d245 @A: 02 32 35 29 | 05
#0071-d245 @A: 02 22 32 33 | 03
#0072-d245 @A: 28 09 16 02 | 09
#0073-d245 @A: 31 02 14 04 | 07
#0074-d245 @A: 04 34 02 09 | 01
#0075-d245 @A: 21 34 02 22 | 04
#0076-d245 @A: 28 23 02 17 | 11
#0077-d245 @A: 12 01 32 02 | 06
#0078-d245 @A: 35 11 06 25 | 12
#0079-d245 @A: 28 33 04 11 | 10
#0080-d245 @A: 11 08 31 07 | 02
#0081-d245 @A: 11 34 22 16 | 08
#0082-d245 @A: 16 23 11 09 | 05
#0083-d245 @A: 11 09 32 22 | 03
#0084-d245 @A: 12 18 07 11 | 09
#0085-d245 @A: 22 10 11 07 | 07
#0086-d245 @A: 07 27 11 01 | 01
#0087-d245 @A: 06 11 18 07 | 04
#0088-d245 @A: 25 05 01 06 | 11
#0089-d245 @A: 21 33 25 35 | 06
#0090-d245 @A: 35 25 32 34 | 12
#0091-d245 @A: 27 25 19 35 | 10
#0092-d245 @A: 08 25 09 31 | 02
#0093-d245 @A: 16 09 25 34 | 08
#0094-d245 @A: 12 25 34 28 | 05
#0095-d245 @A: 09 01 22 25 | 03
#0096-d245 @A: 25 19 26 06 | 09
#0097-d245 @A: 04 33 35 05 | 07
#0098-d245 @A: 34 23 32 05 | 01
#0099-d245 @A: 28 12 30 05 | 04
#0100-d245 @A: 28 09 26 05 | 11
#0101-d245 @A: 23 17 05 27 | 06
#0102-d245 @A: 32 27 05 18 | 12
#0103-d245 @A: 07 05 04 22 | 10
#0104-d245 @A: 05 03 19 26 | 02
#0105-d245 @A: 21 26 05 14 | 08
#0106-d245 @A: 27 33 35 29 | 05
#0107-d245 @A: 10 08 26 35 | 03
#0108-d245 @A: 29 19 35 16 | 09
#0109-d245 @A: 35 04 21 23 | 07
#0110-d245 @A: 10 09 22 35 | 01
#0111-d245 @A: 21 07 26 35 | 04
#0112-d245 @A: 06 12 03 35 | 11
#0113-d245 @A: 19 26 35 22 | 06
#0114-d245 @A: 23 29 33 32 | 12
#0115-d245 @A: 27 16 22 33 | 10
#0116-d245 @A: 10 30 07 33 | 02
#0117-d245 @A: 33 27 07 18 | 08
#0118-d245 @A: 17 12 04 33 | 05
#0119-d245 @A: 33 19 27 17 | 03
#0120-d245 @A: 33 04 27 21 | 09
#0121-d245 @A: 27 34 29 08 | 07
#0122-d245 @A: 19 08 23 29 | 01
#0123-d245 @A: 34 19 30 08 | 04
#0124-d245 @A: 21 08 30 01 | 11
#0125-d245 @A: 07 21 10 08 | 06
#0126-d245 @A: 26 27 08 14 | 12
#0127-d245 @A: 31 29 30 22 | 10
#0128-d245 @A: 10 01 34 16 | 02
#0129-d245 @A: 04 16 30 28 | 08
#0130-d245 @A: 23 10 16 28 | 05
#0131-d245 @A: 16 26 12 21 | 03
#0132-d245 @A: 28 34 31 32 | 09
#0133-d245 @A: 31 34 09 01 | 07
#0134-d245 @A: 26 31 04 32 | 01
#0135-d245 @A: 14 18 31 12 | 04
#0136-d245 @A: 07 30 34 28 | 11
#0137-d245 @A: 34 27 32 04 | 06
#0138-d245 @A: 34 14 03 04 | 12
#0139-d245 @A: 34 18 01 03 | 10
#0140-d245 @A: 28 23 32 18 | 02
#0141-d245 @A: 28 10 21 32 | 08
#0142-d245 @A: 09 19 28 03 | 05
#0143-d245 @A: 07 28 06 14 | 03
#0144-d245 @A: 26 27 30 23 | 09
#0145-d245 @A: 07 14 30 21 | 07
#0146-d245 @A: 30 12 17 22 | 01
#0147-d245 @A: 14 03 23 07 | 04
#0148-d245 @A: 04 14 23 27 | 11
#0149-d245 @A: 23 18 26 14 | 06
#0150-d245 @A: 08 21 24 15 | 12
#0151-d245 @A: 34 02 15 25 | 10
#0152-d245 @A: 16 15 11 17 | 02
#0153-d245 @A: 22 31 25 15 | 08
#0154-d245 @A: 15 16 09 35 | 05
#0155-d245 @A: 23 15 33 14 | 03
#0156-d245 @A: 15 17 32 10 | 09
#0157-d245 @A: 17 09 15 01 | 07
#0158-d245 @A: 03 07 22 15 | 01
#0159-d245 @A: 15 17 19 04 | 04
#0160-d245 @A: 20 12 13 05 | 11
#0161-d245 @A: 13 14 20 34 | 06
#0162-d245 @A: 31 20 32 11 | 12
#0163-d245 @A: 11 20 10 27 | 10
#0164-d245 @A: 30 20 21 35 | 02
#0165-d245 @A: 32 20 34 08 | 08
#0166-d245 @A: 20 04 12 08 | 05
#0167-d245 @A: 20 18 29 28 | 03
#0168-d245 @A: 20 16 34 12 | 09
#0169-d245 @A: 20 16 01 23 | 07
#0170-d245 @A: 20 19 34 31 | 01
#0171-d245 @A: 18 04 20 32 | 04
#0172-d245 @A: 10 03 20 09 | 11
#0173-d245 @A: 03 27 20 22 | 06
#0174-d245 @A: 21 19 20 17 | 12
#0175-d245 @A: 31 02 24 13 | 10
#0176-d245 @A: 11 24 10 13 | 02
#0177-d245 @A: 13 32 02 27 | 08
#0178-d245 @A: 06 05 13 11 | 05
#0179-d245 @A: 30 11 27 13 | 03
#0180-d245 @A: 23 03 25 13 | 09
#0181-d245 @A: 32 13 35 08 | 07
#0182-d245 @A: 13 33 26 29 | 01
#0183-d245 @A: 29 19 32 13 | 04
#0184-d245 @A: 16 13 03 06 | 11
#0185-d245 @A: 13 16 04 18 | 06
#0186-d245 @A: 13 21 23 31 | 12
#0187-d245 @A: 23 07 13 10 | 10
#0188-d245 @A: 17 18 09 13 | 02
#0189-d245 @A: 17 12 19 13 | 08
#0190-d245 @A: 17 13 18 06 | 05
#0191-d245 @A: 04 19 01 13 | 03
#0192-d245 @A: 33 02 24 05 | 09
#0193-d245 @A: 25 19 23 24 | 07
#0194-d245 @A: 24 05 31 26 | 01
#0195-d245 @A: 03 35 24 34 | 04
#0196-d245 @A: 23 24 17 35 | 11
#0197-d245 @A: 28 12 08 24 | 06
#0198-d245 @A: 10 23 24 08 | 12
#0199-d245 @A: 31 24 34 16 | 10
#0200-d245 @A: 24 30 18 16 | 02
#0201-d245 @A: 31 24 22 28 | 08
#0202-d245 @A: 31 06 10 24 | 05
#0203-d245 @A: 04 24 19 34 | 03
#0204-d245 @A: 06 24 30 18 | 09
#0205-d245 @A: 24 07 23 06 | 07
#0206-d245 @A: 24 18 19 32 | 01
#0207-d245 @A: 03 18 24 26 | 04
#0208-d245 @A: 17 24 27 26 | 11
#0209-d245 @A: 23 02 11 26 | 06
#0210-d245 @A: 02 08 19 25 | 12
#0211-d245 @A: 29 03 25 02 | 10
#0212-d245 @A: 28 02 21 35 | 02
#0213-d245 @A: 02 26 33 31 | 08
#0214-d245 @A: 16 26 08 02 | 05
#0215-d245 @A: 02 32 14 34 | 03
#0216-d245 @A: 19 02 09 18 | 09
#0217-d245 @A: 12 04 21 02 | 07
#0218-d245 @A: 03 22 04 02 | 01
#0219-d245 @A: 18 22 02 10 | 04
#0220-d245 @A: 06 22 02 27 | 11
#0221-d245 @A: 02 17 26 19 | 06
#0222-d245 @A: 02 10 06 19 | 12
#0223-d245 @A: 02 01 27 18 | 10
#0224-d245 @A: 08 25 11 29 | 02
#0225-d245 @A: 12 33 32 11 | 08
#0226-d245 @A: 29 31 11 18 | 05
#0227-d245 @A: 29 17 11 23 | 03
#0228-d245 @A: 16 26 28 11 | 09
#0229-d245 @A: 31 04 34 11 | 07
#0230-d245 @A: 11 17 28 34 | 01
#0231-d245 @A: 17 06 11 34 | 04
#0232-d245 @A: 23 06 22 11 | 11
#0233-d245 @A: 01 11 14 06 | 06
#0234-d245 @A: 35 17 25 12 | 12
#0235-d245 @A: 25 32 07 29 | 10
#0236-d245 @A: 22 25 27 17 | 02
#0237-d245 @A: 06 27 17 25 | 08
#0238-d245 @A: 08 04 05 34 | 05
#0239-d245 @A: 30 03 05 29 | 03
#0240-d245 @A: 18 05 04 03 | 09
#0241-d245 @A: 27 05 21 03 | 07
#0242-d245 @A: 14 05 17 01 | 01
#0243-d245 @A: 19 17 06 05 | 04
#0244-d245 @A: 08 35 18 34 | 11
#0245-d245 @A: 34 29 10 35 | 06
#0246-d245 @A: 35 29 28 06 | 12
#0247-d245 @A: 06 35 30 31 | 10
#0248-d245 @A: 28 27 35 34 | 02
#0249-d245 @A: 35 12 22 27 | 08
#0250-d245 @A: 27 08 30 33 | 05
#0251-d245 @A: 30 16 33 17 | 03
#0252-d245 @A: 23 10 17 33 | 09
#0253-d245 @A: 22 33 06 07 | 07
#0254-d245 @A: 10 19 33 26 | 01
#0255-d245 @A: 33 26 21 18 | 04
#0256-d245 @A: 08 22 34 23 | 11
#0257-d245 @A: 32 03 12 08 | 06
#0258-d245 @A: 12 08 21 17 | 12
#0259-d245 @A: 29 16 22 28 | 10
#0260-d245 @A: 06 21 29 31 | 02
#0261-d245 @A: 32 29 30 34 | 08
#0262-d245 @A: 26 28 29 03 | 05
#0263-d245 @A: 29 30 04 21 | 03
#0264-d245 @A: 01 29 23 21 | 09
#0265-d245 @A: 14 09 29 32 | 07
#0266-d245 @A: 09 26 29 27 | 01
#0267-d245 @A: 27 29 07 14 | 04
#0268-d245 @A: 23 34 17 16 | 11
#0269-d245 @A: 23 16 28 06 | 06
#0270-d245 @A: 32 12 16 18 | 12
#0271-d245 @A: 14 32 26 16 | 10
#0272-d245 @A: 01 21 16 03 | 02
#0273-d245 @A: 22 10 31 14 | 08
#0274-d245 @A: 06 19 22 31 | 05
#0275-d245 @A: 26 18 34 04 | 03
#0276-d245 @A: 22 10 03 28 | 09
#0277-d245 @A: 30 26 09 04 | 07
#0278-d245 @A: 27 30 09 18 | 01
#0279-d245 @A: 14 03 18 30 | 04
#0280-d245 @A: 30 01 03 26 | 11
#0281-d245 @A: 21 23 07 27 | 06
#0282-d245 @A: 23 21 26 10 | 12
#0283-d245 @A: 06 32 21 12 | 10
#0284-d245 @A: 31 03 20 15 | 02
#0285-d245 @A: 28 24 19 15 | 08
#0286-d245 @A: 28 15 25 11 | 05
#0287-d245 @A: 05 34 15 19 | 03
#0288-d245 @A: 04 15 05 28 | 09
#0289-d245 @A: 16 15 33 07 | 07
#0290-d245 @A: 26 33 15 30 | 01
#0291-d245 @A: 06 33 15 12 | 04
#0292-d245 @A: 28 12 15 16 | 11
#0293-d245 @A: 07 35 20 13 | 06
#0294-d245 @A: 20 24 07 08 | 12
#0295-d245 @A: 03 20 08 02 | 10
#0296-d245 @A: 02 20 23 04 | 02
#0297-d245 @A: 25 20 14 11 | 08
#0298-d245 @A: 34 11 33 20 | 05
#0299-d245 @A: 11 06 20 30 | 03
#0300-d245 @A: 25 20 31 26 | 09
#0301-d245 @A: 25 27 34 20 | 07
#0302-d245 @A: 20 10 25 18 | 01
#0303-d245 @A: 22 05 20 23 | 04
#0304-d245 @A: 20 35 16 22 | 11
#0305-d245 @A: 35 20 31 27 | 06
#0306-d245 @A: 04 20 35 28 | 12
#0307-d245 @A: 28 33 20 31 | 10
#0308-d245 @A: 06 20 26 33 | 02
#0309-d245 @A: 29 20 09 21 | 08
#0310-d245 @A: 04 34 07 20 | 05
#0311-d245 @A: 19 32 01 20 | 03
#0312-d245 @A: 20 12 26 01 | 09
#0313-d245 @A: 20 06 01 03 | 07
#0314-d245 @A: 21 22 18 20 | 01
#0315-d245 @A: 26 25 24 13 | 04
#0316-d245 @A: 17 05 24 13 | 11
#0317-d245 @A: 24 30 13 23 | 06
#0318-d245 @A: 28 13 26 02 | 12
#0319-d245 @A: 07 02 13 06 | 10
#0320-d245 @A: 03 35 30 13 | 02
#0321-d245 @A: 34 10 08 13 | 08
#0322-d245 @A: 28 13 07 08 | 05
#0323-d245 @A: 28 13 31 12 | 03
#0324-d245 @A: 19 13 34 22 | 09
#0325-d245 @A: 19 28 13 06 | 07
#0326-d245 @A: 19 13 14 09 | 01
#0327-d245 @A: 13 06 21 22 | 04
#0328-d245 @A: 19 10 13 18 | 11
#0329-d245 @A: 32 08 24 02 | 06
#0330-d245 @A: 02 18 28 24 | 12
#0331-d245 @A: 28 24 25 06 | 10
#0332-d245 @A: 10 24 29 05 | 02
#0333-d245 @A: 24 30 14 29 | 08
#0334-d245 @A: 26 23 29 24 | 05
#0335-d245 @A: 10 32 24 34 | 03
#0336-d245 @A: 24 09 21 12 | 09
#0337-d245 @A: 27 24 07 03 | 07
#0338-d245 @A: 22 17 24 03 | 01
#0339-d245 @A: 03 19 24 10 | 04
#0340-d245 @A: 24 04 22 27 | 11
#0341-d245 @A: 24 27 19 14 | 06
#0342-d245 @A: 17 24 06 26 | 12
#0343-d245 @A: 10 24 01 27 | 10
#0344-d245 @A: 27 24 06 01 | 02
#0345-d245 @A: 02 05 23 10 | 08
#0346-d245 @A: 27 30 02 35 | 05
#0347-d245 @A: 01 35 02 23 | 03
#0348-d245 @A: 02 08 31 10 | 09
#0349-d245 @A: 23 16 22 02 | 07
#0350-d245 @A: 14 16 02 27 | 01
#0351-d245 @A: 22 01 02 31 | 04
#0352-d245 @A: 32 02 07 19 | 11
#0353-d245 @A: 14 18 02 07 | 06
#0354-d245 @A: 25 05 09 11 | 12
#0355-d245 @A: 33 26 25 11 | 10
#0356-d245 @A: 11 05 29 01 | 02
#0357-d245 @A: 14 05 11 16 | 08
#0358-d245 @A: 05 11 23 03 | 05
#0359-d245 @A: 04 11 35 29 | 03
#0360-d245 @A: 18 11 08 30 | 09
#0361-d245 @A: 23 11 01 31 | 07
#0362-d245 @A: 09 17 12 11 | 01
#0363-d245 @A: 14 18 11 04 | 04
#0364-d245 @A: 17 11 21 10 | 11
#0365-d245 @A: 11 19 18 27 | 06
#0366-d245 @A: 35 25 16 01 | 12
#0367-d245 @A: 29 10 25 33 | 10
#0368-d245 @A: 25 23 12 33 | 02
#0369-d245 @A: 06 31 25 18 | 08
#0370-d245 @A: 26 28 04 25 | 05
#0371-d245 @A: 10 09 25 17 | 03
#0372-d245 @A: 14 25 12 27 | 09
#0373-d245 @A: 22 04 18 25 | 07
#0374-d245 @A: 31 05 03 14 | 01
#0375-d245 @A: 34 14 05 30 | 04
#0376-d245 @A: 07 06 10 05 | 11
#0377-d245 @A: 35 18 19 33 | 06
#0378-d245 @A: 30 35 08 17 | 12
#0379-d245 @A: 35 08 21 06 | 10
#0380-d245 @A: 07 35 18 29 | 02
#0381-d245 @A: 31 26 28 35 | 08
#0382-d245 @A: 35 30 09 34 | 05
#0383-d245 @A: 10 06 23 35 | 03
#0384-d245 @A: 10 32 03 35 | 09
#0385-d245 @A: 17 32 35 19 | 07
#0386-d245 @A: 14 35 22 18 | 01
#0387-d245 @A: 33 08 04 23 | 04
#0388-d245 @A: 33 29 34 12 | 11
#0389-d245 @A: 04 03 33 32 | 06
#0390-d245 @A: 27 33 14 32 | 12
#0391-d245 @A: 06 04 03 33 | 10
#0392-d245 @A: 08 34 16 14 | 02
#0393-d245 @A: 18 32 08 22 | 08
#0394-d245 @A: 01 26 08 07 | 05
#0395-d245 @A: 08 12 10 22 | 03
#0396-d245 @A: 03 29 01 19 | 09
#0397-d245 @A: 29 10 22 17 | 07
#0398-d245 @A: 10 18 16 31 | 01
#0399-d245 @A: 16 09 34 06 | 04
#0400-d245 @A: 19 03 30 16 | 11
#0401-d245 @A: 09 32 16 19 | 06
#0402-d245 @A: 14 16 07 09 | 12
#0403-d245 @A: 27 01 09 16 | 10
#0404-d245 @A: 12 14 04 16 | 02
#0405-d245 @A: 30 23 31 34 | 08
#0406-d245 @A: 23 07 26 31 | 05
#0407-d245 @A: 21 31 01 26 | 03
#0408-d245 @A: 34 32 19 21 | 09
#0409-d245 @A: 17 34 09 03 | 07
#0410-d245 @A: 07 34 21 06 | 01
#0411-d245 @A: 01 28 07 09 | 04
#0412-d245 @A: 09 22 28 21 | 11
#0413-d245 @A: 01 04 28 12 | 06
#0414-d245 @A: 27 28 12 06 | 12
#0415-d245 @A: 04 22 14 28 | 10
#0416-d245 @A: 12 30 32 14 | 02
#0417-d245 @A: 30 17 26 14 | 08
#0418-d245 @A: 23 03 32 21 | 05
#0419-d245 @A: 01 23 32 26 | 03
#0420-d245 @A: 23 09 04 10 | 09
#0421-d245 @A: 22 23 19 10 | 07
#0422-d245 @A: 14 03 17 06 | 01
#0423-d245 @A: 15 35 11 20 | 04
#0424-d245 @A: 34 21 15 20 | 11
#0425-d245 @A: 20 15 22 12 | 06
#0426-d245 @A: 02 15 04 13 | 12
#0427-d245 @A: 15 05 25 13 | 10
#0428-d245 @A: 13 35 15 26 | 02
#0429-d245 @A: 29 10 15 02 | 08
#0430-d245 @A: 19 11 15 01 | 05
#0431-d245 @A: 25 26 15 23 | 03
#0432-d245 @A: 26 05 15 22 | 09
#0433-d245 @A: 15 08 35 01 | 07
#0434-d245 @A: 34 15 35 12 | 01
#0435-d245 @A: 15 23 30 35 | 04
#0436-d245 @A: 16 15 01 29 | 11
#0437-d245 @A: 15 34 09 28 | 06
#0438-d245 @A: 15 03 30 34 | 12
#0439-d245 @A: 07 15 23 28 | 10
#0440-d245 @A: 18 07 15 26 | 02
#0441-d245 @A: 15 01 03 12 | 08
#0442-d245 @A: 17 12 14 15 | 05
#0443-d245 @A: 06 12 15 10 | 03
#0444-d245 @A: 15 14 01 04 | 09
#0445-d245 @A: 15 26 01 10 | 07
#0446-d245 @A: 24 06 20 22 | 01
#0447-d245 @A: 30 17 20 02 | 04
#0448-d245 @A: 12 30 25 20 | 11
#0449-d245 @A: 05 08 20 27 | 06
#0450-d245 @A: 01 20 10 35 | 12
#0451-d245 @A: 20 17 16 08 | 10
#0452-d245 @A: 06 07 20 08 | 02
#0453-d245 @A: 32 29 16 20 | 08
#0454-d245 @A: 34 30 18 20 | 05
#0455-d245 @A: 20 09 14 23 | 03
#0456-d245 @A: 20 14 32 21 | 09
#0457-d245 @A: 13 07 12 24 | 07
#0458-d245 @A: 21 13 29 02 | 01
#0459-d245 @A: 10 13 16 25 | 04
#0460-d245 @A: 09 13 33 27 | 11
#0461-d245 @A: 31 18 13 30 | 06
#0462-d245 @A: 23 31 06 13 | 12
#0463-d245 @A: 13 18 26 32 | 10
#0464-d245 @A: 01 13 14 12 | 02
#0465-d245 @A: 02 24 07 25 | 08
#0466-d245 @A: 09 02 17 24 | 05
#0467-d245 @A: 19 05 11 24 | 03
#0468-d245 @A: 17 24 16 25 | 09
#0469-d245 @A: 01 24 05 23 | 07
#0470-d245 @A: 14 24 05 04 | 01
#0471-d245 @A: 24 33 23 07 | 04
#0472-d245 @A: 28 29 32 24 | 11
#0473-d245 @A: 09 24 03 14 | 06
#0474-d245 @A: 10 17 24 12 | 12
#0475-d245 @A: 26 12 24 19 | 10
#0476-d245 @A: 01 02 11 17 | 02
#0477-d245 @A: 02 06 25 14 | 08
#0478-d245 @A: 12 05 02 35 | 05
#0479-d245 @A: 05 02 08 01 | 03
#0480-d245 @A: 21 08 33 02 | 09
#0481-d245 @A: 17 08 34 02 | 07
#0482-d245 @A: 02 06 32 28 | 01
#0483-d245 @A: 07 26 02 03 | 04
#0484-d245 @A: 22 26 12 02 | 11
#0485-d245 @A: 27 26 02 10 | 06
#0486-d245 @A: 21 05 11 33 | 12
#0487-d245 @A: 35 11 28 08 | 10
#0488-d245 @A: 35 11 31 21 | 02
#0489-d245 @A: 14 35 11 34 | 08
#0490-d245 @A: 11 35 23 12 | 05
#0491-d245 @A: 33 11 29 14 | 03
#0492-d245 @A: 26 12 11 29 | 09
#0493-d245 @A: 16 11 21 27 | 07
#0494-d245 @A: 06 28 31 11 | 01
#0495-d245 @A: 34 09 19 11 | 04
#0496-d245 @A: 23 28 11 30 | 11
#0497-d245 @A: 28 03 07 11 | 06
#0498-d245 @A: 11 32 04 21 | 12
#0499-d245 @A: 22 11 03 12 | 10
#0500-d245 @A: 29 25 14 28 | 02
#0501-d245 @A: 21 25 12 31 | 08
#0502-d245 @A: 28 30 22 25 | 05
#0503-d245 @A: 30 14 09 25 | 03
#0504-d245 @A: 32 19 26 25 | 09
#0505-d245 @A: 26 25 14 07 | 07
#0506-d245 @A: 29 17 35 05 | 01
#0507-d245 @A: 18 30 35 05 | 04
#0508-d245 @A: 26 05 35 23 | 11
#0509-d245 @A: 09 03 05 35 | 06
#0510-d245 @A: 34 18 05 07 | 12
#0511-d245 @A: 26 35 33 16 | 10
#0512-d245 @A: 27 23 08 35 | 02
#0513-d245 @A: 35 29 26 30 | 08
#0514-d245 @A: 28 03 35 16 | 05
#0515-d245 @A: 23 16 07 35 | 03
#0516-d245 @A: 30 35 32 28 | 09
#0517-d245 @A: 14 04 09 35 | 07
#0518-d245 @A: 35 17 27 01 | 01
#0519-d245 @A: 33 31 29 03 | 04
#0520-d245 @A: 33 34 10 31 | 11
#0521-d245 @A: 32 01 34 33 | 06
#0522-d245 @A: 18 03 33 22 | 12
#0523-d245 @A: 33 21 17 22 | 10
#0524-d245 @A: 08 16 09 29 | 02
#0525-d245 @A: 07 08 29 30 | 08
#0526-d245 @A: 06 14 16 08 | 05
#0527-d245 @A: 31 23 32 08 | 03
#0528-d245 @A: 22 31 17 08 | 09
#0529-d245 @A: 08 12 14 07 | 07
#0530-d245 @A: 08 04 18 07 | 01
#0531-d245 @A: 01 12 27 08 | 04
#0532-d245 @A: 06 22 03 08 | 11
#0533-d245 @A: 21 16 31 29 | 06
#0534-d245 @A: 12 01 29 17 | 12
#0535-d245 @A: 18 27 12 29 | 10
#0536-d245 @A: 16 06 12 30 | 02
#0537-d245 @A: 16 04 03 07 | 08
#0538-d245 @A: 04 16 06 07 | 05
#0539-d245 @A: 26 16 04 22 | 03
#0540-d245 @A: 31 27 34 26 | 09
#0541-d245 @A: 31 07 22 09 | 07
#0542-d245 @A: 19 31 12 09 | 01
#0543-d245 @A: 09 31 04 17 | 04
#0544-d245 @A: 14 17 31 07 | 11
#0545-d245 @A: 31 21 03 22 | 06
#0546-d245 @A: 31 18 04 27 | 12
#0547-d245 @A: 30 17 27 34 | 10
#0548-d245 @A: 26 34 19 07 | 02
#0549-d245 @A: 14 12 34 10 | 08
#0550-d245 @A: 14 01 26 34 | 05
#0551-d245 @A: 21 28 19 07 | 03
#0552-d245 @A: 19 28 22 27 | 09
#0553-d245 @A: 19 17 28 18 | 07
#0554-d245 @A: 01 28 06 10 | 01
#0555-d245 @A: 21 23 09 30 | 04
#0556-d245 @A: 23 12 30 07 | 11
#0557-d245 @A: 30 10 23 03 | 06
#0558-d245 @A: 30 32 26 10 | 12
#0559-d245 @A: 01 30 09 12 | 10
#0560-d245 @A: 30 03 21 17 | 02
#0561-d245 @A: 18 17 03 23 | 08
#0562-d245 @A: 06 22 17 10 | 05
#0563-d245 @A: 15 13 29 07 | 03
#0564-d245 @A: 13 23 19 15 | 09
#0565-d245 @A: 24 15 02 01 | 07
#0566-d245 @A: 07 15 24 05 | 01
#0567-d245 @A: 29 12 24 15 | 04
#0568-d245 @A: 08 15 02 09 | 11
#0569-d245 @A: 02 15 06 16 | 06
#0570-d245 @A: 15 03 27 25 | 12
#0571-d245 @A: 23 15 05 12 | 10
#0572-d245 @A: 22 35 15 33 | 02
#0573-d245 @A: 27 33 15 31 | 08
#0574-d245 @A: 16 14 31 15 | 05
#0575-d245 @A: 21 15 16 10 | 03
#0576-d245 @A: 15 31 18 34 | 09
#0577-d245 @A: 21 15 30 31 | 07
#0578-d245 @A: 14 21 15 09 | 01
#0579-d245 @A: 04 15 27 07 | 04
#0580-d245 @A: 04 15 22 21 | 11
#0581-d245 @A: 20 09 02 13 | 06
#0582-d245 @A: 20 26 13 08 | 12
#0583-d245 @A: 33 20 02 14 | 10
#0584-d245 @A: 11 01 08 20 | 02
#0585-d245 @A: 20 29 11 22 | 08
#0586-d245 @A: 23 20 33 26 | 05
#0587-d245 @A: 14 20 08 30 | 03
#0588-d245 @A: 31 20 16 09 | 09
#0589-d245 @A: 16 20 14 28 | 07
#0590-d245 @A: 34 20 22 28 | 01
#0591-d245 @A: 20 34 06 27 | 04
#0592-d245 @A: 22 26 20 07 | 11
#0593-d245 @A: 34 33 13 24 | 06
#0594-d245 @A: 02 13 03 05 | 12
#0595-d245 @A: 35 22 02 13 | 10
#0596-d245 @A: 16 13 11 29 | 02
#0597-d245 @A: 01 11 13 03 | 08
#0598-d245 @A: 05 01 09 13 | 05
#0599-d245 @A: 35 14 33 13 | 03
#0600-d245 @A: 13 23 01 33 | 09
#0601-d245 @A: 13 33 19 21 | 07
#0602-d245 @A: 04 07 13 32 | 01
#0603-d245 @A: 10 13 12 26 | 04
#0604-d245 @A: 27 10 22 13 | 11
#0605-d245 @A: 21 02 26 24 | 06
#0606-d245 @A: 11 07 34 24 | 12
#0607-d245 @A: 03 24 11 06 | 10
#0608-d245 @A: 35 24 07 28 | 02
#0609-d245 @A: 24 21 33 29 | 08
#0610-d245 @A: 22 26 24 08 | 05
#0611-d245 @A: 09 24 22 16 | 03
#0612-d245 @A: 24 21 28 34 | 09
#0613-d245 @A: 02 05 14 25 | 07
#0614-d245 @A: 16 05 34 02 | 01
#0615-d245 @A: 23 02 30 33 | 04
#0616-d245 @A: 02 29 04 08 | 11
#0617-d245 @A: 29 02 30 18 | 06
#0618-d245 @A: 29 02 07 22 | 12
#0619-d245 @A: 30 16 21 02 | 10
#0620-d245 @A: 01 09 10 02 | 02
#0621-d245 @A: 10 12 19 02 | 08
#0622-d245 @A: 25 31 11 10 | 05
#0623-d245 @A: 11 08 27 32 | 03
#0624-d245 @A: 07 30 16 11 | 09
#0625-d245 @A: 11 30 12 31 | 07
#0626-d245 @A: 34 11 23 10 | 01
#0627-d245 @A: 10 11 03 18 | 04
#0628-d245 @A: 10 23 35 25 | 11
#0629-d245 @A: 16 06 33 25 | 06
#0630-d245 @A: 03 33 34 25 | 12
#0631-d245 @A: 23 25 30 08 | 10
#0632-d245 @A: 07 34 25 31 | 02
#0633-d245 @A: 23 25 06 34 | 08
#0634-d245 @A: 09 25 32 21 | 05
#0635-d245 @A: 25 21 22 07 | 03
#0636-d245 @A: 22 33 29 05 | 09
#0637-d245 @A: 28 33 05 03 | 07
#0638-d245 @A: 12 05 08 29 | 01
#0639-d245 @A: 06 05 26 31 | 04
#0640-d245 @A: 05 09 10 14 | 11
#0641-d245 @A: 19 18 05 14 | 06
#0642-d245 @A: 19 10 05 27 | 12
#0643-d245 @A: 06 16 22 35 | 10
#0644-d245 @A: 31 35 22 34 | 02
#0645-d245 @A: 35 07 10 14 | 08
#0646-d245 @A: 19 07 01 35 | 05
#0647-d245 @A: 01 35 04 18 | 03
#0648-d245 @A: 23 03 33 16 | 09
#0649-d245 @A: 23 27 33 28 | 07
#0650-d245 @A: 33 22 07 19 | 01
#0651-d245 @A: 12 33 19 03 | 04
#0652-d245 @A: 21 14 03 33 | 11
#0653-d245 @A: 30 08 16 32 | 06
#0654-d245 @A: 12 08 34 31 | 12
#0655-d245 @A: 14 32 04 08 | 10
#0656-d245 @A: 22 08 14 09 | 02
#0657-d245 @A: 06 10 08 09 | 08
#0658-d245 @A: 08 17 03 14 | 05
#0659-d245 @A: 29 34 03 16 | 03
#0660-d245 @A: 34 17 29 31 | 09
#0661-d245 @A: 19 29 34 14 | 07
#0662-d245 @A: 29 30 28 27 | 01
#0663-d245 @A: 14 21 29 22 | 04
#0664-d245 @A: 29 14 04 17 | 11
#0665-d245 @A: 01 06 29 17 | 06
#0666-d245 @A: 29 10 27 04 | 12
#0667-d245 @A: 29 18 19 06 | 10
#0668-d245 @A: 09 18 03 16 | 02
#0669-d245 @A: 06 14 31 34 | 08
#0670-d245 @A: 14 31 19 32 | 05
#0671-d245 @A: 04 06 31 27 | 03
#0672-d245 @A: 01 18 19 31 | 09
#0673-d245 @A: 28 23 34 14 | 07
#0674-d245 @A: 12 19 34 01 | 01
#0675-d245 @A: 26 03 34 10 | 04
#0676-d245 @A: 34 18 27 22 | 11
#0677-d245 @A: 10 04 34 21 | 06
#0678-d245 @A: 14 09 28 18 | 12
#0679-d245 @A: 28 17 03 04 | 10
#0680-d245 @A: 01 28 17 10 | 02
#0681-d245 @A: 26 28 01 19 | 08
#0682-d245 @A: 30 32 03 07 | 05
#0683-d245 @A: 17 32 01 30 | 03
#0684-d245 @A: 19 30 10 09 | 09
#0685-d245 @A: 01 30 04 07 | 07
#0686-d245 @A: 30 12 21 19 | 01
#0687-d245 @A: 14 30 06 04 | 04
#0688-d245 @A: 30 10 14 27 | 11
#0689-d245 @A: 32 22 07 23 | 06
#0690-d245 @A: 06 32 23 01 | 12
#0691-d245 @A: 18 23 09 07 | 10
#0692-d245 @A: 09 12 23 26 | 02
#0693-d245 @A: 03 27 09 23 | 08
#0694-d245 @A: 14 19 12 23 | 05
#0695-d245 @A: 17 23 14 21 | 03
#0696-d245 @A: 19 23 21 18 | 09
#0697-d245 @A: 21 27 06 09 | 07
#0698-d245 @A: 06 27 26 07 | 01
#0699-d245 @A: 20 23 15 10 | 04
#0700-d245 @A: 25 04 24 15 | 11
#0701-d245 @A: 15 02 05 27 | 06
#0702-d245 @A: 15 11 32 29 | 12
#0703-d245 @A: 10 12 25 15 | 10
#0704-d245 @A: 03 16 15 05 | 02
#0705-d245 @A: 15 04 32 35 | 08
#0706-d245 @A: 15 08 28 18 | 05
#0707-d245 @A: 15 08 19 07 | 03
#0708-d245 @A: 08 10 15 27 | 09
#0709-d245 @A: 30 09 15 29 | 07
#0710-d245 @A: 31 23 17 15 | 01
#0711-d245 @A: 28 26 21 15 | 04
#0712-d245 @A: 32 15 14 22 | 11
#0713-d245 @A: 09 27 15 12 | 06
#0714-d245 @A: 09 19 15 22 | 12
#0715-d245 @A: 03 16 13 20 | 10
#0716-d245 @A: 20 12 24 35 | 02
#0717-d245 @A: 33 20 09 24 | 08
#0718-d245 @A: 06 20 18 02 | 05
#0719-d245 @A: 20 28 09 11 | 03
#0720-d245 @A: 33 08 20 10 | 09
#0721-d245 @A: 23 20 08 21 | 07
#0722-d245 @A: 29 34 20 01 | 01
#0723-d245 @A: 20 30 10 16 | 04
#0724-d245 @A: 17 20 16 06 | 11
#0725-d245 @A: 27 16 04 20 | 06
#0726-d245 @A: 30 20 31 04 | 12
#0727-d245 @A: 28 27 20 07 | 10
#0728-d245 @A: 17 20 28 12 | 02
#0729-d245 @A: 26 20 03 32 | 08
#0730-d245 @A: 09 20 04 22 | 05
#0731-d245 @A: 20 09 18 01 | 03
#0732-d245 @A: 09 20 26 19 | 09
#0733-d245 @A: 14 20 07 19 | 07
#0734-d245 @A: 17 18 07 20 | 01
#0735-d245 @A: 06 13 24 33 | 04
#0736-d245 @A: 01 22 24 13 | 11
#0737-d245 @A: 13 18 08 02 | 06
#0738-d245 @A: 25 13 34 17 | 12
#0739-d245 @A: 08 33 13 12 | 10
#0740-d245 @A: 31 33 07 13 | 02
#0741-d245 @A: 31 26 16 13 | 08
#0742-d245 @A: 27 28 04 13 | 05
#0743-d245 @A: 12 03 13 27 | 03
#0744-d245 @A: 06 04 13 01 | 09
#0745-d245 @A: 28 11 01 24 | 07
#0746-d245 @A: 24 29 25 27 | 01
#0747-d245 @A: 24 19 01 33 | 04
#0748-d245 @A: 08 01 24 34 | 11
#0749-d245 @A: 31 01 24 29 | 06
#0750-d245 @A: 31 17 24 18 | 12
#0751-d245 @A: 26 24 28 30 | 10
#0752-d245 @A: 04 24 03 21 | 02
#0753-d245 @A: 21 24 19 22 | 08
#0754-d245 @A: 02 18 11 25 | 05
#0755-d245 @A: 02 25 10 28 | 03
#0756-d245 @A: 07 09 02 35 | 09
#0757-d245 @A: 02 33 27 34 | 07
#0758-d245 @A: 02 31 23 09 | 01
#0759-d245 @A: 18 02 21 31 | 04
#0760-d245 @A: 18 03 32 02 | 11
#0761-d245 @A: 02 32 10 04 | 06
#0762-d245 @A: 09 06 17 02 | 12
#0763-d245 @A: 01 02 03 14 | 10
#0764-d245 @A: 03 17 02 27 | 02
#0765-d245 @A: 16 11 04 25 | 08
#0766-d245 @A: 08 03 33 11 | 05
#0767-d245 @A: 08 34 11 26 | 03
#0768-d245 @A: 11 12 08 06 | 09
#0769-d245 @A: 21 28 11 29 | 07
#0770-d245 @A: 29 11 30 10 | 01
#0771-d245 @A: 31 16 11 03 | 04
#0772-d245 @A: 12 28 10 11 | 11
#0773-d245 @A: 23 22 04 11 | 06
#0774-d245 @A: 11 17 07 04 | 12
#0775-d245 @A: 27 11 17 14 | 10
#0776-d245 @A: 06 21 11 10 | 02
#0777-d245 @A: 05 17 25 28 | 08
#0778-d245 @A: 05 30 04 25 | 05
#0779-d245 @A: 04 29 31 25 | 03
#0780-d245 @A: 09 25 23 29 | 09
#0781-d245 @A: 34 30 25 10 | 07
#0782-d245 @A: 22 12 32 25 | 01
#0783-d245 @A: 09 26 25 18 | 04
#0784-d245 @A: 06 12 25 22 | 11
#0785-d245 @A: 14 25 17 19 | 06
#0786-d245 @A: 01 25 18 21 | 12
#0787-d245 @A: 33 31 05 16 | 10
#0788-d245 @A: 05 30 33 09 | 02
#0789-d245 @A: 08 30 26 05 | 08
#0790-d245 @A: 05 29 34 21 | 05
#0791-d245 @A: 05 01 28 16 | 03
#0792-d245 @A: 31 05 18 28 | 09
#0793-d245 @A: 19 31 05 23 | 07
#0794-d245 @A: 12 05 19 07 | 01
#0795-d245 @A: 07 17 05 26 | 04
#0796-d245 @A: 27 05 14 22 | 11
#0797-d245 @A: 14 16 35 30 | 06
#0798-d245 @A: 28 33 22 08 | 12
#0799-d245 @A: 16 33 34 19 | 10
#0800-d245 @A: 18 33 14 34 | 02
#0801-d245 @A: 32 33 09 07 | 08
#0802-d245 @A: 33 03 09 01 | 05
#0803-d245 @A: 17 33 09 14 | 03
#0804-d245 @A: 17 33 07 03 | 09
#0805-d245 @A: 22 12 33 01 | 07
#0806-d245 @A: 22 04 10 33 | 01
#0807-d245 @A: 10 04 08 16 | 04
#0808-d245 @A: 08 26 18 06 | 11
#0809-d245 @A: 16 06 10 29 | 06
#0810-d245 @A: 07 23 29 34 | 12
#0811-d245 @A: 32 29 17 03 | 10
#0812-d245 @A: 07 21 12 29 | 02
#0813-d245 @A: 03 32 16 27 | 08
#0814-d245 @A: 16 07 17 12 | 05
#0815-d245 @A: 22 16 03 14 | 03
#0816-d245 @A: 03 16 17 26 | 09
#0817-d245 @A: 19 22 18 16 | 07
#0818-d245 @A: 32 31 01 10 | 01
#0819-d245 @A: 31 27 03 10 | 04
#0820-d245 @A: 27 01 14 31 | 11
#0821-d245 @A: 34 04 22 12 | 06
#0822-d245 @A: 03 06 34 10 | 12
#0823-d245 @A: 34 03 19 27 | 10
#0824-d245 @A: 04 01 17 34 | 02
#0825-d245 @A: 06 18 28 03 | 08
#0826-d245 @A: 17 28 26 22 | 05
#0827-d245 @A: 17 09 07 30 | 03
#0828-d245 @A: 07 18 19 30 | 09
#0829-d245 @A: 12 26 30 18 | 07
#0830-d245 @A: 14 04 30 19 | 01
#0831-d245 @A: 12 06 04 17 | 04
#0832-d245 @A: 15 32 28 20 | 11
#0833-d245 @A: 13 32 34 15 | 06
#0834-d245 @A: 01 13 27 15 | 12
#0835-d245 @A: 35 24 27 15 | 10
#0836-d245 @A: 23 15 24 22 | 02
#0837-d245 @A: 04 24 06 15 | 08
#0838-d245 @A: 31 12 15 02 | 05
#0839-d245 @A: 15 07 30 02 | 03
#0840-d245 @A: 30 11 04 15 | 09
#0841-d245 @A: 21 11 15 07 | 07
#0842-d245 @A: 25 15 29 06 | 01
#0843-d245 @A: 35 15 21 05 | 04
#0844-d245 @A: 30 01 05 15 | 11
#0845-d245 @A: 03 35 17 15 | 06
#0846-d245 @A: 10 19 15 35 | 12
#0847-d245 @A: 23 15 08 03 | 10
#0848-d245 @A: 23 06 15 08 | 02
#0849-d245 @A: 34 29 26 15 | 08
#0850-d245 @A: 15 07 12 32 | 05
#0851-d245 @A: 19 03 32 15 | 03
#0852-d245 @A: 19 07 06 15 | 09
#0853-d245 @A: 13 20 19 25 | 07
#0854-d245 @A: 22 31 20 13 | 01
#0855-d245 @A: 20 06 13 10 | 04
#0856-d245 @A: 24 20 29 03 | 11
#0857-d245 @A: 24 26 20 34 | 06
#0858-d245 @A: 30 24 19 20 | 12
#0859-d245 @A: 20 02 29 12 | 10
#0860-d245 @A: 02 07 20 31 | 02
#0861-d245 @A: 11 20 30 26 | 08
#0862-d245 @A: 25 33 32 20 | 05
#0863-d245 @A: 04 05 29 20 | 03
#0864-d245 @A: 07 33 20 29 | 09
#0865-d245 @A: 29 26 20 17 | 07
#0866-d245 @A: 14 17 10 20 | 01
#0867-d245 @A: 19 20 10 04 | 04
#0868-d245 @A: 02 33 16 13 | 11
#0869-d245 @A: 13 11 22 33 | 06
#0870-d245 @A: 01 13 08 31 | 12
#0871-d245 @A: 31 27 13 29 | 10
#0872-d245 @A: 31 17 32 13 | 02
#0873-d245 @A: 13 32 10 09 | 08
#0874-d245 @A: 01 13 18 07 | 05
#0875-d245 @A: 17 03 13 10 | 03
#0876-d245 @A: 13 17 22 04 | 09
#0877-d245 @A: 22 05 24 32 | 07
#0878-d245 @A: 35 04 24 31 | 01
#0879-d245 @A: 35 14 24 26 | 04
#0880-d245 @A: 12 30 24 27 | 11
#0881-d245 @A: 32 21 24 07 | 06
#0882-d245 @A: 24 03 01 32 | 12
#0883-d245 @A: 24 07 17 19 | 10
#0884-d245 @A: 18 12 24 01 | 02
#0885-d245 @A: 29 11 02 34 | 08
#0886-d245 @A: 16 11 02 10 | 05
#0887-d245 @A: 33 02 09 25 | 03
#0888-d245 @A: 21 02 07 05 | 09
#0889-d245 @A: 35 33 17 02 | 07
#0890-d245 @A: 02 31 06 33 | 01
#0891-d245 @A: 08 02 06 01 | 04
#0892-d245 @A: 29 02 17 16 | 11
#0893-d245 @A: 03 31 02 34 | 06
#0894-d245 @A: 07 02 04 28 | 12
#0895-d245 @A: 09 02 21 03 | 10
#0896-d245 @A: 22 02 19 14 | 02
#0897-d245 @A: 11 21 19 25 | 08
#0898-d245 @A: 11 30 32 05 | 05
#0899-d245 @A: 35 09 11 27 | 03
#0900-d245 @A: 03 11 29 27 | 09
#0901-d245 @A: 04 09 03 11 | 07
#0902-d245 @A: 14 01 11 09 | 01
#0903-d245 @A: 25 10 08 05 | 04
#0904-d245 @A: 28 18 25 35 | 11
#0905-d245 @A: 33 25 31 19 | 06
#0906-d245 @A: 03 25 08 06 | 12
#0907-d245 @A: 25 30 01 29 | 10
#0908-d245 @A: 25 27 31 28 | 02
#0909-d245 @A: 25 28 03 21 | 08
#0910-d245 @A: 14 23 25 22 | 05
#0911-d245 @A: 04 32 25 01 | 03
#0912-d245 @A: 22 19 25 03 | 09
#0913-d245 @A: 25 01 19 10 | 07
#0914-d245 @A: 01 34 05 35 | 01
#0915-d245 @A: 08 07 05 33 | 04
#0916-d245 @A: 17 33 05 34 | 11
#0917-d245 @A: 05 18 33 23 | 06
#0918-d245 @A: 08 09 05 23 | 12
#0919-d245 @A: 16 05 27 29 | 10
#0920-d245 @A: 23 14 29 05 | 02
#0921-d245 @A: 03 05 34 22 | 08
#0922-d245 @A: 09 21 05 19 | 05
#0923-d245 @A: 05 03 12 17 | 03
#0924-d245 @A: 05 26 27 12 | 09
#0925-d245 @A: 22 18 17 05 | 07
#0926-d245 @A: 21 10 22 05 | 01
#0927-d245 @A: 18 22 06 05 | 04
#0928-d245 @A: 05 04 10 26 | 11
#0929-d245 @A: 17 16 35 31 | 06
#0930-d245 @A: 35 23 19 34 | 12
#0931-d245 @A: 35 26 32 12 | 10
#0932-d245 @A: 35 09 26 17 | 02
#0933-d245 @A: 08 06 33 30 | 08
#0934-d245 @A: 19 08 32 33 | 05
#0935-d245 @A: 28 09 33 29 | 03
#0936-d245 @A: 33 29 30 19 | 09
#0937-d245 @A: 33 34 04 30 | 07
#0938-d245 @A: 26 27 03 33 | 01
#0939-d245 @A: 19 06 10 33 | 04
#0940-d245 @A: 31 28 08 14 | 11
#0941-d245 @A: 29 30 16 12 | 06
#0942-d245 @A: 01 27 29 32 | 12
#0943-d245 @A: 29 32 21 18 | 10
#0944-d245 @A: 29 07 03 09 | 02
#0945-d245 @A: 26 07 29 04 | 08
#0946-d245 @A: 19 22 29 12 | 05
#0947-d245 @A: 18 10 29 26 | 03
#0948-d245 @A: 16 06 31 01 | 09
#0949-d245 @A: 34 21 31 14 | 07
#0950-d245 @A: 30 19 31 26 | 01
#0951-d245 @A: 22 06 31 09 | 04
#0952-d245 @A: 21 27 31 09 | 11
#0953-d245 @A: 03 31 07 06 | 06
#0954-d245 @A: 27 07 31 19 | 12
#0955-d245 @A: 26 18 22 31 | 10
#0956-d245 @A: 06 32 19 34 | 02
#0957-d245 @A: 09 18 34 10 | 08
#0958-d245 @A: 34 07 22 01 | 05
#0959-d245 @A: 21 12 27 28 | 03
#0960-d245 @A: 14 23 30 01 | 09
#0961-d245 @A: 09 30 06 32 | 07
#0962-d245 @A: 19 22 30 32 | 01
#0963-d245 @A: 22 27 07 30 | 04
#0964-d245 @A: 04 19 07 23 | 11
#0965-d245 @A: 18 33 15 24 | 06
#0966-d245 @A: 17 34 24 15 | 12
#0967-d245 @A: 16 02 15 32 | 10
#0968-d245 @A: 21 23 02 15 | 02
#0969-d245 @A: 33 09 15 11 | 08
#0970-d245 @A: 15 05 08 14 | 05
#0971-d245 @A: 15 29 05 18 | 03
#0972-d245 @A: 06 03 05 15 | 09
#0973-d245 @A: 31 15 35 07 | 07
#0974-d245 @A: 35 17 15 06 | 01
#0975-d245 @A: 08 15 34 33 | 04
#0976-d245 @A: 03 14 15 29 | 11
#0977-d245 @A: 15 16 22 30 | 06
#0978-d245 @A: 21 32 15 01 | 12
#0979-d245 @A: 27 26 32 15 | 10
#0980-d245 @A: 15 07 10 09 | 02
#0981-d245 @A: 03 18 21 15 | 08
#0982-d245 @A: 10 13 20 29 | 05
#0983-d245 @A: 30 20 13 01 | 03
#0984-d245 @A: 25 22 02 20 | 09
#0985-d245 @A: 25 21 20 05 | 07
#0986-d245 @A: 06 20 29 05 | 01
#0987-d245 @A: 01 03 05 20 | 04
#0988-d245 @A: 20 16 33 21 | 11
#0989-d245 @A: 20 31 12 06 | 06
#0990-d245 @A: 23 20 34 03 | 12
#0991-d245 @A: 17 20 22 32 | 10
#0992-d245 @A: 03 20 14 12 | 02
#0993-d245 @A: 18 20 19 03 | 08
#0994-d245 @A: 26 21 20 27 | 05
#0995-d245 @A: 21 13 24 35 | 03
#0996-d245 @A: 23 13 12 02 | 09
#0997-d245 @A: 13 11 21 08 | 07
#0998-d245 @A: 30 25 13 21 | 01
#0999-d245 @A: 13 30 05 22 | 04
#1000-d245 @A: 14 13 05 32 | 11
#1001-d245 @A: 16 35 12 13 | 06
#1002-d245 @A: 04 35 13 34 | 12
#1003-d245 @A: 10 28 35 13 | 10
#1004-d245 @A: 30 08 13 04 | 02
#1005-d245 @A: 08 13 17 23 | 08
#1006-d245 @A: 34 29 13 09 | 05
#1007-d245 @A: 29 03 13 18 | 03
#1008-d245 @A: 13 16 09 30 | 09
#1009-d245 @A: 01 13 34 28 | 07
#1010-d245 @A: 23 34 26 13 | 01
#1011-d245 @A: 32 12 21 13 | 04
#1012-d245 @A: 03 32 13 22 | 11
#1013-d245 @A: 09 13 12 04 | 06
#1014-d245 @A: 13 10 14 04 | 12
#1015-d245 @A: 13 10 21 01 | 10
#1016-d245 @A: 11 24 25 12 | 02
#1017-d245 @A: 32 24 35 33 | 08
#1018-d245 @A: 16 24 33 10 | 05
#1019-d245 @A: 34 24 09 23 | 03
#1020-d245 @A: 32 09 24 27 | 09
#1021-d245 @A: 24 10 26 07 | 07
#1022-d245 @A: 22 24 12 14 | 01
#1023-d245 @A: 35 02 11 03 | 04
#1024-d245 @A: 28 32 11 02 | 11
#1025-d245 @A: 02 09 11 30 | 06
#1026-d245 @A: 25 17 04 02 | 12
#1027-d245 @A: 06 02 05 12 | 10
#1028-d245 @A: 02 01 33 29 | 02
#1029-d245 @A: 03 02 33 10 | 08
#1030-d245 @A: 23 08 07 02 | 05
#1031-d245 @A: 31 02 30 32 | 03
#1032-d245 @A: 23 11 27 25 | 09
#1033-d245 @A: 12 05 11 34 | 07
#1034-d245 @A: 19 30 11 35 | 01
#1035-d245 @A: 09 33 06 11 | 04
#1036-d245 @A: 30 21 34 11 | 11
#1037-d245 @A: 32 11 34 03 | 06
#1038-d245 @A: 11 18 01 32 | 12
#1039-d245 @A: 11 12 14 21 | 10
#1040-d245 @A: 14 03 11 19 | 02
#1041-d245 @A: 22 11 19 17 | 08
#1042-d245 @A: 05 25 29 19 | 05
#1043-d245 @A: 33 25 30 18 | 03
#1044-d245 @A: 08 03 25 16 | 09
#1045-d245 @A: 17 30 25 31 | 07
#1046-d245 @A: 25 34 04 23 | 01
#1047-d245 @A: 14 25 18 32 | 04
#1048-d245 @A: 03 25 10 14 | 11
#1049-d245 @A: 26 25 01 27 | 06
#1050-d245 @A: 35 08 05 22 | 12
#1051-d245 @A: 26 01 05 33 | 10
#1052-d245 @A: 05 16 32 21 | 02
#1053-d245 @A: 05 27 31 30 | 08
#1054-d245 @A: 32 12 05 10 | 05
#1055-d245 @A: 09 07 05 27 | 03
#1056-d245 @A: 14 06 27 05 | 09
#1057-d245 @A: 04 17 21 05 | 07
#1058-d245 @A: 23 29 03 35 | 01
#1059-d245 @A: 30 35 31 10 | 04
#1060-d245 @A: 14 35 17 28 | 11
#1061-d245 @A: 35 22 21 32 | 06
#1062-d245 @A: 07 17 22 35 | 12
#1063-d245 @A: 03 35 12 21 | 10
#1064-d245 @A: 18 12 35 10 | 02
#1065-d245 @A: 04 27 26 35 | 08
#1066-d245 @A: 10 27 35 21 | 05
#1067-d245 @A: 06 34 33 29 | 03
#1068-d245 @A: 33 23 21 34 | 09
#1069-d245 @A: 19 28 14 33 | 07
#1070-d245 @A: 28 33 06 17 | 01
#1071-d245 @A: 33 12 07 26 | 04
#1072-d245 @A: 07 14 33 04 | 11
#1073-d245 @A: 01 33 07 21 | 06
#1074-d245 @A: 33 10 12 27 | 12
#1075-d245 @A: 30 03 08 31 | 10
#1076-d245 @A: 08 07 09 34 | 02
#1077-d245 @A: 30 08 28 10 | 08
#1078-d245 @A: 08 32 09 01 | 05
#1079-d245 @A: 19 27 09 08 | 03
#1080-d245 @A: 27 08 22 21 | 09
#1081-d245 @A: 14 10 16 29 | 07
#1082-d245 @A: 32 06 18 29 | 01
#1083-d245 @A: 29 09 04 01 | 04
#1084-d245 @A: 03 12 29 04 | 11
#1085-d245 @A: 22 29 01 26 | 06
#1086-d245 @A: 26 21 19 29 | 12
#1087-d245 @A: 10 26 16 09 | 10
#1088-d245 @A: 16 01 14 19 | 02
#1089-d245 @A: 01 16 26 18 | 08
#1090-d245 @A: 28 31 30 09 | 05
#1091-d245 @A: 31 32 03 09 | 03
#1092-d245 @A: 10 19 17 34 | 09
#1093-d245 @A: 19 32 28 12 | 07
#1094-d245 @A: 14 26 12 28 | 01
#1095-d245 @A: 27 03 28 01 | 04
#1096-d245 @A: 14 06 26 28 | 11
#1097-d245 @A: 03 09 30 22 | 06
#1098-d245 @A: 26 30 06 03 | 12
#1099-d245 @A: 17 04 30 18 | 10
#1100-d245 @A: 19 27 01 30 | 02
#1101-d245 @A: 09 06 23 04 | 08
#1102-d245 @A: 01 23 27 22 | 05
#1103-d245 @A: 06 17 07 32 | 03
#1104-d245 @A: 06 19 14 09 | 09
#1105-d245 @A: 01 06 07 12 | 07
#1106-d245 @A: 13 18 20 15 | 01
#1107-d245 @A: 20 14 15 24 | 04
#1108-d245 @A: 01 20 15 07 | 11
#1109-d245 @A: 15 09 24 13 | 06
#1110-d245 @A: 33 02 19 15 | 12
#1111-d245 @A: 34 27 15 11 | 10
#1112-d245 @A: 26 15 11 06 | 02
#1113-d245 @A: 25 15 33 01 | 08
#1114-d245 @A: 05 33 32 15 | 05
#1115-d245 @A: 35 29 28 15 | 03
#1116-d245 @A: 15 06 21 28 | 09
#1117-d245 @A: 12 26 04 15 | 07
#1118-d245 @A: 03 10 15 04 | 01
#1119-d245 @A: 15 14 10 18 | 04
#1120-d245 @A: 16 02 20 18 | 11
#1121-d245 @A: 10 20 02 34 | 06
#1122-d245 @A: 20 02 28 01 | 12
#1123-d245 @A: 25 20 07 16 | 10
#1124-d245 @A: 06 25 21 20 | 02
#1125-d245 @A: 35 20 34 17 | 08
#1126-d245 @A: 20 06 35 14 | 05
#1127-d245 @A: 18 33 20 12 | 03
#1128-d245 @A: 19 22 20 08 | 09
#1129-d245 @A: 20 28 30 03 | 07
#1130-d245 @A: 20 01 04 21 | 01
#1131-d245 @A: 03 13 24 28 | 04
#1132-d245 @A: 17 13 11 35 | 11
#1133-d245 @A: 09 13 31 11 | 06
#1134-d245 @A: 05 08 13 19 | 12
#1135-d245 @A: 29 28 05 13 | 10
#1136-d245 @A: 06 34 13 35 | 02
#1137-d245 @A: 13 23 18 35 | 08
#1138-d245 @A: 13 14 29 08 | 05
#1139-d245 @A: 13 17 29 30 | 03
#1140-d245 @A: 34 16 13 27 | 09
#1141-d245 @A: 23 13 16 14 | 07
#1142-d245 @A: 13 12 34 30 | 01
#1143-d245 @A: 23 09 28 13 | 04
#1144-d245 @A: 09 21 07 13 | 11
#1145-d245 @A: 22 07 13 14 | 06
#1146-d245 @A: 27 14 13 21 | 12
#1147-d245 @A: 26 21 13 04 | 10
#1148-d245 @A: 02 35 10 24 | 02
#1149-d245 @A: 12 02 24 34 | 08
#1150-d245 @A: 02 24 04 30 | 05
#1151-d245 @A: 11 30 17 24 | 03
#1152-d245 @A: 05 24 35 25 | 09
#1153-d245 @A: 24 22 33 25 | 07
#1154-d245 @A: 03 24 05 08 | 01
#1155-d245 @A: 05 16 24 12 | 04
#1156-d245 @A: 18 34 29 24 | 11
#1157-d245 @A: 14 16 24 21 | 06
#1158-d245 @A: 24 31 30 07 | 12
#1159-d245 @A: 04 12 32 24 | 10
#1160-d245 @A: 09 29 02 05 | 02
#1161-d245 @A: 02 30 08 22 | 08
#1162-d245 @A: 26 02 29 14 | 05
#1163-d245 @A: 02 03 12 30 | 03
#1164-d245 @A: 02 03 19 23 | 09
#1165-d245 @A: 02 32 09 26 | 07
#1166-d245 @A: 10 07 17 02 | 01
#1167-d245 @A: 19 04 27 02 | 04
#1168-d245 @A: 17 11 08 05 | 11
#1169-d245 @A: 28 11 27 05 | 06
#1170-d245 @A: 10 11 35 33 | 12
#1171-d245 @A: 11 35 16 32 | 10
#1172-d245 @A: 11 01 30 33 | 02
#1173-d245 @A: 19 11 33 23 | 08
#1174-d245 @A: 08 11 14 23 | 05
#1175-d245 @A: 09 10 11 08 | 03
#1176-d245 @A: 11 19 16 06 | 09
#1177-d245 @A: 32 14 07 11 | 07
#1178-d245 @A: 12 11 04 27 | 01
#1179-d245 @A: 05 25 34 26 | 04
#1180-d245 @A: 25 23 07 05 | 11
#1181-d245 @A: 25 04 08 35 | 06
#1182-d245 @A: 08 17 25 33 | 12
#1183-d245 @A: 27 25 30 16 | 10
#1184-d245 @A: 10 25 27 32 | 02
#1185-d245 @A: 12 07 01 25 | 08
#1186-d245 @A: 07 10 25 04 | 05
#1187-d245 @A: 16 35 10 05 | 03
#1188-d245 @A: 09 04 16 05 | 09
#1189-d245 @A: 17 16 05 19 | 07
#1190-d245 @A: 05 06 23 26 | 01
#1191-d245 @A: 05 32 17 09 | 04
#1192-d245 @A: 01 32 05 07 | 11
#1193-d245 @A: 30 33 12 35 | 06
#1194-d245 @A: 01 06 33 35 | 12
#1195-d245 @A: 12 14 29 35 | 10
#1196-d245 @A: 16 27 35 18 | 02
#1197-d245 @A: 32 35 18 09 | 08
#1198-d245 @A: 35 32 27 07 | 05
#1199-d245 @A: 32 01 14 35 | 03
#1200-d245 @A: 27 14 03 35 | 09
#1201-d245 @A: 35 18 21 17 | 07
#1202-d245 @A: 08 01 33 16 | 01
#1203-d245 @A: 28 16 33 32 | 04
#1204-d245 @A: 33 31 22 23 | 11
#1205-d245 @A: 33 31 09 18 | 06
#1206-d245 @A: 33 22 34 09 | 12
#1207-d245 @A: 06 27 33 23 | 10
#1208-d245 @A: 33 17 32 26 | 02
#1209-d245 @A: 14 01 33 10 | 08
#1210-d245 @A: 33 18 17 01 | 05
#1211-d245 @A: 08 26 31 29 | 03
#1212-d245 @A: 32 08 29 10 | 09
#1213-d245 @A: 16 12 08 23 | 07
#1214-d245 @A: 16 07 08 22 | 01
#1215-d245 @A: 28 08 34 06 | 04
#1216-d245 @A: 08 04 01 22 | 11
#1217-d245 @A: 08 18 21 14 | 06
#1218-d245 @A: 08 01 17 19 | 12
#1219-d245 @A: 31 29 32 12 | 10
#1220-d245 @A: 29 34 28 04 | 02
#1221-d245 @A: 28 12 29 23 | 08
#1222-d245 @A: 12 29 09 10 | 05
#1223-d245 @A: 29 09 06 03 | 03
#1224-d245 @A: 21 10 29 03 | 09
#1225-d245 @A: 04 29 22 06 | 07
#1226-d245 @A: 31 16 30 01 | 01
#1227-d245 @A: 16 31 23 04 | 04
#1228-d245 @A: 16 07 34 32 | 11
#1229-d245 @A: 22 10 32 16 | 06
#1230-d245 @A: 16 21 09 17 | 12
#1231-d245 @A: 31 17 28 21 | 10
#1232-d245 @A: 07 31 03 01 | 02
#1233-d245 @A: 31 19 21 10 | 08
#1234-d245 @A: 22 26 34 32 | 05
#1235-d245 @A: 18 34 06 09 | 03
#1236-d245 @A: 03 34 12 07 | 09
#1237-d245 @A: 17 34 21 07 | 07
#1238-d245 @A: 01 18 28 30 | 01
#1239-d245 @A: 07 32 26 28 | 04
#1240-d245 @A: 22 28 07 12 | 11
#1241-d245 @A: 10 18 28 07 | 06
#1242-d245 @A: 28 12 03 18 | 12
#1243-d245 @A: 04 18 21 28 | 10
#1244-d245 @A: 18 26 28 27 | 02
#1245-d245 @A: 27 32 21 30 | 08
#1246-d245 @A: 18 21 10 30 | 05
#1247-d245 @A: 32 23 17 12 | 03
#1248-d245 @A: 17 09 22 23 | 09
#1249-d245 @A: 23 01 03 04 | 07
#1250-d245 @A: 10 06 27 32 | 01
#1251-d245 @A: 06 01 09 26 | 04
#1252-d245 @A: 15 05 20 17 | 11
#1253-d245 @A: 20 15 30 27 | 06
#1254-d245 @A: 13 15 12 11 | 12
#1255-d245 @A: 15 03 13 33 | 10
#1256-d245 @A: 13 22 15 28 | 02
#1257-d245 @A: 15 31 32 24 | 08
#1258-d245 @A: 28 02 03 15 | 05
#1259-d245 @A: 11 31 15 26 | 03
#1260-d245 @A: 14 25 15 35 | 09
#1261-d245 @A: 17 15 07 25 | 07
#1262-d245 @A: 08 26 15 17 | 01
#1263-d245 @A: 16 04 15 34 | 04
#1264-d245 @A: 15 30 32 18 | 11
#1265-d245 @A: 17 15 18 27 | 06
#1266-d245 @A: 13 32 24 20 | 12
#1267-d245 @A: 16 11 20 24 | 10
#1268-d245 @A: 18 23 20 24 | 02
#1269-d245 @A: 02 32 20 05 | 08
#1270-d245 @A: 02 20 35 19 | 05
#1271-d245 @A: 11 20 03 17 | 03
#1272-d245 @A: 20 19 05 33 | 09
#1273-d245 @A: 20 16 05 26 | 07
#1274-d245 @A: 07 20 10 32 | 01
#1275-d245 @A: 32 27 12 20 | 04
#1276-d245 @A: 21 03 07 20 | 11
#1277-d245 @A: 01 25 02 13 | 06
#1278-d245 @A: 02 13 07 34 | 12
#1279-d245 @A: 25 13 07 11 | 10
#1280-d245 @A: 13 27 05 35 | 02
#1281-d245 @A: 05 13 10 33 | 08
#1282-d245 @A: 05 18 13 21 | 05
#1283-d245 @A: 01 29 13 35 | 03
#1284-d245 @A: 32 13 33 30 | 09
#1285-d245 @A: 13 26 07 30 | 07
#1286-d245 @A: 01 26 17 13 | 01
#1287-d245 @A: 02 34 24 06 | 04
#1288-d245 @A: 11 04 08 24 | 11
#1289-d245 @A: 24 32 11 26 | 06
#1290-d245 @A: 25 14 24 34 | 12
#1291-d245 @A: 30 32 25 24 | 10
#1292-d245 @A: 24 08 16 35 | 02
#1293-d245 @A: 24 30 01 35 | 08
#1294-d245 @A: 24 19 31 08 | 05
#1295-d245 @A: 24 30 09 08 | 03
#1296-d245 @A: 12 06 29 24 | 09
#1297-d245 @A: 09 31 10 24 | 07
#1298-d245 @A: 24 04 28 23 | 01
#1299-d245 @A: 09 01 26 24 | 04
#1300-d245 @A: 07 22 18 24 | 11
#1301-d245 @A: 12 11 08 02 | 06
#1302-d245 @A: 31 02 11 27 | 12
#1303-d245 @A: 02 19 05 30 | 10
#1304-d245 @A: 30 14 28 02 | 02
#1305-d245 @A: 09 02 27 22 | 08
#1306-d245 @A: 12 02 17 18 | 05
#1307-d245 @A: 10 14 02 21 | 03
#1308-d245 @A: 21 06 04 02 | 09
#1309-d245 @A: 02 01 19 21 | 07
#1310-d245 @A: 35 25 11 22 | 01
#1311-d245 @A: 34 01 11 25 | 04
#1312-d245 @A: 11 30 22 14 | 11
#1313-d245 @A: 06 11 32 04 | 06
#1314-d245 @A: 17 26 11 18 | 12
#1315-d245 @A: 26 04 19 11 | 10
#1316-d245 @A: 25 01 05 31 | 02
#1317-d245 @A: 12 25 18 05 | 08
#1318-d245 @A: 25 30 07 35 | 05
#1319-d245 @A: 28 07 33 25 | 03
#1320-d245 @A: 25 14 08 01 | 09
#1321-d245 @A: 25 34 29 22 | 07
#1322-d245 @A: 32 16 31 25 | 01
#1323-d245 @A: 23 25 16 21 | 04
#1324-d245 @A: 04 25 09 27 | 11
#1325-d245 @A: 05 33 14 12 | 06
#1326-d245 @A: 07 05 29 31 | 12
#1327-d245 @A: 32 29 05 26 | 10
#1328-d245 @A: 30 05 06 16 | 02
#1329-d245 @A: 34 05 04 06 | 08
#1330-d245 @A: 14 05 07 28 | 05
#1331-d245 @A: 22 09 12 05 | 03
#1332-d245 @A: 05 10 18 01 | 09
#1333-d245 @A: 35 33 34 07 | 07
#1334-d245 @A: 29 35 21 08 | 01
#1335-d245 @A: 14 31 23 35 | 04
#1336-d245 @A: 35 22 28 23 | 11
#1337-d245 @A: 09 07 35 06 | 06
#1338-d245 @A: 35 04 03 19 | 12
#1339-d245 @A: 10 17 04 35 | 10
#1340-d245 @A: 35 06 18 04 | 02
#1341-d245 @A: 16 04 29 33 | 08
#1342-d245 @A: 33 16 12 09 | 05
#1343-d245 @A: 33 31 21 32 | 03
#1344-d245 @A: 33 31 01 04 | 09
#1345-d245 @A: 21 09 33 10 | 07
#1346-d245 @A: 33 18 21 06 | 01
#1347-d245 @A: 27 29 06 08 | 04
#1348-d245 @A: 16 28 21 08 | 11
#1349-d245 @A: 21 26 32 08 | 06
#1350-d245 @A: 04 21 09 08 | 12
#1351-d245 @A: 26 03 04 08 | 10
#1352-d245 @A: 01 08 03 10 | 02
#1353-d245 @A: 19 08 03 21 | 08
#1354-d245 @A: 17 18 10 08 | 05
#1355-d245 @A: 19 26 18 08 | 03
#1356-d245 @A: 18 29 14 01 | 09
#1357-d245 @A: 04 32 16 17 | 07
#1358-d245 @A: 17 10 27 16 | 01
#1359-d245 @A: 06 27 18 16 | 04
#1360-d245 @A: 23 28 03 31 | 11
#1361-d245 @A: 14 31 26 09 | 06
#1362-d245 @A: 31 03 12 26 | 12
#1363-d245 @A: 17 27 31 12 | 10
#1364-d245 @A: 17 19 03 31 | 02
#1365-d245 @A: 12 34 27 23 | 08
#1366-d245 @A: 34 18 32 17 | 05
#1367-d245 @A: 27 07 10 34 | 03
#1368-d245 @A: 22 30 28 06 | 09
#1369-d245 @A: 03 32 14 28 | 07
#1370-d245 @A: 10 30 22 01 | 01
#1371-d245 @A: 23 14 10 32 | 04
#1372-d245 @A: 27 19 23 32 | 11
#1373-d245 @A: 23 06 18 12 | 06
#1374-d245 @A: 10 18 23 27 | 12
#1375-d245 @A: 19 06 12 01 | 10
#1376-d245 @A: 15 09 25 20 | 02
#1377-d245 @A: 20 19 16 15 | 08
#1378-d245 @A: 14 15 30 13 | 05
#1379-d245 @A: 17 13 15 21 | 03
#1380-d245 @A: 11 22 15 08 | 09
#1381-d245 @A: 08 25 32 15 | 07
#1382-d245 @A: 25 15 21 29 | 01
#1383-d245 @A: 30 25 19 15 | 04
#1384-d245 @A: 33 17 15 29 | 11
#1385-d245 @A: 15 33 21 12 | 06
#1386-d245 @A: 27 22 29 15 | 12
#1387-d245 @A: 30 34 06 15 | 10
#1388-d245 @A: 09 26 15 03 | 02
#1389-d245 @A: 12 15 19 18 | 08
#1390-d245 @A: 13 20 33 17 | 05
#1391-d245 @A: 24 20 02 27 | 03
#1392-d245 @A: 24 28 20 05 | 09
#1393-d245 @A: 18 20 11 05 | 07
#1394-d245 @A: 20 25 35 29 | 01
#1395-d245 @A: 04 03 25 20 | 04
#1396-d245 @A: 31 05 20 10 | 11
#1397-d245 @A: 03 20 33 35 | 06
#1398-d245 @A: 35 08 20 09 | 12
#1399-d245 @A: 35 20 32 23 | 10
#1400-d245 @A: 01 20 33 27 | 02
#1401-d245 @A: 31 20 29 14 | 08
#1402-d245 @A: 31 23 12 20 | 05
#1403-d245 @A: 01 20 31 17 | 03
#1404-d245 @A: 28 23 19 20 | 09
#1405-d245 @A: 20 28 10 26 | 07
#1406-d245 @A: 30 32 20 09 | 01
#1407-d245 @A: 13 08 24 27 | 04
#1408-d245 @A: 16 24 19 13 | 11
#1409-d245 @A: 14 18 13 24 | 06
#1410-d245 @A: 19 02 11 13 | 12
#1411-d245 @A: 13 17 02 14 | 10
#1412-d245 @A: 11 34 13 18 | 02
#1413-d245 @A: 13 11 32 23 | 08
#1414-d245 @A: 25 13 33 04 | 05
#1415-d245 @A: 25 28 13 32 | 03
#1416-d245 @A: 09 25 06 13 | 09
#1417-d245 @A: 25 27 13 18 | 07
#1418-d245 @A: 13 08 06 32 | 01
#1419-d245 @A: 13 17 16 28 | 04
#1420-d245 @A: 13 32 16 01 | 11
#1421-d245 @A: 19 13 30 28 | 06
#1422-d245 @A: 13 26 09 22 | 12
#1423-d245 @A: 06 14 12 13 | 10
#1424-d245 @A: 14 26 03 13 | 02
#1425-d245 @A: 24 02 11 22 | 08
#1426-d245 @A: 29 09 11 24 | 05
#1427-d245 @A: 24 11 31 14 | 03
#1428-d245 @A: 25 24 31 03 | 09
#1429-d245 @A: 24 25 09 28 | 07
#1430-d245 @A: 25 24 10 21 | 01
#1431-d245 @A: 24 18 05 09 | 04
#1432-d245 @A: 19 35 24 06 | 11
#1433-d245 @A: 33 31 24 12 | 06
#1434-d245 @A: 24 33 28 17 | 12
#1435-d245 @A: 24 16 32 06 | 10
#1436-d245 @A: 23 24 27 31 | 02
#1437-d245 @A: 24 09 04 07 | 08
#1438-d245 @A: 24 14 07 01 | 05
#1439-d245 @A: 24 21 14 06 | 03
#1440-d245 @A: 11 29 06 02 | 09
#1441-d245 @A: 35 25 31 02 | 07
#1442-d245 @A: 02 31 17 05 | 01
#1443-d245 @A: 02 28 22 05 | 04
#1444-d245 @A: 06 02 35 26 | 11
#1445-d245 @A: 02 12 28 33 | 06
#1446-d245 @A: 02 33 18 04 | 12
#1447-d245 @A: 08 02 28 27 | 10
#1448-d245 @A: 27 02 23 29 | 02
#1449-d245 @A: 16 19 02 31 | 08
#1450-d245 @A: 30 34 01 02 | 05
#1451-d245 @A: 02 21 32 17 | 03
#1452-d245 @A: 04 26 01 02 | 09
#1453-d245 @A: 25 30 03 11 | 07
#1454-d245 @A: 07 05 11 35 | 01
#1455-d245 @A: 26 11 35 01 | 04
#1456-d245 @A: 27 11 35 06 | 11
#1457-d245 @A: 18 11 33 16 | 06
#1458-d245 @A: 33 11 17 31 | 12
#1459-d245 @A: 16 11 01 12 | 10
#1460-d245 @A: 28 11 31 19 | 02
#1461-d245 @A: 11 28 22 18 | 08
#1462-d245 @A: 11 19 10 32 | 05
#1463-d245 @A: 11 09 18 21 | 03
#1464-d245 @A: 11 26 14 10 | 09
#1465-d245 @A: 10 01 11 04 | 07
#1466-d245 @A: 25 16 22 05 | 01
#1467-d245 @A: 05 03 32 25 | 04
#1468-d245 @A: 21 08 34 25 | 11
#1469-d245 @A: 08 25 12 26 | 06
#1470-d245 @A: 16 29 26 25 | 12
#1471-d245 @A: 18 17 25 29 | 10
#1472-d245 @A: 23 28 01 25 | 02
#1473-d245 @A: 19 09 25 07 | 08
#1474-d245 @A: 25 06 04 07 | 05
#1475-d245 @A: 25 21 04 14 | 03
#1476-d245 @A: 25 17 21 26 | 09
#1477-d245 @A: 05 32 35 31 | 07
#1478-d245 @A: 05 21 33 06 | 01
#1479-d245 @A: 08 16 05 18 | 04
#1480-d245 @A: 32 28 08 05 | 11
#1481-d245 @A: 31 04 12 05 | 06
#1482-d245 @A: 23 05 28 21 | 12
#1483-d245 @A: 09 28 06 05 | 10
#1484-d245 @A: 04 05 32 19 | 02
#1485-d245 @A: 10 03 07 05 | 08
#1486-d245 @A: 01 22 05 19 | 05
#1487-d245 @A: 35 08 31 33 | 03
#1488-d245 @A: 28 35 01 33 | 09
#1489-d245 @A: 35 08 07 03 | 07
#1490-d245 @A: 31 29 35 09 | 01
#1491-d245 @A: 03 31 35 18 | 04
#1492-d245 @A: 35 30 04 22 | 11
#1493-d245 @A: 09 01 35 21 | 06
#1494-d245 @A: 03 01 35 22 | 12
#1495-d245 @A: 35 21 19 14 | 10
#1496-d245 @A: 08 18 33 29 | 02
#1497-d245 @A: 30 14 33 31 | 08
#1498-d245 @A: 34 33 28 26 | 05
#1499-d245 @A: 30 33 28 21 | 03
#1500-d245 @A: 04 09 33 19 | 09
#1501-d245 @A: 22 14 33 26 | 07
#1502-d245 @A: 27 31 16 08 | 01
#1503-d245 @A: 34 03 28 08 | 04
#1504-d245 @A: 17 08 28 09 | 11
#1505-d245 @A: 01 18 23 08 | 06
#1506-d245 @A: 27 17 08 04 | 12
#1507-d245 @A: 31 10 29 23 | 10
#1508-d245 @A: 30 29 06 07 | 02
#1509-d245 @A: 17 29 19 09 | 08
#1510-d245 @A: 16 34 28 18 | 05
#1511-d245 @A: 30 16 34 26 | 03
#1512-d245 @A: 16 07 21 18 | 09
#1513-d245 @A: 16 19 12 27 | 07
#1514-d245 @A: 16 01 22 17 | 01
#1515-d245 @A: 14 16 18 17 | 04
#1516-d245 @A: 21 16 19 04 | 11
#1517-d245 @A: 28 31 04 10 | 06
#1518-d245 @A: 07 31 18 32 | 12
#1519-d245 @A: 27 22 31 32 | 10
#1520-d245 @A: 12 07 31 10 | 02
#1521-d245 @A: 04 31 07 21 | 08
#1522-d245 @A: 09 14 34 27 | 05
#1523-d245 @A: 21 26 34 09 | 03
#1524-d245 @A: 04 09 32 28 | 09
#1525-d245 @A: 22 32 28 01 | 07
#1526-d245 @A: 27 28 32 17 | 01
#1527-d245 @A: 27 09 10 28 | 04
#1528-d245 @A: 30 04 23 32 | 11
#1529-d245 @A: 22 23 30 18 | 06
#1530-d245 @A: 26 21 30 22 | 12
#1531-d245 @A: 06 30 01 21 | 10
#1532-d245 @A: 19 27 06 30 | 02
#1533-d245 @A: 09 19 01 23 | 08
#1534-d245 @A: 23 17 01 07 | 05
#1535-d245 @A: 04 23 12 18 | 03
#1536-d245 @A: 01 10 23 12 | 09
#1537-d245 @A: 03 23 22 26 | 07
#1538-d245 @A: 26 17 23 04 | 01
#1539-d245 @A: 26 32 06 22 | 04
#1540-d245 @A: 03 06 21 19 | 11
#1541-d245 @A: 14 18 06 10 | 06
#1542-d245 @A: 06 10 04 26 | 12
#1543-d245 @A: 26 02 15 20 | 10
#1544-d245 @A: 15 08 29 20 | 02
#1545-d245 @A: 09 20 06 15 | 08
#1546-d245 @A: 13 15 31 10 | 05
#1547-d245 @A: 27 15 06 13 | 03
#1548-d245 @A: 16 26 24 15 | 09
#1549-d245 @A: 30 15 24 10 | 07
#1550-d245 @A: 14 15 02 11 | 01
#1551-d245 @A: 15 22 02 17 | 04
#1552-d245 @A: 18 15 11 23 | 11
#1553-d245 @A: 31 15 05 09 | 06
#1554-d245 @A: 15 31 04 08 | 12
#1555-d245 @A: 31 29 19 15 | 10
#1556-d245 @A: 23 04 15 29 | 02
#1557-d245 @A: 01 28 15 31 | 08
#1558-d245 @A: 15 31 06 32 | 05
#1559-d245 @A: 22 34 15 10 | 03
#1560-d245 @A: 15 28 17 30 | 09
#1561-d245 @A: 14 28 15 27 | 07
#1562-d245 @A: 18 09 15 04 | 01
#1563-d245 @A: 22 18 15 01 | 04
#1564-d245 @A: 15 18 01 06 | 11
#1565-d245 @A: 20 24 01 25 | 06
#1566-d245 @A: 31 21 24 20 | 12
#1567-d245 @A: 10 24 22 20 | 10
#1568-d245 @A: 11 02 20 21 | 02
#1569-d245 @A: 07 11 23 20 | 08
#1570-d245 @A: 17 20 25 23 | 05
#1571-d245 @A: 25 06 32 20 | 03
#1572-d245 @A: 14 05 35 20 | 09
#1573-d245 @A: 30 20 05 07 | 07
#1574-d245 @A: 18 20 35 26 | 01
#1575-d245 @A: 33 22 20 30 | 04
#1576-d245 @A: 20 19 27 29 | 11
#1577-d245 @A: 23 20 19 06 | 06
#1578-d245 @A: 20 12 21 10 | 12
#1579-d245 @A: 14 20 26 04 | 10
#1580-d245 @A: 14 27 20 18 | 02
#1581-d245 @A: 04 24 13 29 | 08
#1582-d245 @A: 14 11 28 13 | 05
#1583-d245 @A: 22 25 08 13 | 03
#1584-d245 @A: 12 29 13 25 | 09
#1585-d245 @A: 14 31 13 25 | 07
#1586-d245 @A: 04 23 05 13 | 01
#1587-d245 @A: 19 07 13 03 | 04
#1588-d245 @A: 13 07 17 27 | 11
#1589-d245 @A: 27 26 19 13 | 06
#1590-d245 @A: 24 35 18 11 | 12
#1591-d245 @A: 25 08 24 18 | 10
#1592-d245 @A: 05 24 27 34 | 02
#1593-d245 @A: 29 35 24 22 | 08
#1594-d245 @A: 30 24 33 03 | 05
#1595-d245 @A: 27 16 28 24 | 03
#1596-d245 @A: 14 28 10 24 | 09
#1597-d245 @A: 03 12 23 24 | 07
#1598-d245 @A: 04 11 05 02 | 01
#1599-d245 @A: 02 12 25 16 | 04
#1600-d245 @A: 02 35 04 16 | 11
#1601-d245 @A: 26 34 02 35 | 06
#1602-d245 @A: 02 28 31 29 | 12
#1603-d245 @A: 02 01 07 16 | 10
#1604-d245 @A: 02 19 34 28 | 02
#1605-d245 @A: 02 23 18 34 | 08
#1606-d245 @A: 02 17 06 30 | 05
#1607-d245 @A: 23 06 03 02 | 03
#1608-d245 @A: 12 02 09 14 | 09
#1609-d245 @A: 12 07 02 27 | 07
#1610-d245 @A: 32 17 25 11 | 01
#1611-d245 @A: 05 11 31 22 | 04
#1612-d245 @A: 11 16 19 08 | 11
#1613-d245 @A: 29 19 07 11 | 06
#1614-d245 @A: 11 09 26 07 | 12
#1615-d245 @A: 11 03 21 26 | 10
#1616-d245 @A: 21 01 11 22 | 02
#1617-d245 @A: 11 26 22 27 | 08
#1618-d245 @A: 05 27 25 33 | 05
#1619-d245 @A: 25 26 35 03 | 03
#1620-d245 @A: 16 14 25 33 | 09
#1621-d245 @A: 07 08 27 25 | 07
#1622-d245 @A: 25 19 28 16 | 01
#1623-d245 @A: 18 23 25 31 | 04
#1624-d245 @A: 19 25 18 34 | 11
#1625-d245 @A: 25 30 06 10 | 06
#1626-d245 @A: 03 12 09 25 | 12
#1627-d245 @A: 07 25 18 03 | 10
#1628-d245 @A: 25 04 19 12 | 02
#1629-d245 @A: 01 17 03 25 | 08
#1630-d245 @A: 10 26 22 25 | 05
#1631-d245 @A: 19 35 05 28 | 03
#1632-d245 @A: 35 06 05 32 | 09
#1633-d245 @A: 08 31 05 21 | 07
#1634-d245 @A: 30 05 16 23 | 01
#1635-d245 @A: 10 28 34 05 | 04
#1636-d245 @A: 05 10 30 17 | 11
#1637-d245 @A: 01 05 21 12 | 06
#1638-d245 @A: 04 27 05 01 | 12
#1639-d245 @A: 35 23 09 33 | 10
#1640-d245 @A: 12 08 35 19 | 02
#1641-d245 @A: 35 16 21 34 | 08
#1642-d245 @A: 12 31 35 01 | 05
#1643-d245 @A: 28 12 09 35 | 03
#1644-d245 @A: 04 35 12 07 | 09
#1645-d245 @A: 33 26 08 09 | 07
#1646-d245 @A: 14 32 06 33 | 01
#1647-d245 @A: 33 18 10 32 | 04
#1648-d245 @A: 01 08 29 28 | 11
#1649-d245 @A: 29 08 22 03 | 06
#1650-d245 @A: 06 31 08 17 | 12
#1651-d245 @A: 28 08 26 23 | 10
#1652-d245 @A: 28 19 04 08 | 02
#1653-d245 @A: 08 17 32 07 | 08
#1654-d245 @A: 18 09 12 08 | 05
#1655-d245 @A: 08 27 18 03 | 03
#1656-d245 @A: 19 08 10 14 | 09
#1657-d245 @A: 06 08 04 19 | 07
#1658-d245 @A: 29 16 18 23 | 01
#1659-d245 @A: 28 17 07 29 | 04
#1660-d245 @A: 10 28 19 29 | 11
#1661-d245 @A: 23 14 06 29 | 06
#1662-d245 @A: 29 04 22 32 | 12
#1663-d245 @A: 29 09 22 18 | 10
#1664-d245 @A: 10 07 29 01 | 02
#1665-d245 @A: 17 21 27 29 | 08
#1666-d245 @A: 29 04 19 18 | 05
#1667-d245 @A: 31 16 07 28 | 03
#1668-d245 @A: 31 16 22 12 | 09
#1669-d245 @A: 19 16 23 26 | 07
#1670-d245 @A: 16 07 10 19 | 01
#1671-d245 @A: 16 26 07 27 | 04
#1672-d245 @A: 10 16 03 12 | 11
#1673-d245 @A: 21 16 06 26 | 06
#1674-d245 @A: 31 04 22 19 | 12
#1675-d245 @A: 17 31 26 10 | 10
#1676-d245 @A: 34 32 09 12 | 02
#1677-d245 @A: 17 12 26 34 | 08
#1678-d245 @A: 21 18 12 34 | 05
#1679-d245 @A: 06 34 12 26 | 03
#1680-d245 @A: 14 22 34 17 | 09
#1681-d245 @A: 01 22 06 34 | 07
#1682-d245 @A: 21 01 34 27 | 01
#1683-d245 @A: 28 21 14 01 | 04
#1684-d245 @A: 19 17 30 23 | 11
#1685-d245 @A: 04 12 30 10 | 06
#1686-d245 @A: 04 30 27 03 | 12
#1687-d245 @A: 22 21 12 23 | 10
#1688-d245 @A: 23 21 17 06 | 02
#1689-d245 @A: 27 03 32 06 | 08
