#0001-d183 @A: 22 19 23 06 | 03
#0002-d183 @A: 22 30 19 10 | 04
#0003-d183 @A: 14 04 17 22 | 08
#0004-d183 @A: 04 22 07 15 | 10
#0005-d183 @A: 22 30 15 05 | 11
#0006-d183 @A: 33 22 05 24 | 07
#0007-d183 @A: 27 14 13 22 | 05
#0008-d183 @A: 22 21 20 12 | 06
#0009-d183 @A: 12 25 22 31 | 01
#0010-d183 @A: 34 02 22 12 | 12
#0011-d183 @A: 25 06 02 22 | 02
#0012-d183 @A: 09 22 28 13 | 09
#0013-d183 @A: 07 23 28 22 | 03
#0014-d183 @A: 17 22 24 08 | 04
#0015-d183 @A: 16 15 11 06 | 08
#0016-d183 @A: 25 29 16 11 | 10
#0017-d183 @A: 29 16 02 04 | 11
#0018-d183 @A: 07 16 02 05 | 07
#0019-d183 @A: 34 05 16 33 | 05
#0020-d183 @A: 21 27 16 30 | 06
#0021-d183 @A: 26 21 09 16 | 01
#0022-d183 @A: 16 28 17 35 | 12
#0023-d183 @A: 31 25 16 32 | 02
#0024-d183 @A: 03 16 15 28 | 09
#0025-d183 @A: 19 18 11 05 | 03
#0026-d183 @A: 24 19 27 04 | 04
#0027-d183 @A: 09 05 19 23 | 08
#0028-d183 @A: 13 19 21 01 | 10
#0029-d183 @A: 31 21 20 19 | 11
#0030-d183 @A: 12 08 19 15 | 07
#0031-d183 @A: 12 20 19 07 | 05
#0032-d183 @A: 19 09 07 10 | 06
#0033-d183 @A: 19 23 08 03 | 01
#0034-d183 @A: 19 20 23 24 | 12
#0035-d183 @A: 19 30 23 28 | 02
#0036-d183 @A: 25 15 18 19 | 09
#0037-d183 @A: 28 32 03 19 | 03
#0038-d183 @A: 04 14 23 11 | 04
#0039-d183 @A: 01 27 11 21 | 08
#0040-d183 @A: 07 20 11 27 | 10
#0041-d183 @A: 01 11 23 06 | 11
#0042-d183 @A: 18 11 12 23 | 07
#0043-d183 @A: 34 11 08 12 | 05
#0044-d183 @A: 23 09 15 11 | 06
#0045-d183 @A: 25 11 13 08 | 01
#0046-d183 @A: 26 11 25 17 | 12
#0047-d183 @A: 29 20 11 33 | 02
#0048-d183 @A: 34 30 32 11 | 09
#0049-d183 @A: 29 11 28 15 | 03
#0050-d183 @A: 11 34 33 03 | 04
#0051-d183 @A: 11 14 18 33 | 08
#0052-d183 @A: 02 03 10 11 | 10
#0053-d183 @A: 29 30 11 13 | 11
#0054-d183 @A: 21 04 32 09 | 07
#0055-d183 @A: 01 26 04 23 | 05
#0056-d183 @A: 04 07 28 06 | 06
#0057-d183 @A: 08 04 28 24 | 01
#0058-d183 @A: 26 04 08 31 | 12
#0059-d183 @A: 04 20 26 18 | 02
#0060-d183 @A: 04 32 28 13 | 09
#0061-d183 @A: 03 33 10 04 | 03
#0062-d183 @A: 05 01 27 28 | 04
#0063-d183 @A: 13 25 27 05 | 08
#0064-d183 @A: 12 05 34 20 | 10
#0065-d183 @A: 23 06 05 33 | 11
#0066-d183 @A: 05 29 07 06 | 07
#0067-d183 @A: 30 05 17 09 | 05
#0068-d183 @A: 18 07 05 09 | 06
#0069-d183 @A: 14 05 31 33 | 01
#0070-d183 @A: 05 18 30 10 | 12
#0071-d183 @A: 01 07 15 27 | 02
#0072-d183 @A: 27 18 25 01 | 09
#0073-d183 @A: 35 09 28 27 | 03
#0074-d183 @A: 17 31 09 27 | 04
#0075-d183 @A: 25 32 09 27 | 08
#0076-d183 @A: 29 27 08 25 | 10
#0077-d183 @A: 27 02 35 25 | 11
#0078-d183 @A: 28 17 07 27 | 07
#0079-d183 @A: 29 31 20 27 | 05
#0080-d183 @A: 10 09 21 01 | 06
#0081-d183 @A: 06 30 21 08 | 01
#0082-d183 @A: 21 23 07 02 | 12
#0083-d183 @A: 21 20 30 23 | 02
#0084-d183 @A: 31 35 07 21 | 09
#0085-d183 @A: 34 28 32 21 | 03
#0086-d183 @A: 02 24 12 01 | 04
#0087-d183 @A: 01 06 18 03 | 08
#0088-d183 @A: 08 02 01 07 | 10
#0089-d183 @A: 01 14 08 29 | 11
#0090-d183 @A: 28 01 10 15 | 07
#0091-d183 @A: 28 13 01 34 | 05
#0092-d183 @A: 01 24 14 28 | 06
#0093-d183 @A: 09 06 12 29 | 01
#0094-d183 @A: 06 12 26 25 | 12
#0095-d183 @A: 12 06 20 33 | 02
#0096-d183 @A: 23 12 26 09 | 09
#0097-d183 @A: 12 33 35 23 | 03
#0098-d183 @A: 23 17 20 12 | 04
#0099-d183 @A: 20 13 31 12 | 08
#0100-d183 @A: 33 12 18 02 | 10
#0101-d183 @A: 09 06 02 13 | 11
#0102-d183 @A: 35 34 06 08 | 07
#0103-d183 @A: 33 07 06 35 | 05
#0104-d183 @A: 20 06 24 32 | 06
#0105-d183 @A: 31 34 06 15 | 01
#0106-d183 @A: 06 26 29 15 | 12
#0107-d183 @A: 18 06 31 33 | 02
#0108-d183 @A: 18 09 25 08 | 09
#0109-d183 @A: 35 09 17 26 | 03
#0110-d183 @A: 09 07 20 35 | 04
#0111-d183 @A: 15 09 25 35 | 08
#0112-d183 @A: 20 29 09 30 | 10
#0113-d183 @A: 02 14 32 09 | 11
#0114-d183 @A: 09 15 24 18 | 07
#0115-d183 @A: 24 09 10 34 | 05
#0116-d183 @A: 23 29 20 34 | 06
#0117-d183 @A: 35 31 02 08 | 01
#0118-d183 @A: 28 15 08 32 | 12
#0119-d183 @A: 32 13 30 08 | 02
#0120-d183 @A: 34 08 31 29 | 09
#0121-d183 @A: 10 33 14 08 | 03
#0122-d183 @A: 13 08 14 18 | 04
#0123-d183 @A: 35 31 32 13 | 08
#0124-d183 @A: 30 24 35 13 | 10
#0125-d183 @A: 14 33 32 17 | 11
#0126-d183 @A: 17 31 02 15 | 07
#0127-d183 @A: 34 17 31 03 | 05
#0128-d183 @A: 17 13 33 28 | 06
#0129-d183 @A: 03 07 20 18 | 01
#0130-d183 @A: 28 07 10 34 | 12
#0131-d183 @A: 13 26 07 14 | 02
#0132-d183 @A: 18 32 25 26 | 09
#0133-d183 @A: 25 29 14 10 | 03
#0134-d183 @A: 24 25 13 28 | 04
#0135-d183 @A: 03 19 22 01 | 08
#0136-d183 @A: 04 22 24 11 | 10
#0137-d183 @A: 35 11 22 10 | 11
#0138-d183 @A: 22 21 04 13 | 07
#0139-d183 @A: 22 20 05 09 | 05
#0140-d183 @A: 22 13 35 05 | 06
#0141-d183 @A: 22 05 07 26 | 01
#0142-d183 @A: 20 22 27 06 | 12
#0143-d183 @A: 22 32 01 23 | 02
#0144-d183 @A: 22 30 34 12 | 09
#0145-d183 @A: 09 22 26 25 | 03
#0146-d183 @A: 25 15 17 22 | 04
#0147-d183 @A: 22 14 28 15 | 08
#0148-d183 @A: 22 24 26 31 | 10
#0149-d183 @A: 24 22 29 02 | 11
#0150-d183 @A: 11 16 32 12 | 07
#0151-d183 @A: 35 03 11 16 | 05
#0152-d183 @A: 14 06 04 16 | 06
#0153-d183 @A: 16 34 27 07 | 01
#0154-d183 @A: 16 21 03 23 | 12
#0155-d183 @A: 16 12 28 07 | 02
#0156-d183 @A: 09 16 31 08 | 09
#0157-d183 @A: 35 16 24 09 | 03
#0158-d183 @A: 15 16 34 32 | 04
#0159-d183 @A: 24 28 31 16 | 08
#0160-d183 @A: 27 11 19 03 | 10
#0161-d183 @A: 01 11 19 30 | 11
#0162-d183 @A: 17 14 19 11 | 07
#0163-d183 @A: 06 19 04 29 | 05
#0164-d183 @A: 19 04 15 35 | 06
#0165-d183 @A: 19 06 30 05 | 01
#0166-d183 @A: 35 05 29 19 | 12
#0167-d183 @A: 19 01 32 27 | 02
#0168-d183 @A: 19 17 21 09 | 09
#0169-d183 @A: 19 07 06 26 | 03
#0170-d183 @A: 28 19 35 33 | 04
#0171-d183 @A: 17 13 19 26 | 08
#0172-d183 @A: 19 02 33 17 | 10
#0173-d183 @A: 13 34 14 19 | 11
#0174-d183 @A: 30 19 28 02 | 07
#0175-d183 @A: 30 03 26 19 | 05
#0176-d183 @A: 05 14 02 11 | 06
#0177-d183 @A: 11 27 02 17 | 01
#0178-d183 @A: 18 11 30 27 | 12
#0179-d183 @A: 28 01 11 09 | 02
#0180-d183 @A: 11 06 33 08 | 09
#0181-d183 @A: 24 11 35 06 | 03
#0182-d183 @A: 02 34 09 11 | 04
#0183-d183 @A: 17 11 28 08 | 08
#0184-d183 @A: 17 11 03 07 | 10
#0185-d183 @A: 11 32 02 34 | 11
#0186-d183 @A: 04 05 09 35 | 07
#0187-d183 @A: 09 02 05 04 | 05
#0188-d183 @A: 25 27 04 20 | 06
#0189-d183 @A: 21 04 28 17 | 01
#0190-d183 @A: 07 04 13 01 | 12
#0191-d183 @A: 12 35 04 13 | 02
#0192-d183 @A: 31 03 09 04 | 09
#0193-d183 @A: 32 04 08 25 | 03
#0194-d183 @A: 20 04 35 31 | 04
#0195-d183 @A: 04 28 14 26 | 08
#0196-d183 @A: 18 28 04 29 | 10
#0197-d183 @A: 17 05 01 06 | 11
#0198-d183 @A: 12 23 29 05 | 07
#0199-d183 @A: 25 06 31 05 | 05
#0200-d183 @A: 15 23 07 05 | 06
#0201-d183 @A: 35 10 05 17 | 01
#0202-d183 @A: 30 05 20 26 | 12
#0203-d183 @A: 03 13 05 28 | 02
#0204-d183 @A: 02 24 31 05 | 09
#0205-d183 @A: 27 17 21 10 | 03
#0206-d183 @A: 27 01 10 34 | 04
#0207-d183 @A: 09 12 18 27 | 08
#0208-d183 @A: 08 09 27 26 | 10
#0209-d183 @A: 18 02 07 27 | 11
#0210-d183 @A: 02 27 28 34 | 07
#0211-d183 @A: 33 27 31 10 | 05
#0212-d183 @A: 20 01 08 21 | 06
#0213-d183 @A: 06 09 34 21 | 01
#0214-d183 @A: 26 35 21 06 | 12
#0215-d183 @A: 08 26 21 34 | 02
#0216-d183 @A: 21 07 10 18 | 09
#0217-d183 @A: 21 03 25 02 | 03
#0218-d183 @A: 14 30 21 13 | 04
#0219-d183 @A: 28 29 02 21 | 08
#0220-d183 @A: 13 21 02 31 | 10
#0221-d183 @A: 01 12 32 25 | 11
#0222-d183 @A: 01 23 02 28 | 07
#0223-d183 @A: 20 01 30 28 | 05
#0224-d183 @A: 01 13 03 26 | 06
#0225-d183 @A: 14 25 23 12 | 01
#0226-d183 @A: 23 28 12 13 | 12
#0227-d183 @A: 33 26 12 32 | 02
#0228-d183 @A: 12 15 28 02 | 09
#0229-d183 @A: 26 10 34 12 | 03
#0230-d183 @A: 12 14 28 29 | 04
#0231-d183 @A: 08 02 06 10 | 08
#0232-d183 @A: 32 06 17 10 | 10
#0233-d183 @A: 07 09 28 08 | 11
#0234-d183 @A: 34 17 25 09 | 07
#0235-d183 @A: 09 32 03 13 | 05
#0236-d183 @A: 13 29 34 09 | 06
#0237-d183 @A: 02 24 09 10 | 01
#0238-d183 @A: 23 08 18 29 | 12
#0239-d183 @A: 31 03 20 23 | 02
#0240-d183 @A: 32 17 08 07 | 09
#0241-d183 @A: 29 15 20 08 | 03
#0242-d183 @A: 20 08 26 03 | 04
#0243-d183 @A: 15 14 08 02 | 08
#0244-d183 @A: 08 33 13 15 | 10
#0245-d183 @A: 28 26 08 33 | 11
#0246-d183 @A: 35 32 29 02 | 07
#0247-d183 @A: 02 35 03 34 | 05
#0248-d183 @A: 18 10 35 33 | 06
#0249-d183 @A: 20 10 13 17 | 01
#0250-d183 @A: 24 07 32 34 | 12
#0251-d183 @A: 33 07 34 30 | 02
#0252-d183 @A: 26 02 25 32 | 09
#0253-d183 @A: 16 22 08 14 | 03
#0254-d183 @A: 19 22 33 25 | 04
#0255-d183 @A: 24 22 19 13 | 08
#0256-d183 @A: 02 04 23 22 | 10
#0257-d183 @A: 28 04 22 10 | 11
#0258-d183 @A: 10 05 23 22 | 07
#0259-d183 @A: 28 08 22 27 | 05
#0260-d183 @A: 08 21 22 32 | 06
#0261-d183 @A: 15 01 08 22 | 01
#0262-d183 @A: 20 22 26 01 | 12
#0263-d183 @A: 22 26 06 08 | 02
#0264-d183 @A: 08 33 22 09 | 09
#0265-d183 @A: 24 22 25 35 | 03
#0266-d183 @A: 03 15 29 22 | 04
#0267-d183 @A: 26 34 03 22 | 08
#0268-d183 @A: 28 29 24 22 | 10
#0269-d183 @A: 22 18 24 03 | 11
#0270-d183 @A: 34 01 11 16 | 07
#0271-d183 @A: 04 30 16 05 | 05
#0272-d183 @A: 04 28 27 16 | 06
#0273-d183 @A: 17 05 32 16 | 01
#0274-d183 @A: 02 16 20 27 | 12
#0275-d183 @A: 16 12 18 06 | 02
#0276-d183 @A: 28 16 06 33 | 09
#0277-d183 @A: 31 23 17 16 | 03
#0278-d183 @A: 16 24 08 10 | 04
#0279-d183 @A: 16 15 26 35 | 08
#0280-d183 @A: 35 02 13 16 | 10
#0281-d183 @A: 16 20 07 32 | 11
#0282-d183 @A: 13 11 19 06 | 07
#0283-d183 @A: 11 34 19 15 | 05
#0284-d183 @A: 19 03 17 04 | 06
#0285-d183 @A: 25 20 19 05 | 01
#0286-d183 @A: 24 14 19 05 | 12
#0287-d183 @A: 12 27 19 26 | 02
#0288-d183 @A: 09 27 19 34 | 09
#0289-d183 @A: 27 19 31 08 | 03
#0290-d183 @A: 19 30 07 27 | 04
#0291-d183 @A: 01 20 19 06 | 08
#0292-d183 @A: 35 01 19 26 | 10
#0293-d183 @A: 12 32 19 13 | 11
#0294-d183 @A: 19 32 06 14 | 07
#0295-d183 @A: 19 33 20 09 | 05
#0296-d183 @A: 10 19 23 17 | 06
#0297-d183 @A: 34 33 19 10 | 01
#0298-d183 @A: 33 19 26 24 | 12
#0299-d183 @A: 07 04 11 26 | 02
#0300-d183 @A: 11 05 13 12 | 09
#0301-d183 @A: 06 11 26 05 | 03
#0302-d183 @A: 11 05 31 08 | 04
#0303-d183 @A: 11 07 08 15 | 08
#0304-d183 @A: 11 34 07 13 | 10
#0305-d183 @A: 29 02 11 07 | 11
#0306-d183 @A: 10 11 34 18 | 07
#0307-d183 @A: 14 30 11 26 | 05
#0308-d183 @A: 02 11 30 31 | 06
#0309-d183 @A: 32 12 04 27 | 01
#0310-d183 @A: 04 33 06 27 | 12
#0311-d183 @A: 09 24 04 12 | 02
#0312-d183 @A: 23 08 33 04 | 09
#0313-d183 @A: 31 17 04 07 | 03
#0314-d183 @A: 25 33 04 14 | 04
#0315-d183 @A: 34 24 20 04 | 08
#0316-d183 @A: 24 04 32 18 | 10
#0317-d183 @A: 18 33 02 04 | 11
#0318-d183 @A: 32 21 27 05 | 07
#0319-d183 @A: 05 01 13 02 | 05
#0320-d183 @A: 05 33 17 08 | 06
#0321-d183 @A: 34 07 05 08 | 01
#0322-d183 @A: 26 15 05 10 | 12
#0323-d183 @A: 15 05 29 02 | 02
#0324-d183 @A: 23 21 28 27 | 09
#0325-d183 @A: 12 27 10 06 | 03
#0326-d183 @A: 31 23 27 12 | 04
#0327-d183 @A: 14 12 27 35 | 08
#0328-d183 @A: 27 02 06 14 | 10
#0329-d183 @A: 27 15 20 09 | 11
#0330-d183 @A: 08 20 27 23 | 07
#0331-d183 @A: 35 27 32 23 | 05
#0332-d183 @A: 23 27 33 17 | 06
#0333-d183 @A: 26 32 13 27 | 01
#0334-d183 @A: 27 03 31 15 | 12
#0335-d183 @A: 24 29 27 30 | 02
#0336-d183 @A: 27 03 24 13 | 09
#0337-d183 @A: 29 21 07 01 | 03
#0338-d183 @A: 21 12 28 09 | 04
#0339-d183 @A: 12 25 29 21 | 08
#0340-d183 @A: 31 12 21 34 | 10
#0341-d183 @A: 23 24 21 17 | 11
#0342-d183 @A: 21 28 14 35 | 07
#0343-d183 @A: 20 21 10 32 | 05
#0344-d183 @A: 33 28 24 21 | 06
#0345-d183 @A: 03 21 31 30 | 01
#0346-d183 @A: 10 21 02 33 | 12
#0347-d183 @A: 18 29 21 24 | 02
#0348-d183 @A: 01 09 33 23 | 09
#0349-d183 @A: 17 03 08 01 | 03
#0350-d183 @A: 07 08 01 18 | 04
#0351-d183 @A: 17 01 13 35 | 08
#0352-d183 @A: 32 01 02 15 | 10
#0353-d183 @A: 26 29 01 24 | 11
#0354-d183 @A: 32 03 06 12 | 07
#0355-d183 @A: 35 18 12 08 | 05
#0356-d183 @A: 20 18 29 12 | 06
#0357-d183 @A: 31 10 12 32 | 01
#0358-d183 @A: 18 30 32 12 | 12
#0359-d183 @A: 12 15 31 26 | 02
#0360-d183 @A: 26 13 12 30 | 09
#0361-d183 @A: 18 12 03 33 | 03
#0362-d183 @A: 06 28 14 09 | 04
#0363-d183 @A: 25 34 23 06 | 08
#0364-d183 @A: 15 10 20 06 | 10
#0365-d183 @A: 06 18 15 30 | 11
#0366-d183 @A: 29 14 13 06 | 07
#0367-d183 @A: 18 02 09 23 | 05
#0368-d183 @A: 29 28 09 32 | 06
#0369-d183 @A: 09 31 15 13 | 01
#0370-d183 @A: 24 28 03 09 | 12
#0371-d183 @A: 10 09 31 26 | 02
#0372-d183 @A: 17 23 02 25 | 09
#0373-d183 @A: 23 14 15 26 | 03
#0374-d183 @A: 34 23 13 33 | 04
#0375-d183 @A: 28 23 03 26 | 08
#0376-d183 @A: 18 13 23 10 | 10
#0377-d183 @A: 35 03 08 13 | 11
#0378-d183 @A: 18 26 08 17 | 07
#0379-d183 @A: 28 13 20 08 | 05
#0380-d183 @A: 02 32 08 28 | 06
#0381-d183 @A: 30 08 18 33 | 01
#0382-d183 @A: 35 25 17 31 | 12
#0383-d183 @A: 20 13 26 35 | 02
#0384-d183 @A: 20 26 17 32 | 09
#0385-d183 @A: 07 31 34 20 | 03
#0386-d183 @A: 07 32 28 14 | 04
#0387-d183 @A: 32 07 03 26 | 08
#0388-d183 @A: 25 20 30 14 | 10
#0389-d183 @A: 20 03 25 24 | 11
#0390-d183 @A: 24 34 18 25 | 07
#0391-d183 @A: 29 25 02 34 | 05
#0392-d183 @A: 02 32 24 03 | 06
#0393-d183 @A: 03 26 02 18 | 01
#0394-d183 @A: 16 22 20 17 | 12
#0395-d183 @A: 16 28 22 34 | 02
#0396-d183 @A: 14 22 12 19 | 09
#0397-d183 @A: 35 19 22 20 | 03
#0398-d183 @A: 09 22 11 34 | 04
#0399-d183 @A: 05 03 22 02 | 08
#0400-d183 @A: 27 09 30 22 | 10
#0401-d183 @A: 01 25 07 22 | 11
#0402-d183 @A: 22 26 14 18 | 07
#0403-d183 @A: 31 18 22 29 | 05
#0404-d183 @A: 16 19 11 20 | 06
#0405-d183 @A: 11 04 13 16 | 01
#0406-d183 @A: 11 07 16 33 | 12
#0407-d183 @A: 16 21 04 20 | 02
#0408-d183 @A: 35 27 13 16 | 09
#0409-d183 @A: 27 30 16 02 | 03
#0410-d183 @A: 08 16 13 01 | 04
#0411-d183 @A: 01 26 16 17 | 08
#0412-d183 @A: 12 29 34 16 | 10
#0413-d183 @A: 09 16 23 20 | 11
#0414-d183 @A: 33 35 16 08 | 07
#0415-d183 @A: 14 31 16 34 | 05
#0416-d183 @A: 03 24 34 16 | 06
#0417-d183 @A: 28 19 27 06 | 01
#0418-d183 @A: 21 08 35 19 | 12
#0419-d183 @A: 02 07 25 19 | 02
#0420-d183 @A: 33 31 19 32 | 09
#0421-d183 @A: 19 28 18 13 | 03
#0422-d183 @A: 27 11 33 25 | 04
#0423-d183 @A: 11 35 01 14 | 08
#0424-d183 @A: 30 12 09 11 | 10
#0425-d183 @A: 28 23 32 11 | 11
#0426-d183 @A: 08 32 11 18 | 07
#0427-d183 @A: 20 11 30 15 | 05
#0428-d183 @A: 11 34 20 26 | 06
#0429-d183 @A: 24 14 20 11 | 01
#0430-d183 @A: 31 11 20 10 | 12
#0431-d183 @A: 21 33 04 07 | 02
#0432-d183 @A: 34 02 04 21 | 09
#0433-d183 @A: 09 04 20 01 | 03
#0434-d183 @A: 15 04 32 01 | 04
#0435-d183 @A: 01 02 03 04 | 08
#0436-d183 @A: 12 06 04 30 | 10
#0437-d183 @A: 04 12 03 08 | 11
#0438-d183 @A: 12 04 20 28 | 07
#0439-d183 @A: 04 08 29 30 | 05
#0440-d183 @A: 32 04 29 33 | 06
#0441-d183 @A: 33 04 28 31 | 01
#0442-d183 @A: 26 03 04 24 | 12
#0443-d183 @A: 05 10 12 08 | 02
#0444-d183 @A: 26 17 05 12 | 09
#0445-d183 @A: 13 14 05 09 | 03
#0446-d183 @A: 23 03 05 17 | 04
#0447-d183 @A: 33 05 23 02 | 08
#0448-d183 @A: 05 28 18 15 | 10
#0449-d183 @A: 03 05 14 30 | 11
#0450-d183 @A: 06 21 18 27 | 07
#0451-d183 @A: 34 27 06 03 | 05
#0452-d183 @A: 15 27 33 32 | 06
#0453-d183 @A: 27 26 02 15 | 01
#0454-d183 @A: 33 27 02 03 | 12
#0455-d183 @A: 21 01 12 26 | 02
#0456-d183 @A: 17 01 33 21 | 09
#0457-d183 @A: 20 06 17 21 | 03
#0458-d183 @A: 30 21 35 09 | 04
#0459-d183 @A: 21 23 26 32 | 08
#0460-d183 @A: 08 21 33 25 | 10
#0461-d183 @A: 31 17 15 21 | 11
#0462-d183 @A: 21 25 10 13 | 07
#0463-d183 @A: 18 21 31 32 | 05
#0464-d183 @A: 01 12 23 03 | 06
#0465-d183 @A: 01 14 06 15 | 01
#0466-d183 @A: 09 01 18 35 | 12
#0467-d183 @A: 25 01 08 31 | 02
#0468-d183 @A: 13 15 01 20 | 09
#0469-d183 @A: 01 32 24 30 | 03
#0470-d183 @A: 15 18 12 07 | 04
#0471-d183 @A: 20 32 15 12 | 08
#0472-d183 @A: 12 20 31 02 | 10
#0473-d183 @A: 12 15 10 14 | 11
#0474-d183 @A: 12 15 29 13 | 07
#0475-d183 @A: 34 12 33 14 | 05
#0476-d183 @A: 03 06 08 09 | 06
#0477-d183 @A: 06 07 15 09 | 01
#0478-d183 @A: 17 08 06 31 | 12
#0479-d183 @A: 17 14 35 06 | 02
#0480-d183 @A: 32 15 35 06 | 09
#0481-d183 @A: 32 29 34 06 | 03
#0482-d183 @A: 02 06 32 18 | 04
#0483-d183 @A: 13 26 06 10 | 08
#0484-d183 @A: 23 30 09 08 | 10
#0485-d183 @A: 28 23 09 17 | 11
#0486-d183 @A: 31 09 20 32 | 07
#0487-d183 @A: 20 10 14 09 | 05
#0488-d183 @A: 32 09 15 14 | 06
#0489-d183 @A: 08 24 02 23 | 01
#0490-d183 @A: 17 35 29 23 | 12
#0491-d183 @A: 26 07 23 17 | 02
#0492-d183 @A: 20 14 13 23 | 09
#0493-d183 @A: 20 18 23 28 | 03
#0494-d183 @A: 10 23 26 20 | 04
#0495-d183 @A: 34 14 23 18 | 08
#0496-d183 @A: 23 24 10 28 | 10
#0497-d183 @A: 33 23 24 31 | 11
#0498-d183 @A: 08 35 07 25 | 07
#0499-d183 @A: 34 08 03 14 | 05
#0500-d183 @A: 35 20 03 28 | 06
#0501-d183 @A: 30 32 03 35 | 01
#0502-d183 @A: 34 35 29 30 | 12
#0503-d183 @A: 28 20 17 24 | 02
#0504-d183 @A: 32 17 31 29 | 09
#0505-d183 @A: 31 30 24 17 | 03
#0506-d183 @A: 29 26 30 17 | 04
#0507-d183 @A: 13 17 29 03 | 08
#0508-d183 @A: 18 07 25 14 | 10
#0509-d183 @A: 15 07 13 28 | 11
#0510-d183 @A: 30 24 02 07 | 07
#0511-d183 @A: 20 33 25 13 | 05
#0512-d183 @A: 32 25 03 34 | 06
#0513-d183 @A: 28 14 03 25 | 01
#0514-d183 @A: 26 13 31 25 | 12
#0515-d183 @A: 25 10 03 26 | 02
#0516-d183 @A: 29 33 30 25 | 09
#0517-d183 @A: 14 02 13 20 | 03
#0518-d183 @A: 34 10 26 02 | 04
#0519-d183 @A: 31 14 10 02 | 08
#0520-d183 @A: 22 26 04 19 | 10
#0521-d183 @A: 12 11 29 22 | 11
#0522-d183 @A: 17 11 33 22 | 07
#0523-d183 @A: 35 22 04 27 | 05
#0524-d183 @A: 01 22 04 29 | 06
#0525-d183 @A: 04 08 22 34 | 01
#0526-d183 @A: 01 27 31 22 | 12
#0527-d183 @A: 27 22 34 18 | 02
#0528-d183 @A: 21 22 14 02 | 09
#0529-d183 @A: 12 22 28 01 | 03
#0530-d183 @A: 23 17 34 22 | 04
#0531-d183 @A: 07 17 22 10 | 08
#0532-d183 @A: 17 31 13 22 | 10
#0533-d183 @A: 22 20 31 28 | 11
#0534-d183 @A: 18 15 32 22 | 07
#0535-d183 @A: 22 24 10 32 | 05
#0536-d183 @A: 29 22 26 32 | 06
#0537-d183 @A: 34 22 14 24 | 01
#0538-d183 @A: 03 33 22 31 | 12
#0539-d183 @A: 33 22 10 26 | 02
#0540-d183 @A: 19 16 26 05 | 09
#0541-d183 @A: 19 01 16 15 | 03
#0542-d183 @A: 31 35 19 16 | 04
#0543-d183 @A: 10 16 05 14 | 08
#0544-d183 @A: 09 16 27 01 | 10
#0545-d183 @A: 24 16 14 21 | 11
#0546-d183 @A: 25 12 03 16 | 07
#0547-d183 @A: 16 06 08 29 | 05
#0548-d183 @A: 16 33 13 09 | 06
#0549-d183 @A: 18 16 23 07 | 01
#0550-d183 @A: 08 07 16 26 | 12
#0551-d183 @A: 16 20 14 03 | 02
#0552-d183 @A: 02 19 11 12 | 09
#0553-d183 @A: 19 07 25 11 | 03
#0554-d183 @A: 04 21 14 19 | 04
#0555-d183 @A: 12 19 05 28 | 08
#0556-d183 @A: 21 19 33 06 | 10
#0557-d183 @A: 31 12 19 01 | 11
#0558-d183 @A: 18 19 17 01 | 07
#0559-d183 @A: 01 19 07 14 | 05
#0560-d183 @A: 29 09 19 14 | 06
#0561-d183 @A: 09 03 02 19 | 01
#0562-d183 @A: 08 30 25 19 | 12
#0563-d183 @A: 20 19 28 14 | 02
#0564-d183 @A: 19 34 31 24 | 09
#0565-d183 @A: 29 19 10 02 | 03
#0566-d183 @A: 19 29 33 18 | 04
#0567-d183 @A: 33 05 21 11 | 08
#0568-d183 @A: 11 27 10 23 | 10
#0569-d183 @A: 07 11 09 31 | 11
#0570-d183 @A: 23 11 26 24 | 07
#0571-d183 @A: 18 11 02 08 | 05
#0572-d183 @A: 15 32 11 26 | 06
#0573-d183 @A: 11 18 03 15 | 01
#0574-d183 @A: 27 04 29 05 | 12
#0575-d183 @A: 26 05 21 04 | 02
#0576-d183 @A: 04 18 17 27 | 09
#0577-d183 @A: 04 01 24 25 | 03
#0578-d183 @A: 12 29 26 04 | 04
#0579-d183 @A: 04 15 25 06 | 08
#0580-d183 @A: 04 25 35 29 | 10
#0581-d183 @A: 34 13 04 15 | 11
#0582-d183 @A: 13 28 04 02 | 07
#0583-d183 @A: 27 09 05 06 | 05
#0584-d183 @A: 30 05 27 33 | 06
#0585-d183 @A: 13 21 05 17 | 01
#0586-d183 @A: 08 05 23 14 | 12
#0587-d183 @A: 05 10 02 35 | 02
#0588-d183 @A: 25 17 07 05 | 09
#0589-d183 @A: 29 30 05 32 | 03
#0590-d183 @A: 24 05 13 15 | 04
#0591-d183 @A: 24 30 05 28 | 08
#0592-d183 @A: 10 29 05 03 | 10
#0593-d183 @A: 26 24 05 18 | 11
#0594-d183 @A: 01 27 03 14 | 07
#0595-d183 @A: 33 27 08 12 | 05
#0596-d183 @A: 15 13 06 27 | 06
#0597-d183 @A: 09 27 29 10 | 01
#0598-d183 @A: 15 08 27 35 | 12
#0599-d183 @A: 33 27 28 14 | 02
#0600-d183 @A: 18 27 14 31 | 09
#0601-d183 @A: 02 27 10 13 | 03
#0602-d183 @A: 01 18 21 23 | 04
#0603-d183 @A: 06 23 21 29 | 08
#0604-d183 @A: 35 02 26 21 | 10
#0605-d183 @A: 17 03 32 21 | 11
#0606-d183 @A: 20 15 24 21 | 07
#0607-d183 @A: 15 28 26 21 | 05
#0608-d183 @A: 26 18 03 21 | 06
#0609-d183 @A: 06 01 30 09 | 01
#0610-d183 @A: 06 34 33 01 | 12
#0611-d183 @A: 01 29 15 09 | 02
#0612-d183 @A: 15 01 24 33 | 09
#0613-d183 @A: 01 02 14 34 | 03
#0614-d183 @A: 14 13 31 01 | 04
#0615-d183 @A: 30 01 31 33 | 08
#0616-d183 @A: 02 35 09 12 | 10
#0617-d183 @A: 20 09 25 12 | 11
#0618-d183 @A: 34 12 23 32 | 07
#0619-d183 @A: 35 28 32 12 | 05
#0620-d183 @A: 12 28 33 15 | 06
#0621-d183 @A: 18 24 31 12 | 01
#0622-d183 @A: 13 33 12 10 | 12
#0623-d183 @A: 12 02 29 30 | 02
#0624-d183 @A: 06 28 10 08 | 09
#0625-d183 @A: 02 17 06 35 | 03
#0626-d183 @A: 30 07 24 06 | 04
#0627-d183 @A: 06 15 03 24 | 08
#0628-d183 @A: 06 18 34 28 | 10
#0629-d183 @A: 10 06 29 18 | 11
#0630-d183 @A: 08 10 35 09 | 07
#0631-d183 @A: 07 09 15 02 | 05
#0632-d183 @A: 08 34 23 28 | 06
#0633-d183 @A: 14 23 07 33 | 01
#0634-d183 @A: 15 31 32 23 | 12
#0635-d183 @A: 30 23 24 14 | 02
#0636-d183 @A: 14 25 17 08 | 09
#0637-d183 @A: 28 31 18 08 | 03
#0638-d183 @A: 28 02 08 33 | 04
#0639-d183 @A: 08 03 10 18 | 08
#0640-d183 @A: 13 25 34 35 | 10
#0641-d183 @A: 35 33 02 20 | 11
#0642-d183 @A: 32 29 18 35 | 07
#0643-d183 @A: 15 17 24 32 | 05
#0644-d183 @A: 17 28 14 18 | 06
#0645-d183 @A: 31 07 15 30 | 01
#0646-d183 @A: 29 07 03 34 | 12
#0647-d183 @A: 07 33 26 31 | 02
#0648-d183 @A: 24 10 25 15 | 09
#0649-d183 @A: 10 25 31 30 | 03
#0650-d183 @A: 34 33 02 24 | 04
#0651-d183 @A: 14 33 30 02 | 08
#0652-d183 @A: 22 16 12 26 | 10
#0653-d183 @A: 30 16 22 35 | 11
#0654-d183 @A: 13 07 22 16 | 07
#0655-d183 @A: 13 22 01 11 | 05
#0656-d183 @A: 30 06 22 11 | 06
#0657-d183 @A: 08 22 11 20 | 01
#0658-d183 @A: 05 31 04 22 | 12
#0659-d183 @A: 22 27 02 09 | 02
#0660-d183 @A: 27 10 15 22 | 09
#0661-d183 @A: 22 33 35 21 | 03
#0662-d183 @A: 12 22 10 09 | 04
#0663-d183 @A: 12 15 23 22 | 08
#0664-d183 @A: 22 12 08 13 | 10
#0665-d183 @A: 06 17 29 22 | 11
#0666-d183 @A: 25 14 22 06 | 07
#0667-d183 @A: 35 14 22 07 | 05
#0668-d183 @A: 22 34 10 31 | 06
#0669-d183 @A: 03 06 16 19 | 01
#0670-d183 @A: 13 19 16 25 | 12
#0671-d183 @A: 02 11 28 16 | 02
#0672-d183 @A: 04 16 25 26 | 09
#0673-d183 @A: 16 12 35 05 | 03
#0674-d183 @A: 15 16 25 05 | 04
#0675-d183 @A: 18 08 21 16 | 08
#0676-d183 @A: 35 06 20 16 | 10
#0677-d183 @A: 16 06 30 25 | 11
#0678-d183 @A: 06 02 16 15 | 07
#0679-d183 @A: 16 10 03 09 | 05
#0680-d183 @A: 07 35 29 16 | 06
#0681-d183 @A: 25 33 16 17 | 01
#0682-d183 @A: 17 34 10 16 | 12
#0683-d183 @A: 16 34 13 20 | 02
#0684-d183 @A: 30 31 20 16 | 09
#0685-d183 @A: 14 32 16 18 | 03
#0686-d183 @A: 32 16 28 26 | 04
#0687-d183 @A: 16 30 15 14 | 08
#0688-d183 @A: 34 16 18 30 | 10
#0689-d183 @A: 33 18 16 26 | 11
#0690-d183 @A: 13 30 16 03 | 07
#0691-d183 @A: 23 27 19 18 | 05
#0692-d183 @A: 13 19 27 29 | 06
#0693-d183 @A: 12 21 18 19 | 01
#0694-d183 @A: 02 19 01 35 | 12
#0695-d183 @A: 17 29 12 19 | 02
#0696-d183 @A: 09 19 13 08 | 09
#0697-d183 @A: 26 29 19 23 | 03
#0698-d183 @A: 08 34 19 17 | 04
#0699-d183 @A: 25 32 19 17 | 08
#0700-d183 @A: 19 03 15 07 | 10
#0701-d183 @A: 29 19 28 34 | 11
#0702-d183 @A: 19 10 28 26 | 07
#0703-d183 @A: 01 04 18 11 | 05
#0704-d183 @A: 04 35 34 11 | 06
#0705-d183 @A: 04 03 11 30 | 01
#0706-d183 @A: 11 09 27 13 | 12
#0707-d183 @A: 23 21 34 11 | 02
#0708-d183 @A: 03 08 11 21 | 09
#0709-d183 @A: 17 10 11 12 | 03
#0710-d183 @A: 25 15 12 11 | 04
#0711-d183 @A: 32 11 07 06 | 08
#0712-d183 @A: 35 11 09 29 | 10
#0713-d183 @A: 11 23 17 13 | 11
#0714-d183 @A: 11 23 20 25 | 07
#0715-d183 @A: 07 28 11 35 | 05
#0716-d183 @A: 15 11 24 31 | 06
#0717-d183 @A: 29 18 11 26 | 01
#0718-d183 @A: 21 31 27 04 | 12
#0719-d183 @A: 27 31 02 04 | 02
#0720-d183 @A: 27 04 26 10 | 09
#0721-d183 @A: 24 06 04 21 | 03
#0722-d183 @A: 17 30 04 01 | 04
#0723-d183 @A: 13 17 04 06 | 08
#0724-d183 @A: 10 23 09 04 | 10
#0725-d183 @A: 32 17 04 23 | 11
#0726-d183 @A: 23 07 30 04 | 07
#0727-d183 @A: 35 14 08 04 | 05
#0728-d183 @A: 18 33 34 04 | 06
#0729-d183 @A: 13 04 03 18 | 01
#0730-d183 @A: 05 12 01 18 | 12
#0731-d183 @A: 26 05 09 01 | 02
#0732-d183 @A: 02 12 32 05 | 09
#0733-d183 @A: 06 32 05 18 | 03
#0734-d183 @A: 32 33 05 35 | 04
#0735-d183 @A: 05 07 28 31 | 08
#0736-d183 @A: 05 26 28 25 | 10
#0737-d183 @A: 20 33 18 05 | 11
#0738-d183 @A: 32 05 34 10 | 07
#0739-d183 @A: 03 31 18 05 | 05
#0740-d183 @A: 27 33 09 21 | 06
#0741-d183 @A: 27 24 21 08 | 01
#0742-d183 @A: 26 27 07 21 | 12
#0743-d183 @A: 12 01 27 30 | 02
#0744-d183 @A: 34 27 35 17 | 09
#0745-d183 @A: 32 27 24 28 | 03
#0746-d183 @A: 13 34 27 31 | 04
#0747-d183 @A: 21 14 01 32 | 08
#0748-d183 @A: 21 07 23 25 | 10
#0749-d183 @A: 33 10 21 23 | 11
#0750-d183 @A: 31 08 21 14 | 07
#0751-d183 @A: 29 21 31 33 | 05
#0752-d183 @A: 18 33 13 21 | 06
#0753-d183 @A: 06 35 01 29 | 01
#0754-d183 @A: 01 07 03 09 | 12
#0755-d183 @A: 01 23 13 29 | 02
#0756-d183 @A: 08 24 01 34 | 09
#0757-d183 @A: 01 26 07 28 | 03
#0758-d183 @A: 01 32 31 26 | 04
#0759-d183 @A: 12 06 17 28 | 08
#0760-d183 @A: 17 12 32 09 | 10
#0761-d183 @A: 12 25 17 13 | 11
#0762-d183 @A: 12 10 17 02 | 07
#0763-d183 @A: 03 10 12 20 | 05
#0764-d183 @A: 14 24 12 32 | 06
#0765-d183 @A: 15 12 03 34 | 01
#0766-d183 @A: 12 03 14 13 | 12
#0767-d183 @A: 06 35 09 13 | 02
#0768-d183 @A: 18 20 09 06 | 09
#0769-d183 @A: 10 30 06 34 | 03
#0770-d183 @A: 28 13 30 06 | 04
#0771-d183 @A: 33 29 06 03 | 08
#0772-d183 @A: 33 35 09 31 | 10
#0773-d183 @A: 17 13 07 09 | 11
#0774-d183 @A: 32 33 10 09 | 07
#0775-d183 @A: 26 03 15 09 | 05
#0776-d183 @A: 09 30 18 14 | 06
#0777-d183 @A: 09 28 30 31 | 01
#0778-d183 @A: 18 25 17 23 | 12
#0779-d183 @A: 02 23 26 15 | 02
#0780-d183 @A: 03 08 07 33 | 09
#0781-d183 @A: 24 20 18 08 | 03
#0782-d183 @A: 14 08 24 15 | 04
#0783-d183 @A: 08 31 15 10 | 08
#0784-d183 @A: 20 32 35 34 | 10
#0785-d183 @A: 10 35 15 30 | 11
#0786-d183 @A: 03 35 24 31 | 07
#0787-d183 @A: 35 30 18 26 | 05
#0788-d183 @A: 07 24 29 17 | 06
#0789-d183 @A: 20 34 33 17 | 01
#0790-d183 @A: 13 30 34 17 | 12
#0791-d183 @A: 14 10 26 17 | 02
#0792-d183 @A: 29 02 14 17 | 09
#0793-d183 @A: 17 33 10 29 | 03
#0794-d183 @A: 30 07 32 25 | 04
#0795-d183 @A: 07 20 02 32 | 08
#0796-d183 @A: 33 07 18 32 | 10
#0797-d183 @A: 07 15 26 24 | 11
#0798-d183 @A: 18 31 13 07 | 07
#0799-d183 @A: 18 25 31 20 | 05
#0800-d183 @A: 26 29 25 34 | 06
#0801-d183 @A: 25 26 24 14 | 01
#0802-d183 @A: 30 18 25 03 | 12
#0803-d183 @A: 30 32 02 13 | 02
#0804-d183 @A: 21 22 16 10 | 09
#0805-d183 @A: 22 16 24 15 | 03
#0806-d183 @A: 22 11 19 32 | 04
#0807-d183 @A: 22 07 19 31 | 08
#0808-d183 @A: 11 22 14 05 | 10
#0809-d183 @A: 24 12 22 27 | 11
#0810-d183 @A: 22 23 27 29 | 07
#0811-d183 @A: 27 25 22 03 | 05
#0812-d183 @A: 21 25 22 34 | 06
#0813-d183 @A: 01 24 06 22 | 01
#0814-d183 @A: 17 01 22 09 | 12
#0815-d183 @A: 22 10 01 02 | 02
#0816-d183 @A: 01 18 22 33 | 09
#0817-d183 @A: 22 35 12 06 | 03
#0818-d183 @A: 22 10 03 06 | 04
#0819-d183 @A: 25 23 13 22 | 08
#0820-d183 @A: 22 02 07 35 | 10
#0821-d183 @A: 30 20 24 22 | 11
#0822-d183 @A: 03 13 22 20 | 07
#0823-d183 @A: 32 03 14 22 | 05
#0824-d183 @A: 16 09 18 19 | 06
#0825-d183 @A: 17 19 30 16 | 01
#0826-d183 @A: 04 31 16 12 | 12
#0827-d183 @A: 18 16 04 35 | 02
#0828-d183 @A: 05 08 16 20 | 09
#0829-d183 @A: 12 20 27 16 | 03
#0830-d183 @A: 16 06 27 17 | 04
#0831-d183 @A: 16 09 02 21 | 08
#0832-d183 @A: 01 28 23 16 | 10
#0833-d183 @A: 09 15 16 12 | 11
#0834-d183 @A: 16 23 25 24 | 07
#0835-d183 @A: 26 16 17 02 | 05
#0836-d183 @A: 24 16 33 20 | 06
#0837-d183 @A: 13 28 14 16 | 01
#0838-d183 @A: 31 16 26 03 | 12
#0839-d183 @A: 29 16 31 13 | 02
#0840-d183 @A: 20 13 04 19 | 09
#0841-d183 @A: 21 05 19 02 | 03
#0842-d183 @A: 23 19 34 01 | 04
#0843-d183 @A: 19 09 12 03 | 08
#0844-d183 @A: 25 02 08 19 | 10
#0845-d183 @A: 08 20 19 10 | 11
#0846-d183 @A: 15 20 19 26 | 07
#0847-d183 @A: 33 19 15 14 | 05
#0848-d183 @A: 34 02 31 19 | 06
#0849-d183 @A: 24 19 10 03 | 01
#0850-d183 @A: 17 04 11 29 | 12
#0851-d183 @A: 11 05 32 09 | 02
#0852-d183 @A: 21 06 02 11 | 09
#0853-d183 @A: 11 21 13 35 | 03
#0854-d183 @A: 24 25 21 11 | 04
#0855-d183 @A: 26 01 11 08 | 08
#0856-d183 @A: 17 11 34 06 | 10
#0857-d183 @A: 17 30 11 35 | 11
#0858-d183 @A: 33 15 10 11 | 07
#0859-d183 @A: 06 04 34 05 | 05
#0860-d183 @A: 04 05 17 20 | 06
#0861-d183 @A: 03 04 25 05 | 01
#0862-d183 @A: 04 31 06 01 | 12
#0863-d183 @A: 02 04 12 08 | 02
#0864-d183 @A: 04 18 12 14 | 09
#0865-d183 @A: 35 10 06 04 | 03
#0866-d183 @A: 07 09 04 29 | 04
#0867-d183 @A: 20 33 15 04 | 08
#0868-d183 @A: 04 32 30 14 | 10
#0869-d183 @A: 10 04 15 18 | 11
#0870-d183 @A: 04 29 10 34 | 07
#0871-d183 @A: 31 18 04 30 | 05
#0872-d183 @A: 18 08 27 05 | 06
#0873-d183 @A: 21 25 14 05 | 01
#0874-d183 @A: 01 31 35 05 | 12
#0875-d183 @A: 14 05 12 06 | 02
#0876-d183 @A: 06 08 15 05 | 09
#0877-d183 @A: 09 05 10 25 | 03
#0878-d183 @A: 35 05 23 28 | 04
#0879-d183 @A: 32 03 05 15 | 08
#0880-d183 @A: 05 34 13 26 | 10
#0881-d183 @A: 33 05 26 03 | 11
#0882-d183 @A: 18 05 02 30 | 07
#0883-d183 @A: 29 01 17 27 | 05
#0884-d183 @A: 27 24 31 06 | 06
#0885-d183 @A: 27 26 25 35 | 01
#0886-d183 @A: 34 32 14 27 | 12
#0887-d183 @A: 32 03 27 29 | 02
#0888-d183 @A: 28 03 27 18 | 09
#0889-d183 @A: 33 27 24 18 | 03
#0890-d183 @A: 01 20 02 21 | 04
#0891-d183 @A: 21 14 17 12 | 08
#0892-d183 @A: 24 03 21 12 | 10
#0893-d183 @A: 15 21 13 32 | 11
#0894-d183 @A: 21 03 14 33 | 07
#0895-d183 @A: 28 10 29 21 | 05
#0896-d183 @A: 23 01 10 08 | 06
#0897-d183 @A: 01 32 07 35 | 01
#0898-d183 @A: 10 17 31 01 | 12
#0899-d183 @A: 32 01 20 29 | 02
#0900-d183 @A: 01 18 32 28 | 09
#0901-d183 @A: 14 30 01 34 | 03
#0902-d183 @A: 30 01 18 13 | 04
#0903-d183 @A: 14 12 09 08 | 08
#0904-d183 @A: 29 08 12 32 | 10
#0905-d183 @A: 25 12 18 10 | 11
#0906-d183 @A: 10 29 24 12 | 07
#0907-d183 @A: 09 24 06 17 | 05
#0908-d183 @A: 06 23 35 31 | 06
#0909-d183 @A: 08 14 06 07 | 01
#0910-d183 @A: 06 32 33 13 | 12
#0911-d183 @A: 24 28 26 06 | 02
#0912-d183 @A: 24 10 33 06 | 09
#0913-d183 @A: 35 09 23 14 | 03
#0914-d183 @A: 07 23 09 34 | 04
#0915-d183 @A: 26 20 09 28 | 08
#0916-d183 @A: 13 20 09 24 | 10
#0917-d183 @A: 09 24 32 26 | 11
#0918-d183 @A: 14 24 09 33 | 07
#0919-d183 @A: 26 09 29 33 | 05
#0920-d183 @A: 24 23 32 13 | 06
#0921-d183 @A: 15 23 30 29 | 01
#0922-d183 @A: 26 34 23 31 | 12
#0923-d183 @A: 23 10 29 31 | 02
#0924-d183 @A: 03 24 29 23 | 09
#0925-d183 @A: 35 31 30 08 | 03
#0926-d183 @A: 33 32 34 08 | 04
#0927-d183 @A: 31 32 08 03 | 08
#0928-d183 @A: 15 08 26 30 | 10
#0929-d183 @A: 10 07 35 13 | 11
#0930-d183 @A: 35 10 03 34 | 07
#0931-d183 @A: 35 26 31 14 | 05
#0932-d183 @A: 35 02 28 24 | 06
#0933-d183 @A: 07 02 28 17 | 01
#0934-d183 @A: 20 17 25 29 | 12
#0935-d183 @A: 17 14 31 20 | 02
#0936-d183 @A: 33 17 30 15 | 09
#0937-d183 @A: 28 31 17 26 | 03
#0938-d183 @A: 03 17 02 31 | 04
#0939-d183 @A: 18 02 17 24 | 08
#0940-d183 @A: 26 25 07 20 | 10
#0941-d183 @A: 29 32 13 07 | 11
#0942-d183 @A: 07 14 29 31 | 07
#0943-d183 @A: 24 28 18 07 | 05
#0944-d183 @A: 31 07 03 10 | 06
#0945-d183 @A: 28 25 32 10 | 01
#0946-d183 @A: 25 32 33 24 | 12
#0947-d183 @A: 31 25 34 33 | 02
#0948-d183 @A: 22 19 29 16 | 09
#0949-d183 @A: 22 04 16 03 | 03
#0950-d183 @A: 22 16 25 18 | 04
#0951-d183 @A: 19 08 22 18 | 08
#0952-d183 @A: 11 22 23 03 | 10
#0953-d183 @A: 05 22 21 18 | 11
#0954-d183 @A: 27 07 33 22 | 07
#0955-d183 @A: 22 01 21 30 | 05
#0956-d183 @A: 12 18 17 22 | 06
#0957-d183 @A: 07 22 30 08 | 01
#0958-d183 @A: 35 22 31 15 | 12
#0959-d183 @A: 22 20 25 32 | 02
#0960-d183 @A: 20 22 34 15 | 09
#0961-d183 @A: 18 20 10 22 | 03
#0962-d183 @A: 02 18 22 34 | 04
#0963-d183 @A: 22 30 13 33 | 08
#0964-d183 @A: 11 17 16 21 | 10
#0965-d183 @A: 11 30 08 16 | 11
#0966-d183 @A: 04 33 16 01 | 07
#0967-d183 @A: 26 14 16 27 | 05
#0968-d183 @A: 21 31 01 16 | 06
#0969-d183 @A: 35 16 32 21 | 01
#0970-d183 @A: 28 16 21 25 | 12
#0971-d183 @A: 06 32 01 16 | 02
#0972-d183 @A: 16 02 10 23 | 09
#0973-d183 @A: 16 14 17 07 | 03
#0974-d183 @A: 17 16 15 13 | 04
#0975-d183 @A: 03 16 18 17 | 08
#0976-d183 @A: 11 12 19 35 | 10
#0977-d183 @A: 11 19 24 28 | 11
#0978-d183 @A: 13 19 07 05 | 07
#0979-d183 @A: 25 19 27 14 | 05
#0980-d183 @A: 23 15 21 19 | 06
#0981-d183 @A: 19 24 32 21 | 01
#0982-d183 @A: 12 19 30 33 | 12
#0983-d183 @A: 31 19 09 06 | 02
#0984-d183 @A: 20 19 02 06 | 09
#0985-d183 @A: 29 19 08 07 | 03
#0986-d183 @A: 19 24 35 17 | 04
#0987-d183 @A: 07 19 34 35 | 08
#0988-d183 @A: 19 18 32 20 | 10
#0989-d183 @A: 32 34 26 19 | 11
#0990-d183 @A: 29 19 32 10 | 07
#0991-d183 @A: 10 13 15 19 | 05
#0992-d183 @A: 04 27 15 11 | 06
#0993-d183 @A: 06 20 11 04 | 01
#0994-d183 @A: 11 09 04 33 | 12
#0995-d183 @A: 11 05 15 35 | 02
#0996-d183 @A: 20 11 05 03 | 09
#0997-d183 @A: 27 11 29 06 | 03
#0998-d183 @A: 35 31 11 27 | 04
#0999-d183 @A: 17 32 11 27 | 08
#1000-d183 @A: 21 20 11 28 | 10
#1001-d183 @A: 11 31 01 03 | 11
#1002-d183 @A: 03 26 11 12 | 07
#1003-d183 @A: 03 11 25 09 | 05
#1004-d183 @A: 31 23 30 11 | 06
#1005-d183 @A: 11 14 31 32 | 01
#1006-d183 @A: 15 14 13 11 | 12
#1007-d183 @A: 24 02 11 13 | 02
#1008-d183 @A: 05 08 04 13 | 09
#1009-d183 @A: 04 09 27 14 | 03
#1010-d183 @A: 23 34 27 04 | 04
#1011-d183 @A: 27 03 07 04 | 08
#1012-d183 @A: 04 30 13 27 | 10
#1013-d183 @A: 21 35 23 04 | 11
#1014-d183 @A: 08 07 20 04 | 07
#1015-d183 @A: 33 17 35 04 | 05
#1016-d183 @A: 04 30 35 28 | 06
#1017-d183 @A: 04 02 20 17 | 01
#1018-d183 @A: 15 17 26 04 | 12
#1019-d183 @A: 32 10 02 04 | 02
#1020-d183 @A: 33 04 24 30 | 09
#1021-d183 @A: 05 02 27 01 | 03
#1022-d183 @A: 21 28 05 08 | 04
#1023-d183 @A: 33 01 07 05 | 08
#1024-d183 @A: 13 32 05 01 | 10
#1025-d183 @A: 05 09 15 33 | 11
#1026-d183 @A: 34 24 23 05 | 07
#1027-d183 @A: 15 05 14 17 | 05
#1028-d183 @A: 17 05 29 28 | 06
#1029-d183 @A: 05 02 28 25 | 01
#1030-d183 @A: 32 28 20 05 | 12
#1031-d183 @A: 29 05 15 34 | 02
#1032-d183 @A: 10 05 33 28 | 09
#1033-d183 @A: 29 05 13 33 | 03
#1034-d183 @A: 23 24 01 27 | 04
#1035-d183 @A: 08 29 02 27 | 08
#1036-d183 @A: 33 29 35 27 | 10
#1037-d183 @A: 26 17 27 03 | 11
#1038-d183 @A: 27 28 20 34 | 07
#1039-d183 @A: 13 18 20 27 | 05
#1040-d183 @A: 27 15 24 34 | 06
#1041-d183 @A: 30 15 28 27 | 01
#1042-d183 @A: 26 30 31 27 | 12
#1043-d183 @A: 35 12 21 10 | 02
#1044-d183 @A: 12 07 32 21 | 09
#1045-d183 @A: 07 14 09 21 | 03
#1046-d183 @A: 25 35 20 21 | 04
#1047-d183 @A: 17 25 21 30 | 08
#1048-d183 @A: 18 34 20 21 | 10
#1049-d183 @A: 18 15 14 21 | 11
#1050-d183 @A: 21 10 03 15 | 07
#1051-d183 @A: 30 21 24 34 | 05
#1052-d183 @A: 13 21 26 24 | 06
#1053-d183 @A: 01 14 23 17 | 01
#1054-d183 @A: 31 23 01 07 | 12
#1055-d183 @A: 32 17 01 34 | 02
#1056-d183 @A: 20 03 34 01 | 09
#1057-d183 @A: 01 29 34 18 | 03
#1058-d183 @A: 10 18 01 26 | 04
#1059-d183 @A: 09 33 12 07 | 08
#1060-d183 @A: 03 35 12 17 | 10
#1061-d183 @A: 26 12 02 14 | 11
#1062-d183 @A: 06 09 23 32 | 07
#1063-d183 @A: 06 25 08 20 | 05
#1064-d183 @A: 17 07 18 06 | 06
#1065-d183 @A: 06 26 17 33 | 01
#1066-d183 @A: 06 24 34 13 | 12
#1067-d183 @A: 06 31 14 10 | 02
#1068-d183 @A: 18 14 06 24 | 09
#1069-d183 @A: 29 30 06 31 | 03
#1070-d183 @A: 13 31 03 06 | 04
#1071-d183 @A: 29 23 09 25 | 08
#1072-d183 @A: 09 25 31 02 | 10
#1073-d183 @A: 03 35 07 23 | 11
#1074-d183 @A: 32 14 23 29 | 07
#1075-d183 @A: 30 10 23 32 | 05
#1076-d183 @A: 13 03 15 23 | 06
#1077-d183 @A: 30 02 23 03 | 01
#1078-d183 @A: 30 35 33 20 | 12
#1079-d183 @A: 34 35 28 26 | 02
#1080-d183 @A: 35 03 18 14 | 09
#1081-d183 @A: 14 02 18 35 | 03
#1082-d183 @A: 35 14 24 29 | 04
#1083-d183 @A: 35 29 28 13 | 08
#1084-d183 @A: 03 29 35 26 | 10
#1085-d183 @A: 24 34 17 26 | 11
#1086-d183 @A: 25 10 07 33 | 07
#1087-d183 @A: 18 34 26 07 | 05
#1088-d183 @A: 26 15 25 33 | 06
#1089-d183 @A: 13 15 30 25 | 01
#1090-d183 @A: 15 34 24 02 | 12
#1091-d183 @A: 13 15 02 03 | 02
#1092-d183 @A: 16 23 22 33 | 09
#1093-d183 @A: 19 34 22 05 | 03
#1094-d183 @A: 12 22 04 33 | 04
#1095-d183 @A: 22 06 32 04 | 08
#1096-d183 @A: 20 04 22 23 | 10
#1097-d183 @A: 03 05 22 08 | 11
#1098-d183 @A: 22 26 21 17 | 07
#1099-d183 @A: 21 03 28 22 | 05
#1100-d183 @A: 10 14 01 22 | 06
#1101-d183 @A: 23 22 31 08 | 01
#1102-d183 @A: 07 22 29 20 | 12
#1103-d183 @A: 02 28 22 31 | 02
#1104-d183 @A: 16 34 21 19 | 09
#1105-d183 @A: 08 16 19 28 | 03
#1106-d183 @A: 02 18 19 16 | 04
#1107-d183 @A: 18 11 16 28 | 08
#1108-d183 @A: 04 34 16 09 | 10
#1109-d183 @A: 23 04 29 16 | 11
#1110-d183 @A: 28 05 16 09 | 07
#1111-d183 @A: 21 16 13 06 | 05
#1112-d183 @A: 16 14 12 01 | 06
#1113-d183 @A: 20 16 25 01 | 01
#1114-d183 @A: 07 25 16 09 | 12
#1115-d183 @A: 32 30 16 09 | 02
#1116-d183 @A: 08 02 16 34 | 09
#1117-d183 @A: 16 35 14 25 | 03
#1118-d183 @A: 15 31 33 16 | 04
#1119-d183 @A: 16 15 10 29 | 08
#1120-d183 @A: 24 16 30 26 | 10
#1121-d183 @A: 05 19 04 33 | 11
#1122-d183 @A: 25 19 34 04 | 07
#1123-d183 @A: 31 19 04 10 | 05
#1124-d183 @A: 05 32 19 08 | 06
#1125-d183 @A: 27 19 20 17 | 01
#1126-d183 @A: 29 19 30 21 | 12
#1127-d183 @A: 08 24 19 06 | 02
#1128-d183 @A: 15 19 17 06 | 09
#1129-d183 @A: 19 25 28 09 | 03
#1130-d183 @A: 23 07 19 32 | 04
#1131-d183 @A: 19 23 25 31 | 08
#1132-d183 @A: 19 14 02 23 | 10
#1133-d183 @A: 19 30 34 20 | 11
#1134-d183 @A: 15 19 28 31 | 07
#1135-d183 @A: 31 25 04 11 | 05
#1136-d183 @A: 05 27 11 34 | 06
#1137-d183 @A: 05 10 07 11 | 01
#1138-d183 @A: 21 29 32 11 | 12
#1139-d183 @A: 01 11 12 20 | 02
#1140-d183 @A: 25 10 01 11 | 09
#1141-d183 @A: 31 06 12 11 | 03
#1142-d183 @A: 11 02 23 20 | 04
#1143-d183 @A: 18 11 31 17 | 08
#1144-d183 @A: 11 32 03 24 | 10
#1145-d183 @A: 33 11 13 31 | 11
#1146-d183 @A: 24 13 11 18 | 07
#1147-d183 @A: 27 08 04 01 | 05
#1148-d183 @A: 04 21 08 10 | 06
#1149-d183 @A: 07 04 24 35 | 01
#1150-d183 @A: 04 20 10 30 | 12
#1151-d183 @A: 03 15 04 14 | 02
#1152-d183 @A: 04 14 31 24 | 09
#1153-d183 @A: 04 02 30 26 | 03
#1154-d183 @A: 05 35 24 27 | 04
#1155-d183 @A: 05 20 27 10 | 08
#1156-d183 @A: 05 30 21 12 | 10
#1157-d183 @A: 05 06 21 10 | 11
#1158-d183 @A: 21 35 34 05 | 07
#1159-d183 @A: 01 05 23 20 | 05
#1160-d183 @A: 06 34 02 05 | 06
#1161-d183 @A: 03 34 05 09 | 01
#1162-d183 @A: 23 05 30 13 | 12
#1163-d183 @A: 05 17 18 34 | 02
#1164-d183 @A: 05 15 20 31 | 09
#1165-d183 @A: 05 29 14 18 | 03
#1166-d183 @A: 27 13 33 01 | 04
#1167-d183 @A: 23 14 27 06 | 08
#1168-d183 @A: 27 25 07 06 | 10
#1169-d183 @A: 27 09 24 07 | 11
#1170-d183 @A: 08 27 34 30 | 07
#1171-d183 @A: 03 30 10 27 | 05
#1172-d183 @A: 12 02 21 30 | 06
#1173-d183 @A: 06 03 21 07 | 01
#1174-d183 @A: 03 09 20 21 | 12
#1175-d183 @A: 03 08 21 02 | 02
#1176-d183 @A: 30 33 32 21 | 09
#1177-d183 @A: 21 18 02 15 | 03
#1178-d183 @A: 21 13 03 34 | 04
#1179-d183 @A: 14 21 29 26 | 08
#1180-d183 @A: 30 26 21 10 | 10
#1181-d183 @A: 12 01 07 34 | 11
#1182-d183 @A: 01 02 06 30 | 07
#1183-d183 @A: 31 09 34 01 | 05
#1184-d183 @A: 01 08 28 35 | 06
#1185-d183 @A: 25 17 01 28 | 01
#1186-d183 @A: 02 18 25 01 | 12
#1187-d183 @A: 15 30 03 01 | 02
#1188-d183 @A: 28 01 33 03 | 09
#1189-d183 @A: 23 12 06 24 | 03
#1190-d183 @A: 02 06 07 12 | 04
#1191-d183 @A: 08 30 20 12 | 08
#1192-d183 @A: 07 35 12 26 | 10
#1193-d183 @A: 25 30 12 35 | 11
#1194-d183 @A: 12 20 24 35 | 07
#1195-d183 @A: 12 29 31 35 | 05
#1196-d183 @A: 12 31 33 17 | 06
#1197-d183 @A: 31 32 28 06 | 01
#1198-d183 @A: 32 30 26 06 | 12
#1199-d183 @A: 06 02 03 29 | 02
#1200-d183 @A: 25 24 09 30 | 09
#1201-d183 @A: 34 15 30 09 | 03
#1202-d183 @A: 09 03 33 30 | 04
#1203-d183 @A: 08 07 24 23 | 08
#1204-d183 @A: 35 25 10 23 | 10
#1205-d183 @A: 35 23 15 20 | 11
#1206-d183 @A: 24 23 35 18 | 07
#1207-d183 @A: 15 23 33 18 | 05
#1208-d183 @A: 34 03 30 23 | 06
#1209-d183 @A: 29 23 33 28 | 01
#1210-d183 @A: 33 30 26 23 | 12
#1211-d183 @A: 02 13 29 23 | 02
#1212-d183 @A: 35 08 32 24 | 09
#1213-d183 @A: 20 14 08 32 | 03
#1214-d183 @A: 13 08 10 34 | 04
#1215-d183 @A: 28 14 30 08 | 08
#1216-d183 @A: 28 24 15 35 | 10
#1217-d183 @A: 13 18 35 15 | 11
#1218-d183 @A: 28 10 31 35 | 07
#1219-d183 @A: 18 17 32 13 | 05
#1220-d183 @A: 29 34 17 14 | 06
#1221-d183 @A: 25 07 34 15 | 01
#1222-d183 @A: 20 24 07 10 | 12
#1223-d183 @A: 30 20 13 07 | 02
#1224-d183 @A: 29 18 30 07 | 09
#1225-d183 @A: 10 34 25 20 | 03
#1226-d183 @A: 34 28 30 25 | 04
#1227-d183 @A: 25 33 28 18 | 08
#1228-d183 @A: 18 13 29 25 | 10
#1229-d183 @A: 30 02 34 20 | 11
#1230-d183 @A: 10 28 02 18 | 07
#1231-d183 @A: 22 01 16 05 | 05
#1232-d183 @A: 16 22 09 06 | 06
#1233-d183 @A: 27 21 22 19 | 01
#1234-d183 @A: 02 13 22 19 | 12
#1235-d183 @A: 26 27 11 22 | 02
#1236-d183 @A: 11 22 21 15 | 09
#1237-d183 @A: 22 28 25 11 | 03
#1238-d183 @A: 05 22 25 29 | 04
#1239-d183 @A: 03 22 07 12 | 08
#1240-d183 @A: 22 34 06 07 | 10
#1241-d183 @A: 15 22 33 06 | 11
#1242-d183 @A: 24 22 09 23 | 07
#1243-d183 @A: 03 09 22 35 | 05
#1244-d183 @A: 02 08 22 20 | 06
#1245-d183 @A: 22 35 17 32 | 01
#1246-d183 @A: 22 28 18 35 | 12
#1247-d183 @A: 30 22 17 02 | 02
#1248-d183 @A: 20 14 22 33 | 09
#1249-d183 @A: 34 13 22 32 | 03
#1250-d183 @A: 28 22 32 33 | 04
#1251-d183 @A: 30 22 31 32 | 08
#1252-d183 @A: 15 02 33 22 | 10
#1253-d183 @A: 26 22 30 28 | 11
#1254-d183 @A: 16 19 12 10 | 07
#1255-d183 @A: 24 11 16 27 | 05
#1256-d183 @A: 10 16 11 26 | 06
#1257-d183 @A: 05 16 24 06 | 01
#1258-d183 @A: 16 03 05 07 | 12
#1259-d183 @A: 15 27 16 23 | 02
#1260-d183 @A: 01 16 10 35 | 09
#1261-d183 @A: 23 16 12 30 | 03
#1262-d183 @A: 08 17 12 16 | 04
#1263-d183 @A: 26 06 16 34 | 08
#1264-d183 @A: 08 23 32 16 | 10
#1265-d183 @A: 23 16 34 35 | 11
#1266-d183 @A: 13 26 23 16 | 07
#1267-d183 @A: 16 08 25 34 | 05
#1268-d183 @A: 02 25 16 33 | 06
#1269-d183 @A: 10 28 20 16 | 01
#1270-d183 @A: 16 26 29 20 | 12
#1271-d183 @A: 13 32 10 16 | 02
#1272-d183 @A: 32 16 03 33 | 09
#1273-d183 @A: 29 16 14 33 | 03
#1274-d183 @A: 10 18 16 31 | 04
#1275-d183 @A: 26 19 09 11 | 08
#1276-d183 @A: 33 11 19 23 | 10
#1277-d183 @A: 04 23 12 19 | 11
#1278-d183 @A: 04 19 09 30 | 07
#1279-d183 @A: 19 18 04 07 | 05
#1280-d183 @A: 15 19 05 27 | 06
#1281-d183 @A: 05 19 17 31 | 01
#1282-d183 @A: 02 27 19 32 | 12
#1283-d183 @A: 01 19 08 33 | 02
#1284-d183 @A: 25 01 29 19 | 09
#1285-d183 @A: 12 19 06 34 | 03
#1286-d183 @A: 12 25 24 19 | 04
#1287-d183 @A: 06 25 19 10 | 08
#1288-d183 @A: 19 08 14 26 | 10
#1289-d183 @A: 19 35 03 25 | 11
#1290-d183 @A: 24 15 19 29 | 07
#1291-d183 @A: 19 34 18 03 | 05
#1292-d183 @A: 18 10 14 19 | 06
#1293-d183 @A: 19 26 18 31 | 01
#1294-d183 @A: 30 19 31 13 | 12
#1295-d183 @A: 11 35 04 02 | 02
#1296-d183 @A: 10 04 32 11 | 09
#1297-d183 @A: 01 29 05 11 | 03
#1298-d183 @A: 27 11 28 12 | 04
#1299-d183 @A: 11 06 21 14 | 08
#1300-d183 @A: 11 26 21 31 | 10
#1301-d183 @A: 24 11 07 01 | 11
#1302-d183 @A: 11 06 09 10 | 07
#1303-d183 @A: 03 11 06 28 | 05
#1304-d183 @A: 24 09 11 08 | 06
#1305-d183 @A: 11 07 29 23 | 01
#1306-d183 @A: 10 08 11 29 | 12
#1307-d183 @A: 26 33 11 35 | 02
#1308-d183 @A: 25 15 11 02 | 09
#1309-d183 @A: 14 11 25 34 | 03
#1310-d183 @A: 28 26 11 13 | 04
#1311-d183 @A: 30 10 11 24 | 08
#1312-d183 @A: 03 13 11 10 | 10
#1313-d183 @A: 05 12 15 04 | 11
#1314-d183 @A: 05 32 04 07 | 07
#1315-d183 @A: 25 04 21 18 | 05
#1316-d183 @A: 10 01 04 12 | 06
#1317-d183 @A: 07 25 12 04 | 01
#1318-d183 @A: 06 09 04 26 | 12
#1319-d183 @A: 06 03 23 04 | 02
#1320-d183 @A: 18 08 06 04 | 09
#1321-d183 @A: 08 17 09 04 | 03
#1322-d183 @A: 25 04 13 09 | 04
#1323-d183 @A: 32 35 04 26 | 08
#1324-d183 @A: 02 07 04 10 | 10
#1325-d183 @A: 04 31 29 15 | 11
#1326-d183 @A: 04 03 28 34 | 07
#1327-d183 @A: 29 24 04 13 | 05
#1328-d183 @A: 27 05 23 26 | 06
#1329-d183 @A: 31 21 05 23 | 01
#1330-d183 @A: 20 05 07 21 | 12
#1331-d183 @A: 33 12 25 05 | 02
#1332-d183 @A: 06 13 20 05 | 09
#1333-d183 @A: 35 08 26 05 | 03
#1334-d183 @A: 08 17 05 02 | 04
#1335-d183 @A: 05 20 14 35 | 08
#1336-d183 @A: 31 05 13 10 | 10
#1337-d183 @A: 27 21 35 03 | 11
#1338-d183 @A: 27 20 14 21 | 07
#1339-d183 @A: 12 27 07 29 | 05
#1340-d183 @A: 35 27 30 06 | 06
#1341-d183 @A: 13 07 23 27 | 01
#1342-d183 @A: 27 17 13 08 | 12
#1343-d183 @A: 27 24 17 25 | 02
#1344-d183 @A: 30 27 14 17 | 09
#1345-d183 @A: 27 14 29 15 | 03
#1346-d183 @A: 29 27 28 26 | 04
#1347-d183 @A: 21 23 08 12 | 08
#1348-d183 @A: 21 32 25 06 | 10
#1349-d183 @A: 17 21 29 08 | 11
#1350-d183 @A: 17 35 21 18 | 07
#1351-d183 @A: 35 15 21 29 | 05
#1352-d183 @A: 07 21 17 34 | 06
#1353-d183 @A: 24 21 10 31 | 01
#1354-d183 @A: 08 12 06 01 | 12
#1355-d183 @A: 29 33 12 01 | 02
#1356-d183 @A: 13 25 06 01 | 09
#1357-d183 @A: 01 17 02 09 | 03
#1358-d183 @A: 14 01 25 09 | 04
#1359-d183 @A: 01 35 33 25 | 08
#1360-d183 @A: 07 17 01 20 | 10
#1361-d183 @A: 03 32 10 01 | 11
#1362-d183 @A: 31 01 15 18 | 07
#1363-d183 @A: 14 26 33 01 | 05
#1364-d183 @A: 28 29 01 31 | 06
#1365-d183 @A: 07 31 12 08 | 01
#1366-d183 @A: 30 12 17 07 | 12
#1367-d183 @A: 13 02 12 25 | 02
#1368-d183 @A: 15 30 24 12 | 09
#1369-d183 @A: 12 34 13 18 | 03
#1370-d183 @A: 12 31 28 03 | 04
#1371-d183 @A: 13 08 06 23 | 08
#1372-d183 @A: 20 06 07 23 | 10
#1373-d183 @A: 28 06 23 15 | 11
#1374-d183 @A: 06 20 26 31 | 07
#1375-d183 @A: 33 14 30 06 | 05
#1376-d183 @A: 06 02 33 26 | 06
#1377-d183 @A: 34 20 09 08 | 01
#1378-d183 @A: 14 26 34 09 | 12
#1379-d183 @A: 13 09 10 30 | 02
#1380-d183 @A: 09 33 29 02 | 09
#1381-d183 @A: 08 25 26 23 | 03
#1382-d183 @A: 32 02 23 35 | 04
#1383-d183 @A: 33 25 23 03 | 08
#1384-d183 @A: 33 23 20 32 | 10
#1385-d183 @A: 15 34 23 10 | 11
#1386-d183 @A: 14 10 23 03 | 07
#1387-d183 @A: 15 25 03 08 | 05
#1388-d183 @A: 13 31 24 08 | 06
#1389-d183 @A: 08 24 33 29 | 01
#1390-d183 @A: 10 29 35 20 | 12
#1391-d183 @A: 32 14 10 35 | 02
#1392-d183 @A: 26 35 24 10 | 09
#1393-d183 @A: 17 34 13 02 | 03
#1394-d183 @A: 07 14 20 15 | 04
#1395-d183 @A: 20 07 33 28 | 08
#1396-d183 @A: 30 07 14 10 | 10
#1397-d183 @A: 07 10 26 29 | 11
#1398-d183 @A: 33 02 13 07 | 07
#1399-d183 @A: 28 15 25 20 | 05
#1400-d183 @A: 13 14 32 25 | 06
#1401-d183 @A: 31 25 29 03 | 01
#1402-d183 @A: 20 15 02 10 | 12
#1403-d183 @A: 02 20 28 03 | 02
#1404-d183 @A: 33 32 02 31 | 09
#1405-d183 @A: 19 28 17 22 | 03
#1406-d183 @A: 18 22 11 07 | 04
#1407-d183 @A: 11 02 22 26 | 08
#1408-d183 @A: 09 22 18 04 | 10
#1409-d183 @A: 22 25 04 30 | 11
#1410-d183 @A: 27 05 17 22 | 07
#1411-d183 @A: 06 28 05 22 | 05
#1412-d183 @A: 14 23 21 22 | 06
#1413-d183 @A: 22 01 35 34 | 01
#1414-d183 @A: 22 09 32 07 | 12
#1415-d183 @A: 23 26 22 35 | 02
#1416-d183 @A: 22 30 18 23 | 09
#1417-d183 @A: 29 35 08 22 | 03
#1418-d183 @A: 22 17 03 30 | 04
#1419-d183 @A: 13 22 15 26 | 08
#1420-d183 @A: 16 32 19 04 | 10
#1421-d183 @A: 19 16 33 27 | 11
#1422-d183 @A: 16 23 14 19 | 07
#1423-d183 @A: 07 24 16 19 | 05
#1424-d183 @A: 16 23 05 11 | 06
#1425-d183 @A: 16 09 11 14 | 01
#1426-d183 @A: 29 05 16 21 | 12
#1427-d183 @A: 16 05 18 13 | 02
#1428-d183 @A: 16 08 27 03 | 09
#1429-d183 @A: 16 25 10 27 | 03
#1430-d183 @A: 30 16 01 07 | 04
#1431-d183 @A: 31 16 01 02 | 08
#1432-d183 @A: 13 24 16 12 | 10
#1433-d183 @A: 31 16 07 06 | 11
#1434-d183 @A: 16 20 18 15 | 07
#1435-d183 @A: 16 14 24 02 | 05
#1436-d183 @A: 04 08 11 19 | 06
#1437-d183 @A: 28 19 01 04 | 01
#1438-d183 @A: 19 10 05 01 | 12
#1439-d183 @A: 35 19 18 06 | 02
#1440-d183 @A: 32 35 19 09 | 09
#1441-d183 @A: 35 19 30 14 | 03
#1442-d183 @A: 07 33 19 17 | 04
#1443-d183 @A: 18 30 24 19 | 08
#1444-d183 @A: 13 03 33 19 | 10
#1445-d183 @A: 04 05 11 28 | 11
#1446-d183 @A: 04 21 12 11 | 07
#1447-d183 @A: 11 05 24 17 | 05
#1448-d183 @A: 18 09 11 21 | 06
#1449-d183 @A: 11 32 01 33 | 01
#1450-d183 @A: 12 14 07 11 | 12
#1451-d183 @A: 06 18 25 11 | 02
#1452-d183 @A: 20 35 11 18 | 09
#1453-d183 @A: 31 34 11 28 | 03
#1454-d183 @A: 11 10 14 28 | 04
#1455-d183 @A: 14 11 29 03 | 08
#1456-d183 @A: 30 28 33 11 | 10
#1457-d183 @A: 10 04 24 05 | 11
#1458-d183 @A: 34 01 04 21 | 07
#1459-d183 @A: 30 15 04 21 | 05
#1460-d183 @A: 21 03 29 04 | 06
#1461-d183 @A: 01 35 04 03 | 01
#1462-d183 @A: 04 06 02 24 | 12
#1463-d183 @A: 09 04 15 28 | 02
#1464-d183 @A: 23 28 25 04 | 09
#1465-d183 @A: 20 04 29 14 | 03
#1466-d183 @A: 34 31 32 04 | 04
#1467-d183 @A: 10 04 14 13 | 08
#1468-d183 @A: 13 04 33 26 | 10
#1469-d183 @A: 03 12 05 27 | 11
#1470-d183 @A: 05 27 14 07 | 07
#1471-d183 @A: 05 01 15 21 | 05
#1472-d183 @A: 09 31 05 12 | 06
#1473-d183 @A: 06 05 35 03 | 01
#1474-d183 @A: 29 08 05 09 | 12
#1475-d183 @A: 35 30 05 07 | 02
#1476-d183 @A: 20 02 05 26 | 09
#1477-d183 @A: 05 26 32 14 | 03
#1478-d183 @A: 15 25 27 21 | 04
#1479-d183 @A: 06 26 01 27 | 08
#1480-d183 @A: 35 27 20 01 | 10
#1481-d183 @A: 27 02 23 12 | 11
#1482-d183 @A: 27 06 32 08 | 07
#1483-d183 @A: 23 27 09 03 | 05
#1484-d183 @A: 07 08 27 10 | 06
#1485-d183 @A: 32 07 31 27 | 01
#1486-d183 @A: 25 31 27 28 | 12
#1487-d183 @A: 32 20 27 30 | 02
#1488-d183 @A: 20 33 03 27 | 09
#1489-d183 @A: 34 33 27 26 | 03
#1490-d183 @A: 24 14 27 10 | 04
#1491-d183 @A: 10 27 28 13 | 08
#1492-d183 @A: 25 21 01 03 | 10
#1493-d183 @A: 12 06 21 15 | 11
#1494-d183 @A: 13 09 23 21 | 07
#1495-d183 @A: 21 15 09 08 | 05
#1496-d183 @A: 09 21 31 25 | 06
#1497-d183 @A: 17 02 32 21 | 01
#1498-d183 @A: 29 21 20 13 | 12
#1499-d183 @A: 21 34 14 10 | 02
#1500-d183 @A: 01 12 35 15 | 09
#1501-d183 @A: 06 01 10 07 | 03
#1502-d183 @A: 18 20 14 01 | 04
#1503-d183 @A: 24 01 13 10 | 08
#1504-d183 @A: 26 01 29 02 | 10
#1505-d183 @A: 08 25 28 12 | 11
#1506-d183 @A: 26 24 12 08 | 07
#1507-d183 @A: 26 12 20 14 | 05
#1508-d183 @A: 34 28 12 24 | 06
#1509-d183 @A: 12 30 28 10 | 01
#1510-d183 @A: 12 28 26 18 | 12
#1511-d183 @A: 29 03 30 12 | 02
#1512-d183 @A: 17 06 30 23 | 09
#1513-d183 @A: 06 23 02 31 | 03
#1514-d183 @A: 06 03 25 17 | 04
#1515-d183 @A: 06 24 29 25 | 08
#1516-d183 @A: 34 14 20 06 | 10
#1517-d183 @A: 20 30 03 06 | 11
#1518-d183 @A: 02 09 08 30 | 07
#1519-d183 @A: 10 09 15 17 | 05
#1520-d183 @A: 18 09 33 17 | 06
#1521-d183 @A: 07 30 09 26 | 01
#1522-d183 @A: 09 18 34 32 | 12
#1523-d183 @A: 28 33 34 09 | 02
#1524-d183 @A: 02 09 28 26 | 09
#1525-d183 @A: 07 34 23 02 | 03
#1526-d183 @A: 18 23 32 03 | 04
#1527-d183 @A: 31 08 20 33 | 08
#1528-d183 @A: 26 08 10 32 | 10
#1529-d183 @A: 15 18 34 08 | 11
#1530-d183 @A: 28 03 29 08 | 07
#1531-d183 @A: 13 29 08 26 | 05
#1532-d183 @A: 15 34 14 35 | 06
#1533-d183 @A: 14 33 13 35 | 01
#1534-d183 @A: 20 17 03 15 | 12
#1535-d183 @A: 15 34 17 28 | 02
#1536-d183 @A: 13 14 24 17 | 09
#1537-d183 @A: 07 28 25 29 | 03
#1538-d183 @A: 31 24 25 07 | 04
#1539-d183 @A: 13 25 03 07 | 08
#1540-d183 @A: 07 10 32 15 | 10
#1541-d183 @A: 29 33 07 15 | 11
#1542-d183 @A: 07 14 03 24 | 07
#1543-d183 @A: 14 02 03 07 | 05
#1544-d183 @A: 13 07 33 24 | 06
#1545-d183 @A: 20 25 02 24 | 01
#1546-d183 @A: 25 29 32 15 | 12
#1547-d183 @A: 20 18 02 13 | 02
#1548-d183 @A: 18 31 29 02 | 09
#1549-d183 @A: 31 16 22 11 | 03
#1550-d183 @A: 27 32 16 22 | 04
#1551-d183 @A: 16 32 02 22 | 08
#1552-d183 @A: 19 15 09 22 | 10
#1553-d183 @A: 32 22 05 12 | 11
#1554-d183 @A: 22 31 06 21 | 07
#1555-d183 @A: 29 22 21 09 | 05
#1556-d183 @A: 22 07 21 24 | 06
#1557-d183 @A: 06 18 13 22 | 01
#1558-d183 @A: 14 22 09 31 | 12
#1559-d183 @A: 22 25 10 08 | 02
#1560-d183 @A: 22 33 29 34 | 09
#1561-d183 @A: 14 30 22 29 | 03
#1562-d183 @A: 29 13 22 10 | 04
#1563-d183 @A: 16 15 08 04 | 08
#1564-d183 @A: 17 24 04 16 | 10
#1565-d183 @A: 07 10 04 16 | 11
#1566-d183 @A: 31 16 27 05 | 07
#1567-d183 @A: 16 29 27 18 | 05
#1568-d183 @A: 16 12 21 33 | 06
#1569-d183 @A: 07 15 21 16 | 01
#1570-d183 @A: 01 16 24 18 | 12
#1571-d183 @A: 16 01 29 03 | 02
#1572-d183 @A: 03 02 16 12 | 09
#1573-d183 @A: 23 16 06 10 | 03
#1574-d183 @A: 09 16 29 17 | 04
#1575-d183 @A: 32 24 16 29 | 08
#1576-d183 @A: 28 16 29 30 | 10
#1577-d183 @A: 33 30 16 10 | 11
#1578-d183 @A: 19 11 21 10 | 07
#1579-d183 @A: 19 29 31 11 | 05
#1580-d183 @A: 02 19 15 04 | 06
#1581-d183 @A: 03 19 05 21 | 01
#1582-d183 @A: 27 10 35 19 | 12
#1583-d183 @A: 21 28 07 19 | 02
#1584-d183 @A: 19 26 21 25 | 09
#1585-d183 @A: 09 24 01 19 | 03
#1586-d183 @A: 13 35 19 23 | 04
#1587-d183 @A: 29 19 20 03 | 08
#1588-d183 @A: 19 15 30 32 | 10
#1589-d183 @A: 31 19 14 03 | 11
#1590-d183 @A: 24 26 19 02 | 07
#1591-d183 @A: 30 05 25 11 | 05
#1592-d183 @A: 08 11 14 27 | 06
#1593-d183 @A: 21 30 11 07 | 01
#1594-d183 @A: 15 11 17 01 | 12
#1595-d183 @A: 11 01 33 02 | 02
#1596-d183 @A: 12 33 11 24 | 09
#1597-d183 @A: 09 11 17 20 | 03
#1598-d183 @A: 11 35 23 08 | 04
#1599-d183 @A: 11 25 35 32 | 08
#1600-d183 @A: 11 32 13 20 | 10
#1601-d183 @A: 24 29 11 34 | 11
#1602-d183 @A: 01 04 14 05 | 07
#1603-d183 @A: 05 04 18 23 | 05
#1604-d183 @A: 04 12 34 17 | 06
#1605-d183 @A: 04 23 15 24 | 01
#1606-d183 @A: 04 23 13 31 | 12
#1607-d183 @A: 25 17 10 04 | 02
#1608-d183 @A: 14 04 07 34 | 09
#1609-d183 @A: 14 04 02 25 | 03
#1610-d183 @A: 32 04 20 03 | 04
#1611-d183 @A: 04 26 34 30 | 08
#1612-d183 @A: 09 21 24 05 | 10
#1613-d183 @A: 30 08 01 05 | 11
#1614-d183 @A: 25 05 34 01 | 07
#1615-d183 @A: 03 01 05 24 | 05
#1616-d183 @A: 12 05 07 24 | 06
#1617-d183 @A: 05 25 23 32 | 01
#1618-d183 @A: 05 24 08 25 | 12
#1619-d183 @A: 18 25 35 05 | 02
#1620-d183 @A: 20 05 24 29 | 09
#1621-d183 @A: 05 24 32 31 | 03
#1622-d183 @A: 28 14 34 05 | 04
#1623-d183 @A: 05 30 31 34 | 08
#1624-d183 @A: 26 29 05 31 | 10
#1625-d183 @A: 21 27 12 13 | 11
#1626-d183 @A: 21 29 27 34 | 07
#1627-d183 @A: 21 27 24 02 | 05
#1628-d183 @A: 27 12 17 15 | 06
#1629-d183 @A: 12 27 25 34 | 01
#1630-d183 @A: 23 30 25 27 | 12
#1631-d183 @A: 18 35 07 27 | 02
#1632-d183 @A: 27 24 20 26 | 09
#1633-d183 @A: 18 32 10 27 | 03
#1634-d183 @A: 27 15 18 26 | 04
#1635-d183 @A: 06 21 28 01 | 08
#1636-d183 @A: 01 21 35 24 | 10
#1637-d183 @A: 07 08 21 13 | 11
#1638-d183 @A: 21 33 26 20 | 07
#1639-d183 @A: 34 21 15 33 | 05
#1640-d183 @A: 21 13 31 28 | 06
#1641-d183 @A: 30 18 21 28 | 01
#1642-d183 @A: 09 12 13 01 | 12
#1643-d183 @A: 17 12 01 24 | 02
#1644-d183 @A: 01 32 09 08 | 09
#1645-d183 @A: 35 30 01 23 | 03
#1646-d183 @A: 15 23 01 25 | 04
#1647-d183 @A: 30 25 01 26 | 08
#1648-d183 @A: 01 20 31 24 | 10
#1649-d183 @A: 33 10 20 01 | 11
#1650-d183 @A: 01 34 15 26 | 07
#1651-d183 @A: 30 01 29 10 | 05
#1652-d183 @A: 13 12 06 07 | 06
#1653-d183 @A: 12 34 35 09 | 01
#1654-d183 @A: 23 10 12 07 | 12
#1655-d183 @A: 14 31 30 12 | 02
#1656-d183 @A: 33 06 09 25 | 09
#1657-d183 @A: 18 23 06 26 | 03
#1658-d183 @A: 35 06 25 28 | 04
#1659-d183 @A: 28 20 06 29 | 08
#1660-d183 @A: 02 14 06 28 | 10
#1661-d183 @A: 14 06 03 26 | 11
#1662-d183 @A: 23 09 18 31 | 07
#1663-d183 @A: 17 03 14 09 | 05
#1664-d183 @A: 20 09 29 02 | 06
#1665-d183 @A: 09 10 18 28 | 01
#1666-d183 @A: 31 09 29 24 | 12
#1667-d183 @A: 26 13 09 18 | 02
#1668-d183 @A: 29 09 18 03 | 09
#1669-d183 @A: 15 08 17 23 | 03
#1670-d183 @A: 28 14 23 31 | 04
#1671-d183 @A: 17 20 08 35 | 08
#1672-d183 @A: 10 30 08 17 | 10
#1673-d183 @A: 13 08 02 26 | 11
#1674-d183 @A: 30 03 24 08 | 07
#1675-d183 @A: 15 35 17 07 | 05
#1676-d183 @A: 35 30 02 15 | 06
#1677-d183 @A: 15 03 33 35 | 01
#1678-d183 @A: 34 31 18 35 | 12
#1679-d183 @A: 24 35 33 34 | 02
#1680-d183 @A: 17 20 30 18 | 09
#1681-d183 @A: 17 30 28 32 | 03
#1682-d183 @A: 17 15 29 18 | 04
#1683-d183 @A: 28 17 10 03 | 08
#1684-d183 @A: 17 10 24 18 | 10
#1685-d183 @A: 03 24 33 17 | 11
#1686-d183 @A: 07 30 28 03 | 07
#1687-d183 @A: 26 07 02 31 | 05
#1688-d183 @A: 31 25 15 14 | 06
#1689-d183 @A: 25 02 30 10 | 01
