#0001-d194 @A: 19 16 31 14 | 11
#0002-d194 @A: 31 34 20 16 | 08
#0003-d194 @A: 18 02 27 31 | 05
#0004-d194 @A: 06 31 17 21 | 07
#0005-d194 @A: 25 31 21 17 | 09
#0006-d194 @A: 34 31 11 32 | 04
#0007-d194 @A: 34 30 05 31 | 06
#0008-d194 @A: 31 23 11 01 | 03
#0009-d194 @A: 10 15 13 31 | 12
#0010-d194 @A: 31 08 28 15 | 02
#0011-d194 @A: 31 06 04 15 | 10
#0012-d194 @A: 04 31 35 30 | 01
#0013-d194 @A: 01 19 33 05 | 11
#0014-d194 @A: 26 34 35 19 | 08
#0015-d194 @A: 34 22 19 16 | 05
#0016-d194 @A: 19 27 07 02 | 07
#0017-d194 @A: 30 21 11 19 | 09
#0018-d194 @A: 24 25 19 21 | 04
#0019-d194 @A: 24 05 14 19 | 06
#0020-d194 @A: 19 20 03 24 | 03
#0021-d194 @A: 24 22 07 19 | 12
#0022-d194 @A: 07 19 15 20 | 02
#0023-d194 @A: 22 19 06 30 | 10
#0024-d194 @A: 09 26 25 33 | 01
#0025-d194 @A: 35 33 28 26 | 11
#0026-d194 @A: 16 14 33 13 | 08
#0027-d194 @A: 09 08 29 33 | 05
#0028-d194 @A: 20 29 33 06 | 07
#0029-d194 @A: 33 23 15 09 | 09
#0030-d194 @A: 12 07 33 27 | 04
#0031-d194 @A: 27 33 32 03 | 06
#0032-d194 @A: 33 27 11 30 | 03
#0033-d194 @A: 24 33 07 01 | 12
#0034-d194 @A: 10 18 22 33 | 02
#0035-d194 @A: 03 33 13 23 | 10
#0036-d194 @A: 33 14 20 24 | 01
#0037-d194 @A: 08 33 03 04 | 11
#0038-d194 @A: 06 08 33 07 | 08
#0039-d194 @A: 08 34 16 26 | 05
#0040-d194 @A: 06 21 08 26 | 07
#0041-d194 @A: 08 26 29 17 | 09
#0042-d194 @A: 26 10 23 29 | 04
#0043-d194 @A: 34 26 11 30 | 06
#0044-d194 @A: 34 15 26 22 | 03
#0045-d194 @A: 26 09 14 03 | 12
#0046-d194 @A: 32 15 27 26 | 02
#0047-d194 @A: 26 17 04 32 | 10
#0048-d194 @A: 26 24 25 01 | 01
#0049-d194 @A: 30 14 26 23 | 11
#0050-d194 @A: 23 26 25 07 | 08
#0051-d194 @A: 02 16 20 21 | 05
#0052-d194 @A: 02 15 16 32 | 07
#0053-d194 @A: 21 30 03 16 | 09
#0054-d194 @A: 30 09 34 16 | 04
#0055-d194 @A: 10 34 14 16 | 06
#0056-d194 @A: 07 16 17 09 | 03
#0057-d194 @A: 16 10 30 27 | 12
#0058-d194 @A: 16 01 06 32 | 02
#0059-d194 @A: 05 16 22 11 | 10
#0060-d194 @A: 02 34 12 06 | 01
#0061-d194 @A: 02 34 32 22 | 11
#0062-d194 @A: 09 02 11 22 | 08
#0063-d194 @A: 08 17 32 02 | 05
#0064-d194 @A: 11 02 30 17 | 07
#0065-d194 @A: 10 02 01 18 | 09
#0066-d194 @A: 02 12 10 03 | 04
#0067-d194 @A: 24 02 10 05 | 06
#0068-d194 @A: 28 04 02 24 | 03
#0069-d194 @A: 14 02 15 28 | 12
#0070-d194 @A: 02 05 22 04 | 02
#0071-d194 @A: 02 03 04 20 | 10
#0072-d194 @A: 23 20 22 02 | 01
#0073-d194 @A: 25 01 21 09 | 11
#0074-d194 @A: 11 35 09 21 | 08
#0075-d194 @A: 21 27 05 25 | 05
#0076-d194 @A: 32 30 12 21 | 07
#0077-d194 @A: 25 08 32 21 | 09
#0078-d194 @A: 35 21 18 24 | 04
#0079-d194 @A: 21 35 05 15 | 06
#0080-d194 @A: 22 21 35 03 | 03
#0081-d194 @A: 18 34 29 27 | 12
#0082-d194 @A: 29 34 10 07 | 02
#0083-d194 @A: 17 05 32 29 | 10
#0084-d194 @A: 24 29 14 17 | 01
#0085-d194 @A: 29 06 24 01 | 11
#0086-d194 @A: 29 32 30 08 | 08
#0087-d194 @A: 07 28 29 24 | 05
#0088-d194 @A: 30 20 18 29 | 07
#0089-d194 @A: 04 29 07 30 | 09
#0090-d194 @A: 29 03 08 14 | 04
#0091-d194 @A: 20 08 07 29 | 06
#0092-d194 @A: 07 13 09 34 | 03
#0093-d194 @A: 27 22 34 35 | 12
#0094-d194 @A: 01 17 34 22 | 02
#0095-d194 @A: 12 01 30 34 | 10
#0096-d194 @A: 32 04 34 01 | 01
#0097-d194 @A: 04 30 34 13 | 11
#0098-d194 @A: 35 20 34 08 | 08
#0099-d194 @A: 18 13 27 09 | 05
#0100-d194 @A: 32 09 30 01 | 07
#0101-d194 @A: 09 05 03 24 | 09
#0102-d194 @A: 24 23 04 09 | 04
#0103-d194 @A: 24 14 09 30 | 06
#0104-d194 @A: 07 05 09 15 | 03
#0105-d194 @A: 14 22 08 09 | 12
#0106-d194 @A: 10 23 27 17 | 02
#0107-d194 @A: 04 01 25 27 | 10
#0108-d194 @A: 14 13 27 11 | 01
#0109-d194 @A: 30 24 27 28 | 11
#0110-d194 @A: 06 03 15 27 | 08
#0111-d194 @A: 05 03 14 27 | 05
#0112-d194 @A: 07 18 03 27 | 07
#0113-d194 @A: 01 17 25 08 | 09
#0114-d194 @A: 14 15 23 17 | 04
#0115-d194 @A: 17 03 14 28 | 06
#0116-d194 @A: 10 13 01 20 | 03
#0117-d194 @A: 25 15 01 10 | 12
#0118-d194 @A: 08 07 01 10 | 02
#0119-d194 @A: 24 15 22 01 | 10
#0120-d194 @A: 30 01 24 03 | 01
#0121-d194 @A: 12 23 14 10 | 11
#0122-d194 @A: 12 11 14 28 | 08
#0123-d194 @A: 24 18 23 12 | 05
#0124-d194 @A: 18 15 28 12 | 07
#0125-d194 @A: 05 30 22 12 | 09
#0126-d194 @A: 12 23 05 08 | 04
#0127-d194 @A: 35 15 24 10 | 06
#0128-d194 @A: 14 10 24 18 | 03
#0129-d194 @A: 08 10 20 15 | 12
#0130-d194 @A: 25 06 10 28 | 02
#0131-d194 @A: 08 35 04 10 | 10
#0132-d194 @A: 13 35 22 24 | 01
#0133-d194 @A: 15 28 13 07 | 11
#0134-d194 @A: 13 14 04 25 | 08
#0135-d194 @A: 05 20 32 04 | 05
#0136-d194 @A: 05 30 32 06 | 07
#0137-d194 @A: 32 14 18 06 | 09
#0138-d194 @A: 32 30 04 14 | 04
#0139-d194 @A: 28 24 11 18 | 06
#0140-d194 @A: 28 11 30 07 | 03
#0141-d194 @A: 25 11 20 35 | 12
#0142-d194 @A: 11 14 20 04 | 02
#0143-d194 @A: 23 28 14 25 | 10
#0144-d194 @A: 06 22 25 05 | 01
#0145-d194 @A: 08 18 30 25 | 11
#0146-d194 @A: 35 02 31 33 | 08
#0147-d194 @A: 26 07 31 16 | 05
#0148-d194 @A: 02 05 26 31 | 07
#0149-d194 @A: 27 16 31 15 | 09
#0150-d194 @A: 21 31 32 22 | 04
#0151-d194 @A: 31 04 27 29 | 06
#0152-d194 @A: 29 13 03 31 | 03
#0153-d194 @A: 27 31 28 22 | 12
#0154-d194 @A: 10 31 05 32 | 02
#0155-d194 @A: 30 24 31 08 | 10
#0156-d194 @A: 23 31 35 15 | 01
#0157-d194 @A: 33 24 26 19 | 11
#0158-d194 @A: 19 29 35 33 | 08
#0159-d194 @A: 19 27 33 14 | 05
#0160-d194 @A: 33 18 19 12 | 07
#0161-d194 @A: 08 19 25 33 | 09
#0162-d194 @A: 19 02 26 01 | 04
#0163-d194 @A: 18 19 16 21 | 06
#0164-d194 @A: 24 16 19 29 | 03
#0165-d194 @A: 19 16 20 01 | 12
#0166-d194 @A: 32 02 19 14 | 02
#0167-d194 @A: 19 02 35 22 | 10
#0168-d194 @A: 21 19 29 06 | 01
#0169-d194 @A: 27 23 19 29 | 11
#0170-d194 @A: 19 03 35 27 | 08
#0171-d194 @A: 03 01 19 23 | 05
#0172-d194 @A: 19 03 28 10 | 07
#0173-d194 @A: 03 19 04 14 | 09
#0174-d194 @A: 33 06 27 02 | 04
#0175-d194 @A: 33 20 23 21 | 06
#0176-d194 @A: 22 34 12 33 | 03
#0177-d194 @A: 13 33 01 30 | 12
#0178-d194 @A: 22 13 33 32 | 02
#0179-d194 @A: 35 03 33 15 | 10
#0180-d194 @A: 28 04 33 18 | 01
#0181-d194 @A: 16 05 26 01 | 11
#0182-d194 @A: 02 35 21 26 | 08
#0183-d194 @A: 23 09 26 02 | 05
#0184-d194 @A: 26 12 02 04 | 07
#0185-d194 @A: 21 23 17 26 | 09
#0186-d194 @A: 05 12 21 26 | 04
#0187-d194 @A: 26 11 22 21 | 06
#0188-d194 @A: 26 29 15 20 | 03
#0189-d194 @A: 17 06 26 09 | 12
#0190-d194 @A: 26 11 27 08 | 02
#0191-d194 @A: 20 32 01 26 | 10
#0192-d194 @A: 26 04 13 08 | 01
#0193-d194 @A: 17 02 10 16 | 11
#0194-d194 @A: 23 16 34 32 | 08
#0195-d194 @A: 09 35 13 16 | 05
#0196-d194 @A: 16 17 11 23 | 07
#0197-d194 @A: 32 13 04 16 | 09
#0198-d194 @A: 08 16 24 03 | 04
#0199-d194 @A: 25 16 30 15 | 06
#0200-d194 @A: 15 16 08 07 | 03
#0201-d194 @A: 35 16 08 22 | 12
#0202-d194 @A: 18 03 05 16 | 02
#0203-d194 @A: 14 22 16 30 | 10
#0204-d194 @A: 02 21 29 15 | 01
#0205-d194 @A: 27 17 21 02 | 11
#0206-d194 @A: 04 01 02 29 | 08
#0207-d194 @A: 02 12 18 29 | 05
#0208-d194 @A: 02 12 20 17 | 07
#0209-d194 @A: 13 02 08 35 | 09
#0210-d194 @A: 02 03 06 24 | 04
#0211-d194 @A: 29 21 27 08 | 06
#0212-d194 @A: 29 13 21 30 | 03
#0213-d194 @A: 03 21 34 27 | 12
#0214-d194 @A: 21 32 20 09 | 02
#0215-d194 @A: 01 21 05 27 | 10
#0216-d194 @A: 27 06 10 21 | 01
#0217-d194 @A: 17 12 21 03 | 11
#0218-d194 @A: 20 30 21 17 | 08
#0219-d194 @A: 11 21 01 06 | 05
#0220-d194 @A: 15 21 06 24 | 07
#0221-d194 @A: 04 20 24 21 | 09
#0222-d194 @A: 08 23 21 24 | 04
#0223-d194 @A: 15 07 21 18 | 06
#0224-d194 @A: 06 21 18 28 | 03
#0225-d194 @A: 21 35 23 04 | 12
#0226-d194 @A: 21 30 06 14 | 02
#0227-d194 @A: 23 14 07 21 | 10
#0228-d194 @A: 21 22 25 14 | 01
#0229-d194 @A: 12 01 29 09 | 11
#0230-d194 @A: 05 09 13 29 | 08
#0231-d194 @A: 29 04 09 35 | 05
#0232-d194 @A: 29 13 27 24 | 07
#0233-d194 @A: 11 29 30 23 | 09
#0234-d194 @A: 29 23 24 20 | 04
#0235-d194 @A: 09 34 07 25 | 06
#0236-d194 @A: 27 28 34 05 | 03
#0237-d194 @A: 01 34 18 25 | 12
#0238-d194 @A: 32 08 12 34 | 02
#0239-d194 @A: 34 10 15 32 | 10
#0240-d194 @A: 34 18 13 11 | 01
#0241-d194 @A: 34 24 28 23 | 11
#0242-d194 @A: 25 20 34 03 | 08
#0243-d194 @A: 27 09 07 01 | 05
#0244-d194 @A: 09 27 14 15 | 07
#0245-d194 @A: 25 18 09 28 | 09
#0246-d194 @A: 09 06 05 04 | 04
#0247-d194 @A: 06 20 09 14 | 06
#0248-d194 @A: 24 01 32 27 | 03
#0249-d194 @A: 30 08 20 27 | 12
#0250-d194 @A: 15 08 17 35 | 02
#0251-d194 @A: 22 17 35 18 | 10
#0252-d194 @A: 18 08 17 30 | 01
#0253-d194 @A: 13 32 01 03 | 11
#0254-d194 @A: 01 06 30 15 | 08
#0255-d194 @A: 35 30 28 01 | 05
#0256-d194 @A: 01 04 18 05 | 07
#0257-d194 @A: 32 12 15 13 | 09
#0258-d194 @A: 12 08 35 28 | 04
#0259-d194 @A: 28 05 07 12 | 06
#0260-d194 @A: 10 13 28 32 | 03
#0261-d194 @A: 23 08 10 28 | 12
#0262-d194 @A: 07 10 14 04 | 02
#0263-d194 @A: 24 28 13 14 | 10
#0264-d194 @A: 07 22 14 13 | 01
#0265-d194 @A: 11 06 15 32 | 11
#0266-d194 @A: 04 07 32 11 | 08
#0267-d194 @A: 30 32 15 28 | 05
#0268-d194 @A: 23 32 20 15 | 07
#0269-d194 @A: 20 15 28 11 | 09
#0270-d194 @A: 23 05 11 15 | 04
#0271-d194 @A: 07 23 18 11 | 06
#0272-d194 @A: 06 14 11 08 | 03
#0273-d194 @A: 25 06 35 24 | 12
#0274-d194 @A: 09 16 22 31 | 02
#0275-d194 @A: 17 16 31 08 | 10
#0276-d194 @A: 30 02 01 31 | 01
#0277-d194 @A: 31 14 12 02 | 11
#0278-d194 @A: 21 31 07 09 | 08
#0279-d194 @A: 17 13 31 34 | 05
#0280-d194 @A: 35 10 31 34 | 07
#0281-d194 @A: 22 31 08 34 | 09
#0282-d194 @A: 11 09 31 04 | 04
#0283-d194 @A: 09 35 31 25 | 06
#0284-d194 @A: 32 13 31 30 | 03
#0285-d194 @A: 31 22 18 15 | 12
#0286-d194 @A: 33 03 19 02 | 02
#0287-d194 @A: 19 33 21 22 | 10
#0288-d194 @A: 19 27 26 28 | 01
#0289-d194 @A: 16 11 19 03 | 11
#0290-d194 @A: 09 19 02 10 | 08
#0291-d194 @A: 02 28 19 11 | 05
#0292-d194 @A: 34 17 19 21 | 07
#0293-d194 @A: 06 25 21 19 | 09
#0294-d194 @A: 29 32 19 28 | 04
#0295-d194 @A: 09 27 19 08 | 06
#0296-d194 @A: 18 22 27 19 | 03
#0297-d194 @A: 23 22 19 17 | 12
#0298-d194 @A: 35 11 19 12 | 02
#0299-d194 @A: 13 05 19 32 | 10
#0300-d194 @A: 19 13 35 30 | 01
#0301-d194 @A: 19 24 32 15 | 11
#0302-d194 @A: 19 05 28 06 | 08
#0303-d194 @A: 19 14 18 28 | 05
#0304-d194 @A: 19 28 04 22 | 07
#0305-d194 @A: 33 16 24 23 | 09
#0306-d194 @A: 02 23 33 32 | 04
#0307-d194 @A: 21 34 15 33 | 06
#0308-d194 @A: 23 29 33 34 | 03
#0309-d194 @A: 33 29 18 32 | 12
#0310-d194 @A: 24 34 27 33 | 02
#0311-d194 @A: 27 33 13 28 | 10
#0312-d194 @A: 18 06 33 01 | 01
#0313-d194 @A: 33 18 14 15 | 11
#0314-d194 @A: 33 35 18 20 | 08
#0315-d194 @A: 33 30 25 20 | 05
#0316-d194 @A: 26 22 34 25 | 07
#0317-d194 @A: 26 32 05 09 | 09
#0318-d194 @A: 35 26 27 13 | 04
#0319-d194 @A: 13 06 26 10 | 06
#0320-d194 @A: 08 26 24 10 | 03
#0321-d194 @A: 30 26 22 28 | 12
#0322-d194 @A: 26 22 06 18 | 02
#0323-d194 @A: 25 06 26 04 | 10
#0324-d194 @A: 16 04 29 21 | 01
#0325-d194 @A: 27 29 16 07 | 11
#0326-d194 @A: 29 16 28 06 | 08
#0327-d194 @A: 12 09 14 16 | 05
#0328-d194 @A: 16 05 08 09 | 07
#0329-d194 @A: 17 14 16 04 | 09
#0330-d194 @A: 01 11 18 16 | 04
#0331-d194 @A: 18 10 16 06 | 06
#0332-d194 @A: 16 18 22 04 | 03
#0333-d194 @A: 14 23 08 16 | 12
#0334-d194 @A: 21 02 32 05 | 02
#0335-d194 @A: 02 21 06 22 | 10
#0336-d194 @A: 34 02 10 04 | 01
#0337-d194 @A: 28 27 12 02 | 11
#0338-d194 @A: 27 25 35 02 | 08
#0339-d194 @A: 02 22 28 17 | 05
#0340-d194 @A: 23 02 07 28 | 07
#0341-d194 @A: 20 30 14 02 | 09
#0342-d194 @A: 14 21 05 34 | 04
#0343-d194 @A: 22 23 21 34 | 06
#0344-d194 @A: 30 27 21 09 | 03
#0345-d194 @A: 08 09 21 17 | 12
#0346-d194 @A: 21 24 17 28 | 02
#0347-d194 @A: 01 22 13 21 | 10
#0348-d194 @A: 11 12 21 20 | 01
#0349-d194 @A: 21 13 14 03 | 11
#0350-d194 @A: 15 21 08 30 | 08
#0351-d194 @A: 25 03 21 28 | 05
#0352-d194 @A: 21 03 18 20 | 07
#0353-d194 @A: 06 21 03 04 | 09
#0354-d194 @A: 30 21 23 25 | 04
#0355-d194 @A: 22 21 08 07 | 06
#0356-d194 @A: 30 29 34 17 | 03
#0357-d194 @A: 29 24 25 34 | 12
#0358-d194 @A: 27 28 29 09 | 02
#0359-d194 @A: 01 22 30 29 | 10
#0360-d194 @A: 25 14 11 29 | 01
#0361-d194 @A: 28 08 05 29 | 11
#0362-d194 @A: 08 29 28 25 | 08
#0363-d194 @A: 23 29 06 05 | 05
#0364-d194 @A: 23 18 29 04 | 07
#0365-d194 @A: 06 18 08 29 | 09
#0366-d194 @A: 29 23 07 03 | 04
#0367-d194 @A: 23 09 17 34 | 06
#0368-d194 @A: 32 17 14 34 | 03
#0369-d194 @A: 12 34 32 25 | 12
#0370-d194 @A: 20 34 05 12 | 02
#0371-d194 @A: 06 03 34 11 | 10
#0372-d194 @A: 28 30 18 34 | 01
#0373-d194 @A: 17 09 10 35 | 11
#0374-d194 @A: 14 10 09 13 | 08
#0375-d194 @A: 11 09 06 10 | 05
#0376-d194 @A: 25 13 30 09 | 07
#0377-d194 @A: 25 09 11 23 | 09
#0378-d194 @A: 24 28 09 15 | 04
#0379-d194 @A: 35 11 27 01 | 06
#0380-d194 @A: 12 30 18 27 | 03
#0381-d194 @A: 24 03 04 27 | 12
#0382-d194 @A: 27 15 08 25 | 02
#0383-d194 @A: 20 03 27 28 | 10
#0384-d194 @A: 22 27 07 30 | 01
#0385-d194 @A: 08 12 17 11 | 11
#0386-d194 @A: 11 35 17 13 | 08
#0387-d194 @A: 32 25 17 28 | 05
#0388-d194 @A: 17 08 28 07 | 07
#0389-d194 @A: 14 07 18 17 | 09
#0390-d194 @A: 14 22 06 17 | 04
#0391-d194 @A: 11 03 01 12 | 06
#0392-d194 @A: 01 24 18 08 | 03
#0393-d194 @A: 05 35 01 08 | 12
#0394-d194 @A: 01 30 23 08 | 02
#0395-d194 @A: 04 14 12 15 | 10
#0396-d194 @A: 07 14 06 12 | 01
#0397-d194 @A: 35 10 23 11 | 11
#0398-d194 @A: 10 24 20 30 | 08
#0399-d194 @A: 18 10 35 03 | 05
#0400-d194 @A: 08 03 10 06 | 07
#0401-d194 @A: 04 24 05 13 | 09
#0402-d194 @A: 20 32 11 18 | 04
#0403-d194 @A: 32 03 05 23 | 06
#0404-d194 @A: 07 14 05 32 | 03
#0405-d194 @A: 11 07 15 22 | 12
#0406-d194 @A: 11 03 22 28 | 02
#0407-d194 @A: 11 28 06 23 | 10
#0408-d194 @A: 30 25 04 05 | 01
#0409-d194 @A: 14 25 08 03 | 11
#0410-d194 @A: 19 31 26 04 | 08
#0411-d194 @A: 08 33 12 31 | 05
#0412-d194 @A: 08 31 32 26 | 07
#0413-d194 @A: 02 09 31 15 | 09
#0414-d194 @A: 29 31 05 01 | 04
#0415-d194 @A: 04 17 05 31 | 06
#0416-d194 @A: 01 31 35 13 | 03
#0417-d194 @A: 31 13 25 06 | 12
#0418-d194 @A: 24 06 31 07 | 02
#0419-d194 @A: 14 23 31 24 | 10
#0420-d194 @A: 31 15 03 20 | 01
#0421-d194 @A: 28 31 20 14 | 11
#0422-d194 @A: 30 03 31 22 | 08
#0423-d194 @A: 16 33 15 19 | 05
#0424-d194 @A: 26 21 07 19 | 07
#0425-d194 @A: 16 10 19 08 | 09
#0426-d194 @A: 02 21 04 19 | 04
#0427-d194 @A: 19 05 34 09 | 06
#0428-d194 @A: 15 34 19 27 | 03
#0429-d194 @A: 34 19 23 12 | 12
#0430-d194 @A: 19 11 14 09 | 02
#0431-d194 @A: 27 28 19 25 | 10
#0432-d194 @A: 32 11 17 19 | 01
#0433-d194 @A: 17 15 19 06 | 11
#0434-d194 @A: 28 19 35 15 | 08
#0435-d194 @A: 26 29 30 33 | 05
#0436-d194 @A: 26 18 07 33 | 07
#0437-d194 @A: 16 33 07 21 | 09
#0438-d194 @A: 09 01 16 33 | 04
#0439-d194 @A: 02 05 07 33 | 06
#0440-d194 @A: 25 15 21 33 | 03
#0441-d194 @A: 33 17 22 24 | 12
#0442-d194 @A: 33 06 11 12 | 02
#0443-d194 @A: 14 32 33 28 | 10
#0444-d194 @A: 33 28 08 11 | 01
#0445-d194 @A: 28 33 07 20 | 11
#0446-d194 @A: 33 03 18 30 | 08
#0447-d194 @A: 29 16 26 09 | 05
#0448-d194 @A: 13 26 20 16 | 07
#0449-d194 @A: 15 16 26 30 | 09
#0450-d194 @A: 02 26 22 29 | 04
#0451-d194 @A: 32 30 26 02 | 06
#0452-d194 @A: 21 26 34 29 | 03
#0453-d194 @A: 26 21 09 18 | 12
#0454-d194 @A: 26 25 13 21 | 02
#0455-d194 @A: 26 05 10 34 | 10
#0456-d194 @A: 26 07 34 32 | 01
#0457-d194 @A: 26 09 12 35 | 11
#0458-d194 @A: 26 22 27 12 | 08
#0459-d194 @A: 14 18 26 27 | 05
#0460-d194 @A: 01 17 28 26 | 07
#0461-d194 @A: 26 12 07 17 | 09
#0462-d194 @A: 26 35 17 25 | 04
#0463-d194 @A: 12 13 18 26 | 06
#0464-d194 @A: 05 24 26 07 | 03
#0465-d194 @A: 03 06 05 26 | 12
#0466-d194 @A: 03 02 16 29 | 02
#0467-d194 @A: 21 01 16 35 | 10
#0468-d194 @A: 12 16 01 22 | 01
#0469-d194 @A: 01 23 04 16 | 11
#0470-d194 @A: 24 32 16 12 | 08
#0471-d194 @A: 15 16 10 03 | 05
#0472-d194 @A: 16 32 35 05 | 07
#0473-d194 @A: 15 24 14 16 | 09
#0474-d194 @A: 16 23 25 18 | 04
#0475-d194 @A: 23 03 22 16 | 06
#0476-d194 @A: 01 02 03 21 | 03
#0477-d194 @A: 02 08 21 12 | 12
#0478-d194 @A: 21 11 02 23 | 02
#0479-d194 @A: 29 10 35 02 | 10
#0480-d194 @A: 24 02 34 01 | 01
#0481-d194 @A: 08 06 30 02 | 11
#0482-d194 @A: 09 13 28 21 | 08
#0483-d194 @A: 15 21 01 10 | 05
#0484-d194 @A: 21 28 12 10 | 07
#0485-d194 @A: 30 23 18 21 | 09
#0486-d194 @A: 29 09 10 30 | 04
#0487-d194 @A: 32 23 29 12 | 06
#0488-d194 @A: 35 03 29 12 | 03
#0489-d194 @A: 14 29 12 25 | 12
#0490-d194 @A: 13 35 32 29 | 02
#0491-d194 @A: 29 13 25 15 | 10
#0492-d194 @A: 27 17 06 34 | 01
#0493-d194 @A: 10 08 17 34 | 11
#0494-d194 @A: 01 28 34 11 | 08
#0495-d194 @A: 34 06 28 14 | 05
#0496-d194 @A: 06 22 04 34 | 07
#0497-d194 @A: 34 03 08 30 | 09
#0498-d194 @A: 07 34 03 20 | 04
#0499-d194 @A: 12 07 03 09 | 06
#0500-d194 @A: 20 09 04 10 | 03
#0501-d194 @A: 09 28 08 32 | 12
#0502-d194 @A: 09 15 06 08 | 02
#0503-d194 @A: 28 04 03 09 | 10
#0504-d194 @A: 35 07 18 09 | 01
#0505-d194 @A: 25 09 05 03 | 11
#0506-d194 @A: 23 22 30 09 | 08
#0507-d194 @A: 17 18 27 05 | 05
#0508-d194 @A: 13 04 27 12 | 07
#0509-d194 @A: 25 10 13 27 | 09
#0510-d194 @A: 27 24 18 20 | 04
#0511-d194 @A: 15 27 18 04 | 06
#0512-d194 @A: 25 18 05 27 | 03
#0513-d194 @A: 20 11 01 17 | 12
#0514-d194 @A: 14 05 17 13 | 02
#0515-d194 @A: 24 17 05 30 | 10
#0516-d194 @A: 15 25 17 05 | 01
#0517-d194 @A: 17 03 08 23 | 11
#0518-d194 @A: 25 07 12 01 | 08
#0519-d194 @A: 35 32 25 01 | 05
#0520-d194 @A: 22 28 01 08 | 07
#0521-d194 @A: 20 01 25 23 | 09
#0522-d194 @A: 12 10 24 13 | 04
#0523-d194 @A: 13 11 05 12 | 06
#0524-d194 @A: 12 22 18 25 | 03
#0525-d194 @A: 10 23 30 32 | 12
#0526-d194 @A: 07 18 28 10 | 02
#0527-d194 @A: 25 14 35 10 | 10
#0528-d194 @A: 10 14 08 05 | 01
#0529-d194 @A: 10 22 23 05 | 11
#0530-d194 @A: 18 04 30 10 | 08
#0531-d194 @A: 03 13 18 04 | 05
#0532-d194 @A: 20 30 13 22 | 07
#0533-d194 @A: 06 03 20 13 | 09
#0534-d194 @A: 28 11 35 32 | 04
#0535-d194 @A: 24 28 05 32 | 06
#0536-d194 @A: 32 04 24 35 | 03
#0537-d194 @A: 32 14 05 25 | 12
#0538-d194 @A: 01 31 19 22 | 02
#0539-d194 @A: 31 10 06 19 | 10
#0540-d194 @A: 24 19 31 13 | 01
#0541-d194 @A: 35 12 31 16 | 11
#0542-d194 @A: 27 31 24 21 | 08
#0543-d194 @A: 29 32 07 31 | 05
#0544-d194 @A: 09 31 35 06 | 07
#0545-d194 @A: 31 27 14 30 | 09
#0546-d194 @A: 31 14 10 17 | 04
#0547-d194 @A: 17 03 11 31 | 06
#0548-d194 @A: 31 32 18 01 | 03
#0549-d194 @A: 25 24 31 12 | 12
#0550-d194 @A: 13 11 28 31 | 02
#0551-d194 @A: 31 35 25 08 | 10
#0552-d194 @A: 06 31 22 23 | 01
#0553-d194 @A: 23 11 33 19 | 11
#0554-d194 @A: 10 26 14 19 | 08
#0555-d194 @A: 19 25 18 26 | 05
#0556-d194 @A: 19 16 27 05 | 07
#0557-d194 @A: 25 19 20 16 | 09
#0558-d194 @A: 25 32 19 02 | 04
#0559-d194 @A: 03 21 05 19 | 06
#0560-d194 @A: 29 08 19 12 | 03
#0561-d194 @A: 09 06 01 19 | 12
#0562-d194 @A: 14 30 19 17 | 02
#0563-d194 @A: 13 04 19 01 | 10
#0564-d194 @A: 10 19 18 13 | 01
#0565-d194 @A: 19 11 10 05 | 11
#0566-d194 @A: 13 19 25 03 | 08
#0567-d194 @A: 30 15 23 19 | 05
#0568-d194 @A: 05 35 04 19 | 07
#0569-d194 @A: 05 19 18 23 | 09
#0570-d194 @A: 19 04 23 20 | 04
#0571-d194 @A: 33 26 03 17 | 06
#0572-d194 @A: 20 33 16 27 | 03
#0573-d194 @A: 14 33 02 29 | 12
#0574-d194 @A: 29 02 33 25 | 02
#0575-d194 @A: 33 09 21 03 | 10
#0576-d194 @A: 06 32 21 33 | 01
#0577-d194 @A: 09 04 33 34 | 11
#0578-d194 @A: 17 34 33 07 | 08
#0579-d194 @A: 06 22 33 09 | 05
#0580-d194 @A: 04 17 33 27 | 07
#0581-d194 @A: 33 15 05 27 | 09
#0582-d194 @A: 23 33 10 01 | 04
#0583-d194 @A: 33 25 01 05 | 06
#0584-d194 @A: 33 06 24 35 | 03
#0585-d194 @A: 23 35 05 33 | 12
#0586-d194 @A: 06 03 33 14 | 02
#0587-d194 @A: 16 18 02 26 | 10
#0588-d194 @A: 27 26 24 16 | 01
#0589-d194 @A: 16 25 10 26 | 11
#0590-d194 @A: 29 03 04 26 | 08
#0591-d194 @A: 18 34 17 26 | 05
#0592-d194 @A: 24 26 17 13 | 07
#0593-d194 @A: 26 18 01 15 | 09
#0594-d194 @A: 12 30 20 26 | 04
#0595-d194 @A: 28 26 03 15 | 06
#0596-d194 @A: 30 26 08 35 | 03
#0597-d194 @A: 07 23 26 08 | 12
#0598-d194 @A: 05 02 16 34 | 02
#0599-d194 @A: 34 16 21 12 | 10
#0600-d194 @A: 16 21 04 25 | 01
#0601-d194 @A: 01 29 10 16 | 11
#0602-d194 @A: 03 16 17 27 | 08
#0603-d194 @A: 07 25 16 27 | 05
#0604-d194 @A: 28 16 18 17 | 07
#0605-d194 @A: 10 07 32 16 | 09
#0606-d194 @A: 11 05 25 16 | 04
#0607-d194 @A: 07 35 24 16 | 06
#0608-d194 @A: 24 16 05 20 | 03
#0609-d194 @A: 15 04 35 16 | 12
#0610-d194 @A: 06 16 08 04 | 02
#0611-d194 @A: 02 34 25 21 | 10
#0612-d194 @A: 24 02 29 32 | 01
#0613-d194 @A: 02 08 09 34 | 11
#0614-d194 @A: 34 11 35 02 | 08
#0615-d194 @A: 09 02 12 30 | 05
#0616-d194 @A: 02 25 09 15 | 07
#0617-d194 @A: 22 01 27 02 | 09
#0618-d194 @A: 27 02 10 14 | 04
#0619-d194 @A: 32 20 27 02 | 06
#0620-d194 @A: 02 24 27 23 | 03
#0621-d194 @A: 12 32 35 02 | 12
#0622-d194 @A: 10 11 08 02 | 02
#0623-d194 @A: 10 02 15 22 | 10
#0624-d194 @A: 02 24 18 15 | 01
#0625-d194 @A: 02 20 07 24 | 11
#0626-d194 @A: 30 03 28 02 | 08
#0627-d194 @A: 03 23 02 35 | 05
#0628-d194 @A: 02 06 25 08 | 07
#0629-d194 @A: 21 03 32 29 | 09
#0630-d194 @A: 01 09 21 04 | 04
#0631-d194 @A: 21 27 35 14 | 06
#0632-d194 @A: 01 21 14 17 | 03
#0633-d194 @A: 12 21 06 35 | 12
#0634-d194 @A: 03 11 21 10 | 02
#0635-d194 @A: 28 20 21 05 | 10
#0636-d194 @A: 11 29 20 09 | 01
#0637-d194 @A: 27 29 20 01 | 11
#0638-d194 @A: 13 01 07 29 | 08
#0639-d194 @A: 08 04 15 29 | 05
#0640-d194 @A: 22 28 29 35 | 07
#0641-d194 @A: 30 29 03 06 | 09
#0642-d194 @A: 27 12 09 34 | 04
#0643-d194 @A: 11 23 27 34 | 06
#0644-d194 @A: 05 34 01 13 | 03
#0645-d194 @A: 35 13 15 34 | 12
#0646-d194 @A: 32 18 03 34 | 02
#0647-d194 @A: 06 34 18 24 | 10
#0648-d194 @A: 28 04 34 08 | 01
#0649-d194 @A: 07 22 34 28 | 11
#0650-d194 @A: 34 20 04 18 | 08
#0651-d194 @A: 17 27 20 09 | 05
#0652-d194 @A: 15 09 01 35 | 07
#0653-d194 @A: 28 05 09 30 | 09
#0654-d194 @A: 18 09 28 22 | 04
#0655-d194 @A: 09 28 06 07 | 06
#0656-d194 @A: 28 09 23 20 | 03
#0657-d194 @A: 08 25 09 22 | 12
#0658-d194 @A: 14 27 06 24 | 02
#0659-d194 @A: 22 27 05 06 | 10
#0660-d194 @A: 27 06 18 23 | 01
#0661-d194 @A: 17 32 35 01 | 11
#0662-d194 @A: 24 25 20 17 | 08
#0663-d194 @A: 05 07 22 17 | 05
#0664-d194 @A: 20 08 01 12 | 07
#0665-d194 @A: 01 11 25 13 | 09
#0666-d194 @A: 28 03 05 01 | 04
#0667-d194 @A: 35 03 04 01 | 06
#0668-d194 @A: 07 20 01 14 | 03
#0669-d194 @A: 04 06 10 12 | 12
#0670-d194 @A: 06 13 12 30 | 02
#0671-d194 @A: 03 08 13 12 | 10
#0672-d194 @A: 04 12 22 24 | 01
#0673-d194 @A: 23 22 28 12 | 11
#0674-d194 @A: 06 12 18 05 | 08
#0675-d194 @A: 15 04 23 10 | 05
#0676-d194 @A: 24 03 15 13 | 07
#0677-d194 @A: 13 05 22 15 | 09
#0678-d194 @A: 13 04 35 14 | 04
#0679-d194 @A: 35 23 06 13 | 06
#0680-d194 @A: 07 25 13 08 | 03
#0681-d194 @A: 20 23 13 14 | 12
#0682-d194 @A: 11 32 05 08 | 02
#0683-d194 @A: 23 32 18 28 | 10
#0684-d194 @A: 25 32 04 03 | 01
#0685-d194 @A: 07 24 11 14 | 11
#0686-d194 @A: 35 06 18 11 | 08
#0687-d194 @A: 19 31 12 05 | 05
#0688-d194 @A: 31 08 11 19 | 07
#0689-d194 @A: 33 16 03 31 | 09
#0690-d194 @A: 18 33 31 13 | 04
#0691-d194 @A: 29 31 28 26 | 06
#0692-d194 @A: 17 26 31 35 | 03
#0693-d194 @A: 16 32 28 31 | 12
#0694-d194 @A: 11 16 06 31 | 02
#0695-d194 @A: 13 31 02 21 | 10
#0696-d194 @A: 20 31 21 01 | 01
#0697-d194 @A: 29 31 10 22 | 11
#0698-d194 @A: 01 34 31 15 | 08
#0699-d194 @A: 31 34 30 25 | 05
#0700-d194 @A: 31 05 27 11 | 07
#0701-d194 @A: 25 04 18 31 | 09
#0702-d194 @A: 22 19 32 26 | 04
#0703-d194 @A: 08 18 26 19 | 06
#0704-d194 @A: 12 28 19 16 | 03
#0705-d194 @A: 19 08 20 21 | 12
#0706-d194 @A: 18 11 29 19 | 02
#0707-d194 @A: 20 19 27 12 | 10
#0708-d194 @A: 10 19 24 27 | 01
#0709-d194 @A: 24 01 17 19 | 11
#0710-d194 @A: 35 19 10 01 | 08
#0711-d194 @A: 25 23 19 10 | 05
#0712-d194 @A: 35 14 07 19 | 07
#0713-d194 @A: 05 25 19 07 | 09
#0714-d194 @A: 05 26 13 33 | 04
#0715-d194 @A: 05 29 16 33 | 06
#0716-d194 @A: 11 02 24 33 | 03
#0717-d194 @A: 33 12 04 21 | 12
#0718-d194 @A: 11 33 29 03 | 02
#0719-d194 @A: 33 34 11 20 | 10
#0720-d194 @A: 33 09 17 14 | 01
#0721-d194 @A: 33 25 24 27 | 11
#0722-d194 @A: 25 33 17 14 | 08
#0723-d194 @A: 30 33 23 28 | 05
#0724-d194 @A: 25 33 07 03 | 07
#0725-d194 @A: 32 16 03 26 | 09
#0726-d194 @A: 16 14 26 06 | 04
#0727-d194 @A: 34 26 20 02 | 06
#0728-d194 @A: 10 26 28 02 | 03
#0729-d194 @A: 26 24 21 32 | 12
#0730-d194 @A: 12 26 03 34 | 02
#0731-d194 @A: 26 10 22 03 | 10
#0732-d194 @A: 23 32 35 26 | 01
#0733-d194 @A: 24 28 06 26 | 11
#0734-d194 @A: 18 26 05 30 | 08
#0735-d194 @A: 02 07 16 30 | 05
#0736-d194 @A: 11 21 24 16 | 07
#0737-d194 @A: 21 23 16 06 | 09
#0738-d194 @A: 29 12 30 16 | 04
#0739-d194 @A: 13 29 18 16 | 06
#0740-d194 @A: 16 34 07 11 | 03
#0741-d194 @A: 23 16 10 09 | 12
#0742-d194 @A: 17 30 01 16 | 02
#0743-d194 @A: 13 03 16 28 | 10
#0744-d194 @A: 20 16 22 15 | 01
#0745-d194 @A: 29 05 02 11 | 11
#0746-d194 @A: 02 34 03 17 | 08
#0747-d194 @A: 09 02 01 20 | 05
#0748-d194 @A: 07 02 09 32 | 07
#0749-d194 @A: 17 02 06 13 | 09
#0750-d194 @A: 14 01 13 02 | 04
#0751-d194 @A: 12 02 13 22 | 06
#0752-d194 @A: 03 25 02 24 | 03
#0753-d194 @A: 04 35 02 06 | 12
#0754-d194 @A: 17 22 21 29 | 02
#0755-d194 @A: 01 21 18 29 | 10
#0756-d194 @A: 21 24 05 29 | 01
#0757-d194 @A: 20 29 21 35 | 11
#0758-d194 @A: 11 21 17 15 | 08
#0759-d194 @A: 21 01 23 32 | 05
#0760-d194 @A: 21 13 23 12 | 07
#0761-d194 @A: 05 21 13 06 | 09
#0762-d194 @A: 22 21 28 15 | 04
#0763-d194 @A: 03 15 21 23 | 06
#0764-d194 @A: 21 28 07 35 | 03
#0765-d194 @A: 21 14 04 28 | 12
#0766-d194 @A: 21 18 35 25 | 02
#0767-d194 @A: 05 30 07 21 | 10
#0768-d194 @A: 27 29 10 03 | 01
#0769-d194 @A: 15 27 11 29 | 11
#0770-d194 @A: 17 10 29 06 | 08
#0771-d194 @A: 29 13 10 08 | 05
#0772-d194 @A: 15 29 13 14 | 07
#0773-d194 @A: 35 29 08 24 | 09
#0774-d194 @A: 28 29 18 03 | 04
#0775-d194 @A: 35 06 29 07 | 06
#0776-d194 @A: 14 35 29 23 | 03
#0777-d194 @A: 09 20 22 34 | 12
#0778-d194 @A: 30 34 27 32 | 02
#0779-d194 @A: 01 10 34 06 | 10
#0780-d194 @A: 10 18 12 34 | 01
#0781-d194 @A: 35 34 12 07 | 11
#0782-d194 @A: 11 10 34 22 | 08
#0783-d194 @A: 15 34 24 20 | 05
#0784-d194 @A: 14 24 35 34 | 07
#0785-d194 @A: 03 34 04 15 | 09
#0786-d194 @A: 03 27 09 11 | 04
#0787-d194 @A: 23 18 01 09 | 06
#0788-d194 @A: 09 15 20 12 | 03
#0789-d194 @A: 10 18 15 09 | 12
#0790-d194 @A: 07 17 27 13 | 02
#0791-d194 @A: 17 08 27 24 | 10
#0792-d194 @A: 27 01 03 08 | 01
#0793-d194 @A: 10 27 05 13 | 11
#0794-d194 @A: 18 10 27 11 | 08
#0795-d194 @A: 27 28 04 35 | 05
#0796-d194 @A: 30 04 05 27 | 07
#0797-d194 @A: 01 05 17 10 | 09
#0798-d194 @A: 18 32 17 12 | 04
#0799-d194 @A: 04 17 22 10 | 06
#0800-d194 @A: 17 18 03 24 | 03
#0801-d194 @A: 20 24 17 06 | 12
#0802-d194 @A: 20 07 17 04 | 02
#0803-d194 @A: 22 25 17 20 | 10
#0804-d194 @A: 14 32 10 01 | 01
#0805-d194 @A: 15 12 23 06 | 11
#0806-d194 @A: 12 03 06 28 | 08
#0807-d194 @A: 14 08 12 30 | 05
#0808-d194 @A: 10 24 22 06 | 07
#0809-d194 @A: 28 05 10 35 | 09
#0810-d194 @A: 10 14 22 28 | 04
#0811-d194 @A: 35 22 10 07 | 06
#0812-d194 @A: 06 13 08 24 | 03
#0813-d194 @A: 06 18 13 15 | 12
#0814-d194 @A: 13 07 30 08 | 02
#0815-d194 @A: 32 23 11 14 | 10
#0816-d194 @A: 08 14 24 32 | 01
#0817-d194 @A: 28 32 06 04 | 11
#0818-d194 @A: 32 22 03 04 | 08
#0819-d194 @A: 24 23 11 22 | 05
#0820-d194 @A: 11 03 08 15 | 07
#0821-d194 @A: 18 05 14 11 | 09
#0822-d194 @A: 03 25 35 30 | 04
#0823-d194 @A: 25 04 08 20 | 06
#0824-d194 @A: 19 17 27 31 | 03
#0825-d194 @A: 26 31 33 15 | 12
#0826-d194 @A: 01 33 31 27 | 02
#0827-d194 @A: 31 26 23 34 | 10
#0828-d194 @A: 09 20 26 31 | 01
#0829-d194 @A: 01 26 31 14 | 11
#0830-d194 @A: 22 13 31 26 | 08
#0831-d194 @A: 21 16 10 31 | 05
#0832-d194 @A: 01 31 24 16 | 07
#0833-d194 @A: 05 16 31 13 | 09
#0834-d194 @A: 02 07 31 22 | 04
#0835-d194 @A: 31 20 29 17 | 06
#0836-d194 @A: 31 11 35 29 | 03
#0837-d194 @A: 09 34 18 31 | 12
#0838-d194 @A: 34 24 31 03 | 02
#0839-d194 @A: 12 04 31 01 | 10
#0840-d194 @A: 31 12 11 30 | 01
#0841-d194 @A: 31 10 11 07 | 11
#0842-d194 @A: 31 28 35 24 | 08
#0843-d194 @A: 31 18 20 07 | 05
#0844-d194 @A: 31 04 14 22 | 07
#0845-d194 @A: 07 33 32 19 | 09
#0846-d194 @A: 13 26 19 29 | 04
#0847-d194 @A: 26 19 12 06 | 06
#0848-d194 @A: 19 07 16 13 | 03
#0849-d194 @A: 34 29 19 04 | 12
#0850-d194 @A: 22 09 19 29 | 02
#0851-d194 @A: 19 03 29 17 | 10
#0852-d194 @A: 34 08 07 19 | 01
#0853-d194 @A: 09 13 12 19 | 11
#0854-d194 @A: 19 25 14 09 | 08
#0855-d194 @A: 19 04 17 12 | 05
#0856-d194 @A: 18 15 19 03 | 07
#0857-d194 @A: 20 28 19 30 | 09
#0858-d194 @A: 19 18 04 07 | 04
#0859-d194 @A: 19 06 20 18 | 06
#0860-d194 @A: 02 21 28 33 | 03
#0861-d194 @A: 10 15 33 17 | 12
#0862-d194 @A: 06 33 10 05 | 02
#0863-d194 @A: 13 22 33 25 | 10
#0864-d194 @A: 05 33 22 28 | 01
#0865-d194 @A: 35 33 25 04 | 11
#0866-d194 @A: 14 33 08 35 | 08
#0867-d194 @A: 17 26 15 02 | 05
#0868-d194 @A: 02 26 24 14 | 07
#0869-d194 @A: 10 04 21 26 | 09
#0870-d194 @A: 05 27 26 29 | 04
#0871-d194 @A: 30 13 09 26 | 06
#0872-d194 @A: 26 18 32 10 | 03
#0873-d194 @A: 15 26 11 10 | 12
#0874-d194 @A: 07 15 26 14 | 02
#0875-d194 @A: 28 08 26 14 | 10
#0876-d194 @A: 07 26 30 06 | 01
#0877-d194 @A: 16 02 17 25 | 11
#0878-d194 @A: 29 15 16 17 | 08
#0879-d194 @A: 35 16 25 29 | 05
#0880-d194 @A: 06 27 09 16 | 07
#0881-d194 @A: 20 09 16 03 | 09
#0882-d194 @A: 16 10 04 24 | 04
#0883-d194 @A: 25 13 16 24 | 06
#0884-d194 @A: 28 16 30 08 | 03
#0885-d194 @A: 21 18 02 34 | 12
#0886-d194 @A: 21 14 02 09 | 02
#0887-d194 @A: 21 02 07 10 | 10
#0888-d194 @A: 27 02 09 05 | 01
#0889-d194 @A: 23 06 02 01 | 11
#0890-d194 @A: 02 25 10 30 | 08
#0891-d194 @A: 32 11 13 02 | 05
#0892-d194 @A: 18 02 07 06 | 07
#0893-d194 @A: 04 23 02 30 | 09
#0894-d194 @A: 08 02 04 14 | 04
#0895-d194 @A: 14 02 22 03 | 06
#0896-d194 @A: 29 07 21 12 | 03
#0897-d194 @A: 10 21 14 29 | 12
#0898-d194 @A: 09 10 21 05 | 02
#0899-d194 @A: 34 11 14 29 | 10
#0900-d194 @A: 17 27 35 29 | 01
#0901-d194 @A: 27 29 14 32 | 11
#0902-d194 @A: 29 01 23 17 | 08
#0903-d194 @A: 32 29 11 01 | 05
#0904-d194 @A: 13 06 11 29 | 07
#0905-d194 @A: 35 18 29 15 | 09
#0906-d194 @A: 05 29 22 14 | 04
#0907-d194 @A: 22 29 08 23 | 06
#0908-d194 @A: 05 11 34 17 | 03
#0909-d194 @A: 23 34 01 20 | 12
#0910-d194 @A: 12 14 34 13 | 02
#0911-d194 @A: 23 35 34 18 | 10
#0912-d194 @A: 23 05 34 04 | 01
#0913-d194 @A: 34 07 30 23 | 11
#0914-d194 @A: 09 27 25 32 | 08
#0915-d194 @A: 10 09 01 22 | 05
#0916-d194 @A: 09 10 08 12 | 07
#0917-d194 @A: 06 09 32 13 | 09
#0918-d194 @A: 09 20 07 30 | 04
#0919-d194 @A: 15 10 27 28 | 06
#0920-d194 @A: 08 07 27 05 | 03
#0921-d194 @A: 05 20 27 23 | 12
#0922-d194 @A: 22 27 03 25 | 02
#0923-d194 @A: 12 10 17 30 | 10
#0924-d194 @A: 10 24 32 17 | 01
#0925-d194 @A: 32 17 06 03 | 11
#0926-d194 @A: 17 15 24 04 | 08
#0927-d194 @A: 18 20 17 15 | 05
#0928-d194 @A: 17 15 22 30 | 07
#0929-d194 @A: 17 03 22 20 | 09
#0930-d194 @A: 32 07 01 12 | 04
#0931-d194 @A: 20 05 15 01 | 06
#0932-d194 @A: 28 01 25 03 | 03
#0933-d194 @A: 05 01 07 06 | 12
#0934-d194 @A: 04 01 07 22 | 02
#0935-d194 @A: 06 01 25 14 | 10
#0936-d194 @A: 15 10 12 07 | 01
#0937-d194 @A: 15 24 05 12 | 11
#0938-d194 @A: 15 22 12 35 | 08
#0939-d194 @A: 15 03 12 30 | 05
#0940-d194 @A: 35 20 04 12 | 07
#0941-d194 @A: 24 25 22 10 | 09
#0942-d194 @A: 06 10 28 30 | 04
#0943-d194 @A: 05 10 04 03 | 06
#0944-d194 @A: 20 10 03 14 | 03
#0945-d194 @A: 28 18 35 13 | 12
#0946-d194 @A: 13 20 28 08 | 02
#0947-d194 @A: 13 06 28 22 | 10
#0948-d194 @A: 22 18 23 13 | 01
#0949-d194 @A: 32 11 24 03 | 11
#0950-d194 @A: 30 11 32 22 | 08
#0951-d194 @A: 15 03 32 14 | 05
#0952-d194 @A: 30 32 35 18 | 07
#0953-d194 @A: 06 32 25 07 | 09
#0954-d194 @A: 11 04 24 08 | 04
#0955-d194 @A: 24 07 11 25 | 06
#0956-d194 @A: 11 15 14 35 | 03
#0957-d194 @A: 08 20 23 11 | 12
#0958-d194 @A: 31 19 21 15 | 02
#0959-d194 @A: 09 03 19 31 | 10
#0960-d194 @A: 19 31 35 18 | 01
#0961-d194 @A: 31 33 14 34 | 11
#0962-d194 @A: 17 28 31 33 | 08
#0963-d194 @A: 23 31 07 33 | 05
#0964-d194 @A: 16 29 23 31 | 07
#0965-d194 @A: 11 31 02 20 | 09
#0966-d194 @A: 27 34 31 07 | 04
#0967-d194 @A: 28 01 09 31 | 06
#0968-d194 @A: 31 32 09 14 | 03
#0969-d194 @A: 31 08 27 23 | 12
#0970-d194 @A: 31 12 17 22 | 02
#0971-d194 @A: 12 31 10 20 | 10
#0972-d194 @A: 28 04 10 31 | 01
#0973-d194 @A: 20 08 31 04 | 11
#0974-d194 @A: 33 19 13 06 | 08
#0975-d194 @A: 05 17 26 19 | 05
#0976-d194 @A: 03 19 26 30 | 07
#0977-d194 @A: 02 06 16 19 | 09
#0978-d194 @A: 20 29 19 02 | 04
#0979-d194 @A: 18 17 19 02 | 06
#0980-d194 @A: 27 13 21 19 | 03
#0981-d194 @A: 19 32 35 21 | 12
#0982-d194 @A: 01 18 19 34 | 02
#0983-d194 @A: 32 19 18 09 | 10
#0984-d194 @A: 35 20 09 19 | 01
#0985-d194 @A: 30 27 19 01 | 11
#0986-d194 @A: 11 19 27 06 | 08
#0987-d194 @A: 13 17 19 20 | 05
#0988-d194 @A: 08 01 32 19 | 07
#0989-d194 @A: 19 30 12 07 | 09
#0990-d194 @A: 20 19 32 10 | 04
#0991-d194 @A: 11 13 19 22 | 06
#0992-d194 @A: 08 19 14 13 | 03
#0993-d194 @A: 15 22 19 14 | 12
#0994-d194 @A: 19 08 06 35 | 02
#0995-d194 @A: 20 04 26 33 | 10
#0996-d194 @A: 34 33 18 16 | 01
#0997-d194 @A: 17 16 33 06 | 11
#0998-d194 @A: 35 33 11 16 | 08
#0999-d194 @A: 25 33 16 28 | 05
#1000-d194 @A: 30 16 04 33 | 07
#1001-d194 @A: 18 33 02 09 | 09
#1002-d194 @A: 01 33 02 17 | 04
#1003-d194 @A: 02 13 33 04 | 06
#1004-d194 @A: 35 21 33 17 | 03
#1005-d194 @A: 10 21 30 33 | 12
#1006-d194 @A: 33 21 11 05 | 02
#1007-d194 @A: 34 03 10 33 | 10
#1008-d194 @A: 13 20 09 33 | 01
#1009-d194 @A: 07 09 33 11 | 11
#1010-d194 @A: 17 33 20 05 | 08
#1011-d194 @A: 33 01 32 15 | 05
#1012-d194 @A: 01 33 03 20 | 07
#1013-d194 @A: 12 33 25 11 | 09
#1014-d194 @A: 30 24 33 12 | 04
#1015-d194 @A: 13 10 33 07 | 06
#1016-d194 @A: 11 32 33 25 | 03
#1017-d194 @A: 15 08 33 24 | 12
#1018-d194 @A: 18 23 33 08 | 02
#1019-d194 @A: 33 22 08 20 | 10
#1020-d194 @A: 33 14 22 23 | 01
#1021-d194 @A: 26 21 28 16 | 11
#1022-d194 @A: 21 26 13 15 | 08
#1023-d194 @A: 29 12 26 14 | 05
#1024-d194 @A: 29 32 26 06 | 07
#1025-d194 @A: 04 14 26 34 | 09
#1026-d194 @A: 26 23 13 01 | 04
#1027-d194 @A: 24 01 11 26 | 06
#1028-d194 @A: 12 08 26 15 | 03
#1029-d194 @A: 23 15 26 24 | 12
#1030-d194 @A: 24 16 13 02 | 02
#1031-d194 @A: 14 02 11 16 | 10
#1032-d194 @A: 17 16 34 24 | 01
#1033-d194 @A: 16 01 07 28 | 11
#1034-d194 @A: 06 16 03 35 | 08
#1035-d194 @A: 07 16 03 14 | 05
#1036-d194 @A: 22 16 25 08 | 07
#1037-d194 @A: 16 07 22 06 | 09
#1038-d194 @A: 16 20 07 23 | 04
#1039-d194 @A: 02 08 15 27 | 06
#1040-d194 @A: 17 02 05 23 | 03
#1041-d194 @A: 24 02 22 08 | 12
#1042-d194 @A: 02 30 35 15 | 02
#1043-d194 @A: 20 06 15 02 | 10
#1044-d194 @A: 05 02 14 06 | 01
#1045-d194 @A: 02 18 14 23 | 11
#1046-d194 @A: 07 08 02 03 | 08
#1047-d194 @A: 11 28 21 29 | 05
#1048-d194 @A: 07 29 21 25 | 07
#1049-d194 @A: 24 21 10 34 | 09
#1050-d194 @A: 21 13 04 17 | 04
#1051-d194 @A: 21 10 13 35 | 06
#1052-d194 @A: 12 24 34 29 | 03
#1053-d194 @A: 20 29 34 32 | 12
#1054-d194 @A: 29 15 01 03 | 02
#1055-d194 @A: 12 05 04 29 | 10
#1056-d194 @A: 24 11 29 10 | 01
#1057-d194 @A: 05 18 29 10 | 11
#1058-d194 @A: 28 29 14 30 | 08
#1059-d194 @A: 29 35 30 05 | 05
#1060-d194 @A: 03 29 05 20 | 07
#1061-d194 @A: 29 06 04 14 | 09
#1062-d194 @A: 22 25 29 30 | 04
#1063-d194 @A: 09 34 10 28 | 06
#1064-d194 @A: 27 20 34 10 | 03
#1065-d194 @A: 08 27 14 34 | 12
#1066-d194 @A: 12 17 34 15 | 02
#1067-d194 @A: 17 34 28 20 | 10
#1068-d194 @A: 24 08 05 34 | 01
#1069-d194 @A: 06 34 05 35 | 11
#1070-d194 @A: 18 34 05 07 | 08
#1071-d194 @A: 34 05 03 22 | 05
#1072-d194 @A: 20 30 34 06 | 07
#1073-d194 @A: 09 32 23 27 | 09
#1074-d194 @A: 24 09 11 17 | 04
#1075-d194 @A: 12 09 11 18 | 06
#1076-d194 @A: 09 03 10 32 | 03
#1077-d194 @A: 35 05 22 09 | 12
#1078-d194 @A: 09 35 23 08 | 02
#1079-d194 @A: 14 18 09 04 | 10
#1080-d194 @A: 09 04 08 07 | 01
#1081-d194 @A: 09 06 20 25 | 11
#1082-d194 @A: 27 01 12 23 | 08
#1083-d194 @A: 27 13 06 01 | 05
#1084-d194 @A: 10 27 35 12 | 07
#1085-d194 @A: 15 27 07 24 | 09
#1086-d194 @A: 30 27 06 35 | 04
#1087-d194 @A: 04 17 08 01 | 06
#1088-d194 @A: 17 04 11 25 | 03
#1089-d194 @A: 06 07 17 11 | 12
#1090-d194 @A: 15 28 17 05 | 02
#1091-d194 @A: 30 35 07 17 | 10
#1092-d194 @A: 01 13 12 28 | 01
#1093-d194 @A: 08 13 11 01 | 11
#1094-d194 @A: 05 23 01 24 | 08
#1095-d194 @A: 20 04 30 01 | 05
#1096-d194 @A: 14 12 22 32 | 07
#1097-d194 @A: 05 12 35 14 | 09
#1098-d194 @A: 23 25 12 03 | 04
#1099-d194 @A: 14 10 35 30 | 06
#1100-d194 @A: 23 24 13 30 | 03
#1101-d194 @A: 20 13 35 05 | 12
#1102-d194 @A: 03 13 35 07 | 02
#1103-d194 @A: 18 24 22 32 | 10
#1104-d194 @A: 06 32 24 23 | 01
#1105-d194 @A: 20 22 28 32 | 11
#1106-d194 @A: 03 32 35 08 | 08
#1107-d194 @A: 32 14 20 35 | 05
#1108-d194 @A: 11 35 30 24 | 07
#1109-d194 @A: 20 05 30 11 | 09
#1110-d194 @A: 23 03 11 04 | 04
#1111-d194 @A: 32 31 23 19 | 06
#1112-d194 @A: 31 25 19 15 | 03
#1113-d194 @A: 31 29 33 21 | 12
#1114-d194 @A: 05 33 31 09 | 02
#1115-d194 @A: 33 32 31 04 | 10
#1116-d194 @A: 21 03 26 31 | 01
#1117-d194 @A: 24 31 12 26 | 11
#1118-d194 @A: 11 26 31 18 | 08
#1119-d194 @A: 31 03 02 32 | 05
#1120-d194 @A: 06 02 31 28 | 07
#1121-d194 @A: 21 31 04 34 | 09
#1122-d194 @A: 23 21 31 05 | 04
#1123-d194 @A: 31 27 09 10 | 06
#1124-d194 @A: 03 31 27 12 | 03
#1125-d194 @A: 35 31 32 27 | 12
#1126-d194 @A: 27 11 31 25 | 02
#1127-d194 @A: 18 31 23 17 | 10
#1128-d194 @A: 13 31 14 06 | 01
#1129-d194 @A: 15 30 31 07 | 11
#1130-d194 @A: 28 22 25 31 | 08
#1131-d194 @A: 03 14 31 35 | 05
#1132-d194 @A: 25 20 07 31 | 07
#1133-d194 @A: 11 20 26 19 | 09
#1134-d194 @A: 02 05 19 30 | 04
#1135-d194 @A: 28 21 01 19 | 06
#1136-d194 @A: 01 19 14 29 | 03
#1137-d194 @A: 10 30 19 34 | 12
#1138-d194 @A: 19 32 34 06 | 02
#1139-d194 @A: 14 19 20 34 | 10
#1140-d194 @A: 19 10 07 17 | 01
#1141-d194 @A: 19 01 11 07 | 11
#1142-d194 @A: 19 08 28 24 | 08
#1143-d194 @A: 07 03 19 06 | 05
#1144-d194 @A: 16 33 12 26 | 07
#1145-d194 @A: 33 02 08 26 | 09
#1146-d194 @A: 33 21 14 26 | 04
#1147-d194 @A: 33 26 10 09 | 06
#1148-d194 @A: 11 33 26 32 | 03
#1149-d194 @A: 08 01 21 33 | 12
#1150-d194 @A: 13 29 17 33 | 02
#1151-d194 @A: 10 33 12 29 | 10
#1152-d194 @A: 07 15 33 29 | 01
#1153-d194 @A: 25 10 34 33 | 11
#1154-d194 @A: 09 35 27 33 | 08
#1155-d194 @A: 09 32 33 24 | 05
#1156-d194 @A: 11 33 18 17 | 07
#1157-d194 @A: 10 11 33 14 | 09
#1158-d194 @A: 18 33 24 05 | 04
#1159-d194 @A: 04 15 33 22 | 06
#1160-d194 @A: 33 35 22 30 | 03
#1161-d194 @A: 04 33 06 23 | 12
#1162-d194 @A: 26 01 30 21 | 02
#1163-d194 @A: 01 26 29 35 | 10
#1164-d194 @A: 01 03 07 26 | 01
#1165-d194 @A: 08 26 12 25 | 11
#1166-d194 @A: 26 25 28 11 | 08
#1167-d194 @A: 26 24 35 03 | 05
#1168-d194 @A: 28 26 20 18 | 07
#1169-d194 @A: 28 09 16 02 | 09
#1170-d194 @A: 02 12 23 16 | 04
#1171-d194 @A: 08 29 11 16 | 06
#1172-d194 @A: 16 14 25 34 | 03
#1173-d194 @A: 18 16 32 27 | 12
#1174-d194 @A: 16 17 20 32 | 02
#1175-d194 @A: 12 16 20 06 | 10
#1176-d194 @A: 13 22 16 10 | 01
#1177-d194 @A: 23 18 15 16 | 11
#1178-d194 @A: 18 16 08 20 | 08
#1179-d194 @A: 02 13 29 23 | 05
#1180-d194 @A: 34 23 15 02 | 07
#1181-d194 @A: 25 02 23 34 | 09
#1182-d194 @A: 01 02 28 32 | 04
#1183-d194 @A: 11 07 12 02 | 06
#1184-d194 @A: 02 20 28 35 | 03
#1185-d194 @A: 25 20 02 28 | 12
#1186-d194 @A: 04 07 25 02 | 02
#1187-d194 @A: 23 29 21 09 | 10
#1188-d194 @A: 21 06 34 09 | 01
#1189-d194 @A: 18 17 10 21 | 11
#1190-d194 @A: 10 20 21 22 | 08
#1191-d194 @A: 07 21 13 11 | 05
#1192-d194 @A: 04 21 11 18 | 07
#1193-d194 @A: 21 22 14 24 | 09
#1194-d194 @A: 06 07 20 21 | 04
#1195-d194 @A: 01 08 29 34 | 06
#1196-d194 @A: 13 29 34 22 | 03
#1197-d194 @A: 29 34 15 05 | 12
#1198-d194 @A: 29 18 17 09 | 02
#1199-d194 @A: 17 04 11 29 | 10
#1200-d194 @A: 29 25 01 32 | 01
#1201-d194 @A: 29 13 20 12 | 11
#1202-d194 @A: 22 03 29 24 | 08
#1203-d194 @A: 09 01 34 14 | 05
#1204-d194 @A: 34 30 22 24 | 07
#1205-d194 @A: 34 28 15 25 | 09
#1206-d194 @A: 18 15 34 08 | 04
#1207-d194 @A: 14 30 34 15 | 06
#1208-d194 @A: 17 09 15 13 | 03
#1209-d194 @A: 09 01 11 05 | 12
#1210-d194 @A: 24 10 09 07 | 02
#1211-d194 @A: 09 11 23 13 | 10
#1212-d194 @A: 24 08 20 09 | 01
#1213-d194 @A: 15 09 04 30 | 11
#1214-d194 @A: 28 09 14 35 | 08
#1215-d194 @A: 14 09 23 05 | 05
#1216-d194 @A: 09 08 03 18 | 07
#1217-d194 @A: 01 17 27 15 | 09
#1218-d194 @A: 04 01 10 27 | 04
#1219-d194 @A: 22 13 27 03 | 06
#1220-d194 @A: 20 27 11 07 | 03
#1221-d194 @A: 27 07 28 14 | 12
#1222-d194 @A: 23 27 04 14 | 02
#1223-d194 @A: 30 27 23 03 | 10
#1224-d194 @A: 28 17 30 13 | 01
#1225-d194 @A: 08 22 17 13 | 11
#1226-d194 @A: 28 17 23 04 | 08
#1227-d194 @A: 05 35 17 03 | 05
#1228-d194 @A: 17 03 25 18 | 07
#1229-d194 @A: 25 07 30 17 | 09
#1230-d194 @A: 17 30 06 23 | 04
#1231-d194 @A: 20 08 17 14 | 06
#1232-d194 @A: 24 28 10 01 | 03
#1233-d194 @A: 22 11 14 01 | 12
#1234-d194 @A: 01 04 28 15 | 02
#1235-d194 @A: 20 28 01 06 | 10
#1236-d194 @A: 01 28 23 14 | 01
#1237-d194 @A: 07 30 18 01 | 11
#1238-d194 @A: 01 18 20 22 | 08
#1239-d194 @A: 12 28 20 24 | 05
#1240-d194 @A: 25 28 05 12 | 07
#1241-d194 @A: 12 28 30 04 | 09
#1242-d194 @A: 35 23 12 30 | 04
#1243-d194 @A: 12 14 18 20 | 06
#1244-d194 @A: 03 12 23 20 | 03
#1245-d194 @A: 10 13 04 11 | 12
#1246-d194 @A: 10 23 03 24 | 02
#1247-d194 @A: 35 20 10 06 | 10
#1248-d194 @A: 10 07 18 25 | 01
#1249-d194 @A: 23 10 18 20 | 11
#1250-d194 @A: 10 08 22 30 | 08
#1251-d194 @A: 13 04 15 20 | 05
#1252-d194 @A: 13 08 23 15 | 07
#1253-d194 @A: 08 05 18 13 | 09
#1254-d194 @A: 13 23 07 05 | 04
#1255-d194 @A: 25 15 24 32 | 06
#1256-d194 @A: 03 28 07 32 | 03
#1257-d194 @A: 06 32 35 22 | 12
#1258-d194 @A: 32 04 08 23 | 02
#1259-d194 @A: 05 24 06 11 | 10
#1260-d194 @A: 03 20 11 35 | 01
#1261-d194 @A: 07 05 03 11 | 11
#1262-d194 @A: 08 22 11 18 | 08
#1263-d194 @A: 14 03 11 30 | 05
#1264-d194 @A: 24 28 30 25 | 07
#1265-d194 @A: 23 05 24 25 | 09
#1266-d194 @A: 06 25 23 15 | 04
#1267-d194 @A: 20 19 31 33 | 06
#1268-d194 @A: 19 30 29 31 | 03
#1269-d194 @A: 11 33 31 22 | 12
#1270-d194 @A: 06 27 31 26 | 02
#1271-d194 @A: 26 31 10 30 | 10
#1272-d194 @A: 29 08 02 31 | 01
#1273-d194 @A: 24 17 02 31 | 11
#1274-d194 @A: 02 23 10 31 | 08
#1275-d194 @A: 31 21 11 14 | 05
#1276-d194 @A: 31 21 28 30 | 07
#1277-d194 @A: 09 31 24 29 | 09
#1278-d194 @A: 12 29 15 31 | 04
#1279-d194 @A: 31 29 14 18 | 06
#1280-d194 @A: 28 31 12 34 | 03
#1281-d194 @A: 13 27 20 31 | 12
#1282-d194 @A: 04 23 13 31 | 02
#1283-d194 @A: 05 15 14 31 | 10
#1284-d194 @A: 28 03 31 23 | 01
#1285-d194 @A: 22 31 20 35 | 11
#1286-d194 @A: 07 31 14 08 | 08
#1287-d194 @A: 16 26 23 19 | 05
#1288-d194 @A: 19 09 15 26 | 07
#1289-d194 @A: 09 19 04 16 | 09
#1290-d194 @A: 19 16 17 35 | 04
#1291-d194 @A: 30 32 19 16 | 06
#1292-d194 @A: 15 02 13 19 | 03
#1293-d194 @A: 14 19 12 21 | 12
#1294-d194 @A: 19 15 29 10 | 02
#1295-d194 @A: 19 29 07 05 | 10
#1296-d194 @A: 13 03 34 19 | 01
#1297-d194 @A: 11 34 19 24 | 11
#1298-d194 @A: 19 07 23 09 | 08
#1299-d194 @A: 19 04 32 27 | 05
#1300-d194 @A: 01 25 19 30 | 07
#1301-d194 @A: 35 25 19 12 | 09
#1302-d194 @A: 19 04 11 15 | 04
#1303-d194 @A: 18 24 19 30 | 06
#1304-d194 @A: 19 08 15 05 | 03
#1305-d194 @A: 08 04 30 19 | 12
#1306-d194 @A: 14 06 19 23 | 02
#1307-d194 @A: 16 28 10 33 | 10
#1308-d194 @A: 33 32 16 08 | 01
#1309-d194 @A: 12 02 15 33 | 11
#1310-d194 @A: 33 24 13 21 | 08
#1311-d194 @A: 35 01 33 34 | 05
#1312-d194 @A: 12 33 23 17 | 07
#1313-d194 @A: 24 28 33 03 | 09
#1314-d194 @A: 20 33 15 30 | 04
#1315-d194 @A: 33 04 14 05 | 06
#1316-d194 @A: 30 05 08 33 | 03
#1317-d194 @A: 14 33 30 07 | 12
#1318-d194 @A: 07 22 03 33 | 02
#1319-d194 @A: 25 02 26 05 | 10
#1320-d194 @A: 27 26 21 20 | 01
#1321-d194 @A: 11 29 26 07 | 11
#1322-d194 @A: 29 18 26 24 | 08
#1323-d194 @A: 26 34 09 24 | 05
#1324-d194 @A: 01 27 26 34 | 07
#1325-d194 @A: 07 27 26 10 | 09
#1326-d194 @A: 10 01 12 26 | 04
#1327-d194 @A: 26 06 01 04 | 06
#1328-d194 @A: 32 12 26 28 | 03
#1329-d194 @A: 26 11 03 13 | 12
#1330-d194 @A: 26 20 25 32 | 02
#1331-d194 @A: 35 15 26 06 | 10
#1332-d194 @A: 20 26 35 07 | 01
#1333-d194 @A: 35 22 26 14 | 11
#1334-d194 @A: 23 26 22 04 | 08
#1335-d194 @A: 03 20 08 26 | 05
#1336-d194 @A: 34 06 16 13 | 07
#1337-d194 @A: 28 16 34 15 | 09
#1338-d194 @A: 17 13 12 16 | 04
#1339-d194 @A: 10 12 05 16 | 06
#1340-d194 @A: 16 12 15 11 | 03
#1341-d194 @A: 11 10 16 20 | 12
#1342-d194 @A: 30 16 13 11 | 02
#1343-d194 @A: 32 25 16 30 | 10
#1344-d194 @A: 28 24 16 22 | 01
#1345-d194 @A: 15 05 16 06 | 11
#1346-d194 @A: 35 23 28 16 | 08
#1347-d194 @A: 18 35 14 16 | 05
#1348-d194 @A: 16 30 23 05 | 07
#1349-d194 @A: 06 16 25 03 | 09
#1350-d194 @A: 02 34 29 28 | 04
#1351-d194 @A: 34 02 07 14 | 06
#1352-d194 @A: 02 09 04 17 | 03
#1353-d194 @A: 11 04 02 27 | 12
#1354-d194 @A: 17 35 14 02 | 02
#1355-d194 @A: 11 15 02 01 | 10
#1356-d194 @A: 18 20 13 02 | 01
#1357-d194 @A: 02 25 11 18 | 11
#1358-d194 @A: 08 02 20 05 | 08
#1359-d194 @A: 08 34 21 11 | 05
#1360-d194 @A: 12 21 09 22 | 07
#1361-d194 @A: 12 24 21 01 | 09
#1362-d194 @A: 24 03 07 21 | 04
#1363-d194 @A: 21 22 30 04 | 06
#1364-d194 @A: 09 29 03 34 | 03
#1365-d194 @A: 07 29 14 09 | 12
#1366-d194 @A: 29 09 25 06 | 02
#1367-d194 @A: 27 06 12 29 | 10
#1368-d194 @A: 10 32 29 04 | 01
#1369-d194 @A: 10 29 20 28 | 11
#1370-d194 @A: 10 29 25 03 | 08
#1371-d194 @A: 28 13 04 29 | 05
#1372-d194 @A: 25 18 20 29 | 07
#1373-d194 @A: 29 04 25 23 | 09
#1374-d194 @A: 09 32 34 35 | 04
#1375-d194 @A: 34 11 15 09 | 06
#1376-d194 @A: 07 06 34 15 | 03
#1377-d194 @A: 35 34 28 03 | 12
#1378-d194 @A: 08 23 34 06 | 02
#1379-d194 @A: 24 09 22 27 | 10
#1380-d194 @A: 03 17 09 01 | 01
#1381-d194 @A: 05 12 17 09 | 11
#1382-d194 @A: 13 01 09 24 | 08
#1383-d194 @A: 23 09 06 03 | 05
#1384-d194 @A: 32 27 17 28 | 07
#1385-d194 @A: 23 27 25 17 | 09
#1386-d194 @A: 24 12 27 11 | 04
#1387-d194 @A: 27 30 13 15 | 06
#1388-d194 @A: 18 35 27 08 | 03
#1389-d194 @A: 14 20 27 25 | 12
#1390-d194 @A: 01 17 18 13 | 02
#1391-d194 @A: 23 17 13 32 | 10
#1392-d194 @A: 28 35 17 06 | 01
#1393-d194 @A: 17 18 06 04 | 11
#1394-d194 @A: 03 04 30 17 | 08
#1395-d194 @A: 12 01 35 18 | 05
#1396-d194 @A: 32 01 22 05 | 07
#1397-d194 @A: 01 07 15 23 | 09
#1398-d194 @A: 35 01 23 22 | 04
#1399-d194 @A: 18 01 14 03 | 06
#1400-d194 @A: 03 12 22 18 | 03
#1401-d194 @A: 23 07 12 04 | 12
#1402-d194 @A: 22 20 07 12 | 02
#1403-d194 @A: 06 10 23 07 | 10
#1404-d194 @A: 32 20 07 13 | 01
#1405-d194 @A: 13 24 07 18 | 11
#1406-d194 @A: 13 30 05 03 | 08
#1407-d194 @A: 20 03 30 32 | 05
#1408-d194 @A: 23 32 25 22 | 07
#1409-d194 @A: 15 18 11 30 | 09
#1410-d194 @A: 35 04 11 22 | 04
#1411-d194 @A: 06 30 04 11 | 06
#1412-d194 @A: 06 30 11 25 | 03
#1413-d194 @A: 25 07 35 28 | 12
#1414-d194 @A: 25 22 35 07 | 02
#1415-d194 @A: 30 31 06 33 | 10
#1416-d194 @A: 25 31 03 26 | 01
#1417-d194 @A: 16 31 02 04 | 11
#1418-d194 @A: 30 18 16 31 | 08
#1419-d194 @A: 12 21 18 31 | 05
#1420-d194 @A: 21 35 31 08 | 07
#1421-d194 @A: 29 06 34 31 | 09
#1422-d194 @A: 25 31 05 29 | 04
#1423-d194 @A: 01 31 07 17 | 06
#1424-d194 @A: 31 32 15 17 | 03
#1425-d194 @A: 31 01 06 08 | 12
#1426-d194 @A: 32 10 25 31 | 02
#1427-d194 @A: 31 20 32 24 | 10
#1428-d194 @A: 24 22 31 05 | 01
#1429-d194 @A: 18 24 04 31 | 11
#1430-d194 @A: 31 28 05 18 | 08
#1431-d194 @A: 35 31 05 07 | 05
#1432-d194 @A: 05 31 08 03 | 07
#1433-d194 @A: 31 07 04 03 | 09
#1434-d194 @A: 23 31 30 20 | 04
#1435-d194 @A: 19 17 33 08 | 06
#1436-d194 @A: 09 19 21 24 | 03
#1437-d194 @A: 29 25 17 19 | 12
#1438-d194 @A: 28 19 17 09 | 02
#1439-d194 @A: 22 19 12 10 | 10
#1440-d194 @A: 19 32 12 03 | 01
#1441-d194 @A: 35 23 24 19 | 11
#1442-d194 @A: 04 24 19 06 | 08
#1443-d194 @A: 06 34 33 26 | 05
#1444-d194 @A: 16 02 33 22 | 07
#1445-d194 @A: 02 30 33 34 | 09
#1446-d194 @A: 01 33 29 28 | 04
#1447-d194 @A: 32 05 34 33 | 06
#1448-d194 @A: 28 09 12 33 | 03
#1449-d194 @A: 10 27 08 33 | 12
#1450-d194 @A: 14 33 01 12 | 02
#1451-d194 @A: 01 11 33 04 | 10
#1452-d194 @A: 33 35 12 13 | 01
#1453-d194 @A: 32 33 12 20 | 11
#1454-d194 @A: 13 11 15 33 | 08
#1455-d194 @A: 22 17 26 16 | 05
#1456-d194 @A: 13 07 26 02 | 07
#1457-d194 @A: 26 04 27 09 | 09
#1458-d194 @A: 26 07 09 22 | 04
#1459-d194 @A: 26 14 11 17 | 06
#1460-d194 @A: 26 05 35 11 | 03
#1461-d194 @A: 04 30 26 24 | 12
#1462-d194 @A: 22 24 20 26 | 02
#1463-d194 @A: 25 15 26 35 | 10
#1464-d194 @A: 07 28 26 04 | 01
#1465-d194 @A: 22 05 26 08 | 11
#1466-d194 @A: 26 14 20 05 | 08
#1467-d194 @A: 18 03 26 23 | 05
#1468-d194 @A: 25 14 30 26 | 07
#1469-d194 @A: 06 23 20 26 | 09
#1470-d194 @A: 01 16 08 02 | 04
#1471-d194 @A: 15 09 16 21 | 06
#1472-d194 @A: 16 21 05 17 | 03
#1473-d194 @A: 16 13 21 08 | 12
#1474-d194 @A: 32 16 14 21 | 02
#1475-d194 @A: 35 34 16 29 | 10
#1476-d194 @A: 16 01 03 34 | 01
#1477-d194 @A: 09 16 25 12 | 11
#1478-d194 @A: 13 23 27 16 | 08
#1479-d194 @A: 13 15 01 16 | 05
#1480-d194 @A: 16 07 05 04 | 07
#1481-d194 @A: 29 02 09 06 | 09
#1482-d194 @A: 24 02 35 09 | 04
#1483-d194 @A: 22 25 02 01 | 06
#1484-d194 @A: 02 12 25 13 | 03
#1485-d194 @A: 30 02 13 10 | 12
#1486-d194 @A: 02 32 06 10 | 02
#1487-d194 @A: 28 02 05 13 | 10
#1488-d194 @A: 03 18 02 11 | 01
#1489-d194 @A: 15 05 03 02 | 11
#1490-d194 @A: 07 04 15 02 | 08
#1491-d194 @A: 02 18 28 08 | 05
#1492-d194 @A: 30 22 02 18 | 07
#1493-d194 @A: 28 21 34 32 | 09
#1494-d194 @A: 23 21 28 27 | 04
#1495-d194 @A: 27 21 07 04 | 06
#1496-d194 @A: 08 10 32 21 | 03
#1497-d194 @A: 11 10 25 21 | 12
#1498-d194 @A: 21 20 15 14 | 02
#1499-d194 @A: 21 28 08 03 | 10
#1500-d194 @A: 15 23 29 28 | 01
#1501-d194 @A: 15 06 29 22 | 11
#1502-d194 @A: 22 29 18 07 | 08
#1503-d194 @A: 29 04 22 20 | 05
#1504-d194 @A: 25 13 34 17 | 07
#1505-d194 @A: 04 34 35 17 | 09
#1506-d194 @A: 34 12 11 04 | 04
#1507-d194 @A: 34 13 32 24 | 06
#1508-d194 @A: 34 25 08 11 | 03
#1509-d194 @A: 18 34 22 14 | 12
#1510-d194 @A: 03 34 23 14 | 02
#1511-d194 @A: 17 09 25 10 | 10
#1512-d194 @A: 17 09 32 22 | 01
#1513-d194 @A: 09 12 04 32 | 11
#1514-d194 @A: 09 08 30 11 | 08
#1515-d194 @A: 03 09 35 30 | 05
#1516-d194 @A: 20 09 18 05 | 07
#1517-d194 @A: 18 30 06 09 | 09
#1518-d194 @A: 01 27 18 28 | 04
#1519-d194 @A: 25 12 27 30 | 06
#1520-d194 @A: 27 10 32 22 | 03
#1521-d194 @A: 08 32 13 27 | 12
#1522-d194 @A: 06 07 32 27 | 02
#1523-d194 @A: 24 27 35 05 | 10
#1524-d194 @A: 15 20 35 27 | 01
#1525-d194 @A: 22 27 23 15 | 11
#1526-d194 @A: 23 27 35 07 | 08
#1527-d194 @A: 24 12 17 35 | 05
#1528-d194 @A: 13 03 10 17 | 07
#1529-d194 @A: 06 08 17 05 | 09
#1530-d194 @A: 11 01 30 10 | 04
#1531-d194 @A: 08 15 01 14 | 06
#1532-d194 @A: 06 14 01 35 | 03
#1533-d194 @A: 11 12 10 32 | 12
#1534-d194 @A: 25 12 04 10 | 02
#1535-d194 @A: 12 25 15 18 | 10
#1536-d194 @A: 04 08 18 12 | 01
#1537-d194 @A: 06 12 08 22 | 11
#1538-d194 @A: 30 10 15 05 | 08
#1539-d194 @A: 10 30 03 07 | 05
#1540-d194 @A: 13 18 32 25 | 07
#1541-d194 @A: 20 24 11 13 | 09
#1542-d194 @A: 23 25 13 35 | 04
#1543-d194 @A: 30 13 14 18 | 06
#1544-d194 @A: 24 07 32 30 | 03
#1545-d194 @A: 15 35 07 32 | 12
#1546-d194 @A: 08 18 32 07 | 02
#1547-d194 @A: 32 20 06 08 | 10
#1548-d194 @A: 05 28 11 04 | 01
#1549-d194 @A: 35 08 11 07 | 11
#1550-d194 @A: 20 22 06 11 | 08
#1551-d194 @A: 15 25 04 22 | 05
#1552-d194 @A: 15 14 07 25 | 07
#1553-d194 @A: 34 31 02 19 | 09
#1554-d194 @A: 28 31 07 19 | 04
#1555-d194 @A: 33 31 24 10 | 06
#1556-d194 @A: 31 23 25 33 | 03
#1557-d194 @A: 01 25 16 31 | 12
#1558-d194 @A: 14 25 02 31 | 02
#1559-d194 @A: 30 31 17 09 | 10
#1560-d194 @A: 09 23 12 31 | 01
#1561-d194 @A: 08 31 09 13 | 11
#1562-d194 @A: 31 03 10 01 | 08
#1563-d194 @A: 31 13 12 07 | 05
#1564-d194 @A: 31 32 06 12 | 07
#1565-d194 @A: 10 18 08 31 | 09
#1566-d194 @A: 31 15 24 11 | 04
#1567-d194 @A: 05 31 20 06 | 06
#1568-d194 @A: 06 03 18 31 | 03
#1569-d194 @A: 19 28 34 33 | 12
#1570-d194 @A: 09 19 33 30 | 02
#1571-d194 @A: 19 04 33 10 | 10
#1572-d194 @A: 12 02 24 19 | 01
#1573-d194 @A: 23 19 02 08 | 11
#1574-d194 @A: 10 19 23 21 | 08
#1575-d194 @A: 34 19 04 25 | 05
#1576-d194 @A: 12 01 15 19 | 07
#1577-d194 @A: 28 23 19 13 | 09
#1578-d194 @A: 22 19 25 11 | 04
#1579-d194 @A: 19 20 22 05 | 06
#1580-d194 @A: 03 22 19 08 | 03
#1581-d194 @A: 23 27 26 33 | 12
#1582-d194 @A: 26 01 33 22 | 02
#1583-d194 @A: 20 33 02 10 | 10
#1584-d194 @A: 18 33 21 27 | 01
#1585-d194 @A: 27 33 22 29 | 11
#1586-d194 @A: 04 33 24 29 | 08
#1587-d194 @A: 34 13 33 08 | 05
#1588-d194 @A: 30 17 32 33 | 07
#1589-d194 @A: 33 12 05 03 | 09
#1590-d194 @A: 33 35 32 10 | 04
#1591-d194 @A: 33 06 28 15 | 06
#1592-d194 @A: 04 07 33 35 | 03
#1593-d194 @A: 25 33 18 06 | 12
#1594-d194 @A: 26 16 35 10 | 02
#1595-d194 @A: 16 04 26 11 | 10
#1596-d194 @A: 03 27 02 26 | 01
#1597-d194 @A: 02 06 11 26 | 11
#1598-d194 @A: 26 29 27 25 | 08
#1599-d194 @A: 13 26 34 28 | 05
#1600-d194 @A: 01 26 08 09 | 07
#1601-d194 @A: 11 26 09 28 | 09
#1602-d194 @A: 17 26 30 27 | 04
#1603-d194 @A: 17 10 20 26 | 06
#1604-d194 @A: 11 12 26 23 | 03
#1605-d194 @A: 13 26 14 32 | 12
#1606-d194 @A: 04 15 05 26 | 02
#1607-d194 @A: 28 26 23 05 | 10
#1608-d194 @A: 26 04 18 35 | 01
#1609-d194 @A: 27 16 02 35 | 11
#1610-d194 @A: 27 21 22 16 | 08
#1611-d194 @A: 16 22 32 29 | 05
#1612-d194 @A: 16 20 29 14 | 07
#1613-d194 @A: 34 27 04 16 | 09
#1614-d194 @A: 16 11 32 09 | 04
#1615-d194 @A: 16 09 18 24 | 06
#1616-d194 @A: 16 01 14 27 | 03
#1617-d194 @A: 08 16 12 27 | 12
#1618-d194 @A: 11 27 16 28 | 02
#1619-d194 @A: 12 16 18 07 | 10
#1620-d194 @A: 04 03 12 16 | 01
#1621-d194 @A: 06 16 30 24 | 11
#1622-d194 @A: 16 14 28 05 | 08
#1623-d194 @A: 04 16 20 28 | 05
#1624-d194 @A: 20 30 16 35 | 07
#1625-d194 @A: 24 30 02 21 | 09
#1626-d194 @A: 02 29 27 30 | 04
#1627-d194 @A: 07 29 17 02 | 06
#1628-d194 @A: 34 02 27 13 | 03
#1629-d194 @A: 02 09 03 13 | 12
#1630-d194 @A: 01 12 02 05 | 02
#1631-d194 @A: 02 35 01 07 | 10
#1632-d194 @A: 32 04 02 18 | 01
#1633-d194 @A: 05 35 02 18 | 11
#1634-d194 @A: 34 01 07 21 | 08
#1635-d194 @A: 20 21 34 13 | 05
#1636-d194 @A: 21 30 35 34 | 07
#1637-d194 @A: 12 15 27 21 | 09
#1638-d194 @A: 21 32 27 11 | 04
#1639-d194 @A: 32 17 07 21 | 06
#1640-d194 @A: 20 12 25 21 | 03
#1641-d194 @A: 32 13 18 21 | 12
#1642-d194 @A: 15 21 32 04 | 02
#1643-d194 @A: 21 18 05 22 | 10
#1644-d194 @A: 04 21 08 05 | 01
#1645-d194 @A: 21 18 08 14 | 11
#1646-d194 @A: 15 29 09 32 | 08
#1647-d194 @A: 29 17 12 28 | 05
#1648-d194 @A: 11 12 29 22 | 07
#1649-d194 @A: 30 24 29 15 | 09
#1650-d194 @A: 06 34 25 27 | 04
#1651-d194 @A: 34 10 23 13 | 06
#1652-d194 @A: 34 24 04 07 | 03
#1653-d194 @A: 25 34 35 05 | 12
#1654-d194 @A: 24 09 12 06 | 02
#1655-d194 @A: 09 22 13 04 | 10
#1656-d194 @A: 25 04 09 24 | 01
#1657-d194 @A: 09 15 03 22 | 11
#1658-d194 @A: 27 12 14 17 | 08
#1659-d194 @A: 22 17 11 27 | 05
#1660-d194 @A: 05 27 12 32 | 07
#1661-d194 @A: 27 08 06 28 | 09
#1662-d194 @A: 22 04 08 27 | 04
#1663-d194 @A: 27 04 20 06 | 06
#1664-d194 @A: 22 20 27 14 | 03
#1665-d194 @A: 01 06 12 17 | 12
#1666-d194 @A: 25 06 17 12 | 02
#1667-d194 @A: 28 11 10 17 | 10
#1668-d194 @A: 24 17 23 07 | 01
#1669-d194 @A: 07 03 15 17 | 11
#1670-d194 @A: 23 17 20 35 | 08
#1671-d194 @A: 20 24 01 35 | 05
#1672-d194 @A: 04 24 01 14 | 07
#1673-d194 @A: 14 05 01 30 | 09
#1674-d194 @A: 22 01 06 03 | 04
#1675-d194 @A: 12 24 14 03 | 06
#1676-d194 @A: 24 12 07 08 | 03
#1677-d194 @A: 10 06 14 15 | 12
#1678-d194 @A: 20 15 10 25 | 02
#1679-d194 @A: 05 25 08 10 | 10
#1680-d194 @A: 05 10 20 07 | 01
#1681-d194 @A: 04 25 13 28 | 11
#1682-d194 @A: 13 05 25 20 | 08
#1683-d194 @A: 13 07 06 04 | 05
#1684-d194 @A: 15 05 32 18 | 07
#1685-d194 @A: 08 22 32 15 | 09
#1686-d194 @A: 22 32 23 07 | 04
#1687-d194 @A: 15 11 03 25 | 06
#1688-d194 @A: 25 24 18 14 | 03
#1689-d194 @A: 24 08 25 23 | 12
