#0001-d119 @A: 20 08 31 04 | 12
#0002-d119 @A: 20 35 14 04 | 06
#0003-d119 @A: 09 02 19 20 | 02
#0004-d119 @A: 05 23 19 20 | 04
#0005-d119 @A: 25 31 20 01 | 08
#0006-d119 @A: 28 12 03 20 | 01
#0007-d119 @A: 30 16 03 20 | 07
#0008-d119 @A: 21 20 18 08 | 10
#0009-d119 @A: 08 29 20 32 | 09
#0010-d119 @A: 20 07 13 08 | 03
#0011-d119 @A: 26 20 12 21 | 05
#0012-d119 @A: 09 31 34 20 | 11
#0013-d119 @A: 06 20 24 18 | 12
#0014-d119 @A: 07 20 23 02 | 06
#0015-d119 @A: 35 23 20 13 | 02
#0016-d119 @A: 28 35 20 15 | 04
#0017-d119 @A: 35 27 07 20 | 08
#0018-d119 @A: 34 35 11 20 | 01
#0019-d119 @A: 35 17 20 29 | 07
#0020-d119 @A: 13 17 01 20 | 10
#0021-d119 @A: 35 19 03 04 | 09
#0022-d119 @A: 04 16 07 19 | 03
#0023-d119 @A: 17 11 04 25 | 05
#0024-d119 @A: 03 05 04 13 | 11
#0025-d119 @A: 30 11 08 04 | 12
#0026-d119 @A: 29 24 31 04 | 06
#0027-d119 @A: 04 02 09 11 | 02
#0028-d119 @A: 06 09 21 04 | 04
#0029-d119 @A: 33 13 09 04 | 08
#0030-d119 @A: 07 04 35 18 | 01
#0031-d119 @A: 05 34 11 04 | 07
#0032-d119 @A: 33 04 01 06 | 10
#0033-d119 @A: 34 35 29 04 | 09
#0034-d119 @A: 04 22 24 34 | 03
#0035-d119 @A: 11 26 19 25 | 05
#0036-d119 @A: 28 03 08 19 | 11
#0037-d119 @A: 30 34 08 19 | 12
#0038-d119 @A: 05 19 27 14 | 06
#0039-d119 @A: 09 31 19 21 | 02
#0040-d119 @A: 10 30 19 31 | 04
#0041-d119 @A: 06 19 23 09 | 08
#0042-d119 @A: 27 02 19 32 | 01
#0043-d119 @A: 34 19 02 21 | 07
#0044-d119 @A: 30 05 19 17 | 10
#0045-d119 @A: 32 19 24 06 | 09
#0046-d119 @A: 34 13 29 19 | 03
#0047-d119 @A: 23 19 07 34 | 05
#0048-d119 @A: 25 09 21 03 | 11
#0049-d119 @A: 30 09 26 25 | 12
#0050-d119 @A: 10 26 25 07 | 06
#0051-d119 @A: 06 25 30 31 | 02
#0052-d119 @A: 09 11 18 25 | 04
#0053-d119 @A: 23 25 06 21 | 08
#0054-d119 @A: 22 17 25 21 | 01
#0055-d119 @A: 07 35 22 25 | 07
#0056-d119 @A: 22 29 34 25 | 10
#0057-d119 @A: 25 23 30 28 | 09
#0058-d119 @A: 25 17 23 29 | 03
#0059-d119 @A: 03 10 35 08 | 05
#0060-d119 @A: 03 26 16 15 | 11
#0061-d119 @A: 03 28 26 10 | 12
#0062-d119 @A: 09 03 10 15 | 06
#0063-d119 @A: 03 15 32 02 | 02
#0064-d119 @A: 05 03 21 10 | 04
#0065-d119 @A: 21 13 03 28 | 08
#0066-d119 @A: 03 30 29 21 | 01
#0067-d119 @A: 23 03 21 17 | 07
#0068-d119 @A: 35 22 03 27 | 10
#0069-d119 @A: 07 03 17 22 | 09
#0070-d119 @A: 08 26 35 14 | 03
#0071-d119 @A: 06 08 14 34 | 05
#0072-d119 @A: 31 09 16 08 | 11
#0073-d119 @A: 30 08 12 09 | 12
#0074-d119 @A: 10 34 08 12 | 06
#0075-d119 @A: 10 23 08 18 | 02
#0076-d119 @A: 30 18 01 08 | 04
#0077-d119 @A: 10 05 22 08 | 08
#0078-d119 @A: 16 08 06 11 | 01
#0079-d119 @A: 16 30 08 13 | 07
#0080-d119 @A: 14 12 26 01 | 10
#0081-d119 @A: 07 31 14 12 | 09
#0082-d119 @A: 31 34 14 02 | 03
#0083-d119 @A: 16 14 31 29 | 05
#0084-d119 @A: 14 33 02 12 | 11
#0085-d119 @A: 29 12 14 10 | 12
#0086-d119 @A: 10 32 14 09 | 06
#0087-d119 @A: 09 22 24 14 | 02
#0088-d119 @A: 21 05 02 14 | 04
#0089-d119 @A: 05 13 06 14 | 08
#0090-d119 @A: 33 06 14 32 | 01
#0091-d119 @A: 22 15 14 33 | 07
#0092-d119 @A: 07 14 11 24 | 10
#0093-d119 @A: 17 12 26 31 | 09
#0094-d119 @A: 09 18 26 22 | 03
#0095-d119 @A: 09 06 17 26 | 05
#0096-d119 @A: 24 10 26 09 | 11
#0097-d119 @A: 06 18 26 07 | 12
#0098-d119 @A: 28 11 26 02 | 06
#0099-d119 @A: 26 16 29 05 | 02
#0100-d119 @A: 26 05 10 01 | 04
#0101-d119 @A: 28 26 11 33 | 08
#0102-d119 @A: 31 18 07 09 | 01
#0103-d119 @A: 31 13 02 32 | 07
#0104-d119 @A: 15 07 21 31 | 10
#0105-d119 @A: 33 35 13 31 | 09
#0106-d119 @A: 15 28 31 24 | 03
#0107-d119 @A: 07 01 23 31 | 05
#0108-d119 @A: 18 12 29 09 | 11
#0109-d119 @A: 28 09 12 21 | 12
#0110-d119 @A: 10 05 12 27 | 06
#0111-d119 @A: 12 06 16 24 | 02
#0112-d119 @A: 12 32 01 33 | 04
#0113-d119 @A: 12 29 30 15 | 08
#0114-d119 @A: 09 15 35 27 | 01
#0115-d119 @A: 17 07 09 35 | 07
#0116-d119 @A: 09 24 01 27 | 10
#0117-d119 @A: 22 21 05 18 | 09
#0118-d119 @A: 21 18 11 30 | 03
#0119-d119 @A: 21 17 18 15 | 05
#0120-d119 @A: 29 01 22 18 | 11
#0121-d119 @A: 17 23 18 01 | 12
#0122-d119 @A: 06 02 11 32 | 06
#0123-d119 @A: 35 02 34 01 | 02
#0124-d119 @A: 23 22 30 02 | 04
#0125-d119 @A: 02 24 17 15 | 08
#0126-d119 @A: 11 23 01 02 | 01
#0127-d119 @A: 29 13 21 05 | 07
#0128-d119 @A: 13 05 23 22 | 10
#0129-d119 @A: 05 11 27 13 | 09
#0130-d119 @A: 17 05 15 28 | 03
#0131-d119 @A: 07 28 06 21 | 05
#0132-d119 @A: 06 27 22 23 | 11
#0133-d119 @A: 17 34 11 06 | 12
#0134-d119 @A: 16 21 07 23 | 06
#0135-d119 @A: 13 16 28 07 | 02
#0136-d119 @A: 10 32 34 27 | 04
#0137-d119 @A: 32 11 28 10 | 08
#0138-d119 @A: 35 34 10 22 | 01
#0139-d119 @A: 33 27 10 17 | 07
#0140-d119 @A: 28 21 32 01 | 10
#0141-d119 @A: 32 22 23 34 | 09
#0142-d119 @A: 23 28 32 15 | 03
#0143-d119 @A: 15 34 01 32 | 05
#0144-d119 @A: 17 27 32 01 | 11
#0145-d119 @A: 11 17 33 22 | 12
#0146-d119 @A: 30 04 05 20 | 06
#0147-d119 @A: 20 04 34 13 | 02
#0148-d119 @A: 01 19 20 34 | 04
#0149-d119 @A: 25 20 28 16 | 08
#0150-d119 @A: 03 20 27 08 | 01
#0151-d119 @A: 31 14 20 27 | 07
#0152-d119 @A: 18 14 07 20 | 10
#0153-d119 @A: 20 23 22 14 | 09
#0154-d119 @A: 13 20 05 31 | 03
#0155-d119 @A: 30 20 31 11 | 05
#0156-d119 @A: 12 20 22 07 | 11
#0157-d119 @A: 27 05 20 02 | 12
#0158-d119 @A: 20 21 35 32 | 06
#0159-d119 @A: 20 29 34 15 | 02
#0160-d119 @A: 29 11 20 01 | 04
#0161-d119 @A: 04 22 25 31 | 08
#0162-d119 @A: 07 04 08 03 | 01
#0163-d119 @A: 06 08 04 12 | 07
#0164-d119 @A: 14 04 11 32 | 10
#0165-d119 @A: 21 14 33 04 | 09
#0166-d119 @A: 26 04 18 17 | 03
#0167-d119 @A: 04 02 31 15 | 05
#0168-d119 @A: 31 21 32 04 | 11
#0169-d119 @A: 24 12 04 32 | 12
#0170-d119 @A: 16 04 29 18 | 06
#0171-d119 @A: 02 01 04 17 | 02
#0172-d119 @A: 13 01 16 04 | 04
#0173-d119 @A: 04 35 10 21 | 08
#0174-d119 @A: 33 28 32 04 | 01
#0175-d119 @A: 35 04 30 23 | 07
#0176-d119 @A: 15 34 04 27 | 10
#0177-d119 @A: 19 25 08 23 | 09
#0178-d119 @A: 25 19 29 27 | 03
#0179-d119 @A: 19 03 13 06 | 05
#0180-d119 @A: 19 03 24 16 | 11
#0181-d119 @A: 26 19 32 17 | 12
#0182-d119 @A: 16 31 19 23 | 06
#0183-d119 @A: 19 12 35 01 | 02
#0184-d119 @A: 32 23 13 19 | 04
#0185-d119 @A: 11 25 03 35 | 08
#0186-d119 @A: 08 14 22 25 | 01
#0187-d119 @A: 35 09 25 10 | 07
#0188-d119 @A: 25 34 05 18 | 10
#0189-d119 @A: 21 16 25 18 | 09
#0190-d119 @A: 25 21 32 02 | 03
#0191-d119 @A: 15 25 05 16 | 05
#0192-d119 @A: 29 05 25 11 | 11
#0193-d119 @A: 32 16 17 25 | 12
#0194-d119 @A: 24 22 28 25 | 06
#0195-d119 @A: 07 28 15 25 | 02
#0196-d119 @A: 11 25 07 34 | 04
#0197-d119 @A: 34 23 01 25 | 08
#0198-d119 @A: 08 14 29 03 | 01
#0199-d119 @A: 14 12 35 03 | 07
#0200-d119 @A: 11 26 05 03 | 10
#0201-d119 @A: 34 12 03 18 | 09
#0202-d119 @A: 24 02 03 09 | 03
#0203-d119 @A: 03 15 13 18 | 05
#0204-d119 @A: 03 11 33 10 | 11
#0205-d119 @A: 21 07 11 03 | 12
#0206-d119 @A: 30 03 27 34 | 06
#0207-d119 @A: 01 03 15 33 | 02
#0208-d119 @A: 08 11 21 14 | 04
#0209-d119 @A: 12 07 08 26 | 08
#0210-d119 @A: 05 08 15 26 | 01
#0211-d119 @A: 31 08 27 06 | 07
#0212-d119 @A: 11 05 08 12 | 10
#0213-d119 @A: 08 12 35 33 | 09
#0214-d119 @A: 23 35 09 08 | 03
#0215-d119 @A: 02 22 08 34 | 05
#0216-d119 @A: 08 01 02 07 | 11
#0217-d119 @A: 24 08 30 07 | 12
#0218-d119 @A: 17 29 27 08 | 06
#0219-d119 @A: 18 23 12 14 | 02
#0220-d119 @A: 14 18 10 34 | 04
#0221-d119 @A: 07 14 30 16 | 08
#0222-d119 @A: 13 22 14 34 | 01
#0223-d119 @A: 14 01 27 22 | 07
#0224-d119 @A: 10 29 26 31 | 10
#0225-d119 @A: 22 27 26 12 | 09
#0226-d119 @A: 32 35 09 26 | 03
#0227-d119 @A: 30 26 05 27 | 05
#0228-d119 @A: 15 26 30 06 | 11
#0229-d119 @A: 28 24 30 26 | 12
#0230-d119 @A: 05 06 15 31 | 06
#0231-d119 @A: 31 05 27 32 | 02
#0232-d119 @A: 32 07 31 17 | 04
#0233-d119 @A: 17 31 35 27 | 08
#0234-d119 @A: 31 23 27 13 | 01
#0235-d119 @A: 28 31 17 30 | 07
#0236-d119 @A: 12 18 22 06 | 10
#0237-d119 @A: 02 12 10 11 | 09
#0238-d119 @A: 22 02 12 35 | 03
#0239-d119 @A: 17 06 10 12 | 05
#0240-d119 @A: 33 16 12 11 | 11
#0241-d119 @A: 30 12 24 01 | 12
#0242-d119 @A: 18 15 30 09 | 06
#0243-d119 @A: 32 21 09 05 | 02
#0244-d119 @A: 06 28 09 10 | 04
#0245-d119 @A: 11 09 07 22 | 08
#0246-d119 @A: 15 09 07 01 | 01
#0247-d119 @A: 07 29 18 21 | 07
#0248-d119 @A: 13 01 27 18 | 10
#0249-d119 @A: 34 18 27 29 | 09
#0250-d119 @A: 06 02 13 21 | 03
#0251-d119 @A: 28 02 32 24 | 05
#0252-d119 @A: 27 02 15 30 | 11
#0253-d119 @A: 24 30 02 11 | 12
#0254-d119 @A: 05 06 33 27 | 06
#0255-d119 @A: 35 16 10 05 | 02
#0256-d119 @A: 01 06 32 22 | 04
#0257-d119 @A: 29 06 21 11 | 08
#0258-d119 @A: 21 06 33 28 | 01
#0259-d119 @A: 35 06 23 29 | 07
#0260-d119 @A: 06 07 11 13 | 10
#0261-d119 @A: 30 06 29 34 | 09
#0262-d119 @A: 22 29 30 16 | 03
#0263-d119 @A: 22 33 01 16 | 05
#0264-d119 @A: 07 29 17 16 | 11
#0265-d119 @A: 07 01 10 21 | 12
#0266-d119 @A: 10 13 29 28 | 06
#0267-d119 @A: 22 28 07 10 | 02
#0268-d119 @A: 23 34 15 10 | 04
#0269-d119 @A: 24 11 27 10 | 08
#0270-d119 @A: 32 07 21 30 | 01
#0271-d119 @A: 28 35 34 32 | 07
#0272-d119 @A: 22 32 28 27 | 10
#0273-d119 @A: 30 15 32 24 | 09
#0274-d119 @A: 07 28 29 32 | 03
#0275-d119 @A: 33 28 34 22 | 05
#0276-d119 @A: 23 15 11 33 | 11
#0277-d119 @A: 26 20 11 04 | 12
#0278-d119 @A: 20 28 02 04 | 06
#0279-d119 @A: 20 04 33 35 | 02
#0280-d119 @A: 26 14 19 20 | 04
#0281-d119 @A: 18 19 13 20 | 08
#0282-d119 @A: 20 19 27 10 | 01
#0283-d119 @A: 13 26 25 20 | 07
#0284-d119 @A: 25 07 20 09 | 10
#0285-d119 @A: 25 21 20 05 | 09
#0286-d119 @A: 20 06 14 03 | 03
#0287-d119 @A: 03 32 07 20 | 05
#0288-d119 @A: 05 15 14 20 | 11
#0289-d119 @A: 20 14 30 01 | 12
#0290-d119 @A: 20 29 18 26 | 06
#0291-d119 @A: 02 35 31 20 | 02
#0292-d119 @A: 31 06 20 22 | 04
#0293-d119 @A: 09 33 32 20 | 08
#0294-d119 @A: 20 33 07 16 | 01
#0295-d119 @A: 20 27 21 15 | 07
#0296-d119 @A: 07 21 34 20 | 10
#0297-d119 @A: 35 22 20 01 | 09
#0298-d119 @A: 34 17 27 20 | 03
#0299-d119 @A: 17 11 20 28 | 05
#0300-d119 @A: 19 04 26 22 | 11
#0301-d119 @A: 13 19 31 04 | 12
#0302-d119 @A: 19 04 23 18 | 06
#0303-d119 @A: 29 04 25 32 | 02
#0304-d119 @A: 04 22 03 18 | 04
#0305-d119 @A: 24 04 10 08 | 08
#0306-d119 @A: 04 08 33 10 | 01
#0307-d119 @A: 10 22 04 14 | 07
#0308-d119 @A: 04 07 10 31 | 10
#0309-d119 @A: 18 12 04 13 | 09
#0310-d119 @A: 04 16 05 12 | 03
#0311-d119 @A: 04 34 01 12 | 05
#0312-d119 @A: 24 12 33 04 | 11
#0313-d119 @A: 22 17 04 09 | 12
#0314-d119 @A: 13 17 04 06 | 06
#0315-d119 @A: 19 14 13 08 | 02
#0316-d119 @A: 10 01 19 08 | 04
#0317-d119 @A: 17 19 12 14 | 08
#0318-d119 @A: 22 18 19 14 | 01
#0319-d119 @A: 14 06 19 11 | 07
#0320-d119 @A: 05 26 19 06 | 10
#0321-d119 @A: 35 26 19 34 | 09
#0322-d119 @A: 19 16 02 11 | 03
#0323-d119 @A: 19 10 35 02 | 05
#0324-d119 @A: 19 15 30 21 | 11
#0325-d119 @A: 28 30 19 13 | 12
#0326-d119 @A: 25 13 14 03 | 06
#0327-d119 @A: 12 03 25 26 | 02
#0328-d119 @A: 27 05 08 25 | 04
#0329-d119 @A: 33 25 30 08 | 08
#0330-d119 @A: 01 14 25 18 | 01
#0331-d119 @A: 25 11 14 02 | 07
#0332-d119 @A: 14 21 25 10 | 10
#0333-d119 @A: 09 34 06 25 | 09
#0334-d119 @A: 25 18 32 24 | 03
#0335-d119 @A: 06 32 25 35 | 05
#0336-d119 @A: 25 01 17 15 | 11
#0337-d119 @A: 29 25 07 01 | 12
#0338-d119 @A: 08 03 23 02 | 06
#0339-d119 @A: 03 14 28 09 | 02
#0340-d119 @A: 18 03 14 30 | 04
#0341-d119 @A: 14 17 11 03 | 08
#0342-d119 @A: 03 07 01 14 | 01
#0343-d119 @A: 03 06 02 26 | 07
#0344-d119 @A: 32 18 03 01 | 10
#0345-d119 @A: 03 05 29 07 | 09
#0346-d119 @A: 10 22 03 30 | 03
#0347-d119 @A: 03 33 30 32 | 05
#0348-d119 @A: 03 11 35 33 | 11
#0349-d119 @A: 33 14 31 08 | 12
#0350-d119 @A: 07 08 05 31 | 06
#0351-d119 @A: 16 08 12 17 | 02
#0352-d119 @A: 28 02 08 09 | 04
#0353-d119 @A: 09 13 05 08 | 08
#0354-d119 @A: 21 01 08 09 | 01
#0355-d119 @A: 10 08 07 06 | 07
#0356-d119 @A: 21 08 30 06 | 10
#0357-d119 @A: 15 08 10 27 | 09
#0358-d119 @A: 21 29 34 08 | 03
#0359-d119 @A: 08 11 28 15 | 05
#0360-d119 @A: 24 23 08 27 | 11
#0361-d119 @A: 12 11 09 14 | 12
#0362-d119 @A: 06 30 14 12 | 06
#0363-d119 @A: 13 14 09 01 | 02
#0364-d119 @A: 17 14 18 05 | 04
#0365-d119 @A: 06 15 14 18 | 08
#0366-d119 @A: 14 11 10 05 | 01
#0367-d119 @A: 21 07 14 35 | 07
#0368-d119 @A: 27 23 14 30 | 10
#0369-d119 @A: 02 31 26 23 | 09
#0370-d119 @A: 28 31 16 26 | 03
#0371-d119 @A: 12 09 26 13 | 05
#0372-d119 @A: 02 18 01 26 | 11
#0373-d119 @A: 17 07 11 26 | 12
#0374-d119 @A: 28 23 01 26 | 06
#0375-d119 @A: 31 09 05 12 | 02
#0376-d119 @A: 32 31 35 12 | 04
#0377-d119 @A: 31 12 28 29 | 08
#0378-d119 @A: 29 31 06 09 | 01
#0379-d119 @A: 31 22 28 09 | 07
#0380-d119 @A: 02 31 06 07 | 10
#0381-d119 @A: 27 02 10 31 | 09
#0382-d119 @A: 31 17 11 23 | 03
#0383-d119 @A: 11 01 31 34 | 05
#0384-d119 @A: 02 12 01 15 | 11
#0385-d119 @A: 12 21 30 17 | 12
#0386-d119 @A: 07 35 23 12 | 06
#0387-d119 @A: 29 12 01 13 | 02
#0388-d119 @A: 22 12 23 01 | 04
#0389-d119 @A: 18 09 32 28 | 08
#0390-d119 @A: 09 32 02 22 | 01
#0391-d119 @A: 16 10 09 23 | 07
#0392-d119 @A: 09 33 30 15 | 10
#0393-d119 @A: 23 34 09 30 | 09
#0394-d119 @A: 02 18 07 05 | 03
#0395-d119 @A: 02 29 18 32 | 05
#0396-d119 @A: 07 33 05 18 | 11
#0397-d119 @A: 18 06 17 16 | 12
#0398-d119 @A: 06 27 18 28 | 06
#0399-d119 @A: 27 13 35 02 | 02
#0400-d119 @A: 22 02 27 17 | 04
#0401-d119 @A: 02 34 24 29 | 08
#0402-d119 @A: 24 33 02 07 | 01
#0403-d119 @A: 28 05 21 27 | 07
#0404-d119 @A: 05 13 01 28 | 10
#0405-d119 @A: 22 05 27 29 | 09
#0406-d119 @A: 15 05 28 33 | 03
#0407-d119 @A: 16 32 06 27 | 05
#0408-d119 @A: 33 24 06 22 | 11
#0409-d119 @A: 30 33 23 06 | 12
#0410-d119 @A: 06 29 15 01 | 06
#0411-d119 @A: 06 23 07 17 | 02
#0412-d119 @A: 13 21 24 16 | 04
#0413-d119 @A: 07 15 35 16 | 08
#0414-d119 @A: 23 35 16 01 | 01
#0415-d119 @A: 13 16 15 22 | 07
#0416-d119 @A: 11 16 24 15 | 10
#0417-d119 @A: 34 16 23 11 | 09
#0418-d119 @A: 33 16 34 23 | 03
#0419-d119 @A: 07 10 35 32 | 05
#0420-d119 @A: 34 10 01 28 | 11
#0421-d119 @A: 32 35 29 13 | 12
#0422-d119 @A: 29 17 32 22 | 06
#0423-d119 @A: 21 33 07 22 | 02
#0424-d119 @A: 20 18 04 09 | 04
#0425-d119 @A: 19 17 20 03 | 08
#0426-d119 @A: 15 32 20 25 | 01
#0427-d119 @A: 11 02 20 08 | 07
#0428-d119 @A: 09 21 14 20 | 10
#0429-d119 @A: 20 12 18 11 | 09
#0430-d119 @A: 23 09 20 01 | 03
#0431-d119 @A: 20 34 02 18 | 05
#0432-d119 @A: 34 05 16 20 | 11
#0433-d119 @A: 10 07 20 05 | 12
#0434-d119 @A: 20 15 30 13 | 06
#0435-d119 @A: 11 20 22 27 | 02
#0436-d119 @A: 27 24 20 28 | 04
#0437-d119 @A: 19 25 04 21 | 08
#0438-d119 @A: 08 04 17 19 | 01
#0439-d119 @A: 02 04 19 30 | 07
#0440-d119 @A: 15 04 05 19 | 10
#0441-d119 @A: 25 01 03 04 | 09
#0442-d119 @A: 34 04 14 25 | 03
#0443-d119 @A: 03 21 26 04 | 05
#0444-d119 @A: 26 09 01 04 | 11
#0445-d119 @A: 11 31 04 06 | 12
#0446-d119 @A: 32 04 05 22 | 06
#0447-d119 @A: 23 13 21 04 | 02
#0448-d119 @A: 04 23 22 07 | 04
#0449-d119 @A: 04 30 33 34 | 08
#0450-d119 @A: 01 19 09 25 | 01
#0451-d119 @A: 19 18 08 02 | 07
#0452-d119 @A: 01 14 29 19 | 10
#0453-d119 @A: 33 24 18 19 | 09
#0454-d119 @A: 19 06 01 02 | 03
#0455-d119 @A: 28 19 27 35 | 05
#0456-d119 @A: 19 01 30 22 | 11
#0457-d119 @A: 33 17 19 34 | 12
#0458-d119 @A: 25 23 31 03 | 06
#0459-d119 @A: 08 16 25 34 | 02
#0460-d119 @A: 08 10 25 11 | 04
#0461-d119 @A: 35 26 25 29 | 08
#0462-d119 @A: 27 31 24 25 | 01
#0463-d119 @A: 06 18 25 29 | 07
#0464-d119 @A: 13 32 33 25 | 10
#0465-d119 @A: 03 18 08 33 | 09
#0466-d119 @A: 03 02 14 22 | 03
#0467-d119 @A: 12 03 11 31 | 05
#0468-d119 @A: 03 10 01 31 | 11
#0469-d119 @A: 03 33 24 31 | 12
#0470-d119 @A: 09 12 07 03 | 06
#0471-d119 @A: 12 24 05 03 | 02
#0472-d119 @A: 12 16 22 03 | 04
#0473-d119 @A: 18 27 03 24 | 08
#0474-d119 @A: 03 32 35 05 | 01
#0475-d119 @A: 35 03 17 06 | 07
#0476-d119 @A: 03 16 21 33 | 10
#0477-d119 @A: 03 28 32 30 | 09
#0478-d119 @A: 24 21 03 35 | 03
#0479-d119 @A: 24 13 30 03 | 05
#0480-d119 @A: 23 07 27 03 | 11
#0481-d119 @A: 16 08 26 01 | 12
#0482-d119 @A: 01 08 33 31 | 06
#0483-d119 @A: 21 22 08 12 | 02
#0484-d119 @A: 08 15 06 02 | 04
#0485-d119 @A: 33 21 08 17 | 08
#0486-d119 @A: 23 08 21 28 | 01
#0487-d119 @A: 35 27 34 08 | 07
#0488-d119 @A: 17 08 13 11 | 10
#0489-d119 @A: 14 31 06 21 | 09
#0490-d119 @A: 14 32 31 23 | 03
#0491-d119 @A: 31 11 22 14 | 05
#0492-d119 @A: 18 16 14 27 | 11
#0493-d119 @A: 18 14 32 35 | 12
#0494-d119 @A: 01 14 16 05 | 06
#0495-d119 @A: 30 14 28 15 | 02
#0496-d119 @A: 14 27 11 28 | 04
#0497-d119 @A: 33 01 11 14 | 08
#0498-d119 @A: 15 26 12 18 | 01
#0499-d119 @A: 32 26 12 29 | 07
#0500-d119 @A: 26 16 09 21 | 10
#0501-d119 @A: 21 24 18 26 | 09
#0502-d119 @A: 26 33 02 10 | 03
#0503-d119 @A: 35 13 01 26 | 05
#0504-d119 @A: 35 15 26 22 | 11
#0505-d119 @A: 33 26 23 13 | 12
#0506-d119 @A: 29 26 30 17 | 06
#0507-d119 @A: 15 26 27 01 | 02
#0508-d119 @A: 24 17 26 23 | 04
#0509-d119 @A: 31 12 16 34 | 08
#0510-d119 @A: 34 33 12 31 | 01
#0511-d119 @A: 10 31 11 09 | 07
#0512-d119 @A: 31 09 07 33 | 10
#0513-d119 @A: 31 06 01 16 | 09
#0514-d119 @A: 31 11 35 24 | 03
#0515-d119 @A: 22 17 13 31 | 05
#0516-d119 @A: 13 31 24 07 | 11
#0517-d119 @A: 24 01 17 31 | 12
#0518-d119 @A: 18 12 17 02 | 06
#0519-d119 @A: 32 30 12 02 | 02
#0520-d119 @A: 13 23 10 12 | 04
#0521-d119 @A: 23 12 33 28 | 08
#0522-d119 @A: 09 05 24 18 | 01
#0523-d119 @A: 27 06 02 09 | 07
#0524-d119 @A: 09 29 22 35 | 10
#0525-d119 @A: 09 13 24 34 | 09
#0526-d119 @A: 09 22 23 15 | 03
#0527-d119 @A: 28 17 33 09 | 05
#0528-d119 @A: 28 29 24 09 | 11
#0529-d119 @A: 10 18 22 02 | 12
#0530-d119 @A: 23 05 32 18 | 06
#0531-d119 @A: 06 18 21 10 | 02
#0532-d119 @A: 13 32 06 18 | 04
#0533-d119 @A: 18 11 35 28 | 08
#0534-d119 @A: 18 15 34 24 | 01
#0535-d119 @A: 18 24 07 28 | 07
#0536-d119 @A: 17 02 05 32 | 10
#0537-d119 @A: 34 05 02 33 | 09
#0538-d119 @A: 02 35 21 28 | 03
#0539-d119 @A: 29 11 02 27 | 05
#0540-d119 @A: 17 07 28 02 | 11
#0541-d119 @A: 35 05 17 11 | 12
#0542-d119 @A: 30 33 13 05 | 06
#0543-d119 @A: 05 22 01 11 | 02
#0544-d119 @A: 06 27 35 01 | 04
#0545-d119 @A: 24 11 06 22 | 08
#0546-d119 @A: 28 21 16 22 | 01
#0547-d119 @A: 34 13 16 35 | 07
#0548-d119 @A: 22 34 17 16 | 10
#0549-d119 @A: 30 16 34 01 | 09
#0550-d119 @A: 29 16 30 33 | 03
#0551-d119 @A: 29 32 15 10 | 05
#0552-d119 @A: 01 32 10 24 | 11
#0553-d119 @A: 23 10 24 21 | 12
#0554-d119 @A: 21 34 32 33 | 06
#0555-d119 @A: 23 24 07 32 | 02
#0556-d119 @A: 20 19 29 04 | 04
#0557-d119 @A: 24 04 20 03 | 08
#0558-d119 @A: 20 21 16 04 | 01
#0559-d119 @A: 12 30 19 20 | 07
#0560-d119 @A: 33 17 25 20 | 10
#0561-d119 @A: 15 11 03 20 | 09
#0562-d119 @A: 08 33 24 20 | 03
#0563-d119 @A: 26 20 31 07 | 05
#0564-d119 @A: 10 32 31 20 | 11
#0565-d119 @A: 23 20 16 12 | 12
#0566-d119 @A: 16 20 29 09 | 06
#0567-d119 @A: 20 02 15 10 | 02
#0568-d119 @A: 02 32 01 20 | 04
#0569-d119 @A: 06 20 10 30 | 08
#0570-d119 @A: 16 01 27 20 | 01
#0571-d119 @A: 29 28 20 22 | 07
#0572-d119 @A: 29 34 20 33 | 10
#0573-d119 @A: 11 19 04 12 | 09
#0574-d119 @A: 25 04 26 16 | 03
#0575-d119 @A: 28 10 25 04 | 05
#0576-d119 @A: 03 12 04 27 | 11
#0577-d119 @A: 08 04 22 28 | 12
#0578-d119 @A: 14 30 17 04 | 06
#0579-d119 @A: 04 26 28 12 | 02
#0580-d119 @A: 04 18 33 26 | 04
#0581-d119 @A: 26 05 04 23 | 08
#0582-d119 @A: 07 12 04 02 | 01
#0583-d119 @A: 27 18 04 05 | 07
#0584-d119 @A: 18 04 10 32 | 10
#0585-d119 @A: 13 24 04 15 | 09
#0586-d119 @A: 04 01 30 15 | 03
#0587-d119 @A: 17 23 04 28 | 05
#0588-d119 @A: 34 17 07 04 | 11
#0589-d119 @A: 04 07 01 24 | 12
#0590-d119 @A: 34 15 19 25 | 06
#0591-d119 @A: 07 19 03 18 | 02
#0592-d119 @A: 19 21 03 01 | 04
#0593-d119 @A: 33 19 03 13 | 08
#0594-d119 @A: 08 26 19 24 | 01
#0595-d119 @A: 19 09 07 08 | 07
#0596-d119 @A: 31 19 18 34 | 10
#0597-d119 @A: 12 19 24 18 | 09
#0598-d119 @A: 19 09 21 33 | 03
#0599-d119 @A: 22 16 19 05 | 05
#0600-d119 @A: 16 19 06 34 | 11
#0601-d119 @A: 13 21 17 19 | 12
#0602-d119 @A: 19 22 27 34 | 06
#0603-d119 @A: 01 19 07 27 | 02
#0604-d119 @A: 28 01 24 19 | 04
#0605-d119 @A: 07 03 25 24 | 08
#0606-d119 @A: 16 14 33 25 | 01
#0607-d119 @A: 25 35 31 28 | 07
#0608-d119 @A: 30 12 10 25 | 10
#0609-d119 @A: 25 12 34 28 | 09
#0610-d119 @A: 18 27 25 10 | 03
#0611-d119 @A: 02 33 25 21 | 05
#0612-d119 @A: 23 05 25 33 | 11
#0613-d119 @A: 06 17 25 28 | 12
#0614-d119 @A: 25 15 29 13 | 06
#0615-d119 @A: 15 11 25 30 | 02
#0616-d119 @A: 03 31 08 30 | 04
#0617-d119 @A: 08 03 18 06 | 08
#0618-d119 @A: 32 03 08 24 | 01
#0619-d119 @A: 33 22 26 03 | 07
#0620-d119 @A: 01 06 12 03 | 10
#0621-d119 @A: 09 17 18 03 | 09
#0622-d119 @A: 06 30 05 03 | 03
#0623-d119 @A: 10 03 16 27 | 05
#0624-d119 @A: 03 34 22 21 | 11
#0625-d119 @A: 03 13 11 23 | 12
#0626-d119 @A: 24 15 22 03 | 06
#0627-d119 @A: 08 14 05 23 | 02
#0628-d119 @A: 08 10 30 14 | 04
#0629-d119 @A: 17 08 31 18 | 08
#0630-d119 @A: 08 28 32 12 | 01
#0631-d119 @A: 08 10 13 02 | 07
#0632-d119 @A: 06 35 08 28 | 10
#0633-d119 @A: 13 15 08 23 | 09
#0634-d119 @A: 01 11 27 08 | 03
#0635-d119 @A: 23 08 11 07 | 05
#0636-d119 @A: 08 29 28 01 | 11
#0637-d119 @A: 17 26 14 10 | 12
#0638-d119 @A: 33 14 26 34 | 06
#0639-d119 @A: 12 02 14 27 | 02
#0640-d119 @A: 05 14 29 32 | 04
#0641-d119 @A: 15 14 07 13 | 08
#0642-d119 @A: 17 14 13 33 | 01
#0643-d119 @A: 14 15 23 24 | 07
#0644-d119 @A: 24 33 14 28 | 10
#0645-d119 @A: 33 07 12 26 | 09
#0646-d119 @A: 18 13 05 26 | 03
#0647-d119 @A: 10 30 18 26 | 05
#0648-d119 @A: 26 02 34 16 | 11
#0649-d119 @A: 06 16 26 23 | 12
#0650-d119 @A: 26 22 10 16 | 06
#0651-d119 @A: 26 35 33 16 | 02
#0652-d119 @A: 32 26 24 33 | 04
#0653-d119 @A: 26 13 23 30 | 08
#0654-d119 @A: 22 01 26 24 | 01
#0655-d119 @A: 26 30 01 07 | 07
#0656-d119 @A: 33 15 29 26 | 10
#0657-d119 @A: 01 33 26 27 | 09
#0658-d119 @A: 18 31 06 23 | 03
#0659-d119 @A: 31 35 16 22 | 05
#0660-d119 @A: 34 02 09 12 | 11
#0661-d119 @A: 12 18 30 05 | 12
#0662-d119 @A: 27 29 12 06 | 06
#0663-d119 @A: 07 12 34 13 | 02
#0664-d119 @A: 22 12 11 17 | 04
#0665-d119 @A: 12 17 33 30 | 08
#0666-d119 @A: 28 11 12 01 | 01
#0667-d119 @A: 18 06 09 01 | 07
#0668-d119 @A: 02 09 01 05 | 10
#0669-d119 @A: 05 06 09 22 | 09
#0670-d119 @A: 09 13 11 21 | 03
#0671-d119 @A: 09 21 30 22 | 05
#0672-d119 @A: 05 06 11 18 | 11
#0673-d119 @A: 22 18 32 16 | 12
#0674-d119 @A: 30 33 35 18 | 06
#0675-d119 @A: 29 15 35 18 | 02
#0676-d119 @A: 35 01 24 18 | 04
#0677-d119 @A: 15 07 27 18 | 08
#0678-d119 @A: 05 02 22 15 | 01
#0679-d119 @A: 32 23 02 16 | 07
#0680-d119 @A: 02 24 22 07 | 10
#0681-d119 @A: 11 16 05 07 | 09
#0682-d119 @A: 24 30 05 22 | 03
#0683-d119 @A: 05 30 01 23 | 05
#0684-d119 @A: 17 33 05 01 | 11
#0685-d119 @A: 05 28 07 23 | 12
#0686-d119 @A: 34 05 29 28 | 06
#0687-d119 @A: 16 21 11 01 | 02
#0688-d119 @A: 27 15 16 17 | 04
#0689-d119 @A: 28 15 01 16 | 08
#0690-d119 @A: 13 32 22 10 | 01
#0691-d119 @A: 30 33 24 10 | 07
#0692-d119 @A: 10 11 17 29 | 10
#0693-d119 @A: 07 32 11 27 | 09
#0694-d119 @A: 20 28 19 32 | 03
#0695-d119 @A: 09 35 03 20 | 05
#0696-d119 @A: 03 21 20 02 | 11
#0697-d119 @A: 26 30 02 20 | 12
#0698-d119 @A: 15 26 24 20 | 06
#0699-d119 @A: 20 24 12 10 | 02
#0700-d119 @A: 32 12 27 20 | 04
#0701-d119 @A: 20 09 10 22 | 08
#0702-d119 @A: 18 10 35 20 | 01
#0703-d119 @A: 06 20 34 32 | 07
#0704-d119 @A: 07 24 20 16 | 10
#0705-d119 @A: 20 10 21 29 | 09
#0706-d119 @A: 20 11 23 21 | 03
#0707-d119 @A: 23 22 33 20 | 05
#0708-d119 @A: 01 04 19 32 | 11
#0709-d119 @A: 25 02 04 08 | 12
#0710-d119 @A: 35 25 12 04 | 06
#0711-d119 @A: 30 25 18 04 | 02
#0712-d119 @A: 30 04 03 09 | 04
#0713-d119 @A: 03 33 29 04 | 08
#0714-d119 @A: 04 15 08 18 | 01
#0715-d119 @A: 04 16 08 35 | 07
#0716-d119 @A: 14 04 23 29 | 10
#0717-d119 @A: 33 07 04 14 | 09
#0718-d119 @A: 04 26 24 02 | 03
#0719-d119 @A: 17 31 04 16 | 05
#0720-d119 @A: 34 04 31 23 | 11
#0721-d119 @A: 28 09 04 15 | 12
#0722-d119 @A: 18 24 11 04 | 06
#0723-d119 @A: 06 28 04 05 | 02
#0724-d119 @A: 10 29 06 04 | 04
#0725-d119 @A: 32 06 04 30 | 08
#0726-d119 @A: 32 27 35 04 | 01
#0727-d119 @A: 35 17 15 04 | 07
#0728-d119 @A: 04 27 29 01 | 10
#0729-d119 @A: 19 12 06 25 | 09
#0730-d119 @A: 19 25 16 30 | 03
#0731-d119 @A: 34 14 19 03 | 05
#0732-d119 @A: 09 15 19 14 | 11
#0733-d119 @A: 19 35 14 33 | 12
#0734-d119 @A: 19 26 09 28 | 06
#0735-d119 @A: 02 13 19 26 | 02
#0736-d119 @A: 01 18 19 05 | 04
#0737-d119 @A: 29 30 19 18 | 08
#0738-d119 @A: 30 02 33 19 | 01
#0739-d119 @A: 05 21 19 11 | 07
#0740-d119 @A: 24 29 19 21 | 10
#0741-d119 @A: 19 13 11 01 | 09
#0742-d119 @A: 22 29 15 19 | 03
#0743-d119 @A: 19 11 24 34 | 05
#0744-d119 @A: 19 17 24 07 | 11
#0745-d119 @A: 25 06 03 22 | 12
#0746-d119 @A: 03 29 16 25 | 06
#0747-d119 @A: 28 25 14 32 | 02
#0748-d119 @A: 06 01 25 26 | 04
#0749-d119 @A: 29 02 10 25 | 08
#0750-d119 @A: 27 02 25 07 | 01
#0751-d119 @A: 31 03 32 34 | 07
#0752-d119 @A: 03 10 02 07 | 10
#0753-d119 @A: 05 34 03 15 | 09
#0754-d119 @A: 03 29 06 32 | 03
#0755-d119 @A: 01 15 03 35 | 05
#0756-d119 @A: 11 22 03 29 | 11
#0757-d119 @A: 08 30 26 32 | 12
#0758-d119 @A: 01 35 31 08 | 06
#0759-d119 @A: 08 02 12 29 | 02
#0760-d119 @A: 09 08 24 06 | 04
#0761-d119 @A: 08 29 10 09 | 08
#0762-d119 @A: 22 09 33 08 | 01
#0763-d119 @A: 08 13 21 27 | 07
#0764-d119 @A: 08 29 07 35 | 10
#0765-d119 @A: 22 15 08 30 | 09
#0766-d119 @A: 13 10 31 14 | 03
#0767-d119 @A: 14 31 24 30 | 05
#0768-d119 @A: 18 24 14 02 | 11
#0769-d119 @A: 14 28 06 29 | 12
#0770-d119 @A: 27 15 32 14 | 06
#0771-d119 @A: 35 28 14 13 | 02
#0772-d119 @A: 30 35 14 22 | 04
#0773-d119 @A: 27 17 07 14 | 08
#0774-d119 @A: 26 31 15 09 | 01
#0775-d119 @A: 26 02 21 07 | 07
#0776-d119 @A: 02 35 26 17 | 10
#0777-d119 @A: 06 10 26 27 | 09
#0778-d119 @A: 13 29 06 26 | 03
#0779-d119 @A: 06 26 33 17 | 05
#0780-d119 @A: 11 26 21 35 | 11
#0781-d119 @A: 26 23 22 21 | 12
#0782-d119 @A: 26 07 35 28 | 06
#0783-d119 @A: 13 26 17 15 | 02
#0784-d119 @A: 02 18 31 28 | 04
#0785-d119 @A: 05 31 29 30 | 08
#0786-d119 @A: 06 32 28 31 | 01
#0787-d119 @A: 31 17 10 15 | 07
#0788-d119 @A: 11 15 31 13 | 10
#0789-d119 @A: 30 34 31 15 | 09
#0790-d119 @A: 02 12 28 06 | 03
#0791-d119 @A: 12 01 32 16 | 05
#0792-d119 @A: 35 11 12 27 | 11
#0793-d119 @A: 13 28 12 15 | 12
#0794-d119 @A: 17 12 23 15 | 06
#0795-d119 @A: 23 24 12 28 | 02
#0796-d119 @A: 33 07 12 29 | 04
#0797-d119 @A: 09 16 34 18 | 08
#0798-d119 @A: 21 23 18 09 | 01
#0799-d119 @A: 01 18 33 09 | 07
#0800-d119 @A: 09 27 02 33 | 10
#0801-d119 @A: 16 33 09 06 | 09
#0802-d119 @A: 35 23 33 09 | 03
#0803-d119 @A: 28 34 09 11 | 05
#0804-d119 @A: 32 34 18 07 | 11
#0805-d119 @A: 27 21 35 18 | 12
#0806-d119 @A: 22 01 02 28 | 06
#0807-d119 @A: 28 02 15 29 | 02
#0808-d119 @A: 27 34 28 02 | 04
#0809-d119 @A: 29 01 02 33 | 08
#0810-d119 @A: 05 06 10 32 | 01
#0811-d119 @A: 17 13 07 05 | 07
#0812-d119 @A: 05 23 15 27 | 10
#0813-d119 @A: 16 32 21 29 | 09
#0814-d119 @A: 21 15 34 16 | 03
#0815-d119 @A: 35 30 16 28 | 05
#0816-d119 @A: 01 07 16 22 | 11
#0817-d119 @A: 27 33 24 16 | 12
#0818-d119 @A: 27 22 10 21 | 06
#0819-d119 @A: 35 13 10 11 | 02
#0820-d119 @A: 24 10 22 29 | 04
#0821-d119 @A: 30 10 29 27 | 08
#0822-d119 @A: 10 17 28 27 | 01
#0823-d119 @A: 29 07 10 23 | 07
#0824-d119 @A: 10 01 28 33 | 10
#0825-d119 @A: 23 27 32 21 | 09
#0826-d119 @A: 22 35 32 24 | 03
#0827-d119 @A: 32 13 11 34 | 05
#0828-d119 @A: 22 29 32 33 | 11
#0829-d119 @A: 07 32 33 11 | 12
#0830-d119 @A: 20 04 27 25 | 06
#0831-d119 @A: 17 12 04 20 | 02
#0832-d119 @A: 07 20 19 11 | 04
#0833-d119 @A: 14 20 25 17 | 08
#0834-d119 @A: 02 20 25 24 | 01
#0835-d119 @A: 20 06 08 01 | 07
#0836-d119 @A: 26 05 35 20 | 10
#0837-d119 @A: 16 26 17 20 | 09
#0838-d119 @A: 32 20 30 09 | 03
#0839-d119 @A: 18 15 20 01 | 05
#0840-d119 @A: 32 11 05 20 | 11
#0841-d119 @A: 20 11 16 10 | 12
#0842-d119 @A: 22 20 24 17 | 06
#0843-d119 @A: 23 04 06 03 | 02
#0844-d119 @A: 27 04 08 14 | 04
#0845-d119 @A: 04 21 08 05 | 08
#0846-d119 @A: 04 13 08 32 | 01
#0847-d119 @A: 14 06 04 01 | 07
#0848-d119 @A: 31 04 30 12 | 10
#0849-d119 @A: 23 12 09 04 | 09
#0850-d119 @A: 18 02 04 21 | 03
#0851-d119 @A: 18 04 34 06 | 05
#0852-d119 @A: 22 04 02 06 | 11
#0853-d119 @A: 04 16 10 30 | 12
#0854-d119 @A: 23 24 16 04 | 06
#0855-d119 @A: 27 04 21 07 | 02
#0856-d119 @A: 22 13 35 04 | 04
#0857-d119 @A: 04 11 01 35 | 08
#0858-d119 @A: 35 28 04 24 | 01
#0859-d119 @A: 26 03 30 19 | 07
#0860-d119 @A: 08 19 26 33 | 10
#0861-d119 @A: 07 19 29 26 | 09
#0862-d119 @A: 29 32 31 19 | 03
#0863-d119 @A: 09 12 22 19 | 05
#0864-d119 @A: 10 21 12 19 | 11
#0865-d119 @A: 24 19 05 02 | 12
#0866-d119 @A: 19 22 17 35 | 06
#0867-d119 @A: 24 35 19 15 | 02
#0868-d119 @A: 11 28 22 19 | 04
#0869-d119 @A: 24 19 27 30 | 08
#0870-d119 @A: 11 29 19 33 | 01
#0871-d119 @A: 34 19 17 28 | 07
#0872-d119 @A: 25 06 33 03 | 10
#0873-d119 @A: 26 28 25 08 | 09
#0874-d119 @A: 06 13 25 08 | 03
#0875-d119 @A: 27 06 25 14 | 05
#0876-d119 @A: 25 26 33 09 | 11
#0877-d119 @A: 26 25 32 34 | 12
#0878-d119 @A: 31 02 09 25 | 06
#0879-d119 @A: 31 15 18 25 | 02
#0880-d119 @A: 02 25 12 23 | 04
#0881-d119 @A: 25 22 23 11 | 08
#0882-d119 @A: 17 08 03 26 | 01
#0883-d119 @A: 24 03 10 14 | 07
#0884-d119 @A: 27 09 31 03 | 10
#0885-d119 @A: 09 05 03 23 | 09
#0886-d119 @A: 16 09 01 03 | 03
#0887-d119 @A: 34 03 09 33 | 05
#0888-d119 @A: 35 02 16 03 | 11
#0889-d119 @A: 27 17 05 03 | 12
#0890-d119 @A: 03 16 13 17 | 06
#0891-d119 @A: 35 23 34 03 | 02
#0892-d119 @A: 35 03 29 28 | 04
#0893-d119 @A: 08 14 07 28 | 08
#0894-d119 @A: 26 08 13 31 | 01
#0895-d119 @A: 26 02 27 08 | 07
#0896-d119 @A: 32 08 27 09 | 10
#0897-d119 @A: 08 22 18 24 | 09
#0898-d119 @A: 08 16 33 05 | 03
#0899-d119 @A: 33 06 08 11 | 05
#0900-d119 @A: 08 15 35 21 | 11
#0901-d119 @A: 17 30 08 35 | 12
#0902-d119 @A: 26 06 24 14 | 06
#0903-d119 @A: 30 26 21 14 | 02
#0904-d119 @A: 14 05 12 28 | 04
#0905-d119 @A: 23 10 14 06 | 08
#0906-d119 @A: 14 24 17 16 | 01
#0907-d119 @A: 14 35 11 23 | 07
#0908-d119 @A: 13 14 27 24 | 10
#0909-d119 @A: 30 34 11 14 | 09
#0910-d119 @A: 14 17 29 15 | 03
#0911-d119 @A: 14 34 24 01 | 05
#0912-d119 @A: 12 11 26 06 | 11
#0913-d119 @A: 32 07 26 16 | 12
#0914-d119 @A: 01 26 11 32 | 06
#0915-d119 @A: 26 21 13 34 | 02
#0916-d119 @A: 21 26 01 29 | 04
#0917-d119 @A: 11 13 26 24 | 08
#0918-d119 @A: 12 13 06 31 | 01
#0919-d119 @A: 09 01 31 32 | 07
#0920-d119 @A: 27 22 31 18 | 10
#0921-d119 @A: 11 16 31 27 | 09
#0922-d119 @A: 23 31 21 30 | 03
#0923-d119 @A: 27 21 31 34 | 05
#0924-d119 @A: 11 28 31 21 | 11
#0925-d119 @A: 31 28 27 07 | 12
#0926-d119 @A: 12 10 33 09 | 06
#0927-d119 @A: 21 32 18 12 | 02
#0928-d119 @A: 12 06 21 34 | 04
#0929-d119 @A: 17 12 35 28 | 08
#0930-d119 @A: 27 13 12 17 | 01
#0931-d119 @A: 34 15 22 12 | 07
#0932-d119 @A: 34 12 27 23 | 10
#0933-d119 @A: 12 11 34 29 | 09
#0934-d119 @A: 09 02 17 23 | 03
#0935-d119 @A: 09 05 30 10 | 05
#0936-d119 @A: 35 11 16 09 | 11
#0937-d119 @A: 10 34 07 09 | 12
#0938-d119 @A: 17 24 09 30 | 06
#0939-d119 @A: 28 07 09 30 | 02
#0940-d119 @A: 18 16 02 15 | 04
#0941-d119 @A: 23 33 18 02 | 08
#0942-d119 @A: 01 10 16 18 | 01
#0943-d119 @A: 29 33 21 18 | 07
#0944-d119 @A: 29 18 17 28 | 10
#0945-d119 @A: 23 06 34 02 | 09
#0946-d119 @A: 16 32 33 02 | 03
#0947-d119 @A: 02 01 30 21 | 05
#0948-d119 @A: 11 07 35 02 | 11
#0949-d119 @A: 35 23 24 02 | 12
#0950-d119 @A: 13 02 22 11 | 06
#0951-d119 @A: 34 05 35 06 | 02
#0952-d119 @A: 16 30 32 05 | 04
#0953-d119 @A: 05 34 23 21 | 08
#0954-d119 @A: 07 01 35 05 | 01
#0955-d119 @A: 15 05 07 30 | 07
#0956-d119 @A: 01 17 05 29 | 10
#0957-d119 @A: 06 22 35 21 | 09
#0958-d119 @A: 24 15 21 06 | 03
#0959-d119 @A: 13 06 15 34 | 05
#0960-d119 @A: 16 23 29 13 | 11
#0961-d119 @A: 17 24 10 35 | 12
#0962-d119 @A: 07 10 13 27 | 06
#0963-d119 @A: 15 21 13 32 | 02
#0964-d119 @A: 01 13 07 32 | 04
#0965-d119 @A: 21 33 01 30 | 08
#0966-d119 @A: 33 35 34 24 | 01
#0967-d119 @A: 10 01 04 20 | 07
#0968-d119 @A: 25 35 19 20 | 10
#0969-d119 @A: 33 01 20 19 | 09
#0970-d119 @A: 29 12 20 25 | 03
#0971-d119 @A: 10 20 03 13 | 05
#0972-d119 @A: 20 08 12 35 | 11
#0973-d119 @A: 17 09 20 05 | 12
#0974-d119 @A: 33 20 10 06 | 06
#0975-d119 @A: 06 15 23 20 | 02
#0976-d119 @A: 13 16 20 32 | 04
#0977-d119 @A: 20 21 28 30 | 08
#0978-d119 @A: 30 35 24 20 | 01
#0979-d119 @A: 30 22 34 20 | 07
#0980-d119 @A: 30 07 29 20 | 10
#0981-d119 @A: 20 24 34 23 | 09
#0982-d119 @A: 04 06 24 25 | 03
#0983-d119 @A: 31 28 04 03 | 05
#0984-d119 @A: 16 14 04 09 | 11
#0985-d119 @A: 24 14 05 04 | 12
#0986-d119 @A: 10 12 15 04 | 06
#0987-d119 @A: 02 04 11 33 | 02
#0988-d119 @A: 11 04 21 15 | 04
#0989-d119 @A: 19 25 05 03 | 08
#0990-d119 @A: 25 19 32 10 | 01
#0991-d119 @A: 05 08 19 35 | 07
#0992-d119 @A: 06 29 19 08 | 10
#0993-d119 @A: 19 31 27 12 | 09
#0994-d119 @A: 19 12 07 28 | 03
#0995-d119 @A: 11 10 18 19 | 05
#0996-d119 @A: 19 15 07 02 | 11
#0997-d119 @A: 19 10 22 06 | 12
#0998-d119 @A: 35 32 16 19 | 06
#0999-d119 @A: 21 35 19 23 | 02
#1000-d119 @A: 29 19 11 35 | 04
#1001-d119 @A: 23 24 19 22 | 08
#1002-d119 @A: 02 30 03 25 | 01
#1003-d119 @A: 03 27 32 25 | 07
#1004-d119 @A: 25 08 12 01 | 10
#1005-d119 @A: 08 09 17 25 | 09
#1006-d119 @A: 25 24 21 08 | 03
#1007-d119 @A: 29 09 14 25 | 05
#1008-d119 @A: 16 25 14 35 | 11
#1009-d119 @A: 07 14 25 23 | 12
#1010-d119 @A: 23 26 25 18 | 06
#1011-d119 @A: 31 12 25 21 | 02
#1012-d119 @A: 09 27 12 25 | 04
#1013-d119 @A: 12 25 22 05 | 08
#1014-d119 @A: 25 15 35 02 | 01
#1015-d119 @A: 30 25 34 21 | 07
#1016-d119 @A: 13 25 35 17 | 10
#1017-d119 @A: 27 25 35 30 | 09
#1018-d119 @A: 25 29 30 24 | 03
#1019-d119 @A: 33 27 07 25 | 05
#1020-d119 @A: 13 03 08 12 | 11
#1021-d119 @A: 26 09 34 03 | 12
#1022-d119 @A: 26 35 03 18 | 06
#1023-d119 @A: 31 03 21 18 | 02
#1024-d119 @A: 17 31 03 02 | 04
#1025-d119 @A: 03 07 16 31 | 08
#1026-d119 @A: 21 15 12 03 | 01
#1027-d119 @A: 23 03 12 30 | 07
#1028-d119 @A: 06 03 11 09 | 10
#1029-d119 @A: 06 03 27 21 | 09
#1030-d119 @A: 29 27 13 03 | 03
#1031-d119 @A: 27 03 15 28 | 05
#1032-d119 @A: 11 03 28 24 | 11
#1033-d119 @A: 23 01 03 24 | 12
#1034-d119 @A: 14 15 08 31 | 06
#1035-d119 @A: 08 17 02 14 | 02
#1036-d119 @A: 14 08 32 01 | 04
#1037-d119 @A: 21 10 26 08 | 08
#1038-d119 @A: 15 16 08 29 | 01
#1039-d119 @A: 08 15 17 32 | 07
#1040-d119 @A: 24 08 11 29 | 10
#1041-d119 @A: 33 07 23 08 | 09
#1042-d119 @A: 02 15 26 14 | 03
#1043-d119 @A: 34 14 26 05 | 05
#1044-d119 @A: 14 12 32 22 | 11
#1045-d119 @A: 06 09 07 14 | 12
#1046-d119 @A: 27 34 09 14 | 06
#1047-d119 @A: 13 18 14 21 | 02
#1048-d119 @A: 02 28 14 16 | 04
#1049-d119 @A: 10 02 01 14 | 08
#1050-d119 @A: 33 14 05 29 | 01
#1051-d119 @A: 23 10 14 33 | 07
#1052-d119 @A: 14 21 29 27 | 10
#1053-d119 @A: 01 14 23 21 | 09
#1054-d119 @A: 28 24 14 21 | 03
#1055-d119 @A: 14 11 01 15 | 05
#1056-d119 @A: 26 21 31 05 | 11
#1057-d119 @A: 06 31 34 26 | 12
#1058-d119 @A: 30 31 26 35 | 06
#1059-d119 @A: 05 26 12 02 | 02
#1060-d119 @A: 02 29 09 26 | 04
#1061-d119 @A: 32 10 02 26 | 08
#1062-d119 @A: 05 24 26 33 | 01
#1063-d119 @A: 10 26 11 23 | 07
#1064-d119 @A: 26 22 28 13 | 10
#1065-d119 @A: 07 23 15 26 | 09
#1066-d119 @A: 11 27 34 26 | 03
#1067-d119 @A: 01 31 18 12 | 05
#1068-d119 @A: 30 13 09 31 | 11
#1069-d119 @A: 18 29 13 31 | 12
#1070-d119 @A: 31 34 05 22 | 06
#1071-d119 @A: 31 16 10 21 | 02
#1072-d119 @A: 16 31 32 15 | 04
#1073-d119 @A: 21 31 22 24 | 08
#1074-d119 @A: 33 22 30 31 | 01
#1075-d119 @A: 17 09 12 32 | 07
#1076-d119 @A: 12 05 15 32 | 10
#1077-d119 @A: 28 12 27 16 | 09
#1078-d119 @A: 16 32 24 09 | 03
#1079-d119 @A: 21 24 09 07 | 05
#1080-d119 @A: 27 09 22 13 | 11
#1081-d119 @A: 23 09 27 28 | 12
#1082-d119 @A: 17 01 09 11 | 06
#1083-d119 @A: 27 23 18 02 | 02
#1084-d119 @A: 11 16 18 13 | 04
#1085-d119 @A: 18 30 16 24 | 08
#1086-d119 @A: 18 13 07 22 | 01
#1087-d119 @A: 15 23 18 11 | 07
#1088-d119 @A: 16 02 06 29 | 10
#1089-d119 @A: 02 06 24 10 | 09
#1090-d119 @A: 10 17 16 02 | 03
#1091-d119 @A: 30 35 02 29 | 05
#1092-d119 @A: 05 24 10 28 | 11
#1093-d119 @A: 05 21 15 01 | 12
#1094-d119 @A: 17 21 05 24 | 06
#1095-d119 @A: 24 15 29 05 | 02
#1096-d119 @A: 06 01 10 11 | 04
#1097-d119 @A: 10 16 34 29 | 08
#1098-d119 @A: 21 35 17 16 | 01
#1099-d119 @A: 27 16 35 29 | 07
#1100-d119 @A: 22 24 16 27 | 10
#1101-d119 @A: 17 16 30 11 | 09
#1102-d119 @A: 11 28 29 16 | 03
#1103-d119 @A: 01 24 16 29 | 05
#1104-d119 @A: 10 30 21 13 | 11
#1105-d119 @A: 10 15 30 35 | 12
#1106-d119 @A: 07 11 30 10 | 06
#1107-d119 @A: 32 01 30 35 | 02
#1108-d119 @A: 24 32 29 27 | 04
#1109-d119 @A: 29 01 32 23 | 08
#1110-d119 @A: 33 17 24 23 | 01
#1111-d119 @A: 32 23 20 04 | 07
#1112-d119 @A: 25 23 20 10 | 10
#1113-d119 @A: 20 03 26 01 | 09
#1114-d119 @A: 08 26 23 20 | 03
#1115-d119 @A: 34 28 20 08 | 05
#1116-d119 @A: 14 12 20 34 | 11
#1117-d119 @A: 18 33 14 20 | 12
#1118-d119 @A: 14 24 32 20 | 06
#1119-d119 @A: 26 20 09 27 | 02
#1120-d119 @A: 20 17 31 21 | 04
#1121-d119 @A: 12 13 02 20 | 08
#1122-d119 @A: 22 20 33 12 | 01
#1123-d119 @A: 24 20 09 11 | 07
#1124-d119 @A: 05 28 20 18 | 10
#1125-d119 @A: 32 18 20 17 | 09
#1126-d119 @A: 17 02 20 06 | 03
#1127-d119 @A: 06 29 20 05 | 05
#1128-d119 @A: 16 35 20 06 | 11
#1129-d119 @A: 20 28 33 13 | 12
#1130-d119 @A: 27 20 23 29 | 06
#1131-d119 @A: 04 09 19 24 | 02
#1132-d119 @A: 19 06 04 27 | 04
#1133-d119 @A: 04 07 25 05 | 08
#1134-d119 @A: 03 04 16 34 | 01
#1135-d119 @A: 26 14 04 07 | 07
#1136-d119 @A: 04 14 12 21 | 10
#1137-d119 @A: 04 13 10 26 | 09
#1138-d119 @A: 04 10 23 02 | 03
#1139-d119 @A: 02 04 32 34 | 05
#1140-d119 @A: 22 04 01 21 | 11
#1141-d119 @A: 34 04 28 21 | 12
#1142-d119 @A: 07 04 30 13 | 06
#1143-d119 @A: 24 04 27 17 | 02
#1144-d119 @A: 15 31 03 19 | 04
#1145-d119 @A: 19 02 03 12 | 08
#1146-d119 @A: 26 15 10 19 | 01
#1147-d119 @A: 31 22 19 02 | 07
#1148-d119 @A: 05 31 19 28 | 10
#1149-d119 @A: 12 05 13 19 | 09
#1150-d119 @A: 12 32 19 34 | 03
#1151-d119 @A: 09 19 13 16 | 05
#1152-d119 @A: 05 07 32 19 | 11
#1153-d119 @A: 13 10 24 19 | 12
#1154-d119 @A: 11 30 19 23 | 06
#1155-d119 @A: 11 17 19 15 | 02
#1156-d119 @A: 01 23 19 15 | 04
#1157-d119 @A: 07 15 33 19 | 08
#1158-d119 @A: 19 27 23 17 | 01
#1159-d119 @A: 03 10 25 17 | 07
#1160-d119 @A: 15 25 12 14 | 10
#1161-d119 @A: 12 32 13 25 | 09
#1162-d119 @A: 25 09 32 23 | 03
#1163-d119 @A: 01 02 16 25 | 05
#1164-d119 @A: 10 16 24 25 | 11
#1165-d119 @A: 07 25 13 21 | 12
#1166-d119 @A: 33 25 35 22 | 06
#1167-d119 @A: 25 13 30 01 | 02
#1168-d119 @A: 33 25 24 11 | 04
#1169-d119 @A: 26 07 13 03 | 08
#1170-d119 @A: 03 06 31 24 | 01
#1171-d119 @A: 03 33 05 12 | 07
#1172-d119 @A: 03 02 05 28 | 10
#1173-d119 @A: 06 03 15 07 | 09
#1174-d119 @A: 01 03 17 28 | 03
#1175-d119 @A: 12 14 24 08 | 05
#1176-d119 @A: 09 18 14 08 | 11
#1177-d119 @A: 26 22 06 08 | 12
#1178-d119 @A: 31 22 08 32 | 06
#1179-d119 @A: 08 24 34 31 | 02
#1180-d119 @A: 35 32 08 02 | 04
#1181-d119 @A: 22 08 16 23 | 08
#1182-d119 @A: 08 15 32 33 | 01
#1183-d119 @A: 17 08 21 07 | 07
#1184-d119 @A: 08 13 24 35 | 10
#1185-d119 @A: 15 08 07 34 | 09
#1186-d119 @A: 08 15 24 01 | 03
#1187-d119 @A: 24 28 17 08 | 05
#1188-d119 @A: 23 09 26 14 | 11
#1189-d119 @A: 14 09 05 35 | 12
#1190-d119 @A: 14 16 32 34 | 06
#1191-d119 @A: 14 34 21 17 | 02
#1192-d119 @A: 21 33 26 31 | 04
#1193-d119 @A: 16 26 12 30 | 08
#1194-d119 @A: 10 12 26 35 | 01
#1195-d119 @A: 12 24 26 34 | 07
#1196-d119 @A: 05 22 26 17 | 10
#1197-d119 @A: 26 32 21 06 | 09
#1198-d119 @A: 28 26 21 17 | 03
#1199-d119 @A: 30 02 16 31 | 05
#1200-d119 @A: 24 16 05 31 | 11
#1201-d119 @A: 35 10 31 06 | 12
#1202-d119 @A: 12 09 16 15 | 06
#1203-d119 @A: 12 10 28 18 | 02
#1204-d119 @A: 35 29 05 12 | 04
#1205-d119 @A: 32 12 06 07 | 08
#1206-d119 @A: 21 12 27 01 | 01
#1207-d119 @A: 11 21 24 12 | 07
#1208-d119 @A: 17 01 12 07 | 10
#1209-d119 @A: 13 09 18 10 | 09
#1210-d119 @A: 21 10 09 02 | 03
#1211-d119 @A: 09 16 28 17 | 05
#1212-d119 @A: 23 07 13 09 | 11
#1213-d119 @A: 27 11 09 30 | 12
#1214-d119 @A: 29 01 09 30 | 06
#1215-d119 @A: 17 15 34 09 | 02
#1216-d119 @A: 29 24 09 33 | 04
#1217-d119 @A: 13 30 35 18 | 08
#1218-d119 @A: 22 18 23 35 | 01
#1219-d119 @A: 22 18 30 17 | 07
#1220-d119 @A: 30 34 28 18 | 10
#1221-d119 @A: 24 18 29 23 | 09
#1222-d119 @A: 10 34 02 05 | 03
#1223-d119 @A: 29 23 05 02 | 05
#1224-d119 @A: 28 10 30 02 | 11
#1225-d119 @A: 02 23 21 15 | 12
#1226-d119 @A: 33 13 17 02 | 06
#1227-d119 @A: 07 34 30 02 | 02
#1228-d119 @A: 06 05 27 07 | 04
#1229-d119 @A: 24 05 32 13 | 08
#1230-d119 @A: 05 34 01 27 | 01
#1231-d119 @A: 24 05 23 11 | 07
#1232-d119 @A: 24 34 07 05 | 10
#1233-d119 @A: 22 15 17 06 | 09
#1234-d119 @A: 06 22 34 28 | 03
#1235-d119 @A: 22 29 06 07 | 05
#1236-d119 @A: 06 30 24 23 | 11
#1237-d119 @A: 11 27 15 06 | 12
#1238-d119 @A: 01 06 07 34 | 06
#1239-d119 @A: 07 34 16 27 | 02
#1240-d119 @A: 21 34 10 11 | 04
#1241-d119 @A: 10 29 35 01 | 08
#1242-d119 @A: 35 23 17 32 | 01
#1243-d119 @A: 17 32 33 35 | 07
#1244-d119 @A: 13 17 32 28 | 10
#1245-d119 @A: 13 33 11 21 | 09
#1246-d119 @A: 28 30 07 33 | 03
#1247-d119 @A: 22 20 15 04 | 05
#1248-d119 @A: 19 06 20 21 | 11
#1249-d119 @A: 30 08 20 25 | 12
#1250-d119 @A: 20 03 29 31 | 06
#1251-d119 @A: 03 02 20 33 | 02
#1252-d119 @A: 09 08 20 15 | 04
#1253-d119 @A: 10 08 20 17 | 08
#1254-d119 @A: 20 29 14 02 | 01
#1255-d119 @A: 20 10 14 28 | 07
#1256-d119 @A: 11 14 13 20 | 10
#1257-d119 @A: 06 26 28 20 | 09
#1258-d119 @A: 28 09 13 20 | 03
#1259-d119 @A: 18 30 20 27 | 05
#1260-d119 @A: 06 20 13 27 | 11
#1261-d119 @A: 24 20 13 29 | 12
#1262-d119 @A: 02 29 03 04 | 06
#1263-d119 @A: 17 03 04 32 | 02
#1264-d119 @A: 04 26 29 08 | 04
#1265-d119 @A: 04 01 08 23 | 08
#1266-d119 @A: 04 31 18 14 | 01
#1267-d119 @A: 04 02 13 14 | 07
#1268-d119 @A: 04 30 26 34 | 10
#1269-d119 @A: 04 35 31 09 | 09
#1270-d119 @A: 04 09 29 05 | 03
#1271-d119 @A: 28 30 04 29 | 05
#1272-d119 @A: 15 07 04 29 | 11
#1273-d119 @A: 23 11 04 27 | 12
#1274-d119 @A: 07 25 19 31 | 06
#1275-d119 @A: 33 25 12 19 | 02
#1276-d119 @A: 29 03 09 19 | 04
#1277-d119 @A: 03 32 19 22 | 08
#1278-d119 @A: 03 19 11 27 | 01
#1279-d119 @A: 32 21 08 19 | 07
#1280-d119 @A: 16 19 12 29 | 10
#1281-d119 @A: 09 30 19 35 | 09
#1282-d119 @A: 06 19 18 35 | 03
#1283-d119 @A: 18 21 19 28 | 05
#1284-d119 @A: 19 06 30 07 | 11
#1285-d119 @A: 15 19 06 28 | 12
#1286-d119 @A: 03 25 15 08 | 06
#1287-d119 @A: 03 28 25 18 | 02
#1288-d119 @A: 25 08 18 35 | 04
#1289-d119 @A: 25 31 14 26 | 08
#1290-d119 @A: 25 02 22 26 | 01
#1291-d119 @A: 25 26 24 05 | 07
#1292-d119 @A: 25 15 21 26 | 10
#1293-d119 @A: 25 26 17 27 | 09
#1294-d119 @A: 31 25 32 11 | 03
#1295-d119 @A: 18 25 12 07 | 05
#1296-d119 @A: 12 11 25 16 | 11
#1297-d119 @A: 12 25 17 24 | 12
#1298-d119 @A: 18 02 25 13 | 06
#1299-d119 @A: 17 02 34 25 | 02
#1300-d119 @A: 05 13 10 25 | 04
#1301-d119 @A: 32 25 05 01 | 08
#1302-d119 @A: 33 10 25 29 | 01
#1303-d119 @A: 24 34 25 35 | 07
#1304-d119 @A: 28 13 25 11 | 10
#1305-d119 @A: 22 15 27 25 | 09
#1306-d119 @A: 25 01 33 34 | 03
#1307-d119 @A: 14 26 03 27 | 05
#1308-d119 @A: 23 16 14 03 | 11
#1309-d119 @A: 23 03 26 32 | 12
#1310-d119 @A: 32 12 03 10 | 06
#1311-d119 @A: 29 03 12 17 | 02
#1312-d119 @A: 03 18 16 05 | 04
#1313-d119 @A: 06 16 28 03 | 08
#1314-d119 @A: 03 22 01 13 | 01
#1315-d119 @A: 28 03 23 22 | 07
#1316-d119 @A: 11 01 03 30 | 10
#1317-d119 @A: 23 33 28 03 | 09
#1318-d119 @A: 12 23 08 31 | 03
#1319-d119 @A: 21 02 31 08 | 05
#1320-d119 @A: 31 28 10 08 | 11
#1321-d119 @A: 11 32 18 08 | 12
#1322-d119 @A: 28 08 18 13 | 06
#1323-d119 @A: 08 17 05 06 | 02
#1324-d119 @A: 05 32 08 34 | 04
#1325-d119 @A: 08 33 29 13 | 08
#1326-d119 @A: 08 07 22 27 | 01
#1327-d119 @A: 22 17 01 08 | 07
#1328-d119 @A: 30 08 23 29 | 10
#1329-d119 @A: 28 18 14 26 | 09
#1330-d119 @A: 16 11 14 26 | 03
#1331-d119 @A: 32 14 26 13 | 05
#1332-d119 @A: 14 28 31 01 | 11
#1333-d119 @A: 16 14 15 10 | 12
#1334-d119 @A: 34 35 15 14 | 06
#1335-d119 @A: 14 22 17 28 | 02
#1336-d119 @A: 34 14 28 23 | 04
#1337-d119 @A: 09 07 26 05 | 08
#1338-d119 @A: 35 26 23 27 | 01
#1339-d119 @A: 22 26 11 30 | 07
#1340-d119 @A: 29 15 26 11 | 10
#1341-d119 @A: 12 10 22 31 | 09
#1342-d119 @A: 31 24 23 09 | 03
#1343-d119 @A: 32 30 18 31 | 05
#1344-d119 @A: 31 11 02 05 | 11
#1345-d119 @A: 31 02 33 15 | 12
#1346-d119 @A: 31 02 29 01 | 06
#1347-d119 @A: 23 31 05 10 | 02
#1348-d119 @A: 13 31 21 01 | 04
#1349-d119 @A: 31 34 35 07 | 08
#1350-d119 @A: 01 31 22 15 | 01
#1351-d119 @A: 31 07 11 29 | 07
#1352-d119 @A: 17 31 29 34 | 10
#1353-d119 @A: 10 09 01 12 | 09
#1354-d119 @A: 16 21 12 02 | 03
#1355-d119 @A: 12 23 06 05 | 05
#1356-d119 @A: 15 35 12 06 | 11
#1357-d119 @A: 12 35 13 21 | 12
#1358-d119 @A: 15 12 33 13 | 06
#1359-d119 @A: 12 30 28 22 | 02
#1360-d119 @A: 09 18 02 35 | 04
#1361-d119 @A: 09 27 16 05 | 08
#1362-d119 @A: 33 05 09 11 | 01
#1363-d119 @A: 09 16 30 06 | 07
#1364-d119 @A: 15 21 09 29 | 10
#1365-d119 @A: 09 27 21 17 | 09
#1366-d119 @A: 30 06 18 02 | 03
#1367-d119 @A: 23 16 18 28 | 05
#1368-d119 @A: 13 33 18 10 | 11
#1369-d119 @A: 07 18 10 17 | 12
#1370-d119 @A: 27 33 32 18 | 06
#1371-d119 @A: 22 18 11 34 | 02
#1372-d119 @A: 11 01 07 18 | 04
#1373-d119 @A: 16 02 13 05 | 08
#1374-d119 @A: 02 06 33 35 | 01
#1375-d119 @A: 28 13 23 02 | 07
#1376-d119 @A: 11 02 34 15 | 10
#1377-d119 @A: 23 17 16 05 | 09
#1378-d119 @A: 21 30 35 05 | 03
#1379-d119 @A: 33 05 15 35 | 05
#1380-d119 @A: 11 30 28 05 | 11
#1381-d119 @A: 06 30 35 11 | 12
#1382-d119 @A: 24 06 13 28 | 06
#1383-d119 @A: 30 28 06 01 | 02
#1384-d119 @A: 30 21 16 27 | 04
#1385-d119 @A: 16 30 23 15 | 08
#1386-d119 @A: 21 17 32 10 | 01
#1387-d119 @A: 30 32 10 23 | 07
#1388-d119 @A: 15 28 21 10 | 10
#1389-d119 @A: 10 13 34 17 | 09
#1390-d119 @A: 01 17 30 10 | 03
#1391-d119 @A: 30 24 10 34 | 05
#1392-d119 @A: 23 27 10 01 | 11
#1393-d119 @A: 30 32 29 11 | 12
#1394-d119 @A: 13 22 34 33 | 06
#1395-d119 @A: 27 11 33 30 | 02
#1396-d119 @A: 33 23 29 27 | 04
#1397-d119 @A: 03 20 25 34 | 08
#1398-d119 @A: 25 06 20 11 | 01
#1399-d119 @A: 22 03 20 05 | 07
#1400-d119 @A: 08 14 20 16 | 10
#1401-d119 @A: 24 08 20 05 | 09
#1402-d119 @A: 32 26 20 22 | 03
#1403-d119 @A: 20 30 33 26 | 05
#1404-d119 @A: 31 28 20 23 | 11
#1405-d119 @A: 05 20 01 12 | 12
#1406-d119 @A: 21 24 20 01 | 06
#1407-d119 @A: 20 17 23 30 | 02
#1408-d119 @A: 20 33 27 15 | 04
#1409-d119 @A: 10 19 04 34 | 08
#1410-d119 @A: 25 04 09 13 | 01
#1411-d119 @A: 15 25 04 23 | 07
#1412-d119 @A: 03 11 04 10 | 10
#1413-d119 @A: 26 04 31 27 | 09
#1414-d119 @A: 05 04 31 01 | 03
#1415-d119 @A: 27 31 04 33 | 05
#1416-d119 @A: 12 29 04 22 | 11
#1417-d119 @A: 10 27 04 09 | 12
#1418-d119 @A: 16 04 02 27 | 06
#1419-d119 @A: 04 10 05 17 | 02
#1420-d119 @A: 05 33 22 04 | 04
#1421-d119 @A: 06 04 16 15 | 08
#1422-d119 @A: 16 33 04 17 | 01
#1423-d119 @A: 04 29 17 21 | 07
#1424-d119 @A: 13 29 04 11 | 10
#1425-d119 @A: 30 04 22 27 | 09
#1426-d119 @A: 28 04 07 11 | 03
#1427-d119 @A: 25 02 28 19 | 05
#1428-d119 @A: 19 10 23 03 | 11
#1429-d119 @A: 16 19 08 27 | 12
#1430-d119 @A: 35 31 14 19 | 06
#1431-d119 @A: 21 19 14 16 | 02
#1432-d119 @A: 19 31 26 01 | 04
#1433-d119 @A: 31 19 17 06 | 08
#1434-d119 @A: 19 33 31 06 | 01
#1435-d119 @A: 19 18 27 09 | 07
#1436-d119 @A: 05 09 19 34 | 10
#1437-d119 @A: 32 19 09 11 | 09
#1438-d119 @A: 29 19 17 02 | 03
#1439-d119 @A: 29 19 10 05 | 05
#1440-d119 @A: 19 28 16 10 | 11
#1441-d119 @A: 22 19 21 07 | 12
#1442-d119 @A: 19 33 27 22 | 06
#1443-d119 @A: 19 29 28 23 | 02
#1444-d119 @A: 08 07 32 25 | 04
#1445-d119 @A: 05 14 25 30 | 08
#1446-d119 @A: 09 25 24 15 | 01
#1447-d119 @A: 22 18 33 25 | 07
#1448-d119 @A: 25 05 23 35 | 10
#1449-d119 @A: 07 16 06 25 | 09
#1450-d119 @A: 30 32 22 25 | 03
#1451-d119 @A: 01 25 35 21 | 05
#1452-d119 @A: 28 29 21 25 | 11
#1453-d119 @A: 27 34 13 25 | 12
#1454-d119 @A: 17 07 25 30 | 06
#1455-d119 @A: 24 11 25 01 | 02
#1456-d119 @A: 09 08 22 03 | 04
#1457-d119 @A: 05 01 08 03 | 08
#1458-d119 @A: 21 03 08 16 | 01
#1459-d119 @A: 31 22 03 26 | 07
#1460-d119 @A: 31 03 35 13 | 10
#1461-d119 @A: 02 18 11 03 | 09
#1462-d119 @A: 06 10 03 34 | 03
#1463-d119 @A: 11 03 16 32 | 05
#1464-d119 @A: 15 30 17 03 | 11
#1465-d119 @A: 17 03 33 07 | 12
#1466-d119 @A: 34 07 28 03 | 06
#1467-d119 @A: 09 08 26 11 | 02
#1468-d119 @A: 12 08 27 18 | 04
#1469-d119 @A: 02 08 05 30 | 08
#1470-d119 @A: 08 29 22 13 | 01
#1471-d119 @A: 27 08 33 34 | 07
#1472-d119 @A: 17 34 08 23 | 10
#1473-d119 @A: 18 14 29 11 | 09
#1474-d119 @A: 32 26 18 27 | 03
#1475-d119 @A: 32 28 05 26 | 05
#1476-d119 @A: 26 16 24 35 | 11
#1477-d119 @A: 13 26 27 16 | 12
#1478-d119 @A: 26 28 29 27 | 06
#1479-d119 @A: 17 26 01 34 | 02
#1480-d119 @A: 35 31 18 05 | 04
#1481-d119 @A: 33 16 31 18 | 08
#1482-d119 @A: 32 23 33 31 | 01
#1483-d119 @A: 31 35 29 21 | 07
#1484-d119 @A: 17 29 33 31 | 10
#1485-d119 @A: 21 05 12 07 | 09
#1486-d119 @A: 11 32 12 23 | 03
#1487-d119 @A: 33 12 21 27 | 05
#1488-d119 @A: 21 29 12 23 | 11
#1489-d119 @A: 24 22 13 12 | 12
#1490-d119 @A: 24 15 27 12 | 06
#1491-d119 @A: 07 24 29 12 | 02
#1492-d119 @A: 16 09 02 07 | 04
#1493-d119 @A: 09 02 15 13 | 08
#1494-d119 @A: 09 06 32 15 | 01
#1495-d119 @A: 35 13 09 06 | 07
#1496-d119 @A: 09 29 34 32 | 10
#1497-d119 @A: 21 09 35 34 | 09
#1498-d119 @A: 35 28 09 01 | 03
#1499-d119 @A: 27 29 09 07 | 05
#1500-d119 @A: 09 11 29 23 | 11
#1501-d119 @A: 10 05 18 15 | 12
#1502-d119 @A: 34 35 18 17 | 06
#1503-d119 @A: 30 07 23 18 | 02
#1504-d119 @A: 33 11 34 18 | 04
#1505-d119 @A: 02 22 33 10 | 08
#1506-d119 @A: 29 22 21 02 | 01
#1507-d119 @A: 27 02 24 21 | 07
#1508-d119 @A: 24 13 01 02 | 10
#1509-d119 @A: 06 21 16 05 | 09
#1510-d119 @A: 05 35 28 22 | 03
#1511-d119 @A: 13 06 16 10 | 05
#1512-d119 @A: 06 01 21 17 | 11
#1513-d119 @A: 15 33 06 34 | 12
#1514-d119 @A: 11 06 28 23 | 06
#1515-d119 @A: 06 17 29 24 | 02
#1516-d119 @A: 35 21 33 10 | 04
#1517-d119 @A: 28 35 10 23 | 08
#1518-d119 @A: 01 13 10 15 | 01
#1519-d119 @A: 17 10 22 23 | 07
#1520-d119 @A: 15 07 24 10 | 10
#1521-d119 @A: 07 34 10 33 | 09
#1522-d119 @A: 21 24 34 32 | 03
#1523-d119 @A: 27 30 32 13 | 05
#1524-d119 @A: 07 15 32 22 | 11
#1525-d119 @A: 17 32 24 11 | 12
#1526-d119 @A: 21 24 33 15 | 06
#1527-d119 @A: 07 04 06 20 | 02
#1528-d119 @A: 20 08 19 22 | 04
#1529-d119 @A: 20 24 31 19 | 08
#1530-d119 @A: 19 15 20 16 | 01
#1531-d119 @A: 20 25 18 22 | 07
#1532-d119 @A: 18 20 03 23 | 10
#1533-d119 @A: 20 26 10 34 | 09
#1534-d119 @A: 31 20 12 15 | 03
#1535-d119 @A: 16 31 18 20 | 05
#1536-d119 @A: 11 20 33 31 | 11
#1537-d119 @A: 06 12 09 20 | 12
#1538-d119 @A: 22 16 20 02 | 06
#1539-d119 @A: 21 33 05 20 | 02
#1540-d119 @A: 13 20 22 21 | 04
#1541-d119 @A: 17 20 07 15 | 08
#1542-d119 @A: 07 20 01 28 | 01
#1543-d119 @A: 28 04 14 19 | 07
#1544-d119 @A: 19 04 33 23 | 10
#1545-d119 @A: 15 33 04 25 | 09
#1546-d119 @A: 04 14 15 03 | 03
#1547-d119 @A: 34 09 04 08 | 05
#1548-d119 @A: 06 35 26 04 | 11
#1549-d119 @A: 32 15 26 04 | 12
#1550-d119 @A: 09 32 04 07 | 06
#1551-d119 @A: 04 28 01 18 | 02
#1552-d119 @A: 05 04 02 35 | 04
#1553-d119 @A: 32 28 04 16 | 08
#1554-d119 @A: 16 22 04 11 | 01
#1555-d119 @A: 30 24 21 04 | 07
#1556-d119 @A: 27 04 13 28 | 10
#1557-d119 @A: 14 24 19 25 | 09
#1558-d119 @A: 18 19 17 25 | 03
#1559-d119 @A: 22 25 19 13 | 05
#1560-d119 @A: 08 19 11 31 | 11
#1561-d119 @A: 08 19 12 15 | 12
#1562-d119 @A: 23 14 19 02 | 06
#1563-d119 @A: 19 14 10 07 | 02
#1564-d119 @A: 30 32 14 19 | 04
#1565-d119 @A: 19 23 12 26 | 08
#1566-d119 @A: 26 18 19 16 | 01
#1567-d119 @A: 19 27 26 21 | 07
#1568-d119 @A: 10 09 17 19 | 10
#1569-d119 @A: 15 18 32 19 | 09
#1570-d119 @A: 05 19 33 32 | 03
#1571-d119 @A: 17 01 19 16 | 05
#1572-d119 @A: 19 16 33 28 | 11
#1573-d119 @A: 33 32 10 19 | 12
#1574-d119 @A: 07 13 35 19 | 06
#1575-d119 @A: 27 15 13 19 | 02
#1576-d119 @A: 25 08 29 31 | 04
#1577-d119 @A: 31 25 17 05 | 08
#1578-d119 @A: 25 16 31 13 | 01
#1579-d119 @A: 25 31 34 10 | 07
#1580-d119 @A: 25 33 31 28 | 10
#1581-d119 @A: 05 25 09 28 | 09
#1582-d119 @A: 22 09 25 16 | 03
#1583-d119 @A: 06 25 02 05 | 05
#1584-d119 @A: 06 25 10 15 | 11
#1585-d119 @A: 23 27 16 25 | 12
#1586-d119 @A: 01 25 10 22 | 06
#1587-d119 @A: 27 21 25 11 | 02
#1588-d119 @A: 23 13 24 25 | 04
#1589-d119 @A: 28 27 25 01 | 08
#1590-d119 @A: 11 34 08 03 | 01
#1591-d119 @A: 31 03 14 05 | 07
#1592-d119 @A: 03 14 21 32 | 10
#1593-d119 @A: 27 33 14 03 | 09
#1594-d119 @A: 26 24 29 03 | 03
#1595-d119 @A: 13 03 32 09 | 05
#1596-d119 @A: 10 29 03 18 | 11
#1597-d119 @A: 02 03 13 34 | 12
#1598-d119 @A: 02 27 03 01 | 06
#1599-d119 @A: 03 07 35 30 | 02
#1600-d119 @A: 03 29 15 23 | 04
#1601-d119 @A: 17 24 03 34 | 08
#1602-d119 @A: 01 03 34 29 | 01
#1603-d119 @A: 18 08 26 34 | 07
#1604-d119 @A: 05 08 29 18 | 10
#1605-d119 @A: 07 16 08 18 | 09
#1606-d119 @A: 02 16 08 24 | 03
#1607-d119 @A: 33 28 08 02 | 05
#1608-d119 @A: 16 05 08 28 | 11
#1609-d119 @A: 23 08 06 32 | 12
#1610-d119 @A: 32 10 16 08 | 06
#1611-d119 @A: 08 11 35 22 | 02
#1612-d119 @A: 08 13 34 01 | 04
#1613-d119 @A: 30 28 08 27 | 08
#1614-d119 @A: 26 22 29 14 | 01
#1615-d119 @A: 14 09 17 31 | 07
#1616-d119 @A: 14 12 13 16 | 10
#1617-d119 @A: 02 14 09 30 | 09
#1618-d119 @A: 09 30 14 33 | 03
#1619-d119 @A: 06 14 35 02 | 05
#1620-d119 @A: 07 02 14 32 | 11
#1621-d119 @A: 05 07 22 14 | 12
#1622-d119 @A: 16 14 22 06 | 06
#1623-d119 @A: 06 14 17 32 | 02
#1624-d119 @A: 14 27 10 35 | 04
#1625-d119 @A: 21 22 14 15 | 08
#1626-d119 @A: 01 17 14 35 | 01
#1627-d119 @A: 24 35 29 14 | 07
#1628-d119 @A: 30 13 29 14 | 10
#1629-d119 @A: 13 17 14 23 | 09
#1630-d119 @A: 07 34 14 29 | 03
#1631-d119 @A: 18 31 11 26 | 05
#1632-d119 @A: 32 26 24 31 | 11
#1633-d119 @A: 22 34 07 26 | 12
#1634-d119 @A: 34 15 26 28 | 06
#1635-d119 @A: 24 26 27 07 | 02
#1636-d119 @A: 23 26 34 29 | 04
#1637-d119 @A: 02 12 31 24 | 08
#1638-d119 @A: 18 31 24 10 | 01
#1639-d119 @A: 33 10 05 31 | 07
#1640-d119 @A: 23 15 35 31 | 10
#1641-d119 @A: 34 13 28 31 | 09
#1642-d119 @A: 22 30 31 07 | 03
#1643-d119 @A: 29 23 22 31 | 05
#1644-d119 @A: 01 31 30 27 | 11
#1645-d119 @A: 31 29 15 27 | 12
#1646-d119 @A: 12 24 09 35 | 06
#1647-d119 @A: 33 12 06 18 | 02
#1648-d119 @A: 12 16 35 18 | 04
#1649-d119 @A: 34 12 17 05 | 08
#1650-d119 @A: 07 16 10 12 | 01
#1651-d119 @A: 35 12 34 30 | 07
#1652-d119 @A: 30 13 11 12 | 10
#1653-d119 @A: 12 27 30 07 | 09
#1654-d119 @A: 15 11 12 07 | 03
#1655-d119 @A: 09 15 11 05 | 05
#1656-d119 @A: 29 09 13 17 | 11
#1657-d119 @A: 09 22 01 34 | 12
#1658-d119 @A: 34 01 18 21 | 06
#1659-d119 @A: 18 17 13 24 | 02
#1660-d119 @A: 13 23 18 34 | 04
#1661-d119 @A: 22 18 15 28 | 08
#1662-d119 @A: 18 15 17 33 | 01
#1663-d119 @A: 27 11 18 17 | 07
#1664-d119 @A: 29 28 33 18 | 10
#1665-d119 @A: 02 11 17 21 | 09
#1666-d119 @A: 30 02 17 13 | 03
#1667-d119 @A: 29 07 02 13 | 05
#1668-d119 @A: 24 05 06 01 | 11
#1669-d119 @A: 13 05 15 35 | 12
#1670-d119 @A: 27 05 24 35 | 06
#1671-d119 @A: 13 30 05 34 | 02
#1672-d119 @A: 07 35 06 24 | 04
#1673-d119 @A: 33 29 06 35 | 08
#1674-d119 @A: 30 06 22 13 | 01
#1675-d119 @A: 06 23 13 01 | 07
#1676-d119 @A: 33 13 06 07 | 10
#1677-d119 @A: 17 06 27 30 | 09
#1678-d119 @A: 27 24 06 34 | 03
#1679-d119 @A: 10 33 15 16 | 05
#1680-d119 @A: 13 27 33 16 | 11
#1681-d119 @A: 16 28 24 34 | 12
#1682-d119 @A: 11 10 22 15 | 06
#1683-d119 @A: 32 22 21 11 | 02
#1684-d119 @A: 15 11 35 32 | 04
#1685-d119 @A: 17 32 34 30 | 08
#1686-d119 @A: 21 33 23 01 | 01
#1687-d119 @A: 33 28 27 35 | 07
#1688-d119 @A: 35 33 07 01 | 10
#1689-d119 @A: 24 01 33 13 | 09
