#0001-d265 @A: 23 22 32 21 | 01
#0002-d265 @A: 29 32 24 07 | 04
#0003-d265 @A: 08 07 24 32 | 05
#0004-d265 @A: 17 32 21 24 | 12
#0005-d265 @A: 32 34 18 11 | 09
#0006-d265 @A: 32 27 19 31 | 02
#0007-d265 @A: 32 19 08 27 | 10
#0008-d265 @A: 35 32 31 22 | 11
#0009-d265 @A: 12 22 18 32 | 06
#0010-d265 @A: 35 05 32 16 | 08
#0011-d265 @A: 32 08 03 14 | 07
#0012-d265 @A: 23 29 33 26 | 03
#0013-d265 @A: 16 33 35 23 | 01
#0014-d265 @A: 23 24 25 21 | 04
#0015-d265 @A: 29 23 19 08 | 05
#0016-d265 @A: 23 35 17 07 | 12
#0017-d265 @A: 35 29 14 23 | 09
#0018-d265 @A: 10 23 04 07 | 02
#0019-d265 @A: 23 05 11 21 | 10
#0020-d265 @A: 23 25 13 30 | 11
#0021-d265 @A: 23 18 08 14 | 06
#0022-d265 @A: 02 23 16 29 | 08
#0023-d265 @A: 10 06 01 23 | 07
#0024-d265 @A: 05 26 24 33 | 03
#0025-d265 @A: 35 33 31 26 | 01
#0026-d265 @A: 27 26 33 10 | 04
#0027-d265 @A: 27 24 31 33 | 05
#0028-d265 @A: 16 24 33 08 | 12
#0029-d265 @A: 33 24 21 06 | 09
#0030-d265 @A: 22 01 34 33 | 02
#0031-d265 @A: 29 34 33 14 | 10
#0032-d265 @A: 33 06 05 19 | 11
#0033-d265 @A: 27 33 08 01 | 06
#0034-d265 @A: 01 05 07 33 | 08
#0035-d265 @A: 07 33 09 25 | 07
#0036-d265 @A: 33 07 10 15 | 03
#0037-d265 @A: 18 33 12 17 | 01
#0038-d265 @A: 04 21 33 16 | 04
#0039-d265 @A: 08 33 17 31 | 05
#0040-d265 @A: 08 21 15 33 | 12
#0041-d265 @A: 08 11 33 10 | 09
#0042-d265 @A: 26 11 13 34 | 02
#0043-d265 @A: 31 26 20 27 | 10
#0044-d265 @A: 28 03 26 13 | 11
#0045-d265 @A: 29 26 27 13 | 06
#0046-d265 @A: 26 02 09 05 | 08
#0047-d265 @A: 25 13 01 26 | 07
#0048-d265 @A: 29 09 26 04 | 03
#0049-d265 @A: 30 11 29 26 | 01
#0050-d265 @A: 21 29 26 06 | 04
#0051-d265 @A: 02 10 15 26 | 05
#0052-d265 @A: 24 30 34 35 | 12
#0053-d265 @A: 27 34 08 24 | 09
#0054-d265 @A: 24 04 34 05 | 02
#0055-d265 @A: 04 31 19 24 | 10
#0056-d265 @A: 10 20 24 15 | 11
#0057-d265 @A: 09 05 24 14 | 06
#0058-d265 @A: 24 06 12 29 | 08
#0059-d265 @A: 06 16 24 15 | 07
#0060-d265 @A: 16 35 34 22 | 03
#0061-d265 @A: 07 35 34 29 | 01
#0062-d265 @A: 18 14 20 34 | 04
#0063-d265 @A: 07 18 34 03 | 05
#0064-d265 @A: 15 03 34 25 | 12
#0065-d265 @A: 27 15 05 34 | 09
#0066-d265 @A: 13 34 31 27 | 02
#0067-d265 @A: 34 07 17 12 | 10
#0068-d265 @A: 34 16 15 28 | 11
#0069-d265 @A: 30 01 31 34 | 06
#0070-d265 @A: 01 30 35 19 | 08
#0071-d265 @A: 07 09 12 19 | 07
#0072-d265 @A: 25 12 19 02 | 03
#0073-d265 @A: 29 02 19 04 | 01
#0074-d265 @A: 10 31 06 19 | 04
#0075-d265 @A: 20 35 10 22 | 05
#0076-d265 @A: 35 27 21 22 | 12
#0077-d265 @A: 20 05 22 07 | 09
#0078-d265 @A: 22 11 07 13 | 02
#0079-d265 @A: 22 29 12 14 | 10
#0080-d265 @A: 13 09 22 01 | 11
#0081-d265 @A: 01 22 14 08 | 06
#0082-d265 @A: 22 29 15 04 | 08
#0083-d265 @A: 08 02 22 16 | 07
#0084-d265 @A: 08 22 04 06 | 03
#0085-d265 @A: 35 11 20 08 | 01
#0086-d265 @A: 16 35 27 15 | 04
#0087-d265 @A: 02 14 35 08 | 05
#0088-d265 @A: 35 09 06 10 | 12
#0089-d265 @A: 10 28 16 35 | 09
#0090-d265 @A: 30 07 14 20 | 02
#0091-d265 @A: 29 20 10 30 | 10
#0092-d265 @A: 02 20 09 31 | 11
#0093-d265 @A: 16 11 20 31 | 06
#0094-d265 @A: 06 20 31 30 | 08
#0095-d265 @A: 05 03 14 29 | 07
#0096-d265 @A: 13 12 30 03 | 03
#0097-d265 @A: 03 13 21 09 | 01
#0098-d265 @A: 17 06 09 03 | 04
#0099-d265 @A: 15 04 30 03 | 05
#0100-d265 @A: 15 03 08 01 | 12
#0101-d265 @A: 27 25 10 31 | 09
#0102-d265 @A: 30 27 09 16 | 02
#0103-d265 @A: 28 27 16 31 | 10
#0104-d265 @A: 11 02 16 27 | 11
#0105-d265 @A: 27 28 17 18 | 06
#0106-d265 @A: 05 11 25 07 | 08
#0107-d265 @A: 07 02 11 12 | 07
#0108-d265 @A: 10 07 28 06 | 03
#0109-d265 @A: 28 04 07 18 | 01
#0110-d265 @A: 07 06 11 18 | 04
#0111-d265 @A: 10 07 18 31 | 05
#0112-d265 @A: 05 06 01 09 | 12
#0113-d265 @A: 01 05 21 02 | 09
#0114-d265 @A: 05 11 18 15 | 02
#0115-d265 @A: 16 11 12 17 | 10
#0116-d265 @A: 15 28 12 31 | 11
#0117-d265 @A: 30 18 04 12 | 06
#0118-d265 @A: 29 13 06 30 | 08
#0119-d265 @A: 31 16 18 13 | 07
#0120-d265 @A: 15 01 13 04 | 03
#0121-d265 @A: 14 30 25 02 | 01
#0122-d265 @A: 15 14 17 25 | 04
#0123-d265 @A: 30 25 29 16 | 05
#0124-d265 @A: 10 09 25 01 | 12
#0125-d265 @A: 10 25 16 11 | 09
#0126-d265 @A: 14 18 09 11 | 02
#0127-d265 @A: 31 14 16 04 | 10
#0128-d265 @A: 14 01 30 17 | 11
#0129-d265 @A: 02 06 15 08 | 06
#0130-d265 @A: 34 23 32 35 | 08
#0131-d265 @A: 21 32 12 26 | 07
#0132-d265 @A: 02 32 25 26 | 03
#0133-d265 @A: 24 32 09 03 | 01
#0134-d265 @A: 15 32 14 34 | 04
#0135-d265 @A: 08 32 34 01 | 05
#0136-d265 @A: 03 29 32 19 | 12
#0137-d265 @A: 32 17 19 05 | 09
#0138-d265 @A: 32 25 18 19 | 02
#0139-d265 @A: 35 32 07 09 | 10
#0140-d265 @A: 32 29 35 10 | 11
#0141-d265 @A: 15 03 13 32 | 06
#0142-d265 @A: 27 30 32 06 | 08
#0143-d265 @A: 17 32 04 27 | 07
#0144-d265 @A: 06 07 32 05 | 03
#0145-d265 @A: 12 25 32 30 | 01
#0146-d265 @A: 32 08 12 25 | 04
#0147-d265 @A: 21 09 32 11 | 05
#0148-d265 @A: 01 15 16 32 | 12
#0149-d265 @A: 30 28 32 11 | 09
#0150-d265 @A: 01 11 32 02 | 02
#0151-d265 @A: 34 07 23 26 | 10
#0152-d265 @A: 24 23 22 29 | 11
#0153-d265 @A: 11 34 23 03 | 06
#0154-d265 @A: 13 23 09 34 | 08
#0155-d265 @A: 23 16 34 14 | 07
#0156-d265 @A: 12 19 23 04 | 03
#0157-d265 @A: 31 19 23 08 | 01
#0158-d265 @A: 14 17 23 22 | 04
#0159-d265 @A: 20 23 27 16 | 05
#0160-d265 @A: 27 18 23 04 | 12
#0161-d265 @A: 07 11 14 23 | 09
#0162-d265 @A: 15 11 23 09 | 02
#0163-d265 @A: 24 33 18 34 | 10
#0164-d265 @A: 30 22 24 33 | 11
#0165-d265 @A: 33 24 35 17 | 06
#0166-d265 @A: 33 14 28 24 | 08
#0167-d265 @A: 25 04 34 33 | 07
#0168-d265 @A: 30 19 33 14 | 03
#0169-d265 @A: 22 18 03 33 | 01
#0170-d265 @A: 22 13 33 27 | 04
#0171-d265 @A: 20 03 28 33 | 05
#0172-d265 @A: 31 18 33 20 | 12
#0173-d265 @A: 05 33 15 25 | 09
#0174-d265 @A: 33 18 25 13 | 02
#0175-d265 @A: 33 16 30 18 | 10
#0176-d265 @A: 11 33 10 18 | 11
#0177-d265 @A: 21 26 09 24 | 06
#0178-d265 @A: 10 03 34 26 | 08
#0179-d265 @A: 34 21 26 25 | 07
#0180-d265 @A: 22 04 26 12 | 03
#0181-d265 @A: 29 26 35 20 | 01
#0182-d265 @A: 08 35 18 26 | 04
#0183-d265 @A: 26 25 30 20 | 05
#0184-d265 @A: 27 26 06 25 | 12
#0185-d265 @A: 07 26 06 31 | 09
#0186-d265 @A: 08 15 25 26 | 02
#0187-d265 @A: 30 06 26 09 | 10
#0188-d265 @A: 26 30 01 15 | 11
#0189-d265 @A: 21 01 26 04 | 06
#0190-d265 @A: 26 15 31 04 | 08
#0191-d265 @A: 24 34 12 27 | 07
#0192-d265 @A: 34 01 24 14 | 03
#0193-d265 @A: 35 05 19 24 | 01
#0194-d265 @A: 20 13 28 24 | 04
#0195-d265 @A: 05 30 12 24 | 05
#0196-d265 @A: 14 15 12 24 | 12
#0197-d265 @A: 25 13 06 24 | 09
#0198-d265 @A: 24 28 29 11 | 02
#0199-d265 @A: 24 16 30 01 | 10
#0200-d265 @A: 27 34 19 03 | 11
#0201-d265 @A: 34 07 06 22 | 06
#0202-d265 @A: 34 05 17 22 | 08
#0203-d265 @A: 05 21 20 34 | 07
#0204-d265 @A: 01 12 34 03 | 03
#0205-d265 @A: 34 08 18 07 | 01
#0206-d265 @A: 13 05 08 34 | 04
#0207-d265 @A: 13 14 25 34 | 05
#0208-d265 @A: 13 16 34 30 | 12
#0209-d265 @A: 17 13 15 34 | 09
#0210-d265 @A: 06 17 25 34 | 02
#0211-d265 @A: 34 14 17 10 | 10
#0212-d265 @A: 16 08 15 34 | 11
#0213-d265 @A: 06 08 34 11 | 06
#0214-d265 @A: 29 35 19 12 | 08
#0215-d265 @A: 12 20 19 30 | 07
#0216-d265 @A: 29 16 19 27 | 03
#0217-d265 @A: 21 19 27 15 | 01
#0218-d265 @A: 14 19 15 05 | 04
#0219-d265 @A: 14 19 11 13 | 05
#0220-d265 @A: 19 28 17 29 | 12
#0221-d265 @A: 01 18 29 19 | 09
#0222-d265 @A: 15 19 16 30 | 02
#0223-d265 @A: 18 06 21 19 | 10
#0224-d265 @A: 01 21 19 31 | 11
#0225-d265 @A: 08 21 19 04 | 06
#0226-d265 @A: 29 35 05 22 | 08
#0227-d265 @A: 27 07 04 22 | 07
#0228-d265 @A: 16 22 27 05 | 03
#0229-d265 @A: 12 08 22 10 | 01
#0230-d265 @A: 09 18 22 31 | 04
#0231-d265 @A: 22 02 16 30 | 05
#0232-d265 @A: 22 04 17 06 | 12
#0233-d265 @A: 12 20 35 16 | 09
#0234-d265 @A: 35 05 13 01 | 02
#0235-d265 @A: 13 35 09 28 | 10
#0236-d265 @A: 17 21 35 16 | 11
#0237-d265 @A: 04 35 17 28 | 06
#0238-d265 @A: 20 03 15 27 | 08
#0239-d265 @A: 20 02 05 12 | 07
#0240-d265 @A: 29 20 12 11 | 03
#0241-d265 @A: 21 14 20 02 | 01
#0242-d265 @A: 20 08 29 06 | 04
#0243-d265 @A: 29 21 20 01 | 05
#0244-d265 @A: 11 28 17 20 | 12
#0245-d265 @A: 20 10 04 31 | 09
#0246-d265 @A: 10 07 03 02 | 02
#0247-d265 @A: 03 29 15 17 | 10
#0248-d265 @A: 03 02 28 17 | 11
#0249-d265 @A: 28 03 04 11 | 06
#0250-d265 @A: 08 03 10 18 | 08
#0251-d265 @A: 27 05 31 07 | 07
#0252-d265 @A: 17 07 13 27 | 03
#0253-d265 @A: 21 27 05 12 | 01
#0254-d265 @A: 10 17 29 27 | 04
#0255-d265 @A: 30 27 18 11 | 05
#0256-d265 @A: 06 17 31 27 | 12
#0257-d265 @A: 27 02 21 17 | 09
#0258-d265 @A: 12 07 15 13 | 02
#0259-d265 @A: 14 02 07 13 | 10
#0260-d265 @A: 02 07 17 29 | 11
#0261-d265 @A: 16 07 10 30 | 06
#0262-d265 @A: 07 08 31 01 | 08
#0263-d265 @A: 05 12 01 04 | 07
#0264-d265 @A: 01 30 28 05 | 03
#0265-d265 @A: 12 09 28 29 | 01
#0266-d265 @A: 02 09 15 12 | 04
#0267-d265 @A: 12 28 02 06 | 05
#0268-d265 @A: 17 21 12 06 | 12
#0269-d265 @A: 13 06 28 01 | 09
#0270-d265 @A: 31 04 13 28 | 02
#0271-d265 @A: 04 28 13 08 | 10
#0272-d265 @A: 10 30 21 13 | 11
#0273-d265 @A: 14 06 25 11 | 06
#0274-d265 @A: 04 09 15 25 | 08
#0275-d265 @A: 25 11 30 01 | 07
#0276-d265 @A: 16 14 11 21 | 03
#0277-d265 @A: 30 14 11 10 | 01
#0278-d265 @A: 29 31 08 28 | 04
#0279-d265 @A: 04 02 08 29 | 05
#0280-d265 @A: 28 08 10 21 | 12
#0281-d265 @A: 23 25 04 32 | 09
#0282-d265 @A: 28 23 32 17 | 02
#0283-d265 @A: 19 33 32 22 | 10
#0284-d265 @A: 32 15 26 20 | 11
#0285-d265 @A: 32 26 10 08 | 06
#0286-d265 @A: 32 24 31 14 | 08
#0287-d265 @A: 05 32 09 22 | 07
#0288-d265 @A: 06 20 14 32 | 03
#0289-d265 @A: 14 07 32 04 | 01
#0290-d265 @A: 07 32 02 31 | 04
#0291-d265 @A: 05 32 15 12 | 05
#0292-d265 @A: 32 04 10 16 | 12
#0293-d265 @A: 15 32 31 30 | 09
#0294-d265 @A: 31 34 23 24 | 02
#0295-d265 @A: 19 24 23 17 | 10
#0296-d265 @A: 02 23 24 12 | 11
#0297-d265 @A: 24 23 15 08 | 06
#0298-d265 @A: 34 08 25 23 | 08
#0299-d265 @A: 04 03 22 23 | 07
#0300-d265 @A: 22 10 27 23 | 03
#0301-d265 @A: 22 23 27 08 | 01
#0302-d265 @A: 23 04 35 05 | 04
#0303-d265 @A: 31 23 25 35 | 05
#0304-d265 @A: 15 35 01 23 | 12
#0305-d265 @A: 23 01 20 08 | 09
#0306-d265 @A: 03 12 29 23 | 02
#0307-d265 @A: 14 31 03 23 | 10
#0308-d265 @A: 05 06 23 27 | 11
#0309-d265 @A: 23 07 05 09 | 06
#0310-d265 @A: 05 28 14 23 | 08
#0311-d265 @A: 02 23 01 13 | 07
#0312-d265 @A: 25 23 29 09 | 03
#0313-d265 @A: 23 21 02 06 | 01
#0314-d265 @A: 23 31 18 21 | 04
#0315-d265 @A: 33 26 20 12 | 05
#0316-d265 @A: 29 13 33 19 | 12
#0317-d265 @A: 31 33 15 22 | 09
#0318-d265 @A: 35 27 33 11 | 02
#0319-d265 @A: 20 13 33 15 | 10
#0320-d265 @A: 20 33 29 25 | 11
#0321-d265 @A: 33 14 11 20 | 06
#0322-d265 @A: 33 20 04 09 | 08
#0323-d265 @A: 27 17 33 14 | 07
#0324-d265 @A: 27 15 33 30 | 03
#0325-d265 @A: 18 33 13 08 | 01
#0326-d265 @A: 33 16 25 01 | 04
#0327-d265 @A: 29 17 30 33 | 05
#0328-d265 @A: 26 13 15 24 | 12
#0329-d265 @A: 26 18 19 14 | 09
#0330-d265 @A: 09 18 35 26 | 02
#0331-d265 @A: 26 18 20 11 | 10
#0332-d265 @A: 03 14 26 02 | 11
#0333-d265 @A: 16 27 07 26 | 06
#0334-d265 @A: 27 08 28 26 | 08
#0335-d265 @A: 05 12 07 26 | 07
#0336-d265 @A: 26 10 18 12 | 03
#0337-d265 @A: 26 11 08 04 | 01
#0338-d265 @A: 24 22 34 10 | 04
#0339-d265 @A: 13 22 24 17 | 05
#0340-d265 @A: 24 07 10 35 | 12
#0341-d265 @A: 16 24 11 07 | 09
#0342-d265 @A: 24 29 21 31 | 02
#0343-d265 @A: 19 22 09 34 | 10
#0344-d265 @A: 34 19 12 11 | 11
#0345-d265 @A: 20 22 34 31 | 06
#0346-d265 @A: 13 22 04 34 | 08
#0347-d265 @A: 18 35 25 34 | 07
#0348-d265 @A: 07 15 34 20 | 03
#0349-d265 @A: 34 09 20 08 | 01
#0350-d265 @A: 27 30 04 34 | 04
#0351-d265 @A: 13 01 07 34 | 05
#0352-d265 @A: 34 05 25 28 | 12
#0353-d265 @A: 28 34 02 13 | 09
#0354-d265 @A: 34 17 28 30 | 02
#0355-d265 @A: 34 30 18 06 | 10
#0356-d265 @A: 30 15 34 02 | 11
#0357-d265 @A: 19 08 11 22 | 06
#0358-d265 @A: 16 19 20 13 | 08
#0359-d265 @A: 03 05 19 09 | 07
#0360-d265 @A: 19 03 01 28 | 03
#0361-d265 @A: 19 08 03 30 | 01
#0362-d265 @A: 09 27 19 14 | 04
#0363-d265 @A: 28 31 19 05 | 05
#0364-d265 @A: 19 09 25 06 | 12
#0365-d265 @A: 16 19 17 31 | 09
#0366-d265 @A: 28 19 17 08 | 02
#0367-d265 @A: 19 17 18 30 | 10
#0368-d265 @A: 21 19 11 30 | 11
#0369-d265 @A: 04 21 19 17 | 06
#0370-d265 @A: 11 19 01 04 | 08
#0371-d265 @A: 07 02 35 22 | 07
#0372-d265 @A: 20 22 08 31 | 03
#0373-d265 @A: 27 12 22 31 | 01
#0374-d265 @A: 31 22 07 29 | 04
#0375-d265 @A: 22 13 06 16 | 05
#0376-d265 @A: 21 14 22 04 | 12
#0377-d265 @A: 29 09 21 22 | 09
#0378-d265 @A: 21 22 06 11 | 02
#0379-d265 @A: 35 20 27 04 | 10
#0380-d265 @A: 08 35 13 27 | 11
#0381-d265 @A: 17 05 12 35 | 06
#0382-d265 @A: 35 14 10 31 | 08
#0383-d265 @A: 09 02 17 35 | 07
#0384-d265 @A: 09 21 01 35 | 03
#0385-d265 @A: 09 31 35 11 | 01
#0386-d265 @A: 04 35 21 11 | 04
#0387-d265 @A: 30 20 05 27 | 05
#0388-d265 @A: 20 12 25 10 | 12
#0389-d265 @A: 12 06 20 15 | 09
#0390-d265 @A: 20 31 13 25 | 02
#0391-d265 @A: 21 20 16 30 | 10
#0392-d265 @A: 04 20 16 15 | 11
#0393-d265 @A: 02 20 01 18 | 06
#0394-d265 @A: 03 27 13 11 | 08
#0395-d265 @A: 03 27 17 30 | 07
#0396-d265 @A: 05 28 03 12 | 03
#0397-d265 @A: 28 03 15 09 | 01
#0398-d265 @A: 02 08 03 09 | 04
#0399-d265 @A: 15 06 31 03 | 05
#0400-d265 @A: 18 03 21 11 | 12
#0401-d265 @A: 12 27 14 16 | 09
#0402-d265 @A: 25 27 04 13 | 02
#0403-d265 @A: 27 06 08 14 | 10
#0404-d265 @A: 09 27 06 29 | 11
#0405-d265 @A: 15 08 27 29 | 06
#0406-d265 @A: 06 04 16 27 | 08
#0407-d265 @A: 27 31 02 30 | 07
#0408-d265 @A: 27 21 06 10 | 03
#0409-d265 @A: 27 31 18 01 | 01
#0410-d265 @A: 12 21 14 07 | 04
#0411-d265 @A: 07 16 08 10 | 05
#0412-d265 @A: 01 28 31 07 | 12
#0413-d265 @A: 05 06 12 08 | 09
#0414-d265 @A: 10 29 05 01 | 02
#0415-d265 @A: 05 17 08 18 | 10
#0416-d265 @A: 04 21 25 12 | 11
#0417-d265 @A: 31 10 12 02 | 06
#0418-d265 @A: 17 11 29 13 | 08
#0419-d265 @A: 06 11 31 13 | 07
#0420-d265 @A: 29 18 17 25 | 03
#0421-d265 @A: 21 25 15 10 | 01
#0422-d265 @A: 25 08 31 11 | 04
#0423-d265 @A: 04 15 02 14 | 05
#0424-d265 @A: 11 09 01 08 | 12
#0425-d265 @A: 08 04 16 01 | 09
#0426-d265 @A: 15 33 23 32 | 02
#0427-d265 @A: 32 12 33 29 | 10
#0428-d265 @A: 21 33 31 32 | 11
#0429-d265 @A: 32 24 27 02 | 06
#0430-d265 @A: 35 19 32 06 | 08
#0431-d265 @A: 22 32 03 06 | 07
#0432-d265 @A: 32 15 22 27 | 03
#0433-d265 @A: 30 22 32 07 | 01
#0434-d265 @A: 30 22 32 08 | 04
#0435-d265 @A: 01 17 22 32 | 05
#0436-d265 @A: 32 18 02 35 | 12
#0437-d265 @A: 25 32 09 27 | 09
#0438-d265 @A: 14 10 27 32 | 02
#0439-d265 @A: 09 17 18 32 | 10
#0440-d265 @A: 28 15 18 32 | 11
#0441-d265 @A: 26 02 17 23 | 06
#0442-d265 @A: 35 03 09 23 | 08
#0443-d265 @A: 10 23 35 13 | 07
#0444-d265 @A: 23 21 03 07 | 03
#0445-d265 @A: 27 29 07 23 | 01
#0446-d265 @A: 23 06 07 13 | 04
#0447-d265 @A: 25 07 23 02 | 05
#0448-d265 @A: 04 23 12 08 | 12
#0449-d265 @A: 08 11 23 30 | 09
#0450-d265 @A: 11 26 17 33 | 02
#0451-d265 @A: 35 33 12 10 | 10
#0452-d265 @A: 25 30 35 33 | 11
#0453-d265 @A: 33 27 03 06 | 06
#0454-d265 @A: 33 25 03 10 | 08
#0455-d265 @A: 29 18 27 33 | 07
#0456-d265 @A: 09 06 33 18 | 03
#0457-d265 @A: 30 04 28 33 | 01
#0458-d265 @A: 24 19 26 16 | 04
#0459-d265 @A: 18 24 26 27 | 05
#0460-d265 @A: 15 26 35 34 | 12
#0461-d265 @A: 34 06 05 26 | 09
#0462-d265 @A: 21 26 07 19 | 02
#0463-d265 @A: 07 22 26 28 | 10
#0464-d265 @A: 13 26 35 16 | 11
#0465-d265 @A: 01 26 06 35 | 06
#0466-d265 @A: 16 14 20 26 | 08
#0467-d265 @A: 26 03 21 27 | 07
#0468-d265 @A: 14 26 01 27 | 03
#0469-d265 @A: 07 29 14 26 | 01
#0470-d265 @A: 14 26 12 09 | 04
#0471-d265 @A: 26 28 25 04 | 05
#0472-d265 @A: 26 28 29 10 | 12
#0473-d265 @A: 20 34 16 24 | 09
#0474-d265 @A: 13 29 34 24 | 02
#0475-d265 @A: 24 07 22 12 | 10
#0476-d265 @A: 16 22 24 31 | 11
#0477-d265 @A: 20 21 35 24 | 06
#0478-d265 @A: 24 16 09 35 | 08
#0479-d265 @A: 20 08 24 05 | 07
#0480-d265 @A: 21 12 24 03 | 03
#0481-d265 @A: 24 21 27 07 | 01
#0482-d265 @A: 11 12 25 24 | 04
#0483-d265 @A: 12 24 09 10 | 05
#0484-d265 @A: 24 30 18 14 | 12
#0485-d265 @A: 29 24 16 18 | 09
#0486-d265 @A: 21 08 09 24 | 02
#0487-d265 @A: 24 09 11 02 | 10
#0488-d265 @A: 35 08 34 19 | 11
#0489-d265 @A: 10 34 07 19 | 06
#0490-d265 @A: 02 34 19 05 | 08
#0491-d265 @A: 34 06 27 20 | 07
#0492-d265 @A: 09 03 02 34 | 03
#0493-d265 @A: 08 03 28 34 | 01
#0494-d265 @A: 07 14 34 09 | 04
#0495-d265 @A: 34 08 21 12 | 05
#0496-d265 @A: 29 31 10 34 | 12
#0497-d265 @A: 34 01 10 18 | 09
#0498-d265 @A: 15 35 13 19 | 02
#0499-d265 @A: 35 19 16 25 | 10
#0500-d265 @A: 35 18 04 19 | 11
#0501-d265 @A: 14 19 03 25 | 06
#0502-d265 @A: 19 31 07 14 | 08
#0503-d265 @A: 25 19 05 21 | 07
#0504-d265 @A: 31 09 29 19 | 03
#0505-d265 @A: 19 17 11 09 | 01
#0506-d265 @A: 16 10 19 08 | 04
#0507-d265 @A: 15 19 31 11 | 05
#0508-d265 @A: 30 09 35 22 | 12
#0509-d265 @A: 15 05 13 22 | 09
#0510-d265 @A: 31 22 13 14 | 02
#0511-d265 @A: 17 31 22 02 | 10
#0512-d265 @A: 10 02 01 22 | 11
#0513-d265 @A: 35 13 11 20 | 06
#0514-d265 @A: 25 03 35 21 | 08
#0515-d265 @A: 17 08 07 35 | 07
#0516-d265 @A: 13 35 21 06 | 03
#0517-d265 @A: 31 01 16 35 | 01
#0518-d265 @A: 20 07 11 03 | 04
#0519-d265 @A: 25 20 04 03 | 05
#0520-d265 @A: 20 25 03 08 | 12
#0521-d265 @A: 10 03 20 14 | 09
#0522-d265 @A: 10 06 20 16 | 02
#0523-d265 @A: 30 20 18 28 | 10
#0524-d265 @A: 11 20 15 21 | 11
#0525-d265 @A: 03 09 11 29 | 06
#0526-d265 @A: 02 15 21 03 | 08
#0527-d265 @A: 15 03 18 01 | 07
#0528-d265 @A: 25 27 17 05 | 03
#0529-d265 @A: 12 18 27 06 | 01
#0530-d265 @A: 21 09 27 18 | 04
#0531-d265 @A: 05 13 16 07 | 05
#0532-d265 @A: 07 14 05 10 | 12
#0533-d265 @A: 08 07 28 25 | 09
#0534-d265 @A: 07 06 16 09 | 02
#0535-d265 @A: 07 09 04 11 | 10
#0536-d265 @A: 16 02 07 18 | 11
#0537-d265 @A: 31 11 07 30 | 06
#0538-d265 @A: 07 18 15 17 | 08
#0539-d265 @A: 15 07 04 08 | 07
#0540-d265 @A: 18 06 29 05 | 03
#0541-d265 @A: 29 02 11 05 | 01
#0542-d265 @A: 10 21 09 05 | 04
#0543-d265 @A: 10 31 05 16 | 05
#0544-d265 @A: 05 16 18 04 | 12
#0545-d265 @A: 29 12 01 17 | 09
#0546-d265 @A: 29 15 12 21 | 02
#0547-d265 @A: 29 12 18 31 | 10
#0548-d265 @A: 12 31 09 01 | 11
#0549-d265 @A: 21 16 31 12 | 06
#0550-d265 @A: 02 01 12 30 | 08
#0551-d265 @A: 13 30 11 04 | 07
#0552-d265 @A: 02 13 08 11 | 03
#0553-d265 @A: 14 01 25 04 | 01
#0554-d265 @A: 06 31 16 25 | 04
#0555-d265 @A: 10 25 04 30 | 05
#0556-d265 @A: 10 08 25 06 | 12
#0557-d265 @A: 25 04 06 02 | 09
#0558-d265 @A: 28 29 21 14 | 02
#0559-d265 @A: 14 31 29 30 | 10
#0560-d265 @A: 16 09 15 14 | 11
#0561-d265 @A: 10 09 08 14 | 06
#0562-d265 @A: 01 15 14 06 | 08
#0563-d265 @A: 21 16 29 08 | 07
#0564-d265 @A: 08 28 16 11 | 03
#0565-d265 @A: 32 24 23 01 | 01
#0566-d265 @A: 23 27 32 03 | 04
#0567-d265 @A: 32 02 23 14 | 05
#0568-d265 @A: 09 32 08 23 | 12
#0569-d265 @A: 05 29 26 32 | 09
#0570-d265 @A: 05 01 34 32 | 02
#0571-d265 @A: 35 32 17 20 | 10
#0572-d265 @A: 21 35 08 32 | 11
#0573-d265 @A: 13 32 02 20 | 06
#0574-d265 @A: 25 01 32 20 | 08
#0575-d265 @A: 32 05 10 03 | 07
#0576-d265 @A: 03 18 16 32 | 03
#0577-d265 @A: 03 01 21 32 | 01
#0578-d265 @A: 21 32 25 13 | 04
#0579-d265 @A: 02 29 32 21 | 05
#0580-d265 @A: 01 04 32 29 | 12
#0581-d265 @A: 32 09 02 16 | 09
#0582-d265 @A: 31 32 09 06 | 02
#0583-d265 @A: 32 18 01 06 | 10
#0584-d265 @A: 21 04 15 32 | 11
#0585-d265 @A: 03 33 01 23 | 06
#0586-d265 @A: 23 13 33 31 | 08
#0587-d265 @A: 26 27 23 30 | 07
#0588-d265 @A: 34 27 23 17 | 03
#0589-d265 @A: 23 28 18 34 | 01
#0590-d265 @A: 29 19 20 23 | 04
#0591-d265 @A: 20 23 18 22 | 05
#0592-d265 @A: 23 35 21 12 | 12
#0593-d265 @A: 23 20 02 03 | 09
#0594-d265 @A: 03 23 08 16 | 02
#0595-d265 @A: 23 18 05 12 | 10
#0596-d265 @A: 18 14 13 23 | 11
#0597-d265 @A: 04 16 23 13 | 06
#0598-d265 @A: 10 08 13 23 | 08
#0599-d265 @A: 29 23 28 04 | 07
#0600-d265 @A: 15 23 10 29 | 03
#0601-d265 @A: 04 23 09 21 | 01
#0602-d265 @A: 01 16 17 23 | 04
#0603-d265 @A: 15 23 17 31 | 05
#0604-d265 @A: 23 02 18 10 | 12
#0605-d265 @A: 11 10 31 23 | 09
#0606-d265 @A: 04 03 33 26 | 02
#0607-d265 @A: 13 33 30 26 | 10
#0608-d265 @A: 34 09 05 33 | 11
#0609-d265 @A: 15 12 34 33 | 06
#0610-d265 @A: 20 33 22 02 | 08
#0611-d265 @A: 14 35 33 15 | 07
#0612-d265 @A: 16 05 20 33 | 03
#0613-d265 @A: 11 12 13 33 | 01
#0614-d265 @A: 28 08 33 06 | 04
#0615-d265 @A: 15 02 18 33 | 05
#0616-d265 @A: 19 34 26 28 | 12
#0617-d265 @A: 26 22 31 25 | 09
#0618-d265 @A: 35 12 26 30 | 02
#0619-d265 @A: 28 20 26 05 | 10
#0620-d265 @A: 03 12 26 11 | 11
#0621-d265 @A: 13 17 26 05 | 06
#0622-d265 @A: 16 26 14 08 | 08
#0623-d265 @A: 26 14 28 30 | 07
#0624-d265 @A: 16 26 21 18 | 03
#0625-d265 @A: 01 16 02 26 | 01
#0626-d265 @A: 25 19 24 01 | 04
#0627-d265 @A: 14 22 02 24 | 05
#0628-d265 @A: 13 24 35 31 | 12
#0629-d265 @A: 13 05 27 24 | 09
#0630-d265 @A: 01 24 27 06 | 02
#0631-d265 @A: 24 25 29 05 | 10
#0632-d265 @A: 05 24 06 10 | 11
#0633-d265 @A: 13 16 10 24 | 06
#0634-d265 @A: 09 18 24 15 | 08
#0635-d265 @A: 30 11 24 06 | 07
#0636-d265 @A: 06 31 24 02 | 03
#0637-d265 @A: 14 34 12 02 | 01
#0638-d265 @A: 29 06 16 34 | 04
#0639-d265 @A: 09 01 16 34 | 05
#0640-d265 @A: 09 10 30 34 | 12
#0641-d265 @A: 34 21 17 18 | 09
#0642-d265 @A: 31 17 11 34 | 02
#0643-d265 @A: 01 15 21 34 | 10
#0644-d265 @A: 15 34 04 18 | 11
#0645-d265 @A: 22 04 19 20 | 06
#0646-d265 @A: 19 12 01 22 | 08
#0647-d265 @A: 10 25 19 22 | 07
#0648-d265 @A: 19 07 35 11 | 03
#0649-d265 @A: 02 19 27 20 | 01
#0650-d265 @A: 27 19 06 13 | 04
#0651-d265 @A: 08 19 15 05 | 05
#0652-d265 @A: 13 10 01 19 | 12
#0653-d265 @A: 17 06 14 19 | 09
#0654-d265 @A: 06 04 28 19 | 02
#0655-d265 @A: 20 22 03 16 | 10
#0656-d265 @A: 25 09 22 20 | 11
#0657-d265 @A: 03 22 09 14 | 06
#0658-d265 @A: 10 28 05 22 | 08
#0659-d265 @A: 22 29 10 18 | 07
#0660-d265 @A: 30 01 18 22 | 03
#0661-d265 @A: 15 17 22 08 | 01
#0662-d265 @A: 18 22 15 06 | 04
#0663-d265 @A: 09 14 35 20 | 05
#0664-d265 @A: 35 08 03 31 | 12
#0665-d265 @A: 05 07 35 21 | 09
#0666-d265 @A: 35 13 30 07 | 02
#0667-d265 @A: 35 07 15 04 | 10
#0668-d265 @A: 12 35 09 25 | 11
#0669-d265 @A: 10 17 25 35 | 06
#0670-d265 @A: 03 17 13 20 | 08
#0671-d265 @A: 14 20 29 27 | 07
#0672-d265 @A: 08 13 20 21 | 03
#0673-d265 @A: 14 08 20 04 | 01
#0674-d265 @A: 20 21 28 10 | 04
#0675-d265 @A: 29 21 30 27 | 05
#0676-d265 @A: 27 09 11 10 | 12
#0677-d265 @A: 11 01 27 17 | 09
#0678-d265 @A: 08 07 14 13 | 02
#0679-d265 @A: 30 15 07 09 | 10
#0680-d265 @A: 07 31 16 15 | 11
#0681-d265 @A: 11 15 01 07 | 06
#0682-d265 @A: 17 29 04 05 | 08
#0683-d265 @A: 11 30 05 16 | 07
#0684-d265 @A: 05 30 04 02 | 03
#0685-d265 @A: 02 17 05 06 | 01
#0686-d265 @A: 14 06 13 12 | 04
#0687-d265 @A: 15 30 12 11 | 05
#0688-d265 @A: 21 02 12 18 | 12
#0689-d265 @A: 31 11 04 12 | 09
#0690-d265 @A: 15 30 28 13 | 02
#0691-d265 @A: 15 31 13 10 | 10
#0692-d265 @A: 02 09 18 25 | 11
#0693-d265 @A: 15 25 16 18 | 06
#0694-d265 @A: 06 14 02 29 | 08
#0695-d265 @A: 14 30 06 16 | 07
#0696-d265 @A: 02 10 08 01 | 03
#0697-d265 @A: 26 32 06 23 | 01
#0698-d265 @A: 01 35 33 32 | 04
#0699-d265 @A: 32 33 17 13 | 05
#0700-d265 @A: 34 06 32 24 | 12
#0701-d265 @A: 32 15 24 35 | 09
#0702-d265 @A: 22 02 34 32 | 02
#0703-d265 @A: 01 14 32 19 | 10
#0704-d265 @A: 20 32 29 22 | 11
#0705-d265 @A: 25 03 28 32 | 06
#0706-d265 @A: 18 05 32 27 | 08
#0707-d265 @A: 12 10 32 07 | 07
#0708-d265 @A: 05 11 13 32 | 03
#0709-d265 @A: 32 05 08 29 | 01
#0710-d265 @A: 32 16 12 06 | 04
#0711-d265 @A: 32 29 25 15 | 05
#0712-d265 @A: 32 17 10 31 | 12
#0713-d265 @A: 02 33 23 08 | 09
#0714-d265 @A: 11 23 19 26 | 02
#0715-d265 @A: 13 23 22 26 | 10
#0716-d265 @A: 23 05 26 31 | 11
#0717-d265 @A: 26 15 14 23 | 06
#0718-d265 @A: 20 24 23 06 | 08
#0719-d265 @A: 24 30 03 23 | 07
#0720-d265 @A: 34 06 23 19 | 03
#0721-d265 @A: 34 23 21 30 | 01
#0722-d265 @A: 23 28 20 15 | 04
#0723-d265 @A: 23 28 03 10 | 05
#0724-d265 @A: 23 28 21 13 | 12
#0725-d265 @A: 29 18 11 23 | 09
#0726-d265 @A: 23 16 28 09 | 02
#0727-d265 @A: 23 21 16 15 | 10
#0728-d265 @A: 06 15 23 04 | 11
#0729-d265 @A: 26 22 21 33 | 06
#0730-d265 @A: 20 24 07 33 | 08
#0731-d265 @A: 33 15 24 03 | 07
#0732-d265 @A: 02 25 33 24 | 03
#0733-d265 @A: 31 34 03 33 | 01
#0734-d265 @A: 13 33 06 34 | 04
#0735-d265 @A: 09 19 33 35 | 05
#0736-d265 @A: 02 19 33 07 | 12
#0737-d265 @A: 22 33 12 05 | 09
#0738-d265 @A: 25 17 33 22 | 02
#0739-d265 @A: 10 33 22 14 | 10
#0740-d265 @A: 22 33 09 11 | 11
#0741-d265 @A: 33 12 03 02 | 06
#0742-d265 @A: 21 33 03 14 | 08
#0743-d265 @A: 09 03 30 33 | 07
#0744-d265 @A: 14 07 33 06 | 03
#0745-d265 @A: 33 25 12 28 | 01
#0746-d265 @A: 01 33 12 14 | 04
#0747-d265 @A: 31 30 12 33 | 05
#0748-d265 @A: 16 09 31 33 | 12
#0749-d265 @A: 33 06 16 17 | 09
#0750-d265 @A: 33 02 10 06 | 02
#0751-d265 @A: 26 01 29 34 | 10
#0752-d265 @A: 12 26 06 19 | 11
#0753-d265 @A: 22 30 03 26 | 06
#0754-d265 @A: 03 22 08 26 | 08
#0755-d265 @A: 11 22 14 26 | 07
#0756-d265 @A: 10 22 06 26 | 03
#0757-d265 @A: 17 27 26 35 | 01
#0758-d265 @A: 03 26 18 05 | 04
#0759-d265 @A: 15 12 26 27 | 05
#0760-d265 @A: 29 26 31 16 | 12
#0761-d265 @A: 15 29 26 18 | 09
#0762-d265 @A: 28 26 31 09 | 02
#0763-d265 @A: 01 09 11 26 | 10
#0764-d265 @A: 16 26 04 30 | 11
#0765-d265 @A: 26 18 01 28 | 06
#0766-d265 @A: 21 11 31 26 | 08
#0767-d265 @A: 08 28 22 24 | 07
#0768-d265 @A: 24 35 08 01 | 03
#0769-d265 @A: 24 25 15 27 | 01
#0770-d265 @A: 24 15 31 05 | 04
#0771-d265 @A: 25 24 21 08 | 05
#0772-d265 @A: 24 31 08 10 | 12
#0773-d265 @A: 24 15 04 11 | 09
#0774-d265 @A: 34 35 19 17 | 02
#0775-d265 @A: 34 03 22 21 | 10
#0776-d265 @A: 22 34 29 25 | 11
#0777-d265 @A: 05 31 34 35 | 06
#0778-d265 @A: 28 35 14 34 | 08
#0779-d265 @A: 04 34 35 08 | 07
#0780-d265 @A: 03 30 20 34 | 03
#0781-d265 @A: 34 25 20 11 | 01
#0782-d265 @A: 16 07 34 25 | 04
#0783-d265 @A: 08 34 17 14 | 05
#0784-d265 @A: 06 09 34 11 | 12
#0785-d265 @A: 06 34 28 31 | 09
#0786-d265 @A: 01 34 02 06 | 02
#0787-d265 @A: 34 31 02 21 | 10
#0788-d265 @A: 02 19 35 14 | 11
#0789-d265 @A: 19 28 20 14 | 06
#0790-d265 @A: 03 11 19 06 | 08
#0791-d265 @A: 10 05 27 19 | 07
#0792-d265 @A: 19 10 15 17 | 03
#0793-d265 @A: 12 35 11 22 | 01
#0794-d265 @A: 22 01 35 14 | 04
#0795-d265 @A: 20 22 13 30 | 05
#0796-d265 @A: 27 06 14 22 | 12
#0797-d265 @A: 07 18 22 21 | 09
#0798-d265 @A: 09 22 06 02 | 02
#0799-d265 @A: 11 28 31 22 | 10
#0800-d265 @A: 06 22 01 31 | 11
#0801-d265 @A: 11 22 10 04 | 06
#0802-d265 @A: 35 27 30 14 | 08
#0803-d265 @A: 25 35 06 07 | 07
#0804-d265 @A: 16 35 14 07 | 03
#0805-d265 @A: 13 12 35 04 | 01
#0806-d265 @A: 18 12 14 35 | 04
#0807-d265 @A: 29 09 15 35 | 05
#0808-d265 @A: 15 35 28 02 | 12
#0809-d265 @A: 30 11 17 35 | 09
#0810-d265 @A: 06 18 31 35 | 02
#0811-d265 @A: 35 15 11 10 | 10
#0812-d265 @A: 07 18 12 20 | 11
#0813-d265 @A: 05 20 09 15 | 06
#0814-d265 @A: 11 05 20 10 | 08
#0815-d265 @A: 20 18 16 17 | 07
#0816-d265 @A: 08 16 17 20 | 03
#0817-d265 @A: 20 21 18 04 | 01
#0818-d265 @A: 27 05 01 03 | 04
#0819-d265 @A: 27 08 03 04 | 05
#0820-d265 @A: 13 03 07 31 | 12
#0821-d265 @A: 29 03 25 07 | 09
#0822-d265 @A: 03 05 13 06 | 02
#0823-d265 @A: 29 03 16 21 | 10
#0824-d265 @A: 06 03 16 28 | 11
#0825-d265 @A: 04 17 31 03 | 06
#0826-d265 @A: 07 27 15 14 | 08
#0827-d265 @A: 08 07 02 27 | 07
#0828-d265 @A: 05 27 28 29 | 03
#0829-d265 @A: 02 27 28 09 | 01
#0830-d265 @A: 05 02 15 07 | 04
#0831-d265 @A: 12 07 01 25 | 05
#0832-d265 @A: 07 31 21 09 | 12
#0833-d265 @A: 01 07 16 04 | 09
#0834-d265 @A: 01 07 30 21 | 02
#0835-d265 @A: 21 04 07 02 | 10
#0836-d265 @A: 14 05 30 13 | 11
#0837-d265 @A: 05 21 06 16 | 06
#0838-d265 @A: 17 05 15 01 | 08
#0839-d265 @A: 28 16 30 12 | 07
#0840-d265 @A: 31 12 08 16 | 03
#0841-d265 @A: 28 08 12 01 | 01
#0842-d265 @A: 15 13 25 11 | 04
#0843-d265 @A: 30 13 18 09 | 05
#0844-d265 @A: 15 06 09 13 | 12
#0845-d265 @A: 06 16 13 08 | 09
#0846-d265 @A: 01 13 11 18 | 02
#0847-d265 @A: 29 25 14 10 | 10
#0848-d265 @A: 29 06 28 25 | 11
#0849-d265 @A: 28 25 21 17 | 06
#0850-d265 @A: 25 01 17 31 | 08
#0851-d265 @A: 21 01 25 06 | 07
#0852-d265 @A: 25 10 06 18 | 03
#0853-d265 @A: 08 14 11 29 | 01
#0854-d265 @A: 17 21 14 09 | 04
#0855-d265 @A: 31 14 28 17 | 05
#0856-d265 @A: 14 10 21 01 | 12
#0857-d265 @A: 18 23 07 32 | 09
#0858-d265 @A: 33 32 10 24 | 02
#0859-d265 @A: 32 06 33 25 | 10
#0860-d265 @A: 26 30 32 34 | 11
#0861-d265 @A: 10 19 32 26 | 06
#0862-d265 @A: 26 35 32 04 | 08
#0863-d265 @A: 03 26 32 31 | 07
#0864-d265 @A: 14 32 17 26 | 03
#0865-d265 @A: 32 30 24 13 | 01
#0866-d265 @A: 19 32 13 34 | 04
#0867-d265 @A: 32 34 20 09 | 05
#0868-d265 @A: 03 34 32 17 | 12
#0869-d265 @A: 25 10 32 34 | 09
#0870-d265 @A: 16 32 31 34 | 02
#0871-d265 @A: 32 15 07 19 | 10
#0872-d265 @A: 25 22 32 11 | 11
#0873-d265 @A: 04 32 03 02 | 06
#0874-d265 @A: 05 31 32 25 | 08
#0875-d265 @A: 32 04 13 06 | 07
#0876-d265 @A: 13 31 32 01 | 03
#0877-d265 @A: 13 08 31 32 | 01
#0878-d265 @A: 32 04 09 28 | 04
#0879-d265 @A: 32 02 08 28 | 05
#0880-d265 @A: 02 32 10 30 | 12
#0881-d265 @A: 32 10 11 06 | 09
#0882-d265 @A: 15 06 02 32 | 02
#0883-d265 @A: 34 10 23 33 | 10
#0884-d265 @A: 23 21 33 20 | 11
#0885-d265 @A: 28 26 23 35 | 06
#0886-d265 @A: 26 25 18 23 | 08
#0887-d265 @A: 34 12 20 23 | 07
#0888-d265 @A: 23 03 19 13 | 03
#0889-d265 @A: 28 25 23 19 | 01
#0890-d265 @A: 06 23 22 35 | 04
#0891-d265 @A: 23 05 22 02 | 05
#0892-d265 @A: 35 02 23 11 | 12
#0893-d265 @A: 20 23 07 31 | 09
#0894-d265 @A: 23 07 12 28 | 02
#0895-d265 @A: 28 06 30 23 | 10
#0896-d265 @A: 33 14 26 25 | 11
#0897-d265 @A: 12 24 16 33 | 06
#0898-d265 @A: 19 33 34 16 | 08
#0899-d265 @A: 33 12 19 21 | 07
#0900-d265 @A: 06 20 35 33 | 03
#0901-d265 @A: 28 33 07 35 | 01
#0902-d265 @A: 33 01 27 20 | 04
#0903-d265 @A: 33 27 25 21 | 05
#0904-d265 @A: 31 07 17 33 | 12
#0905-d265 @A: 33 10 30 05 | 09
#0906-d265 @A: 08 33 25 14 | 02
#0907-d265 @A: 15 33 01 29 | 10
#0908-d265 @A: 06 11 33 28 | 11
#0909-d265 @A: 30 33 01 06 | 06
#0910-d265 @A: 01 31 33 10 | 08
#0911-d265 @A: 24 34 26 17 | 07
#0912-d265 @A: 26 24 30 07 | 03
#0913-d265 @A: 26 10 25 24 | 01
#0914-d265 @A: 03 20 06 26 | 04
#0915-d265 @A: 20 10 01 26 | 05
#0916-d265 @A: 10 11 07 26 | 12
#0917-d265 @A: 05 16 26 25 | 09
#0918-d265 @A: 12 26 02 29 | 02
#0919-d265 @A: 10 09 16 26 | 10
#0920-d265 @A: 26 09 28 08 | 11
#0921-d265 @A: 02 21 28 26 | 06
#0922-d265 @A: 08 31 06 26 | 08
#0923-d265 @A: 27 24 29 35 | 07
#0924-d265 @A: 17 24 29 20 | 03
#0925-d265 @A: 24 18 07 05 | 01
#0926-d265 @A: 21 14 24 13 | 04
#0927-d265 @A: 24 29 13 08 | 05
#0928-d265 @A: 09 01 24 29 | 12
#0929-d265 @A: 24 15 30 29 | 09
#0930-d265 @A: 30 17 10 24 | 02
#0931-d265 @A: 24 18 21 01 | 10
#0932-d265 @A: 31 11 24 18 | 11
#0933-d265 @A: 19 01 34 20 | 06
#0934-d265 @A: 19 18 31 34 | 08
#0935-d265 @A: 22 14 34 30 | 07
#0936-d265 @A: 35 20 34 02 | 03
#0937-d265 @A: 16 34 03 05 | 01
#0938-d265 @A: 06 14 03 34 | 04
#0939-d265 @A: 19 02 03 22 | 05
#0940-d265 @A: 27 25 11 19 | 12
#0941-d265 @A: 18 19 11 02 | 09
#0942-d265 @A: 03 17 22 35 | 02
#0943-d265 @A: 20 22 11 01 | 10
#0944-d265 @A: 28 22 03 27 | 11
#0945-d265 @A: 22 05 25 04 | 06
#0946-d265 @A: 05 08 22 01 | 08
#0947-d265 @A: 09 04 22 16 | 07
#0948-d265 @A: 21 16 22 01 | 03
#0949-d265 @A: 22 17 21 15 | 01
#0950-d265 @A: 21 08 22 18 | 04
#0951-d265 @A: 20 15 35 18 | 05
#0952-d265 @A: 12 31 35 07 | 12
#0953-d265 @A: 01 35 29 28 | 09
#0954-d265 @A: 16 02 35 06 | 02
#0955-d265 @A: 10 01 04 35 | 10
#0956-d265 @A: 03 20 18 29 | 11
#0957-d265 @A: 09 20 27 13 | 06
#0958-d265 @A: 28 09 20 07 | 08
#0959-d265 @A: 11 09 20 30 | 07
#0960-d265 @A: 09 20 21 06 | 03
#0961-d265 @A: 04 12 03 27 | 01
#0962-d265 @A: 03 07 14 28 | 04
#0963-d265 @A: 05 17 03 21 | 05
#0964-d265 @A: 03 25 11 31 | 12
#0965-d265 @A: 03 31 01 29 | 09
#0966-d265 @A: 03 06 04 01 | 02
#0967-d265 @A: 14 02 05 27 | 10
#0968-d265 @A: 27 29 12 25 | 11
#0969-d265 @A: 31 04 27 21 | 06
#0970-d265 @A: 27 02 04 10 | 08
#0971-d265 @A: 08 12 07 09 | 07
#0972-d265 @A: 14 01 07 18 | 03
#0973-d265 @A: 07 02 09 01 | 01
#0974-d265 @A: 30 28 07 02 | 04
#0975-d265 @A: 05 12 29 13 | 05
#0976-d265 @A: 05 09 13 25 | 12
#0977-d265 @A: 05 08 09 17 | 09
#0978-d265 @A: 15 28 06 05 | 02
#0979-d265 @A: 08 05 10 04 | 10
#0980-d265 @A: 29 08 18 12 | 11
#0981-d265 @A: 13 28 29 18 | 06
#0982-d265 @A: 04 13 21 29 | 08
#0983-d265 @A: 21 18 15 13 | 07
#0984-d265 @A: 25 21 09 16 | 03
#0985-d265 @A: 25 17 16 04 | 01
#0986-d265 @A: 25 30 31 21 | 04
#0987-d265 @A: 04 11 18 25 | 05
#0988-d265 @A: 14 06 28 18 | 12
#0989-d265 @A: 17 29 08 01 | 09
#0990-d265 @A: 18 11 28 08 | 02
#0991-d265 @A: 04 08 32 33 | 10
#0992-d265 @A: 16 32 26 22 | 11
#0993-d265 @A: 18 32 26 13 | 06
#0994-d265 @A: 32 21 07 34 | 08
#0995-d265 @A: 22 14 28 32 | 07
#0996-d265 @A: 35 32 30 21 | 03
#0997-d265 @A: 20 12 32 03 | 01
#0998-d265 @A: 32 30 03 14 | 04
#0999-d265 @A: 14 32 05 21 | 05
#1000-d265 @A: 29 17 06 32 | 12
#1001-d265 @A: 31 32 11 29 | 09
#1002-d265 @A: 01 32 09 30 | 02
#1003-d265 @A: 16 30 32 17 | 10
#1004-d265 @A: 33 12 23 06 | 11
#1005-d265 @A: 01 05 19 23 | 06
#1006-d265 @A: 23 21 19 14 | 08
#1007-d265 @A: 23 03 17 18 | 07
#1008-d265 @A: 12 23 11 27 | 03
#1009-d265 @A: 06 23 31 29 | 01
#1010-d265 @A: 16 23 18 06 | 04
#1011-d265 @A: 31 02 28 23 | 05
#1012-d265 @A: 01 28 11 23 | 12
#1013-d265 @A: 18 30 23 15 | 09
#1014-d265 @A: 33 26 34 02 | 02
#1015-d265 @A: 33 20 34 17 | 10
#1016-d265 @A: 07 33 34 27 | 11
#1017-d265 @A: 30 11 34 33 | 06
#1018-d265 @A: 19 20 33 10 | 08
#1019-d265 @A: 33 28 19 27 | 07
#1020-d265 @A: 35 03 29 33 | 03
#1021-d265 @A: 16 13 33 03 | 01
#1022-d265 @A: 28 33 18 21 | 04
#1023-d265 @A: 33 04 31 06 | 05
#1024-d265 @A: 18 33 04 01 | 12
#1025-d265 @A: 02 24 26 35 | 09
#1026-d265 @A: 29 26 24 03 | 02
#1027-d265 @A: 26 04 20 34 | 10
#1028-d265 @A: 22 19 35 26 | 11
#1029-d265 @A: 19 04 27 26 | 06
#1030-d265 @A: 29 26 25 19 | 08
#1031-d265 @A: 26 02 19 31 | 07
#1032-d265 @A: 15 09 26 22 | 03
#1033-d265 @A: 26 11 25 35 | 01
#1034-d265 @A: 21 26 14 35 | 04
#1035-d265 @A: 20 26 13 21 | 05
#1036-d265 @A: 26 11 27 05 | 12
#1037-d265 @A: 25 15 26 07 | 09
#1038-d265 @A: 05 14 04 26 | 02
#1039-d265 @A: 12 17 25 26 | 10
#1040-d265 @A: 26 06 17 28 | 11
#1041-d265 @A: 28 11 26 15 | 06
#1042-d265 @A: 04 17 26 10 | 08
#1043-d265 @A: 26 06 18 04 | 07
#1044-d265 @A: 24 09 34 25 | 03
#1045-d265 @A: 19 27 24 30 | 01
#1046-d265 @A: 22 24 05 21 | 04
#1047-d265 @A: 11 24 20 27 | 05
#1048-d265 @A: 01 24 03 07 | 12
#1049-d265 @A: 11 08 03 24 | 09
#1050-d265 @A: 24 14 07 17 | 02
#1051-d265 @A: 17 04 09 24 | 10
#1052-d265 @A: 02 16 24 21 | 11
#1053-d265 @A: 10 24 31 28 | 06
#1054-d265 @A: 30 24 04 21 | 08
#1055-d265 @A: 17 15 02 24 | 07
#1056-d265 @A: 17 08 24 04 | 03
#1057-d265 @A: 04 18 24 10 | 01
#1058-d265 @A: 14 19 04 34 | 04
#1059-d265 @A: 13 34 20 10 | 05
#1060-d265 @A: 01 34 27 28 | 12
#1061-d265 @A: 34 11 07 28 | 09
#1062-d265 @A: 04 07 31 34 | 02
#1063-d265 @A: 09 34 12 18 | 10
#1064-d265 @A: 29 15 34 11 | 11
#1065-d265 @A: 07 19 08 20 | 06
#1066-d265 @A: 01 19 27 07 | 08
#1067-d265 @A: 05 19 16 12 | 07
#1068-d265 @A: 13 05 04 19 | 03
#1069-d265 @A: 12 14 08 19 | 01
#1070-d265 @A: 19 29 10 11 | 04
#1071-d265 @A: 30 19 09 28 | 05
#1072-d265 @A: 09 19 21 02 | 12
#1073-d265 @A: 01 19 08 18 | 09
#1074-d265 @A: 31 03 05 22 | 02
#1075-d265 @A: 12 03 10 22 | 10
#1076-d265 @A: 25 22 27 30 | 11
#1077-d265 @A: 22 08 13 09 | 06
#1078-d265 @A: 16 29 22 11 | 08
#1079-d265 @A: 17 22 16 10 | 07
#1080-d265 @A: 30 21 28 22 | 03
#1081-d265 @A: 11 02 15 22 | 01
#1082-d265 @A: 22 02 04 18 | 04
#1083-d265 @A: 35 27 18 07 | 05
#1084-d265 @A: 06 28 35 27 | 12
#1085-d265 @A: 08 35 05 25 | 09
#1086-d265 @A: 31 29 17 35 | 02
#1087-d265 @A: 30 35 31 28 | 10
#1088-d265 @A: 30 08 28 35 | 11
#1089-d265 @A: 06 15 35 17 | 06
#1090-d265 @A: 17 35 18 01 | 08
#1091-d265 @A: 21 35 02 10 | 07
#1092-d265 @A: 02 31 04 35 | 03
#1093-d265 @A: 10 27 20 07 | 01
#1094-d265 @A: 12 13 01 20 | 04
#1095-d265 @A: 20 14 31 12 | 05
#1096-d265 @A: 07 03 16 17 | 12
#1097-d265 @A: 03 06 08 07 | 09
#1098-d265 @A: 29 30 28 03 | 02
#1099-d265 @A: 04 03 18 09 | 10
#1100-d265 @A: 03 16 02 31 | 11
#1101-d265 @A: 11 03 16 01 | 06
#1102-d265 @A: 03 28 31 21 | 08
#1103-d265 @A: 03 30 18 31 | 07
#1104-d265 @A: 07 30 27 12 | 03
#1105-d265 @A: 07 25 27 28 | 01
#1106-d265 @A: 01 27 30 13 | 04
#1107-d265 @A: 09 01 04 27 | 05
#1108-d265 @A: 11 28 27 21 | 12
#1109-d265 @A: 17 08 27 10 | 09
#1110-d265 @A: 27 08 21 11 | 02
#1111-d265 @A: 28 21 16 07 | 10
#1112-d265 @A: 21 15 07 06 | 11
#1113-d265 @A: 12 06 31 05 | 06
#1114-d265 @A: 02 13 10 05 | 08
#1115-d265 @A: 25 18 05 01 | 07
#1116-d265 @A: 09 05 18 28 | 03
#1117-d265 @A: 12 18 01 16 | 01
#1118-d265 @A: 01 12 15 10 | 04
#1119-d265 @A: 15 14 13 29 | 05
#1120-d265 @A: 10 09 29 13 | 12
#1121-d265 @A: 13 15 08 30 | 09
#1122-d265 @A: 25 09 29 08 | 02
#1123-d265 @A: 29 25 01 02 | 10
#1124-d265 @A: 02 28 25 10 | 11
#1125-d265 @A: 29 16 17 14 | 06
#1126-d265 @A: 18 04 29 14 | 08
#1127-d265 @A: 14 28 15 08 | 07
#1128-d265 @A: 08 30 21 06 | 03
#1129-d265 @A: 23 29 32 13 | 01
#1130-d265 @A: 32 09 26 33 | 04
#1131-d265 @A: 11 24 26 32 | 05
#1132-d265 @A: 26 07 01 32 | 12
#1133-d265 @A: 18 24 32 20 | 09
#1134-d265 @A: 16 24 25 32 | 02
#1135-d265 @A: 32 20 11 19 | 10
#1136-d265 @A: 16 21 19 32 | 11
#1137-d265 @A: 14 32 25 35 | 06
#1138-d265 @A: 05 20 32 04 | 08
#1139-d265 @A: 11 12 14 32 | 07
#1140-d265 @A: 33 23 09 24 | 03
#1141-d265 @A: 33 18 23 19 | 01
#1142-d265 @A: 16 03 26 23 | 04
#1143-d265 @A: 23 10 26 21 | 05
#1144-d265 @A: 14 24 10 23 | 12
#1145-d265 @A: 34 15 22 23 | 09
#1146-d265 @A: 34 23 01 25 | 02
#1147-d265 @A: 31 23 22 19 | 10
#1148-d265 @A: 07 23 16 19 | 11
#1149-d265 @A: 08 06 23 35 | 06
#1150-d265 @A: 05 20 13 23 | 08
#1151-d265 @A: 03 23 05 15 | 07
#1152-d265 @A: 01 21 27 23 | 03
#1153-d265 @A: 12 10 23 16 | 01
#1154-d265 @A: 06 23 09 14 | 04
#1155-d265 @A: 06 17 23 11 | 05
#1156-d265 @A: 08 33 26 20 | 12
#1157-d265 @A: 16 26 33 28 | 09
#1158-d265 @A: 17 33 19 03 | 02
#1159-d265 @A: 04 22 35 33 | 10
#1160-d265 @A: 33 35 08 12 | 11
#1161-d265 @A: 09 33 12 27 | 06
#1162-d265 @A: 12 04 33 07 | 08
#1163-d265 @A: 05 08 14 33 | 07
#1164-d265 @A: 09 13 14 33 | 03
#1165-d265 @A: 04 33 10 13 | 01
#1166-d265 @A: 16 14 33 02 | 04
#1167-d265 @A: 17 09 33 01 | 05
#1168-d265 @A: 34 26 22 18 | 12
#1169-d265 @A: 34 26 31 14 | 09
#1170-d265 @A: 08 26 34 30 | 02
#1171-d265 @A: 03 35 07 26 | 10
#1172-d265 @A: 03 01 17 26 | 11
#1173-d265 @A: 13 10 26 14 | 06
#1174-d265 @A: 17 21 26 30 | 08
#1175-d265 @A: 18 26 30 02 | 07
#1176-d265 @A: 24 34 28 03 | 03
#1177-d265 @A: 28 24 07 19 | 01
#1178-d265 @A: 19 08 06 24 | 04
#1179-d265 @A: 01 15 24 22 | 05
#1180-d265 @A: 30 24 20 02 | 12
#1181-d265 @A: 05 02 03 24 | 09
#1182-d265 @A: 03 04 13 24 | 02
#1183-d265 @A: 07 06 24 04 | 10
#1184-d265 @A: 05 11 17 24 | 11
#1185-d265 @A: 18 13 12 24 | 06
#1186-d265 @A: 17 18 24 06 | 08
#1187-d265 @A: 30 34 25 19 | 07
#1188-d265 @A: 29 19 34 21 | 03
#1189-d265 @A: 28 22 12 34 | 01
#1190-d265 @A: 02 25 27 34 | 04
#1191-d265 @A: 05 34 18 13 | 05
#1192-d265 @A: 05 34 11 14 | 12
#1193-d265 @A: 10 29 08 34 | 09
#1194-d265 @A: 09 15 31 34 | 02
#1195-d265 @A: 06 07 19 20 | 10
#1196-d265 @A: 07 18 19 13 | 11
#1197-d265 @A: 19 25 07 04 | 06
#1198-d265 @A: 28 19 13 12 | 08
#1199-d265 @A: 19 13 17 25 | 07
#1200-d265 @A: 30 19 13 31 | 03
#1201-d265 @A: 29 15 19 06 | 01
#1202-d265 @A: 16 09 19 18 | 04
#1203-d265 @A: 06 02 30 19 | 05
#1204-d265 @A: 35 25 15 22 | 12
#1205-d265 @A: 29 27 01 22 | 09
#1206-d265 @A: 22 08 25 07 | 02
#1207-d265 @A: 05 18 22 14 | 10
#1208-d265 @A: 22 12 16 15 | 11
#1209-d265 @A: 22 09 28 17 | 06
#1210-d265 @A: 30 22 15 10 | 08
#1211-d265 @A: 11 17 22 18 | 07
#1212-d265 @A: 35 03 28 18 | 03
#1213-d265 @A: 03 02 01 35 | 01
#1214-d265 @A: 27 05 09 35 | 04
#1215-d265 @A: 27 12 35 02 | 05
#1216-d265 @A: 14 06 05 35 | 12
#1217-d265 @A: 13 17 35 14 | 09
#1218-d265 @A: 29 02 30 35 | 02
#1219-d265 @A: 18 16 35 11 | 10
#1220-d265 @A: 20 29 13 07 | 11
#1221-d265 @A: 14 04 20 13 | 06
#1222-d265 @A: 20 29 09 16 | 08
#1223-d265 @A: 31 21 20 17 | 07
#1224-d265 @A: 17 10 20 02 | 03
#1225-d265 @A: 02 20 18 08 | 01
#1226-d265 @A: 27 07 09 03 | 04
#1227-d265 @A: 04 07 05 03 | 05
#1228-d265 @A: 06 03 12 07 | 12
#1229-d265 @A: 15 03 16 10 | 09
#1230-d265 @A: 16 27 13 21 | 02
#1231-d265 @A: 30 10 28 27 | 10
#1232-d265 @A: 27 28 15 04 | 11
#1233-d265 @A: 29 12 16 07 | 06
#1234-d265 @A: 07 11 21 17 | 08
#1235-d265 @A: 14 16 01 05 | 07
#1236-d265 @A: 05 30 16 08 | 03
#1237-d265 @A: 05 28 21 04 | 01
#1238-d265 @A: 05 10 17 18 | 04
#1239-d265 @A: 02 31 05 18 | 05
#1240-d265 @A: 12 29 04 10 | 12
#1241-d265 @A: 12 21 28 01 | 09
#1242-d265 @A: 21 11 10 12 | 02
#1243-d265 @A: 08 13 17 25 | 10
#1244-d265 @A: 01 13 29 16 | 11
#1245-d265 @A: 13 31 02 29 | 06
#1246-d265 @A: 04 09 02 13 | 08
#1247-d265 @A: 30 17 13 02 | 07
#1248-d265 @A: 10 06 13 17 | 03
#1249-d265 @A: 13 01 06 08 | 01
#1250-d265 @A: 11 02 13 21 | 04
#1251-d265 @A: 16 14 25 28 | 05
#1252-d265 @A: 18 14 25 21 | 12
#1253-d265 @A: 21 11 29 25 | 09
#1254-d265 @A: 25 28 11 09 | 02
#1255-d265 @A: 25 02 15 31 | 10
#1256-d265 @A: 01 14 09 28 | 11
#1257-d265 @A: 02 10 14 09 | 06
#1258-d265 @A: 30 14 15 21 | 08
#1259-d265 @A: 04 31 08 09 | 07
#1260-d265 @A: 08 30 18 31 | 03
#1261-d265 @A: 32 27 16 33 | 01
#1262-d265 @A: 14 33 18 32 | 04
#1263-d265 @A: 28 26 27 32 | 05
#1264-d265 @A: 04 24 32 22 | 12
#1265-d265 @A: 19 02 28 32 | 09
#1266-d265 @A: 04 32 30 19 | 02
#1267-d265 @A: 28 12 32 35 | 10
#1268-d265 @A: 07 20 16 32 | 11
#1269-d265 @A: 01 32 27 12 | 06
#1270-d265 @A: 07 25 32 17 | 08
#1271-d265 @A: 14 32 09 29 | 07
#1272-d265 @A: 18 16 08 32 | 03
#1273-d265 @A: 28 10 01 32 | 01
#1274-d265 @A: 06 17 08 32 | 04
#1275-d265 @A: 32 15 08 11 | 05
#1276-d265 @A: 33 07 23 30 | 12
#1277-d265 @A: 02 34 04 23 | 09
#1278-d265 @A: 02 19 15 23 | 02
#1279-d265 @A: 23 22 01 07 | 10
#1280-d265 @A: 12 22 09 23 | 11
#1281-d265 @A: 16 23 22 25 | 06
#1282-d265 @A: 04 20 11 23 | 08
#1283-d265 @A: 14 25 23 27 | 07
#1284-d265 @A: 23 12 30 14 | 03
#1285-d265 @A: 09 18 01 23 | 01
#1286-d265 @A: 07 33 26 18 | 04
#1287-d265 @A: 06 33 26 15 | 05
#1288-d265 @A: 24 01 13 33 | 12
#1289-d265 @A: 25 33 19 31 | 09
#1290-d265 @A: 29 06 22 33 | 02
#1291-d265 @A: 33 35 13 02 | 10
#1292-d265 @A: 29 03 08 33 | 11
#1293-d265 @A: 13 21 07 33 | 06
#1294-d265 @A: 29 11 33 07 | 08
#1295-d265 @A: 30 33 08 07 | 07
#1296-d265 @A: 14 05 33 31 | 03
#1297-d265 @A: 10 33 16 29 | 01
#1298-d265 @A: 28 15 33 17 | 04
#1299-d265 @A: 02 01 33 28 | 05
#1300-d265 @A: 02 30 21 33 | 12
#1301-d265 @A: 33 31 11 02 | 09
#1302-d265 @A: 26 06 14 24 | 02
#1303-d265 @A: 01 26 24 31 | 10
#1304-d265 @A: 26 15 19 03 | 11
#1305-d265 @A: 13 08 26 19 | 06
#1306-d265 @A: 22 17 26 29 | 08
#1307-d265 @A: 09 25 03 26 | 07
#1308-d265 @A: 26 13 07 04 | 03
#1309-d265 @A: 15 05 21 26 | 01
#1310-d265 @A: 26 13 02 06 | 04
#1311-d265 @A: 26 01 08 21 | 05
#1312-d265 @A: 03 24 19 18 | 12
#1313-d265 @A: 19 21 24 10 | 09
#1314-d265 @A: 24 35 22 28 | 02
#1315-d265 @A: 24 03 22 11 | 10
#1316-d265 @A: 24 01 12 35 | 11
#1317-d265 @A: 20 25 24 14 | 06
#1318-d265 @A: 10 24 03 27 | 08
#1319-d265 @A: 24 08 30 14 | 07
#1320-d265 @A: 28 24 21 15 | 03
#1321-d265 @A: 18 28 24 02 | 01
#1322-d265 @A: 24 02 18 08 | 04
#1323-d265 @A: 34 35 03 13 | 05
#1324-d265 @A: 06 34 12 35 | 12
#1325-d265 @A: 04 35 34 09 | 09
#1326-d265 @A: 11 01 34 35 | 02
#1327-d265 @A: 34 29 20 28 | 10
#1328-d265 @A: 34 14 21 27 | 11
#1329-d265 @A: 34 18 16 27 | 06
#1330-d265 @A: 30 05 07 34 | 08
#1331-d265 @A: 34 10 12 05 | 07
#1332-d265 @A: 29 30 34 12 | 03
#1333-d265 @A: 34 16 17 02 | 01
#1334-d265 @A: 17 34 04 01 | 04
#1335-d265 @A: 02 11 10 34 | 05
#1336-d265 @A: 22 07 19 17 | 12
#1337-d265 @A: 19 11 22 05 | 09
#1338-d265 @A: 35 20 19 31 | 02
#1339-d265 @A: 10 19 03 35 | 10
#1340-d265 @A: 21 19 20 03 | 11
#1341-d265 @A: 18 05 19 20 | 06
#1342-d265 @A: 25 20 19 15 | 08
#1343-d265 @A: 19 04 03 16 | 07
#1344-d265 @A: 27 19 12 17 | 03
#1345-d265 @A: 14 10 19 12 | 01
#1346-d265 @A: 19 15 18 12 | 04
#1347-d265 @A: 19 28 10 18 | 05
#1348-d265 @A: 18 35 22 13 | 12
#1349-d265 @A: 20 21 22 12 | 09
#1350-d265 @A: 14 22 20 15 | 02
#1351-d265 @A: 22 03 07 15 | 10
#1352-d265 @A: 01 22 03 25 | 11
#1353-d265 @A: 22 14 07 25 | 06
#1354-d265 @A: 10 22 09 07 | 08
#1355-d265 @A: 22 30 06 05 | 07
#1356-d265 @A: 22 25 12 06 | 03
#1357-d265 @A: 01 28 04 22 | 01
#1358-d265 @A: 28 20 35 25 | 04
#1359-d265 @A: 03 35 31 27 | 05
#1360-d265 @A: 12 15 03 35 | 12
#1361-d265 @A: 16 35 30 03 | 09
#1362-d265 @A: 35 01 25 27 | 02
#1363-d265 @A: 11 28 35 05 | 10
#1364-d265 @A: 15 30 05 35 | 11
#1365-d265 @A: 13 35 29 25 | 06
#1366-d265 @A: 35 09 16 08 | 08
#1367-d265 @A: 25 18 20 27 | 07
#1368-d265 @A: 20 25 21 07 | 03
#1369-d265 @A: 06 20 13 18 | 01
#1370-d265 @A: 06 29 20 04 | 04
#1371-d265 @A: 18 10 09 20 | 05
#1372-d265 @A: 20 02 04 28 | 12
#1373-d265 @A: 30 08 20 10 | 09
#1374-d265 @A: 01 06 17 20 | 02
#1375-d265 @A: 20 06 11 02 | 10
#1376-d265 @A: 15 01 31 20 | 11
#1377-d265 @A: 27 18 14 03 | 06
#1378-d265 @A: 05 08 21 03 | 08
#1379-d265 @A: 13 02 03 25 | 07
#1380-d265 @A: 03 14 13 01 | 03
#1381-d265 @A: 03 14 15 11 | 01
#1382-d265 @A: 10 03 06 29 | 04
#1383-d265 @A: 30 17 08 03 | 05
#1384-d265 @A: 18 03 02 06 | 12
#1385-d265 @A: 08 31 27 05 | 09
#1386-d265 @A: 27 09 30 08 | 02
#1387-d265 @A: 17 27 09 15 | 10
#1388-d265 @A: 09 29 18 07 | 11
#1389-d265 @A: 04 07 30 29 | 06
#1390-d265 @A: 04 06 11 05 | 08
#1391-d265 @A: 10 05 04 15 | 07
#1392-d265 @A: 16 25 13 12 | 03
#1393-d265 @A: 14 28 12 04 | 01
#1394-d265 @A: 11 12 28 18 | 04
#1395-d265 @A: 10 06 30 12 | 05
#1396-d265 @A: 21 01 17 13 | 12
#1397-d265 @A: 09 14 25 31 | 09
#1398-d265 @A: 30 09 25 17 | 02
#1399-d265 @A: 31 18 28 25 | 10
#1400-d265 @A: 02 11 28 14 | 11
#1401-d265 @A: 18 14 17 02 | 06
#1402-d265 @A: 31 14 01 02 | 08
#1403-d265 @A: 04 29 30 08 | 07
#1404-d265 @A: 32 30 05 23 | 03
#1405-d265 @A: 23 32 12 31 | 01
#1406-d265 @A: 23 32 16 11 | 04
#1407-d265 @A: 32 28 33 34 | 05
#1408-d265 @A: 30 33 32 20 | 12
#1409-d265 @A: 07 32 03 33 | 09
#1410-d265 @A: 33 02 05 32 | 02
#1411-d265 @A: 19 32 12 24 | 10
#1412-d265 @A: 20 32 28 31 | 11
#1413-d265 @A: 20 08 32 28 | 06
#1414-d265 @A: 13 12 32 09 | 08
#1415-d265 @A: 14 16 13 32 | 07
#1416-d265 @A: 10 32 09 15 | 03
#1417-d265 @A: 28 32 06 21 | 01
#1418-d265 @A: 28 23 22 33 | 04
#1419-d265 @A: 04 24 23 26 | 05
#1420-d265 @A: 20 26 23 09 | 12
#1421-d265 @A: 23 18 35 24 | 09
#1422-d265 @A: 15 24 07 23 | 02
#1423-d265 @A: 11 24 13 23 | 10
#1424-d265 @A: 27 35 19 23 | 11
#1425-d265 @A: 35 20 23 30 | 06
#1426-d265 @A: 25 17 20 23 | 08
#1427-d265 @A: 20 01 23 14 | 07
#1428-d265 @A: 27 23 31 09 | 03
#1429-d265 @A: 08 21 07 23 | 01
#1430-d265 @A: 23 17 12 13 | 04
#1431-d265 @A: 25 23 12 15 | 05
#1432-d265 @A: 09 30 23 02 | 12
#1433-d265 @A: 23 17 10 09 | 09
#1434-d265 @A: 23 31 30 16 | 02
#1435-d265 @A: 23 17 30 04 | 10
#1436-d265 @A: 01 04 23 31 | 11
#1437-d265 @A: 33 26 01 19 | 06
#1438-d265 @A: 35 34 33 21 | 08
#1439-d265 @A: 33 19 09 08 | 07
#1440-d265 @A: 33 35 18 05 | 03
#1441-d265 @A: 33 09 29 02 | 01
#1442-d265 @A: 09 33 21 15 | 04
#1443-d265 @A: 10 33 21 17 | 05
#1444-d265 @A: 04 02 33 17 | 12
#1445-d265 @A: 01 11 21 33 | 09
#1446-d265 @A: 08 26 24 12 | 02
#1447-d265 @A: 16 12 34 26 | 10
#1448-d265 @A: 20 17 19 26 | 11
#1449-d265 @A: 13 19 09 26 | 06
#1450-d265 @A: 22 26 01 05 | 08
#1451-d265 @A: 05 26 35 10 | 07
#1452-d265 @A: 20 26 02 07 | 03
#1453-d265 @A: 26 29 07 08 | 01
#1454-d265 @A: 05 02 08 26 | 04
#1455-d265 @A: 16 11 26 06 | 05
#1456-d265 @A: 30 26 31 10 | 12
#1457-d265 @A: 26 17 31 18 | 09
#1458-d265 @A: 34 11 21 24 | 02
#1459-d265 @A: 24 19 09 20 | 10
#1460-d265 @A: 24 09 27 22 | 11
#1461-d265 @A: 18 25 24 22 | 06
#1462-d265 @A: 24 25 04 35 | 08
#1463-d265 @A: 14 11 24 35 | 07
#1464-d265 @A: 12 24 20 04 | 03
#1465-d265 @A: 24 03 25 17 | 01
#1466-d265 @A: 24 09 13 07 | 04
#1467-d265 @A: 24 07 31 25 | 05
#1468-d265 @A: 17 12 31 24 | 12
#1469-d265 @A: 24 28 25 30 | 09
#1470-d265 @A: 02 29 24 10 | 02
#1471-d265 @A: 09 06 24 28 | 10
#1472-d265 @A: 24 31 09 30 | 11
#1473-d265 @A: 24 17 28 01 | 06
#1474-d265 @A: 24 02 01 04 | 08
#1475-d265 @A: 34 27 11 22 | 07
#1476-d265 @A: 34 10 27 35 | 03
#1477-d265 @A: 03 29 34 04 | 01
#1478-d265 @A: 02 29 34 18 | 04
#1479-d265 @A: 21 28 09 34 | 05
#1480-d265 @A: 34 28 10 04 | 12
#1481-d265 @A: 27 18 22 19 | 09
#1482-d265 @A: 21 13 22 19 | 02
#1483-d265 @A: 19 22 16 14 | 10
#1484-d265 @A: 19 22 30 29 | 11
#1485-d265 @A: 28 15 22 19 | 06
#1486-d265 @A: 03 30 07 19 | 08
#1487-d265 @A: 19 01 09 15 | 07
#1488-d265 @A: 10 19 02 16 | 03
#1489-d265 @A: 22 13 12 02 | 01
#1490-d265 @A: 22 17 30 12 | 04
#1491-d265 @A: 02 28 29 22 | 05
#1492-d265 @A: 28 22 16 18 | 12
#1493-d265 @A: 22 04 31 30 | 09
#1494-d265 @A: 21 10 31 22 | 02
#1495-d265 @A: 35 20 05 03 | 10
#1496-d265 @A: 03 04 35 14 | 11
#1497-d265 @A: 16 04 35 29 | 06
#1498-d265 @A: 35 29 11 06 | 08
#1499-d265 @A: 30 35 06 04 | 07
#1500-d265 @A: 15 21 35 31 | 03
#1501-d265 @A: 10 08 35 15 | 01
#1502-d265 @A: 09 20 03 01 | 04
#1503-d265 @A: 28 12 27 20 | 05
#1504-d265 @A: 17 04 20 07 | 12
#1505-d265 @A: 05 20 25 06 | 09
#1506-d265 @A: 20 17 14 05 | 02
#1507-d265 @A: 25 02 20 16 | 10
#1508-d265 @A: 29 20 02 15 | 11
#1509-d265 @A: 16 28 20 01 | 06
#1510-d265 @A: 08 31 20 15 | 08
#1511-d265 @A: 27 02 29 03 | 07
#1512-d265 @A: 05 03 30 25 | 03
#1513-d265 @A: 08 12 03 13 | 01
#1514-d265 @A: 12 03 25 18 | 04
#1515-d265 @A: 03 12 17 14 | 05
#1516-d265 @A: 16 09 12 03 | 12
#1517-d265 @A: 13 18 03 10 | 09
#1518-d265 @A: 03 21 06 30 | 02
#1519-d265 @A: 10 03 11 17 | 10
#1520-d265 @A: 07 02 27 06 | 11
#1521-d265 @A: 10 27 12 13 | 06
#1522-d265 @A: 13 14 28 27 | 08
#1523-d265 @A: 16 25 27 08 | 07
#1524-d265 @A: 04 11 29 27 | 03
#1525-d265 @A: 10 27 16 01 | 01
#1526-d265 @A: 15 18 27 08 | 04
#1527-d265 @A: 17 05 07 28 | 05
#1528-d265 @A: 13 07 10 25 | 12
#1529-d265 @A: 15 28 29 07 | 09
#1530-d265 @A: 07 01 29 06 | 02
#1531-d265 @A: 07 30 06 17 | 10
#1532-d265 @A: 09 11 05 12 | 11
#1533-d265 @A: 13 21 05 31 | 06
#1534-d265 @A: 31 09 04 05 | 08
#1535-d265 @A: 05 31 17 30 | 07
#1536-d265 @A: 05 18 30 21 | 03
#1537-d265 @A: 04 09 06 12 | 01
#1538-d265 @A: 30 08 12 02 | 04
#1539-d265 @A: 13 16 09 11 | 05
#1540-d265 @A: 13 16 28 17 | 12
#1541-d265 @A: 15 16 02 13 | 09
#1542-d265 @A: 11 13 10 28 | 02
#1543-d265 @A: 28 01 15 25 | 10
#1544-d265 @A: 08 01 30 25 | 11
#1545-d265 @A: 11 25 02 17 | 06
#1546-d265 @A: 08 18 25 04 | 08
#1547-d265 @A: 30 14 04 09 | 07
#1548-d265 @A: 11 17 14 04 | 03
#1549-d265 @A: 31 15 18 14 | 01
#1550-d265 @A: 09 18 06 08 | 04
#1551-d265 @A: 08 21 02 17 | 05
#1552-d265 @A: 23 19 09 32 | 12
#1553-d265 @A: 32 23 10 20 | 09
#1554-d265 @A: 32 33 04 11 | 02
#1555-d265 @A: 32 28 24 05 | 10
#1556-d265 @A: 32 27 29 34 | 11
#1557-d265 @A: 04 32 12 34 | 06
#1558-d265 @A: 13 22 10 32 | 08
#1559-d265 @A: 32 35 11 03 | 07
#1560-d265 @A: 13 32 27 35 | 03
#1561-d265 @A: 20 32 21 27 | 01
#1562-d265 @A: 32 11 27 07 | 04
#1563-d265 @A: 32 28 13 07 | 05
#1564-d265 @A: 17 32 02 12 | 12
#1565-d265 @A: 28 29 16 32 | 09
#1566-d265 @A: 32 29 30 18 | 02
#1567-d265 @A: 11 32 17 15 | 10
#1568-d265 @A: 18 10 21 32 | 11
#1569-d265 @A: 04 18 32 31 | 06
#1570-d265 @A: 02 23 33 27 | 08
#1571-d265 @A: 23 05 33 17 | 07
#1572-d265 @A: 23 11 33 25 | 03
#1573-d265 @A: 33 23 04 14 | 01
#1574-d265 @A: 01 12 26 23 | 04
#1575-d265 @A: 26 17 08 23 | 05
#1576-d265 @A: 24 23 27 28 | 12
#1577-d265 @A: 24 23 16 05 | 09
#1578-d265 @A: 29 23 34 05 | 02
#1579-d265 @A: 19 23 30 10 | 10
#1580-d265 @A: 11 30 23 22 | 11
#1581-d265 @A: 03 23 06 25 | 06
#1582-d265 @A: 23 13 27 15 | 08
#1583-d265 @A: 23 25 05 10 | 07
#1584-d265 @A: 05 28 08 23 | 03
#1585-d265 @A: 23 30 01 29 | 01
#1586-d265 @A: 17 29 21 23 | 04
#1587-d265 @A: 33 19 24 11 | 05
#1588-d265 @A: 24 04 29 33 | 12
#1589-d265 @A: 34 33 22 08 | 09
#1590-d265 @A: 19 33 15 04 | 02
#1591-d265 @A: 33 07 22 16 | 10
#1592-d265 @A: 03 05 11 33 | 11
#1593-d265 @A: 27 33 05 04 | 06
#1594-d265 @A: 28 13 33 05 | 08
#1595-d265 @A: 29 05 33 21 | 07
#1596-d265 @A: 29 33 28 31 | 03
#1597-d265 @A: 09 10 28 33 | 01
#1598-d265 @A: 15 33 16 11 | 04
#1599-d265 @A: 20 22 26 24 | 05
#1600-d265 @A: 12 28 24 26 | 12
#1601-d265 @A: 26 27 09 34 | 09
#1602-d265 @A: 05 19 30 26 | 02
#1603-d265 @A: 22 02 26 27 | 10
#1604-d265 @A: 07 09 26 17 | 11
#1605-d265 @A: 12 26 13 31 | 06
#1606-d265 @A: 15 17 16 26 | 08
#1607-d265 @A: 26 11 04 02 | 07
#1608-d265 @A: 24 15 19 34 | 03
#1609-d265 @A: 24 07 02 34 | 01
#1610-d265 @A: 24 19 22 06 | 04
#1611-d265 @A: 02 13 24 19 | 05
#1612-d265 @A: 19 24 29 14 | 12
#1613-d265 @A: 35 24 03 06 | 09
#1614-d265 @A: 24 20 31 03 | 02
#1615-d265 @A: 05 01 20 24 | 10
#1616-d265 @A: 16 03 14 24 | 11
#1617-d265 @A: 04 24 14 27 | 06
#1618-d265 @A: 16 24 17 27 | 08
#1619-d265 @A: 16 24 28 04 | 07
#1620-d265 @A: 10 01 11 24 | 03
#1621-d265 @A: 12 13 34 21 | 01
#1622-d265 @A: 31 25 34 12 | 04
#1623-d265 @A: 09 17 29 34 | 05
#1624-d265 @A: 16 21 10 34 | 12
#1625-d265 @A: 16 34 04 11 | 09
#1626-d265 @A: 04 21 06 34 | 02
#1627-d265 @A: 10 34 15 06 | 10
#1628-d265 @A: 34 02 31 08 | 11
#1629-d265 @A: 19 28 21 35 | 06
#1630-d265 @A: 03 31 12 19 | 08
#1631-d265 @A: 07 29 05 19 | 07
#1632-d265 @A: 25 08 02 19 | 03
#1633-d265 @A: 09 19 04 10 | 01
#1634-d265 @A: 28 11 16 19 | 04
#1635-d265 @A: 06 16 19 01 | 05
#1636-d265 @A: 01 02 19 17 | 12
#1637-d265 @A: 08 22 35 29 | 09
#1638-d265 @A: 20 27 22 17 | 02
#1639-d265 @A: 28 20 06 22 | 10
#1640-d265 @A: 13 03 29 22 | 11
#1641-d265 @A: 28 13 22 25 | 06
#1642-d265 @A: 21 22 25 02 | 08
#1643-d265 @A: 20 07 01 35 | 07
#1644-d265 @A: 02 35 25 05 | 03
#1645-d265 @A: 35 29 18 21 | 01
#1646-d265 @A: 18 30 10 35 | 04
#1647-d265 @A: 27 12 08 20 | 05
#1648-d265 @A: 05 20 31 29 | 12
#1649-d265 @A: 20 12 17 09 | 09
#1650-d265 @A: 15 30 17 20 | 02
#1651-d265 @A: 30 01 20 04 | 10
#1652-d265 @A: 27 25 03 16 | 11
#1653-d265 @A: 09 10 31 03 | 06
#1654-d265 @A: 30 03 10 01 | 08
#1655-d265 @A: 03 30 11 02 | 07
#1656-d265 @A: 21 03 04 10 | 03
#1657-d265 @A: 13 18 02 27 | 01
#1658-d265 @A: 31 11 14 27 | 04
#1659-d265 @A: 29 27 15 31 | 05
#1660-d265 @A: 06 15 11 27 | 12
#1661-d265 @A: 18 15 10 27 | 09
#1662-d265 @A: 15 01 02 27 | 02
#1663-d265 @A: 11 05 08 07 | 10
#1664-d265 @A: 25 18 30 07 | 11
#1665-d265 @A: 07 10 21 29 | 06
#1666-d265 @A: 17 01 10 07 | 08
#1667-d265 @A: 25 12 05 14 | 07
#1668-d265 @A: 30 09 29 05 | 03
#1669-d265 @A: 15 05 16 29 | 01
#1670-d265 @A: 16 05 09 17 | 04
#1671-d265 @A: 05 16 02 28 | 05
#1672-d265 @A: 05 31 01 11 | 12
#1673-d265 @A: 21 12 09 30 | 09
#1674-d265 @A: 15 08 12 09 | 02
#1675-d265 @A: 04 16 12 02 | 10
#1676-d265 @A: 28 17 10 12 | 11
#1677-d265 @A: 11 08 12 17 | 06
#1678-d265 @A: 15 12 04 17 | 08
#1679-d265 @A: 01 12 06 11 | 07
#1680-d265 @A: 09 17 31 13 | 03
#1681-d265 @A: 04 17 13 18 | 01
#1682-d265 @A: 25 04 31 29 | 04
#1683-d265 @A: 30 25 15 06 | 05
#1684-d265 @A: 11 01 29 14 | 12
#1685-d265 @A: 10 16 18 14 | 09
#1686-d265 @A: 14 28 15 10 | 02
#1687-d265 @A: 21 14 06 31 | 10
#1688-d265 @A: 14 10 06 04 | 11
#1689-d265 @A: 21 08 31 14 | 06
