#0001-d173 @A: 25 20 34 05 | 05
#0002-d173 @A: 31 34 20 12 | 07
#0003-d173 @A: 05 01 24 34 | 03
#0004-d173 @A: 01 34 15 32 | 01
#0005-d173 @A: 31 34 30 01 | 10
#0006-d173 @A: 34 15 10 16 | 11
#0007-d173 @A: 34 10 09 18 | 04
#0008-d173 @A: 34 16 11 09 | 12
#0009-d173 @A: 18 34 21 35 | 09
#0010-d173 @A: 35 08 34 24 | 08
#0011-d173 @A: 34 26 21 32 | 06
#0012-d173 @A: 03 15 34 05 | 02
#0013-d173 @A: 13 31 34 29 | 05
#0014-d173 @A: 15 28 34 13 | 07
#0015-d173 @A: 34 27 17 13 | 03
#0016-d173 @A: 19 34 15 14 | 01
#0017-d173 @A: 34 23 15 18 | 10
#0018-d173 @A: 28 34 08 09 | 11
#0019-d173 @A: 34 04 06 32 | 04
#0020-d173 @A: 28 31 23 34 | 12
#0021-d173 @A: 34 32 18 27 | 09
#0022-d173 @A: 03 23 20 25 | 08
#0023-d173 @A: 25 12 05 30 | 06
#0024-d173 @A: 05 25 16 26 | 02
#0025-d173 @A: 30 25 18 16 | 05
#0026-d173 @A: 21 13 25 06 | 07
#0027-d173 @A: 11 03 13 25 | 03
#0028-d173 @A: 14 25 31 02 | 01
#0029-d173 @A: 25 19 14 11 | 10
#0030-d173 @A: 05 02 29 25 | 11
#0031-d173 @A: 09 26 25 08 | 04
#0032-d173 @A: 28 09 04 25 | 12
#0033-d173 @A: 25 31 19 18 | 09
#0034-d173 @A: 01 11 20 35 | 08
#0035-d173 @A: 01 22 05 20 | 06
#0036-d173 @A: 20 12 16 19 | 02
#0037-d173 @A: 20 28 12 17 | 05
#0038-d173 @A: 03 18 20 10 | 07
#0039-d173 @A: 10 33 19 20 | 03
#0040-d173 @A: 13 20 16 26 | 01
#0041-d173 @A: 07 20 21 19 | 10
#0042-d173 @A: 24 18 20 32 | 11
#0043-d173 @A: 27 20 06 26 | 04
#0044-d173 @A: 32 05 26 20 | 12
#0045-d173 @A: 27 10 24 01 | 09
#0046-d173 @A: 32 01 17 16 | 08
#0047-d173 @A: 03 02 01 04 | 06
#0048-d173 @A: 23 03 06 01 | 02
#0049-d173 @A: 15 01 08 07 | 05
#0050-d173 @A: 06 15 14 01 | 07
#0051-d173 @A: 01 08 26 29 | 03
#0052-d173 @A: 01 17 28 33 | 01
#0053-d173 @A: 18 28 01 04 | 10
#0054-d173 @A: 22 01 33 04 | 11
#0055-d173 @A: 01 26 09 23 | 04
#0056-d173 @A: 10 21 33 12 | 12
#0057-d173 @A: 16 12 35 22 | 09
#0058-d173 @A: 16 02 12 23 | 08
#0059-d173 @A: 03 21 22 12 | 06
#0060-d173 @A: 07 23 22 12 | 02
#0061-d173 @A: 06 17 13 12 | 05
#0062-d173 @A: 12 08 22 29 | 07
#0063-d173 @A: 12 29 31 04 | 03
#0064-d173 @A: 18 12 26 22 | 01
#0065-d173 @A: 16 10 06 21 | 10
#0066-d173 @A: 03 16 10 07 | 11
#0067-d173 @A: 31 07 21 10 | 04
#0068-d173 @A: 33 10 03 24 | 12
#0069-d173 @A: 13 10 19 28 | 09
#0070-d173 @A: 10 30 32 13 | 08
#0071-d173 @A: 02 10 14 28 | 06
#0072-d173 @A: 32 10 29 04 | 02
#0073-d173 @A: 27 10 22 11 | 05
#0074-d173 @A: 07 17 04 16 | 07
#0075-d173 @A: 08 16 07 09 | 03
#0076-d173 @A: 32 29 05 16 | 01
#0077-d173 @A: 17 15 19 16 | 10
#0078-d173 @A: 30 16 02 26 | 11
#0079-d173 @A: 30 31 09 16 | 04
#0080-d173 @A: 23 21 35 17 | 12
#0081-d173 @A: 11 35 32 13 | 09
#0082-d173 @A: 33 35 32 23 | 08
#0083-d173 @A: 22 05 35 32 | 06
#0084-d173 @A: 32 35 11 30 | 02
#0085-d173 @A: 35 27 32 26 | 05
#0086-d173 @A: 13 32 21 07 | 07
#0087-d173 @A: 13 21 29 18 | 03
#0088-d173 @A: 23 11 04 21 | 01
#0089-d173 @A: 21 30 28 33 | 10
#0090-d173 @A: 30 02 03 24 | 11
#0091-d173 @A: 24 06 04 29 | 04
#0092-d173 @A: 11 24 15 30 | 12
#0093-d173 @A: 08 05 24 26 | 09
#0094-d173 @A: 03 07 32 17 | 08
#0095-d173 @A: 06 03 09 13 | 06
#0096-d173 @A: 18 08 23 03 | 02
#0097-d173 @A: 03 26 30 04 | 05
#0098-d173 @A: 28 09 22 03 | 07
#0099-d173 @A: 19 09 23 03 | 03
#0100-d173 @A: 28 19 27 03 | 01
#0101-d173 @A: 22 11 03 33 | 10
#0102-d173 @A: 33 27 03 05 | 11
#0103-d173 @A: 19 06 03 31 | 04
#0104-d173 @A: 07 02 13 28 | 12
#0105-d173 @A: 14 29 07 11 | 09
#0106-d173 @A: 07 17 26 14 | 08
#0107-d173 @A: 07 06 19 23 | 06
#0108-d173 @A: 30 07 32 05 | 02
#0109-d173 @A: 31 13 14 17 | 05
#0110-d173 @A: 13 05 15 29 | 07
#0111-d173 @A: 08 04 13 32 | 03
#0112-d173 @A: 13 23 04 26 | 01
#0113-d173 @A: 05 13 32 06 | 10
#0114-d173 @A: 04 14 29 19 | 11
#0115-d173 @A: 22 14 18 29 | 04
#0116-d173 @A: 11 14 04 31 | 12
#0117-d173 @A: 33 18 06 14 | 09
#0118-d173 @A: 23 18 04 29 | 08
#0119-d173 @A: 29 26 27 09 | 06
#0120-d173 @A: 32 09 29 23 | 02
#0121-d173 @A: 23 29 28 11 | 05
#0122-d173 @A: 28 19 29 32 | 07
#0123-d173 @A: 29 22 23 19 | 03
#0124-d173 @A: 15 05 19 02 | 01
#0125-d173 @A: 06 33 26 15 | 10
#0126-d173 @A: 23 27 02 17 | 11
#0127-d173 @A: 26 08 23 02 | 04
#0128-d173 @A: 11 02 23 22 | 12
#0129-d173 @A: 02 22 31 30 | 09
#0130-d173 @A: 28 17 22 32 | 08
#0131-d173 @A: 17 27 06 19 | 06
#0132-d173 @A: 11 31 17 23 | 02
#0133-d173 @A: 18 32 17 05 | 05
#0134-d173 @A: 08 23 06 30 | 07
#0135-d173 @A: 19 23 30 04 | 03
#0136-d173 @A: 09 28 30 19 | 01
#0137-d173 @A: 34 09 20 07 | 10
#0138-d173 @A: 34 29 08 20 | 11
#0139-d173 @A: 34 27 01 21 | 04
#0140-d173 @A: 22 12 34 10 | 12
#0141-d173 @A: 33 12 15 34 | 09
#0142-d173 @A: 11 12 34 06 | 08
#0143-d173 @A: 10 34 05 17 | 06
#0144-d173 @A: 14 16 34 06 | 02
#0145-d173 @A: 13 33 35 34 | 05
#0146-d173 @A: 34 07 15 21 | 07
#0147-d173 @A: 31 08 34 21 | 03
#0148-d173 @A: 17 22 24 34 | 01
#0149-d173 @A: 33 17 34 03 | 10
#0150-d173 @A: 02 07 34 04 | 11
#0151-d173 @A: 34 19 22 31 | 04
#0152-d173 @A: 32 23 22 34 | 12
#0153-d173 @A: 19 34 30 05 | 09
#0154-d173 @A: 06 25 01 30 | 08
#0155-d173 @A: 16 12 25 06 | 06
#0156-d173 @A: 12 25 28 07 | 02
#0157-d173 @A: 30 10 25 02 | 05
#0158-d173 @A: 13 18 25 24 | 07
#0159-d173 @A: 08 13 25 07 | 03
#0160-d173 @A: 25 07 18 04 | 01
#0161-d173 @A: 07 25 27 32 | 10
#0162-d173 @A: 14 13 25 04 | 11
#0163-d173 @A: 25 30 17 32 | 04
#0164-d173 @A: 22 08 18 25 | 12
#0165-d173 @A: 25 23 32 04 | 09
#0166-d173 @A: 33 01 20 15 | 08
#0167-d173 @A: 12 02 26 20 | 06
#0168-d173 @A: 13 10 20 07 | 02
#0169-d173 @A: 20 10 02 27 | 05
#0170-d173 @A: 08 03 21 20 | 07
#0171-d173 @A: 07 06 17 20 | 03
#0172-d173 @A: 18 06 20 13 | 01
#0173-d173 @A: 05 23 08 20 | 10
#0174-d173 @A: 31 20 28 04 | 11
#0175-d173 @A: 27 09 20 11 | 04
#0176-d173 @A: 20 28 19 22 | 12
#0177-d173 @A: 20 32 11 28 | 09
#0178-d173 @A: 19 18 26 20 | 08
#0179-d173 @A: 16 01 12 09 | 06
#0180-d173 @A: 17 01 22 12 | 02
#0181-d173 @A: 16 10 28 01 | 05
#0182-d173 @A: 01 31 03 10 | 07
#0183-d173 @A: 30 10 33 01 | 03
#0184-d173 @A: 35 23 01 14 | 01
#0185-d173 @A: 06 07 01 21 | 10
#0186-d173 @A: 01 11 15 24 | 11
#0187-d173 @A: 30 01 28 07 | 04
#0188-d173 @A: 15 23 01 02 | 12
#0189-d173 @A: 17 01 30 09 | 09
#0190-d173 @A: 28 04 30 01 | 08
#0191-d173 @A: 11 28 01 26 | 06
#0192-d173 @A: 27 01 18 05 | 02
#0193-d173 @A: 21 12 14 16 | 05
#0194-d173 @A: 12 08 17 16 | 07
#0195-d173 @A: 03 35 12 19 | 03
#0196-d173 @A: 12 14 11 35 | 01
#0197-d173 @A: 35 17 12 26 | 10
#0198-d173 @A: 12 19 29 02 | 11
#0199-d173 @A: 23 12 33 09 | 04
#0200-d173 @A: 12 26 06 05 | 12
#0201-d173 @A: 21 14 10 18 | 09
#0202-d173 @A: 14 03 09 10 | 08
#0203-d173 @A: 07 10 09 32 | 06
#0204-d173 @A: 10 18 27 13 | 02
#0205-d173 @A: 33 10 29 08 | 05
#0206-d173 @A: 11 04 10 28 | 07
#0207-d173 @A: 04 05 10 18 | 03
#0208-d173 @A: 09 10 27 19 | 01
#0209-d173 @A: 26 10 19 31 | 10
#0210-d173 @A: 10 23 31 32 | 11
#0211-d173 @A: 35 15 16 11 | 04
#0212-d173 @A: 31 02 16 35 | 12
#0213-d173 @A: 08 16 29 21 | 09
#0214-d173 @A: 16 21 15 05 | 08
#0215-d173 @A: 02 16 09 21 | 06
#0216-d173 @A: 17 05 14 16 | 02
#0217-d173 @A: 18 16 33 15 | 05
#0218-d173 @A: 06 19 16 04 | 07
#0219-d173 @A: 16 27 06 11 | 03
#0220-d173 @A: 03 23 02 35 | 01
#0221-d173 @A: 08 13 35 18 | 10
#0222-d173 @A: 14 31 28 35 | 11
#0223-d173 @A: 22 14 35 33 | 04
#0224-d173 @A: 29 31 30 35 | 12
#0225-d173 @A: 15 35 28 02 | 09
#0226-d173 @A: 23 35 04 15 | 08
#0227-d173 @A: 35 15 09 22 | 06
#0228-d173 @A: 08 27 35 05 | 02
#0229-d173 @A: 32 09 35 28 | 05
#0230-d173 @A: 09 26 30 35 | 07
#0231-d173 @A: 32 06 19 35 | 03
#0232-d173 @A: 24 13 23 21 | 01
#0233-d173 @A: 04 21 24 17 | 10
#0234-d173 @A: 21 13 14 11 | 11
#0235-d173 @A: 19 22 08 21 | 04
#0236-d173 @A: 19 21 32 09 | 12
#0237-d173 @A: 05 28 21 26 | 09
#0238-d173 @A: 26 11 21 31 | 08
#0239-d173 @A: 24 03 05 07 | 06
#0240-d173 @A: 30 29 24 07 | 02
#0241-d173 @A: 33 24 31 08 | 05
#0242-d173 @A: 27 26 28 24 | 07
#0243-d173 @A: 31 27 24 18 | 03
#0244-d173 @A: 03 30 07 27 | 01
#0245-d173 @A: 15 13 03 18 | 10
#0246-d173 @A: 14 11 06 03 | 11
#0247-d173 @A: 03 32 15 31 | 04
#0248-d173 @A: 04 03 32 27 | 12
#0249-d173 @A: 32 03 11 19 | 09
#0250-d173 @A: 13 07 29 33 | 08
#0251-d173 @A: 15 02 27 07 | 06
#0252-d173 @A: 27 05 07 28 | 02
#0253-d173 @A: 18 22 06 07 | 05
#0254-d173 @A: 07 11 31 22 | 07
#0255-d173 @A: 15 14 13 09 | 03
#0256-d173 @A: 13 19 29 26 | 01
#0257-d173 @A: 30 02 28 13 | 10
#0258-d173 @A: 17 13 32 23 | 11
#0259-d173 @A: 26 06 08 13 | 04
#0260-d173 @A: 06 13 22 33 | 12
#0261-d173 @A: 31 13 18 32 | 09
#0262-d173 @A: 17 22 29 15 | 08
#0263-d173 @A: 19 29 06 09 | 06
#0264-d173 @A: 27 33 32 29 | 02
#0265-d173 @A: 06 05 27 29 | 05
#0266-d173 @A: 02 06 30 15 | 07
#0267-d173 @A: 15 18 04 06 | 03
#0268-d173 @A: 19 22 18 15 | 01
#0269-d173 @A: 17 09 28 02 | 10
#0270-d173 @A: 33 02 17 26 | 11
#0271-d173 @A: 02 22 19 17 | 04
#0272-d173 @A: 02 33 09 08 | 12
#0273-d173 @A: 09 02 11 04 | 09
#0274-d173 @A: 02 06 19 26 | 08
#0275-d173 @A: 31 22 32 02 | 06
#0276-d173 @A: 11 05 02 31 | 02
#0277-d173 @A: 31 27 22 17 | 05
#0278-d173 @A: 25 34 08 15 | 07
#0279-d173 @A: 20 10 28 34 | 03
#0280-d173 @A: 34 01 16 31 | 01
#0281-d173 @A: 19 24 16 34 | 10
#0282-d173 @A: 30 16 34 07 | 11
#0283-d173 @A: 16 34 28 26 | 04
#0284-d173 @A: 35 17 34 28 | 12
#0285-d173 @A: 34 27 24 14 | 09
#0286-d173 @A: 34 14 22 13 | 08
#0287-d173 @A: 02 34 29 33 | 06
#0288-d173 @A: 04 17 08 34 | 02
#0289-d173 @A: 33 32 34 08 | 05
#0290-d173 @A: 09 34 04 26 | 07
#0291-d173 @A: 04 34 33 23 | 03
#0292-d173 @A: 34 11 22 28 | 01
#0293-d173 @A: 06 34 30 22 | 10
#0294-d173 @A: 31 34 06 18 | 11
#0295-d173 @A: 14 25 20 06 | 04
#0296-d173 @A: 17 25 27 20 | 12
#0297-d173 @A: 25 13 10 01 | 09
#0298-d173 @A: 33 01 25 07 | 08
#0299-d173 @A: 05 01 17 25 | 06
#0300-d173 @A: 12 10 25 18 | 02
#0301-d173 @A: 12 13 25 05 | 05
#0302-d173 @A: 14 09 25 12 | 07
#0303-d173 @A: 27 03 25 35 | 03
#0304-d173 @A: 25 35 07 31 | 01
#0305-d173 @A: 25 08 21 17 | 10
#0306-d173 @A: 13 25 29 28 | 11
#0307-d173 @A: 25 30 14 28 | 04
#0308-d173 @A: 02 15 25 33 | 12
#0309-d173 @A: 25 08 06 11 | 09
#0310-d173 @A: 01 20 06 19 | 08
#0311-d173 @A: 12 20 07 18 | 06
#0312-d173 @A: 20 12 22 11 | 02
#0313-d173 @A: 20 16 09 10 | 05
#0314-d173 @A: 27 35 20 21 | 07
#0315-d173 @A: 35 20 06 02 | 03
#0316-d173 @A: 21 14 32 20 | 01
#0317-d173 @A: 20 21 05 17 | 10
#0318-d173 @A: 27 20 24 04 | 11
#0319-d173 @A: 20 05 33 07 | 04
#0320-d173 @A: 13 33 30 20 | 12
#0321-d173 @A: 29 19 15 20 | 09
#0322-d173 @A: 20 18 04 09 | 08
#0323-d173 @A: 20 11 31 06 | 06
#0324-d173 @A: 23 20 32 27 | 02
#0325-d173 @A: 13 33 12 01 | 05
#0326-d173 @A: 29 12 28 01 | 07
#0327-d173 @A: 09 01 10 29 | 03
#0328-d173 @A: 35 01 03 33 | 01
#0329-d173 @A: 35 02 18 01 | 10
#0330-d173 @A: 01 04 35 05 | 11
#0331-d173 @A: 24 08 21 01 | 04
#0332-d173 @A: 02 05 13 01 | 12
#0333-d173 @A: 13 22 01 18 | 09
#0334-d173 @A: 17 01 27 14 | 08
#0335-d173 @A: 01 11 09 32 | 06
#0336-d173 @A: 28 01 19 05 | 02
#0337-d173 @A: 33 31 18 01 | 05
#0338-d173 @A: 26 19 27 01 | 07
#0339-d173 @A: 08 12 15 10 | 03
#0340-d173 @A: 12 10 11 19 | 01
#0341-d173 @A: 21 27 12 02 | 10
#0342-d173 @A: 14 23 12 24 | 11
#0343-d173 @A: 24 27 12 29 | 04
#0344-d173 @A: 17 12 09 03 | 12
#0345-d173 @A: 04 12 15 13 | 09
#0346-d173 @A: 18 28 12 31 | 08
#0347-d173 @A: 12 33 19 22 | 06
#0348-d173 @A: 10 17 35 33 | 02
#0349-d173 @A: 26 21 24 10 | 05
#0350-d173 @A: 11 15 10 29 | 07
#0351-d173 @A: 18 02 10 29 | 03
#0352-d173 @A: 17 02 10 15 | 01
#0353-d173 @A: 08 10 04 06 | 10
#0354-d173 @A: 30 05 09 10 | 11
#0355-d173 @A: 33 26 10 05 | 04
#0356-d173 @A: 27 10 32 05 | 12
#0357-d173 @A: 26 03 16 35 | 09
#0358-d173 @A: 16 19 35 14 | 08
#0359-d173 @A: 16 18 24 21 | 06
#0360-d173 @A: 28 16 15 29 | 02
#0361-d173 @A: 19 16 08 31 | 05
#0362-d173 @A: 04 33 28 16 | 07
#0363-d173 @A: 26 31 16 09 | 03
#0364-d173 @A: 16 06 31 05 | 01
#0365-d173 @A: 06 23 16 26 | 10
#0366-d173 @A: 19 18 16 05 | 11
#0367-d173 @A: 21 07 11 35 | 04
#0368-d173 @A: 33 21 04 35 | 12
#0369-d173 @A: 02 35 17 13 | 09
#0370-d173 @A: 31 35 04 13 | 08
#0371-d173 @A: 14 02 35 27 | 06
#0372-d173 @A: 17 18 15 35 | 02
#0373-d173 @A: 23 09 11 35 | 05
#0374-d173 @A: 35 18 06 26 | 07
#0375-d173 @A: 35 22 18 23 | 03
#0376-d173 @A: 21 14 24 03 | 01
#0377-d173 @A: 32 03 21 28 | 10
#0378-d173 @A: 21 30 03 18 | 11
#0379-d173 @A: 29 14 21 06 | 04
#0380-d173 @A: 14 22 17 21 | 12
#0381-d173 @A: 21 04 15 28 | 09
#0382-d173 @A: 22 15 11 21 | 08
#0383-d173 @A: 21 08 26 33 | 06
#0384-d173 @A: 06 21 05 22 | 02
#0385-d173 @A: 03 15 24 06 | 05
#0386-d173 @A: 02 27 24 03 | 07
#0387-d173 @A: 31 13 07 24 | 03
#0388-d173 @A: 24 07 32 02 | 01
#0389-d173 @A: 24 14 29 26 | 10
#0390-d173 @A: 22 24 06 23 | 11
#0391-d173 @A: 07 04 03 13 | 04
#0392-d173 @A: 03 23 14 07 | 12
#0393-d173 @A: 08 11 03 09 | 09
#0394-d173 @A: 07 33 23 15 | 08
#0395-d173 @A: 07 22 17 30 | 06
#0396-d173 @A: 07 30 05 08 | 02
#0397-d173 @A: 27 04 23 07 | 05
#0398-d173 @A: 07 18 09 28 | 07
#0399-d173 @A: 31 28 33 07 | 03
#0400-d173 @A: 30 06 31 07 | 01
#0401-d173 @A: 08 31 11 13 | 10
#0402-d173 @A: 23 31 06 13 | 11
#0403-d173 @A: 15 02 04 14 | 04
#0404-d173 @A: 14 15 11 18 | 12
#0405-d173 @A: 15 14 26 31 | 09
#0406-d173 @A: 14 08 19 26 | 08
#0407-d173 @A: 14 32 04 28 | 06
#0408-d173 @A: 33 30 09 14 | 02
#0409-d173 @A: 22 28 14 05 | 05
#0410-d173 @A: 08 29 23 06 | 07
#0411-d173 @A: 11 31 19 29 | 03
#0412-d173 @A: 05 29 31 23 | 01
#0413-d173 @A: 02 08 28 22 | 10
#0414-d173 @A: 19 31 09 02 | 11
#0415-d173 @A: 02 28 26 31 | 04
#0416-d173 @A: 02 28 32 18 | 12
#0417-d173 @A: 28 05 23 02 | 09
#0418-d173 @A: 18 02 26 05 | 08
#0419-d173 @A: 08 17 32 27 | 06
#0420-d173 @A: 31 17 04 30 | 02
#0421-d173 @A: 19 32 17 04 | 05
#0422-d173 @A: 22 09 33 17 | 07
#0423-d173 @A: 17 23 05 22 | 03
#0424-d173 @A: 31 30 11 28 | 01
#0425-d173 @A: 32 30 33 18 | 10
#0426-d173 @A: 20 34 21 23 | 11
#0427-d173 @A: 22 02 34 20 | 04
#0428-d173 @A: 01 35 09 34 | 12
#0429-d173 @A: 34 02 26 01 | 09
#0430-d173 @A: 34 06 10 03 | 08
#0431-d173 @A: 30 34 10 23 | 06
#0432-d173 @A: 34 03 08 16 | 02
#0433-d173 @A: 32 16 34 02 | 05
#0434-d173 @A: 21 14 34 09 | 07
#0435-d173 @A: 11 21 30 34 | 03
#0436-d173 @A: 24 23 02 34 | 01
#0437-d173 @A: 28 34 24 30 | 10
#0438-d173 @A: 23 07 29 34 | 11
#0439-d173 @A: 19 23 26 34 | 04
#0440-d173 @A: 25 13 20 33 | 12
#0441-d173 @A: 32 12 21 25 | 09
#0442-d173 @A: 29 12 25 26 | 08
#0443-d173 @A: 12 19 25 15 | 06
#0444-d173 @A: 31 25 12 17 | 02
#0445-d173 @A: 25 35 05 10 | 05
#0446-d173 @A: 33 10 11 25 | 07
#0447-d173 @A: 30 16 25 08 | 03
#0448-d173 @A: 05 25 15 07 | 01
#0449-d173 @A: 02 13 25 26 | 10
#0450-d173 @A: 13 19 17 25 | 11
#0451-d173 @A: 29 25 15 06 | 04
#0452-d173 @A: 09 25 31 29 | 12
#0453-d173 @A: 27 25 09 15 | 09
#0454-d173 @A: 26 25 15 23 | 08
#0455-d173 @A: 25 04 06 31 | 06
#0456-d173 @A: 11 04 27 25 | 02
#0457-d173 @A: 20 01 18 21 | 05
#0458-d173 @A: 20 09 28 01 | 07
#0459-d173 @A: 09 12 20 29 | 03
#0460-d173 @A: 08 12 27 20 | 01
#0461-d173 @A: 22 15 10 20 | 10
#0462-d173 @A: 24 31 16 20 | 11
#0463-d173 @A: 04 16 20 30 | 04
#0464-d173 @A: 20 22 24 21 | 12
#0465-d173 @A: 13 21 20 28 | 09
#0466-d173 @A: 11 03 17 20 | 08
#0467-d173 @A: 15 11 13 20 | 06
#0468-d173 @A: 15 20 14 28 | 02
#0469-d173 @A: 08 20 11 14 | 05
#0470-d173 @A: 19 20 09 05 | 07
#0471-d173 @A: 21 26 12 01 | 03
#0472-d173 @A: 10 32 35 01 | 01
#0473-d173 @A: 08 23 01 10 | 10
#0474-d173 @A: 01 16 27 07 | 11
#0475-d173 @A: 26 01 24 13 | 04
#0476-d173 @A: 01 02 24 33 | 12
#0477-d173 @A: 01 23 31 24 | 09
#0478-d173 @A: 07 03 01 11 | 08
#0479-d173 @A: 14 03 32 01 | 06
#0480-d173 @A: 17 04 29 01 | 02
#0481-d173 @A: 11 08 22 01 | 05
#0482-d173 @A: 01 05 09 06 | 07
#0483-d173 @A: 28 32 01 23 | 03
#0484-d173 @A: 18 19 11 01 | 01
#0485-d173 @A: 28 12 03 10 | 10
#0486-d173 @A: 16 04 12 24 | 11
#0487-d173 @A: 35 13 29 12 | 04
#0488-d173 @A: 23 03 13 12 | 12
#0489-d173 @A: 12 33 11 27 | 09
#0490-d173 @A: 12 32 31 27 | 08
#0491-d173 @A: 32 12 19 18 | 06
#0492-d173 @A: 16 13 10 31 | 02
#0493-d173 @A: 18 10 24 35 | 05
#0494-d173 @A: 02 21 32 10 | 07
#0495-d173 @A: 24 05 13 10 | 03
#0496-d173 @A: 10 24 04 30 | 01
#0497-d173 @A: 13 02 09 10 | 10
#0498-d173 @A: 14 30 10 15 | 11
#0499-d173 @A: 30 10 06 17 | 04
#0500-d173 @A: 23 09 04 10 | 12
#0501-d173 @A: 24 27 16 35 | 09
#0502-d173 @A: 32 35 07 16 | 08
#0503-d173 @A: 35 16 09 17 | 06
#0504-d173 @A: 32 16 27 21 | 02
#0505-d173 @A: 26 24 16 07 | 05
#0506-d173 @A: 24 16 30 13 | 07
#0507-d173 @A: 09 16 27 03 | 03
#0508-d173 @A: 30 03 33 16 | 01
#0509-d173 @A: 14 02 11 16 | 10
#0510-d173 @A: 30 29 16 17 | 11
#0511-d173 @A: 16 30 28 06 | 04
#0512-d173 @A: 19 16 11 33 | 12
#0513-d173 @A: 23 16 11 18 | 09
#0514-d173 @A: 21 03 35 06 | 08
#0515-d173 @A: 24 09 03 35 | 06
#0516-d173 @A: 24 35 33 15 | 02
#0517-d173 @A: 24 02 04 35 | 05
#0518-d173 @A: 35 09 29 05 | 07
#0519-d173 @A: 35 33 29 06 | 03
#0520-d173 @A: 19 35 08 09 | 01
#0521-d173 @A: 31 08 35 32 | 10
#0522-d173 @A: 18 11 35 31 | 11
#0523-d173 @A: 35 27 19 31 | 04
#0524-d173 @A: 07 24 21 27 | 12
#0525-d173 @A: 07 15 21 30 | 09
#0526-d173 @A: 06 21 30 13 | 08
#0527-d173 @A: 11 09 21 06 | 06
#0528-d173 @A: 30 31 21 05 | 02
#0529-d173 @A: 13 19 24 03 | 05
#0530-d173 @A: 23 03 24 04 | 07
#0531-d173 @A: 23 27 33 24 | 03
#0532-d173 @A: 24 31 06 26 | 01
#0533-d173 @A: 11 05 24 19 | 10
#0534-d173 @A: 18 05 30 24 | 11
#0535-d173 @A: 03 08 02 13 | 04
#0536-d173 @A: 28 03 14 29 | 12
#0537-d173 @A: 33 03 02 14 | 09
#0538-d173 @A: 03 22 04 06 | 08
#0539-d173 @A: 32 05 03 23 | 06
#0540-d173 @A: 18 14 30 07 | 02
#0541-d173 @A: 29 07 17 09 | 05
#0542-d173 @A: 11 15 09 07 | 07
#0543-d173 @A: 07 31 06 08 | 03
#0544-d173 @A: 08 19 27 07 | 01
#0545-d173 @A: 07 05 04 06 | 10
#0546-d173 @A: 22 07 05 19 | 11
#0547-d173 @A: 15 02 13 31 | 04
#0548-d173 @A: 26 32 13 09 | 12
#0549-d173 @A: 17 14 29 02 | 09
#0550-d173 @A: 14 09 17 23 | 08
#0551-d173 @A: 23 31 14 08 | 06
#0552-d173 @A: 11 28 14 27 | 02
#0553-d173 @A: 22 14 27 19 | 05
#0554-d173 @A: 05 31 14 27 | 07
#0555-d173 @A: 27 29 08 31 | 03
#0556-d173 @A: 29 19 33 05 | 01
#0557-d173 @A: 19 09 15 04 | 10
#0558-d173 @A: 28 33 15 05 | 11
#0559-d173 @A: 15 33 19 27 | 04
#0560-d173 @A: 23 06 15 11 | 12
#0561-d173 @A: 09 06 02 27 | 09
#0562-d173 @A: 02 33 22 05 | 08
#0563-d173 @A: 26 25 34 17 | 06
#0564-d173 @A: 17 34 32 20 | 02
#0565-d173 @A: 34 20 18 11 | 05
#0566-d173 @A: 10 33 34 01 | 07
#0567-d173 @A: 34 12 32 24 | 03
#0568-d173 @A: 14 34 12 28 | 01
#0569-d173 @A: 10 32 19 34 | 10
#0570-d173 @A: 24 03 34 29 | 11
#0571-d173 @A: 34 32 03 09 | 04
#0572-d173 @A: 22 34 07 33 | 12
#0573-d173 @A: 06 34 02 13 | 09
#0574-d173 @A: 30 08 34 14 | 08
#0575-d173 @A: 34 26 29 06 | 06
#0576-d173 @A: 15 27 22 34 | 02
#0577-d173 @A: 23 08 27 34 | 05
#0578-d173 @A: 28 34 33 19 | 07
#0579-d173 @A: 05 32 34 28 | 03
#0580-d173 @A: 02 19 25 20 | 01
#0581-d173 @A: 30 25 20 26 | 10
#0582-d173 @A: 25 32 02 01 | 11
#0583-d173 @A: 31 25 01 11 | 04
#0584-d173 @A: 25 10 24 29 | 12
#0585-d173 @A: 25 29 16 27 | 09
#0586-d173 @A: 03 02 25 22 | 08
#0587-d173 @A: 15 22 13 25 | 06
#0588-d173 @A: 32 25 17 15 | 02
#0589-d173 @A: 25 26 04 33 | 05
#0590-d173 @A: 27 01 03 20 | 07
#0591-d173 @A: 07 31 01 20 | 03
#0592-d173 @A: 20 24 13 12 | 01
#0593-d173 @A: 35 23 10 20 | 10
#0594-d173 @A: 04 21 16 20 | 11
#0595-d173 @A: 33 20 16 17 | 04
#0596-d173 @A: 29 20 14 35 | 12
#0597-d173 @A: 15 21 26 20 | 09
#0598-d173 @A: 20 02 21 33 | 08
#0599-d173 @A: 28 20 24 03 | 06
#0600-d173 @A: 19 20 17 24 | 02
#0601-d173 @A: 03 20 09 15 | 05
#0602-d173 @A: 08 13 19 20 | 07
#0603-d173 @A: 04 17 15 20 | 03
#0604-d173 @A: 32 04 22 20 | 01
#0605-d173 @A: 19 11 23 20 | 10
#0606-d173 @A: 16 01 29 22 | 11
#0607-d173 @A: 01 35 29 27 | 04
#0608-d173 @A: 32 04 01 21 | 12
#0609-d173 @A: 09 01 24 17 | 09
#0610-d173 @A: 03 26 17 01 | 08
#0611-d173 @A: 01 14 11 05 | 06
#0612-d173 @A: 15 01 18 29 | 02
#0613-d173 @A: 01 15 22 26 | 05
#0614-d173 @A: 28 08 31 01 | 07
#0615-d173 @A: 06 01 11 33 | 03
#0616-d173 @A: 01 33 26 32 | 01
#0617-d173 @A: 23 01 33 05 | 10
#0618-d173 @A: 31 01 06 27 | 11
#0619-d173 @A: 16 10 12 05 | 04
#0620-d173 @A: 12 18 27 16 | 12
#0621-d173 @A: 21 28 35 12 | 09
#0622-d173 @A: 23 35 12 05 | 08
#0623-d173 @A: 12 03 18 24 | 06
#0624-d173 @A: 03 29 12 11 | 02
#0625-d173 @A: 03 19 12 30 | 05
#0626-d173 @A: 14 08 12 02 | 07
#0627-d173 @A: 12 14 06 19 | 03
#0628-d173 @A: 08 09 32 12 | 01
#0629-d173 @A: 12 04 26 19 | 10
#0630-d173 @A: 10 29 35 28 | 11
#0631-d173 @A: 10 19 24 02 | 04
#0632-d173 @A: 05 14 07 10 | 12
#0633-d173 @A: 07 10 02 26 | 09
#0634-d173 @A: 10 15 23 13 | 08
#0635-d173 @A: 17 10 13 04 | 06
#0636-d173 @A: 14 32 15 10 | 02
#0637-d173 @A: 15 33 10 09 | 05
#0638-d173 @A: 30 08 10 31 | 07
#0639-d173 @A: 18 10 26 30 | 03
#0640-d173 @A: 13 16 19 21 | 01
#0641-d173 @A: 28 21 11 16 | 10
#0642-d173 @A: 16 05 02 24 | 11
#0643-d173 @A: 03 04 14 16 | 04
#0644-d173 @A: 16 22 03 19 | 12
#0645-d173 @A: 27 02 13 16 | 09
#0646-d173 @A: 16 14 09 29 | 08
#0647-d173 @A: 02 16 06 15 | 06
#0648-d173 @A: 16 05 33 09 | 02
#0649-d173 @A: 09 16 23 22 | 05
#0650-d173 @A: 35 28 03 07 | 07
#0651-d173 @A: 18 35 29 07 | 03
#0652-d173 @A: 29 22 02 35 | 01
#0653-d173 @A: 33 05 31 35 | 10
#0654-d173 @A: 27 18 35 33 | 11
#0655-d173 @A: 30 35 05 06 | 04
#0656-d173 @A: 22 02 21 13 | 12
#0657-d173 @A: 04 21 05 08 | 09
#0658-d173 @A: 08 21 06 18 | 08
#0659-d173 @A: 21 26 04 06 | 06
#0660-d173 @A: 27 18 21 26 | 02
#0661-d173 @A: 14 17 24 06 | 05
#0662-d173 @A: 18 24 15 02 | 07
#0663-d173 @A: 04 24 32 31 | 03
#0664-d173 @A: 24 18 09 19 | 01
#0665-d173 @A: 03 05 31 09 | 10
#0666-d173 @A: 28 06 26 03 | 11
#0667-d173 @A: 27 22 23 03 | 04
#0668-d173 @A: 08 28 07 14 | 12
#0669-d173 @A: 02 07 09 30 | 09
#0670-d173 @A: 04 11 07 32 | 08
#0671-d173 @A: 07 09 26 19 | 06
#0672-d173 @A: 07 11 19 30 | 02
#0673-d173 @A: 14 13 26 05 | 05
#0674-d173 @A: 13 29 30 04 | 07
#0675-d173 @A: 13 05 28 08 | 03
#0676-d173 @A: 33 04 13 05 | 01
#0677-d173 @A: 11 05 22 13 | 10
#0678-d173 @A: 14 02 32 23 | 11
#0679-d173 @A: 27 14 06 08 | 04
#0680-d173 @A: 05 23 14 06 | 12
#0681-d173 @A: 28 29 04 08 | 09
#0682-d173 @A: 11 29 05 08 | 08
#0683-d173 @A: 11 33 04 29 | 06
#0684-d173 @A: 29 33 28 09 | 02
#0685-d173 @A: 05 33 15 30 | 05
#0686-d173 @A: 30 15 23 22 | 07
#0687-d173 @A: 17 18 04 02 | 03
#0688-d173 @A: 27 02 22 26 | 01
#0689-d173 @A: 28 11 08 17 | 10
#0690-d173 @A: 17 32 26 06 | 11
#0691-d173 @A: 28 30 18 08 | 04
#0692-d173 @A: 08 27 30 33 | 12
#0693-d173 @A: 04 30 18 27 | 09
#0694-d173 @A: 23 27 09 30 | 08
#0695-d173 @A: 22 33 11 30 | 06
#0696-d173 @A: 22 30 26 05 | 02
#0697-d173 @A: 14 34 01 08 | 05
#0698-d173 @A: 05 34 21 12 | 07
#0699-d173 @A: 26 34 12 07 | 03
#0700-d173 @A: 34 08 13 12 | 01
#0701-d173 @A: 13 10 11 34 | 10
#0702-d173 @A: 17 16 34 23 | 11
#0703-d173 @A: 16 27 34 33 | 04
#0704-d173 @A: 05 35 34 07 | 12
#0705-d173 @A: 19 02 34 35 | 09
#0706-d173 @A: 17 03 34 30 | 08
#0707-d173 @A: 29 15 34 04 | 06
#0708-d173 @A: 08 11 26 34 | 02
#0709-d173 @A: 34 26 28 30 | 05
#0710-d173 @A: 35 25 15 01 | 07
#0711-d173 @A: 25 24 04 01 | 03
#0712-d173 @A: 25 03 01 09 | 01
#0713-d173 @A: 02 25 12 11 | 10
#0714-d173 @A: 03 21 04 25 | 11
#0715-d173 @A: 11 25 21 29 | 04
#0716-d173 @A: 18 02 21 25 | 12
#0717-d173 @A: 25 21 05 23 | 09
#0718-d173 @A: 24 28 25 05 | 08
#0719-d173 @A: 25 32 03 06 | 06
#0720-d173 @A: 31 13 27 25 | 02
#0721-d173 @A: 25 04 02 08 | 05
#0722-d173 @A: 11 25 09 05 | 07
#0723-d173 @A: 25 28 19 23 | 03
#0724-d173 @A: 20 23 15 12 | 01
#0725-d173 @A: 35 20 10 30 | 10
#0726-d173 @A: 18 16 20 02 | 11
#0727-d173 @A: 20 14 05 02 | 04
#0728-d173 @A: 20 29 33 18 | 12
#0729-d173 @A: 27 20 15 31 | 09
#0730-d173 @A: 18 20 08 28 | 08
#0731-d173 @A: 22 09 20 06 | 06
#0732-d173 @A: 19 31 32 20 | 02
#0733-d173 @A: 06 12 01 10 | 05
#0734-d173 @A: 07 12 01 32 | 07
#0735-d173 @A: 01 04 07 10 | 03
#0736-d173 @A: 01 15 19 10 | 01
#0737-d173 @A: 21 35 16 01 | 10
#0738-d173 @A: 05 01 16 03 | 11
#0739-d173 @A: 01 21 15 09 | 04
#0740-d173 @A: 17 23 01 07 | 12
#0741-d173 @A: 31 19 13 01 | 09
#0742-d173 @A: 06 29 01 02 | 08
#0743-d173 @A: 29 01 31 32 | 06
#0744-d173 @A: 08 05 32 01 | 02
#0745-d173 @A: 30 11 01 23 | 05
#0746-d173 @A: 02 12 04 10 | 07
#0747-d173 @A: 16 12 11 31 | 03
#0748-d173 @A: 12 09 18 35 | 01
#0749-d173 @A: 24 02 12 17 | 10
#0750-d173 @A: 26 03 14 12 | 11
#0751-d173 @A: 03 02 06 12 | 04
#0752-d173 @A: 12 29 06 18 | 12
#0753-d173 @A: 17 33 12 32 | 09
#0754-d173 @A: 04 12 11 30 | 08
#0755-d173 @A: 09 12 11 26 | 06
#0756-d173 @A: 12 31 06 33 | 02
#0757-d173 @A: 06 14 10 35 | 05
#0758-d173 @A: 08 21 13 10 | 07
#0759-d173 @A: 21 10 22 29 | 03
#0760-d173 @A: 15 10 18 07 | 01
#0761-d173 @A: 05 15 10 06 | 10
#0762-d173 @A: 23 22 26 10 | 11
#0763-d173 @A: 10 19 22 30 | 04
#0764-d173 @A: 16 28 05 35 | 12
#0765-d173 @A: 30 19 16 35 | 09
#0766-d173 @A: 21 16 33 23 | 08
#0767-d173 @A: 03 24 11 16 | 06
#0768-d173 @A: 24 32 16 14 | 02
#0769-d173 @A: 16 18 03 29 | 05
#0770-d173 @A: 16 03 17 02 | 07
#0771-d173 @A: 31 16 14 07 | 03
#0772-d173 @A: 16 28 06 08 | 01
#0773-d173 @A: 32 23 08 16 | 10
#0774-d173 @A: 16 32 09 04 | 11
#0775-d173 @A: 26 04 16 11 | 04
#0776-d173 @A: 09 28 19 16 | 12
#0777-d173 @A: 11 16 22 32 | 09
#0778-d173 @A: 23 32 16 30 | 08
#0779-d173 @A: 07 23 35 08 | 06
#0780-d173 @A: 13 19 15 35 | 02
#0781-d173 @A: 35 30 13 02 | 05
#0782-d173 @A: 17 14 35 32 | 07
#0783-d173 @A: 11 35 27 17 | 03
#0784-d173 @A: 04 18 35 32 | 01
#0785-d173 @A: 03 21 07 18 | 10
#0786-d173 @A: 03 29 05 21 | 11
#0787-d173 @A: 26 23 03 21 | 04
#0788-d173 @A: 02 21 23 07 | 12
#0789-d173 @A: 14 30 21 02 | 09
#0790-d173 @A: 05 21 33 14 | 08
#0791-d173 @A: 15 06 21 17 | 06
#0792-d173 @A: 27 08 09 21 | 02
#0793-d173 @A: 21 28 08 23 | 05
#0794-d173 @A: 28 09 31 21 | 07
#0795-d173 @A: 21 28 18 33 | 03
#0796-d173 @A: 31 05 19 21 | 01
#0797-d173 @A: 13 17 33 24 | 10
#0798-d173 @A: 29 31 24 02 | 11
#0799-d173 @A: 17 27 30 24 | 04
#0800-d173 @A: 28 32 24 33 | 12
#0801-d173 @A: 24 33 22 18 | 09
#0802-d173 @A: 32 24 26 23 | 08
#0803-d173 @A: 07 33 03 06 | 06
#0804-d173 @A: 29 33 15 03 | 02
#0805-d173 @A: 22 08 31 03 | 05
#0806-d173 @A: 26 03 19 33 | 07
#0807-d173 @A: 27 03 11 31 | 03
#0808-d173 @A: 05 30 23 03 | 01
#0809-d173 @A: 29 07 22 32 | 10
#0810-d173 @A: 07 17 18 19 | 11
#0811-d173 @A: 33 09 07 04 | 04
#0812-d173 @A: 07 22 09 27 | 12
#0813-d173 @A: 07 28 11 19 | 09
#0814-d173 @A: 26 07 33 18 | 08
#0815-d173 @A: 30 19 13 14 | 06
#0816-d173 @A: 04 13 19 27 | 02
#0817-d173 @A: 28 33 26 13 | 05
#0818-d173 @A: 33 19 13 18 | 07
#0819-d173 @A: 30 27 05 13 | 03
#0820-d173 @A: 09 05 08 14 | 01
#0821-d173 @A: 14 04 09 06 | 10
#0822-d173 @A: 09 14 33 19 | 11
#0823-d173 @A: 29 04 05 26 | 04
#0824-d173 @A: 26 22 28 29 | 12
#0825-d173 @A: 08 15 31 04 | 09
#0826-d173 @A: 08 23 15 09 | 08
#0827-d173 @A: 15 08 06 19 | 06
#0828-d173 @A: 04 15 32 33 | 02
#0829-d173 @A: 06 15 28 09 | 05
#0830-d173 @A: 08 02 19 11 | 07
#0831-d173 @A: 27 17 04 33 | 03
#0832-d173 @A: 09 27 18 17 | 01
#0833-d173 @A: 23 30 31 26 | 10
#0834-d173 @A: 12 23 34 25 | 11
#0835-d173 @A: 34 25 32 13 | 04
#0836-d173 @A: 29 18 34 25 | 12
#0837-d173 @A: 19 34 20 27 | 09
#0838-d173 @A: 34 12 19 01 | 08
#0839-d173 @A: 29 16 34 12 | 06
#0840-d173 @A: 34 16 07 18 | 02
#0841-d173 @A: 35 14 34 04 | 05
#0842-d173 @A: 34 31 35 15 | 07
#0843-d173 @A: 35 33 34 30 | 03
#0844-d173 @A: 34 03 19 21 | 01
#0845-d173 @A: 09 34 24 13 | 10
#0846-d173 @A: 18 28 24 34 | 11
#0847-d173 @A: 34 32 14 07 | 04
#0848-d173 @A: 34 02 08 05 | 12
#0849-d173 @A: 34 26 22 05 | 09
#0850-d173 @A: 20 01 08 25 | 08
#0851-d173 @A: 25 16 32 20 | 06
#0852-d173 @A: 25 18 15 20 | 02
#0853-d173 @A: 08 25 12 35 | 05
#0854-d173 @A: 24 25 22 12 | 07
#0855-d173 @A: 25 04 15 10 | 03
#0856-d173 @A: 28 25 32 10 | 01
#0857-d173 @A: 25 26 10 27 | 10
#0858-d173 @A: 35 30 07 25 | 11
#0859-d173 @A: 26 14 35 25 | 04
#0860-d173 @A: 19 25 33 35 | 12
#0861-d173 @A: 03 24 26 25 | 09
#0862-d173 @A: 05 25 14 03 | 08
#0863-d173 @A: 17 25 33 29 | 06
#0864-d173 @A: 11 28 15 25 | 02
#0865-d173 @A: 25 22 17 04 | 05
#0866-d173 @A: 25 32 05 33 | 07
#0867-d173 @A: 18 25 06 05 | 03
#0868-d173 @A: 05 27 25 22 | 01
#0869-d173 @A: 26 25 31 32 | 10
#0870-d173 @A: 01 14 12 20 | 11
#0871-d173 @A: 23 16 01 20 | 04
#0872-d173 @A: 24 20 29 01 | 12
#0873-d173 @A: 20 32 13 01 | 09
#0874-d173 @A: 10 20 32 12 | 08
#0875-d173 @A: 35 07 20 15 | 06
#0876-d173 @A: 18 20 35 05 | 02
#0877-d173 @A: 15 05 20 24 | 05
#0878-d173 @A: 31 02 03 20 | 07
#0879-d173 @A: 33 03 04 20 | 03
#0880-d173 @A: 07 30 20 23 | 01
#0881-d173 @A: 20 04 13 02 | 10
#0882-d173 @A: 20 13 05 31 | 11
#0883-d173 @A: 30 14 17 20 | 04
#0884-d173 @A: 20 17 30 02 | 12
#0885-d173 @A: 20 09 02 23 | 09
#0886-d173 @A: 26 20 09 17 | 08
#0887-d173 @A: 23 04 06 20 | 06
#0888-d173 @A: 28 20 26 23 | 02
#0889-d173 @A: 30 16 15 01 | 05
#0890-d173 @A: 01 30 03 35 | 07
#0891-d173 @A: 35 17 19 01 | 03
#0892-d173 @A: 21 01 19 02 | 01
#0893-d173 @A: 11 17 01 21 | 10
#0894-d173 @A: 22 01 21 23 | 11
#0895-d173 @A: 09 01 13 07 | 04
#0896-d173 @A: 29 01 07 05 | 12
#0897-d173 @A: 01 15 13 27 | 09
#0898-d173 @A: 04 06 13 01 | 08
#0899-d173 @A: 30 01 14 26 | 06
#0900-d173 @A: 01 02 28 27 | 02
#0901-d173 @A: 04 19 01 23 | 05
#0902-d173 @A: 28 01 22 06 | 07
#0903-d173 @A: 35 12 07 04 | 03
#0904-d173 @A: 21 12 13 31 | 01
#0905-d173 @A: 21 15 18 12 | 10
#0906-d173 @A: 07 24 19 12 | 11
#0907-d173 @A: 07 31 03 12 | 04
#0908-d173 @A: 12 13 32 14 | 12
#0909-d173 @A: 14 17 04 12 | 09
#0910-d173 @A: 11 15 17 12 | 08
#0911-d173 @A: 12 31 15 09 | 06
#0912-d173 @A: 12 08 33 05 | 02
#0913-d173 @A: 24 10 23 16 | 05
#0914-d173 @A: 03 11 10 35 | 07
#0915-d173 @A: 24 15 10 31 | 03
#0916-d173 @A: 17 24 10 32 | 01
#0917-d173 @A: 07 10 17 11 | 10
#0918-d173 @A: 11 29 10 30 | 11
#0919-d173 @A: 10 08 18 31 | 04
#0920-d173 @A: 10 08 19 05 | 12
#0921-d173 @A: 05 09 28 10 | 09
#0922-d173 @A: 18 33 10 23 | 08
#0923-d173 @A: 10 06 11 32 | 06
#0924-d173 @A: 06 16 35 13 | 02
#0925-d173 @A: 24 22 16 13 | 05
#0926-d173 @A: 24 17 28 16 | 07
#0927-d173 @A: 18 28 16 14 | 03
#0928-d173 @A: 14 05 16 30 | 01
#0929-d173 @A: 22 16 33 26 | 10
#0930-d173 @A: 32 19 16 26 | 11
#0931-d173 @A: 35 24 31 21 | 04
#0932-d173 @A: 35 19 29 21 | 12
#0933-d173 @A: 21 08 35 30 | 09
#0934-d173 @A: 24 22 28 35 | 08
#0935-d173 @A: 13 07 35 27 | 06
#0936-d173 @A: 35 07 33 02 | 02
#0937-d173 @A: 29 35 08 17 | 05
#0938-d173 @A: 11 26 02 35 | 07
#0939-d173 @A: 11 04 08 35 | 03
#0940-d173 @A: 35 33 11 28 | 01
#0941-d173 @A: 28 35 19 18 | 10
#0942-d173 @A: 02 03 11 21 | 11
#0943-d173 @A: 09 21 07 05 | 04
#0944-d173 @A: 28 21 07 22 | 12
#0945-d173 @A: 21 04 29 02 | 09
#0946-d173 @A: 06 21 31 02 | 08
#0947-d173 @A: 21 17 30 26 | 06
#0948-d173 @A: 18 11 21 05 | 02
#0949-d173 @A: 24 14 22 02 | 05
#0950-d173 @A: 24 08 27 22 | 07
#0951-d173 @A: 23 08 24 11 | 03
#0952-d173 @A: 11 22 24 04 | 01
#0953-d173 @A: 05 27 24 09 | 10
#0954-d173 @A: 24 06 28 19 | 11
#0955-d173 @A: 15 03 07 19 | 04
#0956-d173 @A: 03 15 14 22 | 12
#0957-d173 @A: 03 17 23 15 | 09
#0958-d173 @A: 26 09 18 03 | 08
#0959-d173 @A: 18 03 32 33 | 06
#0960-d173 @A: 07 13 15 06 | 02
#0961-d173 @A: 07 19 04 31 | 05
#0962-d173 @A: 06 13 14 28 | 07
#0963-d173 @A: 11 13 09 28 | 03
#0964-d173 @A: 09 23 13 27 | 01
#0965-d173 @A: 14 29 08 15 | 10
#0966-d173 @A: 15 33 17 14 | 11
#0967-d173 @A: 22 08 14 32 | 04
#0968-d173 @A: 27 32 09 14 | 12
#0969-d173 @A: 33 11 32 14 | 09
#0970-d173 @A: 30 04 05 29 | 08
#0971-d173 @A: 19 30 06 29 | 06
#0972-d173 @A: 15 08 11 27 | 02
#0973-d173 @A: 15 11 32 05 | 05
#0974-d173 @A: 27 23 15 05 | 07
#0975-d173 @A: 02 27 33 31 | 03
#0976-d173 @A: 09 11 17 19 | 01
#0977-d173 @A: 17 19 31 33 | 10
#0978-d173 @A: 26 27 17 05 | 11
#0979-d173 @A: 20 04 34 01 | 04
#0980-d173 @A: 34 20 33 24 | 12
#0981-d173 @A: 01 28 34 07 | 09
#0982-d173 @A: 03 04 12 34 | 08
#0983-d173 @A: 34 12 09 02 | 06
#0984-d173 @A: 34 18 12 17 | 02
#0985-d173 @A: 35 34 32 29 | 05
#0986-d173 @A: 21 33 34 11 | 07
#0987-d173 @A: 07 11 24 34 | 03
#0988-d173 @A: 18 13 34 26 | 01
#0989-d173 @A: 30 34 29 02 | 10
#0990-d173 @A: 17 15 34 09 | 11
#0991-d173 @A: 06 08 22 34 | 04
#0992-d173 @A: 04 34 28 27 | 12
#0993-d173 @A: 05 34 31 04 | 09
#0994-d173 @A: 24 20 11 25 | 08
#0995-d173 @A: 22 20 25 29 | 06
#0996-d173 @A: 28 25 21 01 | 02
#0997-d173 @A: 10 07 25 06 | 05
#0998-d173 @A: 25 16 09 13 | 07
#0999-d173 @A: 16 25 14 23 | 03
#1000-d173 @A: 32 25 24 35 | 01
#1001-d173 @A: 25 31 15 21 | 10
#1002-d173 @A: 21 30 22 25 | 11
#1003-d173 @A: 17 24 25 23 | 04
#1004-d173 @A: 30 24 25 23 | 12
#1005-d173 @A: 03 25 28 31 | 09
#1006-d173 @A: 29 25 19 07 | 08
#1007-d173 @A: 25 02 07 17 | 06
#1008-d173 @A: 18 25 09 33 | 02
#1009-d173 @A: 22 25 33 28 | 05
#1010-d173 @A: 25 33 27 06 | 07
#1011-d173 @A: 20 03 12 05 | 03
#1012-d173 @A: 09 30 12 20 | 01
#1013-d173 @A: 11 21 20 10 | 10
#1014-d173 @A: 20 10 24 06 | 11
#1015-d173 @A: 14 10 20 04 | 04
#1016-d173 @A: 17 31 35 20 | 12
#1017-d173 @A: 14 09 24 20 | 09
#1018-d173 @A: 08 20 24 02 | 08
#1019-d173 @A: 32 29 06 20 | 06
#1020-d173 @A: 33 09 20 32 | 02
#1021-d173 @A: 20 06 28 05 | 05
#1022-d173 @A: 12 15 01 05 | 07
#1023-d173 @A: 23 01 18 12 | 03
#1024-d173 @A: 08 16 02 01 | 01
#1025-d173 @A: 01 03 13 21 | 10
#1026-d173 @A: 31 21 14 01 | 11
#1027-d173 @A: 15 01 03 28 | 04
#1028-d173 @A: 02 01 14 09 | 12
#1029-d173 @A: 18 01 30 22 | 09
#1030-d173 @A: 32 27 22 01 | 08
#1031-d173 @A: 12 09 10 24 | 06
#1032-d173 @A: 10 07 29 12 | 02
#1033-d173 @A: 13 10 12 26 | 05
#1034-d173 @A: 12 16 03 32 | 07
#1035-d173 @A: 16 30 12 22 | 03
#1036-d173 @A: 15 12 35 06 | 01
#1037-d173 @A: 12 08 21 07 | 10
#1038-d173 @A: 21 23 12 29 | 11
#1039-d173 @A: 12 14 24 30 | 04
#1040-d173 @A: 24 12 15 28 | 12
#1041-d173 @A: 33 12 26 24 | 09
#1042-d173 @A: 05 24 31 12 | 08
#1043-d173 @A: 27 12 15 03 | 06
#1044-d173 @A: 12 09 19 13 | 02
#1045-d173 @A: 12 22 13 27 | 05
#1046-d173 @A: 22 31 12 14 | 07
#1047-d173 @A: 08 15 12 30 | 03
#1048-d173 @A: 02 30 11 12 | 01
#1049-d173 @A: 12 11 08 18 | 10
#1050-d173 @A: 27 06 04 12 | 11
#1051-d173 @A: 12 05 09 22 | 04
#1052-d173 @A: 11 12 32 23 | 12
#1053-d173 @A: 12 19 31 23 | 09
#1054-d173 @A: 35 22 10 13 | 08
#1055-d173 @A: 23 10 03 29 | 06
#1056-d173 @A: 05 03 10 02 | 02
#1057-d173 @A: 07 27 33 10 | 05
#1058-d173 @A: 10 13 06 29 | 07
#1059-d173 @A: 06 22 10 02 | 03
#1060-d173 @A: 10 31 27 28 | 01
#1061-d173 @A: 24 15 09 16 | 10
#1062-d173 @A: 03 16 23 28 | 11
#1063-d173 @A: 06 22 16 17 | 04
#1064-d173 @A: 16 08 22 05 | 12
#1065-d173 @A: 06 16 09 18 | 09
#1066-d173 @A: 16 31 32 28 | 08
#1067-d173 @A: 16 31 22 18 | 06
#1068-d173 @A: 29 24 11 35 | 02
#1069-d173 @A: 08 15 03 35 | 05
#1070-d173 @A: 17 35 03 04 | 07
#1071-d173 @A: 35 15 04 30 | 03
#1072-d173 @A: 26 28 35 08 | 01
#1073-d173 @A: 04 35 09 27 | 10
#1074-d173 @A: 35 23 27 28 | 11
#1075-d173 @A: 30 22 27 35 | 04
#1076-d173 @A: 17 03 21 27 | 12
#1077-d173 @A: 29 07 26 21 | 09
#1078-d173 @A: 15 33 21 13 | 08
#1079-d173 @A: 21 28 19 14 | 06
#1080-d173 @A: 21 04 19 18 | 02
#1081-d173 @A: 19 11 21 27 | 05
#1082-d173 @A: 33 07 14 24 | 07
#1083-d173 @A: 32 29 24 13 | 03
#1084-d173 @A: 08 15 24 13 | 01
#1085-d173 @A: 17 27 15 24 | 10
#1086-d173 @A: 24 11 09 33 | 11
#1087-d173 @A: 13 30 22 03 | 04
#1088-d173 @A: 14 03 08 17 | 12
#1089-d173 @A: 03 11 28 18 | 09
#1090-d173 @A: 06 33 30 03 | 08
#1091-d173 @A: 31 33 03 23 | 06
#1092-d173 @A: 07 26 15 32 | 02
#1093-d173 @A: 07 31 18 02 | 05
#1094-d173 @A: 07 30 04 33 | 07
#1095-d173 @A: 23 09 31 07 | 03
#1096-d173 @A: 07 05 23 26 | 01
#1097-d173 @A: 07 18 32 23 | 10
#1098-d173 @A: 17 29 13 11 | 11
#1099-d173 @A: 13 09 33 31 | 04
#1100-d173 @A: 27 28 13 32 | 12
#1101-d173 @A: 22 19 32 13 | 09
#1102-d173 @A: 05 19 23 13 | 08
#1103-d173 @A: 04 14 08 33 | 06
#1104-d173 @A: 04 27 18 14 | 02
#1105-d173 @A: 06 14 30 32 | 05
#1106-d173 @A: 08 30 32 29 | 07
#1107-d173 @A: 27 04 22 29 | 03
#1108-d173 @A: 05 29 28 18 | 01
#1109-d173 @A: 29 23 30 28 | 10
#1110-d173 @A: 29 18 27 19 | 11
#1111-d173 @A: 28 23 22 15 | 04
#1112-d173 @A: 32 23 19 15 | 12
#1113-d173 @A: 17 08 31 02 | 09
#1114-d173 @A: 02 33 06 04 | 08
#1115-d173 @A: 33 23 19 02 | 06
#1116-d173 @A: 27 02 30 32 | 02
#1117-d173 @A: 08 17 06 09 | 05
#1118-d173 @A: 08 18 33 17 | 07
#1119-d173 @A: 26 17 04 31 | 03
#1120-d173 @A: 17 09 32 31 | 01
#1121-d173 @A: 19 26 17 28 | 10
#1122-d173 @A: 23 17 33 06 | 11
#1123-d173 @A: 33 17 05 11 | 04
#1124-d173 @A: 11 22 18 17 | 12
#1125-d173 @A: 30 17 18 11 | 09
#1126-d173 @A: 30 19 32 28 | 08
#1127-d173 @A: 11 30 26 06 | 06
#1128-d173 @A: 25 35 34 11 | 02
#1129-d173 @A: 07 25 34 03 | 05
#1130-d173 @A: 27 02 25 34 | 07
#1131-d173 @A: 09 19 25 34 | 03
#1132-d173 @A: 29 27 10 34 | 01
#1133-d173 @A: 02 31 34 10 | 10
#1134-d173 @A: 03 22 34 35 | 11
#1135-d173 @A: 35 34 06 23 | 04
#1136-d173 @A: 06 24 21 34 | 12
#1137-d173 @A: 03 23 11 34 | 09
#1138-d173 @A: 07 27 34 06 | 08
#1139-d173 @A: 05 14 29 34 | 06
#1140-d173 @A: 34 14 02 18 | 02
#1141-d173 @A: 34 17 29 19 | 05
#1142-d173 @A: 18 15 34 30 | 07
#1143-d173 @A: 23 05 34 09 | 03
#1144-d173 @A: 11 34 05 27 | 01
#1145-d173 @A: 31 10 20 25 | 10
#1146-d173 @A: 26 20 07 25 | 11
#1147-d173 @A: 27 25 12 01 | 04
#1148-d173 @A: 01 29 23 25 | 12
#1149-d173 @A: 06 01 25 26 | 09
#1150-d173 @A: 03 25 12 33 | 08
#1151-d173 @A: 10 25 16 22 | 06
#1152-d173 @A: 02 10 25 23 | 02
#1153-d173 @A: 10 09 25 17 | 05
#1154-d173 @A: 08 25 16 24 | 07
#1155-d173 @A: 03 16 25 15 | 03
#1156-d173 @A: 11 25 17 16 | 01
#1157-d173 @A: 16 25 33 31 | 10
#1158-d173 @A: 23 35 25 13 | 11
#1159-d173 @A: 04 25 35 29 | 04
#1160-d173 @A: 25 35 06 17 | 12
#1161-d173 @A: 19 26 21 25 | 09
#1162-d173 @A: 24 02 25 06 | 08
#1163-d173 @A: 07 14 22 25 | 06
#1164-d173 @A: 07 11 23 25 | 02
#1165-d173 @A: 11 30 13 25 | 05
#1166-d173 @A: 29 25 32 14 | 07
#1167-d173 @A: 25 17 28 14 | 03
#1168-d173 @A: 30 29 27 25 | 01
#1169-d173 @A: 33 25 30 19 | 10
#1170-d173 @A: 11 22 26 25 | 11
#1171-d173 @A: 11 32 18 25 | 04
#1172-d173 @A: 16 14 20 22 | 12
#1173-d173 @A: 15 08 20 16 | 09
#1174-d173 @A: 03 20 32 35 | 08
#1175-d173 @A: 20 22 35 08 | 06
#1176-d173 @A: 17 22 20 13 | 02
#1177-d173 @A: 33 31 14 20 | 05
#1178-d173 @A: 28 27 20 33 | 07
#1179-d173 @A: 20 22 31 26 | 03
#1180-d173 @A: 31 23 20 18 | 01
#1181-d173 @A: 24 01 12 35 | 10
#1182-d173 @A: 01 03 08 12 | 11
#1183-d173 @A: 10 02 11 01 | 04
#1184-d173 @A: 01 10 17 18 | 12
#1185-d173 @A: 13 11 01 16 | 09
#1186-d173 @A: 04 15 16 01 | 08
#1187-d173 @A: 18 26 16 01 | 06
#1188-d173 @A: 31 01 35 22 | 02
#1189-d173 @A: 29 21 01 33 | 05
#1190-d173 @A: 01 14 24 28 | 07
#1191-d173 @A: 01 32 24 19 | 03
#1192-d173 @A: 01 29 03 19 | 01
#1193-d173 @A: 04 08 01 27 | 10
#1194-d173 @A: 01 08 09 18 | 11
#1195-d173 @A: 10 12 14 27 | 04
#1196-d173 @A: 10 17 23 12 | 12
#1197-d173 @A: 19 21 17 12 | 09
#1198-d173 @A: 12 09 07 06 | 08
#1199-d173 @A: 29 12 14 33 | 06
#1200-d173 @A: 14 12 05 18 | 02
#1201-d173 @A: 29 12 17 05 | 05
#1202-d173 @A: 12 02 33 28 | 07
#1203-d173 @A: 12 08 31 26 | 03
#1204-d173 @A: 28 27 09 12 | 01
#1205-d173 @A: 32 22 06 12 | 10
#1206-d173 @A: 27 12 30 06 | 11
#1207-d173 @A: 10 16 26 14 | 04
#1208-d173 @A: 32 10 18 16 | 12
#1209-d173 @A: 27 10 35 15 | 09
#1210-d173 @A: 35 10 08 02 | 08
#1211-d173 @A: 10 17 28 21 | 06
#1212-d173 @A: 27 04 21 10 | 02
#1213-d173 @A: 27 21 10 30 | 05
#1214-d173 @A: 22 07 10 24 | 07
#1215-d173 @A: 13 10 32 03 | 03
#1216-d173 @A: 29 14 10 31 | 01
#1217-d173 @A: 04 19 22 10 | 10
#1218-d173 @A: 10 09 11 31 | 11
#1219-d173 @A: 18 10 19 06 | 04
#1220-d173 @A: 22 31 10 05 | 12
#1221-d173 @A: 21 16 26 17 | 09
#1222-d173 @A: 16 19 02 07 | 08
#1223-d173 @A: 16 11 07 05 | 06
#1224-d173 @A: 26 16 29 02 | 02
#1225-d173 @A: 08 27 26 16 | 05
#1226-d173 @A: 31 16 27 04 | 07
#1227-d173 @A: 21 35 26 13 | 03
#1228-d173 @A: 14 08 35 21 | 01
#1229-d173 @A: 32 15 35 21 | 10
#1230-d173 @A: 14 35 13 24 | 11
#1231-d173 @A: 35 05 24 17 | 04
#1232-d173 @A: 24 35 23 19 | 12
#1233-d173 @A: 35 14 18 03 | 09
#1234-d173 @A: 07 17 35 22 | 08
#1235-d173 @A: 28 35 04 06 | 06
#1236-d173 @A: 09 35 33 26 | 02
#1237-d173 @A: 06 35 11 05 | 05
#1238-d173 @A: 05 19 26 35 | 07
#1239-d173 @A: 02 28 21 24 | 03
#1240-d173 @A: 21 33 07 17 | 01
#1241-d173 @A: 13 17 21 09 | 10
#1242-d173 @A: 31 18 17 21 | 11
#1243-d173 @A: 04 09 21 30 | 04
#1244-d173 @A: 09 18 23 21 | 12
#1245-d173 @A: 22 33 21 27 | 09
#1246-d173 @A: 17 24 03 31 | 08
#1247-d173 @A: 32 24 08 03 | 06
#1248-d173 @A: 07 04 15 24 | 02
#1249-d173 @A: 24 07 08 17 | 05
#1250-d173 @A: 11 02 13 24 | 07
#1251-d173 @A: 13 04 24 28 | 03
#1252-d173 @A: 13 06 27 24 | 01
#1253-d173 @A: 23 15 29 24 | 10
#1254-d173 @A: 24 30 22 08 | 11
#1255-d173 @A: 24 04 19 33 | 04
#1256-d173 @A: 04 24 18 26 | 12
#1257-d173 @A: 06 24 30 09 | 09
#1258-d173 @A: 26 19 22 24 | 08
#1259-d173 @A: 11 32 24 27 | 06
#1260-d173 @A: 02 07 03 09 | 02
#1261-d173 @A: 26 13 03 31 | 05
#1262-d173 @A: 02 32 03 29 | 07
#1263-d173 @A: 17 03 06 29 | 03
#1264-d173 @A: 03 09 29 04 | 01
#1265-d173 @A: 05 03 17 19 | 10
#1266-d173 @A: 03 31 18 04 | 11
#1267-d173 @A: 22 03 26 32 | 04
#1268-d173 @A: 03 31 30 32 | 12
#1269-d173 @A: 07 18 14 13 | 09
#1270-d173 @A: 07 26 30 13 | 08
#1271-d173 @A: 15 31 07 29 | 06
#1272-d173 @A: 32 19 07 33 | 02
#1273-d173 @A: 14 13 02 19 | 05
#1274-d173 @A: 13 17 15 30 | 07
#1275-d173 @A: 33 32 02 13 | 03
#1276-d173 @A: 33 08 13 27 | 01
#1277-d173 @A: 04 18 11 13 | 10
#1278-d173 @A: 05 13 09 18 | 11
#1279-d173 @A: 30 23 13 18 | 04
#1280-d173 @A: 22 29 14 30 | 12
#1281-d173 @A: 09 14 11 22 | 09
#1282-d173 @A: 14 28 23 33 | 08
#1283-d173 @A: 14 26 18 32 | 06
#1284-d173 @A: 28 17 29 27 | 02
#1285-d173 @A: 11 18 09 29 | 05
#1286-d173 @A: 06 31 29 28 | 07
#1287-d173 @A: 06 32 27 15 | 03
#1288-d173 @A: 19 11 15 26 | 01
#1289-d173 @A: 05 17 02 06 | 10
#1290-d173 @A: 08 02 04 30 | 11
#1291-d173 @A: 23 31 04 02 | 04
#1292-d173 @A: 09 02 05 32 | 12
#1293-d173 @A: 06 18 02 23 | 09
#1294-d173 @A: 19 18 30 02 | 08
#1295-d173 @A: 09 17 05 04 | 06
#1296-d173 @A: 17 04 28 23 | 02
#1297-d173 @A: 04 17 06 11 | 05
#1298-d173 @A: 30 04 32 22 | 07
#1299-d173 @A: 22 01 34 25 | 03
#1300-d173 @A: 10 25 21 34 | 01
#1301-d173 @A: 34 31 25 24 | 10
#1302-d173 @A: 34 14 20 26 | 11
#1303-d173 @A: 20 30 27 34 | 04
#1304-d173 @A: 34 08 10 07 | 12
#1305-d173 @A: 13 04 34 21 | 09
#1306-d173 @A: 28 21 29 34 | 08
#1307-d173 @A: 14 31 03 34 | 06
#1308-d173 @A: 34 27 26 03 | 02
#1309-d173 @A: 13 07 19 34 | 05
#1310-d173 @A: 34 17 11 14 | 07
#1311-d173 @A: 34 08 18 19 | 03
#1312-d173 @A: 04 34 19 11 | 01
#1313-d173 @A: 09 33 34 06 | 10
#1314-d173 @A: 31 34 26 33 | 11
#1315-d173 @A: 34 05 19 06 | 04
#1316-d173 @A: 20 04 12 25 | 12
#1317-d173 @A: 20 25 21 09 | 09
#1318-d173 @A: 10 14 08 25 | 08
#1319-d173 @A: 21 07 25 16 | 06
#1320-d173 @A: 35 25 22 21 | 02
#1321-d173 @A: 09 35 25 02 | 05
#1322-d173 @A: 27 14 25 21 | 07
#1323-d173 @A: 24 25 14 15 | 03
#1324-d173 @A: 19 25 24 27 | 01
#1325-d173 @A: 03 25 18 17 | 10
#1326-d173 @A: 09 03 25 30 | 11
#1327-d173 @A: 28 27 08 25 | 04
#1328-d173 @A: 31 05 08 25 | 12
#1329-d173 @A: 25 05 04 19 | 09
#1330-d173 @A: 26 18 25 28 | 08
#1331-d173 @A: 26 10 20 01 | 06
#1332-d173 @A: 20 24 30 01 | 02
#1333-d173 @A: 20 06 16 03 | 05
#1334-d173 @A: 20 29 16 11 | 07
#1335-d173 @A: 09 20 13 35 | 03
#1336-d173 @A: 35 04 20 19 | 01
#1337-d173 @A: 20 07 29 04 | 10
#1338-d173 @A: 29 20 02 28 | 11
#1339-d173 @A: 20 23 17 29 | 04
#1340-d173 @A: 32 20 30 15 | 12
#1341-d173 @A: 08 04 20 26 | 09
#1342-d173 @A: 31 20 09 08 | 08
#1343-d173 @A: 33 20 11 26 | 06
#1344-d173 @A: 30 20 06 18 | 02
#1345-d173 @A: 20 05 30 11 | 05
#1346-d173 @A: 12 04 11 01 | 07
#1347-d173 @A: 14 22 01 10 | 03
#1348-d173 @A: 07 19 14 01 | 01
#1349-d173 @A: 02 07 22 01 | 10
#1350-d173 @A: 01 29 14 13 | 11
#1351-d173 @A: 17 01 08 13 | 04
#1352-d173 @A: 01 05 02 30 | 12
#1353-d173 @A: 27 09 01 33 | 09
#1354-d173 @A: 18 32 06 01 | 08
#1355-d173 @A: 27 30 19 01 | 06
#1356-d173 @A: 31 35 12 10 | 02
#1357-d173 @A: 07 33 12 16 | 05
#1358-d173 @A: 16 12 28 13 | 07
#1359-d173 @A: 07 13 12 11 | 03
#1360-d173 @A: 05 07 02 12 | 01
#1361-d173 @A: 15 32 29 12 | 10
#1362-d173 @A: 33 12 17 30 | 11
#1363-d173 @A: 12 18 33 04 | 04
#1364-d173 @A: 12 23 06 28 | 12
#1365-d173 @A: 12 32 28 26 | 09
#1366-d173 @A: 27 12 19 05 | 08
#1367-d173 @A: 21 10 16 30 | 06
#1368-d173 @A: 16 29 19 10 | 02
#1369-d173 @A: 07 35 10 19 | 05
#1370-d173 @A: 19 23 21 10 | 07
#1371-d173 @A: 17 10 03 22 | 03
#1372-d173 @A: 10 03 08 27 | 01
#1373-d173 @A: 29 10 26 17 | 10
#1374-d173 @A: 10 15 26 28 | 11
#1375-d173 @A: 33 10 31 04 | 04
#1376-d173 @A: 10 06 27 23 | 12
#1377-d173 @A: 23 11 10 05 | 09
#1378-d173 @A: 16 21 31 03 | 08
#1379-d173 @A: 16 07 15 22 | 06
#1380-d173 @A: 13 16 14 08 | 02
#1381-d173 @A: 13 16 32 15 | 05
#1382-d173 @A: 17 13 16 18 | 07
#1383-d173 @A: 31 29 17 16 | 03
#1384-d173 @A: 22 04 02 16 | 01
#1385-d173 @A: 08 18 16 04 | 10
#1386-d173 @A: 30 24 35 18 | 11
#1387-d173 @A: 26 35 04 22 | 04
#1388-d173 @A: 19 24 21 15 | 12
#1389-d173 @A: 05 21 32 24 | 09
#1390-d173 @A: 15 27 29 21 | 08
#1391-d173 @A: 29 21 17 32 | 06
#1392-d173 @A: 22 31 21 04 | 02
#1393-d173 @A: 21 33 19 06 | 05
#1394-d173 @A: 06 21 32 23 | 07
#1395-d173 @A: 05 04 24 14 | 03
#1396-d173 @A: 29 17 24 18 | 01
#1397-d173 @A: 08 19 24 29 | 10
#1398-d173 @A: 29 05 24 22 | 11
#1399-d173 @A: 32 06 24 09 | 04
#1400-d173 @A: 09 22 31 24 | 12
#1401-d173 @A: 24 11 18 06 | 09
#1402-d173 @A: 26 08 03 07 | 08
#1403-d173 @A: 03 22 29 13 | 06
#1404-d173 @A: 30 14 03 11 | 02
#1405-d173 @A: 03 19 02 18 | 05
#1406-d173 @A: 28 33 08 03 | 07
#1407-d173 @A: 05 03 06 08 | 03
#1408-d173 @A: 04 28 05 03 | 01
#1409-d173 @A: 08 11 07 33 | 10
#1410-d173 @A: 32 06 07 28 | 11
#1411-d173 @A: 07 32 05 31 | 04
#1412-d173 @A: 13 31 22 28 | 12
#1413-d173 @A: 13 11 33 23 | 09
#1414-d173 @A: 26 13 27 11 | 08
#1415-d173 @A: 23 27 14 29 | 06
#1416-d173 @A: 14 23 04 22 | 02
#1417-d173 @A: 18 31 09 14 | 05
#1418-d173 @A: 27 26 14 33 | 07
#1419-d173 @A: 06 31 14 32 | 03
#1420-d173 @A: 11 29 27 02 | 01
#1421-d173 @A: 18 09 30 29 | 10
#1422-d173 @A: 26 33 23 29 | 11
#1423-d173 @A: 18 31 26 29 | 04
#1424-d173 @A: 28 32 08 15 | 12
#1425-d173 @A: 30 09 15 22 | 09
#1426-d173 @A: 27 02 08 18 | 08
#1427-d173 @A: 05 02 27 04 | 06
#1428-d173 @A: 18 09 22 02 | 02
#1429-d173 @A: 06 11 02 28 | 05
#1430-d173 @A: 33 18 02 11 | 07
#1431-d173 @A: 32 27 02 19 | 03
#1432-d173 @A: 17 26 22 08 | 01
#1433-d173 @A: 23 19 17 08 | 10
#1434-d173 @A: 17 31 28 05 | 11
#1435-d173 @A: 23 18 26 17 | 04
#1436-d173 @A: 08 26 27 30 | 12
#1437-d173 @A: 34 25 04 16 | 09
#1438-d173 @A: 34 33 25 14 | 08
#1439-d173 @A: 34 30 25 04 | 06
#1440-d173 @A: 34 35 20 16 | 02
#1441-d173 @A: 34 15 20 06 | 05
#1442-d173 @A: 01 34 18 03 | 07
#1443-d173 @A: 01 34 29 11 | 03
#1444-d173 @A: 13 12 34 30 | 01
#1445-d173 @A: 04 10 24 34 | 10
#1446-d173 @A: 05 34 16 13 | 11
#1447-d173 @A: 17 02 34 21 | 04
#1448-d173 @A: 15 02 11 34 | 12
#1449-d173 @A: 18 22 04 34 | 09
#1450-d173 @A: 32 34 09 30 | 08
#1451-d173 @A: 05 33 34 18 | 06
#1452-d173 @A: 32 34 11 31 | 02
#1453-d173 @A: 28 35 20 25 | 05
#1454-d173 @A: 16 01 19 25 | 07
#1455-d173 @A: 25 18 35 16 | 03
#1456-d173 @A: 25 24 33 21 | 01
#1457-d173 @A: 25 03 29 08 | 10
#1458-d173 @A: 31 15 25 30 | 11
#1459-d173 @A: 32 19 08 25 | 04
#1460-d173 @A: 23 06 25 09 | 12
#1461-d173 @A: 06 25 22 19 | 09
#1462-d173 @A: 02 17 01 20 | 08
#1463-d173 @A: 20 12 33 35 | 06
#1464-d173 @A: 12 21 20 06 | 02
#1465-d173 @A: 20 05 29 10 | 05
#1466-d173 @A: 35 24 26 20 | 07
#1467-d173 @A: 07 03 22 20 | 03
#1468-d173 @A: 20 03 29 26 | 01
#1469-d173 @A: 03 20 08 30 | 10
#1470-d173 @A: 07 27 20 14 | 11
#1471-d173 @A: 08 07 20 32 | 04
#1472-d173 @A: 17 20 14 18 | 12
#1473-d173 @A: 20 15 32 02 | 09
#1474-d173 @A: 33 08 06 20 | 08
#1475-d173 @A: 20 11 04 05 | 06
#1476-d173 @A: 23 20 22 33 | 02
#1477-d173 @A: 19 30 31 20 | 05
#1478-d173 @A: 01 16 24 06 | 07
#1479-d173 @A: 21 30 01 32 | 03
#1480-d173 @A: 24 18 07 01 | 01
#1481-d173 @A: 33 01 19 08 | 10
#1482-d173 @A: 09 01 31 04 | 11
#1483-d173 @A: 19 22 09 01 | 04
#1484-d173 @A: 01 05 31 26 | 12
#1485-d173 @A: 35 02 32 12 | 09
#1486-d173 @A: 12 35 28 30 | 08
#1487-d173 @A: 30 12 21 23 | 06
#1488-d173 @A: 12 15 07 14 | 02
#1489-d173 @A: 27 17 12 07 | 05
#1490-d173 @A: 19 12 28 08 | 07
#1491-d173 @A: 04 12 32 05 | 03
#1492-d173 @A: 28 12 05 11 | 01
#1493-d173 @A: 18 12 31 30 | 10
#1494-d173 @A: 10 02 33 16 | 11
#1495-d173 @A: 27 17 16 10 | 04
#1496-d173 @A: 08 10 28 24 | 12
#1497-d173 @A: 04 03 26 10 | 09
#1498-d173 @A: 30 28 10 03 | 08
#1499-d173 @A: 14 33 13 10 | 06
#1500-d173 @A: 10 14 19 17 | 02
#1501-d173 @A: 10 08 32 26 | 05
#1502-d173 @A: 22 28 18 10 | 07
#1503-d173 @A: 33 10 32 22 | 03
#1504-d173 @A: 18 10 26 11 | 01
#1505-d173 @A: 16 29 33 24 | 10
#1506-d173 @A: 23 16 13 07 | 11
#1507-d173 @A: 29 06 16 07 | 04
#1508-d173 @A: 27 16 14 15 | 12
#1509-d173 @A: 16 31 23 15 | 09
#1510-d173 @A: 06 33 32 16 | 08
#1511-d173 @A: 21 02 35 05 | 06
#1512-d173 @A: 09 07 35 14 | 02
#1513-d173 @A: 14 15 05 35 | 05
#1514-d173 @A: 23 17 35 30 | 07
#1515-d173 @A: 19 21 30 24 | 03
#1516-d173 @A: 32 11 21 08 | 01
#1517-d173 @A: 22 26 09 21 | 10
#1518-d173 @A: 21 32 31 33 | 11
#1519-d173 @A: 23 21 27 31 | 04
#1520-d173 @A: 18 08 24 14 | 12
#1521-d173 @A: 15 32 22 24 | 09
#1522-d173 @A: 02 09 26 24 | 08
#1523-d173 @A: 08 09 24 04 | 06
#1524-d173 @A: 09 23 28 24 | 02
#1525-d173 @A: 30 33 31 24 | 05
#1526-d173 @A: 26 30 32 24 | 07
#1527-d173 @A: 14 03 13 27 | 03
#1528-d173 @A: 17 03 13 28 | 01
#1529-d173 @A: 15 29 30 03 | 10
#1530-d173 @A: 15 02 26 03 | 11
#1531-d173 @A: 04 19 03 08 | 04
#1532-d173 @A: 05 18 03 22 | 12
#1533-d173 @A: 07 13 05 17 | 09
#1534-d173 @A: 26 22 07 13 | 08
#1535-d173 @A: 02 29 07 08 | 06
#1536-d173 @A: 05 07 18 08 | 02
#1537-d173 @A: 04 26 07 28 | 05
#1538-d173 @A: 26 07 11 06 | 07
#1539-d173 @A: 18 27 07 11 | 03
#1540-d173 @A: 07 26 31 27 | 01
#1541-d173 @A: 23 29 02 13 | 10
#1542-d173 @A: 13 22 08 23 | 11
#1543-d173 @A: 22 04 09 13 | 04
#1544-d173 @A: 13 09 31 30 | 12
#1545-d173 @A: 11 19 06 13 | 09
#1546-d173 @A: 06 14 30 04 | 08
#1547-d173 @A: 31 30 14 27 | 06
#1548-d173 @A: 18 23 19 14 | 02
#1549-d173 @A: 32 18 29 08 | 05
#1550-d173 @A: 31 33 22 29 | 07
#1551-d173 @A: 26 32 11 29 | 03
#1552-d173 @A: 22 15 08 33 | 01
#1553-d173 @A: 30 28 15 27 | 10
#1554-d173 @A: 22 31 06 15 | 11
#1555-d173 @A: 31 18 15 05 | 04
#1556-d173 @A: 26 15 19 30 | 12
#1557-d173 @A: 02 08 06 32 | 09
#1558-d173 @A: 04 19 02 28 | 08
#1559-d173 @A: 30 33 23 02 | 06
#1560-d173 @A: 06 18 17 28 | 02
#1561-d173 @A: 08 30 09 11 | 05
#1562-d173 @A: 34 25 28 06 | 07
#1563-d173 @A: 34 20 13 03 | 03
#1564-d173 @A: 23 34 01 13 | 01
#1565-d173 @A: 06 17 01 34 | 10
#1566-d173 @A: 35 27 34 12 | 11
#1567-d173 @A: 10 35 34 26 | 04
#1568-d173 @A: 14 10 23 34 | 12
#1569-d173 @A: 16 21 34 22 | 09
#1570-d173 @A: 15 24 34 26 | 08
#1571-d173 @A: 28 02 34 03 | 06
#1572-d173 @A: 17 07 34 31 | 02
#1573-d173 @A: 34 29 09 22 | 05
#1574-d173 @A: 09 27 34 31 | 07
#1575-d173 @A: 25 14 01 18 | 03
#1576-d173 @A: 10 03 19 25 | 01
#1577-d173 @A: 28 25 16 02 | 10
#1578-d173 @A: 24 09 25 07 | 11
#1579-d173 @A: 23 25 33 08 | 04
#1580-d173 @A: 09 32 25 22 | 12
#1581-d173 @A: 22 25 23 31 | 09
#1582-d173 @A: 25 18 27 23 | 08
#1583-d173 @A: 17 20 08 10 | 06
#1584-d173 @A: 07 28 16 20 | 02
#1585-d173 @A: 16 27 05 20 | 05
#1586-d173 @A: 20 31 21 29 | 07
#1587-d173 @A: 30 21 29 20 | 03
#1588-d173 @A: 20 07 23 24 | 01
#1589-d173 @A: 20 19 14 03 | 10
#1590-d173 @A: 11 20 07 02 | 11
#1591-d173 @A: 23 13 20 14 | 04
#1592-d173 @A: 13 20 27 29 | 12
#1593-d173 @A: 28 30 22 20 | 09
#1594-d173 @A: 22 20 27 18 | 08
#1595-d173 @A: 29 01 30 12 | 06
#1596-d173 @A: 02 31 01 12 | 02
#1597-d173 @A: 01 05 10 21 | 05
#1598-d173 @A: 14 33 16 01 | 07
#1599-d173 @A: 01 07 35 26 | 03
#1600-d173 @A: 01 35 13 28 | 01
#1601-d173 @A: 06 08 01 35 | 10
#1602-d173 @A: 01 03 24 22 | 11
#1603-d173 @A: 08 01 13 30 | 04
#1604-d173 @A: 01 04 26 14 | 12
#1605-d173 @A: 01 17 15 31 | 09
#1606-d173 @A: 01 23 11 27 | 08
#1607-d173 @A: 30 12 10 07 | 06
#1608-d173 @A: 16 12 15 26 | 02
#1609-d173 @A: 21 12 11 24 | 05
#1610-d173 @A: 21 09 12 04 | 07
#1611-d173 @A: 06 08 24 12 | 03
#1612-d173 @A: 12 13 18 02 | 01
#1613-d173 @A: 22 15 02 12 | 10
#1614-d173 @A: 12 08 23 04 | 11
#1615-d173 @A: 12 04 22 28 | 04
#1616-d173 @A: 30 12 26 32 | 12
#1617-d173 @A: 12 26 23 27 | 09
#1618-d173 @A: 04 16 10 35 | 08
#1619-d173 @A: 10 11 16 08 | 06
#1620-d173 @A: 10 09 21 35 | 02
#1621-d173 @A: 03 10 21 15 | 05
#1622-d173 @A: 14 11 24 10 | 07
#1623-d173 @A: 07 10 23 28 | 03
#1624-d173 @A: 10 17 06 31 | 01
#1625-d173 @A: 10 22 08 09 | 10
#1626-d173 @A: 06 10 09 26 | 11
#1627-d173 @A: 10 33 28 06 | 04
#1628-d173 @A: 35 16 29 23 | 12
#1629-d173 @A: 08 33 16 35 | 09
#1630-d173 @A: 03 33 13 16 | 08
#1631-d173 @A: 13 29 04 16 | 06
#1632-d173 @A: 23 05 04 16 | 02
#1633-d173 @A: 22 28 16 27 | 05
#1634-d173 @A: 30 11 16 27 | 07
#1635-d173 @A: 19 23 27 16 | 03
#1636-d173 @A: 06 07 35 24 | 01
#1637-d173 @A: 03 05 35 13 | 10
#1638-d173 @A: 29 35 31 03 | 11
#1639-d173 @A: 35 23 14 30 | 04
#1640-d173 @A: 26 15 35 29 | 12
#1641-d173 @A: 35 06 09 31 | 09
#1642-d173 @A: 22 27 35 06 | 08
#1643-d173 @A: 22 19 11 35 | 06
#1644-d173 @A: 23 35 31 26 | 02
#1645-d173 @A: 29 24 09 21 | 05
#1646-d173 @A: 09 21 03 33 | 07
#1647-d173 @A: 21 07 04 14 | 03
#1648-d173 @A: 05 13 27 21 | 01
#1649-d173 @A: 23 15 21 14 | 10
#1650-d173 @A: 02 26 14 21 | 11
#1651-d173 @A: 21 02 15 08 | 04
#1652-d173 @A: 28 27 06 21 | 12
#1653-d173 @A: 21 22 32 18 | 09
#1654-d173 @A: 29 24 28 07 | 08
#1655-d173 @A: 19 31 24 14 | 06
#1656-d173 @A: 26 11 17 24 | 02
#1657-d173 @A: 24 28 11 31 | 05
#1658-d173 @A: 33 05 06 24 | 07
#1659-d173 @A: 23 18 05 24 | 03
#1660-d173 @A: 03 27 07 29 | 01
#1661-d173 @A: 11 04 03 15 | 10
#1662-d173 @A: 18 03 06 27 | 11
#1663-d173 @A: 26 03 11 05 | 04
#1664-d173 @A: 07 06 14 02 | 12
#1665-d173 @A: 07 15 17 28 | 09
#1666-d173 @A: 22 04 08 07 | 08
#1667-d173 @A: 29 09 08 13 | 06
#1668-d173 @A: 26 15 17 13 | 02
#1669-d173 @A: 18 13 23 28 | 05
#1670-d173 @A: 26 09 14 28 | 07
#1671-d173 @A: 14 22 06 26 | 03
#1672-d173 @A: 14 26 11 23 | 01
#1673-d173 @A: 19 14 05 32 | 10
#1674-d173 @A: 29 02 15 09 | 11
#1675-d173 @A: 29 33 30 26 | 04
#1676-d173 @A: 29 22 06 11 | 12
#1677-d173 @A: 08 05 15 17 | 09
#1678-d173 @A: 18 15 08 26 | 08
#1679-d173 @A: 04 22 05 15 | 06
#1680-d173 @A: 04 26 27 15 | 02
#1681-d173 @A: 05 15 09 26 | 05
#1682-d173 @A: 15 09 32 18 | 07
#1683-d173 @A: 31 28 19 15 | 03
#1684-d173 @A: 18 15 28 27 | 01
#1685-d173 @A: 11 31 33 15 | 10
#1686-d173 @A: 11 32 17 02 | 11
#1687-d173 @A: 26 04 02 32 | 04
#1688-d173 @A: 30 19 17 08 | 12
#1689-d173 @A: 28 05 30 17 | 09
