#0001-d102 @A: 19 16 25 11 | 08
#0002-d102 @A: 25 26 11 09 | 04
#0003-d102 @A: 11 04 24 30 | 02
#0004-d102 @A: 07 32 11 21 | 07
#0005-d102 @A: 23 24 21 11 | 09
#0006-d102 @A: 35 17 11 27 | 05
#0007-d102 @A: 22 11 06 15 | 12
#0008-d102 @A: 22 11 09 02 | 06
#0009-d102 @A: 09 19 11 31 | 10
#0010-d102 @A: 35 11 31 29 | 11
#0011-d102 @A: 33 29 11 30 | 03
#0012-d102 @A: 06 11 32 08 | 01
#0013-d102 @A: 03 20 23 11 | 08
#0014-d102 @A: 19 29 32 11 | 04
#0015-d102 @A: 20 19 11 02 | 02
#0016-d102 @A: 13 25 08 04 | 07
#0017-d102 @A: 31 25 01 16 | 09
#0018-d102 @A: 28 31 24 25 | 05
#0019-d102 @A: 31 02 14 25 | 12
#0020-d102 @A: 25 28 13 31 | 06
#0021-d102 @A: 25 10 01 09 | 10
#0022-d102 @A: 23 26 25 33 | 11
#0023-d102 @A: 29 25 07 32 | 03
#0024-d102 @A: 16 25 20 28 | 01
#0025-d102 @A: 34 25 24 13 | 08
#0026-d102 @A: 25 05 29 01 | 04
#0027-d102 @A: 18 05 25 32 | 02
#0028-d102 @A: 12 19 25 05 | 07
#0029-d102 @A: 30 27 04 01 | 09
#0030-d102 @A: 05 04 33 31 | 05
#0031-d102 @A: 26 32 31 04 | 12
#0032-d102 @A: 33 10 04 26 | 06
#0033-d102 @A: 10 17 08 04 | 10
#0034-d102 @A: 04 10 23 30 | 11
#0035-d102 @A: 04 33 17 18 | 03
#0036-d102 @A: 33 04 28 30 | 01
#0037-d102 @A: 16 32 02 04 | 08
#0038-d102 @A: 03 13 23 04 | 04
#0039-d102 @A: 03 08 04 05 | 02
#0040-d102 @A: 01 04 03 35 | 07
#0041-d102 @A: 04 29 32 15 | 09
#0042-d102 @A: 20 04 14 35 | 05
#0043-d102 @A: 35 15 04 26 | 12
#0044-d102 @A: 20 04 18 12 | 06
#0045-d102 @A: 27 20 21 05 | 10
#0046-d102 @A: 22 05 21 17 | 11
#0047-d102 @A: 23 22 21 34 | 03
#0048-d102 @A: 32 10 21 05 | 01
#0049-d102 @A: 33 06 21 16 | 08
#0050-d102 @A: 08 29 21 06 | 04
#0051-d102 @A: 05 06 09 21 | 02
#0052-d102 @A: 06 12 15 21 | 07
#0053-d102 @A: 23 32 20 21 | 09
#0054-d102 @A: 21 09 30 15 | 05
#0055-d102 @A: 02 21 03 08 | 12
#0056-d102 @A: 05 24 26 21 | 06
#0057-d102 @A: 15 02 26 21 | 10
#0058-d102 @A: 20 13 18 21 | 11
#0059-d102 @A: 12 21 26 20 | 03
#0060-d102 @A: 02 35 32 21 | 01
#0061-d102 @A: 18 35 26 21 | 08
#0062-d102 @A: 10 02 22 27 | 04
#0063-d102 @A: 23 26 27 22 | 02
#0064-d102 @A: 17 14 31 27 | 07
#0065-d102 @A: 27 20 02 31 | 09
#0066-d102 @A: 10 29 28 27 | 05
#0067-d102 @A: 35 07 27 14 | 12
#0068-d102 @A: 28 20 09 27 | 06
#0069-d102 @A: 12 05 24 27 | 10
#0070-d102 @A: 14 27 32 24 | 11
#0071-d102 @A: 05 15 26 27 | 03
#0072-d102 @A: 27 19 20 12 | 01
#0073-d102 @A: 26 08 22 10 | 08
#0074-d102 @A: 30 34 22 33 | 04
#0075-d102 @A: 22 33 05 26 | 02
#0076-d102 @A: 30 22 06 12 | 07
#0077-d102 @A: 22 08 30 20 | 09
#0078-d102 @A: 32 15 08 22 | 05
#0079-d102 @A: 15 22 02 03 | 12
#0080-d102 @A: 12 05 22 01 | 06
#0081-d102 @A: 18 34 28 22 | 10
#0082-d102 @A: 31 33 13 07 | 11
#0083-d102 @A: 06 02 33 31 | 03
#0084-d102 @A: 31 33 24 30 | 01
#0085-d102 @A: 31 07 08 01 | 08
#0086-d102 @A: 17 31 24 01 | 04
#0087-d102 @A: 05 30 31 16 | 02
#0088-d102 @A: 31 23 08 26 | 07
#0089-d102 @A: 09 31 30 35 | 09
#0090-d102 @A: 35 24 26 31 | 05
#0091-d102 @A: 18 15 05 31 | 12
#0092-d102 @A: 14 20 18 31 | 06
#0093-d102 @A: 16 10 33 35 | 10
#0094-d102 @A: 10 13 30 17 | 11
#0095-d102 @A: 14 10 23 34 | 03
#0096-d102 @A: 10 08 34 01 | 01
#0097-d102 @A: 01 18 24 10 | 08
#0098-d102 @A: 15 02 10 01 | 04
#0099-d102 @A: 26 15 34 10 | 02
#0100-d102 @A: 32 15 28 10 | 07
#0101-d102 @A: 28 18 07 33 | 09
#0102-d102 @A: 33 20 06 09 | 05
#0103-d102 @A: 33 16 09 34 | 12
#0104-d102 @A: 09 05 30 33 | 06
#0105-d102 @A: 15 33 03 08 | 10
#0106-d102 @A: 12 29 33 24 | 11
#0107-d102 @A: 20 02 33 35 | 03
#0108-d102 @A: 17 07 24 03 | 01
#0109-d102 @A: 29 07 15 18 | 08
#0110-d102 @A: 07 02 20 29 | 04
#0111-d102 @A: 06 05 08 20 | 02
#0112-d102 @A: 14 24 06 29 | 07
#0113-d102 @A: 01 29 34 06 | 09
#0114-d102 @A: 06 15 35 29 | 05
#0115-d102 @A: 15 06 13 26 | 12
#0116-d102 @A: 20 32 06 35 | 06
#0117-d102 @A: 20 19 06 18 | 10
#0118-d102 @A: 16 15 08 17 | 11
#0119-d102 @A: 17 12 14 08 | 03
#0120-d102 @A: 35 08 19 17 | 01
#0121-d102 @A: 13 18 17 03 | 08
#0122-d102 @A: 18 17 24 26 | 04
#0123-d102 @A: 29 17 19 15 | 02
#0124-d102 @A: 32 18 34 17 | 07
#0125-d102 @A: 02 32 19 17 | 09
#0126-d102 @A: 32 35 16 23 | 05
#0127-d102 @A: 30 12 16 09 | 12
#0128-d102 @A: 16 03 30 20 | 06
#0129-d102 @A: 05 16 24 19 | 10
#0130-d102 @A: 24 15 16 35 | 11
#0131-d102 @A: 16 34 12 24 | 03
#0132-d102 @A: 02 24 16 20 | 01
#0133-d102 @A: 26 29 19 16 | 08
#0134-d102 @A: 08 09 05 23 | 04
#0135-d102 @A: 26 30 34 05 | 02
#0136-d102 @A: 05 32 35 30 | 07
#0137-d102 @A: 35 26 30 01 | 09
#0138-d102 @A: 32 18 08 09 | 05
#0139-d102 @A: 24 08 02 05 | 12
#0140-d102 @A: 24 14 34 08 | 06
#0141-d102 @A: 26 05 08 35 | 10
#0142-d102 @A: 26 28 29 08 | 11
#0143-d102 @A: 05 19 03 18 | 03
#0144-d102 @A: 02 03 19 01 | 01
#0145-d102 @A: 14 24 28 26 | 08
#0146-d102 @A: 29 01 18 28 | 04
#0147-d102 @A: 25 04 32 11 | 02
#0148-d102 @A: 06 11 17 25 | 07
#0149-d102 @A: 23 14 25 11 | 09
#0150-d102 @A: 04 11 34 09 | 05
#0151-d102 @A: 19 03 04 11 | 12
#0152-d102 @A: 13 11 04 20 | 06
#0153-d102 @A: 10 21 11 01 | 10
#0154-d102 @A: 09 11 01 27 | 11
#0155-d102 @A: 33 31 34 11 | 03
#0156-d102 @A: 11 12 15 10 | 01
#0157-d102 @A: 33 14 20 11 | 08
#0158-d102 @A: 07 11 20 17 | 04
#0159-d102 @A: 12 17 30 11 | 02
#0160-d102 @A: 30 11 28 09 | 07
#0161-d102 @A: 01 03 08 11 | 09
#0162-d102 @A: 11 05 35 01 | 05
#0163-d102 @A: 11 12 01 32 | 12
#0164-d102 @A: 29 11 28 35 | 06
#0165-d102 @A: 18 12 35 11 | 10
#0166-d102 @A: 25 04 16 14 | 11
#0167-d102 @A: 04 03 26 25 | 03
#0168-d102 @A: 21 06 25 01 | 01
#0169-d102 @A: 21 17 14 25 | 08
#0170-d102 @A: 21 13 25 23 | 04
#0171-d102 @A: 22 07 25 30 | 02
#0172-d102 @A: 33 10 34 25 | 07
#0173-d102 @A: 10 28 17 25 | 09
#0174-d102 @A: 26 18 25 07 | 05
#0175-d102 @A: 25 06 19 15 | 12
#0176-d102 @A: 17 25 16 24 | 06
#0177-d102 @A: 19 26 17 25 | 10
#0178-d102 @A: 16 08 34 25 | 11
#0179-d102 @A: 29 08 25 20 | 03
#0180-d102 @A: 25 08 35 12 | 01
#0181-d102 @A: 24 20 25 15 | 08
#0182-d102 @A: 02 32 24 25 | 04
#0183-d102 @A: 14 13 25 01 | 02
#0184-d102 @A: 32 25 01 20 | 07
#0185-d102 @A: 18 25 15 34 | 09
#0186-d102 @A: 04 21 23 27 | 05
#0187-d102 @A: 28 04 22 10 | 12
#0188-d102 @A: 10 18 04 05 | 06
#0189-d102 @A: 33 04 35 08 | 10
#0190-d102 @A: 06 04 08 01 | 11
#0191-d102 @A: 16 24 04 18 | 03
#0192-d102 @A: 12 01 09 04 | 01
#0193-d102 @A: 34 04 18 29 | 08
#0194-d102 @A: 12 04 34 14 | 04
#0195-d102 @A: 04 34 13 26 | 02
#0196-d102 @A: 19 21 10 22 | 07
#0197-d102 @A: 23 09 01 21 | 09
#0198-d102 @A: 21 34 35 08 | 05
#0199-d102 @A: 24 21 29 02 | 12
#0200-d102 @A: 27 31 19 06 | 06
#0201-d102 @A: 33 27 12 30 | 10
#0202-d102 @A: 27 06 07 13 | 11
#0203-d102 @A: 07 27 08 29 | 03
#0204-d102 @A: 12 27 34 17 | 01
#0205-d102 @A: 27 08 16 05 | 08
#0206-d102 @A: 24 09 23 27 | 04
#0207-d102 @A: 08 19 27 30 | 02
#0208-d102 @A: 03 27 32 30 | 07
#0209-d102 @A: 27 08 09 34 | 09
#0210-d102 @A: 08 24 27 28 | 05
#0211-d102 @A: 27 20 24 13 | 12
#0212-d102 @A: 14 05 13 27 | 06
#0213-d102 @A: 02 14 27 15 | 10
#0214-d102 @A: 26 27 20 14 | 11
#0215-d102 @A: 02 26 19 27 | 03
#0216-d102 @A: 33 15 22 31 | 01
#0217-d102 @A: 22 16 31 02 | 08
#0218-d102 @A: 19 31 22 13 | 04
#0219-d102 @A: 13 22 07 10 | 02
#0220-d102 @A: 22 24 16 33 | 07
#0221-d102 @A: 03 06 34 22 | 09
#0222-d102 @A: 06 28 22 29 | 05
#0223-d102 @A: 22 02 29 26 | 12
#0224-d102 @A: 14 22 19 34 | 06
#0225-d102 @A: 19 22 20 15 | 10
#0226-d102 @A: 10 31 02 09 | 11
#0227-d102 @A: 34 16 07 31 | 03
#0228-d102 @A: 14 16 31 06 | 01
#0229-d102 @A: 23 05 31 06 | 08
#0230-d102 @A: 06 18 31 34 | 04
#0231-d102 @A: 31 03 23 32 | 02
#0232-d102 @A: 31 13 29 23 | 07
#0233-d102 @A: 03 18 31 08 | 09
#0234-d102 @A: 31 08 12 02 | 05
#0235-d102 @A: 18 31 02 24 | 12
#0236-d102 @A: 14 29 31 05 | 06
#0237-d102 @A: 05 35 20 31 | 10
#0238-d102 @A: 31 01 12 34 | 11
#0239-d102 @A: 35 01 02 31 | 03
#0240-d102 @A: 34 31 13 02 | 01
#0241-d102 @A: 35 19 31 18 | 08
#0242-d102 @A: 10 07 33 02 | 04
#0243-d102 @A: 33 15 10 06 | 02
#0244-d102 @A: 06 29 10 17 | 07
#0245-d102 @A: 24 10 03 30 | 09
#0246-d102 @A: 35 34 10 05 | 05
#0247-d102 @A: 10 29 13 18 | 12
#0248-d102 @A: 12 10 19 14 | 06
#0249-d102 @A: 32 10 15 20 | 10
#0250-d102 @A: 17 07 26 33 | 11
#0251-d102 @A: 18 05 33 13 | 03
#0252-d102 @A: 33 14 26 34 | 01
#0253-d102 @A: 19 33 12 15 | 08
#0254-d102 @A: 06 07 24 19 | 04
#0255-d102 @A: 17 08 07 05 | 02
#0256-d102 @A: 03 07 26 08 | 07
#0257-d102 @A: 20 01 14 07 | 09
#0258-d102 @A: 12 07 34 15 | 05
#0259-d102 @A: 32 07 12 13 | 12
#0260-d102 @A: 06 16 28 34 | 06
#0261-d102 @A: 15 02 06 18 | 10
#0262-d102 @A: 17 24 30 09 | 11
#0263-d102 @A: 24 32 13 17 | 03
#0264-d102 @A: 05 35 29 17 | 01
#0265-d102 @A: 15 05 17 32 | 08
#0266-d102 @A: 02 05 18 17 | 04
#0267-d102 @A: 16 23 01 08 | 02
#0268-d102 @A: 19 34 18 16 | 07
#0269-d102 @A: 19 12 23 09 | 09
#0270-d102 @A: 29 05 19 23 | 05
#0271-d102 @A: 01 23 18 14 | 12
#0272-d102 @A: 13 23 15 14 | 06
#0273-d102 @A: 26 14 35 23 | 10
#0274-d102 @A: 15 23 34 35 | 11
#0275-d102 @A: 23 20 35 12 | 03
#0276-d102 @A: 20 14 05 30 | 01
#0277-d102 @A: 32 30 29 13 | 08
#0278-d102 @A: 30 32 14 18 | 04
#0279-d102 @A: 12 08 28 34 | 02
#0280-d102 @A: 35 09 12 24 | 07
#0281-d102 @A: 09 19 02 34 | 09
#0282-d102 @A: 24 18 28 03 | 05
#0283-d102 @A: 02 35 05 03 | 12
#0284-d102 @A: 20 01 18 03 | 06
#0285-d102 @A: 35 28 26 24 | 10
#0286-d102 @A: 29 15 25 11 | 11
#0287-d102 @A: 04 35 11 23 | 03
#0288-d102 @A: 11 21 20 30 | 01
#0289-d102 @A: 15 11 21 03 | 08
#0290-d102 @A: 16 27 11 24 | 04
#0291-d102 @A: 11 23 22 12 | 02
#0292-d102 @A: 32 10 11 17 | 07
#0293-d102 @A: 06 29 11 09 | 09
#0294-d102 @A: 11 14 03 06 | 05
#0295-d102 @A: 11 30 16 02 | 12
#0296-d102 @A: 11 16 35 13 | 06
#0297-d102 @A: 28 13 11 08 | 10
#0298-d102 @A: 24 11 18 13 | 11
#0299-d102 @A: 11 05 15 19 | 03
#0300-d102 @A: 32 11 35 34 | 01
#0301-d102 @A: 04 25 33 01 | 08
#0302-d102 @A: 29 21 33 25 | 04
#0303-d102 @A: 25 13 22 27 | 02
#0304-d102 @A: 23 27 01 25 | 07
#0305-d102 @A: 32 10 25 22 | 09
#0306-d102 @A: 05 08 25 22 | 05
#0307-d102 @A: 20 25 14 22 | 12
#0308-d102 @A: 07 09 15 25 | 06
#0309-d102 @A: 32 17 08 25 | 10
#0310-d102 @A: 05 25 13 17 | 11
#0311-d102 @A: 23 30 19 25 | 03
#0312-d102 @A: 19 08 25 03 | 01
#0313-d102 @A: 26 25 01 08 | 08
#0314-d102 @A: 24 25 18 19 | 04
#0315-d102 @A: 25 20 19 13 | 02
#0316-d102 @A: 21 04 26 06 | 07
#0317-d102 @A: 09 21 03 04 | 09
#0318-d102 @A: 27 19 22 04 | 05
#0319-d102 @A: 12 04 22 10 | 12
#0320-d102 @A: 04 22 15 07 | 06
#0321-d102 @A: 26 09 04 22 | 10
#0322-d102 @A: 31 07 02 04 | 11
#0323-d102 @A: 31 16 35 04 | 03
#0324-d102 @A: 20 04 31 30 | 01
#0325-d102 @A: 10 19 06 04 | 08
#0326-d102 @A: 33 16 29 04 | 04
#0327-d102 @A: 05 04 07 26 | 02
#0328-d102 @A: 30 04 13 14 | 07
#0329-d102 @A: 28 08 19 04 | 09
#0330-d102 @A: 03 04 28 09 | 05
#0331-d102 @A: 13 04 12 02 | 12
#0332-d102 @A: 21 22 27 15 | 06
#0333-d102 @A: 19 27 17 21 | 10
#0334-d102 @A: 29 21 30 27 | 11
#0335-d102 @A: 01 22 21 30 | 03
#0336-d102 @A: 31 08 28 21 | 01
#0337-d102 @A: 24 21 15 10 | 08
#0338-d102 @A: 24 21 33 07 | 04
#0339-d102 @A: 14 30 33 21 | 02
#0340-d102 @A: 21 03 20 33 | 07
#0341-d102 @A: 07 21 03 01 | 09
#0342-d102 @A: 13 21 01 24 | 05
#0343-d102 @A: 21 24 19 32 | 12
#0344-d102 @A: 21 05 02 01 | 06
#0345-d102 @A: 05 12 21 18 | 10
#0346-d102 @A: 21 29 18 32 | 11
#0347-d102 @A: 12 32 14 21 | 03
#0348-d102 @A: 13 26 31 27 | 01
#0349-d102 @A: 27 10 17 05 | 08
#0350-d102 @A: 16 27 10 30 | 04
#0351-d102 @A: 13 01 10 27 | 02
#0352-d102 @A: 33 09 26 27 | 07
#0353-d102 @A: 18 27 01 16 | 09
#0354-d102 @A: 30 13 15 27 | 05
#0355-d102 @A: 35 34 27 13 | 12
#0356-d102 @A: 22 10 31 05 | 06
#0357-d102 @A: 22 07 12 31 | 10
#0358-d102 @A: 22 24 31 20 | 11
#0359-d102 @A: 03 22 33 29 | 03
#0360-d102 @A: 22 18 12 33 | 01
#0361-d102 @A: 22 17 07 34 | 08
#0362-d102 @A: 06 26 24 22 | 04
#0363-d102 @A: 16 22 05 03 | 02
#0364-d102 @A: 23 22 28 08 | 07
#0365-d102 @A: 01 14 08 22 | 09
#0366-d102 @A: 34 22 15 09 | 05
#0367-d102 @A: 22 01 15 35 | 12
#0368-d102 @A: 32 22 14 35 | 06
#0369-d102 @A: 20 34 26 22 | 10
#0370-d102 @A: 19 22 02 12 | 11
#0371-d102 @A: 10 08 31 20 | 03
#0372-d102 @A: 31 33 03 35 | 01
#0373-d102 @A: 32 24 31 34 | 08
#0374-d102 @A: 31 05 01 19 | 04
#0375-d102 @A: 31 05 02 26 | 02
#0376-d102 @A: 28 26 31 20 | 07
#0377-d102 @A: 33 09 10 32 | 09
#0378-d102 @A: 12 33 03 10 | 05
#0379-d102 @A: 10 06 07 01 | 12
#0380-d102 @A: 03 32 07 10 | 06
#0381-d102 @A: 13 06 10 23 | 10
#0382-d102 @A: 19 15 10 18 | 11
#0383-d102 @A: 18 10 32 35 | 03
#0384-d102 @A: 12 16 07 33 | 01
#0385-d102 @A: 06 33 35 12 | 08
#0386-d102 @A: 16 33 19 17 | 04
#0387-d102 @A: 33 17 05 23 | 02
#0388-d102 @A: 17 14 33 03 | 07
#0389-d102 @A: 16 15 33 28 | 09
#0390-d102 @A: 09 33 02 15 | 05
#0391-d102 @A: 33 32 15 34 | 12
#0392-d102 @A: 06 18 16 07 | 06
#0393-d102 @A: 23 35 07 30 | 10
#0394-d102 @A: 07 13 09 08 | 11
#0395-d102 @A: 03 26 07 28 | 03
#0396-d102 @A: 14 29 07 19 | 01
#0397-d102 @A: 20 07 15 13 | 08
#0398-d102 @A: 07 20 18 32 | 04
#0399-d102 @A: 28 19 35 07 | 02
#0400-d102 @A: 17 06 18 08 | 07
#0401-d102 @A: 05 34 06 15 | 09
#0402-d102 @A: 18 35 06 14 | 05
#0403-d102 @A: 26 02 06 20 | 12
#0404-d102 @A: 15 17 09 23 | 06
#0405-d102 @A: 08 03 17 29 | 10
#0406-d102 @A: 17 03 28 34 | 11
#0407-d102 @A: 24 32 17 28 | 03
#0408-d102 @A: 35 17 13 14 | 01
#0409-d102 @A: 17 18 15 12 | 08
#0410-d102 @A: 16 26 18 05 | 04
#0411-d102 @A: 12 32 16 18 | 02
#0412-d102 @A: 05 23 24 14 | 07
#0413-d102 @A: 02 05 23 20 | 09
#0414-d102 @A: 28 30 24 19 | 05
#0415-d102 @A: 01 19 12 30 | 12
#0416-d102 @A: 29 34 35 30 | 06
#0417-d102 @A: 30 20 29 12 | 10
#0418-d102 @A: 26 14 30 19 | 11
#0419-d102 @A: 15 20 34 30 | 03
#0420-d102 @A: 30 18 15 28 | 01
#0421-d102 @A: 24 35 13 08 | 08
#0422-d102 @A: 13 05 15 08 | 04
#0423-d102 @A: 14 32 08 29 | 02
#0424-d102 @A: 29 18 02 08 | 07
#0425-d102 @A: 28 14 32 08 | 09
#0426-d102 @A: 02 24 03 09 | 05
#0427-d102 @A: 20 09 24 18 | 12
#0428-d102 @A: 09 35 26 34 | 06
#0429-d102 @A: 26 15 18 03 | 10
#0430-d102 @A: 28 12 18 05 | 11
#0431-d102 @A: 25 28 05 11 | 03
#0432-d102 @A: 33 04 11 12 | 01
#0433-d102 @A: 11 08 15 04 | 08
#0434-d102 @A: 13 11 21 06 | 04
#0435-d102 @A: 11 12 16 21 | 02
#0436-d102 @A: 27 16 11 28 | 07
#0437-d102 @A: 07 22 05 11 | 09
#0438-d102 @A: 16 11 31 32 | 05
#0439-d102 @A: 05 10 11 23 | 12
#0440-d102 @A: 14 10 11 28 | 06
#0441-d102 @A: 35 07 08 11 | 10
#0442-d102 @A: 34 03 07 11 | 11
#0443-d102 @A: 02 11 23 06 | 03
#0444-d102 @A: 28 11 03 06 | 01
#0445-d102 @A: 17 34 11 14 | 08
#0446-d102 @A: 29 01 11 24 | 04
#0447-d102 @A: 32 05 11 02 | 02
#0448-d102 @A: 01 28 19 11 | 07
#0449-d102 @A: 11 20 29 34 | 09
#0450-d102 @A: 11 28 15 34 | 05
#0451-d102 @A: 25 12 06 04 | 12
#0452-d102 @A: 19 25 33 27 | 06
#0453-d102 @A: 32 27 16 25 | 10
#0454-d102 @A: 34 31 22 25 | 11
#0455-d102 @A: 25 10 13 31 | 03
#0456-d102 @A: 25 09 31 29 | 01
#0457-d102 @A: 25 03 20 31 | 08
#0458-d102 @A: 25 14 33 07 | 04
#0459-d102 @A: 05 06 25 33 | 02
#0460-d102 @A: 03 06 25 13 | 07
#0461-d102 @A: 25 16 05 23 | 09
#0462-d102 @A: 28 29 23 25 | 05
#0463-d102 @A: 25 26 28 30 | 12
#0464-d102 @A: 01 25 35 24 | 06
#0465-d102 @A: 13 29 25 35 | 10
#0466-d102 @A: 15 13 25 32 | 11
#0467-d102 @A: 19 04 16 21 | 03
#0468-d102 @A: 04 21 01 29 | 01
#0469-d102 @A: 04 22 06 13 | 08
#0470-d102 @A: 22 23 05 04 | 04
#0471-d102 @A: 07 18 04 03 | 02
#0472-d102 @A: 04 06 09 02 | 07
#0473-d102 @A: 04 17 03 15 | 09
#0474-d102 @A: 04 26 30 16 | 05
#0475-d102 @A: 28 04 16 14 | 12
#0476-d102 @A: 04 09 23 32 | 06
#0477-d102 @A: 04 05 35 24 | 10
#0478-d102 @A: 04 02 01 24 | 11
#0479-d102 @A: 15 13 28 04 | 03
#0480-d102 @A: 28 20 32 04 | 01
#0481-d102 @A: 27 21 31 01 | 08
#0482-d102 @A: 14 16 27 21 | 04
#0483-d102 @A: 28 30 21 27 | 02
#0484-d102 @A: 21 31 15 07 | 07
#0485-d102 @A: 21 14 06 10 | 09
#0486-d102 @A: 21 10 17 35 | 05
#0487-d102 @A: 30 21 26 10 | 12
#0488-d102 @A: 21 06 20 17 | 06
#0489-d102 @A: 17 24 08 21 | 10
#0490-d102 @A: 08 23 21 15 | 11
#0491-d102 @A: 29 05 28 21 | 03
#0492-d102 @A: 21 18 01 34 | 01
#0493-d102 @A: 21 15 29 34 | 08
#0494-d102 @A: 12 21 29 19 | 04
#0495-d102 @A: 27 08 24 22 | 02
#0496-d102 @A: 12 22 03 27 | 07
#0497-d102 @A: 31 09 12 27 | 09
#0498-d102 @A: 24 33 17 27 | 05
#0499-d102 @A: 33 16 02 27 | 12
#0500-d102 @A: 28 23 07 27 | 06
#0501-d102 @A: 09 15 06 27 | 10
#0502-d102 @A: 27 30 09 18 | 11
#0503-d102 @A: 34 27 01 32 | 03
#0504-d102 @A: 31 06 22 17 | 01
#0505-d102 @A: 34 22 16 10 | 08
#0506-d102 @A: 22 10 24 09 | 04
#0507-d102 @A: 10 14 22 03 | 02
#0508-d102 @A: 22 06 33 08 | 07
#0509-d102 @A: 19 06 16 22 | 09
#0510-d102 @A: 23 22 03 18 | 05
#0511-d102 @A: 13 30 22 09 | 12
#0512-d102 @A: 24 22 14 30 | 06
#0513-d102 @A: 22 08 03 09 | 10
#0514-d102 @A: 22 05 29 20 | 11
#0515-d102 @A: 26 22 19 32 | 03
#0516-d102 @A: 03 31 10 01 | 01
#0517-d102 @A: 31 20 29 33 | 08
#0518-d102 @A: 33 14 31 12 | 04
#0519-d102 @A: 35 31 17 07 | 02
#0520-d102 @A: 29 31 06 12 | 07
#0521-d102 @A: 17 09 31 18 | 09
#0522-d102 @A: 05 03 31 17 | 05
#0523-d102 @A: 31 16 08 19 | 12
#0524-d102 @A: 01 30 23 31 | 06
#0525-d102 @A: 08 09 15 31 | 10
#0526-d102 @A: 05 31 34 09 | 11
#0527-d102 @A: 15 13 31 01 | 03
#0528-d102 @A: 31 34 29 26 | 01
#0529-d102 @A: 24 28 33 10 | 08
#0530-d102 @A: 20 07 30 10 | 04
#0531-d102 @A: 03 17 34 10 | 02
#0532-d102 @A: 12 24 10 17 | 07
#0533-d102 @A: 10 08 32 23 | 09
#0534-d102 @A: 10 08 35 30 | 05
#0535-d102 @A: 09 10 08 29 | 12
#0536-d102 @A: 23 06 07 33 | 06
#0537-d102 @A: 33 19 07 32 | 10
#0538-d102 @A: 13 33 16 30 | 11
#0539-d102 @A: 33 03 01 16 | 03
#0540-d102 @A: 29 23 33 18 | 01
#0541-d102 @A: 34 08 33 20 | 08
#0542-d102 @A: 33 34 05 02 | 04
#0543-d102 @A: 15 33 01 20 | 02
#0544-d102 @A: 28 29 33 14 | 07
#0545-d102 @A: 33 26 15 29 | 09
#0546-d102 @A: 30 08 07 12 | 05
#0547-d102 @A: 32 07 30 34 | 12
#0548-d102 @A: 20 35 07 03 | 06
#0549-d102 @A: 29 26 35 07 | 10
#0550-d102 @A: 07 02 15 35 | 11
#0551-d102 @A: 09 17 06 01 | 03
#0552-d102 @A: 06 23 15 20 | 01
#0553-d102 @A: 19 06 30 09 | 08
#0554-d102 @A: 01 30 05 06 | 04
#0555-d102 @A: 13 20 06 29 | 02
#0556-d102 @A: 26 18 29 06 | 07
#0557-d102 @A: 35 19 34 06 | 09
#0558-d102 @A: 17 30 08 02 | 05
#0559-d102 @A: 05 20 17 19 | 12
#0560-d102 @A: 26 05 17 12 | 06
#0561-d102 @A: 12 02 01 17 | 10
#0562-d102 @A: 12 35 32 17 | 11
#0563-d102 @A: 28 26 32 16 | 03
#0564-d102 @A: 03 30 23 09 | 01
#0565-d102 @A: 23 15 05 01 | 08
#0566-d102 @A: 23 26 29 20 | 04
#0567-d102 @A: 23 14 20 19 | 02
#0568-d102 @A: 13 23 12 18 | 07
#0569-d102 @A: 01 09 08 30 | 09
#0570-d102 @A: 20 09 30 26 | 05
#0571-d102 @A: 30 29 05 24 | 12
#0572-d102 @A: 28 32 05 30 | 06
#0573-d102 @A: 18 34 12 30 | 10
#0574-d102 @A: 30 19 35 20 | 11
#0575-d102 @A: 19 08 14 05 | 03
#0576-d102 @A: 05 32 08 34 | 01
#0577-d102 @A: 19 08 20 32 | 08
#0578-d102 @A: 09 24 14 01 | 04
#0579-d102 @A: 09 19 24 15 | 02
#0580-d102 @A: 05 09 29 18 | 07
#0581-d102 @A: 35 09 02 29 | 09
#0582-d102 @A: 14 20 13 09 | 05
#0583-d102 @A: 32 29 02 03 | 12
#0584-d102 @A: 29 03 28 32 | 06
#0585-d102 @A: 14 32 03 20 | 10
#0586-d102 @A: 26 03 35 32 | 11
#0587-d102 @A: 13 19 03 32 | 03
#0588-d102 @A: 35 28 12 02 | 01
#0589-d102 @A: 11 24 08 25 | 08
#0590-d102 @A: 27 11 18 21 | 04
#0591-d102 @A: 11 35 10 22 | 02
#0592-d102 @A: 20 22 16 11 | 07
#0593-d102 @A: 22 13 01 11 | 09
#0594-d102 @A: 06 31 11 24 | 05
#0595-d102 @A: 33 16 05 11 | 12
#0596-d102 @A: 33 19 11 35 | 06
#0597-d102 @A: 01 11 16 07 | 10
#0598-d102 @A: 15 11 17 26 | 11
#0599-d102 @A: 29 11 26 05 | 03
#0600-d102 @A: 05 25 04 27 | 01
#0601-d102 @A: 02 25 04 22 | 08
#0602-d102 @A: 04 17 25 35 | 04
#0603-d102 @A: 16 22 21 25 | 02
#0604-d102 @A: 32 03 25 21 | 07
#0605-d102 @A: 18 06 25 22 | 09
#0606-d102 @A: 26 25 31 30 | 05
#0607-d102 @A: 07 25 19 10 | 12
#0608-d102 @A: 33 25 20 30 | 06
#0609-d102 @A: 25 12 33 32 | 10
#0610-d102 @A: 06 29 25 02 | 11
#0611-d102 @A: 09 32 30 25 | 03
#0612-d102 @A: 08 02 25 28 | 01
#0613-d102 @A: 14 25 29 34 | 08
#0614-d102 @A: 25 13 26 12 | 04
#0615-d102 @A: 13 04 21 33 | 02
#0616-d102 @A: 04 28 07 21 | 07
#0617-d102 @A: 14 04 27 10 | 09
#0618-d102 @A: 29 03 04 27 | 05
#0619-d102 @A: 27 24 26 04 | 12
#0620-d102 @A: 01 27 28 04 | 06
#0621-d102 @A: 20 22 33 04 | 10
#0622-d102 @A: 30 32 22 04 | 11
#0623-d102 @A: 06 04 15 31 | 03
#0624-d102 @A: 04 31 13 09 | 01
#0625-d102 @A: 04 17 06 34 | 08
#0626-d102 @A: 16 05 09 04 | 04
#0627-d102 @A: 04 23 03 28 | 02
#0628-d102 @A: 02 04 29 05 | 07
#0629-d102 @A: 21 06 27 24 | 09
#0630-d102 @A: 08 27 32 21 | 05
#0631-d102 @A: 20 21 22 09 | 12
#0632-d102 @A: 17 31 21 26 | 06
#0633-d102 @A: 20 21 16 31 | 10
#0634-d102 @A: 10 21 23 12 | 11
#0635-d102 @A: 21 10 13 09 | 03
#0636-d102 @A: 18 23 21 17 | 01
#0637-d102 @A: 21 26 16 08 | 08
#0638-d102 @A: 21 09 16 32 | 04
#0639-d102 @A: 19 02 21 30 | 02
#0640-d102 @A: 01 14 21 26 | 07
#0641-d102 @A: 21 20 14 15 | 09
#0642-d102 @A: 27 22 16 35 | 05
#0643-d102 @A: 06 27 33 34 | 12
#0644-d102 @A: 13 33 08 27 | 06
#0645-d102 @A: 32 02 07 27 | 10
#0646-d102 @A: 27 23 06 35 | 11
#0647-d102 @A: 16 27 17 20 | 03
#0648-d102 @A: 16 09 27 13 | 01
#0649-d102 @A: 15 18 27 23 | 08
#0650-d102 @A: 34 27 02 23 | 04
#0651-d102 @A: 15 23 22 10 | 02
#0652-d102 @A: 19 07 03 22 | 07
#0653-d102 @A: 22 14 16 23 | 09
#0654-d102 @A: 16 15 30 22 | 05
#0655-d102 @A: 22 29 16 18 | 12
#0656-d102 @A: 30 20 28 22 | 06
#0657-d102 @A: 05 34 18 22 | 10
#0658-d102 @A: 15 26 12 22 | 11
#0659-d102 @A: 34 35 12 22 | 03
#0660-d102 @A: 35 13 22 28 | 01
#0661-d102 @A: 17 31 34 08 | 08
#0662-d102 @A: 26 31 16 09 | 04
#0663-d102 @A: 08 10 33 19 | 02
#0664-d102 @A: 18 10 07 12 | 07
#0665-d102 @A: 06 08 24 10 | 09
#0666-d102 @A: 30 10 28 02 | 05
#0667-d102 @A: 35 24 29 10 | 12
#0668-d102 @A: 05 26 01 10 | 06
#0669-d102 @A: 05 10 13 19 | 10
#0670-d102 @A: 06 17 13 33 | 11
#0671-d102 @A: 06 19 33 29 | 03
#0672-d102 @A: 08 14 16 33 | 01
#0673-d102 @A: 30 19 33 03 | 08
#0674-d102 @A: 28 33 35 03 | 04
#0675-d102 @A: 32 13 33 20 | 02
#0676-d102 @A: 15 06 08 07 | 07
#0677-d102 @A: 17 07 30 29 | 09
#0678-d102 @A: 09 07 19 17 | 05
#0679-d102 @A: 29 16 05 07 | 12
#0680-d102 @A: 02 23 18 07 | 06
#0681-d102 @A: 15 30 05 07 | 10
#0682-d102 @A: 20 24 07 12 | 11
#0683-d102 @A: 18 35 07 34 | 03
#0684-d102 @A: 17 19 06 03 | 01
#0685-d102 @A: 03 32 06 18 | 08
#0686-d102 @A: 34 06 26 12 | 04
#0687-d102 @A: 17 30 03 01 | 02
#0688-d102 @A: 24 02 15 17 | 07
#0689-d102 @A: 35 16 14 29 | 09
#0690-d102 @A: 20 34 32 16 | 05
#0691-d102 @A: 16 19 13 02 | 12
#0692-d102 @A: 23 28 30 34 | 06
#0693-d102 @A: 01 23 02 13 | 10
#0694-d102 @A: 28 30 14 35 | 11
#0695-d102 @A: 18 30 02 20 | 03
#0696-d102 @A: 09 28 15 08 | 01
#0697-d102 @A: 24 32 03 08 | 08
#0698-d102 @A: 01 29 15 08 | 04
#0699-d102 @A: 26 29 13 08 | 02
#0700-d102 @A: 32 08 26 12 | 07
#0701-d102 @A: 15 03 09 32 | 09
#0702-d102 @A: 05 02 12 09 | 05
#0703-d102 @A: 09 12 32 29 | 12
#0704-d102 @A: 02 26 14 09 | 06
#0705-d102 @A: 19 09 26 28 | 10
#0706-d102 @A: 20 03 29 24 | 11
#0707-d102 @A: 14 13 24 03 | 03
#0708-d102 @A: 03 05 15 20 | 01
#0709-d102 @A: 34 03 19 29 | 08
#0710-d102 @A: 35 29 18 03 | 04
#0711-d102 @A: 34 32 12 03 | 02
#0712-d102 @A: 33 22 11 25 | 07
#0713-d102 @A: 11 33 26 21 | 09
#0714-d102 @A: 08 22 11 31 | 05
#0715-d102 @A: 11 19 18 22 | 12
#0716-d102 @A: 11 07 18 31 | 06
#0717-d102 @A: 30 11 10 19 | 10
#0718-d102 @A: 08 11 10 02 | 11
#0719-d102 @A: 28 33 11 20 | 03
#0720-d102 @A: 20 06 12 11 | 01
#0721-d102 @A: 34 11 01 30 | 08
#0722-d102 @A: 18 20 11 05 | 04
#0723-d102 @A: 14 15 01 11 | 02
#0724-d102 @A: 18 34 11 02 | 07
#0725-d102 @A: 26 13 11 19 | 09
#0726-d102 @A: 21 20 25 02 | 05
#0727-d102 @A: 35 26 25 22 | 12
#0728-d102 @A: 25 31 33 17 | 06
#0729-d102 @A: 25 16 15 33 | 10
#0730-d102 @A: 17 20 12 25 | 11
#0731-d102 @A: 25 16 18 03 | 03
#0732-d102 @A: 02 23 25 09 | 01
#0733-d102 @A: 15 30 08 25 | 08
#0734-d102 @A: 14 25 03 30 | 04
#0735-d102 @A: 03 05 25 34 | 02
#0736-d102 @A: 03 25 28 19 | 07
#0737-d102 @A: 15 25 12 01 | 09
#0738-d102 @A: 25 02 35 19 | 05
#0739-d102 @A: 04 27 16 07 | 12
#0740-d102 @A: 28 31 04 05 | 06
#0741-d102 @A: 33 32 04 03 | 10
#0742-d102 @A: 17 32 04 14 | 11
#0743-d102 @A: 08 04 16 20 | 03
#0744-d102 @A: 15 13 16 04 | 01
#0745-d102 @A: 19 08 04 09 | 08
#0746-d102 @A: 01 34 04 15 | 04
#0747-d102 @A: 15 04 02 20 | 02
#0748-d102 @A: 19 04 32 35 | 07
#0749-d102 @A: 26 04 12 19 | 09
#0750-d102 @A: 35 21 33 27 | 05
#0751-d102 @A: 22 21 29 31 | 12
#0752-d102 @A: 21 33 10 31 | 06
#0753-d102 @A: 19 31 03 21 | 10
#0754-d102 @A: 10 21 16 29 | 11
#0755-d102 @A: 07 20 08 21 | 03
#0756-d102 @A: 07 12 02 21 | 01
#0757-d102 @A: 17 28 21 29 | 08
#0758-d102 @A: 13 34 21 16 | 04
#0759-d102 @A: 21 03 23 26 | 02
#0760-d102 @A: 24 21 34 20 | 07
#0761-d102 @A: 14 35 21 19 | 09
#0762-d102 @A: 27 24 31 03 | 05
#0763-d102 @A: 09 10 19 27 | 12
#0764-d102 @A: 12 27 10 32 | 06
#0765-d102 @A: 23 12 07 27 | 10
#0766-d102 @A: 26 07 30 27 | 11
#0767-d102 @A: 03 27 15 16 | 03
#0768-d102 @A: 08 27 02 01 | 01
#0769-d102 @A: 27 29 20 32 | 08
#0770-d102 @A: 32 27 35 15 | 04
#0771-d102 @A: 28 27 13 02 | 02
#0772-d102 @A: 18 22 10 17 | 07
#0773-d102 @A: 22 18 07 09 | 09
#0774-d102 @A: 18 22 15 13 | 05
#0775-d102 @A: 31 10 30 12 | 12
#0776-d102 @A: 10 31 24 14 | 06
#0777-d102 @A: 07 14 30 31 | 10
#0778-d102 @A: 06 31 03 09 | 11
#0779-d102 @A: 17 31 32 20 | 03
#0780-d102 @A: 16 24 23 31 | 01
#0781-d102 @A: 31 14 13 08 | 08
#0782-d102 @A: 10 03 23 19 | 04
#0783-d102 @A: 03 26 20 10 | 02
#0784-d102 @A: 05 10 29 15 | 07
#0785-d102 @A: 01 35 10 14 | 09
#0786-d102 @A: 01 20 10 12 | 05
#0787-d102 @A: 35 12 02 10 | 12
#0788-d102 @A: 01 30 33 07 | 06
#0789-d102 @A: 30 35 33 17 | 10
#0790-d102 @A: 16 32 33 26 | 11
#0791-d102 @A: 23 14 33 32 | 03
#0792-d102 @A: 33 05 08 29 | 01
#0793-d102 @A: 24 33 05 32 | 08
#0794-d102 @A: 33 05 35 15 | 04
#0795-d102 @A: 02 29 01 33 | 02
#0796-d102 @A: 35 01 33 34 | 07
#0797-d102 @A: 14 15 33 18 | 09
#0798-d102 @A: 33 34 19 13 | 05
#0799-d102 @A: 06 09 28 07 | 12
#0800-d102 @A: 17 28 07 30 | 06
#0801-d102 @A: 14 16 07 03 | 10
#0802-d102 @A: 24 05 07 01 | 11
#0803-d102 @A: 14 24 02 07 | 03
#0804-d102 @A: 14 18 07 05 | 01
#0805-d102 @A: 20 19 26 07 | 08
#0806-d102 @A: 24 06 17 35 | 04
#0807-d102 @A: 30 06 16 34 | 02
#0808-d102 @A: 08 16 13 06 | 07
#0809-d102 @A: 29 06 23 30 | 09
#0810-d102 @A: 01 06 20 24 | 05
#0811-d102 @A: 26 19 06 05 | 12
#0812-d102 @A: 13 23 17 28 | 06
#0813-d102 @A: 08 26 09 17 | 10
#0814-d102 @A: 17 01 28 09 | 11
#0815-d102 @A: 29 17 02 14 | 03
#0816-d102 @A: 02 03 16 23 | 01
#0817-d102 @A: 23 29 16 15 | 08
#0818-d102 @A: 30 28 05 16 | 04
#0819-d102 @A: 20 16 05 13 | 02
#0820-d102 @A: 16 05 12 35 | 07
#0821-d102 @A: 29 01 20 16 | 09
#0822-d102 @A: 12 13 29 16 | 05
#0823-d102 @A: 20 12 14 16 | 12
#0824-d102 @A: 13 08 20 23 | 06
#0825-d102 @A: 15 19 23 02 | 10
#0826-d102 @A: 12 32 23 15 | 11
#0827-d102 @A: 26 24 02 30 | 03
#0828-d102 @A: 01 14 29 30 | 01
#0829-d102 @A: 15 30 32 26 | 08
#0830-d102 @A: 13 02 35 30 | 04
#0831-d102 @A: 30 12 02 32 | 02
#0832-d102 @A: 08 26 24 20 | 07
#0833-d102 @A: 03 19 20 09 | 09
#0834-d102 @A: 09 24 34 29 | 05
#0835-d102 @A: 26 13 24 09 | 12
#0836-d102 @A: 26 05 32 09 | 06
#0837-d102 @A: 02 18 03 14 | 10
#0838-d102 @A: 28 13 26 05 | 11
#0839-d102 @A: 25 11 35 03 | 03
#0840-d102 @A: 28 11 04 26 | 01
#0841-d102 @A: 27 15 20 11 | 08
#0842-d102 @A: 20 11 31 01 | 04
#0843-d102 @A: 24 10 11 07 | 02
#0844-d102 @A: 33 08 11 17 | 07
#0845-d102 @A: 02 33 24 11 | 09
#0846-d102 @A: 07 28 11 29 | 05
#0847-d102 @A: 35 26 11 06 | 12
#0848-d102 @A: 17 05 11 09 | 06
#0849-d102 @A: 29 16 11 08 | 10
#0850-d102 @A: 11 08 09 20 | 11
#0851-d102 @A: 24 09 32 11 | 03
#0852-d102 @A: 24 05 03 11 | 01
#0853-d102 @A: 11 19 14 24 | 08
#0854-d102 @A: 12 14 11 05 | 04
#0855-d102 @A: 35 04 28 25 | 02
#0856-d102 @A: 25 21 28 15 | 07
#0857-d102 @A: 25 27 07 34 | 09
#0858-d102 @A: 32 28 25 27 | 05
#0859-d102 @A: 15 03 25 10 | 12
#0860-d102 @A: 10 14 18 25 | 06
#0861-d102 @A: 07 13 25 16 | 10
#0862-d102 @A: 07 25 12 03 | 11
#0863-d102 @A: 07 12 28 25 | 03
#0864-d102 @A: 06 30 24 25 | 01
#0865-d102 @A: 28 25 06 01 | 08
#0866-d102 @A: 09 17 03 25 | 04
#0867-d102 @A: 25 35 16 09 | 02
#0868-d102 @A: 24 29 26 25 | 07
#0869-d102 @A: 14 12 24 25 | 09
#0870-d102 @A: 02 15 05 25 | 05
#0871-d102 @A: 35 25 20 34 | 12
#0872-d102 @A: 18 13 25 02 | 06
#0873-d102 @A: 22 35 21 04 | 10
#0874-d102 @A: 04 27 35 09 | 11
#0875-d102 @A: 34 04 31 23 | 03
#0876-d102 @A: 06 18 23 04 | 01
#0877-d102 @A: 06 04 30 35 | 08
#0878-d102 @A: 23 02 04 14 | 04
#0879-d102 @A: 30 04 08 18 | 02
#0880-d102 @A: 04 30 09 29 | 07
#0881-d102 @A: 32 04 18 01 | 09
#0882-d102 @A: 29 12 04 35 | 05
#0883-d102 @A: 35 02 04 34 | 12
#0884-d102 @A: 21 08 31 05 | 06
#0885-d102 @A: 21 17 15 33 | 10
#0886-d102 @A: 33 21 09 18 | 11
#0887-d102 @A: 28 01 03 21 | 03
#0888-d102 @A: 32 01 21 15 | 01
#0889-d102 @A: 34 26 21 19 | 08
#0890-d102 @A: 13 26 21 32 | 04
#0891-d102 @A: 30 22 27 17 | 02
#0892-d102 @A: 31 05 27 07 | 07
#0893-d102 @A: 27 29 10 33 | 09
#0894-d102 @A: 27 06 18 28 | 05
#0895-d102 @A: 23 16 27 19 | 12
#0896-d102 @A: 34 16 27 26 | 06
#0897-d102 @A: 24 30 27 34 | 10
#0898-d102 @A: 19 24 27 01 | 11
#0899-d102 @A: 32 05 19 27 | 03
#0900-d102 @A: 12 15 29 27 | 01
#0901-d102 @A: 27 29 19 35 | 08
#0902-d102 @A: 31 09 22 14 | 04
#0903-d102 @A: 32 22 16 07 | 02
#0904-d102 @A: 08 02 07 22 | 07
#0905-d102 @A: 32 09 22 06 | 09
#0906-d102 @A: 16 28 22 19 | 05
#0907-d102 @A: 13 22 12 14 | 12
#0908-d102 @A: 01 09 33 31 | 06
#0909-d102 @A: 31 32 07 09 | 10
#0910-d102 @A: 15 30 31 17 | 11
#0911-d102 @A: 13 31 16 03 | 03
#0912-d102 @A: 31 28 32 23 | 01
#0913-d102 @A: 31 03 30 28 | 08
#0914-d102 @A: 05 31 12 32 | 04
#0915-d102 @A: 29 28 15 31 | 02
#0916-d102 @A: 18 31 13 32 | 07
#0917-d102 @A: 10 17 33 20 | 09
#0918-d102 @A: 10 16 07 23 | 05
#0919-d102 @A: 08 07 10 14 | 12
#0920-d102 @A: 10 06 30 02 | 06
#0921-d102 @A: 03 05 10 06 | 10
#0922-d102 @A: 05 16 02 10 | 11
#0923-d102 @A: 10 09 23 26 | 03
#0924-d102 @A: 01 30 32 10 | 01
#0925-d102 @A: 28 12 10 03 | 08
#0926-d102 @A: 20 18 34 10 | 04
#0927-d102 @A: 28 34 26 10 | 02
#0928-d102 @A: 23 03 33 34 | 07
#0929-d102 @A: 05 01 33 28 | 09
#0930-d102 @A: 33 12 05 20 | 05
#0931-d102 @A: 26 07 09 06 | 12
#0932-d102 @A: 12 05 07 06 | 06
#0933-d102 @A: 14 07 23 17 | 10
#0934-d102 @A: 09 07 16 20 | 11
#0935-d102 @A: 18 07 30 24 | 03
#0936-d102 @A: 35 07 09 01 | 01
#0937-d102 @A: 28 34 07 24 | 08
#0938-d102 @A: 02 07 01 34 | 04
#0939-d102 @A: 14 02 07 28 | 02
#0940-d102 @A: 30 26 06 17 | 07
#0941-d102 @A: 16 35 06 02 | 09
#0942-d102 @A: 03 06 15 30 | 05
#0943-d102 @A: 08 12 06 03 | 12
#0944-d102 @A: 32 15 06 24 | 06
#0945-d102 @A: 28 06 35 05 | 10
#0946-d102 @A: 12 19 32 06 | 11
#0947-d102 @A: 19 17 34 30 | 03
#0948-d102 @A: 20 17 24 14 | 01
#0949-d102 @A: 19 17 18 14 | 08
#0950-d102 @A: 20 02 34 17 | 04
#0951-d102 @A: 16 03 28 08 | 02
#0952-d102 @A: 05 16 34 01 | 07
#0953-d102 @A: 01 16 14 02 | 09
#0954-d102 @A: 29 02 34 16 | 05
#0955-d102 @A: 16 14 15 34 | 12
#0956-d102 @A: 16 26 20 35 | 06
#0957-d102 @A: 12 16 28 13 | 10
#0958-d102 @A: 30 18 23 05 | 11
#0959-d102 @A: 08 02 23 35 | 03
#0960-d102 @A: 23 24 32 01 | 01
#0961-d102 @A: 23 24 18 35 | 08
#0962-d102 @A: 01 23 29 35 | 04
#0963-d102 @A: 08 30 03 34 | 02
#0964-d102 @A: 20 30 24 32 | 07
#0965-d102 @A: 15 30 02 29 | 09
#0966-d102 @A: 14 35 30 12 | 05
#0967-d102 @A: 13 01 09 34 | 12
#0968-d102 @A: 32 34 09 14 | 06
#0969-d102 @A: 28 09 14 12 | 10
#0970-d102 @A: 15 09 12 13 | 11
#0971-d102 @A: 09 34 02 28 | 03
#0972-d102 @A: 20 02 09 32 | 01
#0973-d102 @A: 32 13 35 09 | 08
#0974-d102 @A: 35 34 24 03 | 04
#0975-d102 @A: 03 12 15 14 | 02
#0976-d102 @A: 02 03 26 34 | 07
#0977-d102 @A: 02 03 12 20 | 09
#0978-d102 @A: 28 29 19 18 | 05
#0979-d102 @A: 11 04 27 02 | 12
#0980-d102 @A: 31 11 30 27 | 06
#0981-d102 @A: 03 13 27 11 | 10
#0982-d102 @A: 11 17 22 24 | 11
#0983-d102 @A: 16 14 11 10 | 03
#0984-d102 @A: 18 11 09 10 | 01
#0985-d102 @A: 29 11 10 03 | 08
#0986-d102 @A: 11 15 33 07 | 04
#0987-d102 @A: 11 16 17 18 | 02
#0988-d102 @A: 11 09 23 13 | 07
#0989-d102 @A: 26 34 11 08 | 09
#0990-d102 @A: 24 12 26 11 | 05
#0991-d102 @A: 01 02 11 26 | 12
#0992-d102 @A: 11 29 18 14 | 06
#0993-d102 @A: 11 15 13 02 | 10
#0994-d102 @A: 26 20 11 32 | 11
#0995-d102 @A: 10 04 25 29 | 03
#0996-d102 @A: 25 23 15 04 | 01
#0997-d102 @A: 18 09 25 04 | 08
#0998-d102 @A: 35 25 15 21 | 04
#0999-d102 @A: 14 27 06 25 | 02
#1000-d102 @A: 27 25 17 29 | 07
#1001-d102 @A: 22 25 15 17 | 09
#1002-d102 @A: 06 26 10 25 | 05
#1003-d102 @A: 03 25 33 24 | 12
#1004-d102 @A: 35 07 25 06 | 06
#1005-d102 @A: 01 07 17 25 | 10
#1006-d102 @A: 32 25 23 06 | 11
#1007-d102 @A: 26 02 16 25 | 03
#1008-d102 @A: 09 14 08 25 | 01
#1009-d102 @A: 12 18 29 25 | 08
#1010-d102 @A: 18 31 27 04 | 04
#1011-d102 @A: 22 04 17 16 | 02
#1012-d102 @A: 01 23 04 07 | 07
#1013-d102 @A: 07 19 13 04 | 09
#1014-d102 @A: 17 12 28 04 | 05
#1015-d102 @A: 16 12 23 04 | 12
#1016-d102 @A: 02 08 26 04 | 06
#1017-d102 @A: 05 04 32 20 | 10
#1018-d102 @A: 10 21 27 07 | 11
#1019-d102 @A: 35 31 13 21 | 03
#1020-d102 @A: 33 01 08 21 | 01
#1021-d102 @A: 17 13 21 07 | 08
#1022-d102 @A: 14 21 07 09 | 04
#1023-d102 @A: 30 06 21 18 | 02
#1024-d102 @A: 17 21 16 01 | 07
#1025-d102 @A: 02 16 18 21 | 09
#1026-d102 @A: 29 26 21 09 | 05
#1027-d102 @A: 21 14 18 24 | 12
#1028-d102 @A: 27 22 32 31 | 06
#1029-d102 @A: 07 01 27 22 | 10
#1030-d102 @A: 28 27 22 17 | 11
#1031-d102 @A: 31 23 27 33 | 03
#1032-d102 @A: 27 08 35 31 | 01
#1033-d102 @A: 31 27 28 34 | 08
#1034-d102 @A: 20 23 10 27 | 04
#1035-d102 @A: 27 33 12 28 | 02
#1036-d102 @A: 24 15 27 07 | 07
#1037-d102 @A: 17 06 27 02 | 09
#1038-d102 @A: 05 27 02 30 | 05
#1039-d102 @A: 03 14 27 28 | 12
#1040-d102 @A: 27 05 18 35 | 06
#1041-d102 @A: 27 02 18 12 | 10
#1042-d102 @A: 18 30 31 22 | 11
#1043-d102 @A: 31 22 26 03 | 03
#1044-d102 @A: 22 10 30 29 | 01
#1045-d102 @A: 02 22 17 33 | 08
#1046-d102 @A: 24 29 07 22 | 04
#1047-d102 @A: 01 19 17 22 | 02
#1048-d102 @A: 12 29 17 22 | 07
#1049-d102 @A: 24 22 02 28 | 09
#1050-d102 @A: 32 22 01 28 | 05
#1051-d102 @A: 29 13 22 34 | 12
#1052-d102 @A: 07 10 31 26 | 06
#1053-d102 @A: 10 15 31 16 | 10
#1054-d102 @A: 31 28 07 16 | 11
#1055-d102 @A: 26 06 01 31 | 03
#1056-d102 @A: 30 29 31 08 | 01
#1057-d102 @A: 12 28 31 19 | 08
#1058-d102 @A: 23 24 10 33 | 04
#1059-d102 @A: 10 18 16 08 | 02
#1060-d102 @A: 10 30 14 15 | 07
#1061-d102 @A: 12 08 05 10 | 09
#1062-d102 @A: 10 12 26 29 | 05
#1063-d102 @A: 02 32 10 14 | 12
#1064-d102 @A: 15 13 35 10 | 06
#1065-d102 @A: 10 20 19 28 | 10
#1066-d102 @A: 07 18 33 08 | 11
#1067-d102 @A: 17 34 33 29 | 03
#1068-d102 @A: 30 23 15 33 | 01
#1069-d102 @A: 03 13 02 33 | 08
#1070-d102 @A: 26 33 01 24 | 04
#1071-d102 @A: 33 12 01 13 | 02
#1072-d102 @A: 26 33 35 13 | 07
#1073-d102 @A: 05 32 07 23 | 09
#1074-d102 @A: 35 07 12 19 | 05
#1075-d102 @A: 15 01 06 16 | 12
#1076-d102 @A: 08 06 14 30 | 06
#1077-d102 @A: 18 06 13 09 | 10
#1078-d102 @A: 12 24 13 06 | 11
#1079-d102 @A: 20 34 14 06 | 03
#1080-d102 @A: 35 16 34 17 | 01
#1081-d102 @A: 20 17 23 30 | 08
#1082-d102 @A: 35 03 17 23 | 04
#1083-d102 @A: 29 24 23 17 | 02
#1084-d102 @A: 01 17 29 13 | 07
#1085-d102 @A: 14 19 09 16 | 09
#1086-d102 @A: 16 14 05 32 | 05
#1087-d102 @A: 12 26 16 01 | 12
#1088-d102 @A: 18 15 16 20 | 06
#1089-d102 @A: 01 03 23 12 | 10
#1090-d102 @A: 23 34 24 19 | 11
#1091-d102 @A: 23 24 02 12 | 03
#1092-d102 @A: 01 23 14 28 | 01
#1093-d102 @A: 23 34 26 18 | 08
#1094-d102 @A: 26 29 03 30 | 04
#1095-d102 @A: 20 13 30 01 | 02
#1096-d102 @A: 19 18 29 30 | 07
#1097-d102 @A: 01 05 18 08 | 09
#1098-d102 @A: 15 20 12 08 | 05
#1099-d102 @A: 13 08 34 18 | 12
#1100-d102 @A: 08 13 02 32 | 06
#1101-d102 @A: 09 05 13 03 | 10
#1102-d102 @A: 05 14 15 09 | 11
#1103-d102 @A: 01 15 03 24 | 03
#1104-d102 @A: 02 28 05 03 | 01
#1105-d102 @A: 03 15 19 35 | 08
#1106-d102 @A: 03 20 34 13 | 04
#1107-d102 @A: 24 01 20 28 | 02
#1108-d102 @A: 13 29 28 24 | 07
#1109-d102 @A: 20 10 25 11 | 09
#1110-d102 @A: 25 02 11 07 | 05
#1111-d102 @A: 21 11 05 04 | 12
#1112-d102 @A: 17 11 04 01 | 06
#1113-d102 @A: 21 14 22 11 | 10
#1114-d102 @A: 02 31 21 11 | 11
#1115-d102 @A: 35 21 11 09 | 03
#1116-d102 @A: 11 02 21 28 | 01
#1117-d102 @A: 22 34 11 27 | 08
#1118-d102 @A: 07 19 27 11 | 04
#1119-d102 @A: 14 11 08 27 | 02
#1120-d102 @A: 11 03 32 22 | 07
#1121-d102 @A: 13 17 11 31 | 09
#1122-d102 @A: 11 07 30 06 | 05
#1123-d102 @A: 19 11 01 06 | 12
#1124-d102 @A: 11 23 19 17 | 06
#1125-d102 @A: 17 03 11 02 | 10
#1126-d102 @A: 30 11 32 23 | 11
#1127-d102 @A: 11 30 14 09 | 03
#1128-d102 @A: 15 34 24 11 | 01
#1129-d102 @A: 11 13 34 05 | 08
#1130-d102 @A: 14 11 13 32 | 04
#1131-d102 @A: 11 12 19 34 | 02
#1132-d102 @A: 30 25 04 34 | 07
#1133-d102 @A: 09 25 28 22 | 09
#1134-d102 @A: 01 03 22 25 | 05
#1135-d102 @A: 31 25 07 24 | 12
#1136-d102 @A: 02 17 10 25 | 06
#1137-d102 @A: 02 25 08 33 | 10
#1138-d102 @A: 28 33 34 25 | 11
#1139-d102 @A: 18 20 23 25 | 03
#1140-d102 @A: 30 02 01 25 | 01
#1141-d102 @A: 32 14 25 19 | 08
#1142-d102 @A: 26 25 34 32 | 04
#1143-d102 @A: 21 04 30 07 | 02
#1144-d102 @A: 15 21 04 18 | 07
#1145-d102 @A: 34 04 21 32 | 09
#1146-d102 @A: 32 06 04 27 | 05
#1147-d102 @A: 27 17 13 04 | 12
#1148-d102 @A: 04 27 08 12 | 06
#1149-d102 @A: 04 03 22 24 | 10
#1150-d102 @A: 04 13 10 32 | 11
#1151-d102 @A: 04 33 09 14 | 03
#1152-d102 @A: 04 07 32 08 | 01
#1153-d102 @A: 08 04 29 23 | 08
#1154-d102 @A: 04 30 15 19 | 04
#1155-d102 @A: 04 12 15 05 | 02
#1156-d102 @A: 04 29 26 14 | 07
#1157-d102 @A: 03 21 34 27 | 09
#1158-d102 @A: 10 28 21 06 | 05
#1159-d102 @A: 03 10 21 18 | 12
#1160-d102 @A: 23 33 02 21 | 06
#1161-d102 @A: 16 30 21 23 | 10
#1162-d102 @A: 21 03 24 16 | 11
#1163-d102 @A: 05 21 23 35 | 03
#1164-d102 @A: 03 05 21 30 | 01
#1165-d102 @A: 03 29 14 21 | 08
#1166-d102 @A: 21 13 29 05 | 04
#1167-d102 @A: 29 27 31 16 | 02
#1168-d102 @A: 27 18 10 06 | 07
#1169-d102 @A: 27 10 15 08 | 09
#1170-d102 @A: 01 03 27 06 | 05
#1171-d102 @A: 01 27 15 17 | 12
#1172-d102 @A: 23 14 27 30 | 06
#1173-d102 @A: 20 05 28 27 | 10
#1174-d102 @A: 01 12 14 27 | 11
#1175-d102 @A: 19 27 34 15 | 03
#1176-d102 @A: 26 28 27 15 | 01
#1177-d102 @A: 33 31 22 28 | 08
#1178-d102 @A: 28 26 22 33 | 04
#1179-d102 @A: 07 20 23 22 | 02
#1180-d102 @A: 35 22 17 09 | 07
#1181-d102 @A: 22 13 16 26 | 09
#1182-d102 @A: 02 13 22 24 | 05
#1183-d102 @A: 22 18 26 01 | 12
#1184-d102 @A: 10 29 31 32 | 06
#1185-d102 @A: 28 18 10 31 | 10
#1186-d102 @A: 26 31 33 19 | 11
#1187-d102 @A: 30 31 13 06 | 03
#1188-d102 @A: 28 06 31 14 | 01
#1189-d102 @A: 31 15 03 34 | 08
#1190-d102 @A: 01 14 31 32 | 04
#1191-d102 @A: 02 31 29 19 | 02
#1192-d102 @A: 14 35 31 34 | 07
#1193-d102 @A: 20 26 15 31 | 09
#1194-d102 @A: 02 15 31 32 | 05
#1195-d102 @A: 19 20 31 34 | 12
#1196-d102 @A: 12 20 31 13 | 06
#1197-d102 @A: 13 28 10 07 | 10
#1198-d102 @A: 16 10 09 03 | 11
#1199-d102 @A: 16 09 10 28 | 03
#1200-d102 @A: 19 10 01 29 | 01
#1201-d102 @A: 34 12 13 10 | 08
#1202-d102 @A: 19 10 34 32 | 04
#1203-d102 @A: 10 02 20 13 | 02
#1204-d102 @A: 33 29 07 09 | 07
#1205-d102 @A: 35 33 14 24 | 09
#1206-d102 @A: 24 15 33 13 | 05
#1207-d102 @A: 19 24 33 20 | 12
#1208-d102 @A: 33 02 19 14 | 06
#1209-d102 @A: 32 02 33 18 | 10
#1210-d102 @A: 26 16 15 07 | 11
#1211-d102 @A: 02 07 30 09 | 03
#1212-d102 @A: 30 03 13 07 | 01
#1213-d102 @A: 07 05 02 19 | 08
#1214-d102 @A: 14 07 13 34 | 04
#1215-d102 @A: 18 06 24 05 | 02
#1216-d102 @A: 13 06 01 35 | 07
#1217-d102 @A: 02 12 14 06 | 09
#1218-d102 @A: 06 02 19 28 | 05
#1219-d102 @A: 28 17 35 16 | 12
#1220-d102 @A: 17 20 08 01 | 06
#1221-d102 @A: 17 05 28 14 | 10
#1222-d102 @A: 20 29 17 18 | 11
#1223-d102 @A: 34 17 15 13 | 03
#1224-d102 @A: 17 15 28 02 | 01
#1225-d102 @A: 13 26 20 17 | 08
#1226-d102 @A: 35 17 26 02 | 04
#1227-d102 @A: 16 30 24 01 | 02
#1228-d102 @A: 08 03 35 16 | 07
#1229-d102 @A: 28 09 29 16 | 09
#1230-d102 @A: 13 32 01 16 | 05
#1231-d102 @A: 16 02 15 12 | 12
#1232-d102 @A: 24 30 23 08 | 06
#1233-d102 @A: 26 13 23 05 | 10
#1234-d102 @A: 23 29 34 32 | 11
#1235-d102 @A: 23 28 15 19 | 03
#1236-d102 @A: 18 32 23 19 | 01
#1237-d102 @A: 15 30 24 12 | 08
#1238-d102 @A: 13 19 24 30 | 04
#1239-d102 @A: 05 30 12 13 | 02
#1240-d102 @A: 32 35 01 08 | 07
#1241-d102 @A: 12 29 34 08 | 09
#1242-d102 @A: 20 08 02 14 | 05
#1243-d102 @A: 08 15 19 26 | 12
#1244-d102 @A: 08 18 35 20 | 06
#1245-d102 @A: 09 34 03 18 | 10
#1246-d102 @A: 05 09 01 20 | 11
#1247-d102 @A: 35 19 09 05 | 03
#1248-d102 @A: 12 09 20 34 | 01
#1249-d102 @A: 24 03 12 18 | 08
#1250-d102 @A: 19 03 24 26 | 04
#1251-d102 @A: 05 03 14 26 | 02
#1252-d102 @A: 13 03 29 15 | 07
#1253-d102 @A: 13 03 28 20 | 09
#1254-d102 @A: 28 34 19 05 | 05
#1255-d102 @A: 26 01 12 28 | 12
#1256-d102 @A: 02 28 20 29 | 06
#1257-d102 @A: 28 34 35 32 | 10
#1258-d102 @A: 34 11 21 25 | 11
#1259-d102 @A: 04 31 10 11 | 03
#1260-d102 @A: 04 11 07 14 | 01
#1261-d102 @A: 11 06 04 16 | 08
#1262-d102 @A: 04 26 11 18 | 04
#1263-d102 @A: 21 11 17 29 | 02
#1264-d102 @A: 10 26 27 11 | 07
#1265-d102 @A: 10 06 11 34 | 09
#1266-d102 @A: 07 12 11 09 | 05
#1267-d102 @A: 11 07 13 29 | 12
#1268-d102 @A: 09 15 11 16 | 06
#1269-d102 @A: 03 30 18 11 | 10
#1270-d102 @A: 08 12 13 11 | 11
#1271-d102 @A: 21 25 04 24 | 03
#1272-d102 @A: 22 12 09 25 | 01
#1273-d102 @A: 25 22 19 29 | 08
#1274-d102 @A: 09 25 13 33 | 04
#1275-d102 @A: 29 25 03 23 | 02
#1276-d102 @A: 28 14 18 25 | 07
#1277-d102 @A: 02 21 04 17 | 09
#1278-d102 @A: 01 22 04 31 | 05
#1279-d102 @A: 22 18 04 14 | 12
#1280-d102 @A: 17 29 04 31 | 06
#1281-d102 @A: 04 10 09 15 | 10
#1282-d102 @A: 02 04 03 10 | 11
#1283-d102 @A: 04 24 10 34 | 03
#1284-d102 @A: 24 04 33 06 | 01
#1285-d102 @A: 07 09 04 24 | 08
#1286-d102 @A: 04 14 06 05 | 04
#1287-d102 @A: 04 24 23 20 | 02
#1288-d102 @A: 12 03 04 30 | 07
#1289-d102 @A: 13 29 04 24 | 09
#1290-d102 @A: 24 04 12 32 | 05
#1291-d102 @A: 20 26 04 01 | 12
#1292-d102 @A: 29 04 28 34 | 06
#1293-d102 @A: 19 20 04 29 | 10
#1294-d102 @A: 18 04 19 02 | 11
#1295-d102 @A: 21 27 09 02 | 03
#1296-d102 @A: 13 12 27 21 | 01
#1297-d102 @A: 07 26 21 22 | 08
#1298-d102 @A: 21 03 22 13 | 04
#1299-d102 @A: 21 12 24 22 | 02
#1300-d102 @A: 02 21 10 34 | 07
#1301-d102 @A: 34 21 17 09 | 09
#1302-d102 @A: 35 21 23 28 | 05
#1303-d102 @A: 21 30 24 35 | 12
#1304-d102 @A: 21 15 19 13 | 06
#1305-d102 @A: 21 18 28 26 | 10
#1306-d102 @A: 22 14 27 33 | 11
#1307-d102 @A: 22 27 06 29 | 03
#1308-d102 @A: 33 27 20 07 | 01
#1309-d102 @A: 05 01 27 33 | 08
#1310-d102 @A: 27 18 07 17 | 04
#1311-d102 @A: 30 06 20 27 | 02
#1312-d102 @A: 06 27 26 08 | 07
#1313-d102 @A: 17 27 32 09 | 09
#1314-d102 @A: 17 27 03 26 | 05
#1315-d102 @A: 27 03 23 05 | 12
#1316-d102 @A: 27 09 14 29 | 06
#1317-d102 @A: 24 29 27 18 | 10
#1318-d102 @A: 27 29 05 34 | 11
#1319-d102 @A: 27 01 29 26 | 03
#1320-d102 @A: 35 28 27 19 | 01
#1321-d102 @A: 10 33 22 01 | 08
#1322-d102 @A: 35 07 33 22 | 04
#1323-d102 @A: 23 33 13 22 | 02
#1324-d102 @A: 06 14 07 22 | 07
#1325-d102 @A: 14 26 22 17 | 09
#1326-d102 @A: 12 08 16 22 | 05
#1327-d102 @A: 23 22 08 19 | 12
#1328-d102 @A: 29 09 22 23 | 06
#1329-d102 @A: 30 19 05 22 | 10
#1330-d102 @A: 29 08 22 35 | 11
#1331-d102 @A: 28 15 22 03 | 03
#1332-d102 @A: 15 22 24 05 | 01
#1333-d102 @A: 32 22 24 18 | 08
#1334-d102 @A: 22 32 13 05 | 04
#1335-d102 @A: 01 20 02 22 | 02
#1336-d102 @A: 29 14 22 15 | 07
#1337-d102 @A: 31 10 35 06 | 09
#1338-d102 @A: 31 18 01 29 | 05
#1339-d102 @A: 15 31 12 35 | 12
#1340-d102 @A: 33 10 14 05 | 06
#1341-d102 @A: 07 05 09 10 | 10
#1342-d102 @A: 23 17 10 01 | 11
#1343-d102 @A: 24 13 10 16 | 03
#1344-d102 @A: 34 30 09 10 | 01
#1345-d102 @A: 10 03 13 08 | 08
#1346-d102 @A: 28 08 10 05 | 04
#1347-d102 @A: 32 33 06 30 | 02
#1348-d102 @A: 13 33 28 06 | 07
#1349-d102 @A: 20 23 33 16 | 09
#1350-d102 @A: 09 35 33 23 | 05
#1351-d102 @A: 33 08 09 24 | 12
#1352-d102 @A: 18 33 24 34 | 06
#1353-d102 @A: 29 14 13 33 | 10
#1354-d102 @A: 26 33 12 02 | 11
#1355-d102 @A: 17 32 07 06 | 03
#1356-d102 @A: 19 30 16 07 | 01
#1357-d102 @A: 07 34 09 23 | 08
#1358-d102 @A: 19 07 34 08 | 04
#1359-d102 @A: 07 28 20 08 | 02
#1360-d102 @A: 07 20 05 34 | 07
#1361-d102 @A: 07 19 15 01 | 09
#1362-d102 @A: 18 01 07 13 | 05
#1363-d102 @A: 12 14 26 07 | 12
#1364-d102 @A: 07 13 02 26 | 06
#1365-d102 @A: 07 32 28 13 | 10
#1366-d102 @A: 23 12 17 06 | 11
#1367-d102 @A: 15 06 14 17 | 03
#1368-d102 @A: 06 29 16 03 | 01
#1369-d102 @A: 03 24 06 23 | 08
#1370-d102 @A: 20 28 23 06 | 04
#1371-d102 @A: 28 08 06 30 | 02
#1372-d102 @A: 08 02 06 19 | 07
#1373-d102 @A: 32 05 29 06 | 09
#1374-d102 @A: 02 05 06 13 | 05
#1375-d102 @A: 28 14 15 06 | 12
#1376-d102 @A: 16 13 23 17 | 06
#1377-d102 @A: 29 17 16 09 | 10
#1378-d102 @A: 16 17 32 03 | 11
#1379-d102 @A: 18 01 17 35 | 03
#1380-d102 @A: 18 28 20 17 | 01
#1381-d102 @A: 12 17 19 13 | 08
#1382-d102 @A: 09 02 08 16 | 04
#1383-d102 @A: 19 16 12 03 | 02
#1384-d102 @A: 32 24 16 29 | 07
#1385-d102 @A: 16 26 24 14 | 09
#1386-d102 @A: 16 14 18 13 | 05
#1387-d102 @A: 24 26 15 23 | 12
#1388-d102 @A: 13 30 28 01 | 06
#1389-d102 @A: 13 18 30 26 | 10
#1390-d102 @A: 01 13 19 08 | 11
#1391-d102 @A: 18 14 08 26 | 03
#1392-d102 @A: 15 26 09 01 | 01
#1393-d102 @A: 20 29 15 09 | 08
#1394-d102 @A: 09 13 29 19 | 04
#1395-d102 @A: 03 01 32 05 | 02
#1396-d102 @A: 31 05 25 11 | 07
#1397-d102 @A: 01 11 18 25 | 09
#1398-d102 @A: 21 08 19 11 | 05
#1399-d102 @A: 33 11 32 27 | 12
#1400-d102 @A: 11 12 28 22 | 06
#1401-d102 @A: 31 11 12 03 | 10
#1402-d102 @A: 31 26 11 14 | 11
#1403-d102 @A: 06 18 33 11 | 03
#1404-d102 @A: 33 23 01 11 | 01
#1405-d102 @A: 09 33 03 11 | 08
#1406-d102 @A: 23 26 11 07 | 04
#1407-d102 @A: 16 11 23 34 | 02
#1408-d102 @A: 11 26 16 03 | 07
#1409-d102 @A: 23 24 11 28 | 09
#1410-d102 @A: 30 05 08 11 | 05
#1411-d102 @A: 15 35 11 30 | 12
#1412-d102 @A: 11 35 20 24 | 06
#1413-d102 @A: 11 02 29 12 | 10
#1414-d102 @A: 18 15 32 11 | 11
#1415-d102 @A: 18 28 11 32 | 03
#1416-d102 @A: 25 27 21 26 | 01
#1417-d102 @A: 21 25 08 10 | 08
#1418-d102 @A: 21 07 05 25 | 04
#1419-d102 @A: 15 27 25 31 | 02
#1420-d102 @A: 27 35 30 25 | 07
#1421-d102 @A: 18 08 27 25 | 09
#1422-d102 @A: 20 27 09 25 | 05
#1423-d102 @A: 12 31 23 25 | 12
#1424-d102 @A: 33 35 18 25 | 06
#1425-d102 @A: 34 06 09 25 | 10
#1426-d102 @A: 34 17 23 25 | 11
#1427-d102 @A: 25 05 35 14 | 03
#1428-d102 @A: 25 19 34 01 | 01
#1429-d102 @A: 12 21 04 31 | 08
#1430-d102 @A: 21 14 04 08 | 04
#1431-d102 @A: 33 27 04 15 | 02
#1432-d102 @A: 20 34 27 04 | 07
#1433-d102 @A: 31 24 08 04 | 09
#1434-d102 @A: 04 31 14 03 | 05
#1435-d102 @A: 10 07 35 04 | 12
#1436-d102 @A: 04 19 23 33 | 06
#1437-d102 @A: 33 30 02 04 | 10
#1438-d102 @A: 29 07 06 04 | 11
#1439-d102 @A: 17 12 07 04 | 03
#1440-d102 @A: 17 30 05 04 | 01
#1441-d102 @A: 34 04 16 03 | 08
#1442-d102 @A: 04 24 15 14 | 04
#1443-d102 @A: 01 13 05 04 | 02
#1444-d102 @A: 04 01 19 14 | 07
#1445-d102 @A: 14 21 22 28 | 09
#1446-d102 @A: 06 32 31 21 | 05
#1447-d102 @A: 21 09 31 24 | 12
#1448-d102 @A: 28 19 21 33 | 06
#1449-d102 @A: 18 19 07 21 | 10
#1450-d102 @A: 21 23 06 19 | 11
#1451-d102 @A: 03 21 35 06 | 03
#1452-d102 @A: 17 21 03 12 | 01
#1453-d102 @A: 21 30 08 13 | 08
#1454-d102 @A: 21 09 28 32 | 04
#1455-d102 @A: 20 19 21 01 | 02
#1456-d102 @A: 29 21 35 20 | 07
#1457-d102 @A: 28 13 34 21 | 09
#1458-d102 @A: 34 10 27 31 | 05
#1459-d102 @A: 27 12 06 16 | 12
#1460-d102 @A: 27 13 32 23 | 06
#1461-d102 @A: 03 27 20 08 | 10
#1462-d102 @A: 14 19 03 27 | 11
#1463-d102 @A: 13 02 27 29 | 03
#1464-d102 @A: 18 34 27 14 | 01
#1465-d102 @A: 27 12 35 26 | 08
#1466-d102 @A: 32 26 27 18 | 04
#1467-d102 @A: 19 09 33 22 | 02
#1468-d102 @A: 07 05 28 22 | 07
#1469-d102 @A: 05 22 06 35 | 09
#1470-d102 @A: 03 22 20 17 | 05
#1471-d102 @A: 09 01 16 22 | 12
#1472-d102 @A: 22 30 02 23 | 06
#1473-d102 @A: 24 22 35 19 | 10
#1474-d102 @A: 22 05 02 14 | 11
#1475-d102 @A: 32 29 01 22 | 03
#1476-d102 @A: 32 02 22 34 | 01
#1477-d102 @A: 13 22 35 20 | 08
#1478-d102 @A: 12 22 32 20 | 04
#1479-d102 @A: 31 32 08 33 | 02
#1480-d102 @A: 31 20 07 06 | 07
#1481-d102 @A: 31 03 29 07 | 09
#1482-d102 @A: 30 02 31 03 | 05
#1483-d102 @A: 31 32 30 19 | 12
#1484-d102 @A: 09 28 35 31 | 06
#1485-d102 @A: 31 15 29 24 | 10
#1486-d102 @A: 14 31 15 19 | 11
#1487-d102 @A: 33 10 18 30 | 03
#1488-d102 @A: 10 34 07 29 | 01
#1489-d102 @A: 32 16 10 06 | 08
#1490-d102 @A: 10 09 12 06 | 04
#1491-d102 @A: 10 17 26 16 | 02
#1492-d102 @A: 17 14 09 10 | 07
#1493-d102 @A: 16 10 20 19 | 09
#1494-d102 @A: 12 10 28 23 | 05
#1495-d102 @A: 24 20 10 05 | 12
#1496-d102 @A: 01 10 35 28 | 06
#1497-d102 @A: 14 10 29 20 | 10
#1498-d102 @A: 26 18 10 02 | 11
#1499-d102 @A: 07 33 05 03 | 03
#1500-d102 @A: 03 06 33 26 | 01
#1501-d102 @A: 06 01 33 14 | 08
#1502-d102 @A: 17 33 12 09 | 04
#1503-d102 @A: 33 01 32 17 | 02
#1504-d102 @A: 23 08 33 12 | 07
#1505-d102 @A: 29 33 35 32 | 09
#1506-d102 @A: 07 06 03 02 | 05
#1507-d102 @A: 17 02 16 07 | 12
#1508-d102 @A: 24 23 07 13 | 06
#1509-d102 @A: 24 34 26 07 | 10
#1510-d102 @A: 07 35 32 24 | 11
#1511-d102 @A: 15 01 28 07 | 03
#1512-d102 @A: 07 01 32 26 | 01
#1513-d102 @A: 06 16 05 17 | 08
#1514-d102 @A: 17 06 28 26 | 04
#1515-d102 @A: 06 16 26 23 | 02
#1516-d102 @A: 35 08 09 06 | 07
#1517-d102 @A: 06 32 01 02 | 09
#1518-d102 @A: 06 26 14 32 | 05
#1519-d102 @A: 13 06 32 34 | 12
#1520-d102 @A: 17 14 30 16 | 06
#1521-d102 @A: 01 17 05 14 | 10
#1522-d102 @A: 17 26 32 29 | 11
#1523-d102 @A: 17 20 35 15 | 03
#1524-d102 @A: 09 16 23 18 | 01
#1525-d102 @A: 18 35 30 16 | 08
#1526-d102 @A: 02 16 28 01 | 04
#1527-d102 @A: 19 01 16 35 | 02
#1528-d102 @A: 19 15 16 32 | 07
#1529-d102 @A: 15 23 28 05 | 09
#1530-d102 @A: 26 02 32 23 | 05
#1531-d102 @A: 23 28 02 26 | 12
#1532-d102 @A: 28 29 12 30 | 06
#1533-d102 @A: 14 30 02 34 | 10
#1534-d102 @A: 24 12 01 08 | 11
#1535-d102 @A: 08 24 15 18 | 03
#1536-d102 @A: 02 08 34 15 | 01
#1537-d102 @A: 01 09 03 29 | 08
#1538-d102 @A: 28 09 24 05 | 04
#1539-d102 @A: 18 35 09 15 | 02
#1540-d102 @A: 03 05 29 12 | 07
#1541-d102 @A: 24 28 12 15 | 09
#1542-d102 @A: 20 28 15 35 | 05
#1543-d102 @A: 27 11 12 25 | 12
#1544-d102 @A: 13 11 30 25 | 06
#1545-d102 @A: 11 29 04 22 | 10
#1546-d102 @A: 06 11 27 05 | 11
#1547-d102 @A: 29 27 11 23 | 03
#1548-d102 @A: 22 30 26 11 | 01
#1549-d102 @A: 31 17 28 11 | 08
#1550-d102 @A: 23 31 11 15 | 04
#1551-d102 @A: 11 33 10 13 | 02
#1552-d102 @A: 18 11 08 23 | 07
#1553-d102 @A: 35 14 02 11 | 09
#1554-d102 @A: 25 31 04 19 | 05
#1555-d102 @A: 25 20 07 04 | 12
#1556-d102 @A: 25 18 21 31 | 06
#1557-d102 @A: 12 25 21 30 | 10
#1558-d102 @A: 19 21 09 25 | 11
#1559-d102 @A: 25 27 24 10 | 03
#1560-d102 @A: 02 25 03 27 | 01
#1561-d102 @A: 22 25 23 24 | 08
#1562-d102 @A: 31 08 25 06 | 04
#1563-d102 @A: 35 32 31 25 | 02
#1564-d102 @A: 16 25 10 12 | 07
#1565-d102 @A: 23 25 10 35 | 09
#1566-d102 @A: 30 10 25 05 | 05
#1567-d102 @A: 07 25 23 08 | 12
#1568-d102 @A: 16 06 20 25 | 06
#1569-d102 @A: 17 18 30 25 | 10
#1570-d102 @A: 16 25 30 29 | 11
#1571-d102 @A: 24 05 25 09 | 03
#1572-d102 @A: 20 05 26 25 | 01
#1573-d102 @A: 26 25 14 15 | 08
#1574-d102 @A: 02 12 34 25 | 04
#1575-d102 @A: 21 10 04 20 | 02
#1576-d102 @A: 08 04 22 34 | 07
#1577-d102 @A: 16 10 04 01 | 09
#1578-d102 @A: 33 07 34 04 | 05
#1579-d102 @A: 04 06 20 03 | 12
#1580-d102 @A: 04 28 24 06 | 06
#1581-d102 @A: 04 23 17 26 | 10
#1582-d102 @A: 17 04 20 09 | 11
#1583-d102 @A: 19 24 04 17 | 03
#1584-d102 @A: 04 34 05 19 | 01
#1585-d102 @A: 04 28 02 18 | 08
#1586-d102 @A: 04 35 13 18 | 04
#1587-d102 @A: 33 22 32 21 | 02
#1588-d102 @A: 06 02 21 22 | 07
#1589-d102 @A: 22 21 18 08 | 09
#1590-d102 @A: 23 31 21 14 | 05
#1591-d102 @A: 34 21 31 30 | 12
#1592-d102 @A: 05 19 21 33 | 06
#1593-d102 @A: 33 34 21 12 | 10
#1594-d102 @A: 21 07 34 06 | 11
#1595-d102 @A: 21 07 35 16 | 03
#1596-d102 @A: 21 29 07 23 | 01
#1597-d102 @A: 17 21 30 32 | 08
#1598-d102 @A: 21 28 24 16 | 04
#1599-d102 @A: 05 15 21 16 | 02
#1600-d102 @A: 08 21 09 12 | 07
#1601-d102 @A: 14 21 05 34 | 09
#1602-d102 @A: 01 12 35 21 | 05
#1603-d102 @A: 13 02 14 21 | 12
#1604-d102 @A: 12 20 28 21 | 06
#1605-d102 @A: 05 22 09 27 | 10
#1606-d102 @A: 18 22 20 27 | 11
#1607-d102 @A: 35 27 10 03 | 03
#1608-d102 @A: 27 03 18 33 | 01
#1609-d102 @A: 09 07 03 27 | 08
#1610-d102 @A: 27 17 23 08 | 04
#1611-d102 @A: 02 24 35 27 | 02
#1612-d102 @A: 20 27 35 01 | 07
#1613-d102 @A: 27 19 13 18 | 09
#1614-d102 @A: 31 23 35 22 | 05
#1615-d102 @A: 10 06 20 22 | 12
#1616-d102 @A: 22 01 06 23 | 06
#1617-d102 @A: 17 23 22 32 | 10
#1618-d102 @A: 08 17 13 22 | 11
#1619-d102 @A: 22 30 35 03 | 03
#1620-d102 @A: 22 01 24 34 | 01
#1621-d102 @A: 02 18 35 22 | 08
#1622-d102 @A: 19 17 31 10 | 04
#1623-d102 @A: 10 18 23 31 | 02
#1624-d102 @A: 18 31 16 33 | 07
#1625-d102 @A: 23 31 07 19 | 09
#1626-d102 @A: 12 17 16 31 | 05
#1627-d102 @A: 17 31 23 02 | 12
#1628-d102 @A: 31 09 23 20 | 06
#1629-d102 @A: 05 24 13 31 | 10
#1630-d102 @A: 12 31 19 24 | 11
#1631-d102 @A: 02 31 01 28 | 03
#1632-d102 @A: 31 18 12 26 | 01
#1633-d102 @A: 10 17 07 15 | 08
#1634-d102 @A: 29 02 10 23 | 04
#1635-d102 @A: 10 20 35 09 | 02
#1636-d102 @A: 02 10 24 19 | 07
#1637-d102 @A: 10 24 32 26 | 09
#1638-d102 @A: 13 26 14 10 | 05
#1639-d102 @A: 35 19 10 26 | 12
#1640-d102 @A: 17 08 33 28 | 06
#1641-d102 @A: 33 09 23 28 | 10
#1642-d102 @A: 26 30 33 08 | 11
#1643-d102 @A: 19 18 01 33 | 03
#1644-d102 @A: 18 33 26 20 | 01
#1645-d102 @A: 33 32 02 28 | 08
#1646-d102 @A: 08 16 07 24 | 04
#1647-d102 @A: 23 07 03 15 | 02
#1648-d102 @A: 05 07 35 13 | 07
#1649-d102 @A: 29 07 12 01 | 09
#1650-d102 @A: 07 32 14 15 | 05
#1651-d102 @A: 24 06 16 09 | 12
#1652-d102 @A: 34 23 06 08 | 06
#1653-d102 @A: 09 14 23 06 | 10
#1654-d102 @A: 34 06 24 02 | 11
#1655-d102 @A: 06 18 12 01 | 03
#1656-d102 @A: 19 06 13 14 | 01
#1657-d102 @A: 12 28 06 32 | 08
#1658-d102 @A: 17 02 09 13 | 04
#1659-d102 @A: 24 17 05 34 | 02
#1660-d102 @A: 01 26 17 34 | 07
#1661-d102 @A: 28 19 17 32 | 09
#1662-d102 @A: 23 16 18 28 | 05
#1663-d102 @A: 32 08 30 16 | 12
#1664-d102 @A: 30 23 34 13 | 06
#1665-d102 @A: 12 23 26 30 | 10
#1666-d102 @A: 23 03 14 08 | 11
#1667-d102 @A: 34 12 05 23 | 03
#1668-d102 @A: 34 20 23 01 | 01
#1669-d102 @A: 19 01 23 26 | 08
#1670-d102 @A: 23 12 14 29 | 04
#1671-d102 @A: 19 23 13 35 | 02
#1672-d102 @A: 15 30 01 18 | 07
#1673-d102 @A: 24 19 08 29 | 09
#1674-d102 @A: 34 01 28 08 | 05
#1675-d102 @A: 14 35 15 08 | 12
#1676-d102 @A: 35 28 08 18 | 06
#1677-d102 @A: 12 08 18 19 | 10
#1678-d102 @A: 14 09 03 35 | 11
#1679-d102 @A: 03 26 09 12 | 03
#1680-d102 @A: 01 09 18 02 | 01
#1681-d102 @A: 01 19 09 32 | 08
#1682-d102 @A: 12 09 18 14 | 04
#1683-d102 @A: 28 18 13 09 | 02
#1684-d102 @A: 18 09 26 19 | 07
#1685-d102 @A: 01 14 34 03 | 09
#1686-d102 @A: 03 26 13 01 | 05
#1687-d102 @A: 13 12 03 35 | 12
#1688-d102 @A: 34 28 20 14 | 06
#1689-d102 @A: 19 13 28 14 | 10
