#0001-d162 @A: 20 16 34 11 | 06
#0002-d162 @A: 33 34 20 01 | 02
#0003-d162 @A: 20 16 21 23 | 03
#0004-d162 @A: 13 20 14 16 | 05
#0005-d162 @A: 20 27 09 01 | 07
#0006-d162 @A: 26 08 06 20 | 08
#0007-d162 @A: 35 20 08 27 | 10
#0008-d162 @A: 20 19 18 03 | 09
#0009-d162 @A: 13 31 20 33 | 04
#0010-d162 @A: 22 07 20 12 | 11
#0011-d162 @A: 33 20 10 22 | 01
#0012-d162 @A: 09 20 32 12 | 12
#0013-d162 @A: 11 19 28 16 | 06
#0014-d162 @A: 24 28 32 16 | 02
#0015-d162 @A: 32 28 16 04 | 03
#0016-d162 @A: 28 30 06 05 | 05
#0017-d162 @A: 32 28 05 07 | 07
#0018-d162 @A: 26 28 03 05 | 08
#0019-d162 @A: 31 06 15 28 | 10
#0020-d162 @A: 06 08 03 28 | 09
#0021-d162 @A: 28 18 04 06 | 04
#0022-d162 @A: 21 32 28 35 | 11
#0023-d162 @A: 19 15 13 28 | 01
#0024-d162 @A: 12 19 17 28 | 12
#0025-d162 @A: 30 28 22 15 | 06
#0026-d162 @A: 28 15 32 10 | 02
#0027-d162 @A: 11 02 24 28 | 03
#0028-d162 @A: 11 12 28 09 | 05
#0029-d162 @A: 28 23 18 02 | 07
#0030-d162 @A: 29 28 33 30 | 08
#0031-d162 @A: 16 34 23 03 | 10
#0032-d162 @A: 34 21 05 29 | 09
#0033-d162 @A: 21 34 05 04 | 04
#0034-d162 @A: 05 14 34 35 | 11
#0035-d162 @A: 06 34 31 32 | 01
#0036-d162 @A: 34 21 26 31 | 12
#0037-d162 @A: 19 34 09 15 | 06
#0038-d162 @A: 18 26 34 19 | 02
#0039-d162 @A: 07 34 30 31 | 03
#0040-d162 @A: 13 34 18 35 | 05
#0041-d162 @A: 15 33 34 17 | 07
#0042-d162 @A: 34 04 08 35 | 08
#0043-d162 @A: 34 23 14 33 | 10
#0044-d162 @A: 34 09 29 14 | 09
#0045-d162 @A: 34 29 32 11 | 04
#0046-d162 @A: 34 09 23 12 | 11
#0047-d162 @A: 29 25 12 34 | 01
#0048-d162 @A: 32 05 16 01 | 12
#0049-d162 @A: 21 01 19 16 | 06
#0050-d162 @A: 14 31 16 01 | 02
#0051-d162 @A: 01 07 16 26 | 03
#0052-d162 @A: 01 02 16 22 | 05
#0053-d162 @A: 18 29 01 16 | 07
#0054-d162 @A: 06 03 16 05 | 08
#0055-d162 @A: 06 31 09 16 | 10
#0056-d162 @A: 16 30 33 21 | 09
#0057-d162 @A: 10 02 27 16 | 04
#0058-d162 @A: 29 16 27 30 | 11
#0059-d162 @A: 16 31 32 29 | 01
#0060-d162 @A: 07 35 29 16 | 12
#0061-d162 @A: 16 30 22 18 | 06
#0062-d162 @A: 16 13 17 35 | 02
#0063-d162 @A: 08 16 17 03 | 03
#0064-d162 @A: 16 09 32 23 | 05
#0065-d162 @A: 25 17 16 29 | 07
#0066-d162 @A: 01 29 08 06 | 08
#0067-d162 @A: 30 01 06 04 | 10
#0068-d162 @A: 33 06 01 25 | 09
#0069-d162 @A: 10 01 21 22 | 04
#0070-d162 @A: 01 19 35 08 | 11
#0071-d162 @A: 01 13 24 31 | 01
#0072-d162 @A: 31 04 12 01 | 12
#0073-d162 @A: 08 01 03 02 | 06
#0074-d162 @A: 14 26 01 23 | 02
#0075-d162 @A: 11 24 01 12 | 03
#0076-d162 @A: 26 24 01 03 | 05
#0077-d162 @A: 24 01 30 18 | 07
#0078-d162 @A: 29 17 01 24 | 08
#0079-d162 @A: 18 26 05 06 | 10
#0080-d162 @A: 19 18 21 05 | 09
#0081-d162 @A: 05 29 27 12 | 04
#0082-d162 @A: 19 31 05 02 | 11
#0083-d162 @A: 04 03 31 05 | 01
#0084-d162 @A: 22 23 05 08 | 12
#0085-d162 @A: 18 08 10 05 | 06
#0086-d162 @A: 23 33 25 05 | 02
#0087-d162 @A: 06 19 21 17 | 03
#0088-d162 @A: 21 12 06 13 | 05
#0089-d162 @A: 02 14 06 21 | 07
#0090-d162 @A: 30 06 07 15 | 08
#0091-d162 @A: 17 14 06 24 | 10
#0092-d162 @A: 06 12 11 32 | 09
#0093-d162 @A: 06 02 09 23 | 04
#0094-d162 @A: 21 27 35 29 | 11
#0095-d162 @A: 21 10 31 33 | 01
#0096-d162 @A: 21 15 22 12 | 12
#0097-d162 @A: 03 15 21 08 | 06
#0098-d162 @A: 21 12 18 03 | 02
#0099-d162 @A: 21 09 33 02 | 03
#0100-d162 @A: 32 21 30 17 | 05
#0101-d162 @A: 25 21 12 30 | 07
#0102-d162 @A: 30 21 04 17 | 08
#0103-d162 @A: 26 22 07 27 | 10
#0104-d162 @A: 07 04 15 27 | 09
#0105-d162 @A: 27 30 08 22 | 04
#0106-d162 @A: 09 22 27 17 | 11
#0107-d162 @A: 11 04 23 27 | 01
#0108-d162 @A: 26 23 27 12 | 12
#0109-d162 @A: 31 07 09 19 | 06
#0110-d162 @A: 12 10 14 19 | 02
#0111-d162 @A: 15 08 18 19 | 03
#0112-d162 @A: 14 19 02 33 | 05
#0113-d162 @A: 11 26 33 19 | 07
#0114-d162 @A: 12 18 23 19 | 08
#0115-d162 @A: 29 07 13 31 | 10
#0116-d162 @A: 03 14 02 31 | 09
#0117-d162 @A: 33 31 02 29 | 04
#0118-d162 @A: 26 18 02 31 | 11
#0119-d162 @A: 17 08 15 07 | 01
#0120-d162 @A: 29 07 24 09 | 12
#0121-d162 @A: 22 35 24 15 | 06
#0122-d162 @A: 22 02 23 33 | 02
#0123-d162 @A: 13 11 12 10 | 03
#0124-d162 @A: 18 13 30 10 | 05
#0125-d162 @A: 04 30 13 10 | 07
#0126-d162 @A: 29 35 13 23 | 08
#0127-d162 @A: 30 09 13 03 | 10
#0128-d162 @A: 13 04 32 26 | 09
#0129-d162 @A: 08 10 23 15 | 04
#0130-d162 @A: 17 03 10 35 | 11
#0131-d162 @A: 10 24 09 11 | 01
#0132-d162 @A: 10 29 11 18 | 12
#0133-d162 @A: 23 25 18 10 | 06
#0134-d162 @A: 24 25 10 26 | 02
#0135-d162 @A: 14 15 32 12 | 03
#0136-d162 @A: 03 23 32 15 | 05
#0137-d162 @A: 32 25 29 15 | 07
#0138-d162 @A: 30 29 04 15 | 08
#0139-d162 @A: 29 17 09 15 | 10
#0140-d162 @A: 17 14 18 08 | 09
#0141-d162 @A: 11 02 08 32 | 04
#0142-d162 @A: 12 14 35 04 | 11
#0143-d162 @A: 17 35 14 26 | 01
#0144-d162 @A: 11 17 35 02 | 12
#0145-d162 @A: 11 25 35 32 | 06
#0146-d162 @A: 35 11 24 33 | 02
#0147-d162 @A: 33 17 35 30 | 03
#0148-d162 @A: 02 04 18 26 | 05
#0149-d162 @A: 20 19 34 02 | 07
#0150-d162 @A: 02 16 20 05 | 08
#0151-d162 @A: 20 01 03 13 | 10
#0152-d162 @A: 20 09 05 35 | 09
#0153-d162 @A: 13 32 20 06 | 04
#0154-d162 @A: 20 23 06 25 | 11
#0155-d162 @A: 20 06 24 03 | 01
#0156-d162 @A: 21 30 31 20 | 12
#0157-d162 @A: 26 20 21 10 | 06
#0158-d162 @A: 19 20 35 30 | 02
#0159-d162 @A: 04 19 20 03 | 03
#0160-d162 @A: 20 13 18 08 | 05
#0161-d162 @A: 03 11 17 20 | 07
#0162-d162 @A: 21 16 28 15 | 08
#0163-d162 @A: 25 28 16 33 | 10
#0164-d162 @A: 09 01 04 28 | 09
#0165-d162 @A: 14 06 28 04 | 04
#0166-d162 @A: 28 02 21 12 | 11
#0167-d162 @A: 27 14 35 28 | 01
#0168-d162 @A: 19 09 28 03 | 12
#0169-d162 @A: 31 28 26 32 | 06
#0170-d162 @A: 10 03 28 22 | 02
#0171-d162 @A: 26 15 28 35 | 03
#0172-d162 @A: 28 04 33 15 | 05
#0173-d162 @A: 11 35 28 30 | 07
#0174-d162 @A: 28 11 23 03 | 08
#0175-d162 @A: 33 11 32 28 | 10
#0176-d162 @A: 25 28 18 26 | 09
#0177-d162 @A: 18 29 17 28 | 04
#0178-d162 @A: 07 05 34 22 | 11
#0179-d162 @A: 34 05 13 11 | 01
#0180-d162 @A: 18 06 34 08 | 12
#0181-d162 @A: 21 18 34 09 | 06
#0182-d162 @A: 13 34 19 23 | 02
#0183-d162 @A: 15 12 34 10 | 03
#0184-d162 @A: 35 34 10 29 | 05
#0185-d162 @A: 15 26 04 34 | 07
#0186-d162 @A: 11 26 30 34 | 08
#0187-d162 @A: 34 17 29 26 | 10
#0188-d162 @A: 10 16 01 03 | 09
#0189-d162 @A: 30 01 35 16 | 04
#0190-d162 @A: 17 16 19 05 | 11
#0191-d162 @A: 16 26 12 19 | 01
#0192-d162 @A: 31 08 16 11 | 12
#0193-d162 @A: 22 10 13 16 | 06
#0194-d162 @A: 16 14 35 22 | 02
#0195-d162 @A: 09 25 13 16 | 03
#0196-d162 @A: 10 16 08 32 | 05
#0197-d162 @A: 16 04 03 11 | 07
#0198-d162 @A: 23 25 26 16 | 08
#0199-d162 @A: 07 05 10 01 | 10
#0200-d162 @A: 11 19 06 01 | 09
#0201-d162 @A: 18 06 01 17 | 04
#0202-d162 @A: 32 01 15 21 | 11
#0203-d162 @A: 01 21 09 29 | 01
#0204-d162 @A: 01 25 27 19 | 12
#0205-d162 @A: 33 22 27 01 | 06
#0206-d162 @A: 17 01 08 27 | 02
#0207-d162 @A: 01 12 27 35 | 03
#0208-d162 @A: 01 07 19 12 | 05
#0209-d162 @A: 19 01 13 29 | 07
#0210-d162 @A: 01 10 15 26 | 08
#0211-d162 @A: 29 11 14 01 | 10
#0212-d162 @A: 18 01 14 25 | 09
#0213-d162 @A: 01 02 33 32 | 04
#0214-d162 @A: 13 24 06 05 | 11
#0215-d162 @A: 05 22 21 30 | 01
#0216-d162 @A: 21 05 15 17 | 12
#0217-d162 @A: 24 19 27 05 | 06
#0218-d162 @A: 15 31 27 05 | 02
#0219-d162 @A: 27 33 05 07 | 03
#0220-d162 @A: 14 24 05 26 | 05
#0221-d162 @A: 03 05 25 11 | 07
#0222-d162 @A: 04 09 05 23 | 08
#0223-d162 @A: 24 05 30 29 | 10
#0224-d162 @A: 02 22 06 31 | 09
#0225-d162 @A: 11 31 13 06 | 04
#0226-d162 @A: 15 32 06 08 | 11
#0227-d162 @A: 30 09 06 14 | 01
#0228-d162 @A: 23 24 33 06 | 12
#0229-d162 @A: 26 06 30 25 | 06
#0230-d162 @A: 19 21 23 31 | 02
#0231-d162 @A: 19 04 18 21 | 03
#0232-d162 @A: 31 13 21 18 | 05
#0233-d162 @A: 14 21 22 18 | 07
#0234-d162 @A: 30 10 21 08 | 08
#0235-d162 @A: 10 33 04 21 | 10
#0236-d162 @A: 21 25 35 17 | 09
#0237-d162 @A: 03 26 21 23 | 04
#0238-d162 @A: 26 12 21 32 | 11
#0239-d162 @A: 27 10 19 23 | 01
#0240-d162 @A: 31 27 25 08 | 12
#0241-d162 @A: 27 09 23 07 | 06
#0242-d162 @A: 22 15 27 02 | 02
#0243-d162 @A: 32 27 22 04 | 03
#0244-d162 @A: 03 29 14 27 | 05
#0245-d162 @A: 24 14 02 27 | 07
#0246-d162 @A: 27 26 25 14 | 08
#0247-d162 @A: 08 25 19 22 | 10
#0248-d162 @A: 18 10 35 19 | 09
#0249-d162 @A: 29 14 19 25 | 04
#0250-d162 @A: 03 02 19 26 | 11
#0251-d162 @A: 22 07 31 11 | 01
#0252-d162 @A: 17 07 10 31 | 12
#0253-d162 @A: 24 31 07 14 | 06
#0254-d162 @A: 03 22 35 31 | 02
#0255-d162 @A: 31 30 22 04 | 03
#0256-d162 @A: 11 17 31 26 | 05
#0257-d162 @A: 33 09 31 23 | 07
#0258-d162 @A: 29 17 31 30 | 08
#0259-d162 @A: 11 02 04 07 | 10
#0260-d162 @A: 03 07 18 23 | 09
#0261-d162 @A: 12 02 07 26 | 04
#0262-d162 @A: 18 30 32 07 | 11
#0263-d162 @A: 24 33 07 17 | 01
#0264-d162 @A: 07 29 26 18 | 12
#0265-d162 @A: 14 10 22 23 | 06
#0266-d162 @A: 02 14 22 17 | 02
#0267-d162 @A: 30 32 02 22 | 03
#0268-d162 @A: 26 30 22 12 | 05
#0269-d162 @A: 26 14 30 13 | 07
#0270-d162 @A: 33 11 13 25 | 08
#0271-d162 @A: 02 26 25 13 | 10
#0272-d162 @A: 13 33 32 26 | 09
#0273-d162 @A: 13 09 26 12 | 04
#0274-d162 @A: 10 14 17 33 | 11
#0275-d162 @A: 26 23 29 10 | 01
#0276-d162 @A: 29 10 09 33 | 12
#0277-d162 @A: 32 15 08 04 | 06
#0278-d162 @A: 17 25 14 15 | 02
#0279-d162 @A: 12 03 15 33 | 03
#0280-d162 @A: 18 03 15 17 | 05
#0281-d162 @A: 12 15 02 17 | 07
#0282-d162 @A: 26 17 32 15 | 08
#0283-d162 @A: 03 30 14 08 | 10
#0284-d162 @A: 25 08 14 12 | 09
#0285-d162 @A: 17 11 09 08 | 04
#0286-d162 @A: 32 08 25 03 | 11
#0287-d162 @A: 08 32 12 24 | 01
#0288-d162 @A: 02 30 23 35 | 12
#0289-d162 @A: 33 26 35 23 | 06
#0290-d162 @A: 17 35 09 24 | 02
#0291-d162 @A: 04 33 29 24 | 03
#0292-d162 @A: 34 07 20 23 | 05
#0293-d162 @A: 06 33 20 16 | 07
#0294-d162 @A: 20 27 16 17 | 08
#0295-d162 @A: 18 31 20 16 | 10
#0296-d162 @A: 04 20 33 16 | 09
#0297-d162 @A: 21 20 17 01 | 04
#0298-d162 @A: 24 01 20 07 | 11
#0299-d162 @A: 20 06 29 35 | 01
#0300-d162 @A: 20 11 27 22 | 12
#0301-d162 @A: 20 23 27 13 | 06
#0302-d162 @A: 20 10 31 19 | 02
#0303-d162 @A: 20 02 07 30 | 03
#0304-d162 @A: 17 29 14 20 | 05
#0305-d162 @A: 30 11 20 18 | 07
#0306-d162 @A: 09 11 33 20 | 08
#0307-d162 @A: 20 33 17 23 | 10
#0308-d162 @A: 04 20 30 32 | 09
#0309-d162 @A: 34 27 23 28 | 04
#0310-d162 @A: 07 34 24 28 | 11
#0311-d162 @A: 16 29 10 28 | 01
#0312-d162 @A: 23 13 28 01 | 12
#0313-d162 @A: 28 25 01 08 | 06
#0314-d162 @A: 15 28 05 11 | 02
#0315-d162 @A: 29 28 08 05 | 03
#0316-d162 @A: 28 02 35 10 | 05
#0317-d162 @A: 28 30 14 18 | 07
#0318-d162 @A: 32 28 30 12 | 08
#0319-d162 @A: 28 24 30 25 | 10
#0320-d162 @A: 01 34 26 05 | 09
#0321-d162 @A: 34 06 01 12 | 04
#0322-d162 @A: 34 32 01 27 | 11
#0323-d162 @A: 23 04 34 01 | 01
#0324-d162 @A: 06 05 34 23 | 12
#0325-d162 @A: 27 34 24 15 | 06
#0326-d162 @A: 34 13 17 07 | 02
#0327-d162 @A: 13 04 34 35 | 03
#0328-d162 @A: 34 08 23 29 | 05
#0329-d162 @A: 34 32 33 25 | 07
#0330-d162 @A: 01 16 27 24 | 08
#0331-d162 @A: 16 04 05 02 | 10
#0332-d162 @A: 11 15 16 06 | 09
#0333-d162 @A: 16 35 06 26 | 04
#0334-d162 @A: 17 10 21 16 | 11
#0335-d162 @A: 12 21 16 35 | 01
#0336-d162 @A: 33 13 27 16 | 12
#0337-d162 @A: 24 16 13 11 | 06
#0338-d162 @A: 16 03 35 02 | 02
#0339-d162 @A: 02 17 23 16 | 03
#0340-d162 @A: 14 01 05 15 | 05
#0341-d162 @A: 06 22 03 01 | 07
#0342-d162 @A: 06 15 01 24 | 08
#0343-d162 @A: 03 21 01 27 | 10
#0344-d162 @A: 31 19 18 01 | 09
#0345-d162 @A: 01 07 33 31 | 04
#0346-d162 @A: 15 23 01 33 | 11
#0347-d162 @A: 01 14 02 09 | 01
#0348-d162 @A: 01 11 32 17 | 12
#0349-d162 @A: 25 04 11 01 | 06
#0350-d162 @A: 25 26 01 29 | 02
#0351-d162 @A: 18 05 13 27 | 03
#0352-d162 @A: 27 04 05 17 | 05
#0353-d162 @A: 09 13 05 07 | 07
#0354-d162 @A: 35 05 07 25 | 08
#0355-d162 @A: 22 13 05 02 | 10
#0356-d162 @A: 22 15 29 05 | 09
#0357-d162 @A: 15 05 10 25 | 04
#0358-d162 @A: 10 11 26 05 | 11
#0359-d162 @A: 02 05 23 15 | 01
#0360-d162 @A: 32 05 04 35 | 12
#0361-d162 @A: 09 05 03 23 | 06
#0362-d162 @A: 05 32 18 12 | 02
#0363-d162 @A: 22 32 21 06 | 03
#0364-d162 @A: 09 06 21 03 | 05
#0365-d162 @A: 06 22 19 30 | 07
#0366-d162 @A: 32 10 07 06 | 08
#0367-d162 @A: 11 06 07 35 | 10
#0368-d162 @A: 22 15 06 26 | 09
#0369-d162 @A: 06 22 17 08 | 04
#0370-d162 @A: 13 35 06 09 | 11
#0371-d162 @A: 06 02 18 15 | 01
#0372-d162 @A: 08 11 06 30 | 12
#0373-d162 @A: 14 06 12 33 | 06
#0374-d162 @A: 33 11 06 17 | 02
#0375-d162 @A: 30 23 06 29 | 03
#0376-d162 @A: 21 19 32 07 | 05
#0377-d162 @A: 30 03 19 21 | 07
#0378-d162 @A: 21 23 07 13 | 08
#0379-d162 @A: 22 08 21 04 | 10
#0380-d162 @A: 12 23 14 21 | 09
#0381-d162 @A: 21 03 11 32 | 04
#0382-d162 @A: 30 21 11 24 | 11
#0383-d162 @A: 21 09 26 30 | 01
#0384-d162 @A: 17 21 12 33 | 12
#0385-d162 @A: 07 27 31 18 | 06
#0386-d162 @A: 09 31 27 10 | 02
#0387-d162 @A: 35 26 10 27 | 03
#0388-d162 @A: 14 11 27 09 | 05
#0389-d162 @A: 12 02 32 27 | 07
#0390-d162 @A: 26 33 02 27 | 08
#0391-d162 @A: 29 27 26 32 | 10
#0392-d162 @A: 08 31 19 17 | 09
#0393-d162 @A: 19 31 14 26 | 04
#0394-d162 @A: 07 26 19 08 | 11
#0395-d162 @A: 08 19 10 33 | 01
#0396-d162 @A: 19 30 15 26 | 12
#0397-d162 @A: 25 04 19 15 | 06
#0398-d162 @A: 04 19 17 35 | 02
#0399-d162 @A: 19 12 32 03 | 03
#0400-d162 @A: 19 09 25 12 | 05
#0401-d162 @A: 09 29 18 19 | 07
#0402-d162 @A: 17 31 04 07 | 08
#0403-d162 @A: 33 22 24 31 | 10
#0404-d162 @A: 12 31 09 35 | 09
#0405-d162 @A: 18 14 29 31 | 04
#0406-d162 @A: 04 02 31 32 | 11
#0407-d162 @A: 25 31 02 30 | 01
#0408-d162 @A: 31 17 02 09 | 12
#0409-d162 @A: 30 31 26 24 | 06
#0410-d162 @A: 18 31 30 09 | 02
#0411-d162 @A: 17 33 25 31 | 03
#0412-d162 @A: 07 24 30 22 | 05
#0413-d162 @A: 07 11 30 14 | 07
#0414-d162 @A: 32 33 14 07 | 08
#0415-d162 @A: 03 26 07 32 | 10
#0416-d162 @A: 03 22 32 13 | 09
#0417-d162 @A: 26 08 22 02 | 04
#0418-d162 @A: 11 02 22 09 | 11
#0419-d162 @A: 02 22 29 25 | 01
#0420-d162 @A: 23 12 02 13 | 12
#0421-d162 @A: 29 32 13 09 | 06
#0422-d162 @A: 29 10 32 14 | 02
#0423-d162 @A: 10 25 09 14 | 03
#0424-d162 @A: 26 18 10 14 | 05
#0425-d162 @A: 11 10 25 02 | 07
#0426-d162 @A: 02 23 03 10 | 08
#0427-d162 @A: 24 03 30 10 | 10
#0428-d162 @A: 10 33 12 25 | 09
#0429-d162 @A: 29 15 23 14 | 04
#0430-d162 @A: 33 30 32 15 | 11
#0431-d162 @A: 26 29 12 15 | 01
#0432-d162 @A: 32 08 14 26 | 12
#0433-d162 @A: 23 12 33 08 | 06
#0434-d162 @A: 24 08 33 03 | 02
#0435-d162 @A: 03 14 25 35 | 03
#0436-d162 @A: 33 11 04 35 | 05
#0437-d162 @A: 04 35 03 09 | 07
#0438-d162 @A: 29 02 32 35 | 08
#0439-d162 @A: 01 20 28 29 | 10
#0440-d162 @A: 20 06 11 28 | 09
#0441-d162 @A: 34 12 17 20 | 04
#0442-d162 @A: 25 10 16 20 | 11
#0443-d162 @A: 01 10 20 06 | 01
#0444-d162 @A: 20 19 05 11 | 12
#0445-d162 @A: 27 31 12 20 | 06
#0446-d162 @A: 27 20 24 26 | 02
#0447-d162 @A: 22 15 20 03 | 03
#0448-d162 @A: 04 20 14 13 | 05
#0449-d162 @A: 12 14 18 20 | 07
#0450-d162 @A: 11 23 20 24 | 08
#0451-d162 @A: 25 20 12 11 | 10
#0452-d162 @A: 09 20 29 23 | 09
#0453-d162 @A: 20 12 02 03 | 04
#0454-d162 @A: 34 32 13 28 | 11
#0455-d162 @A: 18 13 16 28 | 01
#0456-d162 @A: 02 01 31 28 | 12
#0457-d162 @A: 21 05 09 28 | 06
#0458-d162 @A: 21 18 28 06 | 02
#0459-d162 @A: 06 10 17 28 | 03
#0460-d162 @A: 02 06 33 28 | 05
#0461-d162 @A: 28 21 19 26 | 07
#0462-d162 @A: 28 33 15 27 | 08
#0463-d162 @A: 04 27 28 30 | 10
#0464-d162 @A: 10 28 31 14 | 09
#0465-d162 @A: 14 28 25 32 | 04
#0466-d162 @A: 26 11 28 29 | 11
#0467-d162 @A: 31 16 17 34 | 01
#0468-d162 @A: 16 30 09 34 | 12
#0469-d162 @A: 01 34 07 18 | 06
#0470-d162 @A: 27 34 25 05 | 02
#0471-d162 @A: 32 34 19 05 | 03
#0472-d162 @A: 18 31 34 05 | 05
#0473-d162 @A: 14 34 06 15 | 07
#0474-d162 @A: 14 31 34 27 | 08
#0475-d162 @A: 34 12 31 13 | 10
#0476-d162 @A: 07 32 34 35 | 09
#0477-d162 @A: 04 07 34 29 | 04
#0478-d162 @A: 23 18 11 34 | 11
#0479-d162 @A: 25 23 34 17 | 01
#0480-d162 @A: 26 25 34 03 | 12
#0481-d162 @A: 32 24 34 17 | 06
#0482-d162 @A: 24 30 34 33 | 02
#0483-d162 @A: 22 25 06 16 | 03
#0484-d162 @A: 15 16 06 04 | 05
#0485-d162 @A: 27 16 08 12 | 07
#0486-d162 @A: 22 07 16 23 | 08
#0487-d162 @A: 16 14 15 07 | 10
#0488-d162 @A: 22 04 16 14 | 09
#0489-d162 @A: 15 32 13 16 | 04
#0490-d162 @A: 10 35 16 11 | 11
#0491-d162 @A: 35 04 23 16 | 01
#0492-d162 @A: 14 12 02 16 | 12
#0493-d162 @A: 16 04 18 30 | 06
#0494-d162 @A: 01 05 31 03 | 02
#0495-d162 @A: 11 01 08 05 | 03
#0496-d162 @A: 13 21 01 25 | 05
#0497-d162 @A: 29 01 10 27 | 07
#0498-d162 @A: 11 27 01 23 | 08
#0499-d162 @A: 19 10 01 17 | 10
#0500-d162 @A: 32 14 01 19 | 09
#0501-d162 @A: 04 14 01 15 | 04
#0502-d162 @A: 12 30 01 02 | 11
#0503-d162 @A: 26 12 01 18 | 01
#0504-d162 @A: 17 01 12 09 | 12
#0505-d162 @A: 31 09 08 05 | 06
#0506-d162 @A: 08 07 24 05 | 02
#0507-d162 @A: 05 22 26 04 | 03
#0508-d162 @A: 14 05 32 11 | 05
#0509-d162 @A: 17 05 12 23 | 07
#0510-d162 @A: 30 18 03 05 | 08
#0511-d162 @A: 05 30 26 02 | 10
#0512-d162 @A: 18 05 04 24 | 09
#0513-d162 @A: 31 21 06 24 | 04
#0514-d162 @A: 22 06 27 12 | 11
#0515-d162 @A: 25 19 06 31 | 01
#0516-d162 @A: 07 29 22 06 | 12
#0517-d162 @A: 15 06 13 17 | 06
#0518-d162 @A: 25 08 13 06 | 02
#0519-d162 @A: 32 14 06 03 | 03
#0520-d162 @A: 06 32 03 04 | 05
#0521-d162 @A: 18 06 33 30 | 07
#0522-d162 @A: 21 11 35 31 | 08
#0523-d162 @A: 21 10 07 18 | 10
#0524-d162 @A: 08 17 13 21 | 09
#0525-d162 @A: 02 13 21 30 | 04
#0526-d162 @A: 04 21 29 13 | 11
#0527-d162 @A: 21 14 35 10 | 01
#0528-d162 @A: 24 25 21 08 | 12
#0529-d162 @A: 21 26 29 02 | 06
#0530-d162 @A: 21 04 32 09 | 02
#0531-d162 @A: 22 27 35 23 | 03
#0532-d162 @A: 13 32 10 27 | 05
#0533-d162 @A: 12 03 27 13 | 07
#0534-d162 @A: 25 15 30 27 | 08
#0535-d162 @A: 24 27 23 30 | 10
#0536-d162 @A: 31 15 19 32 | 09
#0537-d162 @A: 35 31 19 33 | 04
#0538-d162 @A: 17 32 19 22 | 11
#0539-d162 @A: 30 10 09 19 | 01
#0540-d162 @A: 19 17 35 15 | 12
#0541-d162 @A: 32 19 26 23 | 06
#0542-d162 @A: 32 33 24 19 | 02
#0543-d162 @A: 19 30 12 24 | 03
#0544-d162 @A: 12 14 31 11 | 05
#0545-d162 @A: 31 09 03 11 | 07
#0546-d162 @A: 32 30 11 31 | 08
#0547-d162 @A: 31 17 18 32 | 10
#0548-d162 @A: 26 31 25 12 | 09
#0549-d162 @A: 10 08 14 07 | 04
#0550-d162 @A: 07 02 15 29 | 11
#0551-d162 @A: 11 24 07 03 | 01
#0552-d162 @A: 07 29 11 17 | 12
#0553-d162 @A: 25 07 32 24 | 06
#0554-d162 @A: 07 33 09 26 | 02
#0555-d162 @A: 07 09 04 26 | 03
#0556-d162 @A: 15 10 22 09 | 05
#0557-d162 @A: 24 12 22 10 | 07
#0558-d162 @A: 24 32 22 14 | 08
#0559-d162 @A: 03 25 22 23 | 10
#0560-d162 @A: 33 04 23 22 | 09
#0561-d162 @A: 24 23 22 26 | 04
#0562-d162 @A: 12 32 25 22 | 11
#0563-d162 @A: 13 11 15 08 | 01
#0564-d162 @A: 02 23 13 04 | 12
#0565-d162 @A: 35 30 15 10 | 06
#0566-d162 @A: 11 17 30 10 | 02
#0567-d162 @A: 32 10 23 12 | 03
#0568-d162 @A: 25 32 10 30 | 05
#0569-d162 @A: 10 24 18 33 | 07
#0570-d162 @A: 09 08 15 12 | 08
#0571-d162 @A: 24 17 11 15 | 10
#0572-d162 @A: 04 15 02 09 | 09
#0573-d162 @A: 08 35 02 24 | 04
#0574-d162 @A: 30 08 35 12 | 11
#0575-d162 @A: 14 08 11 04 | 01
#0576-d162 @A: 02 14 08 23 | 12
#0577-d162 @A: 14 08 24 29 | 06
#0578-d162 @A: 11 33 29 08 | 02
#0579-d162 @A: 03 09 29 08 | 03
#0580-d162 @A: 08 17 30 24 | 05
#0581-d162 @A: 35 26 03 30 | 07
#0582-d162 @A: 29 35 24 18 | 08
#0583-d162 @A: 30 26 04 11 | 10
#0584-d162 @A: 28 20 24 35 | 09
#0585-d162 @A: 11 31 01 20 | 04
#0586-d162 @A: 10 05 20 17 | 11
#0587-d162 @A: 20 27 06 30 | 01
#0588-d162 @A: 27 21 20 18 | 12
#0589-d162 @A: 19 20 14 21 | 06
#0590-d162 @A: 21 11 13 20 | 02
#0591-d162 @A: 04 21 02 20 | 03
#0592-d162 @A: 27 32 20 19 | 05
#0593-d162 @A: 27 20 07 15 | 07
#0594-d162 @A: 04 35 20 31 | 08
#0595-d162 @A: 29 20 07 10 | 10
#0596-d162 @A: 10 08 04 20 | 09
#0597-d162 @A: 08 20 25 15 | 04
#0598-d162 @A: 20 15 23 35 | 11
#0599-d162 @A: 23 14 20 03 | 01
#0600-d162 @A: 20 23 02 32 | 12
#0601-d162 @A: 03 34 21 28 | 06
#0602-d162 @A: 19 25 28 34 | 02
#0603-d162 @A: 17 34 28 35 | 03
#0604-d162 @A: 34 04 28 24 | 05
#0605-d162 @A: 12 06 28 16 | 07
#0606-d162 @A: 22 06 28 23 | 08
#0607-d162 @A: 10 28 21 11 | 10
#0608-d162 @A: 28 25 10 27 | 09
#0609-d162 @A: 19 18 28 22 | 04
#0610-d162 @A: 22 35 28 12 | 11
#0611-d162 @A: 10 28 26 13 | 01
#0612-d162 @A: 26 23 28 30 | 12
#0613-d162 @A: 03 18 24 28 | 06
#0614-d162 @A: 28 17 32 02 | 02
#0615-d162 @A: 16 07 33 34 | 03
#0616-d162 @A: 02 34 15 16 | 05
#0617-d162 @A: 34 08 35 16 | 07
#0618-d162 @A: 34 01 02 21 | 08
#0619-d162 @A: 34 09 31 01 | 10
#0620-d162 @A: 01 24 34 08 | 09
#0621-d162 @A: 22 24 34 06 | 04
#0622-d162 @A: 23 34 22 21 | 11
#0623-d162 @A: 21 08 32 34 | 01
#0624-d162 @A: 14 34 30 21 | 12
#0625-d162 @A: 12 34 19 35 | 06
#0626-d162 @A: 34 22 25 15 | 02
#0627-d162 @A: 11 22 08 34 | 03
#0628-d162 @A: 22 30 35 34 | 05
#0629-d162 @A: 14 13 34 25 | 07
#0630-d162 @A: 02 18 34 10 | 08
#0631-d162 @A: 24 34 35 23 | 10
#0632-d162 @A: 03 34 04 30 | 09
#0633-d162 @A: 24 29 03 34 | 04
#0634-d162 @A: 04 25 34 09 | 11
#0635-d162 @A: 25 11 16 01 | 01
#0636-d162 @A: 16 29 21 13 | 12
#0637-d162 @A: 19 27 16 14 | 06
#0638-d162 @A: 13 07 12 16 | 02
#0639-d162 @A: 16 15 24 30 | 03
#0640-d162 @A: 03 09 12 16 | 05
#0641-d162 @A: 24 17 12 16 | 07
#0642-d162 @A: 21 05 01 33 | 08
#0643-d162 @A: 01 12 21 31 | 10
#0644-d162 @A: 08 26 01 21 | 09
#0645-d162 @A: 31 01 27 30 | 04
#0646-d162 @A: 19 02 01 24 | 11
#0647-d162 @A: 01 14 03 12 | 01
#0648-d162 @A: 11 01 30 03 | 12
#0649-d162 @A: 01 26 32 30 | 06
#0650-d162 @A: 26 24 01 04 | 02
#0651-d162 @A: 05 27 06 04 | 03
#0652-d162 @A: 25 21 05 31 | 05
#0653-d162 @A: 26 05 08 27 | 07
#0654-d162 @A: 09 05 22 19 | 08
#0655-d162 @A: 26 35 05 19 | 10
#0656-d162 @A: 29 02 18 05 | 09
#0657-d162 @A: 05 25 18 24 | 04
#0658-d162 @A: 06 21 04 12 | 11
#0659-d162 @A: 11 22 06 10 | 01
#0660-d162 @A: 24 06 08 10 | 12
#0661-d162 @A: 09 10 26 06 | 06
#0662-d162 @A: 12 23 06 03 | 02
#0663-d162 @A: 04 06 33 23 | 03
#0664-d162 @A: 30 06 02 24 | 05
#0665-d162 @A: 06 17 32 25 | 07
#0666-d162 @A: 32 27 31 21 | 08
#0667-d162 @A: 27 11 21 02 | 10
#0668-d162 @A: 13 33 03 21 | 09
#0669-d162 @A: 10 15 21 24 | 04
#0670-d162 @A: 04 23 21 24 | 11
#0671-d162 @A: 07 11 27 13 | 01
#0672-d162 @A: 07 10 24 27 | 12
#0673-d162 @A: 22 18 27 10 | 06
#0674-d162 @A: 14 27 30 12 | 02
#0675-d162 @A: 18 02 27 03 | 03
#0676-d162 @A: 32 03 27 17 | 05
#0677-d162 @A: 27 09 32 30 | 07
#0678-d162 @A: 18 17 27 24 | 08
#0679-d162 @A: 19 10 03 07 | 10
#0680-d162 @A: 02 33 19 04 | 09
#0681-d162 @A: 22 31 15 18 | 04
#0682-d162 @A: 25 31 11 15 | 11
#0683-d162 @A: 26 33 15 31 | 01
#0684-d162 @A: 18 31 12 08 | 12
#0685-d162 @A: 04 31 11 24 | 06
#0686-d162 @A: 31 12 29 23 | 02
#0687-d162 @A: 24 31 12 02 | 03
#0688-d162 @A: 33 12 31 32 | 05
#0689-d162 @A: 23 07 02 11 | 07
#0690-d162 @A: 09 32 11 07 | 08
#0691-d162 @A: 09 17 07 03 | 10
#0692-d162 @A: 04 07 32 33 | 09
#0693-d162 @A: 10 35 22 25 | 04
#0694-d162 @A: 22 24 17 25 | 11
#0695-d162 @A: 13 15 10 14 | 01
#0696-d162 @A: 13 35 15 02 | 12
#0697-d162 @A: 23 33 13 18 | 06
#0698-d162 @A: 02 32 18 13 | 02
#0699-d162 @A: 17 33 13 09 | 03
#0700-d162 @A: 33 04 17 13 | 05
#0701-d162 @A: 18 12 13 29 | 07
#0702-d162 @A: 10 04 26 14 | 08
#0703-d162 @A: 10 17 24 23 | 10
#0704-d162 @A: 03 29 25 10 | 09
#0705-d162 @A: 14 11 15 33 | 04
#0706-d162 @A: 11 09 30 15 | 11
#0707-d162 @A: 24 15 25 12 | 01
#0708-d162 @A: 08 17 29 35 | 12
#0709-d162 @A: 30 02 08 09 | 06
#0710-d162 @A: 32 29 18 08 | 02
#0711-d162 @A: 33 30 08 04 | 03
#0712-d162 @A: 33 09 08 25 | 05
#0713-d162 @A: 02 35 18 14 | 07
#0714-d162 @A: 04 24 09 30 | 08
#0715-d162 @A: 03 28 20 32 | 10
#0716-d162 @A: 20 06 21 34 | 09
#0717-d162 @A: 34 27 20 29 | 04
#0718-d162 @A: 26 35 34 20 | 11
#0719-d162 @A: 20 24 08 16 | 01
#0720-d162 @A: 30 01 20 05 | 12
#0721-d162 @A: 32 20 05 31 | 06
#0722-d162 @A: 20 29 13 05 | 02
#0723-d162 @A: 19 20 06 12 | 03
#0724-d162 @A: 07 20 06 04 | 05
#0725-d162 @A: 24 20 18 22 | 07
#0726-d162 @A: 25 20 35 13 | 08
#0727-d162 @A: 25 24 20 14 | 10
#0728-d162 @A: 20 23 26 04 | 09
#0729-d162 @A: 20 09 03 26 | 04
#0730-d162 @A: 25 26 20 33 | 11
#0731-d162 @A: 34 26 28 06 | 01
#0732-d162 @A: 15 28 34 18 | 12
#0733-d162 @A: 12 34 08 28 | 06
#0734-d162 @A: 23 28 16 31 | 02
#0735-d162 @A: 01 06 28 32 | 03
#0736-d162 @A: 01 22 28 09 | 05
#0737-d162 @A: 28 31 12 05 | 07
#0738-d162 @A: 25 02 28 05 | 08
#0739-d162 @A: 06 29 28 13 | 10
#0740-d162 @A: 27 28 02 19 | 09
#0741-d162 @A: 29 28 27 09 | 04
#0742-d162 @A: 28 32 08 19 | 11
#0743-d162 @A: 04 03 13 28 | 01
#0744-d162 @A: 26 14 28 12 | 12
#0745-d162 @A: 28 09 02 26 | 06
#0746-d162 @A: 05 34 08 17 | 02
#0747-d162 @A: 12 05 02 34 | 03
#0748-d162 @A: 19 06 33 34 | 05
#0749-d162 @A: 34 03 06 07 | 07
#0750-d162 @A: 35 02 34 06 | 08
#0751-d162 @A: 21 19 24 34 | 10
#0752-d162 @A: 15 34 07 21 | 09
#0753-d162 @A: 33 35 21 34 | 04
#0754-d162 @A: 03 31 19 34 | 11
#0755-d162 @A: 07 29 19 34 | 01
#0756-d162 @A: 14 19 08 34 | 12
#0757-d162 @A: 10 31 24 34 | 06
#0758-d162 @A: 07 34 11 10 | 02
#0759-d162 @A: 07 02 09 34 | 03
#0760-d162 @A: 22 14 34 12 | 05
#0761-d162 @A: 11 35 34 15 | 07
#0762-d162 @A: 32 30 34 23 | 08
#0763-d162 @A: 02 24 25 34 | 10
#0764-d162 @A: 24 26 09 34 | 09
#0765-d162 @A: 16 08 01 33 | 04
#0766-d162 @A: 10 06 30 16 | 11
#0767-d162 @A: 06 24 16 18 | 01
#0768-d162 @A: 21 24 16 07 | 12
#0769-d162 @A: 16 25 07 31 | 06
#0770-d162 @A: 22 16 33 12 | 02
#0771-d162 @A: 24 16 13 04 | 03
#0772-d162 @A: 16 24 10 14 | 05
#0773-d162 @A: 33 26 10 16 | 07
#0774-d162 @A: 16 17 14 11 | 08
#0775-d162 @A: 23 14 18 16 | 10
#0776-d162 @A: 02 30 16 11 | 09
#0777-d162 @A: 11 12 16 29 | 04
#0778-d162 @A: 02 27 01 05 | 11
#0779-d162 @A: 01 05 07 04 | 01
#0780-d162 @A: 01 14 07 27 | 12
#0781-d162 @A: 27 18 15 01 | 06
#0782-d162 @A: 03 01 19 15 | 02
#0783-d162 @A: 01 22 18 08 | 03
#0784-d162 @A: 01 11 35 13 | 05
#0785-d162 @A: 01 18 09 13 | 07
#0786-d162 @A: 01 30 10 14 | 08
#0787-d162 @A: 35 26 01 02 | 10
#0788-d162 @A: 01 24 25 23 | 09
#0789-d162 @A: 04 32 17 01 | 04
#0790-d162 @A: 01 29 33 12 | 11
#0791-d162 @A: 06 05 21 11 | 01
#0792-d162 @A: 32 05 13 21 | 12
#0793-d162 @A: 05 35 03 27 | 06
#0794-d162 @A: 14 03 19 05 | 02
#0795-d162 @A: 07 15 05 18 | 03
#0796-d162 @A: 35 05 10 24 | 05
#0797-d162 @A: 05 08 35 15 | 07
#0798-d162 @A: 15 32 09 05 | 08
#0799-d162 @A: 05 23 30 14 | 10
#0800-d162 @A: 25 26 05 32 | 09
#0801-d162 @A: 25 30 17 05 | 04
#0802-d162 @A: 33 09 30 05 | 11
#0803-d162 @A: 21 26 06 07 | 01
#0804-d162 @A: 15 27 09 06 | 12
#0805-d162 @A: 26 17 27 06 | 06
#0806-d162 @A: 23 06 17 31 | 02
#0807-d162 @A: 06 02 04 31 | 03
#0808-d162 @A: 07 12 08 06 | 05
#0809-d162 @A: 24 21 22 27 | 07
#0810-d162 @A: 02 15 19 21 | 08
#0811-d162 @A: 21 19 11 08 | 10
#0812-d162 @A: 08 29 21 31 | 09
#0813-d162 @A: 21 29 23 25 | 04
#0814-d162 @A: 18 02 21 17 | 11
#0815-d162 @A: 33 25 18 21 | 01
#0816-d162 @A: 04 21 25 26 | 12
#0817-d162 @A: 19 27 12 04 | 06
#0818-d162 @A: 27 26 09 19 | 02
#0819-d162 @A: 31 29 24 27 | 03
#0820-d162 @A: 27 02 07 35 | 05
#0821-d162 @A: 27 13 25 22 | 07
#0822-d162 @A: 13 15 29 27 | 08
#0823-d162 @A: 35 04 24 27 | 10
#0824-d162 @A: 27 11 30 33 | 09
#0825-d162 @A: 23 27 29 18 | 04
#0826-d162 @A: 18 30 27 26 | 11
#0827-d162 @A: 29 27 17 33 | 01
#0828-d162 @A: 04 09 27 33 | 12
#0829-d162 @A: 04 19 31 08 | 06
#0830-d162 @A: 13 12 33 19 | 02
#0831-d162 @A: 19 14 04 30 | 03
#0832-d162 @A: 11 30 25 19 | 05
#0833-d162 @A: 02 15 31 10 | 07
#0834-d162 @A: 14 23 31 25 | 08
#0835-d162 @A: 31 12 17 03 | 10
#0836-d162 @A: 31 04 33 26 | 09
#0837-d162 @A: 03 22 07 08 | 04
#0838-d162 @A: 25 10 13 07 | 11
#0839-d162 @A: 18 08 33 07 | 01
#0840-d162 @A: 35 07 04 30 | 12
#0841-d162 @A: 33 25 30 07 | 06
#0842-d162 @A: 13 12 22 08 | 02
#0843-d162 @A: 24 13 22 09 | 03
#0844-d162 @A: 35 04 15 22 | 05
#0845-d162 @A: 13 32 17 14 | 07
#0846-d162 @A: 03 13 11 26 | 08
#0847-d162 @A: 32 13 11 04 | 10
#0848-d162 @A: 25 03 17 13 | 09
#0849-d162 @A: 29 25 24 13 | 04
#0850-d162 @A: 30 02 10 33 | 11
#0851-d162 @A: 29 10 30 12 | 01
#0852-d162 @A: 15 03 02 09 | 12
#0853-d162 @A: 03 29 15 30 | 06
#0854-d162 @A: 23 35 08 03 | 02
#0855-d162 @A: 29 02 12 08 | 03
#0856-d162 @A: 30 26 33 08 | 05
#0857-d162 @A: 09 18 08 24 | 07
#0858-d162 @A: 35 23 09 11 | 08
#0859-d162 @A: 32 12 35 17 | 10
#0860-d162 @A: 19 20 28 33 | 09
#0861-d162 @A: 14 15 28 20 | 04
#0862-d162 @A: 22 34 31 20 | 11
#0863-d162 @A: 08 20 34 30 | 01
#0864-d162 @A: 04 29 05 20 | 12
#0865-d162 @A: 22 20 09 06 | 06
#0866-d162 @A: 20 21 02 22 | 02
#0867-d162 @A: 21 35 20 03 | 03
#0868-d162 @A: 14 33 27 20 | 05
#0869-d162 @A: 19 15 20 24 | 07
#0870-d162 @A: 07 33 20 35 | 08
#0871-d162 @A: 20 10 09 13 | 10
#0872-d162 @A: 10 08 20 02 | 09
#0873-d162 @A: 26 32 20 11 | 04
#0874-d162 @A: 18 32 33 20 | 11
#0875-d162 @A: 30 01 28 19 | 01
#0876-d162 @A: 12 15 28 01 | 12
#0877-d162 @A: 28 01 33 35 | 06
#0878-d162 @A: 35 05 23 28 | 02
#0879-d162 @A: 35 06 25 28 | 03
#0880-d162 @A: 21 29 22 28 | 05
#0881-d162 @A: 31 27 28 11 | 07
#0882-d162 @A: 30 28 08 31 | 08
#0883-d162 @A: 33 03 28 31 | 10
#0884-d162 @A: 18 11 28 07 | 09
#0885-d162 @A: 25 13 12 28 | 04
#0886-d162 @A: 33 28 12 18 | 11
#0887-d162 @A: 34 06 16 29 | 01
#0888-d162 @A: 34 16 26 22 | 12
#0889-d162 @A: 34 21 12 11 | 06
#0890-d162 @A: 03 27 22 34 | 02
#0891-d162 @A: 34 22 29 13 | 03
#0892-d162 @A: 34 02 17 03 | 05
#0893-d162 @A: 09 32 03 34 | 07
#0894-d162 @A: 33 12 26 34 | 08
#0895-d162 @A: 16 05 27 09 | 10
#0896-d162 @A: 30 05 16 13 | 09
#0897-d162 @A: 05 18 16 35 | 04
#0898-d162 @A: 08 14 16 06 | 11
#0899-d162 @A: 31 04 16 21 | 01
#0900-d162 @A: 14 16 32 21 | 12
#0901-d162 @A: 16 26 11 27 | 06
#0902-d162 @A: 19 07 18 16 | 02
#0903-d162 @A: 33 29 19 16 | 03
#0904-d162 @A: 10 07 09 16 | 05
#0905-d162 @A: 22 09 16 08 | 07
#0906-d162 @A: 08 23 16 13 | 08
#0907-d162 @A: 15 29 08 16 | 10
#0908-d162 @A: 04 08 16 09 | 09
#0909-d162 @A: 16 26 09 14 | 04
#0910-d162 @A: 16 24 29 23 | 11
#0911-d162 @A: 16 25 24 03 | 01
#0912-d162 @A: 26 18 32 16 | 12
#0913-d162 @A: 30 16 26 17 | 06
#0914-d162 @A: 01 13 05 17 | 02
#0915-d162 @A: 06 02 01 07 | 03
#0916-d162 @A: 06 14 01 35 | 05
#0917-d162 @A: 01 04 19 13 | 07
#0918-d162 @A: 09 19 01 33 | 08
#0919-d162 @A: 10 01 25 31 | 10
#0920-d162 @A: 17 15 31 01 | 09
#0921-d162 @A: 01 07 25 22 | 04
#0922-d162 @A: 08 14 01 13 | 11
#0923-d162 @A: 14 01 24 33 | 01
#0924-d162 @A: 01 17 23 03 | 12
#0925-d162 @A: 32 27 06 05 | 06
#0926-d162 @A: 19 06 29 05 | 02
#0927-d162 @A: 19 30 07 05 | 03
#0928-d162 @A: 22 05 26 31 | 05
#0929-d162 @A: 11 05 35 22 | 07
#0930-d162 @A: 22 05 03 12 | 08
#0931-d162 @A: 26 13 15 05 | 10
#0932-d162 @A: 35 05 13 12 | 09
#0933-d162 @A: 05 02 14 10 | 04
#0934-d162 @A: 05 03 17 33 | 11
#0935-d162 @A: 15 06 25 21 | 01
#0936-d162 @A: 19 06 10 02 | 12
#0937-d162 @A: 18 31 06 10 | 06
#0938-d162 @A: 07 14 06 23 | 02
#0939-d162 @A: 13 03 06 18 | 03
#0940-d162 @A: 25 12 02 06 | 05
#0941-d162 @A: 26 29 06 04 | 07
#0942-d162 @A: 07 21 25 27 | 08
#0943-d162 @A: 21 27 09 08 | 10
#0944-d162 @A: 27 14 04 21 | 09
#0945-d162 @A: 21 19 35 09 | 04
#0946-d162 @A: 19 21 29 12 | 11
#0947-d162 @A: 07 03 31 21 | 01
#0948-d162 @A: 21 17 22 07 | 12
#0949-d162 @A: 29 08 27 07 | 06
#0950-d162 @A: 15 03 27 11 | 02
#0951-d162 @A: 27 03 33 23 | 03
#0952-d162 @A: 25 27 32 23 | 05
#0953-d162 @A: 02 19 13 07 | 07
#0954-d162 @A: 19 07 35 14 | 08
#0955-d162 @A: 19 10 11 32 | 10
#0956-d162 @A: 08 23 19 24 | 09
#0957-d162 @A: 14 19 30 17 | 04
#0958-d162 @A: 33 19 25 03 | 11
#0959-d162 @A: 17 02 19 29 | 01
#0960-d162 @A: 09 18 19 04 | 12
#0961-d162 @A: 08 23 07 31 | 06
#0962-d162 @A: 07 26 31 35 | 02
#0963-d162 @A: 10 15 04 31 | 03
#0964-d162 @A: 15 31 29 35 | 05
#0965-d162 @A: 18 33 11 31 | 07
#0966-d162 @A: 23 31 24 18 | 08
#0967-d162 @A: 24 07 13 35 | 10
#0968-d162 @A: 18 35 07 12 | 09
#0969-d162 @A: 25 02 14 07 | 04
#0970-d162 @A: 33 02 03 07 | 11
#0971-d162 @A: 12 22 04 13 | 01
#0972-d162 @A: 22 08 10 29 | 12
#0973-d162 @A: 29 26 35 22 | 06
#0974-d162 @A: 26 22 14 11 | 02
#0975-d162 @A: 14 22 30 29 | 03
#0976-d162 @A: 09 18 22 23 | 05
#0977-d162 @A: 18 22 26 33 | 07
#0978-d162 @A: 18 25 15 13 | 08
#0979-d162 @A: 13 11 14 02 | 10
#0980-d162 @A: 24 02 17 13 | 09
#0981-d162 @A: 12 17 30 13 | 04
#0982-d162 @A: 03 10 11 14 | 11
#0983-d162 @A: 24 10 04 02 | 01
#0984-d162 @A: 12 10 02 09 | 12
#0985-d162 @A: 26 15 14 03 | 06
#0986-d162 @A: 04 15 17 03 | 02
#0987-d162 @A: 09 15 18 33 | 03
#0988-d162 @A: 08 03 26 18 | 05
#0989-d162 @A: 29 30 25 08 | 07
#0990-d162 @A: 17 08 26 04 | 08
#0991-d162 @A: 12 23 25 35 | 10
#0992-d162 @A: 25 35 33 29 | 09
#0993-d162 @A: 14 32 29 04 | 04
#0994-d162 @A: 25 04 03 33 | 11
#0995-d162 @A: 20 05 27 28 | 01
#0996-d162 @A: 28 26 22 20 | 12
#0997-d162 @A: 20 05 34 03 | 06
#0998-d162 @A: 34 32 15 20 | 02
#0999-d162 @A: 17 34 04 20 | 03
#1000-d162 @A: 16 07 03 20 | 05
#1001-d162 @A: 25 32 01 20 | 07
#1002-d162 @A: 05 24 20 21 | 08
#1003-d162 @A: 07 20 32 17 | 10
#1004-d162 @A: 32 20 24 10 | 09
#1005-d162 @A: 08 09 14 20 | 04
#1006-d162 @A: 29 20 11 02 | 11
#1007-d162 @A: 33 03 20 29 | 01
#1008-d162 @A: 20 30 12 33 | 12
#1009-d162 @A: 14 16 34 28 | 06
#1010-d162 @A: 28 34 33 05 | 02
#1011-d162 @A: 28 05 22 16 | 03
#1012-d162 @A: 02 28 07 16 | 05
#1013-d162 @A: 26 28 27 01 | 07
#1014-d162 @A: 28 19 29 04 | 08
#1015-d162 @A: 28 13 31 09 | 10
#1016-d162 @A: 04 28 31 23 | 09
#1017-d162 @A: 10 07 28 12 | 04
#1018-d162 @A: 08 15 28 02 | 11
#1019-d162 @A: 29 28 15 24 | 01
#1020-d162 @A: 28 08 11 14 | 12
#1021-d162 @A: 28 26 35 04 | 06
#1022-d162 @A: 28 29 02 14 | 02
#1023-d162 @A: 30 09 28 17 | 03
#1024-d162 @A: 28 33 26 24 | 05
#1025-d162 @A: 01 03 34 35 | 07
#1026-d162 @A: 34 27 11 06 | 08
#1027-d162 @A: 25 06 10 34 | 10
#1028-d162 @A: 12 07 34 27 | 09
#1029-d162 @A: 26 13 34 27 | 04
#1030-d162 @A: 34 33 31 08 | 11
#1031-d162 @A: 32 18 22 34 | 01
#1032-d162 @A: 08 03 34 10 | 12
#1033-d162 @A: 18 03 14 34 | 06
#1034-d162 @A: 12 30 03 34 | 02
#1035-d162 @A: 18 34 04 32 | 03
#1036-d162 @A: 16 10 23 05 | 05
#1037-d162 @A: 16 14 29 05 | 07
#1038-d162 @A: 16 19 15 25 | 08
#1039-d162 @A: 16 19 23 35 | 10
#1040-d162 @A: 33 15 16 35 | 09
#1041-d162 @A: 33 03 16 14 | 04
#1042-d162 @A: 12 23 30 16 | 11
#1043-d162 @A: 32 16 30 03 | 01
#1044-d162 @A: 17 16 33 32 | 12
#1045-d162 @A: 04 25 16 29 | 06
#1046-d162 @A: 24 33 09 16 | 02
#1047-d162 @A: 01 06 05 09 | 03
#1048-d162 @A: 01 25 05 12 | 05
#1049-d162 @A: 13 06 01 27 | 07
#1050-d162 @A: 35 07 01 17 | 08
#1051-d162 @A: 23 01 07 32 | 10
#1052-d162 @A: 01 17 30 22 | 09
#1053-d162 @A: 01 02 13 10 | 04
#1054-d162 @A: 32 13 01 12 | 11
#1055-d162 @A: 30 13 01 33 | 01
#1056-d162 @A: 23 09 30 01 | 12
#1057-d162 @A: 05 07 31 06 | 06
#1058-d162 @A: 08 14 05 21 | 02
#1059-d162 @A: 11 27 17 05 | 03
#1060-d162 @A: 05 35 30 31 | 05
#1061-d162 @A: 25 05 04 10 | 07
#1062-d162 @A: 05 17 29 32 | 08
#1063-d162 @A: 06 33 08 21 | 10
#1064-d162 @A: 23 21 35 06 | 09
#1065-d162 @A: 06 19 07 24 | 04
#1066-d162 @A: 04 09 13 06 | 11
#1067-d162 @A: 06 33 29 15 | 01
#1068-d162 @A: 26 14 06 29 | 12
#1069-d162 @A: 14 21 13 27 | 06
#1070-d162 @A: 21 27 10 12 | 02
#1071-d162 @A: 25 19 10 21 | 03
#1072-d162 @A: 21 30 35 07 | 05
#1073-d162 @A: 13 35 21 26 | 07
#1074-d162 @A: 30 15 21 23 | 08
#1075-d162 @A: 17 09 14 21 | 10
#1076-d162 @A: 18 11 21 26 | 09
#1077-d162 @A: 32 18 24 21 | 04
#1078-d162 @A: 27 35 31 17 | 11
#1079-d162 @A: 24 27 13 08 | 01
#1080-d162 @A: 27 04 13 08 | 12
#1081-d162 @A: 15 10 17 27 | 06
#1082-d162 @A: 35 18 27 33 | 02
#1083-d162 @A: 27 23 17 14 | 03
#1084-d162 @A: 11 18 27 12 | 05
#1085-d162 @A: 03 27 02 04 | 07
#1086-d162 @A: 25 17 12 27 | 08
#1087-d162 @A: 11 22 19 03 | 10
#1088-d162 @A: 19 10 13 24 | 09
#1089-d162 @A: 10 15 29 19 | 04
#1090-d162 @A: 24 35 25 19 | 11
#1091-d162 @A: 19 32 02 09 | 01
#1092-d162 @A: 18 25 19 32 | 12
#1093-d162 @A: 19 26 25 17 | 06
#1094-d162 @A: 18 19 17 33 | 02
#1095-d162 @A: 22 17 31 13 | 03
#1096-d162 @A: 25 13 31 32 | 05
#1097-d162 @A: 10 31 35 32 | 07
#1098-d162 @A: 30 31 23 03 | 08
#1099-d162 @A: 24 09 31 25 | 10
#1100-d162 @A: 09 14 07 18 | 09
#1101-d162 @A: 09 07 14 04 | 04
#1102-d162 @A: 07 25 26 11 | 11
#1103-d162 @A: 07 12 11 33 | 01
#1104-d162 @A: 13 35 33 22 | 12
#1105-d162 @A: 08 15 22 33 | 06
#1106-d162 @A: 03 08 22 04 | 02
#1107-d162 @A: 14 03 09 22 | 03
#1108-d162 @A: 11 25 22 18 | 05
#1109-d162 @A: 24 11 29 22 | 07
#1110-d162 @A: 26 03 22 17 | 08
#1111-d162 @A: 29 22 12 09 | 10
#1112-d162 @A: 29 17 13 10 | 09
#1113-d162 @A: 23 13 32 11 | 04
#1114-d162 @A: 04 11 10 09 | 11
#1115-d162 @A: 24 15 12 04 | 01
#1116-d162 @A: 04 02 08 29 | 12
#1117-d162 @A: 23 35 14 32 | 06
#1118-d162 @A: 14 30 35 24 | 02
#1119-d162 @A: 23 18 17 35 | 03
#1120-d162 @A: 18 03 35 32 | 05
#1121-d162 @A: 12 33 02 35 | 07
#1122-d162 @A: 26 18 35 09 | 08
#1123-d162 @A: 24 17 04 14 | 10
#1124-d162 @A: 03 23 12 04 | 09
#1125-d162 @A: 30 04 25 02 | 04
#1126-d162 @A: 28 16 30 20 | 11
#1127-d162 @A: 21 28 25 20 | 01
#1128-d162 @A: 20 31 28 07 | 12
#1129-d162 @A: 13 20 28 02 | 06
#1130-d162 @A: 20 10 18 28 | 02
#1131-d162 @A: 12 20 23 28 | 03
#1132-d162 @A: 20 16 15 26 | 05
#1133-d162 @A: 01 20 22 04 | 07
#1134-d162 @A: 08 12 20 21 | 08
#1135-d162 @A: 27 20 03 10 | 10
#1136-d162 @A: 02 25 20 27 | 09
#1137-d162 @A: 19 22 20 23 | 04
#1138-d162 @A: 19 20 29 08 | 11
#1139-d162 @A: 20 25 29 31 | 01
#1140-d162 @A: 31 20 17 24 | 12
#1141-d162 @A: 26 07 20 13 | 06
#1142-d162 @A: 13 12 20 15 | 02
#1143-d162 @A: 20 10 35 12 | 03
#1144-d162 @A: 20 30 10 23 | 05
#1145-d162 @A: 20 02 09 18 | 07
#1146-d162 @A: 30 26 20 29 | 08
#1147-d162 @A: 20 12 09 04 | 10
#1148-d162 @A: 02 34 22 28 | 09
#1149-d162 @A: 14 01 21 28 | 04
#1150-d162 @A: 06 24 09 28 | 11
#1151-d162 @A: 17 31 21 28 | 01
#1152-d162 @A: 08 21 28 23 | 12
#1153-d162 @A: 27 22 32 28 | 06
#1154-d162 @A: 19 31 24 28 | 02
#1155-d162 @A: 07 26 28 17 | 03
#1156-d162 @A: 04 28 17 10 | 05
#1157-d162 @A: 09 23 28 25 | 07
#1158-d162 @A: 03 30 28 02 | 08
#1159-d162 @A: 01 13 34 16 | 10
#1160-d162 @A: 19 34 10 16 | 09
#1161-d162 @A: 04 34 16 19 | 04
#1162-d162 @A: 32 12 34 16 | 11
#1163-d162 @A: 01 25 30 34 | 01
#1164-d162 @A: 05 15 30 34 | 12
#1165-d162 @A: 10 34 13 21 | 06
#1166-d162 @A: 27 10 34 04 | 02
#1167-d162 @A: 19 17 34 11 | 03
#1168-d162 @A: 34 31 23 15 | 05
#1169-d162 @A: 34 08 25 07 | 07
#1170-d162 @A: 07 14 34 26 | 08
#1171-d162 @A: 10 34 17 22 | 10
#1172-d162 @A: 14 11 24 34 | 09
#1173-d162 @A: 14 02 34 32 | 04
#1174-d162 @A: 18 29 33 34 | 11
#1175-d162 @A: 06 16 23 01 | 01
#1176-d162 @A: 07 16 11 05 | 12
#1177-d162 @A: 25 16 05 08 | 06
#1178-d162 @A: 13 06 02 16 | 02
#1179-d162 @A: 08 16 21 18 | 03
#1180-d162 @A: 19 16 08 02 | 05
#1181-d162 @A: 07 03 04 16 | 07
#1182-d162 @A: 02 16 25 32 | 08
#1183-d162 @A: 18 16 33 02 | 10
#1184-d162 @A: 04 12 16 17 | 09
#1185-d162 @A: 31 08 01 32 | 04
#1186-d162 @A: 23 31 35 01 | 11
#1187-d162 @A: 10 35 09 01 | 01
#1188-d162 @A: 18 01 32 10 | 12
#1189-d162 @A: 15 08 01 30 | 06
#1190-d162 @A: 01 03 29 32 | 02
#1191-d162 @A: 01 25 17 02 | 03
#1192-d162 @A: 02 08 05 06 | 05
#1193-d162 @A: 06 17 05 35 | 07
#1194-d162 @A: 05 21 23 27 | 08
#1195-d162 @A: 05 10 27 30 | 10
#1196-d162 @A: 04 11 19 05 | 09
#1197-d162 @A: 23 31 13 05 | 04
#1198-d162 @A: 29 07 05 03 | 11
#1199-d162 @A: 08 03 05 13 | 01
#1200-d162 @A: 18 14 05 33 | 12
#1201-d162 @A: 24 05 09 02 | 06
#1202-d162 @A: 05 04 30 12 | 02
#1203-d162 @A: 26 05 33 29 | 03
#1204-d162 @A: 26 17 05 09 | 05
#1205-d162 @A: 27 23 06 08 | 07
#1206-d162 @A: 27 06 29 02 | 08
#1207-d162 @A: 04 19 22 06 | 10
#1208-d162 @A: 26 06 19 13 | 09
#1209-d162 @A: 19 06 23 15 | 04
#1210-d162 @A: 19 09 08 06 | 11
#1211-d162 @A: 03 06 31 29 | 01
#1212-d162 @A: 25 06 09 07 | 12
#1213-d162 @A: 13 10 06 23 | 06
#1214-d162 @A: 33 06 10 35 | 02
#1215-d162 @A: 23 11 26 06 | 03
#1216-d162 @A: 23 18 06 32 | 05
#1217-d162 @A: 06 24 26 12 | 07
#1218-d162 @A: 12 06 17 29 | 08
#1219-d162 @A: 21 15 31 14 | 10
#1220-d162 @A: 08 21 07 02 | 09
#1221-d162 @A: 25 21 26 22 | 04
#1222-d162 @A: 21 35 15 18 | 11
#1223-d162 @A: 29 21 15 11 | 01
#1224-d162 @A: 26 21 33 14 | 12
#1225-d162 @A: 11 23 21 17 | 06
#1226-d162 @A: 29 17 21 03 | 02
#1227-d162 @A: 21 30 29 18 | 03
#1228-d162 @A: 24 21 33 29 | 05
#1229-d162 @A: 21 09 24 12 | 07
#1230-d162 @A: 15 27 12 19 | 08
#1231-d162 @A: 27 08 15 14 | 10
#1232-d162 @A: 32 35 27 15 | 09
#1233-d162 @A: 32 18 27 14 | 04
#1234-d162 @A: 24 25 33 27 | 11
#1235-d162 @A: 27 33 09 12 | 01
#1236-d162 @A: 12 31 22 19 | 12
#1237-d162 @A: 19 35 32 13 | 06
#1238-d162 @A: 11 14 19 23 | 02
#1239-d162 @A: 03 29 19 23 | 03
#1240-d162 @A: 24 26 04 19 | 05
#1241-d162 @A: 15 30 31 13 | 07
#1242-d162 @A: 31 08 02 13 | 08
#1243-d162 @A: 13 14 31 35 | 10
#1244-d162 @A: 10 11 31 23 | 09
#1245-d162 @A: 30 33 14 31 | 04
#1246-d162 @A: 13 18 07 22 | 11
#1247-d162 @A: 14 13 07 03 | 01
#1248-d162 @A: 07 04 13 18 | 12
#1249-d162 @A: 26 07 15 24 | 06
#1250-d162 @A: 07 04 08 23 | 02
#1251-d162 @A: 12 07 14 17 | 03
#1252-d162 @A: 22 14 33 25 | 05
#1253-d162 @A: 22 17 29 23 | 07
#1254-d162 @A: 18 22 12 02 | 08
#1255-d162 @A: 32 22 29 33 | 10
#1256-d162 @A: 09 25 22 30 | 09
#1257-d162 @A: 04 22 29 18 | 04
#1258-d162 @A: 29 08 13 26 | 11
#1259-d162 @A: 03 24 13 23 | 01
#1260-d162 @A: 13 23 17 26 | 12
#1261-d162 @A: 13 03 02 29 | 06
#1262-d162 @A: 08 25 10 17 | 02
#1263-d162 @A: 10 03 09 18 | 03
#1264-d162 @A: 02 24 29 10 | 05
#1265-d162 @A: 14 02 15 30 | 07
#1266-d162 @A: 14 24 18 15 | 08
#1267-d162 @A: 15 09 23 24 | 10
#1268-d162 @A: 02 24 15 32 | 09
#1269-d162 @A: 12 30 18 15 | 04
#1270-d162 @A: 08 26 35 25 | 11
#1271-d162 @A: 11 25 08 23 | 01
#1272-d162 @A: 24 11 08 26 | 12
#1273-d162 @A: 23 18 08 30 | 06
#1274-d162 @A: 12 29 14 35 | 02
#1275-d162 @A: 35 29 03 11 | 03
#1276-d162 @A: 35 11 12 26 | 05
#1277-d162 @A: 03 35 12 24 | 07
#1278-d162 @A: 24 32 26 35 | 08
#1279-d162 @A: 18 17 04 11 | 10
#1280-d162 @A: 14 20 10 34 | 09
#1281-d162 @A: 16 22 20 29 | 04
#1282-d162 @A: 05 15 06 20 | 11
#1283-d162 @A: 05 22 20 25 | 01
#1284-d162 @A: 20 07 21 09 | 12
#1285-d162 @A: 19 20 07 25 | 06
#1286-d162 @A: 13 20 19 17 | 02
#1287-d162 @A: 13 30 22 20 | 03
#1288-d162 @A: 22 08 20 32 | 05
#1289-d162 @A: 14 35 11 20 | 07
#1290-d162 @A: 25 03 20 30 | 08
#1291-d162 @A: 20 24 04 03 | 10
#1292-d162 @A: 20 09 17 25 | 09
#1293-d162 @A: 20 24 12 29 | 04
#1294-d162 @A: 26 16 28 08 | 11
#1295-d162 @A: 19 28 10 05 | 01
#1296-d162 @A: 13 05 28 14 | 12
#1297-d162 @A: 06 28 14 19 | 06
#1298-d162 @A: 27 08 28 18 | 02
#1299-d162 @A: 24 12 28 27 | 03
#1300-d162 @A: 19 29 28 35 | 05
#1301-d162 @A: 35 31 28 18 | 07
#1302-d162 @A: 28 04 22 25 | 08
#1303-d162 @A: 08 28 13 33 | 10
#1304-d162 @A: 35 13 28 03 | 09
#1305-d162 @A: 17 15 28 23 | 04
#1306-d162 @A: 23 14 24 28 | 11
#1307-d162 @A: 14 28 09 33 | 01
#1308-d162 @A: 32 29 28 23 | 12
#1309-d162 @A: 21 16 25 34 | 06
#1310-d162 @A: 34 27 16 18 | 02
#1311-d162 @A: 34 01 15 29 | 03
#1312-d162 @A: 05 34 10 09 | 05
#1313-d162 @A: 27 33 34 10 | 07
#1314-d162 @A: 31 35 25 34 | 08
#1315-d162 @A: 34 09 33 22 | 10
#1316-d162 @A: 13 08 09 34 | 09
#1317-d162 @A: 15 34 26 08 | 04
#1318-d162 @A: 11 33 03 34 | 11
#1319-d162 @A: 25 09 34 11 | 01
#1320-d162 @A: 34 30 29 02 | 12
#1321-d162 @A: 12 34 33 04 | 06
#1322-d162 @A: 34 12 24 18 | 02
#1323-d162 @A: 15 16 01 09 | 03
#1324-d162 @A: 05 21 16 26 | 05
#1325-d162 @A: 06 27 21 16 | 07
#1326-d162 @A: 16 06 19 32 | 08
#1327-d162 @A: 31 21 02 16 | 10
#1328-d162 @A: 31 16 19 30 | 09
#1329-d162 @A: 31 16 13 26 | 04
#1330-d162 @A: 16 03 15 31 | 11
#1331-d162 @A: 30 08 16 07 | 01
#1332-d162 @A: 16 17 22 15 | 12
#1333-d162 @A: 30 16 25 14 | 06
#1334-d162 @A: 23 33 16 11 | 02
#1335-d162 @A: 03 26 16 29 | 03
#1336-d162 @A: 18 09 17 16 | 05
#1337-d162 @A: 19 05 23 01 | 07
#1338-d162 @A: 35 05 01 29 | 08
#1339-d162 @A: 07 11 01 21 | 10
#1340-d162 @A: 23 18 21 01 | 09
#1341-d162 @A: 03 01 04 21 | 04
#1342-d162 @A: 29 27 04 01 | 11
#1343-d162 @A: 15 07 01 13 | 01
#1344-d162 @A: 26 22 01 13 | 12
#1345-d162 @A: 15 01 22 11 | 06
#1346-d162 @A: 35 22 32 01 | 02
#1347-d162 @A: 22 23 01 12 | 03
#1348-d162 @A: 08 12 10 01 | 05
#1349-d162 @A: 10 11 33 01 | 07
#1350-d162 @A: 01 25 08 04 | 08
#1351-d162 @A: 35 01 02 04 | 10
#1352-d162 @A: 05 14 06 25 | 09
#1353-d162 @A: 22 14 05 27 | 04
#1354-d162 @A: 12 19 08 05 | 11
#1355-d162 @A: 24 31 11 05 | 01
#1356-d162 @A: 18 22 17 05 | 12
#1357-d162 @A: 03 24 05 15 | 06
#1358-d162 @A: 14 04 33 05 | 02
#1359-d162 @A: 02 33 11 05 | 03
#1360-d162 @A: 23 24 05 32 | 05
#1361-d162 @A: 12 33 24 05 | 07
#1362-d162 @A: 35 03 06 19 | 08
#1363-d162 @A: 06 10 35 04 | 10
#1364-d162 @A: 06 08 04 24 | 09
#1365-d162 @A: 06 18 14 11 | 04
#1366-d162 @A: 11 03 06 02 | 11
#1367-d162 @A: 11 06 09 29 | 01
#1368-d162 @A: 06 32 26 02 | 12
#1369-d162 @A: 07 29 14 21 | 06
#1370-d162 @A: 13 21 15 09 | 02
#1371-d162 @A: 21 14 03 24 | 03
#1372-d162 @A: 23 02 21 24 | 05
#1373-d162 @A: 26 17 24 21 | 07
#1374-d162 @A: 13 19 27 31 | 08
#1375-d162 @A: 27 17 19 07 | 10
#1376-d162 @A: 22 19 29 27 | 09
#1377-d162 @A: 31 27 23 02 | 04
#1378-d162 @A: 26 27 31 03 | 11
#1379-d162 @A: 27 03 07 30 | 01
#1380-d162 @A: 09 27 13 02 | 12
#1381-d162 @A: 08 11 27 10 | 06
#1382-d162 @A: 32 08 27 33 | 02
#1383-d162 @A: 29 27 25 11 | 03
#1384-d162 @A: 27 18 09 25 | 05
#1385-d162 @A: 19 31 29 11 | 07
#1386-d162 @A: 22 19 33 07 | 08
#1387-d162 @A: 10 19 04 07 | 10
#1388-d162 @A: 19 32 23 04 | 09
#1389-d162 @A: 02 18 30 19 | 04
#1390-d162 @A: 07 15 31 12 | 11
#1391-d162 @A: 31 23 22 32 | 01
#1392-d162 @A: 13 31 10 03 | 12
#1393-d162 @A: 24 31 15 08 | 06
#1394-d162 @A: 09 14 32 31 | 02
#1395-d162 @A: 18 03 31 25 | 03
#1396-d162 @A: 35 07 23 10 | 05
#1397-d162 @A: 03 07 15 35 | 07
#1398-d162 @A: 25 07 23 15 | 08
#1399-d162 @A: 24 02 18 07 | 10
#1400-d162 @A: 07 12 32 29 | 09
#1401-d162 @A: 25 07 12 04 | 04
#1402-d162 @A: 22 11 04 10 | 11
#1403-d162 @A: 02 22 24 03 | 01
#1404-d162 @A: 33 30 03 22 | 12
#1405-d162 @A: 09 22 04 17 | 06
#1406-d162 @A: 29 33 14 13 | 02
#1407-d162 @A: 24 13 30 32 | 03
#1408-d162 @A: 12 18 17 10 | 05
#1409-d162 @A: 15 18 11 32 | 07
#1410-d162 @A: 30 04 15 23 | 08
#1411-d162 @A: 15 33 02 25 | 10
#1412-d162 @A: 03 12 08 11 | 09
#1413-d162 @A: 09 08 26 23 | 04
#1414-d162 @A: 18 08 25 02 | 11
#1415-d162 @A: 08 12 04 18 | 01
#1416-d162 @A: 09 35 02 25 | 12
#1417-d162 @A: 30 35 09 29 | 06
#1418-d162 @A: 25 18 04 35 | 02
#1419-d162 @A: 02 14 04 17 | 03
#1420-d162 @A: 11 29 12 04 | 05
#1421-d162 @A: 04 03 26 12 | 07
#1422-d162 @A: 17 28 08 20 | 08
#1423-d162 @A: 13 34 20 24 | 10
#1424-d162 @A: 19 20 09 16 | 09
#1425-d162 @A: 22 01 14 20 | 04
#1426-d162 @A: 23 01 08 20 | 11
#1427-d162 @A: 20 01 35 18 | 01
#1428-d162 @A: 20 12 26 05 | 12
#1429-d162 @A: 21 29 20 32 | 06
#1430-d162 @A: 31 26 20 23 | 02
#1431-d162 @A: 20 11 07 08 | 03
#1432-d162 @A: 20 35 22 17 | 05
#1433-d162 @A: 20 18 15 04 | 07
#1434-d162 @A: 14 26 20 02 | 08
#1435-d162 @A: 24 20 33 02 | 10
#1436-d162 @A: 09 20 24 30 | 09
#1437-d162 @A: 28 17 01 16 | 04
#1438-d162 @A: 28 18 05 01 | 11
#1439-d162 @A: 28 24 17 05 | 01
#1440-d162 @A: 27 28 07 06 | 12
#1441-d162 @A: 30 27 28 21 | 06
#1442-d162 @A: 07 33 28 21 | 02
#1443-d162 @A: 04 28 21 07 | 03
#1444-d162 @A: 17 13 28 27 | 05
#1445-d162 @A: 07 19 23 28 | 07
#1446-d162 @A: 22 31 28 25 | 08
#1447-d162 @A: 14 07 28 22 | 10
#1448-d162 @A: 15 07 09 28 | 09
#1449-d162 @A: 13 22 11 28 | 04
#1450-d162 @A: 10 28 08 09 | 11
#1451-d162 @A: 10 28 33 23 | 01
#1452-d162 @A: 25 28 11 17 | 12
#1453-d162 @A: 28 29 03 12 | 06
#1454-d162 @A: 18 09 28 32 | 02
#1455-d162 @A: 22 19 34 01 | 03
#1456-d162 @A: 23 10 34 01 | 05
#1457-d162 @A: 30 06 34 13 | 07
#1458-d162 @A: 34 04 06 11 | 08
#1459-d162 @A: 34 21 17 27 | 10
#1460-d162 @A: 27 02 34 08 | 09
#1461-d162 @A: 02 34 31 11 | 04
#1462-d162 @A: 13 15 03 34 | 11
#1463-d162 @A: 13 02 33 34 | 01
#1464-d162 @A: 23 34 26 02 | 12
#1465-d162 @A: 30 17 34 18 | 06
#1466-d162 @A: 16 04 10 01 | 02
#1467-d162 @A: 16 05 33 31 | 03
#1468-d162 @A: 07 06 17 16 | 05
#1469-d162 @A: 03 21 16 22 | 07
#1470-d162 @A: 09 21 16 11 | 08
#1471-d162 @A: 22 16 27 31 | 10
#1472-d162 @A: 16 27 15 23 | 09
#1473-d162 @A: 16 12 31 10 | 04
#1474-d162 @A: 18 15 10 16 | 11
#1475-d162 @A: 18 16 03 11 | 01
#1476-d162 @A: 26 01 06 31 | 12
#1477-d162 @A: 01 29 30 07 | 06
#1478-d162 @A: 01 11 18 02 | 02
#1479-d162 @A: 09 11 01 26 | 03
#1480-d162 @A: 29 23 02 01 | 05
#1481-d162 @A: 25 01 09 03 | 07
#1482-d162 @A: 18 01 33 03 | 08
#1483-d162 @A: 24 32 09 01 | 10
#1484-d162 @A: 05 06 12 10 | 09
#1485-d162 @A: 21 03 10 05 | 04
#1486-d162 @A: 02 35 05 21 | 11
#1487-d162 @A: 31 05 10 29 | 01
#1488-d162 @A: 07 26 05 23 | 12
#1489-d162 @A: 32 22 10 05 | 06
#1490-d162 @A: 30 08 32 05 | 02
#1491-d162 @A: 05 12 14 09 | 03
#1492-d162 @A: 29 23 05 11 | 05
#1493-d162 @A: 03 02 32 05 | 07
#1494-d162 @A: 10 06 29 21 | 08
#1495-d162 @A: 27 19 18 06 | 10
#1496-d162 @A: 03 06 27 25 | 09
#1497-d162 @A: 12 06 35 15 | 04
#1498-d162 @A: 35 32 30 06 | 11
#1499-d162 @A: 26 33 06 03 | 01
#1500-d162 @A: 06 09 33 32 | 12
#1501-d162 @A: 09 06 18 12 | 06
#1502-d162 @A: 22 31 21 09 | 02
#1503-d162 @A: 35 08 22 21 | 03
#1504-d162 @A: 21 09 23 10 | 05
#1505-d162 @A: 02 21 32 10 | 07
#1506-d162 @A: 21 15 11 04 | 08
#1507-d162 @A: 35 04 29 21 | 10
#1508-d162 @A: 25 21 11 14 | 09
#1509-d162 @A: 08 27 19 03 | 04
#1510-d162 @A: 04 31 27 18 | 11
#1511-d162 @A: 15 07 19 11 | 01
#1512-d162 @A: 15 14 22 19 | 12
#1513-d162 @A: 19 22 02 35 | 06
#1514-d162 @A: 13 08 30 19 | 02
#1515-d162 @A: 11 18 24 19 | 03
#1516-d162 @A: 25 19 23 02 | 05
#1517-d162 @A: 30 33 19 23 | 07
#1518-d162 @A: 19 30 29 32 | 08
#1519-d162 @A: 22 10 30 31 | 10
#1520-d162 @A: 25 04 31 13 | 09
#1521-d162 @A: 08 31 10 26 | 04
#1522-d162 @A: 03 24 32 31 | 11
#1523-d162 @A: 26 29 31 09 | 01
#1524-d162 @A: 04 09 31 29 | 12
#1525-d162 @A: 07 22 10 02 | 06
#1526-d162 @A: 10 15 33 07 | 02
#1527-d162 @A: 23 07 17 30 | 03
#1528-d162 @A: 29 07 23 33 | 05
#1529-d162 @A: 07 12 25 03 | 07
#1530-d162 @A: 12 07 30 09 | 08
#1531-d162 @A: 15 23 13 22 | 10
#1532-d162 @A: 22 26 09 32 | 09
#1533-d162 @A: 10 13 08 35 | 04
#1534-d162 @A: 23 14 09 13 | 11
#1535-d162 @A: 12 24 13 14 | 01
#1536-d162 @A: 13 23 30 25 | 12
#1537-d162 @A: 04 18 10 23 | 06
#1538-d162 @A: 26 10 12 03 | 02
#1539-d162 @A: 10 29 03 04 | 03
#1540-d162 @A: 09 10 32 17 | 05
#1541-d162 @A: 15 23 11 12 | 07
#1542-d162 @A: 11 15 02 26 | 08
#1543-d162 @A: 35 08 14 33 | 10
#1544-d162 @A: 11 08 35 18 | 09
#1545-d162 @A: 09 35 03 33 | 04
#1546-d162 @A: 25 30 35 18 | 11
#1547-d162 @A: 18 14 03 04 | 01
#1548-d162 @A: 20 34 28 09 | 12
#1549-d162 @A: 28 11 20 04 | 06
#1550-d162 @A: 25 34 18 20 | 02
#1551-d162 @A: 12 20 01 16 | 03
#1552-d162 @A: 32 20 16 35 | 05
#1553-d162 @A: 26 20 01 19 | 07
#1554-d162 @A: 15 20 01 02 | 08
#1555-d162 @A: 20 14 07 05 | 10
#1556-d162 @A: 20 05 08 33 | 09
#1557-d162 @A: 05 20 18 23 | 04
#1558-d162 @A: 14 20 06 31 | 11
#1559-d162 @A: 18 20 07 06 | 01
#1560-d162 @A: 02 17 06 20 | 12
#1561-d162 @A: 15 33 20 21 | 06
#1562-d162 @A: 27 20 25 04 | 02
#1563-d162 @A: 31 20 15 09 | 03
#1564-d162 @A: 20 31 03 08 | 05
#1565-d162 @A: 20 31 02 35 | 07
#1566-d162 @A: 20 11 15 10 | 08
#1567-d162 @A: 15 30 20 17 | 10
#1568-d162 @A: 18 15 20 29 | 09
#1569-d162 @A: 14 20 32 30 | 04
#1570-d162 @A: 17 18 26 20 | 11
#1571-d162 @A: 28 01 34 11 | 01
#1572-d162 @A: 29 28 34 31 | 12
#1573-d162 @A: 34 30 10 28 | 06
#1574-d162 @A: 03 16 28 27 | 02
#1575-d162 @A: 35 16 09 28 | 03
#1576-d162 @A: 03 01 07 28 | 05
#1577-d162 @A: 28 24 10 01 | 07
#1578-d162 @A: 08 05 28 04 | 08
#1579-d162 @A: 21 24 28 13 | 10
#1580-d162 @A: 07 30 28 13 | 09
#1581-d162 @A: 07 28 08 35 | 04
#1582-d162 @A: 28 07 29 25 | 11
#1583-d162 @A: 24 28 08 22 | 01
#1584-d162 @A: 17 33 22 28 | 12
#1585-d162 @A: 15 28 03 25 | 06
#1586-d162 @A: 03 28 14 17 | 02
#1587-d162 @A: 28 04 12 02 | 03
#1588-d162 @A: 16 05 24 34 | 05
#1589-d162 @A: 34 17 14 01 | 07
#1590-d162 @A: 17 34 09 06 | 08
#1591-d162 @A: 34 19 30 27 | 10
#1592-d162 @A: 09 27 34 35 | 09
#1593-d162 @A: 31 34 14 04 | 04
#1594-d162 @A: 22 04 34 02 | 11
#1595-d162 @A: 32 10 34 26 | 01
#1596-d162 @A: 12 16 05 15 | 12
#1597-d162 @A: 07 16 27 32 | 06
#1598-d162 @A: 25 35 27 16 | 02
#1599-d162 @A: 04 16 27 26 | 03
#1600-d162 @A: 16 24 19 22 | 05
#1601-d162 @A: 13 16 03 19 | 07
#1602-d162 @A: 16 24 35 31 | 08
#1603-d162 @A: 16 11 22 32 | 10
#1604-d162 @A: 02 16 26 24 | 09
#1605-d162 @A: 02 16 09 29 | 04
#1606-d162 @A: 12 18 16 25 | 11
#1607-d162 @A: 24 22 05 01 | 01
#1608-d162 @A: 21 01 06 30 | 12
#1609-d162 @A: 24 21 01 35 | 06
#1610-d162 @A: 31 22 29 01 | 02
#1611-d162 @A: 01 07 09 08 | 03
#1612-d162 @A: 15 25 35 01 | 05
#1613-d162 @A: 33 18 01 04 | 07
#1614-d162 @A: 26 17 33 01 | 08
#1615-d162 @A: 06 05 22 33 | 10
#1616-d162 @A: 12 05 07 21 | 09
#1617-d162 @A: 05 19 13 25 | 04
#1618-d162 @A: 05 19 15 33 | 11
#1619-d162 @A: 14 17 31 05 | 01
#1620-d162 @A: 05 02 07 17 | 12
#1621-d162 @A: 05 10 33 13 | 06
#1622-d162 @A: 13 05 15 04 | 02
#1623-d162 @A: 05 32 33 35 | 03
#1624-d162 @A: 11 12 05 30 | 05
#1625-d162 @A: 11 18 05 09 | 07
#1626-d162 @A: 05 25 09 29 | 08
#1627-d162 @A: 27 33 31 06 | 10
#1628-d162 @A: 27 06 14 10 | 09
#1629-d162 @A: 06 27 24 35 | 04
#1630-d162 @A: 06 35 08 31 | 11
#1631-d162 @A: 12 31 06 30 | 01
#1632-d162 @A: 33 07 06 13 | 12
#1633-d162 @A: 13 22 06 14 | 06
#1634-d162 @A: 35 06 18 22 | 02
#1635-d162 @A: 06 10 15 03 | 03
#1636-d162 @A: 06 11 25 24 | 05
#1637-d162 @A: 03 06 30 17 | 07
#1638-d162 @A: 24 32 29 06 | 08
#1639-d162 @A: 29 18 06 25 | 10
#1640-d162 @A: 06 04 25 17 | 09
#1641-d162 @A: 33 19 21 27 | 04
#1642-d162 @A: 21 26 27 15 | 11
#1643-d162 @A: 21 19 13 22 | 01
#1644-d162 @A: 11 33 22 21 | 12
#1645-d162 @A: 33 32 21 23 | 06
#1646-d162 @A: 03 21 02 25 | 02
#1647-d162 @A: 32 21 09 25 | 03
#1648-d162 @A: 11 19 35 27 | 05
#1649-d162 @A: 35 27 30 13 | 07
#1650-d162 @A: 11 32 24 27 | 08
#1651-d162 @A: 27 03 24 09 | 10
#1652-d162 @A: 30 27 02 17 | 09
#1653-d162 @A: 19 22 26 10 | 04
#1654-d162 @A: 19 14 18 13 | 11
#1655-d162 @A: 11 19 13 09 | 01
#1656-d162 @A: 24 09 14 19 | 12
#1657-d162 @A: 11 12 02 19 | 06
#1658-d162 @A: 23 09 17 19 | 02
#1659-d162 @A: 19 17 03 24 | 03
#1660-d162 @A: 19 26 24 29 | 05
#1661-d162 @A: 31 07 02 32 | 07
#1662-d162 @A: 22 08 14 31 | 08
#1663-d162 @A: 32 07 22 15 | 10
#1664-d162 @A: 22 09 35 07 | 09
#1665-d162 @A: 04 07 22 24 | 04
#1666-d162 @A: 32 07 13 08 | 11
#1667-d162 @A: 30 10 07 26 | 01
#1668-d162 @A: 24 12 23 07 | 12
#1669-d162 @A: 17 07 18 25 | 06
#1670-d162 @A: 23 11 22 30 | 02
#1671-d162 @A: 12 17 11 22 | 03
#1672-d162 @A: 18 29 03 22 | 05
#1673-d162 @A: 24 15 13 33 | 07
#1674-d162 @A: 30 11 29 13 | 08
#1675-d162 @A: 13 18 17 11 | 10
#1676-d162 @A: 26 24 13 18 | 09
#1677-d162 @A: 10 03 32 33 | 04
#1678-d162 @A: 17 10 02 26 | 11
#1679-d162 @A: 04 32 10 12 | 01
#1680-d162 @A: 09 15 35 14 | 12
#1681-d162 @A: 15 23 18 26 | 06
#1682-d162 @A: 15 09 26 25 | 02
#1683-d162 @A: 35 32 09 08 | 03
#1684-d162 @A: 17 08 32 23 | 05
#1685-d162 @A: 02 17 33 08 | 07
#1686-d162 @A: 12 26 17 08 | 08
#1687-d162 @A: 23 14 04 25 | 10
#1688-d162 @A: 29 23 17 04 | 09
#1689-d162 @A: 25 04 32 24 | 04
