#0001-d236 @A: 28 13 35 03 | 01
#0002-d236 @A: 28 30 13 01 | 07
#0003-d236 @A: 13 07 16 23 | 03
#0004-d236 @A: 13 30 18 23 | 10
#0005-d236 @A: 15 17 13 11 | 09
#0006-d236 @A: 14 04 03 13 | 04
#0007-d236 @A: 29 14 13 25 | 02
#0008-d236 @A: 26 19 13 05 | 12
#0009-d236 @A: 09 13 10 27 | 08
#0010-d236 @A: 31 01 13 10 | 06
#0011-d236 @A: 24 13 08 14 | 11
#0012-d236 @A: 01 13 34 09 | 05
#0013-d236 @A: 06 15 21 13 | 01
#0014-d236 @A: 12 25 32 03 | 07
#0015-d236 @A: 33 32 23 10 | 03
#0016-d236 @A: 31 32 20 10 | 10
#0017-d236 @A: 32 25 11 20 | 09
#0018-d236 @A: 32 34 02 18 | 04
#0019-d236 @A: 32 08 26 27 | 02
#0020-d236 @A: 25 32 04 33 | 12
#0021-d236 @A: 35 32 04 18 | 08
#0022-d236 @A: 12 28 22 29 | 06
#0023-d236 @A: 23 12 06 35 | 11
#0024-d236 @A: 07 20 12 27 | 05
#0025-d236 @A: 22 17 12 04 | 01
#0026-d236 @A: 12 11 29 06 | 07
#0027-d236 @A: 12 11 19 31 | 03
#0028-d236 @A: 10 12 35 02 | 10
#0029-d236 @A: 27 14 12 02 | 09
#0030-d236 @A: 11 01 22 12 | 04
#0031-d236 @A: 12 30 27 04 | 02
#0032-d236 @A: 33 15 12 18 | 12
#0033-d236 @A: 07 28 05 03 | 08
#0034-d236 @A: 04 07 10 28 | 06
#0035-d236 @A: 01 28 07 24 | 11
#0036-d236 @A: 31 16 20 28 | 05
#0037-d236 @A: 26 28 03 25 | 01
#0038-d236 @A: 27 29 31 28 | 07
#0039-d236 @A: 10 28 18 19 | 03
#0040-d236 @A: 09 28 19 34 | 10
#0041-d236 @A: 02 22 28 08 | 09
#0042-d236 @A: 09 01 04 28 | 04
#0043-d236 @A: 34 25 16 28 | 02
#0044-d236 @A: 28 08 27 25 | 12
#0045-d236 @A: 33 18 28 08 | 08
#0046-d236 @A: 35 28 31 30 | 06
#0047-d236 @A: 20 14 09 23 | 11
#0048-d236 @A: 33 22 23 20 | 05
#0049-d236 @A: 27 05 23 20 | 01
#0050-d236 @A: 19 25 23 01 | 07
#0051-d236 @A: 19 22 23 34 | 03
#0052-d236 @A: 02 10 23 26 | 10
#0053-d236 @A: 23 27 04 06 | 09
#0054-d236 @A: 23 06 31 08 | 04
#0055-d236 @A: 21 27 23 25 | 02
#0056-d236 @A: 18 23 35 21 | 12
#0057-d236 @A: 23 08 35 27 | 08
#0058-d236 @A: 17 03 07 30 | 06
#0059-d236 @A: 02 20 30 07 | 11
#0060-d236 @A: 02 24 07 03 | 05
#0061-d236 @A: 01 18 10 07 | 01
#0062-d236 @A: 07 05 26 30 | 07
#0063-d236 @A: 15 16 21 07 | 03
#0064-d236 @A: 07 05 27 18 | 10
#0065-d236 @A: 29 20 17 35 | 09
#0066-d236 @A: 03 17 09 06 | 04
#0067-d236 @A: 33 01 29 17 | 02
#0068-d236 @A: 34 11 10 17 | 12
#0069-d236 @A: 17 11 26 30 | 08
#0070-d236 @A: 08 17 22 11 | 06
#0071-d236 @A: 06 15 17 27 | 11
#0072-d236 @A: 31 17 30 05 | 05
#0073-d236 @A: 18 15 17 16 | 01
#0074-d236 @A: 15 34 08 17 | 07
#0075-d236 @A: 08 20 03 14 | 03
#0076-d236 @A: 27 20 01 03 | 10
#0077-d236 @A: 29 10 30 20 | 09
#0078-d236 @A: 29 14 02 20 | 04
#0079-d236 @A: 20 29 04 11 | 02
#0080-d236 @A: 26 20 34 14 | 12
#0081-d236 @A: 04 31 20 14 | 08
#0082-d236 @A: 20 35 11 02 | 06
#0083-d236 @A: 16 02 21 20 | 11
#0084-d236 @A: 22 27 01 20 | 05
#0085-d236 @A: 33 20 21 18 | 01
#0086-d236 @A: 20 35 22 16 | 07
#0087-d236 @A: 03 25 29 09 | 03
#0088-d236 @A: 34 26 03 29 | 10
#0089-d236 @A: 03 29 11 33 | 09
#0090-d236 @A: 15 03 10 14 | 04
#0091-d236 @A: 09 03 02 30 | 02
#0092-d236 @A: 01 03 02 16 | 12
#0093-d236 @A: 06 03 08 21 | 08
#0094-d236 @A: 03 04 30 08 | 06
#0095-d236 @A: 30 03 33 35 | 11
#0096-d236 @A: 21 16 35 03 | 05
#0097-d236 @A: 06 19 29 15 | 01
#0098-d236 @A: 29 14 26 06 | 07
#0099-d236 @A: 21 14 29 01 | 03
#0100-d236 @A: 29 08 09 02 | 10
#0101-d236 @A: 22 16 06 29 | 09
#0102-d236 @A: 35 29 05 25 | 04
#0103-d236 @A: 33 30 29 34 | 02
#0104-d236 @A: 19 10 22 35 | 12
#0105-d236 @A: 19 31 08 14 | 08
#0106-d236 @A: 06 19 31 16 | 06
#0107-d236 @A: 05 04 19 33 | 11
#0108-d236 @A: 25 19 33 16 | 05
#0109-d236 @A: 31 05 19 25 | 01
#0110-d236 @A: 18 16 19 21 | 07
#0111-d236 @A: 15 05 19 27 | 03
#0112-d236 @A: 05 10 01 14 | 10
#0113-d236 @A: 02 10 33 06 | 09
#0114-d236 @A: 04 10 22 21 | 04
#0115-d236 @A: 30 10 15 33 | 02
#0116-d236 @A: 10 33 05 35 | 12
#0117-d236 @A: 30 18 08 10 | 08
#0118-d236 @A: 15 10 05 22 | 06
#0119-d236 @A: 26 14 22 01 | 11
#0120-d236 @A: 33 14 31 16 | 05
#0121-d236 @A: 21 34 24 14 | 01
#0122-d236 @A: 22 14 24 27 | 07
#0123-d236 @A: 31 06 27 02 | 03
#0124-d236 @A: 24 04 35 02 | 10
#0125-d236 @A: 02 33 16 05 | 09
#0126-d236 @A: 21 31 09 16 | 04
#0127-d236 @A: 34 18 31 09 | 02
#0128-d236 @A: 09 05 31 27 | 12
#0129-d236 @A: 06 18 35 26 | 08
#0130-d236 @A: 21 04 15 26 | 06
#0131-d236 @A: 08 35 04 26 | 11
#0132-d236 @A: 04 22 06 11 | 05
#0133-d236 @A: 16 31 15 11 | 01
#0134-d236 @A: 08 11 05 24 | 07
#0135-d236 @A: 15 22 35 11 | 03
#0136-d236 @A: 01 08 16 06 | 10
#0137-d236 @A: 34 06 22 01 | 09
#0138-d236 @A: 30 18 01 04 | 04
#0139-d236 @A: 30 15 01 08 | 02
#0140-d236 @A: 27 22 31 08 | 12
#0141-d236 @A: 26 06 13 32 | 08
#0142-d236 @A: 12 13 27 03 | 06
#0143-d236 @A: 12 25 10 13 | 11
#0144-d236 @A: 09 12 13 06 | 05
#0145-d236 @A: 13 17 31 28 | 01
#0146-d236 @A: 31 13 22 28 | 07
#0147-d236 @A: 13 08 23 10 | 03
#0148-d236 @A: 02 13 23 33 | 10
#0149-d236 @A: 17 13 19 06 | 09
#0150-d236 @A: 08 17 33 13 | 04
#0151-d236 @A: 29 01 13 16 | 02
#0152-d236 @A: 13 10 02 15 | 12
#0153-d236 @A: 14 33 26 13 | 08
#0154-d236 @A: 11 13 02 24 | 06
#0155-d236 @A: 26 24 27 13 | 11
#0156-d236 @A: 04 06 13 01 | 05
#0157-d236 @A: 35 15 24 13 | 01
#0158-d236 @A: 04 12 32 23 | 07
#0159-d236 @A: 12 31 32 07 | 03
#0160-d236 @A: 32 14 28 07 | 10
#0161-d236 @A: 05 14 23 32 | 09
#0162-d236 @A: 23 18 32 11 | 04
#0163-d236 @A: 10 30 07 32 | 02
#0164-d236 @A: 26 04 07 32 | 12
#0165-d236 @A: 29 17 32 06 | 08
#0166-d236 @A: 32 03 24 11 | 06
#0167-d236 @A: 03 01 32 06 | 11
#0168-d236 @A: 19 05 32 02 | 05
#0169-d236 @A: 14 04 02 32 | 01
#0170-d236 @A: 18 14 32 22 | 07
#0171-d236 @A: 31 14 32 35 | 03
#0172-d236 @A: 31 05 32 06 | 10
#0173-d236 @A: 04 34 05 32 | 09
#0174-d236 @A: 28 21 26 12 | 04
#0175-d236 @A: 25 09 23 12 | 02
#0176-d236 @A: 06 12 01 07 | 12
#0177-d236 @A: 04 17 03 12 | 08
#0178-d236 @A: 06 03 19 12 | 06
#0179-d236 @A: 33 12 29 19 | 11
#0180-d236 @A: 19 02 34 12 | 05
#0181-d236 @A: 12 09 19 08 | 01
#0182-d236 @A: 12 26 19 25 | 07
#0183-d236 @A: 14 12 16 01 | 03
#0184-d236 @A: 27 25 11 12 | 10
#0185-d236 @A: 15 21 12 25 | 09
#0186-d236 @A: 05 12 25 34 | 04
#0187-d236 @A: 27 12 21 16 | 02
#0188-d236 @A: 28 30 07 23 | 12
#0189-d236 @A: 28 07 33 17 | 08
#0190-d236 @A: 28 26 34 07 | 06
#0191-d236 @A: 20 28 19 21 | 11
#0192-d236 @A: 28 04 20 05 | 05
#0193-d236 @A: 28 03 16 27 | 01
#0194-d236 @A: 15 03 28 22 | 07
#0195-d236 @A: 15 34 28 29 | 03
#0196-d236 @A: 22 28 10 33 | 10
#0197-d236 @A: 30 26 02 28 | 09
#0198-d236 @A: 15 28 31 09 | 04
#0199-d236 @A: 28 26 31 01 | 02
#0200-d236 @A: 33 35 28 11 | 12
#0201-d236 @A: 28 11 05 22 | 08
#0202-d236 @A: 31 04 25 28 | 06
#0203-d236 @A: 08 34 28 35 | 11
#0204-d236 @A: 22 34 35 28 | 05
#0205-d236 @A: 27 09 23 03 | 01
#0206-d236 @A: 23 03 04 25 | 07
#0207-d236 @A: 03 22 23 27 | 03
#0208-d236 @A: 14 19 27 23 | 10
#0209-d236 @A: 18 10 14 23 | 09
#0210-d236 @A: 04 08 23 34 | 04
#0211-d236 @A: 34 23 24 15 | 02
#0212-d236 @A: 08 03 07 29 | 12
#0213-d236 @A: 03 07 15 11 | 08
#0214-d236 @A: 14 29 07 05 | 06
#0215-d236 @A: 02 14 07 21 | 11
#0216-d236 @A: 27 07 14 26 | 05
#0217-d236 @A: 11 07 26 01 | 01
#0218-d236 @A: 11 30 16 07 | 07
#0219-d236 @A: 33 35 07 31 | 03
#0220-d236 @A: 15 18 07 30 | 10
#0221-d236 @A: 07 27 35 30 | 09
#0222-d236 @A: 07 18 16 35 | 04
#0223-d236 @A: 08 07 27 16 | 02
#0224-d236 @A: 02 20 17 34 | 12
#0225-d236 @A: 09 22 17 01 | 08
#0226-d236 @A: 33 34 17 25 | 06
#0227-d236 @A: 25 17 05 21 | 11
#0228-d236 @A: 17 25 31 08 | 05
#0229-d236 @A: 22 15 27 17 | 01
#0230-d236 @A: 09 11 16 20 | 07
#0231-d236 @A: 26 11 20 33 | 03
#0232-d236 @A: 26 04 22 20 | 10
#0233-d236 @A: 06 20 33 08 | 09
#0234-d236 @A: 27 20 21 15 | 04
#0235-d236 @A: 10 35 03 29 | 02
#0236-d236 @A: 03 04 10 02 | 12
#0237-d236 @A: 01 21 03 10 | 08
#0238-d236 @A: 22 03 14 30 | 06
#0239-d236 @A: 33 03 21 24 | 11
#0240-d236 @A: 30 16 05 03 | 05
#0241-d236 @A: 35 08 24 03 | 01
#0242-d236 @A: 22 19 29 11 | 07
#0243-d236 @A: 33 29 10 09 | 03
#0244-d236 @A: 09 29 26 27 | 10
#0245-d236 @A: 16 09 05 29 | 09
#0246-d236 @A: 29 08 06 05 | 04
#0247-d236 @A: 04 29 08 24 | 02
#0248-d236 @A: 29 08 31 30 | 12
#0249-d236 @A: 25 08 19 24 | 08
#0250-d236 @A: 19 15 21 24 | 06
#0251-d236 @A: 18 05 19 08 | 11
#0252-d236 @A: 22 15 19 31 | 05
#0253-d236 @A: 22 27 05 19 | 01
#0254-d236 @A: 01 10 33 26 | 07
#0255-d236 @A: 31 24 11 10 | 03
#0256-d236 @A: 04 06 16 10 | 10
#0257-d236 @A: 34 08 25 10 | 09
#0258-d236 @A: 16 10 31 18 | 04
#0259-d236 @A: 33 02 14 30 | 02
#0260-d236 @A: 04 09 14 22 | 12
#0261-d236 @A: 25 14 21 31 | 08
#0262-d236 @A: 09 16 22 02 | 06
#0263-d236 @A: 11 26 02 04 | 11
#0264-d236 @A: 01 27 25 02 | 05
#0265-d236 @A: 21 02 22 25 | 01
#0266-d236 @A: 02 16 25 18 | 07
#0267-d236 @A: 34 35 02 16 | 03
#0268-d236 @A: 18 35 11 09 | 10
#0269-d236 @A: 21 09 27 08 | 09
#0270-d236 @A: 35 09 24 34 | 04
#0271-d236 @A: 11 30 26 22 | 02
#0272-d236 @A: 16 26 25 22 | 12
#0273-d236 @A: 26 18 31 21 | 08
#0274-d236 @A: 05 15 18 26 | 06
#0275-d236 @A: 25 11 33 01 | 11
#0276-d236 @A: 31 25 11 34 | 05
#0277-d236 @A: 33 30 18 11 | 01
#0278-d236 @A: 27 33 05 11 | 07
#0279-d236 @A: 21 11 27 34 | 03
#0280-d236 @A: 34 01 06 27 | 10
#0281-d236 @A: 15 25 01 31 | 09
#0282-d236 @A: 22 05 33 01 | 04
#0283-d236 @A: 04 34 27 22 | 02
#0284-d236 @A: 32 13 27 23 | 12
#0285-d236 @A: 32 17 13 04 | 08
#0286-d236 @A: 32 08 13 01 | 06
#0287-d236 @A: 13 33 30 32 | 11
#0288-d236 @A: 02 12 08 13 | 05
#0289-d236 @A: 24 19 28 13 | 01
#0290-d236 @A: 07 29 04 13 | 07
#0291-d236 @A: 02 27 13 07 | 03
#0292-d236 @A: 24 10 13 17 | 10
#0293-d236 @A: 13 35 21 17 | 09
#0294-d236 @A: 20 29 06 13 | 04
#0295-d236 @A: 10 26 13 03 | 02
#0296-d236 @A: 11 27 29 13 | 12
#0297-d236 @A: 34 26 13 02 | 08
#0298-d236 @A: 22 02 13 06 | 06
#0299-d236 @A: 13 09 16 25 | 11
#0300-d236 @A: 13 01 26 25 | 05
#0301-d236 @A: 05 13 31 04 | 01
#0302-d236 @A: 25 13 30 21 | 07
#0303-d236 @A: 13 05 08 16 | 03
#0304-d236 @A: 13 35 05 18 | 10
#0305-d236 @A: 33 12 32 20 | 09
#0306-d236 @A: 12 18 32 29 | 04
#0307-d236 @A: 15 33 07 32 | 02
#0308-d236 @A: 07 08 32 35 | 12
#0309-d236 @A: 32 04 03 19 | 08
#0310-d236 @A: 03 32 14 30 | 06
#0311-d236 @A: 11 32 02 31 | 11
#0312-d236 @A: 30 27 32 25 | 05
#0313-d236 @A: 32 30 05 24 | 01
#0314-d236 @A: 18 32 08 16 | 07
#0315-d236 @A: 28 20 18 12 | 03
#0316-d236 @A: 23 12 34 17 | 10
#0317-d236 @A: 12 18 03 07 | 09
#0318-d236 @A: 34 12 21 07 | 04
#0319-d236 @A: 17 09 18 12 | 02
#0320-d236 @A: 05 24 20 12 | 12
#0321-d236 @A: 29 12 05 26 | 08
#0322-d236 @A: 35 14 09 12 | 06
#0323-d236 @A: 14 12 34 06 | 11
#0324-d236 @A: 02 01 22 12 | 05
#0325-d236 @A: 15 26 12 11 | 01
#0326-d236 @A: 29 23 28 20 | 07
#0327-d236 @A: 28 07 29 35 | 03
#0328-d236 @A: 28 07 09 25 | 10
#0329-d236 @A: 28 17 19 05 | 09
#0330-d236 @A: 02 17 28 21 | 04
#0331-d236 @A: 28 17 24 08 | 02
#0332-d236 @A: 26 28 29 18 | 12
#0333-d236 @A: 15 28 02 19 | 08
#0334-d236 @A: 31 06 33 28 | 06
#0335-d236 @A: 16 30 28 33 | 11
#0336-d236 @A: 29 04 23 17 | 05
#0337-d236 @A: 23 17 06 01 | 01
#0338-d236 @A: 20 10 23 04 | 07
#0339-d236 @A: 02 20 23 18 | 03
#0340-d236 @A: 23 01 10 35 | 10
#0341-d236 @A: 15 23 14 02 | 09
#0342-d236 @A: 23 30 02 34 | 04
#0343-d236 @A: 09 23 04 31 | 02
#0344-d236 @A: 33 23 16 04 | 12
#0345-d236 @A: 04 23 35 30 | 08
#0346-d236 @A: 03 07 01 33 | 06
#0347-d236 @A: 07 34 11 29 | 11
#0348-d236 @A: 01 07 19 16 | 05
#0349-d236 @A: 26 07 15 02 | 01
#0350-d236 @A: 07 22 06 31 | 07
#0351-d236 @A: 25 04 07 27 | 03
#0352-d236 @A: 21 05 07 08 | 10
#0353-d236 @A: 17 26 03 05 | 09
#0354-d236 @A: 25 03 11 17 | 04
#0355-d236 @A: 19 17 04 02 | 02
#0356-d236 @A: 26 17 33 09 | 12
#0357-d236 @A: 17 04 08 18 | 08
#0358-d236 @A: 03 06 20 02 | 06
#0359-d236 @A: 02 19 24 20 | 11
#0360-d236 @A: 20 14 10 35 | 05
#0361-d236 @A: 14 11 01 20 | 01
#0362-d236 @A: 01 26 24 20 | 07
#0363-d236 @A: 26 27 20 04 | 03
#0364-d236 @A: 25 20 35 04 | 10
#0365-d236 @A: 08 21 20 25 | 09
#0366-d236 @A: 34 33 24 20 | 04
#0367-d236 @A: 14 01 03 25 | 02
#0368-d236 @A: 22 04 03 25 | 12
#0369-d236 @A: 03 27 25 24 | 08
#0370-d236 @A: 16 24 03 15 | 06
#0371-d236 @A: 14 11 29 18 | 11
#0372-d236 @A: 16 26 15 29 | 05
#0373-d236 @A: 21 10 19 30 | 01
#0374-d236 @A: 19 14 09 16 | 07
#0375-d236 @A: 30 18 02 19 | 03
#0376-d236 @A: 16 15 19 08 | 10
#0377-d236 @A: 21 09 10 14 | 09
#0378-d236 @A: 26 30 10 14 | 04
#0379-d236 @A: 16 10 14 08 | 02
#0380-d236 @A: 02 30 10 11 | 12
#0381-d236 @A: 25 10 18 26 | 08
#0382-d236 @A: 21 10 06 18 | 06
#0383-d236 @A: 18 10 24 35 | 11
#0384-d236 @A: 14 15 01 27 | 05
#0385-d236 @A: 05 14 33 06 | 01
#0386-d236 @A: 06 30 14 08 | 07
#0387-d236 @A: 34 18 14 30 | 03
#0388-d236 @A: 09 06 26 02 | 10
#0389-d236 @A: 11 02 27 15 | 09
#0390-d236 @A: 04 30 02 22 | 04
#0391-d236 @A: 24 21 02 30 | 02
#0392-d236 @A: 02 30 27 05 | 12
#0393-d236 @A: 06 33 04 09 | 08
#0394-d236 @A: 05 18 09 06 | 06
#0395-d236 @A: 06 15 09 22 | 11
#0396-d236 @A: 09 34 05 21 | 05
#0397-d236 @A: 27 06 26 25 | 01
#0398-d236 @A: 06 26 15 33 | 07
#0399-d236 @A: 26 21 33 05 | 03
#0400-d236 @A: 26 16 27 22 | 10
#0401-d236 @A: 08 34 18 26 | 09
#0402-d236 @A: 27 35 01 11 | 04
#0403-d236 @A: 30 06 11 15 | 02
#0404-d236 @A: 11 18 06 34 | 12
#0405-d236 @A: 11 05 16 21 | 08
#0406-d236 @A: 04 01 21 35 | 06
#0407-d236 @A: 04 31 01 08 | 11
#0408-d236 @A: 27 24 01 08 | 05
#0409-d236 @A: 08 35 05 01 | 01
#0410-d236 @A: 25 35 27 22 | 07
#0411-d236 @A: 15 34 22 33 | 03
#0412-d236 @A: 12 18 24 13 | 10
#0413-d236 @A: 13 15 28 26 | 09
#0414-d236 @A: 15 34 13 07 | 04
#0415-d236 @A: 13 29 17 34 | 02
#0416-d236 @A: 03 20 24 13 | 12
#0417-d236 @A: 34 13 20 11 | 08
#0418-d236 @A: 13 03 33 09 | 06
#0419-d236 @A: 10 13 29 18 | 11
#0420-d236 @A: 33 24 13 29 | 05
#0421-d236 @A: 19 21 13 01 | 01
#0422-d236 @A: 19 08 35 13 | 07
#0423-d236 @A: 09 26 04 13 | 03
#0424-d236 @A: 22 13 09 11 | 10
#0425-d236 @A: 18 13 26 11 | 09
#0426-d236 @A: 06 33 13 25 | 04
#0427-d236 @A: 33 04 35 13 | 02
#0428-d236 @A: 05 33 13 15 | 12
#0429-d236 @A: 32 12 28 06 | 08
#0430-d236 @A: 32 10 12 08 | 06
#0431-d236 @A: 30 32 02 12 | 11
#0432-d236 @A: 32 11 15 28 | 05
#0433-d236 @A: 30 28 32 08 | 01
#0434-d236 @A: 32 26 34 23 | 07
#0435-d236 @A: 05 07 20 32 | 03
#0436-d236 @A: 07 06 02 32 | 10
#0437-d236 @A: 16 32 03 22 | 09
#0438-d236 @A: 27 22 29 32 | 04
#0439-d236 @A: 11 16 19 32 | 02
#0440-d236 @A: 24 04 10 32 | 12
#0441-d236 @A: 32 09 26 30 | 08
#0442-d236 @A: 32 01 15 22 | 06
#0443-d236 @A: 06 32 34 15 | 11
#0444-d236 @A: 32 31 16 27 | 05
#0445-d236 @A: 17 26 06 12 | 01
#0446-d236 @A: 34 03 10 12 | 07
#0447-d236 @A: 35 12 29 04 | 03
#0448-d236 @A: 01 19 18 12 | 10
#0449-d236 @A: 01 10 12 30 | 09
#0450-d236 @A: 12 18 14 26 | 04
#0451-d236 @A: 18 12 05 04 | 02
#0452-d236 @A: 12 18 31 30 | 12
#0453-d236 @A: 34 24 08 12 | 08
#0454-d236 @A: 28 25 17 23 | 06
#0455-d236 @A: 23 10 15 28 | 11
#0456-d236 @A: 17 03 28 20 | 05
#0457-d236 @A: 19 04 11 28 | 01
#0458-d236 @A: 22 14 28 06 | 07
#0459-d236 @A: 01 22 25 28 | 03
#0460-d236 @A: 06 21 34 28 | 10
#0461-d236 @A: 28 06 05 15 | 09
#0462-d236 @A: 28 35 21 25 | 04
#0463-d236 @A: 05 25 28 30 | 02
#0464-d236 @A: 16 24 28 22 | 12
#0465-d236 @A: 05 28 08 31 | 08
#0466-d236 @A: 17 15 19 23 | 06
#0467-d236 @A: 21 10 17 23 | 11
#0468-d236 @A: 23 24 19 29 | 05
#0469-d236 @A: 02 29 22 23 | 01
#0470-d236 @A: 23 24 14 11 | 07
#0471-d236 @A: 25 34 23 14 | 03
#0472-d236 @A: 09 21 23 02 | 10
#0473-d236 @A: 09 23 06 16 | 09
#0474-d236 @A: 01 22 23 21 | 04
#0475-d236 @A: 24 06 23 18 | 02
#0476-d236 @A: 05 16 23 25 | 12
#0477-d236 @A: 05 18 33 23 | 08
#0478-d236 @A: 23 16 08 24 | 06
#0479-d236 @A: 24 23 31 22 | 11
#0480-d236 @A: 20 07 21 01 | 05
#0481-d236 @A: 09 07 16 03 | 01
#0482-d236 @A: 03 04 35 07 | 07
#0483-d236 @A: 29 31 07 26 | 03
#0484-d236 @A: 29 33 07 06 | 10
#0485-d236 @A: 26 24 07 10 | 09
#0486-d236 @A: 24 07 14 35 | 04
#0487-d236 @A: 31 07 09 02 | 02
#0488-d236 @A: 24 07 11 09 | 12
#0489-d236 @A: 07 15 04 09 | 08
#0490-d236 @A: 04 34 16 07 | 06
#0491-d236 @A: 24 07 18 08 | 11
#0492-d236 @A: 22 08 07 24 | 05
#0493-d236 @A: 17 08 19 20 | 01
#0494-d236 @A: 09 20 27 17 | 07
#0495-d236 @A: 34 03 17 14 | 03
#0496-d236 @A: 15 17 02 29 | 10
#0497-d236 @A: 29 05 11 17 | 09
#0498-d236 @A: 04 17 01 10 | 04
#0499-d236 @A: 22 05 02 17 | 02
#0500-d236 @A: 35 18 17 30 | 12
#0501-d236 @A: 17 27 08 30 | 08
#0502-d236 @A: 24 31 16 17 | 06
#0503-d236 @A: 27 18 17 24 | 11
#0504-d236 @A: 26 06 20 19 | 05
#0505-d236 @A: 20 18 15 14 | 01
#0506-d236 @A: 20 09 26 08 | 07
#0507-d236 @A: 11 18 20 08 | 03
#0508-d236 @A: 24 20 35 21 | 10
#0509-d236 @A: 24 16 20 27 | 09
#0510-d236 @A: 31 24 18 20 | 04
#0511-d236 @A: 22 34 29 03 | 02
#0512-d236 @A: 19 10 03 24 | 12
#0513-d236 @A: 35 03 01 19 | 08
#0514-d236 @A: 10 03 25 05 | 06
#0515-d236 @A: 11 06 03 26 | 11
#0516-d236 @A: 03 31 24 01 | 05
#0517-d236 @A: 31 03 27 35 | 01
#0518-d236 @A: 31 19 29 01 | 07
#0519-d236 @A: 29 15 11 10 | 03
#0520-d236 @A: 30 35 14 29 | 10
#0521-d236 @A: 04 02 29 05 | 09
#0522-d236 @A: 29 02 34 31 | 04
#0523-d236 @A: 29 09 01 24 | 02
#0524-d236 @A: 06 29 09 34 | 12
#0525-d236 @A: 18 21 25 29 | 08
#0526-d236 @A: 08 33 35 29 | 06
#0527-d236 @A: 19 06 34 04 | 11
#0528-d236 @A: 24 27 19 06 | 05
#0529-d236 @A: 18 19 34 15 | 01
#0530-d236 @A: 15 09 16 10 | 07
#0531-d236 @A: 10 26 27 21 | 03
#0532-d236 @A: 08 33 04 10 | 10
#0533-d236 @A: 14 02 26 25 | 09
#0534-d236 @A: 14 11 33 22 | 04
#0535-d236 @A: 14 22 05 35 | 02
#0536-d236 @A: 21 01 02 26 | 12
#0537-d236 @A: 26 18 02 24 | 08
#0538-d236 @A: 02 31 24 25 | 06
#0539-d236 @A: 35 09 01 33 | 11
#0540-d236 @A: 27 18 33 09 | 05
#0541-d236 @A: 26 06 21 16 | 01
#0542-d236 @A: 33 34 31 26 | 07
#0543-d236 @A: 26 35 15 30 | 03
#0544-d236 @A: 24 26 34 16 | 10
#0545-d236 @A: 30 05 01 11 | 09
#0546-d236 @A: 34 11 01 16 | 04
#0547-d236 @A: 11 06 08 27 | 02
#0548-d236 @A: 15 25 11 05 | 12
#0549-d236 @A: 15 06 35 01 | 08
#0550-d236 @A: 24 01 30 33 | 06
#0551-d236 @A: 16 27 05 01 | 11
#0552-d236 @A: 06 33 22 24 | 05
#0553-d236 @A: 18 09 28 13 | 01
#0554-d236 @A: 07 26 13 17 | 07
#0555-d236 @A: 03 13 02 25 | 03
#0556-d236 @A: 19 15 25 13 | 10
#0557-d236 @A: 27 18 19 13 | 09
#0558-d236 @A: 09 13 05 02 | 04
#0559-d236 @A: 04 25 08 13 | 02
#0560-d236 @A: 27 04 21 13 | 12
#0561-d236 @A: 22 16 13 30 | 08
#0562-d236 @A: 12 32 21 14 | 06
#0563-d236 @A: 32 28 34 17 | 11
#0564-d236 @A: 17 32 31 21 | 05
#0565-d236 @A: 32 29 20 15 | 01
#0566-d236 @A: 20 30 32 01 | 07
#0567-d236 @A: 32 03 18 09 | 03
#0568-d236 @A: 19 32 15 30 | 10
#0569-d236 @A: 01 11 10 32 | 09
#0570-d236 @A: 02 01 33 32 | 04
#0571-d236 @A: 35 32 05 16 | 02
#0572-d236 @A: 11 28 01 12 | 12
#0573-d236 @A: 12 24 07 19 | 08
#0574-d236 @A: 12 07 35 11 | 06
#0575-d236 @A: 31 17 29 12 | 11
#0576-d236 @A: 08 14 12 17 | 05
#0577-d236 @A: 12 01 17 21 | 01
#0578-d236 @A: 12 35 20 03 | 07
#0579-d236 @A: 03 14 33 12 | 03
#0580-d236 @A: 04 09 12 10 | 10
#0581-d236 @A: 27 12 10 22 | 09
#0582-d236 @A: 12 14 11 04 | 04
#0583-d236 @A: 31 14 05 12 | 02
#0584-d236 @A: 21 02 12 31 | 12
#0585-d236 @A: 12 34 09 26 | 08
#0586-d236 @A: 16 12 33 22 | 06
#0587-d236 @A: 11 18 07 28 | 11
#0588-d236 @A: 28 26 22 17 | 05
#0589-d236 @A: 20 28 06 30 | 01
#0590-d236 @A: 30 03 10 28 | 07
#0591-d236 @A: 09 28 05 10 | 03
#0592-d236 @A: 16 28 11 10 | 10
#0593-d236 @A: 28 25 02 11 | 09
#0594-d236 @A: 09 28 24 26 | 04
#0595-d236 @A: 35 28 04 06 | 02
#0596-d236 @A: 18 16 06 28 | 12
#0597-d236 @A: 07 25 29 23 | 08
#0598-d236 @A: 17 11 23 27 | 06
#0599-d236 @A: 35 23 24 17 | 11
#0600-d236 @A: 11 23 03 35 | 05
#0601-d236 @A: 08 29 21 23 | 01
#0602-d236 @A: 02 05 23 24 | 07
#0603-d236 @A: 09 23 15 26 | 03
#0604-d236 @A: 34 09 23 11 | 10
#0605-d236 @A: 24 23 33 31 | 09
#0606-d236 @A: 15 08 33 23 | 04
#0607-d236 @A: 01 35 17 07 | 02
#0608-d236 @A: 20 18 07 19 | 12
#0609-d236 @A: 10 07 29 16 | 08
#0610-d236 @A: 07 19 11 05 | 06
#0611-d236 @A: 06 35 19 07 | 11
#0612-d236 @A: 09 07 14 30 | 05
#0613-d236 @A: 07 08 26 33 | 01
#0614-d236 @A: 07 05 24 04 | 07
#0615-d236 @A: 25 07 34 35 | 03
#0616-d236 @A: 07 31 15 27 | 10
#0617-d236 @A: 19 03 31 17 | 09
#0618-d236 @A: 17 01 03 08 | 04
#0619-d236 @A: 29 17 22 14 | 02
#0620-d236 @A: 17 27 33 19 | 12
#0621-d236 @A: 14 17 27 10 | 08
#0622-d236 @A: 17 25 10 06 | 06
#0623-d236 @A: 09 02 17 25 | 11
#0624-d236 @A: 06 33 30 17 | 05
#0625-d236 @A: 16 25 17 27 | 01
#0626-d236 @A: 35 17 33 16 | 07
#0627-d236 @A: 17 31 15 33 | 03
#0628-d236 @A: 01 06 20 09 | 10
#0629-d236 @A: 06 05 35 20 | 09
#0630-d236 @A: 15 25 33 20 | 04
#0631-d236 @A: 20 25 27 18 | 02
#0632-d236 @A: 15 22 18 20 | 12
#0633-d236 @A: 08 09 03 10 | 08
#0634-d236 @A: 02 14 18 03 | 06
#0635-d236 @A: 35 05 14 03 | 11
#0636-d236 @A: 11 31 30 03 | 05
#0637-d236 @A: 16 34 06 03 | 01
#0638-d236 @A: 31 03 25 33 | 07
#0639-d236 @A: 18 03 25 30 | 03
#0640-d236 @A: 03 05 08 33 | 10
#0641-d236 @A: 33 29 04 14 | 09
#0642-d236 @A: 29 09 04 30 | 04
#0643-d236 @A: 08 11 25 29 | 02
#0644-d236 @A: 15 31 04 29 | 12
#0645-d236 @A: 33 25 27 29 | 08
#0646-d236 @A: 29 18 05 34 | 06
#0647-d236 @A: 15 35 18 29 | 11
#0648-d236 @A: 19 02 27 10 | 05
#0649-d236 @A: 06 08 19 10 | 01
#0650-d236 @A: 22 19 02 18 | 07
#0651-d236 @A: 11 19 15 09 | 03
#0652-d236 @A: 30 19 08 33 | 10
#0653-d236 @A: 31 18 19 35 | 09
#0654-d236 @A: 10 02 24 14 | 04
#0655-d236 @A: 10 25 01 09 | 02
#0656-d236 @A: 35 04 27 10 | 12
#0657-d236 @A: 10 31 25 27 | 08
#0658-d236 @A: 18 34 10 33 | 06
#0659-d236 @A: 15 31 05 10 | 11
#0660-d236 @A: 34 02 11 14 | 05
#0661-d236 @A: 02 14 31 01 | 01
#0662-d236 @A: 33 35 15 14 | 07
#0663-d236 @A: 02 21 34 25 | 03
#0664-d236 @A: 26 09 01 16 | 10
#0665-d236 @A: 09 18 25 24 | 09
#0666-d236 @A: 35 09 25 08 | 04
#0667-d236 @A: 33 09 16 08 | 02
#0668-d236 @A: 11 34 05 26 | 12
#0669-d236 @A: 04 05 16 26 | 08
#0670-d236 @A: 05 22 21 26 | 06
#0671-d236 @A: 06 11 33 16 | 11
#0672-d236 @A: 11 21 31 35 | 05
#0673-d236 @A: 22 21 27 11 | 01
#0674-d236 @A: 11 16 35 08 | 07
#0675-d236 @A: 15 01 34 04 | 03
#0676-d236 @A: 25 01 21 16 | 10
#0677-d236 @A: 05 01 33 31 | 09
#0678-d236 @A: 16 01 35 31 | 04
#0679-d236 @A: 35 24 04 22 | 02
#0680-d236 @A: 22 34 33 25 | 12
#0681-d236 @A: 31 33 18 22 | 08
#0682-d236 @A: 16 22 05 08 | 06
#0683-d236 @A: 16 32 13 28 | 11
#0684-d236 @A: 19 32 13 10 | 05
#0685-d236 @A: 02 32 13 21 | 01
#0686-d236 @A: 32 04 22 13 | 07
#0687-d236 @A: 28 34 23 13 | 03
#0688-d236 @A: 18 07 13 14 | 10
#0689-d236 @A: 20 04 02 13 | 09
#0690-d236 @A: 13 20 15 09 | 04
#0691-d236 @A: 29 33 22 13 | 02
#0692-d236 @A: 01 13 19 22 | 12
#0693-d236 @A: 02 16 13 14 | 08
#0694-d236 @A: 13 14 11 30 | 06
#0695-d236 @A: 13 34 06 24 | 11
#0696-d236 @A: 13 33 22 08 | 05
#0697-d236 @A: 21 24 05 13 | 01
#0698-d236 @A: 12 32 27 19 | 07
#0699-d236 @A: 16 32 12 09 | 03
#0700-d236 @A: 35 23 32 28 | 10
#0701-d236 @A: 30 17 23 32 | 09
#0702-d236 @A: 15 03 32 23 | 04
#0703-d236 @A: 07 11 32 27 | 02
#0704-d236 @A: 19 35 32 20 | 12
#0705-d236 @A: 19 08 29 32 | 08
#0706-d236 @A: 29 11 32 30 | 06
#0707-d236 @A: 34 32 35 29 | 11
#0708-d236 @A: 05 09 11 32 | 05
#0709-d236 @A: 32 11 21 26 | 01
#0710-d236 @A: 28 15 14 12 | 07
#0711-d236 @A: 23 19 12 05 | 03
#0712-d236 @A: 23 11 08 12 | 10
#0713-d236 @A: 12 23 18 16 | 09
#0714-d236 @A: 05 17 12 35 | 04
#0715-d236 @A: 04 20 12 34 | 02
#0716-d236 @A: 12 03 16 29 | 12
#0717-d236 @A: 31 09 03 12 | 08
#0718-d236 @A: 12 29 25 02 | 06
#0719-d236 @A: 29 34 01 12 | 11
#0720-d236 @A: 18 10 12 11 | 05
#0721-d236 @A: 12 05 02 11 | 01
#0722-d236 @A: 12 33 11 09 | 07
#0723-d236 @A: 24 33 06 12 | 03
#0724-d236 @A: 24 25 12 04 | 10
#0725-d236 @A: 35 18 12 25 | 09
#0726-d236 @A: 24 16 35 12 | 04
#0727-d236 @A: 34 31 15 12 | 02
#0728-d236 @A: 24 27 31 12 | 12
#0729-d236 @A: 23 16 01 28 | 08
#0730-d236 @A: 28 29 17 30 | 06
#0731-d236 @A: 28 03 18 01 | 11
#0732-d236 @A: 10 28 29 24 | 05
#0733-d236 @A: 27 30 19 28 | 01
#0734-d236 @A: 10 27 01 28 | 07
#0735-d236 @A: 14 26 28 35 | 03
#0736-d236 @A: 05 14 28 11 | 10
#0737-d236 @A: 24 28 16 14 | 09
#0738-d236 @A: 28 04 33 22 | 04
#0739-d236 @A: 21 31 28 24 | 02
#0740-d236 @A: 17 23 05 07 | 12
#0741-d236 @A: 35 23 07 02 | 08
#0742-d236 @A: 22 23 16 17 | 06
#0743-d236 @A: 15 11 20 23 | 11
#0744-d236 @A: 27 23 29 02 | 05
#0745-d236 @A: 35 23 09 29 | 01
#0746-d236 @A: 23 33 26 29 | 07
#0747-d236 @A: 29 23 05 31 | 03
#0748-d236 @A: 23 10 25 30 | 10
#0749-d236 @A: 30 01 14 23 | 09
#0750-d236 @A: 35 14 23 16 | 04
#0751-d236 @A: 02 01 04 23 | 02
#0752-d236 @A: 05 23 01 09 | 12
#0753-d236 @A: 07 22 03 17 | 08
#0754-d236 @A: 07 17 14 31 | 06
#0755-d236 @A: 06 11 07 20 | 11
#0756-d236 @A: 07 10 03 31 | 05
#0757-d236 @A: 07 15 10 25 | 01
#0758-d236 @A: 01 14 07 04 | 07
#0759-d236 @A: 07 01 22 30 | 03
#0760-d236 @A: 24 21 27 07 | 10
#0761-d236 @A: 14 21 19 17 | 09
#0762-d236 @A: 17 11 19 01 | 04
#0763-d236 @A: 05 10 17 18 | 02
#0764-d236 @A: 02 05 01 17 | 12
#0765-d236 @A: 26 17 01 34 | 08
#0766-d236 @A: 21 17 26 24 | 06
#0767-d236 @A: 05 17 06 16 | 11
#0768-d236 @A: 21 33 17 04 | 05
#0769-d236 @A: 04 20 03 21 | 01
#0770-d236 @A: 29 20 33 16 | 07
#0771-d236 @A: 25 20 10 02 | 03
#0772-d236 @A: 20 24 06 14 | 10
#0773-d236 @A: 33 31 02 20 | 09
#0774-d236 @A: 22 31 20 09 | 04
#0775-d236 @A: 35 01 20 18 | 02
#0776-d236 @A: 04 24 20 15 | 12
#0777-d236 @A: 05 20 21 31 | 08
#0778-d236 @A: 20 30 08 24 | 06
#0779-d236 @A: 05 16 20 15 | 11
#0780-d236 @A: 03 15 05 29 | 05
#0781-d236 @A: 11 08 03 02 | 01
#0782-d236 @A: 03 02 22 11 | 07
#0783-d236 @A: 03 18 15 06 | 03
#0784-d236 @A: 03 21 34 30 | 10
#0785-d236 @A: 03 30 15 27 | 09
#0786-d236 @A: 14 34 19 29 | 04
#0787-d236 @A: 29 10 01 06 | 02
#0788-d236 @A: 04 25 29 06 | 12
#0789-d236 @A: 21 31 29 06 | 08
#0790-d236 @A: 15 29 30 25 | 06
#0791-d236 @A: 25 16 31 29 | 11
#0792-d236 @A: 33 18 29 31 | 05
#0793-d236 @A: 16 34 08 29 | 01
#0794-d236 @A: 27 05 29 24 | 07
#0795-d236 @A: 16 19 02 26 | 03
#0796-d236 @A: 25 04 09 19 | 10
#0797-d236 @A: 08 11 26 19 | 09
#0798-d236 @A: 21 33 19 06 | 04
#0799-d236 @A: 19 22 30 21 | 02
#0800-d236 @A: 24 30 19 35 | 12
#0801-d236 @A: 10 18 09 02 | 08
#0802-d236 @A: 34 10 24 01 | 06
#0803-d236 @A: 16 34 05 10 | 11
#0804-d236 @A: 22 34 18 10 | 05
#0805-d236 @A: 14 08 26 01 | 01
#0806-d236 @A: 18 04 14 24 | 07
#0807-d236 @A: 27 14 24 33 | 03
#0808-d236 @A: 08 31 26 02 | 10
#0809-d236 @A: 27 02 21 33 | 09
#0810-d236 @A: 02 15 18 21 | 04
#0811-d236 @A: 30 27 09 06 | 02
#0812-d236 @A: 08 15 09 18 | 12
#0813-d236 @A: 15 26 24 25 | 08
#0814-d236 @A: 27 15 34 26 | 06
#0815-d236 @A: 35 30 11 25 | 11
#0816-d236 @A: 11 16 24 25 | 05
#0817-d236 @A: 21 24 18 11 | 01
#0818-d236 @A: 34 24 11 22 | 07
#0819-d236 @A: 33 18 01 06 | 03
#0820-d236 @A: 31 01 21 34 | 10
#0821-d236 @A: 30 06 27 22 | 09
#0822-d236 @A: 06 08 35 22 | 04
#0823-d236 @A: 16 11 12 13 | 02
#0824-d236 @A: 11 07 13 31 | 12
#0825-d236 @A: 13 17 22 10 | 08
#0826-d236 @A: 01 27 17 13 | 06
#0827-d236 @A: 13 10 05 20 | 11
#0828-d236 @A: 03 13 19 34 | 05
#0829-d236 @A: 01 11 13 03 | 01
#0830-d236 @A: 13 02 31 19 | 07
#0831-d236 @A: 11 10 04 13 | 03
#0832-d236 @A: 09 31 14 13 | 10
#0833-d236 @A: 01 14 35 13 | 09
#0834-d236 @A: 09 11 21 13 | 04
#0835-d236 @A: 30 13 16 06 | 02
#0836-d236 @A: 27 06 35 13 | 12
#0837-d236 @A: 04 34 13 18 | 08
#0838-d236 @A: 25 15 22 13 | 06
#0839-d236 @A: 22 13 34 05 | 11
#0840-d236 @A: 32 26 20 28 | 05
#0841-d236 @A: 32 21 28 10 | 01
#0842-d236 @A: 28 27 32 09 | 07
#0843-d236 @A: 32 23 24 07 | 03
#0844-d236 @A: 32 06 20 23 | 10
#0845-d236 @A: 19 32 23 21 | 09
#0846-d236 @A: 08 23 09 32 | 04
#0847-d236 @A: 32 21 18 07 | 02
#0848-d236 @A: 32 02 27 17 | 12
#0849-d236 @A: 32 20 16 03 | 08
#0850-d236 @A: 31 03 26 32 | 06
#0851-d236 @A: 32 03 34 08 | 11
#0852-d236 @A: 32 19 01 24 | 05
#0853-d236 @A: 01 32 14 34 | 01
#0854-d236 @A: 11 32 06 04 | 07
#0855-d236 @A: 32 06 25 08 | 03
#0856-d236 @A: 21 08 32 04 | 10
#0857-d236 @A: 16 25 15 32 | 09
#0858-d236 @A: 34 32 21 22 | 04
#0859-d236 @A: 21 05 32 15 | 02
#0860-d236 @A: 03 12 24 28 | 12
#0861-d236 @A: 09 12 29 28 | 08
#0862-d236 @A: 25 33 28 12 | 06
#0863-d236 @A: 10 12 24 23 | 11
#0864-d236 @A: 02 12 04 07 | 05
#0865-d236 @A: 26 16 12 07 | 01
#0866-d236 @A: 12 17 11 24 | 07
#0867-d236 @A: 19 20 15 12 | 03
#0868-d236 @A: 10 26 20 12 | 10
#0869-d236 @A: 14 12 20 25 | 09
#0870-d236 @A: 02 12 06 18 | 04
#0871-d236 @A: 31 12 06 25 | 02
#0872-d236 @A: 30 12 33 05 | 12
#0873-d236 @A: 30 35 12 08 | 08
#0874-d236 @A: 05 18 22 12 | 06
#0875-d236 @A: 28 06 23 19 | 11
#0876-d236 @A: 21 23 28 14 | 05
#0877-d236 @A: 23 11 28 31 | 01
#0878-d236 @A: 28 06 07 27 | 07
#0879-d236 @A: 28 19 20 22 | 03
#0880-d236 @A: 03 28 04 15 | 10
#0881-d236 @A: 34 10 28 02 | 09
#0882-d236 @A: 26 10 06 28 | 04
#0883-d236 @A: 28 02 05 18 | 02
#0884-d236 @A: 26 16 28 08 | 12
#0885-d236 @A: 28 24 04 33 | 08
#0886-d236 @A: 34 28 04 27 | 06
#0887-d236 @A: 28 15 18 25 | 11
#0888-d236 @A: 28 08 21 15 | 05
#0889-d236 @A: 33 23 19 07 | 01
#0890-d236 @A: 02 17 03 23 | 07
#0891-d236 @A: 33 17 23 14 | 03
#0892-d236 @A: 23 01 20 08 | 10
#0893-d236 @A: 23 24 20 25 | 09
#0894-d236 @A: 19 09 18 23 | 04
#0895-d236 @A: 23 04 26 14 | 02
#0896-d236 @A: 26 06 23 22 | 12
#0897-d236 @A: 23 33 25 35 | 08
#0898-d236 @A: 10 17 19 07 | 06
#0899-d236 @A: 34 07 09 17 | 11
#0900-d236 @A: 06 07 18 17 | 05
#0901-d236 @A: 14 16 07 20 | 01
#0902-d236 @A: 35 03 22 07 | 07
#0903-d236 @A: 22 15 14 07 | 03
#0904-d236 @A: 11 02 07 33 | 10
#0905-d236 @A: 09 07 08 01 | 09
#0906-d236 @A: 04 30 07 06 | 04
#0907-d236 @A: 18 31 07 25 | 02
#0908-d236 @A: 17 18 26 20 | 12
#0909-d236 @A: 22 34 17 20 | 08
#0910-d236 @A: 02 26 35 17 | 06
#0911-d236 @A: 15 25 17 04 | 11
#0912-d236 @A: 25 24 30 17 | 05
#0913-d236 @A: 31 17 25 22 | 01
#0914-d236 @A: 05 24 17 34 | 07
#0915-d236 @A: 11 05 03 20 | 03
#0916-d236 @A: 04 19 01 20 | 10
#0917-d236 @A: 11 14 22 20 | 09
#0918-d236 @A: 02 15 01 20 | 04
#0919-d236 @A: 09 05 20 25 | 02
#0920-d236 @A: 25 20 26 16 | 12
#0921-d236 @A: 16 20 35 30 | 08
#0922-d236 @A: 20 34 15 30 | 06
#0923-d236 @A: 18 16 20 34 | 11
#0924-d236 @A: 08 27 31 20 | 05
#0925-d236 @A: 35 20 15 08 | 01
#0926-d236 @A: 27 14 29 03 | 07
#0927-d236 @A: 04 29 03 01 | 03
#0928-d236 @A: 15 03 19 33 | 10
#0929-d236 @A: 10 03 33 16 | 09
#0930-d236 @A: 30 06 03 24 | 04
#0931-d236 @A: 29 14 15 09 | 02
#0932-d236 @A: 30 05 29 21 | 12
#0933-d236 @A: 19 14 26 24 | 08
#0934-d236 @A: 16 14 19 22 | 06
#0935-d236 @A: 18 04 26 19 | 11
#0936-d236 @A: 34 05 19 01 | 05
#0937-d236 @A: 24 31 04 19 | 01
#0938-d236 @A: 25 27 19 34 | 07
#0939-d236 @A: 24 18 19 33 | 03
#0940-d236 @A: 31 26 09 10 | 10
#0941-d236 @A: 15 26 10 08 | 09
#0942-d236 @A: 10 15 21 34 | 04
#0943-d236 @A: 30 31 22 10 | 02
#0944-d236 @A: 27 08 05 10 | 12
#0945-d236 @A: 22 14 34 02 | 08
#0946-d236 @A: 11 14 27 09 | 06
#0947-d236 @A: 09 01 18 14 | 11
#0948-d236 @A: 14 09 25 06 | 05
#0949-d236 @A: 35 14 21 06 | 01
#0950-d236 @A: 16 06 27 14 | 07
#0951-d236 @A: 14 04 27 08 | 03
#0952-d236 @A: 14 16 18 05 | 10
#0953-d236 @A: 14 31 24 15 | 09
#0954-d236 @A: 09 02 34 04 | 04
#0955-d236 @A: 16 02 09 24 | 02
#0956-d236 @A: 02 18 08 27 | 12
#0957-d236 @A: 02 31 35 05 | 08
#0958-d236 @A: 34 24 27 02 | 06
#0959-d236 @A: 30 09 31 33 | 11
#0960-d236 @A: 15 21 35 09 | 05
#0961-d236 @A: 26 34 21 35 | 01
#0962-d236 @A: 01 06 11 31 | 07
#0963-d236 @A: 11 18 04 25 | 03
#0964-d236 @A: 04 11 05 35 | 10
#0965-d236 @A: 24 30 11 27 | 09
#0966-d236 @A: 16 31 22 11 | 04
#0967-d236 @A: 18 05 11 31 | 02
#0968-d236 @A: 27 33 01 04 | 12
#0969-d236 @A: 25 06 22 18 | 08
#0970-d236 @A: 35 06 21 22 | 06
#0971-d236 @A: 07 32 03 13 | 11
#0972-d236 @A: 20 13 18 32 | 05
#0973-d236 @A: 23 13 31 12 | 01
#0974-d236 @A: 15 13 12 01 | 07
#0975-d236 @A: 13 20 28 25 | 03
#0976-d236 @A: 05 13 28 29 | 10
#0977-d236 @A: 13 14 22 23 | 09
#0978-d236 @A: 19 30 13 07 | 04
#0979-d236 @A: 24 13 25 07 | 02
#0980-d236 @A: 17 03 16 13 | 12
#0981-d236 @A: 13 19 20 16 | 08
#0982-d236 @A: 13 20 27 30 | 06
#0983-d236 @A: 15 13 08 03 | 11
#0984-d236 @A: 13 11 05 06 | 05
#0985-d236 @A: 18 13 08 06 | 01
#0986-d236 @A: 21 33 34 13 | 07
#0987-d236 @A: 13 27 31 33 | 03
#0988-d236 @A: 16 13 34 31 | 10
#0989-d236 @A: 27 34 13 08 | 09
#0990-d236 @A: 28 25 32 19 | 04
#0991-d236 @A: 01 05 28 32 | 02
#0992-d236 @A: 16 32 29 23 | 12
#0993-d236 @A: 23 32 31 01 | 08
#0994-d236 @A: 23 22 05 32 | 06
#0995-d236 @A: 16 07 17 32 | 11
#0996-d236 @A: 32 26 19 17 | 05
#0997-d236 @A: 25 17 32 14 | 01
#0998-d236 @A: 32 22 06 17 | 07
#0999-d236 @A: 20 32 10 22 | 03
#1000-d236 @A: 20 08 02 32 | 10
#1001-d236 @A: 29 32 02 26 | 09
#1002-d236 @A: 06 32 09 19 | 04
#1003-d236 @A: 09 32 34 10 | 02
#1004-d236 @A: 32 11 14 08 | 12
#1005-d236 @A: 18 26 32 33 | 08
#1006-d236 @A: 35 33 32 06 | 06
#1007-d236 @A: 32 06 21 27 | 11
#1008-d236 @A: 18 25 05 32 | 05
#1009-d236 @A: 16 21 33 32 | 01
#1010-d236 @A: 24 33 32 08 | 07
#1011-d236 @A: 32 08 31 15 | 03
#1012-d236 @A: 24 34 31 32 | 10
#1013-d236 @A: 17 28 27 12 | 09
#1014-d236 @A: 28 19 35 12 | 04
#1015-d236 @A: 23 12 30 03 | 02
#1016-d236 @A: 01 23 33 12 | 12
#1017-d236 @A: 10 07 14 12 | 08
#1018-d236 @A: 12 17 33 10 | 06
#1019-d236 @A: 15 12 02 03 | 11
#1020-d236 @A: 22 03 09 12 | 05
#1021-d236 @A: 19 12 21 04 | 01
#1022-d236 @A: 12 15 06 10 | 07
#1023-d236 @A: 30 12 24 14 | 03
#1024-d236 @A: 33 35 21 12 | 10
#1025-d236 @A: 08 12 27 33 | 09
#1026-d236 @A: 35 27 15 12 | 04
#1027-d236 @A: 22 07 21 28 | 02
#1028-d236 @A: 17 14 28 18 | 12
#1029-d236 @A: 20 09 35 28 | 08
#1030-d236 @A: 28 24 20 11 | 06
#1031-d236 @A: 28 16 19 29 | 11
#1032-d236 @A: 21 11 29 28 | 05
#1033-d236 @A: 28 19 26 33 | 01
#1034-d236 @A: 09 14 02 28 | 07
#1035-d236 @A: 26 28 11 27 | 03
#1036-d236 @A: 27 21 28 05 | 10
#1037-d236 @A: 23 07 26 06 | 09
#1038-d236 @A: 17 20 16 23 | 04
#1039-d236 @A: 08 17 23 26 | 02
#1040-d236 @A: 23 17 18 31 | 12
#1041-d236 @A: 29 03 23 18 | 08
#1042-d236 @A: 03 19 23 16 | 06
#1043-d236 @A: 34 23 29 10 | 11
#1044-d236 @A: 06 02 23 11 | 05
#1045-d236 @A: 23 26 25 31 | 01
#1046-d236 @A: 23 24 04 21 | 07
#1047-d236 @A: 15 23 16 30 | 03
#1048-d236 @A: 22 35 23 30 | 10
#1049-d236 @A: 23 18 15 27 | 09
#1050-d236 @A: 20 07 04 17 | 04
#1051-d236 @A: 27 07 17 29 | 02
#1052-d236 @A: 03 06 14 07 | 12
#1053-d236 @A: 04 07 29 22 | 08
#1054-d236 @A: 25 19 02 07 | 06
#1055-d236 @A: 19 09 07 27 | 11
#1056-d236 @A: 22 19 33 07 | 05
#1057-d236 @A: 07 18 26 09 | 01
#1058-d236 @A: 07 24 06 31 | 07
#1059-d236 @A: 07 31 16 05 | 03
#1060-d236 @A: 07 34 08 31 | 10
#1061-d236 @A: 21 17 06 20 | 09
#1062-d236 @A: 03 17 24 29 | 04
#1063-d236 @A: 03 35 15 17 | 02
#1064-d236 @A: 19 17 24 09 | 12
#1065-d236 @A: 14 17 15 26 | 08
#1066-d236 @A: 02 17 18 11 | 06
#1067-d236 @A: 01 31 17 09 | 11
#1068-d236 @A: 15 09 05 17 | 05
#1069-d236 @A: 17 30 04 34 | 01
#1070-d236 @A: 34 35 17 27 | 07
#1071-d236 @A: 34 09 03 20 | 03
#1072-d236 @A: 19 20 33 10 | 10
#1073-d236 @A: 11 27 19 20 | 09
#1074-d236 @A: 20 01 10 16 | 04
#1075-d236 @A: 18 04 06 20 | 02
#1076-d236 @A: 15 06 20 31 | 12
#1077-d236 @A: 20 04 16 08 | 08
#1078-d236 @A: 20 25 22 08 | 06
#1079-d236 @A: 33 35 27 20 | 11
#1080-d236 @A: 27 03 11 10 | 05
#1081-d236 @A: 03 01 08 22 | 01
#1082-d236 @A: 06 03 04 05 | 07
#1083-d236 @A: 31 16 04 03 | 03
#1084-d236 @A: 03 18 24 05 | 10
#1085-d236 @A: 05 34 03 31 | 09
#1086-d236 @A: 26 22 18 29 | 04
#1087-d236 @A: 21 34 29 04 | 02
#1088-d236 @A: 14 04 10 19 | 12
#1089-d236 @A: 01 14 33 19 | 08
#1090-d236 @A: 09 33 19 02 | 06
#1091-d236 @A: 21 26 09 19 | 11
#1092-d236 @A: 01 26 19 27 | 05
#1093-d236 @A: 19 31 26 15 | 01
#1094-d236 @A: 19 24 11 34 | 07
#1095-d236 @A: 19 18 25 06 | 03
#1096-d236 @A: 15 04 19 35 | 10
#1097-d236 @A: 19 30 34 31 | 09
#1098-d236 @A: 08 10 02 01 | 04
#1099-d236 @A: 16 10 35 25 | 02
#1100-d236 @A: 10 21 08 24 | 12
#1101-d236 @A: 14 09 26 05 | 08
#1102-d236 @A: 04 16 25 14 | 06
#1103-d236 @A: 14 25 22 31 | 11
#1104-d236 @A: 14 35 27 25 | 05
#1105-d236 @A: 08 14 21 33 | 01
#1106-d236 @A: 05 15 30 14 | 07
#1107-d236 @A: 09 01 02 11 | 03
#1108-d236 @A: 02 25 06 05 | 10
#1109-d236 @A: 08 02 34 06 | 09
#1110-d236 @A: 33 02 15 04 | 04
#1111-d236 @A: 35 33 18 02 | 02
#1112-d236 @A: 35 31 22 02 | 12
#1113-d236 @A: 16 09 35 04 | 08
#1114-d236 @A: 04 09 08 05 | 06
#1115-d236 @A: 34 30 25 09 | 11
#1116-d236 @A: 22 09 27 33 | 05
#1117-d236 @A: 26 34 06 30 | 01
#1118-d236 @A: 05 26 31 24 | 07
#1119-d236 @A: 21 11 06 25 | 03
#1120-d236 @A: 30 01 35 34 | 10
#1121-d236 @A: 16 18 01 24 | 09
#1122-d236 @A: 27 18 31 01 | 04
#1123-d236 @A: 24 15 01 05 | 02
#1124-d236 @A: 15 24 22 21 | 12
#1125-d236 @A: 32 14 15 13 | 08
#1126-d236 @A: 13 04 28 12 | 06
#1127-d236 @A: 13 19 14 12 | 11
#1128-d236 @A: 13 30 26 12 | 05
#1129-d236 @A: 13 23 25 11 | 01
#1130-d236 @A: 23 01 13 24 | 07
#1131-d236 @A: 07 08 13 20 | 03
#1132-d236 @A: 26 20 13 31 | 10
#1133-d236 @A: 01 13 18 02 | 09
#1134-d236 @A: 04 13 16 24 | 04
#1135-d236 @A: 33 32 03 28 | 02
#1136-d236 @A: 07 32 19 34 | 12
#1137-d236 @A: 19 25 22 32 | 08
#1138-d236 @A: 10 14 32 06 | 06
#1139-d236 @A: 02 10 16 32 | 11
#1140-d236 @A: 32 16 14 26 | 05
#1141-d236 @A: 35 09 32 22 | 01
#1142-d236 @A: 32 27 34 33 | 07
#1143-d236 @A: 12 07 28 08 | 03
#1144-d236 @A: 28 34 12 30 | 10
#1145-d236 @A: 23 07 12 15 | 09
#1146-d236 @A: 25 22 12 23 | 04
#1147-d236 @A: 22 20 12 07 | 02
#1148-d236 @A: 02 17 12 16 | 12
#1149-d236 @A: 12 10 27 29 | 08
#1150-d236 @A: 10 16 12 19 | 06
#1151-d236 @A: 06 22 12 19 | 11
#1152-d236 @A: 05 10 21 12 | 05
#1153-d236 @A: 14 12 22 21 | 01
#1154-d236 @A: 01 24 02 12 | 07
#1155-d236 @A: 09 15 30 12 | 03
#1156-d236 @A: 01 26 12 04 | 10
#1157-d236 @A: 12 15 26 22 | 09
#1158-d236 @A: 06 12 08 04 | 04
#1159-d236 @A: 08 12 21 18 | 02
#1160-d236 @A: 17 28 09 16 | 12
#1161-d236 @A: 04 28 17 26 | 08
#1162-d236 @A: 28 03 34 11 | 06
#1163-d236 @A: 08 14 28 29 | 11
#1164-d236 @A: 01 25 28 29 | 05
#1165-d236 @A: 10 28 14 25 | 01
#1166-d236 @A: 14 06 28 01 | 07
#1167-d236 @A: 21 16 28 04 | 03
#1168-d236 @A: 30 28 24 15 | 10
#1169-d236 @A: 35 27 28 18 | 09
#1170-d236 @A: 18 22 28 27 | 04
#1171-d236 @A: 07 23 09 10 | 02
#1172-d236 @A: 07 04 11 23 | 12
#1173-d236 @A: 18 07 34 23 | 08
#1174-d236 @A: 20 23 26 30 | 06
#1175-d236 @A: 14 23 31 03 | 11
#1176-d236 @A: 19 31 23 10 | 05
#1177-d236 @A: 35 26 19 23 | 01
#1178-d236 @A: 23 16 10 27 | 07
#1179-d236 @A: 09 23 30 24 | 03
#1180-d236 @A: 34 33 23 06 | 10
#1181-d236 @A: 21 05 06 23 | 09
#1182-d236 @A: 04 05 15 23 | 04
#1183-d236 @A: 23 08 30 05 | 02
#1184-d236 @A: 23 27 31 34 | 12
#1185-d236 @A: 08 07 02 17 | 08
#1186-d236 @A: 09 20 33 07 | 06
#1187-d236 @A: 26 35 20 07 | 11
#1188-d236 @A: 21 07 29 19 | 05
#1189-d236 @A: 15 07 01 29 | 01
#1190-d236 @A: 07 10 27 33 | 07
#1191-d236 @A: 06 21 09 07 | 03
#1192-d236 @A: 07 26 21 25 | 10
#1193-d236 @A: 07 16 06 25 | 09
#1194-d236 @A: 10 15 17 20 | 04
#1195-d236 @A: 14 17 20 30 | 02
#1196-d236 @A: 03 21 27 17 | 12
#1197-d236 @A: 17 29 16 14 | 08
#1198-d236 @A: 17 14 06 02 | 06
#1199-d236 @A: 24 02 17 33 | 11
#1200-d236 @A: 27 26 17 31 | 05
#1201-d236 @A: 34 17 31 06 | 01
#1202-d236 @A: 05 04 27 17 | 07
#1203-d236 @A: 16 08 21 17 | 03
#1204-d236 @A: 35 22 17 18 | 10
#1205-d236 @A: 31 29 03 20 | 09
#1206-d236 @A: 20 05 29 01 | 04
#1207-d236 @A: 09 20 24 10 | 02
#1208-d236 @A: 21 10 20 11 | 12
#1209-d236 @A: 30 04 33 20 | 08
#1210-d236 @A: 25 21 19 03 | 06
#1211-d236 @A: 03 08 27 19 | 11
#1212-d236 @A: 24 03 22 19 | 05
#1213-d236 @A: 22 10 03 26 | 01
#1214-d236 @A: 33 02 03 34 | 07
#1215-d236 @A: 26 09 35 03 | 03
#1216-d236 @A: 09 04 03 11 | 10
#1217-d236 @A: 01 09 15 03 | 09
#1218-d236 @A: 16 03 18 26 | 04
#1219-d236 @A: 25 06 35 03 | 02
#1220-d236 @A: 25 34 15 03 | 12
#1221-d236 @A: 21 03 31 15 | 08
#1222-d236 @A: 26 29 04 10 | 06
#1223-d236 @A: 29 26 24 11 | 11
#1224-d236 @A: 18 08 29 01 | 05
#1225-d236 @A: 06 29 27 18 | 01
#1226-d236 @A: 29 16 18 04 | 07
#1227-d236 @A: 25 34 29 24 | 03
#1228-d236 @A: 27 21 35 29 | 10
#1229-d236 @A: 29 18 30 24 | 09
#1230-d236 @A: 15 29 08 27 | 04
#1231-d236 @A: 19 01 15 10 | 02
#1232-d236 @A: 19 35 14 02 | 12
#1233-d236 @A: 19 11 14 06 | 08
#1234-d236 @A: 02 11 21 19 | 06
#1235-d236 @A: 22 26 09 19 | 11
#1236-d236 @A: 01 30 19 09 | 05
#1237-d236 @A: 21 31 27 19 | 01
#1238-d236 @A: 05 19 21 35 | 07
#1239-d236 @A: 16 35 19 27 | 03
#1240-d236 @A: 10 11 06 09 | 10
#1241-d236 @A: 10 34 35 06 | 09
#1242-d236 @A: 34 27 10 30 | 04
#1243-d236 @A: 08 10 31 35 | 02
#1244-d236 @A: 08 09 34 14 | 12
#1245-d236 @A: 14 21 11 15 | 08
#1246-d236 @A: 18 25 14 33 | 06
#1247-d236 @A: 34 16 15 14 | 11
#1248-d236 @A: 06 02 15 16 | 05
#1249-d236 @A: 27 02 04 16 | 01
#1250-d236 @A: 15 02 25 35 | 07
#1251-d236 @A: 08 02 21 35 | 03
#1252-d236 @A: 08 02 30 16 | 10
#1253-d236 @A: 09 04 21 18 | 09
#1254-d236 @A: 24 26 08 06 | 04
#1255-d236 @A: 26 04 25 34 | 02
#1256-d236 @A: 04 26 24 30 | 12
#1257-d236 @A: 05 25 26 08 | 08
#1258-d236 @A: 35 22 26 33 | 06
#1259-d236 @A: 18 30 26 27 | 11
#1260-d236 @A: 04 27 11 31 | 05
#1261-d236 @A: 30 11 08 34 | 01
#1262-d236 @A: 11 27 16 18 | 07
#1263-d236 @A: 25 01 24 35 | 03
#1264-d236 @A: 01 33 34 08 | 10
#1265-d236 @A: 18 01 22 24 | 09
#1266-d236 @A: 16 22 21 18 | 04
#1267-d236 @A: 29 13 31 32 | 02
#1268-d236 @A: 12 34 13 35 | 12
#1269-d236 @A: 07 28 21 13 | 08
#1270-d236 @A: 09 17 23 13 | 06
#1271-d236 @A: 05 23 03 13 | 11
#1272-d236 @A: 07 05 01 13 | 05
#1273-d236 @A: 22 13 07 27 | 01
#1274-d236 @A: 02 17 13 30 | 07
#1275-d236 @A: 22 21 13 20 | 03
#1276-d236 @A: 21 03 13 18 | 10
#1277-d236 @A: 10 34 13 14 | 09
#1278-d236 @A: 08 13 09 30 | 04
#1279-d236 @A: 35 31 13 25 | 02
#1280-d236 @A: 13 25 05 27 | 12
#1281-d236 @A: 13 18 16 33 | 08
#1282-d236 @A: 08 22 12 32 | 06
#1283-d236 @A: 04 29 28 32 | 11
#1284-d236 @A: 28 02 32 24 | 05
#1285-d236 @A: 09 29 07 32 | 01
#1286-d236 @A: 07 32 22 11 | 07
#1287-d236 @A: 01 32 25 07 | 03
#1288-d236 @A: 24 17 20 32 | 10
#1289-d236 @A: 10 32 03 17 | 09
#1290-d236 @A: 18 01 17 32 | 04
#1291-d236 @A: 17 32 08 05 | 02
#1292-d236 @A: 20 04 09 32 | 12
#1293-d236 @A: 21 29 03 32 | 08
#1294-d236 @A: 29 24 32 14 | 06
#1295-d236 @A: 31 32 25 09 | 11
#1296-d236 @A: 26 22 32 31 | 05
#1297-d236 @A: 01 32 04 16 | 01
#1298-d236 @A: 30 06 32 18 | 07
#1299-d236 @A: 30 04 32 31 | 03
#1300-d236 @A: 24 32 27 35 | 10
#1301-d236 @A: 28 16 12 05 | 09
#1302-d236 @A: 27 12 23 26 | 04
#1303-d236 @A: 07 17 12 25 | 02
#1304-d236 @A: 30 12 29 07 | 12
#1305-d236 @A: 17 12 30 19 | 08
#1306-d236 @A: 12 08 20 29 | 06
#1307-d236 @A: 12 20 11 30 | 11
#1308-d236 @A: 31 20 12 01 | 05
#1309-d236 @A: 11 03 12 21 | 01
#1310-d236 @A: 12 05 01 03 | 07
#1311-d236 @A: 27 01 09 12 | 03
#1312-d236 @A: 09 24 21 12 | 10
#1313-d236 @A: 08 12 25 01 | 09
#1314-d236 @A: 12 30 06 21 | 04
#1315-d236 @A: 30 12 25 16 | 02
#1316-d236 @A: 31 12 22 34 | 12
#1317-d236 @A: 18 28 23 04 | 08
#1318-d236 @A: 15 20 07 28 | 06
#1319-d236 @A: 16 02 28 07 | 11
#1320-d236 @A: 28 17 15 01 | 05
#1321-d236 @A: 20 33 28 14 | 01
#1322-d236 @A: 28 02 27 20 | 07
#1323-d236 @A: 28 31 02 03 | 03
#1324-d236 @A: 03 21 09 28 | 10
#1325-d236 @A: 02 33 29 28 | 09
#1326-d236 @A: 28 14 31 34 | 04
#1327-d236 @A: 35 28 01 02 | 02
#1328-d236 @A: 33 15 27 28 | 12
#1329-d236 @A: 35 24 05 28 | 08
#1330-d236 @A: 23 07 20 31 | 06
#1331-d236 @A: 23 07 21 03 | 11
#1332-d236 @A: 23 24 26 03 | 05
#1333-d236 @A: 29 11 23 01 | 01
#1334-d236 @A: 11 23 10 05 | 07
#1335-d236 @A: 11 23 16 26 | 03
#1336-d236 @A: 26 01 23 18 | 10
#1337-d236 @A: 22 18 23 11 | 09
#1338-d236 @A: 25 15 06 23 | 04
#1339-d236 @A: 18 23 08 25 | 02
#1340-d236 @A: 34 10 20 07 | 12
#1341-d236 @A: 07 04 08 19 | 08
#1342-d236 @A: 31 30 07 01 | 06
#1343-d236 @A: 15 07 06 08 | 11
#1344-d236 @A: 33 25 05 07 | 05
#1345-d236 @A: 25 07 30 08 | 01
#1346-d236 @A: 33 21 30 07 | 07
#1347-d236 @A: 24 33 07 16 | 03
#1348-d236 @A: 24 34 30 07 | 10
#1349-d236 @A: 07 15 35 05 | 09
#1350-d236 @A: 05 33 20 17 | 04
#1351-d236 @A: 29 17 18 19 | 02
#1352-d236 @A: 09 21 17 29 | 12
#1353-d236 @A: 17 16 01 30 | 08
#1354-d236 @A: 20 30 19 03 | 06
#1355-d236 @A: 18 20 10 03 | 11
#1356-d236 @A: 25 29 20 19 | 05
#1357-d236 @A: 20 34 27 29 | 01
#1358-d236 @A: 20 09 31 19 | 07
#1359-d236 @A: 05 30 22 20 | 03
#1360-d236 @A: 11 18 03 19 | 10
#1361-d236 @A: 03 27 26 02 | 09
#1362-d236 @A: 30 01 03 26 | 04
#1363-d236 @A: 06 27 33 03 | 02
#1364-d236 @A: 04 18 03 27 | 12
#1365-d236 @A: 03 31 18 08 | 08
#1366-d236 @A: 29 10 19 05 | 06
#1367-d236 @A: 29 19 26 30 | 11
#1368-d236 @A: 10 29 21 02 | 05
#1369-d236 @A: 02 29 06 24 | 01
#1370-d236 @A: 11 31 29 09 | 07
#1371-d236 @A: 29 26 01 35 | 03
#1372-d236 @A: 29 22 25 30 | 10
#1373-d236 @A: 29 16 24 21 | 09
#1374-d236 @A: 08 15 22 29 | 04
#1375-d236 @A: 29 22 24 05 | 02
#1376-d236 @A: 11 10 35 26 | 12
#1377-d236 @A: 24 10 06 05 | 08
#1378-d236 @A: 05 10 30 04 | 06
#1379-d236 @A: 15 04 10 18 | 11
#1380-d236 @A: 05 14 08 02 | 05
#1381-d236 @A: 11 26 31 14 | 01
#1382-d236 @A: 14 04 06 15 | 07
#1383-d236 @A: 31 18 14 06 | 03
#1384-d236 @A: 25 14 08 15 | 10
#1385-d236 @A: 18 27 21 14 | 09
#1386-d236 @A: 27 09 35 02 | 04
#1387-d236 @A: 18 31 02 04 | 02
#1388-d236 @A: 15 30 22 02 | 12
#1389-d236 @A: 02 08 24 15 | 08
#1390-d236 @A: 02 15 34 05 | 06
#1391-d236 @A: 15 09 06 24 | 11
#1392-d236 @A: 25 33 21 09 | 05
#1393-d236 @A: 24 33 09 05 | 01
#1394-d236 @A: 09 16 34 27 | 07
#1395-d236 @A: 26 25 33 30 | 03
#1396-d236 @A: 35 24 33 26 | 10
#1397-d236 @A: 08 21 26 30 | 09
#1398-d236 @A: 34 04 33 11 | 04
#1399-d236 @A: 15 04 11 08 | 02
#1400-d236 @A: 01 06 30 25 | 12
#1401-d236 @A: 34 18 25 01 | 08
#1402-d236 @A: 32 24 09 13 | 06
#1403-d236 @A: 11 32 35 13 | 11
#1404-d236 @A: 33 13 07 12 | 05
#1405-d236 @A: 13 35 12 22 | 01
#1406-d236 @A: 28 33 13 10 | 07
#1407-d236 @A: 15 13 23 29 | 03
#1408-d236 @A: 13 23 19 04 | 10
#1409-d236 @A: 13 14 06 23 | 09
#1410-d236 @A: 13 06 07 10 | 04
#1411-d236 @A: 09 35 07 13 | 02
#1412-d236 @A: 05 17 13 14 | 12
#1413-d236 @A: 14 13 21 20 | 08
#1414-d236 @A: 20 13 33 01 | 06
#1415-d236 @A: 13 29 03 30 | 11
#1416-d236 @A: 06 31 03 13 | 05
#1417-d236 @A: 18 22 03 13 | 01
#1418-d236 @A: 26 13 08 29 | 07
#1419-d236 @A: 13 26 16 35 | 03
#1420-d236 @A: 24 31 30 13 | 10
#1421-d236 @A: 13 05 34 30 | 09
#1422-d236 @A: 15 31 13 18 | 04
#1423-d236 @A: 12 32 15 17 | 02
#1424-d236 @A: 32 35 01 12 | 12
#1425-d236 @A: 32 02 23 25 | 08
#1426-d236 @A: 35 09 17 32 | 06
#1427-d236 @A: 32 11 33 17 | 11
#1428-d236 @A: 24 22 32 17 | 05
#1429-d236 @A: 21 32 20 34 | 01
#1430-d236 @A: 35 32 02 03 | 07
#1431-d236 @A: 32 29 10 25 | 03
#1432-d236 @A: 31 33 32 19 | 10
#1433-d236 @A: 32 27 18 10 | 09
#1434-d236 @A: 09 32 21 01 | 04
#1435-d236 @A: 26 15 32 01 | 02
#1436-d236 @A: 06 16 24 32 | 12
#1437-d236 @A: 32 25 21 24 | 08
#1438-d236 @A: 35 32 30 21 | 06
#1439-d236 @A: 34 32 30 16 | 11
#1440-d236 @A: 24 32 18 15 | 05
#1441-d236 @A: 28 12 23 02 | 01
#1442-d236 @A: 10 31 28 12 | 07
#1443-d236 @A: 12 23 21 20 | 03
#1444-d236 @A: 07 05 12 09 | 10
#1445-d236 @A: 02 09 12 20 | 09
#1446-d236 @A: 06 20 16 12 | 04
#1447-d236 @A: 12 02 33 26 | 02
#1448-d236 @A: 31 12 26 35 | 12
#1449-d236 @A: 12 31 04 33 | 08
#1450-d236 @A: 24 30 12 22 | 06
#1451-d236 @A: 08 16 31 12 | 11
#1452-d236 @A: 12 15 05 08 | 05
#1453-d236 @A: 27 28 23 24 | 01
#1454-d236 @A: 17 10 28 35 | 07
#1455-d236 @A: 17 11 28 06 | 03
#1456-d236 @A: 20 10 28 08 | 10
#1457-d236 @A: 28 01 34 20 | 09
#1458-d236 @A: 29 03 06 28 | 04
#1459-d236 @A: 28 14 03 19 | 02
#1460-d236 @A: 08 02 28 04 | 12
#1461-d236 @A: 09 30 28 11 | 08
#1462-d236 @A: 28 33 05 34 | 06
#1463-d236 @A: 21 18 28 30 | 11
#1464-d236 @A: 24 34 28 18 | 05
#1465-d236 @A: 14 07 23 08 | 01
#1466-d236 @A: 27 07 23 01 | 07
#1467-d236 @A: 20 03 33 23 | 03
#1468-d236 @A: 20 19 34 23 | 10
#1469-d236 @A: 01 23 03 34 | 09
#1470-d236 @A: 06 30 29 23 | 04
#1471-d236 @A: 08 02 19 23 | 02
#1472-d236 @A: 19 30 11 23 | 12
#1473-d236 @A: 23 16 31 02 | 08
#1474-d236 @A: 33 21 11 23 | 06
#1475-d236 @A: 23 22 04 18 | 11
#1476-d236 @A: 30 21 23 31 | 05
#1477-d236 @A: 15 31 35 23 | 01
#1478-d236 @A: 05 34 35 23 | 07
#1479-d236 @A: 11 17 07 21 | 03
#1480-d236 @A: 24 17 15 07 | 10
#1481-d236 @A: 29 07 24 20 | 09
#1482-d236 @A: 19 03 26 07 | 04
#1483-d236 @A: 18 29 07 02 | 02
#1484-d236 @A: 07 14 19 15 | 12
#1485-d236 @A: 35 07 21 10 | 08
#1486-d236 @A: 01 34 02 07 | 06
#1487-d236 @A: 22 07 09 18 | 11
#1488-d236 @A: 06 34 05 07 | 05
#1489-d236 @A: 31 21 07 04 | 01
#1490-d236 @A: 26 25 29 17 | 07
#1491-d236 @A: 17 21 22 19 | 03
#1492-d236 @A: 34 19 16 17 | 10
#1493-d236 @A: 16 10 26 17 | 09
#1494-d236 @A: 09 04 17 14 | 04
#1495-d236 @A: 17 11 09 08 | 02
#1496-d236 @A: 06 08 35 17 | 12
#1497-d236 @A: 22 17 33 30 | 08
#1498-d236 @A: 29 20 18 09 | 06
#1499-d236 @A: 19 20 14 05 | 11
#1500-d236 @A: 06 10 27 20 | 05
#1501-d236 @A: 20 09 30 21 | 01
#1502-d236 @A: 20 34 08 05 | 07
#1503-d236 @A: 29 02 19 03 | 03
#1504-d236 @A: 14 03 24 09 | 10
#1505-d236 @A: 03 14 16 11 | 09
#1506-d236 @A: 25 16 08 03 | 04
#1507-d236 @A: 31 03 22 05 | 02
#1508-d236 @A: 29 27 04 19 | 12
#1509-d236 @A: 14 31 29 10 | 08
#1510-d236 @A: 09 29 22 10 | 06
#1511-d236 @A: 29 01 35 22 | 11
#1512-d236 @A: 16 06 35 29 | 05
#1513-d236 @A: 22 29 21 31 | 01
#1514-d236 @A: 27 16 30 29 | 07
#1515-d236 @A: 09 10 35 19 | 03
#1516-d236 @A: 25 11 19 10 | 10
#1517-d236 @A: 06 19 01 02 | 09
#1518-d236 @A: 04 19 16 30 | 04
#1519-d236 @A: 19 08 21 34 | 02
#1520-d236 @A: 19 05 24 16 | 12
#1521-d236 @A: 08 22 10 14 | 08
#1522-d236 @A: 02 10 24 22 | 06
#1523-d236 @A: 11 22 25 10 | 11
#1524-d236 @A: 05 06 22 10 | 05
#1525-d236 @A: 10 34 31 04 | 01
#1526-d236 @A: 24 25 33 10 | 07
#1527-d236 @A: 31 10 21 33 | 03
#1528-d236 @A: 24 10 15 27 | 10
#1529-d236 @A: 14 34 35 04 | 09
#1530-d236 @A: 30 14 31 27 | 04
#1531-d236 @A: 14 34 05 27 | 02
#1532-d236 @A: 06 30 02 35 | 12
#1533-d236 @A: 04 25 02 30 | 08
#1534-d236 @A: 35 31 06 09 | 06
#1535-d236 @A: 04 22 05 09 | 11
#1536-d236 @A: 09 22 25 24 | 05
#1537-d236 @A: 09 33 15 34 | 01
#1538-d236 @A: 31 09 24 08 | 07
#1539-d236 @A: 26 31 04 06 | 03
#1540-d236 @A: 16 26 31 30 | 10
#1541-d236 @A: 27 35 05 26 | 09
#1542-d236 @A: 08 11 01 21 | 04
#1543-d236 @A: 18 01 11 15 | 02
#1544-d236 @A: 11 04 30 21 | 12
#1545-d236 @A: 15 35 11 34 | 08
#1546-d236 @A: 04 05 25 01 | 06
#1547-d236 @A: 31 22 01 04 | 11
#1548-d236 @A: 15 33 16 01 | 05
#1549-d236 @A: 30 21 27 01 | 01
#1550-d236 @A: 18 21 01 05 | 07
#1551-d236 @A: 18 30 08 22 | 03
#1552-d236 @A: 13 12 05 32 | 10
#1553-d236 @A: 34 32 13 25 | 09
#1554-d236 @A: 17 20 12 13 | 04
#1555-d236 @A: 29 21 13 12 | 02
#1556-d236 @A: 27 13 14 28 | 12
#1557-d236 @A: 02 13 06 28 | 08
#1558-d236 @A: 11 13 08 28 | 06
#1559-d236 @A: 23 35 20 13 | 11
#1560-d236 @A: 13 23 21 26 | 05
#1561-d236 @A: 13 25 17 18 | 01
#1562-d236 @A: 29 13 19 09 | 07
#1563-d236 @A: 35 29 13 02 | 03
#1564-d236 @A: 19 33 11 13 | 10
#1565-d236 @A: 13 16 10 21 | 09
#1566-d236 @A: 35 13 30 10 | 04
#1567-d236 @A: 13 26 24 22 | 02
#1568-d236 @A: 13 04 15 30 | 12
#1569-d236 @A: 08 13 31 21 | 08
#1570-d236 @A: 13 15 27 16 | 06
#1571-d236 @A: 26 12 32 24 | 11
#1572-d236 @A: 12 11 34 32 | 05
#1573-d236 @A: 32 30 22 28 | 01
#1574-d236 @A: 18 28 32 31 | 07
#1575-d236 @A: 32 20 14 27 | 03
#1576-d236 @A: 05 03 27 32 | 10
#1577-d236 @A: 32 29 27 01 | 09
#1578-d236 @A: 32 29 33 05 | 04
#1579-d236 @A: 18 19 32 14 | 02
#1580-d236 @A: 05 32 26 10 | 12
#1581-d236 @A: 10 32 15 35 | 08
#1582-d236 @A: 32 09 33 14 | 06
#1583-d236 @A: 15 32 02 09 | 11
#1584-d236 @A: 02 33 22 32 | 05
#1585-d236 @A: 26 35 25 32 | 01
#1586-d236 @A: 04 32 15 27 | 07
#1587-d236 @A: 29 14 23 12 | 03
#1588-d236 @A: 08 03 12 26 | 10
#1589-d236 @A: 29 24 15 12 | 09
#1590-d236 @A: 12 27 06 05 | 04
#1591-d236 @A: 16 04 15 12 | 02
#1592-d236 @A: 12 16 33 34 | 12
#1593-d236 @A: 27 34 18 12 | 08
#1594-d236 @A: 23 08 28 03 | 06
#1595-d236 @A: 28 09 33 23 | 11
#1596-d236 @A: 22 28 09 23 | 05
#1597-d236 @A: 05 23 26 28 | 01
#1598-d236 @A: 19 31 28 07 | 07
#1599-d236 @A: 01 08 28 19 | 03
#1600-d236 @A: 04 30 14 28 | 10
#1601-d236 @A: 08 09 06 28 | 09
#1602-d236 @A: 01 21 33 28 | 04
#1603-d236 @A: 24 06 25 28 | 02
#1604-d236 @A: 15 16 35 28 | 12
#1605-d236 @A: 07 22 10 23 | 08
#1606-d236 @A: 03 10 06 23 | 06
#1607-d236 @A: 23 21 15 01 | 11
#1608-d236 @A: 30 23 27 33 | 05
#1609-d236 @A: 23 21 16 34 | 01
#1610-d236 @A: 23 15 22 08 | 07
#1611-d236 @A: 03 07 25 20 | 03
#1612-d236 @A: 07 27 34 03 | 10
#1613-d236 @A: 10 07 02 05 | 09
#1614-d236 @A: 10 08 11 07 | 04
#1615-d236 @A: 11 07 14 25 | 02
#1616-d236 @A: 33 07 14 34 | 12
#1617-d236 @A: 02 22 07 26 | 08
#1618-d236 @A: 04 18 07 33 | 06
#1619-d236 @A: 07 22 25 05 | 11
#1620-d236 @A: 16 07 22 34 | 05
#1621-d236 @A: 11 17 31 20 | 01
#1622-d236 @A: 20 17 25 01 | 07
#1623-d236 @A: 03 17 18 33 | 03
#1624-d236 @A: 10 17 08 29 | 10
#1625-d236 @A: 25 35 17 19 | 09
#1626-d236 @A: 02 17 10 31 | 04
#1627-d236 @A: 10 30 17 09 | 02
#1628-d236 @A: 35 11 17 14 | 12
#1629-d236 @A: 01 17 14 24 | 08
#1630-d236 @A: 04 17 11 16 | 06
#1631-d236 @A: 06 24 04 17 | 11
#1632-d236 @A: 35 17 04 31 | 05
#1633-d236 @A: 17 30 15 21 | 01
#1634-d236 @A: 34 17 18 21 | 07
#1635-d236 @A: 15 20 26 03 | 03
#1636-d236 @A: 03 06 22 20 | 10
#1637-d236 @A: 20 21 29 26 | 09
#1638-d236 @A: 22 29 24 20 | 04
#1639-d236 @A: 26 05 02 20 | 02
#1640-d236 @A: 20 02 27 22 | 12
#1641-d236 @A: 34 06 20 25 | 08
#1642-d236 @A: 25 30 31 20 | 06
#1643-d236 @A: 20 18 05 30 | 11
#1644-d236 @A: 20 35 34 31 | 05
#1645-d236 @A: 19 09 03 05 | 01
#1646-d236 @A: 14 21 03 26 | 07
#1647-d236 @A: 21 03 02 05 | 03
#1648-d236 @A: 03 04 33 26 | 10
#1649-d236 @A: 34 04 24 03 | 09
#1650-d236 @A: 03 33 21 22 | 04
#1651-d236 @A: 35 03 34 18 | 02
#1652-d236 @A: 35 29 11 19 | 12
#1653-d236 @A: 11 16 29 02 | 08
#1654-d236 @A: 30 02 29 01 | 06
#1655-d236 @A: 21 33 29 15 | 11
#1656-d236 @A: 35 24 29 31 | 05
#1657-d236 @A: 19 26 10 34 | 01
#1658-d236 @A: 30 14 19 25 | 07
#1659-d236 @A: 19 06 05 30 | 03
#1660-d236 @A: 04 19 08 22 | 10
#1661-d236 @A: 34 33 19 35 | 09
#1662-d236 @A: 14 10 11 33 | 04
#1663-d236 @A: 22 01 16 10 | 02
#1664-d236 @A: 30 10 31 06 | 12
#1665-d236 @A: 04 10 21 25 | 08
#1666-d236 @A: 30 10 24 16 | 06
#1667-d236 @A: 21 05 04 14 | 11
#1668-d236 @A: 25 14 24 05 | 05
#1669-d236 @A: 16 14 21 30 | 01
#1670-d236 @A: 18 08 14 35 | 07
#1671-d236 @A: 04 06 02 21 | 03
#1672-d236 @A: 08 33 02 25 | 10
#1673-d236 @A: 30 15 02 31 | 09
#1674-d236 @A: 26 09 25 11 | 04
#1675-d236 @A: 09 27 24 04 | 02
#1676-d236 @A: 27 25 09 15 | 12
#1677-d236 @A: 09 08 21 22 | 08
#1678-d236 @A: 18 16 09 30 | 06
#1679-d236 @A: 09 34 22 30 | 11
#1680-d236 @A: 05 30 35 09 | 05
#1681-d236 @A: 01 06 05 26 | 01
#1682-d236 @A: 26 16 33 27 | 07
#1683-d236 @A: 34 26 22 08 | 03
#1684-d236 @A: 04 01 24 11 | 10
#1685-d236 @A: 06 24 35 11 | 09
#1686-d236 @A: 11 33 31 08 | 04
#1687-d236 @A: 24 15 11 33 | 02
#1688-d236 @A: 24 21 06 01 | 12
#1689-d236 @A: 16 04 22 15 | 08
