#0001-d251 @A: 21 18 35 16 | 05
#0002-d251 @A: 18 31 17 07 | 02
#0003-d251 @A: 10 05 18 30 | 01
#0004-d251 @A: 05 34 12 18 | 10
#0005-d251 @A: 28 35 20 18 | 06
#0006-d251 @A: 35 18 09 32 | 09
#0007-d251 @A: 33 11 09 18 | 04
#0008-d251 @A: 32 19 18 03 | 12
#0009-d251 @A: 10 19 18 25 | 07
#0010-d251 @A: 18 01 13 10 | 11
#0011-d251 @A: 29 08 06 18 | 08
#0012-d251 @A: 08 18 19 13 | 03
#0013-d251 @A: 18 20 34 19 | 05
#0014-d251 @A: 18 20 25 02 | 02
#0015-d251 @A: 20 18 14 12 | 01
#0016-d251 @A: 17 28 16 02 | 10
#0017-d251 @A: 29 24 16 17 | 06
#0018-d251 @A: 23 28 11 16 | 09
#0019-d251 @A: 28 13 16 27 | 04
#0020-d251 @A: 28 32 16 34 | 12
#0021-d251 @A: 32 22 14 16 | 07
#0022-d251 @A: 01 16 03 27 | 11
#0023-d251 @A: 16 14 03 33 | 08
#0024-d251 @A: 08 16 12 23 | 03
#0025-d251 @A: 24 23 16 07 | 05
#0026-d251 @A: 31 16 34 15 | 02
#0027-d251 @A: 07 01 08 16 | 01
#0028-d251 @A: 16 19 34 11 | 10
#0029-d251 @A: 32 19 16 01 | 06
#0030-d251 @A: 21 16 30 29 | 09
#0031-d251 @A: 06 28 17 05 | 04
#0032-d251 @A: 17 05 01 10 | 12
#0033-d251 @A: 28 33 22 17 | 07
#0034-d251 @A: 15 17 28 30 | 11
#0035-d251 @A: 09 17 10 12 | 08
#0036-d251 @A: 27 13 17 22 | 03
#0037-d251 @A: 22 29 06 17 | 05
#0038-d251 @A: 17 31 35 22 | 02
#0039-d251 @A: 14 34 17 22 | 01
#0040-d251 @A: 03 15 11 17 | 10
#0041-d251 @A: 03 17 24 06 | 06
#0042-d251 @A: 26 10 17 27 | 09
#0043-d251 @A: 35 10 04 17 | 04
#0044-d251 @A: 34 10 33 17 | 12
#0045-d251 @A: 34 17 27 12 | 07
#0046-d251 @A: 27 01 26 17 | 11
#0047-d251 @A: 17 08 04 33 | 08
#0048-d251 @A: 31 17 24 14 | 03
#0049-d251 @A: 26 02 17 12 | 05
#0050-d251 @A: 14 21 17 13 | 02
#0051-d251 @A: 02 05 07 28 | 01
#0052-d251 @A: 03 05 09 11 | 10
#0053-d251 @A: 22 27 05 21 | 06
#0054-d251 @A: 06 03 26 05 | 09
#0055-d251 @A: 04 23 05 10 | 04
#0056-d251 @A: 05 27 30 24 | 12
#0057-d251 @A: 08 05 21 19 | 07
#0058-d251 @A: 06 02 05 25 | 11
#0059-d251 @A: 04 24 25 05 | 08
#0060-d251 @A: 05 14 12 07 | 03
#0061-d251 @A: 01 33 21 05 | 05
#0062-d251 @A: 21 05 30 31 | 02
#0063-d251 @A: 13 15 28 09 | 01
#0064-d251 @A: 13 03 28 23 | 10
#0065-d251 @A: 30 28 10 32 | 06
#0066-d251 @A: 06 33 28 12 | 09
#0067-d251 @A: 35 03 09 04 | 04
#0068-d251 @A: 24 09 08 12 | 12
#0069-d251 @A: 09 02 11 24 | 07
#0070-d251 @A: 01 09 32 04 | 11
#0071-d251 @A: 07 09 20 32 | 08
#0072-d251 @A: 33 12 31 09 | 03
#0073-d251 @A: 26 09 21 12 | 05
#0074-d251 @A: 10 22 07 15 | 02
#0075-d251 @A: 08 22 01 10 | 01
#0076-d251 @A: 24 22 02 08 | 10
#0077-d251 @A: 22 13 33 20 | 06
#0078-d251 @A: 35 23 03 30 | 09
#0079-d251 @A: 15 27 03 13 | 04
#0080-d251 @A: 24 15 32 03 | 12
#0081-d251 @A: 03 29 14 06 | 07
#0082-d251 @A: 04 07 03 02 | 11
#0083-d251 @A: 21 03 33 32 | 08
#0084-d251 @A: 21 25 03 11 | 03
#0085-d251 @A: 31 23 27 15 | 05
#0086-d251 @A: 15 35 23 07 | 02
#0087-d251 @A: 15 23 34 21 | 01
#0088-d251 @A: 34 23 14 27 | 10
#0089-d251 @A: 06 23 19 26 | 06
#0090-d251 @A: 24 19 21 23 | 09
#0091-d251 @A: 23 19 04 35 | 04
#0092-d251 @A: 01 20 02 23 | 12
#0093-d251 @A: 20 13 23 32 | 07
#0094-d251 @A: 11 20 33 23 | 11
#0095-d251 @A: 23 21 26 32 | 08
#0096-d251 @A: 27 15 30 10 | 03
#0097-d251 @A: 10 21 35 15 | 05
#0098-d251 @A: 32 10 27 08 | 02
#0099-d251 @A: 31 20 33 10 | 01
#0100-d251 @A: 30 12 14 10 | 10
#0101-d251 @A: 26 15 06 27 | 06
#0102-d251 @A: 24 15 06 13 | 09
#0103-d251 @A: 15 14 06 35 | 04
#0104-d251 @A: 07 06 12 15 | 12
#0105-d251 @A: 07 15 01 06 | 07
#0106-d251 @A: 02 15 29 12 | 11
#0107-d251 @A: 13 12 15 25 | 08
#0108-d251 @A: 15 14 29 07 | 03
#0109-d251 @A: 33 12 15 32 | 05
#0110-d251 @A: 11 01 15 32 | 02
#0111-d251 @A: 08 06 27 31 | 01
#0112-d251 @A: 14 24 08 27 | 10
#0113-d251 @A: 20 27 33 25 | 06
#0114-d251 @A: 12 26 33 27 | 09
#0115-d251 @A: 27 25 26 30 | 04
#0116-d251 @A: 24 26 08 35 | 12
#0117-d251 @A: 33 25 08 24 | 07
#0118-d251 @A: 25 19 08 34 | 11
#0119-d251 @A: 34 11 26 08 | 08
#0120-d251 @A: 30 02 14 08 | 03
#0121-d251 @A: 08 26 14 07 | 05
#0122-d251 @A: 06 02 11 13 | 02
#0123-d251 @A: 25 13 20 06 | 01
#0124-d251 @A: 25 12 29 06 | 10
#0125-d251 @A: 01 32 21 06 | 06
#0126-d251 @A: 30 33 06 11 | 09
#0127-d251 @A: 33 12 19 04 | 04
#0128-d251 @A: 11 02 19 14 | 12
#0129-d251 @A: 02 19 30 29 | 07
#0130-d251 @A: 19 07 12 26 | 11
#0131-d251 @A: 19 33 11 26 | 08
#0132-d251 @A: 29 35 33 34 | 03
#0133-d251 @A: 33 35 07 04 | 05
#0134-d251 @A: 21 30 02 35 | 02
#0135-d251 @A: 21 32 35 14 | 01
#0136-d251 @A: 04 29 34 25 | 10
#0137-d251 @A: 34 11 21 04 | 06
#0138-d251 @A: 34 33 07 20 | 09
#0139-d251 @A: 34 32 11 20 | 04
#0140-d251 @A: 30 14 34 07 | 12
#0141-d251 @A: 30 26 29 34 | 07
#0142-d251 @A: 26 32 34 07 | 11
#0143-d251 @A: 02 29 01 11 | 08
#0144-d251 @A: 18 26 28 16 | 03
#0145-d251 @A: 03 17 22 18 | 05
#0146-d251 @A: 20 03 05 18 | 02
#0147-d251 @A: 18 05 26 08 | 01
#0148-d251 @A: 05 18 25 35 | 10
#0149-d251 @A: 24 22 28 18 | 06
#0150-d251 @A: 01 18 26 09 | 09
#0151-d251 @A: 29 18 22 23 | 04
#0152-d251 @A: 21 18 14 22 | 12
#0153-d251 @A: 03 18 14 01 | 07
#0154-d251 @A: 18 29 10 34 | 11
#0155-d251 @A: 27 18 33 08 | 08
#0156-d251 @A: 18 19 24 02 | 03
#0157-d251 @A: 35 18 30 04 | 05
#0158-d251 @A: 02 04 34 18 | 02
#0159-d251 @A: 12 18 29 01 | 01
#0160-d251 @A: 33 18 30 12 | 10
#0161-d251 @A: 08 14 16 17 | 06
#0162-d251 @A: 21 17 34 16 | 09
#0163-d251 @A: 12 16 05 25 | 04
#0164-d251 @A: 25 16 24 28 | 12
#0165-d251 @A: 22 16 35 13 | 07
#0166-d251 @A: 16 03 11 10 | 11
#0167-d251 @A: 15 03 21 16 | 08
#0168-d251 @A: 16 12 35 10 | 03
#0169-d251 @A: 16 10 01 26 | 05
#0170-d251 @A: 15 01 20 16 | 02
#0171-d251 @A: 16 11 21 27 | 01
#0172-d251 @A: 16 06 24 11 | 10
#0173-d251 @A: 14 35 16 19 | 06
#0174-d251 @A: 31 16 25 13 | 09
#0175-d251 @A: 33 12 29 16 | 04
#0176-d251 @A: 26 32 16 29 | 12
#0177-d251 @A: 23 33 17 27 | 07
#0178-d251 @A: 11 10 31 17 | 11
#0179-d251 @A: 27 06 21 17 | 08
#0180-d251 @A: 17 02 35 08 | 03
#0181-d251 @A: 21 19 32 17 | 05
#0182-d251 @A: 17 33 20 30 | 02
#0183-d251 @A: 31 25 33 17 | 01
#0184-d251 @A: 34 29 05 28 | 10
#0185-d251 @A: 05 09 02 27 | 06
#0186-d251 @A: 03 05 22 23 | 09
#0187-d251 @A: 23 05 15 08 | 04
#0188-d251 @A: 14 35 05 10 | 12
#0189-d251 @A: 08 05 24 06 | 07
#0190-d251 @A: 26 19 35 05 | 11
#0191-d251 @A: 14 30 05 26 | 08
#0192-d251 @A: 26 05 21 07 | 03
#0193-d251 @A: 28 04 09 19 | 05
#0194-d251 @A: 09 02 35 28 | 02
#0195-d251 @A: 03 33 15 28 | 01
#0196-d251 @A: 11 28 03 35 | 10
#0197-d251 @A: 28 10 07 23 | 06
#0198-d251 @A: 24 26 28 23 | 09
#0199-d251 @A: 28 23 35 21 | 04
#0200-d251 @A: 19 28 13 10 | 12
#0201-d251 @A: 28 11 04 20 | 07
#0202-d251 @A: 33 04 13 28 | 11
#0203-d251 @A: 02 28 14 31 | 08
#0204-d251 @A: 09 22 26 10 | 03
#0205-d251 @A: 22 07 09 04 | 05
#0206-d251 @A: 14 03 09 34 | 02
#0207-d251 @A: 01 07 09 24 | 01
#0208-d251 @A: 02 04 12 09 | 10
#0209-d251 @A: 09 02 07 13 | 06
#0210-d251 @A: 03 13 22 30 | 09
#0211-d251 @A: 26 22 23 14 | 04
#0212-d251 @A: 34 15 22 35 | 12
#0213-d251 @A: 06 22 32 27 | 07
#0214-d251 @A: 30 34 22 06 | 11
#0215-d251 @A: 12 22 19 35 | 08
#0216-d251 @A: 32 01 20 22 | 03
#0217-d251 @A: 25 22 33 11 | 05
#0218-d251 @A: 23 33 24 03 | 02
#0219-d251 @A: 10 35 02 03 | 01
#0220-d251 @A: 03 10 01 31 | 10
#0221-d251 @A: 03 08 30 15 | 06
#0222-d251 @A: 03 11 06 34 | 09
#0223-d251 @A: 04 03 34 24 | 04
#0224-d251 @A: 03 24 20 30 | 12
#0225-d251 @A: 19 34 31 03 | 07
#0226-d251 @A: 03 19 01 02 | 11
#0227-d251 @A: 34 07 03 21 | 08
#0228-d251 @A: 12 21 29 03 | 03
#0229-d251 @A: 12 03 33 11 | 05
#0230-d251 @A: 03 25 26 32 | 02
#0231-d251 @A: 25 15 23 26 | 01
#0232-d251 @A: 27 23 25 24 | 10
#0233-d251 @A: 06 08 23 07 | 06
#0234-d251 @A: 24 12 23 06 | 09
#0235-d251 @A: 13 33 06 23 | 04
#0236-d251 @A: 23 24 35 02 | 12
#0237-d251 @A: 02 25 12 23 | 07
#0238-d251 @A: 31 02 23 33 | 11
#0239-d251 @A: 30 13 23 25 | 08
#0240-d251 @A: 26 23 12 11 | 03
#0241-d251 @A: 19 07 10 01 | 05
#0242-d251 @A: 11 10 32 02 | 02
#0243-d251 @A: 20 12 11 10 | 01
#0244-d251 @A: 15 35 20 27 | 10
#0245-d251 @A: 15 08 01 29 | 06
#0246-d251 @A: 24 19 15 14 | 09
#0247-d251 @A: 07 31 13 15 | 04
#0248-d251 @A: 12 08 27 19 | 12
#0249-d251 @A: 35 08 13 27 | 07
#0250-d251 @A: 19 07 20 27 | 11
#0251-d251 @A: 27 04 32 12 | 08
#0252-d251 @A: 32 02 27 33 | 03
#0253-d251 @A: 29 31 12 27 | 05
#0254-d251 @A: 01 06 33 08 | 02
#0255-d251 @A: 21 13 11 08 | 01
#0256-d251 @A: 07 08 25 21 | 10
#0257-d251 @A: 21 04 12 06 | 06
#0258-d251 @A: 06 02 20 12 | 09
#0259-d251 @A: 12 01 02 06 | 04
#0260-d251 @A: 06 14 21 25 | 12
#0261-d251 @A: 25 06 07 26 | 07
#0262-d251 @A: 20 24 35 19 | 11
#0263-d251 @A: 24 26 04 12 | 08
#0264-d251 @A: 02 30 25 24 | 03
#0265-d251 @A: 13 12 24 32 | 05
#0266-d251 @A: 01 12 33 24 | 02
#0267-d251 @A: 34 35 21 26 | 01
#0268-d251 @A: 21 35 20 12 | 10
#0269-d251 @A: 31 29 35 20 | 06
#0270-d251 @A: 35 20 32 33 | 09
#0271-d251 @A: 13 35 30 26 | 04
#0272-d251 @A: 07 35 31 14 | 12
#0273-d251 @A: 31 25 35 30 | 07
#0274-d251 @A: 20 21 31 34 | 11
#0275-d251 @A: 29 13 34 11 | 08
#0276-d251 @A: 32 30 13 34 | 03
#0277-d251 @A: 34 30 13 01 | 05
#0278-d251 @A: 21 25 01 04 | 02
#0279-d251 @A: 11 01 13 33 | 01
#0280-d251 @A: 26 17 18 23 | 10
#0281-d251 @A: 18 20 17 27 | 06
#0282-d251 @A: 31 28 34 18 | 09
#0283-d251 @A: 09 18 15 12 | 04
#0284-d251 @A: 35 18 34 23 | 12
#0285-d251 @A: 30 19 18 15 | 07
#0286-d251 @A: 34 15 18 01 | 11
#0287-d251 @A: 06 27 11 18 | 08
#0288-d251 @A: 14 27 18 29 | 03
#0289-d251 @A: 18 12 35 08 | 05
#0290-d251 @A: 07 33 02 18 | 02
#0291-d251 @A: 09 25 21 16 | 01
#0292-d251 @A: 34 04 16 23 | 10
#0293-d251 @A: 06 29 27 16 | 06
#0294-d251 @A: 27 30 16 19 | 09
#0295-d251 @A: 16 35 25 08 | 04
#0296-d251 @A: 16 30 35 24 | 12
#0297-d251 @A: 31 30 16 12 | 07
#0298-d251 @A: 28 04 21 17 | 11
#0299-d251 @A: 09 08 17 27 | 08
#0300-d251 @A: 10 03 25 17 | 03
#0301-d251 @A: 13 17 23 08 | 05
#0302-d251 @A: 15 10 17 13 | 02
#0303-d251 @A: 31 06 17 34 | 01
#0304-d251 @A: 17 34 02 19 | 10
#0305-d251 @A: 34 17 25 20 | 06
#0306-d251 @A: 07 14 25 17 | 09
#0307-d251 @A: 17 33 07 26 | 04
#0308-d251 @A: 01 17 32 33 | 12
#0309-d251 @A: 28 11 05 27 | 07
#0310-d251 @A: 05 28 08 14 | 11
#0311-d251 @A: 05 13 03 08 | 08
#0312-d251 @A: 31 05 35 03 | 03
#0313-d251 @A: 33 11 05 10 | 05
#0314-d251 @A: 27 33 05 06 | 02
#0315-d251 @A: 33 32 08 05 | 01
#0316-d251 @A: 06 01 25 05 | 10
#0317-d251 @A: 24 31 05 19 | 06
#0318-d251 @A: 32 11 24 05 | 09
#0319-d251 @A: 11 04 30 05 | 04
#0320-d251 @A: 05 33 29 20 | 12
#0321-d251 @A: 20 07 05 11 | 07
#0322-d251 @A: 29 13 05 12 | 11
#0323-d251 @A: 26 10 28 06 | 08
#0324-d251 @A: 15 08 28 26 | 03
#0325-d251 @A: 28 29 21 08 | 05
#0326-d251 @A: 28 14 24 06 | 02
#0327-d251 @A: 06 04 28 35 | 01
#0328-d251 @A: 34 02 06 28 | 10
#0329-d251 @A: 35 14 28 13 | 06
#0330-d251 @A: 01 07 35 28 | 09
#0331-d251 @A: 29 13 28 02 | 04
#0332-d251 @A: 21 28 32 11 | 12
#0333-d251 @A: 11 28 01 25 | 07
#0334-d251 @A: 22 09 34 21 | 11
#0335-d251 @A: 03 27 09 33 | 08
#0336-d251 @A: 35 09 27 25 | 03
#0337-d251 @A: 19 11 09 06 | 05
#0338-d251 @A: 19 14 20 09 | 02
#0339-d251 @A: 02 30 31 09 | 01
#0340-d251 @A: 25 07 09 31 | 10
#0341-d251 @A: 26 32 11 09 | 06
#0342-d251 @A: 09 25 01 31 | 09
#0343-d251 @A: 22 24 03 26 | 04
#0344-d251 @A: 30 23 22 19 | 12
#0345-d251 @A: 15 22 33 29 | 07
#0346-d251 @A: 22 31 08 34 | 11
#0347-d251 @A: 06 22 19 21 | 08
#0348-d251 @A: 14 20 30 22 | 03
#0349-d251 @A: 19 04 15 03 | 05
#0350-d251 @A: 27 29 03 34 | 02
#0351-d251 @A: 34 03 08 35 | 01
#0352-d251 @A: 35 01 03 08 | 10
#0353-d251 @A: 13 32 03 06 | 06
#0354-d251 @A: 13 02 03 12 | 09
#0355-d251 @A: 32 20 12 03 | 04
#0356-d251 @A: 13 07 14 03 | 12
#0357-d251 @A: 29 03 26 31 | 07
#0358-d251 @A: 13 15 23 11 | 11
#0359-d251 @A: 08 14 23 19 | 08
#0360-d251 @A: 32 31 23 34 | 03
#0361-d251 @A: 23 13 04 26 | 05
#0362-d251 @A: 04 31 23 12 | 02
#0363-d251 @A: 29 32 23 02 | 01
#0364-d251 @A: 25 23 29 20 | 10
#0365-d251 @A: 12 23 14 33 | 06
#0366-d251 @A: 29 23 21 14 | 09
#0367-d251 @A: 11 04 10 15 | 04
#0368-d251 @A: 14 10 06 27 | 12
#0369-d251 @A: 08 34 14 10 | 07
#0370-d251 @A: 10 30 02 06 | 11
#0371-d251 @A: 24 10 30 29 | 08
#0372-d251 @A: 19 21 10 34 | 03
#0373-d251 @A: 14 04 10 32 | 05
#0374-d251 @A: 26 14 10 21 | 02
#0375-d251 @A: 31 10 07 12 | 01
#0376-d251 @A: 30 26 31 10 | 10
#0377-d251 @A: 27 02 08 15 | 06
#0378-d251 @A: 25 27 04 15 | 09
#0379-d251 @A: 21 08 15 06 | 04
#0380-d251 @A: 08 29 15 24 | 12
#0381-d251 @A: 15 04 08 35 | 07
#0382-d251 @A: 34 15 12 24 | 11
#0383-d251 @A: 19 15 25 35 | 08
#0384-d251 @A: 12 14 01 15 | 03
#0385-d251 @A: 01 26 30 15 | 05
#0386-d251 @A: 06 34 27 25 | 02
#0387-d251 @A: 35 21 19 27 | 01
#0388-d251 @A: 27 04 29 02 | 10
#0389-d251 @A: 04 01 30 27 | 06
#0390-d251 @A: 21 27 02 26 | 09
#0391-d251 @A: 27 25 14 31 | 04
#0392-d251 @A: 08 35 14 11 | 12
#0393-d251 @A: 11 30 08 12 | 07
#0394-d251 @A: 06 31 29 24 | 11
#0395-d251 @A: 04 20 06 30 | 08
#0396-d251 @A: 13 30 06 29 | 03
#0397-d251 @A: 12 01 11 06 | 05
#0398-d251 @A: 04 24 11 31 | 02
#0399-d251 @A: 24 02 30 01 | 01
#0400-d251 @A: 30 13 31 24 | 10
#0401-d251 @A: 07 29 12 24 | 06
#0402-d251 @A: 24 25 07 11 | 09
#0403-d251 @A: 21 04 07 19 | 04
#0404-d251 @A: 13 19 12 20 | 12
#0405-d251 @A: 14 01 19 30 | 07
#0406-d251 @A: 11 04 12 35 | 11
#0407-d251 @A: 07 35 02 20 | 08
#0408-d251 @A: 35 30 14 29 | 03
#0409-d251 @A: 33 34 26 04 | 05
#0410-d251 @A: 13 34 26 02 | 02
#0411-d251 @A: 02 34 11 33 | 01
#0412-d251 @A: 12 31 34 13 | 10
#0413-d251 @A: 12 21 34 33 | 06
#0414-d251 @A: 24 31 18 16 | 09
#0415-d251 @A: 04 18 16 19 | 04
#0416-d251 @A: 16 20 33 18 | 12
#0417-d251 @A: 21 17 18 01 | 07
#0418-d251 @A: 21 05 23 18 | 11
#0419-d251 @A: 18 25 28 27 | 08
#0420-d251 @A: 18 09 02 10 | 03
#0421-d251 @A: 23 33 18 15 | 05
#0422-d251 @A: 26 10 35 18 | 02
#0423-d251 @A: 27 34 18 32 | 01
#0424-d251 @A: 20 18 04 13 | 10
#0425-d251 @A: 30 18 32 02 | 06
#0426-d251 @A: 14 31 18 30 | 09
#0427-d251 @A: 30 01 33 18 | 04
#0428-d251 @A: 11 31 18 21 | 12
#0429-d251 @A: 17 10 16 07 | 07
#0430-d251 @A: 35 17 33 16 | 11
#0431-d251 @A: 30 34 05 16 | 08
#0432-d251 @A: 32 05 07 16 | 03
#0433-d251 @A: 20 16 28 06 | 05
#0434-d251 @A: 20 16 22 08 | 02
#0435-d251 @A: 01 04 16 22 | 01
#0436-d251 @A: 16 08 03 26 | 10
#0437-d251 @A: 14 23 10 16 | 06
#0438-d251 @A: 15 04 16 24 | 09
#0439-d251 @A: 02 16 27 31 | 04
#0440-d251 @A: 21 01 16 24 | 12
#0441-d251 @A: 35 02 04 16 | 07
#0442-d251 @A: 16 04 07 12 | 11
#0443-d251 @A: 12 20 26 16 | 08
#0444-d251 @A: 25 17 05 09 | 03
#0445-d251 @A: 24 28 17 20 | 05
#0446-d251 @A: 26 03 09 17 | 02
#0447-d251 @A: 32 17 22 10 | 01
#0448-d251 @A: 08 25 22 17 | 10
#0449-d251 @A: 03 08 17 20 | 06
#0450-d251 @A: 03 32 17 34 | 09
#0451-d251 @A: 29 23 17 10 | 04
#0452-d251 @A: 04 15 23 17 | 12
#0453-d251 @A: 17 15 02 14 | 07
#0454-d251 @A: 30 27 14 17 | 11
#0455-d251 @A: 17 06 08 26 | 08
#0456-d251 @A: 17 04 30 26 | 03
#0457-d251 @A: 21 12 17 25 | 05
#0458-d251 @A: 17 12 31 01 | 02
#0459-d251 @A: 11 17 21 26 | 01
#0460-d251 @A: 01 05 28 24 | 10
#0461-d251 @A: 31 26 05 28 | 06
#0462-d251 @A: 09 35 05 07 | 09
#0463-d251 @A: 05 23 33 35 | 04
#0464-d251 @A: 02 11 23 05 | 12
#0465-d251 @A: 01 11 05 23 | 07
#0466-d251 @A: 10 05 26 32 | 11
#0467-d251 @A: 30 05 08 35 | 08
#0468-d251 @A: 06 21 05 34 | 03
#0469-d251 @A: 05 33 13 30 | 05
#0470-d251 @A: 21 29 11 05 | 02
#0471-d251 @A: 28 30 22 09 | 01
#0472-d251 @A: 26 28 34 09 | 10
#0473-d251 @A: 15 28 07 24 | 06
#0474-d251 @A: 01 28 33 15 | 09
#0475-d251 @A: 34 07 28 19 | 04
#0476-d251 @A: 01 02 07 28 | 12
#0477-d251 @A: 12 13 28 26 | 07
#0478-d251 @A: 32 28 26 33 | 11
#0479-d251 @A: 31 28 33 11 | 08
#0480-d251 @A: 09 07 15 03 | 03
#0481-d251 @A: 19 09 21 03 | 05
#0482-d251 @A: 09 11 35 23 | 02
#0483-d251 @A: 21 23 01 09 | 01
#0484-d251 @A: 21 27 14 09 | 10
#0485-d251 @A: 32 24 06 09 | 06
#0486-d251 @A: 09 01 06 19 | 09
#0487-d251 @A: 30 13 20 09 | 04
#0488-d251 @A: 30 07 26 09 | 12
#0489-d251 @A: 15 25 03 22 | 07
#0490-d251 @A: 03 33 22 06 | 11
#0491-d251 @A: 35 03 32 22 | 08
#0492-d251 @A: 23 22 15 32 | 03
#0493-d251 @A: 22 08 23 33 | 05
#0494-d251 @A: 22 25 34 23 | 02
#0495-d251 @A: 24 10 22 14 | 01
#0496-d251 @A: 22 24 15 31 | 10
#0497-d251 @A: 29 19 22 27 | 06
#0498-d251 @A: 20 24 06 22 | 09
#0499-d251 @A: 34 22 12 29 | 04
#0500-d251 @A: 33 22 04 32 | 12
#0501-d251 @A: 11 20 02 22 | 07
#0502-d251 @A: 22 33 02 12 | 11
#0503-d251 @A: 25 07 02 22 | 08
#0504-d251 @A: 22 11 14 12 | 03
#0505-d251 @A: 25 24 19 03 | 05
#0506-d251 @A: 19 13 35 03 | 02
#0507-d251 @A: 03 11 31 02 | 01
#0508-d251 @A: 12 01 30 03 | 10
#0509-d251 @A: 23 02 10 34 | 06
#0510-d251 @A: 30 23 10 11 | 09
#0511-d251 @A: 23 34 24 11 | 04
#0512-d251 @A: 24 13 10 27 | 12
#0513-d251 @A: 27 10 02 19 | 07
#0514-d251 @A: 11 08 24 10 | 11
#0515-d251 @A: 10 08 04 19 | 08
#0516-d251 @A: 08 35 10 07 | 03
#0517-d251 @A: 25 04 10 30 | 05
#0518-d251 @A: 29 07 10 02 | 02
#0519-d251 @A: 25 11 10 01 | 01
#0520-d251 @A: 15 20 08 12 | 10
#0521-d251 @A: 15 11 35 24 | 06
#0522-d251 @A: 07 06 27 24 | 09
#0523-d251 @A: 35 24 04 27 | 04
#0524-d251 @A: 27 33 31 34 | 12
#0525-d251 @A: 01 02 14 27 | 07
#0526-d251 @A: 11 27 33 14 | 11
#0527-d251 @A: 27 07 33 01 | 08
#0528-d251 @A: 27 30 11 01 | 03
#0529-d251 @A: 19 24 30 08 | 05
#0530-d251 @A: 08 02 11 04 | 02
#0531-d251 @A: 04 14 21 08 | 01
#0532-d251 @A: 08 26 02 25 | 10
#0533-d251 @A: 08 02 33 21 | 06
#0534-d251 @A: 26 08 33 30 | 09
#0535-d251 @A: 24 34 06 35 | 04
#0536-d251 @A: 24 06 21 26 | 12
#0537-d251 @A: 33 06 04 25 | 07
#0538-d251 @A: 06 26 13 14 | 11
#0539-d251 @A: 32 21 06 30 | 08
#0540-d251 @A: 24 07 30 04 | 03
#0541-d251 @A: 29 13 25 24 | 05
#0542-d251 @A: 24 26 13 07 | 02
#0543-d251 @A: 26 33 24 29 | 01
#0544-d251 @A: 24 31 33 21 | 10
#0545-d251 @A: 34 19 04 30 | 06
#0546-d251 @A: 29 14 04 19 | 09
#0547-d251 @A: 32 13 19 33 | 04
#0548-d251 @A: 19 25 14 12 | 12
#0549-d251 @A: 29 19 32 12 | 07
#0550-d251 @A: 29 19 31 33 | 11
#0551-d251 @A: 19 30 11 07 | 08
#0552-d251 @A: 07 35 12 13 | 03
#0553-d251 @A: 29 21 35 25 | 05
#0554-d251 @A: 01 26 04 12 | 02
#0555-d251 @A: 16 18 05 29 | 01
#0556-d251 @A: 17 14 18 10 | 10
#0557-d251 @A: 19 17 18 12 | 06
#0558-d251 @A: 14 18 09 05 | 09
#0559-d251 @A: 04 28 08 18 | 04
#0560-d251 @A: 28 06 18 13 | 12
#0561-d251 @A: 19 18 14 28 | 07
#0562-d251 @A: 09 22 19 18 | 11
#0563-d251 @A: 21 18 24 09 | 08
#0564-d251 @A: 03 24 18 11 | 03
#0565-d251 @A: 23 18 12 10 | 05
#0566-d251 @A: 18 21 34 08 | 02
#0567-d251 @A: 29 18 24 20 | 01
#0568-d251 @A: 11 18 04 14 | 10
#0569-d251 @A: 02 29 18 31 | 06
#0570-d251 @A: 05 04 17 16 | 09
#0571-d251 @A: 17 16 03 13 | 04
#0572-d251 @A: 17 23 16 20 | 12
#0573-d251 @A: 04 28 03 16 | 07
#0574-d251 @A: 16 09 33 15 | 11
#0575-d251 @A: 16 11 13 09 | 08
#0576-d251 @A: 07 14 09 16 | 03
#0577-d251 @A: 22 16 25 30 | 05
#0578-d251 @A: 16 32 27 03 | 02
#0579-d251 @A: 02 16 24 03 | 01
#0580-d251 @A: 06 16 23 21 | 10
#0581-d251 @A: 35 23 16 31 | 06
#0582-d251 @A: 16 25 15 10 | 09
#0583-d251 @A: 19 16 06 10 | 04
#0584-d251 @A: 29 15 16 35 | 12
#0585-d251 @A: 16 29 08 19 | 07
#0586-d251 @A: 20 16 32 24 | 11
#0587-d251 @A: 11 16 01 34 | 08
#0588-d251 @A: 32 16 12 02 | 03
#0589-d251 @A: 07 16 02 21 | 05
#0590-d251 @A: 31 16 21 26 | 02
#0591-d251 @A: 05 17 03 07 | 01
#0592-d251 @A: 34 35 17 05 | 10
#0593-d251 @A: 34 28 13 17 | 06
#0594-d251 @A: 01 28 17 20 | 09
#0595-d251 @A: 17 09 01 03 | 04
#0596-d251 @A: 22 17 02 23 | 12
#0597-d251 @A: 01 17 22 02 | 07
#0598-d251 @A: 17 08 29 34 | 11
#0599-d251 @A: 35 17 30 06 | 08
#0600-d251 @A: 11 17 02 29 | 03
#0601-d251 @A: 07 21 17 20 | 05
#0602-d251 @A: 01 13 17 29 | 02
#0603-d251 @A: 07 13 11 17 | 01
#0604-d251 @A: 32 07 17 12 | 10
#0605-d251 @A: 19 05 30 28 | 06
#0606-d251 @A: 05 03 15 14 | 09
#0607-d251 @A: 03 12 05 04 | 04
#0608-d251 @A: 30 03 02 05 | 12
#0609-d251 @A: 06 05 13 10 | 07
#0610-d251 @A: 05 27 13 01 | 11
#0611-d251 @A: 04 34 08 05 | 08
#0612-d251 @A: 12 05 24 35 | 03
#0613-d251 @A: 02 05 20 32 | 05
#0614-d251 @A: 20 12 30 05 | 02
#0615-d251 @A: 11 05 12 31 | 01
#0616-d251 @A: 05 33 07 31 | 10
#0617-d251 @A: 28 03 32 09 | 06
#0618-d251 @A: 28 08 09 25 | 09
#0619-d251 @A: 33 09 28 07 | 04
#0620-d251 @A: 01 13 28 03 | 12
#0621-d251 @A: 23 28 31 19 | 07
#0622-d251 @A: 28 34 12 08 | 11
#0623-d251 @A: 24 02 28 32 | 08
#0624-d251 @A: 12 31 28 24 | 03
#0625-d251 @A: 01 28 14 34 | 05
#0626-d251 @A: 31 07 28 04 | 02
#0627-d251 @A: 20 21 13 28 | 01
#0628-d251 @A: 07 20 28 25 | 10
#0629-d251 @A: 28 21 33 30 | 06
#0630-d251 @A: 09 22 31 11 | 09
#0631-d251 @A: 09 10 31 03 | 04
#0632-d251 @A: 03 12 06 09 | 12
#0633-d251 @A: 10 14 09 15 | 07
#0634-d251 @A: 04 15 21 09 | 11
#0635-d251 @A: 11 08 09 01 | 08
#0636-d251 @A: 09 34 33 06 | 03
#0637-d251 @A: 31 35 24 09 | 05
#0638-d251 @A: 34 09 19 35 | 02
#0639-d251 @A: 12 09 19 30 | 01
#0640-d251 @A: 09 12 32 34 | 10
#0641-d251 @A: 29 20 04 09 | 06
#0642-d251 @A: 14 09 02 32 | 09
#0643-d251 @A: 09 13 29 31 | 04
#0644-d251 @A: 08 22 03 12 | 12
#0645-d251 @A: 27 10 22 25 | 07
#0646-d251 @A: 15 06 02 22 | 11
#0647-d251 @A: 13 24 19 22 | 08
#0648-d251 @A: 26 19 32 22 | 03
#0649-d251 @A: 02 21 32 22 | 05
#0650-d251 @A: 22 13 01 12 | 02
#0651-d251 @A: 13 32 22 11 | 01
#0652-d251 @A: 31 30 22 33 | 10
#0653-d251 @A: 23 03 07 27 | 06
#0654-d251 @A: 10 03 19 14 | 09
#0655-d251 @A: 20 29 03 19 | 04
#0656-d251 @A: 31 03 21 14 | 12
#0657-d251 @A: 03 30 07 12 | 07
#0658-d251 @A: 11 30 03 29 | 11
#0659-d251 @A: 24 30 15 23 | 08
#0660-d251 @A: 30 08 21 23 | 03
#0661-d251 @A: 23 32 35 12 | 05
#0662-d251 @A: 25 34 23 01 | 02
#0663-d251 @A: 07 23 32 25 | 01
#0664-d251 @A: 31 23 07 30 | 10
#0665-d251 @A: 08 10 33 15 | 06
#0666-d251 @A: 35 11 27 10 | 09
#0667-d251 @A: 13 08 10 02 | 04
#0668-d251 @A: 10 33 04 24 | 12
#0669-d251 @A: 10 20 25 35 | 07
#0670-d251 @A: 07 14 10 20 | 11
#0671-d251 @A: 07 10 21 11 | 08
#0672-d251 @A: 02 15 20 24 | 03
#0673-d251 @A: 15 12 30 04 | 05
#0674-d251 @A: 20 30 32 15 | 02
#0675-d251 @A: 29 01 34 27 | 01
#0676-d251 @A: 33 04 27 21 | 10
#0677-d251 @A: 13 02 27 25 | 06
#0678-d251 @A: 12 11 27 13 | 09
#0679-d251 @A: 33 30 27 29 | 04
#0680-d251 @A: 07 31 27 21 | 12
#0681-d251 @A: 12 13 06 08 | 07
#0682-d251 @A: 13 20 07 08 | 11
#0683-d251 @A: 13 31 08 26 | 08
#0684-d251 @A: 14 29 12 08 | 03
#0685-d251 @A: 01 29 06 24 | 05
#0686-d251 @A: 32 06 25 19 | 02
#0687-d251 @A: 06 14 04 02 | 01
#0688-d251 @A: 29 06 07 20 | 10
#0689-d251 @A: 34 21 13 24 | 06
#0690-d251 @A: 07 24 14 02 | 09
#0691-d251 @A: 24 25 21 20 | 04
#0692-d251 @A: 24 26 30 32 | 12
#0693-d251 @A: 01 29 19 26 | 07
#0694-d251 @A: 19 25 07 33 | 11
#0695-d251 @A: 30 35 12 34 | 08
#0696-d251 @A: 21 35 31 04 | 03
#0697-d251 @A: 14 35 02 12 | 05
#0698-d251 @A: 11 35 30 20 | 02
#0699-d251 @A: 32 35 29 01 | 01
#0700-d251 @A: 34 02 30 20 | 10
#0701-d251 @A: 26 12 14 34 | 06
#0702-d251 @A: 04 01 21 14 | 09
#0703-d251 @A: 01 25 30 29 | 04
#0704-d251 @A: 02 22 18 16 | 12
#0705-d251 @A: 16 10 18 32 | 07
#0706-d251 @A: 18 16 34 25 | 11
#0707-d251 @A: 22 18 32 05 | 08
#0708-d251 @A: 03 18 21 28 | 03
#0709-d251 @A: 28 10 11 18 | 05
#0710-d251 @A: 25 18 09 03 | 02
#0711-d251 @A: 18 09 08 07 | 01
#0712-d251 @A: 22 18 07 20 | 10
#0713-d251 @A: 03 29 18 15 | 06
#0714-d251 @A: 07 18 14 23 | 09
#0715-d251 @A: 07 18 10 27 | 04
#0716-d251 @A: 18 08 25 31 | 12
#0717-d251 @A: 35 18 14 24 | 07
#0718-d251 @A: 18 35 19 07 | 11
#0719-d251 @A: 18 25 04 07 | 08
#0720-d251 @A: 32 18 21 20 | 03
#0721-d251 @A: 22 16 11 17 | 05
#0722-d251 @A: 16 23 13 05 | 02
#0723-d251 @A: 16 20 05 15 | 01
#0724-d251 @A: 28 29 16 10 | 10
#0725-d251 @A: 29 16 09 22 | 06
#0726-d251 @A: 22 16 31 03 | 09
#0727-d251 @A: 34 22 16 07 | 04
#0728-d251 @A: 06 16 25 03 | 12
#0729-d251 @A: 16 15 02 23 | 07
#0730-d251 @A: 19 23 16 32 | 11
#0731-d251 @A: 16 06 08 02 | 08
#0732-d251 @A: 08 21 32 16 | 03
#0733-d251 @A: 13 34 06 16 | 05
#0734-d251 @A: 13 16 07 19 | 02
#0735-d251 @A: 04 14 16 26 | 01
#0736-d251 @A: 05 11 17 08 | 10
#0737-d251 @A: 23 28 17 12 | 06
#0738-d251 @A: 17 08 28 10 | 09
#0739-d251 @A: 17 35 28 25 | 04
#0740-d251 @A: 19 29 09 17 | 12
#0741-d251 @A: 34 30 23 17 | 07
#0742-d251 @A: 19 30 10 17 | 11
#0743-d251 @A: 17 07 27 35 | 08
#0744-d251 @A: 21 17 24 08 | 03
#0745-d251 @A: 19 13 06 17 | 05
#0746-d251 @A: 11 24 12 17 | 02
#0747-d251 @A: 34 17 01 35 | 01
#0748-d251 @A: 13 02 17 32 | 10
#0749-d251 @A: 20 11 14 17 | 06
#0750-d251 @A: 26 13 25 17 | 09
#0751-d251 @A: 17 11 25 30 | 04
#0752-d251 @A: 20 28 05 22 | 12
#0753-d251 @A: 10 22 05 12 | 07
#0754-d251 @A: 01 05 03 15 | 11
#0755-d251 @A: 03 33 05 34 | 08
#0756-d251 @A: 13 15 05 19 | 03
#0757-d251 @A: 05 27 26 34 | 05
#0758-d251 @A: 02 12 08 05 | 02
#0759-d251 @A: 19 05 32 34 | 01
#0760-d251 @A: 14 05 33 04 | 10
#0761-d251 @A: 05 26 25 20 | 06
#0762-d251 @A: 13 11 26 05 | 09
#0763-d251 @A: 05 14 31 32 | 04
#0764-d251 @A: 05 07 01 26 | 12
#0765-d251 @A: 27 24 09 28 | 07
#0766-d251 @A: 15 11 28 22 | 11
#0767-d251 @A: 19 28 22 25 | 08
#0768-d251 @A: 28 31 20 03 | 03
#0769-d251 @A: 26 28 03 30 | 05
#0770-d251 @A: 23 20 28 02 | 02
#0771-d251 @A: 32 28 27 15 | 01
#0772-d251 @A: 30 31 06 28 | 10
#0773-d251 @A: 31 29 25 28 | 06
#0774-d251 @A: 13 24 09 03 | 09
#0775-d251 @A: 26 09 24 15 | 04
#0776-d251 @A: 07 34 27 09 | 12
#0777-d251 @A: 09 11 20 27 | 07
#0778-d251 @A: 08 14 06 09 | 11
#0779-d251 @A: 08 19 26 09 | 08
#0780-d251 @A: 02 09 08 34 | 03
#0781-d251 @A: 25 19 13 09 | 05
#0782-d251 @A: 09 02 26 20 | 02
#0783-d251 @A: 01 33 29 09 | 01
#0784-d251 @A: 03 04 22 14 | 10
#0785-d251 @A: 10 34 13 22 | 06
#0786-d251 @A: 15 22 20 21 | 09
#0787-d251 @A: 35 33 22 27 | 04
#0788-d251 @A: 06 22 35 07 | 12
#0789-d251 @A: 06 30 22 01 | 07
#0790-d251 @A: 22 25 35 24 | 11
#0791-d251 @A: 04 02 31 22 | 08
#0792-d251 @A: 25 04 21 22 | 03
#0793-d251 @A: 22 32 20 25 | 05
#0794-d251 @A: 23 03 32 10 | 02
#0795-d251 @A: 10 12 03 27 | 01
#0796-d251 @A: 27 03 06 20 | 10
#0797-d251 @A: 03 14 35 27 | 06
#0798-d251 @A: 19 33 08 03 | 09
#0799-d251 @A: 03 29 35 24 | 04
#0800-d251 @A: 03 19 02 26 | 12
#0801-d251 @A: 25 35 07 03 | 07
#0802-d251 @A: 21 03 20 02 | 11
#0803-d251 @A: 21 26 03 13 | 08
#0804-d251 @A: 14 26 11 03 | 03
#0805-d251 @A: 23 20 24 10 | 05
#0806-d251 @A: 23 01 10 33 | 02
#0807-d251 @A: 24 08 23 31 | 01
#0808-d251 @A: 08 23 12 01 | 10
#0809-d251 @A: 23 02 07 26 | 06
#0810-d251 @A: 12 13 21 23 | 09
#0811-d251 @A: 35 29 10 06 | 04
#0812-d251 @A: 10 20 13 26 | 12
#0813-d251 @A: 10 33 12 13 | 07
#0814-d251 @A: 27 11 34 15 | 11
#0815-d251 @A: 27 21 01 15 | 08
#0816-d251 @A: 08 13 15 34 | 03
#0817-d251 @A: 19 29 15 06 | 05
#0818-d251 @A: 31 25 15 20 | 02
#0819-d251 @A: 32 26 14 15 | 01
#0820-d251 @A: 21 07 15 32 | 10
#0821-d251 @A: 35 01 27 20 | 06
#0822-d251 @A: 04 27 31 30 | 09
#0823-d251 @A: 27 02 14 20 | 04
#0824-d251 @A: 20 13 27 31 | 12
#0825-d251 @A: 26 27 32 20 | 07
#0826-d251 @A: 21 32 27 25 | 11
#0827-d251 @A: 20 14 08 32 | 08
#0828-d251 @A: 08 11 29 33 | 03
#0829-d251 @A: 02 19 35 06 | 05
#0830-d251 @A: 06 04 29 11 | 02
#0831-d251 @A: 31 20 06 32 | 01
#0832-d251 @A: 06 21 20 11 | 10
#0833-d251 @A: 06 31 33 26 | 06
#0834-d251 @A: 14 24 26 25 | 09
#0835-d251 @A: 24 14 21 11 | 04
#0836-d251 @A: 19 01 35 12 | 12
#0837-d251 @A: 19 35 30 33 | 07
#0838-d251 @A: 31 19 25 04 | 11
#0839-d251 @A: 21 19 25 02 | 08
#0840-d251 @A: 30 20 19 25 | 03
#0841-d251 @A: 30 14 19 13 | 05
#0842-d251 @A: 26 21 30 19 | 02
#0843-d251 @A: 35 25 26 04 | 01
#0844-d251 @A: 35 02 13 33 | 10
#0845-d251 @A: 02 35 25 11 | 06
#0846-d251 @A: 13 32 25 35 | 09
#0847-d251 @A: 35 32 29 11 | 04
#0848-d251 @A: 34 07 31 29 | 12
#0849-d251 @A: 34 31 30 11 | 07
#0850-d251 @A: 13 01 04 31 | 11
#0851-d251 @A: 26 01 33 02 | 08
#0852-d251 @A: 31 11 01 14 | 03
#0853-d251 @A: 01 26 25 32 | 05
#0854-d251 @A: 18 27 16 15 | 02
#0855-d251 @A: 18 01 16 02 | 01
#0856-d251 @A: 16 13 18 12 | 10
#0857-d251 @A: 18 29 17 35 | 06
#0858-d251 @A: 31 18 05 15 | 09
#0859-d251 @A: 18 05 24 07 | 04
#0860-d251 @A: 05 11 18 19 | 12
#0861-d251 @A: 09 18 29 28 | 07
#0862-d251 @A: 23 30 28 18 | 11
#0863-d251 @A: 07 12 28 18 | 08
#0864-d251 @A: 04 27 09 18 | 03
#0865-d251 @A: 30 22 18 08 | 05
#0866-d251 @A: 19 23 18 27 | 02
#0867-d251 @A: 31 33 18 04 | 01
#0868-d251 @A: 01 20 18 11 | 10
#0869-d251 @A: 13 01 18 25 | 06
#0870-d251 @A: 12 31 18 32 | 09
#0871-d251 @A: 29 18 11 26 | 04
#0872-d251 @A: 19 17 31 16 | 12
#0873-d251 @A: 22 33 16 05 | 07
#0874-d251 @A: 16 28 33 19 | 11
#0875-d251 @A: 24 09 16 10 | 08
#0876-d251 @A: 09 16 35 01 | 03
#0877-d251 @A: 16 09 20 34 | 05
#0878-d251 @A: 29 01 16 23 | 02
#0879-d251 @A: 33 16 23 25 | 01
#0880-d251 @A: 11 16 12 15 | 10
#0881-d251 @A: 27 16 26 07 | 06
#0882-d251 @A: 29 16 02 34 | 09
#0883-d251 @A: 21 04 13 16 | 04
#0884-d251 @A: 16 13 20 02 | 12
#0885-d251 @A: 16 14 02 25 | 07
#0886-d251 @A: 29 16 13 14 | 11
#0887-d251 @A: 32 05 17 27 | 08
#0888-d251 @A: 28 09 17 11 | 03
#0889-d251 @A: 28 17 14 03 | 05
#0890-d251 @A: 09 17 15 31 | 02
#0891-d251 @A: 30 17 24 09 | 01
#0892-d251 @A: 35 09 21 17 | 10
#0893-d251 @A: 17 21 03 23 | 06
#0894-d251 @A: 17 02 10 21 | 09
#0895-d251 @A: 24 15 25 17 | 04
#0896-d251 @A: 35 17 26 20 | 12
#0897-d251 @A: 04 14 12 17 | 07
#0898-d251 @A: 17 20 29 12 | 11
#0899-d251 @A: 30 12 13 17 | 08
#0900-d251 @A: 05 06 22 14 | 03
#0901-d251 @A: 22 24 05 29 | 05
#0902-d251 @A: 27 05 23 12 | 02
#0903-d251 @A: 29 26 23 05 | 01
#0904-d251 @A: 15 05 10 29 | 10
#0905-d251 @A: 35 13 21 05 | 06
#0906-d251 @A: 01 34 20 05 | 09
#0907-d251 @A: 05 31 02 13 | 04
#0908-d251 @A: 05 25 32 30 | 12
#0909-d251 @A: 25 33 05 21 | 07
#0910-d251 @A: 22 28 35 26 | 11
#0911-d251 @A: 10 28 12 04 | 08
#0912-d251 @A: 25 15 28 06 | 03
#0913-d251 @A: 28 15 21 19 | 05
#0914-d251 @A: 12 28 15 35 | 02
#0915-d251 @A: 28 27 21 34 | 01
#0916-d251 @A: 20 28 08 33 | 10
#0917-d251 @A: 19 20 32 28 | 06
#0918-d251 @A: 28 29 20 30 | 09
#0919-d251 @A: 14 12 28 32 | 04
#0920-d251 @A: 28 25 30 12 | 12
#0921-d251 @A: 06 09 31 23 | 07
#0922-d251 @A: 10 35 09 33 | 11
#0923-d251 @A: 19 09 27 31 | 08
#0924-d251 @A: 04 31 32 09 | 03
#0925-d251 @A: 33 29 09 02 | 05
#0926-d251 @A: 21 13 32 09 | 02
#0927-d251 @A: 21 29 09 07 | 01
#0928-d251 @A: 11 03 22 27 | 10
#0929-d251 @A: 07 03 22 19 | 06
#0930-d251 @A: 33 03 01 22 | 09
#0931-d251 @A: 35 22 23 20 | 04
#0932-d251 @A: 35 10 30 22 | 12
#0933-d251 @A: 14 01 22 15 | 07
#0934-d251 @A: 06 04 08 22 | 11
#0935-d251 @A: 22 19 34 33 | 08
#0936-d251 @A: 30 22 29 04 | 03
#0937-d251 @A: 23 25 03 08 | 05
#0938-d251 @A: 04 06 03 23 | 02
#0939-d251 @A: 10 03 07 24 | 01
#0940-d251 @A: 29 13 03 10 | 10
#0941-d251 @A: 15 34 03 02 | 06
#0942-d251 @A: 01 03 06 26 | 09
#0943-d251 @A: 20 33 04 03 | 04
#0944-d251 @A: 25 14 03 20 | 12
#0945-d251 @A: 25 12 31 03 | 07
#0946-d251 @A: 11 23 27 08 | 11
#0947-d251 @A: 06 02 27 23 | 08
#0948-d251 @A: 27 26 35 23 | 03
#0949-d251 @A: 30 14 23 06 | 05
#0950-d251 @A: 11 04 23 07 | 02
#0951-d251 @A: 32 23 33 30 | 01
#0952-d251 @A: 10 12 21 08 | 10
#0953-d251 @A: 06 34 12 10 | 06
#0954-d251 @A: 31 10 35 19 | 09
#0955-d251 @A: 21 01 10 34 | 04
#0956-d251 @A: 01 10 04 29 | 12
#0957-d251 @A: 10 29 32 20 | 07
#0958-d251 @A: 14 11 13 10 | 11
#0959-d251 @A: 10 01 14 32 | 08
#0960-d251 @A: 12 25 32 10 | 03
#0961-d251 @A: 10 30 07 33 | 05
#0962-d251 @A: 10 21 31 32 | 02
#0963-d251 @A: 19 26 15 34 | 01
#0964-d251 @A: 15 33 30 34 | 10
#0965-d251 @A: 15 32 02 31 | 06
#0966-d251 @A: 14 31 15 11 | 09
#0967-d251 @A: 25 11 15 29 | 04
#0968-d251 @A: 30 31 15 29 | 12
#0969-d251 @A: 33 07 15 11 | 07
#0970-d251 @A: 34 08 27 30 | 11
#0971-d251 @A: 19 27 11 25 | 08
#0972-d251 @A: 27 02 12 30 | 03
#0973-d251 @A: 27 26 31 11 | 05
#0974-d251 @A: 34 24 08 07 | 02
#0975-d251 @A: 01 08 32 20 | 01
#0976-d251 @A: 08 11 31 32 | 10
#0977-d251 @A: 01 08 21 30 | 06
#0978-d251 @A: 26 35 11 06 | 09
#0979-d251 @A: 14 06 20 01 | 04
#0980-d251 @A: 21 06 13 07 | 12
#0981-d251 @A: 06 11 14 07 | 07
#0982-d251 @A: 06 21 29 33 | 11
#0983-d251 @A: 32 24 21 04 | 08
#0984-d251 @A: 26 24 11 20 | 03
#0985-d251 @A: 25 24 14 01 | 05
#0986-d251 @A: 04 19 32 02 | 02
#0987-d251 @A: 02 19 20 33 | 01
#0988-d251 @A: 19 01 29 20 | 10
#0989-d251 @A: 21 31 19 13 | 06
#0990-d251 @A: 19 13 21 01 | 09
#0991-d251 @A: 07 26 29 35 | 04
#0992-d251 @A: 11 35 33 21 | 12
#0993-d251 @A: 07 34 12 02 | 07
#0994-d251 @A: 29 20 14 34 | 11
#0995-d251 @A: 32 14 33 34 | 08
#0996-d251 @A: 34 25 12 11 | 03
#0997-d251 @A: 21 20 26 01 | 05
#0998-d251 @A: 25 18 06 17 | 02
#0999-d251 @A: 18 27 01 22 | 01
#1000-d251 @A: 23 18 03 31 | 10
#1001-d251 @A: 06 18 02 03 | 06
#1002-d251 @A: 03 34 13 18 | 09
#1003-d251 @A: 03 18 26 12 | 04
#1004-d251 @A: 24 18 23 13 | 12
#1005-d251 @A: 07 15 18 26 | 07
#1006-d251 @A: 27 21 18 12 | 11
#1007-d251 @A: 18 01 04 06 | 08
#1008-d251 @A: 18 24 01 35 | 03
#1009-d251 @A: 07 18 30 21 | 05
#1010-d251 @A: 16 32 17 09 | 02
#1011-d251 @A: 27 05 16 14 | 01
#1012-d251 @A: 05 26 16 24 | 10
#1013-d251 @A: 16 28 22 12 | 06
#1014-d251 @A: 28 16 35 07 | 09
#1015-d251 @A: 16 09 30 03 | 04
#1016-d251 @A: 09 16 27 12 | 12
#1017-d251 @A: 09 02 19 16 | 07
#1018-d251 @A: 16 19 22 15 | 11
#1019-d251 @A: 30 26 16 23 | 08
#1020-d251 @A: 27 10 16 20 | 03
#1021-d251 @A: 16 10 31 08 | 05
#1022-d251 @A: 34 35 16 27 | 02
#1023-d251 @A: 32 04 30 16 | 01
#1024-d251 @A: 20 31 16 14 | 10
#1025-d251 @A: 12 14 16 21 | 06
#1026-d251 @A: 33 16 14 01 | 09
#1027-d251 @A: 17 05 12 33 | 04
#1028-d251 @A: 27 17 31 28 | 12
#1029-d251 @A: 17 07 29 28 | 07
#1030-d251 @A: 23 17 09 07 | 11
#1031-d251 @A: 17 04 09 34 | 08
#1032-d251 @A: 17 03 27 19 | 03
#1033-d251 @A: 17 03 04 29 | 05
#1034-d251 @A: 19 23 17 25 | 02
#1035-d251 @A: 17 35 14 23 | 01
#1036-d251 @A: 17 10 20 06 | 10
#1037-d251 @A: 17 15 33 06 | 06
#1038-d251 @A: 11 17 04 27 | 09
#1039-d251 @A: 07 08 17 19 | 04
#1040-d251 @A: 20 04 17 32 | 12
#1041-d251 @A: 32 17 31 26 | 07
#1042-d251 @A: 04 15 28 05 | 11
#1043-d251 @A: 21 09 10 05 | 08
#1044-d251 @A: 09 05 32 15 | 03
#1045-d251 @A: 04 09 05 26 | 05
#1046-d251 @A: 09 14 01 05 | 02
#1047-d251 @A: 05 22 11 34 | 01
#1048-d251 @A: 03 24 05 21 | 10
#1049-d251 @A: 23 14 05 24 | 06
#1050-d251 @A: 23 19 05 20 | 09
#1051-d251 @A: 27 05 10 31 | 04
#1052-d251 @A: 05 07 27 15 | 12
#1053-d251 @A: 05 06 15 11 | 07
#1054-d251 @A: 33 24 05 15 | 11
#1055-d251 @A: 15 12 05 26 | 08
#1056-d251 @A: 24 05 34 02 | 03
#1057-d251 @A: 01 30 35 05 | 05
#1058-d251 @A: 04 05 02 21 | 02
#1059-d251 @A: 05 33 26 02 | 01
#1060-d251 @A: 02 28 10 22 | 10
#1061-d251 @A: 28 22 14 27 | 06
#1062-d251 @A: 08 28 31 35 | 09
#1063-d251 @A: 02 33 25 28 | 04
#1064-d251 @A: 26 20 28 14 | 12
#1065-d251 @A: 07 21 14 28 | 07
#1066-d251 @A: 21 26 28 25 | 11
#1067-d251 @A: 06 25 22 09 | 08
#1068-d251 @A: 19 15 09 23 | 03
#1069-d251 @A: 23 24 09 29 | 05
#1070-d251 @A: 21 23 02 09 | 02
#1071-d251 @A: 30 09 08 10 | 01
#1072-d251 @A: 09 11 15 08 | 10
#1073-d251 @A: 09 35 15 30 | 06
#1074-d251 @A: 30 06 09 27 | 09
#1075-d251 @A: 25 09 24 34 | 04
#1076-d251 @A: 09 04 11 25 | 12
#1077-d251 @A: 29 09 26 25 | 07
#1078-d251 @A: 20 34 22 03 | 11
#1079-d251 @A: 23 31 22 10 | 08
#1080-d251 @A: 23 07 22 13 | 03
#1081-d251 @A: 14 08 15 22 | 05
#1082-d251 @A: 26 13 15 22 | 02
#1083-d251 @A: 22 19 11 08 | 01
#1084-d251 @A: 11 24 30 22 | 10
#1085-d251 @A: 19 31 14 22 | 06
#1086-d251 @A: 25 22 01 35 | 09
#1087-d251 @A: 20 31 22 12 | 04
#1088-d251 @A: 30 12 22 32 | 12
#1089-d251 @A: 07 11 29 22 | 07
#1090-d251 @A: 10 20 15 03 | 11
#1091-d251 @A: 26 35 03 15 | 08
#1092-d251 @A: 03 21 08 27 | 03
#1093-d251 @A: 06 35 21 03 | 05
#1094-d251 @A: 13 31 03 33 | 02
#1095-d251 @A: 07 03 11 01 | 01
#1096-d251 @A: 21 10 23 27 | 10
#1097-d251 @A: 10 13 35 23 | 06
#1098-d251 @A: 23 31 15 01 | 09
#1099-d251 @A: 23 20 30 27 | 04
#1100-d251 @A: 23 25 06 35 | 12
#1101-d251 @A: 29 23 30 12 | 07
#1102-d251 @A: 01 30 32 23 | 11
#1103-d251 @A: 01 24 10 27 | 08
#1104-d251 @A: 04 34 27 10 | 03
#1105-d251 @A: 10 11 19 29 | 05
#1106-d251 @A: 04 21 29 10 | 02
#1107-d251 @A: 10 04 07 26 | 01
#1108-d251 @A: 10 30 21 20 | 10
#1109-d251 @A: 29 10 31 14 | 06
#1110-d251 @A: 33 10 29 25 | 09
#1111-d251 @A: 31 30 10 01 | 04
#1112-d251 @A: 31 19 15 08 | 12
#1113-d251 @A: 15 13 30 02 | 07
#1114-d251 @A: 01 25 15 02 | 11
#1115-d251 @A: 35 27 12 06 | 08
#1116-d251 @A: 06 01 27 31 | 03
#1117-d251 @A: 24 29 11 27 | 05
#1118-d251 @A: 07 27 33 13 | 02
#1119-d251 @A: 27 21 13 30 | 01
#1120-d251 @A: 08 01 34 19 | 10
#1121-d251 @A: 08 13 01 35 | 06
#1122-d251 @A: 26 08 29 04 | 09
#1123-d251 @A: 32 08 04 07 | 04
#1124-d251 @A: 02 29 20 08 | 12
#1125-d251 @A: 31 07 08 02 | 07
#1126-d251 @A: 30 08 31 20 | 11
#1127-d251 @A: 14 34 19 06 | 08
#1128-d251 @A: 06 32 26 04 | 03
#1129-d251 @A: 06 26 29 02 | 05
#1130-d251 @A: 07 02 06 32 | 02
#1131-d251 @A: 06 12 14 31 | 01
#1132-d251 @A: 24 13 01 26 | 10
#1133-d251 @A: 14 29 32 24 | 06
#1134-d251 @A: 14 25 34 35 | 09
#1135-d251 @A: 35 20 04 14 | 04
#1136-d251 @A: 02 32 26 35 | 12
#1137-d251 @A: 07 32 30 35 | 07
#1138-d251 @A: 14 21 34 02 | 11
#1139-d251 @A: 02 25 32 34 | 08
#1140-d251 @A: 34 07 01 31 | 03
#1141-d251 @A: 34 21 30 25 | 05
#1142-d251 @A: 14 06 18 16 | 02
#1143-d251 @A: 28 17 32 18 | 01
#1144-d251 @A: 13 18 09 17 | 10
#1145-d251 @A: 33 05 18 28 | 06
#1146-d251 @A: 28 08 01 18 | 09
#1147-d251 @A: 35 22 18 11 | 04
#1148-d251 @A: 03 30 18 27 | 12
#1149-d251 @A: 15 10 18 24 | 07
#1150-d251 @A: 08 18 10 20 | 11
#1151-d251 @A: 13 35 15 18 | 08
#1152-d251 @A: 14 15 34 18 | 03
#1153-d251 @A: 18 06 30 24 | 05
#1154-d251 @A: 18 34 24 33 | 02
#1155-d251 @A: 02 18 21 13 | 01
#1156-d251 @A: 18 33 26 25 | 10
#1157-d251 @A: 02 05 16 10 | 06
#1158-d251 @A: 11 35 16 05 | 09
#1159-d251 @A: 01 05 16 12 | 04
#1160-d251 @A: 22 31 01 16 | 12
#1161-d251 @A: 04 31 16 29 | 07
#1162-d251 @A: 30 02 33 16 | 11
#1163-d251 @A: 07 16 20 30 | 08
#1164-d251 @A: 07 11 16 31 | 03
#1165-d251 @A: 11 32 16 25 | 05
#1166-d251 @A: 32 31 33 16 | 02
#1167-d251 @A: 22 17 26 05 | 01
#1168-d251 @A: 22 20 17 09 | 10
#1169-d251 @A: 33 14 17 09 | 06
#1170-d251 @A: 02 03 33 17 | 09
#1171-d251 @A: 04 17 06 07 | 04
#1172-d251 @A: 17 13 24 35 | 12
#1173-d251 @A: 04 02 25 17 | 07
#1174-d251 @A: 02 17 20 31 | 11
#1175-d251 @A: 21 29 31 17 | 08
#1176-d251 @A: 17 33 32 11 | 03
#1177-d251 @A: 28 10 03 05 | 05
#1178-d251 @A: 09 06 05 29 | 02
#1179-d251 @A: 05 09 24 20 | 01
#1180-d251 @A: 34 31 09 05 | 10
#1181-d251 @A: 22 04 05 35 | 06
#1182-d251 @A: 05 22 25 31 | 09
#1183-d251 @A: 23 07 34 05 | 04
#1184-d251 @A: 05 08 10 25 | 12
#1185-d251 @A: 25 19 05 29 | 07
#1186-d251 @A: 05 20 31 04 | 11
#1187-d251 @A: 20 21 14 05 | 08
#1188-d251 @A: 23 06 28 22 | 03
#1189-d251 @A: 28 22 01 29 | 05
#1190-d251 @A: 02 03 27 28 | 02
#1191-d251 @A: 01 28 26 23 | 01
#1192-d251 @A: 07 28 08 27 | 10
#1193-d251 @A: 19 27 06 28 | 06
#1194-d251 @A: 02 08 19 28 | 09
#1195-d251 @A: 01 04 19 28 | 04
#1196-d251 @A: 04 28 32 25 | 12
#1197-d251 @A: 21 28 12 02 | 07
#1198-d251 @A: 32 31 28 13 | 11
#1199-d251 @A: 21 01 12 28 | 08
#1200-d251 @A: 26 11 07 28 | 03
#1201-d251 @A: 27 15 22 09 | 05
#1202-d251 @A: 14 09 35 22 | 02
#1203-d251 @A: 09 08 35 20 | 01
#1204-d251 @A: 35 13 06 09 | 10
#1205-d251 @A: 25 20 09 12 | 06
#1206-d251 @A: 20 09 30 01 | 09
#1207-d251 @A: 02 27 34 22 | 04
#1208-d251 @A: 22 04 13 12 | 12
#1209-d251 @A: 22 07 33 14 | 07
#1210-d251 @A: 26 25 22 12 | 11
#1211-d251 @A: 01 07 22 21 | 08
#1212-d251 @A: 23 03 19 11 | 03
#1213-d251 @A: 08 06 03 10 | 05
#1214-d251 @A: 26 03 10 33 | 02
#1215-d251 @A: 26 04 27 03 | 01
#1216-d251 @A: 08 07 03 11 | 10
#1217-d251 @A: 01 26 34 03 | 06
#1218-d251 @A: 07 03 29 33 | 09
#1219-d251 @A: 30 25 33 03 | 04
#1220-d251 @A: 27 29 23 13 | 12
#1221-d251 @A: 23 08 34 20 | 07
#1222-d251 @A: 23 35 01 06 | 11
#1223-d251 @A: 29 23 19 07 | 08
#1224-d251 @A: 20 12 23 07 | 03
#1225-d251 @A: 13 31 23 14 | 05
#1226-d251 @A: 31 23 29 11 | 02
#1227-d251 @A: 06 31 10 04 | 01
#1228-d251 @A: 24 10 35 32 | 10
#1229-d251 @A: 31 10 34 24 | 06
#1230-d251 @A: 10 20 01 12 | 09
#1231-d251 @A: 29 10 26 12 | 04
#1232-d251 @A: 24 27 21 15 | 12
#1233-d251 @A: 27 14 15 12 | 07
#1234-d251 @A: 08 15 32 25 | 11
#1235-d251 @A: 33 35 15 31 | 08
#1236-d251 @A: 04 32 29 15 | 03
#1237-d251 @A: 15 31 21 12 | 05
#1238-d251 @A: 07 15 25 30 | 02
#1239-d251 @A: 11 30 15 26 | 01
#1240-d251 @A: 14 27 04 07 | 10
#1241-d251 @A: 27 29 32 07 | 06
#1242-d251 @A: 32 27 11 30 | 09
#1243-d251 @A: 06 08 33 35 | 04
#1244-d251 @A: 06 08 34 32 | 12
#1245-d251 @A: 19 35 08 32 | 07
#1246-d251 @A: 08 12 04 25 | 11
#1247-d251 @A: 30 29 08 07 | 08
#1248-d251 @A: 06 02 24 33 | 03
#1249-d251 @A: 33 06 14 20 | 05
#1250-d251 @A: 11 06 12 32 | 02
#1251-d251 @A: 21 02 24 29 | 01
#1252-d251 @A: 24 02 31 26 | 10
#1253-d251 @A: 11 04 19 13 | 06
#1254-d251 @A: 19 31 12 02 | 09
#1255-d251 @A: 26 13 19 29 | 04
#1256-d251 @A: 04 29 13 35 | 12
#1257-d251 @A: 11 31 35 13 | 07
#1258-d251 @A: 35 12 25 33 | 11
#1259-d251 @A: 04 34 14 31 | 08
#1260-d251 @A: 25 31 26 34 | 03
#1261-d251 @A: 07 04 01 20 | 05
#1262-d251 @A: 01 31 02 21 | 02
#1263-d251 @A: 17 08 15 18 | 01
#1264-d251 @A: 04 18 24 17 | 10
#1265-d251 @A: 13 05 18 27 | 06
#1266-d251 @A: 02 28 18 15 | 09
#1267-d251 @A: 18 09 20 31 | 04
#1268-d251 @A: 04 18 15 22 | 12
#1269-d251 @A: 18 34 26 22 | 07
#1270-d251 @A: 13 22 25 18 | 11
#1271-d251 @A: 24 27 18 26 | 08
#1272-d251 @A: 19 18 06 33 | 03
#1273-d251 @A: 31 18 06 35 | 05
#1274-d251 @A: 01 19 18 31 | 02
#1275-d251 @A: 26 21 04 18 | 01
#1276-d251 @A: 18 02 11 12 | 10
#1277-d251 @A: 07 29 13 18 | 06
#1278-d251 @A: 07 18 11 32 | 09
#1279-d251 @A: 19 16 03 05 | 04
#1280-d251 @A: 06 16 05 31 | 12
#1281-d251 @A: 08 28 16 30 | 07
#1282-d251 @A: 04 09 06 16 | 11
#1283-d251 @A: 16 22 21 24 | 08
#1284-d251 @A: 23 03 29 16 | 03
#1285-d251 @A: 12 16 03 34 | 05
#1286-d251 @A: 10 34 26 16 | 02
#1287-d251 @A: 10 30 16 13 | 01
#1288-d251 @A: 15 07 08 16 | 10
#1289-d251 @A: 15 30 06 16 | 06
#1290-d251 @A: 32 06 16 35 | 09
#1291-d251 @A: 16 33 07 06 | 04
#1292-d251 @A: 25 16 19 26 | 12
#1293-d251 @A: 19 26 17 28 | 07
#1294-d251 @A: 09 06 17 02 | 11
#1295-d251 @A: 22 24 17 07 | 08
#1296-d251 @A: 17 04 22 19 | 03
#1297-d251 @A: 17 32 23 24 | 05
#1298-d251 @A: 32 15 35 17 | 02
#1299-d251 @A: 15 07 34 17 | 01
#1300-d251 @A: 01 14 08 17 | 10
#1301-d251 @A: 31 17 12 08 | 06
#1302-d251 @A: 34 01 06 17 | 09
#1303-d251 @A: 06 17 14 32 | 04
#1304-d251 @A: 35 17 19 11 | 12
#1305-d251 @A: 07 02 30 17 | 07
#1306-d251 @A: 09 05 12 28 | 11
#1307-d251 @A: 13 24 05 28 | 08
#1308-d251 @A: 32 29 05 03 | 03
#1309-d251 @A: 10 05 20 34 | 05
#1310-d251 @A: 35 15 02 05 | 02
#1311-d251 @A: 34 05 15 25 | 01
#1312-d251 @A: 05 27 20 08 | 10
#1313-d251 @A: 05 19 27 04 | 06
#1314-d251 @A: 04 08 01 05 | 09
#1315-d251 @A: 31 05 29 08 | 04
#1316-d251 @A: 07 05 06 30 | 12
#1317-d251 @A: 05 29 07 04 | 07
#1318-d251 @A: 05 29 01 31 | 11
#1319-d251 @A: 23 09 28 14 | 08
#1320-d251 @A: 28 22 13 08 | 03
#1321-d251 @A: 22 34 28 04 | 05
#1322-d251 @A: 28 03 24 08 | 02
#1323-d251 @A: 19 28 03 12 | 01
#1324-d251 @A: 10 28 27 33 | 10
#1325-d251 @A: 10 28 25 14 | 06
#1326-d251 @A: 20 15 28 34 | 09
#1327-d251 @A: 29 28 26 27 | 04
#1328-d251 @A: 28 06 08 11 | 12
#1329-d251 @A: 35 28 24 33 | 07
#1330-d251 @A: 28 04 24 29 | 11
#1331-d251 @A: 35 28 29 19 | 08
#1332-d251 @A: 14 28 34 11 | 03
#1333-d251 @A: 28 04 26 02 | 05
#1334-d251 @A: 09 22 03 02 | 02
#1335-d251 @A: 01 22 09 23 | 01
#1336-d251 @A: 34 09 23 13 | 10
#1337-d251 @A: 26 23 33 09 | 06
#1338-d251 @A: 29 10 09 27 | 09
#1339-d251 @A: 15 29 09 34 | 04
#1340-d251 @A: 25 09 15 02 | 12
#1341-d251 @A: 09 01 12 34 | 07
#1342-d251 @A: 33 30 09 04 | 11
#1343-d251 @A: 14 12 09 13 | 08
#1344-d251 @A: 31 26 09 14 | 03
#1345-d251 @A: 30 09 32 29 | 05
#1346-d251 @A: 23 21 22 11 | 02
#1347-d251 @A: 11 22 06 10 | 01
#1348-d251 @A: 13 31 22 06 | 10
#1349-d251 @A: 13 14 22 02 | 06
#1350-d251 @A: 07 22 21 12 | 09
#1351-d251 @A: 30 03 06 19 | 04
#1352-d251 @A: 01 24 03 32 | 12
#1353-d251 @A: 13 04 03 25 | 07
#1354-d251 @A: 21 30 04 03 | 11
#1355-d251 @A: 31 32 07 03 | 08
#1356-d251 @A: 15 23 10 06 | 03
#1357-d251 @A: 08 26 10 23 | 05
#1358-d251 @A: 23 10 33 19 | 02
#1359-d251 @A: 08 35 29 23 | 01
#1360-d251 @A: 23 29 06 34 | 10
#1361-d251 @A: 04 30 23 02 | 06
#1362-d251 @A: 33 04 23 29 | 09
#1363-d251 @A: 23 26 31 20 | 04
#1364-d251 @A: 21 23 07 33 | 12
#1365-d251 @A: 10 19 15 12 | 07
#1366-d251 @A: 35 10 15 01 | 11
#1367-d251 @A: 32 10 15 34 | 08
#1368-d251 @A: 10 31 25 02 | 03
#1369-d251 @A: 15 33 19 27 | 05
#1370-d251 @A: 07 20 15 04 | 02
#1371-d251 @A: 26 20 15 33 | 01
#1372-d251 @A: 21 13 15 33 | 10
#1373-d251 @A: 33 14 25 15 | 06
#1374-d251 @A: 01 08 25 27 | 09
#1375-d251 @A: 27 06 13 04 | 04
#1376-d251 @A: 21 20 29 27 | 12
#1377-d251 @A: 32 27 14 13 | 07
#1378-d251 @A: 08 13 30 04 | 11
#1379-d251 @A: 20 08 11 25 | 08
#1380-d251 @A: 12 32 26 08 | 03
#1381-d251 @A: 06 19 31 07 | 05
#1382-d251 @A: 26 06 20 34 | 02
#1383-d251 @A: 34 29 24 19 | 01
#1384-d251 @A: 33 20 12 24 | 10
#1385-d251 @A: 20 31 24 07 | 06
#1386-d251 @A: 24 20 31 01 | 09
#1387-d251 @A: 24 33 11 13 | 04
#1388-d251 @A: 24 33 30 14 | 12
#1389-d251 @A: 24 25 32 31 | 07
#1390-d251 @A: 04 20 26 19 | 11
#1391-d251 @A: 31 30 19 32 | 08
#1392-d251 @A: 25 33 19 01 | 03
#1393-d251 @A: 34 35 32 04 | 05
#1394-d251 @A: 13 20 35 34 | 02
#1395-d251 @A: 02 01 35 04 | 01
#1396-d251 @A: 35 12 31 26 | 10
#1397-d251 @A: 01 31 33 35 | 06
#1398-d251 @A: 34 01 33 04 | 09
#1399-d251 @A: 34 01 32 02 | 04
#1400-d251 @A: 01 07 25 12 | 12
#1401-d251 @A: 23 16 18 09 | 07
#1402-d251 @A: 18 17 02 05 | 11
#1403-d251 @A: 11 18 34 17 | 08
#1404-d251 @A: 33 21 17 18 | 03
#1405-d251 @A: 05 18 04 06 | 05
#1406-d251 @A: 18 32 05 01 | 02
#1407-d251 @A: 09 06 18 26 | 01
#1408-d251 @A: 18 33 22 10 | 10
#1409-d251 @A: 04 10 03 18 | 06
#1410-d251 @A: 32 04 18 23 | 09
#1411-d251 @A: 13 31 10 18 | 04
#1412-d251 @A: 06 32 15 18 | 12
#1413-d251 @A: 18 02 35 27 | 07
#1414-d251 @A: 24 18 32 08 | 11
#1415-d251 @A: 07 18 06 34 | 08
#1416-d251 @A: 18 25 12 24 | 03
#1417-d251 @A: 21 29 18 19 | 05
#1418-d251 @A: 26 19 18 31 | 02
#1419-d251 @A: 04 18 12 29 | 01
#1420-d251 @A: 18 32 26 13 | 10
#1421-d251 @A: 18 14 32 25 | 06
#1422-d251 @A: 29 33 18 32 | 09
#1423-d251 @A: 18 30 25 29 | 04
#1424-d251 @A: 25 27 16 17 | 12
#1425-d251 @A: 28 14 15 16 | 07
#1426-d251 @A: 22 04 10 16 | 11
#1427-d251 @A: 22 06 26 16 | 08
#1428-d251 @A: 20 16 35 03 | 03
#1429-d251 @A: 16 21 10 33 | 05
#1430-d251 @A: 32 16 13 15 | 02
#1431-d251 @A: 27 16 04 08 | 01
#1432-d251 @A: 16 34 33 08 | 10
#1433-d251 @A: 16 13 06 01 | 06
#1434-d251 @A: 16 24 19 12 | 09
#1435-d251 @A: 24 16 34 14 | 04
#1436-d251 @A: 04 16 20 25 | 12
#1437-d251 @A: 26 16 02 11 | 07
#1438-d251 @A: 29 20 16 11 | 11
#1439-d251 @A: 33 26 16 13 | 08
#1440-d251 @A: 16 30 14 11 | 03
#1441-d251 @A: 31 17 23 05 | 05
#1442-d251 @A: 05 24 17 10 | 02
#1443-d251 @A: 05 21 17 15 | 01
#1444-d251 @A: 14 05 19 17 | 10
#1445-d251 @A: 12 15 17 22 | 06
#1446-d251 @A: 17 30 22 21 | 09
#1447-d251 @A: 17 03 31 30 | 04
#1448-d251 @A: 27 15 17 29 | 12
#1449-d251 @A: 17 24 02 27 | 07
#1450-d251 @A: 30 32 08 17 | 11
#1451-d251 @A: 17 26 34 24 | 08
#1452-d251 @A: 17 19 01 11 | 03
#1453-d251 @A: 26 29 14 17 | 05
#1454-d251 @A: 25 17 29 32 | 02
#1455-d251 @A: 13 09 22 05 | 01
#1456-d251 @A: 19 09 33 05 | 10
#1457-d251 @A: 08 05 22 07 | 06
#1458-d251 @A: 22 01 05 19 | 09
#1459-d251 @A: 27 05 03 25 | 04
#1460-d251 @A: 23 05 32 06 | 12
#1461-d251 @A: 05 35 29 27 | 07
#1462-d251 @A: 13 14 05 34 | 11
#1463-d251 @A: 11 05 14 25 | 08
#1464-d251 @A: 10 28 20 09 | 03
#1465-d251 @A: 07 03 28 06 | 05
#1466-d251 @A: 34 25 28 03 | 02
#1467-d251 @A: 23 15 29 28 | 01
#1468-d251 @A: 15 10 31 28 | 10
#1469-d251 @A: 27 30 28 35 | 06
#1470-d251 @A: 12 28 27 20 | 09
#1471-d251 @A: 13 07 28 30 | 04
#1472-d251 @A: 13 28 11 25 | 12
#1473-d251 @A: 29 28 33 14 | 07
#1474-d251 @A: 29 12 11 28 | 11
#1475-d251 @A: 32 31 01 28 | 08
#1476-d251 @A: 09 03 08 29 | 03
#1477-d251 @A: 09 27 32 23 | 05
#1478-d251 @A: 09 11 34 10 | 02
#1479-d251 @A: 09 10 04 13 | 01
#1480-d251 @A: 33 13 09 08 | 10
#1481-d251 @A: 35 09 29 12 | 06
#1482-d251 @A: 14 09 29 11 | 09
#1483-d251 @A: 25 30 14 09 | 04
#1484-d251 @A: 07 09 12 11 | 12
#1485-d251 @A: 22 03 21 10 | 07
#1486-d251 @A: 04 24 22 23 | 11
#1487-d251 @A: 29 08 10 22 | 08
#1488-d251 @A: 19 22 10 20 | 03
#1489-d251 @A: 27 24 22 12 | 05
#1490-d251 @A: 22 20 27 04 | 02
#1491-d251 @A: 07 27 30 22 | 01
#1492-d251 @A: 35 22 08 21 | 10
#1493-d251 @A: 24 22 34 32 | 06
#1494-d251 @A: 22 01 34 24 | 09
#1495-d251 @A: 35 29 22 02 | 04
#1496-d251 @A: 13 21 29 22 | 12
#1497-d251 @A: 29 22 32 31 | 07
#1498-d251 @A: 26 22 11 01 | 11
#1499-d251 @A: 15 23 12 03 | 08
#1500-d251 @A: 02 03 23 14 | 03
#1501-d251 @A: 04 03 31 08 | 05
#1502-d251 @A: 08 32 03 02 | 02
#1503-d251 @A: 20 03 13 11 | 01
#1504-d251 @A: 20 03 26 07 | 10
#1505-d251 @A: 01 20 25 03 | 06
#1506-d251 @A: 32 30 14 03 | 09
#1507-d251 @A: 27 01 23 19 | 04
#1508-d251 @A: 25 23 04 14 | 12
#1509-d251 @A: 13 23 14 01 | 07
#1510-d251 @A: 21 31 25 23 | 11
#1511-d251 @A: 15 02 26 10 | 08
#1512-d251 @A: 10 06 25 24 | 03
#1513-d251 @A: 10 12 02 24 | 05
#1514-d251 @A: 07 02 19 15 | 02
#1515-d251 @A: 11 15 32 19 | 01
#1516-d251 @A: 33 04 15 02 | 10
#1517-d251 @A: 14 15 04 13 | 06
#1518-d251 @A: 04 26 15 31 | 09
#1519-d251 @A: 11 02 15 21 | 04
#1520-d251 @A: 21 14 30 15 | 12
#1521-d251 @A: 15 29 21 26 | 07
#1522-d251 @A: 08 25 29 27 | 11
#1523-d251 @A: 19 27 34 13 | 08
#1524-d251 @A: 27 31 35 32 | 03
#1525-d251 @A: 12 27 25 07 | 05
#1526-d251 @A: 08 19 20 06 | 02
#1527-d251 @A: 08 01 02 24 | 01
#1528-d251 @A: 21 08 20 26 | 10
#1529-d251 @A: 13 14 25 08 | 06
#1530-d251 @A: 29 08 32 13 | 09
#1531-d251 @A: 14 33 08 31 | 04
#1532-d251 @A: 08 26 01 31 | 12
#1533-d251 @A: 06 19 04 24 | 07
#1534-d251 @A: 31 21 02 06 | 11
#1535-d251 @A: 06 30 12 26 | 08
#1536-d251 @A: 07 21 35 24 | 03
#1537-d251 @A: 02 13 04 24 | 05
#1538-d251 @A: 24 04 11 01 | 02
#1539-d251 @A: 20 24 13 14 | 01
#1540-d251 @A: 07 24 33 32 | 10
#1541-d251 @A: 20 31 11 19 | 06
#1542-d251 @A: 14 19 07 32 | 09
#1543-d251 @A: 33 14 19 21 | 04
#1544-d251 @A: 11 07 35 34 | 12
#1545-d251 @A: 26 35 14 33 | 07
#1546-d251 @A: 14 26 35 01 | 11
#1547-d251 @A: 34 20 04 12 | 08
#1548-d251 @A: 25 34 33 13 | 03
#1549-d251 @A: 32 07 13 01 | 05
#1550-d251 @A: 14 29 01 07 | 02
#1551-d251 @A: 17 30 16 18 | 01
#1552-d251 @A: 16 07 03 18 | 10
#1553-d251 @A: 18 16 08 11 | 06
#1554-d251 @A: 30 34 09 18 | 09
#1555-d251 @A: 31 27 22 18 | 04
#1556-d251 @A: 18 06 12 22 | 12
#1557-d251 @A: 03 14 08 18 | 07
#1558-d251 @A: 18 33 03 35 | 11
#1559-d251 @A: 18 23 08 02 | 08
#1560-d251 @A: 06 20 18 23 | 03
#1561-d251 @A: 01 23 07 18 | 05
#1562-d251 @A: 25 18 23 11 | 02
#1563-d251 @A: 21 18 10 06 | 01
#1564-d251 @A: 18 20 11 15 | 10
#1565-d251 @A: 18 21 15 25 | 06
#1566-d251 @A: 26 14 18 02 | 09
#1567-d251 @A: 18 30 26 20 | 04
#1568-d251 @A: 14 13 18 33 | 12
#1569-d251 @A: 11 13 30 18 | 07
#1570-d251 @A: 15 16 26 17 | 11
#1571-d251 @A: 16 06 17 12 | 08
#1572-d251 @A: 16 01 25 17 | 03
#1573-d251 @A: 28 21 05 16 | 05
#1574-d251 @A: 05 08 16 09 | 02
#1575-d251 @A: 31 16 09 28 | 01
#1576-d251 @A: 16 01 28 30 | 10
#1577-d251 @A: 35 26 16 09 | 06
#1578-d251 @A: 23 22 27 16 | 09
#1579-d251 @A: 24 27 33 16 | 04
#1580-d251 @A: 08 24 16 13 | 12
#1581-d251 @A: 16 20 19 21 | 07
#1582-d251 @A: 16 04 33 11 | 11
#1583-d251 @A: 25 29 07 16 | 08
#1584-d251 @A: 05 20 13 17 | 03
#1585-d251 @A: 17 30 05 29 | 05
#1586-d251 @A: 03 35 12 17 | 02
#1587-d251 @A: 23 11 17 06 | 01
#1588-d251 @A: 17 01 23 24 | 10
#1589-d251 @A: 20 19 17 15 | 06
#1590-d251 @A: 15 17 04 01 | 09
#1591-d251 @A: 33 17 24 19 | 04
#1592-d251 @A: 04 13 17 31 | 12
#1593-d251 @A: 29 33 17 13 | 07
#1594-d251 @A: 17 07 30 01 | 11
#1595-d251 @A: 25 05 28 23 | 08
#1596-d251 @A: 28 35 05 32 | 03
#1597-d251 @A: 05 09 23 30 | 05
#1598-d251 @A: 15 30 22 05 | 02
#1599-d251 @A: 02 05 22 19 | 01
#1600-d251 @A: 05 19 07 10 | 10
#1601-d251 @A: 06 12 05 19 | 06
#1602-d251 @A: 05 06 35 20 | 09
#1603-d251 @A: 05 04 13 32 | 04
#1604-d251 @A: 01 02 13 05 | 12
#1605-d251 @A: 02 14 05 29 | 07
#1606-d251 @A: 05 13 07 25 | 11
#1607-d251 @A: 32 21 12 05 | 08
#1608-d251 @A: 27 01 09 28 | 03
#1609-d251 @A: 21 09 06 28 | 05
#1610-d251 @A: 29 22 28 03 | 02
#1611-d251 @A: 07 22 32 28 | 01
#1612-d251 @A: 22 28 31 21 | 10
#1613-d251 @A: 28 27 04 23 | 06
#1614-d251 @A: 28 23 32 08 | 09
#1615-d251 @A: 28 23 33 34 | 04
#1616-d251 @A: 10 01 06 28 | 12
#1617-d251 @A: 10 24 21 28 | 07
#1618-d251 @A: 10 34 28 35 | 11
#1619-d251 @A: 28 29 32 06 | 08
#1620-d251 @A: 19 11 24 28 | 03
#1621-d251 @A: 24 28 34 30 | 05
#1622-d251 @A: 28 14 30 04 | 02
#1623-d251 @A: 02 11 28 30 | 01
#1624-d251 @A: 12 22 09 23 | 10
#1625-d251 @A: 22 32 08 09 | 06
#1626-d251 @A: 09 24 22 33 | 09
#1627-d251 @A: 09 23 20 03 | 04
#1628-d251 @A: 25 09 23 10 | 12
#1629-d251 @A: 04 09 08 23 | 07
#1630-d251 @A: 06 10 07 09 | 11
#1631-d251 @A: 10 32 09 19 | 08
#1632-d251 @A: 10 02 01 09 | 03
#1633-d251 @A: 09 20 06 15 | 05
#1634-d251 @A: 15 01 09 13 | 02
#1635-d251 @A: 13 26 27 09 | 01
#1636-d251 @A: 08 09 31 21 | 10
#1637-d251 @A: 07 09 24 19 | 06
#1638-d251 @A: 09 24 14 04 | 09
#1639-d251 @A: 33 20 09 21 | 04
#1640-d251 @A: 25 09 33 32 | 12
#1641-d251 @A: 30 09 11 21 | 07
#1642-d251 @A: 22 26 27 08 | 11
#1643-d251 @A: 22 11 04 26 | 08
#1644-d251 @A: 02 30 26 22 | 03
#1645-d251 @A: 29 26 20 22 | 05
#1646-d251 @A: 22 25 14 29 | 02
#1647-d251 @A: 31 22 07 26 | 01
#1648-d251 @A: 21 22 33 26 | 10
#1649-d251 @A: 34 23 26 03 | 06
#1650-d251 @A: 01 23 03 04 | 09
#1651-d251 @A: 34 03 30 10 | 04
#1652-d251 @A: 31 15 03 06 | 12
#1653-d251 @A: 24 27 31 03 | 07
#1654-d251 @A: 24 12 14 03 | 11
#1655-d251 @A: 04 32 11 03 | 08
#1656-d251 @A: 29 02 03 25 | 03
#1657-d251 @A: 03 21 01 29 | 05
#1658-d251 @A: 23 14 15 20 | 02
#1659-d251 @A: 23 19 12 34 | 01
#1660-d251 @A: 02 19 13 23 | 10
#1661-d251 @A: 21 20 04 23 | 06
#1662-d251 @A: 23 11 14 32 | 09
#1663-d251 @A: 33 06 32 10 | 04
#1664-d251 @A: 24 19 26 10 | 12
#1665-d251 @A: 07 10 25 34 | 07
#1666-d251 @A: 20 02 10 04 | 11
#1667-d251 @A: 33 10 02 14 | 08
#1668-d251 @A: 32 10 13 07 | 03
#1669-d251 @A: 13 10 21 25 | 05
#1670-d251 @A: 25 10 11 26 | 02
#1671-d251 @A: 06 15 04 34 | 01
#1672-d251 @A: 15 24 01 19 | 10
#1673-d251 @A: 20 15 13 29 | 06
#1674-d251 @A: 32 19 27 24 | 09
#1675-d251 @A: 24 34 27 20 | 04
#1676-d251 @A: 27 26 14 19 | 12
#1677-d251 @A: 07 02 11 27 | 07
#1678-d251 @A: 27 12 01 32 | 11
#1679-d251 @A: 06 30 08 25 | 08
#1680-d251 @A: 04 20 24 08 | 03
#1681-d251 @A: 07 12 08 33 | 05
#1682-d251 @A: 11 06 31 25 | 02
#1683-d251 @A: 30 24 21 12 | 01
#1684-d251 @A: 12 11 21 19 | 10
#1685-d251 @A: 02 34 35 31 | 06
#1686-d251 @A: 11 35 21 01 | 09
#1687-d251 @A: 13 07 04 34 | 04
#1688-d251 @A: 34 32 29 21 | 12
#1689-d251 @A: 20 01 33 13 | 07
