#0001-d306 @A: 18 17 32 12 | 11
#0002-d306 @A: 18 32 16 15 | 03
#0003-d306 @A: 14 03 18 19 | 01
#0004-d306 @A: 01 19 13 18 | 12
#0005-d306 @A: 18 19 15 05 | 06
#0006-d306 @A: 20 18 13 19 | 08
#0007-d306 @A: 23 14 01 18 | 10
#0008-d306 @A: 26 18 06 01 | 05
#0009-d306 @A: 18 25 22 30 | 04
#0010-d306 @A: 35 03 31 18 | 09
#0011-d306 @A: 29 18 06 24 | 07
#0012-d306 @A: 18 30 33 27 | 02
#0013-d306 @A: 17 21 22 18 | 11
#0014-d306 @A: 08 13 18 03 | 03
#0015-d306 @A: 19 16 12 04 | 01
#0016-d306 @A: 17 19 12 10 | 12
#0017-d306 @A: 26 12 01 09 | 06
#0018-d306 @A: 12 14 07 10 | 08
#0019-d306 @A: 31 05 10 12 | 10
#0020-d306 @A: 24 27 12 29 | 05
#0021-d306 @A: 21 15 06 12 | 04
#0022-d306 @A: 10 12 11 15 | 09
#0023-d306 @A: 17 15 12 26 | 07
#0024-d306 @A: 05 28 12 34 | 02
#0025-d306 @A: 33 30 12 03 | 11
#0026-d306 @A: 22 12 29 04 | 03
#0027-d306 @A: 03 02 05 12 | 01
#0028-d306 @A: 08 12 22 05 | 12
#0029-d306 @A: 29 26 12 03 | 06
#0030-d306 @A: 19 16 33 24 | 08
#0031-d306 @A: 09 33 16 02 | 10
#0032-d306 @A: 23 14 11 16 | 05
#0033-d306 @A: 22 28 16 01 | 04
#0034-d306 @A: 01 06 11 16 | 09
#0035-d306 @A: 15 25 16 17 | 07
#0036-d306 @A: 26 10 16 25 | 02
#0037-d306 @A: 31 32 16 22 | 11
#0038-d306 @A: 16 31 33 20 | 03
#0039-d306 @A: 03 34 15 16 | 01
#0040-d306 @A: 10 28 16 35 | 12
#0041-d306 @A: 16 30 34 23 | 06
#0042-d306 @A: 23 13 16 29 | 08
#0043-d306 @A: 35 16 07 27 | 10
#0044-d306 @A: 19 01 09 02 | 05
#0045-d306 @A: 19 07 09 05 | 04
#0046-d306 @A: 19 13 15 14 | 09
#0047-d306 @A: 14 07 04 19 | 07
#0048-d306 @A: 26 19 24 01 | 02
#0049-d306 @A: 32 19 25 22 | 11
#0050-d306 @A: 15 26 19 07 | 03
#0051-d306 @A: 08 11 19 23 | 01
#0052-d306 @A: 03 19 22 30 | 12
#0053-d306 @A: 05 19 02 04 | 06
#0054-d306 @A: 19 07 22 17 | 08
#0055-d306 @A: 05 26 17 19 | 10
#0056-d306 @A: 09 14 25 13 | 05
#0057-d306 @A: 03 01 28 09 | 04
#0058-d306 @A: 09 01 07 10 | 09
#0059-d306 @A: 02 31 34 09 | 07
#0060-d306 @A: 09 29 23 15 | 02
#0061-d306 @A: 03 33 09 06 | 11
#0062-d306 @A: 06 05 09 21 | 03
#0063-d306 @A: 09 26 33 05 | 01
#0064-d306 @A: 09 03 22 10 | 12
#0065-d306 @A: 09 05 03 34 | 06
#0066-d306 @A: 07 26 22 09 | 08
#0067-d306 @A: 29 09 17 13 | 10
#0068-d306 @A: 31 14 02 25 | 05
#0069-d306 @A: 14 11 15 30 | 04
#0070-d306 @A: 06 27 30 14 | 09
#0071-d306 @A: 14 20 33 35 | 07
#0072-d306 @A: 31 05 24 01 | 02
#0073-d306 @A: 33 01 31 04 | 11
#0074-d306 @A: 10 30 01 15 | 03
#0075-d306 @A: 03 20 01 15 | 01
#0076-d306 @A: 35 28 01 21 | 12
#0077-d306 @A: 27 01 30 23 | 06
#0078-d306 @A: 20 08 01 10 | 08
#0079-d306 @A: 26 30 01 11 | 10
#0080-d306 @A: 07 02 11 01 | 05
#0081-d306 @A: 01 26 22 20 | 04
#0082-d306 @A: 25 31 21 10 | 09
#0083-d306 @A: 20 04 31 25 | 07
#0084-d306 @A: 25 28 15 22 | 02
#0085-d306 @A: 25 21 23 06 | 11
#0086-d306 @A: 04 27 25 02 | 03
#0087-d306 @A: 08 25 27 21 | 01
#0088-d306 @A: 32 24 07 31 | 12
#0089-d306 @A: 10 31 11 32 | 06
#0090-d306 @A: 31 06 11 30 | 08
#0091-d306 @A: 22 07 04 31 | 10
#0092-d306 @A: 08 31 26 34 | 05
#0093-d306 @A: 17 02 27 31 | 04
#0094-d306 @A: 08 13 35 31 | 09
#0095-d306 @A: 24 23 28 34 | 07
#0096-d306 @A: 06 05 24 04 | 02
#0097-d306 @A: 08 30 35 24 | 11
#0098-d306 @A: 24 08 21 04 | 03
#0099-d306 @A: 24 17 34 13 | 01
#0100-d306 @A: 29 22 24 08 | 12
#0101-d306 @A: 24 07 03 29 | 06
#0102-d306 @A: 27 24 08 11 | 08
#0103-d306 @A: 20 17 08 24 | 10
#0104-d306 @A: 11 06 15 23 | 05
#0105-d306 @A: 30 33 15 26 | 04
#0106-d306 @A: 03 15 22 04 | 09
#0107-d306 @A: 22 17 26 28 | 07
#0108-d306 @A: 29 28 35 05 | 02
#0109-d306 @A: 32 02 06 23 | 11
#0110-d306 @A: 23 21 32 33 | 03
#0111-d306 @A: 17 04 32 34 | 01
#0112-d306 @A: 11 32 02 34 | 12
#0113-d306 @A: 02 20 32 13 | 06
#0114-d306 @A: 02 05 32 21 | 08
#0115-d306 @A: 17 05 13 32 | 10
#0116-d306 @A: 06 23 04 33 | 05
#0117-d306 @A: 35 11 02 06 | 04
#0118-d306 @A: 11 08 06 26 | 09
#0119-d306 @A: 26 13 17 06 | 07
#0120-d306 @A: 33 02 23 10 | 02
#0121-d306 @A: 13 33 29 04 | 11
#0122-d306 @A: 26 20 27 33 | 03
#0123-d306 @A: 30 21 23 04 | 01
#0124-d306 @A: 17 10 22 05 | 12
#0125-d306 @A: 03 35 10 05 | 06
#0126-d306 @A: 13 29 03 10 | 08
#0127-d306 @A: 27 10 26 08 | 10
#0128-d306 @A: 17 10 29 20 | 05
#0129-d306 @A: 03 07 30 26 | 04
#0130-d306 @A: 08 05 07 30 | 09
#0131-d306 @A: 16 22 14 18 | 07
#0132-d306 @A: 16 26 18 23 | 02
#0133-d306 @A: 21 24 19 18 | 11
#0134-d306 @A: 09 10 02 18 | 03
#0135-d306 @A: 18 32 35 14 | 01
#0136-d306 @A: 01 24 27 18 | 12
#0137-d306 @A: 29 03 18 01 | 06
#0138-d306 @A: 25 18 11 15 | 08
#0139-d306 @A: 26 25 07 18 | 10
#0140-d306 @A: 31 22 33 18 | 05
#0141-d306 @A: 18 04 13 31 | 04
#0142-d306 @A: 20 31 35 18 | 09
#0143-d306 @A: 18 23 15 21 | 07
#0144-d306 @A: 15 18 22 10 | 02
#0145-d306 @A: 10 18 34 28 | 11
#0146-d306 @A: 32 10 18 26 | 03
#0147-d306 @A: 23 06 27 18 | 01
#0148-d306 @A: 03 04 17 18 | 12
#0149-d306 @A: 22 18 27 03 | 06
#0150-d306 @A: 12 22 25 16 | 08
#0151-d306 @A: 35 12 16 24 | 10
#0152-d306 @A: 16 12 11 33 | 05
#0153-d306 @A: 12 23 16 05 | 04
#0154-d306 @A: 12 19 01 27 | 09
#0155-d306 @A: 12 06 19 05 | 07
#0156-d306 @A: 12 19 33 07 | 02
#0157-d306 @A: 34 15 31 12 | 11
#0158-d306 @A: 12 31 35 33 | 03
#0159-d306 @A: 11 12 28 06 | 01
#0160-d306 @A: 29 17 28 12 | 12
#0161-d306 @A: 12 20 29 33 | 06
#0162-d306 @A: 23 12 29 02 | 08
#0163-d306 @A: 04 08 02 12 | 10
#0164-d306 @A: 21 02 12 35 | 05
#0165-d306 @A: 12 07 29 05 | 04
#0166-d306 @A: 22 02 19 16 | 09
#0167-d306 @A: 09 04 29 16 | 07
#0168-d306 @A: 16 09 20 02 | 02
#0169-d306 @A: 27 25 16 34 | 11
#0170-d306 @A: 16 05 25 21 | 03
#0171-d306 @A: 27 16 28 31 | 01
#0172-d306 @A: 27 16 30 24 | 12
#0173-d306 @A: 15 35 16 30 | 06
#0174-d306 @A: 20 15 16 04 | 08
#0175-d306 @A: 32 11 30 16 | 10
#0176-d306 @A: 06 35 04 16 | 05
#0177-d306 @A: 16 23 10 17 | 04
#0178-d306 @A: 08 02 30 16 | 09
#0179-d306 @A: 17 02 16 03 | 07
#0180-d306 @A: 26 08 29 16 | 02
#0181-d306 @A: 20 19 25 15 | 11
#0182-d306 @A: 19 35 30 31 | 03
#0183-d306 @A: 31 19 34 17 | 01
#0184-d306 @A: 30 24 02 19 | 12
#0185-d306 @A: 19 20 04 32 | 06
#0186-d306 @A: 02 06 10 19 | 08
#0187-d306 @A: 20 06 19 08 | 10
#0188-d306 @A: 20 30 02 19 | 05
#0189-d306 @A: 27 07 34 19 | 04
#0190-d306 @A: 21 19 29 05 | 09
#0191-d306 @A: 09 31 03 14 | 07
#0192-d306 @A: 34 09 14 10 | 02
#0193-d306 @A: 28 07 09 11 | 11
#0194-d306 @A: 09 06 13 11 | 03
#0195-d306 @A: 09 35 20 34 | 01
#0196-d306 @A: 09 29 03 35 | 12
#0197-d306 @A: 26 09 08 21 | 06
#0198-d306 @A: 06 08 14 01 | 08
#0199-d306 @A: 10 03 14 01 | 10
#0200-d306 @A: 24 25 14 05 | 05
#0201-d306 @A: 35 15 14 25 | 04
#0202-d306 @A: 30 14 17 24 | 09
#0203-d306 @A: 06 21 14 28 | 07
#0204-d306 @A: 14 30 35 28 | 02
#0205-d306 @A: 23 14 17 06 | 11
#0206-d306 @A: 33 14 23 35 | 03
#0207-d306 @A: 08 14 30 33 | 01
#0208-d306 @A: 13 14 30 26 | 12
#0209-d306 @A: 20 11 14 27 | 06
#0210-d306 @A: 05 08 14 35 | 08
#0211-d306 @A: 35 14 21 07 | 10
#0212-d306 @A: 14 07 13 17 | 05
#0213-d306 @A: 01 08 25 15 | 04
#0214-d306 @A: 15 31 13 01 | 09
#0215-d306 @A: 01 24 11 32 | 07
#0216-d306 @A: 24 01 02 23 | 02
#0217-d306 @A: 06 05 22 01 | 11
#0218-d306 @A: 04 26 22 01 | 03
#0219-d306 @A: 13 27 01 04 | 01
#0220-d306 @A: 07 21 01 34 | 12
#0221-d306 @A: 01 13 26 21 | 06
#0222-d306 @A: 01 29 20 35 | 08
#0223-d306 @A: 25 24 35 33 | 10
#0224-d306 @A: 11 24 22 25 | 05
#0225-d306 @A: 21 32 25 15 | 04
#0226-d306 @A: 26 33 03 25 | 09
#0227-d306 @A: 29 22 07 25 | 07
#0228-d306 @A: 07 17 25 03 | 02
#0229-d306 @A: 21 11 25 17 | 11
#0230-d306 @A: 06 15 24 31 | 03
#0231-d306 @A: 27 23 24 31 | 01
#0232-d306 @A: 31 15 30 29 | 12
#0233-d306 @A: 08 31 33 28 | 06
#0234-d306 @A: 31 23 28 20 | 08
#0235-d306 @A: 29 33 23 31 | 10
#0236-d306 @A: 05 26 31 04 | 05
#0237-d306 @A: 05 34 27 31 | 04
#0238-d306 @A: 07 02 05 31 | 09
#0239-d306 @A: 31 11 21 26 | 07
#0240-d306 @A: 33 24 08 06 | 02
#0241-d306 @A: 33 23 24 07 | 11
#0242-d306 @A: 29 24 30 20 | 03
#0243-d306 @A: 35 34 24 11 | 01
#0244-d306 @A: 02 24 07 22 | 12
#0245-d306 @A: 17 08 07 24 | 06
#0246-d306 @A: 28 26 15 03 | 08
#0247-d306 @A: 08 32 13 15 | 10
#0248-d306 @A: 10 08 23 15 | 05
#0249-d306 @A: 34 15 21 22 | 04
#0250-d306 @A: 13 05 15 34 | 09
#0251-d306 @A: 20 03 26 15 | 07
#0252-d306 @A: 15 05 11 21 | 02
#0253-d306 @A: 21 35 08 15 | 11
#0254-d306 @A: 03 28 33 32 | 03
#0255-d306 @A: 32 30 28 21 | 01
#0256-d306 @A: 05 10 28 13 | 12
#0257-d306 @A: 34 04 28 11 | 06
#0258-d306 @A: 27 20 35 28 | 08
#0259-d306 @A: 32 06 20 27 | 10
#0260-d306 @A: 10 20 22 32 | 05
#0261-d306 @A: 32 27 29 34 | 04
#0262-d306 @A: 08 17 32 02 | 09
#0263-d306 @A: 26 32 03 11 | 07
#0264-d306 @A: 02 21 06 04 | 02
#0265-d306 @A: 05 03 06 26 | 11
#0266-d306 @A: 06 07 26 21 | 03
#0267-d306 @A: 27 29 06 11 | 01
#0268-d306 @A: 33 35 29 10 | 12
#0269-d306 @A: 33 21 35 04 | 06
#0270-d306 @A: 34 05 07 33 | 08
#0271-d306 @A: 20 34 33 21 | 10
#0272-d306 @A: 02 33 22 03 | 05
#0273-d306 @A: 20 03 33 08 | 04
#0274-d306 @A: 11 26 33 35 | 09
#0275-d306 @A: 23 13 35 03 | 07
#0276-d306 @A: 27 23 08 35 | 02
#0277-d306 @A: 30 10 08 03 | 11
#0278-d306 @A: 30 35 10 17 | 03
#0279-d306 @A: 10 04 20 34 | 01
#0280-d306 @A: 10 04 07 08 | 12
#0281-d306 @A: 22 27 10 34 | 06
#0282-d306 @A: 11 10 35 07 | 08
#0283-d306 @A: 10 17 13 11 | 10
#0284-d306 @A: 29 08 11 10 | 05
#0285-d306 @A: 35 21 13 10 | 04
#0286-d306 @A: 30 20 27 04 | 09
#0287-d306 @A: 03 34 29 30 | 07
#0288-d306 @A: 08 20 11 21 | 02
#0289-d306 @A: 12 09 18 07 | 11
#0290-d306 @A: 18 34 12 20 | 03
#0291-d306 @A: 07 31 18 16 | 01
#0292-d306 @A: 28 02 16 18 | 12
#0293-d306 @A: 08 19 18 10 | 06
#0294-d306 @A: 20 32 09 18 | 08
#0295-d306 @A: 18 33 29 14 | 10
#0296-d306 @A: 01 18 30 07 | 05
#0297-d306 @A: 33 25 18 17 | 04
#0298-d306 @A: 30 03 18 15 | 09
#0299-d306 @A: 15 07 18 35 | 07
#0300-d306 @A: 11 03 28 18 | 02
#0301-d306 @A: 10 18 33 03 | 11
#0302-d306 @A: 20 10 33 18 | 03
#0303-d306 @A: 20 05 18 23 | 01
#0304-d306 @A: 11 26 04 18 | 12
#0305-d306 @A: 27 04 18 05 | 06
#0306-d306 @A: 18 21 27 26 | 08
#0307-d306 @A: 11 21 08 18 | 10
#0308-d306 @A: 07 11 17 18 | 05
#0309-d306 @A: 27 08 07 18 | 04
#0310-d306 @A: 03 32 12 16 | 09
#0311-d306 @A: 12 27 10 16 | 07
#0312-d306 @A: 12 09 25 04 | 02
#0313-d306 @A: 28 22 09 12 | 11
#0314-d306 @A: 33 34 12 25 | 03
#0315-d306 @A: 24 15 12 08 | 01
#0316-d306 @A: 24 07 30 12 | 12
#0317-d306 @A: 15 22 12 13 | 06
#0318-d306 @A: 35 20 32 12 | 08
#0319-d306 @A: 22 06 30 12 | 10
#0320-d306 @A: 04 34 12 10 | 05
#0321-d306 @A: 30 17 12 20 | 04
#0322-d306 @A: 34 26 12 13 | 09
#0323-d306 @A: 34 29 35 12 | 07
#0324-d306 @A: 12 07 27 22 | 02
#0325-d306 @A: 26 27 12 11 | 11
#0326-d306 @A: 31 16 19 05 | 03
#0327-d306 @A: 09 01 16 27 | 01
#0328-d306 @A: 35 09 11 16 | 12
#0329-d306 @A: 25 16 20 14 | 06
#0330-d306 @A: 10 14 29 16 | 08
#0331-d306 @A: 29 16 21 01 | 10
#0332-d306 @A: 16 25 33 06 | 05
#0333-d306 @A: 11 25 04 16 | 04
#0334-d306 @A: 16 02 24 06 | 09
#0335-d306 @A: 11 16 15 28 | 07
#0336-d306 @A: 27 06 16 15 | 02
#0337-d306 @A: 23 16 15 02 | 11
#0338-d306 @A: 28 26 30 16 | 03
#0339-d306 @A: 13 21 32 16 | 01
#0340-d306 @A: 13 02 04 16 | 12
#0341-d306 @A: 22 26 21 16 | 06
#0342-d306 @A: 20 21 16 35 | 08
#0343-d306 @A: 19 25 04 26 | 10
#0344-d306 @A: 31 23 19 02 | 05
#0345-d306 @A: 17 19 27 24 | 04
#0346-d306 @A: 21 28 19 33 | 09
#0347-d306 @A: 06 26 19 23 | 07
#0348-d306 @A: 04 13 22 19 | 02
#0349-d306 @A: 27 04 19 03 | 11
#0350-d306 @A: 13 19 02 34 | 03
#0351-d306 @A: 22 05 19 34 | 01
#0352-d306 @A: 19 03 05 13 | 12
#0353-d306 @A: 19 21 08 13 | 06
#0354-d306 @A: 29 08 19 27 | 08
#0355-d306 @A: 35 27 14 09 | 10
#0356-d306 @A: 09 08 23 01 | 05
#0357-d306 @A: 09 01 05 29 | 04
#0358-d306 @A: 24 31 35 09 | 09
#0359-d306 @A: 09 27 31 30 | 07
#0360-d306 @A: 09 08 06 15 | 02
#0361-d306 @A: 30 09 06 34 | 11
#0362-d306 @A: 04 33 11 09 | 03
#0363-d306 @A: 17 30 09 03 | 01
#0364-d306 @A: 22 11 34 09 | 12
#0365-d306 @A: 09 21 17 34 | 06
#0366-d306 @A: 28 27 25 14 | 08
#0367-d306 @A: 27 14 22 32 | 10
#0368-d306 @A: 14 13 03 34 | 05
#0369-d306 @A: 02 22 21 14 | 04
#0370-d306 @A: 22 26 03 14 | 09
#0371-d306 @A: 02 01 30 25 | 07
#0372-d306 @A: 20 25 01 27 | 02
#0373-d306 @A: 28 01 07 32 | 11
#0374-d306 @A: 33 26 01 28 | 03
#0375-d306 @A: 34 28 01 30 | 01
#0376-d306 @A: 23 22 33 01 | 12
#0377-d306 @A: 34 01 04 05 | 06
#0378-d306 @A: 08 29 01 04 | 08
#0379-d306 @A: 34 13 29 01 | 10
#0380-d306 @A: 01 26 02 05 | 05
#0381-d306 @A: 08 01 03 11 | 04
#0382-d306 @A: 31 06 04 25 | 09
#0383-d306 @A: 20 05 24 25 | 07
#0384-d306 @A: 23 25 08 33 | 02
#0385-d306 @A: 25 30 35 29 | 11
#0386-d306 @A: 11 29 25 20 | 03
#0387-d306 @A: 31 03 02 15 | 01
#0388-d306 @A: 20 15 31 05 | 12
#0389-d306 @A: 31 06 35 32 | 06
#0390-d306 @A: 29 32 21 31 | 08
#0391-d306 @A: 23 07 06 31 | 10
#0392-d306 @A: 06 31 10 08 | 05
#0393-d306 @A: 23 34 22 31 | 04
#0394-d306 @A: 11 34 31 13 | 09
#0395-d306 @A: 03 29 11 31 | 07
#0396-d306 @A: 24 35 10 32 | 02
#0397-d306 @A: 34 06 24 21 | 11
#0398-d306 @A: 23 29 24 30 | 03
#0399-d306 @A: 22 17 24 03 | 01
#0400-d306 @A: 32 15 34 28 | 12
#0401-d306 @A: 15 28 23 27 | 06
#0402-d306 @A: 29 32 06 15 | 08
#0403-d306 @A: 32 11 15 20 | 10
#0404-d306 @A: 11 15 02 22 | 05
#0405-d306 @A: 23 10 28 29 | 04
#0406-d306 @A: 10 02 20 28 | 09
#0407-d306 @A: 22 29 21 28 | 07
#0408-d306 @A: 28 26 13 20 | 02
#0409-d306 @A: 21 28 20 17 | 11
#0410-d306 @A: 04 32 29 03 | 03
#0411-d306 @A: 04 32 08 26 | 01
#0412-d306 @A: 07 32 34 08 | 12
#0413-d306 @A: 03 08 32 22 | 06
#0414-d306 @A: 30 33 10 06 | 08
#0415-d306 @A: 05 23 06 35 | 10
#0416-d306 @A: 04 11 17 06 | 05
#0417-d306 @A: 34 20 26 06 | 04
#0418-d306 @A: 34 06 35 13 | 09
#0419-d306 @A: 02 05 13 06 | 07
#0420-d306 @A: 22 06 03 07 | 02
#0421-d306 @A: 29 35 22 06 | 11
#0422-d306 @A: 20 06 26 17 | 03
#0423-d306 @A: 07 35 06 08 | 01
#0424-d306 @A: 33 30 11 23 | 12
#0425-d306 @A: 30 29 33 22 | 06
#0426-d306 @A: 05 33 27 29 | 08
#0427-d306 @A: 23 20 29 22 | 10
#0428-d306 @A: 17 35 21 23 | 05
#0429-d306 @A: 30 21 26 10 | 04
#0430-d306 @A: 11 05 10 02 | 09
#0431-d306 @A: 26 35 10 22 | 07
#0432-d306 @A: 21 03 10 11 | 02
#0433-d306 @A: 26 22 30 05 | 11
#0434-d306 @A: 27 20 34 07 | 03
#0435-d306 @A: 02 07 20 29 | 01
#0436-d306 @A: 18 12 01 34 | 12
#0437-d306 @A: 18 35 12 25 | 06
#0438-d306 @A: 16 01 18 25 | 08
#0439-d306 @A: 16 18 20 29 | 10
#0440-d306 @A: 19 09 18 27 | 05
#0441-d306 @A: 18 10 13 14 | 04
#0442-d306 @A: 27 10 18 25 | 09
#0443-d306 @A: 03 20 25 18 | 07
#0444-d306 @A: 31 27 15 18 | 02
#0445-d306 @A: 24 30 11 18 | 11
#0446-d306 @A: 22 02 04 18 | 03
#0447-d306 @A: 35 08 18 04 | 01
#0448-d306 @A: 18 35 34 27 | 12
#0449-d306 @A: 02 03 18 26 | 06
#0450-d306 @A: 09 19 12 29 | 08
#0451-d306 @A: 31 22 19 12 | 10
#0452-d306 @A: 12 19 34 24 | 05
#0453-d306 @A: 12 09 02 06 | 04
#0454-d306 @A: 33 24 12 14 | 09
#0455-d306 @A: 12 04 06 14 | 07
#0456-d306 @A: 12 02 30 14 | 02
#0457-d306 @A: 28 01 12 31 | 11
#0458-d306 @A: 12 04 24 01 | 03
#0459-d306 @A: 07 12 25 32 | 01
#0460-d306 @A: 06 08 25 12 | 12
#0461-d306 @A: 32 12 04 28 | 06
#0462-d306 @A: 12 13 06 10 | 08
#0463-d306 @A: 10 12 21 33 | 10
#0464-d306 @A: 03 07 12 04 | 05
#0465-d306 @A: 03 17 12 21 | 04
#0466-d306 @A: 12 05 13 27 | 09
#0467-d306 @A: 16 05 09 28 | 07
#0468-d306 @A: 14 16 03 27 | 02
#0469-d306 @A: 02 32 16 25 | 11
#0470-d306 @A: 29 34 24 16 | 03
#0471-d306 @A: 15 16 13 10 | 01
#0472-d306 @A: 16 17 28 04 | 12
#0473-d306 @A: 16 30 06 20 | 06
#0474-d306 @A: 03 13 16 06 | 08
#0475-d306 @A: 33 16 27 23 | 10
#0476-d306 @A: 07 16 30 33 | 05
#0477-d306 @A: 03 05 33 16 | 04
#0478-d306 @A: 22 16 13 34 | 09
#0479-d306 @A: 17 16 34 11 | 07
#0480-d306 @A: 16 11 26 02 | 02
#0481-d306 @A: 11 07 16 03 | 11
#0482-d306 @A: 08 11 16 13 | 03
#0483-d306 @A: 28 34 14 19 | 01
#0484-d306 @A: 23 34 19 01 | 12
#0485-d306 @A: 19 10 01 04 | 06
#0486-d306 @A: 19 05 10 25 | 08
#0487-d306 @A: 30 25 27 19 | 10
#0488-d306 @A: 34 19 25 21 | 05
#0489-d306 @A: 19 31 10 27 | 04
#0490-d306 @A: 11 24 19 15 | 09
#0491-d306 @A: 23 15 22 19 | 07
#0492-d306 @A: 23 19 13 30 | 02
#0493-d306 @A: 19 04 29 34 | 11
#0494-d306 @A: 19 27 29 20 | 03
#0495-d306 @A: 29 06 14 09 | 01
#0496-d306 @A: 23 25 09 26 | 12
#0497-d306 @A: 24 05 09 15 | 06
#0498-d306 @A: 24 33 09 29 | 08
#0499-d306 @A: 26 09 04 24 | 10
#0500-d306 @A: 32 11 09 29 | 05
#0501-d306 @A: 10 27 09 33 | 04
#0502-d306 @A: 33 34 09 13 | 09
#0503-d306 @A: 34 26 09 29 | 07
#0504-d306 @A: 28 01 15 14 | 02
#0505-d306 @A: 33 25 22 14 | 11
#0506-d306 @A: 30 22 31 14 | 03
#0507-d306 @A: 14 27 31 07 | 01
#0508-d306 @A: 14 03 32 06 | 12
#0509-d306 @A: 23 10 14 30 | 06
#0510-d306 @A: 34 26 04 14 | 08
#0511-d306 @A: 05 14 13 04 | 10
#0512-d306 @A: 14 07 02 34 | 05
#0513-d306 @A: 17 11 03 14 | 04
#0514-d306 @A: 25 01 29 24 | 09
#0515-d306 @A: 24 22 01 30 | 07
#0516-d306 @A: 32 34 33 01 | 02
#0517-d306 @A: 23 01 06 29 | 11
#0518-d306 @A: 33 08 10 01 | 03
#0519-d306 @A: 33 30 13 01 | 01
#0520-d306 @A: 30 33 01 20 | 12
#0521-d306 @A: 03 01 23 05 | 06
#0522-d306 @A: 02 01 27 22 | 08
#0523-d306 @A: 13 02 01 08 | 10
#0524-d306 @A: 01 07 05 35 | 05
#0525-d306 @A: 13 24 25 31 | 04
#0526-d306 @A: 06 20 25 07 | 09
#0527-d306 @A: 25 20 33 13 | 07
#0528-d306 @A: 23 25 22 10 | 02
#0529-d306 @A: 30 31 34 24 | 11
#0530-d306 @A: 31 02 32 30 | 03
#0531-d306 @A: 20 31 32 26 | 01
#0532-d306 @A: 20 31 08 30 | 12
#0533-d306 @A: 26 02 35 31 | 06
#0534-d306 @A: 08 02 31 11 | 08
#0535-d306 @A: 20 21 13 31 | 10
#0536-d306 @A: 24 07 15 34 | 05
#0537-d306 @A: 30 24 06 26 | 04
#0538-d306 @A: 05 24 10 23 | 09
#0539-d306 @A: 26 21 03 24 | 07
#0540-d306 @A: 20 13 24 03 | 02
#0541-d306 @A: 26 08 24 13 | 11
#0542-d306 @A: 23 33 15 03 | 03
#0543-d306 @A: 15 23 13 17 | 01
#0544-d306 @A: 15 27 34 04 | 12
#0545-d306 @A: 15 05 02 08 | 06
#0546-d306 @A: 32 06 05 28 | 08
#0547-d306 @A: 28 21 26 34 | 10
#0548-d306 @A: 29 34 28 07 | 05
#0549-d306 @A: 21 17 28 13 | 04
#0550-d306 @A: 10 06 27 32 | 09
#0551-d306 @A: 30 32 13 06 | 07
#0552-d306 @A: 06 32 22 26 | 02
#0553-d306 @A: 33 20 34 32 | 11
#0554-d306 @A: 08 32 23 30 | 03
#0555-d306 @A: 07 11 04 32 | 01
#0556-d306 @A: 32 21 34 03 | 12
#0557-d306 @A: 32 22 29 17 | 06
#0558-d306 @A: 32 35 27 26 | 08
#0559-d306 @A: 06 33 11 20 | 10
#0560-d306 @A: 27 04 08 06 | 05
#0561-d306 @A: 17 06 02 29 | 04
#0562-d306 @A: 11 34 33 29 | 09
#0563-d306 @A: 29 23 35 04 | 07
#0564-d306 @A: 05 34 26 23 | 02
#0565-d306 @A: 26 23 08 03 | 11
#0566-d306 @A: 11 23 27 05 | 03
#0567-d306 @A: 23 07 20 11 | 01
#0568-d306 @A: 10 26 04 17 | 12
#0569-d306 @A: 02 13 10 27 | 06
#0570-d306 @A: 11 10 20 13 | 08
#0571-d306 @A: 34 20 11 17 | 10
#0572-d306 @A: 20 34 05 29 | 05
#0573-d306 @A: 08 20 07 13 | 04
#0574-d306 @A: 18 12 28 15 | 09
#0575-d306 @A: 30 12 18 08 | 07
#0576-d306 @A: 04 18 16 33 | 02
#0577-d306 @A: 11 10 16 18 | 11
#0578-d306 @A: 17 30 18 16 | 03
#0579-d306 @A: 07 19 32 18 | 01
#0580-d306 @A: 03 09 23 18 | 12
#0581-d306 @A: 25 14 08 18 | 06
#0582-d306 @A: 18 31 11 01 | 08
#0583-d306 @A: 35 18 01 02 | 10
#0584-d306 @A: 25 18 21 28 | 05
#0585-d306 @A: 18 32 03 25 | 04
#0586-d306 @A: 24 18 31 26 | 09
#0587-d306 @A: 15 17 02 18 | 07
#0588-d306 @A: 29 18 15 08 | 02
#0589-d306 @A: 27 28 18 32 | 11
#0590-d306 @A: 33 13 18 32 | 03
#0591-d306 @A: 29 32 18 30 | 01
#0592-d306 @A: 18 34 11 05 | 12
#0593-d306 @A: 34 16 09 12 | 06
#0594-d306 @A: 02 31 12 16 | 08
#0595-d306 @A: 23 15 01 12 | 10
#0596-d306 @A: 12 02 01 32 | 05
#0597-d306 @A: 12 25 29 15 | 04
#0598-d306 @A: 12 03 25 27 | 09
#0599-d306 @A: 31 13 23 12 | 07
#0600-d306 @A: 21 22 12 24 | 02
#0601-d306 @A: 12 28 21 23 | 11
#0602-d306 @A: 06 12 17 33 | 03
#0603-d306 @A: 03 12 08 34 | 01
#0604-d306 @A: 29 11 21 12 | 12
#0605-d306 @A: 12 05 35 17 | 06
#0606-d306 @A: 16 13 28 19 | 08
#0607-d306 @A: 09 31 26 16 | 10
#0608-d306 @A: 25 14 07 16 | 05
#0609-d306 @A: 14 04 30 16 | 04
#0610-d306 @A: 10 24 16 04 | 09
#0611-d306 @A: 10 34 32 16 | 07
#0612-d306 @A: 16 05 26 32 | 02
#0613-d306 @A: 06 10 16 21 | 11
#0614-d306 @A: 22 16 33 10 | 03
#0615-d306 @A: 16 07 26 34 | 01
#0616-d306 @A: 16 35 21 34 | 12
#0617-d306 @A: 29 02 35 16 | 06
#0618-d306 @A: 22 01 14 19 | 08
#0619-d306 @A: 20 14 19 03 | 10
#0620-d306 @A: 01 20 23 19 | 05
#0621-d306 @A: 19 31 33 03 | 04
#0622-d306 @A: 24 28 19 05 | 09
#0623-d306 @A: 23 19 24 35 | 07
#0624-d306 @A: 03 24 19 10 | 02
#0625-d306 @A: 10 19 15 34 | 11
#0626-d306 @A: 23 10 19 07 | 03
#0627-d306 @A: 17 19 04 21 | 01
#0628-d306 @A: 09 14 33 28 | 12
#0629-d306 @A: 09 07 30 14 | 06
#0630-d306 @A: 01 15 17 09 | 08
#0631-d306 @A: 22 25 31 09 | 10
#0632-d306 @A: 09 33 25 32 | 05
#0633-d306 @A: 09 25 06 35 | 04
#0634-d306 @A: 06 23 28 09 | 09
#0635-d306 @A: 30 28 29 09 | 07
#0636-d306 @A: 06 10 09 04 | 02
#0637-d306 @A: 20 35 10 09 | 11
#0638-d306 @A: 27 08 09 34 | 03
#0639-d306 @A: 09 05 17 27 | 01
#0640-d306 @A: 06 14 25 26 | 12
#0641-d306 @A: 25 14 04 10 | 06
#0642-d306 @A: 14 06 05 31 | 08
#0643-d306 @A: 11 14 31 33 | 10
#0644-d306 @A: 14 27 10 24 | 05
#0645-d306 @A: 23 02 03 14 | 04
#0646-d306 @A: 14 08 04 17 | 09
#0647-d306 @A: 05 27 14 26 | 07
#0648-d306 @A: 14 11 21 13 | 02
#0649-d306 @A: 05 08 20 14 | 11
#0650-d306 @A: 29 21 14 17 | 03
#0651-d306 @A: 03 25 04 01 | 01
#0652-d306 @A: 17 06 01 24 | 12
#0653-d306 @A: 15 01 05 33 | 06
#0654-d306 @A: 07 01 22 15 | 08
#0655-d306 @A: 21 33 01 17 | 10
#0656-d306 @A: 34 01 11 10 | 05
#0657-d306 @A: 01 17 04 07 | 04
#0658-d306 @A: 13 22 01 17 | 09
#0659-d306 @A: 27 35 01 03 | 07
#0660-d306 @A: 34 03 25 31 | 02
#0661-d306 @A: 06 15 25 05 | 11
#0662-d306 @A: 25 33 15 13 | 03
#0663-d306 @A: 10 20 32 25 | 01
#0664-d306 @A: 25 06 03 11 | 12
#0665-d306 @A: 04 25 33 30 | 06
#0666-d306 @A: 35 10 25 08 | 08
#0667-d306 @A: 25 13 17 04 | 10
#0668-d306 @A: 25 34 22 26 | 05
#0669-d306 @A: 02 13 25 26 | 04
#0670-d306 @A: 05 25 22 27 | 09
#0671-d306 @A: 02 24 33 31 | 07
#0672-d306 @A: 03 28 30 31 | 02
#0673-d306 @A: 28 21 31 02 | 11
#0674-d306 @A: 31 32 33 05 | 03
#0675-d306 @A: 31 17 33 30 | 01
#0676-d306 @A: 31 04 27 11 | 12
#0677-d306 @A: 31 07 35 34 | 06
#0678-d306 @A: 26 22 31 29 | 08
#0679-d306 @A: 33 28 20 24 | 10
#0680-d306 @A: 17 33 32 24 | 05
#0681-d306 @A: 13 24 03 04 | 04
#0682-d306 @A: 21 24 05 07 | 09
#0683-d306 @A: 28 33 15 29 | 07
#0684-d306 @A: 15 35 04 02 | 02
#0685-d306 @A: 03 35 11 15 | 11
#0686-d306 @A: 27 03 15 08 | 03
#0687-d306 @A: 15 17 05 03 | 01
#0688-d306 @A: 17 08 11 15 | 12
#0689-d306 @A: 21 15 07 20 | 06
#0690-d306 @A: 28 35 33 06 | 08
#0691-d306 @A: 26 28 10 06 | 10
#0692-d306 @A: 06 08 28 30 | 05
#0693-d306 @A: 11 33 17 28 | 04
#0694-d306 @A: 20 28 03 34 | 09
#0695-d306 @A: 05 28 02 22 | 07
#0696-d306 @A: 07 28 13 02 | 02
#0697-d306 @A: 28 35 08 26 | 11
#0698-d306 @A: 11 35 28 13 | 03
#0699-d306 @A: 30 32 23 20 | 01
#0700-d306 @A: 32 05 22 07 | 12
#0701-d306 @A: 26 07 13 32 | 06
#0702-d306 @A: 21 20 32 29 | 08
#0703-d306 @A: 06 27 34 33 | 10
#0704-d306 @A: 02 27 06 03 | 05
#0705-d306 @A: 13 06 20 29 | 04
#0706-d306 @A: 05 02 35 33 | 09
#0707-d306 @A: 26 22 33 13 | 07
#0708-d306 @A: 17 22 27 33 | 02
#0709-d306 @A: 33 05 21 22 | 11
#0710-d306 @A: 26 23 20 10 | 03
#0711-d306 @A: 34 23 13 04 | 01
#0712-d306 @A: 23 08 02 21 | 12
#0713-d306 @A: 05 34 30 10 | 06
#0714-d306 @A: 10 27 11 30 | 08
#0715-d306 @A: 04 27 07 30 | 10
#0716-d306 @A: 22 07 30 34 | 05
#0717-d306 @A: 34 20 13 30 | 04
#0718-d306 @A: 21 30 22 13 | 09
#0719-d306 @A: 22 30 20 21 | 07
#0720-d306 @A: 30 03 27 13 | 02
#0721-d306 @A: 30 17 05 21 | 11
#0722-d306 @A: 20 22 05 04 | 03
#0723-d306 @A: 22 27 02 20 | 01
#0724-d306 @A: 18 24 13 12 | 12
#0725-d306 @A: 23 18 17 19 | 06
#0726-d306 @A: 18 09 22 06 | 08
#0727-d306 @A: 18 14 07 06 | 10
#0728-d306 @A: 18 20 28 01 | 05
#0729-d306 @A: 25 18 06 34 | 04
#0730-d306 @A: 17 18 08 31 | 09
#0731-d306 @A: 33 18 24 15 | 07
#0732-d306 @A: 06 15 18 13 | 02
#0733-d306 @A: 11 32 06 18 | 11
#0734-d306 @A: 23 33 18 34 | 03
#0735-d306 @A: 11 18 23 29 | 01
#0736-d306 @A: 18 29 34 22 | 12
#0737-d306 @A: 18 29 13 02 | 06
#0738-d306 @A: 19 03 28 12 | 08
#0739-d306 @A: 08 26 19 12 | 10
#0740-d306 @A: 12 24 09 11 | 05
#0741-d306 @A: 30 13 12 09 | 04
#0742-d306 @A: 26 28 12 14 | 09
#0743-d306 @A: 10 01 12 22 | 07
#0744-d306 @A: 12 08 21 01 | 02
#0745-d306 @A: 31 12 11 25 | 11
#0746-d306 @A: 02 25 10 12 | 03
#0747-d306 @A: 24 12 10 26 | 01
#0748-d306 @A: 22 12 32 33 | 12
#0749-d306 @A: 32 12 27 30 | 06
#0750-d306 @A: 32 12 29 13 | 08
#0751-d306 @A: 12 06 20 22 | 10
#0752-d306 @A: 23 33 12 26 | 05
#0753-d306 @A: 12 34 11 30 | 04
#0754-d306 @A: 04 11 05 12 | 09
#0755-d306 @A: 04 13 12 21 | 07
#0756-d306 @A: 07 12 02 26 | 02
#0757-d306 @A: 05 21 12 26 | 11
#0758-d306 @A: 16 24 20 19 | 03
#0759-d306 @A: 16 15 19 29 | 01
#0760-d306 @A: 19 16 23 03 | 12
#0761-d306 @A: 14 35 31 16 | 06
#0762-d306 @A: 24 16 26 14 | 08
#0763-d306 @A: 01 16 31 34 | 10
#0764-d306 @A: 04 16 01 23 | 05
#0765-d306 @A: 16 03 01 30 | 04
#0766-d306 @A: 16 07 28 24 | 09
#0767-d306 @A: 06 29 16 28 | 07
#0768-d306 @A: 27 32 16 04 | 02
#0769-d306 @A: 16 20 03 32 | 11
#0770-d306 @A: 16 05 34 02 | 03
#0771-d306 @A: 35 22 17 16 | 01
#0772-d306 @A: 26 35 13 16 | 12
#0773-d306 @A: 27 16 05 08 | 06
#0774-d306 @A: 19 26 14 09 | 08
#0775-d306 @A: 19 04 15 09 | 10
#0776-d306 @A: 03 32 19 09 | 05
#0777-d306 @A: 09 19 20 33 | 04
#0778-d306 @A: 19 35 01 32 | 09
#0779-d306 @A: 01 19 33 11 | 07
#0780-d306 @A: 03 19 15 25 | 02
#0781-d306 @A: 33 27 19 15 | 11
#0782-d306 @A: 19 06 28 27 | 03
#0783-d306 @A: 19 28 22 20 | 01
#0784-d306 @A: 19 23 32 29 | 12
#0785-d306 @A: 06 35 19 21 | 06
#0786-d306 @A: 19 34 30 33 | 08
#0787-d306 @A: 34 19 03 11 | 10
#0788-d306 @A: 02 19 27 11 | 05
#0789-d306 @A: 11 31 15 09 | 04
#0790-d306 @A: 09 31 32 13 | 09
#0791-d306 @A: 10 09 30 24 | 07
#0792-d306 @A: 26 09 10 15 | 02
#0793-d306 @A: 09 32 05 10 | 11
#0794-d306 @A: 27 02 32 09 | 03
#0795-d306 @A: 23 30 09 35 | 01
#0796-d306 @A: 34 04 07 09 | 12
#0797-d306 @A: 09 21 35 22 | 06
#0798-d306 @A: 17 22 09 08 | 08
#0799-d306 @A: 09 26 29 20 | 10
#0800-d306 @A: 14 20 01 31 | 05
#0801-d306 @A: 14 24 07 01 | 04
#0802-d306 @A: 32 13 14 01 | 09
#0803-d306 @A: 24 31 08 14 | 07
#0804-d306 @A: 17 31 14 10 | 02
#0805-d306 @A: 29 20 31 14 | 11
#0806-d306 @A: 15 03 14 24 | 03
#0807-d306 @A: 22 04 14 24 | 01
#0808-d306 @A: 20 34 24 14 | 12
#0809-d306 @A: 17 02 14 28 | 06
#0810-d306 @A: 05 14 29 32 | 08
#0811-d306 @A: 32 20 17 14 | 10
#0812-d306 @A: 03 14 04 33 | 05
#0813-d306 @A: 13 29 14 22 | 04
#0814-d306 @A: 26 14 35 17 | 09
#0815-d306 @A: 29 26 07 14 | 07
#0816-d306 @A: 01 15 24 35 | 02
#0817-d306 @A: 24 32 20 01 | 11
#0818-d306 @A: 29 15 01 02 | 03
#0819-d306 @A: 28 23 01 11 | 01
#0820-d306 @A: 10 01 06 35 | 12
#0821-d306 @A: 23 01 13 07 | 06
#0822-d306 @A: 01 05 13 11 | 08
#0823-d306 @A: 34 15 25 30 | 10
#0824-d306 @A: 23 07 25 34 | 05
#0825-d306 @A: 07 25 35 02 | 04
#0826-d306 @A: 02 25 20 08 | 09
#0827-d306 @A: 27 25 13 29 | 07
#0828-d306 @A: 24 28 29 31 | 02
#0829-d306 @A: 06 31 34 28 | 11
#0830-d306 @A: 10 07 31 28 | 03
#0831-d306 @A: 26 13 10 31 | 01
#0832-d306 @A: 03 31 27 26 | 12
#0833-d306 @A: 27 31 35 29 | 06
#0834-d306 @A: 05 21 35 31 | 08
#0835-d306 @A: 32 23 24 04 | 10
#0836-d306 @A: 10 02 24 08 | 05
#0837-d306 @A: 02 27 05 24 | 04
#0838-d306 @A: 27 24 26 22 | 09
#0839-d306 @A: 27 24 35 21 | 07
#0840-d306 @A: 28 07 06 15 | 02
#0841-d306 @A: 32 10 15 04 | 11
#0842-d306 @A: 26 15 32 02 | 03
#0843-d306 @A: 15 06 10 03 | 01
#0844-d306 @A: 26 08 15 22 | 12
#0845-d306 @A: 03 15 13 07 | 06
#0846-d306 @A: 02 28 03 34 | 08
#0847-d306 @A: 34 28 22 08 | 10
#0848-d306 @A: 28 03 27 17 | 05
#0849-d306 @A: 33 32 04 02 | 04
#0850-d306 @A: 22 04 21 32 | 09
#0851-d306 @A: 26 17 32 21 | 07
#0852-d306 @A: 35 21 11 32 | 02
#0853-d306 @A: 11 27 17 32 | 11
#0854-d306 @A: 32 35 29 08 | 03
#0855-d306 @A: 22 02 08 06 | 01
#0856-d306 @A: 21 13 29 06 | 12
#0857-d306 @A: 06 07 05 27 | 06
#0858-d306 @A: 34 33 04 22 | 08
#0859-d306 @A: 27 02 33 26 | 10
#0860-d306 @A: 07 22 33 35 | 05
#0861-d306 @A: 21 26 33 29 | 04
#0862-d306 @A: 23 34 27 02 | 09
#0863-d306 @A: 11 21 34 23 | 07
#0864-d306 @A: 07 23 11 22 | 02
#0865-d306 @A: 29 23 22 05 | 11
#0866-d306 @A: 13 23 11 26 | 03
#0867-d306 @A: 26 35 23 07 | 01
#0868-d306 @A: 08 27 23 20 | 12
#0869-d306 @A: 03 02 04 10 | 06
#0870-d306 @A: 04 11 08 30 | 08
#0871-d306 @A: 35 11 05 30 | 10
#0872-d306 @A: 30 20 35 05 | 05
#0873-d306 @A: 20 35 04 02 | 04
#0874-d306 @A: 08 26 35 20 | 09
#0875-d306 @A: 18 03 12 06 | 07
#0876-d306 @A: 16 18 24 03 | 02
#0877-d306 @A: 18 16 27 29 | 11
#0878-d306 @A: 31 18 19 29 | 03
#0879-d306 @A: 35 09 18 26 | 01
#0880-d306 @A: 14 34 18 24 | 12
#0881-d306 @A: 26 15 18 14 | 06
#0882-d306 @A: 21 18 14 30 | 08
#0883-d306 @A: 20 07 14 18 | 10
#0884-d306 @A: 15 04 18 01 | 05
#0885-d306 @A: 24 18 04 25 | 04
#0886-d306 @A: 32 24 02 18 | 09
#0887-d306 @A: 24 08 18 23 | 07
#0888-d306 @A: 33 06 21 18 | 02
#0889-d306 @A: 22 18 13 07 | 11
#0890-d306 @A: 13 18 17 35 | 03
#0891-d306 @A: 16 12 15 07 | 01
#0892-d306 @A: 32 09 21 12 | 12
#0893-d306 @A: 11 12 01 14 | 06
#0894-d306 @A: 21 12 14 25 | 08
#0895-d306 @A: 23 12 34 14 | 10
#0896-d306 @A: 12 01 07 06 | 05
#0897-d306 @A: 05 24 12 32 | 04
#0898-d306 @A: 12 28 30 10 | 09
#0899-d306 @A: 32 08 10 12 | 07
#0900-d306 @A: 12 21 34 27 | 02
#0901-d306 @A: 07 16 01 19 | 11
#0902-d306 @A: 16 01 10 05 | 03
#0903-d306 @A: 31 24 16 11 | 01
#0904-d306 @A: 26 16 17 33 | 12
#0905-d306 @A: 22 05 16 04 | 06
#0906-d306 @A: 03 26 16 04 | 08
#0907-d306 @A: 16 27 13 20 | 10
#0908-d306 @A: 09 11 30 19 | 05
#0909-d306 @A: 21 31 14 19 | 04
#0910-d306 @A: 14 24 29 19 | 09
#0911-d306 @A: 14 33 19 02 | 07
#0912-d306 @A: 28 19 29 01 | 02
#0913-d306 @A: 30 01 19 17 | 11
#0914-d306 @A: 06 19 07 25 | 03
#0915-d306 @A: 24 19 08 32 | 01
#0916-d306 @A: 15 17 06 19 | 12
#0917-d306 @A: 10 11 28 19 | 06
#0918-d306 @A: 19 28 07 30 | 08
#0919-d306 @A: 19 10 20 21 | 10
#0920-d306 @A: 08 07 19 02 | 05
#0921-d306 @A: 08 19 35 22 | 04
#0922-d306 @A: 19 29 13 26 | 09
#0923-d306 @A: 17 11 19 29 | 07
#0924-d306 @A: 05 27 35 19 | 02
#0925-d306 @A: 23 14 09 04 | 11
#0926-d306 @A: 13 09 35 01 | 03
#0927-d306 @A: 28 34 25 09 | 01
#0928-d306 @A: 09 08 25 30 | 12
#0929-d306 @A: 05 02 25 09 | 06
#0930-d306 @A: 25 09 07 21 | 08
#0931-d306 @A: 31 09 28 04 | 10
#0932-d306 @A: 24 06 09 07 | 05
#0933-d306 @A: 09 07 32 15 | 04
#0934-d306 @A: 09 02 13 23 | 09
#0935-d306 @A: 09 02 21 11 | 07
#0936-d306 @A: 11 08 09 05 | 02
#0937-d306 @A: 25 34 01 14 | 11
#0938-d306 @A: 14 28 13 31 | 03
#0939-d306 @A: 24 11 14 28 | 01
#0940-d306 @A: 33 14 06 13 | 12
#0941-d306 @A: 26 30 20 14 | 06
#0942-d306 @A: 04 13 14 20 | 08
#0943-d306 @A: 27 29 14 02 | 10
#0944-d306 @A: 22 11 05 14 | 05
#0945-d306 @A: 07 05 14 03 | 04
#0946-d306 @A: 23 25 35 01 | 09
#0947-d306 @A: 27 01 32 31 | 07
#0948-d306 @A: 10 02 31 01 | 02
#0949-d306 @A: 31 08 30 01 | 11
#0950-d306 @A: 07 01 31 03 | 03
#0951-d306 @A: 21 01 30 06 | 01
#0952-d306 @A: 26 29 35 01 | 12
#0953-d306 @A: 01 26 08 07 | 06
#0954-d306 @A: 21 01 27 05 | 08
#0955-d306 @A: 26 15 25 31 | 10
#0956-d306 @A: 02 25 06 28 | 05
#0957-d306 @A: 05 28 33 25 | 04
#0958-d306 @A: 30 17 25 06 | 09
#0959-d306 @A: 13 05 25 35 | 07
#0960-d306 @A: 24 27 31 20 | 02
#0961-d306 @A: 10 23 04 31 | 11
#0962-d306 @A: 02 04 29 31 | 03
#0963-d306 @A: 21 22 08 31 | 01
#0964-d306 @A: 04 28 24 30 | 12
#0965-d306 @A: 24 32 03 30 | 06
#0966-d306 @A: 13 33 24 10 | 08
#0967-d306 @A: 24 04 11 29 | 10
#0968-d306 @A: 20 24 04 11 | 05
#0969-d306 @A: 34 03 27 24 | 04
#0970-d306 @A: 35 02 03 24 | 09
#0971-d306 @A: 24 35 17 29 | 07
#0972-d306 @A: 28 15 20 29 | 02
#0973-d306 @A: 23 15 32 05 | 11
#0974-d306 @A: 27 15 10 05 | 03
#0975-d306 @A: 08 15 34 20 | 01
#0976-d306 @A: 13 23 28 33 | 12
#0977-d306 @A: 04 10 28 33 | 06
#0978-d306 @A: 23 28 07 03 | 08
#0979-d306 @A: 28 27 29 04 | 10
#0980-d306 @A: 32 03 27 05 | 05
#0981-d306 @A: 07 27 32 21 | 04
#0982-d306 @A: 05 07 20 32 | 09
#0983-d306 @A: 33 11 06 05 | 07
#0984-d306 @A: 34 23 06 10 | 02
#0985-d306 @A: 13 07 06 04 | 11
#0986-d306 @A: 07 26 33 04 | 03
#0987-d306 @A: 04 05 17 33 | 01
#0988-d306 @A: 11 02 23 20 | 12
#0989-d306 @A: 22 23 21 03 | 06
#0990-d306 @A: 22 10 30 02 | 08
#0991-d306 @A: 10 21 29 34 | 10
#0992-d306 @A: 02 34 30 21 | 05
#0993-d306 @A: 13 34 30 08 | 04
#0994-d306 @A: 18 12 11 19 | 09
#0995-d306 @A: 12 05 18 33 | 07
#0996-d306 @A: 28 22 19 18 | 02
#0997-d306 @A: 26 19 30 18 | 11
#0998-d306 @A: 34 18 09 15 | 03
#0999-d306 @A: 09 32 04 18 | 01
#1000-d306 @A: 21 18 01 32 | 12
#1001-d306 @A: 18 22 01 08 | 06
#1002-d306 @A: 05 24 18 22 | 08
#1003-d306 @A: 18 23 32 22 | 10
#1004-d306 @A: 20 06 18 04 | 05
#1005-d306 @A: 08 18 26 33 | 04
#1006-d306 @A: 20 18 17 02 | 09
#1007-d306 @A: 27 18 20 21 | 07
#1008-d306 @A: 13 14 12 16 | 02
#1009-d306 @A: 09 12 31 17 | 11
#1010-d306 @A: 12 31 24 03 | 03
#1011-d306 @A: 31 06 29 12 | 01
#1012-d306 @A: 02 28 12 24 | 12
#1013-d306 @A: 12 24 23 06 | 06
#1014-d306 @A: 15 12 33 04 | 08
#1015-d306 @A: 15 12 20 02 | 10
#1016-d306 @A: 12 23 35 22 | 05
#1017-d306 @A: 08 07 23 12 | 04
#1018-d306 @A: 12 17 27 04 | 09
#1019-d306 @A: 30 22 09 16 | 07
#1020-d306 @A: 34 06 14 16 | 02
#1021-d306 @A: 20 16 34 01 | 11
#1022-d306 @A: 29 31 16 25 | 03
#1023-d306 @A: 31 08 23 16 | 01
#1024-d306 @A: 17 24 16 05 | 12
#1025-d306 @A: 08 15 16 33 | 06
#1026-d306 @A: 28 20 16 07 | 08
#1027-d306 @A: 32 16 29 33 | 10
#1028-d306 @A: 23 16 35 32 | 05
#1029-d306 @A: 06 05 30 16 | 04
#1030-d306 @A: 29 17 16 07 | 09
#1031-d306 @A: 24 09 19 25 | 07
#1032-d306 @A: 17 14 25 19 | 02
#1033-d306 @A: 14 06 11 19 | 11
#1034-d306 @A: 19 23 14 27 | 03
#1035-d306 @A: 19 31 01 25 | 01
#1036-d306 @A: 19 15 21 01 | 12
#1037-d306 @A: 29 25 33 19 | 06
#1038-d306 @A: 13 19 11 25 | 08
#1039-d306 @A: 15 19 31 32 | 10
#1040-d306 @A: 23 04 19 28 | 05
#1041-d306 @A: 30 06 29 19 | 04
#1042-d306 @A: 05 23 33 19 | 09
#1043-d306 @A: 33 17 19 13 | 07
#1044-d306 @A: 08 03 19 17 | 02
#1045-d306 @A: 01 14 09 21 | 11
#1046-d306 @A: 29 31 09 10 | 03
#1047-d306 @A: 07 20 09 31 | 01
#1048-d306 @A: 02 28 09 26 | 12
#1049-d306 @A: 17 09 06 32 | 06
#1050-d306 @A: 23 09 04 20 | 08
#1051-d306 @A: 09 03 04 21 | 10
#1052-d306 @A: 07 09 27 13 | 05
#1053-d306 @A: 05 09 20 13 | 04
#1054-d306 @A: 20 17 08 09 | 09
#1055-d306 @A: 27 21 09 29 | 07
#1056-d306 @A: 15 14 34 08 | 02
#1057-d306 @A: 14 32 34 30 | 11
#1058-d306 @A: 04 11 02 14 | 03
#1059-d306 @A: 14 27 21 04 | 01
#1060-d306 @A: 11 34 14 27 | 12
#1061-d306 @A: 21 14 02 20 | 06
#1062-d306 @A: 01 21 23 31 | 08
#1063-d306 @A: 01 31 17 29 | 10
#1064-d306 @A: 15 03 32 01 | 05
#1065-d306 @A: 01 30 05 32 | 04
#1066-d306 @A: 01 23 26 10 | 09
#1067-d306 @A: 01 21 11 04 | 07
#1068-d306 @A: 17 02 01 34 | 02
#1069-d306 @A: 11 22 01 29 | 11
#1070-d306 @A: 17 27 01 08 | 03
#1071-d306 @A: 31 23 17 25 | 01
#1072-d306 @A: 24 25 27 07 | 12
#1073-d306 @A: 11 30 25 28 | 06
#1074-d306 @A: 32 04 05 25 | 08
#1075-d306 @A: 32 13 25 34 | 10
#1076-d306 @A: 11 10 25 33 | 05
#1077-d306 @A: 25 02 23 11 | 04
#1078-d306 @A: 22 35 25 03 | 09
#1079-d306 @A: 26 27 25 17 | 07
#1080-d306 @A: 31 10 24 22 | 02
#1081-d306 @A: 15 05 28 31 | 11
#1082-d306 @A: 32 03 23 31 | 03
#1083-d306 @A: 31 27 22 06 | 01
#1084-d306 @A: 07 26 31 17 | 12
#1085-d306 @A: 24 32 15 27 | 06
#1086-d306 @A: 24 15 13 30 | 08
#1087-d306 @A: 24 32 28 13 | 10
#1088-d306 @A: 29 24 26 32 | 05
#1089-d306 @A: 04 07 35 24 | 04
#1090-d306 @A: 08 34 24 05 | 09
#1091-d306 @A: 24 29 02 21 | 07
#1092-d306 @A: 03 11 05 24 | 02
#1093-d306 @A: 24 35 26 05 | 11
#1094-d306 @A: 17 28 15 30 | 03
#1095-d306 @A: 26 15 35 06 | 01
#1096-d306 @A: 20 15 23 33 | 12
#1097-d306 @A: 07 15 30 23 | 06
#1098-d306 @A: 27 30 21 15 | 08
#1099-d306 @A: 11 04 15 13 | 10
#1100-d306 @A: 15 29 13 35 | 05
#1101-d306 @A: 28 23 30 22 | 04
#1102-d306 @A: 02 28 35 23 | 09
#1103-d306 @A: 17 34 28 35 | 07
#1104-d306 @A: 07 33 32 10 | 02
#1105-d306 @A: 10 13 23 32 | 11
#1106-d306 @A: 03 17 32 10 | 03
#1107-d306 @A: 13 02 03 32 | 01
#1108-d306 @A: 02 32 29 07 | 12
#1109-d306 @A: 13 06 23 08 | 06
#1110-d306 @A: 35 03 34 33 | 08
#1111-d306 @A: 33 22 11 08 | 10
#1112-d306 @A: 33 13 11 03 | 05
#1113-d306 @A: 08 05 23 04 | 04
#1114-d306 @A: 02 26 23 22 | 09
#1115-d306 @A: 29 23 21 07 | 07
#1116-d306 @A: 10 04 11 22 | 02
#1117-d306 @A: 10 21 02 17 | 11
#1118-d306 @A: 07 21 22 10 | 03
#1119-d306 @A: 10 07 03 27 | 01
#1120-d306 @A: 07 03 20 10 | 12
#1121-d306 @A: 07 10 05 26 | 06
#1122-d306 @A: 10 08 21 05 | 08
#1123-d306 @A: 29 27 10 17 | 10
#1124-d306 @A: 02 30 11 03 | 05
#1125-d306 @A: 30 13 17 02 | 04
#1126-d306 @A: 29 26 30 27 | 09
#1127-d306 @A: 08 29 20 04 | 07
#1128-d306 @A: 11 35 20 03 | 02
#1129-d306 @A: 12 18 29 10 | 11
#1130-d306 @A: 18 02 12 27 | 03
#1131-d306 @A: 12 18 22 26 | 01
#1132-d306 @A: 16 13 09 18 | 12
#1133-d306 @A: 02 19 25 18 | 06
#1134-d306 @A: 04 06 18 19 | 08
#1135-d306 @A: 28 18 08 09 | 10
#1136-d306 @A: 05 18 09 30 | 05
#1137-d306 @A: 04 18 14 28 | 04
#1138-d306 @A: 05 18 28 01 | 09
#1139-d306 @A: 13 18 23 25 | 07
#1140-d306 @A: 32 08 05 18 | 02
#1141-d306 @A: 33 02 18 11 | 11
#1142-d306 @A: 07 03 34 18 | 03
#1143-d306 @A: 20 11 26 18 | 01
#1144-d306 @A: 13 27 11 18 | 12
#1145-d306 @A: 17 01 12 16 | 06
#1146-d306 @A: 30 19 12 21 | 08
#1147-d306 @A: 27 15 14 12 | 10
#1148-d306 @A: 01 25 05 12 | 05
#1149-d306 @A: 17 12 24 25 | 04
#1150-d306 @A: 04 30 12 31 | 09
#1151-d306 @A: 08 31 12 27 | 07
#1152-d306 @A: 12 27 33 28 | 02
#1153-d306 @A: 11 02 17 12 | 11
#1154-d306 @A: 03 22 11 12 | 03
#1155-d306 @A: 08 12 35 11 | 01
#1156-d306 @A: 06 19 16 09 | 12
#1157-d306 @A: 10 16 30 19 | 06
#1158-d306 @A: 19 27 26 16 | 08
#1159-d306 @A: 09 14 17 16 | 10
#1160-d306 @A: 24 32 09 16 | 05
#1161-d306 @A: 16 28 23 25 | 04
#1162-d306 @A: 23 16 24 21 | 09
#1163-d306 @A: 02 16 21 27 | 07
#1164-d306 @A: 09 17 19 28 | 02
#1165-d306 @A: 09 35 19 34 | 11
#1166-d306 @A: 28 19 32 02 | 03
#1167-d306 @A: 32 19 33 06 | 01
#1168-d306 @A: 32 30 19 04 | 12
#1169-d306 @A: 32 19 27 13 | 06
#1170-d306 @A: 04 08 33 19 | 08
#1171-d306 @A: 19 27 21 22 | 10
#1172-d306 @A: 11 05 19 20 | 05
#1173-d306 @A: 09 02 24 14 | 04
#1174-d306 @A: 01 09 24 34 | 09
#1175-d306 @A: 15 25 27 09 | 07
#1176-d306 @A: 24 28 27 09 | 02
#1177-d306 @A: 28 21 09 10 | 11
#1178-d306 @A: 32 23 09 34 | 03
#1179-d306 @A: 03 09 30 20 | 01
#1180-d306 @A: 35 17 09 07 | 12
#1181-d306 @A: 26 01 14 31 | 06
#1182-d306 @A: 01 14 27 33 | 08
#1183-d306 @A: 14 04 35 01 | 10
#1184-d306 @A: 14 15 23 31 | 05
#1185-d306 @A: 14 06 02 15 | 04
#1186-d306 @A: 14 15 33 07 | 09
#1187-d306 @A: 23 28 14 05 | 07
#1188-d306 @A: 14 08 28 10 | 02
#1189-d306 @A: 14 10 06 22 | 11
#1190-d306 @A: 14 17 33 34 | 03
#1191-d306 @A: 02 26 14 08 | 01
#1192-d306 @A: 08 27 13 14 | 12
#1193-d306 @A: 06 25 01 27 | 06
#1194-d306 @A: 01 21 22 25 | 08
#1195-d306 @A: 01 03 24 33 | 10
#1196-d306 @A: 01 06 32 04 | 05
#1197-d306 @A: 23 32 17 01 | 04
#1198-d306 @A: 32 29 10 01 | 09
#1199-d306 @A: 06 01 02 33 | 07
#1200-d306 @A: 20 06 01 21 | 02
#1201-d306 @A: 34 26 27 01 | 11
#1202-d306 @A: 11 01 35 17 | 03
#1203-d306 @A: 07 01 29 27 | 01
#1204-d306 @A: 35 31 25 28 | 12
#1205-d306 @A: 33 31 25 27 | 06
#1206-d306 @A: 25 24 32 06 | 08
#1207-d306 @A: 03 24 25 23 | 10
#1208-d306 @A: 28 03 25 10 | 05
#1209-d306 @A: 25 02 33 21 | 04
#1210-d306 @A: 29 25 21 04 | 09
#1211-d306 @A: 02 25 34 29 | 07
#1212-d306 @A: 25 02 08 03 | 02
#1213-d306 @A: 21 13 03 25 | 11
#1214-d306 @A: 25 03 05 29 | 03
#1215-d306 @A: 25 21 26 20 | 01
#1216-d306 @A: 27 25 11 35 | 12
#1217-d306 @A: 17 31 32 28 | 06
#1218-d306 @A: 06 03 21 31 | 08
#1219-d306 @A: 31 23 35 11 | 10
#1220-d306 @A: 08 31 04 03 | 05
#1221-d306 @A: 31 04 35 17 | 04
#1222-d306 @A: 22 31 02 13 | 09
#1223-d306 @A: 24 20 15 10 | 07
#1224-d306 @A: 28 24 33 22 | 02
#1225-d306 @A: 10 28 24 17 | 11
#1226-d306 @A: 27 13 24 06 | 03
#1227-d306 @A: 11 26 24 07 | 01
#1228-d306 @A: 08 04 28 15 | 12
#1229-d306 @A: 32 11 33 15 | 06
#1230-d306 @A: 22 32 15 30 | 08
#1231-d306 @A: 30 04 15 06 | 10
#1232-d306 @A: 33 34 15 02 | 05
#1233-d306 @A: 15 05 07 04 | 04
#1234-d306 @A: 15 17 34 29 | 09
#1235-d306 @A: 22 35 05 15 | 07
#1236-d306 @A: 05 29 26 15 | 02
#1237-d306 @A: 17 35 27 15 | 11
#1238-d306 @A: 23 26 28 32 | 03
#1239-d306 @A: 02 33 28 30 | 01
#1240-d306 @A: 26 28 04 13 | 12
#1241-d306 @A: 08 27 28 02 | 06
#1242-d306 @A: 28 11 05 26 | 08
#1243-d306 @A: 08 13 28 29 | 10
#1244-d306 @A: 06 07 33 29 | 05
#1245-d306 @A: 07 17 06 10 | 04
#1246-d306 @A: 06 26 02 34 | 09
#1247-d306 @A: 22 21 11 06 | 07
#1248-d306 @A: 17 06 21 27 | 02
#1249-d306 @A: 33 02 05 20 | 11
#1250-d306 @A: 07 02 17 33 | 03
#1251-d306 @A: 21 03 27 33 | 01
#1252-d306 @A: 11 07 33 27 | 12
#1253-d306 @A: 27 13 35 33 | 06
#1254-d306 @A: 13 33 08 05 | 08
#1255-d306 @A: 23 10 21 27 | 10
#1256-d306 @A: 02 17 05 23 | 05
#1257-d306 @A: 03 27 29 23 | 04
#1258-d306 @A: 29 17 23 26 | 09
#1259-d306 @A: 07 30 10 29 | 07
#1260-d306 @A: 04 27 10 35 | 02
#1261-d306 @A: 34 10 02 35 | 11
#1262-d306 @A: 07 34 10 13 | 03
#1263-d306 @A: 26 02 10 29 | 01
#1264-d306 @A: 02 26 30 04 | 12
#1265-d306 @A: 17 11 22 30 | 06
#1266-d306 @A: 08 30 27 22 | 08
#1267-d306 @A: 17 08 26 30 | 10
#1268-d306 @A: 07 30 13 35 | 05
#1269-d306 @A: 13 35 22 20 | 04
#1270-d306 @A: 17 22 27 20 | 09
#1271-d306 @A: 14 31 12 18 | 07
#1272-d306 @A: 16 08 06 18 | 02
#1273-d306 @A: 14 11 09 18 | 11
#1274-d306 @A: 01 18 09 33 | 03
#1275-d306 @A: 31 21 09 18 | 01
#1276-d306 @A: 27 14 17 18 | 12
#1277-d306 @A: 18 31 23 28 | 06
#1278-d306 @A: 18 28 24 35 | 08
#1279-d306 @A: 24 18 07 10 | 10
#1280-d306 @A: 17 18 06 28 | 05
#1281-d306 @A: 07 28 18 33 | 04
#1282-d306 @A: 17 26 18 34 | 09
#1283-d306 @A: 02 18 07 21 | 07
#1284-d306 @A: 22 11 35 18 | 02
#1285-d306 @A: 12 16 06 26 | 11
#1286-d306 @A: 02 19 15 12 | 03
#1287-d306 @A: 03 15 12 09 | 01
#1288-d306 @A: 14 10 12 20 | 12
#1289-d306 @A: 12 35 03 14 | 06
#1290-d306 @A: 12 01 04 20 | 08
#1291-d306 @A: 21 31 12 07 | 10
#1292-d306 @A: 20 07 12 24 | 05
#1293-d306 @A: 12 15 05 30 | 04
#1294-d306 @A: 20 13 23 12 | 09
#1295-d306 @A: 13 17 12 08 | 07
#1296-d306 @A: 14 08 19 16 | 02
#1297-d306 @A: 08 16 09 10 | 11
#1298-d306 @A: 14 01 16 02 | 03
#1299-d306 @A: 16 14 33 21 | 01
#1300-d306 @A: 01 16 15 26 | 12
#1301-d306 @A: 35 33 16 01 | 06
#1302-d306 @A: 30 13 16 25 | 08
#1303-d306 @A: 03 16 10 31 | 10
#1304-d306 @A: 31 21 30 16 | 05
#1305-d306 @A: 16 15 24 22 | 04
#1306-d306 @A: 16 06 22 23 | 09
#1307-d306 @A: 17 20 16 23 | 07
#1308-d306 @A: 21 16 07 04 | 02
#1309-d306 @A: 16 03 22 29 | 11
#1310-d306 @A: 27 22 11 16 | 03
#1311-d306 @A: 29 05 11 16 | 01
#1312-d306 @A: 08 21 17 16 | 12
#1313-d306 @A: 09 19 31 08 | 06
#1314-d306 @A: 19 33 09 22 | 08
#1315-d306 @A: 35 10 19 14 | 10
#1316-d306 @A: 06 01 03 19 | 05
#1317-d306 @A: 19 31 24 04 | 04
#1318-d306 @A: 11 19 07 31 | 09
#1319-d306 @A: 20 17 31 19 | 07
#1320-d306 @A: 24 19 13 07 | 02
#1321-d306 @A: 19 35 28 15 | 11
#1322-d306 @A: 30 08 19 15 | 03
#1323-d306 @A: 21 32 10 19 | 01
#1324-d306 @A: 19 32 26 34 | 12
#1325-d306 @A: 02 29 19 03 | 06
#1326-d306 @A: 17 02 19 35 | 08
#1327-d306 @A: 35 26 03 19 | 10
#1328-d306 @A: 35 07 19 20 | 05
#1329-d306 @A: 25 10 09 17 | 04
#1330-d306 @A: 09 03 08 24 | 09
#1331-d306 @A: 28 13 15 09 | 07
#1332-d306 @A: 15 33 35 09 | 02
#1333-d306 @A: 32 26 30 09 | 11
#1334-d306 @A: 23 33 17 09 | 03
#1335-d306 @A: 09 30 21 33 | 01
#1336-d306 @A: 23 09 11 10 | 12
#1337-d306 @A: 22 09 27 04 | 06
#1338-d306 @A: 35 05 04 09 | 08
#1339-d306 @A: 08 09 04 13 | 10
#1340-d306 @A: 35 08 09 02 | 05
#1341-d306 @A: 09 05 13 22 | 04
#1342-d306 @A: 26 13 09 03 | 09
#1343-d306 @A: 29 08 07 09 | 07
#1344-d306 @A: 30 25 03 14 | 02
#1345-d306 @A: 31 14 34 29 | 11
#1346-d306 @A: 29 14 28 03 | 03
#1347-d306 @A: 14 33 05 10 | 01
#1348-d306 @A: 21 26 23 14 | 12
#1349-d306 @A: 11 14 26 10 | 06
#1350-d306 @A: 05 34 21 14 | 08
#1351-d306 @A: 35 11 14 29 | 10
#1352-d306 @A: 01 31 22 35 | 05
#1353-d306 @A: 15 06 01 34 | 04
#1354-d306 @A: 15 27 11 01 | 09
#1355-d306 @A: 27 28 10 01 | 07
#1356-d306 @A: 34 35 08 01 | 02
#1357-d306 @A: 01 20 02 13 | 11
#1358-d306 @A: 25 10 34 24 | 03
#1359-d306 @A: 17 35 32 25 | 01
#1360-d306 @A: 13 22 06 25 | 12
#1361-d306 @A: 25 35 34 04 | 06
#1362-d306 @A: 34 08 11 25 | 08
#1363-d306 @A: 17 25 34 05 | 10
#1364-d306 @A: 25 26 11 29 | 05
#1365-d306 @A: 21 35 26 25 | 04
#1366-d306 @A: 25 07 11 05 | 09
#1367-d306 @A: 31 10 15 35 | 07
#1368-d306 @A: 17 31 22 15 | 02
#1369-d306 @A: 07 31 08 15 | 11
#1370-d306 @A: 22 31 28 11 | 03
#1371-d306 @A: 20 10 06 31 | 01
#1372-d306 @A: 30 05 13 31 | 12
#1373-d306 @A: 31 03 22 05 | 06
#1374-d306 @A: 03 20 22 31 | 08
#1375-d306 @A: 31 21 27 13 | 10
#1376-d306 @A: 15 04 24 17 | 05
#1377-d306 @A: 33 30 24 05 | 04
#1378-d306 @A: 17 23 24 11 | 09
#1379-d306 @A: 24 20 23 35 | 07
#1380-d306 @A: 17 26 24 02 | 02
#1381-d306 @A: 13 24 35 22 | 11
#1382-d306 @A: 21 05 20 24 | 03
#1383-d306 @A: 28 15 10 02 | 01
#1384-d306 @A: 35 15 06 20 | 12
#1385-d306 @A: 23 35 34 15 | 06
#1386-d306 @A: 27 22 29 15 | 08
#1387-d306 @A: 21 29 03 15 | 10
#1388-d306 @A: 15 21 17 07 | 05
#1389-d306 @A: 04 06 28 22 | 04
#1390-d306 @A: 07 27 28 26 | 09
#1391-d306 @A: 27 21 11 28 | 07
#1392-d306 @A: 30 32 17 07 | 02
#1393-d306 @A: 22 32 13 11 | 11
#1394-d306 @A: 03 04 34 06 | 03
#1395-d306 @A: 07 06 34 11 | 01
#1396-d306 @A: 34 05 29 06 | 12
#1397-d306 @A: 03 06 17 35 | 06
#1398-d306 @A: 29 03 08 06 | 08
#1399-d306 @A: 33 07 22 20 | 10
#1400-d306 @A: 03 07 33 08 | 05
#1401-d306 @A: 33 13 21 07 | 04
#1402-d306 @A: 23 07 02 04 | 09
#1403-d306 @A: 03 23 34 17 | 07
#1404-d306 @A: 22 13 08 10 | 02
#1405-d306 @A: 17 30 04 29 | 11
#1406-d306 @A: 30 34 27 17 | 03
#1407-d306 @A: 05 02 29 30 | 01
#1408-d306 @A: 21 30 29 08 | 12
#1409-d306 @A: 04 20 03 29 | 06
#1410-d306 @A: 26 04 07 20 | 08
#1411-d306 @A: 16 21 12 18 | 10
#1412-d306 @A: 04 23 12 18 | 05
#1413-d306 @A: 16 05 35 18 | 04
#1414-d306 @A: 33 19 35 18 | 09
#1415-d306 @A: 18 25 09 29 | 07
#1416-d306 @A: 05 18 02 14 | 02
#1417-d306 @A: 32 34 18 31 | 11
#1418-d306 @A: 30 18 10 31 | 03
#1419-d306 @A: 18 22 20 24 | 01
#1420-d306 @A: 18 30 28 13 | 12
#1421-d306 @A: 26 18 29 28 | 06
#1422-d306 @A: 18 35 06 30 | 08
#1423-d306 @A: 05 23 07 18 | 10
#1424-d306 @A: 18 21 04 10 | 05
#1425-d306 @A: 29 04 07 18 | 04
#1426-d306 @A: 34 13 18 21 | 09
#1427-d306 @A: 29 18 35 21 | 07
#1428-d306 @A: 16 12 28 08 | 02
#1429-d306 @A: 12 16 08 20 | 11
#1430-d306 @A: 25 23 12 19 | 03
#1431-d306 @A: 35 19 12 13 | 01
#1432-d306 @A: 09 14 12 05 | 12
#1433-d306 @A: 33 12 09 08 | 06
#1434-d306 @A: 12 27 23 09 | 08
#1435-d306 @A: 17 14 22 12 | 10
#1436-d306 @A: 01 12 29 33 | 05
#1437-d306 @A: 13 12 01 03 | 04
#1438-d306 @A: 28 25 20 12 | 09
#1439-d306 @A: 30 26 25 12 | 07
#1440-d306 @A: 31 32 26 12 | 02
#1441-d306 @A: 31 12 20 11 | 11
#1442-d306 @A: 07 35 28 12 | 03
#1443-d306 @A: 06 34 32 12 | 01
#1444-d306 @A: 12 02 33 13 | 12
#1445-d306 @A: 03 12 20 27 | 06
#1446-d306 @A: 09 21 16 15 | 08
#1447-d306 @A: 09 07 23 16 | 10
#1448-d306 @A: 28 14 16 32 | 05
#1449-d306 @A: 13 16 01 24 | 04
#1450-d306 @A: 24 25 08 16 | 09
#1451-d306 @A: 04 16 31 15 | 07
#1452-d306 @A: 33 34 16 28 | 02
#1453-d306 @A: 20 30 10 16 | 11
#1454-d306 @A: 07 02 10 16 | 03
#1455-d306 @A: 16 08 35 03 | 01
#1456-d306 @A: 17 16 27 13 | 12
#1457-d306 @A: 13 05 16 07 | 06
#1458-d306 @A: 19 09 10 13 | 08
#1459-d306 @A: 28 19 08 25 | 10
#1460-d306 @A: 28 19 31 26 | 05
#1461-d306 @A: 06 31 19 13 | 04
#1462-d306 @A: 11 19 05 32 | 09
#1463-d306 @A: 19 10 26 33 | 07
#1464-d306 @A: 19 26 21 02 | 02
#1465-d306 @A: 29 07 35 19 | 11
#1466-d306 @A: 22 14 15 09 | 03
#1467-d306 @A: 14 09 28 20 | 01
#1468-d306 @A: 09 01 25 11 | 12
#1469-d306 @A: 01 22 09 32 | 06
#1470-d306 @A: 09 25 22 20 | 08
#1471-d306 @A: 22 09 23 24 | 10
#1472-d306 @A: 13 24 09 21 | 05
#1473-d306 @A: 20 15 27 09 | 04
#1474-d306 @A: 17 04 02 09 | 09
#1475-d306 @A: 26 17 09 11 | 07
#1476-d306 @A: 14 01 05 17 | 02
#1477-d306 @A: 14 25 29 23 | 11
#1478-d306 @A: 04 31 32 14 | 03
#1479-d306 @A: 21 24 14 32 | 01
#1480-d306 @A: 24 23 14 13 | 12
#1481-d306 @A: 21 10 15 14 | 06
#1482-d306 @A: 22 07 28 14 | 08
#1483-d306 @A: 14 32 10 02 | 10
#1484-d306 @A: 06 14 23 20 | 05
#1485-d306 @A: 14 07 11 08 | 04
#1486-d306 @A: 01 25 10 13 | 09
#1487-d306 @A: 28 01 08 24 | 07
#1488-d306 @A: 06 28 01 13 | 02
#1489-d306 @A: 28 04 02 01 | 11
#1490-d306 @A: 17 07 20 01 | 03
#1491-d306 @A: 08 31 32 25 | 01
#1492-d306 @A: 25 24 02 15 | 12
#1493-d306 @A: 10 07 25 15 | 06
#1494-d306 @A: 28 25 32 29 | 08
#1495-d306 @A: 28 25 07 04 | 10
#1496-d306 @A: 06 10 29 25 | 05
#1497-d306 @A: 23 05 30 25 | 04
#1498-d306 @A: 34 25 23 20 | 09
#1499-d306 @A: 22 25 08 04 | 07
#1500-d306 @A: 02 17 25 22 | 02
#1501-d306 @A: 20 17 35 25 | 11
#1502-d306 @A: 25 29 17 08 | 03
#1503-d306 @A: 31 17 24 21 | 01
#1504-d306 @A: 31 15 33 21 | 12
#1505-d306 @A: 06 31 33 26 | 06
#1506-d306 @A: 31 30 26 23 | 08
#1507-d306 @A: 34 04 31 21 | 10
#1508-d306 @A: 31 17 03 13 | 05
#1509-d306 @A: 23 26 24 15 | 04
#1510-d306 @A: 03 28 24 06 | 09
#1511-d306 @A: 32 22 34 24 | 07
#1512-d306 @A: 24 04 33 27 | 02
#1513-d306 @A: 20 24 02 26 | 11
#1514-d306 @A: 11 02 24 13 | 03
#1515-d306 @A: 05 13 29 24 | 01
#1516-d306 @A: 33 15 17 10 | 12
#1517-d306 @A: 26 27 13 15 | 06
#1518-d306 @A: 07 15 11 29 | 08
#1519-d306 @A: 15 13 17 20 | 10
#1520-d306 @A: 28 08 32 20 | 05
#1521-d306 @A: 05 28 06 20 | 04
#1522-d306 @A: 08 17 28 23 | 09
#1523-d306 @A: 20 28 30 11 | 07
#1524-d306 @A: 13 27 34 28 | 02
#1525-d306 @A: 27 35 28 22 | 11
#1526-d306 @A: 05 08 28 03 | 03
#1527-d306 @A: 21 07 08 28 | 01
#1528-d306 @A: 21 06 08 32 | 12
#1529-d306 @A: 32 33 35 30 | 06
#1530-d306 @A: 32 04 35 13 | 08
#1531-d306 @A: 32 35 05 34 | 10
#1532-d306 @A: 22 32 02 35 | 05
#1533-d306 @A: 07 32 03 35 | 04
#1534-d306 @A: 30 07 02 06 | 09
#1535-d306 @A: 06 34 17 22 | 07
#1536-d306 @A: 02 03 20 06 | 02
#1537-d306 @A: 05 08 06 17 | 11
#1538-d306 @A: 34 21 33 08 | 03
#1539-d306 @A: 29 33 02 08 | 01
#1540-d306 @A: 03 17 33 29 | 12
#1541-d306 @A: 22 23 04 17 | 06
#1542-d306 @A: 04 11 03 23 | 08
#1543-d306 @A: 34 08 23 29 | 10
#1544-d306 @A: 22 13 27 23 | 05
#1545-d306 @A: 20 23 03 21 | 04
#1546-d306 @A: 17 23 27 07 | 09
#1547-d306 @A: 29 10 04 05 | 07
#1548-d306 @A: 10 34 26 03 | 02
#1549-d306 @A: 35 22 30 04 | 11
#1550-d306 @A: 34 35 26 30 | 03
#1551-d306 @A: 21 35 03 30 | 01
#1552-d306 @A: 21 11 07 30 | 12
#1553-d306 @A: 20 17 03 05 | 06
#1554-d306 @A: 19 34 16 18 | 08
#1555-d306 @A: 24 18 17 09 | 10
#1556-d306 @A: 17 01 10 18 | 05
#1557-d306 @A: 05 25 18 31 | 04
#1558-d306 @A: 06 18 02 31 | 09
#1559-d306 @A: 20 30 18 15 | 07
#1560-d306 @A: 05 10 06 18 | 02
#1561-d306 @A: 10 35 18 23 | 11
#1562-d306 @A: 30 18 23 02 | 03
#1563-d306 @A: 34 30 18 04 | 01
#1564-d306 @A: 18 34 02 08 | 12
#1565-d306 @A: 18 20 08 22 | 06
#1566-d306 @A: 21 05 18 03 | 08
#1567-d306 @A: 05 26 18 13 | 10
#1568-d306 @A: 17 05 18 29 | 05
#1569-d306 @A: 12 16 30 29 | 04
#1570-d306 @A: 12 14 32 19 | 09
#1571-d306 @A: 20 12 26 19 | 07
#1572-d306 @A: 10 09 35 12 | 02
#1573-d306 @A: 21 20 09 12 | 11
#1574-d306 @A: 08 12 29 14 | 03
#1575-d306 @A: 35 12 01 30 | 01
#1576-d306 @A: 05 01 12 20 | 12
#1577-d306 @A: 28 25 13 12 | 06
#1578-d306 @A: 32 15 35 12 | 08
#1579-d306 @A: 12 23 32 11 | 10
#1580-d306 @A: 06 35 27 12 | 05
#1581-d306 @A: 03 12 10 23 | 04
#1582-d306 @A: 23 12 30 17 | 09
#1583-d306 @A: 26 35 04 12 | 07
#1584-d306 @A: 02 34 12 22 | 02
#1585-d306 @A: 12 34 07 17 | 11
#1586-d306 @A: 07 13 11 12 | 03
#1587-d306 @A: 35 19 25 16 | 01
#1588-d306 @A: 17 16 19 32 | 12
#1589-d306 @A: 21 19 16 11 | 06
#1590-d306 @A: 16 25 09 03 | 08
#1591-d306 @A: 16 05 15 14 | 10
#1592-d306 @A: 01 08 16 32 | 05
#1593-d306 @A: 17 31 16 06 | 04
#1594-d306 @A: 31 16 33 13 | 09
#1595-d306 @A: 21 03 28 16 | 07
#1596-d306 @A: 07 32 06 16 | 02
#1597-d306 @A: 04 08 16 34 | 11
#1598-d306 @A: 16 22 20 11 | 03
#1599-d306 @A: 07 08 22 16 | 01
#1600-d306 @A: 05 26 16 20 | 12
#1601-d306 @A: 19 21 09 23 | 06
#1602-d306 @A: 05 14 30 19 | 08
#1603-d306 @A: 05 01 08 19 | 10
#1604-d306 @A: 06 19 24 22 | 05
#1605-d306 @A: 06 19 08 34 | 04
#1606-d306 @A: 10 22 19 29 | 09
#1607-d306 @A: 35 19 11 04 | 07
#1608-d306 @A: 22 19 20 34 | 02
#1609-d306 @A: 22 19 11 26 | 11
#1610-d306 @A: 21 07 19 03 | 03
#1611-d306 @A: 08 09 32 14 | 01
#1612-d306 @A: 06 09 31 01 | 12
#1613-d306 @A: 30 09 01 04 | 06
#1614-d306 @A: 11 09 20 01 | 08
#1615-d306 @A: 09 07 31 33 | 10
#1616-d306 @A: 23 05 09 31 | 05
#1617-d306 @A: 06 20 09 24 | 04
#1618-d306 @A: 02 15 09 30 | 09
#1619-d306 @A: 28 32 35 09 | 07
#1620-d306 @A: 09 06 26 27 | 02
#1621-d306 @A: 02 09 29 22 | 11
#1622-d306 @A: 07 03 09 02 | 03
#1623-d306 @A: 03 09 11 27 | 01
#1624-d306 @A: 14 29 01 30 | 12
#1625-d306 @A: 25 32 11 14 | 06
#1626-d306 @A: 06 24 14 35 | 08
#1627-d306 @A: 15 32 17 14 | 10
#1628-d306 @A: 29 04 15 14 | 05
#1629-d306 @A: 14 20 15 22 | 04
#1630-d306 @A: 14 33 26 32 | 09
#1631-d306 @A: 14 32 07 23 | 07
#1632-d306 @A: 23 14 08 22 | 02
#1633-d306 @A: 22 35 14 34 | 11
#1634-d306 @A: 35 02 13 14 | 03
#1635-d306 @A: 08 14 21 03 | 01
#1636-d306 @A: 01 17 28 25 | 12
#1637-d306 @A: 01 25 32 26 | 06
#1638-d306 @A: 07 33 25 01 | 08
#1639-d306 @A: 24 10 01 21 | 10
#1640-d306 @A: 03 01 34 22 | 05
#1641-d306 @A: 21 01 02 03 | 04
#1642-d306 @A: 03 17 26 01 | 09
#1643-d306 @A: 30 25 07 31 | 07
#1644-d306 @A: 24 28 26 25 | 02
#1645-d306 @A: 30 25 21 24 | 11
#1646-d306 @A: 15 23 04 25 | 03
#1647-d306 @A: 32 25 23 27 | 01
#1648-d306 @A: 10 25 32 30 | 12
#1649-d306 @A: 30 20 25 07 | 06
#1650-d306 @A: 05 26 08 25 | 08
#1651-d306 @A: 25 07 13 08 | 10
#1652-d306 @A: 34 33 10 31 | 05
#1653-d306 @A: 20 31 34 02 | 04
#1654-d306 @A: 31 11 17 05 | 09
#1655-d306 @A: 13 31 29 07 | 07
#1656-d306 @A: 31 05 08 29 | 02
#1657-d306 @A: 21 24 15 28 | 11
#1658-d306 @A: 29 10 15 24 | 03
#1659-d306 @A: 11 10 06 24 | 01
#1660-d306 @A: 24 33 26 34 | 12
#1661-d306 @A: 24 21 11 33 | 06
#1662-d306 @A: 24 02 04 34 | 08
#1663-d306 @A: 33 06 22 15 | 10
#1664-d306 @A: 21 15 26 04 | 05
#1665-d306 @A: 11 15 26 34 | 04
#1666-d306 @A: 21 02 15 13 | 09
#1667-d306 @A: 27 07 02 15 | 07
#1668-d306 @A: 32 22 28 10 | 02
#1669-d306 @A: 11 08 28 32 | 11
#1670-d306 @A: 28 05 27 30 | 03
#1671-d306 @A: 04 28 03 35 | 01
#1672-d306 @A: 05 28 04 21 | 12
#1673-d306 @A: 21 20 04 28 | 06
#1674-d306 @A: 29 02 28 11 | 08
#1675-d306 @A: 13 28 22 03 | 10
#1676-d306 @A: 28 17 05 07 | 05
#1677-d306 @A: 27 08 32 33 | 04
#1678-d306 @A: 23 06 03 30 | 09
#1679-d306 @A: 04 29 06 26 | 07
#1680-d306 @A: 04 20 33 17 | 02
#1681-d306 @A: 08 33 17 35 | 11
#1682-d306 @A: 23 04 27 26 | 03
#1683-d306 @A: 23 21 13 05 | 01
#1684-d306 @A: 10 04 30 13 | 12
#1685-d306 @A: 08 17 34 10 | 06
#1686-d306 @A: 10 27 20 05 | 08
#1687-d306 @A: 05 04 03 30 | 10
#1688-d306 @A: 35 30 27 02 | 05
#1689-d306 @A: 29 11 30 13 | 04
