#0001-d320 @A: 15 06 26 05 | 10
#0002-d320 @A: 15 19 13 06 | 05
#0003-d320 @A: 10 06 14 15 | 07
#0004-d320 @A: 06 33 15 29 | 03
#0005-d320 @A: 15 31 11 04 | 04
#0006-d320 @A: 31 07 02 15 | 01
#0007-d320 @A: 33 17 15 31 | 06
#0008-d320 @A: 31 28 20 15 | 12
#0009-d320 @A: 11 15 12 17 | 02
#0010-d320 @A: 24 12 19 15 | 09
#0011-d320 @A: 28 04 03 15 | 08
#0012-d320 @A: 03 22 30 15 | 11
#0013-d320 @A: 11 25 30 15 | 10
#0014-d320 @A: 14 15 30 02 | 05
#0015-d320 @A: 28 15 13 11 | 07
#0016-d320 @A: 29 34 16 15 | 03
#0017-d320 @A: 16 15 10 11 | 04
#0018-d320 @A: 32 35 15 22 | 01
#0019-d320 @A: 24 09 15 18 | 06
#0020-d320 @A: 15 24 08 25 | 12
#0021-d320 @A: 33 21 11 15 | 02
#0022-d320 @A: 08 15 09 20 | 09
#0023-d320 @A: 27 15 14 33 | 08
#0024-d320 @A: 15 26 20 32 | 11
#0025-d320 @A: 29 15 03 01 | 10
#0026-d320 @A: 27 06 31 04 | 05
#0027-d320 @A: 12 06 13 18 | 07
#0028-d320 @A: 06 08 30 05 | 03
#0029-d320 @A: 30 27 06 02 | 04
#0030-d320 @A: 09 06 34 16 | 01
#0031-d320 @A: 08 34 22 06 | 06
#0032-d320 @A: 33 07 06 17 | 12
#0033-d320 @A: 07 26 06 01 | 02
#0034-d320 @A: 06 16 21 24 | 09
#0035-d320 @A: 06 20 14 17 | 08
#0036-d320 @A: 27 06 14 22 | 11
#0037-d320 @A: 23 32 06 21 | 10
#0038-d320 @A: 06 11 33 09 | 05
#0039-d320 @A: 03 29 06 09 | 07
#0040-d320 @A: 02 08 06 14 | 03
#0041-d320 @A: 06 27 29 23 | 04
#0042-d320 @A: 12 01 07 31 | 01
#0043-d320 @A: 31 05 04 20 | 06
#0044-d320 @A: 34 09 31 30 | 12
#0045-d320 @A: 35 31 34 20 | 02
#0046-d320 @A: 31 01 22 02 | 09
#0047-d320 @A: 27 22 03 31 | 08
#0048-d320 @A: 31 11 24 10 | 11
#0049-d320 @A: 13 05 12 07 | 10
#0050-d320 @A: 11 24 12 05 | 05
#0051-d320 @A: 05 12 28 32 | 07
#0052-d320 @A: 04 12 18 29 | 03
#0053-d320 @A: 13 16 01 12 | 04
#0054-d320 @A: 33 12 34 18 | 01
#0055-d320 @A: 10 34 12 29 | 06
#0056-d320 @A: 12 32 34 26 | 12
#0057-d320 @A: 16 12 19 17 | 02
#0058-d320 @A: 12 01 11 17 | 09
#0059-d320 @A: 12 24 25 21 | 08
#0060-d320 @A: 02 32 12 09 | 11
#0061-d320 @A: 03 33 12 08 | 10
#0062-d320 @A: 12 02 20 25 | 05
#0063-d320 @A: 12 14 23 03 | 07
#0064-d320 @A: 05 04 16 11 | 03
#0065-d320 @A: 26 10 05 30 | 04
#0066-d320 @A: 05 30 27 19 | 01
#0067-d320 @A: 34 05 29 28 | 06
#0068-d320 @A: 33 08 05 17 | 12
#0069-d320 @A: 05 02 20 28 | 02
#0070-d320 @A: 05 21 26 09 | 09
#0071-d320 @A: 05 20 21 33 | 08
#0072-d320 @A: 29 09 25 05 | 11
#0073-d320 @A: 19 03 11 05 | 10
#0074-d320 @A: 11 27 05 23 | 05
#0075-d320 @A: 05 32 02 29 | 07
#0076-d320 @A: 25 08 03 05 | 03
#0077-d320 @A: 08 01 14 05 | 04
#0078-d320 @A: 30 07 04 26 | 01
#0079-d320 @A: 30 35 04 25 | 06
#0080-d320 @A: 13 08 35 04 | 12
#0081-d320 @A: 04 34 22 21 | 02
#0082-d320 @A: 07 09 04 01 | 09
#0083-d320 @A: 17 04 28 19 | 08
#0084-d320 @A: 22 35 02 04 | 11
#0085-d320 @A: 22 04 20 01 | 10
#0086-d320 @A: 10 35 11 04 | 05
#0087-d320 @A: 04 20 24 09 | 07
#0088-d320 @A: 32 04 03 27 | 03
#0089-d320 @A: 03 13 11 30 | 04
#0090-d320 @A: 30 01 24 28 | 01
#0091-d320 @A: 30 21 03 32 | 06
#0092-d320 @A: 11 30 29 33 | 12
#0093-d320 @A: 08 01 11 30 | 02
#0094-d320 @A: 14 26 30 29 | 09
#0095-d320 @A: 20 01 26 30 | 08
#0096-d320 @A: 27 13 34 07 | 11
#0097-d320 @A: 13 20 22 19 | 10
#0098-d320 @A: 27 20 21 13 | 05
#0099-d320 @A: 13 11 19 02 | 07
#0100-d320 @A: 20 13 19 01 | 03
#0101-d320 @A: 20 16 11 34 | 04
#0102-d320 @A: 34 32 11 17 | 01
#0103-d320 @A: 32 22 10 34 | 06
#0104-d320 @A: 28 22 33 34 | 12
#0105-d320 @A: 34 35 10 25 | 02
#0106-d320 @A: 02 25 34 21 | 09
#0107-d320 @A: 09 01 33 34 | 08
#0108-d320 @A: 14 10 16 07 | 11
#0109-d320 @A: 35 07 08 28 | 10
#0110-d320 @A: 10 07 25 33 | 05
#0111-d320 @A: 11 07 26 33 | 07
#0112-d320 @A: 07 19 02 33 | 03
#0113-d320 @A: 11 22 28 16 | 04
#0114-d320 @A: 16 18 27 20 | 01
#0115-d320 @A: 20 01 16 27 | 06
#0116-d320 @A: 16 20 03 26 | 12
#0117-d320 @A: 35 28 17 25 | 02
#0118-d320 @A: 20 18 17 25 | 09
#0119-d320 @A: 25 11 17 09 | 08
#0120-d320 @A: 20 08 17 11 | 11
#0121-d320 @A: 17 29 20 02 | 10
#0122-d320 @A: 17 08 19 25 | 05
#0123-d320 @A: 27 17 20 03 | 07
#0124-d320 @A: 25 17 26 03 | 03
#0125-d320 @A: 03 24 22 18 | 04
#0126-d320 @A: 32 33 09 22 | 01
#0127-d320 @A: 23 19 22 09 | 06
#0128-d320 @A: 11 02 25 22 | 12
#0129-d320 @A: 02 19 26 22 | 02
#0130-d320 @A: 32 01 24 35 | 09
#0131-d320 @A: 14 35 02 25 | 08
#0132-d320 @A: 11 26 19 24 | 11
#0133-d320 @A: 27 32 24 02 | 10
#0134-d320 @A: 03 24 02 29 | 05
#0135-d320 @A: 14 18 23 11 | 07
#0136-d320 @A: 01 03 18 02 | 03
#0137-d320 @A: 29 18 25 01 | 04
#0138-d320 @A: 29 21 10 19 | 01
#0139-d320 @A: 23 21 10 14 | 06
#0140-d320 @A: 11 10 29 09 | 12
#0141-d320 @A: 11 03 10 26 | 02
#0142-d320 @A: 10 19 23 02 | 09
#0143-d320 @A: 10 29 08 25 | 08
#0144-d320 @A: 09 19 28 08 | 11
#0145-d320 @A: 02 28 33 32 | 10
#0146-d320 @A: 32 11 20 28 | 05
#0147-d320 @A: 28 08 29 14 | 07
#0148-d320 @A: 19 23 28 32 | 03
#0149-d320 @A: 27 26 28 19 | 04
#0150-d320 @A: 06 15 30 09 | 01
#0151-d320 @A: 21 06 15 18 | 06
#0152-d320 @A: 15 12 09 31 | 12
#0153-d320 @A: 13 25 15 04 | 02
#0154-d320 @A: 08 15 04 16 | 09
#0155-d320 @A: 23 15 34 13 | 08
#0156-d320 @A: 13 15 21 07 | 11
#0157-d320 @A: 35 18 29 15 | 10
#0158-d320 @A: 15 19 35 28 | 05
#0159-d320 @A: 10 15 21 03 | 07
#0160-d320 @A: 33 15 25 09 | 03
#0161-d320 @A: 02 11 15 29 | 04
#0162-d320 @A: 31 24 32 06 | 01
#0163-d320 @A: 06 12 04 22 | 06
#0164-d320 @A: 16 06 12 33 | 12
#0165-d320 @A: 06 05 22 03 | 02
#0166-d320 @A: 19 05 10 06 | 09
#0167-d320 @A: 26 06 35 30 | 08
#0168-d320 @A: 25 06 30 03 | 11
#0169-d320 @A: 34 14 06 35 | 10
#0170-d320 @A: 07 06 23 22 | 05
#0171-d320 @A: 11 06 16 27 | 07
#0172-d320 @A: 24 02 28 06 | 03
#0173-d320 @A: 01 29 02 06 | 04
#0174-d320 @A: 32 26 27 06 | 01
#0175-d320 @A: 23 06 20 19 | 06
#0176-d320 @A: 12 31 02 18 | 12
#0177-d320 @A: 12 33 11 31 | 02
#0178-d320 @A: 05 02 31 13 | 09
#0179-d320 @A: 31 05 23 17 | 08
#0180-d320 @A: 25 05 31 10 | 11
#0181-d320 @A: 08 07 31 04 | 10
#0182-d320 @A: 03 31 04 24 | 05
#0183-d320 @A: 30 27 31 07 | 07
#0184-d320 @A: 31 30 10 23 | 03
#0185-d320 @A: 22 31 13 33 | 04
#0186-d320 @A: 07 28 29 31 | 01
#0187-d320 @A: 31 16 25 24 | 06
#0188-d320 @A: 24 31 14 22 | 12
#0189-d320 @A: 20 10 31 18 | 02
#0190-d320 @A: 28 10 31 01 | 09
#0191-d320 @A: 28 33 25 31 | 08
#0192-d320 @A: 33 21 31 27 | 11
#0193-d320 @A: 31 03 09 19 | 10
#0194-d320 @A: 08 03 31 11 | 05
#0195-d320 @A: 19 31 26 29 | 07
#0196-d320 @A: 05 12 01 24 | 03
#0197-d320 @A: 34 04 03 12 | 04
#0198-d320 @A: 12 21 34 07 | 01
#0199-d320 @A: 10 07 12 02 | 06
#0200-d320 @A: 16 26 12 08 | 12
#0201-d320 @A: 32 12 10 17 | 02
#0202-d320 @A: 28 12 17 26 | 09
#0203-d320 @A: 12 28 14 35 | 08
#0204-d320 @A: 04 18 21 05 | 11
#0205-d320 @A: 34 24 26 05 | 10
#0206-d320 @A: 10 05 07 28 | 05
#0207-d320 @A: 05 09 18 22 | 07
#0208-d320 @A: 05 27 35 32 | 03
#0209-d320 @A: 19 05 18 28 | 04
#0210-d320 @A: 05 14 20 27 | 01
#0211-d320 @A: 23 07 13 04 | 06
#0212-d320 @A: 22 04 13 32 | 12
#0213-d320 @A: 02 04 28 13 | 02
#0214-d320 @A: 14 34 09 04 | 09
#0215-d320 @A: 04 29 26 34 | 08
#0216-d320 @A: 21 04 14 16 | 11
#0217-d320 @A: 17 10 25 04 | 10
#0218-d320 @A: 17 33 20 04 | 05
#0219-d320 @A: 23 24 04 10 | 07
#0220-d320 @A: 11 14 04 27 | 03
#0221-d320 @A: 04 25 29 27 | 04
#0222-d320 @A: 08 22 13 30 | 01
#0223-d320 @A: 29 13 35 30 | 06
#0224-d320 @A: 02 21 13 30 | 12
#0225-d320 @A: 30 34 33 10 | 02
#0226-d320 @A: 25 30 07 17 | 09
#0227-d320 @A: 30 07 01 22 | 08
#0228-d320 @A: 16 30 35 09 | 11
#0229-d320 @A: 30 17 32 18 | 10
#0230-d320 @A: 24 27 28 30 | 05
#0231-d320 @A: 23 02 18 30 | 07
#0232-d320 @A: 30 14 25 21 | 03
#0233-d320 @A: 20 26 30 21 | 04
#0234-d320 @A: 34 18 20 13 | 01
#0235-d320 @A: 07 28 03 13 | 06
#0236-d320 @A: 16 24 27 13 | 12
#0237-d320 @A: 08 25 13 23 | 02
#0238-d320 @A: 28 02 17 34 | 09
#0239-d320 @A: 34 02 18 22 | 08
#0240-d320 @A: 34 22 14 03 | 11
#0241-d320 @A: 34 10 24 09 | 10
#0242-d320 @A: 27 26 34 14 | 05
#0243-d320 @A: 18 16 08 07 | 07
#0244-d320 @A: 07 21 16 20 | 03
#0245-d320 @A: 24 23 07 28 | 04
#0246-d320 @A: 32 21 14 07 | 01
#0247-d320 @A: 03 25 07 21 | 06
#0248-d320 @A: 16 09 22 17 | 12
#0249-d320 @A: 23 16 18 22 | 02
#0250-d320 @A: 16 08 19 35 | 09
#0251-d320 @A: 27 03 33 16 | 08
#0252-d320 @A: 19 14 16 27 | 11
#0253-d320 @A: 22 28 03 17 | 10
#0254-d320 @A: 17 20 32 24 | 05
#0255-d320 @A: 28 18 17 11 | 07
#0256-d320 @A: 11 17 33 23 | 03
#0257-d320 @A: 27 01 17 08 | 04
#0258-d320 @A: 17 01 29 19 | 01
#0259-d320 @A: 35 18 22 33 | 06
#0260-d320 @A: 22 24 25 29 | 12
#0261-d320 @A: 22 19 21 27 | 02
#0262-d320 @A: 21 24 35 18 | 09
#0263-d320 @A: 21 35 08 14 | 08
#0264-d320 @A: 21 35 29 25 | 11
#0265-d320 @A: 09 08 33 35 | 10
#0266-d320 @A: 03 11 35 32 | 05
#0267-d320 @A: 20 35 02 19 | 07
#0268-d320 @A: 32 35 29 14 | 03
#0269-d320 @A: 09 03 24 01 | 04
#0270-d320 @A: 29 14 23 24 | 01
#0271-d320 @A: 08 29 21 18 | 06
#0272-d320 @A: 03 33 25 18 | 12
#0273-d320 @A: 26 11 32 18 | 02
#0274-d320 @A: 02 08 18 25 | 09
#0275-d320 @A: 23 18 27 03 | 08
#0276-d320 @A: 26 20 18 29 | 11
#0277-d320 @A: 26 23 10 08 | 10
#0278-d320 @A: 20 29 10 14 | 05
#0279-d320 @A: 09 02 14 28 | 07
#0280-d320 @A: 28 23 25 26 | 03
#0281-d320 @A: 15 16 06 17 | 04
#0282-d320 @A: 09 06 15 01 | 01
#0283-d320 @A: 12 23 16 15 | 06
#0284-d320 @A: 25 05 17 15 | 12
#0285-d320 @A: 35 26 15 04 | 02
#0286-d320 @A: 27 10 15 04 | 09
#0287-d320 @A: 15 30 17 23 | 08
#0288-d320 @A: 07 15 08 34 | 11
#0289-d320 @A: 22 15 34 09 | 10
#0290-d320 @A: 15 19 07 17 | 05
#0291-d320 @A: 01 28 16 15 | 07
#0292-d320 @A: 26 15 17 24 | 03
#0293-d320 @A: 02 24 15 10 | 04
#0294-d320 @A: 21 25 15 19 | 01
#0295-d320 @A: 15 26 21 14 | 06
#0296-d320 @A: 11 19 32 15 | 12
#0297-d320 @A: 31 21 12 06 | 02
#0298-d320 @A: 34 06 33 31 | 09
#0299-d320 @A: 07 06 09 12 | 08
#0300-d320 @A: 06 04 17 08 | 11
#0301-d320 @A: 14 24 30 06 | 10
#0302-d320 @A: 14 06 16 13 | 05
#0303-d320 @A: 13 06 08 28 | 07
#0304-d320 @A: 06 34 02 07 | 03
#0305-d320 @A: 34 06 28 21 | 04
#0306-d320 @A: 06 08 20 16 | 01
#0307-d320 @A: 17 22 06 21 | 06
#0308-d320 @A: 01 06 19 22 | 12
#0309-d320 @A: 35 10 06 27 | 02
#0310-d320 @A: 06 29 11 26 | 09
#0311-d320 @A: 06 32 03 14 | 08
#0312-d320 @A: 31 23 34 12 | 11
#0313-d320 @A: 31 22 12 20 | 10
#0314-d320 @A: 26 31 05 18 | 05
#0315-d320 @A: 33 31 30 04 | 07
#0316-d320 @A: 30 19 31 24 | 03
#0317-d320 @A: 31 34 13 14 | 04
#0318-d320 @A: 34 28 31 03 | 01
#0319-d320 @A: 26 07 31 17 | 06
#0320-d320 @A: 01 31 26 17 | 12
#0321-d320 @A: 31 22 08 23 | 02
#0322-d320 @A: 35 31 03 10 | 09
#0323-d320 @A: 31 28 35 23 | 08
#0324-d320 @A: 24 18 31 29 | 11
#0325-d320 @A: 24 31 20 08 | 10
#0326-d320 @A: 33 26 31 10 | 05
#0327-d320 @A: 11 09 27 31 | 07
#0328-d320 @A: 32 09 20 31 | 03
#0329-d320 @A: 32 11 31 01 | 04
#0330-d320 @A: 11 19 31 20 | 01
#0331-d320 @A: 31 08 23 01 | 06
#0332-d320 @A: 27 29 31 20 | 12
#0333-d320 @A: 20 31 14 26 | 02
#0334-d320 @A: 12 04 30 11 | 09
#0335-d320 @A: 04 16 12 27 | 08
#0336-d320 @A: 35 04 32 12 | 11
#0337-d320 @A: 34 22 16 12 | 10
#0338-d320 @A: 20 12 34 01 | 05
#0339-d320 @A: 07 18 19 12 | 07
#0340-d320 @A: 24 12 22 35 | 03
#0341-d320 @A: 18 22 14 12 | 04
#0342-d320 @A: 12 25 09 35 | 01
#0343-d320 @A: 12 21 11 27 | 06
#0344-d320 @A: 29 21 12 02 | 12
#0345-d320 @A: 02 03 26 12 | 02
#0346-d320 @A: 12 25 03 27 | 09
#0347-d320 @A: 04 24 05 17 | 08
#0348-d320 @A: 05 13 32 30 | 11
#0349-d320 @A: 34 17 21 05 | 10
#0350-d320 @A: 22 27 05 34 | 05
#0351-d320 @A: 26 01 05 34 | 07
#0352-d320 @A: 24 05 07 14 | 03
#0353-d320 @A: 10 17 03 05 | 04
#0354-d320 @A: 35 05 20 22 | 01
#0355-d320 @A: 23 22 10 05 | 06
#0356-d320 @A: 24 10 29 05 | 12
#0357-d320 @A: 24 05 21 32 | 02
#0358-d320 @A: 08 23 24 05 | 09
#0359-d320 @A: 05 26 29 27 | 08
#0360-d320 @A: 25 14 05 26 | 11
#0361-d320 @A: 18 16 04 34 | 10
#0362-d320 @A: 04 24 22 08 | 05
#0363-d320 @A: 22 29 11 04 | 07
#0364-d320 @A: 18 04 35 01 | 03
#0365-d320 @A: 02 18 04 33 | 04
#0366-d320 @A: 18 08 04 03 | 01
#0367-d320 @A: 23 04 21 27 | 06
#0368-d320 @A: 11 09 04 19 | 12
#0369-d320 @A: 04 33 25 08 | 02
#0370-d320 @A: 14 30 07 13 | 09
#0371-d320 @A: 18 13 30 19 | 08
#0372-d320 @A: 07 10 03 30 | 11
#0373-d320 @A: 30 16 29 32 | 10
#0374-d320 @A: 30 24 10 25 | 05
#0375-d320 @A: 30 20 03 24 | 07
#0376-d320 @A: 20 08 30 02 | 03
#0377-d320 @A: 34 01 13 21 | 04
#0378-d320 @A: 18 35 03 13 | 01
#0379-d320 @A: 18 11 13 10 | 06
#0380-d320 @A: 08 13 09 11 | 12
#0381-d320 @A: 25 09 13 32 | 02
#0382-d320 @A: 26 13 11 14 | 09
#0383-d320 @A: 22 07 26 34 | 08
#0384-d320 @A: 18 29 07 34 | 11
#0385-d320 @A: 01 29 34 07 | 10
#0386-d320 @A: 01 34 23 16 | 05
#0387-d320 @A: 34 18 14 24 | 07
#0388-d320 @A: 28 18 34 08 | 03
#0389-d320 @A: 29 20 34 33 | 04
#0390-d320 @A: 26 34 23 33 | 01
#0391-d320 @A: 22 16 07 29 | 06
#0392-d320 @A: 02 28 22 07 | 12
#0393-d320 @A: 09 22 07 11 | 02
#0394-d320 @A: 07 35 29 27 | 09
#0395-d320 @A: 07 24 21 29 | 08
#0396-d320 @A: 10 23 07 18 | 11
#0397-d320 @A: 28 07 25 19 | 10
#0398-d320 @A: 01 20 07 25 | 05
#0399-d320 @A: 16 14 17 01 | 07
#0400-d320 @A: 18 02 24 16 | 03
#0401-d320 @A: 01 24 16 18 | 04
#0402-d320 @A: 20 24 10 16 | 01
#0403-d320 @A: 28 08 16 24 | 06
#0404-d320 @A: 16 18 10 25 | 12
#0405-d320 @A: 16 02 25 29 | 02
#0406-d320 @A: 16 03 23 32 | 09
#0407-d320 @A: 16 25 03 19 | 08
#0408-d320 @A: 26 16 01 03 | 11
#0409-d320 @A: 22 25 17 01 | 10
#0410-d320 @A: 10 35 17 08 | 05
#0411-d320 @A: 02 26 17 18 | 07
#0412-d320 @A: 01 17 33 10 | 03
#0413-d320 @A: 01 02 17 09 | 04
#0414-d320 @A: 19 20 17 09 | 01
#0415-d320 @A: 08 26 17 29 | 06
#0416-d320 @A: 19 24 28 22 | 12
#0417-d320 @A: 29 19 22 08 | 02
#0418-d320 @A: 23 20 27 22 | 09
#0419-d320 @A: 10 24 35 28 | 08
#0420-d320 @A: 35 24 09 29 | 11
#0421-d320 @A: 27 35 25 18 | 10
#0422-d320 @A: 33 02 35 29 | 05
#0423-d320 @A: 11 33 02 24 | 07
#0424-d320 @A: 33 29 08 24 | 03
#0425-d320 @A: 25 24 26 02 | 04
#0426-d320 @A: 11 21 18 20 | 01
#0427-d320 @A: 23 18 25 21 | 06
#0428-d320 @A: 02 20 09 18 | 12
#0429-d320 @A: 27 18 19 02 | 02
#0430-d320 @A: 28 10 23 09 | 09
#0431-d320 @A: 28 32 21 25 | 08
#0432-d320 @A: 29 21 26 28 | 11
#0433-d320 @A: 28 09 33 03 | 10
#0434-d320 @A: 19 08 25 01 | 05
#0435-d320 @A: 06 15 20 22 | 07
#0436-d320 @A: 24 21 15 31 | 03
#0437-d320 @A: 13 33 12 15 | 04
#0438-d320 @A: 15 04 20 29 | 01
#0439-d320 @A: 08 15 30 35 | 06
#0440-d320 @A: 15 09 13 35 | 12
#0441-d320 @A: 29 15 17 22 | 02
#0442-d320 @A: 28 09 15 21 | 09
#0443-d320 @A: 09 14 15 11 | 08
#0444-d320 @A: 31 25 06 17 | 11
#0445-d320 @A: 22 31 02 06 | 10
#0446-d320 @A: 31 01 06 25 | 05
#0447-d320 @A: 16 05 06 02 | 07
#0448-d320 @A: 05 28 27 06 | 03
#0449-d320 @A: 04 06 30 32 | 04
#0450-d320 @A: 04 14 06 25 | 01
#0451-d320 @A: 30 23 13 06 | 06
#0452-d320 @A: 06 07 20 13 | 12
#0453-d320 @A: 24 13 06 09 | 02
#0454-d320 @A: 34 27 06 18 | 09
#0455-d320 @A: 24 06 17 29 | 08
#0456-d320 @A: 21 06 33 25 | 11
#0457-d320 @A: 19 06 08 21 | 10
#0458-d320 @A: 23 11 25 06 | 05
#0459-d320 @A: 06 20 25 27 | 07
#0460-d320 @A: 06 14 26 23 | 03
#0461-d320 @A: 31 12 08 29 | 04
#0462-d320 @A: 30 31 03 14 | 01
#0463-d320 @A: 07 13 25 31 | 06
#0464-d320 @A: 07 14 31 09 | 12
#0465-d320 @A: 16 31 18 33 | 02
#0466-d320 @A: 09 02 16 31 | 09
#0467-d320 @A: 24 09 17 31 | 08
#0468-d320 @A: 17 19 10 31 | 11
#0469-d320 @A: 08 31 17 28 | 10
#0470-d320 @A: 22 31 10 09 | 05
#0471-d320 @A: 29 31 22 21 | 07
#0472-d320 @A: 29 31 33 03 | 03
#0473-d320 @A: 20 31 03 25 | 04
#0474-d320 @A: 05 16 21 12 | 01
#0475-d320 @A: 30 12 17 14 | 06
#0476-d320 @A: 02 12 13 16 | 12
#0477-d320 @A: 11 12 22 13 | 02
#0478-d320 @A: 26 13 12 35 | 09
#0479-d320 @A: 13 12 23 10 | 08
#0480-d320 @A: 28 19 34 12 | 11
#0481-d320 @A: 22 12 25 07 | 10
#0482-d320 @A: 12 17 21 18 | 05
#0483-d320 @A: 27 33 09 12 | 07
#0484-d320 @A: 13 27 05 04 | 03
#0485-d320 @A: 30 20 05 16 | 04
#0486-d320 @A: 19 05 17 22 | 01
#0487-d320 @A: 33 22 29 05 | 06
#0488-d320 @A: 35 02 24 05 | 12
#0489-d320 @A: 05 35 03 23 | 02
#0490-d320 @A: 05 29 23 20 | 09
#0491-d320 @A: 34 04 30 08 | 08
#0492-d320 @A: 13 11 04 24 | 11
#0493-d320 @A: 07 04 11 21 | 10
#0494-d320 @A: 01 11 16 04 | 05
#0495-d320 @A: 23 04 22 14 | 07
#0496-d320 @A: 24 25 04 28 | 03
#0497-d320 @A: 28 04 08 27 | 04
#0498-d320 @A: 04 29 03 21 | 01
#0499-d320 @A: 33 04 03 11 | 06
#0500-d320 @A: 33 14 04 29 | 12
#0501-d320 @A: 11 23 04 32 | 02
#0502-d320 @A: 26 27 04 20 | 09
#0503-d320 @A: 30 13 01 29 | 08
#0504-d320 @A: 34 02 30 26 | 11
#0505-d320 @A: 30 28 16 10 | 10
#0506-d320 @A: 30 21 33 17 | 05
#0507-d320 @A: 19 30 35 10 | 07
#0508-d320 @A: 30 08 32 28 | 03
#0509-d320 @A: 29 08 09 30 | 04
#0510-d320 @A: 33 30 02 03 | 01
#0511-d320 @A: 23 33 30 08 | 06
#0512-d320 @A: 13 08 07 17 | 12
#0513-d320 @A: 32 11 07 13 | 02
#0514-d320 @A: 22 10 28 13 | 09
#0515-d320 @A: 14 13 10 35 | 08
#0516-d320 @A: 13 35 32 02 | 11
#0517-d320 @A: 20 02 13 26 | 10
#0518-d320 @A: 32 13 14 01 | 05
#0519-d320 @A: 34 26 17 10 | 07
#0520-d320 @A: 34 35 19 22 | 03
#0521-d320 @A: 08 01 34 22 | 04
#0522-d320 @A: 26 18 35 34 | 01
#0523-d320 @A: 35 10 01 34 | 06
#0524-d320 @A: 18 32 19 34 | 12
#0525-d320 @A: 03 11 25 34 | 02
#0526-d320 @A: 03 32 34 08 | 09
#0527-d320 @A: 23 19 34 03 | 08
#0528-d320 @A: 17 24 11 07 | 11
#0529-d320 @A: 17 21 28 07 | 10
#0530-d320 @A: 23 07 27 14 | 05
#0531-d320 @A: 02 16 35 10 | 07
#0532-d320 @A: 16 29 09 21 | 03
#0533-d320 @A: 21 16 32 27 | 04
#0534-d320 @A: 09 03 16 11 | 01
#0535-d320 @A: 09 16 08 32 | 06
#0536-d320 @A: 16 09 14 20 | 12
#0537-d320 @A: 23 16 11 19 | 02
#0538-d320 @A: 01 16 02 08 | 09
#0539-d320 @A: 23 16 02 20 | 08
#0540-d320 @A: 27 16 29 08 | 11
#0541-d320 @A: 35 17 23 22 | 10
#0542-d320 @A: 17 22 11 10 | 05
#0543-d320 @A: 17 35 11 21 | 07
#0544-d320 @A: 18 24 27 17 | 03
#0545-d320 @A: 29 17 14 21 | 04
#0546-d320 @A: 23 17 03 21 | 01
#0547-d320 @A: 29 17 25 33 | 06
#0548-d320 @A: 22 35 11 08 | 12
#0549-d320 @A: 22 19 33 11 | 02
#0550-d320 @A: 22 02 27 33 | 09
#0551-d320 @A: 33 35 21 03 | 08
#0552-d320 @A: 02 35 08 23 | 11
#0553-d320 @A: 19 10 24 14 | 10
#0554-d320 @A: 09 24 11 21 | 05
#0555-d320 @A: 09 24 03 25 | 07
#0556-d320 @A: 24 11 26 01 | 03
#0557-d320 @A: 24 14 20 02 | 04
#0558-d320 @A: 14 24 08 03 | 01
#0559-d320 @A: 18 33 20 23 | 06
#0560-d320 @A: 33 10 28 11 | 12
#0561-d320 @A: 20 10 09 25 | 02
#0562-d320 @A: 03 33 20 10 | 09
#0563-d320 @A: 11 10 19 08 | 08
#0564-d320 @A: 08 33 28 21 | 11
#0565-d320 @A: 28 23 11 08 | 10
#0566-d320 @A: 03 11 28 01 | 05
#0567-d320 @A: 29 02 28 27 | 07
#0568-d320 @A: 09 32 01 20 | 03
#0569-d320 @A: 01 14 09 23 | 04
#0570-d320 @A: 02 01 32 19 | 01
#0571-d320 @A: 35 15 02 06 | 06
#0572-d320 @A: 15 20 12 18 | 12
#0573-d320 @A: 05 34 03 15 | 02
#0574-d320 @A: 15 05 35 11 | 09
#0575-d320 @A: 32 15 16 13 | 08
#0576-d320 @A: 07 15 14 35 | 11
#0577-d320 @A: 15 07 28 32 | 10
#0578-d320 @A: 15 18 16 03 | 05
#0579-d320 @A: 02 16 28 15 | 07
#0580-d320 @A: 15 17 35 20 | 03
#0581-d320 @A: 27 22 15 24 | 04
#0582-d320 @A: 21 35 15 01 | 01
#0583-d320 @A: 33 32 15 24 | 06
#0584-d320 @A: 18 14 15 32 | 12
#0585-d320 @A: 15 21 02 20 | 02
#0586-d320 @A: 15 09 29 19 | 09
#0587-d320 @A: 08 15 01 32 | 08
#0588-d320 @A: 32 25 15 03 | 11
#0589-d320 @A: 18 23 06 31 | 10
#0590-d320 @A: 23 04 05 06 | 05
#0591-d320 @A: 06 21 05 13 | 07
#0592-d320 @A: 06 13 04 03 | 03
#0593-d320 @A: 10 06 01 04 | 04
#0594-d320 @A: 04 20 06 11 | 01
#0595-d320 @A: 19 06 02 04 | 06
#0596-d320 @A: 18 16 06 30 | 12
#0597-d320 @A: 06 11 30 10 | 02
#0598-d320 @A: 07 06 14 29 | 09
#0599-d320 @A: 32 10 16 06 | 08
#0600-d320 @A: 06 10 03 24 | 11
#0601-d320 @A: 01 27 06 18 | 10
#0602-d320 @A: 06 11 14 21 | 05
#0603-d320 @A: 06 09 08 27 | 07
#0604-d320 @A: 34 04 31 19 | 03
#0605-d320 @A: 16 04 31 23 | 04
#0606-d320 @A: 25 22 31 30 | 01
#0607-d320 @A: 18 31 30 21 | 06
#0608-d320 @A: 31 16 01 21 | 12
#0609-d320 @A: 18 01 31 20 | 02
#0610-d320 @A: 21 31 23 11 | 09
#0611-d320 @A: 09 33 31 23 | 08
#0612-d320 @A: 14 08 25 31 | 11
#0613-d320 @A: 05 12 17 20 | 10
#0614-d320 @A: 12 07 14 04 | 05
#0615-d320 @A: 02 01 04 12 | 07
#0616-d320 @A: 02 35 12 30 | 03
#0617-d320 @A: 17 12 25 13 | 04
#0618-d320 @A: 24 12 13 14 | 01
#0619-d320 @A: 21 12 13 08 | 06
#0620-d320 @A: 03 12 13 09 | 12
#0621-d320 @A: 27 34 35 12 | 02
#0622-d320 @A: 20 34 12 09 | 09
#0623-d320 @A: 11 07 12 35 | 08
#0624-d320 @A: 12 24 23 18 | 11
#0625-d320 @A: 08 12 10 24 | 10
#0626-d320 @A: 19 08 12 02 | 05
#0627-d320 @A: 08 13 05 18 | 07
#0628-d320 @A: 01 05 13 11 | 03
#0629-d320 @A: 07 05 34 19 | 04
#0630-d320 @A: 01 07 35 05 | 01
#0631-d320 @A: 05 07 25 02 | 06
#0632-d320 @A: 05 33 16 28 | 12
#0633-d320 @A: 17 26 05 32 | 02
#0634-d320 @A: 05 22 32 14 | 09
#0635-d320 @A: 24 18 20 05 | 08
#0636-d320 @A: 19 23 21 05 | 11
#0637-d320 @A: 11 32 09 05 | 10
#0638-d320 @A: 14 05 11 33 | 05
#0639-d320 @A: 19 05 25 33 | 07
#0640-d320 @A: 05 08 11 26 | 03
#0641-d320 @A: 32 25 05 23 | 04
#0642-d320 @A: 29 24 04 30 | 01
#0643-d320 @A: 04 17 27 34 | 06
#0644-d320 @A: 04 34 01 14 | 12
#0645-d320 @A: 24 02 04 21 | 02
#0646-d320 @A: 04 03 01 33 | 09
#0647-d320 @A: 03 20 04 14 | 08
#0648-d320 @A: 30 13 33 28 | 11
#0649-d320 @A: 16 27 34 30 | 10
#0650-d320 @A: 35 30 07 20 | 05
#0651-d320 @A: 25 32 30 02 | 07
#0652-d320 @A: 19 14 01 30 | 03
#0653-d320 @A: 23 13 17 24 | 04
#0654-d320 @A: 21 13 23 22 | 01
#0655-d320 @A: 22 27 09 13 | 06
#0656-d320 @A: 25 13 24 18 | 12
#0657-d320 @A: 09 26 13 18 | 02
#0658-d320 @A: 18 33 13 32 | 09
#0659-d320 @A: 23 29 11 13 | 08
#0660-d320 @A: 27 02 03 13 | 11
#0661-d320 @A: 19 23 27 13 | 10
#0662-d320 @A: 11 34 10 07 | 05
#0663-d320 @A: 07 09 34 28 | 07
#0664-d320 @A: 34 07 03 20 | 03
#0665-d320 @A: 03 16 34 24 | 04
#0666-d320 @A: 34 24 28 20 | 01
#0667-d320 @A: 34 18 21 10 | 06
#0668-d320 @A: 09 34 08 25 | 12
#0669-d320 @A: 02 08 29 34 | 02
#0670-d320 @A: 03 29 27 34 | 09
#0671-d320 @A: 07 18 22 21 | 08
#0672-d320 @A: 07 08 14 22 | 11
#0673-d320 @A: 14 07 28 01 | 10
#0674-d320 @A: 09 21 33 07 | 05
#0675-d320 @A: 21 01 32 07 | 07
#0676-d320 @A: 27 07 19 11 | 03
#0677-d320 @A: 25 07 32 29 | 04
#0678-d320 @A: 17 16 29 18 | 01
#0679-d320 @A: 27 25 16 22 | 06
#0680-d320 @A: 09 33 24 16 | 12
#0681-d320 @A: 26 28 16 18 | 02
#0682-d320 @A: 23 26 16 21 | 09
#0683-d320 @A: 26 33 16 29 | 08
#0684-d320 @A: 17 27 11 02 | 11
#0685-d320 @A: 17 32 19 27 | 10
#0686-d320 @A: 32 03 29 17 | 05
#0687-d320 @A: 25 27 17 14 | 07
#0688-d320 @A: 26 17 20 23 | 03
#0689-d320 @A: 35 22 03 25 | 04
#0690-d320 @A: 22 26 24 10 | 01
#0691-d320 @A: 21 22 20 09 | 06
#0692-d320 @A: 01 22 27 33 | 12
#0693-d320 @A: 11 26 22 23 | 02
#0694-d320 @A: 22 29 20 32 | 09
#0695-d320 @A: 26 35 21 27 | 08
#0696-d320 @A: 25 35 33 11 | 11
#0697-d320 @A: 20 35 01 08 | 10
#0698-d320 @A: 08 26 24 21 | 05
#0699-d320 @A: 23 24 11 03 | 07
#0700-d320 @A: 28 03 21 18 | 03
#0701-d320 @A: 29 09 18 33 | 04
#0702-d320 @A: 11 08 33 18 | 01
#0703-d320 @A: 03 08 28 10 | 06
#0704-d320 @A: 01 21 10 09 | 12
#0705-d320 @A: 10 01 27 32 | 02
#0706-d320 @A: 14 10 32 25 | 09
#0707-d320 @A: 28 26 32 03 | 08
#0708-d320 @A: 01 11 29 33 | 11
#0709-d320 @A: 23 01 02 20 | 10
#0710-d320 @A: 27 15 07 06 | 05
#0711-d320 @A: 24 23 15 06 | 07
#0712-d320 @A: 35 15 12 21 | 03
#0713-d320 @A: 15 30 21 16 | 04
#0714-d320 @A: 01 17 15 30 | 01
#0715-d320 @A: 15 28 26 30 | 06
#0716-d320 @A: 17 15 18 34 | 12
#0717-d320 @A: 34 15 02 19 | 02
#0718-d320 @A: 07 15 11 01 | 09
#0719-d320 @A: 23 25 15 22 | 08
#0720-d320 @A: 26 15 23 18 | 11
#0721-d320 @A: 27 09 03 15 | 10
#0722-d320 @A: 23 27 15 08 | 05
#0723-d320 @A: 15 29 03 08 | 07
#0724-d320 @A: 20 27 19 15 | 03
#0725-d320 @A: 31 06 05 09 | 04
#0726-d320 @A: 26 16 31 06 | 01
#0727-d320 @A: 06 05 03 01 | 06
#0728-d320 @A: 06 10 26 04 | 12
#0729-d320 @A: 17 13 06 27 | 02
#0730-d320 @A: 10 13 06 33 | 09
#0731-d320 @A: 29 06 13 02 | 08
#0732-d320 @A: 06 26 28 07 | 11
#0733-d320 @A: 16 28 06 23 | 10
#0734-d320 @A: 06 17 03 18 | 05
#0735-d320 @A: 06 11 22 24 | 07
#0736-d320 @A: 01 14 24 06 | 03
#0737-d320 @A: 23 33 06 02 | 04
#0738-d320 @A: 32 06 33 20 | 01
#0739-d320 @A: 06 32 25 19 | 06
#0740-d320 @A: 31 33 05 24 | 12
#0741-d320 @A: 35 31 09 04 | 02
#0742-d320 @A: 30 31 11 17 | 09
#0743-d320 @A: 21 16 31 34 | 08
#0744-d320 @A: 31 25 34 18 | 11
#0745-d320 @A: 35 31 07 33 | 10
#0746-d320 @A: 17 31 20 21 | 05
#0747-d320 @A: 31 26 22 35 | 07
#0748-d320 @A: 10 04 12 19 | 03
#0749-d320 @A: 30 12 20 28 | 04
#0750-d320 @A: 29 12 28 13 | 01
#0751-d320 @A: 12 02 24 34 | 06
#0752-d320 @A: 16 28 12 25 | 12
#0753-d320 @A: 12 22 01 21 | 02
#0754-d320 @A: 03 19 12 35 | 09
#0755-d320 @A: 10 12 11 14 | 08
#0756-d320 @A: 12 14 01 29 | 11
#0757-d320 @A: 04 07 05 33 | 10
#0758-d320 @A: 05 17 13 09 | 05
#0759-d320 @A: 13 05 19 35 | 07
#0760-d320 @A: 13 05 26 03 | 03
#0761-d320 @A: 05 23 16 07 | 04
#0762-d320 @A: 26 07 35 05 | 01
#0763-d320 @A: 05 17 18 35 | 06
#0764-d320 @A: 10 21 05 35 | 12
#0765-d320 @A: 10 05 01 19 | 02
#0766-d320 @A: 21 05 27 25 | 09
#0767-d320 @A: 05 25 11 20 | 08
#0768-d320 @A: 08 27 05 02 | 11
#0769-d320 @A: 04 10 03 16 | 10
#0770-d320 @A: 28 16 32 04 | 05
#0771-d320 @A: 32 10 08 04 | 07
#0772-d320 @A: 32 33 04 21 | 03
#0773-d320 @A: 25 21 04 20 | 04
#0774-d320 @A: 09 27 04 02 | 01
#0775-d320 @A: 33 04 27 19 | 06
#0776-d320 @A: 04 25 23 19 | 12
#0777-d320 @A: 13 24 26 30 | 02
#0778-d320 @A: 13 30 10 27 | 09
#0779-d320 @A: 21 30 34 24 | 08
#0780-d320 @A: 16 24 23 30 | 11
#0781-d320 @A: 30 16 02 01 | 10
#0782-d320 @A: 22 21 35 30 | 05
#0783-d320 @A: 14 35 30 18 | 07
#0784-d320 @A: 03 28 35 30 | 03
#0785-d320 @A: 18 30 28 29 | 04
#0786-d320 @A: 01 33 27 30 | 01
#0787-d320 @A: 30 26 08 25 | 06
#0788-d320 @A: 13 19 34 17 | 12
#0789-d320 @A: 10 34 13 03 | 02
#0790-d320 @A: 07 22 35 13 | 09
#0791-d320 @A: 13 09 28 16 | 08
#0792-d320 @A: 35 01 13 26 | 11
#0793-d320 @A: 13 21 03 14 | 10
#0794-d320 @A: 20 11 33 13 | 05
#0795-d320 @A: 13 14 08 32 | 07
#0796-d320 @A: 32 03 13 20 | 03
#0797-d320 @A: 07 24 34 33 | 04
#0798-d320 @A: 33 34 16 02 | 01
#0799-d320 @A: 17 22 34 20 | 06
#0800-d320 @A: 23 24 22 34 | 12
#0801-d320 @A: 28 34 25 01 | 02
#0802-d320 @A: 34 19 26 09 | 09
#0803-d320 @A: 33 34 25 32 | 08
#0804-d320 @A: 23 34 11 02 | 11
#0805-d320 @A: 17 07 35 02 | 10
#0806-d320 @A: 24 07 18 26 | 05
#0807-d320 @A: 18 07 14 28 | 07
#0808-d320 @A: 09 25 23 07 | 03
#0809-d320 @A: 14 03 07 33 | 04
#0810-d320 @A: 07 08 26 32 | 01
#0811-d320 @A: 35 26 17 16 | 06
#0812-d320 @A: 14 17 16 24 | 12
#0813-d320 @A: 10 29 16 23 | 02
#0814-d320 @A: 14 02 16 03 | 09
#0815-d320 @A: 32 28 01 17 | 08
#0816-d320 @A: 08 17 21 27 | 11
#0817-d320 @A: 17 26 14 09 | 10
#0818-d320 @A: 33 32 14 17 | 05
#0819-d320 @A: 24 22 01 09 | 07
#0820-d320 @A: 22 10 18 27 | 03
#0821-d320 @A: 28 01 22 18 | 04
#0822-d320 @A: 03 11 22 21 | 01
#0823-d320 @A: 25 08 21 22 | 06
#0824-d320 @A: 22 03 23 33 | 12
#0825-d320 @A: 14 20 22 11 | 02
#0826-d320 @A: 09 35 18 10 | 09
#0827-d320 @A: 33 32 19 35 | 08
#0828-d320 @A: 23 27 33 35 | 11
#0829-d320 @A: 11 19 35 14 | 10
#0830-d320 @A: 14 01 35 27 | 05
#0831-d320 @A: 24 18 10 33 | 07
#0832-d320 @A: 20 24 23 21 | 03
#0833-d320 @A: 14 25 33 24 | 04
#0834-d320 @A: 20 24 33 26 | 01
#0835-d320 @A: 32 19 24 08 | 06
#0836-d320 @A: 25 23 27 24 | 12
#0837-d320 @A: 09 27 18 21 | 02
#0838-d320 @A: 33 21 26 18 | 09
#0839-d320 @A: 27 18 29 11 | 08
#0840-d320 @A: 32 18 08 27 | 11
#0841-d320 @A: 32 23 29 18 | 10
#0842-d320 @A: 19 18 20 03 | 05
#0843-d320 @A: 33 10 21 02 | 07
#0844-d320 @A: 33 10 27 29 | 03
#0845-d320 @A: 10 27 25 11 | 04
#0846-d320 @A: 10 26 19 32 | 01
#0847-d320 @A: 32 27 20 10 | 06
#0848-d320 @A: 29 01 23 10 | 12
#0849-d320 @A: 28 23 21 02 | 02
#0850-d320 @A: 28 09 20 29 | 09
#0851-d320 @A: 26 02 28 08 | 08
#0852-d320 @A: 28 20 08 25 | 11
#0853-d320 @A: 14 28 27 32 | 10
#0854-d320 @A: 25 28 14 03 | 05
#0855-d320 @A: 23 01 21 11 | 07
#0856-d320 @A: 20 11 29 01 | 03
#0857-d320 @A: 15 25 06 28 | 04
#0858-d320 @A: 31 22 15 16 | 01
#0859-d320 @A: 31 10 32 15 | 06
#0860-d320 @A: 14 15 29 31 | 12
#0861-d320 @A: 08 12 28 15 | 02
#0862-d320 @A: 15 22 21 05 | 09
#0863-d320 @A: 05 10 33 15 | 08
#0864-d320 @A: 07 30 15 29 | 11
#0865-d320 @A: 24 20 15 13 | 10
#0866-d320 @A: 10 15 07 26 | 05
#0867-d320 @A: 15 23 11 07 | 07
#0868-d320 @A: 15 29 23 21 | 03
#0869-d320 @A: 15 03 26 33 | 04
#0870-d320 @A: 14 20 15 23 | 01
#0871-d320 @A: 31 14 06 28 | 06
#0872-d320 @A: 18 06 29 05 | 12
#0873-d320 @A: 09 18 06 04 | 02
#0874-d320 @A: 06 30 33 22 | 09
#0875-d320 @A: 26 06 22 13 | 08
#0876-d320 @A: 06 32 34 01 | 11
#0877-d320 @A: 25 06 29 34 | 10
#0878-d320 @A: 24 06 08 18 | 05
#0879-d320 @A: 19 06 11 18 | 07
#0880-d320 @A: 06 33 08 26 | 03
#0881-d320 @A: 33 06 19 03 | 04
#0882-d320 @A: 11 06 02 32 | 01
#0883-d320 @A: 31 04 12 25 | 06
#0884-d320 @A: 31 12 32 03 | 12
#0885-d320 @A: 30 29 05 31 | 02
#0886-d320 @A: 31 16 03 05 | 09
#0887-d320 @A: 33 01 05 31 | 08
#0888-d320 @A: 35 30 32 31 | 11
#0889-d320 @A: 31 18 17 13 | 10
#0890-d320 @A: 13 31 24 35 | 05
#0891-d320 @A: 34 29 31 17 | 07
#0892-d320 @A: 31 16 28 19 | 03
#0893-d320 @A: 23 24 02 31 | 04
#0894-d320 @A: 29 23 25 31 | 01
#0895-d320 @A: 25 05 34 12 | 06
#0896-d320 @A: 30 12 25 23 | 12
#0897-d320 @A: 12 27 13 32 | 02
#0898-d320 @A: 12 16 32 07 | 09
#0899-d320 @A: 29 07 12 20 | 08
#0900-d320 @A: 12 16 29 24 | 11
#0901-d320 @A: 17 29 12 35 | 10
#0902-d320 @A: 29 12 27 22 | 05
#0903-d320 @A: 27 24 20 12 | 07
#0904-d320 @A: 23 02 12 27 | 03
#0905-d320 @A: 26 14 19 12 | 04
#0906-d320 @A: 04 35 14 05 | 01
#0907-d320 @A: 30 35 05 34 | 06
#0908-d320 @A: 05 13 29 16 | 12
#0909-d320 @A: 22 24 05 13 | 02
#0910-d320 @A: 03 07 27 05 | 09
#0911-d320 @A: 16 35 25 05 | 08
#0912-d320 @A: 29 08 35 05 | 11
#0913-d320 @A: 27 05 24 09 | 10
#0914-d320 @A: 02 14 05 19 | 05
#0915-d320 @A: 20 08 05 32 | 07
#0916-d320 @A: 05 23 01 27 | 03
#0917-d320 @A: 04 09 30 13 | 04
#0918-d320 @A: 13 17 04 29 | 01
#0919-d320 @A: 23 04 34 35 | 06
#0920-d320 @A: 28 11 34 04 | 12
#0921-d320 @A: 04 07 35 19 | 02
#0922-d320 @A: 04 17 02 14 | 09
#0923-d320 @A: 04 01 19 24 | 08
#0924-d320 @A: 04 14 26 08 | 11
#0925-d320 @A: 30 19 16 07 | 10
#0926-d320 @A: 22 16 30 02 | 05
#0927-d320 @A: 26 30 22 17 | 07
#0928-d320 @A: 17 08 24 30 | 03
#0929-d320 @A: 22 09 30 24 | 04
#0930-d320 @A: 30 10 01 25 | 01
#0931-d320 @A: 30 09 11 02 | 06
#0932-d320 @A: 34 13 28 26 | 12
#0933-d320 @A: 13 07 24 19 | 02
#0934-d320 @A: 13 03 16 22 | 09
#0935-d320 @A: 13 10 32 24 | 08
#0936-d320 @A: 27 13 24 01 | 11
#0937-d320 @A: 19 28 13 14 | 10
#0938-d320 @A: 08 13 03 19 | 05
#0939-d320 @A: 20 08 13 29 | 07
#0940-d320 @A: 34 25 17 24 | 03
#0941-d320 @A: 18 34 17 01 | 04
#0942-d320 @A: 08 19 33 34 | 01
#0943-d320 @A: 32 34 14 02 | 06
#0944-d320 @A: 24 07 01 17 | 12
#0945-d320 @A: 17 09 18 07 | 02
#0946-d320 @A: 10 17 20 07 | 09
#0947-d320 @A: 07 02 27 21 | 08
#0948-d320 @A: 20 08 33 07 | 11
#0949-d320 @A: 33 07 08 01 | 10
#0950-d320 @A: 07 02 08 03 | 05
#0951-d320 @A: 07 01 27 02 | 07
#0952-d320 @A: 08 19 23 07 | 03
#0953-d320 @A: 03 29 19 07 | 04
#0954-d320 @A: 07 01 23 03 | 01
#0955-d320 @A: 17 10 16 33 | 06
#0956-d320 @A: 16 20 17 28 | 12
#0957-d320 @A: 10 21 22 16 | 02
#0958-d320 @A: 32 20 25 16 | 09
#0959-d320 @A: 16 14 26 32 | 08
#0960-d320 @A: 19 20 29 16 | 11
#0961-d320 @A: 11 14 03 17 | 10
#0962-d320 @A: 01 22 29 35 | 05
#0963-d320 @A: 10 20 02 22 | 07
#0964-d320 @A: 09 22 14 29 | 03
#0965-d320 @A: 22 33 14 26 | 04
#0966-d320 @A: 22 27 26 08 | 01
#0967-d320 @A: 22 14 19 25 | 06
#0968-d320 @A: 14 22 01 03 | 12
#0969-d320 @A: 35 23 32 24 | 02
#0970-d320 @A: 35 20 23 25 | 09
#0971-d320 @A: 20 35 03 29 | 08
#0972-d320 @A: 24 19 23 33 | 11
#0973-d320 @A: 24 20 25 19 | 10
#0974-d320 @A: 23 18 09 08 | 05
#0975-d320 @A: 10 14 28 26 | 07
#0976-d320 @A: 10 11 21 32 | 03
#0977-d320 @A: 10 23 32 33 | 04
#0978-d320 @A: 14 27 10 02 | 01
#0979-d320 @A: 19 10 27 03 | 06
#0980-d320 @A: 28 09 26 11 | 12
#0981-d320 @A: 01 27 28 09 | 02
#0982-d320 @A: 20 27 28 33 | 09
#0983-d320 @A: 28 19 03 02 | 08
#0984-d320 @A: 32 15 06 12 | 11
#0985-d320 @A: 34 15 06 04 | 10
#0986-d320 @A: 15 27 31 05 | 05
#0987-d320 @A: 15 19 23 31 | 07
#0988-d320 @A: 14 01 31 15 | 03
#0989-d320 @A: 15 16 09 05 | 04
#0990-d320 @A: 23 15 33 04 | 01
#0991-d320 @A: 15 30 32 34 | 06
#0992-d320 @A: 13 27 18 15 | 12
#0993-d320 @A: 15 34 24 11 | 02
#0994-d320 @A: 19 16 15 26 | 09
#0995-d320 @A: 14 08 15 17 | 08
#0996-d320 @A: 35 24 15 03 | 11
#0997-d320 @A: 28 18 33 15 | 10
#0998-d320 @A: 23 18 01 15 | 05
#0999-d320 @A: 15 27 02 25 | 07
#1000-d320 @A: 29 27 15 32 | 03
#1001-d320 @A: 15 19 03 14 | 04
#1002-d320 @A: 06 31 07 19 | 01
#1003-d320 @A: 06 12 25 08 | 06
#1004-d320 @A: 12 06 08 01 | 12
#1005-d320 @A: 05 06 33 35 | 02
#1006-d320 @A: 35 21 06 04 | 09
#1007-d320 @A: 35 06 09 22 | 08
#1008-d320 @A: 10 22 06 25 | 11
#1009-d320 @A: 06 11 35 28 | 10
#1010-d320 @A: 06 27 21 03 | 05
#1011-d320 @A: 25 02 09 06 | 07
#1012-d320 @A: 10 31 12 28 | 03
#1013-d320 @A: 07 31 22 05 | 04
#1014-d320 @A: 30 16 31 08 | 01
#1015-d320 @A: 31 27 34 24 | 06
#1016-d320 @A: 01 31 34 24 | 12
#1017-d320 @A: 20 07 31 23 | 02
#1018-d320 @A: 29 31 35 16 | 09
#1019-d320 @A: 35 31 14 17 | 08
#1020-d320 @A: 31 02 03 17 | 11
#1021-d320 @A: 31 28 35 01 | 10
#1022-d320 @A: 31 35 19 21 | 05
#1023-d320 @A: 31 24 28 26 | 07
#1024-d320 @A: 26 31 25 11 | 03
#1025-d320 @A: 02 19 25 31 | 04
#1026-d320 @A: 31 27 26 23 | 01
#1027-d320 @A: 12 02 05 22 | 06
#1028-d320 @A: 12 04 26 21 | 12
#1029-d320 @A: 13 12 34 30 | 02
#1030-d320 @A: 30 22 19 12 | 09
#1031-d320 @A: 17 07 12 23 | 08
#1032-d320 @A: 10 09 16 12 | 11
#1033-d320 @A: 22 12 21 28 | 10
#1034-d320 @A: 12 18 08 35 | 05
#1035-d320 @A: 12 28 09 24 | 07
#1036-d320 @A: 10 03 12 01 | 03
#1037-d320 @A: 20 12 21 03 | 04
#1038-d320 @A: 09 11 01 12 | 01
#1039-d320 @A: 09 12 26 29 | 06
#1040-d320 @A: 26 12 25 33 | 12
#1041-d320 @A: 32 08 12 11 | 02
#1042-d320 @A: 01 23 32 12 | 09
#1043-d320 @A: 32 14 20 12 | 08
#1044-d320 @A: 04 02 34 05 | 11
#1045-d320 @A: 01 05 04 17 | 10
#1046-d320 @A: 30 32 01 05 | 05
#1047-d320 @A: 05 22 16 26 | 07
#1048-d320 @A: 05 16 08 10 | 03
#1049-d320 @A: 17 14 05 28 | 04
#1050-d320 @A: 11 05 02 10 | 01
#1051-d320 @A: 05 01 02 28 | 06
#1052-d320 @A: 02 03 21 05 | 12
#1053-d320 @A: 04 10 34 20 | 02
#1054-d320 @A: 29 10 04 07 | 09
#1055-d320 @A: 33 16 04 35 | 08
#1056-d320 @A: 16 09 25 04 | 11
#1057-d320 @A: 02 23 26 04 | 10
#1058-d320 @A: 08 19 04 20 | 05
#1059-d320 @A: 04 26 19 03 | 07
#1060-d320 @A: 07 34 23 30 | 03
#1061-d320 @A: 32 22 07 30 | 04
#1062-d320 @A: 14 16 30 33 | 01
#1063-d320 @A: 11 30 16 26 | 06
#1064-d320 @A: 29 17 30 10 | 12
#1065-d320 @A: 08 18 10 30 | 02
#1066-d320 @A: 25 30 33 27 | 09
#1067-d320 @A: 03 30 27 08 | 08
#1068-d320 @A: 34 21 13 35 | 11
#1069-d320 @A: 13 16 11 17 | 10
#1070-d320 @A: 16 26 10 13 | 05
#1071-d320 @A: 22 14 13 17 | 07
#1072-d320 @A: 17 28 32 13 | 03
#1073-d320 @A: 01 18 09 13 | 04
#1074-d320 @A: 21 09 13 19 | 01
#1075-d320 @A: 29 13 21 33 | 06
#1076-d320 @A: 13 08 27 33 | 12
#1077-d320 @A: 27 13 26 25 | 02
#1078-d320 @A: 32 35 34 28 | 09
#1079-d320 @A: 34 35 29 11 | 08
#1080-d320 @A: 34 03 21 09 | 11
#1081-d320 @A: 21 08 23 34 | 10
#1082-d320 @A: 34 21 29 32 | 05
#1083-d320 @A: 34 21 20 19 | 07
#1084-d320 @A: 20 32 34 23 | 03
#1085-d320 @A: 09 26 07 16 | 04
#1086-d320 @A: 25 24 07 35 | 01
#1087-d320 @A: 10 35 32 07 | 06
#1088-d320 @A: 09 03 07 35 | 12
#1089-d320 @A: 07 19 26 21 | 02
#1090-d320 @A: 07 20 11 02 | 09
#1091-d320 @A: 23 32 02 07 | 08
#1092-d320 @A: 07 25 08 27 | 11
#1093-d320 @A: 07 26 23 03 | 10
#1094-d320 @A: 14 17 10 18 | 05
#1095-d320 @A: 19 18 33 17 | 07
#1096-d320 @A: 17 11 19 29 | 03
#1097-d320 @A: 02 17 25 23 | 04
#1098-d320 @A: 26 32 22 21 | 01
#1099-d320 @A: 22 09 26 25 | 06
#1100-d320 @A: 19 22 03 32 | 12
#1101-d320 @A: 23 19 35 18 | 02
#1102-d320 @A: 11 24 28 14 | 09
#1103-d320 @A: 03 21 19 24 | 08
#1104-d320 @A: 11 32 25 24 | 11
#1105-d320 @A: 01 08 24 29 | 10
#1106-d320 @A: 19 27 29 24 | 05
#1107-d320 @A: 18 09 14 25 | 07
#1108-d320 @A: 02 29 18 14 | 03
#1109-d320 @A: 25 02 28 10 | 04
#1110-d320 @A: 25 03 23 10 | 01
#1111-d320 @A: 20 14 10 01 | 06
#1112-d320 @A: 28 27 11 03 | 12
#1113-d320 @A: 11 08 15 06 | 02
#1114-d320 @A: 13 31 30 15 | 09
#1115-d320 @A: 35 31 25 15 | 08
#1116-d320 @A: 15 08 18 31 | 11
#1117-d320 @A: 15 26 12 22 | 10
#1118-d320 @A: 10 15 25 12 | 05
#1119-d320 @A: 15 12 01 27 | 07
#1120-d320 @A: 05 04 32 15 | 03
#1121-d320 @A: 15 17 04 21 | 04
#1122-d320 @A: 20 15 30 10 | 01
#1123-d320 @A: 15 13 01 02 | 06
#1124-d320 @A: 08 26 15 13 | 12
#1125-d320 @A: 24 15 16 07 | 02
#1126-d320 @A: 27 15 35 16 | 09
#1127-d320 @A: 15 25 16 14 | 08
#1128-d320 @A: 10 22 15 08 | 11
#1129-d320 @A: 15 23 35 10 | 10
#1130-d320 @A: 15 01 10 24 | 05
#1131-d320 @A: 02 08 15 33 | 07
#1132-d320 @A: 26 15 11 27 | 03
#1133-d320 @A: 06 30 31 20 | 04
#1134-d320 @A: 06 12 24 26 | 01
#1135-d320 @A: 28 12 03 06 | 06
#1136-d320 @A: 06 19 12 27 | 12
#1137-d320 @A: 04 16 06 29 | 02
#1138-d320 @A: 07 21 30 06 | 09
#1139-d320 @A: 01 06 21 30 | 08
#1140-d320 @A: 30 06 01 23 | 11
#1141-d320 @A: 25 06 16 07 | 10
#1142-d320 @A: 10 06 28 17 | 05
#1143-d320 @A: 29 06 35 19 | 07
#1144-d320 @A: 09 32 06 28 | 03
#1145-d320 @A: 29 06 20 21 | 04
#1146-d320 @A: 23 06 03 08 | 01
#1147-d320 @A: 31 30 26 12 | 06
#1148-d320 @A: 05 31 14 21 | 12
#1149-d320 @A: 13 04 26 31 | 02
#1150-d320 @A: 04 22 17 31 | 09
#1151-d320 @A: 13 31 16 20 | 08
#1152-d320 @A: 09 13 31 29 | 11
#1153-d320 @A: 10 02 34 31 | 10
#1154-d320 @A: 16 32 17 31 | 05
#1155-d320 @A: 18 22 31 19 | 07
#1156-d320 @A: 14 31 27 18 | 03
#1157-d320 @A: 02 20 33 31 | 04
#1158-d320 @A: 19 33 31 14 | 01
#1159-d320 @A: 02 11 31 14 | 06
#1160-d320 @A: 31 32 11 29 | 12
#1161-d320 @A: 08 31 19 27 | 02
#1162-d320 @A: 31 14 32 23 | 09
#1163-d320 @A: 05 10 12 27 | 08
#1164-d320 @A: 05 12 23 26 | 11
#1165-d320 @A: 04 20 12 13 | 10
#1166-d320 @A: 12 08 30 07 | 05
#1167-d320 @A: 16 12 30 03 | 07
#1168-d320 @A: 34 17 12 08 | 03
#1169-d320 @A: 33 12 28 07 | 04
#1170-d320 @A: 07 12 27 26 | 01
#1171-d320 @A: 12 32 22 23 | 06
#1172-d320 @A: 12 09 14 21 | 12
#1173-d320 @A: 12 02 33 14 | 02
#1174-d320 @A: 12 19 20 33 | 09
#1175-d320 @A: 12 19 25 11 | 08
#1176-d320 @A: 11 29 12 03 | 11
#1177-d320 @A: 29 25 12 14 | 10
#1178-d320 @A: 09 05 04 10 | 05
#1179-d320 @A: 05 13 28 25 | 07
#1180-d320 @A: 34 33 09 05 | 03
#1181-d320 @A: 11 05 07 18 | 04
#1182-d320 @A: 02 05 09 23 | 01
#1183-d320 @A: 20 05 25 01 | 06
#1184-d320 @A: 03 05 14 29 | 12
#1185-d320 @A: 17 16 04 30 | 02
#1186-d320 @A: 19 21 30 04 | 09
#1187-d320 @A: 33 34 13 04 | 08
#1188-d320 @A: 13 04 21 10 | 11
#1189-d320 @A: 32 24 04 34 | 10
#1190-d320 @A: 02 04 07 16 | 05
#1191-d320 @A: 04 32 17 07 | 07
#1192-d320 @A: 03 35 04 17 | 03
#1193-d320 @A: 10 22 04 33 | 04
#1194-d320 @A: 04 09 22 28 | 01
#1195-d320 @A: 04 18 20 35 | 06
#1196-d320 @A: 01 08 28 04 | 12
#1197-d320 @A: 09 21 08 04 | 02
#1198-d320 @A: 27 21 04 01 | 09
#1199-d320 @A: 08 02 04 11 | 08
#1200-d320 @A: 30 18 03 34 | 11
#1201-d320 @A: 30 17 19 03 | 10
#1202-d320 @A: 23 11 35 30 | 05
#1203-d320 @A: 21 09 30 23 | 07
#1204-d320 @A: 30 29 21 27 | 03
#1205-d320 @A: 32 30 11 14 | 04
#1206-d320 @A: 27 20 30 11 | 01
#1207-d320 @A: 03 29 30 23 | 06
#1208-d320 @A: 34 08 16 13 | 12
#1209-d320 @A: 25 13 34 22 | 02
#1210-d320 @A: 13 10 09 07 | 09
#1211-d320 @A: 13 16 35 23 | 08
#1212-d320 @A: 35 13 28 20 | 11
#1213-d320 @A: 24 21 13 28 | 10
#1214-d320 @A: 19 10 13 25 | 05
#1215-d320 @A: 20 13 23 09 | 07
#1216-d320 @A: 25 13 01 33 | 03
#1217-d320 @A: 01 08 13 03 | 04
#1218-d320 @A: 14 13 27 29 | 01
#1219-d320 @A: 17 14 34 07 | 06
#1220-d320 @A: 19 34 16 10 | 12
#1221-d320 @A: 28 14 34 16 | 02
#1222-d320 @A: 26 34 16 25 | 09
#1223-d320 @A: 35 34 17 09 | 08
#1224-d320 @A: 34 03 35 02 | 11
#1225-d320 @A: 09 34 32 27 | 10
#1226-d320 @A: 34 23 29 09 | 05
#1227-d320 @A: 03 34 27 01 | 07
#1228-d320 @A: 07 03 17 16 | 03
#1229-d320 @A: 10 01 16 07 | 04
#1230-d320 @A: 16 28 07 27 | 01
#1231-d320 @A: 27 07 24 10 | 06
#1232-d320 @A: 20 32 18 07 | 12
#1233-d320 @A: 26 20 25 07 | 02
#1234-d320 @A: 11 16 35 24 | 09
#1235-d320 @A: 21 33 16 19 | 08
#1236-d320 @A: 03 21 16 08 | 11
#1237-d320 @A: 16 27 23 09 | 10
#1238-d320 @A: 02 16 26 27 | 05
#1239-d320 @A: 01 35 17 23 | 07
#1240-d320 @A: 21 24 10 17 | 03
#1241-d320 @A: 24 28 33 17 | 04
#1242-d320 @A: 29 23 17 28 | 01
#1243-d320 @A: 02 09 17 33 | 06
#1244-d320 @A: 18 22 28 25 | 12
#1245-d320 @A: 14 22 02 21 | 02
#1246-d320 @A: 03 09 02 22 | 09
#1247-d320 @A: 33 25 22 20 | 08
#1248-d320 @A: 22 03 26 29 | 11
#1249-d320 @A: 35 14 24 26 | 10
#1250-d320 @A: 18 02 28 35 | 05
#1251-d320 @A: 25 08 32 35 | 07
#1252-d320 @A: 21 14 27 24 | 03
#1253-d320 @A: 20 01 24 21 | 04
#1254-d320 @A: 19 24 09 02 | 01
#1255-d320 @A: 24 09 23 26 | 06
#1256-d320 @A: 01 24 23 33 | 12
#1257-d320 @A: 08 24 27 11 | 02
#1258-d320 @A: 29 03 10 18 | 09
#1259-d320 @A: 01 33 18 32 | 08
#1260-d320 @A: 02 09 08 10 | 11
#1261-d320 @A: 26 10 09 27 | 10
#1262-d320 @A: 01 26 02 10 | 05
#1263-d320 @A: 21 14 20 28 | 07
#1264-d320 @A: 09 27 28 25 | 03
#1265-d320 @A: 08 01 21 26 | 04
#1266-d320 @A: 01 29 26 09 | 01
#1267-d320 @A: 07 03 12 15 | 06
#1268-d320 @A: 05 24 15 30 | 12
#1269-d320 @A: 01 22 15 05 | 02
#1270-d320 @A: 02 15 18 05 | 09
#1271-d320 @A: 04 26 01 15 | 08
#1272-d320 @A: 30 19 15 33 | 11
#1273-d320 @A: 15 13 10 29 | 10
#1274-d320 @A: 15 34 33 35 | 05
#1275-d320 @A: 34 25 15 20 | 07
#1276-d320 @A: 28 15 17 27 | 03
#1277-d320 @A: 02 32 15 17 | 04
#1278-d320 @A: 10 18 15 19 | 01
#1279-d320 @A: 33 20 01 15 | 06
#1280-d320 @A: 11 15 01 25 | 12
#1281-d320 @A: 03 15 11 20 | 02
#1282-d320 @A: 06 31 08 35 | 09
#1283-d320 @A: 06 29 10 31 | 08
#1284-d320 @A: 12 05 14 06 | 11
#1285-d320 @A: 12 23 06 35 | 10
#1286-d320 @A: 04 33 28 06 | 05
#1287-d320 @A: 06 30 28 19 | 07
#1288-d320 @A: 26 03 06 34 | 03
#1289-d320 @A: 07 10 06 08 | 04
#1290-d320 @A: 16 01 06 33 | 01
#1291-d320 @A: 22 32 18 06 | 06
#1292-d320 @A: 24 06 20 35 | 12
#1293-d320 @A: 06 11 01 35 | 02
#1294-d320 @A: 27 24 33 06 | 09
#1295-d320 @A: 21 26 06 02 | 08
#1296-d320 @A: 14 12 31 16 | 11
#1297-d320 @A: 05 34 08 31 | 10
#1298-d320 @A: 13 01 31 04 | 05
#1299-d320 @A: 04 02 31 29 | 07
#1300-d320 @A: 02 30 28 31 | 03
#1301-d320 @A: 32 31 21 13 | 04
#1302-d320 @A: 34 07 31 32 | 01
#1303-d320 @A: 07 16 11 31 | 06
#1304-d320 @A: 31 07 18 03 | 12
#1305-d320 @A: 10 07 31 21 | 02
#1306-d320 @A: 31 08 32 33 | 09
#1307-d320 @A: 12 30 05 33 | 08
#1308-d320 @A: 28 23 12 04 | 11
#1309-d320 @A: 24 12 30 32 | 10
#1310-d320 @A: 18 16 11 12 | 05
#1311-d320 @A: 22 03 10 12 | 07
#1312-d320 @A: 01 35 25 12 | 03
#1313-d320 @A: 18 27 28 12 | 04
#1314-d320 @A: 19 32 12 21 | 01
#1315-d320 @A: 23 09 12 11 | 06
#1316-d320 @A: 20 08 12 23 | 12
#1317-d320 @A: 04 30 05 03 | 02
#1318-d320 @A: 05 26 04 28 | 09
#1319-d320 @A: 09 05 30 07 | 08
#1320-d320 @A: 30 25 18 05 | 11
#1321-d320 @A: 07 29 17 05 | 10
#1322-d320 @A: 28 03 24 05 | 05
#1323-d320 @A: 18 32 05 10 | 07
#1324-d320 @A: 05 21 11 29 | 03
#1325-d320 @A: 05 14 09 08 | 04
#1326-d320 @A: 05 01 09 19 | 01
#1327-d320 @A: 20 09 03 05 | 06
#1328-d320 @A: 27 04 07 18 | 12
#1329-d320 @A: 22 16 04 20 | 02
#1330-d320 @A: 27 04 24 35 | 09
#1331-d320 @A: 28 10 18 04 | 08
#1332-d320 @A: 11 18 25 04 | 11
#1333-d320 @A: 33 09 26 04 | 10
#1334-d320 @A: 04 25 03 02 | 05
#1335-d320 @A: 13 25 16 30 | 07
#1336-d320 @A: 34 11 30 19 | 03
#1337-d320 @A: 30 20 34 14 | 04
#1338-d320 @A: 35 27 17 30 | 01
#1339-d320 @A: 17 28 09 30 | 06
#1340-d320 @A: 35 30 33 24 | 12
#1341-d320 @A: 03 01 30 35 | 02
#1342-d320 @A: 30 24 18 11 | 09
#1343-d320 @A: 32 10 09 30 | 08
#1344-d320 @A: 33 30 09 20 | 11
#1345-d320 @A: 32 26 33 30 | 10
#1346-d320 @A: 32 20 30 19 | 05
#1347-d320 @A: 30 32 23 27 | 07
#1348-d320 @A: 23 30 26 19 | 03
#1349-d320 @A: 25 29 30 20 | 04
#1350-d320 @A: 02 34 13 09 | 01
#1351-d320 @A: 33 07 13 16 | 06
#1352-d320 @A: 02 13 07 18 | 12
#1353-d320 @A: 26 13 07 29 | 02
#1354-d320 @A: 33 35 17 13 | 09
#1355-d320 @A: 24 33 13 03 | 08
#1356-d320 @A: 13 24 08 02 | 11
#1357-d320 @A: 13 28 18 23 | 10
#1358-d320 @A: 26 01 28 13 | 05
#1359-d320 @A: 13 33 26 19 | 07
#1360-d320 @A: 13 14 02 23 | 03
#1361-d320 @A: 23 32 26 13 | 04
#1362-d320 @A: 25 13 14 20 | 01
#1363-d320 @A: 17 23 34 16 | 06
#1364-d320 @A: 21 33 14 34 | 12
#1365-d320 @A: 08 34 26 20 | 02
#1366-d320 @A: 34 25 27 19 | 09
#1367-d320 @A: 22 07 20 24 | 08
#1368-d320 @A: 07 19 18 01 | 11
#1369-d320 @A: 02 29 07 09 | 10
#1370-d320 @A: 09 32 19 07 | 05
#1371-d320 @A: 32 27 07 33 | 07
#1372-d320 @A: 14 07 11 25 | 03
#1373-d320 @A: 20 07 19 14 | 04
#1374-d320 @A: 16 22 24 32 | 01
#1375-d320 @A: 32 16 22 01 | 06
#1376-d320 @A: 16 03 29 28 | 12
#1377-d320 @A: 21 16 11 02 | 02
#1378-d320 @A: 11 16 25 08 | 09
#1379-d320 @A: 16 11 14 29 | 08
#1380-d320 @A: 19 35 24 17 | 11
#1381-d320 @A: 02 19 21 17 | 10
#1382-d320 @A: 29 10 22 35 | 05
#1383-d320 @A: 22 11 10 01 | 07
#1384-d320 @A: 35 19 09 27 | 03
#1385-d320 @A: 14 35 23 09 | 04
#1386-d320 @A: 26 08 35 03 | 01
#1387-d320 @A: 26 35 19 25 | 06
#1388-d320 @A: 14 32 24 09 | 12
#1389-d320 @A: 01 02 25 24 | 02
#1390-d320 @A: 01 10 18 08 | 09
#1391-d320 @A: 21 18 02 32 | 08
#1392-d320 @A: 19 33 10 09 | 11
#1393-d320 @A: 14 33 10 08 | 10
#1394-d320 @A: 02 10 29 26 | 05
#1395-d320 @A: 21 01 29 28 | 07
#1396-d320 @A: 33 19 29 28 | 03
#1397-d320 @A: 14 23 28 33 | 04
#1398-d320 @A: 27 01 19 11 | 01
#1399-d320 @A: 31 03 15 06 | 06
#1400-d320 @A: 15 26 34 31 | 12
#1401-d320 @A: 29 12 15 05 | 02
#1402-d320 @A: 30 27 12 15 | 09
#1403-d320 @A: 05 15 20 07 | 08
#1404-d320 @A: 19 15 05 08 | 11
#1405-d320 @A: 15 22 04 19 | 10
#1406-d320 @A: 15 17 13 03 | 05
#1407-d320 @A: 15 10 28 34 | 07
#1408-d320 @A: 15 34 19 01 | 03
#1409-d320 @A: 15 22 07 33 | 04
#1410-d320 @A: 25 07 15 18 | 01
#1411-d320 @A: 16 33 15 20 | 06
#1412-d320 @A: 11 22 15 18 | 12
#1413-d320 @A: 24 15 29 28 | 02
#1414-d320 @A: 21 15 32 08 | 09
#1415-d320 @A: 09 15 02 26 | 08
#1416-d320 @A: 15 32 09 23 | 11
#1417-d320 @A: 15 23 02 03 | 10
#1418-d320 @A: 26 25 15 29 | 05
#1419-d320 @A: 06 29 12 30 | 07
#1420-d320 @A: 11 34 12 06 | 03
#1421-d320 @A: 06 02 17 12 | 04
#1422-d320 @A: 06 34 05 20 | 01
#1423-d320 @A: 05 25 06 24 | 06
#1424-d320 @A: 30 34 06 17 | 12
#1425-d320 @A: 34 06 13 32 | 02
#1426-d320 @A: 34 06 19 24 | 09
#1427-d320 @A: 23 06 34 10 | 08
#1428-d320 @A: 17 09 23 06 | 11
#1429-d320 @A: 17 19 06 26 | 10
#1430-d320 @A: 29 28 06 22 | 05
#1431-d320 @A: 33 18 06 14 | 07
#1432-d320 @A: 06 28 20 01 | 03
#1433-d320 @A: 26 20 09 06 | 04
#1434-d320 @A: 03 20 06 02 | 01
#1435-d320 @A: 29 08 32 06 | 06
#1436-d320 @A: 12 17 27 31 | 12
#1437-d320 @A: 32 31 05 19 | 02
#1438-d320 @A: 31 14 10 04 | 09
#1439-d320 @A: 31 28 21 04 | 08
#1440-d320 @A: 13 31 10 08 | 11
#1441-d320 @A: 34 22 31 11 | 10
#1442-d320 @A: 10 31 27 16 | 05
#1443-d320 @A: 11 35 31 18 | 07
#1444-d320 @A: 27 02 35 31 | 03
#1445-d320 @A: 09 18 28 31 | 04
#1446-d320 @A: 09 31 25 21 | 01
#1447-d320 @A: 08 02 31 21 | 06
#1448-d320 @A: 26 08 09 31 | 12
#1449-d320 @A: 03 19 01 31 | 02
#1450-d320 @A: 08 12 04 05 | 09
#1451-d320 @A: 05 12 19 09 | 08
#1452-d320 @A: 12 17 04 09 | 11
#1453-d320 @A: 24 33 04 12 | 10
#1454-d320 @A: 12 10 21 30 | 05
#1455-d320 @A: 12 09 22 08 | 07
#1456-d320 @A: 25 18 32 12 | 03
#1457-d320 @A: 28 01 33 12 | 04
#1458-d320 @A: 28 02 11 12 | 01
#1459-d320 @A: 33 21 12 23 | 06
#1460-d320 @A: 20 11 26 12 | 12
#1461-d320 @A: 08 27 14 12 | 02
#1462-d320 @A: 19 23 12 29 | 09
#1463-d320 @A: 12 01 19 26 | 08
#1464-d320 @A: 05 29 19 04 | 11
#1465-d320 @A: 17 02 30 05 | 10
#1466-d320 @A: 30 11 22 05 | 05
#1467-d320 @A: 21 05 30 28 | 07
#1468-d320 @A: 14 05 30 23 | 03
#1469-d320 @A: 05 23 13 33 | 04
#1470-d320 @A: 05 34 32 16 | 01
#1471-d320 @A: 10 05 14 34 | 06
#1472-d320 @A: 14 18 05 16 | 12
#1473-d320 @A: 18 05 21 01 | 02
#1474-d320 @A: 33 18 05 27 | 09
#1475-d320 @A: 33 32 03 05 | 08
#1476-d320 @A: 30 01 04 34 | 11
#1477-d320 @A: 02 10 30 04 | 10
#1478-d320 @A: 04 16 19 13 | 05
#1479-d320 @A: 07 25 04 34 | 07
#1480-d320 @A: 22 07 04 03 | 03
#1481-d320 @A: 26 04 17 11 | 04
#1482-d320 @A: 22 04 26 18 | 01
#1483-d320 @A: 29 32 09 04 | 06
#1484-d320 @A: 04 08 29 23 | 12
#1485-d320 @A: 32 04 19 14 | 02
#1486-d320 @A: 01 25 04 23 | 09
#1487-d320 @A: 30 13 17 20 | 08
#1488-d320 @A: 29 34 22 30 | 11
#1489-d320 @A: 30 24 07 02 | 10
#1490-d320 @A: 28 11 30 07 | 05
#1491-d320 @A: 10 22 30 14 | 07
#1492-d320 @A: 30 28 22 23 | 03
#1493-d320 @A: 11 08 30 21 | 04
#1494-d320 @A: 14 09 30 27 | 01
#1495-d320 @A: 34 29 24 13 | 06
#1496-d320 @A: 11 13 35 27 | 12
#1497-d320 @A: 13 09 33 14 | 02
#1498-d320 @A: 33 25 13 02 | 09
#1499-d320 @A: 29 32 19 13 | 08
#1500-d320 @A: 03 13 29 25 | 11
#1501-d320 @A: 16 07 35 34 | 10
#1502-d320 @A: 33 34 17 03 | 05
#1503-d320 @A: 34 09 18 11 | 07
#1504-d320 @A: 28 23 34 27 | 03
#1505-d320 @A: 02 27 34 20 | 04
#1506-d320 @A: 34 29 19 14 | 01
#1507-d320 @A: 34 14 25 23 | 06
#1508-d320 @A: 27 22 07 17 | 12
#1509-d320 @A: 10 22 19 07 | 02
#1510-d320 @A: 07 35 23 21 | 09
#1511-d320 @A: 09 07 24 08 | 08
#1512-d320 @A: 17 16 25 21 | 11
#1513-d320 @A: 08 16 02 17 | 10
#1514-d320 @A: 16 08 33 22 | 05
#1515-d320 @A: 01 16 35 19 | 07
#1516-d320 @A: 25 09 16 01 | 03
#1517-d320 @A: 32 33 11 16 | 04
#1518-d320 @A: 08 16 14 23 | 01
#1519-d320 @A: 17 08 18 22 | 06
#1520-d320 @A: 25 17 32 22 | 12
#1521-d320 @A: 09 32 17 21 | 02
#1522-d320 @A: 03 08 17 09 | 09
#1523-d320 @A: 17 27 29 09 | 08
#1524-d320 @A: 08 17 32 23 | 11
#1525-d320 @A: 03 20 17 01 | 10
#1526-d320 @A: 22 24 33 21 | 05
#1527-d320 @A: 27 11 22 32 | 07
#1528-d320 @A: 33 26 28 35 | 03
#1529-d320 @A: 21 32 35 20 | 04
#1530-d320 @A: 32 09 35 26 | 01
#1531-d320 @A: 02 35 01 33 | 06
#1532-d320 @A: 20 24 11 29 | 12
#1533-d320 @A: 26 29 24 32 | 02
#1534-d320 @A: 27 26 03 24 | 09
#1535-d320 @A: 01 18 11 14 | 08
#1536-d320 @A: 10 21 28 27 | 11
#1537-d320 @A: 10 29 28 32 | 10
#1538-d320 @A: 28 19 20 10 | 05
#1539-d320 @A: 10 14 03 09 | 07
#1540-d320 @A: 10 11 23 20 | 03
#1541-d320 @A: 28 29 11 25 | 04
#1542-d320 @A: 19 21 01 33 | 01
#1543-d320 @A: 33 01 14 26 | 06
#1544-d320 @A: 04 02 15 12 | 12
#1545-d320 @A: 14 34 12 15 | 02
#1546-d320 @A: 13 14 15 05 | 09
#1547-d320 @A: 28 23 05 15 | 08
#1548-d320 @A: 15 30 18 04 | 11
#1549-d320 @A: 15 07 09 04 | 10
#1550-d320 @A: 15 24 04 14 | 05
#1551-d320 @A: 13 22 02 15 | 07
#1552-d320 @A: 27 21 15 34 | 03
#1553-d320 @A: 17 15 09 10 | 04
#1554-d320 @A: 22 28 14 15 | 01
#1555-d320 @A: 31 13 11 06 | 06
#1556-d320 @A: 12 06 10 20 | 12
#1557-d320 @A: 05 07 06 32 | 02
#1558-d320 @A: 06 11 05 17 | 09
#1559-d320 @A: 07 24 06 04 | 08
#1560-d320 @A: 01 13 06 17 | 11
#1561-d320 @A: 06 35 13 25 | 10
#1562-d320 @A: 35 07 18 06 | 05
#1563-d320 @A: 11 07 06 03 | 07
#1564-d320 @A: 19 22 06 16 | 03
#1565-d320 @A: 06 16 03 35 | 04
#1566-d320 @A: 35 17 32 06 | 01
#1567-d320 @A: 02 18 10 06 | 06
#1568-d320 @A: 18 06 20 28 | 12
#1569-d320 @A: 06 18 26 25 | 02
#1570-d320 @A: 06 09 21 10 | 09
#1571-d320 @A: 14 06 19 09 | 08
#1572-d320 @A: 12 05 35 31 | 11
#1573-d320 @A: 31 19 12 13 | 10
#1574-d320 @A: 07 12 31 24 | 05
#1575-d320 @A: 31 11 05 28 | 07
#1576-d320 @A: 18 04 31 32 | 03
#1577-d320 @A: 31 30 09 01 | 04
#1578-d320 @A: 28 27 31 13 | 01
#1579-d320 @A: 13 23 31 03 | 06
#1580-d320 @A: 22 32 31 28 | 12
#1581-d320 @A: 03 26 21 31 | 02
#1582-d320 @A: 31 02 32 26 | 09
#1583-d320 @A: 31 32 25 27 | 08
#1584-d320 @A: 01 31 27 29 | 11
#1585-d320 @A: 05 18 03 12 | 10
#1586-d320 @A: 09 30 12 18 | 05
#1587-d320 @A: 30 12 18 01 | 07
#1588-d320 @A: 16 12 20 35 | 03
#1589-d320 @A: 33 22 17 12 | 04
#1590-d320 @A: 17 24 12 03 | 01
#1591-d320 @A: 35 10 33 12 | 06
#1592-d320 @A: 10 12 18 26 | 12
#1593-d320 @A: 32 33 29 12 | 02
#1594-d320 @A: 22 05 25 04 | 09
#1595-d320 @A: 13 05 34 11 | 08
#1596-d320 @A: 10 20 05 13 | 11
#1597-d320 @A: 05 18 23 34 | 10
#1598-d320 @A: 07 21 08 05 | 05
#1599-d320 @A: 05 16 27 17 | 07
#1600-d320 @A: 05 24 16 19 | 03
#1601-d320 @A: 05 16 01 29 | 04
#1602-d320 @A: 05 08 28 22 | 01
#1603-d320 @A: 09 05 28 35 | 06
#1604-d320 @A: 02 05 33 26 | 12
#1605-d320 @A: 05 20 19 26 | 02
#1606-d320 @A: 04 27 22 30 | 09
#1607-d320 @A: 30 28 14 04 | 08
#1608-d320 @A: 23 04 20 30 | 11
#1609-d320 @A: 14 13 04 18 | 10
#1610-d320 @A: 28 07 20 04 | 05
#1611-d320 @A: 04 16 26 24 | 07
#1612-d320 @A: 17 18 23 04 | 03
#1613-d320 @A: 35 29 04 28 | 04
#1614-d320 @A: 19 18 24 04 | 01
#1615-d320 @A: 04 03 09 23 | 06
#1616-d320 @A: 20 02 04 32 | 12
#1617-d320 @A: 04 26 25 32 | 02
#1618-d320 @A: 01 29 04 32 | 09
#1619-d320 @A: 28 30 34 25 | 08
#1620-d320 @A: 18 07 30 33 | 11
#1621-d320 @A: 18 20 30 22 | 10
#1622-d320 @A: 27 26 30 18 | 05
#1623-d320 @A: 09 19 25 30 | 07
#1624-d320 @A: 09 26 03 30 | 03
#1625-d320 @A: 29 30 02 19 | 04
#1626-d320 @A: 08 19 14 30 | 01
#1627-d320 @A: 07 23 13 01 | 06
#1628-d320 @A: 21 13 18 16 | 12
#1629-d320 @A: 02 13 10 17 | 02
#1630-d320 @A: 13 26 17 21 | 09
#1631-d320 @A: 18 29 13 22 | 08
#1632-d320 @A: 22 10 01 13 | 11
#1633-d320 @A: 13 25 11 21 | 10
#1634-d320 @A: 35 08 24 34 | 05
#1635-d320 @A: 10 27 34 08 | 07
#1636-d320 @A: 11 21 34 26 | 03
#1637-d320 @A: 11 27 34 33 | 04
#1638-d320 @A: 02 34 11 01 | 01
#1639-d320 @A: 34 11 08 14 | 06
#1640-d320 @A: 07 03 32 24 | 12
#1641-d320 @A: 27 07 09 20 | 02
#1642-d320 @A: 23 29 33 07 | 09
#1643-d320 @A: 11 08 07 29 | 08
#1644-d320 @A: 02 26 14 07 | 11
#1645-d320 @A: 35 22 14 16 | 10
#1646-d320 @A: 18 32 16 35 | 05
#1647-d320 @A: 35 21 16 28 | 07
#1648-d320 @A: 09 16 19 18 | 03
#1649-d320 @A: 33 23 25 16 | 04
#1650-d320 @A: 02 32 16 19 | 01
#1651-d320 @A: 24 02 22 17 | 06
#1652-d320 @A: 27 23 10 17 | 12
#1653-d320 @A: 03 17 21 01 | 02
#1654-d320 @A: 33 26 27 17 | 09
#1655-d320 @A: 17 23 19 14 | 08
#1656-d320 @A: 35 22 27 28 | 11
#1657-d320 @A: 22 26 20 28 | 10
#1658-d320 @A: 32 02 08 22 | 05
#1659-d320 @A: 23 22 02 29 | 07
#1660-d320 @A: 03 20 08 22 | 03
#1661-d320 @A: 23 22 01 26 | 04
#1662-d320 @A: 26 10 20 35 | 01
#1663-d320 @A: 35 02 21 09 | 06
#1664-d320 @A: 20 11 35 09 | 12
#1665-d320 @A: 01 08 09 35 | 02
#1666-d320 @A: 35 14 33 20 | 09
#1667-d320 @A: 35 11 02 26 | 08
#1668-d320 @A: 35 20 27 08 | 11
#1669-d320 @A: 14 03 27 35 | 10
#1670-d320 @A: 29 23 26 35 | 05
#1671-d320 @A: 24 28 18 32 | 07
#1672-d320 @A: 18 21 14 19 | 03
#1673-d320 @A: 18 09 03 32 | 04
#1674-d320 @A: 18 02 11 03 | 01
#1675-d320 @A: 18 26 19 08 | 06
#1676-d320 @A: 20 18 08 14 | 12
#1677-d320 @A: 18 01 26 32 | 02
#1678-d320 @A: 25 19 18 29 | 09
#1679-d320 @A: 03 26 14 18 | 08
#1680-d320 @A: 08 20 21 10 | 11
#1681-d320 @A: 10 25 21 26 | 10
#1682-d320 @A: 03 02 32 10 | 05
#1683-d320 @A: 28 21 19 11 | 07
#1684-d320 @A: 19 01 28 23 | 03
#1685-d320 @A: 03 23 28 20 | 04
#1686-d320 @A: 02 21 14 01 | 01
#1687-d320 @A: 21 14 01 25 | 06
#1688-d320 @A: 32 25 03 01 | 12
#1689-d320 @A: 26 01 27 25 | 02
