#0001-d105 @A: 29 07 32 02 | 08
#0002-d105 @A: 32 34 29 12 | 09
#0003-d105 @A: 20 16 29 32 | 07
#0004-d105 @A: 29 35 31 32 | 11
#0005-d105 @A: 32 33 30 29 | 05
#0006-d105 @A: 32 09 06 29 | 03
#0007-d105 @A: 32 27 10 29 | 01
#0008-d105 @A: 32 29 22 03 | 02
#0009-d105 @A: 17 29 28 32 | 12
#0010-d105 @A: 32 05 29 18 | 06
#0011-d105 @A: 32 25 08 29 | 10
#0012-d105 @A: 15 29 32 24 | 04
#0013-d105 @A: 01 29 32 21 | 08
#0014-d105 @A: 14 29 32 11 | 09
#0015-d105 @A: 32 30 29 23 | 07
#0016-d105 @A: 29 32 19 13 | 11
#0017-d105 @A: 32 29 04 26 | 05
#0018-d105 @A: 30 34 02 29 | 03
#0019-d105 @A: 29 02 10 16 | 01
#0020-d105 @A: 04 29 02 31 | 02
#0021-d105 @A: 33 29 02 09 | 12
#0022-d105 @A: 02 29 20 35 | 06
#0023-d105 @A: 27 05 02 29 | 10
#0024-d105 @A: 02 28 03 29 | 04
#0025-d105 @A: 29 22 13 02 | 08
#0026-d105 @A: 18 11 29 02 | 09
#0027-d105 @A: 08 02 24 29 | 07
#0028-d105 @A: 15 26 29 02 | 11
#0029-d105 @A: 29 21 12 02 | 05
#0030-d105 @A: 14 02 29 17 | 03
#0031-d105 @A: 06 29 25 02 | 01
#0032-d105 @A: 29 02 01 19 | 02
#0033-d105 @A: 23 29 02 01 | 12
#0034-d105 @A: 16 19 29 34 | 06
#0035-d105 @A: 05 34 29 31 | 10
#0036-d105 @A: 34 10 29 33 | 04
#0037-d105 @A: 29 34 09 13 | 08
#0038-d105 @A: 01 34 35 29 | 09
#0039-d105 @A: 07 34 27 29 | 07
#0040-d105 @A: 03 29 25 34 | 11
#0041-d105 @A: 04 29 34 22 | 05
#0042-d105 @A: 29 20 28 34 | 03
#0043-d105 @A: 34 24 18 29 | 01
#0044-d105 @A: 34 06 29 08 | 02
#0045-d105 @A: 34 17 29 15 | 12
#0046-d105 @A: 34 11 29 21 | 06
#0047-d105 @A: 29 26 14 34 | 10
#0048-d105 @A: 34 23 29 10 | 04
#0049-d105 @A: 31 12 29 16 | 08
#0050-d105 @A: 16 33 29 08 | 09
#0051-d105 @A: 01 09 16 29 | 07
#0052-d105 @A: 07 16 29 35 | 11
#0053-d105 @A: 27 29 16 17 | 05
#0054-d105 @A: 29 03 30 16 | 03
#0055-d105 @A: 11 29 16 22 | 01
#0056-d105 @A: 16 28 29 24 | 02
#0057-d105 @A: 23 16 29 28 | 12
#0058-d105 @A: 18 04 16 29 | 06
#0059-d105 @A: 05 16 29 15 | 10
#0060-d105 @A: 13 29 21 16 | 04
#0061-d105 @A: 14 29 25 16 | 08
#0062-d105 @A: 16 06 26 29 | 09
#0063-d105 @A: 29 31 33 15 | 07
#0064-d105 @A: 11 09 31 29 | 11
#0065-d105 @A: 30 29 27 31 | 05
#0066-d105 @A: 03 31 29 26 | 03
#0067-d105 @A: 31 22 29 24 | 01
#0068-d105 @A: 31 28 06 29 | 02
#0069-d105 @A: 20 18 29 31 | 12
#0070-d105 @A: 01 29 31 08 | 06
#0071-d105 @A: 10 21 29 31 | 10
#0072-d105 @A: 31 14 29 07 | 04
#0073-d105 @A: 31 13 29 25 | 08
#0074-d105 @A: 19 31 17 29 | 09
#0075-d105 @A: 23 31 20 29 | 07
#0076-d105 @A: 35 33 12 29 | 11
#0077-d105 @A: 29 19 33 27 | 05
#0078-d105 @A: 33 24 03 29 | 03
#0079-d105 @A: 29 33 22 25 | 01
#0080-d105 @A: 29 23 33 22 | 02
#0081-d105 @A: 07 33 29 28 | 12
#0082-d105 @A: 29 33 26 18 | 06
#0083-d105 @A: 21 17 33 29 | 10
#0084-d105 @A: 29 33 14 20 | 04
#0085-d105 @A: 33 13 29 06 | 08
#0086-d105 @A: 11 33 29 04 | 09
#0087-d105 @A: 01 29 33 05 | 07
#0088-d105 @A: 35 25 09 29 | 11
#0089-d105 @A: 09 27 24 29 | 05
#0090-d105 @A: 29 03 09 12 | 03
#0091-d105 @A: 22 09 07 29 | 01
#0092-d105 @A: 05 28 09 29 | 02
#0093-d105 @A: 18 09 29 30 | 12
#0094-d105 @A: 08 09 29 17 | 06
#0095-d105 @A: 10 09 15 29 | 10
#0096-d105 @A: 21 19 29 09 | 04
#0097-d105 @A: 04 14 29 09 | 08
#0098-d105 @A: 29 09 23 05 | 09
#0099-d105 @A: 26 20 29 09 | 07
#0100-d105 @A: 35 27 29 26 | 11
#0101-d105 @A: 29 19 03 35 | 05
#0102-d105 @A: 35 29 15 22 | 03
#0103-d105 @A: 30 29 28 35 | 01
#0104-d105 @A: 18 13 29 35 | 02
#0105-d105 @A: 29 35 04 08 | 12
#0106-d105 @A: 14 29 35 21 | 06
#0107-d105 @A: 24 10 29 35 | 10
#0108-d105 @A: 29 06 35 05 | 04
#0109-d105 @A: 35 06 23 29 | 08
#0110-d105 @A: 17 11 29 35 | 09
#0111-d105 @A: 08 03 27 29 | 07
#0112-d105 @A: 22 27 06 29 | 11
#0113-d105 @A: 13 28 29 27 | 05
#0114-d105 @A: 01 18 29 27 | 03
#0115-d105 @A: 27 11 15 29 | 01
#0116-d105 @A: 21 27 20 29 | 02
#0117-d105 @A: 29 27 12 14 | 12
#0118-d105 @A: 27 25 04 29 | 06
#0119-d105 @A: 29 23 27 04 | 10
#0120-d105 @A: 29 03 18 10 | 04
#0121-d105 @A: 07 29 15 03 | 08
#0122-d105 @A: 04 03 21 29 | 09
#0123-d105 @A: 29 05 14 03 | 07
#0124-d105 @A: 23 14 29 03 | 11
#0125-d105 @A: 03 29 17 13 | 05
#0126-d105 @A: 20 29 03 06 | 03
#0127-d105 @A: 29 03 11 01 | 01
#0128-d105 @A: 22 19 29 28 | 02
#0129-d105 @A: 17 18 29 22 | 12
#0130-d105 @A: 22 08 20 29 | 06
#0131-d105 @A: 22 30 21 29 | 10
#0132-d105 @A: 10 29 14 22 | 04
#0133-d105 @A: 22 29 12 05 | 08
#0134-d105 @A: 22 26 01 29 | 09
#0135-d105 @A: 18 28 29 12 | 07
#0136-d105 @A: 08 28 29 10 | 11
#0137-d105 @A: 29 15 28 04 | 05
#0138-d105 @A: 29 28 21 26 | 03
#0139-d105 @A: 29 28 01 14 | 01
#0140-d105 @A: 28 25 29 11 | 02
#0141-d105 @A: 18 07 08 29 | 12
#0142-d105 @A: 18 19 29 15 | 06
#0143-d105 @A: 21 29 18 25 | 10
#0144-d105 @A: 14 18 29 06 | 04
#0145-d105 @A: 18 23 29 24 | 08
#0146-d105 @A: 30 08 15 29 | 09
#0147-d105 @A: 21 05 29 08 | 07
#0148-d105 @A: 08 21 23 29 | 11
#0149-d105 @A: 19 14 29 08 | 05
#0150-d105 @A: 08 13 29 12 | 03
#0151-d105 @A: 29 08 11 26 | 01
#0152-d105 @A: 21 15 06 29 | 02
#0153-d105 @A: 14 29 15 13 | 12
#0154-d105 @A: 12 15 01 29 | 06
#0155-d105 @A: 25 20 29 15 | 10
#0156-d105 @A: 23 25 29 15 | 04
#0157-d105 @A: 29 21 24 07 | 08
#0158-d105 @A: 14 24 30 29 | 09
#0159-d105 @A: 13 24 29 04 | 07
#0160-d105 @A: 29 17 24 05 | 11
#0161-d105 @A: 12 24 26 29 | 05
#0162-d105 @A: 24 11 29 06 | 03
#0163-d105 @A: 24 25 19 29 | 01
#0164-d105 @A: 24 01 20 29 | 02
#0165-d105 @A: 29 13 30 11 | 12
#0166-d105 @A: 30 01 29 04 | 06
#0167-d105 @A: 20 05 30 29 | 10
#0168-d105 @A: 29 26 30 17 | 04
#0169-d105 @A: 29 25 12 30 | 08
#0170-d105 @A: 19 06 30 29 | 09
#0171-d105 @A: 10 07 29 30 | 07
#0172-d105 @A: 26 05 29 13 | 11
#0173-d105 @A: 01 29 10 13 | 05
#0174-d105 @A: 29 17 23 13 | 03
#0175-d105 @A: 29 07 20 13 | 01
#0176-d105 @A: 05 29 04 19 | 02
#0177-d105 @A: 06 29 04 12 | 12
#0178-d105 @A: 10 04 29 20 | 06
#0179-d105 @A: 29 04 23 11 | 10
#0180-d105 @A: 17 04 29 07 | 04
#0181-d105 @A: 11 10 29 05 | 08
#0182-d105 @A: 05 29 07 25 | 09
#0183-d105 @A: 26 23 29 12 | 07
#0184-d105 @A: 29 26 10 25 | 11
#0185-d105 @A: 19 26 07 29 | 05
#0186-d105 @A: 10 12 19 29 | 03
#0187-d105 @A: 29 07 12 11 | 01
#0188-d105 @A: 20 29 12 17 | 02
#0189-d105 @A: 17 06 29 10 | 12
#0190-d105 @A: 07 06 29 01 | 06
#0191-d105 @A: 19 29 11 20 | 10
#0192-d105 @A: 29 07 23 19 | 04
#0193-d105 @A: 29 01 17 25 | 08
#0194-d105 @A: 24 02 34 32 | 09
#0195-d105 @A: 02 32 16 30 | 07
#0196-d105 @A: 10 31 02 32 | 11
#0197-d105 @A: 33 17 02 32 | 05
#0198-d105 @A: 04 09 32 02 | 03
#0199-d105 @A: 32 13 35 02 | 01
#0200-d105 @A: 27 32 06 02 | 02
#0201-d105 @A: 32 03 02 20 | 12
#0202-d105 @A: 32 02 11 22 | 06
#0203-d105 @A: 02 28 05 32 | 10
#0204-d105 @A: 02 26 32 18 | 04
#0205-d105 @A: 32 08 12 02 | 08
#0206-d105 @A: 25 02 15 32 | 09
#0207-d105 @A: 02 19 21 32 | 07
#0208-d105 @A: 01 02 32 14 | 11
#0209-d105 @A: 23 02 11 32 | 05
#0210-d105 @A: 01 16 32 34 | 03
#0211-d105 @A: 34 31 32 28 | 01
#0212-d105 @A: 33 19 32 34 | 02
#0213-d105 @A: 09 15 34 32 | 12
#0214-d105 @A: 34 35 32 04 | 06
#0215-d105 @A: 27 32 30 34 | 10
#0216-d105 @A: 34 03 13 32 | 04
#0217-d105 @A: 32 22 34 05 | 08
#0218-d105 @A: 25 34 32 18 | 09
#0219-d105 @A: 32 34 08 20 | 07
#0220-d105 @A: 21 32 17 34 | 11
#0221-d105 @A: 07 14 34 32 | 05
#0222-d105 @A: 11 32 26 34 | 03
#0223-d105 @A: 26 23 34 32 | 01
#0224-d105 @A: 06 32 10 34 | 02
#0225-d105 @A: 25 32 31 16 | 12
#0226-d105 @A: 32 33 16 26 | 06
#0227-d105 @A: 32 16 09 24 | 10
#0228-d105 @A: 17 32 35 16 | 04
#0229-d105 @A: 27 12 32 16 | 08
#0230-d105 @A: 03 05 16 32 | 09
#0231-d105 @A: 22 04 16 32 | 07
#0232-d105 @A: 32 07 28 16 | 11
#0233-d105 @A: 13 18 32 16 | 05
#0234-d105 @A: 32 11 16 08 | 03
#0235-d105 @A: 16 32 15 19 | 01
#0236-d105 @A: 16 21 32 06 | 02
#0237-d105 @A: 10 32 14 16 | 12
#0238-d105 @A: 23 07 16 32 | 06
#0239-d105 @A: 33 12 31 32 | 10
#0240-d105 @A: 32 31 09 07 | 04
#0241-d105 @A: 32 27 31 08 | 08
#0242-d105 @A: 31 19 32 03 | 09
#0243-d105 @A: 32 31 26 22 | 07
#0244-d105 @A: 18 32 24 31 | 11
#0245-d105 @A: 31 30 15 32 | 05
#0246-d105 @A: 32 31 21 20 | 03
#0247-d105 @A: 21 32 23 31 | 01
#0248-d105 @A: 14 13 32 31 | 02
#0249-d105 @A: 32 04 17 31 | 12
#0250-d105 @A: 06 05 31 32 | 06
#0251-d105 @A: 31 01 32 11 | 10
#0252-d105 @A: 32 09 25 33 | 04
#0253-d105 @A: 33 35 22 32 | 08
#0254-d105 @A: 24 27 33 32 | 09
#0255-d105 @A: 33 32 15 03 | 07
#0256-d105 @A: 13 28 33 32 | 11
#0257-d105 @A: 33 18 32 20 | 05
#0258-d105 @A: 08 01 33 32 | 03
#0259-d105 @A: 33 04 21 32 | 01
#0260-d105 @A: 06 14 32 33 | 02
#0261-d105 @A: 32 23 24 33 | 12
#0262-d105 @A: 10 32 33 05 | 06
#0263-d105 @A: 32 33 07 11 | 10
#0264-d105 @A: 23 33 32 25 | 04
#0265-d105 @A: 12 09 32 35 | 08
#0266-d105 @A: 09 17 32 27 | 09
#0267-d105 @A: 09 32 01 03 | 07
#0268-d105 @A: 22 32 10 09 | 11
#0269-d105 @A: 23 22 32 09 | 05
#0270-d105 @A: 32 09 20 28 | 03
#0271-d105 @A: 09 32 18 11 | 01
#0272-d105 @A: 08 32 30 09 | 02
#0273-d105 @A: 21 09 32 13 | 12
#0274-d105 @A: 09 14 26 32 | 06
#0275-d105 @A: 19 09 32 05 | 10
#0276-d105 @A: 32 27 05 35 | 04
#0277-d105 @A: 35 32 30 03 | 08
#0278-d105 @A: 32 35 26 28 | 09
#0279-d105 @A: 18 01 32 35 | 07
#0280-d105 @A: 35 06 08 32 | 11
#0281-d105 @A: 15 32 10 35 | 05
#0282-d105 @A: 32 25 35 21 | 03
#0283-d105 @A: 14 35 32 24 | 01
#0284-d105 @A: 35 12 32 23 | 02
#0285-d105 @A: 35 32 19 11 | 12
#0286-d105 @A: 35 20 32 07 | 06
#0287-d105 @A: 03 32 11 27 | 10
#0288-d105 @A: 13 27 22 32 | 04
#0289-d105 @A: 28 27 32 25 | 08
#0290-d105 @A: 18 32 15 27 | 09
#0291-d105 @A: 21 32 27 26 | 07
#0292-d105 @A: 32 14 20 27 | 11
#0293-d105 @A: 04 32 27 07 | 05
#0294-d105 @A: 27 32 01 19 | 03
#0295-d105 @A: 23 32 27 20 | 01
#0296-d105 @A: 03 28 32 06 | 02
#0297-d105 @A: 32 18 07 03 | 12
#0298-d105 @A: 32 03 24 08 | 06
#0299-d105 @A: 12 03 21 32 | 10
#0300-d105 @A: 14 03 32 25 | 04
#0301-d105 @A: 13 23 32 03 | 08
#0302-d105 @A: 10 03 32 04 | 09
#0303-d105 @A: 26 03 17 32 | 07
#0304-d105 @A: 24 32 22 28 | 11
#0305-d105 @A: 32 12 22 18 | 05
#0306-d105 @A: 08 19 32 22 | 03
#0307-d105 @A: 15 32 07 22 | 01
#0308-d105 @A: 14 21 22 32 | 02
#0309-d105 @A: 32 25 22 30 | 12
#0310-d105 @A: 06 32 20 22 | 06
#0311-d105 @A: 17 32 01 22 | 10
#0312-d105 @A: 30 28 32 18 | 04
#0313-d105 @A: 32 28 04 08 | 08
#0314-d105 @A: 28 32 12 15 | 09
#0315-d105 @A: 32 28 21 11 | 07
#0316-d105 @A: 28 14 32 19 | 11
#0317-d105 @A: 28 32 06 23 | 05
#0318-d105 @A: 32 10 28 01 | 03
#0319-d105 @A: 18 08 32 17 | 01
#0320-d105 @A: 10 32 21 18 | 02
#0321-d105 @A: 32 14 04 18 | 12
#0322-d105 @A: 32 23 04 18 | 06
#0323-d105 @A: 19 18 32 06 | 10
#0324-d105 @A: 15 08 32 26 | 04
#0325-d105 @A: 21 32 08 07 | 08
#0326-d105 @A: 32 08 14 05 | 09
#0327-d105 @A: 10 08 13 32 | 07
#0328-d105 @A: 32 01 08 23 | 11
#0329-d105 @A: 32 15 21 05 | 05
#0330-d105 @A: 14 15 32 17 | 03
#0331-d105 @A: 32 13 15 01 | 01
#0332-d105 @A: 06 15 32 04 | 02
#0333-d105 @A: 15 32 10 23 | 12
#0334-d105 @A: 20 11 32 15 | 06
#0335-d105 @A: 21 30 24 32 | 10
#0336-d105 @A: 32 12 30 14 | 04
#0337-d105 @A: 32 23 17 14 | 08
#0338-d105 @A: 24 13 32 11 | 09
#0339-d105 @A: 01 24 32 04 | 07
#0340-d105 @A: 24 05 20 32 | 11
#0341-d105 @A: 26 32 24 06 | 05
#0342-d105 @A: 24 25 12 32 | 03
#0343-d105 @A: 10 24 07 32 | 01
#0344-d105 @A: 32 24 19 17 | 02
#0345-d105 @A: 04 13 32 30 | 12
#0346-d105 @A: 11 30 05 32 | 06
#0347-d105 @A: 10 32 26 30 | 10
#0348-d105 @A: 01 06 32 30 | 04
#0349-d105 @A: 32 19 30 07 | 08
#0350-d105 @A: 20 30 17 32 | 09
#0351-d105 @A: 25 05 13 32 | 07
#0352-d105 @A: 32 13 20 26 | 11
#0353-d105 @A: 17 32 12 13 | 05
#0354-d105 @A: 32 06 07 13 | 03
#0355-d105 @A: 32 12 05 04 | 01
#0356-d105 @A: 25 11 32 04 | 02
#0357-d105 @A: 20 04 19 32 | 12
#0358-d105 @A: 05 26 32 01 | 06
#0359-d105 @A: 05 19 32 23 | 10
#0360-d105 @A: 17 07 05 32 | 04
#0361-d105 @A: 26 19 12 32 | 08
#0362-d105 @A: 07 32 26 25 | 09
#0363-d105 @A: 12 32 11 06 | 07
#0364-d105 @A: 20 12 32 10 | 11
#0365-d105 @A: 01 12 07 32 | 05
#0366-d105 @A: 32 25 17 06 | 03
#0367-d105 @A: 17 10 11 32 | 01
#0368-d105 @A: 25 19 10 32 | 02
#0369-d105 @A: 01 32 25 20 | 12
#0370-d105 @A: 18 34 02 16 | 06
#0371-d105 @A: 11 02 34 31 | 10
#0372-d105 @A: 20 33 02 34 | 04
#0373-d105 @A: 09 02 06 34 | 08
#0374-d105 @A: 35 25 02 34 | 09
#0375-d105 @A: 34 08 02 27 | 07
#0376-d105 @A: 27 23 34 02 | 11
#0377-d105 @A: 34 01 02 03 | 05
#0378-d105 @A: 22 34 02 10 | 03
#0379-d105 @A: 34 17 28 02 | 01
#0380-d105 @A: 02 34 05 15 | 02
#0381-d105 @A: 21 02 14 34 | 12
#0382-d105 @A: 34 04 02 13 | 06
#0383-d105 @A: 19 02 26 34 | 10
#0384-d105 @A: 07 12 02 34 | 04
#0385-d105 @A: 02 17 31 16 | 08
#0386-d105 @A: 02 33 19 16 | 09
#0387-d105 @A: 16 05 02 09 | 07
#0388-d105 @A: 26 16 35 02 | 11
#0389-d105 @A: 16 02 28 27 | 05
#0390-d105 @A: 03 16 02 07 | 03
#0391-d105 @A: 22 16 02 25 | 01
#0392-d105 @A: 02 16 13 08 | 02
#0393-d105 @A: 15 20 02 16 | 12
#0394-d105 @A: 02 21 16 11 | 06
#0395-d105 @A: 02 14 04 16 | 10
#0396-d105 @A: 02 24 01 16 | 04
#0397-d105 @A: 23 02 16 13 | 08
#0398-d105 @A: 02 12 06 16 | 09
#0399-d105 @A: 31 13 33 02 | 07
#0400-d105 @A: 20 02 31 09 | 11
#0401-d105 @A: 02 31 09 23 | 05
#0402-d105 @A: 31 35 02 06 | 03
#0403-d105 @A: 31 02 26 27 | 01
#0404-d105 @A: 03 25 02 31 | 02
#0405-d105 @A: 22 02 28 31 | 12
#0406-d105 @A: 18 02 30 31 | 06
#0407-d105 @A: 07 31 02 08 | 10
#0408-d105 @A: 31 15 02 12 | 04
#0409-d105 @A: 21 31 02 01 | 08
#0410-d105 @A: 14 31 24 02 | 09
#0411-d105 @A: 02 31 05 19 | 07
#0412-d105 @A: 02 33 35 30 | 11
#0413-d105 @A: 02 10 33 27 | 05
#0414-d105 @A: 26 33 03 02 | 03
#0415-d105 @A: 02 22 04 33 | 01
#0416-d105 @A: 02 28 33 11 | 02
#0417-d105 @A: 33 12 18 02 | 12
#0418-d105 @A: 08 02 33 06 | 06
#0419-d105 @A: 02 15 33 24 | 10
#0420-d105 @A: 33 21 02 25 | 04
#0421-d105 @A: 14 33 05 02 | 08
#0422-d105 @A: 30 02 33 23 | 09
#0423-d105 @A: 02 33 01 07 | 07
#0424-d105 @A: 35 09 01 02 | 11
#0425-d105 @A: 11 09 27 02 | 05
#0426-d105 @A: 02 17 03 09 | 03
#0427-d105 @A: 15 02 22 09 | 01
#0428-d105 @A: 02 28 09 13 | 02
#0429-d105 @A: 18 08 09 02 | 12
#0430-d105 @A: 26 09 21 02 | 06
#0431-d105 @A: 10 14 02 09 | 10
#0432-d105 @A: 24 02 09 12 | 04
#0433-d105 @A: 19 09 30 02 | 08
#0434-d105 @A: 09 07 25 02 | 09
#0435-d105 @A: 02 12 27 35 | 07
#0436-d105 @A: 24 03 02 35 | 11
#0437-d105 @A: 19 35 02 22 | 05
#0438-d105 @A: 04 02 28 35 | 03
#0439-d105 @A: 02 17 18 35 | 01
#0440-d105 @A: 10 02 08 35 | 02
#0441-d105 @A: 35 02 08 23 | 12
#0442-d105 @A: 35 02 11 15 | 06
#0443-d105 @A: 02 21 35 05 | 10
#0444-d105 @A: 35 14 02 07 | 04
#0445-d105 @A: 04 27 02 03 | 08
#0446-d105 @A: 27 02 20 22 | 09
#0447-d105 @A: 27 13 18 02 | 07
#0448-d105 @A: 02 27 15 07 | 11
#0449-d105 @A: 02 21 24 27 | 05
#0450-d105 @A: 02 19 14 27 | 03
#0451-d105 @A: 30 27 02 01 | 01
#0452-d105 @A: 02 17 27 25 | 02
#0453-d105 @A: 22 12 02 03 | 12
#0454-d105 @A: 19 18 02 03 | 06
#0455-d105 @A: 08 02 03 11 | 10
#0456-d105 @A: 03 02 15 13 | 04
#0457-d105 @A: 10 02 03 21 | 08
#0458-d105 @A: 06 03 14 02 | 09
#0459-d105 @A: 02 03 23 24 | 07
#0460-d105 @A: 02 03 30 05 | 11
#0461-d105 @A: 22 02 01 18 | 05
#0462-d105 @A: 22 30 02 08 | 03
#0463-d105 @A: 02 06 21 22 | 01
#0464-d105 @A: 02 22 26 14 | 02
#0465-d105 @A: 02 22 17 24 | 12
#0466-d105 @A: 05 02 07 22 | 06
#0467-d105 @A: 22 02 20 23 | 10
#0468-d105 @A: 18 20 02 28 | 04
#0469-d105 @A: 01 28 02 08 | 08
#0470-d105 @A: 15 28 06 02 | 09
#0471-d105 @A: 28 30 21 02 | 07
#0472-d105 @A: 12 14 28 02 | 11
#0473-d105 @A: 19 28 02 24 | 05
#0474-d105 @A: 02 23 28 05 | 03
#0475-d105 @A: 28 02 26 25 | 01
#0476-d105 @A: 02 07 10 28 | 02
#0477-d105 @A: 02 04 18 15 | 12
#0478-d105 @A: 18 07 02 21 | 06
#0479-d105 @A: 18 14 25 02 | 10
#0480-d105 @A: 18 14 23 02 | 04
#0481-d105 @A: 18 06 24 02 | 08
#0482-d105 @A: 02 05 18 10 | 09
#0483-d105 @A: 15 19 02 08 | 07
#0484-d105 @A: 08 21 04 02 | 11
#0485-d105 @A: 20 14 02 08 | 05
#0486-d105 @A: 08 02 05 25 | 03
#0487-d105 @A: 26 08 17 02 | 01
#0488-d105 @A: 21 02 17 15 | 02
#0489-d105 @A: 14 30 02 15 | 12
#0490-d105 @A: 01 15 10 02 | 06
#0491-d105 @A: 23 02 17 15 | 10
#0492-d105 @A: 21 14 02 23 | 04
#0493-d105 @A: 13 02 20 21 | 08
#0494-d105 @A: 02 13 14 11 | 09
#0495-d105 @A: 30 02 24 11 | 07
#0496-d105 @A: 10 13 02 24 | 11
#0497-d105 @A: 25 02 04 24 | 05
#0498-d105 @A: 05 26 02 24 | 03
#0499-d105 @A: 24 07 02 20 | 01
#0500-d105 @A: 30 13 02 25 | 02
#0501-d105 @A: 04 10 02 30 | 12
#0502-d105 @A: 26 30 02 20 | 06
#0503-d105 @A: 30 12 02 17 | 10
#0504-d105 @A: 30 02 07 06 | 04
#0505-d105 @A: 17 13 05 02 | 08
#0506-d105 @A: 13 12 26 02 | 09
#0507-d105 @A: 02 06 13 01 | 07
#0508-d105 @A: 13 02 19 07 | 11
#0509-d105 @A: 04 01 02 05 | 05
#0510-d105 @A: 26 07 02 04 | 03
#0511-d105 @A: 04 19 12 02 | 01
#0512-d105 @A: 12 04 02 23 | 02
#0513-d105 @A: 17 04 02 06 | 12
#0514-d105 @A: 11 02 20 04 | 06
#0515-d105 @A: 12 05 02 20 | 10
#0516-d105 @A: 05 11 06 02 | 04
#0517-d105 @A: 10 02 06 26 | 08
#0518-d105 @A: 26 02 11 01 | 09
#0519-d105 @A: 26 25 23 02 | 07
#0520-d105 @A: 11 12 02 10 | 11
#0521-d105 @A: 02 01 25 12 | 05
#0522-d105 @A: 06 02 20 19 | 03
#0523-d105 @A: 23 06 02 07 | 01
#0524-d105 @A: 02 17 10 19 | 02
#0525-d105 @A: 02 10 19 23 | 12
#0526-d105 @A: 02 20 25 10 | 06
#0527-d105 @A: 19 11 25 02 | 10
#0528-d105 @A: 11 17 07 02 | 04
#0529-d105 @A: 02 17 20 01 | 08
#0530-d105 @A: 31 16 34 26 | 09
#0531-d105 @A: 13 33 34 16 | 07
#0532-d105 @A: 16 34 09 27 | 11
#0533-d105 @A: 16 11 35 34 | 05
#0534-d105 @A: 16 03 34 24 | 03
#0535-d105 @A: 17 22 16 34 | 01
#0536-d105 @A: 28 05 16 34 | 02
#0537-d105 @A: 34 08 04 16 | 12
#0538-d105 @A: 08 34 16 23 | 06
#0539-d105 @A: 34 15 07 16 | 10
#0540-d105 @A: 21 16 34 10 | 04
#0541-d105 @A: 34 12 16 14 | 08
#0542-d105 @A: 30 34 16 06 | 09
#0543-d105 @A: 20 34 16 25 | 07
#0544-d105 @A: 31 33 34 04 | 11
#0545-d105 @A: 34 17 09 31 | 05
#0546-d105 @A: 35 31 07 34 | 03
#0547-d105 @A: 31 01 27 34 | 01
#0548-d105 @A: 31 34 10 03 | 02
#0549-d105 @A: 31 30 34 22 | 12
#0550-d105 @A: 18 12 31 34 | 06
#0551-d105 @A: 31 34 13 08 | 10
#0552-d105 @A: 15 34 19 31 | 04
#0553-d105 @A: 31 06 34 21 | 08
#0554-d105 @A: 14 34 25 31 | 09
#0555-d105 @A: 24 31 20 34 | 07
#0556-d105 @A: 31 23 34 05 | 11
#0557-d105 @A: 35 33 34 09 | 05
#0558-d105 @A: 33 34 27 26 | 03
#0559-d105 @A: 03 34 07 33 | 01
#0560-d105 @A: 34 01 33 22 | 02
#0561-d105 @A: 33 28 06 34 | 12
#0562-d105 @A: 05 34 33 18 | 06
#0563-d105 @A: 33 12 34 08 | 10
#0564-d105 @A: 15 34 33 30 | 04
#0565-d105 @A: 34 33 23 15 | 08
#0566-d105 @A: 24 33 34 21 | 09
#0567-d105 @A: 34 14 33 17 | 07
#0568-d105 @A: 25 34 11 33 | 11
#0569-d105 @A: 03 09 05 34 | 05
#0570-d105 @A: 09 03 34 23 | 03
#0571-d105 @A: 34 22 09 11 | 01
#0572-d105 @A: 09 34 04 28 | 02
#0573-d105 @A: 18 34 09 20 | 12
#0574-d105 @A: 09 01 34 08 | 06
#0575-d105 @A: 34 21 25 09 | 10
#0576-d105 @A: 09 19 14 34 | 04
#0577-d105 @A: 24 09 26 34 | 08
#0578-d105 @A: 09 34 30 07 | 09
#0579-d105 @A: 09 12 34 10 | 07
#0580-d105 @A: 24 27 35 34 | 11
#0581-d105 @A: 35 28 03 34 | 05
#0582-d105 @A: 34 35 26 22 | 03
#0583-d105 @A: 35 34 10 18 | 01
#0584-d105 @A: 34 05 08 35 | 02
#0585-d105 @A: 15 35 13 34 | 12
#0586-d105 @A: 21 19 35 34 | 06
#0587-d105 @A: 14 34 06 35 | 10
#0588-d105 @A: 35 34 30 17 | 04
#0589-d105 @A: 20 34 12 35 | 08
#0590-d105 @A: 35 17 23 34 | 09
#0591-d105 @A: 12 34 03 27 | 07
#0592-d105 @A: 27 34 25 22 | 11
#0593-d105 @A: 34 28 11 27 | 05
#0594-d105 @A: 04 34 18 27 | 03
#0595-d105 @A: 34 27 06 15 | 01
#0596-d105 @A: 27 21 05 34 | 02
#0597-d105 @A: 13 27 34 14 | 12
#0598-d105 @A: 20 10 27 34 | 06
#0599-d105 @A: 34 19 27 17 | 10
#0600-d105 @A: 06 22 03 34 | 04
#0601-d105 @A: 03 34 17 18 | 08
#0602-d105 @A: 03 08 19 34 | 09
#0603-d105 @A: 03 15 04 34 | 07
#0604-d105 @A: 34 03 30 21 | 11
#0605-d105 @A: 11 03 34 14 | 05
#0606-d105 @A: 20 03 34 26 | 03
#0607-d105 @A: 13 34 28 22 | 01
#0608-d105 @A: 34 19 18 22 | 02
#0609-d105 @A: 08 07 34 22 | 12
#0610-d105 @A: 22 34 24 15 | 06
#0611-d105 @A: 12 34 22 21 | 10
#0612-d105 @A: 20 14 22 34 | 04
#0613-d105 @A: 04 22 23 34 | 08
#0614-d105 @A: 28 18 34 08 | 09
#0615-d105 @A: 15 01 28 34 | 07
#0616-d105 @A: 07 34 21 28 | 11
#0617-d105 @A: 28 14 34 24 | 05
#0618-d105 @A: 34 23 24 28 | 03
#0619-d105 @A: 34 28 30 26 | 01
#0620-d105 @A: 12 28 34 25 | 02
#0621-d105 @A: 19 28 34 10 | 12
#0622-d105 @A: 26 34 18 15 | 06
#0623-d105 @A: 18 13 21 34 | 10
#0624-d105 @A: 01 34 18 14 | 04
#0625-d105 @A: 11 30 18 34 | 08
#0626-d105 @A: 34 07 18 06 | 09
#0627-d105 @A: 18 23 11 34 | 07
#0628-d105 @A: 08 15 34 25 | 11
#0629-d105 @A: 21 08 34 26 | 05
#0630-d105 @A: 08 30 34 14 | 03
#0631-d105 @A: 11 24 34 08 | 01
#0632-d105 @A: 08 34 10 17 | 02
#0633-d105 @A: 20 21 15 34 | 12
#0634-d105 @A: 10 15 34 14 | 06
#0635-d105 @A: 34 12 15 11 | 10
#0636-d105 @A: 04 34 21 01 | 04
#0637-d105 @A: 23 34 21 07 | 08
#0638-d105 @A: 23 13 14 34 | 09
#0639-d105 @A: 05 04 14 34 | 07
#0640-d105 @A: 01 24 30 34 | 11
#0641-d105 @A: 34 25 13 24 | 05
#0642-d105 @A: 24 10 04 34 | 03
#0643-d105 @A: 05 19 24 34 | 01
#0644-d105 @A: 12 34 06 24 | 02
#0645-d105 @A: 34 07 17 24 | 12
#0646-d105 @A: 30 13 10 34 | 06
#0647-d105 @A: 04 34 25 30 | 10
#0648-d105 @A: 30 04 34 23 | 04
#0649-d105 @A: 05 12 34 30 | 08
#0650-d105 @A: 34 30 19 20 | 09
#0651-d105 @A: 05 34 13 01 | 07
#0652-d105 @A: 26 13 07 34 | 11
#0653-d105 @A: 19 12 13 34 | 05
#0654-d105 @A: 13 06 34 17 | 03
#0655-d105 @A: 20 34 11 13 | 01
#0656-d105 @A: 34 04 26 12 | 02
#0657-d105 @A: 04 34 06 11 | 12
#0658-d105 @A: 07 34 04 19 | 06
#0659-d105 @A: 20 34 04 17 | 10
#0660-d105 @A: 34 05 06 26 | 04
#0661-d105 @A: 10 25 34 05 | 08
#0662-d105 @A: 17 34 11 05 | 09
#0663-d105 @A: 05 07 34 20 | 07
#0664-d105 @A: 34 10 01 26 | 11
#0665-d105 @A: 17 25 34 26 | 05
#0666-d105 @A: 34 23 25 12 | 03
#0667-d105 @A: 34 12 17 01 | 01
#0668-d105 @A: 19 34 06 25 | 02
#0669-d105 @A: 01 06 20 34 | 12
#0670-d105 @A: 06 23 20 34 | 06
#0671-d105 @A: 07 10 34 11 | 10
#0672-d105 @A: 01 11 19 34 | 04
#0673-d105 @A: 23 19 34 01 | 08
#0674-d105 @A: 07 25 34 01 | 09
#0675-d105 @A: 31 07 33 16 | 07
#0676-d105 @A: 31 09 16 10 | 11
#0677-d105 @A: 16 05 35 31 | 05
#0678-d105 @A: 16 13 31 27 | 03
#0679-d105 @A: 31 16 03 04 | 01
#0680-d105 @A: 08 31 22 16 | 02
#0681-d105 @A: 23 31 16 22 | 12
#0682-d105 @A: 28 31 11 16 | 06
#0683-d105 @A: 16 31 01 18 | 10
#0684-d105 @A: 24 31 16 15 | 04
#0685-d105 @A: 16 31 21 30 | 08
#0686-d105 @A: 31 14 20 16 | 09
#0687-d105 @A: 19 31 16 06 | 07
#0688-d105 @A: 33 09 12 16 | 11
#0689-d105 @A: 35 18 16 33 | 05
#0690-d105 @A: 27 33 30 16 | 03
#0691-d105 @A: 17 33 16 03 | 01
#0692-d105 @A: 05 16 22 33 | 02
#0693-d105 @A: 04 33 16 28 | 12
#0694-d105 @A: 15 16 11 33 | 06
#0695-d105 @A: 20 33 16 21 | 10
#0696-d105 @A: 16 33 24 14 | 04
#0697-d105 @A: 23 33 12 16 | 08
#0698-d105 @A: 06 33 16 10 | 09
#0699-d105 @A: 25 33 16 01 | 07
#0700-d105 @A: 35 04 16 09 | 11
#0701-d105 @A: 16 03 09 19 | 05
#0702-d105 @A: 16 09 30 22 | 03
#0703-d105 @A: 08 09 28 16 | 01
#0704-d105 @A: 06 18 16 09 | 02
#0705-d105 @A: 15 09 16 26 | 12
#0706-d105 @A: 16 09 21 17 | 06
#0707-d105 @A: 14 11 16 09 | 10
#0708-d105 @A: 09 13 16 25 | 04
#0709-d105 @A: 23 04 09 16 | 08
#0710-d105 @A: 20 16 09 07 | 09
#0711-d105 @A: 35 27 16 06 | 07
#0712-d105 @A: 35 12 03 16 | 11
#0713-d105 @A: 16 35 24 22 | 05
#0714-d105 @A: 10 28 16 35 | 03
#0715-d105 @A: 08 20 16 35 | 01
#0716-d105 @A: 16 15 25 35 | 02
#0717-d105 @A: 35 16 01 21 | 12
#0718-d105 @A: 16 35 19 14 | 06
#0719-d105 @A: 30 35 13 16 | 10
#0720-d105 @A: 35 16 23 20 | 04
#0721-d105 @A: 27 16 03 25 | 08
#0722-d105 @A: 22 27 19 16 | 09
#0723-d105 @A: 20 27 16 18 | 07
#0724-d105 @A: 23 27 18 16 | 11
#0725-d105 @A: 27 08 01 16 | 05
#0726-d105 @A: 16 15 27 04 | 03
#0727-d105 @A: 27 21 16 14 | 01
#0728-d105 @A: 24 26 27 16 | 02
#0729-d105 @A: 16 11 05 27 | 12
#0730-d105 @A: 10 16 07 27 | 06
#0731-d105 @A: 22 10 16 03 | 10
#0732-d105 @A: 03 20 28 16 | 04
#0733-d105 @A: 11 18 03 16 | 08
#0734-d105 @A: 06 08 03 16 | 09
#0735-d105 @A: 01 03 15 16 | 07
#0736-d105 @A: 03 21 26 16 | 11
#0737-d105 @A: 14 16 13 03 | 05
#0738-d105 @A: 19 03 23 16 | 03
#0739-d105 @A: 06 28 22 16 | 01
#0740-d105 @A: 18 22 15 16 | 02
#0741-d105 @A: 22 21 16 07 | 12
#0742-d105 @A: 16 22 01 14 | 06
#0743-d105 @A: 16 13 22 26 | 10
#0744-d105 @A: 20 16 22 12 | 04
#0745-d105 @A: 28 17 16 18 | 08
#0746-d105 @A: 15 30 16 28 | 09
#0747-d105 @A: 25 21 16 28 | 07
#0748-d105 @A: 16 14 26 28 | 11
#0749-d105 @A: 28 13 16 19 | 05
#0750-d105 @A: 28 01 16 12 | 03
#0751-d105 @A: 08 05 16 18 | 01
#0752-d105 @A: 18 24 16 21 | 02
#0753-d105 @A: 16 30 14 18 | 12
#0754-d105 @A: 16 19 18 26 | 06
#0755-d105 @A: 10 16 12 18 | 10
#0756-d105 @A: 16 18 07 25 | 04
#0757-d105 @A: 08 16 15 17 | 08
#0758-d105 @A: 08 21 19 16 | 09
#0759-d105 @A: 08 07 14 16 | 07
#0760-d105 @A: 16 12 24 08 | 11
#0761-d105 @A: 08 30 16 10 | 05
#0762-d105 @A: 25 16 26 08 | 03
#0763-d105 @A: 12 15 16 21 | 01
#0764-d105 @A: 14 15 06 16 | 02
#0765-d105 @A: 23 16 15 24 | 12
#0766-d105 @A: 13 10 16 15 | 06
#0767-d105 @A: 04 21 05 16 | 10
#0768-d105 @A: 21 23 16 06 | 04
#0769-d105 @A: 14 16 05 17 | 08
#0770-d105 @A: 16 14 23 05 | 09
#0771-d105 @A: 30 24 20 16 | 07
#0772-d105 @A: 17 24 13 16 | 11
#0773-d105 @A: 24 19 04 16 | 05
#0774-d105 @A: 16 24 07 05 | 03
#0775-d105 @A: 25 06 24 16 | 01
#0776-d105 @A: 10 24 16 11 | 02
#0777-d105 @A: 04 12 16 30 | 12
#0778-d105 @A: 16 30 05 25 | 06
#0779-d105 @A: 01 26 30 16 | 10
#0780-d105 @A: 06 23 16 30 | 04
#0781-d105 @A: 30 19 16 11 | 08
#0782-d105 @A: 16 07 30 17 | 09
#0783-d105 @A: 01 16 13 04 | 07
#0784-d105 @A: 05 13 20 16 | 11
#0785-d105 @A: 07 16 12 13 | 05
#0786-d105 @A: 06 16 11 13 | 03
#0787-d105 @A: 26 20 04 16 | 01
#0788-d105 @A: 04 07 16 06 | 02
#0789-d105 @A: 10 25 16 04 | 12
#0790-d105 @A: 04 16 17 11 | 06
#0791-d105 @A: 10 05 26 16 | 10
#0792-d105 @A: 19 05 12 16 | 04
#0793-d105 @A: 05 16 01 06 | 08
#0794-d105 @A: 17 12 26 16 | 09
#0795-d105 @A: 11 16 07 26 | 07
#0796-d105 @A: 26 01 16 23 | 11
#0797-d105 @A: 11 12 25 16 | 05
#0798-d105 @A: 17 20 16 06 | 03
#0799-d105 @A: 10 19 20 16 | 01
#0800-d105 @A: 16 23 10 25 | 02
#0801-d105 @A: 16 17 10 01 | 12
#0802-d105 @A: 23 16 17 11 | 06
#0803-d105 @A: 16 20 01 11 | 10
#0804-d105 @A: 19 25 17 16 | 04
#0805-d105 @A: 16 07 19 01 | 08
#0806-d105 @A: 31 09 30 33 | 09
#0807-d105 @A: 33 26 31 35 | 07
#0808-d105 @A: 31 35 33 23 | 11
#0809-d105 @A: 31 20 27 33 | 05
#0810-d105 @A: 03 22 31 33 | 03
#0811-d105 @A: 33 31 28 10 | 01
#0812-d105 @A: 11 31 18 33 | 02
#0813-d105 @A: 08 33 19 31 | 12
#0814-d105 @A: 31 05 33 21 | 06
#0815-d105 @A: 33 31 01 14 | 10
#0816-d105 @A: 06 24 31 33 | 04
#0817-d105 @A: 31 33 25 17 | 08
#0818-d105 @A: 35 31 09 13 | 09
#0819-d105 @A: 31 27 09 25 | 07
#0820-d105 @A: 09 03 06 31 | 11
#0821-d105 @A: 31 09 22 19 | 05
#0822-d105 @A: 09 12 31 28 | 03
#0823-d105 @A: 31 09 18 26 | 01
#0824-d105 @A: 08 04 09 31 | 02
#0825-d105 @A: 09 15 31 01 | 12
#0826-d105 @A: 09 31 24 21 | 06
#0827-d105 @A: 14 09 05 31 | 10
#0828-d105 @A: 11 27 31 35 | 04
#0829-d105 @A: 03 31 35 15 | 08
#0830-d105 @A: 22 10 35 31 | 09
#0831-d105 @A: 31 28 24 35 | 07
#0832-d105 @A: 18 35 31 25 | 11
#0833-d105 @A: 08 31 35 12 | 05
#0834-d105 @A: 17 21 35 31 | 03
#0835-d105 @A: 35 14 31 04 | 01
#0836-d105 @A: 31 01 35 30 | 02
#0837-d105 @A: 19 35 20 31 | 12
#0838-d105 @A: 35 23 31 01 | 06
#0839-d105 @A: 27 05 31 03 | 10
#0840-d105 @A: 31 22 12 27 | 04
#0841-d105 @A: 31 27 28 07 | 08
#0842-d105 @A: 27 18 31 06 | 09
#0843-d105 @A: 31 15 27 10 | 07
#0844-d105 @A: 31 19 21 27 | 11
#0845-d105 @A: 14 31 27 17 | 05
#0846-d105 @A: 04 27 24 31 | 03
#0847-d105 @A: 31 30 27 23 | 01
#0848-d105 @A: 31 03 28 17 | 02
#0849-d105 @A: 31 18 13 03 | 12
#0850-d105 @A: 20 03 08 31 | 06
#0851-d105 @A: 21 03 31 07 | 10
#0852-d105 @A: 31 12 03 14 | 04
#0853-d105 @A: 01 24 03 31 | 08
#0854-d105 @A: 30 31 11 03 | 09
#0855-d105 @A: 31 03 23 04 | 07
#0856-d105 @A: 22 18 31 07 | 11
#0857-d105 @A: 22 25 15 31 | 05
#0858-d105 @A: 31 22 11 21 | 03
#0859-d105 @A: 22 06 31 14 | 01
#0860-d105 @A: 13 17 22 31 | 02
#0861-d105 @A: 04 20 31 22 | 12
#0862-d105 @A: 05 31 22 01 | 06
#0863-d105 @A: 05 18 31 28 | 10
#0864-d105 @A: 08 31 26 28 | 04
#0865-d105 @A: 31 28 20 15 | 08
#0866-d105 @A: 21 28 13 31 | 09
#0867-d105 @A: 30 31 28 14 | 07
#0868-d105 @A: 04 31 28 19 | 11
#0869-d105 @A: 25 01 28 31 | 05
#0870-d105 @A: 17 28 23 31 | 03
#0871-d105 @A: 31 10 08 18 | 01
#0872-d105 @A: 18 17 31 15 | 02
#0873-d105 @A: 23 31 18 15 | 12
#0874-d105 @A: 04 21 31 18 | 06
#0875-d105 @A: 31 14 19 18 | 10
#0876-d105 @A: 08 15 31 06 | 04
#0877-d105 @A: 21 08 25 31 | 08
#0878-d105 @A: 31 08 11 14 | 09
#0879-d105 @A: 31 05 08 24 | 07
#0880-d105 @A: 08 31 17 30 | 11
#0881-d105 @A: 31 08 23 06 | 05
#0882-d105 @A: 21 15 14 31 | 03
#0883-d105 @A: 31 05 13 15 | 01
#0884-d105 @A: 15 11 31 04 | 02
#0885-d105 @A: 26 15 07 31 | 12
#0886-d105 @A: 31 26 12 21 | 06
#0887-d105 @A: 31 10 14 26 | 10
#0888-d105 @A: 31 14 26 23 | 04
#0889-d105 @A: 31 30 26 24 | 08
#0890-d105 @A: 12 24 13 31 | 09
#0891-d105 @A: 31 24 25 10 | 07
#0892-d105 @A: 31 10 24 23 | 11
#0893-d105 @A: 17 24 11 31 | 05
#0894-d105 @A: 24 07 19 31 | 03
#0895-d105 @A: 30 13 31 20 | 01
#0896-d105 @A: 31 04 30 06 | 02
#0897-d105 @A: 05 30 10 31 | 12
#0898-d105 @A: 19 30 31 12 | 06
#0899-d105 @A: 31 07 25 30 | 10
#0900-d105 @A: 04 07 31 13 | 04
#0901-d105 @A: 13 26 11 31 | 08
#0902-d105 @A: 31 06 13 10 | 09
#0903-d105 @A: 31 19 13 01 | 07
#0904-d105 @A: 23 07 13 31 | 11
#0905-d105 @A: 31 05 26 04 | 05
#0906-d105 @A: 04 31 25 12 | 03
#0907-d105 @A: 04 31 01 10 | 01
#0908-d105 @A: 05 12 31 17 | 02
#0909-d105 @A: 11 31 05 07 | 12
#0910-d105 @A: 05 25 31 20 | 06
#0911-d105 @A: 17 31 26 06 | 10
#0912-d105 @A: 26 25 31 19 | 04
#0913-d105 @A: 31 01 26 20 | 08
#0914-d105 @A: 01 12 06 31 | 09
#0915-d105 @A: 12 10 07 31 | 07
#0916-d105 @A: 12 20 11 31 | 11
#0917-d105 @A: 12 19 31 23 | 05
#0918-d105 @A: 11 25 06 31 | 03
#0919-d105 @A: 07 06 20 31 | 01
#0920-d105 @A: 19 11 31 10 | 02
#0921-d105 @A: 10 17 31 20 | 12
#0922-d105 @A: 23 31 11 25 | 06
#0923-d105 @A: 07 01 17 31 | 10
#0924-d105 @A: 01 27 33 09 | 04
#0925-d105 @A: 33 11 09 03 | 08
#0926-d105 @A: 22 17 33 09 | 09
#0927-d105 @A: 28 33 26 09 | 07
#0928-d105 @A: 18 09 19 33 | 11
#0929-d105 @A: 09 08 33 20 | 05
#0930-d105 @A: 33 09 06 15 | 03
#0931-d105 @A: 33 10 21 09 | 01
#0932-d105 @A: 33 09 14 13 | 02
#0933-d105 @A: 09 05 33 24 | 12
#0934-d105 @A: 07 04 09 33 | 06
#0935-d105 @A: 19 09 33 23 | 10
#0936-d105 @A: 35 27 33 25 | 04
#0937-d105 @A: 33 35 03 10 | 08
#0938-d105 @A: 28 33 19 35 | 09
#0939-d105 @A: 33 08 24 35 | 07
#0940-d105 @A: 35 33 07 15 | 11
#0941-d105 @A: 33 35 21 13 | 05
#0942-d105 @A: 11 14 33 35 | 03
#0943-d105 @A: 33 35 06 04 | 01
#0944-d105 @A: 35 20 05 33 | 02
#0945-d105 @A: 33 17 35 01 | 12
#0946-d105 @A: 06 27 33 03 | 06
#0947-d105 @A: 22 11 33 27 | 10
#0948-d105 @A: 28 27 33 12 | 04
#0949-d105 @A: 33 27 28 23 | 08
#0950-d105 @A: 27 17 33 18 | 09
#0951-d105 @A: 27 05 33 08 | 07
#0952-d105 @A: 15 27 33 13 | 11
#0953-d105 @A: 07 33 27 21 | 05
#0954-d105 @A: 27 04 33 14 | 03
#0955-d105 @A: 28 03 05 33 | 01
#0956-d105 @A: 03 30 18 33 | 02
#0957-d105 @A: 03 25 33 08 | 12
#0958-d105 @A: 33 14 21 03 | 06
#0959-d105 @A: 03 01 13 33 | 10
#0960-d105 @A: 04 20 33 03 | 04
#0961-d105 @A: 05 23 03 33 | 08
#0962-d105 @A: 03 12 19 33 | 09
#0963-d105 @A: 22 28 20 33 | 07
#0964-d105 @A: 10 22 18 33 | 11
#0965-d105 @A: 22 33 08 26 | 05
#0966-d105 @A: 15 33 22 12 | 03
#0967-d105 @A: 22 19 21 33 | 01
#0968-d105 @A: 30 33 14 22 | 02
#0969-d105 @A: 33 13 24 22 | 12
#0970-d105 @A: 33 06 07 22 | 06
#0971-d105 @A: 24 33 18 28 | 10
#0972-d105 @A: 30 08 28 33 | 04
#0973-d105 @A: 28 17 33 15 | 08
#0974-d105 @A: 33 28 21 01 | 09
#0975-d105 @A: 14 25 33 28 | 07
#0976-d105 @A: 08 13 18 33 | 11
#0977-d105 @A: 01 15 18 33 | 05
#0978-d105 @A: 21 33 18 06 | 03
#0979-d105 @A: 18 14 33 07 | 01
#0980-d105 @A: 33 04 25 18 | 02
#0981-d105 @A: 07 23 33 18 | 12
#0982-d105 @A: 04 08 15 33 | 06
#0983-d105 @A: 33 21 11 08 | 10
#0984-d105 @A: 33 14 08 10 | 04
#0985-d105 @A: 33 23 14 08 | 08
#0986-d105 @A: 08 17 33 07 | 09
#0987-d105 @A: 15 21 26 33 | 07
#0988-d105 @A: 15 14 33 19 | 11
#0989-d105 @A: 25 33 15 05 | 05
#0990-d105 @A: 20 15 33 10 | 03
#0991-d105 @A: 12 21 30 33 | 01
#0992-d105 @A: 11 33 23 21 | 02
#0993-d105 @A: 14 33 26 12 | 12
#0994-d105 @A: 30 25 24 33 | 06
#0995-d105 @A: 24 04 26 33 | 10
#0996-d105 @A: 33 24 12 07 | 04
#0997-d105 @A: 24 19 33 10 | 08
#0998-d105 @A: 33 24 01 11 | 09
#0999-d105 @A: 20 33 17 24 | 07
#1000-d105 @A: 30 17 13 33 | 11
#1001-d105 @A: 30 33 04 05 | 05
#1002-d105 @A: 19 33 26 30 | 03
#1003-d105 @A: 06 30 33 11 | 01
#1004-d105 @A: 33 10 30 01 | 02
#1005-d105 @A: 07 20 30 33 | 12
#1006-d105 @A: 33 19 13 04 | 06
#1007-d105 @A: 33 05 07 13 | 10
#1008-d105 @A: 25 26 13 33 | 04
#1009-d105 @A: 12 13 33 20 | 08
#1010-d105 @A: 11 33 13 10 | 09
#1011-d105 @A: 33 10 23 13 | 07
#1012-d105 @A: 04 33 23 26 | 11
#1013-d105 @A: 04 33 12 01 | 05
#1014-d105 @A: 17 10 33 04 | 03
#1015-d105 @A: 26 17 33 05 | 01
#1016-d105 @A: 05 12 33 11 | 02
#1017-d105 @A: 06 05 33 19 | 12
#1018-d105 @A: 06 26 33 01 | 06
#1019-d105 @A: 33 26 07 10 | 10
#1020-d105 @A: 33 11 20 26 | 04
#1021-d105 @A: 17 12 33 06 | 08
#1022-d105 @A: 25 33 10 12 | 09
#1023-d105 @A: 33 06 25 20 | 07
#1024-d105 @A: 23 33 06 01 | 11
#1025-d105 @A: 11 17 19 33 | 05
#1026-d105 @A: 33 25 19 07 | 03
#1027-d105 @A: 20 01 19 33 | 01
#1028-d105 @A: 20 17 33 23 | 02
#1029-d105 @A: 10 09 35 27 | 12
#1030-d105 @A: 35 26 09 03 | 06
#1031-d105 @A: 22 06 09 35 | 10
#1032-d105 @A: 11 09 35 28 | 04
#1033-d105 @A: 24 09 18 35 | 08
#1034-d105 @A: 09 19 08 35 | 09
#1035-d105 @A: 15 35 09 17 | 07
#1036-d105 @A: 21 09 35 07 | 11
#1037-d105 @A: 20 14 35 09 | 05
#1038-d105 @A: 23 24 09 35 | 03
#1039-d105 @A: 05 09 30 35 | 01
#1040-d105 @A: 13 03 09 27 | 02
#1041-d105 @A: 27 09 26 22 | 12
#1042-d105 @A: 09 27 28 18 | 06
#1043-d105 @A: 27 08 09 06 | 10
#1044-d105 @A: 09 05 27 15 | 04
#1045-d105 @A: 09 27 21 30 | 08
#1046-d105 @A: 14 27 07 09 | 09
#1047-d105 @A: 04 12 09 27 | 07
#1048-d105 @A: 09 27 19 20 | 11
#1049-d105 @A: 25 23 09 27 | 05
#1050-d105 @A: 22 04 03 09 | 03
#1051-d105 @A: 09 03 07 28 | 01
#1052-d105 @A: 03 09 25 18 | 02
#1053-d105 @A: 03 08 10 09 | 12
#1054-d105 @A: 24 15 03 09 | 06
#1055-d105 @A: 20 09 03 21 | 10
#1056-d105 @A: 14 09 30 03 | 04
#1057-d105 @A: 01 22 28 09 | 08
#1058-d105 @A: 13 18 09 22 | 09
#1059-d105 @A: 09 25 22 08 | 07
#1060-d105 @A: 05 22 09 21 | 11
#1061-d105 @A: 22 12 09 14 | 05
#1062-d105 @A: 09 20 22 24 | 03
#1063-d105 @A: 09 28 15 19 | 01
#1064-d105 @A: 21 14 28 09 | 02
#1065-d105 @A: 09 23 21 28 | 12
#1066-d105 @A: 09 25 28 24 | 06
#1067-d105 @A: 09 30 28 10 | 10
#1068-d105 @A: 17 09 06 28 | 04
#1069-d105 @A: 09 15 07 18 | 08
#1070-d105 @A: 18 21 01 09 | 09
#1071-d105 @A: 18 14 09 17 | 07
#1072-d105 @A: 09 10 18 04 | 11
#1073-d105 @A: 05 18 09 12 | 05
#1074-d105 @A: 23 09 18 20 | 03
#1075-d105 @A: 11 08 09 15 | 01
#1076-d105 @A: 09 08 12 21 | 02
#1077-d105 @A: 24 08 14 09 | 12
#1078-d105 @A: 08 13 09 07 | 06
#1079-d105 @A: 09 26 08 05 | 10
#1080-d105 @A: 23 08 10 09 | 04
#1081-d105 @A: 09 04 15 21 | 08
#1082-d105 @A: 25 09 14 15 | 09
#1083-d105 @A: 30 20 15 09 | 07
#1084-d105 @A: 09 23 30 15 | 11
#1085-d105 @A: 12 15 09 13 | 05
#1086-d105 @A: 11 09 06 21 | 03
#1087-d105 @A: 06 14 09 01 | 01
#1088-d105 @A: 20 09 14 23 | 02
#1089-d105 @A: 06 09 30 24 | 12
#1090-d105 @A: 13 24 19 09 | 06
#1091-d105 @A: 11 24 04 09 | 10
#1092-d105 @A: 09 17 10 24 | 04
#1093-d105 @A: 07 24 09 01 | 08
#1094-d105 @A: 09 13 01 30 | 09
#1095-d105 @A: 26 09 30 04 | 07
#1096-d105 @A: 11 09 12 30 | 11
#1097-d105 @A: 09 17 30 25 | 05
#1098-d105 @A: 13 17 09 04 | 03
#1099-d105 @A: 09 05 13 11 | 01
#1100-d105 @A: 10 13 09 26 | 02
#1101-d105 @A: 13 09 20 06 | 12
#1102-d105 @A: 09 13 23 11 | 06
#1103-d105 @A: 04 06 05 09 | 10
#1104-d105 @A: 04 25 19 09 | 04
#1105-d105 @A: 01 04 09 20 | 08
#1106-d105 @A: 05 09 10 07 | 09
#1107-d105 @A: 09 01 05 25 | 07
#1108-d105 @A: 05 20 17 09 | 11
#1109-d105 @A: 12 01 26 09 | 05
#1110-d105 @A: 26 06 09 07 | 03
#1111-d105 @A: 26 25 11 09 | 01
#1112-d105 @A: 26 19 17 09 | 02
#1113-d105 @A: 23 09 26 07 | 12
#1114-d105 @A: 06 19 12 09 | 06
#1115-d105 @A: 25 20 12 09 | 10
#1116-d105 @A: 09 07 12 17 | 04
#1117-d105 @A: 09 23 01 12 | 08
#1118-d105 @A: 06 10 25 09 | 09
#1119-d105 @A: 17 09 06 23 | 07
#1120-d105 @A: 10 09 20 11 | 11
#1121-d105 @A: 09 10 01 19 | 05
#1122-d105 @A: 11 09 19 07 | 03
#1123-d105 @A: 17 11 01 09 | 01
#1124-d105 @A: 03 35 27 18 | 02
#1125-d105 @A: 35 22 27 01 | 12
#1126-d105 @A: 28 20 35 27 | 06
#1127-d105 @A: 13 35 27 08 | 10
#1128-d105 @A: 19 35 27 15 | 04
#1129-d105 @A: 21 27 35 04 | 08
#1130-d105 @A: 30 14 27 35 | 09
#1131-d105 @A: 19 23 27 35 | 07
#1132-d105 @A: 27 17 07 35 | 11
#1133-d105 @A: 03 25 35 22 | 05
#1134-d105 @A: 03 07 08 35 | 03
#1135-d105 @A: 35 21 03 06 | 01
#1136-d105 @A: 01 14 03 35 | 02
#1137-d105 @A: 03 13 05 35 | 12
#1138-d105 @A: 04 17 35 03 | 06
#1139-d105 @A: 03 11 20 35 | 10
#1140-d105 @A: 35 23 03 25 | 04
#1141-d105 @A: 35 17 28 22 | 08
#1142-d105 @A: 22 18 35 30 | 09
#1143-d105 @A: 22 08 35 11 | 07
#1144-d105 @A: 22 35 15 23 | 11
#1145-d105 @A: 35 20 21 22 | 05
#1146-d105 @A: 35 14 05 22 | 03
#1147-d105 @A: 35 22 13 07 | 01
#1148-d105 @A: 04 35 12 22 | 02
#1149-d105 @A: 18 06 28 35 | 12
#1150-d105 @A: 08 28 25 35 | 06
#1151-d105 @A: 05 35 15 28 | 10
#1152-d105 @A: 12 21 35 28 | 04
#1153-d105 @A: 14 13 35 28 | 08
#1154-d105 @A: 23 35 26 28 | 09
#1155-d105 @A: 01 28 35 07 | 07
#1156-d105 @A: 08 35 26 18 | 11
#1157-d105 @A: 15 18 35 20 | 05
#1158-d105 @A: 18 35 21 11 | 03
#1159-d105 @A: 18 21 35 23 | 01
#1160-d105 @A: 18 35 12 14 | 02
#1161-d105 @A: 04 35 18 19 | 12
#1162-d105 @A: 18 05 35 07 | 06
#1163-d105 @A: 01 08 15 35 | 10
#1164-d105 @A: 08 21 30 35 | 04
#1165-d105 @A: 08 35 14 17 | 08
#1166-d105 @A: 24 21 35 15 | 09
#1167-d105 @A: 26 15 35 14 | 07
#1168-d105 @A: 35 30 15 04 | 11
#1169-d105 @A: 35 12 15 06 | 05
#1170-d105 @A: 10 21 35 26 | 03
#1171-d105 @A: 10 35 14 25 | 01
#1172-d105 @A: 14 11 23 35 | 02
#1173-d105 @A: 24 07 35 30 | 12
#1174-d105 @A: 01 13 24 35 | 06
#1175-d105 @A: 20 24 35 04 | 10
#1176-d105 @A: 11 35 24 05 | 04
#1177-d105 @A: 35 26 24 25 | 08
#1178-d105 @A: 24 19 12 35 | 09
#1179-d105 @A: 06 17 35 24 | 07
#1180-d105 @A: 35 30 23 13 | 11
#1181-d105 @A: 30 11 26 35 | 05
#1182-d105 @A: 10 12 30 35 | 03
#1183-d105 @A: 30 20 35 06 | 01
#1184-d105 @A: 19 25 30 35 | 02
#1185-d105 @A: 13 10 04 35 | 12
#1186-d105 @A: 13 26 35 06 | 06
#1187-d105 @A: 13 35 12 11 | 10
#1188-d105 @A: 19 13 35 17 | 04
#1189-d105 @A: 25 20 13 35 | 08
#1190-d105 @A: 04 05 25 35 | 09
#1191-d105 @A: 04 35 23 05 | 07
#1192-d105 @A: 01 35 04 26 | 11
#1193-d105 @A: 07 11 04 35 | 05
#1194-d105 @A: 05 19 26 35 | 03
#1195-d105 @A: 01 05 12 35 | 01
#1196-d105 @A: 05 17 35 10 | 02
#1197-d105 @A: 26 35 12 07 | 12
#1198-d105 @A: 35 26 20 17 | 06
#1199-d105 @A: 25 12 17 35 | 10
#1200-d105 @A: 11 10 06 35 | 04
#1201-d105 @A: 35 06 19 01 | 08
#1202-d105 @A: 07 06 35 25 | 09
#1203-d105 @A: 10 07 35 19 | 07
#1204-d105 @A: 35 20 01 10 | 11
#1205-d105 @A: 35 23 07 10 | 05
#1206-d105 @A: 25 11 35 01 | 03
#1207-d105 @A: 03 22 27 07 | 01
#1208-d105 @A: 28 03 27 19 | 02
#1209-d105 @A: 26 03 27 15 | 12
#1210-d105 @A: 27 21 03 01 | 06
#1211-d105 @A: 03 21 27 23 | 10
#1212-d105 @A: 27 03 14 10 | 04
#1213-d105 @A: 24 17 03 27 | 08
#1214-d105 @A: 27 03 20 30 | 09
#1215-d105 @A: 27 22 28 10 | 07
#1216-d105 @A: 22 18 05 27 | 11
#1217-d105 @A: 04 22 27 08 | 05
#1218-d105 @A: 22 08 23 27 | 03
#1219-d105 @A: 27 22 30 15 | 01
#1220-d105 @A: 22 27 21 17 | 02
#1221-d105 @A: 24 14 27 22 | 12
#1222-d105 @A: 27 28 08 17 | 06
#1223-d105 @A: 28 27 24 15 | 10
#1224-d105 @A: 27 21 28 06 | 04
#1225-d105 @A: 05 28 27 14 | 08
#1226-d105 @A: 30 27 28 04 | 09
#1227-d105 @A: 26 28 27 01 | 07
#1228-d105 @A: 11 08 27 18 | 11
#1229-d105 @A: 21 12 27 18 | 05
#1230-d105 @A: 18 27 14 26 | 03
#1231-d105 @A: 27 18 25 24 | 01
#1232-d105 @A: 27 30 18 07 | 02
#1233-d105 @A: 27 18 19 10 | 12
#1234-d105 @A: 08 15 27 20 | 06
#1235-d105 @A: 21 27 08 10 | 10
#1236-d105 @A: 08 27 25 14 | 04
#1237-d105 @A: 19 27 24 08 | 08
#1238-d105 @A: 08 26 27 30 | 09
#1239-d105 @A: 07 27 08 12 | 07
#1240-d105 @A: 25 27 15 21 | 11
#1241-d105 @A: 14 15 27 01 | 05
#1242-d105 @A: 27 15 12 17 | 03
#1243-d105 @A: 06 15 23 27 | 01
#1244-d105 @A: 11 13 27 21 | 02
#1245-d105 @A: 11 27 06 14 | 12
#1246-d105 @A: 14 23 01 27 | 06
#1247-d105 @A: 30 27 24 13 | 10
#1248-d105 @A: 10 05 24 27 | 04
#1249-d105 @A: 27 01 12 24 | 08
#1250-d105 @A: 23 12 24 27 | 09
#1251-d105 @A: 20 06 24 27 | 07
#1252-d105 @A: 11 07 27 24 | 11
#1253-d105 @A: 19 05 30 27 | 05
#1254-d105 @A: 27 30 12 06 | 03
#1255-d105 @A: 27 10 17 30 | 01
#1256-d105 @A: 11 27 25 30 | 02
#1257-d105 @A: 04 20 27 13 | 12
#1258-d105 @A: 27 05 06 13 | 06
#1259-d105 @A: 13 27 17 26 | 10
#1260-d105 @A: 13 26 23 27 | 04
#1261-d105 @A: 13 12 10 27 | 08
#1262-d105 @A: 13 27 19 25 | 09
#1263-d105 @A: 13 01 07 27 | 07
#1264-d105 @A: 04 17 27 05 | 11
#1265-d105 @A: 19 04 26 27 | 05
#1266-d105 @A: 04 27 10 06 | 03
#1267-d105 @A: 04 01 11 27 | 01
#1268-d105 @A: 05 26 07 27 | 02
#1269-d105 @A: 05 27 25 12 | 12
#1270-d105 @A: 05 23 27 10 | 06
#1271-d105 @A: 05 27 01 20 | 10
#1272-d105 @A: 26 20 12 27 | 04
#1273-d105 @A: 26 25 06 27 | 08
#1274-d105 @A: 10 26 11 27 | 09
#1275-d105 @A: 27 19 11 12 | 07
#1276-d105 @A: 27 06 07 19 | 11
#1277-d105 @A: 01 27 06 17 | 05
#1278-d105 @A: 01 25 10 27 | 03
#1279-d105 @A: 27 20 11 17 | 01
#1280-d105 @A: 17 23 11 27 | 02
#1281-d105 @A: 07 25 20 27 | 12
#1282-d105 @A: 07 25 23 27 | 06
#1283-d105 @A: 03 28 22 30 | 10
#1284-d105 @A: 20 03 22 18 | 04
#1285-d105 @A: 03 08 01 22 | 08
#1286-d105 @A: 03 22 19 15 | 09
#1287-d105 @A: 03 22 21 13 | 07
#1288-d105 @A: 17 03 14 22 | 11
#1289-d105 @A: 11 24 03 22 | 05
#1290-d105 @A: 22 03 05 26 | 03
#1291-d105 @A: 22 23 03 01 | 01
#1292-d105 @A: 18 01 03 28 | 02
#1293-d105 @A: 08 12 03 28 | 12
#1294-d105 @A: 25 15 28 03 | 06
#1295-d105 @A: 24 28 21 03 | 10
#1296-d105 @A: 04 03 28 14 | 04
#1297-d105 @A: 03 28 13 26 | 08
#1298-d105 @A: 23 03 28 12 | 09
#1299-d105 @A: 10 03 28 11 | 07
#1300-d105 @A: 03 08 04 18 | 11
#1301-d105 @A: 18 15 12 03 | 05
#1302-d105 @A: 21 03 05 18 | 03
#1303-d105 @A: 03 18 14 24 | 01
#1304-d105 @A: 26 06 18 03 | 02
#1305-d105 @A: 06 03 23 18 | 12
#1306-d105 @A: 05 03 08 15 | 06
#1307-d105 @A: 08 15 03 23 | 10
#1308-d105 @A: 21 17 08 03 | 04
#1309-d105 @A: 08 03 14 26 | 08
#1310-d105 @A: 30 13 03 08 | 09
#1311-d105 @A: 21 03 11 15 | 07
#1312-d105 @A: 03 20 15 14 | 11
#1313-d105 @A: 06 15 30 03 | 05
#1314-d105 @A: 10 17 03 15 | 03
#1315-d105 @A: 25 03 21 19 | 01
#1316-d105 @A: 14 03 07 19 | 02
#1317-d105 @A: 19 30 24 03 | 12
#1318-d105 @A: 06 13 03 24 | 06
#1319-d105 @A: 05 03 24 04 | 10
#1320-d105 @A: 26 24 07 03 | 04
#1321-d105 @A: 10 24 12 03 | 08
#1322-d105 @A: 25 03 24 20 | 09
#1323-d105 @A: 07 30 03 04 | 07
#1324-d105 @A: 03 26 12 30 | 11
#1325-d105 @A: 03 30 25 10 | 05
#1326-d105 @A: 11 03 23 30 | 03
#1327-d105 @A: 30 17 01 03 | 01
#1328-d105 @A: 13 03 04 12 | 02
#1329-d105 @A: 13 07 03 10 | 12
#1330-d105 @A: 13 03 11 25 | 06
#1331-d105 @A: 20 13 19 03 | 10
#1332-d105 @A: 04 11 26 03 | 04
#1333-d105 @A: 25 04 06 03 | 08
#1334-d105 @A: 04 19 03 01 | 09
#1335-d105 @A: 03 23 05 26 | 07
#1336-d105 @A: 12 03 06 05 | 11
#1337-d105 @A: 10 05 20 03 | 05
#1338-d105 @A: 19 05 03 11 | 03
#1339-d105 @A: 05 17 03 25 | 01
#1340-d105 @A: 07 03 05 01 | 02
#1341-d105 @A: 10 03 19 26 | 12
#1342-d105 @A: 26 25 03 01 | 06
#1343-d105 @A: 17 11 03 12 | 10
#1344-d105 @A: 25 12 03 07 | 04
#1345-d105 @A: 12 01 20 03 | 08
#1346-d105 @A: 10 03 06 01 | 09
#1347-d105 @A: 07 11 03 06 | 07
#1348-d105 @A: 06 19 17 03 | 11
#1349-d105 @A: 10 17 23 03 | 05
#1350-d105 @A: 03 20 17 07 | 03
#1351-d105 @A: 23 03 07 20 | 01
#1352-d105 @A: 18 25 22 28 | 02
#1353-d105 @A: 22 08 05 28 | 12
#1354-d105 @A: 26 28 22 15 | 06
#1355-d105 @A: 22 28 21 04 | 10
#1356-d105 @A: 22 28 14 07 | 04
#1357-d105 @A: 11 28 12 22 | 08
#1358-d105 @A: 23 11 28 22 | 09
#1359-d105 @A: 06 22 18 08 | 07
#1360-d105 @A: 21 22 18 26 | 11
#1361-d105 @A: 14 22 18 11 | 05
#1362-d105 @A: 24 04 18 22 | 03
#1363-d105 @A: 22 23 25 18 | 01
#1364-d105 @A: 10 15 08 22 | 02
#1365-d105 @A: 08 24 22 21 | 12
#1366-d105 @A: 22 13 14 08 | 06
#1367-d105 @A: 17 08 12 22 | 10
#1368-d105 @A: 15 22 21 01 | 04
#1369-d105 @A: 04 22 14 15 | 08
#1370-d105 @A: 13 22 15 06 | 09
#1371-d105 @A: 20 15 05 22 | 07
#1372-d105 @A: 17 11 15 22 | 11
#1373-d105 @A: 23 13 22 21 | 05
#1374-d105 @A: 10 21 22 25 | 03
#1375-d105 @A: 23 14 22 12 | 01
#1376-d105 @A: 19 14 25 22 | 02
#1377-d105 @A: 30 24 22 12 | 12
#1378-d105 @A: 06 22 24 05 | 06
#1379-d105 @A: 24 10 22 26 | 10
#1380-d105 @A: 19 24 22 01 | 04
#1381-d105 @A: 07 24 25 22 | 08
#1382-d105 @A: 23 07 22 24 | 09
#1383-d105 @A: 30 22 13 05 | 07
#1384-d105 @A: 30 11 04 22 | 11
#1385-d105 @A: 22 30 23 05 | 05
#1386-d105 @A: 26 22 30 07 | 03
#1387-d105 @A: 22 30 06 17 | 01
#1388-d105 @A: 19 30 22 10 | 02
#1389-d105 @A: 01 20 30 22 | 12
#1390-d105 @A: 04 22 25 13 | 06
#1391-d105 @A: 13 12 01 22 | 10
#1392-d105 @A: 20 22 13 10 | 04
#1393-d105 @A: 19 22 13 11 | 08
#1394-d105 @A: 04 05 22 10 | 09
#1395-d105 @A: 17 04 26 22 | 07
#1396-d105 @A: 22 04 19 06 | 11
#1397-d105 @A: 01 04 07 22 | 05
#1398-d105 @A: 25 05 22 11 | 03
#1399-d105 @A: 22 05 19 17 | 01
#1400-d105 @A: 12 22 26 25 | 02
#1401-d105 @A: 26 11 22 06 | 12
#1402-d105 @A: 26 23 10 22 | 06
#1403-d105 @A: 19 22 26 20 | 10
#1404-d105 @A: 22 12 06 10 | 04
#1405-d105 @A: 12 22 07 19 | 08
#1406-d105 @A: 22 23 19 06 | 09
#1407-d105 @A: 06 01 22 25 | 07
#1408-d105 @A: 10 22 11 01 | 11
#1409-d105 @A: 10 17 07 22 | 05
#1410-d105 @A: 22 07 11 20 | 03
#1411-d105 @A: 20 25 17 22 | 01
#1412-d105 @A: 07 23 17 22 | 02
#1413-d105 @A: 15 13 28 18 | 12
#1414-d105 @A: 21 19 28 18 | 06
#1415-d105 @A: 14 18 10 28 | 10
#1416-d105 @A: 18 28 04 26 | 04
#1417-d105 @A: 18 28 07 11 | 08
#1418-d105 @A: 23 19 18 28 | 09
#1419-d105 @A: 07 15 08 28 | 07
#1420-d105 @A: 20 28 21 08 | 11
#1421-d105 @A: 08 06 28 14 | 05
#1422-d105 @A: 13 28 08 24 | 03
#1423-d105 @A: 08 30 23 28 | 01
#1424-d105 @A: 19 28 08 11 | 02
#1425-d105 @A: 28 10 15 21 | 12
#1426-d105 @A: 28 11 14 15 | 06
#1427-d105 @A: 23 14 28 15 | 10
#1428-d105 @A: 23 21 28 04 | 04
#1429-d105 @A: 17 21 05 28 | 08
#1430-d105 @A: 28 20 14 17 | 09
#1431-d105 @A: 30 28 17 24 | 07
#1432-d105 @A: 07 28 24 04 | 11
#1433-d105 @A: 28 24 05 01 | 05
#1434-d105 @A: 24 28 26 11 | 03
#1435-d105 @A: 24 20 28 12 | 01
#1436-d105 @A: 06 10 24 28 | 02
#1437-d105 @A: 30 28 12 13 | 12
#1438-d105 @A: 30 28 07 05 | 06
#1439-d105 @A: 30 28 25 06 | 10
#1440-d105 @A: 28 30 20 11 | 04
#1441-d105 @A: 30 19 28 01 | 08
#1442-d105 @A: 04 28 13 06 | 09
#1443-d105 @A: 05 28 13 10 | 07
#1444-d105 @A: 13 10 28 23 | 11
#1445-d105 @A: 11 13 17 28 | 05
#1446-d105 @A: 07 28 25 13 | 03
#1447-d105 @A: 13 01 28 20 | 01
#1448-d105 @A: 11 04 05 28 | 02
#1449-d105 @A: 10 12 04 28 | 12
#1450-d105 @A: 25 28 04 20 | 06
#1451-d105 @A: 01 17 28 04 | 10
#1452-d105 @A: 26 28 05 12 | 04
#1453-d105 @A: 20 28 05 06 | 08
#1454-d105 @A: 19 05 25 28 | 09
#1455-d105 @A: 26 19 28 06 | 07
#1456-d105 @A: 26 20 28 10 | 11
#1457-d105 @A: 26 07 28 17 | 05
#1458-d105 @A: 28 06 07 12 | 03
#1459-d105 @A: 28 17 12 19 | 01
#1460-d105 @A: 11 01 28 06 | 02
#1461-d105 @A: 10 28 25 17 | 12
#1462-d105 @A: 19 20 07 28 | 06
#1463-d105 @A: 23 20 25 28 | 10
#1464-d105 @A: 07 28 23 01 | 04
#1465-d105 @A: 18 08 24 15 | 08
#1466-d105 @A: 21 14 18 08 | 09
#1467-d105 @A: 18 08 30 19 | 07
#1468-d105 @A: 12 08 25 18 | 11
#1469-d105 @A: 08 18 12 23 | 05
#1470-d105 @A: 01 20 18 08 | 03
#1471-d105 @A: 18 15 21 30 | 01
#1472-d105 @A: 14 18 05 15 | 02
#1473-d105 @A: 18 15 25 06 | 12
#1474-d105 @A: 18 11 10 15 | 06
#1475-d105 @A: 21 20 17 18 | 10
#1476-d105 @A: 18 13 14 20 | 04
#1477-d105 @A: 05 24 30 18 | 08
#1478-d105 @A: 07 18 24 13 | 09
#1479-d105 @A: 18 24 01 26 | 07
#1480-d105 @A: 24 18 17 12 | 11
#1481-d105 @A: 24 10 20 18 | 05
#1482-d105 @A: 19 11 24 18 | 03
#1483-d105 @A: 26 30 18 13 | 01
#1484-d105 @A: 04 17 30 18 | 02
#1485-d105 @A: 30 18 26 23 | 12
#1486-d105 @A: 12 30 18 20 | 06
#1487-d105 @A: 30 06 10 18 | 10
#1488-d105 @A: 18 30 01 25 | 04
#1489-d105 @A: 18 13 11 04 | 08
#1490-d105 @A: 18 13 19 05 | 09
#1491-d105 @A: 05 18 23 13 | 07
#1492-d105 @A: 18 13 06 12 | 11
#1493-d105 @A: 13 10 25 18 | 05
#1494-d105 @A: 13 01 18 17 | 03
#1495-d105 @A: 20 18 05 04 | 01
#1496-d105 @A: 04 07 18 12 | 02
#1497-d105 @A: 04 01 18 06 | 12
#1498-d105 @A: 26 25 18 05 | 06
#1499-d105 @A: 17 18 06 05 | 10
#1500-d105 @A: 01 05 18 11 | 04
#1501-d105 @A: 12 11 26 18 | 08
#1502-d105 @A: 18 26 17 10 | 09
#1503-d105 @A: 26 17 23 18 | 07
#1504-d105 @A: 20 07 26 18 | 11
#1505-d105 @A: 01 18 19 12 | 05
#1506-d105 @A: 20 18 11 06 | 03
#1507-d105 @A: 18 01 10 07 | 01
#1508-d105 @A: 23 18 01 10 | 02
#1509-d105 @A: 17 25 18 11 | 12
#1510-d105 @A: 18 25 20 19 | 06
#1511-d105 @A: 18 07 19 17 | 10
#1512-d105 @A: 13 08 21 15 | 04
#1513-d105 @A: 12 14 08 15 | 08
#1514-d105 @A: 06 01 21 08 | 09
#1515-d105 @A: 01 04 14 08 | 07
#1516-d105 @A: 30 08 24 04 | 11
#1517-d105 @A: 24 26 08 20 | 05
#1518-d105 @A: 06 08 07 24 | 03
#1519-d105 @A: 08 01 10 24 | 01
#1520-d105 @A: 24 08 25 17 | 02
#1521-d105 @A: 08 24 17 23 | 12
#1522-d105 @A: 05 06 30 08 | 06
#1523-d105 @A: 08 12 30 01 | 10
#1524-d105 @A: 07 08 30 11 | 04
#1525-d105 @A: 20 30 25 08 | 08
#1526-d105 @A: 08 23 30 07 | 09
#1527-d105 @A: 08 04 05 13 | 07
#1528-d105 @A: 19 08 13 26 | 11
#1529-d105 @A: 08 13 25 06 | 05
#1530-d105 @A: 11 01 13 08 | 03
#1531-d105 @A: 13 25 08 23 | 01
#1532-d105 @A: 13 17 08 20 | 02
#1533-d105 @A: 08 10 04 26 | 12
#1534-d105 @A: 12 11 04 08 | 06
#1535-d105 @A: 04 20 06 08 | 10
#1536-d105 @A: 04 08 19 17 | 04
#1537-d105 @A: 04 08 07 25 | 08
#1538-d105 @A: 23 08 20 04 | 09
#1539-d105 @A: 10 12 05 08 | 07
#1540-d105 @A: 05 08 20 11 | 11
#1541-d105 @A: 11 23 05 08 | 05
#1542-d105 @A: 07 08 05 19 | 03
#1543-d105 @A: 17 01 05 08 | 01
#1544-d105 @A: 08 06 26 12 | 02
#1545-d105 @A: 19 26 08 23 | 12
#1546-d105 @A: 07 08 26 01 | 06
#1547-d105 @A: 20 19 08 12 | 10
#1548-d105 @A: 08 19 10 06 | 04
#1549-d105 @A: 17 08 11 06 | 08
#1550-d105 @A: 11 25 08 10 | 09
#1551-d105 @A: 08 20 07 10 | 07
#1552-d105 @A: 19 08 01 25 | 11
#1553-d105 @A: 26 23 15 21 | 05
#1554-d105 @A: 19 21 07 15 | 03
#1555-d105 @A: 24 15 14 07 | 01
#1556-d105 @A: 24 10 15 30 | 02
#1557-d105 @A: 13 20 15 24 | 12
#1558-d105 @A: 15 17 04 24 | 06
#1559-d105 @A: 15 24 12 05 | 10
#1560-d105 @A: 15 24 19 26 | 04
#1561-d105 @A: 01 24 06 15 | 08
#1562-d105 @A: 25 15 24 11 | 09
#1563-d105 @A: 30 19 15 13 | 07
#1564-d105 @A: 17 30 05 15 | 11
#1565-d105 @A: 25 26 15 30 | 05
#1566-d105 @A: 30 12 15 07 | 03
#1567-d105 @A: 01 30 15 11 | 01
#1568-d105 @A: 13 04 15 26 | 02
#1569-d105 @A: 12 13 23 15 | 12
#1570-d105 @A: 07 11 15 13 | 06
#1571-d105 @A: 17 13 25 15 | 10
#1572-d105 @A: 05 04 15 07 | 04
#1573-d105 @A: 20 15 04 12 | 08
#1574-d105 @A: 04 10 19 15 | 09
#1575-d105 @A: 25 04 01 15 | 07
#1576-d105 @A: 04 01 15 23 | 11
#1577-d105 @A: 26 15 11 05 | 05
#1578-d105 @A: 10 06 15 05 | 03
#1579-d105 @A: 05 15 19 01 | 01
#1580-d105 @A: 05 23 15 07 | 02
#1581-d105 @A: 10 15 12 26 | 12
#1582-d105 @A: 20 06 26 15 | 06
#1583-d105 @A: 17 26 01 15 | 10
#1584-d105 @A: 12 25 15 19 | 04
#1585-d105 @A: 15 23 12 20 | 08
#1586-d105 @A: 06 19 11 15 | 09
#1587-d105 @A: 17 07 15 06 | 07
#1588-d105 @A: 10 07 15 25 | 11
#1589-d105 @A: 23 19 15 11 | 05
#1590-d105 @A: 19 20 17 15 | 03
#1591-d105 @A: 20 01 15 07 | 01
#1592-d105 @A: 10 14 21 24 | 02
#1593-d105 @A: 25 30 21 14 | 12
#1594-d105 @A: 14 13 21 04 | 06
#1595-d105 @A: 14 05 21 11 | 10
#1596-d105 @A: 14 26 07 21 | 04
#1597-d105 @A: 12 14 19 21 | 08
#1598-d105 @A: 14 21 17 06 | 09
#1599-d105 @A: 01 14 21 20 | 07
#1600-d105 @A: 21 30 23 24 | 11
#1601-d105 @A: 13 21 05 24 | 05
#1602-d105 @A: 04 12 24 21 | 03
#1603-d105 @A: 21 17 24 26 | 01
#1604-d105 @A: 06 19 24 21 | 02
#1605-d105 @A: 11 21 20 24 | 12
#1606-d105 @A: 01 24 21 25 | 06
#1607-d105 @A: 30 21 13 06 | 10
#1608-d105 @A: 21 04 19 30 | 04
#1609-d105 @A: 26 21 05 30 | 08
#1610-d105 @A: 30 20 21 10 | 09
#1611-d105 @A: 11 17 30 21 | 07
#1612-d105 @A: 07 21 30 01 | 11
#1613-d105 @A: 26 21 01 13 | 05
#1614-d105 @A: 21 13 25 12 | 03
#1615-d105 @A: 13 10 19 21 | 01
#1616-d105 @A: 17 07 13 21 | 02
#1617-d105 @A: 04 21 06 26 | 12
#1618-d105 @A: 04 11 10 21 | 06
#1619-d105 @A: 17 21 25 04 | 10
#1620-d105 @A: 07 04 20 21 | 04
#1621-d105 @A: 05 07 21 12 | 08
#1622-d105 @A: 21 06 25 05 | 09
#1623-d105 @A: 01 05 10 21 | 07
#1624-d105 @A: 19 20 05 21 | 11
#1625-d105 @A: 21 23 05 20 | 05
#1626-d105 @A: 11 21 19 26 | 03
#1627-d105 @A: 21 26 25 20 | 01
#1628-d105 @A: 21 06 20 12 | 02
#1629-d105 @A: 10 17 12 21 | 12
#1630-d105 @A: 10 23 12 21 | 06
#1631-d105 @A: 11 21 01 12 | 10
#1632-d105 @A: 21 07 06 10 | 04
#1633-d105 @A: 11 25 07 21 | 08
#1634-d105 @A: 25 19 21 23 | 09
#1635-d105 @A: 17 19 21 01 | 07
#1636-d105 @A: 01 17 23 21 | 11
#1637-d105 @A: 13 14 26 24 | 05
#1638-d105 @A: 06 24 14 04 | 03
#1639-d105 @A: 25 14 05 24 | 01
#1640-d105 @A: 12 11 24 14 | 02
#1641-d105 @A: 24 14 19 20 | 12
#1642-d105 @A: 19 23 24 14 | 06
#1643-d105 @A: 17 14 01 24 | 10
#1644-d105 @A: 07 30 14 13 | 04
#1645-d105 @A: 30 20 04 14 | 08
#1646-d105 @A: 05 14 01 30 | 09
#1647-d105 @A: 30 14 06 26 | 07
#1648-d105 @A: 10 11 30 14 | 11
#1649-d105 @A: 30 14 23 10 | 05
#1650-d105 @A: 14 30 17 19 | 03
#1651-d105 @A: 14 05 13 12 | 01
#1652-d105 @A: 19 14 06 13 | 02
#1653-d105 @A: 13 14 17 10 | 12
#1654-d105 @A: 25 13 14 01 | 06
#1655-d105 @A: 14 26 25 04 | 10
#1656-d105 @A: 17 04 12 14 | 04
#1657-d105 @A: 07 10 04 14 | 08
#1658-d105 @A: 19 04 11 14 | 09
#1659-d105 @A: 14 07 04 23 | 07
#1660-d105 @A: 05 20 14 26 | 11
#1661-d105 @A: 07 06 05 14 | 05
#1662-d105 @A: 14 05 10 19 | 03
#1663-d105 @A: 26 11 17 14 | 01
#1664-d105 @A: 19 14 26 01 | 02
#1665-d105 @A: 06 12 14 25 | 12
#1666-d105 @A: 14 01 12 10 | 06
#1667-d105 @A: 20 12 07 14 | 10
#1668-d105 @A: 20 10 14 06 | 04
#1669-d105 @A: 14 06 23 25 | 08
#1670-d105 @A: 20 11 14 25 | 09
#1671-d105 @A: 07 11 01 14 | 07
#1672-d105 @A: 14 25 07 17 | 11
#1673-d105 @A: 23 13 06 24 | 05
#1674-d105 @A: 25 04 24 23 | 03
#1675-d105 @A: 05 24 23 01 | 01
#1676-d105 @A: 26 24 20 23 | 02
#1677-d105 @A: 11 01 23 24 | 12
#1678-d105 @A: 23 17 12 30 | 06
#1679-d105 @A: 19 30 20 23 | 10
#1680-d105 @A: 01 25 30 23 | 04
#1681-d105 @A: 04 19 13 23 | 08
#1682-d105 @A: 13 01 23 20 | 09
#1683-d105 @A: 23 10 06 04 | 07
#1684-d105 @A: 17 04 23 19 | 11
#1685-d105 @A: 05 12 23 06 | 05
#1686-d105 @A: 17 25 23 05 | 03
#1687-d105 @A: 23 11 06 26 | 01
#1688-d105 @A: 23 12 11 07 | 02
#1689-d105 @A: 20 10 23 11 | 12
